session_id,user_id,started_at,ended_at,sex,age_10,job,area,is_weekend,is_holiday,is_exam_period,is_promo,temp_c,is_raining,is_snowing,pm25_ugm3,is_simple_mode,help_triggered,end_reason
1,U0001,2025-09-12 18:05:00,2025-09-12 18:08:00,M,30~39,office,seoul,0,0,0,0,2,0,0,46,0,0,completed
2,U0002,2025-11-03 08:58:00,2025-11-03 09:02:00,M,40~49,office,seoul,0,0,0,0,15,0,0,35,0,0,timeout
3,U0003,2025-06-11 18:32:00,2025-06-11 18:36:00,M,40~49,office,seoul,0,0,0,0,6,0,0,16,0,0,completed
4,U0004,2025-03-02 15:33:00,2025-03-02 15:39:00,F,40~49,office,seoul,1,0,0,0,21,0,0,34,0,0,completed
5,U0005,2025-03-13 17:45:00,2025-03-13 17:49:00,M,50+,office,seoul,0,0,0,0,14,0,0,44,0,0,completed
6,U0006,2025-05-14 17:02:00,2025-05-14 17:09:00,F,40~49,office,seoul,0,0,0,0,12,0,0,32,0,0,completed
7,U0007,2025-02-17 09:27:00,2025-02-17 09:33:00,F,30~39,office,seoul,0,0,0,0,14,0,0,33,0,0,abandoned
8,U0008,2025-08-18 18:13:00,2025-08-18 18:19:00,M,30~39,office,seoul,0,0,0,0,2,0,0,31,0,0,completed
9,U0009,2025-04-16 12:53:00,2025-04-16 12:56:00,M,40~49,office,seoul,0,0,0,0,20,0,0,54,0,0,completed
10,U0010,2025-10-12 17:08:00,2025-10-12 17:13:00,F,20~29,office,seoul,1,0,0,0,14,0,0,59,0,0,completed
11,U0011,2025-02-21 15:02:00,2025-02-21 15:05:00,M,30~39,office,seoul,0,0,0,0,3,0,0,40,0,0,completed
12,U0012,2025-07-29 17:40:00,2025-07-29 17:45:00,F,30~39,office,seoul,0,0,0,0,16,0,0,48,0,0,completed
13,U0013,2025-06-09 07:20:00,2025-06-09 07:27:00,F,20~29,office,seoul,0,0,0,0,6,0,0,29,0,0,completed
14,U0014,2025-11-09 08:24:00,2025-11-09 08:27:00,M,20~29,office,seoul,1,0,0,0,27,0,0,30,0,0,abandoned
15,U0015,2025-08-31 17:59:00,2025-08-31 18:03:00,M,30~39,office,seoul,1,0,0,0,12,0,0,39,0,0,completed
16,U0016,2025-10-09 08:48:00,2025-10-09 08:54:00,F,20~29,office,seoul,0,0,0,0,20,0,0,42,0,0,completed
17,U0017,2025-09-12 09:29:00,2025-09-12 09:33:00,F,30~39,office,seoul,0,0,0,0,13,0,0,21,0,0,completed
18,U0018,2025-12-17 12:22:00,2025-12-17 12:24:00,F,30~39,office,seoul,0,0,0,0,10,0,0,18,0,0,completed
19,U0019,2025-04-08 16:27:00,2025-04-08 16:33:00,M,50+,office,seoul,0,0,0,0,29,0,0,28,0,0,completed
20,U0020,2025-01-29 11:46:00,2025-01-29 11:48:00,M,30~39,office,seoul,0,0,0,0,13,0,0,73,0,0,completed
21,U0021,2025-07-31 12:48:00,2025-07-31 12:53:00,F,20~29,office,seoul,0,0,0,0,5,0,0,42,0,0,completed
22,U0022,2025-04-23 13:51:00,2025-04-23 13:56:00,M,40~49,office,seoul,0,0,0,0,4,0,0,50,0,0,completed
23,U0023,2025-01-16 13:47:00,2025-01-16 13:50:00,M,20~29,office,seoul,0,0,0,0,14,0,0,23,0,0,completed
24,U0024,2025-10-17 15:19:00,2025-10-17 15:22:00,F,20~29,office,seoul,0,0,0,0,8,0,0,74,0,0,completed
25,U0025,2025-01-09 15:17:00,2025-01-09 15:19:00,M,30~39,office,seoul,0,0,0,0,28,0,0,39,0,0,completed
26,U0026,2025-09-02 14:28:00,2025-09-02 14:32:00,M,20~29,office,seoul,0,0,0,0,13,0,0,75,0,0,completed
27,U0027,2025-05-02 11:57:00,2025-05-02 12:02:00,F,30~39,office,seoul,0,0,0,0,15,0,0,69,0,0,completed
28,U0028,2025-07-18 19:26:00,2025-07-18 19:28:00,F,40~49,office,seoul,0,0,0,0,9,0,0,48,0,0,completed
29,U0029,2025-08-29 11:14:00,2025-08-29 11:20:00,F,40~49,office,seoul,0,0,0,0,21,0,0,75,1,0,completed
30,U0030,2025-03-28 11:46:00,2025-03-28 11:48:00,F,50+,office,seoul,0,0,0,0,4,0,0,48,0,0,completed
31,U0031,2025-04-26 17:57:00,2025-04-26 18:00:00,F,40~49,office,seoul,1,0,0,0,28,0,0,54,0,0,completed
32,U0032,2025-03-07 20:17:00,2025-03-07 20:19:00,F,20~29,office,seoul,0,0,0,0,15,0,0,13,0,0,completed
33,U0033,2025-10-01 19:05:00,2025-10-01 19:12:00,F,50+,office,seoul,0,0,0,0,26,0,0,25,0,0,completed
34,U0034,2025-05-03 17:53:00,2025-05-03 17:58:00,F,20~29,office,seoul,1,0,0,0,12,0,0,36,0,0,completed
35,U0035,2025-12-08 11:00:00,2025-12-08 11:07:00,F,40~49,office,seoul,0,0,0,0,7,0,0,12,0,0,completed
36,U0036,2025-05-15 09:07:00,2025-05-15 09:12:00,M,20~29,office,seoul,0,0,0,0,21,0,0,71,0,0,completed
37,U0037,2025-12-21 17:19:00,2025-12-21 17:23:00,F,20~29,office,seoul,1,0,0,0,15,0,0,40,0,0,completed
38,U0038,2025-01-07 09:08:00,2025-01-07 09:14:00,F,20~29,office,seoul,0,0,0,0,29,0,0,18,0,0,completed
39,U0039,2025-03-14 15:25:00,2025-03-14 15:32:00,F,40~49,office,seoul,0,0,0,0,24,0,0,11,0,0,completed
40,U0040,2025-07-27 08:42:00,2025-07-27 08:49:00,M,20~29,office,seoul,1,0,0,0,2,0,0,37,0,0,completed
41,U0041,2025-12-15 16:18:00,2025-12-15 16:23:00,F,30~39,office,seoul,0,0,0,0,8,0,0,77,0,0,completed
42,U0042,2025-11-03 15:55:00,2025-11-03 15:57:00,F,30~39,office,seoul,0,0,0,0,21,0,0,19,0,0,completed
43,U0043,2025-12-07 15:10:00,2025-12-07 15:16:00,F,50+,office,seoul,1,0,0,0,24,0,0,40,0,0,completed
44,U0044,2025-04-16 08:28:00,2025-04-16 08:34:00,M,20~29,office,seoul,0,0,0,0,7,0,0,65,0,0,timeout
45,U0045,2025-11-13 15:55:00,2025-11-13 16:01:00,F,30~39,office,seoul,0,0,0,0,18,0,0,30,0,0,abandoned
46,U0046,2025-12-18 16:24:00,2025-12-18 16:31:00,F,30~39,office,seoul,0,0,0,0,8,0,0,41,0,0,completed
47,U0047,2025-10-26 17:50:00,2025-10-26 17:57:00,F,20~29,office,seoul,1,0,0,0,3,0,0,71,0,0,completed
48,U0048,2025-04-27 18:03:00,2025-04-27 18:06:00,M,20~29,office,seoul,1,0,0,0,27,0,0,20,0,0,completed
49,U0049,2025-02-26 11:34:00,2025-02-26 11:38:00,M,20~29,office,seoul,0,0,0,0,3,0,0,47,0,0,completed
50,U0050,2025-06-06 08:01:00,2025-06-06 08:06:00,F,20~29,office,seoul,0,0,0,0,15,0,0,57,0,0,completed
51,U0051,2025-11-16 14:44:00,2025-11-16 14:50:00,F,20~29,office,seoul,1,0,0,0,25,0,0,47,0,0,abandoned
52,U0052,2025-08-23 11:02:00,2025-08-23 11:07:00,F,20~29,office,seoul,1,0,0,0,28,0,0,39,0,0,completed
53,U0053,2025-02-07 14:53:00,2025-02-07 14:55:00,F,30~39,office,seoul,0,0,0,0,25,0,0,17,0,0,completed
54,U0054,2025-10-20 18:03:00,2025-10-20 18:10:00,M,20~29,office,seoul,0,0,0,0,7,0,0,78,0,0,completed
55,U0055,2025-10-12 15:36:00,2025-10-12 15:42:00,M,40~49,office,seoul,1,0,0,0,4,0,0,67,0,0,abandoned
56,U0056,2025-10-14 13:32:00,2025-10-14 13:36:00,F,50+,office,seoul,0,0,0,0,20,0,0,54,0,0,completed
57,U0057,2025-06-02 14:09:00,2025-06-02 14:14:00,F,20~29,office,seoul,0,0,0,0,6,0,0,33,0,0,completed
58,U0058,2025-03-08 12:22:00,2025-03-08 12:28:00,F,20~29,office,seoul,1,0,0,0,7,0,0,30,0,0,completed
59,U0059,2025-04-30 14:46:00,2025-04-30 14:50:00,M,50+,office,seoul,0,0,0,0,16,0,0,77,0,0,completed
60,U0060,2025-10-07 14:50:00,2025-10-07 14:55:00,M,40~49,office,seoul,0,0,0,0,2,0,0,30,0,0,completed
61,U0061,2025-11-11 16:30:00,2025-11-11 16:37:00,M,20~29,office,seoul,0,0,0,0,3,0,0,76,0,0,completed
62,U0062,2025-07-10 08:36:00,2025-07-10 08:43:00,F,40~49,office,seoul,0,0,0,0,21,0,0,19,0,0,completed
63,U0063,2025-10-13 15:26:00,2025-10-13 15:33:00,M,40~49,office,seoul,0,0,0,0,23,0,0,75,0,0,error
64,U0064,2025-07-09 08:56:00,2025-07-09 09:01:00,F,30~39,office,seoul,0,0,0,0,5,0,0,21,0,0,completed
65,U0065,2025-07-10 13:40:00,2025-07-10 13:46:00,F,30~39,office,seoul,0,0,0,0,22,0,0,74,0,0,completed
66,U0066,2025-11-05 20:47:00,2025-11-05 20:49:00,F,30~39,office,seoul,0,0,0,0,23,0,0,18,0,0,completed
67,U0067,2025-10-10 13:55:00,2025-10-10 13:58:00,F,40~49,office,seoul,0,0,0,0,20,0,0,61,1,0,completed
68,U0068,2025-10-18 11:20:00,2025-10-18 11:24:00,M,40~49,office,seoul,1,0,0,0,15,0,0,32,1,0,completed
69,U0069,2025-06-09 20:33:00,2025-06-09 20:39:00,F,20~29,office,seoul,0,0,0,0,11,0,0,18,0,0,completed
70,U0070,2025-08-12 17:43:00,2025-08-12 17:47:00,F,50+,office,seoul,0,0,0,0,4,0,0,36,1,0,abandoned
71,U0071,2025-02-13 20:25:00,2025-02-13 20:28:00,M,40~49,office,seoul,0,0,0,0,25,0,0,71,0,0,completed
72,U0072,2025-07-18 16:38:00,2025-07-18 16:40:00,F,30~39,office,seoul,0,0,0,0,2,0,0,41,0,0,completed
73,U0073,2025-06-11 13:18:00,2025-06-11 13:20:00,M,20~29,office,seoul,0,0,0,0,9,0,0,46,0,0,completed
74,U0074,2025-01-17 22:55:00,2025-01-17 23:02:00,M,20~29,office,seoul,0,0,0,0,20,0,0,29,0,0,completed
75,U0075,2025-08-31 22:01:00,2025-08-31 22:03:00,M,20~29,office,seoul,1,0,0,0,19,0,0,53,0,0,completed
76,U0076,2025-06-15 11:05:00,2025-06-15 11:07:00,M,20~29,office,seoul,1,0,0,0,25,0,0,64,0,0,completed
77,U0077,2025-01-14 16:54:00,2025-01-14 16:56:00,F,50+,office,seoul,0,0,0,0,0,0,0,20,0,0,completed
78,U0078,2025-04-16 11:03:00,2025-04-16 11:10:00,M,40~49,office,seoul,0,0,0,0,7,0,0,14,0,0,completed
79,U0079,2025-09-12 17:50:00,2025-09-12 17:56:00,M,50+,office,seoul,0,0,0,0,25,0,0,41,1,0,completed
80,U0080,2025-07-17 14:02:00,2025-07-17 14:08:00,F,20~29,office,seoul,0,0,0,0,16,0,0,54,0,0,completed
81,U0081,2025-03-12 16:03:00,2025-03-12 16:05:00,M,20~29,office,seoul,0,0,0,0,8,0,0,16,0,0,abandoned
82,U0082,2025-01-26 08:42:00,2025-01-26 08:47:00,M,30~39,office,seoul,1,0,0,0,0,0,0,12,0,0,completed
83,U0083,2025-02-03 09:22:00,2025-02-03 09:28:00,M,40~49,office,seoul,0,0,0,0,5,0,0,36,0,0,timeout
84,U0084,2025-11-15 15:58:00,2025-11-15 16:03:00,F,40~49,office,seoul,1,0,0,0,13,0,0,20,0,0,timeout
85,U0085,2025-09-13 15:32:00,2025-09-13 15:35:00,M,20~29,office,seoul,1,0,0,0,19,0,0,40,0,0,completed
86,U0086,2025-11-30 13:56:00,2025-11-30 14:00:00,F,30~39,office,seoul,1,0,0,0,3,0,0,18,0,0,completed
87,U0087,2025-06-06 12:36:00,2025-06-06 12:42:00,F,20~29,office,seoul,0,0,0,0,18,0,0,38,0,0,completed
88,U0088,2025-12-13 09:38:00,2025-12-13 09:43:00,F,30~39,office,seoul,1,0,0,0,18,0,0,32,0,0,completed
89,U0089,2025-03-24 14:08:00,2025-03-24 14:10:00,F,30~39,office,seoul,0,0,0,0,17,0,0,34,0,0,completed
90,U0090,2025-08-14 16:33:00,2025-08-14 16:36:00,M,40~49,office,seoul,0,0,0,0,7,0,0,65,0,0,error
91,U0091,2025-05-12 15:31:00,2025-05-12 15:38:00,F,30~39,office,seoul,0,0,0,0,15,0,0,66,0,0,completed
92,U0092,2025-09-25 14:44:00,2025-09-25 14:49:00,M,50+,office,seoul,0,0,0,0,8,0,0,65,0,0,completed
93,U0093,2025-02-12 14:02:00,2025-02-12 14:04:00,F,40~49,office,seoul,0,0,0,0,2,0,0,70,0,0,completed
94,U0094,2025-06-27 12:50:00,2025-06-27 12:53:00,F,20~29,office,seoul,0,0,0,0,21,0,0,31,0,0,completed
95,U0095,2025-11-09 18:42:00,2025-11-09 18:46:00,M,20~29,office,seoul,1,0,0,0,11,0,0,59,0,0,completed
96,U0096,2025-07-03 12:09:00,2025-07-03 12:16:00,M,20~29,office,seoul,0,0,0,0,2,0,0,79,0,0,completed
97,U0097,2025-09-15 16:08:00,2025-09-15 16:14:00,M,20~29,office,seoul,0,0,0,0,11,0,0,74,0,0,completed
98,U0098,2025-06-20 14:38:00,2025-06-20 14:40:00,F,20~29,office,seoul,0,0,0,0,21,0,0,21,0,0,completed
99,U0099,2025-11-03 15:12:00,2025-11-03 15:18:00,M,50+,office,seoul,0,0,0,0,29,0,0,55,0,0,completed
100,U0100,2025-11-01 08:08:00,2025-11-01 08:14:00,F,30~39,office,seoul,1,0,0,0,1,0,0,40,0,0,completed
101,U0101,2025-11-28 09:14:00,2025-11-28 09:21:00,F,20~29,office,seoul,0,0,0,0,1,0,0,54,0,0,abandoned
102,U0102,2025-09-21 15:13:00,2025-09-21 15:17:00,F,30~39,office,seoul,1,0,0,0,0,0,0,15,0,0,abandoned
103,U0103,2025-08-25 15:33:00,2025-08-25 15:37:00,F,50+,office,seoul,0,0,0,0,20,0,0,65,0,0,completed
104,U0104,2025-11-18 14:45:00,2025-11-18 14:49:00,F,30~39,office,seoul,0,0,0,0,27,0,0,69,0,0,completed
105,U0105,2025-07-04 18:22:00,2025-07-04 18:26:00,F,40~49,office,seoul,0,0,0,0,27,0,0,31,0,0,completed
106,U0106,2025-11-06 14:35:00,2025-11-06 14:40:00,M,30~39,office,seoul,0,0,0,0,15,0,0,17,1,0,abandoned
107,U0107,2025-03-06 15:23:00,2025-03-06 15:25:00,F,50+,office,seoul,0,0,0,0,10,0,0,32,0,0,completed
108,U0108,2025-06-03 13:11:00,2025-06-03 13:14:00,F,50+,office,seoul,0,0,0,0,4,0,0,51,0,0,completed
109,U0109,2025-08-20 16:31:00,2025-08-20 16:37:00,F,20~29,office,seoul,0,0,0,0,29,0,0,66,0,0,completed
110,U0110,2025-07-08 19:37:00,2025-07-08 19:43:00,F,40~49,office,seoul,0,0,0,0,8,0,0,77,0,0,completed
111,U0111,2025-09-25 08:30:00,2025-09-25 08:36:00,M,50+,office,seoul,0,0,0,0,13,0,0,55,0,0,completed
112,U0112,2025-02-26 22:33:00,2025-02-26 22:36:00,M,50+,office,seoul,0,0,0,0,24,0,0,61,0,0,error
113,U0113,2025-01-15 08:17:00,2025-01-15 08:22:00,M,30~39,office,seoul,0,0,0,0,23,0,0,77,0,0,completed
114,U0114,2025-03-30 21:29:00,2025-03-30 21:33:00,M,30~39,office,seoul,1,0,0,0,2,0,0,65,0,0,completed
115,U0115,2025-12-04 17:15:00,2025-12-04 17:19:00,F,30~39,office,seoul,0,0,0,0,24,0,0,26,0,0,completed
116,U0116,2025-12-07 08:02:00,2025-12-07 08:08:00,F,20~29,office,seoul,1,0,0,0,22,0,0,59,0,0,completed
117,U0117,2025-10-20 16:23:00,2025-10-20 16:27:00,M,50+,office,seoul,0,0,0,0,1,0,0,73,0,0,completed
118,U0118,2025-12-14 07:14:00,2025-12-14 07:19:00,M,50+,office,seoul,1,0,0,0,7,0,0,57,0,0,error
119,U0119,2025-09-03 19:36:00,2025-09-03 19:39:00,F,30~39,office,seoul,0,0,0,0,7,0,0,39,1,0,timeout
120,U0120,2025-09-17 12:51:00,2025-09-17 12:56:00,F,50+,office,seoul,0,0,0,0,13,0,0,37,0,0,completed
121,U0121,2025-01-31 09:40:00,2025-01-31 09:46:00,F,50+,office,seoul,0,0,0,0,10,0,0,41,0,0,completed
122,U0122,2025-10-10 12:43:00,2025-10-10 12:47:00,M,50+,office,seoul,0,0,0,0,16,0,0,19,0,0,timeout
123,U0123,2025-08-06 16:44:00,2025-08-06 16:46:00,F,50+,office,seoul,0,0,0,0,11,0,0,44,1,0,completed
124,U0124,2025-01-31 12:54:00,2025-01-31 12:56:00,F,20~29,office,seoul,0,0,0,0,10,0,0,24,0,0,completed
125,U0125,2025-05-06 15:52:00,2025-05-06 15:56:00,F,30~39,office,seoul,0,0,0,0,12,0,0,72,0,0,completed
126,U0126,2025-05-07 11:57:00,2025-05-07 12:04:00,M,30~39,office,seoul,0,0,0,0,11,0,0,26,0,0,completed
127,U0127,2025-09-28 14:59:00,2025-09-28 15:02:00,F,50+,office,seoul,1,0,0,0,17,0,0,53,0,0,completed
128,U0128,2025-03-06 12:39:00,2025-03-06 12:41:00,F,20~29,office,seoul,0,0,0,0,10,0,0,71,0,0,completed
129,U0129,2025-10-14 17:35:00,2025-10-14 17:40:00,F,30~39,office,seoul,0,0,0,0,13,0,0,70,0,0,completed
130,U0130,2025-09-03 18:28:00,2025-09-03 18:35:00,M,40~49,office,seoul,0,0,0,0,8,0,0,65,0,0,completed
131,U0131,2025-08-27 08:25:00,2025-08-27 08:28:00,F,30~39,office,seoul,0,0,0,0,28,0,0,64,0,0,completed
132,U0132,2025-09-27 20:30:00,2025-09-27 20:32:00,F,20~29,office,seoul,1,0,0,0,8,0,0,12,0,0,completed
133,U0133,2025-07-08 13:15:00,2025-07-08 13:21:00,F,20~29,office,seoul,0,0,0,0,9,0,0,13,0,0,completed
134,U0134,2025-11-24 08:03:00,2025-11-24 08:09:00,F,30~39,office,seoul,0,0,0,0,13,0,0,24,0,1,completed
135,U0135,2025-01-01 13:09:00,2025-01-01 13:12:00,F,30~39,office,seoul,0,0,0,0,3,0,0,39,0,0,completed
136,U0136,2025-01-11 14:51:00,2025-01-11 14:54:00,F,30~39,office,seoul,1,0,0,0,12,0,0,40,0,0,completed
137,U0137,2025-04-28 11:13:00,2025-04-28 11:18:00,M,50+,office,seoul,0,0,0,0,7,0,0,73,0,0,completed
138,U0138,2025-04-01 12:28:00,2025-04-01 12:35:00,M,20~29,office,seoul,0,0,0,0,14,0,0,13,0,0,completed
139,U0139,2025-01-18 09:36:00,2025-01-18 09:39:00,F,40~49,office,seoul,1,0,0,0,4,0,0,11,0,0,completed
140,U0140,2025-02-26 07:55:00,2025-02-26 07:57:00,F,20~29,office,seoul,0,0,0,0,21,0,0,53,0,0,completed
141,U0141,2025-11-07 15:41:00,2025-11-07 15:45:00,F,30~39,office,seoul,0,0,0,0,0,0,0,29,0,0,completed
142,U0142,2025-12-30 17:51:00,2025-12-30 17:58:00,M,20~29,office,seoul,0,0,0,0,8,0,0,27,0,0,completed
143,U0143,2025-12-26 15:54:00,2025-12-26 15:56:00,M,30~39,office,seoul,0,0,0,0,10,0,0,61,0,0,completed
144,U0144,2025-04-19 15:48:00,2025-04-19 15:51:00,F,40~49,office,seoul,1,0,0,0,15,0,0,38,0,0,completed
145,U0145,2025-05-07 07:44:00,2025-05-07 07:48:00,F,20~29,office,seoul,0,0,0,0,0,0,0,59,0,0,completed
146,U0146,2025-10-29 16:09:00,2025-10-29 16:12:00,M,40~49,office,seoul,0,0,0,0,3,0,0,72,0,0,completed
147,U0147,2025-09-10 09:40:00,2025-09-10 09:42:00,M,20~29,office,seoul,0,0,0,0,5,0,0,65,0,0,completed
148,U0148,2025-07-21 07:30:00,2025-07-21 07:37:00,M,20~29,office,seoul,0,0,0,0,17,0,0,50,0,0,completed
149,U0149,2025-07-15 19:24:00,2025-07-15 19:26:00,F,50+,office,seoul,0,0,0,0,18,0,0,22,0,0,completed
150,U0150,2025-05-06 12:16:00,2025-05-06 12:21:00,F,30~39,office,seoul,0,0,0,0,29,0,0,68,0,0,completed
151,U0151,2025-11-15 11:50:00,2025-11-15 11:57:00,F,30~39,office,seoul,1,0,0,0,7,0,0,53,0,0,completed
152,U0152,2025-07-14 16:36:00,2025-07-14 16:42:00,F,30~39,office,seoul,0,0,0,0,22,0,0,49,0,0,completed
153,U0153,2025-07-07 13:55:00,2025-07-07 14:02:00,M,50+,office,seoul,0,0,0,0,0,0,0,12,0,0,completed
154,U0154,2025-10-09 08:47:00,2025-10-09 08:54:00,F,30~39,office,seoul,0,0,0,0,19,0,0,37,0,0,completed
155,U0155,2025-03-07 21:15:00,2025-03-07 21:21:00,M,20~29,office,seoul,0,0,0,0,5,0,0,74,0,0,completed
156,U0156,2025-11-18 13:51:00,2025-11-18 13:57:00,M,20~29,office,seoul,0,0,0,0,19,0,0,71,0,0,completed
157,U0157,2025-09-24 17:39:00,2025-09-24 17:44:00,F,30~39,office,seoul,0,0,0,0,23,0,0,76,0,0,completed
158,U0158,2025-11-11 18:34:00,2025-11-11 18:40:00,F,50+,office,seoul,0,0,0,0,15,0,0,16,0,0,completed
159,U0159,2025-12-24 07:12:00,2025-12-24 07:19:00,F,40~49,office,seoul,0,0,0,0,11,0,0,66,0,0,completed
160,U0160,2025-05-08 12:43:00,2025-05-08 12:48:00,M,30~39,office,seoul,0,0,0,0,17,0,0,50,0,0,completed
161,U0161,2025-06-20 20:30:00,2025-06-20 20:32:00,F,30~39,office,seoul,0,0,0,0,5,0,0,33,0,0,completed
162,U0162,2025-04-23 09:22:00,2025-04-23 09:28:00,F,20~29,office,seoul,0,0,0,0,1,0,0,33,0,0,completed
163,U0163,2025-10-03 08:28:00,2025-10-03 08:33:00,M,20~29,office,seoul,0,0,0,0,26,0,0,34,0,0,completed
164,U0164,2025-01-21 14:16:00,2025-01-21 14:20:00,F,20~29,office,seoul,0,0,0,0,13,0,0,28,0,0,timeout
165,U0165,2025-08-27 20:14:00,2025-08-27 20:20:00,F,30~39,office,seoul,0,0,0,0,14,0,0,71,0,0,completed
166,U0166,2025-04-21 17:06:00,2025-04-21 17:13:00,F,20~29,office,seoul,0,0,0,0,23,0,0,73,0,0,completed
167,U0167,2025-01-27 20:35:00,2025-01-27 20:39:00,M,50+,office,seoul,0,0,0,0,4,0,0,75,0,0,completed
168,U0168,2025-09-29 18:18:00,2025-09-29 18:23:00,F,20~29,office,seoul,0,0,0,0,12,0,0,47,0,0,abandoned
169,U0169,2025-11-07 09:06:00,2025-11-07 09:10:00,F,20~29,office,seoul,0,0,0,0,17,0,0,46,0,0,completed
170,U0170,2025-02-10 13:44:00,2025-02-10 13:50:00,F,30~39,office,seoul,0,0,0,0,0,0,0,64,0,0,completed
171,U0171,2025-11-24 08:13:00,2025-11-24 08:19:00,F,50+,office,seoul,0,0,0,0,3,0,0,36,0,0,completed
172,U0172,2025-01-23 13:15:00,2025-01-23 13:19:00,M,20~29,office,seoul,0,0,0,0,5,0,0,27,0,0,completed
173,U0173,2025-05-04 19:44:00,2025-05-04 19:49:00,M,50+,office,seoul,1,0,0,0,15,0,0,60,0,0,completed
174,U0174,2025-01-28 20:14:00,2025-01-28 20:21:00,F,20~29,office,seoul,0,0,0,0,0,0,0,64,0,0,completed
175,U0175,2025-07-15 14:23:00,2025-07-15 14:29:00,F,30~39,office,seoul,0,0,0,0,13,0,0,35,0,0,completed
176,U0176,2025-11-01 14:07:00,2025-11-01 14:14:00,F,50+,office,seoul,1,0,0,0,4,0,0,21,0,0,completed
177,U0177,2025-01-11 11:52:00,2025-01-11 11:56:00,F,20~29,office,seoul,1,0,0,0,3,0,0,20,0,0,completed
178,U0178,2025-12-21 13:55:00,2025-12-21 13:59:00,F,30~39,office,seoul,1,0,0,0,15,0,0,47,0,0,completed
179,U0179,2025-09-28 18:49:00,2025-09-28 18:53:00,F,50+,office,seoul,1,0,0,0,14,0,0,68,0,0,completed
180,U0180,2025-12-07 08:09:00,2025-12-07 08:13:00,M,30~39,office,seoul,1,0,0,0,1,0,0,65,0,0,completed
181,U0181,2025-03-19 17:49:00,2025-03-19 17:52:00,M,40~49,office,seoul,0,0,0,0,27,0,0,47,0,0,completed
182,U0182,2025-04-13 22:26:00,2025-04-13 22:29:00,M,20~29,office,seoul,1,0,0,0,26,0,0,14,0,0,abandoned
183,U0183,2025-08-19 09:47:00,2025-08-19 09:51:00,F,20~29,office,seoul,0,0,0,0,11,0,0,20,0,0,completed
184,U0184,2025-04-21 13:55:00,2025-04-21 14:00:00,F,40~49,office,seoul,0,0,0,0,19,0,0,51,0,0,completed
185,U0185,2025-03-06 12:33:00,2025-03-06 12:35:00,F,50+,office,seoul,0,0,0,0,20,0,0,79,0,0,completed
186,U0186,2025-09-30 19:50:00,2025-09-30 19:56:00,F,30~39,office,seoul,0,0,0,0,8,0,0,79,0,0,completed
187,U0187,2025-12-12 12:21:00,2025-12-12 12:27:00,F,40~49,office,seoul,0,0,0,0,10,0,0,61,0,0,completed
188,U0188,2025-08-04 16:44:00,2025-08-04 16:49:00,F,30~39,office,seoul,0,0,0,0,21,0,0,73,0,0,completed
189,U0189,2025-05-29 12:41:00,2025-05-29 12:45:00,F,40~49,office,seoul,0,0,0,0,13,0,0,28,0,0,completed
190,U0190,2025-09-25 16:07:00,2025-09-25 16:12:00,F,40~49,office,seoul,0,0,0,0,9,0,0,11,0,0,completed
191,U0191,2025-11-11 17:56:00,2025-11-11 18:02:00,F,20~29,office,seoul,0,0,0,0,7,0,0,73,0,0,completed
192,U0192,2025-04-13 09:40:00,2025-04-13 09:43:00,F,20~29,office,seoul,1,0,0,0,8,0,0,57,0,0,completed
193,U0193,2025-09-14 14:32:00,2025-09-14 14:38:00,M,20~29,office,seoul,1,0,0,0,28,0,0,50,0,0,completed
194,U0194,2025-09-20 12:36:00,2025-09-20 12:43:00,F,30~39,office,seoul,1,0,0,0,15,0,0,37,0,0,completed
195,U0195,2025-11-16 13:42:00,2025-11-16 13:49:00,M,20~29,office,seoul,1,0,0,0,18,0,0,35,0,0,completed
196,U0196,2025-11-09 12:26:00,2025-11-09 12:31:00,M,50+,office,seoul,1,0,0,0,21,0,0,44,1,0,completed
197,U0197,2025-11-30 11:24:00,2025-11-30 11:31:00,M,20~29,office,seoul,1,0,0,0,27,0,0,32,0,0,completed
198,U0198,2025-03-27 17:50:00,2025-03-27 17:56:00,M,40~49,office,seoul,0,0,0,0,3,0,0,43,0,0,completed
199,U0199,2025-04-16 15:38:00,2025-04-16 15:41:00,F,20~29,office,seoul,0,0,0,0,7,0,0,42,0,0,completed
200,U0200,2025-04-17 18:35:00,2025-04-17 18:42:00,F,20~29,office,seoul,0,0,0,0,17,0,0,21,0,0,completed
201,U0201,2025-11-03 17:08:00,2025-11-03 17:11:00,F,20~29,office,seoul,0,0,0,0,4,0,0,58,0,0,completed
202,U0202,2025-04-15 22:46:00,2025-04-15 22:49:00,F,30~39,office,seoul,0,0,0,0,28,0,0,20,0,0,timeout
203,U0203,2025-12-24 20:17:00,2025-12-24 20:22:00,F,30~39,office,seoul,0,0,0,0,2,0,0,75,0,0,completed
204,U0204,2025-03-23 19:08:00,2025-03-23 19:13:00,M,20~29,office,seoul,1,0,0,0,13,0,0,17,0,0,completed
205,U0205,2025-07-21 13:30:00,2025-07-21 13:33:00,M,20~29,office,seoul,0,0,0,0,15,0,0,30,0,0,completed
206,U0206,2025-01-12 22:41:00,2025-01-12 22:46:00,M,50+,office,seoul,1,0,0,0,3,0,0,16,0,0,abandoned
207,U0207,2025-06-18 12:17:00,2025-06-18 12:20:00,M,50+,office,seoul,0,0,0,0,12,0,0,24,0,0,completed
208,U0208,2025-09-06 17:03:00,2025-09-06 17:09:00,M,30~39,office,seoul,1,0,0,0,27,0,0,67,1,0,completed
209,U0209,2025-10-20 17:42:00,2025-10-20 17:45:00,F,20~29,office,seoul,0,0,0,0,14,0,0,25,0,0,completed
210,U0210,2025-04-29 08:53:00,2025-04-29 08:55:00,F,50+,office,seoul,0,0,0,0,9,0,0,47,0,0,abandoned
211,U0211,2025-06-09 07:05:00,2025-06-09 07:12:00,F,20~29,office,seoul,0,0,0,0,23,0,0,16,0,0,abandoned
212,U0212,2025-01-10 09:02:00,2025-01-10 09:04:00,M,40~49,office,seoul,0,0,0,0,1,0,0,70,0,0,completed
213,U0213,2025-02-03 18:02:00,2025-02-03 18:06:00,M,30~39,office,seoul,0,0,0,0,11,0,0,48,0,0,completed
214,U0214,2025-07-16 14:44:00,2025-07-16 14:50:00,F,40~49,office,seoul,0,0,0,0,21,0,0,42,0,0,completed
215,U0215,2025-10-02 09:38:00,2025-10-02 09:45:00,F,20~29,office,seoul,0,0,0,0,3,0,0,63,0,0,completed
216,U0216,2025-01-23 18:05:00,2025-01-23 18:09:00,F,20~29,office,seoul,0,0,0,0,20,0,0,79,0,0,completed
217,U0217,2025-05-24 13:55:00,2025-05-24 13:58:00,F,40~49,office,seoul,1,0,0,0,26,0,0,76,0,0,completed
218,U0218,2025-06-22 09:58:00,2025-06-22 10:03:00,M,20~29,office,seoul,1,0,0,0,28,0,0,30,0,0,completed
219,U0219,2025-10-30 15:23:00,2025-10-30 15:27:00,M,30~39,office,seoul,0,0,0,0,21,0,0,42,0,0,completed
220,U0220,2025-08-15 14:01:00,2025-08-15 14:04:00,F,30~39,office,seoul,0,0,0,0,8,0,0,39,0,0,completed
221,U0221,2025-05-21 15:09:00,2025-05-21 15:15:00,M,40~49,office,seoul,0,0,0,0,8,0,0,19,0,0,completed
222,U0222,2025-11-05 16:31:00,2025-11-05 16:33:00,F,30~39,office,seoul,0,0,0,0,10,0,0,10,0,0,completed
223,U0223,2025-03-04 15:46:00,2025-03-04 15:53:00,F,50+,office,seoul,0,0,0,0,26,0,0,16,0,0,completed
224,U0224,2025-05-05 08:28:00,2025-05-05 08:31:00,F,50+,office,seoul,0,0,0,0,14,0,0,51,0,0,completed
225,U0225,2025-02-06 09:53:00,2025-02-06 09:57:00,F,40~49,office,seoul,0,0,0,0,6,0,0,17,0,0,completed
226,U0226,2025-03-07 18:25:00,2025-03-07 18:28:00,F,20~29,office,seoul,0,0,0,0,10,0,0,35,0,0,timeout
227,U0227,2025-08-11 11:55:00,2025-08-11 11:59:00,F,30~39,office,seoul,0,0,0,0,6,0,0,66,0,0,abandoned
228,U0228,2025-01-19 08:53:00,2025-01-19 08:55:00,M,20~29,office,seoul,1,0,0,0,13,0,0,53,0,0,completed
229,U0229,2025-10-27 17:06:00,2025-10-27 17:12:00,F,50+,office,seoul,0,0,0,0,15,0,0,20,1,0,completed
230,U0230,2025-06-20 12:59:00,2025-06-20 13:06:00,F,30~39,office,seoul,0,0,0,0,2,0,0,50,0,0,abandoned
231,U0231,2025-07-02 21:19:00,2025-07-02 21:24:00,M,20~29,office,seoul,0,0,0,0,14,0,0,30,0,0,completed
232,U0232,2025-06-21 15:58:00,2025-06-21 16:00:00,F,30~39,office,seoul,1,0,0,0,19,0,0,32,0,0,completed
233,U0233,2025-08-04 18:01:00,2025-08-04 18:06:00,F,20~29,office,seoul,0,0,0,0,10,0,0,56,0,0,completed
234,U0234,2025-10-20 20:24:00,2025-10-20 20:31:00,F,30~39,office,seoul,0,0,0,0,21,0,0,37,0,0,abandoned
235,U0235,2025-06-18 15:23:00,2025-06-18 15:26:00,F,30~39,office,seoul,0,0,0,0,19,0,0,34,0,0,completed
236,U0236,2025-07-14 12:33:00,2025-07-14 12:35:00,F,30~39,office,seoul,0,0,0,0,9,0,0,21,0,0,completed
237,U0237,2025-07-25 09:46:00,2025-07-25 09:52:00,M,30~39,office,seoul,0,0,0,0,22,0,0,47,0,0,abandoned
238,U0238,2025-02-08 15:15:00,2025-02-08 15:21:00,M,50+,office,seoul,1,0,0,0,29,0,0,13,0,1,completed
239,U0239,2025-07-31 20:55:00,2025-07-31 21:02:00,M,30~39,office,seoul,0,0,0,0,0,0,0,53,0,0,completed
240,U0240,2025-05-03 07:02:00,2025-05-03 07:08:00,M,30~39,office,seoul,1,0,0,0,4,0,0,69,0,0,completed
241,U0241,2025-10-15 07:34:00,2025-10-15 07:41:00,F,30~39,office,seoul,0,0,0,0,9,0,0,71,0,0,error
242,U0242,2025-09-03 11:52:00,2025-09-03 11:54:00,F,30~39,office,seoul,0,0,0,0,13,0,0,64,0,0,completed
243,U0243,2025-12-18 21:04:00,2025-12-18 21:10:00,F,30~39,office,seoul,0,0,0,0,25,0,0,69,0,0,completed
244,U0244,2025-02-12 12:11:00,2025-02-12 12:13:00,M,50+,office,seoul,0,0,0,0,11,0,0,66,0,0,completed
245,U0245,2025-08-10 22:43:00,2025-08-10 22:50:00,F,30~39,office,seoul,1,0,0,0,12,0,0,75,0,0,completed
246,U0246,2025-03-22 17:22:00,2025-03-22 17:29:00,F,20~29,office,seoul,1,0,0,0,2,0,0,29,0,0,completed
247,U0247,2025-07-09 07:56:00,2025-07-09 08:01:00,F,50+,office,seoul,0,0,0,0,13,0,0,40,0,1,completed
248,U0248,2025-10-16 12:41:00,2025-10-16 12:46:00,F,40~49,office,seoul,0,0,0,0,4,0,0,12,0,0,completed
249,U0249,2025-02-20 09:26:00,2025-02-20 09:31:00,F,30~39,office,seoul,0,0,0,0,5,0,0,44,0,0,completed
250,U0250,2025-03-23 13:20:00,2025-03-23 13:26:00,F,50+,office,seoul,1,0,0,0,12,0,0,78,0,0,completed
251,U0251,2025-08-20 19:53:00,2025-08-20 19:57:00,F,40~49,office,seoul,0,0,0,0,12,0,0,19,0,0,completed
252,U0252,2025-06-24 22:25:00,2025-06-24 22:32:00,F,30~39,office,seoul,0,0,0,0,19,0,0,12,0,0,completed
253,U0253,2025-01-17 19:23:00,2025-01-17 19:26:00,M,20~29,office,seoul,0,0,0,0,28,0,0,63,0,0,completed
254,U0254,2025-12-08 18:50:00,2025-12-08 18:52:00,F,20~29,office,seoul,0,0,0,0,21,0,0,47,0,0,abandoned
255,U0255,2025-06-12 13:47:00,2025-06-12 13:54:00,M,30~39,office,seoul,0,0,0,0,1,0,0,22,0,0,error
256,U0256,2025-03-14 11:58:00,2025-03-14 12:05:00,F,20~29,office,seoul,0,0,0,0,5,0,0,16,0,0,completed
257,U0257,2025-12-23 18:07:00,2025-12-23 18:12:00,M,40~49,office,seoul,0,0,0,0,25,0,0,35,0,0,completed
258,U0258,2025-05-22 14:56:00,2025-05-22 15:01:00,F,40~49,office,seoul,0,0,0,0,28,0,0,72,0,0,timeout
259,U0259,2025-06-16 14:27:00,2025-06-16 14:34:00,M,40~49,office,seoul,0,0,0,0,11,0,0,29,0,0,completed
260,U0260,2025-07-27 08:21:00,2025-07-27 08:27:00,F,20~29,office,seoul,1,0,0,0,21,0,0,41,0,0,completed
261,U0261,2025-02-27 07:18:00,2025-02-27 07:25:00,M,30~39,office,seoul,0,0,0,0,6,0,0,29,0,0,abandoned
262,U0262,2025-11-14 20:58:00,2025-11-14 21:05:00,F,30~39,office,seoul,0,0,0,0,1,0,0,26,0,0,completed
263,U0263,2025-03-13 08:08:00,2025-03-13 08:10:00,F,20~29,office,seoul,0,0,0,0,17,0,0,35,0,0,completed
264,U0264,2025-07-05 09:54:00,2025-07-05 10:00:00,F,30~39,office,seoul,1,0,0,0,25,0,0,53,0,0,completed
265,U0265,2025-02-03 12:06:00,2025-02-03 12:10:00,M,50+,office,seoul,0,0,0,0,6,0,0,38,0,0,completed
266,U0266,2025-02-15 17:26:00,2025-02-15 17:31:00,M,30~39,office,seoul,1,0,0,0,12,0,0,22,0,0,completed
267,U0267,2025-06-08 16:09:00,2025-06-08 16:15:00,F,40~49,office,seoul,1,0,0,0,6,0,0,63,0,0,completed
268,U0268,2025-10-28 09:43:00,2025-10-28 09:45:00,F,50+,office,seoul,0,0,0,0,17,0,0,44,0,0,abandoned
269,U0269,2025-12-30 13:16:00,2025-12-30 13:18:00,F,30~39,office,seoul,0,0,0,0,14,0,0,45,0,0,completed
270,U0270,2025-03-29 15:28:00,2025-03-29 15:31:00,F,20~29,office,seoul,1,0,0,0,21,0,0,54,0,0,completed
271,U0271,2025-11-24 13:29:00,2025-11-24 13:32:00,F,50+,office,seoul,0,0,0,0,14,0,0,60,0,0,completed
272,U0272,2025-11-26 17:03:00,2025-11-26 17:07:00,M,40~49,office,seoul,0,0,0,0,13,0,0,54,0,0,completed
273,U0273,2025-08-30 12:26:00,2025-08-30 12:32:00,M,30~39,office,seoul,1,0,0,0,20,0,0,75,0,0,completed
274,U0274,2025-05-15 18:57:00,2025-05-15 19:02:00,F,30~39,office,seoul,0,0,0,0,1,0,0,61,0,0,completed
275,U0275,2025-02-17 17:20:00,2025-02-17 17:24:00,F,20~29,office,seoul,0,0,0,0,5,0,0,36,0,0,completed
276,U0276,2025-07-25 11:37:00,2025-07-25 11:39:00,M,50+,office,seoul,0,0,0,0,2,0,0,76,1,1,completed
277,U0277,2025-07-13 12:19:00,2025-07-13 12:22:00,F,20~29,office,seoul,1,0,0,0,26,0,0,60,0,0,abandoned
278,U0278,2025-10-15 12:45:00,2025-10-15 12:49:00,M,20~29,office,seoul,0,0,0,0,24,0,0,20,0,0,completed
279,U0279,2025-07-20 08:42:00,2025-07-20 08:48:00,F,20~29,office,seoul,1,0,0,0,21,0,0,20,0,0,completed
280,U0280,2025-02-09 17:04:00,2025-02-09 17:10:00,F,40~49,office,seoul,1,0,0,0,6,0,0,41,0,0,completed
281,U0281,2025-03-06 12:10:00,2025-03-06 12:13:00,M,20~29,office,seoul,0,0,0,0,14,0,0,34,0,0,completed
282,U0282,2025-03-08 12:23:00,2025-03-08 12:26:00,F,40~49,office,seoul,1,0,0,0,10,0,0,19,0,0,completed
283,U0283,2025-03-28 12:54:00,2025-03-28 12:59:00,F,20~29,office,seoul,0,0,0,0,22,0,0,14,0,0,completed
284,U0284,2025-08-16 18:55:00,2025-08-16 19:02:00,F,40~49,office,seoul,1,0,0,0,14,0,0,52,0,1,completed
285,U0285,2025-06-18 17:21:00,2025-06-18 17:27:00,M,50+,office,seoul,0,0,0,0,2,0,0,59,0,0,completed
286,U0286,2025-06-14 13:00:00,2025-06-14 13:05:00,F,30~39,office,seoul,1,0,0,0,22,0,0,48,0,0,abandoned
287,U0287,2025-10-17 09:11:00,2025-10-17 09:13:00,M,20~29,office,seoul,0,0,0,0,25,0,0,63,0,0,completed
288,U0288,2025-02-16 12:59:00,2025-02-16 13:03:00,M,50+,office,seoul,1,0,0,0,22,0,0,28,1,0,completed
289,U0289,2025-07-23 12:59:00,2025-07-23 13:04:00,M,50+,office,seoul,0,0,0,0,8,0,0,25,1,0,timeout
290,U0290,2025-10-07 20:10:00,2025-10-07 20:14:00,F,20~29,office,seoul,0,0,0,0,1,0,0,68,0,0,completed
291,U0291,2025-10-24 09:13:00,2025-10-24 09:20:00,M,20~29,office,seoul,0,0,0,0,7,0,0,74,0,0,completed
292,U0292,2025-06-03 18:54:00,2025-06-03 18:57:00,F,40~49,office,seoul,0,0,0,0,28,0,0,29,0,0,completed
293,U0293,2025-06-07 13:59:00,2025-06-07 14:05:00,M,20~29,office,seoul,1,0,0,0,7,0,0,64,0,0,completed
294,U0294,2025-11-03 18:46:00,2025-11-03 18:49:00,M,30~39,office,seoul,0,0,0,0,20,0,0,10,0,0,completed
295,U0295,2025-03-17 07:12:00,2025-03-17 07:19:00,F,50+,office,seoul,0,0,0,0,15,0,0,61,0,0,completed
296,U0296,2025-02-27 17:48:00,2025-02-27 17:52:00,F,30~39,office,seoul,0,0,0,0,7,0,0,23,0,0,completed
297,U0297,2025-11-11 14:44:00,2025-11-11 14:49:00,F,30~39,office,seoul,0,0,0,0,19,0,0,61,0,0,abandoned
298,U0298,2025-03-30 13:41:00,2025-03-30 13:48:00,M,30~39,office,seoul,1,0,0,0,2,0,0,27,0,0,completed
299,U0299,2025-06-20 08:24:00,2025-06-20 08:26:00,M,40~49,office,seoul,0,0,0,0,6,0,0,22,0,0,completed
300,U0300,2025-03-19 17:11:00,2025-03-19 17:18:00,F,20~29,office,seoul,0,0,0,0,16,0,0,66,0,0,completed
301,U0301,2025-02-19 11:16:00,2025-02-19 11:18:00,F,20~29,office,seoul,0,0,0,0,28,0,0,45,0,0,abandoned
302,U0302,2025-04-04 13:24:00,2025-04-04 13:26:00,F,50+,office,seoul,0,0,0,0,2,0,0,21,0,0,completed
303,U0303,2025-12-01 09:23:00,2025-12-01 09:28:00,M,40~49,office,seoul,0,0,0,0,25,0,0,27,0,0,completed
304,U0304,2025-07-17 18:50:00,2025-07-17 18:53:00,F,20~29,office,seoul,0,0,0,0,2,0,0,53,1,0,abandoned
305,U0305,2025-12-09 17:09:00,2025-12-09 17:11:00,M,20~29,office,seoul,0,0,0,0,21,0,0,78,0,0,completed
306,U0306,2025-01-17 17:26:00,2025-01-17 17:32:00,M,30~39,office,seoul,0,0,0,0,4,0,0,62,0,0,error
307,U0307,2025-07-03 11:18:00,2025-07-03 11:24:00,F,20~29,office,seoul,0,0,0,0,15,0,0,45,0,0,completed
308,U0308,2025-10-19 19:34:00,2025-10-19 19:37:00,F,40~49,office,seoul,1,0,0,0,23,0,0,61,0,0,completed
309,U0309,2025-10-18 09:20:00,2025-10-18 09:24:00,M,30~39,office,seoul,1,0,0,0,28,0,0,10,0,0,completed
310,U0310,2025-05-10 12:43:00,2025-05-10 12:48:00,M,50+,office,seoul,1,0,0,0,19,0,0,43,0,0,completed
311,U0311,2025-11-16 13:36:00,2025-11-16 13:38:00,M,20~29,office,seoul,1,0,0,0,8,0,0,46,0,0,abandoned
312,U0312,2025-10-12 19:47:00,2025-10-12 19:50:00,F,50+,office,seoul,1,0,0,0,7,0,0,63,0,0,completed
313,U0313,2025-10-30 16:56:00,2025-10-30 17:03:00,F,30~39,office,seoul,0,0,0,0,0,0,0,41,0,0,completed
314,U0314,2025-06-23 14:13:00,2025-06-23 14:15:00,M,30~39,office,seoul,0,0,0,0,13,0,0,34,0,0,timeout
315,U0315,2025-12-11 13:24:00,2025-12-11 13:31:00,M,20~29,office,seoul,0,0,0,0,1,0,0,35,0,0,completed
316,U0316,2025-09-26 17:44:00,2025-09-26 17:51:00,F,50+,office,seoul,0,0,0,0,8,0,0,25,1,0,completed
317,U0317,2025-03-26 11:47:00,2025-03-26 11:51:00,F,40~49,office,seoul,0,0,0,0,0,0,0,33,0,0,completed
318,U0318,2025-12-05 17:57:00,2025-12-05 18:02:00,M,30~39,office,seoul,0,0,0,0,3,0,0,43,0,0,completed
319,U0319,2025-11-21 09:01:00,2025-11-21 09:08:00,F,40~49,office,seoul,0,0,0,0,24,0,0,14,0,0,error
320,U0320,2025-03-03 21:20:00,2025-03-03 21:27:00,F,20~29,office,seoul,0,0,0,0,20,0,0,74,0,0,timeout
321,U0321,2025-02-02 09:07:00,2025-02-02 09:10:00,F,20~29,office,seoul,1,0,0,0,3,0,0,36,0,0,completed
322,U0322,2025-07-12 09:04:00,2025-07-12 09:10:00,M,20~29,office,seoul,1,0,0,0,22,0,0,50,0,0,completed
323,U0323,2025-08-22 19:18:00,2025-08-22 19:22:00,M,30~39,office,seoul,0,0,0,0,15,0,0,75,0,0,abandoned
324,U0324,2025-01-25 13:42:00,2025-01-25 13:45:00,F,30~39,office,seoul,1,0,0,0,12,0,0,65,0,0,completed
325,U0325,2025-11-04 11:47:00,2025-11-04 11:53:00,F,20~29,office,seoul,0,0,0,0,9,0,0,76,0,0,completed
326,U0326,2025-03-17 17:41:00,2025-03-17 17:44:00,M,20~29,office,seoul,0,0,0,0,22,0,0,25,0,0,completed
327,U0327,2025-07-27 12:59:00,2025-07-27 13:02:00,M,50+,office,seoul,1,0,0,0,8,0,0,33,0,0,completed
328,U0328,2025-12-04 15:33:00,2025-12-04 15:35:00,M,30~39,office,seoul,0,0,0,0,9,0,0,58,0,0,completed
329,U0329,2025-06-13 08:45:00,2025-06-13 08:47:00,M,40~49,office,seoul,0,0,0,0,12,0,0,40,0,0,completed
330,U0330,2025-10-09 17:05:00,2025-10-09 17:08:00,F,30~39,office,seoul,0,0,0,0,25,0,0,68,0,0,completed
331,U0331,2025-07-02 14:32:00,2025-07-02 14:34:00,F,40~49,office,seoul,0,0,0,0,18,0,0,60,0,0,completed
332,U0332,2025-12-31 15:55:00,2025-12-31 16:01:00,F,30~39,office,seoul,0,0,0,0,3,0,0,15,0,0,completed
333,U0333,2025-06-30 20:20:00,2025-06-30 20:25:00,F,30~39,office,seoul,0,0,0,0,14,0,0,77,0,0,completed
334,U0334,2025-02-22 09:57:00,2025-02-22 09:59:00,F,20~29,office,seoul,1,0,0,0,17,0,0,10,0,0,completed
335,U0335,2025-01-12 16:42:00,2025-01-12 16:45:00,F,40~49,office,seoul,1,0,0,0,17,0,0,78,0,0,completed
336,U0336,2025-03-13 15:09:00,2025-03-13 15:12:00,M,20~29,office,seoul,0,0,0,0,11,0,0,54,0,0,completed
337,U0337,2025-11-27 11:14:00,2025-11-27 11:21:00,F,40~49,office,seoul,0,0,0,0,15,0,0,20,0,0,abandoned
338,U0338,2025-09-22 09:45:00,2025-09-22 09:48:00,M,50+,office,seoul,0,0,0,0,10,0,0,27,0,0,error
339,U0339,2025-12-28 22:00:00,2025-12-28 22:02:00,F,30~39,office,seoul,1,0,0,0,15,0,0,33,0,0,completed
340,U0340,2025-05-19 09:38:00,2025-05-19 09:43:00,M,50+,office,seoul,0,0,0,0,20,0,0,68,0,0,completed
341,U0341,2025-12-26 22:26:00,2025-12-26 22:33:00,F,30~39,office,seoul,0,0,0,0,27,0,0,50,0,0,completed
342,U0342,2025-01-30 14:47:00,2025-01-30 14:52:00,F,20~29,office,seoul,0,0,0,0,5,0,0,45,0,0,completed
343,U0343,2025-05-02 17:48:00,2025-05-02 17:52:00,M,30~39,office,seoul,0,0,0,0,9,0,0,46,0,0,completed
344,U0344,2025-01-21 13:07:00,2025-01-21 13:10:00,F,50+,office,seoul,0,0,0,0,3,0,0,63,0,0,completed
345,U0345,2025-03-06 12:06:00,2025-03-06 12:09:00,F,20~29,office,seoul,0,0,0,0,19,0,0,72,0,0,abandoned
346,U0346,2025-10-21 15:16:00,2025-10-21 15:18:00,F,20~29,office,seoul,0,0,0,0,0,0,0,69,0,0,completed
347,U0347,2025-06-11 13:40:00,2025-06-11 13:44:00,F,30~39,office,seoul,0,0,0,0,2,0,0,41,0,0,completed
348,U0348,2025-08-05 09:48:00,2025-08-05 09:55:00,M,20~29,office,seoul,0,0,0,0,10,0,0,48,0,0,completed
349,U0349,2025-09-22 16:08:00,2025-09-22 16:11:00,F,20~29,office,seoul,0,0,0,0,17,0,0,77,0,0,completed
350,U0350,2025-10-09 14:57:00,2025-10-09 15:01:00,F,20~29,office,seoul,0,0,0,0,22,0,0,25,0,0,completed
351,U0351,2025-01-07 16:21:00,2025-01-07 16:24:00,F,30~39,office,seoul,0,0,0,0,13,0,0,48,0,0,completed
352,U0352,2025-03-22 18:38:00,2025-03-22 18:44:00,M,40~49,office,seoul,1,0,0,0,1,0,0,17,0,0,completed
353,U0353,2025-01-16 11:10:00,2025-01-16 11:17:00,F,30~39,office,seoul,0,0,0,0,6,0,0,50,0,0,completed
354,U0354,2025-07-27 18:27:00,2025-07-27 18:34:00,F,20~29,office,seoul,1,0,0,0,13,0,0,24,0,0,completed
355,U0355,2025-12-14 20:31:00,2025-12-14 20:36:00,M,20~29,office,seoul,1,0,0,0,0,0,0,71,0,0,error
356,U0356,2025-03-11 21:45:00,2025-03-11 21:50:00,M,50+,office,seoul,0,0,0,0,23,0,0,15,0,0,completed
357,U0357,2025-06-02 15:28:00,2025-06-02 15:33:00,M,30~39,office,seoul,0,0,0,0,17,0,0,45,0,0,completed
358,U0358,2025-03-08 16:09:00,2025-03-08 16:16:00,M,20~29,office,seoul,1,0,0,0,15,0,0,43,0,0,completed
359,U0359,2025-09-25 21:07:00,2025-09-25 21:09:00,F,20~29,office,seoul,0,0,0,0,11,0,0,77,0,0,completed
360,U0360,2025-07-10 20:10:00,2025-07-10 20:16:00,F,30~39,office,seoul,0,0,0,0,2,0,0,25,0,0,completed
361,U0361,2025-03-30 18:47:00,2025-03-30 18:52:00,M,30~39,office,seoul,1,0,0,0,18,0,0,43,0,0,completed
362,U0362,2025-07-17 22:55:00,2025-07-17 22:57:00,F,40~49,office,seoul,0,0,0,0,13,0,0,16,1,0,completed
363,U0363,2025-06-23 08:24:00,2025-06-23 08:30:00,M,20~29,office,seoul,0,0,0,0,22,0,0,19,0,0,completed
364,U0364,2025-04-26 14:17:00,2025-04-26 14:24:00,F,50+,office,seoul,1,0,0,0,1,0,0,41,0,0,completed
365,U0365,2025-11-20 08:21:00,2025-11-20 08:27:00,M,40~49,office,seoul,0,0,0,0,14,0,0,29,0,0,completed
366,U0366,2025-07-17 07:08:00,2025-07-17 07:11:00,F,40~49,office,seoul,0,0,0,0,13,0,0,19,0,0,completed
367,U0367,2025-04-13 14:16:00,2025-04-13 14:20:00,F,30~39,office,seoul,1,0,0,0,0,0,0,57,0,0,abandoned
368,U0368,2025-05-31 08:36:00,2025-05-31 08:38:00,F,40~49,office,seoul,1,0,0,0,13,0,0,27,0,0,completed
369,U0369,2025-05-18 18:00:00,2025-05-18 18:07:00,F,30~39,office,seoul,1,0,0,0,15,0,0,24,0,0,completed
370,U0370,2025-11-08 12:35:00,2025-11-08 12:39:00,F,30~39,office,seoul,1,0,0,0,22,0,0,17,0,0,completed
371,U0371,2025-08-08 07:58:00,2025-08-08 08:01:00,M,50+,office,seoul,0,0,0,0,22,0,0,73,0,0,completed
372,U0372,2025-12-25 20:17:00,2025-12-25 20:24:00,M,30~39,office,seoul,0,0,0,0,22,0,0,12,0,0,completed
373,U0373,2025-05-03 09:47:00,2025-05-03 09:49:00,F,30~39,office,seoul,1,0,0,0,29,0,0,23,0,0,completed
374,U0374,2025-01-02 12:00:00,2025-01-02 12:04:00,F,50+,office,seoul,0,0,0,0,4,0,0,78,0,0,completed
375,U0375,2025-12-12 08:43:00,2025-12-12 08:50:00,F,20~29,office,seoul,0,0,0,0,7,0,0,65,0,0,completed
376,U0376,2025-09-24 20:30:00,2025-09-24 20:35:00,F,30~39,office,seoul,0,0,0,0,29,0,0,77,0,0,completed
377,U0377,2025-06-13 18:09:00,2025-06-13 18:11:00,F,30~39,office,seoul,0,0,0,0,8,0,0,38,0,0,completed
378,U0378,2025-03-24 21:51:00,2025-03-24 21:54:00,F,30~39,office,seoul,0,0,0,0,21,0,0,31,0,0,completed
379,U0379,2025-09-06 09:42:00,2025-09-06 09:46:00,F,30~39,office,seoul,1,0,0,0,5,0,0,45,0,0,error
380,U0380,2025-04-21 12:40:00,2025-04-21 12:46:00,F,30~39,office,seoul,0,0,0,0,13,0,0,42,0,0,abandoned
381,U0381,2025-03-20 15:15:00,2025-03-20 15:17:00,F,50+,office,seoul,0,0,0,0,27,0,0,40,0,0,completed
382,U0382,2025-12-14 08:20:00,2025-12-14 08:23:00,F,30~39,office,seoul,1,0,0,0,20,0,0,62,0,0,completed
383,U0383,2025-08-10 20:13:00,2025-08-10 20:15:00,F,40~49,office,seoul,1,0,0,0,21,0,0,39,0,0,completed
384,U0384,2025-02-10 09:42:00,2025-02-10 09:47:00,M,30~39,office,seoul,0,0,0,0,24,0,0,47,0,0,completed
385,U0385,2025-12-05 07:04:00,2025-12-05 07:09:00,F,30~39,office,seoul,0,0,0,0,7,0,0,28,0,0,completed
386,U0386,2025-10-28 11:02:00,2025-10-28 11:04:00,F,20~29,office,seoul,0,0,0,0,10,0,0,29,0,0,completed
387,U0387,2025-05-04 12:58:00,2025-05-04 13:02:00,F,30~39,office,seoul,1,0,0,0,9,0,0,32,0,0,completed
388,U0388,2025-08-07 17:05:00,2025-08-07 17:12:00,F,20~29,office,seoul,0,0,0,0,10,0,0,74,0,0,completed
389,U0389,2025-10-10 12:01:00,2025-10-10 12:03:00,F,30~39,office,seoul,0,0,0,0,22,0,0,61,0,0,completed
390,U0390,2025-09-18 17:50:00,2025-09-18 17:56:00,M,30~39,office,seoul,0,0,0,0,22,0,0,31,0,0,completed
391,U0391,2025-10-09 22:26:00,2025-10-09 22:28:00,M,20~29,office,seoul,0,0,0,0,2,0,0,29,0,0,completed
392,U0392,2025-10-21 17:39:00,2025-10-21 17:44:00,F,40~49,office,seoul,0,0,0,0,15,0,0,69,0,0,completed
393,U0393,2025-01-16 13:51:00,2025-01-16 13:56:00,F,20~29,office,seoul,0,0,0,0,13,0,0,42,0,0,completed
394,U0394,2025-03-09 19:15:00,2025-03-09 19:18:00,F,30~39,office,seoul,1,0,0,0,25,0,0,72,0,0,completed
395,U0395,2025-06-02 14:03:00,2025-06-02 14:07:00,F,20~29,office,seoul,0,0,0,0,7,0,0,36,0,0,completed
396,U0396,2025-07-21 15:30:00,2025-07-21 15:34:00,F,30~39,office,seoul,0,0,0,0,14,0,0,67,0,0,abandoned
397,U0397,2025-12-20 17:29:00,2025-12-20 17:34:00,F,50+,office,seoul,1,0,0,0,25,0,0,21,1,0,completed
398,U0398,2025-04-21 18:08:00,2025-04-21 18:13:00,F,20~29,office,seoul,0,0,0,0,9,0,0,28,0,0,completed
399,U0399,2025-09-21 15:22:00,2025-09-21 15:25:00,M,20~29,office,seoul,1,0,0,0,1,0,0,33,0,0,completed
400,U0400,2025-04-18 14:35:00,2025-04-18 14:38:00,M,20~29,office,seoul,0,0,0,0,2,0,0,56,0,0,abandoned
401,U0401,2025-03-09 19:15:00,2025-03-09 19:18:00,F,50+,office,seoul,1,0,0,0,9,0,0,18,0,0,completed
402,U0402,2025-09-18 09:35:00,2025-09-18 09:37:00,M,30~39,office,seoul,0,0,0,0,21,0,0,79,0,0,completed
403,U0403,2025-12-03 14:46:00,2025-12-03 14:53:00,F,50+,office,seoul,0,0,0,0,2,0,0,72,0,0,completed
404,U0404,2025-04-30 12:06:00,2025-04-30 12:10:00,M,50+,office,seoul,0,0,0,0,20,0,0,41,0,0,completed
405,U0405,2025-04-03 19:51:00,2025-04-03 19:55:00,F,20~29,office,seoul,0,0,0,0,21,0,0,52,0,0,completed
406,U0406,2025-08-03 12:04:00,2025-08-03 12:09:00,F,40~49,office,seoul,1,0,0,0,13,0,0,16,0,0,abandoned
407,U0407,2025-02-19 19:29:00,2025-02-19 19:36:00,M,40~49,office,seoul,0,0,0,0,9,0,0,75,0,0,completed
408,U0408,2025-06-21 08:22:00,2025-06-21 08:26:00,F,20~29,office,seoul,1,0,0,0,16,0,0,27,0,0,completed
409,U0409,2025-08-17 11:18:00,2025-08-17 11:21:00,F,20~29,office,seoul,1,0,0,0,11,0,0,27,0,0,timeout
410,U0410,2025-04-16 12:20:00,2025-04-16 12:25:00,F,40~49,office,seoul,0,0,0,0,7,0,0,77,0,0,completed
411,U0411,2025-01-22 17:21:00,2025-01-22 17:27:00,F,50+,office,seoul,0,0,0,0,12,0,0,79,0,1,completed
412,U0412,2025-06-11 08:41:00,2025-06-11 08:46:00,M,30~39,office,seoul,0,0,0,0,0,0,0,18,0,0,completed
413,U0413,2025-11-14 16:50:00,2025-11-14 16:55:00,M,30~39,office,seoul,0,0,0,0,18,0,0,74,0,0,completed
414,U0414,2025-01-17 18:36:00,2025-01-17 18:38:00,M,50+,office,seoul,0,0,0,0,2,0,0,48,0,0,completed
415,U0415,2025-06-03 15:29:00,2025-06-03 15:31:00,F,50+,office,seoul,0,0,0,0,5,0,0,72,0,0,completed
416,U0416,2025-06-30 08:20:00,2025-06-30 08:27:00,M,20~29,office,seoul,0,0,0,0,21,0,0,63,0,0,completed
417,U0417,2025-09-16 21:09:00,2025-09-16 21:14:00,F,20~29,office,seoul,0,0,0,0,18,0,0,25,0,0,completed
418,U0418,2025-08-14 16:18:00,2025-08-14 16:20:00,F,20~29,office,seoul,0,0,0,0,26,0,0,10,0,0,completed
419,U0419,2025-06-22 17:12:00,2025-06-22 17:15:00,M,50+,office,seoul,1,0,0,0,14,0,0,71,0,0,completed
420,U0420,2025-04-17 13:26:00,2025-04-17 13:31:00,F,30~39,office,seoul,0,0,0,0,18,0,0,72,0,0,completed
421,U0421,2025-03-07 12:00:00,2025-03-07 12:06:00,M,20~29,office,seoul,0,0,0,0,10,0,0,20,0,0,completed
422,U0422,2025-08-13 14:17:00,2025-08-13 14:24:00,F,40~49,office,seoul,0,0,0,0,25,0,0,12,0,0,completed
423,U0423,2025-04-06 08:17:00,2025-04-06 08:21:00,F,30~39,office,seoul,1,0,0,0,29,0,0,33,0,0,timeout
424,U0424,2025-10-31 14:12:00,2025-10-31 14:17:00,F,30~39,office,seoul,0,0,0,0,4,0,0,36,0,0,completed
425,U0425,2025-09-09 13:05:00,2025-09-09 13:08:00,M,20~29,office,seoul,0,0,0,0,26,0,0,68,0,0,completed
426,U0426,2025-09-12 09:22:00,2025-09-12 09:24:00,F,20~29,office,seoul,0,0,0,0,15,0,0,60,0,0,completed
427,U0427,2025-11-11 08:59:00,2025-11-11 09:05:00,F,40~49,office,seoul,0,0,0,0,25,0,0,15,0,0,completed
428,U0428,2025-09-26 18:05:00,2025-09-26 18:08:00,F,20~29,office,seoul,0,0,0,0,14,0,0,48,0,0,completed
429,U0429,2025-07-02 14:01:00,2025-07-02 14:08:00,F,40~49,office,seoul,0,0,0,0,29,0,0,38,0,0,completed
430,U0430,2025-02-05 14:09:00,2025-02-05 14:16:00,M,20~29,office,seoul,0,0,0,0,3,0,0,56,0,0,completed
431,U0431,2025-05-14 13:03:00,2025-05-14 13:07:00,M,20~29,office,seoul,0,0,0,0,15,0,0,28,0,0,completed
432,U0432,2025-11-12 11:27:00,2025-11-12 11:31:00,F,20~29,office,seoul,0,0,0,0,1,0,0,20,0,0,completed
433,U0433,2025-09-11 09:27:00,2025-09-11 09:34:00,M,30~39,office,seoul,0,0,0,0,25,0,0,16,1,0,completed
434,U0434,2025-04-18 07:14:00,2025-04-18 07:20:00,F,20~29,office,seoul,0,0,0,0,5,0,0,79,0,0,completed
435,U0435,2025-08-05 08:50:00,2025-08-05 08:54:00,F,40~49,office,seoul,0,0,0,0,22,0,0,69,0,0,completed
436,U0436,2025-12-21 22:21:00,2025-12-21 22:24:00,F,30~39,office,seoul,1,0,0,0,11,0,0,23,1,0,completed
437,U0437,2025-10-17 15:13:00,2025-10-17 15:19:00,F,30~39,office,seoul,0,0,0,0,22,0,0,42,0,0,completed
438,U0438,2025-09-30 15:53:00,2025-09-30 15:56:00,M,20~29,office,seoul,0,0,0,0,26,0,0,33,0,0,completed
439,U0439,2025-06-02 21:29:00,2025-06-02 21:32:00,M,40~49,office,seoul,0,0,0,0,16,0,0,74,0,0,completed
440,U0440,2025-02-20 14:29:00,2025-02-20 14:31:00,F,20~29,office,seoul,0,0,0,0,25,0,0,75,0,0,abandoned
441,U0441,2025-02-05 17:50:00,2025-02-05 17:52:00,F,20~29,office,seoul,0,0,0,0,27,0,0,75,0,0,completed
442,U0442,2025-04-06 15:43:00,2025-04-06 15:49:00,F,40~49,office,seoul,1,0,0,0,1,0,0,67,0,0,completed
443,U0443,2025-09-12 12:55:00,2025-09-12 12:58:00,M,30~39,office,seoul,0,0,0,0,28,0,0,14,0,0,completed
444,U0444,2025-05-19 17:35:00,2025-05-19 17:42:00,M,30~39,office,seoul,0,0,0,0,14,0,0,21,0,0,completed
445,U0445,2025-07-28 14:50:00,2025-07-28 14:52:00,F,30~39,office,seoul,0,0,0,0,1,0,0,43,0,0,completed
446,U0446,2025-08-15 16:24:00,2025-08-15 16:30:00,M,30~39,office,seoul,0,0,0,0,5,0,0,54,0,0,completed
447,U0447,2025-08-10 14:01:00,2025-08-10 14:07:00,M,30~39,office,seoul,1,0,0,0,3,0,0,17,0,0,completed
448,U0448,2025-05-01 16:16:00,2025-05-01 16:18:00,F,50+,office,seoul,0,0,0,0,11,0,0,51,1,0,completed
449,U0449,2025-08-05 18:22:00,2025-08-05 18:29:00,F,40~49,office,seoul,0,0,0,0,17,0,0,30,0,0,completed
450,U0450,2025-05-16 16:20:00,2025-05-16 16:25:00,F,50+,office,seoul,0,0,0,0,7,0,0,35,0,1,completed
451,U0451,2025-05-17 09:09:00,2025-05-17 09:16:00,F,20~29,office,seoul,1,0,0,0,28,0,0,36,0,0,completed
452,U0452,2025-01-14 12:30:00,2025-01-14 12:36:00,F,20~29,office,seoul,0,0,0,0,25,0,0,36,0,0,completed
453,U0453,2025-08-11 08:55:00,2025-08-11 09:02:00,M,40~49,office,seoul,0,0,0,0,28,0,0,23,0,0,completed
454,U0454,2025-08-25 19:24:00,2025-08-25 19:29:00,F,50+,office,seoul,0,0,0,0,29,0,0,48,0,0,completed
455,U0455,2025-01-13 14:11:00,2025-01-13 14:16:00,F,40~49,office,seoul,0,0,0,0,20,0,0,64,0,0,completed
456,U0456,2025-08-07 08:57:00,2025-08-07 09:04:00,M,20~29,office,seoul,0,0,0,0,19,0,0,75,0,0,completed
457,U0457,2025-06-03 13:40:00,2025-06-03 13:47:00,F,40~49,office,seoul,0,0,0,0,3,0,0,27,0,0,completed
458,U0458,2025-01-08 09:05:00,2025-01-08 09:08:00,F,40~49,office,seoul,0,0,0,0,27,0,0,48,0,0,completed
459,U0459,2025-05-15 15:48:00,2025-05-15 15:54:00,F,20~29,office,seoul,0,0,0,0,18,0,0,30,0,0,completed
460,U0460,2025-12-12 19:54:00,2025-12-12 20:00:00,F,50+,office,seoul,0,0,0,0,7,0,0,54,0,0,completed
461,U0461,2025-01-07 16:31:00,2025-01-07 16:33:00,M,30~39,office,seoul,0,0,0,0,28,0,0,73,0,0,abandoned
462,U0462,2025-10-22 07:35:00,2025-10-22 07:40:00,M,30~39,office,seoul,0,0,0,0,9,0,0,45,0,0,timeout
463,U0463,2025-07-12 11:08:00,2025-07-12 11:15:00,F,20~29,office,seoul,1,0,0,0,11,0,0,13,0,0,completed
464,U0464,2025-07-20 12:58:00,2025-07-20 13:03:00,F,20~29,office,seoul,1,0,0,0,7,0,0,44,0,0,completed
465,U0465,2025-09-10 11:32:00,2025-09-10 11:39:00,M,50+,office,seoul,0,0,0,0,0,0,0,26,1,0,abandoned
466,U0466,2025-08-13 15:15:00,2025-08-13 15:21:00,F,20~29,office,seoul,0,0,0,0,3,0,0,62,0,0,completed
467,U0467,2025-01-16 13:28:00,2025-01-16 13:34:00,F,30~39,office,seoul,0,0,0,0,2,0,0,42,0,0,completed
468,U0468,2025-08-22 15:39:00,2025-08-22 15:45:00,M,20~29,office,seoul,0,0,0,0,14,0,0,67,0,0,completed
469,U0469,2025-11-10 16:48:00,2025-11-10 16:55:00,F,30~39,office,seoul,0,0,0,0,3,0,0,19,0,0,completed
470,U0470,2025-09-21 08:55:00,2025-09-21 08:58:00,F,40~49,office,seoul,1,0,0,0,10,0,0,10,0,0,completed
471,U0471,2025-06-14 09:12:00,2025-06-14 09:14:00,F,20~29,office,seoul,1,0,0,0,12,0,0,69,0,0,completed
472,U0472,2025-10-26 08:46:00,2025-10-26 08:49:00,M,40~49,office,seoul,1,0,0,0,21,0,0,73,0,0,completed
473,U0473,2025-12-13 20:34:00,2025-12-13 20:38:00,F,30~39,office,seoul,1,0,0,0,12,0,0,68,0,0,timeout
474,U0474,2025-02-07 07:40:00,2025-02-07 07:42:00,F,40~49,office,seoul,0,0,0,0,13,0,0,52,0,0,timeout
475,U0475,2025-11-20 12:18:00,2025-11-20 12:25:00,F,40~49,office,seoul,0,0,0,0,24,0,0,46,0,0,completed
476,U0476,2025-04-20 14:29:00,2025-04-20 14:32:00,M,20~29,office,seoul,1,0,0,0,11,0,0,70,0,0,completed
477,U0477,2025-12-17 19:54:00,2025-12-17 19:58:00,M,50+,office,seoul,0,0,0,0,6,0,0,50,0,0,completed
478,U0478,2025-05-07 15:55:00,2025-05-07 15:59:00,F,30~39,office,seoul,0,0,0,0,1,0,0,30,0,0,completed
479,U0479,2025-11-21 14:49:00,2025-11-21 14:54:00,F,20~29,office,seoul,0,0,0,0,18,0,0,58,0,0,completed
480,U0480,2025-04-02 09:31:00,2025-04-02 09:37:00,F,30~39,office,seoul,0,0,0,0,11,0,0,23,0,0,completed
481,U0481,2025-11-11 15:17:00,2025-11-11 15:20:00,M,40~49,office,seoul,0,0,0,0,8,0,0,67,0,0,completed
482,U0482,2025-03-04 16:52:00,2025-03-04 16:59:00,M,40~49,office,seoul,0,0,0,0,2,0,0,79,0,0,completed
483,U0483,2025-06-15 17:04:00,2025-06-15 17:11:00,F,40~49,office,seoul,1,0,0,0,27,0,0,24,0,1,completed
484,U0484,2025-04-25 09:23:00,2025-04-25 09:30:00,F,20~29,office,seoul,0,0,0,0,20,0,0,37,0,0,completed
485,U0485,2025-10-22 14:33:00,2025-10-22 14:37:00,F,20~29,office,seoul,0,0,0,0,26,0,0,52,0,0,completed
486,U0486,2025-07-26 15:04:00,2025-07-26 15:08:00,F,30~39,office,seoul,1,0,0,0,8,0,0,37,0,0,abandoned
487,U0487,2025-06-22 14:07:00,2025-06-22 14:13:00,F,30~39,office,seoul,1,0,0,0,24,0,0,58,0,0,completed
488,U0488,2025-04-10 18:44:00,2025-04-10 18:46:00,F,40~49,office,seoul,0,0,0,0,2,0,0,50,0,1,completed
489,U0489,2025-09-03 11:44:00,2025-09-03 11:47:00,F,40~49,office,seoul,0,0,0,0,7,0,0,44,0,0,completed
490,U0490,2025-03-27 19:30:00,2025-03-27 19:37:00,M,30~39,office,seoul,0,0,0,0,14,0,0,71,0,0,completed
491,U0491,2025-05-24 07:56:00,2025-05-24 08:03:00,F,40~49,office,seoul,1,0,0,0,26,0,0,69,0,0,completed
492,U0492,2025-07-24 18:41:00,2025-07-24 18:47:00,F,30~39,office,seoul,0,0,0,0,0,0,0,42,0,0,completed
493,U0493,2025-08-23 09:33:00,2025-08-23 09:39:00,M,20~29,office,seoul,1,0,0,0,29,0,0,15,0,0,completed
494,U0494,2025-12-17 18:14:00,2025-12-17 18:17:00,F,20~29,office,seoul,0,0,0,0,9,0,0,45,0,0,completed
495,U0495,2025-07-06 15:31:00,2025-07-06 15:38:00,M,20~29,office,seoul,1,0,0,0,24,0,0,27,0,0,completed
496,U0496,2025-11-04 17:21:00,2025-11-04 17:27:00,F,20~29,office,seoul,0,0,0,0,9,0,0,19,0,0,completed
497,U0497,2025-04-20 07:42:00,2025-04-20 07:45:00,F,50+,office,seoul,1,0,0,0,16,0,0,12,1,0,completed
498,U0498,2025-01-21 09:20:00,2025-01-21 09:25:00,F,30~39,office,seoul,0,0,0,0,7,0,0,59,0,0,completed
499,U0499,2025-03-05 18:32:00,2025-03-05 18:35:00,F,20~29,office,seoul,0,0,0,0,22,0,0,70,0,0,timeout
500,U0500,2025-10-09 09:21:00,2025-10-09 09:25:00,M,20~29,office,seoul,0,0,0,0,29,0,0,12,0,0,completed
501,U0501,2025-01-30 18:06:00,2025-01-30 18:11:00,F,40~49,office,seoul,0,0,0,0,26,0,0,38,0,0,completed
502,U0502,2025-07-26 16:47:00,2025-07-26 16:52:00,M,40~49,office,seoul,1,0,0,0,13,0,0,55,1,0,completed
503,U0503,2025-01-27 12:01:00,2025-01-27 12:06:00,M,20~29,office,seoul,0,0,0,0,28,0,0,45,0,0,timeout
504,U0504,2025-04-14 22:26:00,2025-04-14 22:28:00,M,50+,office,seoul,0,0,0,0,8,0,0,65,0,0,completed
505,U0505,2025-05-10 17:36:00,2025-05-10 17:41:00,M,20~29,office,seoul,1,0,0,0,19,0,0,48,0,0,completed
506,U0506,2025-10-15 08:30:00,2025-10-15 08:32:00,F,20~29,office,seoul,0,0,0,0,2,0,0,54,0,0,error
507,U0507,2025-09-08 16:14:00,2025-09-08 16:20:00,F,20~29,office,seoul,0,0,0,0,16,0,0,50,0,0,completed
508,U0508,2025-06-17 08:56:00,2025-06-17 09:02:00,F,40~49,office,seoul,0,0,0,0,6,0,0,79,0,0,completed
509,U0509,2025-05-09 15:51:00,2025-05-09 15:56:00,M,30~39,office,seoul,0,0,0,0,20,0,0,62,0,0,completed
510,U0510,2025-06-14 08:46:00,2025-06-14 08:51:00,M,30~39,office,seoul,1,0,0,0,18,0,0,18,0,0,completed
511,U0511,2025-03-09 16:47:00,2025-03-09 16:54:00,F,20~29,office,seoul,1,0,0,0,4,0,0,11,0,0,abandoned
512,U0512,2025-06-12 07:02:00,2025-06-12 07:04:00,M,40~49,office,seoul,0,0,0,0,14,0,0,49,0,0,completed
513,U0513,2025-12-04 13:06:00,2025-12-04 13:12:00,F,30~39,office,seoul,0,0,0,0,8,0,0,57,0,0,completed
514,U0514,2025-12-06 22:40:00,2025-12-06 22:46:00,F,50+,office,seoul,1,0,0,0,1,0,0,42,0,0,completed
515,U0515,2025-03-23 16:07:00,2025-03-23 16:14:00,F,40~49,office,seoul,1,0,0,0,13,0,0,48,0,0,completed
516,U0516,2025-12-14 15:27:00,2025-12-14 15:32:00,M,40~49,office,seoul,1,0,0,0,14,0,0,28,0,0,completed
517,U0517,2025-06-08 17:22:00,2025-06-08 17:27:00,F,20~29,office,seoul,1,0,0,0,13,0,0,63,1,0,completed
518,U0518,2025-08-03 11:14:00,2025-08-03 11:16:00,F,30~39,office,seoul,1,0,0,0,2,0,0,63,0,0,completed
519,U0519,2025-10-25 13:18:00,2025-10-25 13:22:00,F,30~39,office,seoul,1,0,0,0,9,0,0,47,0,0,completed
520,U0520,2025-03-14 13:45:00,2025-03-14 13:51:00,M,40~49,office,seoul,0,0,0,0,0,0,0,42,0,0,completed
521,U0521,2025-02-08 12:31:00,2025-02-08 12:35:00,F,30~39,office,seoul,1,0,0,0,12,0,0,68,0,0,completed
522,U0522,2025-03-23 20:07:00,2025-03-23 20:09:00,F,30~39,office,seoul,1,0,0,0,22,0,0,53,0,1,completed
523,U0523,2025-02-13 11:55:00,2025-02-13 12:02:00,F,20~29,office,seoul,0,0,0,0,6,0,0,18,0,0,completed
524,U0524,2025-02-15 07:16:00,2025-02-15 07:18:00,F,30~39,office,seoul,1,0,0,0,5,0,0,16,0,0,abandoned
525,U0525,2025-03-22 14:19:00,2025-03-22 14:23:00,F,20~29,office,seoul,1,0,0,0,0,0,0,44,0,0,completed
526,U0526,2025-11-19 09:56:00,2025-11-19 10:03:00,F,20~29,office,seoul,0,0,0,0,17,0,0,53,0,0,abandoned
527,U0527,2025-12-22 08:23:00,2025-12-22 08:27:00,M,50+,office,seoul,0,0,0,0,6,0,0,70,1,0,completed
528,U0528,2025-04-23 20:37:00,2025-04-23 20:39:00,F,30~39,office,seoul,0,0,0,0,12,0,0,79,0,0,completed
529,U0529,2025-01-22 21:35:00,2025-01-22 21:39:00,F,40~49,office,seoul,0,0,0,0,27,0,0,37,0,0,completed
530,U0530,2025-02-25 14:34:00,2025-02-25 14:40:00,M,20~29,office,seoul,0,0,0,0,3,0,0,41,0,0,completed
531,U0531,2025-01-13 18:52:00,2025-01-13 18:55:00,F,20~29,office,seoul,0,0,0,0,21,0,0,64,0,0,completed
532,U0532,2025-08-09 16:59:00,2025-08-09 17:01:00,F,20~29,office,seoul,1,0,0,0,5,0,0,51,0,0,completed
533,U0533,2025-09-12 12:20:00,2025-09-12 12:25:00,M,30~39,office,seoul,0,0,0,0,17,0,0,50,0,0,completed
534,U0534,2025-10-15 16:12:00,2025-10-15 16:16:00,F,50+,office,seoul,0,0,0,0,22,0,0,32,0,0,completed
535,U0535,2025-12-27 07:09:00,2025-12-27 07:16:00,F,20~29,office,seoul,1,0,0,0,6,0,0,19,0,0,completed
536,U0536,2025-02-15 13:48:00,2025-02-15 13:51:00,F,20~29,office,seoul,1,0,0,0,16,0,0,65,0,0,completed
537,U0537,2025-10-11 09:05:00,2025-10-11 09:08:00,M,50+,office,seoul,1,0,0,0,4,0,0,42,1,0,completed
538,U0538,2025-07-11 09:54:00,2025-07-11 09:56:00,F,20~29,office,seoul,0,0,0,0,9,0,0,27,0,0,completed
539,U0539,2025-02-06 21:54:00,2025-02-06 22:00:00,M,40~49,office,seoul,0,0,0,0,17,0,0,17,0,0,completed
540,U0540,2025-02-27 11:15:00,2025-02-27 11:20:00,F,20~29,office,seoul,0,0,0,0,29,0,0,22,0,0,abandoned
541,U0541,2025-12-06 08:15:00,2025-12-06 08:22:00,F,40~49,office,seoul,1,0,0,0,15,0,0,38,0,0,completed
542,U0542,2025-08-12 16:49:00,2025-08-12 16:56:00,M,40~49,office,seoul,0,0,0,0,5,0,0,52,0,0,completed
543,U0543,2025-01-25 15:11:00,2025-01-25 15:17:00,F,20~29,office,seoul,1,0,0,0,7,0,0,44,0,0,completed
544,U0544,2025-08-09 15:03:00,2025-08-09 15:09:00,F,20~29,office,seoul,1,0,0,0,27,0,0,67,0,0,completed
545,U0545,2025-06-22 15:02:00,2025-06-22 15:08:00,F,30~39,office,seoul,1,0,0,0,19,0,0,19,0,0,timeout
546,U0546,2025-08-22 18:12:00,2025-08-22 18:17:00,M,20~29,office,seoul,0,0,0,0,14,0,0,27,0,0,completed
547,U0547,2025-08-04 17:39:00,2025-08-04 17:44:00,M,20~29,office,seoul,0,0,0,0,3,0,0,33,0,0,completed
548,U0548,2025-06-28 19:04:00,2025-06-28 19:10:00,M,20~29,office,seoul,1,0,0,0,13,0,0,58,0,0,completed
549,U0549,2025-02-03 20:14:00,2025-02-03 20:19:00,F,40~49,office,seoul,0,0,0,0,9,0,0,40,0,0,completed
550,U0550,2025-02-11 14:14:00,2025-02-11 14:19:00,F,40~49,office,seoul,0,0,0,0,5,0,0,31,0,0,completed
551,U0551,2025-08-08 18:00:00,2025-08-08 18:05:00,F,20~29,office,seoul,0,0,0,0,11,0,0,42,0,0,completed
552,U0552,2025-02-24 11:47:00,2025-02-24 11:54:00,F,20~29,office,seoul,0,0,0,0,3,0,0,59,0,0,completed
553,U0553,2025-08-20 09:34:00,2025-08-20 09:41:00,M,20~29,office,seoul,0,0,0,0,11,0,0,26,0,0,timeout
554,U0554,2025-03-18 17:55:00,2025-03-18 18:02:00,M,30~39,office,seoul,0,0,0,0,5,0,0,42,0,0,completed
555,U0555,2025-11-20 11:12:00,2025-11-20 11:16:00,M,50+,office,seoul,0,0,0,0,2,0,0,67,1,0,completed
556,U0556,2025-06-18 14:38:00,2025-06-18 14:43:00,M,30~39,office,seoul,0,0,0,0,5,0,0,20,0,1,completed
557,U0557,2025-06-11 15:48:00,2025-06-11 15:50:00,F,20~29,office,seoul,0,0,0,0,7,0,0,21,0,0,completed
558,U0558,2025-08-26 13:52:00,2025-08-26 13:55:00,F,30~39,office,seoul,0,0,0,0,4,0,0,61,0,0,completed
559,U0559,2025-10-25 21:04:00,2025-10-25 21:09:00,F,20~29,office,seoul,1,0,0,0,21,0,0,16,0,0,completed
560,U0560,2025-02-01 15:52:00,2025-02-01 15:57:00,M,20~29,office,seoul,1,0,0,0,23,0,0,28,0,0,completed
561,U0561,2025-10-13 16:18:00,2025-10-13 16:24:00,F,20~29,office,seoul,0,0,0,0,22,0,0,47,0,0,completed
562,U0562,2025-10-19 14:18:00,2025-10-19 14:25:00,F,30~39,office,seoul,1,0,0,0,11,0,0,71,0,0,completed
563,U0563,2025-06-19 21:07:00,2025-06-19 21:14:00,M,50+,office,seoul,0,0,0,0,1,0,0,28,0,0,completed
564,U0564,2025-12-09 09:05:00,2025-12-09 09:12:00,F,20~29,office,seoul,0,0,0,0,6,0,0,23,0,0,completed
565,U0565,2025-09-04 15:03:00,2025-09-04 15:08:00,M,40~49,office,seoul,0,0,0,0,9,0,0,59,0,0,completed
566,U0566,2025-09-06 12:38:00,2025-09-06 12:41:00,F,50+,office,seoul,1,0,0,0,11,0,0,59,0,0,completed
567,U0567,2025-02-28 15:09:00,2025-02-28 15:15:00,M,30~39,office,seoul,0,0,0,0,20,0,0,66,0,0,completed
568,U0568,2025-10-20 12:16:00,2025-10-20 12:19:00,F,20~29,office,seoul,0,0,0,0,23,0,0,41,0,0,completed
569,U0569,2025-02-17 14:15:00,2025-02-17 14:20:00,F,20~29,office,seoul,0,0,0,0,20,0,0,61,1,0,error
570,U0570,2025-09-10 08:56:00,2025-09-10 08:58:00,F,50+,office,seoul,0,0,0,0,8,0,0,60,0,0,completed
571,U0571,2025-10-11 08:04:00,2025-10-11 08:06:00,M,50+,office,seoul,1,0,0,0,11,0,0,11,0,0,completed
572,U0572,2025-04-10 08:18:00,2025-04-10 08:24:00,F,50+,office,seoul,0,0,0,0,12,0,0,54,0,0,completed
573,U0573,2025-03-09 18:17:00,2025-03-09 18:21:00,M,40~49,office,seoul,1,0,0,0,0,0,0,21,0,0,completed
574,U0574,2025-06-26 09:35:00,2025-06-26 09:38:00,F,20~29,office,seoul,0,0,0,0,1,0,0,14,0,0,completed
575,U0575,2025-12-25 12:46:00,2025-12-25 12:48:00,F,50+,office,seoul,0,0,0,0,28,0,0,76,0,0,completed
576,U0576,2025-03-26 16:08:00,2025-03-26 16:10:00,M,30~39,office,seoul,0,0,0,0,1,0,0,23,0,0,completed
577,U0577,2025-09-03 22:39:00,2025-09-03 22:42:00,F,30~39,office,seoul,0,0,0,0,21,0,0,49,0,0,error
578,U0578,2025-09-27 18:59:00,2025-09-27 19:03:00,M,20~29,office,seoul,1,0,0,0,20,0,0,10,0,0,completed
579,U0579,2025-06-29 11:48:00,2025-06-29 11:54:00,F,50+,office,seoul,1,0,0,0,5,0,0,11,0,0,abandoned
580,U0580,2025-02-22 18:03:00,2025-02-22 18:05:00,F,40~49,office,seoul,1,0,0,0,17,0,0,30,0,0,completed
581,U0581,2025-09-13 15:29:00,2025-09-13 15:32:00,F,20~29,office,seoul,1,0,0,0,19,0,0,63,0,0,completed
582,U0582,2025-07-27 09:23:00,2025-07-27 09:30:00,F,20~29,office,seoul,1,0,0,0,16,0,0,63,0,0,completed
583,U0583,2025-12-05 15:31:00,2025-12-05 15:38:00,M,50+,office,seoul,0,0,0,0,12,0,0,15,0,0,completed
584,U0584,2025-08-17 08:00:00,2025-08-17 08:04:00,F,20~29,office,seoul,1,0,0,0,5,0,0,59,0,0,abandoned
585,U0585,2025-09-30 09:51:00,2025-09-30 09:54:00,M,30~39,office,seoul,0,0,0,0,10,0,0,52,0,0,completed
586,U0586,2025-07-16 11:00:00,2025-07-16 11:06:00,F,20~29,office,seoul,0,0,0,0,1,0,0,63,0,0,completed
587,U0587,2025-09-05 17:58:00,2025-09-05 18:02:00,M,20~29,office,seoul,0,0,0,0,5,0,0,30,0,0,timeout
588,U0588,2025-02-18 08:38:00,2025-02-18 08:43:00,F,30~39,office,seoul,0,0,0,0,10,0,0,16,0,0,completed
589,U0589,2025-04-14 20:14:00,2025-04-14 20:17:00,F,20~29,office,seoul,0,0,0,0,10,0,0,60,0,0,timeout
590,U0590,2025-10-15 19:19:00,2025-10-15 19:22:00,M,30~39,office,seoul,0,0,0,0,3,0,0,18,0,0,completed
591,U0591,2025-11-17 17:36:00,2025-11-17 17:39:00,F,30~39,office,seoul,0,0,0,0,14,0,0,18,0,0,completed
592,U0592,2025-09-04 14:58:00,2025-09-04 15:00:00,F,20~29,office,seoul,0,0,0,0,8,0,0,66,0,0,completed
593,U0593,2025-01-16 15:11:00,2025-01-16 15:13:00,F,20~29,office,seoul,0,0,0,0,2,0,0,21,0,0,completed
594,U0594,2025-01-24 12:41:00,2025-01-24 12:44:00,F,30~39,office,seoul,0,0,0,0,14,0,0,23,0,0,completed
595,U0595,2025-12-17 09:56:00,2025-12-17 09:59:00,M,50+,office,seoul,0,0,0,0,17,0,0,22,0,0,completed
596,U0596,2025-03-07 18:38:00,2025-03-07 18:42:00,M,40~49,office,seoul,0,0,0,0,12,0,0,47,0,0,completed
597,U0597,2025-01-13 16:28:00,2025-01-13 16:30:00,F,20~29,office,seoul,0,0,0,0,8,0,0,17,1,0,abandoned
598,U0598,2025-02-19 15:05:00,2025-02-19 15:09:00,F,30~39,office,seoul,0,0,0,0,1,0,0,16,0,0,completed
599,U0599,2025-07-31 16:43:00,2025-07-31 16:48:00,F,30~39,office,seoul,0,0,0,0,14,0,0,26,0,0,completed
600,U0600,2025-11-11 14:29:00,2025-11-11 14:33:00,M,40~49,office,seoul,0,0,0,0,3,0,0,11,0,0,completed
601,U0601,2025-12-31 11:52:00,2025-12-31 11:54:00,M,20~29,office,seoul,0,0,0,0,21,0,0,33,0,0,completed
602,U0602,2025-04-28 15:02:00,2025-04-28 15:04:00,F,20~29,office,seoul,0,0,0,0,3,0,0,75,0,0,completed
603,U0603,2025-04-17 15:26:00,2025-04-17 15:30:00,M,30~39,office,seoul,0,0,0,0,1,0,0,23,1,0,completed
604,U0604,2025-04-30 12:44:00,2025-04-30 12:46:00,F,20~29,office,seoul,0,0,0,0,29,0,0,40,0,0,completed
605,U0605,2025-11-06 15:12:00,2025-11-06 15:19:00,M,40~49,office,seoul,0,0,0,0,12,0,0,16,1,0,completed
606,U0606,2025-06-26 20:50:00,2025-06-26 20:53:00,F,20~29,office,seoul,0,0,0,0,20,0,0,11,0,0,completed
607,U0607,2025-07-11 12:20:00,2025-07-11 12:25:00,F,30~39,office,seoul,0,0,0,0,26,0,0,66,0,0,completed
608,U0608,2025-05-17 18:17:00,2025-05-17 18:19:00,F,30~39,office,seoul,1,0,0,0,5,0,0,17,1,0,timeout
609,U0609,2025-08-04 17:08:00,2025-08-04 17:15:00,F,40~49,office,seoul,0,0,0,0,23,0,0,33,0,0,completed
610,U0610,2025-01-09 07:23:00,2025-01-09 07:26:00,F,20~29,office,seoul,0,0,0,0,6,0,0,44,0,0,completed
611,U0611,2025-09-05 14:33:00,2025-09-05 14:36:00,F,30~39,office,seoul,0,0,0,0,20,0,0,70,0,0,completed
612,U0612,2025-02-15 15:19:00,2025-02-15 15:22:00,F,30~39,office,seoul,1,0,0,0,20,0,0,33,0,0,completed
613,U0613,2025-06-10 09:22:00,2025-06-10 09:24:00,M,40~49,office,seoul,0,0,0,0,26,0,0,46,0,0,completed
614,U0614,2025-09-22 14:02:00,2025-09-22 14:06:00,M,20~29,office,seoul,0,0,0,0,18,0,0,10,0,0,completed
615,U0615,2025-04-15 20:01:00,2025-04-15 20:03:00,M,30~39,office,seoul,0,0,0,0,25,0,0,43,0,0,completed
616,U0616,2025-12-19 16:55:00,2025-12-19 17:00:00,F,20~29,office,seoul,0,0,0,0,28,0,0,76,0,0,completed
617,U0617,2025-09-13 09:23:00,2025-09-13 09:26:00,F,20~29,office,seoul,1,0,0,0,29,0,0,55,0,0,completed
618,U0618,2025-09-24 08:01:00,2025-09-24 08:03:00,M,50+,office,seoul,0,0,0,0,2,0,0,58,0,0,completed
619,U0619,2025-07-11 18:26:00,2025-07-11 18:30:00,M,20~29,office,seoul,0,0,0,0,27,0,0,13,0,0,completed
620,U0620,2025-11-16 11:52:00,2025-11-16 11:57:00,M,30~39,office,seoul,1,0,0,0,21,0,0,17,0,0,timeout
621,U0621,2025-01-20 14:32:00,2025-01-20 14:36:00,M,20~29,office,seoul,0,0,0,0,8,0,0,53,0,0,completed
622,U0622,2025-01-24 08:13:00,2025-01-24 08:20:00,M,40~49,office,seoul,0,0,0,0,8,0,0,70,0,0,timeout
623,U0623,2025-02-26 13:20:00,2025-02-26 13:24:00,F,40~49,office,seoul,0,0,0,0,15,0,0,57,0,0,completed
624,U0624,2025-09-23 18:05:00,2025-09-23 18:10:00,M,50+,office,seoul,0,0,0,0,5,0,0,49,1,0,completed
625,U0625,2025-07-25 08:09:00,2025-07-25 08:16:00,M,20~29,office,seoul,0,0,0,0,9,0,0,41,0,0,completed
626,U0626,2025-10-05 11:19:00,2025-10-05 11:22:00,F,30~39,office,seoul,1,0,0,0,1,0,0,12,0,0,timeout
627,U0627,2025-09-05 12:01:00,2025-09-05 12:07:00,F,50+,office,seoul,0,0,0,0,22,0,0,28,0,0,completed
628,U0628,2025-08-22 15:19:00,2025-08-22 15:21:00,M,40~49,office,seoul,0,0,0,0,0,0,0,12,0,0,completed
629,U0629,2025-11-26 20:11:00,2025-11-26 20:13:00,M,40~49,office,seoul,0,0,0,0,0,0,0,15,0,0,completed
630,U0630,2025-05-22 07:47:00,2025-05-22 07:50:00,F,40~49,office,seoul,0,0,0,0,21,0,0,62,0,0,completed
631,U0631,2025-04-24 12:28:00,2025-04-24 12:34:00,M,30~39,office,seoul,0,0,0,0,29,0,0,67,0,0,completed
632,U0632,2025-05-17 13:26:00,2025-05-17 13:31:00,F,30~39,office,seoul,1,0,0,0,20,0,0,40,0,0,abandoned
633,U0633,2025-07-25 20:17:00,2025-07-25 20:20:00,M,50+,office,seoul,0,0,0,0,13,0,0,33,0,0,abandoned
634,U0634,2025-03-14 16:42:00,2025-03-14 16:48:00,M,30~39,office,seoul,0,0,0,0,6,0,0,57,0,0,completed
635,U0635,2025-08-03 14:17:00,2025-08-03 14:24:00,M,20~29,office,seoul,1,0,0,0,0,0,0,76,0,0,completed
636,U0636,2025-03-26 18:51:00,2025-03-26 18:57:00,M,20~29,office,seoul,0,0,0,0,22,0,0,63,0,0,completed
637,U0637,2025-07-28 13:58:00,2025-07-28 14:02:00,F,50+,office,seoul,0,0,0,0,0,0,0,52,0,0,completed
638,U0638,2025-06-06 14:38:00,2025-06-06 14:44:00,M,30~39,office,seoul,0,0,0,0,18,0,0,57,0,0,completed
639,U0639,2025-12-27 16:07:00,2025-12-27 16:10:00,F,50+,office,seoul,1,0,0,0,29,0,0,41,0,0,completed
640,U0640,2025-01-26 09:55:00,2025-01-26 10:00:00,M,30~39,office,seoul,1,0,0,0,24,0,0,63,0,0,completed
641,U0641,2025-05-20 08:35:00,2025-05-20 08:41:00,F,50+,office,seoul,0,0,0,0,15,0,0,79,0,0,completed
642,U0642,2025-12-20 18:25:00,2025-12-20 18:29:00,F,20~29,office,seoul,1,0,0,0,14,0,0,13,0,0,completed
643,U0643,2025-09-15 09:37:00,2025-09-15 09:40:00,F,30~39,office,seoul,0,0,0,0,23,0,0,52,0,0,completed
644,U0644,2025-05-05 12:13:00,2025-05-05 12:20:00,M,20~29,office,seoul,0,0,0,0,21,0,0,48,0,0,completed
645,U0645,2025-06-21 12:39:00,2025-06-21 12:43:00,M,20~29,office,seoul,1,0,0,0,14,0,0,78,0,0,completed
646,U0646,2025-08-25 18:59:00,2025-08-25 19:04:00,F,50+,office,seoul,0,0,0,0,8,0,0,34,0,0,completed
647,U0647,2025-07-01 17:56:00,2025-07-01 18:01:00,F,20~29,office,seoul,0,0,0,0,27,0,0,45,0,0,abandoned
648,U0648,2025-01-28 14:37:00,2025-01-28 14:44:00,F,40~49,office,seoul,0,0,0,0,26,0,0,22,0,0,completed
649,U0649,2025-06-26 18:00:00,2025-06-26 18:05:00,M,40~49,office,seoul,0,0,0,0,25,0,0,25,0,0,completed
650,U0650,2025-11-21 12:18:00,2025-11-21 12:22:00,M,20~29,office,seoul,0,0,0,0,8,0,0,32,0,0,completed
651,U0651,2025-09-30 11:43:00,2025-09-30 11:45:00,F,40~49,office,seoul,0,0,0,0,2,0,0,13,0,0,completed
652,U0652,2025-05-26 16:45:00,2025-05-26 16:52:00,M,30~39,office,seoul,0,0,0,0,26,0,0,66,0,0,completed
653,U0653,2025-04-17 17:23:00,2025-04-17 17:27:00,F,30~39,office,seoul,0,0,0,0,24,0,0,14,0,0,completed
654,U0654,2025-06-23 07:19:00,2025-06-23 07:26:00,M,20~29,office,seoul,0,0,0,0,17,0,0,70,0,0,completed
655,U0655,2025-04-15 13:40:00,2025-04-15 13:43:00,M,50+,office,seoul,0,0,0,0,3,0,0,10,0,0,completed
656,U0656,2025-07-02 07:30:00,2025-07-02 07:32:00,F,50+,office,seoul,0,0,0,0,7,0,0,27,0,0,completed
657,U0657,2025-04-30 16:23:00,2025-04-30 16:28:00,F,20~29,office,seoul,0,0,0,0,18,0,0,11,0,0,abandoned
658,U0658,2025-05-09 12:53:00,2025-05-09 12:55:00,M,40~49,office,seoul,0,0,0,0,25,0,0,32,0,0,completed
659,U0659,2025-06-14 11:43:00,2025-06-14 11:45:00,M,30~39,office,seoul,1,0,0,0,25,0,0,38,0,0,completed
660,U0660,2025-11-30 16:40:00,2025-11-30 16:45:00,F,50+,office,seoul,1,0,0,0,4,0,0,23,0,0,completed
661,U0661,2025-06-01 15:46:00,2025-06-01 15:50:00,F,50+,office,seoul,1,0,0,0,17,0,0,31,0,0,completed
662,U0662,2025-07-04 17:03:00,2025-07-04 17:08:00,M,20~29,office,seoul,0,0,0,0,19,0,0,29,0,0,completed
663,U0663,2025-01-19 09:26:00,2025-01-19 09:32:00,F,40~49,office,seoul,1,0,0,0,22,0,0,29,0,0,completed
664,U0664,2025-10-06 18:21:00,2025-10-06 18:24:00,F,20~29,office,seoul,0,0,0,0,28,0,0,24,0,0,completed
665,U0665,2025-01-31 12:52:00,2025-01-31 12:57:00,F,20~29,office,seoul,0,0,0,0,4,0,0,72,0,0,completed
666,U0666,2025-11-30 09:25:00,2025-11-30 09:32:00,M,20~29,office,seoul,1,0,0,0,14,0,0,72,0,0,completed
667,U0667,2025-03-19 13:20:00,2025-03-19 13:24:00,M,20~29,office,seoul,0,0,0,0,3,0,0,77,0,0,completed
668,U0668,2025-09-27 15:22:00,2025-09-27 15:25:00,F,30~39,office,seoul,1,0,0,0,1,0,0,34,0,0,abandoned
669,U0669,2025-07-28 12:55:00,2025-07-28 12:58:00,M,50+,office,seoul,0,0,0,0,8,0,0,71,0,0,completed
670,U0670,2025-09-23 13:03:00,2025-09-23 13:07:00,M,20~29,office,seoul,0,0,0,0,2,0,0,22,0,0,completed
671,U0671,2025-08-13 20:36:00,2025-08-13 20:40:00,F,30~39,office,seoul,0,0,0,0,11,0,0,58,0,0,completed
672,U0672,2025-03-28 14:02:00,2025-03-28 14:08:00,M,20~29,office,seoul,0,0,0,0,29,0,0,39,0,0,completed
673,U0673,2025-06-06 07:02:00,2025-06-06 07:08:00,F,20~29,office,seoul,0,0,0,0,26,0,0,16,0,0,completed
674,U0674,2025-01-30 08:14:00,2025-01-30 08:16:00,F,40~49,office,seoul,0,0,0,0,19,0,0,33,0,0,completed
675,U0675,2025-11-13 16:42:00,2025-11-13 16:45:00,M,30~39,office,seoul,0,0,0,0,22,0,0,77,0,0,completed
676,U0676,2025-05-20 18:59:00,2025-05-20 19:05:00,M,50+,office,seoul,0,0,0,0,12,0,0,66,1,0,completed
677,U0677,2025-07-07 15:33:00,2025-07-07 15:39:00,M,30~39,office,seoul,0,0,0,0,25,0,0,20,0,0,completed
678,U0678,2025-08-10 21:25:00,2025-08-10 21:28:00,M,40~49,office,seoul,1,0,0,0,16,0,0,59,0,0,completed
679,U0679,2025-07-29 19:26:00,2025-07-29 19:31:00,M,50+,office,seoul,0,0,0,0,17,0,0,73,0,0,completed
680,U0680,2025-12-17 16:10:00,2025-12-17 16:16:00,M,20~29,office,seoul,0,0,0,0,23,0,0,40,0,0,completed
681,U0681,2025-07-06 18:48:00,2025-07-06 18:50:00,F,20~29,office,seoul,1,0,0,0,2,0,0,17,0,0,completed
682,U0682,2025-07-31 12:43:00,2025-07-31 12:46:00,F,50+,office,seoul,0,0,0,0,25,0,0,15,0,0,completed
683,U0683,2025-06-19 17:37:00,2025-06-19 17:41:00,F,30~39,office,seoul,0,0,0,0,10,0,0,43,0,0,completed
684,U0684,2025-02-25 09:15:00,2025-02-25 09:22:00,F,50+,office,seoul,0,0,0,0,14,0,0,32,0,0,completed
685,U0685,2025-10-16 08:25:00,2025-10-16 08:32:00,F,20~29,office,seoul,0,0,0,0,15,0,0,25,0,0,completed
686,U0686,2025-05-16 20:20:00,2025-05-16 20:27:00,M,30~39,office,seoul,0,0,0,0,12,0,0,57,0,0,completed
687,U0687,2025-09-15 14:29:00,2025-09-15 14:34:00,M,40~49,office,seoul,0,0,0,0,2,0,0,66,0,0,abandoned
688,U0688,2025-04-13 18:45:00,2025-04-13 18:52:00,M,20~29,office,seoul,1,0,0,0,12,0,0,25,1,0,completed
689,U0689,2025-02-16 21:31:00,2025-02-16 21:38:00,F,50+,office,seoul,1,0,0,0,10,0,0,53,0,1,completed
690,U0690,2025-10-29 07:41:00,2025-10-29 07:43:00,F,20~29,office,seoul,0,0,0,0,3,0,0,49,0,1,abandoned
691,U0691,2025-06-01 17:38:00,2025-06-01 17:40:00,M,40~49,office,seoul,1,0,0,0,8,0,0,19,0,0,completed
692,U0692,2025-04-10 09:00:00,2025-04-10 09:02:00,F,20~29,office,seoul,0,0,0,0,1,0,0,21,0,0,completed
693,U0693,2025-10-19 20:15:00,2025-10-19 20:22:00,M,30~39,office,seoul,1,0,0,0,17,0,0,68,0,0,completed
694,U0694,2025-04-24 13:08:00,2025-04-24 13:12:00,F,20~29,office,seoul,0,0,0,0,29,0,0,39,0,0,abandoned
695,U0695,2025-10-08 18:37:00,2025-10-08 18:41:00,F,40~49,office,seoul,0,0,0,0,18,0,0,17,0,0,completed
696,U0696,2025-04-15 14:32:00,2025-04-15 14:35:00,F,40~49,office,seoul,0,0,0,0,3,0,0,32,0,1,completed
697,U0697,2025-08-15 14:25:00,2025-08-15 14:31:00,M,30~39,office,seoul,0,0,0,0,12,0,0,49,0,0,completed
698,U0698,2025-12-26 16:28:00,2025-12-26 16:30:00,F,30~39,office,seoul,0,0,0,0,22,0,0,65,0,0,completed
699,U0699,2025-08-27 15:30:00,2025-08-27 15:32:00,F,40~49,office,seoul,0,0,0,0,18,0,0,12,0,0,completed
700,U0700,2025-07-08 16:57:00,2025-07-08 17:00:00,F,40~49,office,seoul,0,0,0,0,2,0,0,29,0,0,completed
701,U0701,2025-05-23 12:50:00,2025-05-23 12:54:00,F,20~29,office,seoul,0,0,0,0,18,0,0,28,0,0,completed
702,U0702,2025-06-08 16:13:00,2025-06-08 16:15:00,M,30~39,office,seoul,1,0,0,0,0,0,0,42,0,0,completed
703,U0703,2025-12-13 12:13:00,2025-12-13 12:18:00,F,40~49,office,seoul,1,0,0,0,9,0,0,29,0,0,completed
704,U0704,2025-02-21 13:33:00,2025-02-21 13:37:00,F,30~39,office,seoul,0,0,0,0,25,0,0,24,0,0,completed
705,U0705,2025-05-31 22:38:00,2025-05-31 22:41:00,F,20~29,office,seoul,1,0,0,0,0,0,0,20,0,0,completed
706,U0706,2025-07-10 16:57:00,2025-07-10 17:04:00,F,30~39,office,seoul,0,0,0,0,14,0,0,59,0,0,completed
707,U0707,2025-12-27 07:34:00,2025-12-27 07:36:00,F,50+,office,seoul,1,0,0,0,25,0,0,68,0,1,completed
708,U0708,2025-06-26 16:55:00,2025-06-26 17:00:00,F,20~29,office,seoul,0,0,0,0,21,0,0,46,0,0,error
709,U0709,2025-05-27 12:02:00,2025-05-27 12:09:00,M,30~39,office,seoul,0,0,0,0,4,0,0,48,0,0,abandoned
710,U0710,2025-03-27 16:11:00,2025-03-27 16:16:00,F,40~49,office,seoul,0,0,0,0,3,0,0,36,0,0,completed
711,U0711,2025-07-19 19:31:00,2025-07-19 19:37:00,M,40~49,office,seoul,1,0,0,0,24,0,0,21,0,0,error
712,U0712,2025-07-21 12:30:00,2025-07-21 12:34:00,F,50+,office,seoul,0,0,0,0,5,0,0,31,1,0,completed
713,U0713,2025-06-07 16:46:00,2025-06-07 16:50:00,F,30~39,office,seoul,1,0,0,0,6,0,0,70,0,0,completed
714,U0714,2025-04-25 09:52:00,2025-04-25 09:57:00,F,50+,office,seoul,0,0,0,0,7,0,0,47,0,0,completed
715,U0715,2025-07-13 19:39:00,2025-07-13 19:45:00,M,20~29,office,seoul,1,0,0,0,17,0,0,26,0,0,error
716,U0716,2025-06-13 11:30:00,2025-06-13 11:34:00,F,30~39,office,seoul,0,0,0,0,8,0,0,55,0,0,completed
717,U0717,2025-03-09 08:55:00,2025-03-09 09:01:00,F,20~29,office,seoul,1,0,0,0,5,0,0,32,0,0,completed
718,U0718,2025-09-29 09:36:00,2025-09-29 09:38:00,F,50+,office,seoul,0,0,0,0,26,0,0,71,0,0,completed
719,U0719,2025-12-11 20:37:00,2025-12-11 20:43:00,F,30~39,office,seoul,0,0,0,0,21,0,0,17,0,0,timeout
720,U0720,2025-09-01 20:04:00,2025-09-01 20:06:00,M,50+,office,seoul,0,0,0,0,1,0,0,37,0,0,abandoned
721,U0721,2025-04-10 16:59:00,2025-04-10 17:06:00,F,20~29,office,seoul,0,0,0,0,10,0,0,33,0,0,completed
722,U0722,2025-01-26 13:05:00,2025-01-26 13:07:00,F,20~29,office,seoul,1,0,0,0,18,0,0,76,0,0,completed
723,U0723,2025-01-28 09:34:00,2025-01-28 09:39:00,F,30~39,office,seoul,0,0,0,0,6,0,0,73,0,0,abandoned
724,U0724,2025-05-16 16:03:00,2025-05-16 16:05:00,F,30~39,office,seoul,0,0,0,0,17,0,0,40,0,0,completed
725,U0725,2025-01-27 12:13:00,2025-01-27 12:17:00,M,20~29,office,seoul,0,0,0,0,6,0,0,19,0,0,completed
726,U0726,2025-07-18 21:28:00,2025-07-18 21:32:00,M,50+,office,seoul,0,0,0,0,21,0,0,15,0,0,completed
727,U0727,2025-02-04 07:40:00,2025-02-04 07:47:00,F,20~29,office,seoul,0,0,0,0,13,0,0,60,0,0,completed
728,U0728,2025-12-11 12:20:00,2025-12-11 12:27:00,F,40~49,office,seoul,0,0,0,0,12,0,0,26,0,0,completed
729,U0729,2025-02-25 14:47:00,2025-02-25 14:51:00,F,20~29,office,seoul,0,0,0,0,4,0,0,26,0,0,completed
730,U0730,2025-07-20 20:36:00,2025-07-20 20:38:00,F,20~29,office,seoul,1,0,0,0,12,0,0,49,0,0,completed
731,U0731,2025-02-02 13:57:00,2025-02-02 14:00:00,F,20~29,office,seoul,1,0,0,0,21,0,0,72,0,0,completed
732,U0732,2025-09-25 19:13:00,2025-09-25 19:19:00,F,20~29,office,seoul,0,0,0,0,7,0,0,76,0,0,completed
733,U0733,2025-11-27 14:38:00,2025-11-27 14:42:00,M,40~49,office,seoul,0,0,0,0,15,0,0,22,0,0,timeout
734,U0734,2025-01-23 08:21:00,2025-01-23 08:25:00,M,30~39,office,seoul,0,0,0,0,19,0,0,31,0,0,completed
735,U0735,2025-06-11 18:53:00,2025-06-11 18:58:00,M,30~39,office,seoul,0,0,0,0,22,0,0,58,0,0,completed
736,U0736,2025-08-30 11:08:00,2025-08-30 11:11:00,M,30~39,office,seoul,1,0,0,0,10,0,0,28,0,0,completed
737,U0737,2025-09-02 20:10:00,2025-09-02 20:13:00,F,40~49,office,seoul,0,0,0,0,16,0,0,44,0,0,completed
738,U0738,2025-04-24 12:26:00,2025-04-24 12:33:00,M,50+,office,seoul,0,0,0,0,3,0,0,37,0,0,completed
739,U0739,2025-02-28 16:45:00,2025-02-28 16:49:00,M,50+,office,seoul,0,0,0,0,17,0,0,24,0,0,completed
740,U0740,2025-10-26 16:07:00,2025-10-26 16:14:00,M,20~29,office,seoul,1,0,0,0,26,0,0,22,0,0,completed
741,U0741,2025-03-05 13:59:00,2025-03-05 14:01:00,F,40~49,office,seoul,0,0,0,0,0,0,0,66,0,0,completed
742,U0742,2025-12-07 09:24:00,2025-12-07 09:28:00,M,30~39,office,seoul,1,0,0,0,5,0,0,35,0,0,completed
743,U0743,2025-07-17 12:28:00,2025-07-17 12:35:00,F,40~49,office,seoul,0,0,0,0,27,0,0,30,0,0,completed
744,U0744,2025-06-24 09:32:00,2025-06-24 09:34:00,M,20~29,office,seoul,0,0,0,0,22,0,0,63,0,0,abandoned
745,U0745,2025-04-28 09:12:00,2025-04-28 09:15:00,M,20~29,office,seoul,0,0,0,0,17,0,0,20,0,0,completed
746,U0746,2025-08-04 12:37:00,2025-08-04 12:42:00,M,50+,office,seoul,0,0,0,0,13,0,0,49,1,0,timeout
747,U0747,2025-09-17 08:57:00,2025-09-17 08:59:00,F,50+,office,seoul,0,0,0,0,21,0,0,51,0,0,completed
748,U0748,2025-11-22 18:54:00,2025-11-22 19:00:00,F,20~29,office,seoul,1,0,0,0,18,0,0,45,0,0,completed
749,U0749,2025-11-12 15:21:00,2025-11-12 15:28:00,M,20~29,office,seoul,0,0,0,0,9,0,0,46,0,0,abandoned
750,U0750,2025-05-28 19:29:00,2025-05-28 19:33:00,M,40~49,office,seoul,0,0,0,0,12,0,0,79,0,0,completed
751,U0751,2025-10-19 14:33:00,2025-10-19 14:38:00,F,30~39,office,seoul,1,0,0,0,27,0,0,54,0,0,completed
752,U0752,2025-02-22 14:43:00,2025-02-22 14:48:00,M,30~39,office,seoul,1,0,0,0,10,0,0,11,0,1,abandoned
753,U0753,2025-10-18 16:10:00,2025-10-18 16:15:00,F,50+,office,seoul,1,0,0,0,11,0,0,10,0,0,completed
754,U0754,2025-06-05 14:31:00,2025-06-05 14:34:00,F,30~39,office,seoul,0,0,0,0,1,0,0,12,0,0,completed
755,U0755,2025-04-02 13:59:00,2025-04-02 14:03:00,M,30~39,office,seoul,0,0,0,0,16,0,0,33,0,0,completed
756,U0756,2025-05-30 07:26:00,2025-05-30 07:33:00,F,30~39,office,seoul,0,0,0,0,1,0,0,14,1,0,completed
757,U0757,2025-04-13 14:38:00,2025-04-13 14:43:00,F,20~29,office,seoul,1,0,0,0,25,0,0,32,0,0,abandoned
758,U0758,2025-12-28 07:23:00,2025-12-28 07:27:00,M,20~29,office,seoul,1,0,0,0,11,0,0,47,0,0,completed
759,U0759,2025-12-30 16:18:00,2025-12-30 16:21:00,F,50+,office,seoul,0,0,0,0,8,0,0,59,0,0,completed
760,U0760,2025-12-07 22:47:00,2025-12-07 22:52:00,F,30~39,office,seoul,1,0,0,0,20,0,0,72,0,0,completed
761,U0761,2025-06-26 16:20:00,2025-06-26 16:24:00,M,20~29,office,seoul,0,0,0,0,27,0,0,77,0,0,completed
762,U0762,2025-12-12 08:48:00,2025-12-12 08:52:00,F,20~29,office,seoul,0,0,0,0,7,0,0,15,0,0,completed
763,U0763,2025-04-13 18:54:00,2025-04-13 19:01:00,M,30~39,office,seoul,1,0,0,0,15,0,0,75,0,0,completed
764,U0764,2025-09-07 08:07:00,2025-09-07 08:10:00,M,20~29,office,seoul,1,0,0,0,2,0,0,66,0,0,abandoned
765,U0765,2025-10-02 17:54:00,2025-10-02 17:57:00,F,30~39,office,seoul,0,0,0,0,5,0,0,57,0,0,completed
766,U0766,2025-03-29 16:03:00,2025-03-29 16:07:00,F,20~29,office,seoul,1,0,0,0,1,0,0,41,0,0,completed
767,U0767,2025-09-05 09:04:00,2025-09-05 09:08:00,F,30~39,office,seoul,0,0,0,0,2,0,0,23,0,0,completed
768,U0768,2025-09-30 07:58:00,2025-09-30 08:02:00,M,20~29,office,seoul,0,0,0,0,14,0,0,20,0,0,abandoned
769,U0769,2025-03-06 15:53:00,2025-03-06 16:00:00,F,50+,office,seoul,0,0,0,0,16,0,0,38,0,0,completed
770,U0770,2025-05-26 16:15:00,2025-05-26 16:21:00,M,20~29,office,seoul,0,0,0,0,21,0,0,14,0,0,completed
771,U0771,2025-07-16 18:27:00,2025-07-16 18:32:00,F,30~39,office,seoul,0,0,0,0,19,0,0,54,0,0,completed
772,U0772,2025-07-12 14:46:00,2025-07-12 14:52:00,M,30~39,office,seoul,1,0,0,0,12,0,0,28,0,0,completed
773,U0773,2025-10-20 09:36:00,2025-10-20 09:39:00,M,20~29,office,seoul,0,0,0,0,10,0,0,29,0,1,completed
774,U0774,2025-09-04 18:08:00,2025-09-04 18:10:00,F,30~39,office,seoul,0,0,0,0,25,0,0,12,0,0,completed
775,U0775,2025-12-17 11:34:00,2025-12-17 11:40:00,F,50+,office,seoul,0,0,0,0,26,0,0,40,0,0,abandoned
776,U0776,2025-04-27 14:16:00,2025-04-27 14:20:00,M,40~49,office,seoul,1,0,0,0,14,0,0,67,0,0,completed
777,U0777,2025-06-24 22:28:00,2025-06-24 22:30:00,M,40~49,office,seoul,0,0,0,0,24,0,0,59,0,0,completed
778,U0778,2025-12-09 13:51:00,2025-12-09 13:58:00,F,20~29,office,seoul,0,0,0,0,26,0,0,30,0,0,completed
779,U0779,2025-08-13 12:07:00,2025-08-13 12:13:00,M,20~29,office,seoul,0,0,0,0,3,0,0,12,0,0,completed
780,U0780,2025-07-31 09:53:00,2025-07-31 10:00:00,F,50+,office,seoul,0,0,0,0,27,0,0,52,0,0,completed
781,U0781,2025-08-04 08:45:00,2025-08-04 08:50:00,F,20~29,office,seoul,0,0,0,0,24,0,0,38,0,0,completed
782,U0782,2025-04-20 14:24:00,2025-04-20 14:30:00,F,30~39,office,seoul,1,0,0,0,24,0,0,43,0,0,completed
783,U0783,2025-01-05 12:43:00,2025-01-05 12:46:00,M,50+,office,seoul,1,0,0,0,3,0,0,37,0,0,completed
784,U0784,2025-01-10 15:33:00,2025-01-10 15:38:00,F,50+,office,seoul,0,0,0,0,26,0,0,65,0,0,completed
785,U0785,2025-08-15 07:26:00,2025-08-15 07:30:00,F,40~49,office,seoul,0,0,0,0,28,0,0,66,0,0,abandoned
786,U0786,2025-11-27 18:47:00,2025-11-27 18:52:00,M,30~39,office,seoul,0,0,0,0,1,0,0,53,0,0,completed
787,U0787,2025-01-22 15:19:00,2025-01-22 15:21:00,F,20~29,office,seoul,0,0,0,0,22,0,0,36,0,0,completed
788,U0788,2025-04-28 20:50:00,2025-04-28 20:52:00,M,20~29,office,seoul,0,0,0,0,26,0,0,43,0,0,completed
789,U0789,2025-01-10 07:57:00,2025-01-10 08:03:00,M,20~29,office,seoul,0,0,0,0,15,0,0,50,0,0,completed
790,U0790,2025-01-31 15:48:00,2025-01-31 15:51:00,F,20~29,office,seoul,0,0,0,0,16,0,0,61,0,0,completed
791,U0791,2025-07-09 19:43:00,2025-07-09 19:47:00,M,40~49,office,seoul,0,0,0,0,24,0,0,48,0,0,completed
792,U0792,2025-06-29 08:10:00,2025-06-29 08:17:00,F,40~49,office,seoul,1,0,0,0,7,0,0,58,0,0,completed
793,U0793,2025-09-28 14:37:00,2025-09-28 14:43:00,M,20~29,office,seoul,1,0,0,0,7,0,0,62,0,0,completed
794,U0794,2025-08-07 17:32:00,2025-08-07 17:34:00,M,50+,office,seoul,0,0,0,0,11,0,0,43,0,1,completed
795,U0795,2025-04-14 13:02:00,2025-04-14 13:09:00,M,20~29,office,seoul,0,0,0,0,3,0,0,38,0,0,completed
796,U0796,2025-06-05 09:30:00,2025-06-05 09:36:00,F,30~39,office,seoul,0,0,0,0,21,0,0,23,0,0,completed
797,U0797,2025-04-27 14:46:00,2025-04-27 14:49:00,M,20~29,office,seoul,1,0,0,0,6,0,0,25,0,0,completed
798,U0798,2025-07-07 12:28:00,2025-07-07 12:30:00,M,50+,office,seoul,0,0,0,0,24,0,0,60,0,0,completed
799,U0799,2025-07-09 17:15:00,2025-07-09 17:18:00,M,20~29,office,seoul,0,0,0,0,19,0,0,13,0,0,completed
800,U0800,2025-05-02 17:21:00,2025-05-02 17:23:00,F,20~29,office,seoul,0,0,0,0,25,0,0,64,0,0,abandoned
801,U0801,2025-04-10 07:35:00,2025-04-10 07:41:00,M,40~49,office,seoul,0,0,0,0,14,0,0,73,1,0,completed
802,U0802,2025-10-04 19:35:00,2025-10-04 19:37:00,M,30~39,office,seoul,1,0,0,0,14,0,0,35,0,0,completed
803,U0803,2025-04-04 09:37:00,2025-04-04 09:44:00,F,40~49,office,seoul,0,0,0,0,23,0,0,76,0,0,completed
804,U0804,2025-04-15 14:32:00,2025-04-15 14:35:00,F,20~29,office,seoul,0,0,0,0,19,0,0,22,0,0,completed
805,U0805,2025-05-19 15:15:00,2025-05-19 15:20:00,M,20~29,office,seoul,0,0,0,0,5,0,0,49,0,0,completed
806,U0806,2025-10-21 12:08:00,2025-10-21 12:15:00,F,20~29,office,seoul,0,0,0,0,24,0,0,68,0,0,completed
807,U0807,2025-10-30 15:48:00,2025-10-30 15:52:00,F,30~39,office,seoul,0,0,0,0,7,0,0,31,0,0,completed
808,U0808,2025-02-25 12:17:00,2025-02-25 12:24:00,F,20~29,office,seoul,0,0,0,0,20,0,0,73,0,0,completed
809,U0809,2025-06-28 12:29:00,2025-06-28 12:32:00,F,30~39,office,seoul,1,0,0,0,16,0,0,61,0,0,completed
810,U0810,2025-11-25 16:01:00,2025-11-25 16:06:00,M,50+,office,seoul,0,0,0,0,9,0,0,46,0,1,abandoned
811,U0811,2025-01-17 15:18:00,2025-01-17 15:24:00,F,20~29,office,seoul,0,0,0,0,24,0,0,61,0,0,completed
812,U0812,2025-09-01 21:25:00,2025-09-01 21:28:00,F,20~29,office,seoul,0,0,0,0,25,0,0,20,0,0,completed
813,U0813,2025-03-27 22:53:00,2025-03-27 22:55:00,F,40~49,office,seoul,0,0,0,0,27,0,0,74,0,0,completed
814,U0814,2025-02-10 14:16:00,2025-02-10 14:21:00,M,20~29,office,seoul,0,0,0,0,11,0,0,47,0,0,completed
815,U0815,2025-06-17 21:26:00,2025-06-17 21:33:00,F,40~49,office,seoul,0,0,0,0,19,0,0,70,0,0,error
816,U0816,2025-04-30 11:47:00,2025-04-30 11:53:00,F,50+,office,seoul,0,0,0,0,5,0,0,17,0,0,completed
817,U0817,2025-11-07 14:52:00,2025-11-07 14:55:00,F,30~39,office,seoul,0,0,0,0,29,0,0,62,0,0,completed
818,U0818,2025-01-09 14:06:00,2025-01-09 14:10:00,F,30~39,office,seoul,0,0,0,0,6,0,0,69,0,0,completed
819,U0819,2025-08-14 13:46:00,2025-08-14 13:52:00,M,20~29,office,seoul,0,0,0,0,13,0,0,10,0,0,completed
820,U0820,2025-05-21 09:07:00,2025-05-21 09:13:00,F,30~39,office,seoul,0,0,0,0,3,0,0,32,0,0,completed
821,U0821,2025-02-14 19:58:00,2025-02-14 20:03:00,M,30~39,office,seoul,0,0,0,0,3,0,0,26,0,0,completed
822,U0822,2025-12-24 17:18:00,2025-12-24 17:21:00,F,20~29,office,seoul,0,0,0,0,22,0,0,15,0,0,completed
823,U0823,2025-09-25 18:24:00,2025-09-25 18:26:00,F,40~49,office,seoul,0,0,0,0,16,0,0,13,0,0,completed
824,U0824,2025-09-04 15:43:00,2025-09-04 15:49:00,M,20~29,office,seoul,0,0,0,0,19,0,0,32,0,0,completed
825,U0825,2025-02-02 14:06:00,2025-02-02 14:08:00,M,30~39,office,seoul,1,0,0,0,19,0,0,39,0,0,completed
826,U0826,2025-03-10 07:51:00,2025-03-10 07:53:00,F,30~39,office,seoul,0,0,0,0,12,0,0,79,0,0,completed
827,U0827,2025-12-24 11:42:00,2025-12-24 11:45:00,F,30~39,office,seoul,0,0,0,0,7,0,0,18,0,0,completed
828,U0828,2025-03-27 16:43:00,2025-03-27 16:45:00,F,20~29,office,seoul,0,0,0,0,14,0,0,57,0,0,completed
829,U0829,2025-09-22 17:31:00,2025-09-22 17:35:00,F,40~49,office,seoul,0,0,0,0,0,0,0,35,0,0,completed
830,U0830,2025-11-16 11:42:00,2025-11-16 11:48:00,M,20~29,office,seoul,1,0,0,0,2,0,0,21,0,0,completed
831,U0831,2025-07-22 07:38:00,2025-07-22 07:45:00,M,40~49,office,seoul,0,0,0,0,17,0,0,45,0,0,timeout
832,U0832,2025-06-09 12:18:00,2025-06-09 12:25:00,M,20~29,office,seoul,0,0,0,0,25,0,0,23,0,0,completed
833,U0833,2025-01-28 14:35:00,2025-01-28 14:41:00,M,20~29,office,seoul,0,0,0,0,20,0,0,56,0,0,completed
834,U0834,2025-07-17 16:47:00,2025-07-17 16:53:00,M,50+,office,seoul,0,0,0,0,2,0,0,45,0,0,completed
835,U0835,2025-03-27 19:51:00,2025-03-27 19:58:00,M,40~49,office,seoul,0,0,0,0,14,0,0,77,0,0,completed
836,U0836,2025-11-14 21:43:00,2025-11-14 21:47:00,F,20~29,office,seoul,0,0,0,0,6,0,0,22,0,0,completed
837,U0837,2025-12-03 15:20:00,2025-12-03 15:25:00,F,30~39,office,seoul,0,0,0,0,29,0,0,35,0,0,completed
838,U0838,2025-11-23 18:39:00,2025-11-23 18:42:00,M,20~29,office,seoul,1,0,0,0,21,0,0,17,0,0,completed
839,U0839,2025-09-04 12:04:00,2025-09-04 12:10:00,M,50+,office,seoul,0,0,0,0,14,0,0,66,0,0,completed
840,U0840,2025-07-23 14:19:00,2025-07-23 14:23:00,F,20~29,office,seoul,0,0,0,0,19,0,0,45,0,0,completed
841,U0841,2025-11-25 15:55:00,2025-11-25 16:00:00,F,50+,office,seoul,0,0,0,0,3,0,0,54,0,0,completed
842,U0842,2025-03-07 09:37:00,2025-03-07 09:40:00,M,20~29,office,seoul,0,0,0,0,10,0,0,29,0,0,completed
843,U0843,2025-08-25 11:42:00,2025-08-25 11:49:00,F,20~29,office,seoul,0,0,0,0,1,0,0,69,0,0,completed
844,U0844,2025-07-19 09:20:00,2025-07-19 09:23:00,M,20~29,office,seoul,1,0,0,0,3,0,0,10,0,0,completed
845,U0845,2025-12-30 11:34:00,2025-12-30 11:40:00,F,20~29,office,seoul,0,0,0,0,27,0,0,23,0,0,completed
846,U0846,2025-07-20 18:12:00,2025-07-20 18:18:00,F,30~39,office,seoul,1,0,0,0,13,0,0,18,0,0,completed
847,U0847,2025-11-18 19:24:00,2025-11-18 19:26:00,F,30~39,office,seoul,0,0,0,0,3,0,0,79,0,0,completed
848,U0848,2025-05-29 19:34:00,2025-05-29 19:38:00,F,40~49,office,seoul,0,0,0,0,4,0,0,15,0,0,completed
849,U0849,2025-05-05 18:56:00,2025-05-05 19:00:00,F,30~39,office,seoul,0,0,0,0,26,0,0,58,0,0,completed
850,U0850,2025-11-09 07:16:00,2025-11-09 07:19:00,F,20~29,office,seoul,1,0,0,0,1,0,0,56,0,0,completed
851,U0851,2025-01-29 09:42:00,2025-01-29 09:48:00,F,20~29,office,seoul,0,0,0,0,26,0,0,60,0,0,abandoned
852,U0852,2025-10-10 16:56:00,2025-10-10 17:03:00,F,40~49,office,seoul,0,0,0,0,9,0,0,34,1,0,completed
853,U0853,2025-09-23 18:46:00,2025-09-23 18:48:00,F,30~39,office,seoul,0,0,0,0,14,0,0,61,0,0,completed
854,U0854,2025-05-20 13:14:00,2025-05-20 13:20:00,M,50+,office,seoul,0,0,0,0,12,0,0,38,0,0,completed
855,U0855,2025-12-23 17:28:00,2025-12-23 17:35:00,F,30~39,office,seoul,0,0,0,0,13,0,0,63,0,0,completed
856,U0856,2025-10-24 12:20:00,2025-10-24 12:22:00,F,20~29,office,seoul,0,0,0,0,15,0,0,39,0,0,completed
857,U0857,2025-03-31 17:27:00,2025-03-31 17:30:00,F,30~39,office,seoul,0,0,0,0,18,0,0,40,0,0,completed
858,U0858,2025-06-03 12:54:00,2025-06-03 12:59:00,F,20~29,office,seoul,0,0,0,0,1,0,0,45,0,0,completed
859,U0859,2025-04-08 14:44:00,2025-04-08 14:51:00,F,30~39,office,seoul,0,0,0,0,18,0,0,64,1,0,completed
860,U0860,2025-01-22 11:04:00,2025-01-22 11:09:00,F,40~49,office,seoul,0,0,0,0,23,0,0,38,0,0,completed
861,U0861,2025-03-28 12:38:00,2025-03-28 12:45:00,F,50+,office,seoul,0,0,0,0,27,0,0,36,0,0,completed
862,U0862,2025-04-17 09:44:00,2025-04-17 09:49:00,M,20~29,office,seoul,0,0,0,0,17,0,0,24,0,0,completed
863,U0863,2025-01-27 11:33:00,2025-01-27 11:36:00,F,40~49,office,seoul,0,0,0,0,1,0,0,46,0,0,completed
864,U0864,2025-12-02 08:26:00,2025-12-02 08:29:00,M,50+,office,seoul,0,0,0,0,7,0,0,47,0,0,completed
865,U0865,2025-07-18 20:12:00,2025-07-18 20:16:00,F,30~39,office,seoul,0,0,0,0,12,0,0,54,0,0,completed
866,U0866,2025-11-11 14:59:00,2025-11-11 15:04:00,F,50+,office,seoul,0,0,0,0,14,0,0,74,0,0,completed
867,U0867,2025-08-29 11:32:00,2025-08-29 11:34:00,F,30~39,office,seoul,0,0,0,0,17,0,0,61,0,0,timeout
868,U0868,2025-08-25 13:12:00,2025-08-25 13:14:00,M,40~49,office,seoul,0,0,0,0,0,0,0,41,0,0,completed
869,U0869,2025-01-30 13:28:00,2025-01-30 13:34:00,F,20~29,office,seoul,0,0,0,0,8,0,0,63,0,0,completed
870,U0870,2025-03-22 19:39:00,2025-03-22 19:44:00,F,50+,office,seoul,1,0,0,0,11,0,0,77,0,1,completed
871,U0871,2025-02-19 17:21:00,2025-02-19 17:23:00,M,20~29,office,seoul,0,0,0,0,20,0,0,41,0,0,completed
872,U0872,2025-07-03 20:29:00,2025-07-03 20:32:00,F,20~29,office,seoul,0,0,0,0,6,0,0,22,0,0,completed
873,U0873,2025-10-04 18:33:00,2025-10-04 18:38:00,F,30~39,office,seoul,1,0,0,0,13,0,0,21,0,0,abandoned
874,U0874,2025-12-20 18:12:00,2025-12-20 18:18:00,F,30~39,office,seoul,1,0,0,0,2,0,0,38,0,0,abandoned
875,U0875,2025-07-08 15:10:00,2025-07-08 15:13:00,M,30~39,office,seoul,0,0,0,0,20,0,0,70,0,0,completed
876,U0876,2025-03-22 07:30:00,2025-03-22 07:33:00,M,30~39,office,seoul,1,0,0,0,21,0,0,45,0,0,completed
877,U0877,2025-04-11 16:26:00,2025-04-11 16:30:00,F,30~39,office,seoul,0,0,0,0,19,0,0,36,0,0,completed
878,U0878,2025-12-22 09:42:00,2025-12-22 09:46:00,F,30~39,office,seoul,0,0,0,0,25,0,0,65,0,0,completed
879,U0879,2025-09-07 12:02:00,2025-09-07 12:07:00,M,30~39,office,seoul,1,0,0,0,22,0,0,22,0,0,completed
880,U0880,2025-10-26 07:19:00,2025-10-26 07:21:00,M,20~29,office,seoul,1,0,0,0,24,0,0,20,0,0,completed
881,U0881,2025-06-06 11:41:00,2025-06-06 11:44:00,M,30~39,office,seoul,0,0,0,0,11,0,0,10,0,0,completed
882,U0882,2025-09-30 09:18:00,2025-09-30 09:24:00,F,40~49,office,seoul,0,0,0,0,1,0,0,24,0,0,completed
883,U0883,2025-02-01 08:51:00,2025-02-01 08:53:00,M,40~49,office,seoul,1,0,0,0,28,0,0,46,0,0,completed
884,U0884,2025-10-22 11:27:00,2025-10-22 11:32:00,M,20~29,office,seoul,0,0,0,0,3,0,0,72,0,0,completed
885,U0885,2025-02-12 16:54:00,2025-02-12 16:59:00,F,40~49,office,seoul,0,0,0,0,8,0,0,37,0,0,completed
886,U0886,2025-07-13 13:14:00,2025-07-13 13:17:00,F,30~39,office,seoul,1,0,0,0,15,0,0,58,0,0,completed
887,U0887,2025-03-22 15:47:00,2025-03-22 15:52:00,M,30~39,office,seoul,1,0,0,0,20,0,0,32,0,0,completed
888,U0888,2025-10-05 15:23:00,2025-10-05 15:28:00,F,20~29,office,seoul,1,0,0,0,10,0,0,33,0,0,completed
889,U0889,2025-09-11 08:06:00,2025-09-11 08:13:00,M,50+,office,seoul,0,0,0,0,11,0,0,54,0,0,completed
890,U0890,2025-07-10 13:59:00,2025-07-10 14:02:00,F,20~29,office,seoul,0,0,0,0,20,0,0,58,0,0,completed
891,U0891,2025-11-21 14:37:00,2025-11-21 14:43:00,F,20~29,office,seoul,0,0,0,0,23,0,0,59,0,0,completed
892,U0892,2025-02-21 19:29:00,2025-02-21 19:35:00,F,20~29,office,seoul,0,0,0,0,29,0,0,50,0,0,completed
893,U0893,2025-03-21 16:27:00,2025-03-21 16:33:00,M,20~29,office,seoul,0,0,0,0,3,0,0,25,0,0,abandoned
894,U0894,2025-01-24 12:27:00,2025-01-24 12:33:00,F,50+,office,seoul,0,0,0,0,11,0,0,62,0,0,completed
895,U0895,2025-05-23 13:59:00,2025-05-23 14:04:00,M,50+,office,seoul,0,0,0,0,4,0,0,60,1,0,completed
896,U0896,2025-11-06 12:16:00,2025-11-06 12:19:00,M,30~39,office,seoul,0,0,0,0,19,0,0,43,0,0,completed
897,U0897,2025-08-18 17:51:00,2025-08-18 17:56:00,M,20~29,office,seoul,0,0,0,0,23,0,0,28,0,0,completed
898,U0898,2025-11-17 12:15:00,2025-11-17 12:21:00,M,20~29,office,seoul,0,0,0,0,29,0,0,54,0,0,completed
899,U0899,2025-08-06 08:14:00,2025-08-06 08:19:00,F,50+,office,seoul,0,0,0,0,29,0,0,75,0,0,completed
900,U0900,2025-10-20 17:31:00,2025-10-20 17:36:00,M,30~39,office,seoul,0,0,0,0,19,0,0,58,0,0,error
901,U0901,2025-12-24 11:52:00,2025-12-24 11:57:00,F,40~49,office,seoul,0,0,0,0,6,0,0,75,0,0,completed
902,U0902,2025-09-03 12:14:00,2025-09-03 12:20:00,M,20~29,office,seoul,0,0,0,0,6,0,0,21,0,0,completed
903,U0903,2025-03-28 11:12:00,2025-03-28 11:16:00,F,30~39,office,seoul,0,0,0,0,0,0,0,10,0,0,error
904,U0904,2025-07-29 15:22:00,2025-07-29 15:27:00,F,20~29,office,seoul,0,0,0,0,24,0,0,14,1,0,completed
905,U0905,2025-05-31 15:24:00,2025-05-31 15:26:00,F,50+,office,seoul,1,0,0,0,13,0,0,45,0,0,completed
906,U0906,2025-10-08 19:12:00,2025-10-08 19:15:00,M,50+,office,seoul,0,0,0,0,19,0,0,31,0,0,abandoned
907,U0907,2025-08-20 12:36:00,2025-08-20 12:41:00,F,20~29,office,seoul,0,0,0,0,5,0,0,24,0,0,completed
908,U0908,2025-04-08 18:55:00,2025-04-08 19:01:00,F,20~29,office,seoul,0,0,0,0,14,0,0,34,0,0,completed
909,U0909,2025-06-21 09:57:00,2025-06-21 10:04:00,M,20~29,office,seoul,1,0,0,0,10,0,0,49,1,0,completed
910,U0910,2025-08-22 17:36:00,2025-08-22 17:38:00,F,40~49,office,seoul,0,0,0,0,28,0,0,13,0,0,error
911,U0911,2025-09-14 16:50:00,2025-09-14 16:56:00,F,40~49,office,seoul,1,0,0,0,12,0,0,24,0,0,completed
912,U0912,2025-10-03 16:14:00,2025-10-03 16:17:00,F,20~29,office,seoul,0,0,0,0,1,0,0,30,0,0,completed
913,U0913,2025-06-09 15:57:00,2025-06-09 16:02:00,F,30~39,office,seoul,0,0,0,0,27,0,0,36,0,0,timeout
914,U0914,2025-04-30 15:50:00,2025-04-30 15:55:00,M,30~39,office,seoul,0,0,0,0,23,0,0,40,0,0,completed
915,U0915,2025-01-03 07:06:00,2025-01-03 07:13:00,F,30~39,office,seoul,0,0,0,0,25,0,0,14,0,0,abandoned
916,U0916,2025-05-15 09:02:00,2025-05-15 09:09:00,F,30~39,office,seoul,0,0,0,0,23,0,0,23,0,0,completed
917,U0917,2025-02-25 11:13:00,2025-02-25 11:16:00,M,40~49,office,seoul,0,0,0,0,9,0,0,48,0,0,completed
918,U0918,2025-10-23 09:23:00,2025-10-23 09:29:00,F,50+,office,seoul,0,0,0,0,29,0,0,21,0,0,completed
919,U0919,2025-07-23 13:29:00,2025-07-23 13:35:00,M,20~29,office,seoul,0,0,0,0,3,0,0,47,0,0,completed
920,U0920,2025-12-24 14:49:00,2025-12-24 14:54:00,F,30~39,office,seoul,0,0,0,0,15,0,0,13,0,0,completed
921,U0921,2025-02-22 12:26:00,2025-02-22 12:29:00,F,20~29,office,seoul,1,0,0,0,27,0,0,29,0,0,abandoned
922,U0922,2025-03-30 11:30:00,2025-03-30 11:35:00,M,30~39,office,seoul,1,0,0,0,11,0,0,30,0,1,completed
923,U0923,2025-12-26 14:35:00,2025-12-26 14:40:00,F,30~39,office,seoul,0,0,0,0,6,0,0,37,0,0,completed
924,U0924,2025-11-04 16:29:00,2025-11-04 16:32:00,F,30~39,office,seoul,0,0,0,0,12,0,0,50,0,0,completed
925,U0925,2025-05-31 20:04:00,2025-05-31 20:09:00,F,20~29,office,seoul,1,0,0,0,23,0,0,79,0,0,completed
926,U0926,2025-01-07 13:24:00,2025-01-07 13:30:00,M,20~29,office,seoul,0,0,0,0,25,0,0,34,0,0,completed
927,U0927,2025-09-09 15:00:00,2025-09-09 15:07:00,F,50+,office,seoul,0,0,0,0,19,0,0,52,0,0,completed
928,U0928,2025-09-04 12:49:00,2025-09-04 12:51:00,M,30~39,office,seoul,0,0,0,0,26,0,0,53,0,0,completed
929,U0929,2025-04-16 09:49:00,2025-04-16 09:54:00,M,30~39,office,seoul,0,0,0,0,15,0,0,58,0,0,completed
930,U0930,2025-05-05 17:50:00,2025-05-05 17:57:00,F,30~39,office,seoul,0,0,0,0,2,0,0,18,0,0,completed
931,U0931,2025-01-20 17:56:00,2025-01-20 18:00:00,M,30~39,office,seoul,0,0,0,0,15,0,0,58,0,0,completed
932,U0932,2025-10-18 15:37:00,2025-10-18 15:42:00,F,30~39,office,seoul,1,0,0,0,17,0,0,12,0,1,timeout
933,U0933,2025-12-23 19:30:00,2025-12-23 19:33:00,F,20~29,office,seoul,0,0,0,0,8,0,0,75,0,0,abandoned
934,U0934,2025-12-22 19:10:00,2025-12-22 19:15:00,F,30~39,office,seoul,0,0,0,0,15,0,0,13,0,0,completed
935,U0935,2025-08-15 18:42:00,2025-08-15 18:44:00,F,20~29,office,seoul,0,0,0,0,16,0,0,49,0,0,completed
936,U0936,2025-01-29 18:19:00,2025-01-29 18:26:00,M,20~29,office,seoul,0,0,0,0,23,0,0,43,0,0,completed
937,U0937,2025-02-02 16:08:00,2025-02-02 16:15:00,M,20~29,office,seoul,1,0,0,0,14,0,0,55,0,0,completed
938,U0938,2025-07-12 12:13:00,2025-07-12 12:18:00,F,20~29,office,seoul,1,0,0,0,9,0,0,41,0,0,completed
939,U0939,2025-02-15 20:30:00,2025-02-15 20:37:00,F,50+,office,seoul,1,0,0,0,12,0,0,52,0,0,completed
940,U0940,2025-04-02 17:38:00,2025-04-02 17:40:00,M,30~39,office,seoul,0,0,0,0,26,0,0,33,0,0,completed
941,U0941,2025-01-18 18:56:00,2025-01-18 19:02:00,M,30~39,office,seoul,1,0,0,0,5,0,0,72,0,0,completed
942,U0942,2025-12-21 14:02:00,2025-12-21 14:07:00,F,20~29,office,seoul,1,0,0,0,13,0,0,56,0,0,completed
943,U0943,2025-01-20 16:20:00,2025-01-20 16:22:00,F,20~29,office,seoul,0,0,0,0,25,0,0,33,0,0,completed
944,U0944,2025-09-29 15:01:00,2025-09-29 15:06:00,F,50+,office,seoul,0,0,0,0,6,0,0,57,0,0,completed
945,U0945,2025-12-22 19:06:00,2025-12-22 19:12:00,F,40~49,office,seoul,0,0,0,0,13,0,0,28,0,0,completed
946,U0946,2025-09-11 11:20:00,2025-09-11 11:23:00,M,30~39,office,seoul,0,0,0,0,25,0,0,21,0,0,completed
947,U0947,2025-01-20 07:59:00,2025-01-20 08:03:00,F,20~29,office,seoul,0,0,0,0,27,0,0,20,0,0,completed
948,U0948,2025-02-21 11:04:00,2025-02-21 11:11:00,F,30~39,office,seoul,0,0,0,0,22,0,0,73,0,0,completed
949,U0949,2025-01-14 12:36:00,2025-01-14 12:40:00,F,30~39,office,seoul,0,0,0,0,8,0,0,14,0,0,completed
950,U0950,2025-06-08 08:07:00,2025-06-08 08:09:00,F,30~39,office,seoul,1,0,0,0,12,0,0,43,0,0,error
951,U0951,2025-03-12 07:21:00,2025-03-12 07:23:00,F,20~29,office,seoul,0,0,0,0,7,0,0,78,0,0,completed
952,U0952,2025-10-05 13:48:00,2025-10-05 13:54:00,M,30~39,office,seoul,1,0,0,0,17,0,0,53,0,0,error
953,U0953,2025-07-26 13:38:00,2025-07-26 13:41:00,F,20~29,office,seoul,1,0,0,0,4,0,0,78,0,0,completed
954,U0954,2025-11-11 13:17:00,2025-11-11 13:22:00,F,20~29,office,seoul,0,0,0,0,1,0,0,45,0,0,abandoned
955,U0955,2025-06-24 18:05:00,2025-06-24 18:10:00,F,20~29,office,seoul,0,0,0,0,1,0,0,37,0,0,completed
956,U0956,2025-12-30 19:15:00,2025-12-30 19:20:00,M,40~49,office,seoul,0,0,0,0,10,0,0,39,0,0,completed
957,U0957,2025-08-02 16:19:00,2025-08-02 16:23:00,F,20~29,office,seoul,1,0,0,0,4,0,0,71,0,0,completed
958,U0958,2025-11-22 12:53:00,2025-11-22 13:00:00,F,20~29,office,seoul,1,0,0,0,3,0,0,74,0,0,completed
959,U0959,2025-10-29 19:35:00,2025-10-29 19:42:00,F,50+,office,seoul,0,0,0,0,25,0,0,38,0,0,completed
960,U0960,2025-09-29 16:22:00,2025-09-29 16:25:00,M,30~39,office,seoul,0,0,0,0,17,0,0,61,0,0,error
961,U0961,2025-05-19 22:10:00,2025-05-19 22:17:00,M,20~29,office,seoul,0,0,0,0,5,0,0,64,0,0,completed
962,U0962,2025-07-03 12:06:00,2025-07-03 12:11:00,M,30~39,office,seoul,0,0,0,0,22,0,0,33,0,0,completed
963,U0963,2025-10-06 16:56:00,2025-10-06 17:03:00,F,50+,office,seoul,0,0,0,0,17,0,0,29,0,0,completed
964,U0964,2025-09-28 08:59:00,2025-09-28 09:04:00,F,20~29,office,seoul,1,0,0,0,2,0,0,52,0,0,completed
965,U0965,2025-08-19 07:21:00,2025-08-19 07:23:00,M,20~29,office,seoul,0,0,0,0,29,0,0,51,0,0,completed
966,U0966,2025-12-30 13:17:00,2025-12-30 13:20:00,F,20~29,office,seoul,0,0,0,0,29,0,0,34,0,0,completed
967,U0967,2025-01-15 13:32:00,2025-01-15 13:34:00,M,30~39,office,seoul,0,0,0,0,27,0,0,12,0,0,completed
968,U0968,2025-11-07 15:24:00,2025-11-07 15:31:00,F,20~29,office,seoul,0,0,0,0,10,0,0,12,0,0,completed
969,U0969,2025-12-03 15:15:00,2025-12-03 15:21:00,F,20~29,office,seoul,0,0,0,0,13,0,0,20,0,0,completed
970,U0970,2025-06-13 11:20:00,2025-06-13 11:22:00,M,40~49,office,seoul,0,0,0,0,12,0,0,35,0,0,timeout
971,U0971,2025-10-30 16:16:00,2025-10-30 16:19:00,M,40~49,office,seoul,0,0,0,0,8,0,0,71,0,0,completed
972,U0972,2025-11-06 15:20:00,2025-11-06 15:23:00,F,50+,office,seoul,0,0,0,0,11,0,0,14,0,0,completed
973,U0973,2025-03-16 16:45:00,2025-03-16 16:49:00,M,40~49,office,seoul,1,0,0,0,27,0,0,39,0,0,completed
974,U0974,2025-04-18 19:45:00,2025-04-18 19:52:00,M,40~49,office,seoul,0,0,0,0,18,0,0,51,0,0,completed
975,U0975,2025-08-24 18:24:00,2025-08-24 18:26:00,F,30~39,office,seoul,1,0,0,0,2,0,0,69,0,0,completed
976,U0976,2025-03-28 20:08:00,2025-03-28 20:12:00,M,50+,office,seoul,0,0,0,0,11,0,0,64,1,0,completed
977,U0977,2025-12-30 09:29:00,2025-12-30 09:35:00,M,20~29,office,seoul,0,0,0,0,0,0,0,51,0,0,completed
978,U0978,2025-09-26 11:35:00,2025-09-26 11:41:00,M,40~49,office,seoul,0,0,0,0,4,0,0,25,0,0,completed
979,U0979,2025-10-13 16:54:00,2025-10-13 17:01:00,M,20~29,office,seoul,0,0,0,0,5,0,0,29,0,0,completed
980,U0980,2025-05-28 09:14:00,2025-05-28 09:18:00,M,20~29,office,seoul,0,0,0,0,8,0,0,75,0,0,completed
981,U0981,2025-06-19 21:00:00,2025-06-19 21:02:00,F,30~39,office,seoul,0,0,0,0,13,0,0,53,0,0,completed
982,U0982,2025-02-05 16:24:00,2025-02-05 16:26:00,F,20~29,office,seoul,0,0,0,0,15,0,0,57,0,0,completed
983,U0983,2025-07-21 09:07:00,2025-07-21 09:11:00,F,30~39,office,seoul,0,0,0,0,21,0,0,45,0,0,completed
984,U0984,2025-11-24 18:21:00,2025-11-24 18:24:00,F,20~29,office,seoul,0,0,0,0,3,0,0,64,0,0,completed
985,U0985,2025-06-21 16:17:00,2025-06-21 16:21:00,F,20~29,office,seoul,1,0,0,0,0,0,0,18,0,0,completed
986,U0986,2025-12-31 12:57:00,2025-12-31 13:01:00,F,30~39,office,seoul,0,0,0,0,22,0,0,64,0,0,completed
987,U0987,2025-12-13 15:55:00,2025-12-13 15:58:00,F,50+,office,seoul,1,0,0,0,24,0,0,55,0,0,completed
988,U0988,2025-10-24 13:55:00,2025-10-24 14:00:00,M,30~39,office,seoul,0,0,0,0,9,0,0,39,1,0,completed
989,U0989,2025-03-16 18:28:00,2025-03-16 18:30:00,M,20~29,office,seoul,1,0,0,0,28,0,0,63,0,0,completed
990,U0990,2025-01-01 18:09:00,2025-01-01 18:15:00,F,40~49,office,seoul,0,0,0,0,8,0,0,77,0,0,completed
991,U0991,2025-07-16 12:44:00,2025-07-16 12:49:00,F,40~49,office,seoul,0,0,0,0,13,0,0,14,0,0,completed
992,U0992,2025-12-16 09:00:00,2025-12-16 09:07:00,F,40~49,office,seoul,0,0,0,0,18,0,0,47,0,0,abandoned
993,U0993,2025-01-24 09:08:00,2025-01-24 09:13:00,F,40~49,office,seoul,0,0,0,0,20,0,0,54,0,0,completed
994,U0994,2025-04-27 08:06:00,2025-04-27 08:12:00,F,40~49,office,seoul,1,0,0,0,4,0,0,65,0,0,completed
995,U0995,2025-08-19 08:22:00,2025-08-19 08:27:00,F,30~39,office,seoul,0,0,0,0,1,0,0,52,0,0,error
996,U0996,2025-12-03 08:56:00,2025-12-03 08:59:00,F,40~49,office,seoul,0,0,0,0,2,0,0,41,0,0,completed
997,U0997,2025-01-01 07:05:00,2025-01-01 07:09:00,F,50+,office,seoul,0,0,0,0,10,0,0,75,0,0,abandoned
998,U0998,2025-10-27 19:21:00,2025-10-27 19:23:00,M,50+,office,seoul,0,0,0,0,18,0,0,38,0,0,completed
999,U0999,2025-03-28 16:53:00,2025-03-28 17:00:00,M,20~29,office,seoul,0,0,0,0,9,0,0,42,0,0,completed
1000,U1000,2025-03-25 12:51:00,2025-03-25 12:53:00,F,50+,office,seoul,0,0,0,0,16,0,0,27,0,0,completed
1001,U1001,2025-08-17 08:27:00,2025-08-17 08:31:00,F,30~39,office,seoul,1,0,0,0,26,0,0,47,0,0,completed
1002,U1002,2025-02-28 17:21:00,2025-02-28 17:26:00,F,30~39,office,seoul,0,0,0,0,13,0,0,17,0,0,completed
1003,U1003,2025-02-10 12:21:00,2025-02-10 12:24:00,F,30~39,office,seoul,0,0,0,0,29,0,0,53,0,0,completed
1004,U1004,2025-08-20 15:10:00,2025-08-20 15:14:00,F,20~29,office,seoul,0,0,0,0,8,0,0,27,0,0,completed
1005,U1005,2025-12-01 11:51:00,2025-12-01 11:58:00,F,40~49,office,seoul,0,0,0,0,9,0,0,19,0,0,completed
1006,U1006,2025-06-23 12:11:00,2025-06-23 12:18:00,M,40~49,office,seoul,0,0,0,0,24,0,0,46,0,0,completed
1007,U1007,2025-04-19 17:27:00,2025-04-19 17:30:00,F,40~49,office,seoul,1,0,0,0,18,0,0,43,1,0,completed
1008,U1008,2025-01-06 14:22:00,2025-01-06 14:27:00,F,50+,office,seoul,0,0,0,0,13,0,0,51,0,0,completed
1009,U1009,2025-08-15 21:42:00,2025-08-15 21:48:00,F,20~29,office,seoul,0,0,0,0,20,0,0,19,0,0,completed
1010,U1010,2025-08-14 12:27:00,2025-08-14 12:30:00,F,20~29,office,seoul,0,0,0,0,6,0,0,56,0,0,completed
1011,U1011,2025-09-02 12:20:00,2025-09-02 12:23:00,M,20~29,office,seoul,0,0,0,0,4,0,0,28,0,0,completed
1012,U1012,2025-12-04 09:55:00,2025-12-04 10:02:00,F,20~29,office,seoul,0,0,0,0,22,0,0,27,0,0,completed
1013,U1013,2025-11-17 09:34:00,2025-11-17 09:36:00,M,20~29,office,seoul,0,0,0,0,4,0,0,66,0,0,error
1014,U1014,2025-01-02 12:01:00,2025-01-02 12:03:00,F,50+,office,seoul,0,0,0,0,3,0,0,78,0,0,abandoned
1015,U1015,2025-09-12 17:28:00,2025-09-12 17:33:00,M,50+,office,seoul,0,0,0,0,11,0,0,51,0,0,completed
1016,U1016,2025-03-17 20:19:00,2025-03-17 20:24:00,M,40~49,office,seoul,0,0,0,0,2,0,0,30,0,0,completed
1017,U1017,2025-10-16 13:36:00,2025-10-16 13:39:00,F,30~39,office,seoul,0,0,0,0,17,0,0,50,0,0,completed
1018,U1018,2025-01-13 19:00:00,2025-01-13 19:04:00,F,30~39,office,seoul,0,0,0,0,5,0,0,50,0,0,completed
1019,U1019,2025-11-24 08:17:00,2025-11-24 08:21:00,F,30~39,office,seoul,0,0,0,0,27,0,0,47,0,0,completed
1020,U1020,2025-07-21 15:32:00,2025-07-21 15:36:00,F,20~29,office,seoul,0,0,0,0,8,0,0,59,0,0,completed
1021,U1021,2025-08-26 11:55:00,2025-08-26 11:59:00,F,40~49,office,seoul,0,0,0,0,18,0,0,71,0,0,completed
1022,U1022,2025-12-24 15:13:00,2025-12-24 15:15:00,F,40~49,office,seoul,0,0,0,0,18,0,0,41,0,0,completed
1023,U1023,2025-01-04 15:55:00,2025-01-04 16:02:00,F,40~49,office,seoul,1,0,0,0,18,0,0,33,0,0,completed
1024,U1024,2025-03-28 12:44:00,2025-03-28 12:48:00,M,20~29,office,seoul,0,0,0,0,21,0,0,22,0,0,completed
1025,U1025,2025-09-02 08:25:00,2025-09-02 08:30:00,F,20~29,office,seoul,0,0,0,0,7,0,0,17,0,0,completed
1026,U1026,2025-02-15 13:42:00,2025-02-15 13:48:00,F,30~39,office,seoul,1,0,0,0,18,0,0,64,0,0,completed
1027,U1027,2025-07-31 09:46:00,2025-07-31 09:52:00,F,30~39,office,seoul,0,0,0,0,2,0,0,79,0,0,completed
1028,U1028,2025-09-25 13:26:00,2025-09-25 13:31:00,F,50+,office,seoul,0,0,0,0,5,0,0,35,0,0,completed
1029,U1029,2025-10-19 19:47:00,2025-10-19 19:49:00,F,20~29,office,seoul,1,0,0,0,3,0,0,64,0,0,completed
1030,U1030,2025-02-15 14:44:00,2025-02-15 14:46:00,F,20~29,office,seoul,1,0,0,0,1,0,0,24,0,0,completed
1031,U1031,2025-08-28 19:21:00,2025-08-28 19:27:00,M,20~29,office,seoul,0,0,0,0,24,0,0,77,0,0,error
1032,U1032,2025-03-25 14:36:00,2025-03-25 14:41:00,M,30~39,office,seoul,0,0,0,0,18,0,0,73,1,0,completed
1033,U1033,2025-05-16 17:23:00,2025-05-16 17:30:00,F,30~39,office,seoul,0,0,0,0,26,0,0,46,0,0,completed
1034,U1034,2025-10-31 13:22:00,2025-10-31 13:24:00,F,30~39,office,seoul,0,0,0,0,22,0,0,14,0,0,completed
1035,U1035,2025-07-19 19:15:00,2025-07-19 19:17:00,F,40~49,office,seoul,1,0,0,0,3,0,0,26,1,0,completed
1036,U1036,2025-03-05 12:32:00,2025-03-05 12:34:00,M,40~49,office,seoul,0,0,0,0,17,0,0,73,0,0,completed
1037,U1037,2025-02-05 18:02:00,2025-02-05 18:09:00,M,20~29,office,seoul,0,0,0,0,1,0,0,77,0,0,completed
1038,U1038,2025-06-13 19:45:00,2025-06-13 19:52:00,F,30~39,office,seoul,0,0,0,0,23,0,0,14,0,0,completed
1039,U1039,2025-12-25 15:19:00,2025-12-25 15:26:00,M,40~49,office,seoul,0,0,0,0,20,0,0,54,0,0,error
1040,U1040,2025-02-17 22:06:00,2025-02-17 22:08:00,F,40~49,office,seoul,0,0,0,0,29,0,0,17,0,0,completed
1041,U1041,2025-11-21 08:40:00,2025-11-21 08:47:00,M,20~29,office,seoul,0,0,0,0,24,0,0,64,0,0,error
1042,U1042,2025-04-24 19:52:00,2025-04-24 19:55:00,M,20~29,office,seoul,0,0,0,0,4,0,0,29,0,0,completed
1043,U1043,2025-02-26 19:45:00,2025-02-26 19:49:00,M,40~49,office,seoul,0,0,0,0,28,0,0,73,1,0,completed
1044,U1044,2025-03-28 12:36:00,2025-03-28 12:42:00,M,50+,office,seoul,0,0,0,0,0,0,0,54,0,0,completed
1045,U1045,2025-01-25 16:30:00,2025-01-25 16:32:00,M,50+,office,seoul,1,0,0,0,5,0,0,75,0,0,completed
1046,U1046,2025-10-04 07:57:00,2025-10-04 08:01:00,M,50+,office,seoul,1,0,0,0,8,0,0,63,0,0,completed
1047,U1047,2025-02-22 15:13:00,2025-02-22 15:19:00,M,20~29,office,seoul,1,0,0,0,14,0,0,40,0,0,abandoned
1048,U1048,2025-05-06 19:14:00,2025-05-06 19:20:00,F,20~29,office,seoul,0,0,0,0,10,0,0,75,0,0,completed
1049,U1049,2025-08-13 12:50:00,2025-08-13 12:55:00,F,30~39,office,seoul,0,0,0,0,10,0,0,68,0,0,completed
1050,U1050,2025-12-25 11:44:00,2025-12-25 11:49:00,M,50+,office,seoul,0,0,0,0,9,0,0,25,0,0,completed
1051,U1051,2025-09-22 14:21:00,2025-09-22 14:28:00,F,40~49,office,seoul,0,0,0,0,2,0,0,36,0,0,completed
1052,U1052,2025-07-09 18:59:00,2025-07-09 19:02:00,M,30~39,office,seoul,0,0,0,0,2,0,0,61,0,0,completed
1053,U1053,2025-06-19 18:59:00,2025-06-19 19:05:00,M,40~49,office,seoul,0,0,0,0,24,0,0,18,0,0,completed
1054,U1054,2025-02-07 17:41:00,2025-02-07 17:46:00,F,20~29,office,seoul,0,0,0,0,19,0,0,46,0,0,abandoned
1055,U1055,2025-06-01 13:53:00,2025-06-01 13:59:00,M,40~49,office,seoul,1,0,0,0,18,0,0,57,0,0,completed
1056,U1056,2025-11-17 16:45:00,2025-11-17 16:51:00,F,30~39,office,seoul,0,0,0,0,23,0,0,68,0,0,completed
1057,U1057,2025-01-28 14:46:00,2025-01-28 14:51:00,F,40~49,office,seoul,0,0,0,0,20,0,0,45,0,0,completed
1058,U1058,2025-06-02 12:42:00,2025-06-02 12:45:00,F,40~49,office,seoul,0,0,0,0,10,0,0,34,0,0,abandoned
1059,U1059,2025-09-21 18:28:00,2025-09-21 18:30:00,F,40~49,office,seoul,1,0,0,0,5,0,0,41,0,0,completed
1060,U1060,2025-05-06 11:21:00,2025-05-06 11:26:00,F,40~49,office,seoul,0,0,0,0,15,0,0,65,0,0,completed
1061,U1061,2025-08-27 12:20:00,2025-08-27 12:25:00,M,20~29,office,seoul,0,0,0,0,16,0,0,26,0,0,completed
1062,U1062,2025-01-28 14:05:00,2025-01-28 14:08:00,M,30~39,office,seoul,0,0,0,0,8,0,0,36,0,0,completed
1063,U1063,2025-06-18 15:09:00,2025-06-18 15:11:00,F,20~29,office,seoul,0,0,0,0,26,0,0,59,0,0,completed
1064,U1064,2025-09-06 17:56:00,2025-09-06 18:03:00,F,20~29,office,seoul,1,0,0,0,25,0,0,70,0,0,completed
1065,U1065,2025-10-27 07:37:00,2025-10-27 07:44:00,F,20~29,office,seoul,0,0,0,0,17,0,0,56,0,0,abandoned
1066,U1066,2025-07-28 15:30:00,2025-07-28 15:32:00,F,20~29,office,seoul,0,0,0,0,8,0,0,55,0,0,completed
1067,U1067,2025-10-29 12:22:00,2025-10-29 12:26:00,M,40~49,office,seoul,0,0,0,0,21,0,0,18,0,0,completed
1068,U1068,2025-07-30 11:07:00,2025-07-30 11:09:00,F,30~39,office,seoul,0,0,0,0,14,0,0,20,0,0,timeout
1069,U1069,2025-03-06 15:26:00,2025-03-06 15:28:00,F,30~39,office,seoul,0,0,0,0,21,0,0,78,0,0,completed
1070,U1070,2025-09-17 17:16:00,2025-09-17 17:23:00,F,20~29,office,seoul,0,0,0,0,10,0,0,44,0,0,completed
1071,U1071,2025-11-04 09:44:00,2025-11-04 09:51:00,F,20~29,office,seoul,0,0,0,0,2,0,0,18,0,0,completed
1072,U1072,2025-07-13 18:57:00,2025-07-13 18:59:00,M,30~39,office,seoul,1,0,0,0,20,0,0,64,0,0,completed
1073,U1073,2025-01-23 14:57:00,2025-01-23 15:00:00,F,50+,office,seoul,0,0,0,0,24,0,0,47,0,0,completed
1074,U1074,2025-04-08 13:01:00,2025-04-08 13:08:00,F,40~49,office,seoul,0,0,0,0,16,0,0,54,0,0,completed
1075,U1075,2025-12-17 09:43:00,2025-12-17 09:48:00,M,20~29,office,seoul,0,0,0,0,3,0,0,48,0,0,abandoned
1076,U1076,2025-08-24 15:31:00,2025-08-24 15:37:00,F,20~29,office,seoul,1,0,0,0,26,0,0,64,0,0,completed
1077,U1077,2025-01-04 13:42:00,2025-01-04 13:44:00,M,20~29,office,seoul,1,0,0,0,22,0,0,67,0,0,completed
1078,U1078,2025-09-24 18:18:00,2025-09-24 18:24:00,F,20~29,office,seoul,0,0,0,0,19,0,0,71,0,0,completed
1079,U1079,2025-04-23 11:51:00,2025-04-23 11:56:00,F,50+,office,seoul,0,0,0,0,7,0,0,16,0,0,completed
1080,U1080,2025-08-21 13:16:00,2025-08-21 13:21:00,F,20~29,office,seoul,0,0,0,0,28,0,0,68,0,0,completed
1081,U1081,2025-10-25 09:22:00,2025-10-25 09:29:00,M,30~39,office,seoul,1,0,0,0,1,0,0,43,0,0,completed
1082,U1082,2025-10-09 12:15:00,2025-10-09 12:20:00,F,40~49,office,seoul,0,0,0,0,27,0,0,34,0,0,completed
1083,U1083,2025-06-07 07:31:00,2025-06-07 07:34:00,F,30~39,office,seoul,1,0,0,0,19,0,0,66,0,0,timeout
1084,U1084,2025-11-10 12:32:00,2025-11-10 12:34:00,F,40~49,office,seoul,0,0,0,0,2,0,0,20,0,0,completed
1085,U1085,2025-03-29 16:13:00,2025-03-29 16:15:00,F,20~29,office,seoul,1,0,0,0,23,0,0,19,0,0,completed
1086,U1086,2025-05-22 12:17:00,2025-05-22 12:19:00,M,40~49,office,seoul,0,0,0,0,22,0,0,47,0,0,timeout
1087,U1087,2025-10-03 09:40:00,2025-10-03 09:44:00,M,50+,office,seoul,0,0,0,0,10,0,0,68,0,0,completed
1088,U1088,2025-04-02 14:09:00,2025-04-02 14:15:00,M,30~39,office,seoul,0,0,0,0,18,0,0,33,0,0,completed
1089,U1089,2025-05-18 07:24:00,2025-05-18 07:29:00,M,30~39,office,seoul,1,0,0,0,28,0,0,76,0,0,completed
1090,U1090,2025-06-20 21:28:00,2025-06-20 21:35:00,F,40~49,office,seoul,0,0,0,0,29,0,0,50,0,0,completed
1091,U1091,2025-11-11 18:03:00,2025-11-11 18:07:00,F,30~39,office,seoul,0,0,0,0,24,0,0,45,0,0,completed
1092,U1092,2025-07-06 09:27:00,2025-07-06 09:29:00,F,30~39,office,seoul,1,0,0,0,4,0,0,44,0,0,completed
1093,U1093,2025-11-09 17:05:00,2025-11-09 17:09:00,M,50+,office,seoul,1,0,0,0,22,0,0,77,0,0,completed
1094,U1094,2025-09-20 08:42:00,2025-09-20 08:44:00,F,30~39,office,seoul,1,0,0,0,29,0,0,20,0,0,completed
1095,U1095,2025-12-24 20:27:00,2025-12-24 20:32:00,M,40~49,office,seoul,0,0,0,0,26,0,0,61,0,0,completed
1096,U1096,2025-10-15 19:07:00,2025-10-15 19:09:00,M,40~49,office,seoul,0,0,0,0,21,0,0,18,0,0,completed
1097,U1097,2025-06-16 12:02:00,2025-06-16 12:05:00,M,20~29,office,seoul,0,0,0,0,3,0,0,29,0,0,completed
1098,U1098,2025-03-05 19:01:00,2025-03-05 19:04:00,M,50+,office,seoul,0,0,0,0,22,0,0,25,0,0,completed
1099,U1099,2025-10-12 07:45:00,2025-10-12 07:51:00,F,30~39,office,seoul,1,0,0,0,29,0,0,64,0,0,error
1100,U1100,2025-04-26 08:31:00,2025-04-26 08:34:00,F,30~39,office,seoul,1,0,0,0,13,0,0,45,0,0,completed
1101,U1101,2025-03-24 18:46:00,2025-03-24 18:49:00,F,30~39,office,seoul,0,0,0,0,0,0,0,35,0,0,completed
1102,U1102,2025-02-09 17:02:00,2025-02-09 17:09:00,F,30~39,office,seoul,1,0,0,0,22,0,0,54,0,0,completed
1103,U1103,2025-05-02 13:49:00,2025-05-02 13:56:00,F,20~29,office,seoul,0,0,0,0,26,0,0,31,0,0,completed
1104,U1104,2025-05-02 09:29:00,2025-05-02 09:36:00,F,20~29,office,seoul,0,0,0,0,2,0,0,13,0,0,timeout
1105,U1105,2025-07-11 18:07:00,2025-07-11 18:13:00,F,20~29,office,seoul,0,0,0,0,18,0,0,55,0,0,completed
1106,U1106,2025-03-05 09:21:00,2025-03-05 09:23:00,F,50+,office,seoul,0,0,0,0,3,0,0,50,0,0,completed
1107,U1107,2025-06-29 17:31:00,2025-06-29 17:33:00,F,20~29,office,seoul,1,0,0,0,7,0,0,69,0,0,completed
1108,U1108,2025-01-19 08:20:00,2025-01-19 08:25:00,M,20~29,office,seoul,1,0,0,0,3,0,0,52,0,0,completed
1109,U1109,2025-07-16 08:03:00,2025-07-16 08:05:00,M,30~39,office,seoul,0,0,0,0,19,0,0,36,0,0,completed
1110,U1110,2025-04-09 18:08:00,2025-04-09 18:15:00,F,20~29,office,seoul,0,0,0,0,21,0,0,40,0,0,error
1111,U1111,2025-05-15 08:02:00,2025-05-15 08:09:00,M,50+,office,seoul,0,0,0,0,18,0,0,53,0,0,completed
1112,U1112,2025-07-23 20:05:00,2025-07-23 20:09:00,F,20~29,office,seoul,0,0,0,0,2,0,0,63,0,0,completed
1113,U1113,2025-01-01 18:27:00,2025-01-01 18:30:00,F,20~29,office,seoul,0,0,0,0,1,0,0,45,0,0,completed
1114,U1114,2025-04-01 08:21:00,2025-04-01 08:24:00,M,30~39,office,seoul,0,0,0,0,15,0,0,27,0,0,completed
1115,U1115,2025-04-15 08:06:00,2025-04-15 08:09:00,F,30~39,office,seoul,0,0,0,0,19,0,0,31,0,0,timeout
1116,U1116,2025-04-10 11:43:00,2025-04-10 11:50:00,F,20~29,office,seoul,0,0,0,0,19,0,0,23,0,0,completed
1117,U1117,2025-02-27 09:45:00,2025-02-27 09:51:00,F,30~39,office,seoul,0,0,0,0,2,0,0,42,1,0,completed
1118,U1118,2025-09-25 17:38:00,2025-09-25 17:41:00,M,40~49,office,seoul,0,0,0,0,22,0,0,74,0,0,completed
1119,U1119,2025-05-11 16:11:00,2025-05-11 16:18:00,M,40~49,office,seoul,1,0,0,0,8,0,0,69,0,0,completed
1120,U1120,2025-04-08 07:25:00,2025-04-08 07:27:00,F,30~39,office,seoul,0,0,0,0,9,0,0,75,0,0,abandoned
1121,U1121,2025-07-28 12:11:00,2025-07-28 12:14:00,M,30~39,office,seoul,0,0,0,0,26,0,0,69,0,0,completed
1122,U1122,2025-01-04 12:39:00,2025-01-04 12:45:00,M,30~39,office,seoul,1,0,0,0,19,0,0,78,0,0,completed
1123,U1123,2025-06-05 13:47:00,2025-06-05 13:50:00,F,30~39,office,seoul,0,0,0,0,29,0,0,46,0,0,completed
1124,U1124,2025-01-09 13:42:00,2025-01-09 13:44:00,F,30~39,office,seoul,0,0,0,0,29,0,0,46,0,0,completed
1125,U1125,2025-09-23 09:05:00,2025-09-23 09:07:00,M,40~49,office,seoul,0,0,0,0,21,0,0,19,0,0,completed
1126,U1126,2025-03-20 18:15:00,2025-03-20 18:17:00,M,30~39,office,seoul,0,0,0,0,26,0,0,23,0,0,completed
1127,U1127,2025-10-15 13:28:00,2025-10-15 13:33:00,F,20~29,office,seoul,0,0,0,0,4,0,0,78,0,0,completed
1128,U1128,2025-04-24 14:27:00,2025-04-24 14:32:00,M,30~39,office,seoul,0,0,0,0,14,0,0,23,1,0,completed
1129,U1129,2025-04-16 13:04:00,2025-04-16 13:11:00,F,40~49,office,seoul,0,0,0,0,0,0,0,20,0,0,completed
1130,U1130,2025-08-19 12:50:00,2025-08-19 12:55:00,F,40~49,office,seoul,0,0,0,0,27,0,0,27,0,0,completed
1131,U1131,2025-03-13 16:22:00,2025-03-13 16:27:00,F,30~39,office,seoul,0,0,0,0,13,0,0,38,0,0,completed
1132,U1132,2025-07-26 09:26:00,2025-07-26 09:31:00,F,30~39,office,seoul,1,0,0,0,19,0,0,17,0,0,completed
1133,U1133,2025-06-08 13:28:00,2025-06-08 13:32:00,F,20~29,office,seoul,1,0,0,0,27,0,0,77,0,0,timeout
1134,U1134,2025-02-05 12:29:00,2025-02-05 12:31:00,M,20~29,office,seoul,0,0,0,0,18,0,0,39,1,0,completed
1135,U1135,2025-08-22 15:57:00,2025-08-22 15:59:00,M,40~49,office,seoul,0,0,0,0,5,0,0,39,1,0,completed
1136,U1136,2025-04-04 08:02:00,2025-04-04 08:09:00,M,20~29,office,seoul,0,0,0,0,18,0,0,77,0,0,completed
1137,U1137,2025-03-16 18:11:00,2025-03-16 18:15:00,M,30~39,office,seoul,1,0,0,0,12,0,0,31,0,0,completed
1138,U1138,2025-10-29 16:21:00,2025-10-29 16:23:00,M,50+,office,seoul,0,0,0,0,28,0,0,43,0,0,completed
1139,U1139,2025-01-20 09:39:00,2025-01-20 09:43:00,F,50+,office,seoul,0,0,0,0,21,0,0,60,0,0,completed
1140,U1140,2025-06-21 17:27:00,2025-06-21 17:29:00,M,20~29,office,seoul,1,0,0,0,5,0,0,11,0,0,completed
1141,U1141,2025-01-10 15:49:00,2025-01-10 15:51:00,F,20~29,office,seoul,0,0,0,0,1,0,0,37,0,0,completed
1142,U1142,2025-06-04 17:43:00,2025-06-04 17:45:00,F,40~49,office,seoul,0,0,0,0,11,0,0,63,0,0,completed
1143,U1143,2025-11-03 08:59:00,2025-11-03 09:02:00,F,30~39,office,seoul,0,0,0,0,16,0,0,64,0,0,completed
1144,U1144,2025-07-02 19:30:00,2025-07-02 19:36:00,M,20~29,office,seoul,0,0,0,0,27,0,0,74,0,0,completed
1145,U1145,2025-10-18 09:06:00,2025-10-18 09:09:00,M,50+,office,seoul,1,0,0,0,24,0,0,75,0,0,completed
1146,U1146,2025-12-08 09:38:00,2025-12-08 09:42:00,F,50+,office,seoul,0,0,0,0,25,0,0,46,0,0,completed
1147,U1147,2025-09-10 08:04:00,2025-09-10 08:08:00,F,40~49,office,seoul,0,0,0,0,25,0,0,14,1,0,completed
1148,U1148,2025-01-16 18:20:00,2025-01-16 18:27:00,M,20~29,office,seoul,0,0,0,0,26,0,0,20,0,0,completed
1149,U1149,2025-09-15 14:21:00,2025-09-15 14:28:00,M,30~39,office,seoul,0,0,0,0,14,0,0,54,0,0,completed
1150,U1150,2025-04-12 18:36:00,2025-04-12 18:38:00,F,30~39,office,seoul,1,0,0,0,18,0,0,51,0,0,completed
1151,U1151,2025-05-28 15:15:00,2025-05-28 15:17:00,F,50+,office,seoul,0,0,0,0,7,0,0,41,0,0,completed
1152,U1152,2025-11-05 13:26:00,2025-11-05 13:32:00,M,30~39,office,seoul,0,0,0,0,26,0,0,36,0,0,completed
1153,U1153,2025-09-18 09:35:00,2025-09-18 09:40:00,F,20~29,office,seoul,0,0,0,0,26,0,0,79,0,0,completed
1154,U1154,2025-11-17 11:54:00,2025-11-17 11:59:00,M,30~39,office,seoul,0,0,0,0,29,0,0,76,0,0,completed
1155,U1155,2025-10-09 16:54:00,2025-10-09 16:59:00,M,30~39,office,seoul,0,0,0,0,27,0,0,17,0,0,completed
1156,U1156,2025-05-08 14:45:00,2025-05-08 14:48:00,F,20~29,office,seoul,0,0,0,0,12,0,0,75,0,0,completed
1157,U1157,2025-08-22 12:08:00,2025-08-22 12:15:00,F,30~39,office,seoul,0,0,0,0,15,0,0,40,0,0,completed
1158,U1158,2025-03-27 13:07:00,2025-03-27 13:10:00,M,30~39,office,seoul,0,0,0,0,11,0,0,48,0,0,completed
1159,U1159,2025-12-22 08:18:00,2025-12-22 08:21:00,M,50+,office,seoul,0,0,0,0,21,0,0,69,1,0,completed
1160,U1160,2025-04-03 19:17:00,2025-04-03 19:20:00,F,20~29,office,seoul,0,0,0,0,24,0,0,42,0,0,completed
1161,U1161,2025-10-02 16:25:00,2025-10-02 16:30:00,M,50+,office,seoul,0,0,0,0,5,0,0,23,0,0,completed
1162,U1162,2025-05-24 21:52:00,2025-05-24 21:55:00,F,20~29,office,seoul,1,0,0,0,12,0,0,19,0,0,completed
1163,U1163,2025-08-08 09:22:00,2025-08-08 09:24:00,M,20~29,office,seoul,0,0,0,0,22,0,0,42,0,0,completed
1164,U1164,2025-11-17 18:47:00,2025-11-17 18:49:00,F,30~39,office,seoul,0,0,0,0,9,0,0,24,0,0,completed
1165,U1165,2025-09-22 09:07:00,2025-09-22 09:12:00,F,30~39,office,seoul,0,0,0,0,28,0,0,17,0,0,completed
1166,U1166,2025-05-25 07:12:00,2025-05-25 07:18:00,M,20~29,office,seoul,1,0,0,0,15,0,0,40,0,0,completed
1167,U1167,2025-06-14 09:05:00,2025-06-14 09:08:00,M,30~39,office,seoul,1,0,0,0,6,0,0,18,0,0,completed
1168,U1168,2025-09-11 14:52:00,2025-09-11 14:58:00,M,30~39,office,seoul,0,0,0,0,12,0,0,64,0,0,error
1169,U1169,2025-05-25 08:13:00,2025-05-25 08:15:00,F,20~29,office,seoul,1,0,0,0,14,0,0,74,0,0,error
1170,U1170,2025-08-05 08:08:00,2025-08-05 08:15:00,F,30~39,office,seoul,0,0,0,0,15,0,0,51,0,0,abandoned
1171,U1171,2025-11-08 12:52:00,2025-11-08 12:55:00,F,30~39,office,seoul,1,0,0,0,17,0,0,62,0,1,completed
1172,U1172,2025-11-08 18:29:00,2025-11-08 18:32:00,M,40~49,office,seoul,1,0,0,0,0,0,0,20,0,0,completed
1173,U1173,2025-10-05 16:21:00,2025-10-05 16:23:00,M,30~39,office,seoul,1,0,0,0,8,0,0,13,0,0,completed
1174,U1174,2025-12-26 16:17:00,2025-12-26 16:23:00,F,20~29,office,seoul,0,0,0,0,22,0,0,43,0,0,completed
1175,U1175,2025-03-24 16:55:00,2025-03-24 16:57:00,M,30~39,office,seoul,0,0,0,0,22,0,0,33,0,0,completed
1176,U1176,2025-05-11 18:42:00,2025-05-11 18:45:00,F,30~39,office,seoul,1,0,0,0,25,0,0,61,0,0,completed
1177,U1177,2025-08-10 13:03:00,2025-08-10 13:09:00,M,50+,office,seoul,1,0,0,0,29,0,0,57,0,0,completed
1178,U1178,2025-04-05 17:34:00,2025-04-05 17:38:00,F,20~29,office,seoul,1,0,0,0,14,0,0,27,0,0,completed
1179,U1179,2025-11-14 13:59:00,2025-11-14 14:05:00,F,40~49,office,seoul,0,0,0,0,22,0,0,10,0,0,completed
1180,U1180,2025-06-17 16:58:00,2025-06-17 17:00:00,M,20~29,office,seoul,0,0,0,0,8,0,0,79,0,0,completed
1181,U1181,2025-02-28 18:34:00,2025-02-28 18:37:00,F,40~49,office,seoul,0,0,0,0,25,0,0,16,0,0,completed
1182,U1182,2025-03-27 12:00:00,2025-03-27 12:05:00,F,30~39,office,seoul,0,0,0,0,20,0,0,74,0,0,completed
1183,U1183,2025-10-10 19:55:00,2025-10-10 19:58:00,F,30~39,office,seoul,0,0,0,0,1,0,0,72,0,0,completed
1184,U1184,2025-10-05 15:56:00,2025-10-05 16:02:00,F,30~39,office,seoul,1,0,0,0,0,0,0,20,0,0,completed
1185,U1185,2025-06-21 09:00:00,2025-06-21 09:05:00,F,40~49,office,seoul,1,0,0,0,21,0,0,73,0,0,completed
1186,U1186,2025-03-30 21:39:00,2025-03-30 21:43:00,F,20~29,office,seoul,1,0,0,0,10,0,0,13,0,0,completed
1187,U1187,2025-04-21 22:11:00,2025-04-21 22:14:00,F,30~39,office,seoul,0,0,0,0,0,0,0,10,0,0,completed
1188,U1188,2025-04-23 22:30:00,2025-04-23 22:36:00,F,20~29,office,seoul,0,0,0,0,23,0,0,13,0,0,completed
1189,U1189,2025-08-03 08:56:00,2025-08-03 08:58:00,F,20~29,office,seoul,1,0,0,0,15,0,0,74,0,0,completed
1190,U1190,2025-09-19 20:44:00,2025-09-19 20:49:00,M,20~29,office,seoul,0,0,0,0,20,0,0,28,0,0,timeout
1191,U1191,2025-09-21 15:02:00,2025-09-21 15:09:00,M,20~29,office,seoul,1,0,0,0,8,0,0,30,0,0,completed
1192,U1192,2025-10-21 08:51:00,2025-10-21 08:53:00,F,40~49,office,seoul,0,0,0,0,4,0,0,36,0,0,completed
1193,U1193,2025-03-25 19:39:00,2025-03-25 19:41:00,M,20~29,office,seoul,0,0,0,0,13,0,0,43,0,0,timeout
1194,U1194,2025-12-06 13:21:00,2025-12-06 13:27:00,F,50+,office,seoul,1,0,0,0,21,0,0,50,0,0,completed
1195,U1195,2025-09-13 19:17:00,2025-09-13 19:19:00,F,30~39,office,seoul,1,0,0,0,15,0,0,72,0,0,completed
1196,U1196,2025-03-14 15:38:00,2025-03-14 15:42:00,M,30~39,office,seoul,0,0,0,0,28,0,0,63,0,0,completed
1197,U1197,2025-08-08 18:56:00,2025-08-08 19:01:00,M,50+,office,seoul,0,0,0,0,22,0,0,26,0,0,completed
1198,U1198,2025-01-12 07:10:00,2025-01-12 07:17:00,F,20~29,office,seoul,1,0,0,0,25,0,0,70,0,0,completed
1199,U1199,2025-06-08 16:24:00,2025-06-08 16:27:00,F,20~29,office,seoul,1,0,0,0,24,0,0,79,0,0,completed
1200,U1200,2025-05-28 11:59:00,2025-05-28 12:01:00,F,20~29,office,seoul,0,0,0,0,2,0,0,37,0,0,completed
1201,U1201,2025-02-28 11:22:00,2025-02-28 11:28:00,F,20~29,office,seoul,0,0,0,0,21,0,0,15,0,0,completed
1202,U1202,2025-04-22 08:06:00,2025-04-22 08:08:00,M,20~29,office,seoul,0,0,0,0,14,0,0,60,1,0,completed
1203,U1203,2025-12-26 08:10:00,2025-12-26 08:16:00,F,30~39,office,seoul,0,0,0,0,3,0,0,31,0,0,completed
1204,U1204,2025-08-01 11:24:00,2025-08-01 11:30:00,M,20~29,office,seoul,0,0,0,0,10,0,0,29,0,0,completed
1205,U1205,2025-11-29 07:12:00,2025-11-29 07:19:00,F,30~39,office,seoul,1,0,0,0,19,0,0,46,0,0,abandoned
1206,U1206,2025-08-11 16:34:00,2025-08-11 16:36:00,F,40~49,office,seoul,0,0,0,0,18,0,0,71,0,0,completed
1207,U1207,2025-02-14 11:29:00,2025-02-14 11:36:00,F,40~49,office,seoul,0,0,0,0,21,0,0,32,0,0,completed
1208,U1208,2025-08-05 18:47:00,2025-08-05 18:50:00,F,20~29,office,seoul,0,0,0,0,22,0,0,33,0,0,completed
1209,U1209,2025-01-10 08:17:00,2025-01-10 08:24:00,M,20~29,office,seoul,0,0,0,0,27,0,0,22,0,0,completed
1210,U1210,2025-07-03 16:18:00,2025-07-03 16:23:00,M,50+,office,seoul,0,0,0,0,8,0,0,46,0,0,completed
1211,U1211,2025-10-15 20:32:00,2025-10-15 20:35:00,F,30~39,office,seoul,0,0,0,0,12,0,0,39,0,0,completed
1212,U1212,2025-12-08 18:19:00,2025-12-08 18:22:00,M,20~29,office,seoul,0,0,0,0,21,0,0,60,0,0,timeout
1213,U1213,2025-11-05 09:53:00,2025-11-05 09:55:00,M,30~39,office,seoul,0,0,0,0,11,0,0,27,0,0,completed
1214,U1214,2025-01-16 16:19:00,2025-01-16 16:21:00,F,30~39,office,seoul,0,0,0,0,10,0,0,40,0,0,completed
1215,U1215,2025-08-30 13:35:00,2025-08-30 13:37:00,M,20~29,office,seoul,1,0,0,0,26,0,0,44,0,0,abandoned
1216,U1216,2025-01-10 12:35:00,2025-01-10 12:42:00,M,20~29,office,seoul,0,0,0,0,24,0,0,72,0,1,abandoned
1217,U1217,2025-01-22 13:46:00,2025-01-22 13:49:00,F,30~39,office,seoul,0,0,0,0,26,0,0,71,0,0,completed
1218,U1218,2025-06-25 12:49:00,2025-06-25 12:51:00,F,20~29,office,seoul,0,0,0,0,14,0,0,60,0,0,completed
1219,U1219,2025-12-24 15:28:00,2025-12-24 15:30:00,F,20~29,office,seoul,0,0,0,0,3,0,0,33,0,0,error
1220,U1220,2025-08-02 14:27:00,2025-08-02 14:32:00,F,20~29,office,seoul,1,0,0,0,12,0,0,21,0,0,abandoned
1221,U1221,2025-08-19 12:04:00,2025-08-19 12:06:00,F,50+,office,seoul,0,0,0,0,18,0,0,36,0,0,abandoned
1222,U1222,2025-05-12 15:50:00,2025-05-12 15:54:00,M,50+,office,seoul,0,0,0,0,25,0,0,37,0,0,completed
1223,U1223,2025-06-04 08:19:00,2025-06-04 08:21:00,F,30~39,office,seoul,0,0,0,0,11,0,0,32,0,0,completed
1224,U1224,2025-08-31 15:02:00,2025-08-31 15:08:00,F,40~49,office,seoul,1,0,0,0,16,0,0,47,0,0,completed
1225,U1225,2025-12-23 08:36:00,2025-12-23 08:38:00,M,40~49,office,seoul,0,0,0,0,0,0,0,74,0,0,completed
1226,U1226,2025-02-19 15:35:00,2025-02-19 15:39:00,M,20~29,office,seoul,0,0,0,0,9,0,0,14,0,0,completed
1227,U1227,2025-08-11 08:22:00,2025-08-11 08:24:00,F,20~29,office,seoul,0,0,0,0,15,0,0,64,0,0,completed
1228,U1228,2025-01-11 11:27:00,2025-01-11 11:33:00,M,20~29,office,seoul,1,0,0,0,17,0,0,73,0,0,abandoned
1229,U1229,2025-11-20 17:17:00,2025-11-20 17:20:00,F,20~29,office,seoul,0,0,0,0,12,0,0,72,0,0,completed
1230,U1230,2025-12-17 19:14:00,2025-12-17 19:20:00,F,30~39,office,seoul,0,0,0,0,19,0,0,32,0,0,abandoned
1231,U1231,2025-10-27 14:29:00,2025-10-27 14:32:00,M,40~49,office,seoul,0,0,0,0,11,0,0,12,0,0,completed
1232,U1232,2025-01-20 21:20:00,2025-01-20 21:25:00,M,30~39,office,seoul,0,0,0,0,15,0,0,36,0,0,completed
1233,U1233,2025-09-21 12:30:00,2025-09-21 12:33:00,F,30~39,office,seoul,1,0,0,0,11,0,0,14,0,0,completed
1234,U1234,2025-02-01 16:23:00,2025-02-01 16:28:00,M,20~29,office,seoul,1,0,0,0,2,0,0,41,0,0,timeout
1235,U1235,2025-05-17 18:20:00,2025-05-17 18:26:00,M,40~49,office,seoul,1,0,0,0,9,0,0,15,1,0,completed
1236,U1236,2025-07-05 15:42:00,2025-07-05 15:48:00,M,30~39,office,seoul,1,0,0,0,29,0,0,23,0,0,completed
1237,U1237,2025-08-31 13:19:00,2025-08-31 13:22:00,F,20~29,office,seoul,1,0,0,0,14,0,0,69,0,0,completed
1238,U1238,2025-02-02 14:22:00,2025-02-02 14:29:00,M,40~49,office,seoul,1,0,0,0,20,0,0,39,0,0,completed
1239,U1239,2025-05-04 11:04:00,2025-05-04 11:06:00,M,20~29,office,seoul,1,0,0,0,3,0,0,60,1,0,abandoned
1240,U1240,2025-02-15 09:30:00,2025-02-15 09:32:00,F,30~39,office,seoul,1,0,0,0,0,0,0,77,0,0,completed
1241,U1241,2025-01-13 14:27:00,2025-01-13 14:33:00,M,50+,office,seoul,0,0,0,0,17,0,0,36,1,0,completed
1242,U1242,2025-02-03 15:33:00,2025-02-03 15:39:00,F,50+,office,seoul,0,0,0,0,22,0,0,44,1,0,completed
1243,U1243,2025-05-27 21:16:00,2025-05-27 21:23:00,M,20~29,office,seoul,0,0,0,0,4,0,0,28,0,0,completed
1244,U1244,2025-09-23 19:03:00,2025-09-23 19:09:00,M,50+,office,seoul,0,0,0,0,15,0,0,79,0,0,completed
1245,U1245,2025-01-30 15:47:00,2025-01-30 15:52:00,M,20~29,office,seoul,0,0,0,0,6,0,0,15,0,0,completed
1246,U1246,2025-11-01 22:25:00,2025-11-01 22:29:00,F,50+,office,seoul,1,0,0,0,17,0,0,59,0,0,completed
1247,U1247,2025-03-27 12:47:00,2025-03-27 12:50:00,F,20~29,office,seoul,0,0,0,0,9,0,0,51,0,0,completed
1248,U1248,2025-05-16 19:12:00,2025-05-16 19:14:00,F,20~29,office,seoul,0,0,0,0,2,0,0,32,0,0,error
1249,U1249,2025-01-16 14:41:00,2025-01-16 14:45:00,F,30~39,office,seoul,0,0,0,0,19,0,0,57,0,0,completed
1250,U1250,2025-02-15 13:33:00,2025-02-15 13:37:00,M,30~39,office,seoul,1,0,0,0,4,0,0,25,0,0,completed
1251,U1251,2025-09-05 12:43:00,2025-09-05 12:50:00,F,20~29,office,seoul,0,0,0,0,3,0,0,77,0,0,completed
1252,U1252,2025-09-23 17:03:00,2025-09-23 17:10:00,M,30~39,office,seoul,0,0,0,0,21,0,0,76,0,0,abandoned
1253,U1253,2025-08-18 15:26:00,2025-08-18 15:29:00,F,20~29,office,seoul,0,0,0,0,18,0,0,43,0,0,completed
1254,U1254,2025-02-07 09:19:00,2025-02-07 09:21:00,F,20~29,office,seoul,0,0,0,0,24,0,0,74,0,0,completed
1255,U1255,2025-05-12 20:24:00,2025-05-12 20:30:00,F,30~39,office,seoul,0,0,0,0,15,0,0,60,0,0,completed
1256,U1256,2025-04-08 18:41:00,2025-04-08 18:47:00,F,30~39,office,seoul,0,0,0,0,24,0,0,66,0,0,completed
1257,U1257,2025-08-09 17:14:00,2025-08-09 17:19:00,M,30~39,office,seoul,1,0,0,0,19,0,0,39,0,0,completed
1258,U1258,2025-01-17 12:44:00,2025-01-17 12:49:00,M,50+,office,seoul,0,0,0,0,2,0,0,29,0,0,completed
1259,U1259,2025-06-03 17:35:00,2025-06-03 17:39:00,M,40~49,office,seoul,0,0,0,0,15,0,0,48,0,0,completed
1260,U1260,2025-02-09 19:20:00,2025-02-09 19:23:00,F,20~29,office,seoul,1,0,0,0,1,0,0,78,0,0,completed
1261,U1261,2025-09-12 15:16:00,2025-09-12 15:22:00,F,40~49,office,seoul,0,0,0,0,19,0,0,13,0,0,completed
1262,U1262,2025-11-16 08:42:00,2025-11-16 08:45:00,M,30~39,office,seoul,1,0,0,0,7,0,0,59,0,0,abandoned
1263,U1263,2025-05-20 15:57:00,2025-05-20 16:03:00,F,30~39,office,seoul,0,0,0,0,23,0,0,69,0,0,completed
1264,U1264,2025-12-25 19:43:00,2025-12-25 19:48:00,M,40~49,office,seoul,0,0,0,0,21,0,0,77,0,0,completed
1265,U1265,2025-06-24 16:01:00,2025-06-24 16:04:00,F,30~39,office,seoul,0,0,0,0,8,0,0,77,0,0,completed
1266,U1266,2025-05-02 12:33:00,2025-05-02 12:36:00,F,50+,office,seoul,0,0,0,0,23,0,0,50,0,0,completed
1267,U1267,2025-07-16 15:13:00,2025-07-16 15:20:00,F,20~29,office,seoul,0,0,0,0,5,0,0,46,0,0,completed
1268,U1268,2025-09-14 12:35:00,2025-09-14 12:38:00,F,40~49,office,seoul,1,0,0,0,25,0,0,76,0,0,completed
1269,U1269,2025-03-13 18:52:00,2025-03-13 18:58:00,F,20~29,office,seoul,0,0,0,0,23,0,0,10,0,0,completed
1270,U1270,2025-05-22 11:42:00,2025-05-22 11:48:00,M,50+,office,seoul,0,0,0,0,29,0,0,32,0,0,completed
1271,U1271,2025-01-02 08:04:00,2025-01-02 08:09:00,M,30~39,office,seoul,0,0,0,0,1,0,0,75,0,0,completed
1272,U1272,2025-10-10 14:07:00,2025-10-10 14:13:00,F,50+,office,seoul,0,0,0,0,4,0,0,68,0,0,completed
1273,U1273,2025-09-28 18:31:00,2025-09-28 18:35:00,M,30~39,office,seoul,1,0,0,0,22,0,0,16,0,0,completed
1274,U1274,2025-10-01 19:54:00,2025-10-01 19:58:00,M,30~39,office,seoul,0,0,0,0,25,0,0,66,0,0,completed
1275,U1275,2025-01-27 14:32:00,2025-01-27 14:39:00,F,20~29,office,seoul,0,0,0,0,29,0,0,51,0,0,completed
1276,U1276,2025-07-05 21:00:00,2025-07-05 21:04:00,M,20~29,office,seoul,1,0,0,0,15,0,0,11,0,0,completed
1277,U1277,2025-12-24 22:30:00,2025-12-24 22:36:00,F,30~39,office,seoul,0,0,0,0,10,0,0,74,0,0,completed
1278,U1278,2025-01-30 15:28:00,2025-01-30 15:31:00,F,30~39,office,seoul,0,0,0,0,19,0,0,52,0,0,abandoned
1279,U1279,2025-03-18 09:16:00,2025-03-18 09:20:00,M,20~29,office,seoul,0,0,0,0,3,0,0,47,0,0,completed
1280,U1280,2025-04-06 16:09:00,2025-04-06 16:16:00,M,20~29,office,seoul,1,0,0,0,6,0,0,74,0,0,completed
1281,U1281,2025-03-26 08:27:00,2025-03-26 08:29:00,M,20~29,office,seoul,0,0,0,0,28,0,0,78,0,0,completed
1282,U1282,2025-06-27 14:57:00,2025-06-27 15:00:00,F,20~29,office,seoul,0,0,0,0,29,0,0,78,0,0,completed
1283,U1283,2025-02-15 13:02:00,2025-02-15 13:04:00,F,30~39,office,seoul,1,0,0,0,11,0,0,32,0,0,completed
1284,U1284,2025-06-11 13:51:00,2025-06-11 13:54:00,F,30~39,office,seoul,0,0,0,0,26,0,0,10,0,0,abandoned
1285,U1285,2025-10-23 12:07:00,2025-10-23 12:14:00,F,20~29,office,seoul,0,0,0,0,21,0,0,46,0,0,completed
1286,U1286,2025-10-13 16:56:00,2025-10-13 16:59:00,F,40~49,office,seoul,0,0,0,0,18,0,0,31,0,0,completed
1287,U1287,2025-03-25 13:48:00,2025-03-25 13:52:00,F,40~49,office,seoul,0,0,0,0,29,0,0,37,0,0,completed
1288,U1288,2025-05-24 18:06:00,2025-05-24 18:12:00,M,40~49,office,seoul,1,0,0,0,26,0,0,24,0,0,completed
1289,U1289,2025-04-10 17:12:00,2025-04-10 17:14:00,M,40~49,office,seoul,0,0,0,0,5,0,0,78,0,0,completed
1290,U1290,2025-07-01 18:19:00,2025-07-01 18:25:00,F,30~39,office,seoul,0,0,0,0,27,0,0,57,0,0,completed
1291,U1291,2025-03-27 12:04:00,2025-03-27 12:10:00,F,30~39,office,seoul,0,0,0,0,0,0,0,68,0,0,completed
1292,U1292,2025-10-19 08:20:00,2025-10-19 08:23:00,F,30~39,office,seoul,1,0,0,0,10,0,0,13,0,0,completed
1293,U1293,2025-02-23 12:26:00,2025-02-23 12:33:00,M,30~39,office,seoul,1,0,0,0,28,0,0,49,0,1,completed
1294,U1294,2025-08-06 17:35:00,2025-08-06 17:42:00,M,30~39,office,seoul,0,0,0,0,17,0,0,36,0,0,completed
1295,U1295,2025-05-26 16:45:00,2025-05-26 16:50:00,M,20~29,office,seoul,0,0,0,0,0,0,0,30,0,0,completed
1296,U1296,2025-11-17 22:57:00,2025-11-17 23:00:00,M,20~29,office,seoul,0,0,0,0,24,0,0,42,0,0,completed
1297,U1297,2025-08-31 13:25:00,2025-08-31 13:32:00,M,20~29,office,seoul,1,0,0,0,3,0,0,78,0,0,completed
1298,U1298,2025-06-28 09:25:00,2025-06-28 09:28:00,F,40~49,office,seoul,1,0,0,0,8,0,0,59,0,0,completed
1299,U1299,2025-10-07 16:14:00,2025-10-07 16:18:00,F,30~39,office,seoul,0,0,0,0,2,0,0,65,0,0,completed
1300,U1300,2025-05-09 17:51:00,2025-05-09 17:57:00,M,20~29,office,seoul,0,0,0,0,9,0,0,52,0,0,abandoned
1301,U1301,2025-07-31 22:50:00,2025-07-31 22:57:00,F,40~49,office,seoul,0,0,0,0,24,0,0,19,0,0,abandoned
1302,U1302,2025-02-15 09:44:00,2025-02-15 09:46:00,M,50+,office,seoul,1,0,0,0,29,0,0,51,0,0,completed
1303,U1303,2025-12-07 17:01:00,2025-12-07 17:03:00,F,30~39,office,seoul,1,0,0,0,12,0,0,33,0,0,abandoned
1304,U1304,2025-03-07 07:43:00,2025-03-07 07:48:00,F,30~39,office,seoul,0,0,0,0,7,0,0,48,0,0,completed
1305,U1305,2025-01-03 12:08:00,2025-01-03 12:12:00,M,40~49,office,seoul,0,0,0,0,3,0,0,71,0,0,completed
1306,U1306,2025-11-03 11:58:00,2025-11-03 12:02:00,M,20~29,office,seoul,0,0,0,0,11,0,0,58,0,0,error
1307,U1307,2025-04-06 13:59:00,2025-04-06 14:04:00,F,20~29,office,seoul,1,0,0,0,9,0,0,31,0,0,completed
1308,U1308,2025-09-10 11:09:00,2025-09-10 11:14:00,M,30~39,office,seoul,0,0,0,0,1,0,0,44,0,0,completed
1309,U1309,2025-11-19 09:24:00,2025-11-19 09:27:00,M,50+,office,seoul,0,0,0,0,21,0,0,64,0,0,completed
1310,U1310,2025-07-16 07:41:00,2025-07-16 07:48:00,F,30~39,office,seoul,0,0,0,0,26,0,0,52,0,0,completed
1311,U1311,2025-03-05 07:53:00,2025-03-05 07:57:00,F,30~39,office,seoul,0,0,0,0,18,0,0,50,0,0,completed
1312,U1312,2025-07-17 15:30:00,2025-07-17 15:36:00,M,40~49,office,seoul,0,0,0,0,26,0,0,14,0,0,completed
1313,U1313,2025-03-13 11:11:00,2025-03-13 11:14:00,M,40~49,office,seoul,0,0,0,0,6,0,0,40,0,0,completed
1314,U1314,2025-09-15 16:11:00,2025-09-15 16:13:00,F,20~29,office,seoul,0,0,0,0,22,0,0,11,0,0,completed
1315,U1315,2025-04-21 22:57:00,2025-04-21 22:59:00,F,20~29,office,seoul,0,0,0,0,6,0,0,63,0,0,completed
1316,U1316,2025-12-15 17:11:00,2025-12-15 17:15:00,F,30~39,office,seoul,0,0,0,0,15,0,0,53,0,0,completed
1317,U1317,2025-04-16 15:06:00,2025-04-16 15:10:00,F,50+,office,seoul,0,0,0,0,21,0,0,56,0,0,timeout
1318,U1318,2025-01-03 19:49:00,2025-01-03 19:52:00,F,50+,office,seoul,0,0,0,0,25,0,0,65,0,0,completed
1319,U1319,2025-11-08 14:17:00,2025-11-08 14:21:00,M,30~39,office,seoul,1,0,0,0,18,0,0,56,0,0,completed
1320,U1320,2025-11-24 19:32:00,2025-11-24 19:38:00,F,30~39,office,seoul,0,0,0,0,10,0,0,13,0,0,abandoned
1321,U1321,2025-01-09 14:12:00,2025-01-09 14:18:00,M,40~49,office,seoul,0,0,0,0,16,0,0,20,0,0,completed
1322,U1322,2025-09-06 19:03:00,2025-09-06 19:07:00,F,30~39,office,seoul,1,0,0,0,7,0,0,70,0,0,completed
1323,U1323,2025-09-17 11:50:00,2025-09-17 11:53:00,M,20~29,office,seoul,0,0,0,0,22,0,0,15,0,0,completed
1324,U1324,2025-02-28 16:23:00,2025-02-28 16:29:00,M,30~39,office,seoul,0,0,0,0,1,0,0,16,0,0,completed
1325,U1325,2025-11-30 20:10:00,2025-11-30 20:14:00,F,20~29,office,seoul,1,0,0,0,23,0,0,75,0,0,completed
1326,U1326,2025-03-16 12:07:00,2025-03-16 12:10:00,F,20~29,office,seoul,1,0,0,0,3,0,0,68,0,0,completed
1327,U1327,2025-09-08 22:38:00,2025-09-08 22:40:00,F,40~49,office,seoul,0,0,0,0,2,0,0,53,0,0,abandoned
1328,U1328,2025-02-11 16:54:00,2025-02-11 17:01:00,M,30~39,office,seoul,0,0,0,0,27,0,0,43,0,0,completed
1329,U1329,2025-10-15 08:48:00,2025-10-15 08:54:00,F,30~39,office,seoul,0,0,0,0,3,0,0,21,0,0,completed
1330,U1330,2025-09-21 13:23:00,2025-09-21 13:28:00,F,20~29,office,seoul,1,0,0,0,9,0,0,31,0,0,completed
1331,U1331,2025-06-17 21:01:00,2025-06-17 21:07:00,F,50+,office,seoul,0,0,0,0,9,0,0,24,1,0,completed
1332,U1332,2025-10-26 20:02:00,2025-10-26 20:08:00,F,30~39,office,seoul,1,0,0,0,16,0,0,34,0,0,abandoned
1333,U1333,2025-06-05 11:38:00,2025-06-05 11:43:00,M,30~39,office,seoul,0,0,0,0,6,0,0,15,0,0,completed
1334,U1334,2025-12-06 12:53:00,2025-12-06 13:00:00,F,40~49,office,seoul,1,0,0,0,5,0,0,54,0,0,completed
1335,U1335,2025-07-19 19:07:00,2025-07-19 19:11:00,F,20~29,office,seoul,1,0,0,0,8,0,0,54,0,0,completed
1336,U1336,2025-01-07 14:52:00,2025-01-07 14:56:00,F,20~29,office,seoul,0,0,0,0,22,0,0,43,0,0,completed
1337,U1337,2025-02-27 07:37:00,2025-02-27 07:42:00,F,20~29,office,seoul,0,0,0,0,28,0,0,58,0,0,completed
1338,U1338,2025-04-08 16:34:00,2025-04-08 16:36:00,F,30~39,office,seoul,0,0,0,0,0,0,0,29,0,0,completed
1339,U1339,2025-11-24 17:42:00,2025-11-24 17:46:00,M,30~39,office,seoul,0,0,0,0,24,0,0,39,0,0,completed
1340,U1340,2025-06-10 17:11:00,2025-06-10 17:18:00,F,20~29,office,seoul,0,0,0,0,27,0,0,74,0,0,completed
1341,U1341,2025-10-28 14:04:00,2025-10-28 14:07:00,F,50+,office,seoul,0,0,0,0,16,0,0,56,0,0,completed
1342,U1342,2025-05-29 13:08:00,2025-05-29 13:12:00,F,50+,office,seoul,0,0,0,0,16,0,0,34,0,0,completed
1343,U1343,2025-02-13 08:31:00,2025-02-13 08:34:00,F,50+,office,seoul,0,0,0,0,23,0,0,39,0,0,completed
1344,U1344,2025-11-29 09:32:00,2025-11-29 09:35:00,F,20~29,office,seoul,1,0,0,0,6,0,0,10,0,0,completed
1345,U1345,2025-11-24 18:57:00,2025-11-24 19:01:00,F,40~49,office,seoul,0,0,0,0,11,0,0,55,0,0,completed
1346,U1346,2025-05-10 14:19:00,2025-05-10 14:22:00,M,40~49,office,seoul,1,0,0,0,5,0,0,32,0,0,completed
1347,U1347,2025-12-17 07:01:00,2025-12-17 07:07:00,F,30~39,office,seoul,0,0,0,0,17,0,0,73,0,0,completed
1348,U1348,2025-09-23 16:35:00,2025-09-23 16:37:00,F,40~49,office,seoul,0,0,0,0,4,0,0,51,0,0,completed
1349,U1349,2025-11-17 09:06:00,2025-11-17 09:12:00,M,40~49,office,seoul,0,0,0,0,13,0,0,24,0,0,completed
1350,U1350,2025-09-13 11:05:00,2025-09-13 11:09:00,F,20~29,office,seoul,1,0,0,0,4,0,0,62,0,0,completed
1351,U1351,2025-08-07 09:18:00,2025-08-07 09:25:00,F,50+,office,seoul,0,0,0,0,27,0,0,75,0,0,completed
1352,U1352,2025-11-18 09:49:00,2025-11-18 09:51:00,M,40~49,office,seoul,0,0,0,0,12,0,0,40,0,0,timeout
1353,U1353,2025-12-01 09:25:00,2025-12-01 09:29:00,F,30~39,office,seoul,0,0,0,0,26,0,0,61,0,0,completed
1354,U1354,2025-09-27 07:49:00,2025-09-27 07:54:00,M,20~29,office,seoul,1,0,0,0,22,0,0,54,0,0,completed
1355,U1355,2025-03-29 14:32:00,2025-03-29 14:37:00,F,30~39,office,seoul,1,0,0,0,9,0,0,28,0,0,completed
1356,U1356,2025-07-03 14:25:00,2025-07-03 14:31:00,M,50+,office,seoul,0,0,0,0,18,0,0,66,0,0,completed
1357,U1357,2025-07-28 14:10:00,2025-07-28 14:16:00,F,40~49,office,seoul,0,0,0,0,1,0,0,51,0,0,completed
1358,U1358,2025-01-04 09:54:00,2025-01-04 09:57:00,M,20~29,office,seoul,1,0,0,0,28,0,0,64,0,0,completed
1359,U1359,2025-05-10 18:21:00,2025-05-10 18:27:00,M,20~29,office,seoul,1,0,0,0,13,0,0,36,0,0,completed
1360,U1360,2025-05-10 11:23:00,2025-05-10 11:27:00,F,30~39,office,seoul,1,0,0,0,10,0,0,73,0,0,completed
1361,U1361,2025-10-08 15:10:00,2025-10-08 15:14:00,F,50+,office,seoul,0,0,0,0,8,0,0,14,0,0,completed
1362,U1362,2025-02-16 09:47:00,2025-02-16 09:49:00,F,20~29,office,seoul,1,0,0,0,5,0,0,76,0,0,completed
1363,U1363,2025-11-25 08:00:00,2025-11-25 08:06:00,M,40~49,office,seoul,0,0,0,0,22,0,0,74,0,0,completed
1364,U1364,2025-01-28 07:19:00,2025-01-28 07:24:00,F,40~49,office,seoul,0,0,0,0,17,0,0,61,0,0,completed
1365,U1365,2025-09-26 14:38:00,2025-09-26 14:42:00,F,30~39,office,seoul,0,0,0,0,28,0,0,57,0,0,completed
1366,U1366,2025-09-14 15:50:00,2025-09-14 15:55:00,M,30~39,office,seoul,1,0,0,0,9,0,0,14,0,0,completed
1367,U1367,2025-11-14 14:02:00,2025-11-14 14:06:00,M,40~49,office,seoul,0,0,0,0,20,0,0,73,1,0,completed
1368,U1368,2025-01-14 12:21:00,2025-01-14 12:25:00,F,20~29,office,seoul,0,0,0,0,28,0,0,21,0,0,completed
1369,U1369,2025-10-09 17:41:00,2025-10-09 17:47:00,F,20~29,office,seoul,0,0,0,0,11,0,0,73,0,0,completed
1370,U1370,2025-09-11 13:10:00,2025-09-11 13:12:00,F,20~29,office,seoul,0,0,0,0,7,0,0,33,0,0,completed
1371,U1371,2025-02-17 18:06:00,2025-02-17 18:09:00,M,30~39,office,seoul,0,0,0,0,8,0,0,42,0,0,completed
1372,U1372,2025-06-24 21:56:00,2025-06-24 22:01:00,F,40~49,office,seoul,0,0,0,0,27,0,0,31,0,0,completed
1373,U1373,2025-01-03 08:40:00,2025-01-03 08:43:00,F,20~29,office,seoul,0,0,0,0,26,0,0,49,0,0,completed
1374,U1374,2025-11-16 16:40:00,2025-11-16 16:47:00,F,20~29,office,seoul,1,0,0,0,0,0,0,30,0,0,completed
1375,U1375,2025-11-30 19:52:00,2025-11-30 19:54:00,F,50+,office,seoul,1,0,0,0,8,0,0,18,0,0,completed
1376,U1376,2025-12-09 19:07:00,2025-12-09 19:09:00,F,20~29,office,seoul,0,0,0,0,19,0,0,54,0,0,completed
1377,U1377,2025-12-13 16:07:00,2025-12-13 16:12:00,M,50+,office,seoul,1,0,0,0,2,0,0,25,1,0,abandoned
1378,U1378,2025-08-28 19:21:00,2025-08-28 19:23:00,F,50+,office,seoul,0,0,0,0,21,0,0,11,0,0,completed
1379,U1379,2025-02-28 18:34:00,2025-02-28 18:41:00,F,20~29,office,seoul,0,0,0,0,23,0,0,38,0,0,completed
1380,U1380,2025-09-28 22:33:00,2025-09-28 22:38:00,F,20~29,office,seoul,1,0,0,0,9,0,0,40,0,0,completed
1381,U1381,2025-10-24 18:01:00,2025-10-24 18:04:00,F,50+,office,seoul,0,0,0,0,18,0,0,76,1,0,completed
1382,U1382,2025-05-28 13:53:00,2025-05-28 13:58:00,F,40~49,office,seoul,0,0,0,0,1,0,0,79,0,0,completed
1383,U1383,2025-11-24 15:26:00,2025-11-24 15:28:00,M,30~39,office,seoul,0,0,0,0,29,0,0,58,0,0,completed
1384,U1384,2025-06-06 19:46:00,2025-06-06 19:52:00,F,20~29,office,seoul,0,0,0,0,1,0,0,61,0,0,completed
1385,U1385,2025-10-23 13:52:00,2025-10-23 13:56:00,M,30~39,office,seoul,0,0,0,0,8,0,0,45,0,0,completed
1386,U1386,2025-04-29 12:41:00,2025-04-29 12:47:00,M,50+,office,seoul,0,0,0,0,13,0,0,17,0,0,completed
1387,U1387,2025-12-12 08:10:00,2025-12-12 08:15:00,F,30~39,office,seoul,0,0,0,0,27,0,0,76,0,0,abandoned
1388,U1388,2025-12-09 16:02:00,2025-12-09 16:09:00,M,30~39,office,seoul,0,0,0,0,18,0,0,50,0,0,completed
1389,U1389,2025-12-13 14:47:00,2025-12-13 14:52:00,F,20~29,office,seoul,1,0,0,0,17,0,0,44,0,0,completed
1390,U1390,2025-08-10 12:22:00,2025-08-10 12:28:00,F,50+,office,seoul,1,0,0,0,22,0,0,58,0,0,completed
1391,U1391,2025-04-26 12:58:00,2025-04-26 13:05:00,F,20~29,office,seoul,1,0,0,0,21,0,0,58,0,0,completed
1392,U1392,2025-06-24 07:49:00,2025-06-24 07:52:00,F,30~39,office,seoul,0,0,0,0,6,0,0,63,0,0,completed
1393,U1393,2025-07-21 09:26:00,2025-07-21 09:32:00,M,40~49,office,seoul,0,0,0,0,12,0,0,21,0,0,completed
1394,U1394,2025-08-10 09:59:00,2025-08-10 10:03:00,M,50+,office,seoul,1,0,0,0,23,0,0,64,0,0,completed
1395,U1395,2025-12-29 14:31:00,2025-12-29 14:34:00,F,30~39,office,seoul,0,0,0,0,5,0,0,65,0,0,completed
1396,U1396,2025-04-09 14:56:00,2025-04-09 14:59:00,F,30~39,office,seoul,0,0,0,0,16,0,0,77,0,0,completed
1397,U1397,2025-09-02 22:39:00,2025-09-02 22:44:00,M,50+,office,seoul,0,0,0,0,13,0,0,46,0,0,completed
1398,U1398,2025-05-03 14:51:00,2025-05-03 14:57:00,F,40~49,office,seoul,1,0,0,0,19,0,0,36,0,0,completed
1399,U1399,2025-05-30 13:30:00,2025-05-30 13:37:00,F,20~29,office,seoul,0,0,0,0,6,0,0,37,0,0,completed
1400,U1400,2025-03-19 18:14:00,2025-03-19 18:16:00,M,20~29,office,seoul,0,0,0,0,7,0,0,50,0,0,completed
1401,U1401,2025-08-23 15:55:00,2025-08-23 15:57:00,F,30~39,office,seoul,1,0,0,0,12,0,0,63,0,0,completed
1402,U1402,2025-05-04 12:30:00,2025-05-04 12:35:00,F,30~39,office,seoul,1,0,0,0,0,0,0,40,0,0,completed
1403,U1403,2025-04-10 11:12:00,2025-04-10 11:18:00,M,30~39,office,seoul,0,0,0,0,1,0,0,11,0,0,abandoned
1404,U1404,2025-06-05 13:32:00,2025-06-05 13:35:00,M,40~49,office,seoul,0,0,0,0,17,0,0,70,0,0,completed
1405,U1405,2025-05-24 18:57:00,2025-05-24 19:04:00,F,30~39,office,seoul,1,0,0,0,3,0,0,36,0,0,completed
1406,U1406,2025-11-08 16:15:00,2025-11-08 16:19:00,M,20~29,office,seoul,1,0,0,0,4,0,0,33,0,0,completed
1407,U1407,2025-09-27 13:33:00,2025-09-27 13:35:00,F,40~49,office,seoul,1,0,0,0,13,0,0,27,0,0,completed
1408,U1408,2025-08-04 13:05:00,2025-08-04 13:11:00,F,30~39,office,seoul,0,0,0,0,19,0,0,73,0,0,completed
1409,U1409,2025-08-24 14:51:00,2025-08-24 14:53:00,M,30~39,office,seoul,1,0,0,0,8,0,0,49,0,0,completed
1410,U1410,2025-08-04 19:48:00,2025-08-04 19:55:00,M,20~29,office,seoul,0,0,0,0,27,0,0,39,0,0,completed
1411,U1411,2025-05-07 07:17:00,2025-05-07 07:21:00,M,20~29,office,seoul,0,0,0,0,16,0,0,68,0,0,completed
1412,U1412,2025-06-24 11:21:00,2025-06-24 11:26:00,M,20~29,office,seoul,0,0,0,0,8,0,0,10,0,0,error
1413,U1413,2025-09-10 21:56:00,2025-09-10 22:00:00,M,30~39,office,seoul,0,0,0,0,1,0,0,27,0,0,completed
1414,U1414,2025-11-17 16:05:00,2025-11-17 16:09:00,F,50+,office,seoul,0,0,0,0,13,0,0,24,0,0,completed
1415,U1415,2025-10-06 16:04:00,2025-10-06 16:07:00,M,20~29,office,seoul,0,0,0,0,8,0,0,39,0,0,completed
1416,U1416,2025-06-15 21:30:00,2025-06-15 21:36:00,F,30~39,office,seoul,1,0,0,0,27,0,0,69,0,0,completed
1417,U1417,2025-07-02 16:01:00,2025-07-02 16:08:00,F,20~29,office,seoul,0,0,0,0,5,0,0,66,0,0,completed
1418,U1418,2025-11-21 11:24:00,2025-11-21 11:31:00,M,40~49,office,seoul,0,0,0,0,1,0,0,36,1,0,completed
1419,U1419,2025-05-10 17:52:00,2025-05-10 17:58:00,F,20~29,office,seoul,1,0,0,0,14,0,0,17,0,0,completed
1420,U1420,2025-04-18 12:13:00,2025-04-18 12:20:00,M,40~49,office,seoul,0,0,0,0,29,0,0,12,0,0,completed
1421,U1421,2025-04-02 16:36:00,2025-04-02 16:42:00,F,30~39,office,seoul,0,0,0,0,16,0,0,48,0,0,completed
1422,U1422,2025-09-06 21:19:00,2025-09-06 21:23:00,F,40~49,office,seoul,1,0,0,0,21,0,0,55,0,0,abandoned
1423,U1423,2025-12-27 11:34:00,2025-12-27 11:39:00,F,20~29,office,seoul,1,0,0,0,6,0,0,74,0,0,timeout
1424,U1424,2025-02-27 09:47:00,2025-02-27 09:54:00,F,40~49,office,seoul,0,0,0,0,13,0,0,58,0,0,completed
1425,U1425,2025-05-04 15:26:00,2025-05-04 15:29:00,F,40~49,office,seoul,1,0,0,0,7,0,0,27,0,0,completed
1426,U1426,2025-05-27 19:43:00,2025-05-27 19:46:00,M,20~29,office,seoul,0,0,0,0,21,0,0,14,0,0,completed
1427,U1427,2025-07-05 11:07:00,2025-07-05 11:14:00,M,20~29,office,seoul,1,0,0,0,8,0,0,41,0,0,completed
1428,U1428,2025-03-09 18:12:00,2025-03-09 18:17:00,M,30~39,office,seoul,1,0,0,0,27,0,0,43,0,0,completed
1429,U1429,2025-03-30 09:17:00,2025-03-30 09:23:00,F,40~49,office,seoul,1,0,0,0,25,0,0,13,0,0,completed
1430,U1430,2025-11-24 08:44:00,2025-11-24 08:48:00,M,20~29,office,seoul,0,0,0,0,2,0,0,62,0,0,completed
1431,U1431,2025-08-03 09:50:00,2025-08-03 09:56:00,F,20~29,office,seoul,1,0,0,0,20,0,0,70,0,0,completed
1432,U1432,2025-06-18 08:02:00,2025-06-18 08:07:00,F,20~29,office,seoul,0,0,0,0,28,0,0,18,0,0,completed
1433,U1433,2025-12-13 21:31:00,2025-12-13 21:33:00,M,40~49,office,seoul,1,0,0,0,8,0,0,41,0,0,completed
1434,U1434,2025-08-28 08:01:00,2025-08-28 08:05:00,F,40~49,office,seoul,0,0,0,0,23,0,0,30,0,0,timeout
1435,U1435,2025-07-15 16:04:00,2025-07-15 16:08:00,F,40~49,office,seoul,0,0,0,0,27,0,0,39,0,0,completed
1436,U1436,2025-06-19 16:06:00,2025-06-19 16:11:00,F,30~39,office,seoul,0,0,0,0,5,0,0,15,1,0,completed
1437,U1437,2025-08-16 12:42:00,2025-08-16 12:48:00,M,20~29,office,seoul,1,0,0,0,28,0,0,37,0,0,completed
1438,U1438,2025-12-14 15:39:00,2025-12-14 15:45:00,M,20~29,office,seoul,1,0,0,0,0,0,0,45,0,0,completed
1439,U1439,2025-05-30 09:41:00,2025-05-30 09:45:00,F,50+,office,seoul,0,0,0,0,26,0,0,74,0,0,completed
1440,U1440,2025-10-26 08:54:00,2025-10-26 09:01:00,M,50+,office,seoul,1,0,0,0,9,0,0,39,0,0,timeout
1441,U1441,2025-07-30 18:56:00,2025-07-30 18:58:00,M,30~39,office,seoul,0,0,0,0,25,0,0,15,0,0,completed
1442,U1442,2025-03-20 07:11:00,2025-03-20 07:17:00,F,30~39,office,seoul,0,0,0,0,23,0,0,30,0,0,completed
1443,U1443,2025-08-16 09:15:00,2025-08-16 09:17:00,F,20~29,office,seoul,1,0,0,0,9,0,0,19,0,0,completed
1444,U1444,2025-12-22 15:12:00,2025-12-22 15:15:00,F,20~29,office,seoul,0,0,0,0,21,0,0,35,0,0,completed
1445,U1445,2025-04-02 15:08:00,2025-04-02 15:14:00,M,30~39,office,seoul,0,0,0,0,27,0,0,10,0,0,completed
1446,U1446,2025-09-11 16:24:00,2025-09-11 16:29:00,F,50+,office,seoul,0,0,0,0,8,0,0,72,0,0,completed
1447,U1447,2025-05-12 16:22:00,2025-05-12 16:26:00,F,40~49,office,seoul,0,0,0,0,7,0,0,39,0,0,completed
1448,U1448,2025-04-13 11:06:00,2025-04-13 11:12:00,M,20~29,office,seoul,1,0,0,0,26,0,0,59,0,0,completed
1449,U1449,2025-11-06 14:34:00,2025-11-06 14:40:00,F,40~49,office,seoul,0,0,0,0,2,0,0,37,0,0,error
1450,U1450,2025-09-18 14:02:00,2025-09-18 14:04:00,M,20~29,office,seoul,0,0,0,0,7,0,0,64,0,0,completed
1451,U1451,2025-11-26 20:24:00,2025-11-26 20:28:00,M,40~49,office,seoul,0,0,0,0,13,0,0,57,0,0,abandoned
1452,U1452,2025-08-09 21:23:00,2025-08-09 21:29:00,M,50+,office,seoul,1,0,0,0,22,0,0,24,0,0,completed
1453,U1453,2025-11-09 16:28:00,2025-11-09 16:31:00,M,50+,office,seoul,1,0,0,0,16,0,0,67,0,1,completed
1454,U1454,2025-02-13 08:56:00,2025-02-13 09:00:00,F,50+,office,seoul,0,0,0,0,10,0,0,19,0,0,completed
1455,U1455,2025-07-24 20:59:00,2025-07-24 21:01:00,F,20~29,office,seoul,0,0,0,0,26,0,0,76,0,0,completed
1456,U1456,2025-05-31 16:16:00,2025-05-31 16:21:00,F,40~49,office,seoul,1,0,0,0,6,0,0,67,0,0,completed
1457,U1457,2025-09-20 21:33:00,2025-09-20 21:35:00,M,30~39,office,seoul,1,0,0,0,20,0,0,17,0,0,completed
1458,U1458,2025-03-07 17:21:00,2025-03-07 17:27:00,F,20~29,office,seoul,0,0,0,0,8,0,0,33,0,0,completed
1459,U1459,2025-12-12 11:16:00,2025-12-12 11:18:00,M,20~29,office,seoul,0,0,0,0,12,0,0,40,0,0,completed
1460,U1460,2025-05-02 16:14:00,2025-05-02 16:21:00,F,30~39,office,seoul,0,0,0,0,25,0,0,51,0,0,completed
1461,U1461,2025-04-27 15:48:00,2025-04-27 15:52:00,M,30~39,office,seoul,1,0,0,0,0,0,0,59,0,0,completed
1462,U1462,2025-03-20 08:51:00,2025-03-20 08:58:00,F,30~39,office,seoul,0,0,0,0,17,0,0,21,0,0,completed
1463,U1463,2025-12-06 13:25:00,2025-12-06 13:31:00,F,50+,office,seoul,1,0,0,0,6,0,0,57,0,0,completed
1464,U1464,2025-11-26 16:42:00,2025-11-26 16:46:00,M,30~39,office,seoul,0,0,0,0,11,0,0,62,0,0,completed
1465,U1465,2025-08-03 20:00:00,2025-08-03 20:02:00,M,40~49,office,seoul,1,0,0,0,17,0,0,37,0,0,completed
1466,U1466,2025-02-27 15:18:00,2025-02-27 15:21:00,M,50+,office,seoul,0,0,0,0,5,0,0,48,0,0,completed
1467,U1467,2025-02-16 09:02:00,2025-02-16 09:06:00,M,50+,office,seoul,1,0,0,0,12,0,0,69,0,0,abandoned
1468,U1468,2025-12-22 14:07:00,2025-12-22 14:10:00,M,30~39,office,seoul,0,0,0,0,11,0,0,41,0,0,completed
1469,U1469,2025-03-30 07:48:00,2025-03-30 07:53:00,M,30~39,office,seoul,1,0,0,0,29,0,0,54,0,0,completed
1470,U1470,2025-08-25 08:59:00,2025-08-25 09:04:00,F,30~39,office,seoul,0,0,0,0,23,0,0,18,0,0,completed
1471,U1471,2025-06-18 09:34:00,2025-06-18 09:37:00,M,50+,office,seoul,0,0,0,0,3,0,0,20,0,0,completed
1472,U1472,2025-06-10 22:20:00,2025-06-10 22:22:00,F,20~29,office,seoul,0,0,0,0,0,0,0,70,0,0,error
1473,U1473,2025-12-07 13:13:00,2025-12-07 13:19:00,F,30~39,office,seoul,1,0,0,0,5,0,0,61,0,0,completed
1474,U1474,2025-07-02 16:10:00,2025-07-02 16:12:00,M,40~49,office,seoul,0,0,0,0,22,0,0,28,0,0,completed
1475,U1475,2025-04-19 15:33:00,2025-04-19 15:38:00,M,30~39,office,seoul,1,0,0,0,7,0,0,73,0,0,completed
1476,U1476,2025-03-24 20:56:00,2025-03-24 21:01:00,M,20~29,office,seoul,0,0,0,0,23,0,0,33,0,0,completed
1477,U1477,2025-07-31 12:56:00,2025-07-31 13:03:00,F,40~49,office,seoul,0,0,0,0,21,0,0,71,0,0,completed
1478,U1478,2025-10-12 13:11:00,2025-10-12 13:17:00,M,30~39,office,seoul,1,0,0,0,6,0,0,52,0,0,completed
1479,U1479,2025-10-20 19:01:00,2025-10-20 19:04:00,F,40~49,office,seoul,0,0,0,0,24,0,0,66,0,0,completed
1480,U1480,2025-06-09 07:15:00,2025-06-09 07:21:00,F,30~39,office,seoul,0,0,0,0,9,0,0,32,0,0,completed
1481,U1481,2025-05-04 11:40:00,2025-05-04 11:46:00,F,20~29,office,seoul,1,0,0,0,18,0,0,54,0,0,completed
1482,U1482,2025-11-24 18:35:00,2025-11-24 18:37:00,F,20~29,office,seoul,0,0,0,0,17,0,0,45,0,0,completed
1483,U1483,2025-08-16 19:13:00,2025-08-16 19:16:00,F,30~39,office,seoul,1,0,0,0,29,0,0,27,0,0,completed
1484,U1484,2025-09-06 12:52:00,2025-09-06 12:56:00,F,20~29,office,seoul,1,0,0,0,17,0,0,48,0,0,abandoned
1485,U1485,2025-09-03 12:24:00,2025-09-03 12:30:00,F,20~29,office,seoul,0,0,0,0,20,0,0,48,0,0,timeout
1486,U1486,2025-09-14 21:58:00,2025-09-14 22:04:00,F,30~39,office,seoul,1,0,0,0,7,0,0,51,0,0,completed
1487,U1487,2025-08-17 19:41:00,2025-08-17 19:44:00,F,20~29,office,seoul,1,0,0,0,17,0,0,62,0,0,completed
1488,U1488,2025-11-21 17:32:00,2025-11-21 17:37:00,F,20~29,office,seoul,0,0,0,0,6,0,0,12,0,0,completed
1489,U1489,2025-05-31 12:40:00,2025-05-31 12:44:00,F,50+,office,seoul,1,0,0,0,18,0,0,39,0,0,completed
1490,U1490,2025-08-18 08:48:00,2025-08-18 08:55:00,M,50+,office,seoul,0,0,0,0,25,0,0,73,0,0,completed
1491,U1491,2025-06-13 09:27:00,2025-06-13 09:34:00,F,30~39,office,seoul,0,0,0,0,6,0,0,32,0,0,completed
1492,U1492,2025-11-27 15:01:00,2025-11-27 15:04:00,M,20~29,office,seoul,0,0,0,0,29,0,0,35,0,0,completed
1493,U1493,2025-12-17 15:17:00,2025-12-17 15:23:00,F,20~29,office,seoul,0,0,0,0,12,0,0,19,0,0,abandoned
1494,U1494,2025-01-29 11:58:00,2025-01-29 12:00:00,M,30~39,office,seoul,0,0,0,0,21,0,0,69,0,0,completed
1495,U1495,2025-04-24 18:56:00,2025-04-24 19:03:00,F,30~39,office,seoul,0,0,0,0,23,0,0,33,0,0,completed
1496,U1496,2025-10-22 09:19:00,2025-10-22 09:25:00,M,20~29,office,seoul,0,0,0,0,4,0,0,21,0,0,completed
1497,U1497,2025-03-18 11:32:00,2025-03-18 11:37:00,M,40~49,office,seoul,0,0,0,0,27,0,0,31,0,0,completed
1498,U1498,2025-04-28 20:36:00,2025-04-28 20:41:00,M,20~29,office,seoul,0,0,0,0,17,0,0,56,0,0,completed
1499,U1499,2025-12-30 20:10:00,2025-12-30 20:13:00,F,20~29,office,seoul,0,0,0,0,10,0,0,11,0,0,completed
1500,U1500,2025-07-02 08:56:00,2025-07-02 09:00:00,F,20~29,office,seoul,0,0,0,0,1,0,0,13,0,1,completed
1501,U1501,2025-11-01 16:36:00,2025-11-01 16:38:00,F,20~29,office,seoul,1,0,0,0,20,0,0,62,0,0,completed
1502,U1502,2025-01-04 17:12:00,2025-01-04 17:17:00,M,20~29,office,seoul,1,0,0,0,15,0,0,35,0,0,completed
1503,U1503,2025-09-01 20:55:00,2025-09-01 21:00:00,F,40~49,office,seoul,0,0,0,0,28,0,0,52,0,0,completed
1504,U1504,2025-11-11 12:56:00,2025-11-11 13:00:00,F,40~49,office,seoul,0,0,0,0,11,0,0,20,0,0,completed
1505,U1505,2025-05-16 11:39:00,2025-05-16 11:46:00,M,40~49,office,seoul,0,0,0,0,12,0,0,69,0,0,completed
1506,U1506,2025-01-24 14:44:00,2025-01-24 14:49:00,M,20~29,office,seoul,0,0,0,0,13,0,0,37,0,0,completed
1507,U1507,2025-05-27 09:08:00,2025-05-27 09:12:00,F,20~29,office,seoul,0,0,0,0,27,0,0,14,0,0,completed
1508,U1508,2025-02-09 20:20:00,2025-02-09 20:24:00,F,40~49,office,seoul,1,0,0,0,22,0,0,10,0,0,completed
1509,U1509,2025-04-12 16:02:00,2025-04-12 16:09:00,M,30~39,office,seoul,1,0,0,0,0,0,0,17,0,0,completed
1510,U1510,2025-07-30 09:20:00,2025-07-30 09:24:00,M,30~39,office,seoul,0,0,0,0,22,0,0,62,0,0,completed
1511,U1511,2025-05-16 16:38:00,2025-05-16 16:40:00,F,40~49,office,seoul,0,0,0,0,29,0,0,67,0,1,completed
1512,U1512,2025-12-27 12:53:00,2025-12-27 12:56:00,F,20~29,office,seoul,1,0,0,0,15,0,0,48,0,0,completed
1513,U1513,2025-06-06 12:46:00,2025-06-06 12:53:00,M,50+,office,seoul,0,0,0,0,1,0,0,12,0,0,completed
1514,U1514,2025-10-04 18:32:00,2025-10-04 18:35:00,F,50+,office,seoul,1,0,0,0,25,0,0,58,1,0,completed
1515,U1515,2025-03-11 14:17:00,2025-03-11 14:19:00,F,40~49,office,seoul,0,0,0,0,19,0,0,77,0,0,completed
1516,U1516,2025-04-20 16:04:00,2025-04-20 16:10:00,M,20~29,office,seoul,1,0,0,0,11,0,0,17,1,0,completed
1517,U1517,2025-07-26 09:12:00,2025-07-26 09:16:00,F,40~49,office,seoul,1,0,0,0,20,0,0,74,0,0,completed
1518,U1518,2025-09-29 15:21:00,2025-09-29 15:23:00,M,30~39,office,seoul,0,0,0,0,5,0,0,11,0,0,completed
1519,U1519,2025-10-22 19:43:00,2025-10-22 19:49:00,F,50+,office,seoul,0,0,0,0,5,0,0,46,1,0,abandoned
1520,U1520,2025-06-01 08:31:00,2025-06-01 08:38:00,M,40~49,office,seoul,1,0,0,0,0,0,0,21,0,0,completed
1521,U1521,2025-05-17 14:25:00,2025-05-17 14:29:00,F,50+,office,seoul,1,0,0,0,16,0,0,72,0,0,completed
1522,U1522,2025-04-24 12:58:00,2025-04-24 13:00:00,F,40~49,office,seoul,0,0,0,0,9,0,0,39,0,0,completed
1523,U1523,2025-08-21 13:15:00,2025-08-21 13:20:00,F,20~29,office,seoul,0,0,0,0,17,0,0,25,0,0,completed
1524,U1524,2025-08-31 13:43:00,2025-08-31 13:47:00,M,30~39,office,seoul,1,0,0,0,3,0,0,49,0,0,completed
1525,U1525,2025-05-21 09:20:00,2025-05-21 09:22:00,F,20~29,office,seoul,0,0,0,0,29,0,0,31,0,0,completed
1526,U1526,2025-02-11 16:34:00,2025-02-11 16:38:00,F,30~39,office,seoul,0,0,0,0,10,0,0,41,0,0,completed
1527,U1527,2025-07-19 14:39:00,2025-07-19 14:45:00,M,20~29,office,seoul,1,0,0,0,22,0,0,71,0,0,completed
1528,U1528,2025-09-05 09:58:00,2025-09-05 10:03:00,M,30~39,office,seoul,0,0,0,0,15,0,0,68,0,0,completed
1529,U1529,2025-09-18 09:17:00,2025-09-18 09:24:00,M,40~49,office,seoul,0,0,0,0,26,0,0,57,0,0,completed
1530,U1530,2025-08-21 15:40:00,2025-08-21 15:43:00,M,30~39,office,seoul,0,0,0,0,8,0,0,16,0,0,completed
1531,U1531,2025-05-02 18:10:00,2025-05-02 18:12:00,M,50+,office,seoul,0,0,0,0,2,0,0,26,0,0,completed
1532,U1532,2025-02-23 21:16:00,2025-02-23 21:20:00,M,40~49,office,seoul,1,0,0,0,9,0,0,48,0,0,completed
1533,U1533,2025-08-05 21:34:00,2025-08-05 21:37:00,M,20~29,office,seoul,0,0,0,0,0,0,0,24,0,0,completed
1534,U1534,2025-08-26 17:01:00,2025-08-26 17:07:00,M,40~49,office,seoul,0,0,0,0,8,0,0,39,0,0,abandoned
1535,U1535,2025-10-06 09:42:00,2025-10-06 09:48:00,M,50+,office,seoul,0,0,0,0,9,0,0,10,0,0,completed
1536,U1536,2025-02-16 07:19:00,2025-02-16 07:23:00,F,50+,office,seoul,1,0,0,0,18,0,0,57,0,0,completed
1537,U1537,2025-02-03 20:35:00,2025-02-03 20:42:00,F,40~49,office,seoul,0,0,0,0,4,0,0,28,0,0,completed
1538,U1538,2025-04-19 20:58:00,2025-04-19 21:05:00,F,20~29,office,seoul,1,0,0,0,16,0,0,55,0,0,completed
1539,U1539,2025-08-29 16:33:00,2025-08-29 16:37:00,F,50+,office,seoul,0,0,0,0,25,0,0,25,0,0,abandoned
1540,U1540,2025-09-09 14:39:00,2025-09-09 14:44:00,F,30~39,office,seoul,0,0,0,0,22,0,0,35,0,0,completed
1541,U1541,2025-01-10 13:47:00,2025-01-10 13:49:00,F,40~49,office,seoul,0,0,0,0,8,0,0,37,0,0,completed
1542,U1542,2025-10-22 11:13:00,2025-10-22 11:19:00,M,30~39,office,seoul,0,0,0,0,3,0,0,11,0,0,completed
1543,U1543,2025-10-10 15:22:00,2025-10-10 15:28:00,F,40~49,office,seoul,0,0,0,0,25,0,0,45,0,0,completed
1544,U1544,2025-05-05 16:56:00,2025-05-05 16:59:00,F,40~49,office,seoul,0,0,0,0,16,0,0,75,0,0,completed
1545,U1545,2025-07-12 15:37:00,2025-07-12 15:39:00,F,50+,office,seoul,1,0,0,0,4,0,0,20,0,0,completed
1546,U1546,2025-11-09 07:54:00,2025-11-09 08:00:00,F,20~29,office,seoul,1,0,0,0,23,0,0,21,0,0,completed
1547,U1547,2025-07-27 11:17:00,2025-07-27 11:22:00,M,40~49,office,seoul,1,0,0,0,7,0,0,27,0,0,completed
1548,U1548,2025-10-12 14:56:00,2025-10-12 15:01:00,M,20~29,office,seoul,1,0,0,0,8,0,0,77,0,0,completed
1549,U1549,2025-03-01 20:13:00,2025-03-01 20:20:00,F,30~39,office,seoul,1,0,0,0,16,0,0,11,0,0,completed
1550,U1550,2025-06-29 21:06:00,2025-06-29 21:10:00,M,30~39,office,seoul,1,0,0,0,10,0,0,19,0,0,completed
1551,U1551,2025-10-01 16:57:00,2025-10-01 17:03:00,M,40~49,office,seoul,0,0,0,0,7,0,0,51,0,0,completed
1552,U1552,2025-01-07 20:38:00,2025-01-07 20:44:00,F,20~29,office,seoul,0,0,0,0,19,0,0,26,0,0,completed
1553,U1553,2025-04-04 08:08:00,2025-04-04 08:10:00,F,50+,office,seoul,0,0,0,0,5,0,0,50,0,0,completed
1554,U1554,2025-07-12 12:00:00,2025-07-12 12:05:00,F,50+,office,seoul,1,0,0,0,25,0,0,62,0,0,completed
1555,U1555,2025-08-11 16:20:00,2025-08-11 16:24:00,F,40~49,office,seoul,0,0,0,0,19,0,0,27,0,0,completed
1556,U1556,2025-05-08 09:47:00,2025-05-08 09:53:00,M,40~49,office,seoul,0,0,0,0,26,0,0,61,0,0,completed
1557,U1557,2025-03-30 12:26:00,2025-03-30 12:33:00,F,50+,office,seoul,1,0,0,0,26,0,0,22,0,0,completed
1558,U1558,2025-12-01 19:14:00,2025-12-01 19:18:00,F,30~39,office,seoul,0,0,0,0,24,0,0,58,0,0,completed
1559,U1559,2025-10-20 20:56:00,2025-10-20 21:01:00,M,30~39,office,seoul,0,0,0,0,12,0,0,40,0,0,completed
1560,U1560,2025-04-13 11:57:00,2025-04-13 12:02:00,F,20~29,office,seoul,1,0,0,0,0,0,0,20,0,0,timeout
1561,U1561,2025-01-01 14:18:00,2025-01-01 14:23:00,M,30~39,office,seoul,0,0,0,0,25,0,0,50,0,0,completed
1562,U1562,2025-12-18 14:21:00,2025-12-18 14:26:00,F,30~39,office,seoul,0,0,0,0,0,0,0,46,0,0,abandoned
1563,U1563,2025-01-29 13:13:00,2025-01-29 13:16:00,F,50+,office,seoul,0,0,0,0,23,0,0,78,0,0,completed
1564,U1564,2025-11-12 13:39:00,2025-11-12 13:44:00,M,30~39,office,seoul,0,0,0,0,22,0,0,13,0,0,abandoned
1565,U1565,2025-06-02 16:38:00,2025-06-02 16:45:00,F,50+,office,seoul,0,0,0,0,6,0,0,12,0,0,completed
1566,U1566,2025-03-09 09:44:00,2025-03-09 09:50:00,F,20~29,office,seoul,1,0,0,0,21,0,0,54,0,0,completed
1567,U1567,2025-07-28 15:45:00,2025-07-28 15:49:00,F,20~29,office,seoul,0,0,0,0,20,0,0,68,0,0,completed
1568,U1568,2025-02-17 15:10:00,2025-02-17 15:13:00,M,50+,office,seoul,0,0,0,0,19,0,0,57,0,0,timeout
1569,U1569,2025-11-27 12:37:00,2025-11-27 12:40:00,F,20~29,office,seoul,0,0,0,0,12,0,0,67,0,0,completed
1570,U1570,2025-12-04 07:51:00,2025-12-04 07:56:00,F,30~39,office,seoul,0,0,0,0,13,0,0,17,0,0,completed
1571,U1571,2025-07-16 13:00:00,2025-07-16 13:03:00,F,20~29,office,seoul,0,0,0,0,0,0,0,19,0,0,error
1572,U1572,2025-03-16 12:17:00,2025-03-16 12:20:00,M,20~29,office,seoul,1,0,0,0,29,0,0,36,0,0,completed
1573,U1573,2025-08-24 13:00:00,2025-08-24 13:03:00,M,20~29,office,seoul,1,0,0,0,9,0,0,52,0,0,completed
1574,U1574,2025-04-20 12:56:00,2025-04-20 12:59:00,M,20~29,office,seoul,1,0,0,0,4,0,0,23,1,0,completed
1575,U1575,2025-04-10 13:19:00,2025-04-10 13:23:00,F,30~39,office,seoul,0,0,0,0,8,0,0,74,0,0,completed
1576,U1576,2025-06-04 16:59:00,2025-06-04 17:03:00,M,20~29,office,seoul,0,0,0,0,14,0,0,58,0,0,timeout
1577,U1577,2025-05-08 08:02:00,2025-05-08 08:07:00,M,50+,office,seoul,0,0,0,0,29,0,0,41,0,0,completed
1578,U1578,2025-03-25 17:10:00,2025-03-25 17:16:00,F,40~49,office,seoul,0,0,0,0,24,0,0,64,0,0,completed
1579,U1579,2025-10-11 15:37:00,2025-10-11 15:40:00,M,20~29,office,seoul,1,0,0,0,25,0,0,41,0,0,completed
1580,U1580,2025-03-02 11:14:00,2025-03-02 11:16:00,F,40~49,office,seoul,1,0,0,0,2,0,0,67,0,0,completed
1581,U1581,2025-01-13 07:40:00,2025-01-13 07:42:00,F,20~29,office,seoul,0,0,0,0,23,0,0,50,1,0,completed
1582,U1582,2025-03-26 09:29:00,2025-03-26 09:31:00,F,30~39,office,seoul,0,0,0,0,12,0,0,29,0,0,completed
1583,U1583,2025-06-24 12:20:00,2025-06-24 12:22:00,F,20~29,office,seoul,0,0,0,0,12,0,0,50,0,0,completed
1584,U1584,2025-08-13 12:07:00,2025-08-13 12:13:00,F,20~29,office,seoul,0,0,0,0,14,0,0,19,0,0,completed
1585,U1585,2025-01-10 07:41:00,2025-01-10 07:45:00,M,40~49,office,seoul,0,0,0,0,5,0,0,50,0,0,abandoned
1586,U1586,2025-04-17 17:03:00,2025-04-17 17:07:00,F,20~29,office,seoul,0,0,0,0,25,0,0,60,0,0,completed
1587,U1587,2025-12-28 20:52:00,2025-12-28 20:58:00,M,30~39,office,seoul,1,0,0,0,10,0,0,17,0,0,completed
1588,U1588,2025-08-04 14:07:00,2025-08-04 14:11:00,F,20~29,office,seoul,0,0,0,0,22,0,0,43,1,0,completed
1589,U1589,2025-05-03 14:45:00,2025-05-03 14:47:00,M,20~29,office,seoul,1,0,0,0,23,0,0,64,0,0,completed
1590,U1590,2025-09-24 09:38:00,2025-09-24 09:44:00,F,40~49,office,seoul,0,0,0,0,25,0,0,49,0,0,completed
1591,U1591,2025-10-12 18:00:00,2025-10-12 18:06:00,F,40~49,office,seoul,1,0,0,0,16,0,0,46,0,0,completed
1592,U1592,2025-04-30 18:43:00,2025-04-30 18:45:00,F,40~49,office,seoul,0,0,0,0,26,0,0,26,0,0,completed
1593,U1593,2025-03-12 13:13:00,2025-03-12 13:20:00,F,20~29,office,seoul,0,0,0,0,17,0,0,10,0,0,completed
1594,U1594,2025-09-29 13:06:00,2025-09-29 13:10:00,F,40~49,office,seoul,0,0,0,0,3,0,0,65,0,0,completed
1595,U1595,2025-02-07 08:57:00,2025-02-07 09:00:00,M,30~39,office,seoul,0,0,0,0,29,0,0,48,0,0,completed
1596,U1596,2025-07-04 09:40:00,2025-07-04 09:44:00,M,40~49,office,seoul,0,0,0,0,4,0,0,65,0,0,completed
1597,U1597,2025-02-27 15:24:00,2025-02-27 15:29:00,M,20~29,office,seoul,0,0,0,0,28,0,0,19,1,0,completed
1598,U1598,2025-01-31 15:15:00,2025-01-31 15:20:00,M,20~29,office,seoul,0,0,0,0,12,0,0,32,0,0,completed
1599,U1599,2025-05-01 18:10:00,2025-05-01 18:15:00,M,50+,office,seoul,0,0,0,0,22,0,0,50,0,0,completed
1600,U1600,2025-05-01 15:33:00,2025-05-01 15:35:00,M,30~39,office,seoul,0,0,0,0,8,0,0,38,0,0,completed
1601,U1601,2025-03-19 08:58:00,2025-03-19 09:02:00,F,20~29,office,seoul,0,0,0,0,23,0,0,24,0,0,completed
1602,U1602,2025-12-05 19:32:00,2025-12-05 19:39:00,F,40~49,office,seoul,0,0,0,0,29,0,0,67,0,0,completed
1603,U1603,2025-12-13 21:35:00,2025-12-13 21:39:00,M,30~39,office,seoul,1,0,0,0,9,0,0,46,0,0,completed
1604,U1604,2025-01-22 19:51:00,2025-01-22 19:55:00,M,40~49,office,seoul,0,0,0,0,2,0,0,38,0,0,completed
1605,U1605,2025-11-16 19:35:00,2025-11-16 19:37:00,M,40~49,office,seoul,1,0,0,0,21,0,0,46,0,0,completed
1606,U1606,2025-08-30 08:57:00,2025-08-30 09:02:00,F,50+,office,seoul,1,0,0,0,16,0,0,16,0,0,completed
1607,U1607,2025-08-25 08:34:00,2025-08-25 08:37:00,F,30~39,office,seoul,0,0,0,0,21,0,0,75,0,0,completed
1608,U1608,2025-05-10 09:10:00,2025-05-10 09:12:00,M,20~29,office,seoul,1,0,0,0,26,0,0,51,0,0,completed
1609,U1609,2025-08-04 17:13:00,2025-08-04 17:19:00,M,30~39,office,seoul,0,0,0,0,23,0,0,22,0,0,completed
1610,U1610,2025-09-25 09:58:00,2025-09-25 10:03:00,F,20~29,office,seoul,0,0,0,0,11,0,0,48,0,0,completed
1611,U1611,2025-04-03 20:57:00,2025-04-03 21:00:00,F,50+,office,seoul,0,0,0,0,6,0,0,49,0,0,completed
1612,U1612,2025-01-09 15:12:00,2025-01-09 15:14:00,F,50+,office,seoul,0,0,0,0,15,0,0,43,0,1,timeout
1613,U1613,2025-08-25 13:29:00,2025-08-25 13:35:00,F,30~39,office,seoul,0,0,0,0,16,0,0,21,0,0,completed
1614,U1614,2025-10-24 07:52:00,2025-10-24 07:55:00,F,40~49,office,seoul,0,0,0,0,29,0,0,71,0,0,completed
1615,U1615,2025-09-21 14:08:00,2025-09-21 14:11:00,M,20~29,office,seoul,1,0,0,0,28,0,0,66,0,0,completed
1616,U1616,2025-09-16 09:38:00,2025-09-16 09:40:00,F,30~39,office,seoul,0,0,0,0,7,0,0,51,0,0,completed
1617,U1617,2025-09-15 17:04:00,2025-09-15 17:10:00,M,20~29,office,seoul,0,0,0,0,22,0,0,25,0,0,completed
1618,U1618,2025-07-25 11:14:00,2025-07-25 11:17:00,F,20~29,office,seoul,0,0,0,0,28,0,0,32,0,0,completed
1619,U1619,2025-10-14 19:10:00,2025-10-14 19:16:00,F,20~29,office,seoul,0,0,0,0,10,0,0,33,0,0,completed
1620,U1620,2025-11-14 18:56:00,2025-11-14 19:00:00,F,30~39,office,seoul,0,0,0,0,21,0,0,26,0,0,abandoned
1621,U1621,2025-05-29 15:44:00,2025-05-29 15:50:00,F,30~39,office,seoul,0,0,0,0,12,0,0,77,0,0,abandoned
1622,U1622,2025-11-25 18:15:00,2025-11-25 18:21:00,F,20~29,office,seoul,0,0,0,0,14,0,0,38,0,0,completed
1623,U1623,2025-06-10 12:40:00,2025-06-10 12:45:00,M,20~29,office,seoul,0,0,0,0,14,0,0,27,0,0,abandoned
1624,U1624,2025-11-15 12:44:00,2025-11-15 12:49:00,M,30~39,office,seoul,1,0,0,0,25,0,0,29,0,0,completed
1625,U1625,2025-12-16 17:28:00,2025-12-16 17:35:00,F,50+,office,seoul,0,0,0,0,6,0,0,70,0,0,completed
1626,U1626,2025-02-20 09:01:00,2025-02-20 09:03:00,F,50+,office,seoul,0,0,0,0,9,0,0,14,0,0,completed
1627,U1627,2025-01-20 16:56:00,2025-01-20 17:03:00,M,40~49,office,seoul,0,0,0,0,21,0,0,37,0,0,completed
1628,U1628,2025-06-23 14:26:00,2025-06-23 14:29:00,F,20~29,office,seoul,0,0,0,0,5,0,0,77,0,0,completed
1629,U1629,2025-08-26 16:46:00,2025-08-26 16:51:00,F,30~39,office,seoul,0,0,0,0,0,0,0,54,0,0,error
1630,U1630,2025-06-25 16:37:00,2025-06-25 16:42:00,F,30~39,office,seoul,0,0,0,0,19,0,0,35,0,0,abandoned
1631,U1631,2025-11-30 12:43:00,2025-11-30 12:49:00,F,30~39,office,seoul,1,0,0,0,16,0,0,43,0,0,completed
1632,U1632,2025-02-17 08:51:00,2025-02-17 08:54:00,F,40~49,office,seoul,0,0,0,0,22,0,0,15,0,0,completed
1633,U1633,2025-08-17 16:17:00,2025-08-17 16:23:00,F,50+,office,seoul,1,0,0,0,15,0,0,69,0,0,completed
1634,U1634,2025-12-23 15:34:00,2025-12-23 15:40:00,M,40~49,office,seoul,0,0,0,0,15,0,0,29,0,0,completed
1635,U1635,2025-11-18 12:09:00,2025-11-18 12:16:00,M,20~29,office,seoul,0,0,0,0,5,0,0,68,0,0,completed
1636,U1636,2025-02-14 20:08:00,2025-02-14 20:15:00,F,30~39,office,seoul,0,0,0,0,8,0,0,42,0,0,completed
1637,U1637,2025-03-31 19:08:00,2025-03-31 19:10:00,M,40~49,office,seoul,0,0,0,0,14,0,0,44,0,0,completed
1638,U1638,2025-11-14 08:01:00,2025-11-14 08:06:00,F,40~49,office,seoul,0,0,0,0,25,0,0,58,0,0,completed
1639,U1639,2025-11-21 16:04:00,2025-11-21 16:06:00,F,30~39,office,seoul,0,0,0,0,8,0,0,25,0,0,completed
1640,U1640,2025-08-16 13:58:00,2025-08-16 14:04:00,M,40~49,office,seoul,1,0,0,0,26,0,0,67,0,0,completed
1641,U1641,2025-06-27 19:26:00,2025-06-27 19:32:00,F,50+,office,seoul,0,0,0,0,21,0,0,24,0,0,completed
1642,U1642,2025-08-19 07:31:00,2025-08-19 07:33:00,M,40~49,office,seoul,0,0,0,0,10,0,0,33,0,0,completed
1643,U1643,2025-06-18 19:18:00,2025-06-18 19:20:00,M,30~39,office,seoul,0,0,0,0,8,0,0,48,0,0,completed
1644,U1644,2025-11-28 07:54:00,2025-11-28 07:56:00,F,30~39,office,seoul,0,0,0,0,6,0,0,19,0,0,abandoned
1645,U1645,2025-01-24 12:00:00,2025-01-24 12:04:00,F,30~39,office,seoul,0,0,0,0,7,0,0,16,0,0,completed
1646,U1646,2025-05-22 08:24:00,2025-05-22 08:29:00,M,30~39,office,seoul,0,0,0,0,0,0,0,74,0,0,completed
1647,U1647,2025-08-21 20:31:00,2025-08-21 20:34:00,M,40~49,office,seoul,0,0,0,0,29,0,0,23,0,0,completed
1648,U1648,2025-06-29 19:01:00,2025-06-29 19:05:00,M,50+,office,seoul,1,0,0,0,5,0,0,65,0,0,completed
1649,U1649,2025-08-06 12:19:00,2025-08-06 12:25:00,F,30~39,office,seoul,0,0,0,0,20,0,0,19,0,0,completed
1650,U1650,2025-02-17 16:20:00,2025-02-17 16:26:00,F,20~29,office,seoul,0,0,0,0,5,0,0,61,0,0,completed
1651,U1651,2025-01-12 16:44:00,2025-01-12 16:51:00,F,40~49,office,seoul,1,0,0,0,10,0,0,65,0,1,completed
1652,U1652,2025-11-19 09:28:00,2025-11-19 09:30:00,F,20~29,office,seoul,0,0,0,0,0,0,0,16,0,0,timeout
1653,U1653,2025-06-04 14:44:00,2025-06-04 14:51:00,F,40~49,office,seoul,0,0,0,0,19,0,0,12,0,0,completed
1654,U1654,2025-10-28 09:32:00,2025-10-28 09:37:00,F,20~29,office,seoul,0,0,0,0,24,0,0,42,0,0,completed
1655,U1655,2025-04-25 21:22:00,2025-04-25 21:29:00,F,30~39,office,seoul,0,0,0,0,15,0,0,21,0,0,completed
1656,U1656,2025-05-05 16:28:00,2025-05-05 16:31:00,M,40~49,office,seoul,0,0,0,0,15,0,0,41,0,0,completed
1657,U1657,2025-05-14 22:00:00,2025-05-14 22:06:00,M,30~39,office,seoul,0,0,0,0,14,0,0,65,0,0,completed
1658,U1658,2025-02-21 09:28:00,2025-02-21 09:33:00,F,50+,office,seoul,0,0,0,0,29,0,0,53,0,0,timeout
1659,U1659,2025-11-15 21:47:00,2025-11-15 21:54:00,M,30~39,office,seoul,1,0,0,0,10,0,0,20,0,0,completed
1660,U1660,2025-05-24 15:51:00,2025-05-24 15:54:00,M,20~29,office,seoul,1,0,0,0,6,0,0,55,0,0,completed
1661,U1661,2025-08-03 13:07:00,2025-08-03 13:09:00,F,40~49,office,seoul,1,0,0,0,0,0,0,38,0,0,completed
1662,U1662,2025-12-10 12:41:00,2025-12-10 12:43:00,F,30~39,office,seoul,0,0,0,0,18,0,0,40,0,0,abandoned
1663,U1663,2025-01-19 16:32:00,2025-01-19 16:39:00,M,20~29,office,seoul,1,0,0,0,21,0,0,42,0,0,completed
1664,U1664,2025-02-15 08:14:00,2025-02-15 08:18:00,F,30~39,office,seoul,1,0,0,0,11,0,0,34,0,0,completed
1665,U1665,2025-11-30 14:02:00,2025-11-30 14:08:00,F,50+,office,seoul,1,0,0,0,13,0,0,21,0,0,completed
1666,U1666,2025-11-14 12:06:00,2025-11-14 12:13:00,F,30~39,office,seoul,0,0,0,0,0,0,0,57,0,0,completed
1667,U1667,2025-08-12 13:56:00,2025-08-12 14:00:00,F,30~39,office,seoul,0,0,0,0,3,0,0,73,0,0,completed
1668,U1668,2025-06-02 16:09:00,2025-06-02 16:11:00,F,20~29,office,seoul,0,0,0,0,7,0,0,21,0,0,completed
1669,U1669,2025-06-30 14:02:00,2025-06-30 14:07:00,M,50+,office,seoul,0,0,0,0,23,0,0,33,0,0,completed
1670,U1670,2025-09-27 13:02:00,2025-09-27 13:09:00,F,20~29,office,seoul,1,0,0,0,6,0,0,62,0,0,completed
1671,U1671,2025-10-03 15:23:00,2025-10-03 15:27:00,M,40~49,office,seoul,0,0,0,0,19,0,0,52,0,0,completed
1672,U1672,2025-09-15 11:27:00,2025-09-15 11:31:00,F,30~39,office,seoul,0,0,0,0,6,0,0,20,0,0,completed
1673,U1673,2025-07-02 12:44:00,2025-07-02 12:48:00,F,20~29,office,seoul,0,0,0,0,4,0,0,48,0,1,abandoned
1674,U1674,2025-10-11 07:57:00,2025-10-11 08:04:00,F,30~39,office,seoul,1,0,0,0,29,0,0,53,0,0,completed
1675,U1675,2025-12-12 17:00:00,2025-12-12 17:06:00,F,20~29,office,seoul,0,0,0,0,11,0,0,59,0,0,completed
1676,U1676,2025-11-22 17:08:00,2025-11-22 17:15:00,F,20~29,office,seoul,1,0,0,0,28,0,0,79,0,0,completed
1677,U1677,2025-04-30 21:52:00,2025-04-30 21:54:00,M,20~29,office,seoul,0,0,0,0,10,0,0,10,0,0,completed
1678,U1678,2025-01-06 22:41:00,2025-01-06 22:47:00,F,40~49,office,seoul,0,0,0,0,23,0,0,64,0,0,completed
1679,U1679,2025-08-06 17:47:00,2025-08-06 17:53:00,F,20~29,office,seoul,0,0,0,0,27,0,0,63,0,0,completed
1680,U1680,2025-02-10 16:06:00,2025-02-10 16:12:00,F,30~39,office,seoul,0,0,0,0,19,0,0,77,0,0,completed
1681,U1681,2025-04-03 07:45:00,2025-04-03 07:52:00,F,30~39,office,seoul,0,0,0,0,11,0,0,23,0,0,completed
1682,U1682,2025-03-04 15:35:00,2025-03-04 15:41:00,F,30~39,office,seoul,0,0,0,0,6,0,0,26,0,0,abandoned
1683,U1683,2025-10-29 17:19:00,2025-10-29 17:22:00,F,40~49,office,seoul,0,0,0,0,6,0,0,35,0,0,completed
1684,U1684,2025-05-28 13:32:00,2025-05-28 13:39:00,M,30~39,office,seoul,0,0,0,0,13,0,0,17,0,0,completed
1685,U1685,2025-09-18 09:10:00,2025-09-18 09:13:00,M,50+,office,seoul,0,0,0,0,14,0,0,61,0,1,completed
1686,U1686,2025-09-22 08:51:00,2025-09-22 08:57:00,M,50+,office,seoul,0,0,0,0,27,0,0,74,0,0,completed
1687,U1687,2025-11-09 07:40:00,2025-11-09 07:43:00,M,30~39,office,seoul,1,0,0,0,1,0,0,38,0,0,completed
1688,U1688,2025-06-13 22:18:00,2025-06-13 22:22:00,M,50+,office,seoul,0,0,0,0,1,0,0,22,0,0,completed
1689,U1689,2025-07-24 19:04:00,2025-07-24 19:11:00,F,20~29,office,seoul,0,0,0,0,12,0,0,22,0,0,completed
1690,U1690,2025-01-31 16:04:00,2025-01-31 16:06:00,F,50+,office,seoul,0,0,0,0,6,0,0,21,0,0,completed
1691,U1691,2025-08-27 20:07:00,2025-08-27 20:12:00,F,20~29,office,seoul,0,0,0,0,2,0,0,30,0,0,abandoned
1692,U1692,2025-06-07 15:47:00,2025-06-07 15:49:00,F,20~29,office,seoul,1,0,0,0,23,0,0,42,0,0,completed
1693,U1693,2025-08-23 12:55:00,2025-08-23 13:01:00,M,50+,office,seoul,1,0,0,0,6,0,0,56,0,0,completed
1694,U1694,2025-03-21 09:33:00,2025-03-21 09:40:00,F,30~39,office,seoul,0,0,0,0,12,0,0,72,0,0,completed
1695,U1695,2025-09-28 08:07:00,2025-09-28 08:09:00,F,40~49,office,seoul,1,0,0,0,8,0,0,40,0,0,completed
1696,U1696,2025-06-20 14:08:00,2025-06-20 14:13:00,M,30~39,office,seoul,0,0,0,0,28,0,0,14,0,0,completed
1697,U1697,2025-01-18 15:26:00,2025-01-18 15:33:00,F,30~39,office,seoul,1,0,0,0,11,0,0,11,0,0,completed
1698,U1698,2025-10-21 13:36:00,2025-10-21 13:41:00,M,40~49,office,seoul,0,0,0,0,0,0,0,50,0,0,completed
1699,U1699,2025-11-02 07:35:00,2025-11-02 07:39:00,F,20~29,office,seoul,1,0,0,0,6,0,0,60,0,0,completed
1700,U1700,2025-12-23 18:37:00,2025-12-23 18:43:00,F,30~39,office,seoul,0,0,0,0,22,0,0,11,0,0,completed
1701,U1701,2025-09-23 12:40:00,2025-09-23 12:43:00,M,30~39,office,seoul,0,0,0,0,20,0,0,21,0,0,completed
1702,U1702,2025-10-15 15:18:00,2025-10-15 15:20:00,M,40~49,office,seoul,0,0,0,0,22,0,0,29,0,0,completed
1703,U1703,2025-10-06 14:01:00,2025-10-06 14:03:00,F,30~39,office,seoul,0,0,0,0,7,0,0,37,1,0,completed
1704,U1704,2025-03-17 17:42:00,2025-03-17 17:49:00,M,40~49,office,seoul,0,0,0,0,29,0,0,15,0,0,completed
1705,U1705,2025-03-21 15:51:00,2025-03-21 15:56:00,M,50+,office,seoul,0,0,0,0,29,0,0,11,0,0,completed
1706,U1706,2025-05-11 13:10:00,2025-05-11 13:14:00,F,20~29,office,seoul,1,0,0,0,29,0,0,44,1,0,abandoned
1707,U1707,2025-11-20 14:52:00,2025-11-20 14:56:00,M,30~39,office,seoul,0,0,0,0,24,0,0,27,0,0,timeout
1708,U1708,2025-04-02 18:14:00,2025-04-02 18:19:00,F,30~39,office,seoul,0,0,0,0,3,0,0,24,0,1,completed
1709,U1709,2025-11-12 15:52:00,2025-11-12 15:54:00,M,40~49,office,seoul,0,0,0,0,23,0,0,76,0,0,abandoned
1710,U1710,2025-08-26 14:40:00,2025-08-26 14:44:00,M,40~49,office,seoul,0,0,0,0,23,0,0,59,0,0,completed
1711,U1711,2025-09-14 08:23:00,2025-09-14 08:30:00,M,30~39,office,seoul,1,0,0,0,19,0,0,56,0,0,completed
1712,U1712,2025-06-30 21:20:00,2025-06-30 21:27:00,F,20~29,office,seoul,0,0,0,0,23,0,0,49,0,0,completed
1713,U1713,2025-12-23 14:25:00,2025-12-23 14:27:00,F,40~49,office,seoul,0,0,0,0,1,0,0,43,0,0,completed
1714,U1714,2025-12-14 15:02:00,2025-12-14 15:08:00,F,20~29,office,seoul,1,0,0,0,16,0,0,19,0,0,abandoned
1715,U1715,2025-07-01 18:16:00,2025-07-01 18:22:00,F,40~49,office,seoul,0,0,0,0,6,0,0,63,0,0,completed
1716,U1716,2025-11-26 15:35:00,2025-11-26 15:38:00,F,40~49,office,seoul,0,0,0,0,16,0,0,62,0,0,completed
1717,U1717,2025-12-13 15:10:00,2025-12-13 15:15:00,F,20~29,office,seoul,1,0,0,0,21,0,0,37,0,0,completed
1718,U1718,2025-09-06 14:17:00,2025-09-06 14:22:00,M,20~29,office,seoul,1,0,0,0,7,0,0,27,0,0,completed
1719,U1719,2025-10-20 11:36:00,2025-10-20 11:40:00,F,50+,office,seoul,0,0,0,0,20,0,0,16,0,0,completed
1720,U1720,2025-10-10 09:31:00,2025-10-10 09:36:00,F,20~29,office,seoul,0,0,0,0,11,0,0,78,0,0,abandoned
1721,U1721,2025-02-27 11:11:00,2025-02-27 11:15:00,M,20~29,office,seoul,0,0,0,0,29,0,0,24,0,0,completed
1722,U1722,2025-08-05 15:14:00,2025-08-05 15:17:00,F,30~39,office,seoul,0,0,0,0,17,0,0,56,0,0,timeout
1723,U1723,2025-05-14 08:54:00,2025-05-14 08:57:00,F,20~29,office,seoul,0,0,0,0,29,0,0,60,0,0,completed
1724,U1724,2025-12-12 16:32:00,2025-12-12 16:39:00,M,20~29,office,seoul,0,0,0,0,16,0,0,35,1,0,completed
1725,U1725,2025-04-03 17:58:00,2025-04-03 18:05:00,M,30~39,office,seoul,0,0,0,0,19,0,0,15,0,0,abandoned
1726,U1726,2025-06-06 13:30:00,2025-06-06 13:37:00,M,50+,office,seoul,0,0,0,0,4,0,0,71,0,0,completed
1727,U1727,2025-01-29 09:46:00,2025-01-29 09:51:00,M,20~29,office,seoul,0,0,0,0,3,0,0,63,0,0,timeout
1728,U1728,2025-08-01 15:58:00,2025-08-01 16:03:00,F,40~49,office,seoul,0,0,0,0,6,0,0,24,0,0,abandoned
1729,U1729,2025-03-09 15:41:00,2025-03-09 15:45:00,F,30~39,office,seoul,1,0,0,0,21,0,0,16,0,0,completed
1730,U1730,2025-01-07 11:04:00,2025-01-07 11:10:00,M,30~39,office,seoul,0,0,0,0,13,0,0,22,0,0,abandoned
1731,U1731,2025-04-22 12:18:00,2025-04-22 12:25:00,M,50+,office,seoul,0,0,0,0,4,0,0,69,0,0,completed
1732,U1732,2025-12-16 14:54:00,2025-12-16 14:56:00,M,20~29,office,seoul,0,0,0,0,27,0,0,50,0,0,abandoned
1733,U1733,2025-04-06 18:06:00,2025-04-06 18:10:00,F,20~29,office,seoul,1,0,0,0,16,0,0,10,0,0,completed
1734,U1734,2025-11-01 19:38:00,2025-11-01 19:42:00,M,30~39,office,seoul,1,0,0,0,13,0,0,70,0,0,abandoned
1735,U1735,2025-12-26 08:09:00,2025-12-26 08:16:00,F,40~49,office,seoul,0,0,0,0,28,0,0,29,0,0,completed
1736,U1736,2025-04-17 11:26:00,2025-04-17 11:32:00,F,30~39,office,seoul,0,0,0,0,26,0,0,58,0,0,completed
1737,U1737,2025-02-11 19:14:00,2025-02-11 19:16:00,F,20~29,office,seoul,0,0,0,0,18,0,0,12,0,0,completed
1738,U1738,2025-04-14 12:06:00,2025-04-14 12:11:00,F,20~29,office,seoul,0,0,0,0,5,0,0,46,0,0,completed
1739,U1739,2025-01-21 09:32:00,2025-01-21 09:36:00,M,40~49,office,seoul,0,0,0,0,18,0,0,67,0,0,completed
1740,U1740,2025-04-28 18:39:00,2025-04-28 18:41:00,F,20~29,office,seoul,0,0,0,0,0,0,0,54,0,0,completed
1741,U1741,2025-09-20 13:15:00,2025-09-20 13:21:00,F,40~49,office,seoul,1,0,0,0,1,0,0,16,0,0,abandoned
1742,U1742,2025-08-11 08:33:00,2025-08-11 08:35:00,F,40~49,office,seoul,0,0,0,0,6,0,0,59,0,0,abandoned
1743,U1743,2025-10-23 18:59:00,2025-10-23 19:03:00,F,20~29,office,seoul,0,0,0,0,25,0,0,10,0,0,completed
1744,U1744,2025-10-02 09:19:00,2025-10-02 09:25:00,F,40~49,office,seoul,0,0,0,0,13,0,0,16,0,0,completed
1745,U1745,2025-06-26 14:12:00,2025-06-26 14:15:00,M,30~39,office,seoul,0,0,0,0,5,0,0,66,0,0,completed
1746,U1746,2025-10-02 14:20:00,2025-10-02 14:23:00,M,30~39,office,seoul,0,0,0,0,6,0,0,58,0,0,completed
1747,U1747,2025-07-04 20:26:00,2025-07-04 20:28:00,F,20~29,office,seoul,0,0,0,0,15,0,0,50,0,0,completed
1748,U1748,2025-11-17 16:58:00,2025-11-17 17:03:00,F,50+,office,seoul,0,0,0,0,12,0,0,26,0,0,completed
1749,U1749,2025-01-26 07:41:00,2025-01-26 07:43:00,F,30~39,office,seoul,1,0,0,0,17,0,0,74,0,0,completed
1750,U1750,2025-11-21 20:43:00,2025-11-21 20:49:00,F,40~49,office,seoul,0,0,0,0,22,0,0,64,0,0,completed
1751,U1751,2025-12-13 12:16:00,2025-12-13 12:20:00,M,20~29,office,seoul,1,0,0,0,19,0,0,78,1,0,completed
1752,U1752,2025-05-01 12:47:00,2025-05-01 12:52:00,M,20~29,office,seoul,0,0,0,0,9,0,0,11,0,0,abandoned
1753,U1753,2025-04-18 15:47:00,2025-04-18 15:53:00,F,40~49,office,seoul,0,0,0,0,21,0,0,22,0,0,completed
1754,U1754,2025-10-08 18:08:00,2025-10-08 18:12:00,M,20~29,office,seoul,0,0,0,0,15,0,0,40,0,0,completed
1755,U1755,2025-11-07 13:02:00,2025-11-07 13:09:00,F,20~29,office,seoul,0,0,0,0,24,0,0,31,0,0,completed
1756,U1756,2025-01-29 18:09:00,2025-01-29 18:13:00,M,50+,office,seoul,0,0,0,0,13,0,0,13,0,0,completed
1757,U1757,2025-10-05 12:21:00,2025-10-05 12:26:00,M,30~39,office,seoul,1,0,0,0,7,0,0,38,0,0,completed
1758,U1758,2025-12-14 21:50:00,2025-12-14 21:57:00,F,40~49,office,seoul,1,0,0,0,11,0,0,74,0,0,completed
1759,U1759,2025-12-05 21:30:00,2025-12-05 21:35:00,M,20~29,office,seoul,0,0,0,0,16,0,0,15,0,0,completed
1760,U1760,2025-06-18 16:24:00,2025-06-18 16:28:00,F,30~39,office,seoul,0,0,0,0,3,0,0,38,0,0,completed
1761,U1761,2025-04-16 20:54:00,2025-04-16 20:59:00,F,20~29,office,seoul,0,0,0,0,4,0,0,73,0,0,completed
1762,U1762,2025-01-03 08:00:00,2025-01-03 08:02:00,M,50+,office,seoul,0,0,0,0,1,0,0,41,0,0,completed
1763,U1763,2025-07-20 08:54:00,2025-07-20 08:58:00,F,40~49,office,seoul,1,0,0,0,11,0,0,69,0,0,completed
1764,U1764,2025-05-08 09:27:00,2025-05-08 09:29:00,F,20~29,office,seoul,0,0,0,0,18,0,0,18,0,0,completed
1765,U1765,2025-02-16 12:19:00,2025-02-16 12:23:00,M,20~29,office,seoul,1,0,0,0,22,0,0,51,0,0,timeout
1766,U1766,2025-07-02 18:55:00,2025-07-02 18:59:00,M,30~39,office,seoul,0,0,0,0,2,0,0,70,0,0,completed
1767,U1767,2025-04-07 14:14:00,2025-04-07 14:19:00,M,20~29,office,seoul,0,0,0,0,2,0,0,52,0,0,completed
1768,U1768,2025-01-11 22:50:00,2025-01-11 22:54:00,F,40~49,office,seoul,1,0,0,0,1,0,0,35,0,0,completed
1769,U1769,2025-04-02 11:16:00,2025-04-02 11:20:00,M,40~49,office,seoul,0,0,0,0,18,0,0,61,0,0,completed
1770,U1770,2025-05-24 22:56:00,2025-05-24 22:59:00,F,30~39,office,seoul,1,0,0,0,0,0,0,15,0,0,abandoned
1771,U1771,2025-08-16 09:20:00,2025-08-16 09:23:00,M,20~29,office,seoul,1,0,0,0,19,0,0,30,0,0,completed
1772,U1772,2025-09-30 15:30:00,2025-09-30 15:36:00,F,30~39,office,seoul,0,0,0,0,1,0,0,65,0,0,completed
1773,U1773,2025-02-18 18:37:00,2025-02-18 18:40:00,M,50+,office,seoul,0,0,0,0,28,0,0,74,0,0,completed
1774,U1774,2025-08-19 15:53:00,2025-08-19 15:57:00,F,20~29,office,seoul,0,0,0,0,29,0,0,62,0,0,completed
1775,U1775,2025-11-19 11:30:00,2025-11-19 11:34:00,F,20~29,office,seoul,0,0,0,0,1,0,0,11,0,0,completed
1776,U1776,2025-12-22 14:44:00,2025-12-22 14:47:00,F,30~39,office,seoul,0,0,0,0,28,0,0,55,0,0,completed
1777,U1777,2025-09-29 12:33:00,2025-09-29 12:35:00,M,20~29,office,seoul,0,0,0,0,21,0,0,35,0,0,completed
1778,U1778,2025-03-30 08:32:00,2025-03-30 08:37:00,M,20~29,office,seoul,1,0,0,0,24,0,0,58,0,0,completed
1779,U1779,2025-08-30 14:22:00,2025-08-30 14:28:00,M,20~29,office,seoul,1,0,0,0,6,0,0,18,0,0,completed
1780,U1780,2025-05-22 12:31:00,2025-05-22 12:34:00,M,20~29,office,seoul,0,0,0,0,20,0,0,73,0,0,completed
1781,U1781,2025-01-17 07:50:00,2025-01-17 07:55:00,F,20~29,office,seoul,0,0,0,0,5,0,0,24,0,0,completed
1782,U1782,2025-03-07 08:36:00,2025-03-07 08:40:00,F,20~29,office,seoul,0,0,0,0,9,0,0,13,0,0,completed
1783,U1783,2025-03-23 16:15:00,2025-03-23 16:18:00,M,40~49,office,seoul,1,0,0,0,26,0,0,45,1,0,completed
1784,U1784,2025-10-15 17:41:00,2025-10-15 17:44:00,F,30~39,office,seoul,0,0,0,0,13,0,0,36,0,0,completed
1785,U1785,2025-03-05 21:20:00,2025-03-05 21:23:00,M,20~29,office,seoul,0,0,0,0,0,0,0,64,0,0,completed
1786,U1786,2025-12-08 18:00:00,2025-12-08 18:07:00,F,50+,office,seoul,0,0,0,0,21,0,0,47,0,0,completed
1787,U1787,2025-11-28 07:50:00,2025-11-28 07:54:00,F,30~39,office,seoul,0,0,0,0,14,0,0,68,0,0,completed
1788,U1788,2025-09-10 09:27:00,2025-09-10 09:33:00,F,40~49,office,seoul,0,0,0,0,28,0,0,59,0,0,error
1789,U1789,2025-06-21 09:24:00,2025-06-21 09:26:00,M,20~29,office,seoul,1,0,0,0,25,0,0,45,0,0,timeout
1790,U1790,2025-12-30 09:57:00,2025-12-30 10:02:00,M,20~29,office,seoul,0,0,0,0,15,0,0,24,0,0,timeout
1791,U1791,2025-05-19 12:23:00,2025-05-19 12:25:00,F,40~49,office,seoul,0,0,0,0,1,0,0,62,0,0,completed
1792,U1792,2025-06-22 09:15:00,2025-06-22 09:17:00,M,30~39,office,seoul,1,0,0,0,15,0,0,16,0,0,error
1793,U1793,2025-07-02 14:10:00,2025-07-02 14:12:00,M,30~39,office,seoul,0,0,0,0,4,0,0,50,0,0,completed
1794,U1794,2025-12-09 08:30:00,2025-12-09 08:34:00,F,50+,office,seoul,0,0,0,0,17,0,0,10,0,0,completed
1795,U1795,2025-01-17 20:48:00,2025-01-17 20:55:00,M,20~29,office,seoul,0,0,0,0,24,0,0,35,0,0,abandoned
1796,U1796,2025-02-24 12:39:00,2025-02-24 12:45:00,F,20~29,office,seoul,0,0,0,0,20,0,0,70,0,0,completed
1797,U1797,2025-02-14 11:41:00,2025-02-14 11:48:00,F,30~39,office,seoul,0,0,0,0,19,0,0,40,0,0,completed
1798,U1798,2025-07-26 17:20:00,2025-07-26 17:26:00,F,50+,office,seoul,1,0,0,0,23,0,0,12,0,0,completed
1799,U1799,2025-01-04 14:00:00,2025-01-04 14:06:00,M,30~39,office,seoul,1,0,0,0,26,0,0,34,0,0,completed
1800,U1800,2025-06-01 17:32:00,2025-06-01 17:38:00,M,40~49,office,seoul,1,0,0,0,9,0,0,74,0,0,completed
1801,U1801,2025-07-03 16:53:00,2025-07-03 16:58:00,F,20~29,office,seoul,0,0,0,0,17,0,0,10,0,0,timeout
1802,U1802,2025-11-02 12:42:00,2025-11-02 12:49:00,F,40~49,office,seoul,1,0,0,0,11,0,0,17,0,0,abandoned
1803,U1803,2025-04-30 11:59:00,2025-04-30 12:03:00,M,50+,office,seoul,0,0,0,0,9,0,0,37,0,0,completed
1804,U1804,2025-06-29 19:33:00,2025-06-29 19:36:00,F,20~29,office,seoul,1,0,0,0,19,0,0,47,0,0,completed
1805,U1805,2025-12-21 08:09:00,2025-12-21 08:15:00,M,20~29,office,seoul,1,0,0,0,19,0,0,58,0,0,completed
1806,U1806,2025-10-19 08:02:00,2025-10-19 08:08:00,M,30~39,office,seoul,1,0,0,0,12,0,0,44,0,0,completed
1807,U1807,2025-04-14 12:07:00,2025-04-14 12:09:00,F,50+,office,seoul,0,0,0,0,8,0,0,60,0,0,abandoned
1808,U1808,2025-08-03 09:46:00,2025-08-03 09:52:00,M,50+,office,seoul,1,0,0,0,9,0,0,50,0,0,completed
1809,U1809,2025-03-29 18:39:00,2025-03-29 18:41:00,F,20~29,office,seoul,1,0,0,0,18,0,0,23,0,0,completed
1810,U1810,2025-10-30 18:32:00,2025-10-30 18:36:00,F,50+,office,seoul,0,0,0,0,9,0,0,57,0,1,completed
1811,U1811,2025-06-12 09:04:00,2025-06-12 09:06:00,F,40~49,office,seoul,0,0,0,0,10,0,0,26,0,0,completed
1812,U1812,2025-08-15 21:27:00,2025-08-15 21:29:00,F,20~29,office,seoul,0,0,0,0,16,0,0,10,0,0,completed
1813,U1813,2025-07-14 09:11:00,2025-07-14 09:18:00,F,30~39,office,seoul,0,0,0,0,21,0,0,56,0,0,completed
1814,U1814,2025-12-06 15:05:00,2025-12-06 15:07:00,M,20~29,office,seoul,1,0,0,0,15,0,0,59,0,0,abandoned
1815,U1815,2025-04-13 08:25:00,2025-04-13 08:31:00,M,20~29,office,seoul,1,0,0,0,0,0,0,34,0,0,completed
1816,U1816,2025-08-14 20:59:00,2025-08-14 21:05:00,M,30~39,office,seoul,0,0,0,0,15,0,0,66,0,0,completed
1817,U1817,2025-05-07 12:29:00,2025-05-07 12:34:00,F,20~29,office,seoul,0,0,0,0,11,0,0,44,0,0,completed
1818,U1818,2025-09-24 12:08:00,2025-09-24 12:10:00,F,30~39,office,seoul,0,0,0,0,4,0,0,36,0,0,completed
1819,U1819,2025-03-15 16:33:00,2025-03-15 16:37:00,F,40~49,office,seoul,1,0,0,0,1,0,0,59,0,0,abandoned
1820,U1820,2025-04-13 21:18:00,2025-04-13 21:21:00,F,30~39,office,seoul,1,0,0,0,16,0,0,32,0,0,completed
1821,U1821,2025-03-01 07:05:00,2025-03-01 07:09:00,M,30~39,office,seoul,1,0,0,0,28,0,0,73,0,0,completed
1822,U1822,2025-07-13 11:06:00,2025-07-13 11:12:00,M,40~49,office,seoul,1,0,0,0,20,0,0,21,0,0,completed
1823,U1823,2025-03-20 22:35:00,2025-03-20 22:37:00,F,20~29,office,seoul,0,0,0,0,3,0,0,21,0,0,completed
1824,U1824,2025-07-15 16:55:00,2025-07-15 17:00:00,F,50+,office,seoul,0,0,0,0,9,0,0,62,0,0,completed
1825,U1825,2025-12-10 22:32:00,2025-12-10 22:36:00,M,20~29,office,seoul,0,0,0,0,26,0,0,75,0,0,completed
1826,U1826,2025-03-16 07:37:00,2025-03-16 07:41:00,F,30~39,office,seoul,1,0,0,0,10,0,0,53,0,0,completed
1827,U1827,2025-08-21 14:42:00,2025-08-21 14:45:00,M,20~29,office,seoul,0,0,0,0,12,0,0,77,0,0,abandoned
1828,U1828,2025-04-27 07:57:00,2025-04-27 08:03:00,M,20~29,office,seoul,1,0,0,0,24,0,0,38,0,0,completed
1829,U1829,2025-05-22 07:53:00,2025-05-22 07:59:00,M,20~29,office,seoul,0,0,0,0,22,0,0,43,0,0,completed
1830,U1830,2025-06-15 18:58:00,2025-06-15 19:00:00,M,30~39,office,seoul,1,0,0,0,8,0,0,50,0,0,completed
1831,U1831,2025-03-22 21:09:00,2025-03-22 21:12:00,M,30~39,office,seoul,1,0,0,0,3,0,0,55,0,0,completed
1832,U1832,2025-07-12 17:31:00,2025-07-12 17:34:00,M,20~29,office,seoul,1,0,0,0,20,0,0,62,0,0,completed
1833,U1833,2025-09-18 16:36:00,2025-09-18 16:40:00,F,20~29,office,seoul,0,0,0,0,15,0,0,78,0,0,completed
1834,U1834,2025-07-07 16:13:00,2025-07-07 16:19:00,F,50+,office,seoul,0,0,0,0,16,0,0,58,0,0,completed
1835,U1835,2025-09-01 14:39:00,2025-09-01 14:45:00,M,20~29,office,seoul,0,0,0,0,3,0,0,22,0,0,completed
1836,U1836,2025-10-02 16:08:00,2025-10-02 16:10:00,M,50+,office,seoul,0,0,0,0,25,0,0,77,0,0,completed
1837,U1837,2025-10-09 21:45:00,2025-10-09 21:49:00,F,20~29,office,seoul,0,0,0,0,28,0,0,74,0,0,completed
1838,U1838,2025-03-04 12:48:00,2025-03-04 12:55:00,M,20~29,office,seoul,0,0,0,0,14,0,0,70,0,0,completed
1839,U1839,2025-04-30 12:48:00,2025-04-30 12:52:00,F,30~39,office,seoul,0,0,0,0,25,0,0,40,0,0,completed
1840,U1840,2025-04-16 14:00:00,2025-04-16 14:04:00,F,50+,office,seoul,0,0,0,0,13,0,0,31,0,0,completed
1841,U1841,2025-02-16 08:02:00,2025-02-16 08:06:00,F,20~29,office,seoul,1,0,0,0,4,0,0,26,0,0,completed
1842,U1842,2025-04-14 08:18:00,2025-04-14 08:22:00,F,50+,office,seoul,0,0,0,0,27,0,0,71,0,0,completed
1843,U1843,2025-07-23 18:19:00,2025-07-23 18:22:00,F,30~39,office,seoul,0,0,0,0,6,0,0,31,0,0,abandoned
1844,U1844,2025-11-24 07:44:00,2025-11-24 07:46:00,M,30~39,office,seoul,0,0,0,0,11,0,0,67,1,0,completed
1845,U1845,2025-12-03 14:12:00,2025-12-03 14:18:00,F,20~29,office,seoul,0,0,0,0,0,0,0,16,0,0,completed
1846,U1846,2025-10-14 14:03:00,2025-10-14 14:10:00,F,40~49,office,seoul,0,0,0,0,8,0,0,13,0,0,completed
1847,U1847,2025-06-28 12:17:00,2025-06-28 12:19:00,F,30~39,office,seoul,1,0,0,0,23,0,0,39,0,0,completed
1848,U1848,2025-05-10 15:19:00,2025-05-10 15:23:00,M,20~29,office,seoul,1,0,0,0,15,0,0,47,0,0,completed
1849,U1849,2025-10-29 19:27:00,2025-10-29 19:34:00,F,50+,office,seoul,0,0,0,0,26,0,0,20,0,0,completed
1850,U1850,2025-12-19 19:08:00,2025-12-19 19:11:00,F,20~29,office,seoul,0,0,0,0,7,0,0,25,0,0,completed
1851,U1851,2025-04-08 16:28:00,2025-04-08 16:33:00,M,20~29,office,seoul,0,0,0,0,19,0,0,51,0,0,completed
1852,U1852,2025-05-17 07:52:00,2025-05-17 07:54:00,M,20~29,office,seoul,1,0,0,0,22,0,0,16,0,0,abandoned
1853,U1853,2025-03-22 11:32:00,2025-03-22 11:34:00,F,30~39,office,seoul,1,0,0,0,28,0,0,57,0,0,completed
1854,U1854,2025-05-10 07:07:00,2025-05-10 07:14:00,F,30~39,office,seoul,1,0,0,0,11,0,0,16,0,0,completed
1855,U1855,2025-08-26 17:46:00,2025-08-26 17:53:00,M,30~39,office,seoul,0,0,0,0,23,0,0,26,0,0,completed
1856,U1856,2025-01-15 15:25:00,2025-01-15 15:30:00,F,40~49,office,seoul,0,0,0,0,12,0,0,24,0,0,abandoned
1857,U1857,2025-06-02 07:29:00,2025-06-02 07:36:00,F,30~39,office,seoul,0,0,0,0,0,0,0,11,0,0,completed
1858,U1858,2025-07-09 16:33:00,2025-07-09 16:35:00,M,30~39,office,seoul,0,0,0,0,7,0,0,14,0,0,completed
1859,U1859,2025-08-30 16:36:00,2025-08-30 16:42:00,M,40~49,office,seoul,1,0,0,0,21,0,0,62,0,0,completed
1860,U1860,2025-06-09 08:44:00,2025-06-09 08:46:00,M,40~49,office,seoul,0,0,0,0,3,0,0,35,0,0,completed
1861,U1861,2025-04-11 12:42:00,2025-04-11 12:49:00,F,40~49,office,seoul,0,0,0,0,23,0,0,57,0,0,completed
1862,U1862,2025-09-17 12:14:00,2025-09-17 12:18:00,M,20~29,office,seoul,0,0,0,0,29,0,0,30,0,0,completed
1863,U1863,2025-04-25 12:12:00,2025-04-25 12:17:00,F,20~29,office,seoul,0,0,0,0,23,0,0,78,0,0,completed
1864,U1864,2025-01-15 20:02:00,2025-01-15 20:08:00,F,20~29,office,seoul,0,0,0,0,3,0,0,78,0,0,timeout
1865,U1865,2025-04-22 16:10:00,2025-04-22 16:12:00,M,20~29,office,seoul,0,0,0,0,26,0,0,27,0,0,completed
1866,U1866,2025-02-10 18:24:00,2025-02-10 18:31:00,F,50+,office,seoul,0,0,0,0,3,0,0,14,0,0,completed
1867,U1867,2025-06-22 13:06:00,2025-06-22 13:09:00,F,20~29,office,seoul,1,0,0,0,8,0,0,46,0,0,completed
1868,U1868,2025-11-04 18:47:00,2025-11-04 18:52:00,F,40~49,office,seoul,0,0,0,0,8,0,0,34,0,0,abandoned
1869,U1869,2025-06-21 17:07:00,2025-06-21 17:11:00,F,20~29,office,seoul,1,0,0,0,1,0,0,68,0,0,completed
1870,U1870,2025-09-15 13:59:00,2025-09-15 14:06:00,M,50+,office,seoul,0,0,0,0,18,0,0,23,0,0,completed
1871,U1871,2025-07-02 19:17:00,2025-07-02 19:22:00,F,50+,office,seoul,0,0,0,0,3,0,0,22,0,0,completed
1872,U1872,2025-10-26 12:18:00,2025-10-26 12:20:00,M,50+,office,seoul,1,0,0,0,12,0,0,56,0,0,completed
1873,U1873,2025-12-27 15:52:00,2025-12-27 15:58:00,M,30~39,office,seoul,1,0,0,0,7,0,0,24,0,0,completed
1874,U1874,2025-06-10 18:34:00,2025-06-10 18:39:00,M,30~39,office,seoul,0,0,0,0,4,0,0,45,0,0,completed
1875,U1875,2025-01-10 09:03:00,2025-01-10 09:07:00,F,40~49,office,seoul,0,0,0,0,14,0,0,53,0,0,completed
1876,U1876,2025-05-13 18:34:00,2025-05-13 18:38:00,M,40~49,office,seoul,0,0,0,0,4,0,0,45,0,0,abandoned
1877,U1877,2025-07-11 17:45:00,2025-07-11 17:52:00,M,30~39,office,seoul,0,0,0,0,6,0,0,66,0,0,completed
1878,U1878,2025-05-23 11:34:00,2025-05-23 11:37:00,F,20~29,office,seoul,0,0,0,0,13,0,0,35,0,0,completed
1879,U1879,2025-07-22 18:41:00,2025-07-22 18:46:00,M,30~39,office,seoul,0,0,0,0,0,0,0,43,0,0,completed
1880,U1880,2025-01-14 20:11:00,2025-01-14 20:14:00,M,30~39,office,seoul,0,0,0,0,8,0,0,60,0,0,abandoned
1881,U1881,2025-12-14 07:59:00,2025-12-14 08:01:00,M,50+,office,seoul,1,0,0,0,11,0,0,77,0,0,completed
1882,U1882,2025-04-22 12:50:00,2025-04-22 12:56:00,F,30~39,office,seoul,0,0,0,0,13,0,0,28,0,0,completed
1883,U1883,2025-06-22 17:13:00,2025-06-22 17:18:00,F,30~39,office,seoul,1,0,0,0,20,0,0,62,0,0,completed
1884,U1884,2025-06-08 16:29:00,2025-06-08 16:35:00,M,40~49,office,seoul,1,0,0,0,15,0,0,47,0,0,completed
1885,U1885,2025-03-21 08:45:00,2025-03-21 08:52:00,F,40~49,office,seoul,0,0,0,0,23,0,0,35,0,0,completed
1886,U1886,2025-10-21 11:26:00,2025-10-21 11:28:00,F,50+,office,seoul,0,0,0,0,16,0,0,17,0,0,completed
1887,U1887,2025-07-26 17:44:00,2025-07-26 17:48:00,F,40~49,office,seoul,1,0,0,0,7,0,0,76,0,0,completed
1888,U1888,2025-10-23 15:31:00,2025-10-23 15:33:00,F,40~49,office,seoul,0,0,0,0,27,0,0,67,0,0,completed
1889,U1889,2025-08-08 15:51:00,2025-08-08 15:57:00,M,20~29,office,seoul,0,0,0,0,4,0,0,75,0,0,completed
1890,U1890,2025-06-02 15:11:00,2025-06-02 15:16:00,M,50+,office,seoul,0,0,0,0,20,0,0,55,0,0,completed
1891,U1891,2025-11-25 13:36:00,2025-11-25 13:42:00,F,20~29,office,seoul,0,0,0,0,24,0,0,50,0,0,completed
1892,U1892,2025-01-06 15:55:00,2025-01-06 15:58:00,F,30~39,office,seoul,0,0,0,0,3,0,0,24,0,0,completed
1893,U1893,2025-04-08 15:28:00,2025-04-08 15:34:00,M,40~49,office,seoul,0,0,0,0,15,0,0,62,0,0,completed
1894,U1894,2025-08-10 12:01:00,2025-08-10 12:08:00,F,30~39,office,seoul,1,0,0,0,29,0,0,43,0,0,completed
1895,U1895,2025-03-04 16:58:00,2025-03-04 17:03:00,F,20~29,office,seoul,0,0,0,0,5,0,0,13,0,0,abandoned
1896,U1896,2025-06-19 14:25:00,2025-06-19 14:27:00,F,30~39,office,seoul,0,0,0,0,18,0,0,64,0,0,completed
1897,U1897,2025-08-17 07:49:00,2025-08-17 07:54:00,F,30~39,office,seoul,1,0,0,0,8,0,0,23,0,0,completed
1898,U1898,2025-03-28 11:29:00,2025-03-28 11:36:00,F,50+,office,seoul,0,0,0,0,15,0,0,74,1,0,completed
1899,U1899,2025-12-28 12:00:00,2025-12-28 12:03:00,F,20~29,office,seoul,1,0,0,0,18,0,0,76,0,0,completed
1900,U1900,2025-03-25 08:32:00,2025-03-25 08:34:00,F,50+,office,seoul,0,0,0,0,27,0,0,29,0,0,completed
1901,U1901,2025-03-14 17:17:00,2025-03-14 17:19:00,F,50+,office,seoul,0,0,0,0,11,0,0,49,0,0,error
1902,U1902,2025-10-07 13:46:00,2025-10-07 13:51:00,F,20~29,office,seoul,0,0,0,0,27,0,0,78,0,0,timeout
1903,U1903,2025-04-02 16:44:00,2025-04-02 16:49:00,M,20~29,office,seoul,0,0,0,0,25,0,0,16,0,0,completed
1904,U1904,2025-10-17 11:23:00,2025-10-17 11:26:00,F,30~39,office,seoul,0,0,0,0,11,0,0,50,0,0,completed
1905,U1905,2025-01-25 13:53:00,2025-01-25 13:57:00,M,40~49,office,seoul,1,0,0,0,14,0,0,41,0,0,completed
1906,U1906,2025-04-06 21:26:00,2025-04-06 21:28:00,F,50+,office,seoul,1,0,0,0,11,0,0,65,0,0,completed
1907,U1907,2025-02-16 15:08:00,2025-02-16 15:11:00,M,20~29,office,seoul,1,0,0,0,2,0,0,29,0,0,error
1908,U1908,2025-04-15 13:59:00,2025-04-15 14:06:00,M,20~29,office,seoul,0,0,0,0,19,0,0,40,0,0,completed
1909,U1909,2025-09-12 12:13:00,2025-09-12 12:19:00,M,50+,office,seoul,0,0,0,0,19,0,0,51,1,0,completed
1910,U1910,2025-10-15 09:46:00,2025-10-15 09:51:00,F,20~29,office,seoul,0,0,0,0,25,0,0,64,0,0,completed
1911,U1911,2025-01-07 08:21:00,2025-01-07 08:26:00,M,30~39,office,seoul,0,0,0,0,23,0,0,12,0,0,completed
1912,U1912,2025-06-27 13:32:00,2025-06-27 13:39:00,M,20~29,office,seoul,0,0,0,0,13,0,0,22,0,0,completed
1913,U1913,2025-12-14 15:27:00,2025-12-14 15:30:00,F,40~49,office,seoul,1,0,0,0,27,0,0,53,0,0,completed
1914,U1914,2025-04-30 19:44:00,2025-04-30 19:48:00,F,30~39,office,seoul,0,0,0,0,21,0,0,77,0,0,completed
1915,U1915,2025-09-11 14:07:00,2025-09-11 14:14:00,M,20~29,office,seoul,0,0,0,0,1,0,0,67,0,0,completed
1916,U1916,2025-03-03 12:20:00,2025-03-03 12:26:00,M,20~29,office,seoul,0,0,0,0,6,0,0,64,0,0,completed
1917,U1917,2025-06-22 20:14:00,2025-06-22 20:20:00,F,50+,office,seoul,1,0,0,0,4,0,0,74,0,0,completed
1918,U1918,2025-01-23 15:46:00,2025-01-23 15:50:00,F,50+,office,seoul,0,0,0,0,4,0,0,48,0,0,timeout
1919,U1919,2025-12-05 09:12:00,2025-12-05 09:14:00,F,50+,office,seoul,0,0,0,0,0,0,0,21,0,0,completed
1920,U1920,2025-12-02 08:46:00,2025-12-02 08:52:00,M,30~39,office,seoul,0,0,0,0,4,0,0,69,0,0,completed
1921,U1921,2025-03-12 17:42:00,2025-03-12 17:48:00,F,30~39,office,seoul,0,0,0,0,18,0,0,29,1,0,abandoned
1922,U1922,2025-04-08 12:25:00,2025-04-08 12:32:00,F,40~49,office,seoul,0,0,0,0,13,0,0,49,0,0,completed
1923,U1923,2025-10-26 13:39:00,2025-10-26 13:44:00,F,30~39,office,seoul,1,0,0,0,20,0,0,38,0,0,completed
1924,U1924,2025-03-23 08:46:00,2025-03-23 08:52:00,F,20~29,office,seoul,1,0,0,0,26,0,0,39,0,0,completed
1925,U1925,2025-09-07 13:15:00,2025-09-07 13:17:00,F,30~39,office,seoul,1,0,0,0,18,0,0,19,1,0,completed
1926,U1926,2025-03-10 08:58:00,2025-03-10 09:04:00,F,30~39,office,seoul,0,0,0,0,14,0,0,53,0,0,completed
1927,U1927,2025-03-25 13:51:00,2025-03-25 13:54:00,F,40~49,office,seoul,0,0,0,0,14,0,0,15,0,0,completed
1928,U1928,2025-05-01 17:04:00,2025-05-01 17:11:00,M,40~49,office,seoul,0,0,0,0,11,0,0,65,0,0,abandoned
1929,U1929,2025-12-07 12:57:00,2025-12-07 13:03:00,F,20~29,office,seoul,1,0,0,0,28,0,0,78,0,0,completed
1930,U1930,2025-02-11 19:46:00,2025-02-11 19:48:00,F,20~29,office,seoul,0,0,0,0,15,0,0,50,0,0,completed
1931,U1931,2025-12-17 16:28:00,2025-12-17 16:30:00,F,20~29,office,seoul,0,0,0,0,23,0,0,73,0,0,completed
1932,U1932,2025-12-27 15:29:00,2025-12-27 15:33:00,F,50+,office,seoul,1,0,0,0,5,0,0,57,0,0,completed
1933,U1933,2025-08-10 18:37:00,2025-08-10 18:42:00,F,20~29,office,seoul,1,0,0,0,4,0,0,77,0,0,completed
1934,U1934,2025-06-10 15:17:00,2025-06-10 15:19:00,M,30~39,office,seoul,0,0,0,0,20,0,0,77,0,0,completed
1935,U1935,2025-09-12 12:43:00,2025-09-12 12:48:00,M,30~39,office,seoul,0,0,0,0,25,0,0,71,0,0,completed
1936,U1936,2025-11-27 12:47:00,2025-11-27 12:51:00,M,30~39,office,seoul,0,0,0,0,15,0,0,67,0,0,completed
1937,U1937,2025-06-12 16:19:00,2025-06-12 16:22:00,F,20~29,office,seoul,0,0,0,0,24,0,0,46,0,0,completed
1938,U1938,2025-02-19 16:08:00,2025-02-19 16:14:00,F,20~29,office,seoul,0,0,0,0,21,0,0,41,0,0,completed
1939,U1939,2025-12-29 16:33:00,2025-12-29 16:36:00,F,20~29,office,seoul,0,0,0,0,23,0,0,39,0,0,completed
1940,U1940,2025-02-12 07:13:00,2025-02-12 07:16:00,M,20~29,office,seoul,0,0,0,0,19,0,0,17,0,0,completed
1941,U1941,2025-10-04 12:04:00,2025-10-04 12:08:00,F,40~49,office,seoul,1,0,0,0,28,0,0,23,0,0,completed
1942,U1942,2025-07-02 08:34:00,2025-07-02 08:38:00,F,40~49,office,seoul,0,0,0,0,20,0,0,44,0,0,completed
1943,U1943,2025-09-12 18:57:00,2025-09-12 19:02:00,M,40~49,office,seoul,0,0,0,0,15,0,0,24,0,0,completed
1944,U1944,2025-09-25 22:49:00,2025-09-25 22:56:00,M,30~39,office,seoul,0,0,0,0,17,0,0,45,0,0,completed
1945,U1945,2025-02-10 17:37:00,2025-02-10 17:41:00,F,20~29,office,seoul,0,0,0,0,14,0,0,10,0,0,completed
1946,U1946,2025-10-13 17:36:00,2025-10-13 17:40:00,M,50+,office,seoul,0,0,0,0,8,0,0,19,0,0,completed
1947,U1947,2025-12-24 15:34:00,2025-12-24 15:40:00,M,20~29,office,seoul,0,0,0,0,16,0,0,51,0,0,completed
1948,U1948,2025-06-16 13:38:00,2025-06-16 13:42:00,M,40~49,office,seoul,0,0,0,0,24,0,0,22,0,0,completed
1949,U1949,2025-10-07 14:38:00,2025-10-07 14:40:00,M,20~29,office,seoul,0,0,0,0,0,0,0,37,0,0,completed
1950,U1950,2025-11-21 07:33:00,2025-11-21 07:36:00,F,20~29,office,seoul,0,0,0,0,13,0,0,79,0,0,completed
1951,U1951,2025-10-11 15:19:00,2025-10-11 15:21:00,M,40~49,office,seoul,1,0,0,0,26,0,0,43,0,0,completed
1952,U1952,2025-07-15 22:31:00,2025-07-15 22:34:00,F,40~49,office,seoul,0,0,0,0,14,0,0,42,0,0,completed
1953,U1953,2025-05-19 16:39:00,2025-05-19 16:44:00,F,30~39,office,seoul,0,0,0,0,28,0,0,74,0,0,completed
1954,U1954,2025-12-27 17:47:00,2025-12-27 17:52:00,F,40~49,office,seoul,1,0,0,0,3,0,0,44,0,0,completed
1955,U1955,2025-04-25 09:02:00,2025-04-25 09:05:00,M,30~39,office,seoul,0,0,0,0,7,0,0,79,0,0,completed
1956,U1956,2025-07-21 13:40:00,2025-07-21 13:47:00,F,40~49,office,seoul,0,0,0,0,21,0,0,43,1,1,completed
1957,U1957,2025-09-08 09:58:00,2025-09-08 10:02:00,M,50+,office,seoul,0,0,0,0,6,0,0,74,0,1,completed
1958,U1958,2025-07-07 11:49:00,2025-07-07 11:53:00,M,20~29,office,seoul,0,0,0,0,17,0,0,66,0,0,abandoned
1959,U1959,2025-06-04 12:11:00,2025-06-04 12:18:00,M,20~29,office,seoul,0,0,0,0,17,0,0,60,0,0,completed
1960,U1960,2025-05-25 14:08:00,2025-05-25 14:14:00,F,50+,office,seoul,1,0,0,0,6,0,0,43,0,0,completed
1961,U1961,2025-04-02 11:59:00,2025-04-02 12:06:00,F,30~39,office,seoul,0,0,0,0,29,0,0,45,0,0,completed
1962,U1962,2025-11-02 07:52:00,2025-11-02 07:55:00,M,20~29,office,seoul,1,0,0,0,0,0,0,75,0,0,completed
1963,U1963,2025-02-23 21:08:00,2025-02-23 21:12:00,M,30~39,office,seoul,1,0,0,0,16,0,0,65,0,0,completed
1964,U1964,2025-01-21 18:10:00,2025-01-21 18:12:00,F,50+,office,seoul,0,0,0,0,24,0,0,27,0,0,abandoned
1965,U1965,2025-08-02 15:31:00,2025-08-02 15:33:00,M,20~29,office,seoul,1,0,0,0,8,0,0,34,0,0,completed
1966,U1966,2025-06-08 12:17:00,2025-06-08 12:22:00,F,50+,office,seoul,1,0,0,0,21,0,0,31,0,0,completed
1967,U1967,2025-09-29 08:38:00,2025-09-29 08:40:00,M,20~29,office,seoul,0,0,0,0,21,0,0,18,0,0,completed
1968,U1968,2025-03-06 08:15:00,2025-03-06 08:18:00,F,50+,office,seoul,0,0,0,0,17,0,0,40,0,0,completed
1969,U1969,2025-07-12 16:18:00,2025-07-12 16:25:00,F,40~49,office,seoul,1,0,0,0,18,0,0,75,0,0,completed
1970,U1970,2025-03-11 12:26:00,2025-03-11 12:32:00,M,20~29,office,seoul,0,0,0,0,18,0,0,33,0,0,completed
1971,U1971,2025-02-14 16:52:00,2025-02-14 16:59:00,F,30~39,office,seoul,0,0,0,0,21,0,0,27,0,0,completed
1972,U1972,2025-01-04 17:46:00,2025-01-04 17:49:00,M,20~29,office,seoul,1,0,0,0,18,0,0,73,0,0,completed
1973,U1973,2025-07-04 17:26:00,2025-07-04 17:29:00,M,20~29,office,seoul,0,0,0,0,13,0,0,26,0,0,completed
1974,U1974,2025-03-22 19:25:00,2025-03-22 19:28:00,M,40~49,office,seoul,1,0,0,0,7,0,0,54,0,0,completed
1975,U1975,2025-05-23 14:32:00,2025-05-23 14:36:00,M,40~49,office,seoul,0,0,0,0,22,0,0,68,0,0,completed
1976,U1976,2025-03-20 11:18:00,2025-03-20 11:20:00,F,30~39,office,seoul,0,0,0,0,2,0,0,13,0,0,completed
1977,U1977,2025-02-23 13:53:00,2025-02-23 13:58:00,M,50+,office,seoul,1,0,0,0,24,0,0,45,0,0,completed
1978,U1978,2025-10-07 11:15:00,2025-10-07 11:19:00,M,30~39,office,seoul,0,0,0,0,5,0,0,33,0,0,completed
1979,U1979,2025-10-08 18:52:00,2025-10-08 18:58:00,M,20~29,office,seoul,0,0,0,0,25,0,0,36,0,0,completed
1980,U1980,2025-02-21 18:53:00,2025-02-21 18:57:00,F,30~39,office,seoul,0,0,0,0,23,0,0,14,0,0,completed
1981,U1981,2025-06-19 19:04:00,2025-06-19 19:07:00,F,20~29,office,seoul,0,0,0,0,20,0,0,64,0,0,completed
1982,U1982,2025-12-12 07:57:00,2025-12-12 07:59:00,F,40~49,office,seoul,0,0,0,0,27,0,0,21,0,0,completed
1983,U1983,2025-03-31 14:58:00,2025-03-31 15:01:00,F,30~39,office,seoul,0,0,0,0,1,0,0,61,0,0,completed
1984,U1984,2025-04-07 20:40:00,2025-04-07 20:46:00,F,40~49,office,seoul,0,0,0,0,12,0,0,51,0,0,completed
1985,U1985,2025-12-18 20:07:00,2025-12-18 20:13:00,M,40~49,office,seoul,0,0,0,0,12,0,0,52,0,0,completed
1986,U1986,2025-11-06 14:37:00,2025-11-06 14:42:00,M,20~29,office,seoul,0,0,0,0,4,0,0,60,0,0,completed
1987,U1987,2025-07-23 09:22:00,2025-07-23 09:27:00,F,20~29,office,seoul,0,0,0,0,27,0,0,30,0,0,completed
1988,U1988,2025-08-12 17:53:00,2025-08-12 17:59:00,F,20~29,office,seoul,0,0,0,0,3,0,0,45,0,0,completed
1989,U1989,2025-08-14 17:37:00,2025-08-14 17:44:00,F,20~29,office,seoul,0,0,0,0,11,0,0,21,0,0,completed
1990,U1990,2025-07-14 14:55:00,2025-07-14 14:59:00,M,50+,office,seoul,0,0,0,0,12,0,0,75,0,0,completed
1991,U1991,2025-06-18 18:29:00,2025-06-18 18:32:00,M,50+,office,seoul,0,0,0,0,6,0,0,12,0,1,completed
1992,U1992,2025-01-01 17:23:00,2025-01-01 17:30:00,M,30~39,office,seoul,0,0,0,0,26,0,0,77,0,0,completed
1993,U1993,2025-12-27 14:21:00,2025-12-27 14:25:00,M,30~39,office,seoul,1,0,0,0,6,0,0,76,0,0,abandoned
1994,U1994,2025-09-12 14:11:00,2025-09-12 14:13:00,M,40~49,office,seoul,0,0,0,0,15,0,0,45,0,0,completed
1995,U1995,2025-07-21 13:01:00,2025-07-21 13:04:00,M,30~39,office,seoul,0,0,0,0,26,0,0,64,0,0,abandoned
1996,U1996,2025-09-16 11:54:00,2025-09-16 11:58:00,F,30~39,office,seoul,0,0,0,0,28,0,0,25,0,0,completed
1997,U1997,2025-04-10 12:53:00,2025-04-10 12:57:00,F,30~39,office,seoul,0,0,0,0,4,0,0,60,0,0,completed
1998,U1998,2025-06-09 08:08:00,2025-06-09 08:15:00,M,20~29,office,seoul,0,0,0,0,9,0,0,28,0,0,completed
1999,U1999,2025-07-24 16:35:00,2025-07-24 16:40:00,M,30~39,office,seoul,0,0,0,0,5,0,0,39,0,0,completed
2000,U2000,2025-01-01 17:50:00,2025-01-01 17:55:00,M,30~39,office,seoul,0,0,0,0,4,0,0,73,0,0,completed
2001,U2001,2025-12-20 19:13:00,2025-12-20 19:19:00,M,20~29,office,seoul,1,0,0,0,22,0,0,33,0,0,completed
2002,U2002,2025-01-14 12:07:00,2025-01-14 12:14:00,M,40~49,office,seoul,0,0,0,0,18,0,0,49,0,0,completed
2003,U2003,2025-12-22 11:42:00,2025-12-22 11:45:00,M,40~49,office,seoul,0,0,0,0,17,0,0,57,0,0,completed
2004,U2004,2025-07-30 16:31:00,2025-07-30 16:35:00,F,20~29,office,seoul,0,0,0,0,12,0,0,75,0,0,completed
2005,U2005,2025-09-19 11:39:00,2025-09-19 11:44:00,M,40~49,office,seoul,0,0,0,0,0,0,0,77,0,0,completed
2006,U2006,2025-06-06 12:49:00,2025-06-06 12:52:00,F,50+,office,seoul,0,0,0,0,19,0,0,79,0,0,completed
2007,U2007,2025-07-09 19:23:00,2025-07-09 19:27:00,F,50+,office,seoul,0,0,0,0,13,0,0,21,1,0,completed
2008,U2008,2025-01-14 12:33:00,2025-01-14 12:39:00,M,50+,office,seoul,0,0,0,0,2,0,0,29,0,0,completed
2009,U2009,2025-06-13 19:39:00,2025-06-13 19:41:00,M,40~49,office,seoul,0,0,0,0,11,0,0,59,0,0,completed
2010,U2010,2025-05-19 19:15:00,2025-05-19 19:19:00,F,30~39,office,seoul,0,0,0,0,12,0,0,32,0,0,completed
2011,U2011,2025-12-08 11:39:00,2025-12-08 11:43:00,M,20~29,office,seoul,0,0,0,0,2,0,0,13,0,0,completed
2012,U2012,2025-05-14 11:24:00,2025-05-14 11:27:00,F,20~29,office,seoul,0,0,0,0,1,0,0,34,0,0,completed
2013,U2013,2025-05-22 13:36:00,2025-05-22 13:42:00,M,30~39,office,seoul,0,0,0,0,28,0,0,38,0,0,completed
2014,U2014,2025-06-04 20:07:00,2025-06-04 20:10:00,M,20~29,office,seoul,0,0,0,0,25,0,0,15,0,0,completed
2015,U2015,2025-08-28 17:11:00,2025-08-28 17:18:00,F,20~29,office,seoul,0,0,0,0,20,0,0,59,0,0,completed
2016,U2016,2025-03-05 22:11:00,2025-03-05 22:17:00,M,20~29,office,seoul,0,0,0,0,15,0,0,51,0,0,completed
2017,U2017,2025-03-28 15:52:00,2025-03-28 15:59:00,M,30~39,office,seoul,0,0,0,0,20,0,0,77,0,0,completed
2018,U2018,2025-09-12 08:22:00,2025-09-12 08:28:00,F,40~49,office,seoul,0,0,0,0,15,0,0,20,0,0,completed
2019,U2019,2025-09-01 08:53:00,2025-09-01 09:00:00,F,50+,office,seoul,0,0,0,0,18,0,0,73,0,0,abandoned
2020,U2020,2025-10-15 13:52:00,2025-10-15 13:56:00,F,40~49,office,seoul,0,0,0,0,1,0,0,35,0,0,completed
2021,U2021,2025-06-05 08:45:00,2025-06-05 08:48:00,F,30~39,office,seoul,0,0,0,0,19,0,0,19,0,0,completed
2022,U2022,2025-12-19 13:29:00,2025-12-19 13:35:00,F,30~39,office,seoul,0,0,0,0,19,0,0,73,0,0,completed
2023,U2023,2025-12-15 08:09:00,2025-12-15 08:13:00,F,40~49,office,seoul,0,0,0,0,9,0,0,20,0,0,completed
2024,U2024,2025-12-10 17:21:00,2025-12-10 17:24:00,F,20~29,office,seoul,0,0,0,0,8,0,0,29,0,0,completed
2025,U2025,2025-12-06 17:13:00,2025-12-06 17:19:00,F,50+,office,seoul,1,0,0,0,25,0,0,46,0,0,completed
2026,U2026,2025-02-07 12:54:00,2025-02-07 12:57:00,F,20~29,office,seoul,0,0,0,0,10,0,0,60,0,0,completed
2027,U2027,2025-02-15 16:30:00,2025-02-15 16:36:00,F,20~29,office,seoul,1,0,0,0,1,0,0,26,0,0,completed
2028,U2028,2025-05-06 09:06:00,2025-05-06 09:09:00,M,20~29,office,seoul,0,0,0,0,22,0,0,62,0,0,completed
2029,U2029,2025-11-16 19:12:00,2025-11-16 19:17:00,F,20~29,office,seoul,1,0,0,0,5,0,0,31,0,0,completed
2030,U2030,2025-10-22 11:15:00,2025-10-22 11:22:00,F,40~49,office,seoul,0,0,0,0,16,0,0,67,0,0,completed
2031,U2031,2025-09-23 19:08:00,2025-09-23 19:12:00,M,20~29,office,seoul,0,0,0,0,23,0,0,56,0,0,completed
2032,U2032,2025-11-23 20:04:00,2025-11-23 20:09:00,M,40~49,office,seoul,1,0,0,0,10,0,0,45,0,0,completed
2033,U2033,2025-08-07 20:50:00,2025-08-07 20:53:00,F,40~49,office,seoul,0,0,0,0,6,0,0,68,0,0,completed
2034,U2034,2025-04-27 08:01:00,2025-04-27 08:05:00,M,50+,office,seoul,1,0,0,0,6,0,0,75,0,0,completed
2035,U2035,2025-05-29 12:00:00,2025-05-29 12:05:00,F,20~29,office,seoul,0,0,0,0,3,0,0,64,0,0,completed
2036,U2036,2025-01-21 15:39:00,2025-01-21 15:41:00,M,40~49,office,seoul,0,0,0,0,7,0,0,22,0,0,completed
2037,U2037,2025-02-13 16:13:00,2025-02-13 16:20:00,F,20~29,office,seoul,0,0,0,0,20,0,0,72,0,0,completed
2038,U2038,2025-12-24 14:10:00,2025-12-24 14:15:00,F,20~29,office,seoul,0,0,0,0,22,0,0,66,0,0,completed
2039,U2039,2025-04-25 17:43:00,2025-04-25 17:47:00,F,30~39,office,seoul,0,0,0,0,2,0,0,31,0,0,completed
2040,U2040,2025-06-19 12:09:00,2025-06-19 12:14:00,F,50+,office,seoul,0,0,0,0,24,0,0,63,0,0,completed
2041,U2041,2025-06-25 08:46:00,2025-06-25 08:48:00,F,40~49,office,seoul,0,0,0,0,2,0,0,33,0,0,completed
2042,U2042,2025-06-14 16:14:00,2025-06-14 16:20:00,F,40~49,office,seoul,1,0,0,0,7,0,0,14,0,0,completed
2043,U2043,2025-09-28 18:32:00,2025-09-28 18:35:00,M,20~29,office,seoul,1,0,0,0,17,0,0,73,0,0,completed
2044,U2044,2025-02-11 09:26:00,2025-02-11 09:32:00,M,40~49,office,seoul,0,0,0,0,25,0,0,15,0,0,completed
2045,U2045,2025-06-19 18:09:00,2025-06-19 18:16:00,F,40~49,office,seoul,0,0,0,0,7,0,0,69,0,0,completed
2046,U2046,2025-02-02 13:29:00,2025-02-02 13:35:00,F,30~39,office,seoul,1,0,0,0,9,0,0,26,0,0,completed
2047,U2047,2025-03-25 08:46:00,2025-03-25 08:53:00,F,30~39,office,seoul,0,0,0,0,10,0,0,10,0,0,timeout
2048,U2048,2025-06-20 19:29:00,2025-06-20 19:34:00,F,30~39,office,seoul,0,0,0,0,1,0,0,30,0,0,completed
2049,U2049,2025-09-07 15:38:00,2025-09-07 15:41:00,F,20~29,office,seoul,1,0,0,0,1,0,0,37,0,0,completed
2050,U2050,2025-01-18 20:11:00,2025-01-18 20:14:00,F,20~29,office,seoul,1,0,0,0,10,0,0,14,0,0,completed
2051,U2051,2025-05-29 08:13:00,2025-05-29 08:20:00,F,20~29,office,seoul,0,0,0,0,9,0,0,62,0,0,completed
2052,U2052,2025-09-11 08:05:00,2025-09-11 08:12:00,M,30~39,office,seoul,0,0,0,0,22,0,0,29,0,0,completed
2053,U2053,2025-03-25 13:07:00,2025-03-25 13:10:00,M,50+,office,seoul,0,0,0,0,25,0,0,29,0,0,completed
2054,U2054,2025-07-10 14:21:00,2025-07-10 14:28:00,F,30~39,office,seoul,0,0,0,0,29,0,0,61,0,0,completed
2055,U2055,2025-07-02 15:14:00,2025-07-02 15:18:00,M,40~49,office,seoul,0,0,0,0,29,0,0,48,0,0,completed
2056,U2056,2025-06-27 15:57:00,2025-06-27 16:00:00,M,40~49,office,seoul,0,0,0,0,29,0,0,71,0,0,completed
2057,U2057,2025-08-02 13:02:00,2025-08-02 13:09:00,F,20~29,office,seoul,1,0,0,0,16,0,0,41,0,0,completed
2058,U2058,2025-01-02 12:10:00,2025-01-02 12:12:00,F,20~29,office,seoul,0,0,0,0,5,0,0,58,0,0,completed
2059,U2059,2025-07-06 12:53:00,2025-07-06 12:58:00,F,30~39,office,seoul,1,0,0,0,25,0,0,56,0,0,completed
2060,U2060,2025-05-27 07:08:00,2025-05-27 07:14:00,F,40~49,office,seoul,0,0,0,0,27,0,0,77,0,0,completed
2061,U2061,2025-06-01 13:57:00,2025-06-01 13:59:00,M,50+,office,seoul,1,0,0,0,3,0,0,49,1,0,completed
2062,U2062,2025-12-29 14:02:00,2025-12-29 14:05:00,F,30~39,office,seoul,0,0,0,0,14,0,0,52,0,0,completed
2063,U2063,2025-09-12 09:16:00,2025-09-12 09:22:00,F,20~29,office,seoul,0,0,0,0,15,0,0,14,0,0,completed
2064,U2064,2025-02-03 21:44:00,2025-02-03 21:46:00,F,30~39,office,seoul,0,0,0,0,17,0,0,39,0,0,completed
2065,U2065,2025-02-27 13:44:00,2025-02-27 13:51:00,F,20~29,office,seoul,0,0,0,0,15,0,0,43,0,0,timeout
2066,U2066,2025-12-23 18:55:00,2025-12-23 18:59:00,F,20~29,office,seoul,0,0,0,0,18,0,0,71,0,0,completed
2067,U2067,2025-03-04 20:29:00,2025-03-04 20:32:00,F,30~39,office,seoul,0,0,0,0,24,0,0,42,0,0,abandoned
2068,U2068,2025-10-25 13:37:00,2025-10-25 13:39:00,M,20~29,office,seoul,1,0,0,0,8,0,0,77,0,0,completed
2069,U2069,2025-04-20 19:07:00,2025-04-20 19:09:00,F,20~29,office,seoul,1,0,0,0,17,0,0,14,0,0,completed
2070,U2070,2025-05-10 13:17:00,2025-05-10 13:22:00,M,20~29,office,seoul,1,0,0,0,9,0,0,33,0,0,abandoned
2071,U2071,2025-03-03 16:40:00,2025-03-03 16:44:00,F,20~29,office,seoul,0,0,0,0,8,0,0,63,0,0,completed
2072,U2072,2025-10-27 13:20:00,2025-10-27 13:27:00,F,40~49,office,seoul,0,0,0,0,15,0,0,57,0,0,completed
2073,U2073,2025-12-23 09:22:00,2025-12-23 09:29:00,M,40~49,office,seoul,0,0,0,0,23,0,0,79,0,0,completed
2074,U2074,2025-12-07 15:34:00,2025-12-07 15:38:00,F,20~29,office,seoul,1,0,0,0,12,0,0,57,0,0,timeout
2075,U2075,2025-02-26 09:02:00,2025-02-26 09:05:00,F,30~39,office,seoul,0,0,0,0,2,0,0,13,0,0,abandoned
2076,U2076,2025-08-23 17:49:00,2025-08-23 17:55:00,F,50+,office,seoul,1,0,0,0,18,0,0,45,0,1,completed
2077,U2077,2025-02-08 16:55:00,2025-02-08 17:00:00,M,50+,office,seoul,1,0,0,0,19,0,0,74,0,0,completed
2078,U2078,2025-12-06 18:07:00,2025-12-06 18:09:00,F,40~49,office,seoul,1,0,0,0,7,0,0,15,0,0,completed
2079,U2079,2025-09-21 07:29:00,2025-09-21 07:31:00,M,20~29,office,seoul,1,0,0,0,25,0,0,27,0,0,completed
2080,U2080,2025-04-18 11:30:00,2025-04-18 11:36:00,F,20~29,office,seoul,0,0,0,0,26,0,0,69,0,0,completed
2081,U2081,2025-01-19 11:44:00,2025-01-19 11:48:00,F,20~29,office,seoul,1,0,0,0,8,0,0,44,0,0,completed
2082,U2082,2025-06-19 16:01:00,2025-06-19 16:06:00,M,20~29,office,seoul,0,0,0,0,10,0,0,68,0,0,completed
2083,U2083,2025-10-01 08:37:00,2025-10-01 08:41:00,M,30~39,office,seoul,0,0,0,0,0,0,0,67,0,0,completed
2084,U2084,2025-02-06 07:13:00,2025-02-06 07:17:00,F,50+,office,seoul,0,0,0,0,20,0,0,39,0,0,completed
2085,U2085,2025-09-26 19:02:00,2025-09-26 19:09:00,M,20~29,office,seoul,0,0,0,0,12,0,0,63,0,0,completed
2086,U2086,2025-09-08 13:21:00,2025-09-08 13:25:00,M,40~49,office,seoul,0,0,0,0,24,0,0,12,0,0,abandoned
2087,U2087,2025-02-25 07:45:00,2025-02-25 07:52:00,F,20~29,office,seoul,0,0,0,0,25,0,0,58,0,0,completed
2088,U2088,2025-05-20 15:47:00,2025-05-20 15:49:00,M,30~39,office,seoul,0,0,0,0,27,0,0,58,0,1,completed
2089,U2089,2025-11-14 20:59:00,2025-11-14 21:03:00,F,30~39,office,seoul,0,0,0,0,6,0,0,10,0,0,completed
2090,U2090,2025-12-23 07:44:00,2025-12-23 07:47:00,F,20~29,office,seoul,0,0,0,0,12,0,0,58,0,0,completed
2091,U2091,2025-07-14 22:16:00,2025-07-14 22:20:00,F,20~29,office,seoul,0,0,0,0,11,0,0,63,0,0,completed
2092,U2092,2025-10-20 15:31:00,2025-10-20 15:38:00,F,30~39,office,seoul,0,0,0,0,6,0,0,31,0,0,timeout
2093,U2093,2025-04-22 18:36:00,2025-04-22 18:42:00,F,20~29,office,seoul,0,0,0,0,8,0,0,31,0,0,completed
2094,U2094,2025-09-06 11:59:00,2025-09-06 12:03:00,M,20~29,office,seoul,1,0,0,0,14,0,0,79,0,0,completed
2095,U2095,2025-05-28 15:05:00,2025-05-28 15:10:00,F,20~29,office,seoul,0,0,0,0,1,0,0,78,0,0,completed
2096,U2096,2025-11-03 17:51:00,2025-11-03 17:53:00,F,50+,office,seoul,0,0,0,0,6,0,0,60,0,0,completed
2097,U2097,2025-01-19 15:46:00,2025-01-19 15:49:00,M,30~39,office,seoul,1,0,0,0,1,0,0,65,0,0,completed
2098,U2098,2025-05-11 14:43:00,2025-05-11 14:45:00,F,20~29,office,seoul,1,0,0,0,19,0,0,65,0,0,completed
2099,U2099,2025-06-06 07:20:00,2025-06-06 07:26:00,M,50+,office,seoul,0,0,0,0,25,0,0,54,0,0,completed
2100,U2100,2025-05-26 12:21:00,2025-05-26 12:24:00,M,30~39,office,seoul,0,0,0,0,7,0,0,55,0,0,completed
2101,U2101,2025-02-10 15:54:00,2025-02-10 16:01:00,F,50+,office,seoul,0,0,0,0,21,0,0,54,0,0,abandoned
2102,U2102,2025-12-06 16:25:00,2025-12-06 16:30:00,F,50+,office,seoul,1,0,0,0,8,0,0,69,0,0,completed
2103,U2103,2025-02-25 09:24:00,2025-02-25 09:30:00,F,30~39,office,seoul,0,0,0,0,12,0,0,61,0,0,abandoned
2104,U2104,2025-03-22 15:27:00,2025-03-22 15:33:00,M,30~39,office,seoul,1,0,0,0,5,0,0,79,0,0,completed
2105,U2105,2025-01-25 17:49:00,2025-01-25 17:55:00,F,50+,office,seoul,1,0,0,0,10,0,0,73,0,0,abandoned
2106,U2106,2025-12-18 14:13:00,2025-12-18 14:19:00,M,30~39,office,seoul,0,0,0,0,29,0,0,33,0,0,abandoned
2107,U2107,2025-10-11 21:36:00,2025-10-11 21:41:00,F,50+,office,seoul,1,0,0,0,6,0,0,78,0,0,completed
2108,U2108,2025-04-27 11:06:00,2025-04-27 11:13:00,F,30~39,office,seoul,1,0,0,0,23,0,0,56,0,0,completed
2109,U2109,2025-06-23 12:20:00,2025-06-23 12:26:00,F,20~29,office,seoul,0,0,0,0,21,0,0,63,0,0,completed
2110,U2110,2025-12-24 11:05:00,2025-12-24 11:12:00,M,20~29,office,seoul,0,0,0,0,19,0,0,23,0,0,completed
2111,U2111,2025-02-03 13:47:00,2025-02-03 13:51:00,F,30~39,office,seoul,0,0,0,0,0,0,0,56,0,0,completed
2112,U2112,2025-01-30 17:04:00,2025-01-30 17:11:00,F,20~29,office,seoul,0,0,0,0,14,0,0,20,0,0,completed
2113,U2113,2025-03-29 11:35:00,2025-03-29 11:42:00,F,20~29,office,seoul,1,0,0,0,23,0,0,45,0,0,completed
2114,U2114,2025-03-12 18:20:00,2025-03-12 18:23:00,F,40~49,office,seoul,0,0,0,0,13,0,0,24,0,0,completed
2115,U2115,2025-09-05 16:35:00,2025-09-05 16:37:00,M,20~29,office,seoul,0,0,0,0,15,0,0,24,0,0,abandoned
2116,U2116,2025-02-28 14:13:00,2025-02-28 14:19:00,F,30~39,office,seoul,0,0,0,0,11,0,0,59,0,0,completed
2117,U2117,2025-01-28 16:30:00,2025-01-28 16:32:00,M,50+,office,seoul,0,0,0,0,12,0,0,23,0,0,completed
2118,U2118,2025-05-26 15:36:00,2025-05-26 15:40:00,M,20~29,office,seoul,0,0,0,0,10,0,0,33,0,0,completed
2119,U2119,2025-07-25 14:56:00,2025-07-25 14:59:00,M,30~39,office,seoul,0,0,0,0,16,0,0,64,0,0,completed
2120,U2120,2025-08-31 16:12:00,2025-08-31 16:14:00,M,20~29,office,seoul,1,0,0,0,11,0,0,79,0,0,completed
2121,U2121,2025-05-22 12:51:00,2025-05-22 12:54:00,M,30~39,office,seoul,0,0,0,0,21,0,0,63,0,0,completed
2122,U2122,2025-07-25 13:39:00,2025-07-25 13:45:00,M,50+,office,seoul,0,0,0,0,14,0,0,40,0,0,completed
2123,U2123,2025-01-02 17:28:00,2025-01-02 17:33:00,M,30~39,office,seoul,0,0,0,0,6,0,0,36,0,0,completed
2124,U2124,2025-12-09 12:17:00,2025-12-09 12:21:00,M,30~39,office,seoul,0,0,0,0,28,0,0,41,0,0,completed
2125,U2125,2025-11-04 18:20:00,2025-11-04 18:27:00,M,50+,office,seoul,0,0,0,0,5,0,0,35,0,0,completed
2126,U2126,2025-01-17 09:16:00,2025-01-17 09:22:00,M,40~49,office,seoul,0,0,0,0,5,0,0,23,0,0,completed
2127,U2127,2025-09-25 18:59:00,2025-09-25 19:06:00,F,20~29,office,seoul,0,0,0,0,15,0,0,38,0,0,completed
2128,U2128,2025-10-13 17:49:00,2025-10-13 17:52:00,M,30~39,office,seoul,0,0,0,0,28,0,0,45,0,0,completed
2129,U2129,2025-01-30 14:35:00,2025-01-30 14:39:00,F,30~39,office,seoul,0,0,0,0,13,0,0,64,0,0,completed
2130,U2130,2025-08-16 08:39:00,2025-08-16 08:43:00,M,20~29,office,seoul,1,0,0,0,21,0,0,68,0,1,completed
2131,U2131,2025-07-30 16:10:00,2025-07-30 16:15:00,M,20~29,office,seoul,0,0,0,0,29,0,0,13,0,0,completed
2132,U2132,2025-06-02 12:05:00,2025-06-02 12:07:00,F,30~39,office,seoul,0,0,0,0,22,0,0,13,0,0,completed
2133,U2133,2025-03-08 16:07:00,2025-03-08 16:11:00,F,40~49,office,seoul,1,0,0,0,25,0,0,67,0,0,completed
2134,U2134,2025-11-24 18:22:00,2025-11-24 18:29:00,M,20~29,office,seoul,0,0,0,0,0,0,0,67,0,0,abandoned
2135,U2135,2025-07-31 16:04:00,2025-07-31 16:07:00,M,30~39,office,seoul,0,0,0,0,12,0,0,67,0,0,completed
2136,U2136,2025-12-28 19:59:00,2025-12-28 20:02:00,F,30~39,office,seoul,1,0,0,0,4,0,0,20,0,0,completed
2137,U2137,2025-02-11 18:01:00,2025-02-11 18:07:00,F,40~49,office,seoul,0,0,0,0,18,0,0,78,0,0,abandoned
2138,U2138,2025-04-21 20:34:00,2025-04-21 20:38:00,M,40~49,office,seoul,0,0,0,0,8,0,0,30,0,0,completed
2139,U2139,2025-01-26 14:28:00,2025-01-26 14:35:00,M,30~39,office,seoul,1,0,0,0,4,0,0,21,0,0,completed
2140,U2140,2025-09-02 17:56:00,2025-09-02 17:58:00,F,30~39,office,seoul,0,0,0,0,18,0,0,25,0,0,completed
2141,U2141,2025-08-25 12:52:00,2025-08-25 12:56:00,F,30~39,office,seoul,0,0,0,0,6,0,0,49,0,0,completed
2142,U2142,2025-01-10 12:01:00,2025-01-10 12:08:00,F,30~39,office,seoul,0,0,0,0,22,0,0,13,1,0,completed
2143,U2143,2025-08-22 16:25:00,2025-08-22 16:29:00,F,30~39,office,seoul,0,0,0,0,0,0,0,11,0,0,completed
2144,U2144,2025-06-15 09:37:00,2025-06-15 09:43:00,F,40~49,office,seoul,1,0,0,0,29,0,0,53,0,0,completed
2145,U2145,2025-09-26 16:58:00,2025-09-26 17:02:00,M,20~29,office,seoul,0,0,0,0,14,0,0,17,0,0,completed
2146,U2146,2025-11-19 17:20:00,2025-11-19 17:24:00,F,20~29,office,seoul,0,0,0,0,24,0,0,59,0,0,completed
2147,U2147,2025-08-11 16:42:00,2025-08-11 16:44:00,M,40~49,office,seoul,0,0,0,0,15,0,0,59,0,0,completed
2148,U2148,2025-11-19 13:11:00,2025-11-19 13:18:00,M,50+,office,seoul,0,0,0,0,3,0,0,79,0,0,completed
2149,U2149,2025-03-28 15:12:00,2025-03-28 15:19:00,F,40~49,office,seoul,0,0,0,0,1,0,0,77,0,0,completed
2150,U2150,2025-05-25 17:27:00,2025-05-25 17:32:00,M,20~29,office,seoul,1,0,0,0,2,0,0,58,0,0,completed
2151,U2151,2025-04-01 09:55:00,2025-04-01 10:00:00,F,30~39,office,seoul,0,0,0,0,2,0,0,13,0,0,completed
2152,U2152,2025-06-24 13:07:00,2025-06-24 13:10:00,F,30~39,office,seoul,0,0,0,0,18,0,0,70,0,0,completed
2153,U2153,2025-01-06 15:46:00,2025-01-06 15:51:00,F,50+,office,seoul,0,0,0,0,27,0,0,28,0,0,completed
2154,U2154,2025-07-10 13:51:00,2025-07-10 13:55:00,M,30~39,office,seoul,0,0,0,0,24,0,0,63,0,0,completed
2155,U2155,2025-02-16 08:51:00,2025-02-16 08:54:00,F,20~29,office,seoul,1,0,0,0,7,0,0,24,0,0,abandoned
2156,U2156,2025-10-19 12:22:00,2025-10-19 12:25:00,M,20~29,office,seoul,1,0,0,0,12,0,0,48,0,0,timeout
2157,U2157,2025-12-30 20:58:00,2025-12-30 21:00:00,M,30~39,office,seoul,0,0,0,0,25,0,0,72,0,0,abandoned
2158,U2158,2025-09-29 12:48:00,2025-09-29 12:54:00,F,30~39,office,seoul,0,0,0,0,25,0,0,22,0,0,completed
2159,U2159,2025-09-09 15:32:00,2025-09-09 15:36:00,F,20~29,office,seoul,0,0,0,0,0,0,0,53,0,0,completed
2160,U2160,2025-03-08 07:30:00,2025-03-08 07:32:00,F,40~49,office,seoul,1,0,0,0,21,0,0,53,0,0,completed
2161,U2161,2025-12-13 15:34:00,2025-12-13 15:40:00,M,40~49,office,seoul,1,0,0,0,9,0,0,72,0,0,abandoned
2162,U2162,2025-02-15 17:23:00,2025-02-15 17:25:00,M,20~29,office,seoul,1,0,0,0,7,0,0,44,0,0,abandoned
2163,U2163,2025-01-13 17:58:00,2025-01-13 18:04:00,F,30~39,office,seoul,0,0,0,0,4,0,0,35,0,0,completed
2164,U2164,2025-07-06 20:20:00,2025-07-06 20:22:00,F,30~39,office,seoul,1,0,0,0,21,0,0,39,0,0,completed
2165,U2165,2025-09-18 11:27:00,2025-09-18 11:30:00,F,20~29,office,seoul,0,0,0,0,18,0,0,72,0,0,completed
2166,U2166,2025-03-06 19:48:00,2025-03-06 19:55:00,F,30~39,office,seoul,0,0,0,0,10,0,0,74,0,0,completed
2167,U2167,2025-10-18 18:33:00,2025-10-18 18:38:00,F,50+,office,seoul,1,0,0,0,20,0,0,68,0,0,completed
2168,U2168,2025-12-15 16:58:00,2025-12-15 17:04:00,F,40~49,office,seoul,0,0,0,0,28,0,0,62,0,0,completed
2169,U2169,2025-10-01 13:27:00,2025-10-01 13:32:00,F,30~39,office,seoul,0,0,0,0,21,0,0,15,1,0,completed
2170,U2170,2025-06-23 09:50:00,2025-06-23 09:55:00,M,30~39,office,seoul,0,0,0,0,25,0,0,72,0,0,completed
2171,U2171,2025-05-12 22:29:00,2025-05-12 22:35:00,M,50+,office,seoul,0,0,0,0,21,0,0,24,0,0,completed
2172,U2172,2025-04-20 11:32:00,2025-04-20 11:35:00,F,20~29,office,seoul,1,0,0,0,11,0,0,54,0,0,completed
2173,U2173,2025-06-09 14:30:00,2025-06-09 14:36:00,F,30~39,office,seoul,0,0,0,0,25,0,0,73,0,0,completed
2174,U2174,2025-10-04 18:26:00,2025-10-04 18:31:00,F,50+,office,seoul,1,0,0,0,16,0,0,62,0,0,completed
2175,U2175,2025-06-28 09:02:00,2025-06-28 09:06:00,F,40~49,office,seoul,1,0,0,0,5,0,0,11,0,0,completed
2176,U2176,2025-12-12 08:45:00,2025-12-12 08:51:00,F,20~29,office,seoul,0,0,0,0,27,0,0,30,0,0,completed
2177,U2177,2025-03-24 17:43:00,2025-03-24 17:48:00,F,20~29,office,seoul,0,0,0,0,28,0,0,13,0,0,completed
2178,U2178,2025-12-25 08:19:00,2025-12-25 08:23:00,F,20~29,office,seoul,0,0,0,0,23,0,0,27,0,0,completed
2179,U2179,2025-06-14 11:35:00,2025-06-14 11:37:00,M,30~39,office,seoul,1,0,0,0,5,0,0,40,0,0,completed
2180,U2180,2025-08-19 09:10:00,2025-08-19 09:17:00,F,20~29,office,seoul,0,0,0,0,27,0,0,56,0,0,abandoned
2181,U2181,2025-05-13 18:40:00,2025-05-13 18:43:00,M,20~29,office,seoul,0,0,0,0,4,0,0,36,0,0,abandoned
2182,U2182,2025-05-18 18:48:00,2025-05-18 18:53:00,F,30~39,office,seoul,1,0,0,0,27,0,0,46,0,0,completed
2183,U2183,2025-03-05 22:29:00,2025-03-05 22:33:00,F,20~29,office,seoul,0,0,0,0,7,0,0,46,0,0,abandoned
2184,U2184,2025-09-01 13:14:00,2025-09-01 13:21:00,M,40~49,office,seoul,0,0,0,0,7,0,0,13,0,0,abandoned
2185,U2185,2025-01-20 13:27:00,2025-01-20 13:30:00,M,20~29,office,seoul,0,0,0,0,29,0,0,13,0,0,completed
2186,U2186,2025-05-08 11:54:00,2025-05-08 11:58:00,M,20~29,office,seoul,0,0,0,0,18,0,0,32,0,0,completed
2187,U2187,2025-11-27 15:44:00,2025-11-27 15:47:00,F,40~49,office,seoul,0,0,0,0,14,0,0,49,0,0,completed
2188,U2188,2025-06-06 15:20:00,2025-06-06 15:26:00,F,20~29,office,seoul,0,0,0,0,4,0,0,20,0,0,completed
2189,U2189,2025-07-14 14:17:00,2025-07-14 14:23:00,F,50+,office,seoul,0,0,0,0,21,0,0,77,0,0,completed
2190,U2190,2025-04-26 20:34:00,2025-04-26 20:36:00,F,40~49,office,seoul,1,0,0,0,18,0,0,18,0,0,completed
2191,U2191,2025-07-16 12:36:00,2025-07-16 12:41:00,M,30~39,office,seoul,0,0,0,0,21,0,0,36,0,0,completed
2192,U2192,2025-12-09 13:30:00,2025-12-09 13:37:00,F,20~29,office,seoul,0,0,0,0,22,0,0,49,0,0,completed
2193,U2193,2025-07-05 12:29:00,2025-07-05 12:31:00,F,50+,office,seoul,1,0,0,0,3,0,0,13,0,0,completed
2194,U2194,2025-03-16 12:44:00,2025-03-16 12:48:00,M,40~49,office,seoul,1,0,0,0,16,0,0,21,0,0,completed
2195,U2195,2025-09-15 15:55:00,2025-09-15 16:01:00,M,20~29,office,seoul,0,0,0,0,4,0,0,45,0,0,completed
2196,U2196,2025-08-05 22:21:00,2025-08-05 22:25:00,F,30~39,office,seoul,0,0,0,0,8,0,0,79,0,0,completed
2197,U2197,2025-11-16 19:16:00,2025-11-16 19:19:00,F,30~39,office,seoul,1,0,0,0,9,0,0,10,0,0,completed
2198,U2198,2025-09-14 15:40:00,2025-09-14 15:42:00,M,40~49,office,seoul,1,0,0,0,3,0,0,15,0,0,completed
2199,U2199,2025-04-17 11:36:00,2025-04-17 11:39:00,M,30~39,office,seoul,0,0,0,0,11,0,0,34,0,0,completed
2200,U2200,2025-02-20 08:29:00,2025-02-20 08:36:00,F,30~39,office,seoul,0,0,0,0,13,0,0,52,0,0,completed
2201,U2201,2025-08-08 13:24:00,2025-08-08 13:27:00,F,30~39,office,seoul,0,0,0,0,18,0,0,78,0,0,completed
2202,U2202,2025-01-02 12:38:00,2025-01-02 12:40:00,M,20~29,office,seoul,0,0,0,0,23,0,0,41,0,0,completed
2203,U2203,2025-08-19 09:57:00,2025-08-19 10:04:00,F,40~49,office,seoul,0,0,0,0,9,0,0,17,0,0,completed
2204,U2204,2025-08-13 12:22:00,2025-08-13 12:26:00,M,20~29,office,seoul,0,0,0,0,16,0,0,60,0,0,completed
2205,U2205,2025-10-26 22:11:00,2025-10-26 22:18:00,F,50+,office,seoul,1,0,0,0,8,0,0,20,0,0,completed
2206,U2206,2025-01-29 14:39:00,2025-01-29 14:42:00,F,50+,office,seoul,0,0,0,0,14,0,0,32,1,0,completed
2207,U2207,2025-06-25 14:43:00,2025-06-25 14:47:00,M,50+,office,seoul,0,0,0,0,22,0,0,10,1,0,completed
2208,U2208,2025-12-04 15:49:00,2025-12-04 15:56:00,M,30~39,office,seoul,0,0,0,0,1,0,0,20,0,0,completed
2209,U2209,2025-10-09 13:43:00,2025-10-09 13:50:00,F,20~29,office,seoul,0,0,0,0,5,0,0,24,0,0,completed
2210,U2210,2025-06-13 18:32:00,2025-06-13 18:37:00,F,50+,office,seoul,0,0,0,0,19,0,0,59,0,0,completed
2211,U2211,2025-02-13 16:31:00,2025-02-13 16:33:00,F,50+,office,seoul,0,0,0,0,29,0,0,12,0,0,completed
2212,U2212,2025-03-25 16:01:00,2025-03-25 16:03:00,M,20~29,office,seoul,0,0,0,0,14,0,0,15,0,0,completed
2213,U2213,2025-08-12 11:19:00,2025-08-12 11:22:00,F,50+,office,seoul,0,0,0,0,15,0,0,63,0,0,completed
2214,U2214,2025-12-01 20:50:00,2025-12-01 20:53:00,F,30~39,office,seoul,0,0,0,0,12,0,0,40,0,0,completed
2215,U2215,2025-04-22 12:13:00,2025-04-22 12:15:00,M,20~29,office,seoul,0,0,0,0,24,0,0,55,0,0,completed
2216,U2216,2025-02-21 13:55:00,2025-02-21 13:57:00,M,30~39,office,seoul,0,0,0,0,14,0,0,22,0,0,abandoned
2217,U2217,2025-02-19 16:17:00,2025-02-19 16:22:00,F,20~29,office,seoul,0,0,0,0,2,0,0,61,0,0,completed
2218,U2218,2025-09-06 09:22:00,2025-09-06 09:25:00,F,20~29,office,seoul,1,0,0,0,16,0,0,47,0,0,completed
2219,U2219,2025-08-18 17:20:00,2025-08-18 17:24:00,M,50+,office,seoul,0,0,0,0,27,0,0,28,0,0,completed
2220,U2220,2025-06-26 12:31:00,2025-06-26 12:34:00,M,30~39,office,seoul,0,0,0,0,11,0,0,20,0,0,completed
2221,U2221,2025-11-12 16:55:00,2025-11-12 16:59:00,M,20~29,office,seoul,0,0,0,0,14,0,0,21,0,1,completed
2222,U2222,2025-10-25 22:04:00,2025-10-25 22:10:00,F,30~39,office,seoul,1,0,0,0,11,0,0,60,0,0,completed
2223,U2223,2025-01-25 16:36:00,2025-01-25 16:41:00,F,40~49,office,seoul,1,0,0,0,6,0,0,43,0,0,completed
2224,U2224,2025-02-23 15:00:00,2025-02-23 15:05:00,F,50+,office,seoul,1,0,0,0,21,0,0,74,0,0,completed
2225,U2225,2025-11-26 19:48:00,2025-11-26 19:52:00,F,20~29,office,seoul,0,0,0,0,20,0,0,59,0,0,completed
2226,U2226,2025-07-22 16:14:00,2025-07-22 16:17:00,M,40~49,office,seoul,0,0,0,0,2,0,0,45,0,0,completed
2227,U2227,2025-07-10 15:19:00,2025-07-10 15:24:00,M,50+,office,seoul,0,0,0,0,20,0,0,43,1,0,timeout
2228,U2228,2025-11-15 08:31:00,2025-11-15 08:37:00,F,20~29,office,seoul,1,0,0,0,28,0,0,11,0,0,completed
2229,U2229,2025-01-02 16:50:00,2025-01-02 16:56:00,F,50+,office,seoul,0,0,0,0,9,0,0,58,1,0,abandoned
2230,U2230,2025-05-24 13:45:00,2025-05-24 13:48:00,F,30~39,office,seoul,1,0,0,0,11,0,0,60,0,1,error
2231,U2231,2025-01-17 09:19:00,2025-01-17 09:21:00,F,30~39,office,seoul,0,0,0,0,4,0,0,61,0,0,completed
2232,U2232,2025-05-09 09:52:00,2025-05-09 09:58:00,F,20~29,office,seoul,0,0,0,0,11,0,0,41,0,0,completed
2233,U2233,2025-08-28 14:53:00,2025-08-28 14:59:00,M,40~49,office,seoul,0,0,0,0,1,0,0,70,0,0,completed
2234,U2234,2025-02-22 15:57:00,2025-02-22 16:00:00,M,20~29,office,seoul,1,0,0,0,8,0,0,48,0,0,completed
2235,U2235,2025-09-11 12:22:00,2025-09-11 12:24:00,M,50+,office,seoul,0,0,0,0,21,0,0,48,0,0,completed
2236,U2236,2025-06-29 17:13:00,2025-06-29 17:20:00,M,40~49,office,seoul,1,0,0,0,27,0,0,12,0,0,completed
2237,U2237,2025-06-15 09:37:00,2025-06-15 09:44:00,F,20~29,office,seoul,1,0,0,0,26,0,0,52,0,0,completed
2238,U2238,2025-01-05 12:26:00,2025-01-05 12:33:00,M,30~39,office,seoul,1,0,0,0,27,0,0,55,0,0,completed
2239,U2239,2025-03-10 14:18:00,2025-03-10 14:20:00,F,50+,office,seoul,0,0,0,0,14,0,0,48,0,0,abandoned
2240,U2240,2025-01-15 14:40:00,2025-01-15 14:44:00,F,50+,office,seoul,0,0,0,0,18,0,0,70,0,0,completed
2241,U2241,2025-05-13 08:45:00,2025-05-13 08:52:00,F,30~39,office,seoul,0,0,0,0,11,0,0,79,1,0,completed
2242,U2242,2025-09-27 09:10:00,2025-09-27 09:15:00,M,20~29,office,seoul,1,0,0,0,19,0,0,28,0,0,completed
2243,U2243,2025-02-01 12:06:00,2025-02-01 12:09:00,M,40~49,office,seoul,1,0,0,0,14,0,0,20,0,0,timeout
2244,U2244,2025-11-11 15:05:00,2025-11-11 15:09:00,F,40~49,office,seoul,0,0,0,0,25,0,0,76,0,0,completed
2245,U2245,2025-06-03 17:32:00,2025-06-03 17:39:00,F,50+,office,seoul,0,0,0,0,4,0,0,41,0,0,completed
2246,U2246,2025-11-01 19:09:00,2025-11-01 19:14:00,M,20~29,office,seoul,1,0,0,0,5,0,0,42,0,0,abandoned
2247,U2247,2025-12-09 13:28:00,2025-12-09 13:30:00,M,20~29,office,seoul,0,0,0,0,7,0,0,74,0,0,completed
2248,U2248,2025-01-03 14:55:00,2025-01-03 14:58:00,M,20~29,office,seoul,0,0,0,0,23,0,0,53,0,0,completed
2249,U2249,2025-03-19 20:46:00,2025-03-19 20:49:00,M,50+,office,seoul,0,0,0,0,16,0,0,45,0,0,completed
2250,U2250,2025-06-12 09:14:00,2025-06-12 09:16:00,M,20~29,office,seoul,0,0,0,0,19,0,0,22,0,0,completed
2251,U2251,2025-10-12 18:18:00,2025-10-12 18:23:00,F,20~29,office,seoul,1,0,0,0,7,0,0,14,0,0,completed
2252,U2252,2025-04-25 12:46:00,2025-04-25 12:51:00,F,40~49,office,seoul,0,0,0,0,15,0,0,36,0,0,completed
2253,U2253,2025-10-02 17:30:00,2025-10-02 17:35:00,F,30~39,office,seoul,0,0,0,0,10,0,0,34,0,0,completed
2254,U2254,2025-03-11 08:31:00,2025-03-11 08:35:00,M,20~29,office,seoul,0,0,0,0,0,0,0,25,0,0,timeout
2255,U2255,2025-09-03 15:38:00,2025-09-03 15:40:00,F,20~29,office,seoul,0,0,0,0,23,0,0,33,0,0,completed
2256,U2256,2025-07-16 16:39:00,2025-07-16 16:44:00,F,50+,office,seoul,0,0,0,0,28,0,0,24,0,1,completed
2257,U2257,2025-10-13 16:05:00,2025-10-13 16:11:00,M,30~39,office,seoul,0,0,0,0,27,0,0,75,0,0,completed
2258,U2258,2025-11-18 19:56:00,2025-11-18 19:58:00,M,50+,office,seoul,0,0,0,0,26,0,0,54,0,0,completed
2259,U2259,2025-06-26 12:58:00,2025-06-26 13:00:00,F,20~29,office,seoul,0,0,0,0,0,0,0,78,0,0,completed
2260,U2260,2025-04-19 19:14:00,2025-04-19 19:21:00,F,40~49,office,seoul,1,0,0,0,17,0,0,41,0,0,completed
2261,U2261,2025-12-22 08:07:00,2025-12-22 08:14:00,F,50+,office,seoul,0,0,0,0,21,0,0,15,0,0,completed
2262,U2262,2025-11-21 14:30:00,2025-11-21 14:34:00,F,20~29,office,seoul,0,0,0,0,23,0,0,68,0,0,completed
2263,U2263,2025-06-25 09:07:00,2025-06-25 09:13:00,M,30~39,office,seoul,0,0,0,0,4,0,0,33,0,0,completed
2264,U2264,2025-06-07 13:40:00,2025-06-07 13:43:00,M,40~49,office,seoul,1,0,0,0,13,0,0,68,0,0,completed
2265,U2265,2025-11-16 14:56:00,2025-11-16 14:58:00,M,40~49,office,seoul,1,0,0,0,6,0,0,76,0,0,completed
2266,U2266,2025-10-07 17:24:00,2025-10-07 17:28:00,M,20~29,office,seoul,0,0,0,0,25,0,0,18,0,0,completed
2267,U2267,2025-04-16 17:20:00,2025-04-16 17:23:00,F,50+,office,seoul,0,0,0,0,3,0,0,29,1,0,abandoned
2268,U2268,2025-09-15 09:14:00,2025-09-15 09:17:00,F,40~49,office,seoul,0,0,0,0,23,0,0,12,0,0,completed
2269,U2269,2025-07-27 16:13:00,2025-07-27 16:19:00,M,40~49,office,seoul,1,0,0,0,28,0,0,35,0,0,completed
2270,U2270,2025-10-05 08:28:00,2025-10-05 08:34:00,M,40~49,office,seoul,1,0,0,0,21,0,0,50,0,0,completed
2271,U2271,2025-11-18 13:52:00,2025-11-18 13:59:00,M,20~29,office,seoul,0,0,0,0,6,0,0,44,0,0,completed
2272,U2272,2025-10-11 18:00:00,2025-10-11 18:05:00,F,30~39,office,seoul,1,0,0,0,3,0,0,74,0,0,completed
2273,U2273,2025-03-21 11:34:00,2025-03-21 11:41:00,F,30~39,office,seoul,0,0,0,0,22,0,0,39,0,0,timeout
2274,U2274,2025-05-07 15:04:00,2025-05-07 15:06:00,F,50+,office,seoul,0,0,0,0,18,0,0,59,0,0,completed
2275,U2275,2025-01-02 16:56:00,2025-01-02 17:03:00,F,50+,office,seoul,0,0,0,0,6,0,0,43,0,0,completed
2276,U2276,2025-12-19 17:15:00,2025-12-19 17:20:00,M,30~39,office,seoul,0,0,0,0,4,0,0,32,0,0,completed
2277,U2277,2025-07-21 13:52:00,2025-07-21 13:57:00,F,20~29,office,seoul,0,0,0,0,28,0,0,58,0,0,completed
2278,U2278,2025-06-11 16:14:00,2025-06-11 16:16:00,M,20~29,office,seoul,0,0,0,0,22,0,0,55,0,0,completed
2279,U2279,2025-05-18 15:13:00,2025-05-18 15:15:00,F,20~29,office,seoul,1,0,0,0,14,0,0,57,0,0,completed
2280,U2280,2025-03-16 14:18:00,2025-03-16 14:25:00,M,20~29,office,seoul,1,0,0,0,8,0,0,56,0,0,completed
2281,U2281,2025-07-19 08:30:00,2025-07-19 08:33:00,F,30~39,office,seoul,1,0,0,0,12,0,0,39,0,0,completed
2282,U2282,2025-09-02 08:45:00,2025-09-02 08:49:00,M,20~29,office,seoul,0,0,0,0,10,0,0,47,0,0,completed
2283,U2283,2025-12-08 14:28:00,2025-12-08 14:35:00,F,30~39,office,seoul,0,0,0,0,12,0,0,74,0,0,completed
2284,U2284,2025-07-05 11:04:00,2025-07-05 11:07:00,F,30~39,office,seoul,1,0,0,0,14,0,0,33,0,0,completed
2285,U2285,2025-03-13 12:31:00,2025-03-13 12:33:00,M,50+,office,seoul,0,0,0,0,12,0,0,64,0,0,completed
2286,U2286,2025-09-18 16:21:00,2025-09-18 16:28:00,M,30~39,office,seoul,0,0,0,0,28,0,0,54,0,0,completed
2287,U2287,2025-06-04 13:42:00,2025-06-04 13:44:00,F,30~39,office,seoul,0,0,0,0,29,0,0,34,0,0,completed
2288,U2288,2025-02-04 09:16:00,2025-02-04 09:21:00,F,20~29,office,seoul,0,0,0,0,8,0,0,62,0,0,completed
2289,U2289,2025-06-21 08:25:00,2025-06-21 08:29:00,M,20~29,office,seoul,1,0,0,0,15,0,0,65,0,0,completed
2290,U2290,2025-10-20 17:46:00,2025-10-20 17:50:00,M,50+,office,seoul,0,0,0,0,26,0,0,54,0,0,completed
2291,U2291,2025-08-25 13:33:00,2025-08-25 13:40:00,M,50+,office,seoul,0,0,0,0,11,0,0,31,0,0,completed
2292,U2292,2025-01-03 09:44:00,2025-01-03 09:47:00,M,50+,office,seoul,0,0,0,0,27,0,0,62,0,0,completed
2293,U2293,2025-11-06 12:12:00,2025-11-06 12:17:00,M,50+,office,seoul,0,0,0,0,20,0,0,74,0,0,completed
2294,U2294,2025-12-17 09:11:00,2025-12-17 09:17:00,F,40~49,office,seoul,0,0,0,0,3,0,0,48,0,0,completed
2295,U2295,2025-09-21 22:36:00,2025-09-21 22:42:00,F,20~29,office,seoul,1,0,0,0,23,0,0,38,0,0,completed
2296,U2296,2025-06-14 15:46:00,2025-06-14 15:51:00,M,50+,office,seoul,1,0,0,0,23,0,0,29,0,0,completed
2297,U2297,2025-09-23 12:38:00,2025-09-23 12:44:00,F,40~49,office,seoul,0,0,0,0,28,0,0,69,0,0,completed
2298,U2298,2025-09-13 07:26:00,2025-09-13 07:32:00,F,40~49,office,seoul,1,0,0,0,21,0,0,46,0,0,completed
2299,U2299,2025-04-29 14:33:00,2025-04-29 14:38:00,F,30~39,office,seoul,0,0,0,0,8,0,0,44,0,0,completed
2300,U2300,2025-01-19 12:24:00,2025-01-19 12:27:00,M,20~29,office,seoul,1,0,0,0,29,0,0,39,0,0,completed
2301,U2301,2025-08-31 08:21:00,2025-08-31 08:23:00,F,40~49,office,seoul,1,0,0,0,8,0,0,10,0,0,completed
2302,U2302,2025-05-25 20:28:00,2025-05-25 20:31:00,F,40~49,office,seoul,1,0,0,0,6,0,0,76,0,0,completed
2303,U2303,2025-03-14 16:07:00,2025-03-14 16:13:00,F,30~39,office,seoul,0,0,0,0,13,0,0,25,0,0,completed
2304,U2304,2025-10-16 19:04:00,2025-10-16 19:07:00,M,30~39,office,seoul,0,0,0,0,15,0,0,74,0,0,completed
2305,U2305,2025-03-08 12:03:00,2025-03-08 12:07:00,F,30~39,office,seoul,1,0,0,0,2,0,0,12,0,0,completed
2306,U2306,2025-11-20 21:39:00,2025-11-20 21:42:00,F,30~39,office,seoul,0,0,0,0,29,0,0,12,0,0,completed
2307,U2307,2025-09-29 13:38:00,2025-09-29 13:40:00,F,20~29,office,seoul,0,0,0,0,8,0,0,19,0,0,completed
2308,U2308,2025-03-29 15:08:00,2025-03-29 15:15:00,M,20~29,office,seoul,1,0,0,0,5,0,0,30,0,0,completed
2309,U2309,2025-10-02 16:20:00,2025-10-02 16:27:00,F,40~49,office,seoul,0,0,0,0,23,0,0,74,0,0,completed
2310,U2310,2025-06-11 16:32:00,2025-06-11 16:38:00,F,40~49,office,seoul,0,0,0,0,12,0,0,36,0,0,completed
2311,U2311,2025-05-06 09:55:00,2025-05-06 09:58:00,M,20~29,office,seoul,0,0,0,0,7,0,0,23,0,0,completed
2312,U2312,2025-08-28 14:39:00,2025-08-28 14:41:00,F,40~49,office,seoul,0,0,0,0,24,0,0,28,0,0,completed
2313,U2313,2025-03-26 13:35:00,2025-03-26 13:41:00,F,40~49,office,seoul,0,0,0,0,8,0,0,25,0,0,completed
2314,U2314,2025-12-08 08:05:00,2025-12-08 08:07:00,F,50+,office,seoul,0,0,0,0,12,0,0,70,0,0,completed
2315,U2315,2025-12-08 15:19:00,2025-12-08 15:24:00,M,30~39,office,seoul,0,0,0,0,2,0,0,37,0,0,completed
2316,U2316,2025-08-30 22:14:00,2025-08-30 22:17:00,M,40~49,office,seoul,1,0,0,0,4,0,0,76,0,0,completed
2317,U2317,2025-03-04 19:52:00,2025-03-04 19:55:00,F,40~49,office,seoul,0,0,0,0,6,0,0,53,0,0,completed
2318,U2318,2025-12-25 18:34:00,2025-12-25 18:38:00,M,20~29,office,seoul,0,0,0,0,23,0,0,38,0,0,timeout
2319,U2319,2025-07-29 09:34:00,2025-07-29 09:39:00,F,50+,office,seoul,0,0,0,0,4,0,0,44,0,0,completed
2320,U2320,2025-07-10 12:55:00,2025-07-10 12:59:00,M,20~29,office,seoul,0,0,0,0,18,0,0,38,0,0,completed
2321,U2321,2025-09-20 13:49:00,2025-09-20 13:56:00,M,30~39,office,seoul,1,0,0,0,13,0,0,49,0,0,completed
2322,U2322,2025-05-26 15:07:00,2025-05-26 15:09:00,F,20~29,office,seoul,0,0,0,0,16,0,0,48,0,0,completed
2323,U2323,2025-06-21 07:16:00,2025-06-21 07:22:00,F,40~49,office,seoul,1,0,0,0,1,0,0,71,0,0,completed
2324,U2324,2025-07-10 17:19:00,2025-07-10 17:21:00,F,30~39,office,seoul,0,0,0,0,11,0,0,61,0,0,abandoned
2325,U2325,2025-05-03 15:35:00,2025-05-03 15:39:00,M,30~39,office,seoul,1,0,0,0,21,0,0,70,0,0,completed
2326,U2326,2025-10-02 16:46:00,2025-10-02 16:48:00,M,20~29,office,seoul,0,0,0,0,5,0,0,44,0,0,completed
2327,U2327,2025-11-16 15:43:00,2025-11-16 15:45:00,F,20~29,office,seoul,1,0,0,0,1,0,0,43,0,0,completed
2328,U2328,2025-07-13 16:33:00,2025-07-13 16:35:00,M,50+,office,seoul,1,0,0,0,18,0,0,20,0,0,completed
2329,U2329,2025-12-03 20:13:00,2025-12-03 20:18:00,M,20~29,office,seoul,0,0,0,0,28,0,0,68,0,0,completed
2330,U2330,2025-11-13 07:17:00,2025-11-13 07:20:00,M,40~49,office,seoul,0,0,0,0,26,0,0,24,0,0,completed
2331,U2331,2025-04-18 18:46:00,2025-04-18 18:53:00,F,50+,office,seoul,0,0,0,0,15,0,0,34,0,0,completed
2332,U2332,2025-07-11 15:11:00,2025-07-11 15:16:00,F,20~29,office,seoul,0,0,0,0,29,0,0,68,0,0,completed
2333,U2333,2025-02-19 17:30:00,2025-02-19 17:34:00,M,20~29,office,seoul,0,0,0,0,11,0,0,61,0,0,completed
2334,U2334,2025-08-20 11:30:00,2025-08-20 11:32:00,F,20~29,office,seoul,0,0,0,0,13,0,0,75,0,0,completed
2335,U2335,2025-07-26 22:56:00,2025-07-26 22:58:00,F,30~39,office,seoul,1,0,0,0,12,0,0,45,0,0,abandoned
2336,U2336,2025-07-06 14:55:00,2025-07-06 14:59:00,F,20~29,office,seoul,1,0,0,0,13,0,0,65,0,0,completed
2337,U2337,2025-12-21 16:10:00,2025-12-21 16:17:00,F,30~39,office,seoul,1,0,0,0,4,0,0,25,0,0,completed
2338,U2338,2025-03-26 07:14:00,2025-03-26 07:16:00,M,30~39,office,seoul,0,0,0,0,25,0,0,64,0,0,completed
2339,U2339,2025-03-30 19:49:00,2025-03-30 19:52:00,F,30~39,office,seoul,1,0,0,0,4,0,0,18,0,0,abandoned
2340,U2340,2025-06-06 16:36:00,2025-06-06 16:38:00,M,20~29,office,seoul,0,0,0,0,14,0,0,22,0,0,completed
2341,U2341,2025-10-10 07:59:00,2025-10-10 08:03:00,M,20~29,office,seoul,0,0,0,0,10,0,0,37,0,0,completed
2342,U2342,2025-09-23 16:23:00,2025-09-23 16:26:00,M,20~29,office,seoul,0,0,0,0,14,0,0,17,0,0,completed
2343,U2343,2025-12-02 18:36:00,2025-12-02 18:38:00,M,20~29,office,seoul,0,0,0,0,25,0,0,13,0,0,error
2344,U2344,2025-10-06 13:19:00,2025-10-06 13:25:00,F,50+,office,seoul,0,0,0,0,14,0,0,67,0,0,completed
2345,U2345,2025-08-04 15:51:00,2025-08-04 15:55:00,F,20~29,office,seoul,0,0,0,0,8,0,0,17,0,0,completed
2346,U2346,2025-01-05 11:35:00,2025-01-05 11:41:00,M,30~39,office,seoul,1,0,0,0,14,0,0,65,0,0,completed
2347,U2347,2025-10-07 19:16:00,2025-10-07 19:21:00,M,20~29,office,seoul,0,0,0,0,21,0,0,28,0,0,completed
2348,U2348,2025-12-25 11:18:00,2025-12-25 11:21:00,F,30~39,office,seoul,0,0,0,0,27,0,0,74,0,0,completed
2349,U2349,2025-11-02 14:35:00,2025-11-02 14:42:00,F,50+,office,seoul,1,0,0,0,8,0,0,45,1,0,completed
2350,U2350,2025-03-11 09:38:00,2025-03-11 09:41:00,F,50+,office,seoul,0,0,0,0,21,0,0,76,0,0,completed
2351,U2351,2025-01-29 08:58:00,2025-01-29 09:03:00,F,30~39,office,seoul,0,0,0,0,17,0,0,45,0,0,completed
2352,U2352,2025-02-25 17:33:00,2025-02-25 17:40:00,F,30~39,office,seoul,0,0,0,0,2,0,0,29,0,0,completed
2353,U2353,2025-05-08 17:49:00,2025-05-08 17:52:00,F,20~29,office,seoul,0,0,0,0,20,0,0,14,0,0,completed
2354,U2354,2025-07-28 14:26:00,2025-07-28 14:30:00,M,40~49,office,seoul,0,0,0,0,13,0,0,28,0,0,completed
2355,U2355,2025-05-22 18:57:00,2025-05-22 19:01:00,F,20~29,office,seoul,0,0,0,0,3,0,0,48,0,0,completed
2356,U2356,2025-02-13 12:14:00,2025-02-13 12:17:00,F,50+,office,seoul,0,0,0,0,11,0,0,38,0,0,timeout
2357,U2357,2025-08-13 09:54:00,2025-08-13 09:57:00,M,50+,office,seoul,0,0,0,0,23,0,0,22,0,0,completed
2358,U2358,2025-04-18 15:46:00,2025-04-18 15:49:00,F,40~49,office,seoul,0,0,0,0,10,0,0,13,1,0,completed
2359,U2359,2025-10-30 13:05:00,2025-10-30 13:10:00,F,20~29,office,seoul,0,0,0,0,25,0,0,66,0,0,completed
2360,U2360,2025-02-28 14:02:00,2025-02-28 14:04:00,F,40~49,office,seoul,0,0,0,0,3,0,0,66,0,0,completed
2361,U2361,2025-08-10 17:53:00,2025-08-10 18:00:00,F,20~29,office,seoul,1,0,0,0,11,0,0,33,0,0,completed
2362,U2362,2025-09-27 15:41:00,2025-09-27 15:44:00,M,20~29,office,seoul,1,0,0,0,22,0,0,43,0,0,completed
2363,U2363,2025-10-20 09:10:00,2025-10-20 09:14:00,F,30~39,office,seoul,0,0,0,0,11,0,0,69,0,0,completed
2364,U2364,2025-03-27 14:53:00,2025-03-27 14:57:00,F,40~49,office,seoul,0,0,0,0,0,0,0,59,0,0,completed
2365,U2365,2025-07-30 13:50:00,2025-07-30 13:54:00,M,30~39,office,seoul,0,0,0,0,17,0,0,25,0,0,completed
2366,U2366,2025-12-14 13:25:00,2025-12-14 13:30:00,M,30~39,office,seoul,1,0,0,0,26,0,0,79,0,0,completed
2367,U2367,2025-09-09 09:52:00,2025-09-09 09:57:00,F,20~29,office,seoul,0,0,0,0,13,0,0,54,0,0,completed
2368,U2368,2025-10-31 13:23:00,2025-10-31 13:28:00,F,50+,office,seoul,0,0,0,0,17,0,0,17,1,0,completed
2369,U2369,2025-06-22 12:07:00,2025-06-22 12:10:00,F,20~29,office,seoul,1,0,0,0,7,0,0,72,0,0,completed
2370,U2370,2025-12-06 08:20:00,2025-12-06 08:22:00,F,30~39,office,seoul,1,0,0,0,19,0,0,10,0,1,completed
2371,U2371,2025-02-05 15:50:00,2025-02-05 15:55:00,M,50+,office,seoul,0,0,0,0,29,0,0,36,0,0,completed
2372,U2372,2025-05-27 16:58:00,2025-05-27 17:05:00,F,20~29,office,seoul,0,0,0,0,5,0,0,64,0,0,completed
2373,U2373,2025-01-27 21:20:00,2025-01-27 21:22:00,M,30~39,office,seoul,0,0,0,0,4,0,0,30,0,0,error
2374,U2374,2025-06-30 11:49:00,2025-06-30 11:52:00,F,30~39,office,seoul,0,0,0,0,24,0,0,11,0,0,completed
2375,U2375,2025-04-22 15:16:00,2025-04-22 15:23:00,F,30~39,office,seoul,0,0,0,0,28,0,0,28,0,0,completed
2376,U2376,2025-01-02 07:35:00,2025-01-02 07:41:00,M,30~39,office,seoul,0,0,0,0,22,0,0,67,1,0,timeout
2377,U2377,2025-02-23 16:53:00,2025-02-23 16:59:00,F,30~39,office,seoul,1,0,0,0,16,0,0,76,0,0,completed
2378,U2378,2025-09-22 14:14:00,2025-09-22 14:20:00,F,50+,office,seoul,0,0,0,0,27,0,0,60,0,0,completed
2379,U2379,2025-04-13 13:57:00,2025-04-13 14:03:00,M,30~39,office,seoul,1,0,0,0,18,0,0,14,0,0,error
2380,U2380,2025-10-06 09:29:00,2025-10-06 09:36:00,M,30~39,office,seoul,0,0,0,0,8,0,0,67,0,0,completed
2381,U2381,2025-10-05 14:20:00,2025-10-05 14:25:00,F,40~49,office,seoul,1,0,0,0,11,0,0,42,0,0,completed
2382,U2382,2025-03-20 17:32:00,2025-03-20 17:36:00,F,20~29,office,seoul,0,0,0,0,29,0,0,12,0,0,completed
2383,U2383,2025-05-13 16:08:00,2025-05-13 16:13:00,F,30~39,office,seoul,0,0,0,0,22,0,0,39,0,0,completed
2384,U2384,2025-10-01 08:51:00,2025-10-01 08:55:00,F,40~49,office,seoul,0,0,0,0,10,0,0,16,0,0,completed
2385,U2385,2025-11-02 08:29:00,2025-11-02 08:34:00,F,20~29,office,seoul,1,0,0,0,16,0,0,18,0,0,completed
2386,U2386,2025-06-17 09:56:00,2025-06-17 10:01:00,F,30~39,office,seoul,0,0,0,0,5,0,0,36,0,0,completed
2387,U2387,2025-08-15 09:51:00,2025-08-15 09:58:00,M,50+,office,seoul,0,0,0,0,19,0,0,18,1,0,completed
2388,U2388,2025-02-16 17:33:00,2025-02-16 17:37:00,F,40~49,office,seoul,1,0,0,0,28,0,0,46,0,0,completed
2389,U2389,2025-03-18 08:22:00,2025-03-18 08:24:00,F,50+,office,seoul,0,0,0,0,8,0,0,54,0,0,completed
2390,U2390,2025-09-08 09:49:00,2025-09-08 09:55:00,M,20~29,office,seoul,0,0,0,0,25,0,0,38,0,0,completed
2391,U2391,2025-07-06 09:42:00,2025-07-06 09:46:00,F,50+,office,seoul,1,0,0,0,7,0,0,21,0,0,completed
2392,U2392,2025-04-14 16:44:00,2025-04-14 16:51:00,M,30~39,office,seoul,0,0,0,0,12,0,0,67,0,0,error
2393,U2393,2025-01-13 19:42:00,2025-01-13 19:44:00,F,30~39,office,seoul,0,0,0,0,0,0,0,58,0,0,completed
2394,U2394,2025-02-02 11:12:00,2025-02-02 11:17:00,M,20~29,office,seoul,1,0,0,0,22,0,0,22,0,0,completed
2395,U2395,2025-12-29 09:47:00,2025-12-29 09:49:00,F,30~39,office,seoul,0,0,0,0,4,0,0,30,0,0,completed
2396,U2396,2025-01-21 08:50:00,2025-01-21 08:55:00,F,20~29,office,seoul,0,0,0,0,28,0,0,34,0,0,completed
2397,U2397,2025-12-06 13:09:00,2025-12-06 13:11:00,F,50+,office,seoul,1,0,0,0,4,0,0,57,0,0,completed
2398,U2398,2025-10-05 09:11:00,2025-10-05 09:13:00,M,20~29,office,seoul,1,0,0,0,18,0,0,15,0,0,completed
2399,U2399,2025-03-08 21:43:00,2025-03-08 21:45:00,M,20~29,office,seoul,1,0,0,0,10,0,0,56,0,0,completed
2400,U2400,2025-06-13 18:22:00,2025-06-13 18:24:00,F,50+,office,seoul,0,0,0,0,9,0,0,38,0,0,completed
2401,U2401,2025-04-05 14:44:00,2025-04-05 14:50:00,M,20~29,office,seoul,1,0,0,0,12,0,0,33,0,0,completed
2402,U2402,2025-09-16 14:25:00,2025-09-16 14:32:00,F,50+,office,seoul,0,0,0,0,1,0,0,60,0,0,error
2403,U2403,2025-10-30 12:10:00,2025-10-30 12:13:00,F,30~39,office,seoul,0,0,0,0,5,0,0,72,0,0,completed
2404,U2404,2025-08-28 14:56:00,2025-08-28 15:01:00,M,30~39,office,seoul,0,0,0,0,26,0,0,56,0,0,error
2405,U2405,2025-05-10 15:03:00,2025-05-10 15:10:00,M,20~29,office,seoul,1,0,0,0,19,0,0,70,0,0,timeout
2406,U2406,2025-09-22 13:32:00,2025-09-22 13:37:00,F,40~49,office,seoul,0,0,0,0,22,0,0,57,0,0,completed
2407,U2407,2025-02-10 09:40:00,2025-02-10 09:44:00,M,40~49,office,seoul,0,0,0,0,20,0,0,29,0,0,completed
2408,U2408,2025-12-20 12:14:00,2025-12-20 12:21:00,F,20~29,office,seoul,1,0,0,0,2,0,0,21,0,0,completed
2409,U2409,2025-03-25 21:03:00,2025-03-25 21:08:00,F,50+,office,seoul,0,0,0,0,26,0,0,48,0,0,completed
2410,U2410,2025-01-01 13:08:00,2025-01-01 13:11:00,M,20~29,office,seoul,0,0,0,0,28,0,0,59,0,0,completed
2411,U2411,2025-01-18 16:10:00,2025-01-18 16:16:00,F,30~39,office,seoul,1,0,0,0,26,0,0,21,0,0,completed
2412,U2412,2025-09-01 12:21:00,2025-09-01 12:24:00,F,20~29,office,seoul,0,0,0,0,2,0,0,45,0,0,abandoned
2413,U2413,2025-10-13 13:59:00,2025-10-13 14:05:00,M,30~39,office,seoul,0,0,0,0,9,0,0,51,0,0,completed
2414,U2414,2025-11-13 15:37:00,2025-11-13 15:44:00,M,20~29,office,seoul,0,0,0,0,18,0,0,47,0,0,completed
2415,U2415,2025-04-24 15:17:00,2025-04-24 15:19:00,M,20~29,office,seoul,0,0,0,0,0,0,0,41,0,0,completed
2416,U2416,2025-03-11 16:59:00,2025-03-11 17:06:00,F,50+,office,seoul,0,0,0,0,5,0,0,77,0,0,completed
2417,U2417,2025-07-11 17:35:00,2025-07-11 17:39:00,F,50+,office,seoul,0,0,0,0,19,0,0,28,0,0,abandoned
2418,U2418,2025-05-04 13:11:00,2025-05-04 13:14:00,F,20~29,office,seoul,1,0,0,0,24,0,0,45,0,0,completed
2419,U2419,2025-12-19 19:53:00,2025-12-19 19:55:00,M,40~49,office,seoul,0,0,0,0,26,0,0,23,0,0,abandoned
2420,U2420,2025-08-08 09:37:00,2025-08-08 09:39:00,F,50+,office,seoul,0,0,0,0,16,0,0,32,1,0,completed
2421,U2421,2025-10-11 07:35:00,2025-10-11 07:39:00,F,40~49,office,seoul,1,0,0,0,5,0,0,10,0,0,completed
2422,U2422,2025-08-13 17:17:00,2025-08-13 17:19:00,F,20~29,office,seoul,0,0,0,0,2,0,0,23,0,0,abandoned
2423,U2423,2025-08-29 22:13:00,2025-08-29 22:15:00,F,40~49,office,seoul,0,0,0,0,17,0,0,17,0,0,completed
2424,U2424,2025-09-08 14:54:00,2025-09-08 14:57:00,F,20~29,office,seoul,0,0,0,0,26,0,0,41,0,0,completed
2425,U2425,2025-05-19 14:28:00,2025-05-19 14:35:00,F,20~29,office,seoul,0,0,0,0,3,0,0,73,0,0,completed
2426,U2426,2025-04-20 08:52:00,2025-04-20 08:54:00,M,20~29,office,seoul,1,0,0,0,4,0,0,14,0,0,completed
2427,U2427,2025-10-30 18:37:00,2025-10-30 18:40:00,F,20~29,office,seoul,0,0,0,0,23,0,0,25,0,0,completed
2428,U2428,2025-09-27 19:36:00,2025-09-27 19:42:00,M,40~49,office,seoul,1,0,0,0,23,0,0,61,0,0,completed
2429,U2429,2025-01-31 09:16:00,2025-01-31 09:20:00,M,30~39,office,seoul,0,0,0,0,12,0,0,38,0,0,completed
2430,U2430,2025-05-29 12:05:00,2025-05-29 12:12:00,F,20~29,office,seoul,0,0,0,0,15,0,0,36,0,0,completed
2431,U2431,2025-09-03 12:00:00,2025-09-03 12:05:00,F,30~39,office,seoul,0,0,0,0,19,0,0,55,0,0,completed
2432,U2432,2025-05-15 16:01:00,2025-05-15 16:08:00,F,20~29,office,seoul,0,0,0,0,19,0,0,73,0,0,completed
2433,U2433,2025-11-12 17:25:00,2025-11-12 17:28:00,F,40~49,office,seoul,0,0,0,0,7,0,0,34,0,0,completed
2434,U2434,2025-04-07 16:27:00,2025-04-07 16:31:00,F,20~29,office,seoul,0,0,0,0,18,0,0,27,0,0,completed
2435,U2435,2025-10-17 22:43:00,2025-10-17 22:46:00,M,30~39,office,seoul,0,0,0,0,26,0,0,46,0,0,completed
2436,U2436,2025-01-11 19:46:00,2025-01-11 19:48:00,F,20~29,office,seoul,1,0,0,0,14,0,0,37,0,0,completed
2437,U2437,2025-06-20 09:11:00,2025-06-20 09:13:00,M,20~29,office,seoul,0,0,0,0,10,0,0,18,0,0,completed
2438,U2438,2025-04-29 09:40:00,2025-04-29 09:45:00,F,30~39,office,seoul,0,0,0,0,14,0,0,18,0,0,completed
2439,U2439,2025-09-27 11:08:00,2025-09-27 11:15:00,F,40~49,office,seoul,1,0,0,0,8,0,0,54,0,0,abandoned
2440,U2440,2025-11-28 13:14:00,2025-11-28 13:17:00,F,50+,office,seoul,0,0,0,0,8,0,0,47,1,0,completed
2441,U2441,2025-07-12 22:09:00,2025-07-12 22:13:00,F,40~49,office,seoul,1,0,0,0,13,0,0,18,0,0,completed
2442,U2442,2025-05-23 09:20:00,2025-05-23 09:27:00,M,30~39,office,seoul,0,0,0,0,14,0,0,77,0,0,completed
2443,U2443,2025-10-30 16:35:00,2025-10-30 16:37:00,F,30~39,office,seoul,0,0,0,0,14,0,0,56,0,0,timeout
2444,U2444,2025-02-22 08:19:00,2025-02-22 08:25:00,F,20~29,office,seoul,1,0,0,0,6,0,0,17,0,0,completed
2445,U2445,2025-04-18 13:12:00,2025-04-18 13:14:00,F,40~49,office,seoul,0,0,0,0,28,0,0,75,0,0,completed
2446,U2446,2025-07-23 13:07:00,2025-07-23 13:12:00,M,20~29,office,seoul,0,0,0,0,4,0,0,35,0,0,completed
2447,U2447,2025-02-19 15:28:00,2025-02-19 15:30:00,F,20~29,office,seoul,0,0,0,0,23,0,0,77,0,0,completed
2448,U2448,2025-06-05 14:35:00,2025-06-05 14:40:00,F,20~29,office,seoul,0,0,0,0,20,0,0,28,0,0,completed
2449,U2449,2025-09-27 09:07:00,2025-09-27 09:12:00,M,20~29,office,seoul,1,0,0,0,4,0,0,69,0,0,completed
2450,U2450,2025-12-09 08:14:00,2025-12-09 08:16:00,M,40~49,office,seoul,0,0,0,0,7,0,0,41,0,0,completed
2451,U2451,2025-10-03 15:31:00,2025-10-03 15:33:00,M,30~39,office,seoul,0,0,0,0,28,0,0,37,0,0,completed
2452,U2452,2025-11-12 09:20:00,2025-11-12 09:24:00,F,20~29,office,seoul,0,0,0,0,18,0,0,71,0,0,completed
2453,U2453,2025-12-29 14:01:00,2025-12-29 14:08:00,F,20~29,office,seoul,0,0,0,0,5,0,0,22,0,0,error
2454,U2454,2025-08-20 15:46:00,2025-08-20 15:50:00,M,30~39,office,seoul,0,0,0,0,8,0,0,28,0,0,completed
2455,U2455,2025-10-30 16:55:00,2025-10-30 17:00:00,F,20~29,office,seoul,0,0,0,0,9,0,0,55,0,0,completed
2456,U2456,2025-02-23 16:33:00,2025-02-23 16:35:00,F,20~29,office,seoul,1,0,0,0,11,0,0,64,0,0,completed
2457,U2457,2025-05-15 12:46:00,2025-05-15 12:50:00,F,40~49,office,seoul,0,0,0,0,22,0,0,32,0,0,timeout
2458,U2458,2025-08-04 12:30:00,2025-08-04 12:32:00,F,50+,office,seoul,0,0,0,0,1,0,0,39,0,0,completed
2459,U2459,2025-07-17 18:01:00,2025-07-17 18:06:00,F,30~39,office,seoul,0,0,0,0,6,0,0,78,0,0,completed
2460,U2460,2025-02-15 08:15:00,2025-02-15 08:20:00,F,40~49,office,seoul,1,0,0,0,25,0,0,51,0,0,completed
2461,U2461,2025-11-28 09:59:00,2025-11-28 10:01:00,M,20~29,office,seoul,0,0,0,0,17,0,0,10,0,0,completed
2462,U2462,2025-11-20 11:27:00,2025-11-20 11:34:00,M,50+,office,seoul,0,0,0,0,2,0,0,17,0,0,completed
2463,U2463,2025-02-05 11:41:00,2025-02-05 11:46:00,M,20~29,office,seoul,0,0,0,0,24,0,0,20,0,0,completed
2464,U2464,2025-12-04 11:59:00,2025-12-04 12:01:00,F,20~29,office,seoul,0,0,0,0,9,0,0,65,0,0,completed
2465,U2465,2025-02-13 20:51:00,2025-02-13 20:55:00,F,50+,office,seoul,0,0,0,0,15,0,0,21,0,0,completed
2466,U2466,2025-08-22 07:59:00,2025-08-22 08:01:00,M,40~49,office,seoul,0,0,0,0,8,0,0,65,0,0,completed
2467,U2467,2025-06-04 16:21:00,2025-06-04 16:23:00,F,40~49,office,seoul,0,0,0,0,4,0,0,28,0,0,completed
2468,U2468,2025-05-17 08:23:00,2025-05-17 08:30:00,M,20~29,office,seoul,1,0,0,0,5,0,0,57,0,0,completed
2469,U2469,2025-12-26 13:02:00,2025-12-26 13:09:00,F,40~49,office,seoul,0,0,0,0,25,0,0,43,0,0,completed
2470,U2470,2025-03-23 16:16:00,2025-03-23 16:21:00,F,20~29,office,seoul,1,0,0,0,21,0,0,46,0,0,timeout
2471,U2471,2025-08-29 17:55:00,2025-08-29 17:58:00,M,30~39,office,seoul,0,0,0,0,15,0,0,65,0,0,completed
2472,U2472,2025-07-28 08:02:00,2025-07-28 08:08:00,M,40~49,office,seoul,0,0,0,0,24,0,0,42,0,0,completed
2473,U2473,2025-08-15 12:33:00,2025-08-15 12:40:00,F,40~49,office,seoul,0,0,0,0,18,0,0,22,0,0,completed
2474,U2474,2025-10-12 09:03:00,2025-10-12 09:08:00,F,20~29,office,seoul,1,0,0,0,17,0,0,10,0,0,completed
2475,U2475,2025-12-02 12:53:00,2025-12-02 12:56:00,M,30~39,office,seoul,0,0,0,0,14,0,0,26,0,0,completed
2476,U2476,2025-10-25 08:36:00,2025-10-25 08:38:00,M,50+,office,seoul,1,0,0,0,12,0,0,79,0,0,completed
2477,U2477,2025-07-21 15:36:00,2025-07-21 15:43:00,F,40~49,office,seoul,0,0,0,0,23,0,0,28,0,0,abandoned
2478,U2478,2025-07-29 16:59:00,2025-07-29 17:02:00,F,30~39,office,seoul,0,0,0,0,2,0,0,72,0,0,completed
2479,U2479,2025-12-11 18:17:00,2025-12-11 18:24:00,F,20~29,office,seoul,0,0,0,0,2,0,0,42,0,0,error
2480,U2480,2025-04-21 11:45:00,2025-04-21 11:52:00,F,20~29,office,seoul,0,0,0,0,15,0,0,19,0,0,completed
2481,U2481,2025-02-24 13:26:00,2025-02-24 13:28:00,F,40~49,office,seoul,0,0,0,0,6,0,0,20,0,0,completed
2482,U2482,2025-12-30 08:47:00,2025-12-30 08:51:00,M,40~49,office,seoul,0,0,0,0,16,0,0,65,0,0,timeout
2483,U2483,2025-05-02 12:46:00,2025-05-02 12:51:00,F,20~29,office,seoul,0,0,0,0,5,0,0,51,0,1,completed
2484,U2484,2025-12-09 08:57:00,2025-12-09 09:02:00,F,30~39,office,seoul,0,0,0,0,1,0,0,48,0,0,completed
2485,U2485,2025-04-22 17:33:00,2025-04-22 17:39:00,M,30~39,office,seoul,0,0,0,0,17,0,0,46,0,0,completed
2486,U2486,2025-05-02 19:55:00,2025-05-02 20:02:00,M,40~49,office,seoul,0,0,0,0,17,0,0,24,0,0,completed
2487,U2487,2025-06-28 22:40:00,2025-06-28 22:45:00,F,30~39,office,seoul,1,0,0,0,9,0,0,27,1,0,completed
2488,U2488,2025-02-17 09:32:00,2025-02-17 09:34:00,F,20~29,office,seoul,0,0,0,0,10,0,0,60,0,0,completed
2489,U2489,2025-04-29 14:43:00,2025-04-29 14:46:00,F,20~29,office,seoul,0,0,0,0,11,0,0,18,0,0,abandoned
2490,U2490,2025-07-21 08:18:00,2025-07-21 08:21:00,F,40~49,office,seoul,0,0,0,0,29,0,0,23,0,0,completed
2491,U2491,2025-03-30 12:31:00,2025-03-30 12:33:00,F,20~29,office,seoul,1,0,0,0,1,0,0,13,0,0,completed
2492,U2492,2025-10-16 14:52:00,2025-10-16 14:54:00,F,20~29,office,seoul,0,0,0,0,0,0,0,64,1,0,completed
2493,U2493,2025-02-28 20:32:00,2025-02-28 20:38:00,F,30~39,office,seoul,0,0,0,0,6,0,0,68,0,0,completed
2494,U2494,2025-04-09 15:36:00,2025-04-09 15:38:00,M,30~39,office,seoul,0,0,0,0,3,0,0,54,0,0,completed
2495,U2495,2025-07-11 08:38:00,2025-07-11 08:40:00,F,30~39,office,seoul,0,0,0,0,7,0,0,23,0,0,completed
2496,U2496,2025-11-15 22:40:00,2025-11-15 22:44:00,M,50+,office,seoul,1,0,0,0,23,0,0,56,0,0,completed
2497,U2497,2025-06-03 15:18:00,2025-06-03 15:22:00,F,50+,office,seoul,0,0,0,0,13,0,0,53,1,0,completed
2498,U2498,2025-05-17 14:45:00,2025-05-17 14:49:00,M,40~49,office,seoul,1,0,0,0,10,0,0,76,0,0,completed
2499,U2499,2025-08-18 15:30:00,2025-08-18 15:37:00,M,30~39,office,seoul,0,0,0,0,21,0,0,69,0,0,completed
2500,U2500,2025-10-10 13:33:00,2025-10-10 13:36:00,M,50+,office,seoul,0,0,0,0,20,0,0,50,0,0,completed
2501,U2501,2025-02-03 19:47:00,2025-02-03 19:52:00,M,30~39,office,seoul,0,0,0,0,8,0,0,21,0,0,completed
2502,U2502,2025-01-20 09:51:00,2025-01-20 09:55:00,M,30~39,office,seoul,0,0,0,0,18,0,0,41,0,0,completed
2503,U2503,2025-08-28 12:17:00,2025-08-28 12:21:00,F,20~29,office,seoul,0,0,0,0,18,0,0,11,0,0,completed
2504,U2504,2025-11-26 12:39:00,2025-11-26 12:46:00,F,20~29,office,seoul,0,0,0,0,27,0,0,37,0,0,completed
2505,U2505,2025-05-15 19:45:00,2025-05-15 19:48:00,M,30~39,office,seoul,0,0,0,0,13,0,0,50,0,0,completed
2506,U2506,2025-04-04 13:50:00,2025-04-04 13:57:00,F,30~39,office,seoul,0,0,0,0,15,0,0,60,0,0,completed
2507,U2507,2025-07-24 16:45:00,2025-07-24 16:50:00,F,40~49,office,seoul,0,0,0,0,7,0,0,27,0,0,completed
2508,U2508,2025-09-05 18:08:00,2025-09-05 18:11:00,M,30~39,office,seoul,0,0,0,0,8,0,0,54,0,0,completed
2509,U2509,2025-05-23 07:46:00,2025-05-23 07:51:00,F,30~39,office,seoul,0,0,0,0,5,0,0,32,0,0,completed
2510,U2510,2025-01-10 08:36:00,2025-01-10 08:41:00,F,40~49,office,seoul,0,0,0,0,20,0,0,51,0,0,completed
2511,U2511,2025-08-11 12:04:00,2025-08-11 12:08:00,F,20~29,office,seoul,0,0,0,0,28,0,0,39,0,0,abandoned
2512,U2512,2025-10-19 16:05:00,2025-10-19 16:10:00,M,40~49,office,seoul,1,0,0,0,23,0,0,77,0,0,completed
2513,U2513,2025-10-22 11:00:00,2025-10-22 11:03:00,F,40~49,office,seoul,0,0,0,0,29,0,0,12,1,0,completed
2514,U2514,2025-10-16 08:54:00,2025-10-16 09:00:00,F,50+,office,seoul,0,0,0,0,3,0,0,33,0,0,completed
2515,U2515,2025-03-26 07:58:00,2025-03-26 08:05:00,M,30~39,office,seoul,0,0,0,0,1,0,0,79,0,0,abandoned
2516,U2516,2025-12-17 17:25:00,2025-12-17 17:31:00,M,40~49,office,seoul,0,0,0,0,21,0,0,36,0,0,completed
2517,U2517,2025-08-07 08:54:00,2025-08-07 08:56:00,F,30~39,office,seoul,0,0,0,0,21,0,0,10,0,0,completed
2518,U2518,2025-12-15 17:36:00,2025-12-15 17:39:00,M,20~29,office,seoul,0,0,0,0,10,0,0,71,0,0,timeout
2519,U2519,2025-04-09 14:36:00,2025-04-09 14:42:00,F,30~39,office,seoul,0,0,0,0,10,0,0,46,0,0,completed
2520,U2520,2025-04-16 12:11:00,2025-04-16 12:16:00,F,50+,office,seoul,0,0,0,0,6,0,0,70,0,0,completed
2521,U2521,2025-06-10 13:50:00,2025-06-10 13:53:00,F,40~49,office,seoul,0,0,0,0,4,0,0,52,0,0,completed
2522,U2522,2025-10-26 09:07:00,2025-10-26 09:14:00,M,40~49,office,seoul,1,0,0,0,6,0,0,35,0,0,completed
2523,U2523,2025-07-11 19:21:00,2025-07-11 19:23:00,F,50+,office,seoul,0,0,0,0,8,0,0,50,0,0,completed
2524,U2524,2025-03-14 12:10:00,2025-03-14 12:16:00,F,40~49,office,seoul,0,0,0,0,25,0,0,23,0,0,completed
2525,U2525,2025-07-28 14:00:00,2025-07-28 14:05:00,F,30~39,office,seoul,0,0,0,0,29,0,0,45,0,0,completed
2526,U2526,2025-07-22 19:53:00,2025-07-22 20:00:00,M,20~29,office,seoul,0,0,0,0,12,0,0,72,0,0,completed
2527,U2527,2025-05-22 17:28:00,2025-05-22 17:32:00,F,20~29,office,seoul,0,0,0,0,10,0,0,66,0,0,timeout
2528,U2528,2025-07-24 16:23:00,2025-07-24 16:28:00,F,20~29,office,seoul,0,0,0,0,16,0,0,45,0,0,completed
2529,U2529,2025-06-14 13:32:00,2025-06-14 13:39:00,F,50+,office,seoul,1,0,0,0,13,0,0,63,0,0,completed
2530,U2530,2025-05-14 19:21:00,2025-05-14 19:23:00,M,20~29,office,seoul,0,0,0,0,28,0,0,79,0,0,completed
2531,U2531,2025-05-01 15:32:00,2025-05-01 15:34:00,M,20~29,office,seoul,0,0,0,0,28,0,0,53,0,0,completed
2532,U2532,2025-10-11 22:45:00,2025-10-11 22:51:00,F,30~39,office,seoul,1,0,0,0,0,0,0,45,0,0,completed
2533,U2533,2025-08-03 16:18:00,2025-08-03 16:23:00,F,20~29,office,seoul,1,0,0,0,25,0,0,75,0,0,completed
2534,U2534,2025-06-10 17:33:00,2025-06-10 17:37:00,M,30~39,office,seoul,0,0,0,0,14,0,0,69,0,0,abandoned
2535,U2535,2025-10-08 19:46:00,2025-10-08 19:50:00,F,40~49,office,seoul,0,0,0,0,10,0,0,49,0,0,completed
2536,U2536,2025-10-16 17:42:00,2025-10-16 17:48:00,F,20~29,office,seoul,0,0,0,0,21,0,0,11,0,0,completed
2537,U2537,2025-10-15 19:11:00,2025-10-15 19:18:00,M,30~39,office,seoul,0,0,0,0,27,0,0,46,0,0,completed
2538,U2538,2025-03-24 09:50:00,2025-03-24 09:54:00,M,30~39,office,seoul,0,0,0,0,10,0,0,62,0,0,completed
2539,U2539,2025-11-16 09:36:00,2025-11-16 09:40:00,F,50+,office,seoul,1,0,0,0,14,0,0,52,1,0,completed
2540,U2540,2025-01-26 16:50:00,2025-01-26 16:53:00,M,30~39,office,seoul,1,0,0,0,7,0,0,66,0,0,timeout
2541,U2541,2025-06-07 07:15:00,2025-06-07 07:22:00,M,20~29,office,seoul,1,0,0,0,5,0,0,70,0,0,completed
2542,U2542,2025-04-25 21:49:00,2025-04-25 21:56:00,F,50+,office,seoul,0,0,0,0,28,0,0,51,0,0,completed
2543,U2543,2025-12-23 16:16:00,2025-12-23 16:22:00,F,40~49,office,seoul,0,0,0,0,11,0,0,43,0,0,completed
2544,U2544,2025-02-08 09:03:00,2025-02-08 09:09:00,M,40~49,office,seoul,1,0,0,0,9,0,0,10,0,0,completed
2545,U2545,2025-03-31 12:43:00,2025-03-31 12:48:00,F,30~39,office,seoul,0,0,0,0,8,0,0,64,0,0,completed
2546,U2546,2025-12-18 15:27:00,2025-12-18 15:33:00,F,30~39,office,seoul,0,0,0,0,9,0,0,57,0,0,completed
2547,U2547,2025-11-15 18:24:00,2025-11-15 18:29:00,F,20~29,office,seoul,1,0,0,0,29,0,0,74,0,0,completed
2548,U2548,2025-08-05 13:57:00,2025-08-05 14:03:00,M,50+,office,seoul,0,0,0,0,21,0,0,76,0,0,abandoned
2549,U2549,2025-04-17 12:37:00,2025-04-17 12:41:00,M,30~39,office,seoul,0,0,0,0,11,0,0,28,0,0,completed
2550,U2550,2025-11-22 16:49:00,2025-11-22 16:53:00,M,20~29,office,seoul,1,0,0,0,9,0,0,49,1,0,abandoned
2551,U2551,2025-09-24 16:31:00,2025-09-24 16:33:00,F,30~39,office,seoul,0,0,0,0,22,0,0,16,0,0,completed
2552,U2552,2025-09-28 14:23:00,2025-09-28 14:28:00,M,20~29,office,seoul,1,0,0,0,18,0,0,58,0,0,completed
2553,U2553,2025-04-24 18:22:00,2025-04-24 18:24:00,M,20~29,office,seoul,0,0,0,0,16,0,0,45,0,0,completed
2554,U2554,2025-05-08 18:49:00,2025-05-08 18:52:00,M,50+,office,seoul,0,0,0,0,0,0,0,79,0,0,completed
2555,U2555,2025-04-21 07:47:00,2025-04-21 07:51:00,M,30~39,office,seoul,0,0,0,0,25,0,0,43,0,0,completed
2556,U2556,2025-12-28 08:57:00,2025-12-28 09:02:00,M,30~39,office,seoul,1,0,0,0,10,0,0,36,0,0,completed
2557,U2557,2025-03-17 09:55:00,2025-03-17 09:59:00,F,20~29,office,seoul,0,0,0,0,22,0,0,49,0,0,completed
2558,U2558,2025-06-19 21:22:00,2025-06-19 21:28:00,F,30~39,office,seoul,0,0,0,0,7,0,0,55,0,0,completed
2559,U2559,2025-07-01 16:45:00,2025-07-01 16:47:00,M,40~49,office,seoul,0,0,0,0,17,0,0,64,0,0,completed
2560,U2560,2025-09-18 12:27:00,2025-09-18 12:31:00,F,20~29,office,seoul,0,0,0,0,11,0,0,50,0,0,completed
2561,U2561,2025-05-18 12:36:00,2025-05-18 12:43:00,F,20~29,office,seoul,1,0,0,0,21,0,0,38,0,0,completed
2562,U2562,2025-04-17 14:19:00,2025-04-17 14:22:00,F,20~29,office,seoul,0,0,0,0,9,0,0,44,0,1,timeout
2563,U2563,2025-01-12 16:33:00,2025-01-12 16:38:00,F,50+,office,seoul,1,0,0,0,11,0,0,30,0,1,completed
2564,U2564,2025-12-19 14:47:00,2025-12-19 14:49:00,F,50+,office,seoul,0,0,0,0,14,0,0,26,1,0,completed
2565,U2565,2025-04-28 18:10:00,2025-04-28 18:13:00,M,50+,office,seoul,0,0,0,0,23,0,0,45,0,0,completed
2566,U2566,2025-03-28 21:13:00,2025-03-28 21:17:00,F,40~49,office,seoul,0,0,0,0,15,0,0,44,0,0,completed
2567,U2567,2025-11-10 08:31:00,2025-11-10 08:36:00,F,30~39,office,seoul,0,0,0,0,0,0,0,68,0,0,completed
2568,U2568,2025-04-07 11:41:00,2025-04-07 11:45:00,F,30~39,office,seoul,0,0,0,0,10,0,0,48,0,0,completed
2569,U2569,2025-08-02 12:02:00,2025-08-02 12:06:00,M,50+,office,seoul,1,0,0,0,27,0,0,38,0,0,completed
2570,U2570,2025-07-18 18:17:00,2025-07-18 18:22:00,M,50+,office,seoul,0,0,0,0,6,0,0,60,0,0,completed
2571,U2571,2025-04-02 21:02:00,2025-04-02 21:09:00,F,30~39,office,seoul,0,0,0,0,23,0,0,34,0,0,completed
2572,U2572,2025-05-28 17:30:00,2025-05-28 17:35:00,F,40~49,office,seoul,0,0,0,0,25,0,0,68,0,0,completed
2573,U2573,2025-10-21 15:03:00,2025-10-21 15:08:00,F,50+,office,seoul,0,0,0,0,8,0,0,40,0,0,completed
2574,U2574,2025-10-19 13:26:00,2025-10-19 13:32:00,M,20~29,office,seoul,1,0,0,0,17,0,0,62,0,0,completed
2575,U2575,2025-07-01 20:08:00,2025-07-01 20:13:00,M,40~49,office,seoul,0,0,0,0,18,0,0,55,0,0,completed
2576,U2576,2025-11-27 12:50:00,2025-11-27 12:55:00,M,20~29,office,seoul,0,0,0,0,18,0,0,62,0,0,completed
2577,U2577,2025-04-07 18:09:00,2025-04-07 18:16:00,F,40~49,office,seoul,0,0,0,0,18,0,0,47,0,0,completed
2578,U2578,2025-09-22 14:33:00,2025-09-22 14:39:00,F,30~39,office,seoul,0,0,0,0,26,0,0,42,0,0,completed
2579,U2579,2025-07-28 18:24:00,2025-07-28 18:30:00,F,30~39,office,seoul,0,0,0,0,9,0,0,21,0,0,abandoned
2580,U2580,2025-10-24 13:55:00,2025-10-24 14:01:00,F,20~29,office,seoul,0,0,0,0,27,0,0,68,0,0,completed
2581,U2581,2025-11-23 16:27:00,2025-11-23 16:32:00,F,40~49,office,seoul,1,0,0,0,27,0,0,27,1,0,completed
2582,U2582,2025-03-19 20:46:00,2025-03-19 20:51:00,F,20~29,office,seoul,0,0,0,0,17,0,0,47,0,0,timeout
2583,U2583,2025-11-19 16:11:00,2025-11-19 16:14:00,M,50+,office,seoul,0,0,0,0,3,0,0,68,0,0,completed
2584,U2584,2025-03-27 09:45:00,2025-03-27 09:51:00,M,20~29,office,seoul,0,0,0,0,18,0,0,46,0,0,completed
2585,U2585,2025-04-28 12:17:00,2025-04-28 12:22:00,F,20~29,office,seoul,0,0,0,0,26,0,0,17,0,0,completed
2586,U2586,2025-07-15 13:39:00,2025-07-15 13:42:00,M,20~29,office,seoul,0,0,0,0,7,0,0,69,0,0,completed
2587,U2587,2025-01-06 21:45:00,2025-01-06 21:51:00,M,30~39,office,seoul,0,0,0,0,9,0,0,70,0,0,completed
2588,U2588,2025-05-23 09:46:00,2025-05-23 09:52:00,F,50+,office,seoul,0,0,0,0,17,0,0,24,0,0,completed
2589,U2589,2025-08-02 20:39:00,2025-08-02 20:43:00,F,30~39,office,seoul,1,0,0,0,19,0,0,76,0,0,completed
2590,U2590,2025-12-10 18:00:00,2025-12-10 18:03:00,F,20~29,office,seoul,0,0,0,0,20,0,0,33,0,0,completed
2591,U2591,2025-01-02 13:17:00,2025-01-02 13:19:00,M,30~39,office,seoul,0,0,0,0,13,0,0,17,0,0,completed
2592,U2592,2025-01-16 07:44:00,2025-01-16 07:51:00,F,40~49,office,seoul,0,0,0,0,23,0,0,76,0,0,completed
2593,U2593,2025-11-04 13:43:00,2025-11-04 13:50:00,F,30~39,office,seoul,0,0,0,0,16,0,0,29,0,0,completed
2594,U2594,2025-12-03 16:36:00,2025-12-03 16:41:00,F,20~29,office,seoul,0,0,0,0,29,0,0,68,0,0,completed
2595,U2595,2025-11-30 14:40:00,2025-11-30 14:47:00,M,30~39,office,seoul,1,0,0,0,24,0,0,49,0,0,completed
2596,U2596,2025-11-07 16:52:00,2025-11-07 16:58:00,M,30~39,office,seoul,0,0,0,0,18,0,0,22,0,0,completed
2597,U2597,2025-03-07 13:11:00,2025-03-07 13:17:00,M,30~39,office,seoul,0,0,0,0,22,0,0,24,0,0,completed
2598,U2598,2025-05-11 15:41:00,2025-05-11 15:43:00,F,20~29,office,seoul,1,0,0,0,13,0,0,33,0,0,abandoned
2599,U2599,2025-08-07 13:23:00,2025-08-07 13:26:00,F,50+,office,seoul,0,0,0,0,26,0,0,39,1,1,abandoned
2600,U2600,2025-10-12 12:25:00,2025-10-12 12:27:00,M,20~29,office,seoul,1,0,0,0,3,0,0,49,0,0,completed
2601,U2601,2025-04-12 15:35:00,2025-04-12 15:39:00,M,40~49,office,seoul,1,0,0,0,27,0,0,47,0,0,completed
2602,U2602,2025-12-12 13:28:00,2025-12-12 13:32:00,F,50+,office,seoul,0,0,0,0,20,0,0,12,0,1,completed
2603,U2603,2025-12-15 14:55:00,2025-12-15 14:59:00,F,40~49,office,seoul,0,0,0,0,2,0,0,30,0,0,completed
2604,U2604,2025-03-10 14:36:00,2025-03-10 14:41:00,M,30~39,office,seoul,0,0,0,0,27,0,0,58,0,0,completed
2605,U2605,2025-08-21 13:44:00,2025-08-21 13:46:00,M,20~29,office,seoul,0,0,0,0,9,0,0,32,0,0,completed
2606,U2606,2025-01-23 11:10:00,2025-01-23 11:15:00,M,20~29,office,seoul,0,0,0,0,25,0,0,15,0,0,completed
2607,U2607,2025-06-06 08:24:00,2025-06-06 08:29:00,F,20~29,office,seoul,0,0,0,0,24,0,0,79,0,0,completed
2608,U2608,2025-08-04 12:20:00,2025-08-04 12:24:00,F,30~39,office,seoul,0,0,0,0,4,0,0,37,0,0,completed
2609,U2609,2025-11-20 07:18:00,2025-11-20 07:25:00,F,30~39,office,seoul,0,0,0,0,29,0,0,13,0,0,completed
2610,U2610,2025-11-18 15:51:00,2025-11-18 15:53:00,F,40~49,office,seoul,0,0,0,0,2,0,0,75,0,0,completed
2611,U2611,2025-02-16 21:07:00,2025-02-16 21:11:00,M,20~29,office,seoul,1,0,0,0,13,0,0,54,0,0,completed
2612,U2612,2025-06-08 15:09:00,2025-06-08 15:12:00,F,50+,office,seoul,1,0,0,0,15,0,0,64,0,0,completed
2613,U2613,2025-11-27 20:39:00,2025-11-27 20:46:00,M,50+,office,seoul,0,0,0,0,19,0,0,72,0,0,completed
2614,U2614,2025-07-14 09:20:00,2025-07-14 09:24:00,M,20~29,office,seoul,0,0,0,0,24,0,0,29,0,0,completed
2615,U2615,2025-07-22 14:56:00,2025-07-22 15:02:00,M,50+,office,seoul,0,0,0,0,12,0,0,62,0,0,completed
2616,U2616,2025-10-08 15:42:00,2025-10-08 15:47:00,F,20~29,office,seoul,0,0,0,0,12,0,0,38,0,0,completed
2617,U2617,2025-06-03 16:40:00,2025-06-03 16:46:00,F,20~29,office,seoul,0,0,0,0,13,0,0,51,0,0,completed
2618,U2618,2025-09-11 16:53:00,2025-09-11 16:55:00,M,20~29,office,seoul,0,0,0,0,22,0,0,23,0,0,completed
2619,U2619,2025-11-24 11:49:00,2025-11-24 11:53:00,M,20~29,office,seoul,0,0,0,0,22,0,0,25,0,0,error
2620,U2620,2025-09-02 15:55:00,2025-09-02 15:59:00,M,20~29,office,seoul,0,0,0,0,7,0,0,58,0,0,completed
2621,U2621,2025-10-09 08:56:00,2025-10-09 09:03:00,F,20~29,office,seoul,0,0,0,0,2,0,0,79,0,0,completed
2622,U2622,2025-06-29 13:35:00,2025-06-29 13:38:00,M,40~49,office,seoul,1,0,0,0,5,0,0,74,1,0,completed
2623,U2623,2025-03-20 20:59:00,2025-03-20 21:05:00,F,30~39,office,seoul,0,0,0,0,13,0,0,59,0,0,completed
2624,U2624,2025-12-15 16:06:00,2025-12-15 16:10:00,F,30~39,office,seoul,0,0,0,0,21,0,0,58,0,0,completed
2625,U2625,2025-10-10 07:59:00,2025-10-10 08:05:00,M,50+,office,seoul,0,0,0,0,4,0,0,62,0,0,completed
2626,U2626,2025-11-26 09:41:00,2025-11-26 09:46:00,F,40~49,office,seoul,0,0,0,0,3,0,0,18,0,0,timeout
2627,U2627,2025-09-14 12:39:00,2025-09-14 12:44:00,F,30~39,office,seoul,1,0,0,0,20,0,0,25,0,0,completed
2628,U2628,2025-06-08 19:37:00,2025-06-08 19:39:00,M,40~49,office,seoul,1,0,0,0,16,0,0,50,0,0,abandoned
2629,U2629,2025-04-08 11:07:00,2025-04-08 11:14:00,M,20~29,office,seoul,0,0,0,0,17,0,0,32,0,0,completed
2630,U2630,2025-05-27 16:21:00,2025-05-27 16:24:00,M,30~39,office,seoul,0,0,0,0,1,0,0,63,0,0,completed
2631,U2631,2025-04-20 09:37:00,2025-04-20 09:44:00,M,20~29,office,seoul,1,0,0,0,28,0,0,26,0,0,abandoned
2632,U2632,2025-02-21 07:19:00,2025-02-21 07:23:00,F,20~29,office,seoul,0,0,0,0,1,0,0,65,0,0,completed
2633,U2633,2025-06-21 07:41:00,2025-06-21 07:47:00,F,40~49,office,seoul,1,0,0,0,23,0,0,59,0,0,completed
2634,U2634,2025-05-06 14:40:00,2025-05-06 14:46:00,M,20~29,office,seoul,0,0,0,0,12,0,0,21,0,0,completed
2635,U2635,2025-10-07 08:59:00,2025-10-07 09:01:00,M,20~29,office,seoul,0,0,0,0,21,0,0,44,0,0,completed
2636,U2636,2025-03-29 15:53:00,2025-03-29 16:00:00,M,20~29,office,seoul,1,0,0,0,5,0,0,27,0,0,completed
2637,U2637,2025-12-05 08:31:00,2025-12-05 08:33:00,F,50+,office,seoul,0,0,0,0,14,0,0,73,0,0,completed
2638,U2638,2025-06-15 17:53:00,2025-06-15 17:55:00,M,40~49,office,seoul,1,0,0,0,19,0,0,53,0,0,completed
2639,U2639,2025-08-24 21:08:00,2025-08-24 21:14:00,M,50+,office,seoul,1,0,0,0,18,0,0,79,0,1,completed
2640,U2640,2025-08-21 07:33:00,2025-08-21 07:35:00,M,30~39,office,seoul,0,0,0,0,9,0,0,53,0,0,completed
2641,U2641,2025-10-20 09:31:00,2025-10-20 09:33:00,F,20~29,office,seoul,0,0,0,0,28,0,0,47,0,0,abandoned
2642,U2642,2025-08-23 09:37:00,2025-08-23 09:39:00,M,50+,office,seoul,1,0,0,0,3,0,0,24,0,0,completed
2643,U2643,2025-11-30 11:55:00,2025-11-30 11:57:00,F,30~39,office,seoul,1,0,0,0,18,0,0,32,0,0,completed
2644,U2644,2025-10-16 17:21:00,2025-10-16 17:27:00,M,50+,office,seoul,0,0,0,0,7,0,0,78,1,0,completed
2645,U2645,2025-07-22 08:59:00,2025-07-22 09:05:00,M,50+,office,seoul,0,0,0,0,15,0,0,46,0,0,completed
2646,U2646,2025-09-28 12:02:00,2025-09-28 12:04:00,F,20~29,office,seoul,1,0,0,0,0,0,0,39,0,0,completed
2647,U2647,2025-01-12 16:44:00,2025-01-12 16:48:00,M,30~39,office,seoul,1,0,0,0,25,0,0,40,0,0,completed
2648,U2648,2025-09-11 20:08:00,2025-09-11 20:15:00,F,30~39,office,seoul,0,0,0,0,0,0,0,64,0,0,completed
2649,U2649,2025-02-22 16:12:00,2025-02-22 16:14:00,M,30~39,office,seoul,1,0,0,0,8,0,0,77,0,0,completed
2650,U2650,2025-03-08 11:59:00,2025-03-08 12:02:00,M,20~29,office,seoul,1,0,0,0,4,0,0,43,0,0,completed
2651,U2651,2025-02-07 08:37:00,2025-02-07 08:44:00,F,40~49,office,seoul,0,0,0,0,8,0,0,69,0,0,completed
2652,U2652,2025-06-19 16:46:00,2025-06-19 16:52:00,F,30~39,office,seoul,0,0,0,0,13,0,0,31,0,0,completed
2653,U2653,2025-06-14 15:07:00,2025-06-14 15:13:00,M,20~29,office,seoul,1,0,0,0,27,0,0,40,0,0,completed
2654,U2654,2025-01-29 09:58:00,2025-01-29 10:03:00,M,50+,office,seoul,0,0,0,0,18,0,0,23,0,0,abandoned
2655,U2655,2025-09-21 17:55:00,2025-09-21 18:02:00,F,30~39,office,seoul,1,0,0,0,26,0,0,35,0,0,completed
2656,U2656,2025-10-17 18:33:00,2025-10-17 18:36:00,M,50+,office,seoul,0,0,0,0,7,0,0,47,0,0,completed
2657,U2657,2025-04-30 07:20:00,2025-04-30 07:25:00,M,50+,office,seoul,0,0,0,0,10,0,0,78,0,0,completed
2658,U2658,2025-08-12 12:17:00,2025-08-12 12:23:00,M,20~29,office,seoul,0,0,0,0,16,0,0,38,0,0,completed
2659,U2659,2025-12-25 14:03:00,2025-12-25 14:06:00,F,30~39,office,seoul,0,0,0,0,22,0,0,72,0,0,completed
2660,U2660,2025-02-27 15:59:00,2025-02-27 16:05:00,F,40~49,office,seoul,0,0,0,0,20,0,0,42,0,0,abandoned
2661,U2661,2025-10-25 18:41:00,2025-10-25 18:48:00,F,20~29,office,seoul,1,0,0,0,4,0,0,48,0,0,completed
2662,U2662,2025-06-08 12:38:00,2025-06-08 12:45:00,M,30~39,office,seoul,1,0,0,0,25,0,0,54,0,0,completed
2663,U2663,2025-02-22 16:13:00,2025-02-22 16:16:00,M,40~49,office,seoul,1,0,0,0,27,0,0,15,0,0,completed
2664,U2664,2025-05-06 16:17:00,2025-05-06 16:22:00,M,50+,office,seoul,0,0,0,0,20,0,0,17,1,0,completed
2665,U2665,2025-02-10 08:02:00,2025-02-10 08:09:00,F,30~39,office,seoul,0,0,0,0,29,0,0,79,0,0,completed
2666,U2666,2025-05-12 15:19:00,2025-05-12 15:23:00,F,20~29,office,seoul,0,0,0,0,19,0,0,65,0,0,timeout
2667,U2667,2025-01-21 14:15:00,2025-01-21 14:22:00,F,20~29,office,seoul,0,0,0,0,24,0,0,75,0,0,completed
2668,U2668,2025-05-25 09:06:00,2025-05-25 09:11:00,F,30~39,office,seoul,1,0,0,0,9,0,0,42,0,0,completed
2669,U2669,2025-09-20 15:28:00,2025-09-20 15:35:00,M,20~29,office,seoul,1,0,0,0,3,0,0,70,0,0,timeout
2670,U2670,2025-06-20 20:38:00,2025-06-20 20:44:00,M,40~49,office,seoul,0,0,0,0,14,0,0,37,0,0,completed
2671,U2671,2025-10-07 15:06:00,2025-10-07 15:08:00,M,20~29,office,seoul,0,0,0,0,26,0,0,41,0,0,completed
2672,U2672,2025-11-12 09:54:00,2025-11-12 10:00:00,F,40~49,office,seoul,0,0,0,0,8,0,0,59,0,0,completed
2673,U2673,2025-07-18 13:08:00,2025-07-18 13:14:00,F,40~49,office,seoul,0,0,0,0,29,0,0,17,0,0,completed
2674,U2674,2025-08-13 09:39:00,2025-08-13 09:41:00,M,20~29,office,seoul,0,0,0,0,24,0,0,33,0,0,abandoned
2675,U2675,2025-03-07 16:59:00,2025-03-07 17:06:00,F,30~39,office,seoul,0,0,0,0,18,0,0,31,0,0,completed
2676,U2676,2025-08-18 07:55:00,2025-08-18 08:00:00,F,40~49,office,seoul,0,0,0,0,29,0,0,61,0,0,completed
2677,U2677,2025-03-24 19:52:00,2025-03-24 19:55:00,F,20~29,office,seoul,0,0,0,0,21,0,0,71,0,0,completed
2678,U2678,2025-06-06 14:36:00,2025-06-06 14:38:00,F,40~49,office,seoul,0,0,0,0,23,0,0,76,0,0,completed
2679,U2679,2025-02-20 09:57:00,2025-02-20 10:03:00,F,40~49,office,seoul,0,0,0,0,22,0,0,21,0,0,completed
2680,U2680,2025-10-11 14:40:00,2025-10-11 14:44:00,F,40~49,office,seoul,1,0,0,0,16,0,0,65,0,0,completed
2681,U2681,2025-07-18 17:18:00,2025-07-18 17:23:00,M,30~39,office,seoul,0,0,0,0,28,0,0,68,0,0,completed
2682,U2682,2025-11-16 20:49:00,2025-11-16 20:56:00,F,30~39,office,seoul,1,0,0,0,18,0,0,23,0,0,completed
2683,U2683,2025-12-05 19:20:00,2025-12-05 19:25:00,F,30~39,office,seoul,0,0,0,0,24,0,0,14,0,0,completed
2684,U2684,2025-11-24 13:16:00,2025-11-24 13:20:00,M,20~29,office,seoul,0,0,0,0,26,0,0,47,0,0,completed
2685,U2685,2025-10-21 09:54:00,2025-10-21 10:00:00,F,20~29,office,seoul,0,0,0,0,2,0,0,77,0,0,completed
2686,U2686,2025-12-07 11:29:00,2025-12-07 11:35:00,F,20~29,office,seoul,1,0,0,0,13,0,0,41,0,0,completed
2687,U2687,2025-10-07 08:15:00,2025-10-07 08:19:00,F,40~49,office,seoul,0,0,0,0,7,0,0,29,0,0,timeout
2688,U2688,2025-09-09 15:55:00,2025-09-09 16:00:00,F,30~39,office,seoul,0,0,0,0,22,0,0,67,0,0,completed
2689,U2689,2025-11-21 18:01:00,2025-11-21 18:03:00,F,30~39,office,seoul,0,0,0,0,14,0,0,39,0,0,completed
2690,U2690,2025-12-24 19:33:00,2025-12-24 19:40:00,M,40~49,office,seoul,0,0,0,0,13,0,0,39,0,0,completed
2691,U2691,2025-10-27 08:10:00,2025-10-27 08:17:00,M,30~39,office,seoul,0,0,0,0,18,0,0,34,0,0,completed
2692,U2692,2025-09-07 08:03:00,2025-09-07 08:08:00,M,20~29,office,seoul,1,0,0,0,9,0,0,61,0,0,completed
2693,U2693,2025-01-03 15:20:00,2025-01-03 15:26:00,F,20~29,office,seoul,0,0,0,0,27,0,0,43,0,0,completed
2694,U2694,2025-05-31 08:16:00,2025-05-31 08:20:00,M,20~29,office,seoul,1,0,0,0,16,0,0,63,0,0,completed
2695,U2695,2025-01-17 12:49:00,2025-01-17 12:53:00,M,30~39,office,seoul,0,0,0,0,17,0,0,49,0,0,completed
2696,U2696,2025-10-22 17:22:00,2025-10-22 17:29:00,M,30~39,office,seoul,0,0,0,0,2,0,0,16,0,0,abandoned
2697,U2697,2025-07-26 13:46:00,2025-07-26 13:51:00,F,50+,office,seoul,1,0,0,0,26,0,0,16,0,0,completed
2698,U2698,2025-04-09 15:13:00,2025-04-09 15:16:00,M,30~39,office,seoul,0,0,0,0,29,0,0,46,0,0,completed
2699,U2699,2025-05-03 13:52:00,2025-05-03 13:55:00,F,20~29,office,seoul,1,0,0,0,18,0,0,54,0,0,completed
2700,U2700,2025-12-07 13:02:00,2025-12-07 13:05:00,F,20~29,office,seoul,1,0,0,0,12,0,0,19,0,0,completed
2701,U2701,2025-04-11 16:48:00,2025-04-11 16:52:00,M,40~49,office,seoul,0,0,0,0,25,0,0,52,0,0,completed
2702,U2702,2025-08-31 11:36:00,2025-08-31 11:40:00,M,20~29,office,seoul,1,0,0,0,18,0,0,26,0,0,completed
2703,U2703,2025-02-25 09:34:00,2025-02-25 09:40:00,M,20~29,office,seoul,0,0,0,0,3,0,0,50,0,0,completed
2704,U2704,2025-09-15 12:26:00,2025-09-15 12:31:00,F,30~39,office,seoul,0,0,0,0,17,0,0,75,0,0,abandoned
2705,U2705,2025-09-12 13:02:00,2025-09-12 13:05:00,M,30~39,office,seoul,0,0,0,0,27,0,0,55,0,0,completed
2706,U2706,2025-04-27 07:29:00,2025-04-27 07:35:00,F,40~49,office,seoul,1,0,0,0,17,0,0,15,0,0,completed
2707,U2707,2025-07-25 16:01:00,2025-07-25 16:04:00,F,40~49,office,seoul,0,0,0,0,24,0,0,44,0,0,completed
2708,U2708,2025-08-24 12:51:00,2025-08-24 12:54:00,F,50+,office,seoul,1,0,0,0,11,0,0,69,0,1,completed
2709,U2709,2025-02-10 08:04:00,2025-02-10 08:11:00,F,50+,office,seoul,0,0,0,0,1,0,0,33,0,0,completed
2710,U2710,2025-11-22 08:36:00,2025-11-22 08:40:00,M,30~39,office,seoul,1,0,0,0,26,0,0,34,0,0,completed
2711,U2711,2025-06-03 08:00:00,2025-06-03 08:07:00,M,40~49,office,seoul,0,0,0,0,19,0,0,57,0,0,completed
2712,U2712,2025-08-06 13:15:00,2025-08-06 13:17:00,F,30~39,office,seoul,0,0,0,0,28,0,0,25,0,0,completed
2713,U2713,2025-06-20 18:38:00,2025-06-20 18:45:00,M,20~29,office,seoul,0,0,0,0,14,0,0,72,0,0,completed
2714,U2714,2025-01-02 08:46:00,2025-01-02 08:52:00,F,20~29,office,seoul,0,0,0,0,12,0,0,42,0,0,completed
2715,U2715,2025-04-20 13:26:00,2025-04-20 13:29:00,M,30~39,office,seoul,1,0,0,0,5,0,0,55,0,0,completed
2716,U2716,2025-01-30 07:49:00,2025-01-30 07:54:00,F,50+,office,seoul,0,0,0,0,25,0,0,14,0,0,completed
2717,U2717,2025-12-01 15:10:00,2025-12-01 15:12:00,M,20~29,office,seoul,0,0,0,0,19,0,0,65,0,0,completed
2718,U2718,2025-06-14 07:10:00,2025-06-14 07:14:00,M,30~39,office,seoul,1,0,0,0,10,0,0,66,0,0,timeout
2719,U2719,2025-06-16 16:06:00,2025-06-16 16:08:00,F,40~49,office,seoul,0,0,0,0,9,0,0,76,0,0,completed
2720,U2720,2025-06-24 12:43:00,2025-06-24 12:50:00,F,20~29,office,seoul,0,0,0,0,20,0,0,29,0,0,completed
2721,U2721,2025-12-23 08:32:00,2025-12-23 08:36:00,F,20~29,office,seoul,0,0,0,0,16,0,0,15,0,0,completed
2722,U2722,2025-05-28 17:43:00,2025-05-28 17:50:00,M,30~39,office,seoul,0,0,0,0,6,0,0,61,0,0,completed
2723,U2723,2025-02-02 18:49:00,2025-02-02 18:53:00,M,30~39,office,seoul,1,0,0,0,22,0,0,70,0,0,completed
2724,U2724,2025-04-16 15:21:00,2025-04-16 15:23:00,F,50+,office,seoul,0,0,0,0,13,0,0,60,0,0,completed
2725,U2725,2025-10-29 18:43:00,2025-10-29 18:49:00,M,40~49,office,seoul,0,0,0,0,25,0,0,17,0,0,completed
2726,U2726,2025-01-06 19:20:00,2025-01-06 19:22:00,F,50+,office,seoul,0,0,0,0,15,0,0,22,0,0,completed
2727,U2727,2025-07-31 19:09:00,2025-07-31 19:16:00,F,40~49,office,seoul,0,0,0,0,3,0,0,74,0,0,completed
2728,U2728,2025-02-09 08:18:00,2025-02-09 08:21:00,M,30~39,office,seoul,1,0,0,0,18,0,0,66,0,0,completed
2729,U2729,2025-12-15 12:16:00,2025-12-15 12:21:00,F,20~29,office,seoul,0,0,0,0,12,0,0,33,0,0,completed
2730,U2730,2025-03-18 18:26:00,2025-03-18 18:32:00,F,20~29,office,seoul,0,0,0,0,27,0,0,40,0,0,completed
2731,U2731,2025-01-12 18:26:00,2025-01-12 18:32:00,M,30~39,office,seoul,1,0,0,0,10,0,0,75,0,0,completed
2732,U2732,2025-11-13 16:51:00,2025-11-13 16:57:00,M,40~49,office,seoul,0,0,0,0,12,0,0,59,0,0,completed
2733,U2733,2025-08-03 16:19:00,2025-08-03 16:23:00,F,30~39,office,seoul,1,0,0,0,26,0,0,69,0,0,completed
2734,U2734,2025-03-07 18:28:00,2025-03-07 18:30:00,F,20~29,office,seoul,0,0,0,0,22,0,0,70,0,0,completed
2735,U2735,2025-05-29 17:47:00,2025-05-29 17:50:00,F,30~39,office,seoul,0,0,0,0,24,0,0,18,0,0,completed
2736,U2736,2025-06-07 19:06:00,2025-06-07 19:08:00,F,30~39,office,seoul,1,0,0,0,20,0,0,33,0,0,completed
2737,U2737,2025-11-05 18:12:00,2025-11-05 18:19:00,M,50+,office,seoul,0,0,0,0,15,0,0,46,0,0,completed
2738,U2738,2025-05-13 17:33:00,2025-05-13 17:39:00,M,50+,office,seoul,0,0,0,0,29,0,0,71,1,0,completed
2739,U2739,2025-07-18 21:41:00,2025-07-18 21:47:00,F,20~29,office,seoul,0,0,0,0,5,0,0,56,0,0,completed
2740,U2740,2025-06-21 18:30:00,2025-06-21 18:32:00,M,40~49,office,seoul,1,0,0,0,28,0,0,41,1,0,completed
2741,U2741,2025-08-17 09:50:00,2025-08-17 09:52:00,F,50+,office,seoul,1,0,0,0,17,0,0,43,0,0,completed
2742,U2742,2025-09-14 15:37:00,2025-09-14 15:39:00,F,40~49,office,seoul,1,0,0,0,23,0,0,35,0,0,completed
2743,U2743,2025-04-27 17:38:00,2025-04-27 17:42:00,F,20~29,office,seoul,1,0,0,0,24,0,0,68,0,0,completed
2744,U2744,2025-06-14 14:08:00,2025-06-14 14:11:00,M,20~29,office,seoul,1,0,0,0,4,0,0,54,0,0,completed
2745,U2745,2025-12-16 15:10:00,2025-12-16 15:17:00,F,40~49,office,seoul,0,0,0,0,21,0,0,73,0,0,completed
2746,U2746,2025-03-30 15:36:00,2025-03-30 15:40:00,M,20~29,office,seoul,1,0,0,0,14,0,0,62,0,0,abandoned
2747,U2747,2025-06-18 16:16:00,2025-06-18 16:23:00,F,30~39,office,seoul,0,0,0,0,7,0,0,71,1,0,completed
2748,U2748,2025-11-29 12:27:00,2025-11-29 12:34:00,M,20~29,office,seoul,1,0,0,0,18,0,0,73,0,0,completed
2749,U2749,2025-12-04 08:43:00,2025-12-04 08:49:00,F,30~39,office,seoul,0,0,0,0,13,0,0,31,0,0,completed
2750,U2750,2025-04-11 09:25:00,2025-04-11 09:31:00,F,30~39,office,seoul,0,0,0,0,17,0,0,44,0,0,completed
2751,U2751,2025-03-05 09:49:00,2025-03-05 09:51:00,F,50+,office,seoul,0,0,0,0,12,0,0,37,0,0,completed
2752,U2752,2025-08-13 14:47:00,2025-08-13 14:52:00,F,40~49,office,seoul,0,0,0,0,6,0,0,49,0,0,completed
2753,U2753,2025-05-31 17:23:00,2025-05-31 17:28:00,F,20~29,office,seoul,1,0,0,0,16,0,0,53,0,0,completed
2754,U2754,2025-03-09 12:56:00,2025-03-09 12:58:00,F,30~39,office,seoul,1,0,0,0,4,0,0,76,0,0,completed
2755,U2755,2025-01-13 20:33:00,2025-01-13 20:36:00,M,20~29,office,seoul,0,0,0,0,29,0,0,20,0,0,completed
2756,U2756,2025-01-22 17:50:00,2025-01-22 17:53:00,F,30~39,office,seoul,0,0,0,0,28,0,0,34,0,0,completed
2757,U2757,2025-04-02 08:53:00,2025-04-02 08:55:00,M,20~29,office,seoul,0,0,0,0,22,0,0,22,0,0,completed
2758,U2758,2025-01-21 09:21:00,2025-01-21 09:26:00,F,20~29,office,seoul,0,0,0,0,14,0,0,17,0,0,completed
2759,U2759,2025-05-20 16:42:00,2025-05-20 16:46:00,M,30~39,office,seoul,0,0,0,0,25,0,0,71,0,0,completed
2760,U2760,2025-02-10 07:03:00,2025-02-10 07:08:00,M,20~29,office,seoul,0,0,0,0,6,0,0,25,0,0,completed
2761,U2761,2025-08-08 17:55:00,2025-08-08 17:59:00,F,40~49,office,seoul,0,0,0,0,29,0,0,49,0,0,completed
2762,U2762,2025-12-05 09:27:00,2025-12-05 09:30:00,F,40~49,office,seoul,0,0,0,0,7,0,0,14,0,0,completed
2763,U2763,2025-08-05 12:31:00,2025-08-05 12:37:00,F,20~29,office,seoul,0,0,0,0,22,0,0,70,0,0,completed
2764,U2764,2025-04-11 15:56:00,2025-04-11 15:58:00,F,20~29,office,seoul,0,0,0,0,28,0,0,35,0,0,completed
2765,U2765,2025-09-01 09:59:00,2025-09-01 10:02:00,M,40~49,office,seoul,0,0,0,0,19,0,0,37,0,0,completed
2766,U2766,2025-03-27 17:51:00,2025-03-27 17:54:00,F,40~49,office,seoul,0,0,0,0,24,0,0,53,0,0,completed
2767,U2767,2025-06-09 13:53:00,2025-06-09 13:56:00,M,20~29,office,seoul,0,0,0,0,23,0,0,47,0,0,completed
2768,U2768,2025-09-05 15:00:00,2025-09-05 15:06:00,F,20~29,office,seoul,0,0,0,0,29,0,0,45,0,0,completed
2769,U2769,2025-09-29 12:44:00,2025-09-29 12:51:00,F,20~29,office,seoul,0,0,0,0,3,0,0,35,0,0,completed
2770,U2770,2025-06-21 11:46:00,2025-06-21 11:51:00,M,50+,office,seoul,1,0,0,0,27,0,0,12,0,0,completed
2771,U2771,2025-09-25 15:22:00,2025-09-25 15:24:00,M,40~49,office,seoul,0,0,0,0,8,0,0,55,1,0,completed
2772,U2772,2025-06-24 20:36:00,2025-06-24 20:43:00,M,20~29,office,seoul,0,0,0,0,1,0,0,77,0,0,completed
2773,U2773,2025-02-13 15:43:00,2025-02-13 15:46:00,M,20~29,office,seoul,0,0,0,0,22,0,0,66,0,0,abandoned
2774,U2774,2025-03-13 09:09:00,2025-03-13 09:11:00,M,20~29,office,seoul,0,0,0,0,14,0,0,59,0,0,completed
2775,U2775,2025-04-22 09:16:00,2025-04-22 09:19:00,F,20~29,office,seoul,0,0,0,0,28,0,0,24,0,0,completed
2776,U2776,2025-06-10 07:29:00,2025-06-10 07:33:00,F,20~29,office,seoul,0,0,0,0,10,0,0,17,0,0,completed
2777,U2777,2025-10-02 12:25:00,2025-10-02 12:27:00,F,20~29,office,seoul,0,0,0,0,2,0,0,22,0,0,completed
2778,U2778,2025-02-28 09:40:00,2025-02-28 09:46:00,M,50+,office,seoul,0,0,0,0,20,0,0,70,0,0,completed
2779,U2779,2025-12-12 08:44:00,2025-12-12 08:47:00,M,40~49,office,seoul,0,0,0,0,24,0,0,34,0,0,completed
2780,U2780,2025-12-11 09:12:00,2025-12-11 09:18:00,F,50+,office,seoul,0,0,0,0,13,0,0,38,0,0,completed
2781,U2781,2025-07-06 16:02:00,2025-07-06 16:04:00,M,20~29,office,seoul,1,0,0,0,27,0,0,57,0,0,completed
2782,U2782,2025-02-27 08:11:00,2025-02-27 08:18:00,F,20~29,office,seoul,0,0,0,0,11,0,0,18,0,0,timeout
2783,U2783,2025-03-23 11:14:00,2025-03-23 11:19:00,F,40~49,office,seoul,1,0,0,0,20,0,0,46,0,0,abandoned
2784,U2784,2025-04-21 11:23:00,2025-04-21 11:28:00,M,30~39,office,seoul,0,0,0,0,23,0,0,70,0,0,completed
2785,U2785,2025-07-18 13:47:00,2025-07-18 13:51:00,F,40~49,office,seoul,0,0,0,0,22,0,0,30,0,0,completed
2786,U2786,2025-04-11 16:03:00,2025-04-11 16:08:00,F,20~29,office,seoul,0,0,0,0,13,0,0,32,0,0,error
2787,U2787,2025-04-11 12:59:00,2025-04-11 13:05:00,F,50+,office,seoul,0,0,0,0,3,0,0,31,0,0,abandoned
2788,U2788,2025-06-02 16:34:00,2025-06-02 16:36:00,F,50+,office,seoul,0,0,0,0,8,0,0,49,0,0,completed
2789,U2789,2025-03-16 15:33:00,2025-03-16 15:35:00,F,20~29,office,seoul,1,0,0,0,26,0,0,48,0,0,completed
2790,U2790,2025-09-06 14:34:00,2025-09-06 14:36:00,F,50+,office,seoul,1,0,0,0,29,0,0,46,0,0,completed
2791,U2791,2025-06-18 13:16:00,2025-06-18 13:22:00,M,30~39,office,seoul,0,0,0,0,8,0,0,13,0,0,completed
2792,U2792,2025-02-02 16:09:00,2025-02-02 16:11:00,F,50+,office,seoul,1,0,0,0,23,0,0,38,0,0,completed
2793,U2793,2025-04-16 16:46:00,2025-04-16 16:53:00,F,20~29,office,seoul,0,0,0,0,25,0,0,64,0,0,completed
2794,U2794,2025-04-02 16:28:00,2025-04-02 16:35:00,M,50+,office,seoul,0,0,0,0,21,0,0,66,1,0,completed
2795,U2795,2025-11-16 12:06:00,2025-11-16 12:10:00,F,20~29,office,seoul,1,0,0,0,1,0,0,67,0,0,completed
2796,U2796,2025-12-27 12:56:00,2025-12-27 13:03:00,F,40~49,office,seoul,1,0,0,0,20,0,0,12,0,0,completed
2797,U2797,2025-04-11 11:06:00,2025-04-11 11:09:00,F,50+,office,seoul,0,0,0,0,26,0,0,10,0,0,completed
2798,U2798,2025-05-08 09:49:00,2025-05-08 09:52:00,F,30~39,office,seoul,0,0,0,0,17,0,0,53,0,0,completed
2799,U2799,2025-11-08 11:02:00,2025-11-08 11:09:00,F,30~39,office,seoul,1,0,0,0,16,0,0,34,0,0,completed
2800,U2800,2025-10-23 11:12:00,2025-10-23 11:19:00,M,40~49,office,seoul,0,0,0,0,29,0,0,28,0,0,completed
2801,U2801,2025-09-08 09:35:00,2025-09-08 09:38:00,F,30~39,office,seoul,0,0,0,0,16,0,0,63,0,0,completed
2802,U2802,2025-05-01 12:53:00,2025-05-01 12:55:00,F,20~29,office,seoul,0,0,0,0,1,0,0,76,0,0,completed
2803,U2803,2025-03-30 17:29:00,2025-03-30 17:32:00,M,40~49,office,seoul,1,0,0,0,4,0,0,68,0,0,completed
2804,U2804,2025-12-27 07:25:00,2025-12-27 07:30:00,M,20~29,office,seoul,1,0,0,0,13,0,0,24,0,0,error
2805,U2805,2025-05-24 14:47:00,2025-05-24 14:49:00,F,20~29,office,seoul,1,0,0,0,26,0,0,38,0,0,completed
2806,U2806,2025-12-11 17:43:00,2025-12-11 17:48:00,F,40~49,office,seoul,0,0,0,0,29,0,0,75,0,0,completed
2807,U2807,2025-05-08 12:28:00,2025-05-08 12:30:00,M,20~29,office,seoul,0,0,0,0,15,0,0,44,0,0,completed
2808,U2808,2025-02-15 20:57:00,2025-02-15 21:03:00,M,20~29,office,seoul,1,0,0,0,13,0,0,28,0,0,completed
2809,U2809,2025-06-24 14:44:00,2025-06-24 14:48:00,M,30~39,office,seoul,0,0,0,0,27,0,0,36,0,0,completed
2810,U2810,2025-04-03 19:15:00,2025-04-03 19:17:00,F,40~49,office,seoul,0,0,0,0,20,0,0,24,0,0,completed
2811,U2811,2025-05-11 12:36:00,2025-05-11 12:43:00,M,40~49,office,seoul,1,0,0,0,14,0,0,44,0,0,completed
2812,U2812,2025-03-12 08:40:00,2025-03-12 08:46:00,F,40~49,office,seoul,0,0,0,0,7,0,0,14,0,0,timeout
2813,U2813,2025-03-07 08:12:00,2025-03-07 08:17:00,M,20~29,office,seoul,0,0,0,0,6,0,0,48,0,0,completed
2814,U2814,2025-05-24 14:24:00,2025-05-24 14:29:00,M,50+,office,seoul,1,0,0,0,4,0,0,32,1,0,completed
2815,U2815,2025-02-05 12:19:00,2025-02-05 12:22:00,M,20~29,office,seoul,0,0,0,0,6,0,0,12,0,0,abandoned
2816,U2816,2025-04-24 18:35:00,2025-04-24 18:37:00,F,20~29,office,seoul,0,0,0,0,2,0,0,52,0,0,completed
2817,U2817,2025-01-22 16:44:00,2025-01-22 16:47:00,F,50+,office,seoul,0,0,0,0,26,0,0,71,0,0,abandoned
2818,U2818,2025-02-23 16:24:00,2025-02-23 16:27:00,F,40~49,office,seoul,1,0,0,0,14,0,0,34,0,0,completed
2819,U2819,2025-06-02 20:28:00,2025-06-02 20:30:00,F,30~39,office,seoul,0,0,0,0,29,0,0,69,0,0,completed
2820,U2820,2025-03-08 16:10:00,2025-03-08 16:12:00,M,50+,office,seoul,1,0,0,0,15,0,0,32,1,0,abandoned
2821,U2821,2025-05-17 22:52:00,2025-05-17 22:58:00,F,30~39,office,seoul,1,0,0,0,4,0,0,44,0,0,completed
2822,U2822,2025-07-25 09:16:00,2025-07-25 09:22:00,F,30~39,office,seoul,0,0,0,0,18,0,0,16,1,0,completed
2823,U2823,2025-08-20 08:19:00,2025-08-20 08:25:00,M,30~39,office,seoul,0,0,0,0,20,0,0,31,0,0,completed
2824,U2824,2025-03-03 11:26:00,2025-03-03 11:33:00,M,30~39,office,seoul,0,0,0,0,3,0,0,76,0,0,completed
2825,U2825,2025-02-08 17:29:00,2025-02-08 17:34:00,F,50+,office,seoul,1,0,0,0,15,0,0,61,0,0,completed
2826,U2826,2025-06-22 12:02:00,2025-06-22 12:07:00,M,50+,office,seoul,1,0,0,0,18,0,0,25,0,1,completed
2827,U2827,2025-07-22 09:24:00,2025-07-22 09:31:00,F,40~49,office,seoul,0,0,0,0,10,0,0,74,1,0,completed
2828,U2828,2025-06-06 12:44:00,2025-06-06 12:49:00,M,40~49,office,seoul,0,0,0,0,25,0,0,55,0,0,timeout
2829,U2829,2025-04-01 18:15:00,2025-04-01 18:18:00,M,30~39,office,seoul,0,0,0,0,1,0,0,57,0,0,completed
2830,U2830,2025-06-10 15:57:00,2025-06-10 16:04:00,F,50+,office,seoul,0,0,0,0,15,0,0,49,0,0,completed
2831,U2831,2025-05-13 14:42:00,2025-05-13 14:46:00,M,40~49,office,seoul,0,0,0,0,0,0,0,56,0,0,completed
2832,U2832,2025-07-04 17:15:00,2025-07-04 17:20:00,M,20~29,office,seoul,0,0,0,0,13,0,0,31,0,0,completed
2833,U2833,2025-06-18 15:16:00,2025-06-18 15:23:00,M,20~29,office,seoul,0,0,0,0,2,0,0,22,0,0,completed
2834,U2834,2025-01-11 17:12:00,2025-01-11 17:17:00,M,20~29,office,seoul,1,0,0,0,17,0,0,17,0,0,completed
2835,U2835,2025-07-14 17:00:00,2025-07-14 17:05:00,F,20~29,office,seoul,0,0,0,0,0,0,0,60,0,0,completed
2836,U2836,2025-10-15 07:32:00,2025-10-15 07:34:00,F,40~49,office,seoul,0,0,0,0,19,0,0,34,0,0,completed
2837,U2837,2025-03-20 11:37:00,2025-03-20 11:43:00,M,40~49,office,seoul,0,0,0,0,20,0,0,79,0,0,completed
2838,U2838,2025-11-08 11:01:00,2025-11-08 11:06:00,F,30~39,office,seoul,1,0,0,0,28,0,0,25,0,0,completed
2839,U2839,2025-07-06 13:09:00,2025-07-06 13:15:00,F,20~29,office,seoul,1,0,0,0,0,0,0,74,0,0,completed
2840,U2840,2025-03-01 09:36:00,2025-03-01 09:39:00,M,50+,office,seoul,1,0,0,0,26,0,0,31,0,0,completed
2841,U2841,2025-09-28 12:35:00,2025-09-28 12:38:00,M,30~39,office,seoul,1,0,0,0,1,0,0,54,0,0,completed
2842,U2842,2025-07-01 16:32:00,2025-07-01 16:35:00,F,30~39,office,seoul,0,0,0,0,17,0,0,54,0,0,completed
2843,U2843,2025-10-03 19:43:00,2025-10-03 19:49:00,F,20~29,office,seoul,0,0,0,0,27,0,0,25,0,0,abandoned
2844,U2844,2025-02-19 12:43:00,2025-02-19 12:45:00,F,30~39,office,seoul,0,0,0,0,14,0,0,38,0,0,completed
2845,U2845,2025-02-22 18:08:00,2025-02-22 18:14:00,F,20~29,office,seoul,1,0,0,0,15,0,0,28,0,0,completed
2846,U2846,2025-03-18 15:47:00,2025-03-18 15:53:00,M,20~29,office,seoul,0,0,0,0,18,0,0,69,0,0,completed
2847,U2847,2025-03-24 15:32:00,2025-03-24 15:35:00,F,20~29,office,seoul,0,0,0,0,23,0,0,71,0,0,completed
2848,U2848,2025-05-05 15:40:00,2025-05-05 15:47:00,M,50+,office,seoul,0,0,0,0,7,0,0,54,0,0,completed
2849,U2849,2025-12-23 16:34:00,2025-12-23 16:37:00,F,40~49,office,seoul,0,0,0,0,7,0,0,73,0,0,completed
2850,U2850,2025-04-12 15:19:00,2025-04-12 15:24:00,M,20~29,office,seoul,1,0,0,0,7,0,0,21,0,0,completed
2851,U2851,2025-09-30 07:25:00,2025-09-30 07:32:00,F,40~49,office,seoul,0,0,0,0,21,0,0,35,0,0,completed
2852,U2852,2025-03-22 17:38:00,2025-03-22 17:40:00,F,20~29,office,seoul,1,0,0,0,17,0,0,29,0,0,completed
2853,U2853,2025-12-22 11:14:00,2025-12-22 11:20:00,M,20~29,office,seoul,0,0,0,0,2,0,0,72,0,0,completed
2854,U2854,2025-08-12 19:09:00,2025-08-12 19:15:00,F,40~49,office,seoul,0,0,0,0,27,0,0,78,0,0,completed
2855,U2855,2025-11-29 08:23:00,2025-11-29 08:26:00,F,30~39,office,seoul,1,0,0,0,28,0,0,66,0,0,completed
2856,U2856,2025-05-21 08:18:00,2025-05-21 08:23:00,M,30~39,office,seoul,0,0,0,0,2,0,0,78,0,0,completed
2857,U2857,2025-06-01 21:02:00,2025-06-01 21:07:00,F,20~29,office,seoul,1,0,0,0,12,0,0,55,0,0,abandoned
2858,U2858,2025-02-09 08:42:00,2025-02-09 08:48:00,M,20~29,office,seoul,1,0,0,0,1,0,0,43,0,0,completed
2859,U2859,2025-11-10 07:07:00,2025-11-10 07:14:00,M,50+,office,seoul,0,0,0,0,22,0,0,33,0,0,completed
2860,U2860,2025-03-02 16:56:00,2025-03-02 17:03:00,F,20~29,office,seoul,1,0,0,0,4,0,0,79,0,0,completed
2861,U2861,2025-09-11 09:31:00,2025-09-11 09:38:00,F,30~39,office,seoul,0,0,0,0,25,0,0,74,0,0,completed
2862,U2862,2025-01-16 08:47:00,2025-01-16 08:51:00,F,50+,office,seoul,0,0,0,0,19,0,0,48,0,0,completed
2863,U2863,2025-01-29 15:33:00,2025-01-29 15:38:00,F,40~49,office,seoul,0,0,0,0,5,0,0,35,0,0,timeout
2864,U2864,2025-05-24 12:31:00,2025-05-24 12:33:00,M,30~39,office,seoul,1,0,0,0,5,0,0,65,0,0,completed
2865,U2865,2025-04-07 13:46:00,2025-04-07 13:51:00,F,30~39,office,seoul,0,0,0,0,8,0,0,45,0,0,abandoned
2866,U2866,2025-04-12 12:03:00,2025-04-12 12:10:00,M,20~29,office,seoul,1,0,0,0,19,0,0,37,0,0,completed
2867,U2867,2025-01-03 12:25:00,2025-01-03 12:29:00,F,30~39,office,seoul,0,0,0,0,25,0,0,79,0,0,completed
2868,U2868,2025-11-25 07:28:00,2025-11-25 07:34:00,M,50+,office,seoul,0,0,0,0,24,0,0,18,0,0,completed
2869,U2869,2025-12-28 08:14:00,2025-12-28 08:16:00,F,50+,office,seoul,1,0,0,0,17,0,0,22,1,0,completed
2870,U2870,2025-08-09 14:23:00,2025-08-09 14:26:00,F,30~39,office,seoul,1,0,0,0,4,0,0,44,0,0,completed
2871,U2871,2025-06-25 12:44:00,2025-06-25 12:48:00,F,50+,office,seoul,0,0,0,0,23,0,0,12,0,0,completed
2872,U2872,2025-11-26 09:42:00,2025-11-26 09:46:00,M,50+,office,seoul,0,0,0,0,24,0,0,58,0,0,error
2873,U2873,2025-11-30 07:13:00,2025-11-30 07:18:00,F,40~49,office,seoul,1,0,0,0,21,0,0,55,0,0,completed
2874,U2874,2025-10-24 16:33:00,2025-10-24 16:39:00,F,50+,office,seoul,0,0,0,0,20,0,0,67,0,0,completed
2875,U2875,2025-08-28 09:57:00,2025-08-28 09:59:00,F,20~29,office,seoul,0,0,0,0,18,0,0,61,0,0,completed
2876,U2876,2025-06-11 17:19:00,2025-06-11 17:23:00,M,20~29,office,seoul,0,0,0,0,9,0,0,39,0,0,completed
2877,U2877,2025-04-27 17:31:00,2025-04-27 17:35:00,F,40~49,office,seoul,1,0,0,0,15,0,0,24,0,0,completed
2878,U2878,2025-12-16 13:36:00,2025-12-16 13:43:00,F,30~39,office,seoul,0,0,0,0,11,0,0,60,0,0,completed
2879,U2879,2025-12-08 12:47:00,2025-12-08 12:54:00,F,40~49,office,seoul,0,0,0,0,18,0,0,12,0,0,completed
2880,U2880,2025-10-07 19:01:00,2025-10-07 19:08:00,M,20~29,office,seoul,0,0,0,0,3,0,0,58,0,0,completed
2881,U2881,2025-01-31 13:15:00,2025-01-31 13:20:00,F,30~39,office,seoul,0,0,0,0,27,0,0,13,0,0,abandoned
2882,U2882,2025-06-29 22:19:00,2025-06-29 22:26:00,F,20~29,office,seoul,1,0,0,0,20,0,0,34,0,0,abandoned
2883,U2883,2025-12-20 13:35:00,2025-12-20 13:38:00,F,40~49,office,seoul,1,0,0,0,27,0,0,73,0,0,abandoned
2884,U2884,2025-01-03 22:45:00,2025-01-03 22:49:00,F,40~49,office,seoul,0,0,0,0,7,0,0,71,0,0,completed
2885,U2885,2025-02-05 16:09:00,2025-02-05 16:13:00,F,50+,office,seoul,0,0,0,0,14,0,0,45,0,0,completed
2886,U2886,2025-06-29 11:02:00,2025-06-29 11:09:00,F,50+,office,seoul,1,0,0,0,24,0,0,16,0,0,abandoned
2887,U2887,2025-11-25 16:21:00,2025-11-25 16:28:00,M,50+,office,seoul,0,0,0,0,29,0,0,76,0,0,completed
2888,U2888,2025-11-15 13:38:00,2025-11-15 13:41:00,M,20~29,office,seoul,1,0,0,0,10,0,0,67,0,0,abandoned
2889,U2889,2025-02-02 20:29:00,2025-02-02 20:35:00,M,30~39,office,seoul,1,0,0,0,28,0,0,71,0,0,error
2890,U2890,2025-08-10 12:06:00,2025-08-10 12:12:00,F,30~39,office,seoul,1,0,0,0,4,0,0,64,0,0,completed
2891,U2891,2025-01-20 09:04:00,2025-01-20 09:07:00,M,20~29,office,seoul,0,0,0,0,14,0,0,13,0,0,completed
2892,U2892,2025-09-07 20:08:00,2025-09-07 20:14:00,F,50+,office,seoul,1,0,0,0,14,0,0,10,1,0,completed
2893,U2893,2025-06-06 12:26:00,2025-06-06 12:33:00,F,20~29,office,seoul,0,0,0,0,28,0,0,57,0,0,completed
2894,U2894,2025-03-27 20:38:00,2025-03-27 20:40:00,F,40~49,office,seoul,0,0,0,0,9,0,0,67,0,0,completed
2895,U2895,2025-01-01 19:19:00,2025-01-01 19:23:00,F,20~29,office,seoul,0,0,0,0,22,0,0,62,0,0,completed
2896,U2896,2025-01-29 18:05:00,2025-01-29 18:11:00,M,30~39,office,seoul,0,0,0,0,28,0,0,57,0,0,completed
2897,U2897,2025-07-01 15:33:00,2025-07-01 15:37:00,F,20~29,office,seoul,0,0,0,0,2,0,0,70,0,0,completed
2898,U2898,2025-03-04 19:57:00,2025-03-04 20:02:00,F,20~29,office,seoul,0,0,0,0,26,0,0,61,0,0,completed
2899,U2899,2025-04-02 15:00:00,2025-04-02 15:06:00,F,30~39,office,seoul,0,0,0,0,21,0,0,61,0,0,completed
2900,U2900,2025-06-28 11:14:00,2025-06-28 11:17:00,F,20~29,office,seoul,1,0,0,0,12,0,0,63,0,0,completed
2901,U2901,2025-03-24 15:36:00,2025-03-24 15:39:00,F,20~29,office,seoul,0,0,0,0,12,0,0,19,0,0,completed
2902,U2902,2025-05-31 11:53:00,2025-05-31 11:55:00,M,40~49,office,seoul,1,0,0,0,3,0,0,62,1,0,completed
2903,U2903,2025-05-08 21:37:00,2025-05-08 21:40:00,F,30~39,office,seoul,0,0,0,0,24,0,0,39,0,0,completed
2904,U2904,2025-07-03 15:33:00,2025-07-03 15:36:00,F,20~29,office,seoul,0,0,0,0,6,0,0,58,0,0,completed
2905,U2905,2025-08-17 14:05:00,2025-08-17 14:09:00,M,30~39,office,seoul,1,0,0,0,14,0,0,11,0,1,abandoned
2906,U2906,2025-12-28 07:52:00,2025-12-28 07:55:00,F,50+,office,seoul,1,0,0,0,7,0,0,59,0,0,completed
2907,U2907,2025-09-22 09:54:00,2025-09-22 09:57:00,F,20~29,office,seoul,0,0,0,0,17,0,0,75,0,0,completed
2908,U2908,2025-05-06 21:03:00,2025-05-06 21:05:00,F,20~29,office,seoul,0,0,0,0,11,0,0,51,0,0,abandoned
2909,U2909,2025-05-05 20:56:00,2025-05-05 20:59:00,F,30~39,office,seoul,0,0,0,0,22,0,0,46,0,0,completed
2910,U2910,2025-12-09 09:26:00,2025-12-09 09:28:00,M,30~39,office,seoul,0,0,0,0,22,0,0,17,0,0,completed
2911,U2911,2025-07-13 11:59:00,2025-07-13 12:05:00,M,40~49,office,seoul,1,0,0,0,21,0,0,59,0,0,completed
2912,U2912,2025-01-18 09:21:00,2025-01-18 09:26:00,F,40~49,office,seoul,1,0,0,0,20,0,0,24,0,0,completed
2913,U2913,2025-12-30 16:21:00,2025-12-30 16:27:00,F,40~49,office,seoul,0,0,0,0,5,0,0,74,0,0,completed
2914,U2914,2025-07-28 21:44:00,2025-07-28 21:51:00,M,40~49,office,seoul,0,0,0,0,8,0,0,66,0,0,completed
2915,U2915,2025-12-01 14:08:00,2025-12-01 14:12:00,M,30~39,office,seoul,0,0,0,0,24,0,0,73,0,0,completed
2916,U2916,2025-09-10 18:06:00,2025-09-10 18:09:00,F,20~29,office,seoul,0,0,0,0,8,0,0,31,0,0,error
2917,U2917,2025-06-29 21:30:00,2025-06-29 21:36:00,F,20~29,office,seoul,1,0,0,0,5,0,0,12,0,0,completed
2918,U2918,2025-03-29 13:16:00,2025-03-29 13:19:00,M,30~39,office,seoul,1,0,0,0,4,0,0,73,0,0,completed
2919,U2919,2025-12-25 13:39:00,2025-12-25 13:44:00,M,40~49,office,seoul,0,0,0,0,21,0,0,51,0,0,completed
2920,U2920,2025-07-08 16:25:00,2025-07-08 16:31:00,M,50+,office,seoul,0,0,0,0,26,0,0,39,0,0,completed
2921,U2921,2025-05-16 15:27:00,2025-05-16 15:33:00,F,20~29,office,seoul,0,0,0,0,10,0,0,12,0,0,completed
2922,U2922,2025-06-27 11:56:00,2025-06-27 11:58:00,F,40~49,office,seoul,0,0,0,0,16,0,0,12,0,0,abandoned
2923,U2923,2025-09-02 12:07:00,2025-09-02 12:14:00,F,30~39,office,seoul,0,0,0,0,14,0,0,16,0,0,completed
2924,U2924,2025-11-27 08:04:00,2025-11-27 08:07:00,F,20~29,office,seoul,0,0,0,0,2,0,0,59,0,0,timeout
2925,U2925,2025-07-15 17:56:00,2025-07-15 18:00:00,M,50+,office,seoul,0,0,0,0,9,0,0,58,0,0,completed
2926,U2926,2025-12-06 11:00:00,2025-12-06 11:07:00,M,20~29,office,seoul,1,0,0,0,1,0,0,22,0,0,completed
2927,U2927,2025-05-24 12:00:00,2025-05-24 12:05:00,F,50+,office,seoul,1,0,0,0,2,0,0,46,0,0,completed
2928,U2928,2025-01-26 14:24:00,2025-01-26 14:27:00,M,40~49,office,seoul,1,0,0,0,0,0,0,35,0,0,completed
2929,U2929,2025-09-12 09:07:00,2025-09-12 09:12:00,M,20~29,office,seoul,0,0,0,0,26,0,0,61,0,0,completed
2930,U2930,2025-05-28 17:54:00,2025-05-28 18:01:00,M,30~39,office,seoul,0,0,0,0,9,0,0,11,0,0,completed
2931,U2931,2025-12-06 22:50:00,2025-12-06 22:53:00,F,20~29,office,seoul,1,0,0,0,24,0,0,49,0,0,completed
2932,U2932,2025-03-08 09:17:00,2025-03-08 09:22:00,M,20~29,office,seoul,1,0,0,0,23,0,0,65,0,0,abandoned
2933,U2933,2025-06-16 13:42:00,2025-06-16 13:46:00,M,20~29,office,seoul,0,0,0,0,0,0,0,52,0,0,completed
2934,U2934,2025-12-05 13:51:00,2025-12-05 13:57:00,F,20~29,office,seoul,0,0,0,0,2,0,0,70,0,0,completed
2935,U2935,2025-07-21 20:54:00,2025-07-21 20:58:00,F,20~29,office,seoul,0,0,0,0,10,0,0,76,0,0,completed
2936,U2936,2025-12-26 09:11:00,2025-12-26 09:13:00,M,40~49,office,seoul,0,0,0,0,0,0,0,23,0,0,completed
2937,U2937,2025-02-12 09:31:00,2025-02-12 09:38:00,F,20~29,office,seoul,0,0,0,0,11,0,0,52,0,0,completed
2938,U2938,2025-01-31 11:29:00,2025-01-31 11:36:00,F,40~49,office,seoul,0,0,0,0,9,0,0,73,0,0,completed
2939,U2939,2025-08-16 11:26:00,2025-08-16 11:33:00,M,20~29,office,seoul,1,0,0,0,4,0,0,54,0,0,completed
2940,U2940,2025-07-11 17:05:00,2025-07-11 17:08:00,F,30~39,office,seoul,0,0,0,0,27,0,0,75,0,0,completed
2941,U2941,2025-01-25 13:15:00,2025-01-25 13:18:00,M,20~29,office,seoul,1,0,0,0,27,0,0,73,0,0,completed
2942,U2942,2025-02-14 11:44:00,2025-02-14 11:51:00,M,40~49,office,seoul,0,0,0,0,17,0,0,74,0,0,completed
2943,U2943,2025-01-11 07:56:00,2025-01-11 08:00:00,M,30~39,office,seoul,1,0,0,0,4,0,0,46,0,0,completed
2944,U2944,2025-02-26 09:35:00,2025-02-26 09:38:00,M,50+,office,seoul,0,0,0,0,18,0,0,13,0,0,completed
2945,U2945,2025-07-30 14:44:00,2025-07-30 14:47:00,M,40~49,office,seoul,0,0,0,0,16,0,0,19,0,0,completed
2946,U2946,2025-07-27 11:15:00,2025-07-27 11:20:00,F,20~29,office,seoul,1,0,0,0,18,0,0,31,0,0,completed
2947,U2947,2025-12-14 14:32:00,2025-12-14 14:36:00,M,30~39,office,seoul,1,0,0,0,9,0,0,62,0,0,completed
2948,U2948,2025-07-08 14:38:00,2025-07-08 14:41:00,F,40~49,office,seoul,0,0,0,0,13,0,0,10,0,0,completed
2949,U2949,2025-06-09 16:46:00,2025-06-09 16:51:00,M,40~49,office,seoul,0,0,0,0,19,0,0,50,0,0,completed
2950,U2950,2025-03-14 14:34:00,2025-03-14 14:40:00,F,30~39,office,seoul,0,0,0,0,16,0,0,40,0,0,completed
2951,U2951,2025-03-30 19:31:00,2025-03-30 19:35:00,F,50+,office,seoul,1,0,0,0,27,0,0,76,0,0,completed
2952,U2952,2025-02-15 13:08:00,2025-02-15 13:15:00,M,20~29,office,seoul,1,0,0,0,18,0,0,16,0,0,completed
2953,U2953,2025-12-14 08:58:00,2025-12-14 09:00:00,M,30~39,office,seoul,1,0,0,0,16,0,0,57,0,0,completed
2954,U2954,2025-10-03 11:52:00,2025-10-03 11:56:00,M,20~29,office,seoul,0,0,0,0,12,0,0,47,0,0,timeout
2955,U2955,2025-03-05 18:54:00,2025-03-05 19:00:00,F,30~39,office,seoul,0,0,0,0,21,0,0,59,0,0,completed
2956,U2956,2025-09-08 09:27:00,2025-09-08 09:32:00,F,20~29,office,seoul,0,0,0,0,10,0,0,16,0,0,completed
2957,U2957,2025-11-21 08:38:00,2025-11-21 08:45:00,M,40~49,office,seoul,0,0,0,0,28,0,0,17,0,0,completed
2958,U2958,2025-11-30 16:02:00,2025-11-30 16:05:00,M,20~29,office,seoul,1,0,0,0,29,0,0,67,0,0,completed
2959,U2959,2025-01-28 22:02:00,2025-01-28 22:06:00,M,50+,office,seoul,0,0,0,0,19,0,0,21,0,0,completed
2960,U2960,2025-08-18 20:16:00,2025-08-18 20:22:00,F,20~29,office,seoul,0,0,0,0,4,0,0,13,0,0,completed
2961,U2961,2025-06-21 12:48:00,2025-06-21 12:54:00,M,40~49,office,seoul,1,0,0,0,21,0,0,60,0,0,completed
2962,U2962,2025-05-13 07:40:00,2025-05-13 07:45:00,F,30~39,office,seoul,0,0,0,0,15,0,0,33,0,0,completed
2963,U2963,2025-06-06 15:33:00,2025-06-06 15:39:00,F,20~29,office,seoul,0,0,0,0,12,0,0,66,0,0,completed
2964,U2964,2025-09-11 13:09:00,2025-09-11 13:12:00,M,20~29,office,seoul,0,0,0,0,12,0,0,59,0,0,completed
2965,U2965,2025-10-05 19:50:00,2025-10-05 19:52:00,F,30~39,office,seoul,1,0,0,0,15,0,0,50,0,0,completed
2966,U2966,2025-05-20 16:28:00,2025-05-20 16:34:00,M,50+,office,seoul,0,0,0,0,17,0,0,72,0,0,completed
2967,U2967,2025-09-14 22:39:00,2025-09-14 22:44:00,M,20~29,office,seoul,1,0,0,0,17,0,0,14,0,0,completed
2968,U2968,2025-03-24 16:24:00,2025-03-24 16:27:00,F,40~49,office,seoul,0,0,0,0,28,0,0,52,0,0,completed
2969,U2969,2025-08-21 15:26:00,2025-08-21 15:29:00,F,30~39,office,seoul,0,0,0,0,4,0,0,17,0,0,completed
2970,U2970,2025-10-05 20:05:00,2025-10-05 20:11:00,F,30~39,office,seoul,1,0,0,0,26,0,0,62,0,0,completed
2971,U2971,2025-07-02 19:08:00,2025-07-02 19:12:00,F,20~29,office,seoul,0,0,0,0,3,0,0,26,0,0,abandoned
2972,U2972,2025-05-23 07:32:00,2025-05-23 07:37:00,M,20~29,office,seoul,0,0,0,0,11,0,0,12,0,0,completed
2973,U2973,2025-05-16 22:10:00,2025-05-16 22:12:00,F,40~49,office,seoul,0,0,0,0,0,0,0,74,0,0,completed
2974,U2974,2025-07-14 16:29:00,2025-07-14 16:33:00,F,50+,office,seoul,0,0,0,0,12,0,0,63,1,0,completed
2975,U2975,2025-03-15 20:32:00,2025-03-15 20:39:00,F,30~39,office,seoul,1,0,0,0,9,0,0,34,0,0,completed
2976,U2976,2025-12-30 07:53:00,2025-12-30 07:57:00,F,20~29,office,seoul,0,0,0,0,20,0,0,45,0,0,completed
2977,U2977,2025-08-23 12:16:00,2025-08-23 12:22:00,F,20~29,office,seoul,1,0,0,0,26,0,0,78,0,0,completed
2978,U2978,2025-06-05 09:38:00,2025-06-05 09:41:00,M,40~49,office,seoul,0,0,0,0,10,0,0,13,0,0,completed
2979,U2979,2025-11-10 12:54:00,2025-11-10 12:56:00,F,50+,office,seoul,0,0,0,0,2,0,0,16,0,0,completed
2980,U2980,2025-02-15 12:27:00,2025-02-15 12:32:00,F,20~29,office,seoul,1,0,0,0,18,0,0,44,0,0,completed
2981,U2981,2025-12-25 14:54:00,2025-12-25 14:56:00,M,50+,office,seoul,0,0,0,0,2,0,0,26,0,0,completed
2982,U2982,2025-05-02 14:16:00,2025-05-02 14:21:00,F,30~39,office,seoul,0,0,0,0,18,0,0,72,0,0,completed
2983,U2983,2025-06-29 15:09:00,2025-06-29 15:11:00,F,40~49,office,seoul,1,0,0,0,8,0,0,51,0,0,completed
2984,U2984,2025-03-14 14:18:00,2025-03-14 14:20:00,F,40~49,office,seoul,0,0,0,0,3,0,0,63,0,0,completed
2985,U2985,2025-08-27 14:38:00,2025-08-27 14:42:00,M,50+,office,seoul,0,0,0,0,14,0,0,32,1,0,completed
2986,U2986,2025-09-25 22:40:00,2025-09-25 22:46:00,F,20~29,office,seoul,0,0,0,0,25,0,0,52,0,0,abandoned
2987,U2987,2025-04-30 08:48:00,2025-04-30 08:52:00,F,40~49,office,seoul,0,0,0,0,3,0,0,25,0,0,completed
2988,U2988,2025-06-04 09:07:00,2025-06-04 09:13:00,F,40~49,office,seoul,0,0,0,0,21,0,0,73,0,0,error
2989,U2989,2025-12-02 13:21:00,2025-12-02 13:28:00,F,40~49,office,seoul,0,0,0,0,14,0,0,50,0,0,timeout
2990,U2990,2025-05-19 09:22:00,2025-05-19 09:28:00,F,50+,office,seoul,0,0,0,0,19,0,0,23,0,0,completed
2991,U2991,2025-02-15 08:01:00,2025-02-15 08:05:00,M,30~39,office,seoul,1,0,0,0,8,0,0,31,0,0,completed
2992,U2992,2025-11-02 14:45:00,2025-11-02 14:47:00,M,20~29,office,seoul,1,0,0,0,25,0,0,60,0,0,completed
2993,U2993,2025-05-04 19:45:00,2025-05-04 19:49:00,M,50+,office,seoul,1,0,0,0,7,0,0,43,0,0,completed
2994,U2994,2025-10-05 12:53:00,2025-10-05 12:59:00,F,20~29,office,seoul,1,0,0,0,5,0,0,58,0,0,abandoned
2995,U2995,2025-05-19 11:48:00,2025-05-19 11:55:00,M,30~39,office,seoul,0,0,0,0,23,0,0,51,0,0,abandoned
2996,U2996,2025-05-22 17:12:00,2025-05-22 17:18:00,M,30~39,office,seoul,0,0,0,0,23,0,0,43,0,0,abandoned
2997,U2997,2025-10-28 18:05:00,2025-10-28 18:08:00,M,30~39,office,seoul,0,0,0,0,16,0,0,70,0,0,completed
2998,U2998,2025-07-06 15:13:00,2025-07-06 15:20:00,M,50+,office,seoul,1,0,0,0,16,0,0,45,0,0,completed
2999,U2999,2025-07-20 07:30:00,2025-07-20 07:36:00,F,30~39,office,seoul,1,0,0,0,19,0,0,40,0,0,completed
3000,U3000,2025-02-20 17:06:00,2025-02-20 17:13:00,F,40~49,office,seoul,0,0,0,0,14,0,0,27,0,0,completed
3001,U3001,2025-09-24 09:16:00,2025-09-24 09:21:00,M,20~29,office,seoul,0,0,0,0,13,0,0,74,0,0,completed
3002,U3002,2025-08-07 14:47:00,2025-08-07 14:49:00,F,20~29,office,seoul,0,0,0,0,26,0,0,29,0,0,timeout
3003,U3003,2025-02-14 17:33:00,2025-02-14 17:36:00,F,20~29,office,seoul,0,0,0,0,18,0,0,47,0,0,completed
3004,U3004,2025-07-26 16:35:00,2025-07-26 16:42:00,F,30~39,office,seoul,1,0,0,0,13,0,0,21,0,0,completed
3005,U3005,2025-07-06 14:15:00,2025-07-06 14:22:00,M,20~29,office,seoul,1,0,0,0,5,0,0,68,0,0,completed
3006,U3006,2025-09-09 15:05:00,2025-09-09 15:07:00,F,20~29,office,seoul,0,0,0,0,27,0,0,66,0,0,completed
3007,U3007,2025-05-30 09:50:00,2025-05-30 09:55:00,M,20~29,office,seoul,0,0,0,0,26,0,0,63,0,0,completed
3008,U3008,2025-11-06 14:23:00,2025-11-06 14:27:00,F,50+,office,seoul,0,0,0,0,12,0,0,72,0,0,completed
3009,U3009,2025-06-26 12:57:00,2025-06-26 13:04:00,M,30~39,office,seoul,0,0,0,0,6,0,0,34,0,0,completed
3010,U3010,2025-06-24 17:28:00,2025-06-24 17:35:00,F,30~39,office,seoul,0,0,0,0,7,0,0,68,0,0,abandoned
3011,U3011,2025-04-05 14:47:00,2025-04-05 14:52:00,F,20~29,office,seoul,1,0,0,0,0,0,0,22,0,0,completed
3012,U3012,2025-05-04 14:45:00,2025-05-04 14:52:00,F,20~29,office,seoul,1,0,0,0,16,0,0,57,0,0,completed
3013,U3013,2025-01-20 19:34:00,2025-01-20 19:39:00,F,30~39,office,seoul,0,0,0,0,19,0,0,51,0,0,completed
3014,U3014,2025-06-10 19:43:00,2025-06-10 19:46:00,M,20~29,office,seoul,0,0,0,0,8,0,0,13,0,0,completed
3015,U3015,2025-10-12 07:19:00,2025-10-12 07:22:00,F,30~39,office,seoul,1,0,0,0,25,0,0,35,0,0,abandoned
3016,U3016,2025-04-25 07:00:00,2025-04-25 07:06:00,M,50+,office,seoul,0,0,0,0,1,0,0,79,1,0,timeout
3017,U3017,2025-09-16 19:44:00,2025-09-16 19:48:00,M,30~39,office,seoul,0,0,0,0,8,0,0,70,0,0,completed
3018,U3018,2025-12-27 12:13:00,2025-12-27 12:16:00,F,30~39,office,seoul,1,0,0,0,11,0,0,69,0,0,completed
3019,U3019,2025-02-16 11:44:00,2025-02-16 11:50:00,M,20~29,office,seoul,1,0,0,0,3,0,0,70,0,0,completed
3020,U3020,2025-04-12 11:37:00,2025-04-12 11:39:00,F,50+,office,seoul,1,0,0,0,6,0,0,69,0,0,timeout
3021,U3021,2025-08-30 08:36:00,2025-08-30 08:43:00,F,30~39,office,seoul,1,0,0,0,10,0,0,29,0,0,completed
3022,U3022,2025-02-17 15:49:00,2025-02-17 15:55:00,M,50+,office,seoul,0,0,0,0,1,0,0,58,0,0,completed
3023,U3023,2025-01-03 16:20:00,2025-01-03 16:25:00,F,40~49,office,seoul,0,0,0,0,20,0,0,56,0,0,completed
3024,U3024,2025-09-19 07:15:00,2025-09-19 07:17:00,F,20~29,office,seoul,0,0,0,0,1,0,0,21,0,0,completed
3025,U3025,2025-05-27 15:05:00,2025-05-27 15:07:00,F,20~29,office,seoul,0,0,0,0,29,0,0,51,0,0,completed
3026,U3026,2025-12-05 13:48:00,2025-12-05 13:52:00,F,30~39,office,seoul,0,0,0,0,6,0,0,44,0,0,completed
3027,U3027,2025-09-15 12:36:00,2025-09-15 12:43:00,M,40~49,office,seoul,0,0,0,0,8,0,0,66,0,0,completed
3028,U3028,2025-04-17 17:50:00,2025-04-17 17:56:00,M,20~29,office,seoul,0,0,0,0,21,0,0,44,0,0,completed
3029,U3029,2025-03-17 13:31:00,2025-03-17 13:38:00,F,40~49,office,seoul,0,0,0,0,18,0,0,29,0,0,completed
3030,U3030,2025-09-07 11:26:00,2025-09-07 11:31:00,F,50+,office,seoul,1,0,0,0,4,0,0,56,0,0,completed
3031,U3031,2025-06-30 15:14:00,2025-06-30 15:20:00,F,40~49,office,seoul,0,0,0,0,15,0,0,26,0,0,completed
3032,U3032,2025-12-16 12:57:00,2025-12-16 13:02:00,M,20~29,office,seoul,0,0,0,0,7,0,0,74,0,0,completed
3033,U3033,2025-05-19 19:58:00,2025-05-19 20:01:00,M,30~39,office,seoul,0,0,0,0,8,0,0,19,0,0,completed
3034,U3034,2025-11-12 13:36:00,2025-11-12 13:42:00,F,30~39,office,seoul,0,0,0,0,25,0,0,76,0,0,completed
3035,U3035,2025-02-27 16:42:00,2025-02-27 16:48:00,F,30~39,office,seoul,0,0,0,0,23,0,0,62,0,0,completed
3036,U3036,2025-08-03 13:34:00,2025-08-03 13:37:00,F,50+,office,seoul,1,0,0,0,17,0,0,23,0,0,completed
3037,U3037,2025-01-29 12:27:00,2025-01-29 12:34:00,M,50+,office,seoul,0,0,0,0,3,0,0,74,0,0,abandoned
3038,U3038,2025-12-14 12:39:00,2025-12-14 12:43:00,F,30~39,office,seoul,1,0,0,0,14,0,0,55,0,0,completed
3039,U3039,2025-06-18 14:58:00,2025-06-18 15:03:00,F,20~29,office,seoul,0,0,0,0,16,0,0,77,0,0,completed
3040,U3040,2025-03-01 11:06:00,2025-03-01 11:11:00,F,30~39,office,seoul,1,0,0,0,4,0,0,36,0,0,completed
3041,U3041,2025-02-27 13:16:00,2025-02-27 13:22:00,F,40~49,office,seoul,0,0,0,0,24,0,0,48,0,0,completed
3042,U3042,2025-08-19 19:25:00,2025-08-19 19:31:00,M,20~29,office,seoul,0,0,0,0,29,0,0,17,0,0,completed
3043,U3043,2025-05-23 14:24:00,2025-05-23 14:29:00,F,40~49,office,seoul,0,0,0,0,28,0,0,76,0,0,abandoned
3044,U3044,2025-10-05 18:42:00,2025-10-05 18:48:00,M,50+,office,seoul,1,0,0,0,19,0,0,55,0,0,completed
3045,U3045,2025-08-01 08:55:00,2025-08-01 09:02:00,M,30~39,office,seoul,0,0,0,0,3,0,0,26,0,0,completed
3046,U3046,2025-07-26 09:56:00,2025-07-26 10:01:00,M,30~39,office,seoul,1,0,0,0,9,0,0,33,0,0,completed
3047,U3047,2025-04-03 14:33:00,2025-04-03 14:36:00,M,30~39,office,seoul,0,0,0,0,15,0,0,75,0,0,completed
3048,U3048,2025-02-22 17:27:00,2025-02-22 17:30:00,M,50+,office,seoul,1,0,0,0,16,0,0,12,0,0,completed
3049,U3049,2025-09-08 08:45:00,2025-09-08 08:52:00,M,50+,office,seoul,0,0,0,0,12,0,0,50,1,0,completed
3050,U3050,2025-07-15 22:08:00,2025-07-15 22:10:00,M,50+,office,seoul,0,0,0,0,10,0,0,44,1,0,abandoned
3051,U3051,2025-07-08 13:36:00,2025-07-08 13:42:00,M,40~49,office,seoul,0,0,0,0,1,0,0,35,0,0,completed
3052,U3052,2025-08-31 09:36:00,2025-08-31 09:41:00,M,20~29,office,seoul,1,0,0,0,14,0,0,49,1,0,completed
3053,U3053,2025-03-30 17:14:00,2025-03-30 17:18:00,F,20~29,office,seoul,1,0,0,0,19,0,0,51,0,0,completed
3054,U3054,2025-11-25 16:33:00,2025-11-25 16:38:00,F,30~39,office,seoul,0,0,0,0,17,0,0,49,0,0,completed
3055,U3055,2025-06-15 14:57:00,2025-06-15 15:03:00,F,30~39,office,seoul,1,0,0,0,13,0,0,73,0,0,completed
3056,U3056,2025-04-19 19:12:00,2025-04-19 19:17:00,M,20~29,office,seoul,1,0,0,0,17,0,0,13,0,0,completed
3057,U3057,2025-12-08 20:03:00,2025-12-08 20:09:00,M,30~39,office,seoul,0,0,0,0,25,0,0,13,0,0,completed
3058,U3058,2025-06-28 19:34:00,2025-06-28 19:36:00,M,40~49,office,seoul,1,0,0,0,26,0,0,73,0,0,completed
3059,U3059,2025-09-08 22:56:00,2025-09-08 23:00:00,M,20~29,office,seoul,0,0,0,0,27,0,0,74,0,0,completed
3060,U3060,2025-03-02 07:00:00,2025-03-02 07:06:00,F,40~49,office,seoul,1,0,0,0,20,0,0,55,1,0,completed
3061,U3061,2025-10-28 09:23:00,2025-10-28 09:28:00,F,40~49,office,seoul,0,0,0,0,25,0,0,45,0,0,completed
3062,U3062,2025-05-30 12:29:00,2025-05-30 12:36:00,F,30~39,office,seoul,0,0,0,0,13,0,0,31,0,0,completed
3063,U3063,2025-10-25 16:55:00,2025-10-25 16:58:00,F,20~29,office,seoul,1,0,0,0,4,0,0,56,0,0,completed
3064,U3064,2025-01-16 13:15:00,2025-01-16 13:21:00,F,20~29,office,seoul,0,0,0,0,18,0,0,47,0,0,completed
3065,U3065,2025-05-24 17:48:00,2025-05-24 17:50:00,F,30~39,office,seoul,1,0,0,0,7,0,0,65,0,0,completed
3066,U3066,2025-08-22 17:45:00,2025-08-22 17:52:00,F,40~49,office,seoul,0,0,0,0,18,0,0,16,0,0,completed
3067,U3067,2025-05-24 14:17:00,2025-05-24 14:20:00,F,50+,office,seoul,1,0,0,0,17,0,0,39,0,0,abandoned
3068,U3068,2025-03-19 16:03:00,2025-03-19 16:07:00,M,50+,office,seoul,0,0,0,0,13,0,0,77,0,0,completed
3069,U3069,2025-01-22 16:13:00,2025-01-22 16:20:00,M,20~29,office,seoul,0,0,0,0,9,0,0,11,0,0,completed
3070,U3070,2025-04-22 15:36:00,2025-04-22 15:39:00,F,20~29,office,seoul,0,0,0,0,14,0,0,47,0,0,completed
3071,U3071,2025-02-01 19:59:00,2025-02-01 20:02:00,F,40~49,office,seoul,1,0,0,0,23,0,0,66,0,0,completed
3072,U3072,2025-07-18 09:09:00,2025-07-18 09:11:00,F,30~39,office,seoul,0,0,0,0,4,0,0,63,0,0,completed
3073,U3073,2025-06-08 20:53:00,2025-06-08 20:55:00,M,50+,office,seoul,1,0,0,0,4,0,0,45,0,0,completed
3074,U3074,2025-05-01 11:00:00,2025-05-01 11:03:00,F,50+,office,seoul,0,0,0,0,6,0,0,40,1,0,completed
3075,U3075,2025-06-18 16:14:00,2025-06-18 16:19:00,M,30~39,office,seoul,0,0,0,0,11,0,0,43,0,0,completed
3076,U3076,2025-01-21 13:26:00,2025-01-21 13:29:00,M,40~49,office,seoul,0,0,0,0,25,0,0,19,0,0,abandoned
3077,U3077,2025-09-09 09:32:00,2025-09-09 09:35:00,F,20~29,office,seoul,0,0,0,0,24,0,0,37,0,0,completed
3078,U3078,2025-09-14 21:44:00,2025-09-14 21:47:00,M,50+,office,seoul,1,0,0,0,28,0,0,20,0,0,completed
3079,U3079,2025-05-05 08:16:00,2025-05-05 08:18:00,F,50+,office,seoul,0,0,0,0,15,0,0,12,0,0,timeout
3080,U3080,2025-10-20 15:36:00,2025-10-20 15:43:00,M,40~49,office,seoul,0,0,0,0,19,0,0,15,0,0,completed
3081,U3081,2025-12-23 09:20:00,2025-12-23 09:25:00,M,30~39,office,seoul,0,0,0,0,28,0,0,42,0,0,timeout
3082,U3082,2025-02-20 09:50:00,2025-02-20 09:53:00,M,30~39,office,seoul,0,0,0,0,9,0,0,71,0,0,completed
3083,U3083,2025-08-19 18:25:00,2025-08-19 18:31:00,M,50+,office,seoul,0,0,0,0,4,0,0,14,0,0,completed
3084,U3084,2025-06-21 09:09:00,2025-06-21 09:16:00,F,40~49,office,seoul,1,0,0,0,22,0,0,57,0,0,completed
3085,U3085,2025-09-25 15:04:00,2025-09-25 15:08:00,F,50+,office,seoul,0,0,0,0,11,0,0,57,0,0,completed
3086,U3086,2025-06-02 17:23:00,2025-06-02 17:30:00,F,30~39,office,seoul,0,0,0,0,8,0,0,72,0,0,completed
3087,U3087,2025-01-16 09:59:00,2025-01-16 10:03:00,F,50+,office,seoul,0,0,0,0,22,0,0,13,0,0,completed
3088,U3088,2025-03-30 09:54:00,2025-03-30 09:56:00,M,40~49,office,seoul,1,0,0,0,19,0,0,14,0,0,completed
3089,U3089,2025-06-19 08:59:00,2025-06-19 09:04:00,M,30~39,office,seoul,0,0,0,0,17,0,0,35,0,0,completed
3090,U3090,2025-01-12 16:43:00,2025-01-12 16:49:00,F,20~29,office,seoul,1,0,0,0,24,0,0,28,0,0,completed
3091,U3091,2025-03-15 17:36:00,2025-03-15 17:40:00,F,50+,office,seoul,1,0,0,0,16,0,0,16,0,0,completed
3092,U3092,2025-10-20 20:35:00,2025-10-20 20:40:00,F,20~29,office,seoul,0,0,0,0,11,0,0,23,0,0,completed
3093,U3093,2025-04-19 15:29:00,2025-04-19 15:32:00,M,30~39,office,seoul,1,0,0,0,1,0,0,71,0,0,abandoned
3094,U3094,2025-07-05 18:09:00,2025-07-05 18:11:00,M,30~39,office,seoul,1,0,0,0,23,0,0,63,0,0,completed
3095,U3095,2025-08-15 12:17:00,2025-08-15 12:23:00,F,40~49,office,seoul,0,0,0,0,1,0,0,38,0,0,completed
3096,U3096,2025-01-05 07:02:00,2025-01-05 07:09:00,M,20~29,office,seoul,1,0,0,0,0,0,0,28,0,0,abandoned
3097,U3097,2025-01-18 17:28:00,2025-01-18 17:35:00,M,40~49,office,seoul,1,0,0,0,16,0,0,25,0,0,completed
3098,U3098,2025-01-23 21:32:00,2025-01-23 21:34:00,F,40~49,office,seoul,0,0,0,0,20,0,0,20,0,0,completed
3099,U3099,2025-02-21 17:37:00,2025-02-21 17:42:00,M,30~39,office,seoul,0,0,0,0,1,0,0,27,0,0,completed
3100,U3100,2025-02-08 18:41:00,2025-02-08 18:45:00,M,20~29,office,seoul,1,0,0,0,28,0,0,11,0,0,completed
3101,U3101,2025-04-16 16:08:00,2025-04-16 16:13:00,F,20~29,office,seoul,0,0,0,0,14,0,0,26,0,0,completed
3102,U3102,2025-09-16 13:12:00,2025-09-16 13:16:00,M,50+,office,seoul,0,0,0,0,22,0,0,78,0,0,completed
3103,U3103,2025-11-18 15:14:00,2025-11-18 15:18:00,F,40~49,office,seoul,0,0,0,0,8,0,0,35,0,0,completed
3104,U3104,2025-08-25 09:17:00,2025-08-25 09:24:00,F,20~29,office,seoul,0,0,0,0,23,0,0,27,0,0,error
3105,U3105,2025-07-19 13:40:00,2025-07-19 13:47:00,F,20~29,office,seoul,1,0,0,0,2,0,0,76,0,0,completed
3106,U3106,2025-05-10 17:47:00,2025-05-10 17:51:00,M,20~29,office,seoul,1,0,0,0,18,0,0,39,0,0,completed
3107,U3107,2025-06-28 12:55:00,2025-06-28 12:57:00,M,50+,office,seoul,1,0,0,0,8,0,0,69,0,0,completed
3108,U3108,2025-02-16 19:30:00,2025-02-16 19:36:00,M,20~29,office,seoul,1,0,0,0,29,0,0,16,0,0,completed
3109,U3109,2025-07-10 12:17:00,2025-07-10 12:22:00,M,40~49,office,seoul,0,0,0,0,25,0,0,51,0,0,completed
3110,U3110,2025-10-09 18:58:00,2025-10-09 19:05:00,F,40~49,office,seoul,0,0,0,0,28,0,0,14,0,0,completed
3111,U3111,2025-06-09 07:51:00,2025-06-09 07:55:00,F,50+,office,seoul,0,0,0,0,17,0,0,73,0,0,completed
3112,U3112,2025-11-19 17:31:00,2025-11-19 17:34:00,M,20~29,office,seoul,0,0,0,0,15,0,0,67,0,0,completed
3113,U3113,2025-10-12 21:36:00,2025-10-12 21:42:00,F,20~29,office,seoul,1,0,0,0,10,0,0,46,0,0,completed
3114,U3114,2025-03-02 12:16:00,2025-03-02 12:23:00,M,50+,office,seoul,1,0,0,0,23,0,0,33,0,1,completed
3115,U3115,2025-12-08 08:10:00,2025-12-08 08:13:00,M,30~39,office,seoul,0,0,0,0,4,0,0,70,0,0,completed
3116,U3116,2025-04-08 20:56:00,2025-04-08 21:01:00,F,20~29,office,seoul,0,0,0,0,2,0,0,23,0,0,completed
3117,U3117,2025-01-19 19:55:00,2025-01-19 19:57:00,M,20~29,office,seoul,1,0,0,0,15,0,0,18,0,0,completed
3118,U3118,2025-01-16 18:03:00,2025-01-16 18:07:00,M,50+,office,seoul,0,0,0,0,8,0,0,26,0,0,completed
3119,U3119,2025-08-18 08:35:00,2025-08-18 08:39:00,F,50+,office,seoul,0,0,0,0,11,0,0,42,0,0,completed
3120,U3120,2025-06-16 19:59:00,2025-06-16 20:06:00,F,30~39,office,seoul,0,0,0,0,4,0,0,50,0,0,abandoned
3121,U3121,2025-01-21 13:03:00,2025-01-21 13:09:00,M,30~39,office,seoul,0,0,0,0,21,0,0,72,0,0,completed
3122,U3122,2025-08-03 16:42:00,2025-08-03 16:44:00,F,20~29,office,seoul,1,0,0,0,16,0,0,58,0,0,completed
3123,U3123,2025-05-17 11:48:00,2025-05-17 11:54:00,M,30~39,office,seoul,1,0,0,0,10,0,0,46,0,0,timeout
3124,U3124,2025-10-05 07:36:00,2025-10-05 07:42:00,M,50+,office,seoul,1,0,0,0,12,0,0,31,0,0,completed
3125,U3125,2025-07-20 15:10:00,2025-07-20 15:16:00,M,20~29,office,seoul,1,0,0,0,9,0,0,60,0,0,completed
3126,U3126,2025-03-15 15:58:00,2025-03-15 16:03:00,F,20~29,office,seoul,1,0,0,0,29,0,0,28,0,0,completed
3127,U3127,2025-07-27 18:35:00,2025-07-27 18:40:00,F,20~29,office,seoul,1,0,0,0,7,0,0,75,0,0,completed
3128,U3128,2025-03-22 08:23:00,2025-03-22 08:28:00,M,50+,office,seoul,1,0,0,0,16,0,0,20,1,0,completed
3129,U3129,2025-01-31 19:24:00,2025-01-31 19:27:00,F,50+,office,seoul,0,0,0,0,26,0,0,66,1,0,completed
3130,U3130,2025-12-19 14:43:00,2025-12-19 14:50:00,M,40~49,office,seoul,0,0,0,0,16,0,0,24,0,0,completed
3131,U3131,2025-01-31 18:56:00,2025-01-31 18:59:00,F,20~29,office,seoul,0,0,0,0,13,0,0,63,0,0,completed
3132,U3132,2025-01-22 11:46:00,2025-01-22 11:52:00,F,20~29,office,seoul,0,0,0,0,23,0,0,30,0,0,abandoned
3133,U3133,2025-10-17 20:22:00,2025-10-17 20:26:00,F,30~39,office,seoul,0,0,0,0,5,0,0,34,0,0,completed
3134,U3134,2025-08-08 14:52:00,2025-08-08 14:54:00,M,40~49,office,seoul,0,0,0,0,20,0,0,59,0,0,completed
3135,U3135,2025-03-26 07:12:00,2025-03-26 07:15:00,F,20~29,office,seoul,0,0,0,0,18,0,0,39,0,0,completed
3136,U3136,2025-09-14 12:06:00,2025-09-14 12:08:00,M,40~49,office,seoul,1,0,0,0,5,0,0,19,0,0,completed
3137,U3137,2025-11-13 15:10:00,2025-11-13 15:12:00,F,40~49,office,seoul,0,0,0,0,29,0,0,60,0,0,completed
3138,U3138,2025-06-24 14:12:00,2025-06-24 14:15:00,M,30~39,office,seoul,0,0,0,0,27,0,0,33,0,0,abandoned
3139,U3139,2025-02-13 12:15:00,2025-02-13 12:18:00,M,30~39,office,seoul,0,0,0,0,17,0,0,38,0,0,completed
3140,U3140,2025-01-27 11:44:00,2025-01-27 11:50:00,F,20~29,office,seoul,0,0,0,0,11,0,0,61,0,0,completed
3141,U3141,2025-08-27 13:57:00,2025-08-27 14:03:00,F,30~39,office,seoul,0,0,0,0,3,0,0,42,0,0,completed
3142,U3142,2025-07-28 12:37:00,2025-07-28 12:39:00,M,30~39,office,seoul,0,0,0,0,4,0,0,14,0,0,completed
3143,U3143,2025-11-25 07:00:00,2025-11-25 07:05:00,M,50+,office,seoul,0,0,0,0,5,0,0,76,0,0,completed
3144,U3144,2025-12-27 14:33:00,2025-12-27 14:38:00,M,30~39,office,seoul,1,0,0,0,20,0,0,23,0,0,completed
3145,U3145,2025-12-11 07:12:00,2025-12-11 07:14:00,M,20~29,office,seoul,0,0,0,0,12,0,0,33,0,0,completed
3146,U3146,2025-10-29 11:23:00,2025-10-29 11:27:00,F,20~29,office,seoul,0,0,0,0,1,0,0,46,0,0,completed
3147,U3147,2025-04-26 19:57:00,2025-04-26 20:01:00,F,50+,office,seoul,1,0,0,0,28,0,0,41,0,0,completed
3148,U3148,2025-09-26 09:51:00,2025-09-26 09:54:00,M,40~49,office,seoul,0,0,0,0,27,0,0,73,0,0,completed
3149,U3149,2025-03-19 16:07:00,2025-03-19 16:14:00,F,50+,office,seoul,0,0,0,0,11,0,0,63,0,0,completed
3150,U3150,2025-09-20 21:58:00,2025-09-20 22:00:00,F,40~49,office,seoul,1,0,0,0,22,0,0,29,1,0,completed
3151,U3151,2025-01-22 14:48:00,2025-01-22 14:51:00,F,50+,office,seoul,0,0,0,0,3,0,0,29,0,0,completed
3152,U3152,2025-07-25 18:22:00,2025-07-25 18:24:00,F,20~29,office,seoul,0,0,0,0,9,0,0,68,0,0,completed
3153,U3153,2025-02-24 15:47:00,2025-02-24 15:51:00,M,30~39,office,seoul,0,0,0,0,17,0,0,28,0,0,completed
3154,U3154,2025-11-14 07:22:00,2025-11-14 07:25:00,F,30~39,office,seoul,0,0,0,0,3,0,0,55,0,0,abandoned
3155,U3155,2025-04-09 07:28:00,2025-04-09 07:33:00,F,20~29,office,seoul,0,0,0,0,16,0,0,36,0,0,completed
3156,U3156,2025-11-27 22:32:00,2025-11-27 22:37:00,F,30~39,office,seoul,0,0,0,0,23,0,0,46,0,0,completed
3157,U3157,2025-01-15 20:11:00,2025-01-15 20:15:00,M,50+,office,seoul,0,0,0,0,6,0,0,77,0,0,completed
3158,U3158,2025-01-06 19:06:00,2025-01-06 19:08:00,M,20~29,office,seoul,0,0,0,0,27,0,0,52,0,0,completed
3159,U3159,2025-10-01 13:57:00,2025-10-01 14:04:00,F,30~39,office,seoul,0,0,0,0,14,0,0,65,0,0,completed
3160,U3160,2025-09-17 17:25:00,2025-09-17 17:31:00,M,50+,office,seoul,0,0,0,0,0,0,0,44,0,0,completed
3161,U3161,2025-10-21 20:19:00,2025-10-21 20:26:00,M,30~39,office,seoul,0,0,0,0,4,0,0,12,0,0,completed
3162,U3162,2025-09-29 15:02:00,2025-09-29 15:09:00,M,40~49,office,seoul,0,0,0,0,9,0,0,48,0,0,completed
3163,U3163,2025-07-31 07:13:00,2025-07-31 07:18:00,F,30~39,office,seoul,0,0,0,0,27,0,0,57,0,0,completed
3164,U3164,2025-03-19 08:00:00,2025-03-19 08:07:00,M,40~49,office,seoul,0,0,0,0,10,0,0,63,0,0,completed
3165,U3165,2025-08-12 11:03:00,2025-08-12 11:06:00,F,20~29,office,seoul,0,0,0,0,7,0,0,51,0,0,completed
3166,U3166,2025-01-25 16:19:00,2025-01-25 16:26:00,M,40~49,office,seoul,1,0,0,0,17,0,0,10,0,0,completed
3167,U3167,2025-02-11 13:03:00,2025-02-11 13:06:00,F,40~49,office,seoul,0,0,0,0,23,0,0,38,0,0,completed
3168,U3168,2025-12-12 15:02:00,2025-12-12 15:05:00,F,30~39,office,seoul,0,0,0,0,22,0,0,11,0,0,completed
3169,U3169,2025-01-08 14:10:00,2025-01-08 14:14:00,M,50+,office,seoul,0,0,0,0,17,0,0,60,0,0,completed
3170,U3170,2025-08-31 09:18:00,2025-08-31 09:21:00,F,20~29,office,seoul,1,0,0,0,29,0,0,29,0,0,completed
3171,U3171,2025-02-23 13:27:00,2025-02-23 13:30:00,M,30~39,office,seoul,1,0,0,0,26,0,0,78,0,0,completed
3172,U3172,2025-10-28 16:03:00,2025-10-28 16:09:00,F,30~39,office,seoul,0,0,0,0,19,0,0,38,0,0,completed
3173,U3173,2025-05-08 15:16:00,2025-05-08 15:22:00,F,20~29,office,seoul,0,0,0,0,9,0,0,17,0,0,completed
3174,U3174,2025-04-28 11:01:00,2025-04-28 11:08:00,M,20~29,office,seoul,0,0,0,0,24,0,0,61,0,0,completed
3175,U3175,2025-10-23 08:59:00,2025-10-23 09:03:00,F,40~49,office,seoul,0,0,0,0,7,0,0,77,0,0,abandoned
3176,U3176,2025-07-21 14:57:00,2025-07-21 14:59:00,F,30~39,office,seoul,0,0,0,0,18,0,0,35,0,0,abandoned
3177,U3177,2025-04-18 21:29:00,2025-04-18 21:31:00,M,20~29,office,seoul,0,0,0,0,18,0,0,52,0,0,completed
3178,U3178,2025-01-14 17:37:00,2025-01-14 17:42:00,F,40~49,office,seoul,0,0,0,0,29,0,0,49,0,0,completed
3179,U3179,2025-02-28 08:48:00,2025-02-28 08:51:00,M,30~39,office,seoul,0,0,0,0,18,0,0,54,0,0,timeout
3180,U3180,2025-11-30 11:55:00,2025-11-30 12:00:00,F,30~39,office,seoul,1,0,0,0,20,0,0,62,0,0,completed
3181,U3181,2025-01-27 17:14:00,2025-01-27 17:18:00,M,40~49,office,seoul,0,0,0,0,15,0,0,42,0,1,completed
3182,U3182,2025-01-24 08:15:00,2025-01-24 08:18:00,M,40~49,office,seoul,0,0,0,0,25,0,0,41,0,0,completed
3183,U3183,2025-05-05 15:37:00,2025-05-05 15:43:00,M,20~29,office,seoul,0,0,0,0,19,0,0,28,0,0,completed
3184,U3184,2025-11-27 08:38:00,2025-11-27 08:44:00,F,40~49,office,seoul,0,0,0,0,13,0,0,24,0,0,abandoned
3185,U3185,2025-04-08 15:42:00,2025-04-08 15:47:00,M,30~39,office,seoul,0,0,0,0,17,0,0,45,0,0,completed
3186,U3186,2025-04-30 13:00:00,2025-04-30 13:04:00,F,40~49,office,seoul,0,0,0,0,23,0,0,53,0,0,completed
3187,U3187,2025-12-11 13:50:00,2025-12-11 13:56:00,F,50+,office,seoul,0,0,0,0,26,0,0,28,0,0,completed
3188,U3188,2025-03-12 17:25:00,2025-03-12 17:28:00,F,40~49,office,seoul,0,0,0,0,16,0,0,26,0,0,completed
3189,U3189,2025-03-11 16:40:00,2025-03-11 16:45:00,F,40~49,office,seoul,0,0,0,0,16,0,0,16,0,0,completed
3190,U3190,2025-08-17 12:45:00,2025-08-17 12:49:00,M,20~29,office,seoul,1,0,0,0,6,0,0,53,0,0,completed
3191,U3191,2025-07-17 17:31:00,2025-07-17 17:33:00,F,20~29,office,seoul,0,0,0,0,4,0,0,37,0,0,completed
3192,U3192,2025-06-22 13:23:00,2025-06-22 13:25:00,F,30~39,office,seoul,1,0,0,0,20,0,0,14,0,0,completed
3193,U3193,2025-08-23 07:12:00,2025-08-23 07:18:00,M,50+,office,seoul,1,0,0,0,2,0,0,57,0,0,completed
3194,U3194,2025-06-15 15:48:00,2025-06-15 15:52:00,M,30~39,office,seoul,1,0,0,0,23,0,0,27,0,0,abandoned
3195,U3195,2025-06-21 16:56:00,2025-06-21 16:58:00,F,20~29,office,seoul,1,0,0,0,5,0,0,45,0,0,completed
3196,U3196,2025-10-27 14:35:00,2025-10-27 14:42:00,M,30~39,office,seoul,0,0,0,0,25,0,0,10,0,0,error
3197,U3197,2025-12-24 09:00:00,2025-12-24 09:07:00,M,30~39,office,seoul,0,0,0,0,12,0,0,10,0,0,completed
3198,U3198,2025-10-31 18:20:00,2025-10-31 18:22:00,F,50+,office,seoul,0,0,0,0,16,0,0,49,0,0,completed
3199,U3199,2025-02-10 14:04:00,2025-02-10 14:09:00,F,40~49,office,seoul,0,0,0,0,16,0,0,62,0,0,completed
3200,U3200,2025-02-06 20:54:00,2025-02-06 20:56:00,F,20~29,office,seoul,0,0,0,0,20,0,0,43,0,0,completed
3201,U3201,2025-02-11 09:08:00,2025-02-11 09:15:00,F,20~29,office,seoul,0,0,0,0,2,0,0,46,1,0,completed
3202,U3202,2025-08-15 16:30:00,2025-08-15 16:34:00,M,20~29,office,seoul,0,0,0,0,12,0,0,12,0,0,completed
3203,U3203,2025-05-08 15:17:00,2025-05-08 15:20:00,F,20~29,office,seoul,0,0,0,0,19,0,0,13,0,0,completed
3204,U3204,2025-02-22 09:55:00,2025-02-22 09:57:00,F,50+,office,seoul,1,0,0,0,22,0,0,23,0,0,completed
3205,U3205,2025-09-17 21:04:00,2025-09-17 21:09:00,M,40~49,office,seoul,0,0,0,0,12,0,0,68,0,0,completed
3206,U3206,2025-11-12 15:53:00,2025-11-12 15:59:00,M,40~49,office,seoul,0,0,0,0,15,0,0,22,0,0,completed
3207,U3207,2025-03-13 16:38:00,2025-03-13 16:42:00,M,50+,office,seoul,0,0,0,0,4,0,0,35,0,0,completed
3208,U3208,2025-04-03 20:57:00,2025-04-03 21:02:00,M,40~49,office,seoul,0,0,0,0,1,0,0,72,0,0,completed
3209,U3209,2025-05-02 14:55:00,2025-05-02 14:57:00,F,20~29,office,seoul,0,0,0,0,12,0,0,74,0,0,completed
3210,U3210,2025-04-13 08:47:00,2025-04-13 08:54:00,F,40~49,office,seoul,1,0,0,0,4,0,0,24,0,0,abandoned
3211,U3211,2025-04-08 12:02:00,2025-04-08 12:05:00,M,30~39,office,seoul,0,0,0,0,1,0,0,62,0,0,completed
3212,U3212,2025-04-24 16:21:00,2025-04-24 16:24:00,F,20~29,office,seoul,0,0,0,0,23,0,0,25,1,0,completed
3213,U3213,2025-08-31 14:20:00,2025-08-31 14:24:00,F,30~39,office,seoul,1,0,0,0,17,0,0,40,0,0,timeout
3214,U3214,2025-07-12 16:28:00,2025-07-12 16:31:00,F,20~29,office,seoul,1,0,0,0,14,0,0,69,0,0,completed
3215,U3215,2025-12-05 14:10:00,2025-12-05 14:14:00,M,30~39,office,seoul,0,0,0,0,12,0,0,70,0,0,completed
3216,U3216,2025-06-17 13:25:00,2025-06-17 13:28:00,M,30~39,office,seoul,0,0,0,0,16,0,0,27,0,0,completed
3217,U3217,2025-01-08 07:20:00,2025-01-08 07:22:00,M,20~29,office,seoul,0,0,0,0,29,0,0,69,0,0,completed
3218,U3218,2025-02-13 12:33:00,2025-02-13 12:39:00,F,50+,office,seoul,0,0,0,0,24,0,0,60,0,0,completed
3219,U3219,2025-03-15 21:20:00,2025-03-15 21:25:00,F,40~49,office,seoul,1,0,0,0,0,0,0,14,0,0,completed
3220,U3220,2025-04-19 09:49:00,2025-04-19 09:56:00,F,30~39,office,seoul,1,0,0,0,13,0,0,60,0,0,completed
3221,U3221,2025-07-06 21:48:00,2025-07-06 21:51:00,M,30~39,office,seoul,1,0,0,0,18,0,0,35,0,0,completed
3222,U3222,2025-12-17 09:40:00,2025-12-17 09:44:00,F,30~39,office,seoul,0,0,0,0,20,0,0,59,0,0,timeout
3223,U3223,2025-04-10 12:06:00,2025-04-10 12:11:00,F,40~49,office,seoul,0,0,0,0,20,0,0,32,1,0,completed
3224,U3224,2025-06-16 13:12:00,2025-06-16 13:16:00,M,50+,office,seoul,0,0,0,0,11,0,0,15,0,0,completed
3225,U3225,2025-12-28 20:28:00,2025-12-28 20:30:00,M,20~29,office,seoul,1,0,0,0,3,0,0,49,0,0,completed
3226,U3226,2025-02-02 09:40:00,2025-02-02 09:46:00,F,30~39,office,seoul,1,0,0,0,19,0,0,21,0,0,completed
3227,U3227,2025-12-03 15:30:00,2025-12-03 15:35:00,M,30~39,office,seoul,0,0,0,0,22,0,0,46,0,0,completed
3228,U3228,2025-06-19 12:32:00,2025-06-19 12:39:00,F,30~39,office,seoul,0,0,0,0,4,0,0,27,0,0,completed
3229,U3229,2025-11-20 12:28:00,2025-11-20 12:35:00,F,40~49,office,seoul,0,0,0,0,7,0,0,12,1,0,completed
3230,U3230,2025-08-09 20:01:00,2025-08-09 20:05:00,M,30~39,office,seoul,1,0,0,0,17,0,0,19,0,0,completed
3231,U3231,2025-04-11 15:57:00,2025-04-11 16:03:00,F,30~39,office,seoul,0,0,0,0,16,0,0,71,0,0,completed
3232,U3232,2025-11-15 09:54:00,2025-11-15 10:00:00,F,40~49,office,seoul,1,0,0,0,2,0,0,28,0,0,completed
3233,U3233,2025-04-27 08:27:00,2025-04-27 08:32:00,F,20~29,office,seoul,1,0,0,0,6,0,0,30,0,0,completed
3234,U3234,2025-09-13 14:53:00,2025-09-13 14:56:00,F,50+,office,seoul,1,0,0,0,12,0,0,37,0,0,timeout
3235,U3235,2025-11-15 08:49:00,2025-11-15 08:53:00,F,40~49,office,seoul,1,0,0,0,1,0,0,47,0,0,completed
3236,U3236,2025-03-22 14:17:00,2025-03-22 14:24:00,F,40~49,office,seoul,1,0,0,0,7,0,0,35,0,0,completed
3237,U3237,2025-10-30 15:34:00,2025-10-30 15:39:00,F,40~49,office,seoul,0,0,0,0,12,0,0,48,0,1,completed
3238,U3238,2025-12-30 09:44:00,2025-12-30 09:50:00,F,50+,office,seoul,0,0,0,0,3,0,0,24,0,1,completed
3239,U3239,2025-06-23 19:35:00,2025-06-23 19:40:00,M,50+,office,seoul,0,0,0,0,12,0,0,52,0,1,completed
3240,U3240,2025-11-18 11:50:00,2025-11-18 11:54:00,F,30~39,office,seoul,0,0,0,0,23,0,0,35,0,0,completed
3241,U3241,2025-11-06 13:27:00,2025-11-06 13:29:00,M,20~29,office,seoul,0,0,0,0,16,0,0,37,0,0,completed
3242,U3242,2025-03-23 14:53:00,2025-03-23 14:57:00,F,30~39,office,seoul,1,0,0,0,18,0,0,57,0,0,completed
3243,U3243,2025-08-18 09:04:00,2025-08-18 09:11:00,F,30~39,office,seoul,0,0,0,0,24,0,0,49,0,0,completed
3244,U3244,2025-03-12 16:01:00,2025-03-12 16:03:00,F,30~39,office,seoul,0,0,0,0,1,0,0,38,0,0,completed
3245,U3245,2025-05-13 17:41:00,2025-05-13 17:43:00,M,30~39,office,seoul,0,0,0,0,27,0,0,48,0,0,completed
3246,U3246,2025-01-08 14:04:00,2025-01-08 14:09:00,F,30~39,office,seoul,0,0,0,0,19,0,0,26,0,0,completed
3247,U3247,2025-09-23 12:09:00,2025-09-23 12:12:00,F,40~49,office,seoul,0,0,0,0,19,0,0,39,0,0,completed
3248,U3248,2025-03-07 18:04:00,2025-03-07 18:06:00,M,50+,office,seoul,0,0,0,0,1,0,0,47,0,0,completed
3249,U3249,2025-03-13 12:00:00,2025-03-13 12:02:00,M,30~39,office,seoul,0,0,0,0,20,0,0,45,0,0,completed
3250,U3250,2025-08-17 12:46:00,2025-08-17 12:51:00,M,50+,office,seoul,1,0,0,0,5,0,0,17,0,0,completed
3251,U3251,2025-02-25 20:29:00,2025-02-25 20:34:00,F,20~29,office,seoul,0,0,0,0,14,0,0,51,0,0,completed
3252,U3252,2025-09-05 07:25:00,2025-09-05 07:29:00,F,30~39,office,seoul,0,0,0,0,7,0,0,43,1,0,completed
3253,U3253,2025-05-18 18:00:00,2025-05-18 18:06:00,M,40~49,office,seoul,1,0,0,0,4,0,0,40,1,0,completed
3254,U3254,2025-07-01 09:24:00,2025-07-01 09:31:00,M,20~29,office,seoul,0,0,0,0,29,0,0,76,0,0,completed
3255,U3255,2025-06-29 13:49:00,2025-06-29 13:56:00,F,40~49,office,seoul,1,0,0,0,14,0,0,36,0,0,completed
3256,U3256,2025-02-09 07:58:00,2025-02-09 08:03:00,F,40~49,office,seoul,1,0,0,0,22,0,0,55,0,0,completed
3257,U3257,2025-09-25 17:08:00,2025-09-25 17:14:00,M,50+,office,seoul,0,0,0,0,7,0,0,14,0,0,error
3258,U3258,2025-03-29 14:59:00,2025-03-29 15:03:00,F,30~39,office,seoul,1,0,0,0,2,0,0,51,0,0,abandoned
3259,U3259,2025-12-05 20:46:00,2025-12-05 20:52:00,F,20~29,office,seoul,0,0,0,0,14,0,0,22,0,0,completed
3260,U3260,2025-01-25 19:57:00,2025-01-25 20:02:00,F,30~39,office,seoul,1,0,0,0,23,0,0,63,0,0,completed
3261,U3261,2025-12-19 08:01:00,2025-12-19 08:05:00,F,30~39,office,seoul,0,0,0,0,6,0,0,65,0,0,completed
3262,U3262,2025-08-12 13:29:00,2025-08-12 13:35:00,F,40~49,office,seoul,0,0,0,0,27,0,0,46,0,0,completed
3263,U3263,2025-09-22 09:13:00,2025-09-22 09:16:00,F,20~29,office,seoul,0,0,0,0,24,0,0,19,0,0,abandoned
3264,U3264,2025-07-19 19:20:00,2025-07-19 19:27:00,F,20~29,office,seoul,1,0,0,0,22,0,0,62,0,0,completed
3265,U3265,2025-03-25 22:05:00,2025-03-25 22:08:00,F,30~39,office,seoul,0,0,0,0,20,0,0,76,0,0,completed
3266,U3266,2025-04-17 14:56:00,2025-04-17 15:03:00,M,30~39,office,seoul,0,0,0,0,11,0,0,37,0,0,completed
3267,U3267,2025-12-01 17:50:00,2025-12-01 17:53:00,M,30~39,office,seoul,0,0,0,0,16,0,0,29,0,0,completed
3268,U3268,2025-10-07 15:18:00,2025-10-07 15:21:00,F,40~49,office,seoul,0,0,0,0,13,0,0,71,0,0,completed
3269,U3269,2025-12-23 15:40:00,2025-12-23 15:44:00,M,50+,office,seoul,0,0,0,0,26,0,0,45,1,0,completed
3270,U3270,2025-05-27 20:06:00,2025-05-27 20:12:00,M,30~39,office,seoul,0,0,0,0,18,0,0,55,0,0,completed
3271,U3271,2025-09-08 11:40:00,2025-09-08 11:46:00,F,20~29,office,seoul,0,0,0,0,25,0,0,70,0,0,completed
3272,U3272,2025-11-29 11:00:00,2025-11-29 11:02:00,F,40~49,office,seoul,1,0,0,0,6,0,0,15,0,0,completed
3273,U3273,2025-04-25 18:22:00,2025-04-25 18:27:00,M,30~39,office,seoul,0,0,0,0,4,0,0,34,0,0,completed
3274,U3274,2025-08-19 18:47:00,2025-08-19 18:53:00,M,30~39,office,seoul,0,0,0,0,15,0,0,73,0,0,completed
3275,U3275,2025-10-06 08:13:00,2025-10-06 08:16:00,F,20~29,office,seoul,0,0,0,0,25,0,0,13,0,0,completed
3276,U3276,2025-06-26 15:27:00,2025-06-26 15:34:00,F,20~29,office,seoul,0,0,0,0,11,0,0,37,0,0,abandoned
3277,U3277,2025-10-31 19:35:00,2025-10-31 19:39:00,M,30~39,office,seoul,0,0,0,0,5,0,0,76,0,0,completed
3278,U3278,2025-01-05 15:40:00,2025-01-05 15:43:00,M,50+,office,seoul,1,0,0,0,21,0,0,49,0,0,completed
3279,U3279,2025-03-25 21:28:00,2025-03-25 21:35:00,M,20~29,office,seoul,0,0,0,0,27,0,0,41,0,0,completed
3280,U3280,2025-05-16 15:25:00,2025-05-16 15:32:00,F,30~39,office,seoul,0,0,0,0,19,0,0,47,0,0,error
3281,U3281,2025-04-10 15:21:00,2025-04-10 15:26:00,F,50+,office,seoul,0,0,0,0,26,0,0,42,0,0,completed
3282,U3282,2025-07-16 15:07:00,2025-07-16 15:12:00,F,30~39,office,seoul,0,0,0,0,17,0,0,75,0,0,completed
3283,U3283,2025-02-13 07:31:00,2025-02-13 07:33:00,F,50+,office,seoul,0,0,0,0,5,0,0,27,0,1,completed
3284,U3284,2025-03-13 18:04:00,2025-03-13 18:10:00,F,50+,office,seoul,0,0,0,0,29,0,0,10,0,1,completed
3285,U3285,2025-09-23 16:37:00,2025-09-23 16:40:00,M,30~39,office,seoul,0,0,0,0,5,0,0,73,0,0,abandoned
3286,U3286,2025-09-01 16:30:00,2025-09-01 16:37:00,M,20~29,office,seoul,0,0,0,0,7,0,0,35,0,0,completed
3287,U3287,2025-06-10 17:29:00,2025-06-10 17:36:00,F,30~39,office,seoul,0,0,0,0,14,0,0,72,0,0,completed
3288,U3288,2025-10-06 15:13:00,2025-10-06 15:20:00,M,50+,office,seoul,0,0,0,0,18,0,0,58,0,0,completed
3289,U3289,2025-11-20 09:19:00,2025-11-20 09:23:00,M,20~29,office,seoul,0,0,0,0,12,0,0,64,0,0,completed
3290,U3290,2025-11-27 12:22:00,2025-11-27 12:26:00,M,30~39,office,seoul,0,0,0,0,3,0,0,38,0,0,completed
3291,U3291,2025-10-13 14:09:00,2025-10-13 14:11:00,F,20~29,office,seoul,0,0,0,0,12,0,0,13,0,0,completed
3292,U3292,2025-07-31 12:23:00,2025-07-31 12:26:00,M,20~29,office,seoul,0,0,0,0,29,0,0,55,0,0,completed
3293,U3293,2025-11-01 15:38:00,2025-11-01 15:43:00,F,30~39,office,seoul,1,0,0,0,21,0,0,35,0,0,abandoned
3294,U3294,2025-03-30 11:56:00,2025-03-30 11:58:00,M,30~39,office,seoul,1,0,0,0,16,0,0,29,0,0,completed
3295,U3295,2025-09-10 16:42:00,2025-09-10 16:48:00,F,30~39,office,seoul,0,0,0,0,9,0,0,16,0,0,completed
3296,U3296,2025-07-18 14:30:00,2025-07-18 14:33:00,F,30~39,office,seoul,0,0,0,0,6,0,0,28,0,0,completed
3297,U3297,2025-01-03 15:13:00,2025-01-03 15:16:00,M,30~39,office,seoul,0,0,0,0,5,0,0,13,0,0,abandoned
3298,U3298,2025-03-19 12:21:00,2025-03-19 12:28:00,M,20~29,office,seoul,0,0,0,0,19,0,0,43,0,0,completed
3299,U3299,2025-12-16 14:11:00,2025-12-16 14:14:00,F,30~39,office,seoul,0,0,0,0,2,0,0,48,0,0,completed
3300,U3300,2025-03-24 18:47:00,2025-03-24 18:54:00,F,40~49,office,seoul,0,0,0,0,9,0,0,70,0,0,completed
3301,U3301,2025-05-05 08:39:00,2025-05-05 08:46:00,M,20~29,office,seoul,0,0,0,0,14,0,0,63,0,0,completed
3302,U3302,2025-05-09 21:18:00,2025-05-09 21:22:00,M,40~49,office,seoul,0,0,0,0,22,0,0,65,0,0,completed
3303,U3303,2025-04-14 17:20:00,2025-04-14 17:26:00,M,50+,office,seoul,0,0,0,0,0,0,0,50,0,0,error
3304,U3304,2025-03-11 17:58:00,2025-03-11 18:04:00,M,40~49,office,seoul,0,0,0,0,10,0,0,62,0,0,completed
3305,U3305,2025-01-12 12:26:00,2025-01-12 12:28:00,M,50+,office,seoul,1,0,0,0,1,0,0,63,0,0,completed
3306,U3306,2025-12-18 13:26:00,2025-12-18 13:29:00,M,50+,office,seoul,0,0,0,0,28,0,0,45,0,0,completed
3307,U3307,2025-05-13 09:30:00,2025-05-13 09:32:00,M,30~39,office,seoul,0,0,0,0,16,0,0,13,0,0,completed
3308,U3308,2025-07-06 08:32:00,2025-07-06 08:35:00,M,50+,office,seoul,1,0,0,0,2,0,0,37,0,0,completed
3309,U3309,2025-01-25 07:27:00,2025-01-25 07:34:00,F,30~39,office,seoul,1,0,0,0,25,0,0,74,0,0,completed
3310,U3310,2025-12-22 12:06:00,2025-12-22 12:08:00,M,20~29,office,seoul,0,0,0,0,21,0,0,10,0,0,completed
3311,U3311,2025-01-23 19:29:00,2025-01-23 19:32:00,F,40~49,office,seoul,0,0,0,0,0,0,0,13,0,0,completed
3312,U3312,2025-06-18 11:09:00,2025-06-18 11:16:00,M,20~29,office,seoul,0,0,0,0,4,0,0,71,0,0,completed
3313,U3313,2025-03-28 12:30:00,2025-03-28 12:37:00,M,20~29,office,seoul,0,0,0,0,20,0,0,68,0,0,completed
3314,U3314,2025-03-09 13:46:00,2025-03-09 13:52:00,F,50+,office,seoul,1,0,0,0,27,0,0,13,1,0,abandoned
3315,U3315,2025-01-29 16:46:00,2025-01-29 16:48:00,F,20~29,office,seoul,0,0,0,0,10,0,0,12,0,0,completed
3316,U3316,2025-06-14 16:46:00,2025-06-14 16:51:00,M,40~49,office,seoul,1,0,0,0,19,0,0,54,0,0,completed
3317,U3317,2025-01-17 13:52:00,2025-01-17 13:55:00,F,20~29,office,seoul,0,0,0,0,14,0,0,67,0,0,completed
3318,U3318,2025-02-17 16:27:00,2025-02-17 16:32:00,F,40~49,office,seoul,0,0,0,0,21,0,0,74,0,0,completed
3319,U3319,2025-07-18 09:09:00,2025-07-18 09:15:00,F,20~29,office,seoul,0,0,0,0,6,0,0,71,0,0,completed
3320,U3320,2025-12-18 14:52:00,2025-12-18 14:55:00,F,30~39,office,seoul,0,0,0,0,6,0,0,61,0,0,completed
3321,U3321,2025-06-17 15:27:00,2025-06-17 15:30:00,M,40~49,office,seoul,0,0,0,0,13,0,0,52,0,0,completed
3322,U3322,2025-04-08 09:42:00,2025-04-08 09:48:00,F,30~39,office,seoul,0,0,0,0,6,0,0,15,0,0,completed
3323,U3323,2025-03-28 12:55:00,2025-03-28 12:59:00,M,20~29,office,seoul,0,0,0,0,8,0,0,27,0,0,completed
3324,U3324,2025-11-13 11:19:00,2025-11-13 11:21:00,M,20~29,office,seoul,0,0,0,0,12,0,0,33,0,0,completed
3325,U3325,2025-06-18 17:08:00,2025-06-18 17:12:00,M,30~39,office,seoul,0,0,0,0,13,0,0,34,0,0,abandoned
3326,U3326,2025-02-07 14:49:00,2025-02-07 14:53:00,F,50+,office,seoul,0,0,0,0,7,0,0,73,0,0,abandoned
3327,U3327,2025-04-08 20:18:00,2025-04-08 20:23:00,F,50+,office,seoul,0,0,0,0,10,0,0,11,0,1,completed
3328,U3328,2025-04-02 08:48:00,2025-04-02 08:51:00,F,40~49,office,seoul,0,0,0,0,19,0,0,45,0,0,completed
3329,U3329,2025-04-10 15:12:00,2025-04-10 15:19:00,M,40~49,office,seoul,0,0,0,0,12,0,0,65,0,0,completed
3330,U3330,2025-02-22 15:14:00,2025-02-22 15:17:00,F,20~29,office,seoul,1,0,0,0,21,0,0,12,0,0,completed
3331,U3331,2025-05-08 21:46:00,2025-05-08 21:53:00,M,20~29,office,seoul,0,0,0,0,0,0,0,13,0,0,completed
3332,U3332,2025-05-19 13:53:00,2025-05-19 13:57:00,M,40~49,office,seoul,0,0,0,0,17,0,0,55,0,0,completed
3333,U3333,2025-05-02 11:04:00,2025-05-02 11:06:00,F,30~39,office,seoul,0,0,0,0,2,0,0,77,0,0,completed
3334,U3334,2025-08-20 11:46:00,2025-08-20 11:50:00,F,50+,office,seoul,0,0,0,0,5,0,0,31,0,0,completed
3335,U3335,2025-05-14 14:03:00,2025-05-14 14:05:00,M,40~49,office,seoul,0,0,0,0,22,0,0,73,0,0,completed
3336,U3336,2025-10-19 11:11:00,2025-10-19 11:16:00,M,40~49,office,seoul,1,0,0,0,9,0,0,61,0,0,completed
3337,U3337,2025-10-11 13:27:00,2025-10-11 13:30:00,F,20~29,office,seoul,1,0,0,0,17,0,0,56,0,0,completed
3338,U3338,2025-12-26 07:26:00,2025-12-26 07:29:00,F,20~29,office,seoul,0,0,0,0,24,0,0,18,0,0,completed
3339,U3339,2025-01-17 15:48:00,2025-01-17 15:52:00,F,30~39,office,seoul,0,0,0,0,17,0,0,46,0,0,completed
3340,U3340,2025-04-22 14:08:00,2025-04-22 14:10:00,F,50+,office,seoul,0,0,0,0,11,0,0,34,0,0,completed
3341,U3341,2025-06-05 21:38:00,2025-06-05 21:44:00,M,20~29,office,seoul,0,0,0,0,0,0,0,33,0,0,completed
3342,U3342,2025-06-23 20:32:00,2025-06-23 20:39:00,M,30~39,office,seoul,0,0,0,0,19,0,0,19,0,0,completed
3343,U3343,2025-08-08 15:24:00,2025-08-08 15:29:00,F,20~29,office,seoul,0,0,0,0,8,0,0,53,0,0,completed
3344,U3344,2025-01-28 18:57:00,2025-01-28 18:59:00,F,40~49,office,seoul,0,0,0,0,12,0,0,26,0,0,completed
3345,U3345,2025-11-02 12:57:00,2025-11-02 13:00:00,F,50+,office,seoul,1,0,0,0,14,0,0,74,1,0,completed
3346,U3346,2025-05-07 17:27:00,2025-05-07 17:31:00,M,30~39,office,seoul,0,0,0,0,1,0,0,17,0,0,completed
3347,U3347,2025-05-17 16:59:00,2025-05-17 17:06:00,F,20~29,office,seoul,1,0,0,0,13,0,0,70,0,0,completed
3348,U3348,2025-08-15 15:06:00,2025-08-15 15:13:00,M,40~49,office,seoul,0,0,0,0,3,0,0,11,0,0,completed
3349,U3349,2025-09-08 11:20:00,2025-09-08 11:24:00,F,30~39,office,seoul,0,0,0,0,23,0,0,21,0,0,completed
3350,U3350,2025-05-13 16:06:00,2025-05-13 16:10:00,M,20~29,office,seoul,0,0,0,0,2,0,0,56,0,0,completed
3351,U3351,2025-07-09 20:24:00,2025-07-09 20:28:00,F,50+,office,seoul,0,0,0,0,15,0,0,72,0,0,completed
3352,U3352,2025-11-13 15:38:00,2025-11-13 15:45:00,M,30~39,office,seoul,0,0,0,0,29,0,0,52,0,0,completed
3353,U3353,2025-03-02 09:40:00,2025-03-02 09:42:00,F,50+,office,seoul,1,0,0,0,29,0,0,16,0,0,completed
3354,U3354,2025-01-08 18:12:00,2025-01-08 18:14:00,F,30~39,office,seoul,0,0,0,0,5,0,0,44,0,0,completed
3355,U3355,2025-02-20 12:12:00,2025-02-20 12:17:00,F,30~39,office,seoul,0,0,0,0,27,0,0,38,0,1,completed
3356,U3356,2025-12-19 20:38:00,2025-12-19 20:44:00,M,50+,office,seoul,0,0,0,0,14,0,0,31,0,0,completed
3357,U3357,2025-05-21 11:34:00,2025-05-21 11:38:00,M,30~39,office,seoul,0,0,0,0,9,0,0,15,0,0,completed
3358,U3358,2025-04-26 11:27:00,2025-04-26 11:29:00,M,30~39,office,seoul,1,0,0,0,17,0,0,69,0,0,completed
3359,U3359,2025-11-07 17:17:00,2025-11-07 17:20:00,F,30~39,office,seoul,0,0,0,0,15,0,0,27,0,0,completed
3360,U3360,2025-09-20 15:37:00,2025-09-20 15:43:00,F,50+,office,seoul,1,0,0,0,6,0,0,17,0,1,completed
3361,U3361,2025-09-06 13:29:00,2025-09-06 13:36:00,M,30~39,office,seoul,1,0,0,0,23,0,0,10,0,0,completed
3362,U3362,2025-01-19 15:20:00,2025-01-19 15:22:00,M,20~29,office,seoul,1,0,0,0,24,0,0,30,0,0,completed
3363,U3363,2025-04-30 19:35:00,2025-04-30 19:37:00,M,20~29,office,seoul,0,0,0,0,20,0,0,12,0,0,completed
3364,U3364,2025-04-22 15:05:00,2025-04-22 15:09:00,M,50+,office,seoul,0,0,0,0,4,0,0,65,0,0,completed
3365,U3365,2025-08-31 16:01:00,2025-08-31 16:08:00,M,20~29,office,seoul,1,0,0,0,22,0,0,29,0,0,completed
3366,U3366,2025-06-28 15:18:00,2025-06-28 15:23:00,F,50+,office,seoul,1,0,0,0,2,0,0,79,0,0,completed
3367,U3367,2025-09-18 17:22:00,2025-09-18 17:24:00,F,30~39,office,seoul,0,0,0,0,29,0,0,45,0,0,completed
3368,U3368,2025-02-23 08:39:00,2025-02-23 08:46:00,F,30~39,office,seoul,1,0,0,0,22,0,0,19,0,0,completed
3369,U3369,2025-04-17 09:17:00,2025-04-17 09:19:00,F,30~39,office,seoul,0,0,0,0,19,0,0,29,0,0,completed
3370,U3370,2025-07-19 08:01:00,2025-07-19 08:08:00,M,50+,office,seoul,1,0,0,0,2,0,0,32,1,0,completed
3371,U3371,2025-09-01 17:42:00,2025-09-01 17:44:00,F,20~29,office,seoul,0,0,0,0,7,0,0,74,0,0,completed
3372,U3372,2025-01-22 14:43:00,2025-01-22 14:49:00,M,40~49,office,seoul,0,0,0,0,0,0,0,54,0,0,completed
3373,U3373,2025-09-15 12:12:00,2025-09-15 12:14:00,F,40~49,office,seoul,0,0,0,0,20,0,0,21,0,0,completed
3374,U3374,2025-09-19 18:20:00,2025-09-19 18:27:00,F,40~49,office,seoul,0,0,0,0,18,0,0,53,0,0,abandoned
3375,U3375,2025-05-30 17:31:00,2025-05-30 17:37:00,F,20~29,office,seoul,0,0,0,0,21,0,0,75,0,0,completed
3376,U3376,2025-12-28 15:18:00,2025-12-28 15:23:00,F,30~39,office,seoul,1,0,0,0,26,0,0,28,0,0,completed
3377,U3377,2025-08-12 17:17:00,2025-08-12 17:21:00,M,30~39,office,seoul,0,0,0,0,12,0,0,66,0,0,completed
3378,U3378,2025-12-12 15:40:00,2025-12-12 15:42:00,F,30~39,office,seoul,0,0,0,0,18,0,0,73,0,0,completed
3379,U3379,2025-03-26 17:10:00,2025-03-26 17:17:00,F,20~29,office,seoul,0,0,0,0,29,0,0,25,0,0,completed
3380,U3380,2025-08-15 07:25:00,2025-08-15 07:27:00,F,20~29,office,seoul,0,0,0,0,4,0,0,10,0,0,completed
3381,U3381,2025-03-27 13:48:00,2025-03-27 13:52:00,F,20~29,office,seoul,0,0,0,0,1,0,0,28,0,0,completed
3382,U3382,2025-08-11 09:04:00,2025-08-11 09:08:00,F,20~29,office,seoul,0,0,0,0,12,0,0,74,0,0,completed
3383,U3383,2025-06-29 16:16:00,2025-06-29 16:21:00,F,20~29,office,seoul,1,0,0,0,1,0,0,73,0,0,completed
3384,U3384,2025-11-12 20:47:00,2025-11-12 20:52:00,M,50+,office,seoul,0,0,0,0,8,0,0,58,0,0,completed
3385,U3385,2025-04-29 15:46:00,2025-04-29 15:50:00,F,50+,office,seoul,0,0,0,0,0,0,0,32,0,0,completed
3386,U3386,2025-07-10 09:35:00,2025-07-10 09:41:00,F,40~49,office,seoul,0,0,0,0,6,0,0,11,0,0,completed
3387,U3387,2025-06-08 12:28:00,2025-06-08 12:35:00,M,30~39,office,seoul,1,0,0,0,6,0,0,31,0,0,completed
3388,U3388,2025-01-17 16:11:00,2025-01-17 16:17:00,M,20~29,office,seoul,0,0,0,0,4,0,0,12,0,0,completed
3389,U3389,2025-10-23 17:29:00,2025-10-23 17:31:00,M,40~49,office,seoul,0,0,0,0,17,0,0,62,0,0,completed
3390,U3390,2025-09-10 16:59:00,2025-09-10 17:02:00,F,20~29,office,seoul,0,0,0,0,3,0,0,52,0,0,abandoned
3391,U3391,2025-02-21 19:20:00,2025-02-21 19:22:00,F,20~29,office,seoul,0,0,0,0,5,0,0,10,0,0,completed
3392,U3392,2025-12-01 11:40:00,2025-12-01 11:47:00,M,40~49,office,seoul,0,0,0,0,17,0,0,52,0,0,completed
3393,U3393,2025-07-11 12:14:00,2025-07-11 12:16:00,M,20~29,office,seoul,0,0,0,0,17,0,0,59,0,0,completed
3394,U3394,2025-01-04 12:05:00,2025-01-04 12:10:00,F,40~49,office,seoul,1,0,0,0,26,0,0,30,0,0,completed
3395,U3395,2025-12-11 15:52:00,2025-12-11 15:55:00,M,30~39,office,seoul,0,0,0,0,19,0,0,14,0,0,abandoned
3396,U3396,2025-01-30 07:16:00,2025-01-30 07:21:00,M,50+,office,seoul,0,0,0,0,26,0,0,20,0,1,completed
3397,U3397,2025-09-02 20:50:00,2025-09-02 20:57:00,M,40~49,office,seoul,0,0,0,0,0,0,0,16,0,0,completed
3398,U3398,2025-02-04 08:30:00,2025-02-04 08:36:00,M,20~29,office,seoul,0,0,0,0,28,0,0,45,0,0,completed
3399,U3399,2025-09-01 12:12:00,2025-09-01 12:18:00,F,20~29,office,seoul,0,0,0,0,14,0,0,45,0,0,completed
3400,U3400,2025-08-24 16:29:00,2025-08-24 16:33:00,M,20~29,office,seoul,1,0,0,0,25,0,0,39,0,0,completed
3401,U3401,2025-04-09 20:26:00,2025-04-09 20:30:00,F,40~49,office,seoul,0,0,0,0,3,0,0,56,0,0,completed
3402,U3402,2025-09-17 19:25:00,2025-09-17 19:31:00,F,20~29,office,seoul,0,0,0,0,13,0,0,44,0,0,completed
3403,U3403,2025-08-06 14:31:00,2025-08-06 14:35:00,F,20~29,office,seoul,0,0,0,0,26,0,0,42,0,0,error
3404,U3404,2025-03-23 09:30:00,2025-03-23 09:37:00,F,20~29,office,seoul,1,0,0,0,10,0,0,65,0,0,completed
3405,U3405,2025-09-14 08:18:00,2025-09-14 08:23:00,M,50+,office,seoul,1,0,0,0,21,0,0,79,0,0,completed
3406,U3406,2025-02-02 19:13:00,2025-02-02 19:15:00,F,40~49,office,seoul,1,0,0,0,5,0,0,72,0,0,completed
3407,U3407,2025-03-22 07:26:00,2025-03-22 07:29:00,M,50+,office,seoul,1,0,0,0,20,0,0,21,0,0,completed
3408,U3408,2025-10-15 07:19:00,2025-10-15 07:23:00,F,40~49,office,seoul,0,0,0,0,7,0,0,76,0,0,abandoned
3409,U3409,2025-05-07 13:34:00,2025-05-07 13:37:00,F,50+,office,seoul,0,0,0,0,3,0,0,28,0,0,completed
3410,U3410,2025-02-09 19:21:00,2025-02-09 19:23:00,F,50+,office,seoul,1,0,0,0,27,0,0,16,0,0,completed
3411,U3411,2025-04-05 12:28:00,2025-04-05 12:31:00,M,30~39,office,seoul,1,0,0,0,6,0,0,18,0,0,completed
3412,U3412,2025-12-17 12:31:00,2025-12-17 12:35:00,F,40~49,office,seoul,0,0,0,0,0,0,0,46,0,0,completed
3413,U3413,2025-11-14 16:01:00,2025-11-14 16:05:00,F,50+,office,seoul,0,0,0,0,14,0,0,71,0,0,completed
3414,U3414,2025-03-22 15:25:00,2025-03-22 15:29:00,F,30~39,office,seoul,1,0,0,0,28,0,0,20,0,0,completed
3415,U3415,2025-07-31 12:27:00,2025-07-31 12:32:00,F,20~29,office,seoul,0,0,0,0,28,0,0,48,0,0,completed
3416,U3416,2025-05-29 09:10:00,2025-05-29 09:16:00,F,20~29,office,seoul,0,0,0,0,18,0,0,10,0,0,abandoned
3417,U3417,2025-12-03 14:34:00,2025-12-03 14:40:00,M,50+,office,seoul,0,0,0,0,18,0,0,30,0,0,completed
3418,U3418,2025-10-25 09:59:00,2025-10-25 10:03:00,F,50+,office,seoul,1,0,0,0,6,0,0,75,0,0,completed
3419,U3419,2025-02-24 08:13:00,2025-02-24 08:20:00,F,20~29,office,seoul,0,0,0,0,10,0,0,36,0,0,completed
3420,U3420,2025-10-10 07:25:00,2025-10-10 07:32:00,F,40~49,office,seoul,0,0,0,0,27,0,0,50,0,0,completed
3421,U3421,2025-02-04 19:02:00,2025-02-04 19:07:00,M,40~49,office,seoul,0,0,0,0,17,0,0,48,0,0,completed
3422,U3422,2025-09-18 15:54:00,2025-09-18 16:00:00,M,20~29,office,seoul,0,0,0,0,3,0,0,29,0,0,completed
3423,U3423,2025-03-12 14:55:00,2025-03-12 15:01:00,M,50+,office,seoul,0,0,0,0,16,0,0,67,0,0,completed
3424,U3424,2025-10-27 13:35:00,2025-10-27 13:42:00,F,40~49,office,seoul,0,0,0,0,19,0,0,65,0,0,timeout
3425,U3425,2025-09-22 09:34:00,2025-09-22 09:36:00,M,30~39,office,seoul,0,0,0,0,2,0,0,10,0,0,completed
3426,U3426,2025-11-29 16:31:00,2025-11-29 16:35:00,F,30~39,office,seoul,1,0,0,0,28,0,0,39,0,0,completed
3427,U3427,2025-11-12 13:28:00,2025-11-12 13:30:00,F,20~29,office,seoul,0,0,0,0,26,0,0,26,0,0,completed
3428,U3428,2025-03-02 13:57:00,2025-03-02 14:02:00,F,20~29,office,seoul,1,0,0,0,15,0,0,59,0,0,completed
3429,U3429,2025-12-17 15:58:00,2025-12-17 16:04:00,M,30~39,office,seoul,0,0,0,0,7,0,0,47,0,0,completed
3430,U3430,2025-12-30 20:48:00,2025-12-30 20:55:00,M,20~29,office,seoul,0,0,0,0,8,0,0,64,0,0,completed
3431,U3431,2025-02-09 16:02:00,2025-02-09 16:06:00,F,20~29,office,seoul,1,0,0,0,3,0,0,67,0,0,completed
3432,U3432,2025-04-09 14:24:00,2025-04-09 14:26:00,F,40~49,office,seoul,0,0,0,0,9,0,0,48,0,0,completed
3433,U3433,2025-07-02 14:44:00,2025-07-02 14:46:00,F,20~29,office,seoul,0,0,0,0,10,0,0,12,0,0,completed
3434,U3434,2025-12-06 12:37:00,2025-12-06 12:43:00,F,30~39,office,seoul,1,0,0,0,15,0,0,50,0,0,completed
3435,U3435,2025-01-25 17:31:00,2025-01-25 17:36:00,F,40~49,office,seoul,1,0,0,0,18,0,0,35,0,0,completed
3436,U3436,2025-04-22 13:47:00,2025-04-22 13:53:00,F,50+,office,seoul,0,0,0,0,18,0,0,72,0,0,completed
3437,U3437,2025-04-02 16:44:00,2025-04-02 16:51:00,M,30~39,office,seoul,0,0,0,0,8,0,0,78,0,0,timeout
3438,U3438,2025-11-03 08:51:00,2025-11-03 08:54:00,F,40~49,office,seoul,0,0,0,0,11,0,0,21,0,0,abandoned
3439,U3439,2025-12-26 12:38:00,2025-12-26 12:40:00,F,20~29,office,seoul,0,0,0,0,23,0,0,17,0,0,completed
3440,U3440,2025-09-23 16:45:00,2025-09-23 16:47:00,F,30~39,office,seoul,0,0,0,0,29,0,0,40,0,0,completed
3441,U3441,2025-03-13 19:40:00,2025-03-13 19:46:00,M,20~29,office,seoul,0,0,0,0,5,0,0,34,0,0,abandoned
3442,U3442,2025-02-20 17:11:00,2025-02-20 17:15:00,M,30~39,office,seoul,0,0,0,0,6,0,0,71,0,0,completed
3443,U3443,2025-10-10 17:02:00,2025-10-10 17:05:00,M,30~39,office,seoul,0,0,0,0,20,0,0,77,0,0,completed
3444,U3444,2025-04-18 22:07:00,2025-04-18 22:11:00,M,20~29,office,seoul,0,0,0,0,23,0,0,18,0,0,completed
3445,U3445,2025-10-30 13:55:00,2025-10-30 14:02:00,F,30~39,office,seoul,0,0,0,0,20,0,0,50,0,0,completed
3446,U3446,2025-03-04 19:12:00,2025-03-04 19:16:00,F,40~49,office,seoul,0,0,0,0,10,0,0,74,0,0,completed
3447,U3447,2025-06-05 17:02:00,2025-06-05 17:04:00,F,40~49,office,seoul,0,0,0,0,0,0,0,49,0,0,completed
3448,U3448,2025-01-20 09:41:00,2025-01-20 09:47:00,F,20~29,office,seoul,0,0,0,0,18,0,0,23,0,0,completed
3449,U3449,2025-07-19 17:48:00,2025-07-19 17:54:00,F,50+,office,seoul,1,0,0,0,15,0,0,21,0,0,completed
3450,U3450,2025-03-22 08:10:00,2025-03-22 08:12:00,F,20~29,office,seoul,1,0,0,0,6,0,0,52,0,0,timeout
3451,U3451,2025-02-14 18:46:00,2025-02-14 18:48:00,F,20~29,office,seoul,0,0,0,0,21,0,0,34,0,0,completed
3452,U3452,2025-04-07 07:25:00,2025-04-07 07:31:00,F,20~29,office,seoul,0,0,0,0,29,0,0,43,0,0,completed
3453,U3453,2025-02-19 14:52:00,2025-02-19 14:59:00,F,30~39,office,seoul,0,0,0,0,16,0,0,40,0,0,completed
3454,U3454,2025-10-08 13:31:00,2025-10-08 13:38:00,M,40~49,office,seoul,0,0,0,0,0,0,0,43,0,0,completed
3455,U3455,2025-01-05 15:00:00,2025-01-05 15:05:00,F,40~49,office,seoul,1,0,0,0,29,0,0,54,0,0,completed
3456,U3456,2025-07-10 17:56:00,2025-07-10 18:03:00,F,30~39,office,seoul,0,0,0,0,25,0,0,51,0,0,completed
3457,U3457,2025-09-02 08:08:00,2025-09-02 08:12:00,F,40~49,office,seoul,0,0,0,0,17,0,0,40,0,0,completed
3458,U3458,2025-09-29 15:38:00,2025-09-29 15:41:00,F,30~39,office,seoul,0,0,0,0,0,0,0,22,0,0,completed
3459,U3459,2025-08-30 13:22:00,2025-08-30 13:27:00,F,50+,office,seoul,1,0,0,0,15,0,0,45,0,0,completed
3460,U3460,2025-05-02 09:50:00,2025-05-02 09:52:00,F,20~29,office,seoul,0,0,0,0,17,0,0,68,0,0,completed
3461,U3461,2025-10-28 16:20:00,2025-10-28 16:22:00,M,40~49,office,seoul,0,0,0,0,29,0,0,68,0,0,completed
3462,U3462,2025-05-13 15:39:00,2025-05-13 15:45:00,F,20~29,office,seoul,0,0,0,0,25,0,0,49,0,0,completed
3463,U3463,2025-04-15 13:26:00,2025-04-15 13:29:00,F,40~49,office,seoul,0,0,0,0,25,0,0,40,0,0,completed
3464,U3464,2025-11-26 15:34:00,2025-11-26 15:38:00,F,20~29,office,seoul,0,0,0,0,23,0,0,21,0,0,completed
3465,U3465,2025-07-15 07:50:00,2025-07-15 07:55:00,M,40~49,office,seoul,0,0,0,0,17,0,0,16,0,1,completed
3466,U3466,2025-01-07 13:19:00,2025-01-07 13:25:00,F,20~29,office,seoul,0,0,0,0,4,0,0,42,0,0,completed
3467,U3467,2025-07-20 16:15:00,2025-07-20 16:22:00,M,30~39,office,seoul,1,0,0,0,22,0,0,67,0,0,completed
3468,U3468,2025-01-16 20:53:00,2025-01-16 21:00:00,F,30~39,office,seoul,0,0,0,0,24,0,0,79,0,0,completed
3469,U3469,2025-09-25 13:28:00,2025-09-25 13:34:00,F,20~29,office,seoul,0,0,0,0,2,0,0,74,0,0,completed
3470,U3470,2025-04-28 16:22:00,2025-04-28 16:25:00,M,20~29,office,seoul,0,0,0,0,0,0,0,68,0,0,completed
3471,U3471,2025-04-19 14:16:00,2025-04-19 14:23:00,F,30~39,office,seoul,1,0,0,0,13,0,0,78,0,0,abandoned
3472,U3472,2025-02-09 16:50:00,2025-02-09 16:53:00,F,20~29,office,seoul,1,0,0,0,1,0,0,44,0,0,completed
3473,U3473,2025-04-10 07:46:00,2025-04-10 07:48:00,F,30~39,office,seoul,0,0,0,0,1,0,0,10,0,0,timeout
3474,U3474,2025-09-04 08:24:00,2025-09-04 08:26:00,M,40~49,office,seoul,0,0,0,0,13,0,0,56,0,0,completed
3475,U3475,2025-02-13 09:27:00,2025-02-13 09:29:00,F,40~49,office,seoul,0,0,0,0,10,0,0,20,0,0,completed
3476,U3476,2025-05-10 08:38:00,2025-05-10 08:44:00,F,20~29,office,seoul,1,0,0,0,29,0,0,30,0,0,completed
3477,U3477,2025-03-18 12:38:00,2025-03-18 12:41:00,M,20~29,office,seoul,0,0,0,0,29,0,0,37,0,0,completed
3478,U3478,2025-12-23 09:00:00,2025-12-23 09:03:00,F,40~49,office,seoul,0,0,0,0,18,0,0,28,0,0,completed
3479,U3479,2025-09-30 18:50:00,2025-09-30 18:54:00,M,30~39,office,seoul,0,0,0,0,15,0,0,77,0,0,completed
3480,U3480,2025-08-24 18:14:00,2025-08-24 18:16:00,M,50+,office,seoul,1,0,0,0,24,0,0,58,0,0,completed
3481,U3481,2025-10-15 11:03:00,2025-10-15 11:10:00,M,50+,office,seoul,0,0,0,0,20,0,0,35,0,0,completed
3482,U3482,2025-02-04 12:52:00,2025-02-04 12:54:00,M,50+,office,seoul,0,0,0,0,22,0,0,35,0,0,completed
3483,U3483,2025-12-27 15:59:00,2025-12-27 16:06:00,M,20~29,office,seoul,1,0,0,0,26,0,0,65,0,0,completed
3484,U3484,2025-04-18 14:40:00,2025-04-18 14:45:00,M,20~29,office,seoul,0,0,0,0,9,0,0,64,0,0,completed
3485,U3485,2025-06-29 16:42:00,2025-06-29 16:44:00,F,20~29,office,seoul,1,0,0,0,25,0,0,17,0,0,completed
3486,U3486,2025-03-18 17:28:00,2025-03-18 17:34:00,M,30~39,office,seoul,0,0,0,0,29,0,0,28,0,0,completed
3487,U3487,2025-09-12 11:04:00,2025-09-12 11:11:00,F,50+,office,seoul,0,0,0,0,4,0,0,67,0,0,completed
3488,U3488,2025-01-18 15:45:00,2025-01-18 15:48:00,F,30~39,office,seoul,1,0,0,0,11,0,0,44,0,0,abandoned
3489,U3489,2025-10-14 22:54:00,2025-10-14 23:00:00,M,40~49,office,seoul,0,0,0,0,19,0,0,51,0,0,completed
3490,U3490,2025-02-10 13:33:00,2025-02-10 13:40:00,M,30~39,office,seoul,0,0,0,0,15,0,0,75,0,0,abandoned
3491,U3491,2025-09-28 15:10:00,2025-09-28 15:17:00,F,20~29,office,seoul,1,0,0,0,11,0,0,52,0,0,completed
3492,U3492,2025-10-02 15:44:00,2025-10-02 15:48:00,F,20~29,office,seoul,0,0,0,0,4,0,0,65,0,0,completed
3493,U3493,2025-12-17 12:31:00,2025-12-17 12:37:00,F,40~49,office,seoul,0,0,0,0,22,0,0,16,0,0,completed
3494,U3494,2025-01-20 14:14:00,2025-01-20 14:21:00,M,30~39,office,seoul,0,0,0,0,11,0,0,74,0,0,completed
3495,U3495,2025-03-26 12:40:00,2025-03-26 12:46:00,M,50+,office,seoul,0,0,0,0,0,0,0,72,0,0,completed
3496,U3496,2025-02-19 15:20:00,2025-02-19 15:22:00,M,20~29,office,seoul,0,0,0,0,13,0,0,34,0,0,completed
3497,U3497,2025-10-06 16:02:00,2025-10-06 16:09:00,M,20~29,office,seoul,0,0,0,0,17,0,0,68,0,0,completed
3498,U3498,2025-07-27 16:53:00,2025-07-27 16:56:00,M,20~29,office,seoul,1,0,0,0,28,0,0,38,0,0,completed
3499,U3499,2025-09-15 18:03:00,2025-09-15 18:08:00,M,40~49,office,seoul,0,0,0,0,23,0,0,25,0,0,completed
3500,U3500,2025-11-24 14:35:00,2025-11-24 14:41:00,F,20~29,office,seoul,0,0,0,0,0,0,0,17,0,1,completed
3501,U3501,2025-05-23 15:39:00,2025-05-23 15:44:00,F,20~29,office,seoul,0,0,0,0,6,0,0,69,0,0,completed
3502,U3502,2025-07-24 20:00:00,2025-07-24 20:03:00,F,30~39,office,seoul,0,0,0,0,15,0,0,45,0,0,timeout
3503,U3503,2025-02-06 12:15:00,2025-02-06 12:20:00,F,40~49,office,seoul,0,0,0,0,27,0,0,10,0,0,completed
3504,U3504,2025-06-14 07:57:00,2025-06-14 07:59:00,F,30~39,office,seoul,1,0,0,0,19,0,0,15,0,0,completed
3505,U3505,2025-01-04 09:35:00,2025-01-04 09:41:00,M,20~29,office,seoul,1,0,0,0,0,0,0,52,0,0,completed
3506,U3506,2025-05-13 13:24:00,2025-05-13 13:28:00,F,30~39,office,seoul,0,0,0,0,28,0,0,62,0,0,completed
3507,U3507,2025-09-09 18:27:00,2025-09-09 18:31:00,F,20~29,office,seoul,0,0,0,0,14,0,0,68,0,0,completed
3508,U3508,2025-06-03 18:16:00,2025-06-03 18:21:00,F,20~29,office,seoul,0,0,0,0,7,0,0,13,0,0,timeout
3509,U3509,2025-07-20 11:07:00,2025-07-20 11:10:00,F,20~29,office,seoul,1,0,0,0,11,0,0,30,0,0,completed
3510,U3510,2025-11-24 18:52:00,2025-11-24 18:59:00,M,50+,office,seoul,0,0,0,0,20,0,0,78,0,0,completed
3511,U3511,2025-08-18 09:14:00,2025-08-18 09:17:00,F,20~29,office,seoul,0,0,0,0,20,0,0,79,0,0,completed
3512,U3512,2025-01-19 15:05:00,2025-01-19 15:09:00,M,40~49,office,seoul,1,0,0,0,11,0,0,20,0,0,completed
3513,U3513,2025-04-24 15:39:00,2025-04-24 15:45:00,F,20~29,office,seoul,0,0,0,0,7,0,0,63,0,0,completed
3514,U3514,2025-06-03 21:26:00,2025-06-03 21:28:00,M,30~39,office,seoul,0,0,0,0,0,0,0,73,0,0,completed
3515,U3515,2025-09-23 22:03:00,2025-09-23 22:10:00,F,20~29,office,seoul,0,0,0,0,19,0,0,19,0,0,completed
3516,U3516,2025-05-29 09:43:00,2025-05-29 09:49:00,F,40~49,office,seoul,0,0,0,0,28,0,0,75,0,0,completed
3517,U3517,2025-07-10 16:15:00,2025-07-10 16:18:00,M,40~49,office,seoul,0,0,0,0,11,0,0,38,0,0,completed
3518,U3518,2025-03-09 17:51:00,2025-03-09 17:53:00,M,30~39,office,seoul,1,0,0,0,15,0,0,66,0,0,completed
3519,U3519,2025-09-18 07:53:00,2025-09-18 07:58:00,M,20~29,office,seoul,0,0,0,0,5,0,0,27,0,0,completed
3520,U3520,2025-10-14 07:59:00,2025-10-14 08:05:00,F,20~29,office,seoul,0,0,0,0,6,0,0,50,0,0,completed
3521,U3521,2025-03-26 15:46:00,2025-03-26 15:49:00,M,50+,office,seoul,0,0,0,0,2,0,0,79,0,0,completed
3522,U3522,2025-10-30 19:51:00,2025-10-30 19:56:00,F,50+,office,seoul,0,0,0,0,8,0,0,52,0,0,completed
3523,U3523,2025-06-09 16:27:00,2025-06-09 16:33:00,M,40~49,office,seoul,0,0,0,0,14,0,0,14,0,0,completed
3524,U3524,2025-08-07 17:23:00,2025-08-07 17:25:00,M,30~39,office,seoul,0,0,0,0,28,0,0,69,0,0,abandoned
3525,U3525,2025-11-23 07:59:00,2025-11-23 08:05:00,F,40~49,office,seoul,1,0,0,0,19,0,0,58,0,0,completed
3526,U3526,2025-06-21 12:27:00,2025-06-21 12:29:00,F,20~29,office,seoul,1,0,0,0,12,0,0,42,0,0,error
3527,U3527,2025-06-03 16:34:00,2025-06-03 16:36:00,F,30~39,office,seoul,0,0,0,0,2,0,0,15,0,0,timeout
3528,U3528,2025-04-07 20:51:00,2025-04-07 20:57:00,F,40~49,office,seoul,0,0,0,0,24,0,0,47,0,0,error
3529,U3529,2025-03-07 18:49:00,2025-03-07 18:51:00,F,50+,office,seoul,0,0,0,0,18,0,0,52,0,0,completed
3530,U3530,2025-01-01 13:51:00,2025-01-01 13:56:00,M,20~29,office,seoul,0,0,0,0,12,0,0,28,0,0,completed
3531,U3531,2025-05-03 12:46:00,2025-05-03 12:49:00,M,30~39,office,seoul,1,0,0,0,25,0,0,34,0,0,completed
3532,U3532,2025-01-22 20:51:00,2025-01-22 20:55:00,M,50+,office,seoul,0,0,0,0,11,0,0,16,0,0,completed
3533,U3533,2025-12-23 12:41:00,2025-12-23 12:44:00,M,30~39,office,seoul,0,0,0,0,10,0,0,17,0,0,completed
3534,U3534,2025-05-05 18:54:00,2025-05-05 19:00:00,M,20~29,office,seoul,0,0,0,0,17,0,0,54,0,0,completed
3535,U3535,2025-01-11 09:54:00,2025-01-11 10:01:00,M,20~29,office,seoul,1,0,0,0,4,0,0,70,0,0,completed
3536,U3536,2025-12-25 15:20:00,2025-12-25 15:23:00,F,20~29,office,seoul,0,0,0,0,2,0,0,27,0,0,completed
3537,U3537,2025-01-20 18:24:00,2025-01-20 18:29:00,M,50+,office,seoul,0,0,0,0,21,0,0,68,0,1,completed
3538,U3538,2025-07-11 12:10:00,2025-07-11 12:17:00,F,50+,office,seoul,0,0,0,0,26,0,0,59,0,0,completed
3539,U3539,2025-06-17 18:06:00,2025-06-17 18:09:00,F,20~29,office,seoul,0,0,0,0,2,0,0,36,0,0,completed
3540,U3540,2025-02-28 21:06:00,2025-02-28 21:12:00,M,20~29,office,seoul,0,0,0,0,2,0,0,31,0,0,completed
3541,U3541,2025-01-28 13:25:00,2025-01-28 13:30:00,F,40~49,office,seoul,0,0,0,0,6,0,0,31,0,0,completed
3542,U3542,2025-10-20 11:51:00,2025-10-20 11:55:00,M,30~39,office,seoul,0,0,0,0,19,0,0,65,0,0,completed
3543,U3543,2025-04-27 18:34:00,2025-04-27 18:40:00,F,50+,office,seoul,1,0,0,0,26,0,0,19,0,0,completed
3544,U3544,2025-10-19 19:40:00,2025-10-19 19:44:00,M,20~29,office,seoul,1,0,0,0,9,0,0,66,0,0,completed
3545,U3545,2025-07-01 21:39:00,2025-07-01 21:42:00,F,20~29,office,seoul,0,0,0,0,1,0,0,13,0,0,completed
3546,U3546,2025-02-12 19:50:00,2025-02-12 19:52:00,F,50+,office,seoul,0,0,0,0,19,0,0,50,0,0,error
3547,U3547,2025-09-06 14:49:00,2025-09-06 14:52:00,M,50+,office,seoul,1,0,0,0,18,0,0,73,0,0,completed
3548,U3548,2025-12-12 12:12:00,2025-12-12 12:16:00,M,20~29,office,seoul,0,0,0,0,10,0,0,69,0,0,abandoned
3549,U3549,2025-02-26 07:39:00,2025-02-26 07:45:00,F,20~29,office,seoul,0,0,0,0,29,0,0,56,0,0,completed
3550,U3550,2025-06-11 07:26:00,2025-06-11 07:30:00,F,50+,office,seoul,0,0,0,0,24,0,0,66,1,0,completed
3551,U3551,2025-08-16 16:48:00,2025-08-16 16:50:00,M,20~29,office,seoul,1,0,0,0,20,0,0,40,0,0,completed
3552,U3552,2025-02-24 16:15:00,2025-02-24 16:22:00,M,30~39,office,seoul,0,0,0,0,26,0,0,69,0,0,completed
3553,U3553,2025-07-29 08:22:00,2025-07-29 08:29:00,M,20~29,office,seoul,0,0,0,0,1,0,0,38,0,0,completed
3554,U3554,2025-11-17 09:42:00,2025-11-17 09:49:00,M,30~39,office,seoul,0,0,0,0,13,0,0,51,0,0,completed
3555,U3555,2025-09-28 08:51:00,2025-09-28 08:54:00,F,30~39,office,seoul,1,0,0,0,1,0,0,25,0,0,completed
3556,U3556,2025-06-16 11:34:00,2025-06-16 11:36:00,F,20~29,office,seoul,0,0,0,0,28,0,0,72,0,0,completed
3557,U3557,2025-10-13 08:42:00,2025-10-13 08:47:00,M,20~29,office,seoul,0,0,0,0,0,0,0,26,1,0,completed
3558,U3558,2025-06-17 22:28:00,2025-06-17 22:31:00,F,30~39,office,seoul,0,0,0,0,0,0,0,76,0,0,completed
3559,U3559,2025-11-09 17:51:00,2025-11-09 17:54:00,M,50+,office,seoul,1,0,0,0,17,0,0,79,0,0,completed
3560,U3560,2025-02-21 15:52:00,2025-02-21 15:54:00,F,40~49,office,seoul,0,0,0,0,23,0,0,30,0,0,completed
3561,U3561,2025-04-11 09:36:00,2025-04-11 09:40:00,F,30~39,office,seoul,0,0,0,0,8,0,0,34,0,0,completed
3562,U3562,2025-07-30 12:35:00,2025-07-30 12:39:00,F,20~29,office,seoul,0,0,0,0,10,0,0,12,0,0,completed
3563,U3563,2025-07-22 11:55:00,2025-07-22 12:02:00,M,20~29,office,seoul,0,0,0,0,25,0,0,32,0,0,completed
3564,U3564,2025-10-27 14:27:00,2025-10-27 14:31:00,F,30~39,office,seoul,0,0,0,0,21,0,0,78,0,0,completed
3565,U3565,2025-07-26 08:42:00,2025-07-26 08:47:00,M,30~39,office,seoul,1,0,0,0,28,0,0,43,0,0,completed
3566,U3566,2025-07-02 09:55:00,2025-07-02 10:01:00,F,20~29,office,seoul,0,0,0,0,0,0,0,44,0,0,completed
3567,U3567,2025-11-19 11:37:00,2025-11-19 11:40:00,F,20~29,office,seoul,0,0,0,0,12,0,0,25,0,0,completed
3568,U3568,2025-08-27 16:14:00,2025-08-27 16:20:00,M,30~39,office,seoul,0,0,0,0,9,0,0,17,0,0,completed
3569,U3569,2025-12-08 16:35:00,2025-12-08 16:38:00,F,20~29,office,seoul,0,0,0,0,9,0,0,44,0,0,completed
3570,U3570,2025-04-01 14:46:00,2025-04-01 14:48:00,M,50+,office,seoul,0,0,0,0,11,0,0,63,0,0,completed
3571,U3571,2025-05-16 18:12:00,2025-05-16 18:18:00,M,40~49,office,seoul,0,0,0,0,20,0,0,30,0,0,completed
3572,U3572,2025-05-10 09:15:00,2025-05-10 09:17:00,F,20~29,office,seoul,1,0,0,0,20,0,0,56,0,0,completed
3573,U3573,2025-01-02 13:57:00,2025-01-02 13:59:00,M,20~29,office,seoul,0,0,0,0,12,0,0,74,0,0,completed
3574,U3574,2025-08-30 14:16:00,2025-08-30 14:22:00,F,50+,office,seoul,1,0,0,0,25,0,0,59,0,0,completed
3575,U3575,2025-06-10 08:05:00,2025-06-10 08:11:00,F,30~39,office,seoul,0,0,0,0,26,0,0,75,0,0,completed
3576,U3576,2025-06-27 12:28:00,2025-06-27 12:35:00,F,20~29,office,seoul,0,0,0,0,16,0,0,31,0,0,abandoned
3577,U3577,2025-04-24 08:57:00,2025-04-24 09:01:00,M,20~29,office,seoul,0,0,0,0,27,0,0,79,0,0,completed
3578,U3578,2025-06-12 15:13:00,2025-06-12 15:18:00,M,20~29,office,seoul,0,0,0,0,6,0,0,53,0,0,completed
3579,U3579,2025-07-27 19:28:00,2025-07-27 19:31:00,F,20~29,office,seoul,1,0,0,0,6,0,0,77,0,0,completed
3580,U3580,2025-11-03 13:24:00,2025-11-03 13:26:00,F,30~39,office,seoul,0,0,0,0,25,0,0,41,0,0,error
3581,U3581,2025-07-03 16:18:00,2025-07-03 16:22:00,M,50+,office,seoul,0,0,0,0,23,0,0,37,0,0,completed
3582,U3582,2025-08-15 08:16:00,2025-08-15 08:21:00,M,20~29,office,seoul,0,0,0,0,25,0,0,23,0,0,completed
3583,U3583,2025-05-24 08:48:00,2025-05-24 08:50:00,M,30~39,office,seoul,1,0,0,0,18,0,0,76,0,0,completed
3584,U3584,2025-02-27 18:42:00,2025-02-27 18:46:00,M,20~29,office,seoul,0,0,0,0,13,0,0,10,0,0,completed
3585,U3585,2025-04-05 08:38:00,2025-04-05 08:43:00,M,20~29,office,seoul,1,0,0,0,24,0,0,43,0,0,completed
3586,U3586,2025-09-30 13:54:00,2025-09-30 14:00:00,M,20~29,office,seoul,0,0,0,0,13,0,0,32,0,0,completed
3587,U3587,2025-08-29 15:47:00,2025-08-29 15:51:00,F,20~29,office,seoul,0,0,0,0,9,0,0,78,0,0,completed
3588,U3588,2025-08-07 09:01:00,2025-08-07 09:04:00,M,30~39,office,seoul,0,0,0,0,14,0,0,76,0,0,completed
3589,U3589,2025-12-15 15:47:00,2025-12-15 15:54:00,M,30~39,office,seoul,0,0,0,0,10,0,0,30,0,0,abandoned
3590,U3590,2025-09-17 08:16:00,2025-09-17 08:19:00,F,40~49,office,seoul,0,0,0,0,16,0,0,25,0,0,completed
3591,U3591,2025-04-11 12:00:00,2025-04-11 12:07:00,M,40~49,office,seoul,0,0,0,0,22,0,0,42,0,1,completed
3592,U3592,2025-12-15 19:01:00,2025-12-15 19:05:00,M,20~29,office,seoul,0,0,0,0,5,0,0,54,0,0,completed
3593,U3593,2025-07-20 16:21:00,2025-07-20 16:26:00,F,20~29,office,seoul,1,0,0,0,23,0,0,63,0,0,abandoned
3594,U3594,2025-05-22 13:33:00,2025-05-22 13:40:00,F,50+,office,seoul,0,0,0,0,12,0,0,36,0,0,completed
3595,U3595,2025-03-04 07:20:00,2025-03-04 07:24:00,F,40~49,office,seoul,0,0,0,0,2,0,0,51,0,0,completed
3596,U3596,2025-11-09 09:30:00,2025-11-09 09:33:00,M,20~29,office,seoul,1,0,0,0,12,0,0,30,0,0,completed
3597,U3597,2025-09-13 18:25:00,2025-09-13 18:27:00,F,20~29,office,seoul,1,0,0,0,8,0,0,63,0,0,completed
3598,U3598,2025-10-29 13:15:00,2025-10-29 13:22:00,F,30~39,office,seoul,0,0,0,0,25,0,0,62,0,0,completed
3599,U3599,2025-12-08 16:00:00,2025-12-08 16:07:00,F,20~29,office,seoul,0,0,0,0,2,0,0,16,0,0,abandoned
3600,U3600,2025-05-26 09:50:00,2025-05-26 09:55:00,F,40~49,office,seoul,0,0,0,0,29,0,0,26,0,0,completed
3601,U3601,2025-09-07 15:55:00,2025-09-07 16:01:00,F,30~39,office,seoul,1,0,0,0,2,0,0,73,0,0,completed
3602,U3602,2025-01-15 08:42:00,2025-01-15 08:46:00,F,40~49,office,seoul,0,0,0,0,21,0,0,37,0,0,completed
3603,U3603,2025-09-13 08:05:00,2025-09-13 08:11:00,M,30~39,office,seoul,1,0,0,0,5,0,0,51,0,0,completed
3604,U3604,2025-02-08 20:17:00,2025-02-08 20:24:00,F,40~49,office,seoul,1,0,0,0,15,0,0,21,0,0,completed
3605,U3605,2025-08-01 11:10:00,2025-08-01 11:12:00,F,40~49,office,seoul,0,0,0,0,29,0,0,32,0,0,completed
3606,U3606,2025-04-09 15:11:00,2025-04-09 15:18:00,F,50+,office,seoul,0,0,0,0,29,0,0,54,0,0,completed
3607,U3607,2025-12-07 17:51:00,2025-12-07 17:54:00,F,40~49,office,seoul,1,0,0,0,14,0,0,37,0,0,completed
3608,U3608,2025-02-07 22:30:00,2025-02-07 22:37:00,F,20~29,office,seoul,0,0,0,0,0,0,0,47,0,0,completed
3609,U3609,2025-08-20 18:13:00,2025-08-20 18:16:00,M,30~39,office,seoul,0,0,0,0,21,0,0,49,0,0,completed
3610,U3610,2025-07-06 13:43:00,2025-07-06 13:50:00,M,50+,office,seoul,1,0,0,0,18,0,0,22,0,0,completed
3611,U3611,2025-11-26 17:42:00,2025-11-26 17:49:00,F,40~49,office,seoul,0,0,0,0,8,0,0,31,0,0,completed
3612,U3612,2025-07-21 21:03:00,2025-07-21 21:10:00,F,50+,office,seoul,0,0,0,0,24,0,0,44,0,0,completed
3613,U3613,2025-07-26 20:26:00,2025-07-26 20:29:00,M,20~29,office,seoul,1,0,0,0,11,0,0,38,0,0,abandoned
3614,U3614,2025-04-09 08:34:00,2025-04-09 08:40:00,M,20~29,office,seoul,0,0,0,0,25,0,0,76,0,0,completed
3615,U3615,2025-02-12 15:45:00,2025-02-12 15:51:00,M,20~29,office,seoul,0,0,0,0,9,0,0,29,0,0,completed
3616,U3616,2025-11-16 08:01:00,2025-11-16 08:04:00,F,20~29,office,seoul,1,0,0,0,22,0,0,55,0,0,completed
3617,U3617,2025-10-02 14:37:00,2025-10-02 14:44:00,F,20~29,office,seoul,0,0,0,0,24,0,0,34,0,0,completed
3618,U3618,2025-12-13 16:28:00,2025-12-13 16:33:00,M,40~49,office,seoul,1,0,0,0,18,0,0,14,0,0,completed
3619,U3619,2025-12-14 13:41:00,2025-12-14 13:45:00,F,20~29,office,seoul,1,0,0,0,6,0,0,63,0,0,completed
3620,U3620,2025-11-26 09:32:00,2025-11-26 09:39:00,M,30~39,office,seoul,0,0,0,0,14,0,0,33,0,0,completed
3621,U3621,2025-10-26 11:19:00,2025-10-26 11:24:00,F,30~39,office,seoul,1,0,0,0,6,0,0,10,0,0,completed
3622,U3622,2025-12-01 07:49:00,2025-12-01 07:56:00,F,50+,office,seoul,0,0,0,0,20,0,0,15,0,0,abandoned
3623,U3623,2025-01-14 15:10:00,2025-01-14 15:13:00,M,40~49,office,seoul,0,0,0,0,18,0,0,38,0,0,completed
3624,U3624,2025-08-14 21:37:00,2025-08-14 21:44:00,F,30~39,office,seoul,0,0,0,0,7,0,0,46,0,0,completed
3625,U3625,2025-12-25 16:59:00,2025-12-25 17:02:00,F,20~29,office,seoul,0,0,0,0,13,0,0,40,0,0,completed
3626,U3626,2025-05-18 22:05:00,2025-05-18 22:11:00,F,30~39,office,seoul,1,0,0,0,29,0,0,18,0,0,completed
3627,U3627,2025-09-03 16:33:00,2025-09-03 16:39:00,F,20~29,office,seoul,0,0,0,0,1,0,0,12,0,0,abandoned
3628,U3628,2025-02-12 15:20:00,2025-02-12 15:24:00,M,40~49,office,seoul,0,0,0,0,2,0,0,79,0,0,completed
3629,U3629,2025-03-19 08:22:00,2025-03-19 08:24:00,M,50+,office,seoul,0,0,0,0,0,0,0,59,1,0,completed
3630,U3630,2025-09-27 21:52:00,2025-09-27 21:59:00,M,20~29,office,seoul,1,0,0,0,27,0,0,25,0,0,completed
3631,U3631,2025-09-09 07:56:00,2025-09-09 08:03:00,M,40~49,office,seoul,0,0,0,0,6,0,0,17,0,0,completed
3632,U3632,2025-06-30 17:54:00,2025-06-30 17:56:00,M,50+,office,seoul,0,0,0,0,21,0,0,35,0,0,completed
3633,U3633,2025-05-03 16:01:00,2025-05-03 16:08:00,M,20~29,office,seoul,1,0,0,0,5,0,0,76,0,0,completed
3634,U3634,2025-09-27 15:31:00,2025-09-27 15:35:00,M,30~39,office,seoul,1,0,0,0,13,0,0,64,0,0,completed
3635,U3635,2025-07-15 13:10:00,2025-07-15 13:14:00,M,30~39,office,seoul,0,0,0,0,1,0,0,76,0,0,completed
3636,U3636,2025-02-16 18:40:00,2025-02-16 18:45:00,F,50+,office,seoul,1,0,0,0,24,0,0,69,0,0,completed
3637,U3637,2025-12-30 17:12:00,2025-12-30 17:19:00,M,20~29,office,seoul,0,0,0,0,1,0,0,11,0,0,completed
3638,U3638,2025-01-24 15:14:00,2025-01-24 15:19:00,M,30~39,office,seoul,0,0,0,0,6,0,0,65,0,0,completed
3639,U3639,2025-05-13 18:41:00,2025-05-13 18:47:00,F,30~39,office,seoul,0,0,0,0,15,0,0,25,0,0,completed
3640,U3640,2025-04-04 13:01:00,2025-04-04 13:07:00,F,30~39,office,seoul,0,0,0,0,0,0,0,52,0,0,completed
3641,U3641,2025-01-07 11:20:00,2025-01-07 11:23:00,M,50+,office,seoul,0,0,0,0,25,0,0,63,0,0,completed
3642,U3642,2025-09-05 16:19:00,2025-09-05 16:22:00,F,20~29,office,seoul,0,0,0,0,25,0,0,22,0,0,completed
3643,U3643,2025-09-21 11:41:00,2025-09-21 11:46:00,F,40~49,office,seoul,1,0,0,0,13,0,0,33,0,0,timeout
3644,U3644,2025-01-02 12:24:00,2025-01-02 12:31:00,F,20~29,office,seoul,0,0,0,0,10,0,0,17,0,0,completed
3645,U3645,2025-08-10 12:50:00,2025-08-10 12:56:00,M,20~29,office,seoul,1,0,0,0,25,0,0,72,0,0,completed
3646,U3646,2025-11-23 12:08:00,2025-11-23 12:13:00,F,30~39,office,seoul,1,0,0,0,6,0,0,67,0,0,completed
3647,U3647,2025-11-25 07:36:00,2025-11-25 07:41:00,F,50+,office,seoul,0,0,0,0,29,0,0,17,0,0,completed
3648,U3648,2025-09-19 07:40:00,2025-09-19 07:42:00,M,40~49,office,seoul,0,0,0,0,26,0,0,11,0,0,completed
3649,U3649,2025-09-05 14:30:00,2025-09-05 14:36:00,F,30~39,office,seoul,0,0,0,0,13,0,0,34,0,0,completed
3650,U3650,2025-06-23 12:02:00,2025-06-23 12:05:00,F,50+,office,seoul,0,0,0,0,18,0,0,20,0,0,completed
3651,U3651,2025-01-16 15:38:00,2025-01-16 15:44:00,M,20~29,office,seoul,0,0,0,0,1,0,0,33,0,0,completed
3652,U3652,2025-02-15 11:43:00,2025-02-15 11:50:00,M,40~49,office,seoul,1,0,0,0,11,0,0,49,0,0,completed
3653,U3653,2025-05-03 13:47:00,2025-05-03 13:50:00,M,20~29,office,seoul,1,0,0,0,22,0,0,44,0,0,completed
3654,U3654,2025-05-07 09:44:00,2025-05-07 09:46:00,F,20~29,office,seoul,0,0,0,0,4,0,0,69,0,1,completed
3655,U3655,2025-01-29 12:15:00,2025-01-29 12:22:00,F,20~29,office,seoul,0,0,0,0,29,0,0,28,0,0,completed
3656,U3656,2025-12-27 15:18:00,2025-12-27 15:22:00,M,40~49,office,seoul,1,0,0,0,19,0,0,58,0,0,completed
3657,U3657,2025-05-15 19:54:00,2025-05-15 19:59:00,M,20~29,office,seoul,0,0,0,0,10,0,0,68,0,0,completed
3658,U3658,2025-06-13 12:24:00,2025-06-13 12:26:00,M,30~39,office,seoul,0,0,0,0,25,0,0,39,0,0,completed
3659,U3659,2025-12-17 12:28:00,2025-12-17 12:31:00,F,50+,office,seoul,0,0,0,0,20,0,0,73,0,0,completed
3660,U3660,2025-05-29 15:45:00,2025-05-29 15:47:00,M,20~29,office,seoul,0,0,0,0,16,0,0,17,0,0,completed
3661,U3661,2025-04-04 18:10:00,2025-04-04 18:16:00,F,40~49,office,seoul,0,0,0,0,22,0,0,11,0,0,completed
3662,U3662,2025-10-06 15:13:00,2025-10-06 15:17:00,F,20~29,office,seoul,0,0,0,0,29,0,0,28,0,0,completed
3663,U3663,2025-01-26 18:59:00,2025-01-26 19:06:00,F,30~39,office,seoul,1,0,0,0,22,0,0,34,0,0,completed
3664,U3664,2025-03-18 20:38:00,2025-03-18 20:42:00,F,20~29,office,seoul,0,0,0,0,7,0,0,37,0,0,completed
3665,U3665,2025-10-30 16:09:00,2025-10-30 16:15:00,M,50+,office,seoul,0,0,0,0,3,0,0,16,0,0,completed
3666,U3666,2025-05-26 12:45:00,2025-05-26 12:47:00,F,50+,office,seoul,0,0,0,0,1,0,0,39,0,0,completed
3667,U3667,2025-01-13 17:25:00,2025-01-13 17:29:00,M,30~39,office,seoul,0,0,0,0,5,0,0,51,0,0,completed
3668,U3668,2025-01-31 21:33:00,2025-01-31 21:38:00,F,40~49,office,seoul,0,0,0,0,2,0,0,39,0,0,error
3669,U3669,2025-10-21 16:40:00,2025-10-21 16:43:00,F,50+,office,seoul,0,0,0,0,9,0,0,33,0,0,completed
3670,U3670,2025-10-17 19:44:00,2025-10-17 19:51:00,F,40~49,office,seoul,0,0,0,0,7,0,0,18,0,0,completed
3671,U3671,2025-09-07 14:49:00,2025-09-07 14:51:00,M,20~29,office,seoul,1,0,0,0,14,0,0,16,0,0,completed
3672,U3672,2025-06-27 15:20:00,2025-06-27 15:25:00,M,40~49,office,seoul,0,0,0,0,6,0,0,59,0,0,completed
3673,U3673,2025-09-22 14:59:00,2025-09-22 15:03:00,F,20~29,office,seoul,0,0,0,0,8,0,0,21,0,0,completed
3674,U3674,2025-12-16 15:08:00,2025-12-16 15:14:00,M,50+,office,seoul,0,0,0,0,4,0,0,77,0,0,error
3675,U3675,2025-11-30 15:58:00,2025-11-30 16:02:00,F,20~29,office,seoul,1,0,0,0,20,0,0,67,0,0,completed
3676,U3676,2025-10-27 13:01:00,2025-10-27 13:08:00,M,40~49,office,seoul,0,0,0,0,21,0,0,60,0,0,completed
3677,U3677,2025-10-10 07:30:00,2025-10-10 07:36:00,M,50+,office,seoul,0,0,0,0,11,0,0,21,0,0,completed
3678,U3678,2025-06-28 17:52:00,2025-06-28 17:58:00,M,40~49,office,seoul,1,0,0,0,4,0,0,30,0,0,completed
3679,U3679,2025-08-24 18:40:00,2025-08-24 18:42:00,F,20~29,office,seoul,1,0,0,0,18,0,0,25,0,0,completed
3680,U3680,2025-08-16 22:14:00,2025-08-16 22:21:00,M,30~39,office,seoul,1,0,0,0,1,0,0,46,0,0,completed
3681,U3681,2025-08-19 08:48:00,2025-08-19 08:51:00,M,20~29,office,seoul,0,0,0,0,21,0,0,60,0,0,completed
3682,U3682,2025-08-13 08:03:00,2025-08-13 08:07:00,F,30~39,office,seoul,0,0,0,0,25,0,0,43,1,0,completed
3683,U3683,2025-01-03 09:38:00,2025-01-03 09:42:00,M,20~29,office,seoul,0,0,0,0,3,0,0,53,0,0,completed
3684,U3684,2025-01-16 20:45:00,2025-01-16 20:51:00,F,20~29,office,seoul,0,0,0,0,4,0,0,18,0,0,completed
3685,U3685,2025-12-12 16:08:00,2025-12-12 16:15:00,F,50+,office,seoul,0,0,0,0,2,0,0,37,0,0,completed
3686,U3686,2025-07-18 17:46:00,2025-07-18 17:52:00,F,20~29,office,seoul,0,0,0,0,3,0,0,10,0,0,completed
3687,U3687,2025-04-30 08:12:00,2025-04-30 08:15:00,F,40~49,office,seoul,0,0,0,0,5,0,0,50,0,0,completed
3688,U3688,2025-09-11 14:06:00,2025-09-11 14:12:00,M,20~29,office,seoul,0,0,0,0,20,0,0,14,0,0,abandoned
3689,U3689,2025-10-19 18:45:00,2025-10-19 18:52:00,M,20~29,office,seoul,1,0,0,0,23,0,0,50,0,0,completed
3690,U3690,2025-06-14 12:23:00,2025-06-14 12:25:00,M,30~39,office,seoul,1,0,0,0,21,0,0,14,0,0,completed
3691,U3691,2025-12-31 20:23:00,2025-12-31 20:25:00,F,20~29,office,seoul,0,0,0,0,4,0,0,34,0,0,completed
3692,U3692,2025-06-13 20:56:00,2025-06-13 21:02:00,M,30~39,office,seoul,0,0,0,0,18,0,0,51,0,0,abandoned
3693,U3693,2025-03-20 19:36:00,2025-03-20 19:43:00,F,20~29,office,seoul,0,0,0,0,0,0,0,60,0,0,completed
3694,U3694,2025-10-29 20:15:00,2025-10-29 20:19:00,F,30~39,office,seoul,0,0,0,0,28,0,0,72,0,0,abandoned
3695,U3695,2025-04-09 09:51:00,2025-04-09 09:56:00,M,30~39,office,seoul,0,0,0,0,26,0,0,51,0,0,completed
3696,U3696,2025-03-08 18:46:00,2025-03-08 18:48:00,F,50+,office,seoul,1,0,0,0,15,0,0,52,0,0,timeout
3697,U3697,2025-03-23 08:26:00,2025-03-23 08:31:00,M,40~49,office,seoul,1,0,0,0,12,0,0,29,0,0,completed
3698,U3698,2025-12-05 14:15:00,2025-12-05 14:17:00,F,30~39,office,seoul,0,0,0,0,29,0,0,51,0,0,completed
3699,U3699,2025-11-21 17:51:00,2025-11-21 17:57:00,F,30~39,office,seoul,0,0,0,0,7,0,0,29,1,0,completed
3700,U3700,2025-03-30 22:51:00,2025-03-30 22:54:00,M,30~39,office,seoul,1,0,0,0,4,0,0,14,0,0,completed
3701,U3701,2025-01-21 12:55:00,2025-01-21 12:57:00,M,30~39,office,seoul,0,0,0,0,1,0,0,72,0,0,completed
3702,U3702,2025-09-23 11:05:00,2025-09-23 11:11:00,F,50+,office,seoul,0,0,0,0,27,0,0,11,0,0,timeout
3703,U3703,2025-04-14 09:28:00,2025-04-14 09:33:00,F,50+,office,seoul,0,0,0,0,24,0,0,32,0,0,completed
3704,U3704,2025-09-04 13:07:00,2025-09-04 13:12:00,F,50+,office,seoul,0,0,0,0,8,0,0,18,0,0,completed
3705,U3705,2025-04-18 16:54:00,2025-04-18 16:59:00,F,30~39,office,seoul,0,0,0,0,26,0,0,11,0,0,completed
3706,U3706,2025-07-30 15:46:00,2025-07-30 15:52:00,F,30~39,office,seoul,0,0,0,0,25,0,0,19,0,0,completed
3707,U3707,2025-12-15 20:15:00,2025-12-15 20:21:00,M,30~39,office,seoul,0,0,0,0,0,0,0,70,0,0,completed
3708,U3708,2025-05-05 18:23:00,2025-05-05 18:25:00,F,30~39,office,seoul,0,0,0,0,16,0,0,53,0,0,completed
3709,U3709,2025-12-21 07:12:00,2025-12-21 07:17:00,M,50+,office,seoul,1,0,0,0,3,0,0,15,1,0,completed
3710,U3710,2025-01-22 07:32:00,2025-01-22 07:35:00,F,30~39,office,seoul,0,0,0,0,16,0,0,31,0,0,abandoned
3711,U3711,2025-09-04 16:56:00,2025-09-04 16:59:00,M,30~39,office,seoul,0,0,0,0,11,0,0,75,0,0,completed
3712,U3712,2025-07-21 20:00:00,2025-07-21 20:03:00,F,30~39,office,seoul,0,0,0,0,28,0,0,58,0,0,completed
3713,U3713,2025-12-06 12:03:00,2025-12-06 12:08:00,M,50+,office,seoul,1,0,0,0,18,0,0,69,0,0,error
3714,U3714,2025-04-01 18:30:00,2025-04-01 18:35:00,M,20~29,office,seoul,0,0,0,0,27,0,0,65,0,0,completed
3715,U3715,2025-04-19 07:43:00,2025-04-19 07:50:00,M,30~39,office,seoul,1,0,0,0,26,0,0,51,0,0,completed
3716,U3716,2025-11-25 14:37:00,2025-11-25 14:44:00,M,30~39,office,seoul,0,0,0,0,2,0,0,63,0,0,abandoned
3717,U3717,2025-10-15 19:37:00,2025-10-15 19:42:00,F,20~29,office,seoul,0,0,0,0,13,0,0,11,0,0,completed
3718,U3718,2025-02-08 09:32:00,2025-02-08 09:35:00,F,30~39,office,seoul,1,0,0,0,4,0,0,69,0,0,completed
3719,U3719,2025-01-26 14:47:00,2025-01-26 14:53:00,F,40~49,office,seoul,1,0,0,0,10,0,0,36,0,0,completed
3720,U3720,2025-02-10 17:09:00,2025-02-10 17:15:00,M,50+,office,seoul,0,0,0,0,16,0,0,70,0,0,completed
3721,U3721,2025-06-01 16:35:00,2025-06-01 16:39:00,M,30~39,office,seoul,1,0,0,0,2,0,0,60,0,0,abandoned
3722,U3722,2025-11-08 20:42:00,2025-11-08 20:44:00,M,20~29,office,seoul,1,0,0,0,16,0,0,61,0,0,completed
3723,U3723,2025-10-29 19:51:00,2025-10-29 19:58:00,M,20~29,office,seoul,0,0,0,0,22,0,0,75,0,0,completed
3724,U3724,2025-11-01 16:57:00,2025-11-01 17:01:00,M,30~39,office,seoul,1,0,0,0,20,0,0,32,0,0,completed
3725,U3725,2025-12-12 17:01:00,2025-12-12 17:06:00,F,30~39,office,seoul,0,0,0,0,29,0,0,48,0,0,completed
3726,U3726,2025-04-29 09:12:00,2025-04-29 09:17:00,F,30~39,office,seoul,0,0,0,0,11,0,0,35,0,0,timeout
3727,U3727,2025-11-24 18:50:00,2025-11-24 18:55:00,M,20~29,office,seoul,0,0,0,0,22,0,0,61,0,0,completed
3728,U3728,2025-04-07 08:12:00,2025-04-07 08:14:00,F,50+,office,seoul,0,0,0,0,0,0,0,78,0,0,abandoned
3729,U3729,2025-06-28 09:09:00,2025-06-28 09:13:00,M,40~49,office,seoul,1,0,0,0,25,0,0,31,0,0,timeout
3730,U3730,2025-11-21 15:19:00,2025-11-21 15:22:00,F,20~29,office,seoul,0,0,0,0,27,0,0,70,0,0,completed
3731,U3731,2025-12-19 21:33:00,2025-12-19 21:39:00,F,20~29,office,seoul,0,0,0,0,20,0,0,60,0,0,completed
3732,U3732,2025-10-27 09:55:00,2025-10-27 09:59:00,F,30~39,office,seoul,0,0,0,0,27,0,0,65,0,0,completed
3733,U3733,2025-12-29 12:07:00,2025-12-29 12:09:00,M,20~29,office,seoul,0,0,0,0,17,0,0,28,0,0,completed
3734,U3734,2025-10-14 13:17:00,2025-10-14 13:21:00,F,20~29,office,seoul,0,0,0,0,10,0,0,45,0,0,completed
3735,U3735,2025-01-20 07:23:00,2025-01-20 07:25:00,F,30~39,office,seoul,0,0,0,0,11,0,0,30,0,0,completed
3736,U3736,2025-06-06 14:53:00,2025-06-06 14:58:00,M,20~29,office,seoul,0,0,0,0,4,0,0,43,0,0,timeout
3737,U3737,2025-07-08 08:04:00,2025-07-08 08:10:00,M,50+,office,seoul,0,0,0,0,15,0,0,25,0,0,error
3738,U3738,2025-09-02 07:33:00,2025-09-02 07:39:00,F,30~39,office,seoul,0,0,0,0,19,0,0,56,0,0,completed
3739,U3739,2025-07-16 18:32:00,2025-07-16 18:34:00,F,50+,office,seoul,0,0,0,0,29,0,0,46,0,0,completed
3740,U3740,2025-08-13 15:49:00,2025-08-13 15:54:00,F,30~39,office,seoul,0,0,0,0,9,0,0,75,0,0,completed
3741,U3741,2025-10-15 14:46:00,2025-10-15 14:52:00,F,20~29,office,seoul,0,0,0,0,10,0,0,44,0,0,completed
3742,U3742,2025-10-08 08:01:00,2025-10-08 08:05:00,F,40~49,office,seoul,0,0,0,0,12,0,0,19,0,0,completed
3743,U3743,2025-09-12 08:31:00,2025-09-12 08:38:00,F,20~29,office,seoul,0,0,0,0,4,0,0,30,0,0,completed
3744,U3744,2025-02-09 07:09:00,2025-02-09 07:13:00,M,20~29,office,seoul,1,0,0,0,11,0,0,35,0,0,completed
3745,U3745,2025-07-30 13:45:00,2025-07-30 13:49:00,F,50+,office,seoul,0,0,0,0,27,0,0,51,0,0,completed
3746,U3746,2025-06-07 15:28:00,2025-06-07 15:35:00,M,30~39,office,seoul,1,0,0,0,27,0,0,10,0,0,completed
3747,U3747,2025-06-14 15:52:00,2025-06-14 15:59:00,M,30~39,office,seoul,1,0,0,0,7,0,0,69,0,0,completed
3748,U3748,2025-02-16 19:03:00,2025-02-16 19:06:00,M,30~39,office,seoul,1,0,0,0,3,0,0,29,0,0,completed
3749,U3749,2025-12-08 14:12:00,2025-12-08 14:19:00,F,20~29,office,seoul,0,0,0,0,26,0,0,10,0,0,abandoned
3750,U3750,2025-06-14 15:29:00,2025-06-14 15:35:00,F,30~39,office,seoul,1,0,0,0,20,0,0,47,0,0,completed
3751,U3751,2025-09-30 21:43:00,2025-09-30 21:45:00,F,20~29,office,seoul,0,0,0,0,28,0,0,46,0,0,completed
3752,U3752,2025-09-01 19:20:00,2025-09-01 19:23:00,F,20~29,office,seoul,0,0,0,0,21,0,0,58,0,0,completed
3753,U3753,2025-07-13 09:48:00,2025-07-13 09:50:00,F,20~29,office,seoul,1,0,0,0,25,0,0,22,0,0,completed
3754,U3754,2025-04-13 17:59:00,2025-04-13 18:01:00,M,30~39,office,seoul,1,0,0,0,8,0,0,66,0,0,completed
3755,U3755,2025-03-15 07:42:00,2025-03-15 07:46:00,M,30~39,office,seoul,1,0,0,0,11,0,0,54,0,0,completed
3756,U3756,2025-12-23 14:56:00,2025-12-23 15:02:00,M,30~39,office,seoul,0,0,0,0,10,0,0,32,1,0,completed
3757,U3757,2025-04-29 12:38:00,2025-04-29 12:40:00,F,40~49,office,seoul,0,0,0,0,13,0,0,78,0,0,completed
3758,U3758,2025-12-02 22:14:00,2025-12-02 22:21:00,M,50+,office,seoul,0,0,0,0,22,0,0,32,0,0,completed
3759,U3759,2025-12-29 07:36:00,2025-12-29 07:43:00,F,40~49,office,seoul,0,0,0,0,0,0,0,51,0,0,completed
3760,U3760,2025-06-17 15:31:00,2025-06-17 15:36:00,M,50+,office,seoul,0,0,0,0,27,0,0,31,0,0,completed
3761,U3761,2025-10-12 14:57:00,2025-10-12 15:03:00,M,40~49,office,seoul,1,0,0,0,2,0,0,70,0,0,completed
3762,U3762,2025-11-13 15:20:00,2025-11-13 15:25:00,M,20~29,office,seoul,0,0,0,0,26,0,0,75,0,0,completed
3763,U3763,2025-09-01 18:18:00,2025-09-01 18:21:00,F,20~29,office,seoul,0,0,0,0,16,0,0,64,0,0,completed
3764,U3764,2025-06-03 16:23:00,2025-06-03 16:30:00,F,50+,office,seoul,0,0,0,0,26,0,0,78,0,0,completed
3765,U3765,2025-11-03 16:11:00,2025-11-03 16:15:00,F,30~39,office,seoul,0,0,0,0,19,0,0,69,0,0,completed
3766,U3766,2025-07-06 18:06:00,2025-07-06 18:10:00,M,40~49,office,seoul,1,0,0,0,0,0,0,43,0,0,completed
3767,U3767,2025-05-29 08:15:00,2025-05-29 08:22:00,M,40~49,office,seoul,0,0,0,0,23,0,0,72,0,0,completed
3768,U3768,2025-01-04 13:59:00,2025-01-04 14:02:00,F,20~29,office,seoul,1,0,0,0,10,0,0,11,1,0,completed
3769,U3769,2025-05-16 13:46:00,2025-05-16 13:51:00,F,40~49,office,seoul,0,0,0,0,29,0,0,19,0,0,completed
3770,U3770,2025-11-03 18:28:00,2025-11-03 18:34:00,M,20~29,office,seoul,0,0,0,0,20,0,0,28,0,0,completed
3771,U3771,2025-10-10 13:21:00,2025-10-10 13:25:00,M,40~49,office,seoul,0,0,0,0,9,0,0,36,0,0,abandoned
3772,U3772,2025-11-26 09:29:00,2025-11-26 09:31:00,M,20~29,office,seoul,0,0,0,0,10,0,0,79,0,0,completed
3773,U3773,2025-10-05 16:57:00,2025-10-05 17:04:00,F,20~29,office,seoul,1,0,0,0,15,0,0,52,0,0,completed
3774,U3774,2025-05-29 15:58:00,2025-05-29 16:01:00,F,30~39,office,seoul,0,0,0,0,20,0,0,72,0,0,completed
3775,U3775,2025-02-09 08:31:00,2025-02-09 08:35:00,F,20~29,office,seoul,1,0,0,0,26,0,0,20,0,0,completed
3776,U3776,2025-07-04 22:15:00,2025-07-04 22:22:00,M,20~29,office,seoul,0,0,0,0,0,0,0,18,0,0,completed
3777,U3777,2025-04-06 08:06:00,2025-04-06 08:12:00,F,40~49,office,seoul,1,0,0,0,24,0,0,47,0,0,completed
3778,U3778,2025-08-07 15:54:00,2025-08-07 16:00:00,M,50+,office,seoul,0,0,0,0,17,0,0,34,0,0,completed
3779,U3779,2025-12-29 15:06:00,2025-12-29 15:12:00,M,40~49,office,seoul,0,0,0,0,14,0,0,45,0,0,completed
3780,U3780,2025-02-28 12:37:00,2025-02-28 12:44:00,F,20~29,office,seoul,0,0,0,0,17,0,0,37,0,0,completed
3781,U3781,2025-10-04 19:47:00,2025-10-04 19:49:00,M,30~39,office,seoul,1,0,0,0,2,0,0,42,0,0,completed
3782,U3782,2025-04-03 14:21:00,2025-04-03 14:24:00,M,20~29,office,seoul,0,0,0,0,7,0,0,14,0,0,abandoned
3783,U3783,2025-03-15 17:03:00,2025-03-15 17:09:00,M,50+,office,seoul,1,0,0,0,29,0,0,73,0,0,completed
3784,U3784,2025-04-21 09:37:00,2025-04-21 09:43:00,M,20~29,office,seoul,0,0,0,0,28,0,0,73,0,0,completed
3785,U3785,2025-12-31 15:39:00,2025-12-31 15:43:00,F,20~29,office,seoul,0,0,0,0,23,0,0,47,0,0,completed
3786,U3786,2025-08-05 14:55:00,2025-08-05 14:57:00,M,50+,office,seoul,0,0,0,0,7,0,0,59,0,0,completed
3787,U3787,2025-10-14 11:47:00,2025-10-14 11:54:00,M,30~39,office,seoul,0,0,0,0,24,0,0,45,0,0,completed
3788,U3788,2025-04-25 08:21:00,2025-04-25 08:23:00,M,30~39,office,seoul,0,0,0,0,23,0,0,44,0,0,completed
3789,U3789,2025-07-20 17:06:00,2025-07-20 17:10:00,F,40~49,office,seoul,1,0,0,0,26,0,0,58,0,0,completed
3790,U3790,2025-01-28 11:57:00,2025-01-28 12:02:00,F,20~29,office,seoul,0,0,0,0,12,0,0,38,0,0,completed
3791,U3791,2025-02-27 15:04:00,2025-02-27 15:11:00,M,40~49,office,seoul,0,0,0,0,8,0,0,39,0,0,completed
3792,U3792,2025-12-15 15:22:00,2025-12-15 15:28:00,M,40~49,office,seoul,0,0,0,0,3,0,0,45,0,0,completed
3793,U3793,2025-01-24 09:37:00,2025-01-24 09:44:00,F,20~29,office,seoul,0,0,0,0,9,0,0,38,0,0,completed
3794,U3794,2025-09-12 08:47:00,2025-09-12 08:50:00,F,20~29,office,seoul,0,0,0,0,27,0,0,24,0,0,completed
3795,U3795,2025-05-03 22:36:00,2025-05-03 22:39:00,F,20~29,office,seoul,1,0,0,0,6,0,0,33,0,0,completed
3796,U3796,2025-09-17 13:29:00,2025-09-17 13:36:00,F,30~39,office,seoul,0,0,0,0,16,0,0,74,0,0,completed
3797,U3797,2025-04-22 14:52:00,2025-04-22 14:59:00,M,20~29,office,seoul,0,0,0,0,23,0,0,59,0,0,completed
3798,U3798,2025-06-17 14:01:00,2025-06-17 14:04:00,M,20~29,office,seoul,0,0,0,0,29,0,0,35,0,0,completed
3799,U3799,2025-01-16 11:46:00,2025-01-16 11:53:00,M,30~39,office,seoul,0,0,0,0,25,0,0,22,0,0,completed
3800,U3800,2025-11-13 15:29:00,2025-11-13 15:34:00,M,30~39,office,seoul,0,0,0,0,14,0,0,11,0,0,abandoned
3801,U3801,2025-09-30 08:39:00,2025-09-30 08:44:00,F,30~39,office,seoul,0,0,0,0,7,0,0,38,0,0,completed
3802,U3802,2025-10-24 11:03:00,2025-10-24 11:09:00,M,50+,office,seoul,0,0,0,0,5,0,0,10,1,0,completed
3803,U3803,2025-05-24 17:49:00,2025-05-24 17:51:00,M,30~39,office,seoul,1,0,0,0,10,0,0,58,0,0,completed
3804,U3804,2025-07-14 13:50:00,2025-07-14 13:55:00,F,20~29,office,seoul,0,0,0,0,19,0,0,10,0,0,completed
3805,U3805,2025-11-28 15:21:00,2025-11-28 15:26:00,F,30~39,office,seoul,0,0,0,0,13,0,0,12,0,0,abandoned
3806,U3806,2025-06-04 17:33:00,2025-06-04 17:40:00,F,20~29,office,seoul,0,0,0,0,12,0,0,66,0,0,completed
3807,U3807,2025-03-03 16:58:00,2025-03-03 17:05:00,M,30~39,office,seoul,0,0,0,0,29,0,0,63,0,0,completed
3808,U3808,2025-05-21 15:34:00,2025-05-21 15:41:00,F,40~49,office,seoul,0,0,0,0,20,0,0,63,0,0,timeout
3809,U3809,2025-10-04 14:14:00,2025-10-04 14:18:00,M,30~39,office,seoul,1,0,0,0,3,0,0,36,0,0,timeout
3810,U3810,2025-03-01 20:03:00,2025-03-01 20:05:00,M,50+,office,seoul,1,0,0,0,27,0,0,28,0,0,completed
3811,U3811,2025-05-05 13:01:00,2025-05-05 13:06:00,M,20~29,office,seoul,0,0,0,0,26,0,0,25,0,0,completed
3812,U3812,2025-01-28 08:31:00,2025-01-28 08:37:00,F,30~39,office,seoul,0,0,0,0,8,0,0,53,0,0,completed
3813,U3813,2025-01-24 12:17:00,2025-01-24 12:21:00,M,30~39,office,seoul,0,0,0,0,28,0,0,18,0,0,completed
3814,U3814,2025-08-07 22:24:00,2025-08-07 22:30:00,F,30~39,office,seoul,0,0,0,0,20,0,0,16,0,0,completed
3815,U3815,2025-12-31 17:59:00,2025-12-31 18:01:00,M,30~39,office,seoul,0,0,0,0,22,0,0,60,0,0,abandoned
3816,U3816,2025-01-07 15:51:00,2025-01-07 15:57:00,F,30~39,office,seoul,0,0,0,0,25,0,0,25,0,0,completed
3817,U3817,2025-11-18 09:51:00,2025-11-18 09:53:00,F,20~29,office,seoul,0,0,0,0,4,0,0,21,0,0,completed
3818,U3818,2025-06-12 19:48:00,2025-06-12 19:54:00,F,40~49,office,seoul,0,0,0,0,28,0,0,67,0,0,completed
3819,U3819,2025-10-11 16:51:00,2025-10-11 16:55:00,F,30~39,office,seoul,1,0,0,0,23,0,0,54,0,0,completed
3820,U3820,2025-02-23 20:44:00,2025-02-23 20:49:00,F,20~29,office,seoul,1,0,0,0,28,0,0,62,0,0,completed
3821,U3821,2025-04-06 18:52:00,2025-04-06 18:57:00,M,50+,office,seoul,1,0,0,0,26,0,0,43,0,0,completed
3822,U3822,2025-03-18 12:18:00,2025-03-18 12:21:00,F,50+,office,seoul,0,0,0,0,12,0,0,56,0,0,completed
3823,U3823,2025-07-12 16:30:00,2025-07-12 16:32:00,M,20~29,office,seoul,1,0,0,0,12,0,0,53,0,0,completed
3824,U3824,2025-09-01 17:44:00,2025-09-01 17:51:00,F,40~49,office,seoul,0,0,0,0,26,0,0,66,0,0,completed
3825,U3825,2025-02-02 15:43:00,2025-02-02 15:48:00,F,40~49,office,seoul,1,0,0,0,18,0,0,20,0,0,abandoned
3826,U3826,2025-08-16 14:45:00,2025-08-16 14:49:00,F,30~39,office,seoul,1,0,0,0,24,0,0,71,0,0,completed
3827,U3827,2025-06-13 17:39:00,2025-06-13 17:41:00,F,40~49,office,seoul,0,0,0,0,16,0,0,58,0,0,completed
3828,U3828,2025-05-03 09:09:00,2025-05-03 09:15:00,F,30~39,office,seoul,1,0,0,0,9,0,0,53,0,0,completed
3829,U3829,2025-04-12 18:46:00,2025-04-12 18:51:00,F,30~39,office,seoul,1,0,0,0,21,0,0,13,0,0,completed
3830,U3830,2025-11-27 14:05:00,2025-11-27 14:10:00,M,30~39,office,seoul,0,0,0,0,26,0,0,35,1,0,completed
3831,U3831,2025-03-10 09:56:00,2025-03-10 10:02:00,M,20~29,office,seoul,0,0,0,0,19,0,0,37,0,0,completed
3832,U3832,2025-01-08 18:53:00,2025-01-08 18:55:00,F,50+,office,seoul,0,0,0,0,29,0,0,20,0,0,abandoned
3833,U3833,2025-07-03 17:32:00,2025-07-03 17:39:00,F,20~29,office,seoul,0,0,0,0,12,0,0,66,0,0,completed
3834,U3834,2025-02-15 16:43:00,2025-02-15 16:47:00,F,50+,office,seoul,1,0,0,0,28,0,0,47,0,0,completed
3835,U3835,2025-11-24 13:40:00,2025-11-24 13:46:00,F,50+,office,seoul,0,0,0,0,29,0,0,12,1,0,completed
3836,U3836,2025-02-10 08:32:00,2025-02-10 08:39:00,M,30~39,office,seoul,0,0,0,0,8,0,0,41,0,0,completed
3837,U3837,2025-06-02 08:59:00,2025-06-02 09:03:00,M,40~49,office,seoul,0,0,0,0,5,0,0,71,0,0,completed
3838,U3838,2025-05-24 21:10:00,2025-05-24 21:14:00,M,20~29,office,seoul,1,0,0,0,3,0,0,44,0,0,completed
3839,U3839,2025-05-06 15:13:00,2025-05-06 15:16:00,F,20~29,office,seoul,0,0,0,0,18,0,0,54,0,0,completed
3840,U3840,2025-12-06 12:33:00,2025-12-06 12:36:00,F,30~39,office,seoul,1,0,0,0,23,0,0,63,0,0,completed
3841,U3841,2025-06-23 14:25:00,2025-06-23 14:32:00,F,20~29,office,seoul,0,0,0,0,28,0,0,11,0,0,completed
3842,U3842,2025-01-28 13:50:00,2025-01-28 13:52:00,M,30~39,office,seoul,0,0,0,0,10,0,0,67,0,0,completed
3843,U3843,2025-10-03 15:51:00,2025-10-03 15:57:00,F,20~29,office,seoul,0,0,0,0,15,0,0,58,0,0,completed
3844,U3844,2025-01-08 21:08:00,2025-01-08 21:12:00,M,20~29,office,seoul,0,0,0,0,25,0,0,76,0,0,abandoned
3845,U3845,2025-02-02 17:16:00,2025-02-02 17:22:00,M,30~39,office,seoul,1,0,0,0,2,0,0,64,0,0,completed
3846,U3846,2025-01-16 14:21:00,2025-01-16 14:28:00,M,20~29,office,seoul,0,0,0,0,7,0,0,70,0,0,completed
3847,U3847,2025-04-07 09:15:00,2025-04-07 09:19:00,F,30~39,office,seoul,0,0,0,0,27,0,0,42,0,0,completed
3848,U3848,2025-09-18 12:59:00,2025-09-18 13:03:00,F,20~29,office,seoul,0,0,0,0,20,0,0,16,0,0,completed
3849,U3849,2025-11-05 11:09:00,2025-11-05 11:15:00,F,30~39,office,seoul,0,0,0,0,22,0,0,25,0,0,completed
3850,U3850,2025-09-14 09:32:00,2025-09-14 09:39:00,F,40~49,office,seoul,1,0,0,0,16,0,0,13,0,0,completed
3851,U3851,2025-01-07 18:33:00,2025-01-07 18:38:00,M,20~29,office,seoul,0,0,0,0,24,0,0,22,0,0,completed
3852,U3852,2025-03-09 08:35:00,2025-03-09 08:40:00,F,40~49,office,seoul,1,0,0,0,9,0,0,33,0,0,completed
3853,U3853,2025-10-04 13:33:00,2025-10-04 13:38:00,M,50+,office,seoul,1,0,0,0,27,0,0,68,0,0,completed
3854,U3854,2025-11-01 09:41:00,2025-11-01 09:45:00,F,30~39,office,seoul,1,0,0,0,28,0,0,27,0,0,completed
3855,U3855,2025-02-10 15:55:00,2025-02-10 15:57:00,M,30~39,office,seoul,0,0,0,0,0,0,0,32,0,0,completed
3856,U3856,2025-01-31 14:47:00,2025-01-31 14:50:00,F,50+,office,seoul,0,0,0,0,20,0,0,58,0,0,timeout
3857,U3857,2025-03-19 16:13:00,2025-03-19 16:20:00,M,20~29,office,seoul,0,0,0,0,7,0,0,12,0,0,completed
3858,U3858,2025-05-28 11:01:00,2025-05-28 11:07:00,M,40~49,office,seoul,0,0,0,0,15,0,0,63,0,0,timeout
3859,U3859,2025-03-02 11:27:00,2025-03-02 11:30:00,F,20~29,office,seoul,1,0,0,0,28,0,0,20,0,0,completed
3860,U3860,2025-09-17 11:49:00,2025-09-17 11:51:00,F,30~39,office,seoul,0,0,0,0,27,0,0,32,0,0,completed
3861,U3861,2025-05-30 12:01:00,2025-05-30 12:06:00,F,20~29,office,seoul,0,0,0,0,14,0,0,79,0,0,completed
3862,U3862,2025-10-07 13:31:00,2025-10-07 13:38:00,F,30~39,office,seoul,0,0,0,0,2,0,0,14,0,0,abandoned
3863,U3863,2025-07-19 12:50:00,2025-07-19 12:57:00,M,20~29,office,seoul,1,0,0,0,22,0,0,38,0,0,completed
3864,U3864,2025-10-16 17:58:00,2025-10-16 18:01:00,F,20~29,office,seoul,0,0,0,0,22,0,0,45,0,0,completed
3865,U3865,2025-02-13 15:09:00,2025-02-13 15:15:00,M,30~39,office,seoul,0,0,0,0,1,0,0,39,0,0,timeout
3866,U3866,2025-06-28 14:59:00,2025-06-28 15:03:00,F,20~29,office,seoul,1,0,0,0,12,0,0,16,0,0,completed
3867,U3867,2025-10-19 13:53:00,2025-10-19 13:59:00,F,30~39,office,seoul,1,0,0,0,9,0,0,31,0,0,completed
3868,U3868,2025-11-20 20:56:00,2025-11-20 21:03:00,F,20~29,office,seoul,0,0,0,0,10,0,0,32,0,0,completed
3869,U3869,2025-04-18 08:53:00,2025-04-18 08:56:00,F,50+,office,seoul,0,0,0,0,15,0,0,28,0,0,abandoned
3870,U3870,2025-10-17 21:49:00,2025-10-17 21:51:00,F,30~39,office,seoul,0,0,0,0,15,0,0,64,0,0,completed
3871,U3871,2025-04-07 14:16:00,2025-04-07 14:20:00,F,40~49,office,seoul,0,0,0,0,16,0,0,42,0,0,timeout
3872,U3872,2025-05-16 08:52:00,2025-05-16 08:57:00,F,20~29,office,seoul,0,0,0,0,11,0,0,57,0,0,completed
3873,U3873,2025-04-22 16:21:00,2025-04-22 16:27:00,F,20~29,office,seoul,0,0,0,0,2,0,0,28,1,1,error
3874,U3874,2025-09-22 15:24:00,2025-09-22 15:27:00,F,50+,office,seoul,0,0,0,0,14,0,0,68,1,0,completed
3875,U3875,2025-11-28 12:48:00,2025-11-28 12:50:00,F,50+,office,seoul,0,0,0,0,26,0,0,59,0,0,completed
3876,U3876,2025-03-31 16:51:00,2025-03-31 16:55:00,F,50+,office,seoul,0,0,0,0,26,0,0,44,0,0,completed
3877,U3877,2025-06-06 17:28:00,2025-06-06 17:31:00,M,50+,office,seoul,0,0,0,0,19,0,0,31,0,0,completed
3878,U3878,2025-11-13 15:11:00,2025-11-13 15:17:00,F,40~49,office,seoul,0,0,0,0,24,0,0,45,0,0,error
3879,U3879,2025-12-24 08:39:00,2025-12-24 08:45:00,F,40~49,office,seoul,0,0,0,0,28,0,0,14,0,0,completed
3880,U3880,2025-07-21 14:52:00,2025-07-21 14:58:00,M,30~39,office,seoul,0,0,0,0,8,0,0,29,0,0,completed
3881,U3881,2025-07-17 19:19:00,2025-07-17 19:23:00,M,20~29,office,seoul,0,0,0,0,25,0,0,58,0,0,completed
3882,U3882,2025-05-22 13:29:00,2025-05-22 13:32:00,M,50+,office,seoul,0,0,0,0,8,0,0,16,0,0,completed
3883,U3883,2025-01-14 15:10:00,2025-01-14 15:15:00,M,30~39,office,seoul,0,0,0,0,0,0,0,38,0,0,abandoned
3884,U3884,2025-02-25 08:53:00,2025-02-25 08:55:00,M,20~29,office,seoul,0,0,0,0,26,0,0,66,0,1,completed
3885,U3885,2025-11-10 15:21:00,2025-11-10 15:28:00,M,30~39,office,seoul,0,0,0,0,10,0,0,12,0,0,completed
3886,U3886,2025-03-04 15:19:00,2025-03-04 15:24:00,F,50+,office,seoul,0,0,0,0,19,0,0,66,0,0,completed
3887,U3887,2025-12-27 15:15:00,2025-12-27 15:17:00,F,30~39,office,seoul,1,0,0,0,4,0,0,79,0,0,completed
3888,U3888,2025-09-07 15:27:00,2025-09-07 15:30:00,M,40~49,office,seoul,1,0,0,0,24,0,0,23,0,0,completed
3889,U3889,2025-09-21 17:29:00,2025-09-21 17:36:00,F,20~29,office,seoul,1,0,0,0,25,0,0,37,0,0,completed
3890,U3890,2025-06-22 09:10:00,2025-06-22 09:12:00,F,40~49,office,seoul,1,0,0,0,10,0,0,36,0,0,completed
3891,U3891,2025-11-16 12:29:00,2025-11-16 12:34:00,F,20~29,office,seoul,1,0,0,0,1,0,0,52,0,0,completed
3892,U3892,2025-12-01 14:33:00,2025-12-01 14:35:00,F,30~39,office,seoul,0,0,0,0,11,0,0,13,0,0,completed
3893,U3893,2025-06-22 13:56:00,2025-06-22 14:03:00,F,50+,office,seoul,1,0,0,0,29,0,0,25,0,0,completed
3894,U3894,2025-11-15 19:46:00,2025-11-15 19:51:00,M,30~39,office,seoul,1,0,0,0,3,0,0,55,0,0,completed
3895,U3895,2025-12-27 20:17:00,2025-12-27 20:24:00,M,30~39,office,seoul,1,0,0,0,17,0,0,22,0,0,completed
3896,U3896,2025-10-26 15:13:00,2025-10-26 15:15:00,M,20~29,office,seoul,1,0,0,0,5,0,0,66,0,0,completed
3897,U3897,2025-11-11 16:08:00,2025-11-11 16:10:00,M,20~29,office,seoul,0,0,0,0,3,0,0,48,0,0,timeout
3898,U3898,2025-03-03 14:14:00,2025-03-03 14:16:00,F,40~49,office,seoul,0,0,0,0,6,0,0,27,0,0,completed
3899,U3899,2025-01-10 15:58:00,2025-01-10 16:00:00,F,20~29,office,seoul,0,0,0,0,23,0,0,60,0,0,completed
3900,U3900,2025-10-12 15:44:00,2025-10-12 15:50:00,M,20~29,office,seoul,1,0,0,0,17,0,0,46,0,0,abandoned
3901,U3901,2025-07-01 15:46:00,2025-07-01 15:53:00,F,20~29,office,seoul,0,0,0,0,27,0,0,53,0,0,completed
3902,U3902,2025-08-10 16:50:00,2025-08-10 16:52:00,M,50+,office,seoul,1,0,0,0,23,0,0,15,1,1,completed
3903,U3903,2025-02-13 20:22:00,2025-02-13 20:24:00,M,30~39,office,seoul,0,0,0,0,5,0,0,70,0,0,completed
3904,U3904,2025-09-22 08:46:00,2025-09-22 08:50:00,M,50+,office,seoul,0,0,0,0,4,0,0,55,0,0,completed
3905,U3905,2025-02-22 15:17:00,2025-02-22 15:22:00,M,20~29,office,seoul,1,0,0,0,22,0,0,68,0,0,completed
3906,U3906,2025-06-17 16:07:00,2025-06-17 16:13:00,M,20~29,office,seoul,0,0,0,0,19,0,0,28,0,0,completed
3907,U3907,2025-09-20 15:33:00,2025-09-20 15:35:00,F,30~39,office,seoul,1,0,0,0,17,0,0,40,0,0,completed
3908,U3908,2025-01-18 15:10:00,2025-01-18 15:17:00,M,20~29,office,seoul,1,0,0,0,15,0,0,73,0,0,completed
3909,U3909,2025-05-04 15:56:00,2025-05-04 16:02:00,F,20~29,office,seoul,1,0,0,0,21,0,0,59,0,0,completed
3910,U3910,2025-06-18 16:31:00,2025-06-18 16:37:00,F,30~39,office,seoul,0,0,0,0,16,0,0,35,0,0,completed
3911,U3911,2025-10-05 15:17:00,2025-10-05 15:22:00,F,30~39,office,seoul,1,0,0,0,26,0,0,76,0,0,completed
3912,U3912,2025-08-10 11:57:00,2025-08-10 12:02:00,F,50+,office,seoul,1,0,0,0,16,0,0,47,0,0,completed
3913,U3913,2025-11-20 11:07:00,2025-11-20 11:09:00,M,40~49,office,seoul,0,0,0,0,26,0,0,68,0,0,completed
3914,U3914,2025-10-07 17:56:00,2025-10-07 18:01:00,F,50+,office,seoul,0,0,0,0,26,0,0,40,0,1,completed
3915,U3915,2025-12-30 15:02:00,2025-12-30 15:09:00,M,40~49,office,seoul,0,0,0,0,7,0,0,20,0,0,completed
3916,U3916,2025-04-09 12:38:00,2025-04-09 12:42:00,F,30~39,office,seoul,0,0,0,0,5,0,0,36,0,0,completed
3917,U3917,2025-04-24 16:01:00,2025-04-24 16:07:00,F,20~29,office,seoul,0,0,0,0,0,0,0,61,0,0,completed
3918,U3918,2025-08-11 20:04:00,2025-08-11 20:09:00,F,20~29,office,seoul,0,0,0,0,1,0,0,37,0,0,completed
3919,U3919,2025-12-20 16:14:00,2025-12-20 16:17:00,F,20~29,office,seoul,1,0,0,0,3,0,0,72,0,0,abandoned
3920,U3920,2025-12-17 08:09:00,2025-12-17 08:15:00,M,20~29,office,seoul,0,0,0,0,25,0,0,53,0,0,completed
3921,U3921,2025-05-02 08:45:00,2025-05-02 08:48:00,F,40~49,office,seoul,0,0,0,0,22,0,0,68,0,0,completed
3922,U3922,2025-04-01 15:36:00,2025-04-01 15:43:00,M,40~49,office,seoul,0,0,0,0,25,0,0,49,0,0,completed
3923,U3923,2025-10-05 11:51:00,2025-10-05 11:58:00,F,40~49,office,seoul,1,0,0,0,8,0,0,22,1,0,completed
3924,U3924,2025-12-09 08:28:00,2025-12-09 08:32:00,M,30~39,office,seoul,0,0,0,0,4,0,0,66,0,0,completed
3925,U3925,2025-05-14 08:24:00,2025-05-14 08:28:00,M,30~39,office,seoul,0,0,0,0,14,0,0,54,0,0,abandoned
3926,U3926,2025-10-13 13:04:00,2025-10-13 13:08:00,M,30~39,office,seoul,0,0,0,0,28,0,0,11,0,0,completed
3927,U3927,2025-08-29 12:21:00,2025-08-29 12:26:00,F,30~39,office,seoul,0,0,0,0,12,0,0,46,0,0,completed
3928,U3928,2025-01-25 13:34:00,2025-01-25 13:41:00,M,30~39,office,seoul,1,0,0,0,8,0,0,35,0,0,completed
3929,U3929,2025-12-07 15:39:00,2025-12-07 15:43:00,F,40~49,office,seoul,1,0,0,0,14,0,0,73,0,0,completed
3930,U3930,2025-07-11 14:28:00,2025-07-11 14:31:00,F,20~29,office,seoul,0,0,0,0,13,0,0,41,0,0,completed
3931,U3931,2025-08-24 14:09:00,2025-08-24 14:15:00,F,20~29,office,seoul,1,0,0,0,10,0,0,26,0,0,completed
3932,U3932,2025-07-19 20:46:00,2025-07-19 20:53:00,F,20~29,office,seoul,1,0,0,0,21,0,0,38,0,0,completed
3933,U3933,2025-02-12 14:31:00,2025-02-12 14:36:00,F,50+,office,seoul,0,0,0,0,3,0,0,47,0,0,completed
3934,U3934,2025-03-08 12:07:00,2025-03-08 12:09:00,M,30~39,office,seoul,1,0,0,0,11,0,0,18,0,0,completed
3935,U3935,2025-10-10 14:41:00,2025-10-10 14:43:00,M,50+,office,seoul,0,0,0,0,8,0,0,33,1,0,completed
3936,U3936,2025-08-21 14:35:00,2025-08-21 14:42:00,F,20~29,office,seoul,0,0,0,0,17,0,0,13,0,0,error
3937,U3937,2025-06-30 17:52:00,2025-06-30 17:59:00,F,50+,office,seoul,0,0,0,0,5,0,0,70,0,1,completed
3938,U3938,2025-01-13 08:50:00,2025-01-13 08:54:00,F,20~29,office,seoul,0,0,0,0,10,0,0,54,0,0,completed
3939,U3939,2025-08-06 21:12:00,2025-08-06 21:19:00,M,30~39,office,seoul,0,0,0,0,18,0,0,53,0,0,completed
3940,U3940,2025-09-20 16:10:00,2025-09-20 16:13:00,F,30~39,office,seoul,1,0,0,0,11,0,0,43,0,0,completed
3941,U3941,2025-02-21 09:49:00,2025-02-21 09:51:00,F,30~39,office,seoul,0,0,0,0,9,0,0,11,0,0,completed
3942,U3942,2025-04-20 08:52:00,2025-04-20 08:56:00,M,20~29,office,seoul,1,0,0,0,20,0,0,29,0,0,completed
3943,U3943,2025-02-09 18:32:00,2025-02-09 18:34:00,M,30~39,office,seoul,1,0,0,0,29,0,0,75,0,0,completed
3944,U3944,2025-08-19 14:46:00,2025-08-19 14:48:00,M,50+,office,seoul,0,0,0,0,22,0,0,44,0,0,completed
3945,U3945,2025-09-25 14:26:00,2025-09-25 14:29:00,M,50+,office,seoul,0,0,0,0,7,0,0,23,0,0,completed
3946,U3946,2025-02-06 09:13:00,2025-02-06 09:19:00,M,30~39,office,seoul,0,0,0,0,18,0,0,47,0,0,completed
3947,U3947,2025-09-10 11:06:00,2025-09-10 11:12:00,F,20~29,office,seoul,0,0,0,0,25,0,0,11,0,0,completed
3948,U3948,2025-04-26 18:10:00,2025-04-26 18:15:00,M,40~49,office,seoul,1,0,0,0,19,0,0,34,0,0,completed
3949,U3949,2025-05-27 09:13:00,2025-05-27 09:15:00,M,30~39,office,seoul,0,0,0,0,13,0,0,40,0,0,completed
3950,U3950,2025-08-28 11:30:00,2025-08-28 11:37:00,M,30~39,office,seoul,0,0,0,0,11,0,0,26,0,0,completed
3951,U3951,2025-09-06 20:57:00,2025-09-06 21:04:00,F,50+,office,seoul,1,0,0,0,12,0,0,76,0,0,completed
3952,U3952,2025-08-02 08:32:00,2025-08-02 08:39:00,M,50+,office,seoul,1,0,0,0,25,0,0,53,0,0,completed
3953,U3953,2025-12-13 07:35:00,2025-12-13 07:37:00,F,20~29,office,seoul,1,0,0,0,12,0,0,12,0,0,completed
3954,U3954,2025-02-17 14:42:00,2025-02-17 14:49:00,F,40~49,office,seoul,0,0,0,0,15,0,0,46,0,0,completed
3955,U3955,2025-12-13 14:48:00,2025-12-13 14:55:00,M,30~39,office,seoul,1,0,0,0,14,0,0,72,0,0,completed
3956,U3956,2025-03-30 19:53:00,2025-03-30 20:00:00,F,40~49,office,seoul,1,0,0,0,24,0,0,43,0,0,completed
3957,U3957,2025-12-09 12:07:00,2025-12-09 12:11:00,F,40~49,office,seoul,0,0,0,0,7,0,0,24,0,0,completed
3958,U3958,2025-09-27 12:04:00,2025-09-27 12:07:00,M,30~39,office,seoul,1,0,0,0,13,0,0,78,0,0,completed
3959,U3959,2025-06-01 12:35:00,2025-06-01 12:42:00,F,50+,office,seoul,1,0,0,0,6,0,0,13,0,0,completed
3960,U3960,2025-02-28 13:25:00,2025-02-28 13:31:00,F,20~29,office,seoul,0,0,0,0,5,0,0,40,0,0,completed
3961,U3961,2025-10-11 14:43:00,2025-10-11 14:46:00,F,30~39,office,seoul,1,0,0,0,24,0,0,72,0,0,completed
3962,U3962,2025-02-28 18:50:00,2025-02-28 18:57:00,F,30~39,office,seoul,0,0,0,0,20,0,0,48,1,0,completed
3963,U3963,2025-06-05 22:13:00,2025-06-05 22:18:00,F,40~49,office,seoul,0,0,0,0,4,0,0,44,0,0,abandoned
3964,U3964,2025-01-04 12:50:00,2025-01-04 12:55:00,M,20~29,office,seoul,1,0,0,0,22,0,0,61,0,0,completed
3965,U3965,2025-09-29 09:40:00,2025-09-29 09:46:00,M,20~29,office,seoul,0,0,0,0,3,0,0,34,0,0,completed
3966,U3966,2025-11-01 17:29:00,2025-11-01 17:31:00,F,20~29,office,seoul,1,0,0,0,16,0,0,64,0,0,completed
3967,U3967,2025-03-15 19:05:00,2025-03-15 19:09:00,M,30~39,office,seoul,1,0,0,0,24,0,0,51,0,0,completed
3968,U3968,2025-04-05 15:11:00,2025-04-05 15:14:00,M,20~29,office,seoul,1,0,0,0,2,0,0,38,0,0,completed
3969,U3969,2025-01-03 08:12:00,2025-01-03 08:17:00,F,20~29,office,seoul,0,0,0,0,21,0,0,22,0,0,completed
3970,U3970,2025-04-18 16:27:00,2025-04-18 16:30:00,F,50+,office,seoul,0,0,0,0,23,0,0,40,0,0,completed
3971,U3971,2025-08-04 18:14:00,2025-08-04 18:21:00,F,30~39,office,seoul,0,0,0,0,29,0,0,77,0,1,completed
3972,U3972,2025-10-13 16:43:00,2025-10-13 16:49:00,M,30~39,office,seoul,0,0,0,0,6,0,0,62,0,0,completed
3973,U3973,2025-04-10 09:21:00,2025-04-10 09:28:00,F,20~29,office,seoul,0,0,0,0,27,0,0,65,0,0,completed
3974,U3974,2025-02-28 11:43:00,2025-02-28 11:49:00,F,30~39,office,seoul,0,0,0,0,9,0,0,74,0,0,completed
3975,U3975,2025-08-28 20:54:00,2025-08-28 20:57:00,F,30~39,office,seoul,0,0,0,0,26,0,0,55,0,0,completed
3976,U3976,2025-04-15 09:21:00,2025-04-15 09:28:00,F,40~49,office,seoul,0,0,0,0,14,0,0,62,0,0,completed
3977,U3977,2025-12-08 17:06:00,2025-12-08 17:12:00,F,30~39,office,seoul,0,0,0,0,10,0,0,15,0,0,completed
3978,U3978,2025-07-07 16:47:00,2025-07-07 16:49:00,F,50+,office,seoul,0,0,0,0,28,0,0,61,0,0,completed
3979,U3979,2025-09-28 12:00:00,2025-09-28 12:07:00,M,40~49,office,seoul,1,0,0,0,24,0,0,78,0,0,error
3980,U3980,2025-07-19 15:20:00,2025-07-19 15:24:00,F,50+,office,seoul,1,0,0,0,26,0,0,71,0,0,completed
3981,U3981,2025-01-16 14:30:00,2025-01-16 14:35:00,F,40~49,office,seoul,0,0,0,0,29,0,0,24,0,0,completed
3982,U3982,2025-12-27 20:46:00,2025-12-27 20:52:00,F,50+,office,seoul,1,0,0,0,10,0,0,18,0,0,completed
3983,U3983,2025-03-20 19:18:00,2025-03-20 19:22:00,F,40~49,office,seoul,0,0,0,0,13,0,0,41,0,1,completed
3984,U3984,2025-01-14 07:09:00,2025-01-14 07:14:00,F,40~49,office,seoul,0,0,0,0,0,0,0,54,0,0,timeout
3985,U3985,2025-01-19 09:41:00,2025-01-19 09:45:00,F,50+,office,seoul,1,0,0,0,14,0,0,37,0,0,completed
3986,U3986,2025-01-14 11:31:00,2025-01-14 11:34:00,F,50+,office,seoul,0,0,0,0,28,0,0,66,0,0,completed
3987,U3987,2025-05-10 07:26:00,2025-05-10 07:29:00,M,30~39,office,seoul,1,0,0,0,6,0,0,77,0,0,completed
3988,U3988,2025-12-06 14:30:00,2025-12-06 14:36:00,M,30~39,office,seoul,1,0,0,0,12,0,0,27,0,0,completed
3989,U3989,2025-02-24 07:55:00,2025-02-24 08:00:00,F,40~49,office,seoul,0,0,0,0,0,0,0,51,0,0,completed
3990,U3990,2025-09-18 13:33:00,2025-09-18 13:38:00,M,30~39,office,seoul,0,0,0,0,29,0,0,23,0,0,completed
3991,U3991,2025-05-17 14:09:00,2025-05-17 14:11:00,M,50+,office,seoul,1,0,0,0,23,0,0,64,0,0,completed
3992,U3992,2025-03-07 09:11:00,2025-03-07 09:13:00,F,50+,office,seoul,0,0,0,0,25,0,0,48,0,0,completed
3993,U3993,2025-09-21 09:23:00,2025-09-21 09:30:00,M,30~39,office,seoul,1,0,0,0,7,0,0,49,0,0,completed
3994,U3994,2025-01-21 15:56:00,2025-01-21 15:59:00,F,20~29,office,seoul,0,0,0,0,29,0,0,54,1,0,completed
3995,U3995,2025-06-06 09:48:00,2025-06-06 09:50:00,F,30~39,office,seoul,0,0,0,0,4,0,0,70,0,0,completed
3996,U3996,2025-06-15 16:20:00,2025-06-15 16:23:00,F,40~49,office,seoul,1,0,0,0,23,0,0,15,0,0,completed
3997,U3997,2025-05-26 14:45:00,2025-05-26 14:50:00,F,20~29,office,seoul,0,0,0,0,29,0,0,44,0,0,completed
3998,U3998,2025-10-28 07:47:00,2025-10-28 07:49:00,F,20~29,office,seoul,0,0,0,0,4,0,0,47,0,0,completed
3999,U3999,2025-09-02 08:05:00,2025-09-02 08:09:00,F,20~29,office,seoul,0,0,0,0,0,0,0,57,0,0,completed
4000,U4000,2025-09-23 14:58:00,2025-09-23 15:03:00,F,20~29,office,seoul,0,0,0,0,14,0,0,39,0,0,completed
4001,U4001,2025-01-10 12:21:00,2025-01-10 12:24:00,F,20~29,office,seoul,0,0,0,0,20,0,0,77,0,0,completed
4002,U4002,2025-11-28 14:37:00,2025-11-28 14:44:00,M,50+,office,seoul,0,0,0,0,16,0,0,41,0,0,completed
4003,U4003,2025-03-21 09:58:00,2025-03-21 10:02:00,F,30~39,office,seoul,0,0,0,0,15,0,0,30,0,0,completed
4004,U4004,2025-12-13 13:04:00,2025-12-13 13:06:00,F,40~49,office,seoul,1,0,0,0,11,0,0,14,0,0,completed
4005,U4005,2025-03-09 15:44:00,2025-03-09 15:46:00,M,50+,office,seoul,1,0,0,0,11,0,0,63,0,0,completed
4006,U4006,2025-09-26 17:18:00,2025-09-26 17:22:00,M,30~39,office,seoul,0,0,0,0,3,0,0,70,0,0,completed
4007,U4007,2025-08-05 14:44:00,2025-08-05 14:47:00,F,30~39,office,seoul,0,0,0,0,26,0,0,42,0,0,completed
4008,U4008,2025-04-06 12:27:00,2025-04-06 12:30:00,M,30~39,office,seoul,1,0,0,0,12,0,0,11,0,0,completed
4009,U4009,2025-04-02 12:35:00,2025-04-02 12:38:00,M,20~29,office,seoul,0,0,0,0,22,0,0,22,0,0,timeout
4010,U4010,2025-02-03 13:55:00,2025-02-03 13:58:00,M,20~29,office,seoul,0,0,0,0,26,0,0,74,0,0,timeout
4011,U4011,2025-09-17 18:51:00,2025-09-17 18:56:00,F,50+,office,seoul,0,0,0,0,23,0,0,55,0,0,completed
4012,U4012,2025-12-16 09:20:00,2025-12-16 09:26:00,F,30~39,office,seoul,0,0,0,0,3,0,0,43,0,0,completed
4013,U4013,2025-03-21 09:43:00,2025-03-21 09:48:00,M,50+,office,seoul,0,0,0,0,12,0,0,34,0,0,completed
4014,U4014,2025-12-13 16:07:00,2025-12-13 16:11:00,M,40~49,office,seoul,1,0,0,0,11,0,0,69,0,0,abandoned
4015,U4015,2025-09-21 18:02:00,2025-09-21 18:05:00,M,50+,office,seoul,1,0,0,0,3,0,0,29,0,0,abandoned
4016,U4016,2025-10-14 13:49:00,2025-10-14 13:52:00,F,30~39,office,seoul,0,0,0,0,5,0,0,17,0,0,completed
4017,U4017,2025-12-11 16:00:00,2025-12-11 16:06:00,F,40~49,office,seoul,0,0,0,0,24,0,0,56,0,0,completed
4018,U4018,2025-06-16 11:24:00,2025-06-16 11:31:00,M,30~39,office,seoul,0,0,0,0,2,0,0,74,0,0,completed
4019,U4019,2025-12-06 08:08:00,2025-12-06 08:10:00,F,40~49,office,seoul,1,0,0,0,18,0,0,79,0,0,completed
4020,U4020,2025-11-29 08:09:00,2025-11-29 08:15:00,M,30~39,office,seoul,1,0,0,0,26,0,0,65,0,0,completed
4021,U4021,2025-04-27 07:57:00,2025-04-27 07:59:00,F,40~49,office,seoul,1,0,0,0,20,0,0,37,0,0,completed
4022,U4022,2025-06-29 18:13:00,2025-06-29 18:18:00,F,50+,office,seoul,1,0,0,0,3,0,0,50,0,0,completed
4023,U4023,2025-06-19 08:59:00,2025-06-19 09:03:00,M,50+,office,seoul,0,0,0,0,5,0,0,15,0,0,completed
4024,U4024,2025-06-27 17:04:00,2025-06-27 17:11:00,F,30~39,office,seoul,0,0,0,0,16,0,0,39,0,0,completed
4025,U4025,2025-02-07 09:34:00,2025-02-07 09:39:00,F,20~29,office,seoul,0,0,0,0,29,0,0,42,0,0,completed
4026,U4026,2025-11-15 14:07:00,2025-11-15 14:14:00,M,20~29,office,seoul,1,0,0,0,19,0,0,75,0,0,completed
4027,U4027,2025-10-21 11:12:00,2025-10-21 11:19:00,F,50+,office,seoul,0,0,0,0,0,0,0,35,0,0,completed
4028,U4028,2025-05-14 18:32:00,2025-05-14 18:35:00,M,40~49,office,seoul,0,0,0,0,9,0,0,69,0,0,completed
4029,U4029,2025-03-28 07:57:00,2025-03-28 08:03:00,F,20~29,office,seoul,0,0,0,0,3,0,0,12,0,0,completed
4030,U4030,2025-05-04 08:40:00,2025-05-04 08:46:00,F,30~39,office,seoul,1,0,0,0,2,0,0,29,0,0,completed
4031,U4031,2025-12-28 20:14:00,2025-12-28 20:20:00,F,40~49,office,seoul,1,0,0,0,10,0,0,31,0,0,completed
4032,U4032,2025-10-20 07:56:00,2025-10-20 07:58:00,M,50+,office,seoul,0,0,0,0,11,0,0,15,0,0,completed
4033,U4033,2025-08-02 09:06:00,2025-08-02 09:09:00,M,20~29,office,seoul,1,0,0,0,28,0,0,21,0,0,completed
4034,U4034,2025-03-15 19:34:00,2025-03-15 19:36:00,M,20~29,office,seoul,1,0,0,0,11,0,0,29,0,0,completed
4035,U4035,2025-09-05 16:22:00,2025-09-05 16:26:00,F,20~29,office,seoul,0,0,0,0,6,0,0,26,0,0,completed
4036,U4036,2025-01-09 19:00:00,2025-01-09 19:05:00,F,20~29,office,seoul,0,0,0,0,9,0,0,19,0,0,completed
4037,U4037,2025-12-05 18:41:00,2025-12-05 18:43:00,F,40~49,office,seoul,0,0,0,0,4,0,0,38,0,0,completed
4038,U4038,2025-03-23 13:31:00,2025-03-23 13:37:00,F,40~49,office,seoul,1,0,0,0,24,0,0,12,0,0,completed
4039,U4039,2025-03-09 18:06:00,2025-03-09 18:08:00,M,20~29,office,seoul,1,0,0,0,23,0,0,63,0,0,completed
4040,U4040,2025-01-25 12:08:00,2025-01-25 12:11:00,M,40~49,office,seoul,1,0,0,0,16,0,0,34,0,0,completed
4041,U4041,2025-01-16 07:20:00,2025-01-16 07:22:00,F,30~39,office,seoul,0,0,0,0,8,0,0,33,0,0,completed
4042,U4042,2025-05-11 07:16:00,2025-05-11 07:23:00,F,40~49,office,seoul,1,0,0,0,24,0,0,63,0,0,completed
4043,U4043,2025-07-28 15:16:00,2025-07-28 15:22:00,F,50+,office,seoul,0,0,0,0,9,0,0,11,0,0,completed
4044,U4044,2025-08-07 08:39:00,2025-08-07 08:43:00,F,30~39,office,seoul,0,0,0,0,4,0,0,53,0,0,completed
4045,U4045,2025-04-04 18:56:00,2025-04-04 19:00:00,F,20~29,office,seoul,0,0,0,0,2,0,0,77,0,0,completed
4046,U4046,2025-04-02 15:19:00,2025-04-02 15:26:00,M,40~49,office,seoul,0,0,0,0,3,0,0,56,0,0,completed
4047,U4047,2025-08-16 18:16:00,2025-08-16 18:20:00,M,40~49,office,seoul,1,0,0,0,7,0,0,67,0,0,completed
4048,U4048,2025-11-25 21:02:00,2025-11-25 21:08:00,F,30~39,office,seoul,0,0,0,0,13,0,0,64,0,0,completed
4049,U4049,2025-04-05 16:10:00,2025-04-05 16:16:00,M,50+,office,seoul,1,0,0,0,14,0,0,48,0,0,completed
4050,U4050,2025-04-20 11:24:00,2025-04-20 11:27:00,F,20~29,office,seoul,1,0,0,0,25,0,0,25,0,0,abandoned
4051,U4051,2025-01-24 18:04:00,2025-01-24 18:07:00,M,30~39,office,seoul,0,0,0,0,29,0,0,16,0,0,completed
4052,U4052,2025-10-15 15:45:00,2025-10-15 15:49:00,M,30~39,office,seoul,0,0,0,0,28,0,0,40,0,0,completed
4053,U4053,2025-11-16 07:34:00,2025-11-16 07:37:00,M,20~29,office,seoul,1,0,0,0,3,0,0,69,0,0,completed
4054,U4054,2025-01-23 12:43:00,2025-01-23 12:47:00,F,30~39,office,seoul,0,0,0,0,22,0,0,67,0,0,completed
4055,U4055,2025-11-02 12:41:00,2025-11-02 12:48:00,M,20~29,office,seoul,1,0,0,0,2,0,0,46,0,0,completed
4056,U4056,2025-07-24 12:07:00,2025-07-24 12:09:00,F,40~49,office,seoul,0,0,0,0,3,0,0,77,0,0,completed
4057,U4057,2025-12-07 16:29:00,2025-12-07 16:33:00,M,40~49,office,seoul,1,0,0,0,19,0,0,56,0,0,completed
4058,U4058,2025-01-30 18:47:00,2025-01-30 18:53:00,F,20~29,office,seoul,0,0,0,0,25,0,0,30,0,0,completed
4059,U4059,2025-10-08 11:18:00,2025-10-08 11:24:00,M,40~49,office,seoul,0,0,0,0,2,0,0,35,0,0,completed
4060,U4060,2025-01-15 19:37:00,2025-01-15 19:43:00,M,50+,office,seoul,0,0,0,0,10,0,0,42,0,0,completed
4061,U4061,2025-07-16 15:41:00,2025-07-16 15:43:00,M,20~29,office,seoul,0,0,0,0,16,0,0,34,0,0,completed
4062,U4062,2025-10-05 09:24:00,2025-10-05 09:28:00,F,20~29,office,seoul,1,0,0,0,18,0,0,18,0,0,completed
4063,U4063,2025-03-30 18:08:00,2025-03-30 18:11:00,M,20~29,office,seoul,1,0,0,0,25,0,0,69,0,0,completed
4064,U4064,2025-09-04 16:43:00,2025-09-04 16:45:00,M,50+,office,seoul,0,0,0,0,17,0,0,48,0,1,completed
4065,U4065,2025-04-25 19:46:00,2025-04-25 19:52:00,F,50+,office,seoul,0,0,0,0,20,0,0,76,0,0,completed
4066,U4066,2025-01-12 14:20:00,2025-01-12 14:27:00,M,30~39,office,seoul,1,0,0,0,8,0,0,27,0,0,completed
4067,U4067,2025-06-03 11:14:00,2025-06-03 11:18:00,M,40~49,office,seoul,0,0,0,0,2,0,0,58,0,0,completed
4068,U4068,2025-01-27 09:35:00,2025-01-27 09:39:00,M,20~29,office,seoul,0,0,0,0,17,0,0,29,0,0,abandoned
4069,U4069,2025-11-05 13:04:00,2025-11-05 13:09:00,F,30~39,office,seoul,0,0,0,0,12,0,0,57,0,0,completed
4070,U4070,2025-06-21 14:36:00,2025-06-21 14:42:00,F,20~29,office,seoul,1,0,0,0,15,0,0,76,0,0,completed
4071,U4071,2025-02-01 15:56:00,2025-02-01 16:01:00,F,30~39,office,seoul,1,0,0,0,24,0,0,45,0,0,completed
4072,U4072,2025-01-05 09:16:00,2025-01-05 09:22:00,M,30~39,office,seoul,1,0,0,0,22,0,0,21,0,0,completed
4073,U4073,2025-04-09 15:43:00,2025-04-09 15:45:00,M,40~49,office,seoul,0,0,0,0,13,0,0,60,0,0,completed
4074,U4074,2025-03-04 13:31:00,2025-03-04 13:37:00,M,30~39,office,seoul,0,0,0,0,29,0,0,63,0,0,abandoned
4075,U4075,2025-06-07 13:19:00,2025-06-07 13:21:00,M,20~29,office,seoul,1,0,0,0,24,0,0,37,0,0,completed
4076,U4076,2025-09-23 17:48:00,2025-09-23 17:55:00,M,20~29,office,seoul,0,0,0,0,28,0,0,21,0,0,completed
4077,U4077,2025-06-03 15:02:00,2025-06-03 15:04:00,F,20~29,office,seoul,0,0,0,0,5,0,0,13,0,0,error
4078,U4078,2025-11-29 17:31:00,2025-11-29 17:38:00,M,50+,office,seoul,1,0,0,0,6,0,0,52,0,0,completed
4079,U4079,2025-11-23 18:17:00,2025-11-23 18:21:00,M,30~39,office,seoul,1,0,0,0,20,0,0,47,0,0,completed
4080,U4080,2025-03-20 09:25:00,2025-03-20 09:27:00,F,20~29,office,seoul,0,0,0,0,25,0,0,39,0,0,completed
4081,U4081,2025-11-04 15:15:00,2025-11-04 15:21:00,F,50+,office,seoul,0,0,0,0,13,0,0,74,0,0,completed
4082,U4082,2025-10-02 08:13:00,2025-10-02 08:19:00,F,50+,office,seoul,0,0,0,0,25,0,0,25,0,1,completed
4083,U4083,2025-02-16 14:58:00,2025-02-16 15:01:00,F,20~29,office,seoul,1,0,0,0,25,0,0,12,0,0,completed
4084,U4084,2025-12-26 22:05:00,2025-12-26 22:10:00,F,20~29,office,seoul,0,0,0,0,20,0,0,55,0,0,abandoned
4085,U4085,2025-10-17 09:05:00,2025-10-17 09:07:00,F,50+,office,seoul,0,0,0,0,24,0,0,78,0,0,completed
4086,U4086,2025-02-09 08:02:00,2025-02-09 08:05:00,F,30~39,office,seoul,1,0,0,0,20,0,0,38,0,0,completed
4087,U4087,2025-08-22 14:49:00,2025-08-22 14:54:00,F,40~49,office,seoul,0,0,0,0,14,0,0,45,0,0,completed
4088,U4088,2025-10-05 13:24:00,2025-10-05 13:29:00,F,50+,office,seoul,1,0,0,0,6,0,0,68,0,0,completed
4089,U4089,2025-08-04 08:47:00,2025-08-04 08:52:00,M,20~29,office,seoul,0,0,0,0,21,0,0,31,0,0,completed
4090,U4090,2025-07-10 17:46:00,2025-07-10 17:51:00,M,20~29,office,seoul,0,0,0,0,1,0,0,79,0,0,completed
4091,U4091,2025-08-13 16:54:00,2025-08-13 17:00:00,M,30~39,office,seoul,0,0,0,0,10,0,0,66,0,0,completed
4092,U4092,2025-04-14 16:32:00,2025-04-14 16:36:00,F,20~29,office,seoul,0,0,0,0,17,0,0,62,0,0,completed
4093,U4093,2025-10-06 16:48:00,2025-10-06 16:55:00,F,40~49,office,seoul,0,0,0,0,12,0,0,24,0,0,timeout
4094,U4094,2025-12-03 14:57:00,2025-12-03 15:00:00,F,40~49,office,seoul,0,0,0,0,4,0,0,54,0,0,completed
4095,U4095,2025-02-28 12:40:00,2025-02-28 12:47:00,F,20~29,office,seoul,0,0,0,0,29,0,0,14,0,0,abandoned
4096,U4096,2025-09-16 15:38:00,2025-09-16 15:44:00,F,40~49,office,seoul,0,0,0,0,23,0,0,50,0,0,completed
4097,U4097,2025-10-03 17:06:00,2025-10-03 17:09:00,F,20~29,office,seoul,0,0,0,0,22,0,0,63,0,0,completed
4098,U4098,2025-02-04 16:00:00,2025-02-04 16:03:00,M,30~39,office,seoul,0,0,0,0,14,0,0,63,0,0,completed
4099,U4099,2025-08-09 17:27:00,2025-08-09 17:31:00,M,20~29,office,seoul,1,0,0,0,8,0,0,51,0,0,completed
4100,U4100,2025-11-10 07:17:00,2025-11-10 07:24:00,M,20~29,office,seoul,0,0,0,0,20,0,0,51,0,0,completed
4101,U4101,2025-10-09 14:41:00,2025-10-09 14:43:00,M,30~39,office,seoul,0,0,0,0,0,0,0,69,0,0,completed
4102,U4102,2025-03-11 13:18:00,2025-03-11 13:25:00,M,50+,office,seoul,0,0,0,0,21,0,0,62,0,0,completed
4103,U4103,2025-08-13 08:38:00,2025-08-13 08:45:00,F,30~39,office,seoul,0,0,0,0,1,0,0,25,0,0,abandoned
4104,U4104,2025-04-05 12:25:00,2025-04-05 12:29:00,F,50+,office,seoul,1,0,0,0,27,0,0,36,0,0,completed
4105,U4105,2025-08-15 17:12:00,2025-08-15 17:16:00,F,30~39,office,seoul,0,0,0,0,13,0,0,42,0,0,completed
4106,U4106,2025-05-27 08:49:00,2025-05-27 08:56:00,F,40~49,office,seoul,0,0,0,0,26,0,0,76,0,0,completed
4107,U4107,2025-10-30 14:27:00,2025-10-30 14:34:00,M,20~29,office,seoul,0,0,0,0,16,0,0,16,0,0,completed
4108,U4108,2025-02-21 14:21:00,2025-02-21 14:23:00,F,20~29,office,seoul,0,0,0,0,8,0,0,55,0,0,completed
4109,U4109,2025-12-03 07:08:00,2025-12-03 07:12:00,F,20~29,office,seoul,0,0,0,0,16,0,0,37,0,0,completed
4110,U4110,2025-05-20 13:38:00,2025-05-20 13:43:00,M,30~39,office,seoul,0,0,0,0,17,0,0,27,0,0,completed
4111,U4111,2025-07-05 19:43:00,2025-07-05 19:48:00,F,20~29,office,seoul,1,0,0,0,7,0,0,14,0,0,timeout
4112,U4112,2025-02-14 18:38:00,2025-02-14 18:44:00,F,30~39,office,seoul,0,0,0,0,10,0,0,59,0,0,completed
4113,U4113,2025-08-08 07:00:00,2025-08-08 07:04:00,F,30~39,office,seoul,0,0,0,0,17,0,0,35,1,0,completed
4114,U4114,2025-11-22 11:00:00,2025-11-22 11:02:00,F,20~29,office,seoul,1,0,0,0,13,0,0,39,0,0,completed
4115,U4115,2025-07-11 09:47:00,2025-07-11 09:54:00,F,30~39,office,seoul,0,0,0,0,24,0,0,28,0,0,completed
4116,U4116,2025-08-21 11:17:00,2025-08-21 11:21:00,F,30~39,office,seoul,0,0,0,0,11,0,0,41,0,0,completed
4117,U4117,2025-05-28 18:01:00,2025-05-28 18:04:00,F,40~49,office,seoul,0,0,0,0,13,0,0,63,0,0,completed
4118,U4118,2025-03-01 17:57:00,2025-03-01 18:00:00,F,50+,office,seoul,1,0,0,0,8,0,0,26,0,0,completed
4119,U4119,2025-09-04 12:15:00,2025-09-04 12:21:00,F,40~49,office,seoul,0,0,0,0,16,0,0,49,0,0,completed
4120,U4120,2025-05-03 12:49:00,2025-05-03 12:54:00,M,20~29,office,seoul,1,0,0,0,27,0,0,66,0,0,completed
4121,U4121,2025-06-08 17:59:00,2025-06-08 18:05:00,M,30~39,office,seoul,1,0,0,0,1,0,0,38,0,0,completed
4122,U4122,2025-10-23 13:52:00,2025-10-23 13:57:00,F,40~49,office,seoul,0,0,0,0,11,0,0,33,0,0,abandoned
4123,U4123,2025-04-13 17:50:00,2025-04-13 17:55:00,F,20~29,office,seoul,1,0,0,0,9,0,0,65,0,0,completed
4124,U4124,2025-10-16 16:21:00,2025-10-16 16:27:00,F,30~39,office,seoul,0,0,0,0,25,0,0,39,0,0,completed
4125,U4125,2025-11-17 14:33:00,2025-11-17 14:37:00,F,20~29,office,seoul,0,0,0,0,13,0,0,49,0,0,completed
4126,U4126,2025-11-19 16:56:00,2025-11-19 17:02:00,F,40~49,office,seoul,0,0,0,0,5,0,0,56,1,0,completed
4127,U4127,2025-07-11 14:46:00,2025-07-11 14:53:00,F,40~49,office,seoul,0,0,0,0,1,0,0,30,0,0,timeout
4128,U4128,2025-03-25 13:11:00,2025-03-25 13:14:00,M,20~29,office,seoul,0,0,0,0,4,0,0,54,1,0,completed
4129,U4129,2025-04-11 15:52:00,2025-04-11 15:57:00,M,50+,office,seoul,0,0,0,0,2,0,0,44,0,0,completed
4130,U4130,2025-06-13 08:15:00,2025-06-13 08:19:00,M,50+,office,seoul,0,0,0,0,19,0,0,56,0,0,abandoned
4131,U4131,2025-04-08 13:41:00,2025-04-08 13:48:00,F,40~49,office,seoul,0,0,0,0,14,0,0,32,0,0,completed
4132,U4132,2025-12-05 14:22:00,2025-12-05 14:29:00,M,20~29,office,seoul,0,0,0,0,16,0,0,47,0,0,completed
4133,U4133,2025-10-02 11:05:00,2025-10-02 11:12:00,F,50+,office,seoul,0,0,0,0,3,0,0,36,0,0,completed
4134,U4134,2025-12-21 21:51:00,2025-12-21 21:56:00,F,30~39,office,seoul,1,0,0,0,2,0,0,28,0,0,completed
4135,U4135,2025-07-12 11:43:00,2025-07-12 11:50:00,F,20~29,office,seoul,1,0,0,0,14,0,0,20,0,0,completed
4136,U4136,2025-05-21 14:55:00,2025-05-21 14:59:00,M,50+,office,seoul,0,0,0,0,23,0,0,49,1,0,completed
4137,U4137,2025-09-06 18:17:00,2025-09-06 18:23:00,F,20~29,office,seoul,1,0,0,0,9,0,0,72,0,0,completed
4138,U4138,2025-09-17 12:26:00,2025-09-17 12:33:00,F,30~39,office,seoul,0,0,0,0,20,0,0,46,0,0,completed
4139,U4139,2025-10-26 19:25:00,2025-10-26 19:27:00,F,40~49,office,seoul,1,0,0,0,14,0,0,39,0,0,completed
4140,U4140,2025-07-01 21:21:00,2025-07-01 21:25:00,M,40~49,office,seoul,0,0,0,0,0,0,0,56,0,0,timeout
4141,U4141,2025-01-06 11:28:00,2025-01-06 11:35:00,F,20~29,office,seoul,0,0,0,0,15,0,0,77,0,0,completed
4142,U4142,2025-08-21 09:22:00,2025-08-21 09:28:00,M,30~39,office,seoul,0,0,0,0,4,0,0,23,0,0,completed
4143,U4143,2025-05-05 07:53:00,2025-05-05 07:59:00,F,50+,office,seoul,0,0,0,0,19,0,0,35,0,0,completed
4144,U4144,2025-09-28 15:22:00,2025-09-28 15:27:00,F,40~49,office,seoul,1,0,0,0,27,0,0,72,0,0,error
4145,U4145,2025-01-14 11:06:00,2025-01-14 11:11:00,F,30~39,office,seoul,0,0,0,0,29,0,0,42,0,0,completed
4146,U4146,2025-10-17 09:44:00,2025-10-17 09:50:00,F,30~39,office,seoul,0,0,0,0,24,0,0,34,0,0,completed
4147,U4147,2025-12-07 12:29:00,2025-12-07 12:32:00,M,20~29,office,seoul,1,0,0,0,26,0,0,21,0,0,completed
4148,U4148,2025-09-25 16:17:00,2025-09-25 16:22:00,F,50+,office,seoul,0,0,0,0,19,0,0,56,0,0,completed
4149,U4149,2025-06-22 09:56:00,2025-06-22 10:02:00,M,30~39,office,seoul,1,0,0,0,21,0,0,12,0,0,completed
4150,U4150,2025-04-22 13:29:00,2025-04-22 13:36:00,F,40~49,office,seoul,0,0,0,0,23,0,0,34,0,0,completed
4151,U4151,2025-06-21 08:38:00,2025-06-21 08:44:00,M,30~39,office,seoul,1,0,0,0,0,0,0,23,0,0,completed
4152,U4152,2025-07-01 14:47:00,2025-07-01 14:54:00,M,20~29,office,seoul,0,0,0,0,7,0,0,29,0,0,completed
4153,U4153,2025-07-13 07:22:00,2025-07-13 07:26:00,M,20~29,office,seoul,1,0,0,0,7,0,0,57,0,0,abandoned
4154,U4154,2025-09-30 16:52:00,2025-09-30 16:58:00,M,40~49,office,seoul,0,0,0,0,25,0,0,62,0,0,completed
4155,U4155,2025-05-09 15:34:00,2025-05-09 15:39:00,M,40~49,office,seoul,0,0,0,0,14,0,0,19,0,0,completed
4156,U4156,2025-12-17 12:26:00,2025-12-17 12:28:00,F,30~39,office,seoul,0,0,0,0,20,0,0,68,0,0,completed
4157,U4157,2025-12-13 20:11:00,2025-12-13 20:16:00,M,20~29,office,seoul,1,0,0,0,25,0,0,30,0,0,completed
4158,U4158,2025-07-02 16:01:00,2025-07-02 16:06:00,F,30~39,office,seoul,0,0,0,0,20,0,0,57,0,0,completed
4159,U4159,2025-11-26 15:10:00,2025-11-26 15:15:00,M,50+,office,seoul,0,0,0,0,24,0,0,11,0,0,completed
4160,U4160,2025-06-13 09:20:00,2025-06-13 09:27:00,M,20~29,office,seoul,0,0,0,0,13,0,0,40,0,0,abandoned
4161,U4161,2025-03-28 12:03:00,2025-03-28 12:06:00,F,50+,office,seoul,0,0,0,0,2,0,0,59,0,1,abandoned
4162,U4162,2025-04-03 18:31:00,2025-04-03 18:34:00,F,20~29,office,seoul,0,0,0,0,13,0,0,50,0,0,completed
4163,U4163,2025-06-14 15:39:00,2025-06-14 15:44:00,F,30~39,office,seoul,1,0,0,0,10,0,0,29,0,0,completed
4164,U4164,2025-03-01 14:18:00,2025-03-01 14:20:00,F,20~29,office,seoul,1,0,0,0,15,0,0,25,0,0,completed
4165,U4165,2025-07-21 13:28:00,2025-07-21 13:35:00,F,40~49,office,seoul,0,0,0,0,17,0,0,36,0,0,completed
4166,U4166,2025-04-02 14:23:00,2025-04-02 14:27:00,F,30~39,office,seoul,0,0,0,0,9,0,0,19,0,0,completed
4167,U4167,2025-11-27 08:50:00,2025-11-27 08:53:00,M,40~49,office,seoul,0,0,0,0,5,0,0,75,0,0,completed
4168,U4168,2025-02-08 09:05:00,2025-02-08 09:11:00,F,50+,office,seoul,1,0,0,0,10,0,0,55,0,0,abandoned
4169,U4169,2025-09-17 08:24:00,2025-09-17 08:28:00,F,30~39,office,seoul,0,0,0,0,11,0,0,68,0,0,timeout
4170,U4170,2025-07-16 16:32:00,2025-07-16 16:37:00,F,40~49,office,seoul,0,0,0,0,18,0,0,44,0,0,timeout
4171,U4171,2025-09-08 08:54:00,2025-09-08 08:57:00,F,30~39,office,seoul,0,0,0,0,1,0,0,69,0,0,completed
4172,U4172,2025-05-16 15:00:00,2025-05-16 15:06:00,F,20~29,office,seoul,0,0,0,0,15,0,0,39,0,0,completed
4173,U4173,2025-11-05 15:01:00,2025-11-05 15:07:00,F,30~39,office,seoul,0,0,0,0,24,0,0,13,0,0,completed
4174,U4174,2025-09-23 15:49:00,2025-09-23 15:54:00,M,50+,office,seoul,0,0,0,0,24,0,0,60,0,0,completed
4175,U4175,2025-07-10 19:05:00,2025-07-10 19:08:00,F,30~39,office,seoul,0,0,0,0,1,0,0,36,0,0,completed
4176,U4176,2025-07-26 14:24:00,2025-07-26 14:29:00,F,30~39,office,seoul,1,0,0,0,9,0,0,44,0,0,completed
4177,U4177,2025-05-28 07:18:00,2025-05-28 07:25:00,F,30~39,office,seoul,0,0,0,0,19,0,0,39,0,0,completed
4178,U4178,2025-11-15 09:07:00,2025-11-15 09:11:00,M,30~39,office,seoul,1,0,0,0,19,0,0,16,0,0,completed
4179,U4179,2025-10-12 16:18:00,2025-10-12 16:25:00,F,50+,office,seoul,1,0,0,0,18,0,0,25,0,0,completed
4180,U4180,2025-09-23 09:54:00,2025-09-23 09:58:00,M,20~29,office,seoul,0,0,0,0,2,0,0,33,0,0,completed
4181,U4181,2025-01-03 17:40:00,2025-01-03 17:45:00,F,20~29,office,seoul,0,0,0,0,23,0,0,19,0,0,completed
4182,U4182,2025-02-03 13:23:00,2025-02-03 13:29:00,F,50+,office,seoul,0,0,0,0,28,0,0,71,0,0,completed
4183,U4183,2025-02-05 08:34:00,2025-02-05 08:36:00,F,20~29,office,seoul,0,0,0,0,28,0,0,52,0,0,timeout
4184,U4184,2025-09-14 19:48:00,2025-09-14 19:51:00,F,40~49,office,seoul,1,0,0,0,2,0,0,10,0,0,completed
4185,U4185,2025-06-28 09:58:00,2025-06-28 10:02:00,M,40~49,office,seoul,1,0,0,0,4,0,0,57,0,0,completed
4186,U4186,2025-02-18 17:36:00,2025-02-18 17:40:00,M,20~29,office,seoul,0,0,0,0,8,0,0,59,0,0,completed
4187,U4187,2025-03-16 12:59:00,2025-03-16 13:06:00,M,30~39,office,seoul,1,0,0,0,22,0,0,79,0,0,completed
4188,U4188,2025-09-12 18:38:00,2025-09-12 18:40:00,F,50+,office,seoul,0,0,0,0,27,0,0,21,0,0,completed
4189,U4189,2025-08-21 21:03:00,2025-08-21 21:08:00,F,20~29,office,seoul,0,0,0,0,1,0,0,20,0,0,completed
4190,U4190,2025-09-09 11:26:00,2025-09-09 11:32:00,F,30~39,office,seoul,0,0,0,0,17,0,0,60,0,0,completed
4191,U4191,2025-10-21 12:27:00,2025-10-21 12:32:00,M,20~29,office,seoul,0,0,0,0,11,0,0,66,0,0,completed
4192,U4192,2025-06-18 18:22:00,2025-06-18 18:26:00,M,40~49,office,seoul,0,0,0,0,8,0,0,51,0,0,completed
4193,U4193,2025-11-04 08:39:00,2025-11-04 08:42:00,F,30~39,office,seoul,0,0,0,0,11,0,0,16,0,0,completed
4194,U4194,2025-06-27 09:34:00,2025-06-27 09:39:00,M,40~49,office,seoul,0,0,0,0,0,0,0,44,0,0,completed
4195,U4195,2025-10-12 15:59:00,2025-10-12 16:02:00,F,20~29,office,seoul,1,0,0,0,28,0,0,40,0,0,completed
4196,U4196,2025-03-31 22:21:00,2025-03-31 22:28:00,F,20~29,office,seoul,0,0,0,0,13,0,0,77,0,0,completed
4197,U4197,2025-05-16 15:30:00,2025-05-16 15:36:00,F,20~29,office,seoul,0,0,0,0,10,0,0,26,0,0,completed
4198,U4198,2025-09-28 20:04:00,2025-09-28 20:10:00,F,30~39,office,seoul,1,0,0,0,16,0,0,63,0,0,completed
4199,U4199,2025-01-22 13:40:00,2025-01-22 13:45:00,F,40~49,office,seoul,0,0,0,0,11,0,0,44,0,0,completed
4200,U4200,2025-02-11 11:07:00,2025-02-11 11:12:00,M,50+,office,seoul,0,0,0,0,28,0,0,35,0,0,completed
4201,U4201,2025-10-10 17:20:00,2025-10-10 17:23:00,F,40~49,office,seoul,0,0,0,0,4,0,0,49,0,0,completed
4202,U4202,2025-12-07 08:30:00,2025-12-07 08:32:00,F,20~29,office,seoul,1,0,0,0,18,0,0,33,0,0,completed
4203,U4203,2025-02-21 12:26:00,2025-02-21 12:30:00,F,40~49,office,seoul,0,0,0,0,28,0,0,47,0,0,completed
4204,U4204,2025-01-17 09:52:00,2025-01-17 09:59:00,F,30~39,office,seoul,0,0,0,0,5,0,0,34,0,0,completed
4205,U4205,2025-03-29 16:32:00,2025-03-29 16:37:00,F,40~49,office,seoul,1,0,0,0,9,0,0,76,0,0,completed
4206,U4206,2025-12-05 17:24:00,2025-12-05 17:30:00,F,20~29,office,seoul,0,0,0,0,20,0,0,58,0,0,abandoned
4207,U4207,2025-09-20 12:07:00,2025-09-20 12:09:00,M,30~39,office,seoul,1,0,0,0,3,0,0,30,0,0,abandoned
4208,U4208,2025-05-06 15:08:00,2025-05-06 15:12:00,F,40~49,office,seoul,0,0,0,0,23,0,0,43,0,0,completed
4209,U4209,2025-10-05 12:08:00,2025-10-05 12:13:00,M,20~29,office,seoul,1,0,0,0,19,0,0,59,0,0,completed
4210,U4210,2025-01-19 13:26:00,2025-01-19 13:33:00,F,50+,office,seoul,1,0,0,0,17,0,0,64,0,0,completed
4211,U4211,2025-04-05 14:39:00,2025-04-05 14:41:00,M,20~29,office,seoul,1,0,0,0,8,0,0,46,0,0,abandoned
4212,U4212,2025-03-19 15:16:00,2025-03-19 15:19:00,F,30~39,office,seoul,0,0,0,0,21,0,0,29,0,0,completed
4213,U4213,2025-09-30 07:45:00,2025-09-30 07:48:00,F,40~49,office,seoul,0,0,0,0,10,0,0,63,0,0,completed
4214,U4214,2025-03-07 15:34:00,2025-03-07 15:41:00,M,30~39,office,seoul,0,0,0,0,5,0,0,12,0,0,completed
4215,U4215,2025-08-14 18:09:00,2025-08-14 18:11:00,F,50+,office,seoul,0,0,0,0,6,0,0,20,0,0,completed
4216,U4216,2025-04-19 11:19:00,2025-04-19 11:21:00,M,40~49,office,seoul,1,0,0,0,19,0,0,64,0,0,abandoned
4217,U4217,2025-05-08 13:45:00,2025-05-08 13:47:00,F,50+,office,seoul,0,0,0,0,8,0,0,68,0,1,completed
4218,U4218,2025-02-03 12:28:00,2025-02-03 12:31:00,F,20~29,office,seoul,0,0,0,0,19,0,0,67,1,0,abandoned
4219,U4219,2025-02-24 16:04:00,2025-02-24 16:09:00,F,30~39,office,seoul,0,0,0,0,15,0,0,72,0,0,completed
4220,U4220,2025-03-02 18:50:00,2025-03-02 18:57:00,M,30~39,office,seoul,1,0,0,0,27,0,0,67,0,0,completed
4221,U4221,2025-04-21 14:01:00,2025-04-21 14:04:00,F,30~39,office,seoul,0,0,0,0,13,0,0,36,0,0,abandoned
4222,U4222,2025-09-01 22:49:00,2025-09-01 22:52:00,F,50+,office,seoul,0,0,0,0,17,0,0,18,0,1,error
4223,U4223,2025-01-15 17:37:00,2025-01-15 17:39:00,M,20~29,office,seoul,0,0,0,0,7,0,0,62,0,0,completed
4224,U4224,2025-01-27 09:15:00,2025-01-27 09:18:00,F,50+,office,seoul,0,0,0,0,18,0,0,58,1,0,completed
4225,U4225,2025-01-12 17:18:00,2025-01-12 17:20:00,M,30~39,office,seoul,1,0,0,0,24,0,0,34,0,0,abandoned
4226,U4226,2025-11-19 20:43:00,2025-11-19 20:47:00,M,30~39,office,seoul,0,0,0,0,11,0,0,61,0,0,completed
4227,U4227,2025-10-12 20:01:00,2025-10-12 20:03:00,M,20~29,office,seoul,1,0,0,0,25,0,0,27,0,0,completed
4228,U4228,2025-07-11 21:21:00,2025-07-11 21:23:00,M,20~29,office,seoul,0,0,0,0,29,0,0,53,0,0,completed
4229,U4229,2025-11-14 12:20:00,2025-11-14 12:24:00,F,40~49,office,seoul,0,0,0,0,26,0,0,58,0,0,abandoned
4230,U4230,2025-07-30 13:22:00,2025-07-30 13:26:00,M,40~49,office,seoul,0,0,0,0,25,0,0,24,0,0,completed
4231,U4231,2025-06-12 14:54:00,2025-06-12 14:59:00,F,30~39,office,seoul,0,0,0,0,28,0,0,74,0,0,completed
4232,U4232,2025-11-05 17:00:00,2025-11-05 17:05:00,M,40~49,office,seoul,0,0,0,0,0,0,0,23,0,0,completed
4233,U4233,2025-03-28 18:00:00,2025-03-28 18:02:00,M,40~49,office,seoul,0,0,0,0,16,0,0,64,0,0,completed
4234,U4234,2025-03-10 09:24:00,2025-03-10 09:27:00,M,40~49,office,seoul,0,0,0,0,1,0,0,13,0,0,completed
4235,U4235,2025-05-10 08:48:00,2025-05-10 08:52:00,F,20~29,office,seoul,1,0,0,0,20,0,0,79,0,0,completed
4236,U4236,2025-04-11 17:47:00,2025-04-11 17:51:00,F,20~29,office,seoul,0,0,0,0,2,0,0,27,0,0,completed
4237,U4237,2025-12-17 12:32:00,2025-12-17 12:35:00,F,50+,office,seoul,0,0,0,0,7,0,0,48,0,0,completed
4238,U4238,2025-03-18 14:06:00,2025-03-18 14:11:00,F,40~49,office,seoul,0,0,0,0,16,0,0,77,0,0,completed
4239,U4239,2025-03-17 16:06:00,2025-03-17 16:13:00,F,20~29,office,seoul,0,0,0,0,17,0,0,13,0,0,completed
4240,U4240,2025-03-30 15:51:00,2025-03-30 15:53:00,F,20~29,office,seoul,1,0,0,0,4,0,0,31,0,0,completed
4241,U4241,2025-08-02 07:09:00,2025-08-02 07:13:00,F,20~29,office,seoul,1,0,0,0,12,0,0,62,0,0,completed
4242,U4242,2025-10-30 09:23:00,2025-10-30 09:30:00,M,20~29,office,seoul,0,0,0,0,16,0,0,19,0,0,completed
4243,U4243,2025-04-12 14:21:00,2025-04-12 14:24:00,M,40~49,office,seoul,1,0,0,0,10,0,0,63,0,0,completed
4244,U4244,2025-09-18 18:49:00,2025-09-18 18:55:00,F,40~49,office,seoul,0,0,0,0,16,0,0,13,0,0,completed
4245,U4245,2025-11-22 07:40:00,2025-11-22 07:44:00,M,40~49,office,seoul,1,0,0,0,3,0,0,39,0,0,completed
4246,U4246,2025-05-04 16:57:00,2025-05-04 16:59:00,F,20~29,office,seoul,1,0,0,0,1,0,0,22,0,0,completed
4247,U4247,2025-08-19 07:52:00,2025-08-19 07:59:00,F,40~49,office,seoul,0,0,0,0,17,0,0,43,0,0,completed
4248,U4248,2025-06-24 20:30:00,2025-06-24 20:36:00,F,20~29,office,seoul,0,0,0,0,6,0,0,74,0,0,completed
4249,U4249,2025-06-15 21:39:00,2025-06-15 21:42:00,M,40~49,office,seoul,1,0,0,0,27,0,0,13,0,0,completed
4250,U4250,2025-06-13 13:02:00,2025-06-13 13:06:00,F,30~39,office,seoul,0,0,0,0,1,0,0,47,0,0,completed
4251,U4251,2025-04-26 12:21:00,2025-04-26 12:28:00,F,50+,office,seoul,1,0,0,0,21,0,0,42,0,0,completed
4252,U4252,2025-06-28 07:38:00,2025-06-28 07:45:00,M,20~29,office,seoul,1,0,0,0,22,0,0,13,0,0,completed
4253,U4253,2025-11-02 13:56:00,2025-11-02 14:03:00,M,20~29,office,seoul,1,0,0,0,12,0,0,57,0,0,completed
4254,U4254,2025-11-30 11:08:00,2025-11-30 11:13:00,M,20~29,office,seoul,1,0,0,0,18,0,0,40,0,0,completed
4255,U4255,2025-05-08 13:39:00,2025-05-08 13:45:00,M,30~39,office,seoul,0,0,0,0,26,0,0,43,0,0,abandoned
4256,U4256,2025-10-10 12:01:00,2025-10-10 12:07:00,M,30~39,office,seoul,0,0,0,0,18,0,0,37,0,0,completed
4257,U4257,2025-07-08 18:46:00,2025-07-08 18:53:00,M,50+,office,seoul,0,0,0,0,21,0,0,12,0,0,completed
4258,U4258,2025-12-13 07:23:00,2025-12-13 07:28:00,M,20~29,office,seoul,1,0,0,0,24,0,0,25,0,0,completed
4259,U4259,2025-09-04 07:56:00,2025-09-04 08:02:00,M,20~29,office,seoul,0,0,0,0,15,0,0,53,0,0,completed
4260,U4260,2025-01-21 07:57:00,2025-01-21 08:01:00,F,20~29,office,seoul,0,0,0,0,19,0,0,17,0,0,completed
4261,U4261,2025-07-17 20:14:00,2025-07-17 20:19:00,M,20~29,office,seoul,0,0,0,0,20,0,0,74,0,0,completed
4262,U4262,2025-09-29 14:07:00,2025-09-29 14:12:00,F,30~39,office,seoul,0,0,0,0,28,0,0,33,0,0,completed
4263,U4263,2025-02-20 11:23:00,2025-02-20 11:29:00,F,50+,office,seoul,0,0,0,0,10,0,0,42,0,0,completed
4264,U4264,2025-12-26 15:18:00,2025-12-26 15:24:00,F,30~39,office,seoul,0,0,0,0,1,0,0,20,0,0,completed
4265,U4265,2025-04-26 09:11:00,2025-04-26 09:18:00,F,40~49,office,seoul,1,0,0,0,13,0,0,76,0,0,completed
4266,U4266,2025-09-29 12:42:00,2025-09-29 12:49:00,F,50+,office,seoul,0,0,0,0,27,0,0,29,0,0,timeout
4267,U4267,2025-06-18 18:54:00,2025-06-18 18:57:00,M,30~39,office,seoul,0,0,0,0,26,0,0,31,0,0,timeout
4268,U4268,2025-09-02 11:45:00,2025-09-02 11:52:00,M,20~29,office,seoul,0,0,0,0,2,0,0,74,0,0,completed
4269,U4269,2025-03-15 08:05:00,2025-03-15 08:10:00,F,20~29,office,seoul,1,0,0,0,8,0,0,25,0,0,completed
4270,U4270,2025-10-22 21:50:00,2025-10-22 21:53:00,F,50+,office,seoul,0,0,0,0,23,0,0,41,0,0,completed
4271,U4271,2025-07-31 16:57:00,2025-07-31 16:59:00,F,20~29,office,seoul,0,0,0,0,3,0,0,48,0,0,completed
4272,U4272,2025-08-18 22:53:00,2025-08-18 22:55:00,F,20~29,office,seoul,0,0,0,0,6,0,0,14,0,0,completed
4273,U4273,2025-09-08 13:44:00,2025-09-08 13:51:00,F,20~29,office,seoul,0,0,0,0,10,0,0,46,0,0,timeout
4274,U4274,2025-03-31 20:33:00,2025-03-31 20:39:00,F,30~39,office,seoul,0,0,0,0,6,0,0,61,0,0,completed
4275,U4275,2025-11-18 18:00:00,2025-11-18 18:03:00,F,30~39,office,seoul,0,0,0,0,21,0,0,59,0,0,completed
4276,U4276,2025-09-30 07:27:00,2025-09-30 07:31:00,F,20~29,office,seoul,0,0,0,0,14,0,0,11,0,0,completed
4277,U4277,2025-07-22 15:13:00,2025-07-22 15:18:00,F,30~39,office,seoul,0,0,0,0,6,0,0,24,0,0,completed
4278,U4278,2025-04-23 19:31:00,2025-04-23 19:35:00,M,30~39,office,seoul,0,0,0,0,11,0,0,53,0,0,completed
4279,U4279,2025-06-10 19:37:00,2025-06-10 19:40:00,F,40~49,office,seoul,0,0,0,0,22,0,0,52,0,0,completed
4280,U4280,2025-11-22 07:52:00,2025-11-22 07:59:00,M,20~29,office,seoul,1,0,0,0,17,0,0,61,0,0,completed
4281,U4281,2025-10-20 17:14:00,2025-10-20 17:18:00,M,20~29,office,seoul,0,0,0,0,25,0,0,28,0,0,completed
4282,U4282,2025-12-10 15:41:00,2025-12-10 15:45:00,F,40~49,office,seoul,0,0,0,0,15,0,0,24,0,0,completed
4283,U4283,2025-08-16 13:01:00,2025-08-16 13:04:00,M,20~29,office,seoul,1,0,0,0,29,0,0,79,0,1,completed
4284,U4284,2025-12-17 12:40:00,2025-12-17 12:43:00,F,20~29,office,seoul,0,0,0,0,6,0,0,67,0,0,completed
4285,U4285,2025-01-07 18:23:00,2025-01-07 18:27:00,F,20~29,office,seoul,0,0,0,0,0,0,0,39,0,0,completed
4286,U4286,2025-09-28 22:28:00,2025-09-28 22:35:00,F,20~29,office,seoul,1,0,0,0,1,0,0,63,1,0,completed
4287,U4287,2025-06-21 18:13:00,2025-06-21 18:17:00,M,20~29,office,seoul,1,0,0,0,2,0,0,18,0,0,completed
4288,U4288,2025-05-18 11:18:00,2025-05-18 11:22:00,F,20~29,office,seoul,1,0,0,0,14,0,0,42,0,0,completed
4289,U4289,2025-08-06 09:05:00,2025-08-06 09:12:00,F,30~39,office,seoul,0,0,0,0,7,0,0,16,0,0,completed
4290,U4290,2025-12-03 07:24:00,2025-12-03 07:29:00,M,40~49,office,seoul,0,0,0,0,9,0,0,67,0,0,completed
4291,U4291,2025-11-07 13:11:00,2025-11-07 13:14:00,F,30~39,office,seoul,0,0,0,0,13,0,0,14,0,0,completed
4292,U4292,2025-06-07 12:56:00,2025-06-07 13:01:00,M,30~39,office,seoul,1,0,0,0,6,0,0,19,0,0,completed
4293,U4293,2025-10-06 16:56:00,2025-10-06 17:00:00,F,20~29,office,seoul,0,0,0,0,27,0,0,74,0,0,completed
4294,U4294,2025-10-08 18:13:00,2025-10-08 18:19:00,M,50+,office,seoul,0,0,0,0,18,0,0,28,0,0,completed
4295,U4295,2025-03-16 17:15:00,2025-03-16 17:17:00,M,30~39,office,seoul,1,0,0,0,4,0,0,44,0,0,completed
4296,U4296,2025-04-14 19:16:00,2025-04-14 19:18:00,F,30~39,office,seoul,0,0,0,0,24,0,0,15,0,0,completed
4297,U4297,2025-09-19 13:25:00,2025-09-19 13:30:00,F,20~29,office,seoul,0,0,0,0,29,0,0,57,0,0,completed
4298,U4298,2025-06-21 11:12:00,2025-06-21 11:18:00,F,40~49,office,seoul,1,0,0,0,28,0,0,50,0,0,completed
4299,U4299,2025-12-18 21:57:00,2025-12-18 22:04:00,M,20~29,office,seoul,0,0,0,0,0,0,0,20,0,0,completed
4300,U4300,2025-10-29 21:29:00,2025-10-29 21:32:00,F,20~29,office,seoul,0,0,0,0,4,0,0,28,0,0,completed
4301,U4301,2025-08-15 18:35:00,2025-08-15 18:39:00,F,30~39,office,seoul,0,0,0,0,19,0,0,36,0,0,completed
4302,U4302,2025-04-04 14:03:00,2025-04-04 14:08:00,M,30~39,office,seoul,0,0,0,0,11,0,0,78,0,0,completed
4303,U4303,2025-01-13 13:49:00,2025-01-13 13:54:00,M,40~49,office,seoul,0,0,0,0,16,0,0,10,0,0,completed
4304,U4304,2025-08-16 12:39:00,2025-08-16 12:42:00,M,30~39,office,seoul,1,0,0,0,22,0,0,16,0,0,completed
4305,U4305,2025-09-03 14:59:00,2025-09-03 15:04:00,M,50+,office,seoul,0,0,0,0,20,0,0,59,0,0,abandoned
4306,U4306,2025-07-24 20:09:00,2025-07-24 20:11:00,F,20~29,office,seoul,0,0,0,0,20,0,0,47,0,0,completed
4307,U4307,2025-12-17 09:35:00,2025-12-17 09:37:00,F,40~49,office,seoul,0,0,0,0,9,0,0,47,0,0,completed
4308,U4308,2025-07-18 16:55:00,2025-07-18 17:00:00,M,30~39,office,seoul,0,0,0,0,25,0,0,19,0,0,completed
4309,U4309,2025-09-27 15:21:00,2025-09-27 15:24:00,M,30~39,office,seoul,1,0,0,0,19,0,0,46,0,0,completed
4310,U4310,2025-12-23 15:21:00,2025-12-23 15:24:00,F,20~29,office,seoul,0,0,0,0,3,0,0,18,0,0,completed
4311,U4311,2025-11-06 09:33:00,2025-11-06 09:39:00,M,20~29,office,seoul,0,0,0,0,21,0,0,33,0,0,completed
4312,U4312,2025-11-13 20:45:00,2025-11-13 20:48:00,F,30~39,office,seoul,0,0,0,0,7,0,0,14,0,0,completed
4313,U4313,2025-06-29 11:41:00,2025-06-29 11:44:00,F,50+,office,seoul,1,0,0,0,16,0,0,21,0,0,completed
4314,U4314,2025-05-22 20:57:00,2025-05-22 21:00:00,F,30~39,office,seoul,0,0,0,0,0,0,0,51,0,0,completed
4315,U4315,2025-05-01 08:53:00,2025-05-01 08:56:00,F,20~29,office,seoul,0,0,0,0,6,0,0,19,0,0,completed
4316,U4316,2025-10-18 16:47:00,2025-10-18 16:54:00,F,30~39,office,seoul,1,0,0,0,2,0,0,31,0,0,completed
4317,U4317,2025-11-05 18:35:00,2025-11-05 18:39:00,F,20~29,office,seoul,0,0,0,0,14,0,0,71,0,0,timeout
4318,U4318,2025-02-12 12:08:00,2025-02-12 12:10:00,F,40~49,office,seoul,0,0,0,0,13,0,0,32,0,0,completed
4319,U4319,2025-11-30 09:25:00,2025-11-30 09:30:00,M,50+,office,seoul,1,0,0,0,13,0,0,74,0,0,abandoned
4320,U4320,2025-09-24 08:39:00,2025-09-24 08:42:00,M,30~39,office,seoul,0,0,0,0,0,0,0,66,0,0,completed
4321,U4321,2025-04-09 15:34:00,2025-04-09 15:40:00,F,20~29,office,seoul,0,0,0,0,7,0,0,53,0,0,completed
4322,U4322,2025-07-01 13:49:00,2025-07-01 13:56:00,F,20~29,office,seoul,0,0,0,0,24,0,0,22,0,0,completed
4323,U4323,2025-01-28 08:33:00,2025-01-28 08:38:00,F,30~39,office,seoul,0,0,0,0,0,0,0,20,0,0,abandoned
4324,U4324,2025-12-24 12:08:00,2025-12-24 12:14:00,M,20~29,office,seoul,0,0,0,0,0,0,0,12,0,0,completed
4325,U4325,2025-08-29 15:28:00,2025-08-29 15:33:00,F,50+,office,seoul,0,0,0,0,15,0,0,29,0,0,completed
4326,U4326,2025-02-26 18:57:00,2025-02-26 18:59:00,F,20~29,office,seoul,0,0,0,0,15,0,0,49,0,0,completed
4327,U4327,2025-07-19 16:48:00,2025-07-19 16:52:00,F,30~39,office,seoul,1,0,0,0,16,0,0,36,0,0,completed
4328,U4328,2025-05-10 07:09:00,2025-05-10 07:14:00,F,40~49,office,seoul,1,0,0,0,25,0,0,46,0,0,completed
4329,U4329,2025-05-20 17:42:00,2025-05-20 17:45:00,F,20~29,office,seoul,0,0,0,0,2,0,0,65,0,0,completed
4330,U4330,2025-05-03 07:57:00,2025-05-03 08:01:00,F,40~49,office,seoul,1,0,0,0,11,0,0,46,0,0,completed
4331,U4331,2025-07-17 11:56:00,2025-07-17 12:02:00,F,40~49,office,seoul,0,0,0,0,23,0,0,31,0,0,completed
4332,U4332,2025-06-13 07:35:00,2025-06-13 07:42:00,F,20~29,office,seoul,0,0,0,0,6,0,0,51,1,0,completed
4333,U4333,2025-01-18 12:56:00,2025-01-18 12:58:00,M,30~39,office,seoul,1,0,0,0,5,0,0,27,0,0,completed
4334,U4334,2025-01-17 14:25:00,2025-01-17 14:29:00,F,20~29,office,seoul,0,0,0,0,6,0,0,39,0,0,completed
4335,U4335,2025-10-06 07:54:00,2025-10-06 07:57:00,M,30~39,office,seoul,0,0,0,0,14,0,0,57,0,0,abandoned
4336,U4336,2025-10-10 15:31:00,2025-10-10 15:34:00,M,20~29,office,seoul,0,0,0,0,27,0,0,12,0,0,completed
4337,U4337,2025-06-29 07:48:00,2025-06-29 07:53:00,F,20~29,office,seoul,1,0,0,0,9,0,0,37,0,0,completed
4338,U4338,2025-07-20 14:26:00,2025-07-20 14:30:00,F,30~39,office,seoul,1,0,0,0,12,0,0,60,0,0,completed
4339,U4339,2025-11-09 13:05:00,2025-11-09 13:10:00,M,20~29,office,seoul,1,0,0,0,18,0,0,54,0,0,completed
4340,U4340,2025-05-27 08:59:00,2025-05-27 09:02:00,M,40~49,office,seoul,0,0,0,0,26,0,0,50,0,0,completed
4341,U4341,2025-03-17 22:45:00,2025-03-17 22:50:00,F,40~49,office,seoul,0,0,0,0,12,0,0,36,0,0,completed
4342,U4342,2025-03-11 15:52:00,2025-03-11 15:59:00,M,40~49,office,seoul,0,0,0,0,19,0,0,35,0,0,completed
4343,U4343,2025-10-21 13:37:00,2025-10-21 13:44:00,F,20~29,office,seoul,0,0,0,0,13,0,0,13,0,0,timeout
4344,U4344,2025-01-02 09:36:00,2025-01-02 09:41:00,F,40~49,office,seoul,0,0,0,0,4,0,0,22,0,0,completed
4345,U4345,2025-07-05 15:23:00,2025-07-05 15:25:00,F,30~39,office,seoul,1,0,0,0,29,0,0,31,0,0,completed
4346,U4346,2025-08-22 08:54:00,2025-08-22 08:57:00,F,20~29,office,seoul,0,0,0,0,3,0,0,25,0,0,completed
4347,U4347,2025-10-04 11:45:00,2025-10-04 11:48:00,M,50+,office,seoul,1,0,0,0,25,0,0,79,0,0,completed
4348,U4348,2025-03-27 21:22:00,2025-03-27 21:28:00,M,50+,office,seoul,0,0,0,0,15,0,0,36,0,0,completed
4349,U4349,2025-06-10 11:40:00,2025-06-10 11:47:00,F,50+,office,seoul,0,0,0,0,7,0,0,46,0,0,completed
4350,U4350,2025-04-18 14:29:00,2025-04-18 14:33:00,F,40~49,office,seoul,0,0,0,0,28,0,0,35,0,0,completed
4351,U4351,2025-11-04 19:42:00,2025-11-04 19:46:00,F,40~49,office,seoul,0,0,0,0,13,0,0,33,0,0,abandoned
4352,U4352,2025-01-17 16:50:00,2025-01-17 16:54:00,F,30~39,office,seoul,0,0,0,0,0,0,0,44,0,0,completed
4353,U4353,2025-05-10 17:37:00,2025-05-10 17:40:00,M,20~29,office,seoul,1,0,0,0,17,0,0,65,0,0,completed
4354,U4354,2025-06-16 15:50:00,2025-06-16 15:52:00,F,20~29,office,seoul,0,0,0,0,6,0,0,24,0,0,completed
4355,U4355,2025-01-13 15:48:00,2025-01-13 15:52:00,M,20~29,office,seoul,0,0,0,0,3,0,0,43,0,0,completed
4356,U4356,2025-12-08 12:23:00,2025-12-08 12:27:00,M,30~39,office,seoul,0,0,0,0,11,0,0,49,0,0,completed
4357,U4357,2025-06-30 09:14:00,2025-06-30 09:19:00,M,20~29,office,seoul,0,0,0,0,19,0,0,19,0,0,completed
4358,U4358,2025-03-26 14:48:00,2025-03-26 14:53:00,M,40~49,office,seoul,0,0,0,0,6,0,0,54,0,0,completed
4359,U4359,2025-08-09 12:27:00,2025-08-09 12:29:00,F,50+,office,seoul,1,0,0,0,16,0,0,12,0,0,completed
4360,U4360,2025-04-09 09:51:00,2025-04-09 09:53:00,F,50+,office,seoul,0,0,0,0,11,0,0,70,1,0,completed
4361,U4361,2025-12-08 13:25:00,2025-12-08 13:30:00,F,30~39,office,seoul,0,0,0,0,23,0,0,77,0,0,completed
4362,U4362,2025-10-05 15:20:00,2025-10-05 15:26:00,M,20~29,office,seoul,1,0,0,0,11,0,0,59,0,0,completed
4363,U4363,2025-12-05 15:37:00,2025-12-05 15:41:00,M,40~49,office,seoul,0,0,0,0,4,0,0,45,0,0,completed
4364,U4364,2025-03-09 13:21:00,2025-03-09 13:27:00,M,20~29,office,seoul,1,0,0,0,9,0,0,47,0,0,timeout
4365,U4365,2025-04-21 12:54:00,2025-04-21 12:59:00,F,20~29,office,seoul,0,0,0,0,4,0,0,41,0,0,completed
4366,U4366,2025-03-10 21:50:00,2025-03-10 21:53:00,F,40~49,office,seoul,0,0,0,0,27,0,0,77,0,0,completed
4367,U4367,2025-10-23 22:56:00,2025-10-23 23:03:00,F,40~49,office,seoul,0,0,0,0,6,0,0,71,0,0,completed
4368,U4368,2025-08-08 11:15:00,2025-08-08 11:20:00,F,50+,office,seoul,0,0,0,0,15,0,0,34,1,0,completed
4369,U4369,2025-08-07 12:27:00,2025-08-07 12:32:00,F,30~39,office,seoul,0,0,0,0,12,0,0,20,0,0,error
4370,U4370,2025-04-07 17:26:00,2025-04-07 17:31:00,F,30~39,office,seoul,0,0,0,0,15,0,0,45,0,0,completed
4371,U4371,2025-11-09 17:04:00,2025-11-09 17:11:00,F,20~29,office,seoul,1,0,0,0,7,0,0,41,0,0,completed
4372,U4372,2025-05-19 09:21:00,2025-05-19 09:28:00,F,40~49,office,seoul,0,0,0,0,29,0,0,14,0,0,completed
4373,U4373,2025-04-02 12:56:00,2025-04-02 12:59:00,M,20~29,office,seoul,0,0,0,0,7,0,0,37,0,0,completed
4374,U4374,2025-04-09 22:59:00,2025-04-09 23:02:00,F,20~29,office,seoul,0,0,0,0,10,0,0,15,0,0,completed
4375,U4375,2025-01-07 19:18:00,2025-01-07 19:20:00,F,30~39,office,seoul,0,0,0,0,21,0,0,47,0,0,completed
4376,U4376,2025-01-16 17:15:00,2025-01-16 17:20:00,F,40~49,office,seoul,0,0,0,0,22,0,0,24,0,0,completed
4377,U4377,2025-06-04 15:40:00,2025-06-04 15:47:00,F,40~49,office,seoul,0,0,0,0,6,0,0,66,0,0,timeout
4378,U4378,2025-08-20 16:45:00,2025-08-20 16:48:00,F,40~49,office,seoul,0,0,0,0,24,0,0,43,0,0,completed
4379,U4379,2025-07-19 19:35:00,2025-07-19 19:37:00,F,30~39,office,seoul,1,0,0,0,2,0,0,61,0,0,abandoned
4380,U4380,2025-07-05 17:20:00,2025-07-05 17:23:00,M,20~29,office,seoul,1,0,0,0,17,0,0,20,0,0,completed
4381,U4381,2025-07-09 16:36:00,2025-07-09 16:39:00,F,50+,office,seoul,0,0,0,0,9,0,0,77,0,0,completed
4382,U4382,2025-02-20 17:55:00,2025-02-20 18:02:00,M,30~39,office,seoul,0,0,0,0,14,0,0,31,0,0,abandoned
4383,U4383,2025-10-05 13:12:00,2025-10-05 13:15:00,F,30~39,office,seoul,1,0,0,0,16,0,0,27,0,0,completed
4384,U4384,2025-01-04 08:12:00,2025-01-04 08:16:00,F,40~49,office,seoul,1,0,0,0,26,0,0,11,0,0,completed
4385,U4385,2025-10-15 08:50:00,2025-10-15 08:56:00,M,20~29,office,seoul,0,0,0,0,2,0,0,76,0,0,completed
4386,U4386,2025-02-26 09:41:00,2025-02-26 09:43:00,F,40~49,office,seoul,0,0,0,0,16,0,0,25,0,0,timeout
4387,U4387,2025-03-17 11:39:00,2025-03-17 11:41:00,M,40~49,office,seoul,0,0,0,0,4,0,0,56,0,0,completed
4388,U4388,2025-04-02 07:13:00,2025-04-02 07:20:00,F,50+,office,seoul,0,0,0,0,16,0,0,12,0,0,completed
4389,U4389,2025-10-19 08:13:00,2025-10-19 08:19:00,M,30~39,office,seoul,1,0,0,0,7,0,0,78,0,0,completed
4390,U4390,2025-05-28 18:52:00,2025-05-28 18:55:00,M,50+,office,seoul,0,0,0,0,17,0,0,38,0,0,completed
4391,U4391,2025-03-28 14:19:00,2025-03-28 14:22:00,M,20~29,office,seoul,0,0,0,0,19,0,0,39,0,0,completed
4392,U4392,2025-08-08 18:20:00,2025-08-08 18:23:00,F,50+,office,seoul,0,0,0,0,17,0,0,19,0,0,error
4393,U4393,2025-10-12 15:13:00,2025-10-12 15:20:00,M,20~29,office,seoul,1,0,0,0,8,0,0,17,0,0,completed
4394,U4394,2025-10-22 15:17:00,2025-10-22 15:19:00,F,20~29,office,seoul,0,0,0,0,26,0,0,76,0,0,abandoned
4395,U4395,2025-05-23 14:27:00,2025-05-23 14:30:00,M,20~29,office,seoul,0,0,0,0,11,0,0,65,0,0,completed
4396,U4396,2025-12-12 09:33:00,2025-12-12 09:36:00,F,20~29,office,seoul,0,0,0,0,3,0,0,55,0,0,completed
4397,U4397,2025-07-30 22:48:00,2025-07-30 22:54:00,M,40~49,office,seoul,0,0,0,0,8,0,0,70,0,0,completed
4398,U4398,2025-07-27 20:52:00,2025-07-27 20:57:00,F,20~29,office,seoul,1,0,0,0,26,0,0,75,0,0,completed
4399,U4399,2025-05-06 11:30:00,2025-05-06 11:33:00,F,40~49,office,seoul,0,0,0,0,26,0,0,41,0,0,timeout
4400,U4400,2025-11-13 19:24:00,2025-11-13 19:26:00,M,50+,office,seoul,0,0,0,0,22,0,0,21,0,0,completed
4401,U4401,2025-01-24 14:04:00,2025-01-24 14:09:00,M,30~39,office,seoul,0,0,0,0,0,0,0,11,0,0,completed
4402,U4402,2025-10-02 09:57:00,2025-10-02 10:00:00,F,40~49,office,seoul,0,0,0,0,15,0,0,49,0,0,completed
4403,U4403,2025-07-20 12:27:00,2025-07-20 12:31:00,M,20~29,office,seoul,1,0,0,0,1,0,0,57,0,0,completed
4404,U4404,2025-07-19 15:22:00,2025-07-19 15:24:00,F,20~29,office,seoul,1,0,0,0,21,0,0,60,0,0,completed
4405,U4405,2025-07-24 16:03:00,2025-07-24 16:05:00,M,40~49,office,seoul,0,0,0,0,9,0,0,57,0,0,completed
4406,U4406,2025-01-16 07:25:00,2025-01-16 07:29:00,F,40~49,office,seoul,0,0,0,0,17,0,0,45,0,0,completed
4407,U4407,2025-08-03 13:44:00,2025-08-03 13:46:00,M,30~39,office,seoul,1,0,0,0,27,0,0,24,0,0,completed
4408,U4408,2025-12-15 08:40:00,2025-12-15 08:43:00,F,50+,office,seoul,0,0,0,0,10,0,0,17,0,0,completed
4409,U4409,2025-10-24 14:39:00,2025-10-24 14:45:00,F,30~39,office,seoul,0,0,0,0,17,0,0,12,0,0,completed
4410,U4410,2025-02-19 14:13:00,2025-02-19 14:17:00,F,40~49,office,seoul,0,0,0,0,7,0,0,47,0,0,completed
4411,U4411,2025-03-17 18:24:00,2025-03-17 18:31:00,F,20~29,office,seoul,0,0,0,0,0,0,0,34,0,0,completed
4412,U4412,2025-07-01 13:44:00,2025-07-01 13:51:00,M,40~49,office,seoul,0,0,0,0,22,0,0,35,0,0,completed
4413,U4413,2025-07-22 13:23:00,2025-07-22 13:29:00,F,30~39,office,seoul,0,0,0,0,28,0,0,14,0,0,completed
4414,U4414,2025-07-05 14:14:00,2025-07-05 14:20:00,F,30~39,office,seoul,1,0,0,0,24,0,0,76,0,0,completed
4415,U4415,2025-03-18 11:20:00,2025-03-18 11:23:00,M,50+,office,seoul,0,0,0,0,9,0,0,44,0,0,completed
4416,U4416,2025-05-26 13:47:00,2025-05-26 13:50:00,F,20~29,office,seoul,0,0,0,0,13,0,0,55,0,0,completed
4417,U4417,2025-02-02 14:31:00,2025-02-02 14:35:00,M,20~29,office,seoul,1,0,0,0,6,0,0,73,0,0,completed
4418,U4418,2025-06-24 15:18:00,2025-06-24 15:24:00,F,30~39,office,seoul,0,0,0,0,11,0,0,23,0,0,completed
4419,U4419,2025-05-06 08:42:00,2025-05-06 08:47:00,M,40~49,office,seoul,0,0,0,0,0,0,0,23,0,0,completed
4420,U4420,2025-02-01 19:05:00,2025-02-01 19:12:00,F,20~29,office,seoul,1,0,0,0,12,0,0,50,0,0,completed
4421,U4421,2025-07-10 13:32:00,2025-07-10 13:39:00,M,50+,office,seoul,0,0,0,0,19,0,0,38,0,0,completed
4422,U4422,2025-02-24 16:55:00,2025-02-24 16:58:00,M,20~29,office,seoul,0,0,0,0,10,0,0,27,0,0,completed
4423,U4423,2025-04-25 09:57:00,2025-04-25 10:00:00,F,40~49,office,seoul,0,0,0,0,21,0,0,63,0,0,completed
4424,U4424,2025-09-03 15:09:00,2025-09-03 15:11:00,M,30~39,office,seoul,0,0,0,0,7,0,0,76,0,0,timeout
4425,U4425,2025-10-17 16:20:00,2025-10-17 16:22:00,M,20~29,office,seoul,0,0,0,0,3,0,0,53,0,0,completed
4426,U4426,2025-12-17 20:34:00,2025-12-17 20:36:00,M,30~39,office,seoul,0,0,0,0,15,0,0,74,0,0,completed
4427,U4427,2025-08-15 13:20:00,2025-08-15 13:26:00,M,20~29,office,seoul,0,0,0,0,26,0,0,39,0,0,completed
4428,U4428,2025-01-31 13:09:00,2025-01-31 13:14:00,F,40~49,office,seoul,0,0,0,0,23,0,0,49,0,0,completed
4429,U4429,2025-07-25 20:53:00,2025-07-25 21:00:00,M,20~29,office,seoul,0,0,0,0,27,0,0,51,0,0,completed
4430,U4430,2025-04-06 17:07:00,2025-04-06 17:09:00,M,50+,office,seoul,1,0,0,0,13,0,0,41,0,0,completed
4431,U4431,2025-12-16 16:21:00,2025-12-16 16:25:00,F,20~29,office,seoul,0,0,0,0,19,0,0,11,0,0,completed
4432,U4432,2025-10-02 08:06:00,2025-10-02 08:13:00,F,30~39,office,seoul,0,0,0,0,25,0,0,23,0,0,completed
4433,U4433,2025-05-30 08:24:00,2025-05-30 08:30:00,F,40~49,office,seoul,0,0,0,0,15,0,0,52,0,0,completed
4434,U4434,2025-04-16 16:04:00,2025-04-16 16:07:00,F,30~39,office,seoul,0,0,0,0,16,0,0,34,0,0,completed
4435,U4435,2025-04-14 08:13:00,2025-04-14 08:18:00,M,20~29,office,seoul,0,0,0,0,3,0,0,21,0,0,completed
4436,U4436,2025-07-21 14:02:00,2025-07-21 14:05:00,M,30~39,office,seoul,0,0,0,0,19,0,0,10,0,0,completed
4437,U4437,2025-01-08 21:48:00,2025-01-08 21:50:00,M,40~49,office,seoul,0,0,0,0,4,0,0,50,0,0,completed
4438,U4438,2025-04-21 12:42:00,2025-04-21 12:44:00,F,20~29,office,seoul,0,0,0,0,8,0,0,68,0,0,completed
4439,U4439,2025-10-08 12:57:00,2025-10-08 13:02:00,M,30~39,office,seoul,0,0,0,0,18,0,0,56,0,0,completed
4440,U4440,2025-02-19 12:47:00,2025-02-19 12:52:00,F,50+,office,seoul,0,0,0,0,23,0,0,66,0,0,completed
4441,U4441,2025-09-13 13:29:00,2025-09-13 13:32:00,M,50+,office,seoul,1,0,0,0,8,0,0,73,0,0,completed
4442,U4442,2025-04-12 20:38:00,2025-04-12 20:44:00,F,30~39,office,seoul,1,0,0,0,19,0,0,44,0,0,completed
4443,U4443,2025-01-26 09:44:00,2025-01-26 09:48:00,F,30~39,office,seoul,1,0,0,0,27,0,0,54,1,0,completed
4444,U4444,2025-06-09 08:29:00,2025-06-09 08:33:00,F,40~49,office,seoul,0,0,0,0,28,0,0,26,0,0,completed
4445,U4445,2025-06-27 16:49:00,2025-06-27 16:52:00,F,30~39,office,seoul,0,0,0,0,24,0,0,77,0,0,abandoned
4446,U4446,2025-01-08 20:55:00,2025-01-08 21:01:00,M,50+,office,seoul,0,0,0,0,10,0,0,30,0,0,completed
4447,U4447,2025-10-28 18:06:00,2025-10-28 18:12:00,F,40~49,office,seoul,0,0,0,0,19,0,0,52,0,0,completed
4448,U4448,2025-02-25 07:49:00,2025-02-25 07:53:00,M,40~49,office,seoul,0,0,0,0,28,0,0,12,0,0,completed
4449,U4449,2025-11-30 07:48:00,2025-11-30 07:50:00,F,30~39,office,seoul,1,0,0,0,13,0,0,67,0,0,completed
4450,U4450,2025-07-13 14:41:00,2025-07-13 14:46:00,F,50+,office,seoul,1,0,0,0,14,0,0,55,0,0,completed
4451,U4451,2025-10-22 17:44:00,2025-10-22 17:49:00,F,30~39,office,seoul,0,0,0,0,9,0,0,47,0,0,completed
4452,U4452,2025-02-06 12:55:00,2025-02-06 12:59:00,F,20~29,office,seoul,0,0,0,0,1,0,0,32,0,0,completed
4453,U4453,2025-01-31 21:33:00,2025-01-31 21:40:00,M,30~39,office,seoul,0,0,0,0,18,0,0,56,0,0,completed
4454,U4454,2025-01-06 16:05:00,2025-01-06 16:11:00,F,30~39,office,seoul,0,0,0,0,0,0,0,26,0,0,completed
4455,U4455,2025-09-04 11:16:00,2025-09-04 11:23:00,F,30~39,office,seoul,0,0,0,0,15,0,0,49,0,0,completed
4456,U4456,2025-12-09 19:49:00,2025-12-09 19:55:00,M,30~39,office,seoul,0,0,0,0,14,0,0,20,0,0,completed
4457,U4457,2025-09-14 16:20:00,2025-09-14 16:25:00,M,30~39,office,seoul,1,0,0,0,26,0,0,23,0,0,completed
4458,U4458,2025-03-13 21:45:00,2025-03-13 21:50:00,M,20~29,office,seoul,0,0,0,0,6,0,0,64,0,0,completed
4459,U4459,2025-11-02 12:05:00,2025-11-02 12:09:00,M,20~29,office,seoul,1,0,0,0,27,0,0,40,0,0,completed
4460,U4460,2025-01-01 14:45:00,2025-01-01 14:49:00,F,20~29,office,seoul,0,0,0,0,12,0,0,71,0,0,completed
4461,U4461,2025-12-07 14:53:00,2025-12-07 14:56:00,F,30~39,office,seoul,1,0,0,0,18,0,0,76,0,0,completed
4462,U4462,2025-02-12 12:13:00,2025-02-12 12:19:00,F,30~39,office,seoul,0,0,0,0,25,0,0,28,0,0,completed
4463,U4463,2025-07-26 13:31:00,2025-07-26 13:33:00,F,30~39,office,seoul,1,0,0,0,20,0,0,56,0,0,completed
4464,U4464,2025-07-27 19:08:00,2025-07-27 19:10:00,F,40~49,office,seoul,1,0,0,0,21,0,0,15,0,0,completed
4465,U4465,2025-10-30 21:52:00,2025-10-30 21:54:00,M,20~29,office,seoul,0,0,0,0,3,0,0,52,0,0,completed
4466,U4466,2025-04-06 14:06:00,2025-04-06 14:09:00,M,20~29,office,seoul,1,0,0,0,13,0,0,52,1,0,completed
4467,U4467,2025-08-06 07:50:00,2025-08-06 07:56:00,M,40~49,office,seoul,0,0,0,0,19,0,0,33,1,0,completed
4468,U4468,2025-09-01 07:12:00,2025-09-01 07:19:00,M,30~39,office,seoul,0,0,0,0,10,0,0,41,0,0,completed
4469,U4469,2025-04-23 12:41:00,2025-04-23 12:45:00,F,20~29,office,seoul,0,0,0,0,8,0,0,19,0,0,completed
4470,U4470,2025-06-30 16:47:00,2025-06-30 16:53:00,M,20~29,office,seoul,0,0,0,0,9,0,0,45,0,0,completed
4471,U4471,2025-01-11 08:30:00,2025-01-11 08:35:00,M,20~29,office,seoul,1,0,0,0,9,0,0,23,0,0,completed
4472,U4472,2025-09-14 19:29:00,2025-09-14 19:35:00,F,30~39,office,seoul,1,0,0,0,19,0,0,57,0,0,completed
4473,U4473,2025-05-27 14:13:00,2025-05-27 14:15:00,M,40~49,office,seoul,0,0,0,0,9,0,0,72,0,0,abandoned
4474,U4474,2025-07-26 08:05:00,2025-07-26 08:08:00,F,30~39,office,seoul,1,0,0,0,16,0,0,65,0,0,completed
4475,U4475,2025-03-03 09:51:00,2025-03-03 09:53:00,F,30~39,office,seoul,0,0,0,0,22,0,0,38,0,0,completed
4476,U4476,2025-06-12 14:04:00,2025-06-12 14:09:00,F,50+,office,seoul,0,0,0,0,27,0,0,54,0,0,completed
4477,U4477,2025-03-26 13:35:00,2025-03-26 13:37:00,F,30~39,office,seoul,0,0,0,0,7,0,0,56,0,0,completed
4478,U4478,2025-02-28 15:36:00,2025-02-28 15:40:00,F,20~29,office,seoul,0,0,0,0,1,0,0,52,0,0,completed
4479,U4479,2025-07-11 18:34:00,2025-07-11 18:40:00,F,40~49,office,seoul,0,0,0,0,25,0,0,73,0,0,completed
4480,U4480,2025-08-03 13:23:00,2025-08-03 13:30:00,F,30~39,office,seoul,1,0,0,0,14,0,0,33,0,0,completed
4481,U4481,2025-08-23 11:50:00,2025-08-23 11:56:00,F,50+,office,seoul,1,0,0,0,9,0,0,64,0,0,completed
4482,U4482,2025-02-16 15:57:00,2025-02-16 16:04:00,F,40~49,office,seoul,1,0,0,0,21,0,0,79,0,0,completed
4483,U4483,2025-11-08 13:30:00,2025-11-08 13:33:00,M,20~29,office,seoul,1,0,0,0,19,0,0,23,0,0,completed
4484,U4484,2025-07-24 09:52:00,2025-07-24 09:55:00,M,20~29,office,seoul,0,0,0,0,11,0,0,58,0,0,completed
4485,U4485,2025-01-17 17:39:00,2025-01-17 17:46:00,F,20~29,office,seoul,0,0,0,0,12,0,0,31,0,0,completed
4486,U4486,2025-05-12 17:27:00,2025-05-12 17:34:00,F,20~29,office,seoul,0,0,0,0,23,0,0,58,0,0,completed
4487,U4487,2025-01-25 09:30:00,2025-01-25 09:33:00,M,20~29,office,seoul,1,0,0,0,21,0,0,36,0,0,completed
4488,U4488,2025-09-09 17:09:00,2025-09-09 17:13:00,M,30~39,office,seoul,0,0,0,0,27,0,0,61,0,0,completed
4489,U4489,2025-03-28 17:28:00,2025-03-28 17:34:00,F,30~39,office,seoul,0,0,0,0,26,0,0,51,0,0,completed
4490,U4490,2025-06-12 08:42:00,2025-06-12 08:44:00,M,20~29,office,seoul,0,0,0,0,13,0,0,55,0,0,completed
4491,U4491,2025-01-11 21:54:00,2025-01-11 21:56:00,F,50+,office,seoul,1,0,0,0,21,0,0,39,0,0,completed
4492,U4492,2025-11-03 18:15:00,2025-11-03 18:22:00,F,20~29,office,seoul,0,0,0,0,29,0,0,12,0,0,completed
4493,U4493,2025-02-01 14:13:00,2025-02-01 14:18:00,F,30~39,office,seoul,1,0,0,0,24,0,0,59,0,0,abandoned
4494,U4494,2025-03-17 16:56:00,2025-03-17 17:01:00,F,50+,office,seoul,0,0,0,0,23,0,0,67,0,0,timeout
4495,U4495,2025-09-17 11:42:00,2025-09-17 11:47:00,F,30~39,office,seoul,0,0,0,0,4,0,0,21,0,0,completed
4496,U4496,2025-10-23 11:14:00,2025-10-23 11:17:00,F,30~39,office,seoul,0,0,0,0,18,0,0,70,0,0,completed
4497,U4497,2025-10-29 18:22:00,2025-10-29 18:29:00,M,30~39,office,seoul,0,0,0,0,3,0,0,75,0,0,completed
4498,U4498,2025-09-01 16:34:00,2025-09-01 16:36:00,F,30~39,office,seoul,0,0,0,0,6,0,0,45,0,0,completed
4499,U4499,2025-10-26 08:37:00,2025-10-26 08:40:00,F,30~39,office,seoul,1,0,0,0,16,0,0,10,0,0,completed
4500,U4500,2025-09-14 15:12:00,2025-09-14 15:17:00,M,20~29,office,seoul,1,0,0,0,29,0,0,12,0,0,completed
4501,U4501,2025-09-15 16:25:00,2025-09-15 16:29:00,F,20~29,office,seoul,0,0,0,0,2,0,0,51,0,0,completed
4502,U4502,2025-05-16 12:06:00,2025-05-16 12:12:00,M,20~29,office,seoul,0,0,0,0,3,0,0,14,1,0,completed
4503,U4503,2025-05-12 18:50:00,2025-05-12 18:54:00,M,20~29,office,seoul,0,0,0,0,4,0,0,19,0,0,completed
4504,U4504,2025-06-10 08:22:00,2025-06-10 08:29:00,M,30~39,office,seoul,0,0,0,0,3,0,0,20,0,0,completed
4505,U4505,2025-02-25 18:59:00,2025-02-25 19:03:00,F,20~29,office,seoul,0,0,0,0,5,0,0,23,0,0,abandoned
4506,U4506,2025-11-25 15:56:00,2025-11-25 15:59:00,M,20~29,office,seoul,0,0,0,0,19,0,0,44,0,0,completed
4507,U4507,2025-05-08 17:00:00,2025-05-08 17:03:00,F,30~39,office,seoul,0,0,0,0,4,0,0,13,0,0,completed
4508,U4508,2025-06-03 17:21:00,2025-06-03 17:28:00,M,40~49,office,seoul,0,0,0,0,11,0,0,67,0,0,completed
4509,U4509,2025-08-10 09:19:00,2025-08-10 09:21:00,M,30~39,office,seoul,1,0,0,0,5,0,0,74,0,0,completed
4510,U4510,2025-10-21 16:05:00,2025-10-21 16:09:00,F,30~39,office,seoul,0,0,0,0,5,0,0,10,0,0,completed
4511,U4511,2025-04-03 09:49:00,2025-04-03 09:52:00,M,30~39,office,seoul,0,0,0,0,3,0,0,73,0,0,completed
4512,U4512,2025-01-18 11:54:00,2025-01-18 12:00:00,F,50+,office,seoul,1,0,0,0,24,0,0,10,0,0,completed
4513,U4513,2025-12-29 12:55:00,2025-12-29 12:57:00,F,30~39,office,seoul,0,0,0,0,21,0,0,50,0,0,completed
4514,U4514,2025-06-02 20:15:00,2025-06-02 20:19:00,M,20~29,office,seoul,0,0,0,0,12,0,0,23,0,0,completed
4515,U4515,2025-04-22 20:52:00,2025-04-22 20:57:00,F,20~29,office,seoul,0,0,0,0,4,0,0,74,0,0,completed
4516,U4516,2025-09-23 16:48:00,2025-09-23 16:50:00,F,20~29,office,seoul,0,0,0,0,10,0,0,68,0,0,completed
4517,U4517,2025-04-06 14:41:00,2025-04-06 14:44:00,F,20~29,office,seoul,1,0,0,0,15,0,0,46,0,0,completed
4518,U4518,2025-02-19 17:34:00,2025-02-19 17:36:00,M,30~39,office,seoul,0,0,0,0,15,0,0,74,0,0,completed
4519,U4519,2025-02-08 14:55:00,2025-02-08 15:00:00,F,40~49,office,seoul,1,0,0,0,10,0,0,26,0,1,completed
4520,U4520,2025-03-12 12:55:00,2025-03-12 13:00:00,M,40~49,office,seoul,0,0,0,0,25,0,0,26,0,0,timeout
4521,U4521,2025-09-15 18:35:00,2025-09-15 18:40:00,M,20~29,office,seoul,0,0,0,0,11,0,0,27,0,0,completed
4522,U4522,2025-10-25 11:39:00,2025-10-25 11:42:00,F,20~29,office,seoul,1,0,0,0,14,0,0,25,0,0,completed
4523,U4523,2025-12-27 13:19:00,2025-12-27 13:25:00,M,40~49,office,seoul,1,0,0,0,26,0,0,61,0,0,abandoned
4524,U4524,2025-08-07 09:05:00,2025-08-07 09:09:00,F,50+,office,seoul,0,0,0,0,3,0,0,76,0,0,completed
4525,U4525,2025-03-04 19:53:00,2025-03-04 19:56:00,M,40~49,office,seoul,0,0,0,0,20,0,0,26,0,0,abandoned
4526,U4526,2025-01-01 09:48:00,2025-01-01 09:54:00,F,20~29,office,seoul,0,0,0,0,4,0,0,58,0,0,completed
4527,U4527,2025-01-10 15:35:00,2025-01-10 15:42:00,M,20~29,office,seoul,0,0,0,0,28,0,0,44,0,0,completed
4528,U4528,2025-10-15 08:33:00,2025-10-15 08:35:00,M,20~29,office,seoul,0,0,0,0,16,0,0,67,0,0,completed
4529,U4529,2025-07-17 11:36:00,2025-07-17 11:41:00,F,40~49,office,seoul,0,0,0,0,7,0,0,47,0,0,completed
4530,U4530,2025-03-12 13:03:00,2025-03-12 13:08:00,F,30~39,office,seoul,0,0,0,0,5,0,0,31,0,0,error
4531,U4531,2025-05-08 08:30:00,2025-05-08 08:32:00,F,40~49,office,seoul,0,0,0,0,2,0,0,23,0,0,completed
4532,U4532,2025-01-30 08:00:00,2025-01-30 08:07:00,F,30~39,office,seoul,0,0,0,0,11,0,0,63,0,0,completed
4533,U4533,2025-02-09 07:12:00,2025-02-09 07:19:00,F,30~39,office,seoul,1,0,0,0,29,0,0,11,0,0,completed
4534,U4534,2025-08-21 19:27:00,2025-08-21 19:32:00,F,50+,office,seoul,0,0,0,0,28,0,0,59,0,0,completed
4535,U4535,2025-10-31 14:33:00,2025-10-31 14:35:00,M,40~49,office,seoul,0,0,0,0,15,0,0,63,0,1,timeout
4536,U4536,2025-08-24 08:15:00,2025-08-24 08:17:00,F,30~39,office,seoul,1,0,0,0,23,0,0,42,0,0,completed
4537,U4537,2025-10-30 11:36:00,2025-10-30 11:41:00,M,20~29,office,seoul,0,0,0,0,12,0,0,62,0,0,completed
4538,U4538,2025-04-17 09:45:00,2025-04-17 09:49:00,F,30~39,office,seoul,0,0,0,0,27,0,0,53,0,0,completed
4539,U4539,2025-09-04 12:51:00,2025-09-04 12:55:00,F,20~29,office,seoul,0,0,0,0,15,0,0,59,0,0,error
4540,U4540,2025-04-28 19:43:00,2025-04-28 19:49:00,M,20~29,office,seoul,0,0,0,0,16,0,0,28,0,0,completed
4541,U4541,2025-05-20 19:57:00,2025-05-20 20:03:00,F,20~29,office,seoul,0,0,0,0,11,0,0,66,0,0,completed
4542,U4542,2025-03-07 15:54:00,2025-03-07 16:00:00,M,20~29,office,seoul,0,0,0,0,7,0,0,33,0,0,completed
4543,U4543,2025-12-31 14:48:00,2025-12-31 14:50:00,F,30~39,office,seoul,0,0,0,0,15,0,0,64,0,0,completed
4544,U4544,2025-09-14 07:38:00,2025-09-14 07:45:00,M,20~29,office,seoul,1,0,0,0,11,0,0,61,0,0,completed
4545,U4545,2025-01-04 09:46:00,2025-01-04 09:52:00,F,20~29,office,seoul,1,0,0,0,11,0,0,26,0,0,error
4546,U4546,2025-07-11 20:33:00,2025-07-11 20:40:00,F,30~39,office,seoul,0,0,0,0,12,0,0,68,0,0,completed
4547,U4547,2025-02-26 14:50:00,2025-02-26 14:56:00,F,30~39,office,seoul,0,0,0,0,25,0,0,12,0,0,completed
4548,U4548,2025-05-29 09:40:00,2025-05-29 09:47:00,M,20~29,office,seoul,0,0,0,0,23,0,0,22,0,0,completed
4549,U4549,2025-02-13 16:09:00,2025-02-13 16:15:00,F,30~39,office,seoul,0,0,0,0,6,0,0,14,0,0,timeout
4550,U4550,2025-08-18 17:47:00,2025-08-18 17:50:00,M,30~39,office,seoul,0,0,0,0,26,0,0,59,0,0,completed
4551,U4551,2025-04-14 17:53:00,2025-04-14 17:56:00,F,50+,office,seoul,0,0,0,0,4,0,0,51,0,1,completed
4552,U4552,2025-01-29 14:48:00,2025-01-29 14:50:00,F,40~49,office,seoul,0,0,0,0,15,0,0,58,0,0,completed
4553,U4553,2025-01-01 09:49:00,2025-01-01 09:52:00,F,50+,office,seoul,0,0,0,0,3,0,0,55,0,1,completed
4554,U4554,2025-12-08 08:16:00,2025-12-08 08:23:00,M,30~39,office,seoul,0,0,0,0,21,0,0,17,0,0,completed
4555,U4555,2025-04-27 16:41:00,2025-04-27 16:45:00,F,50+,office,seoul,1,0,0,0,29,0,0,67,0,0,completed
4556,U4556,2025-03-01 20:30:00,2025-03-01 20:33:00,F,20~29,office,seoul,1,0,0,0,10,0,0,66,0,0,completed
4557,U4557,2025-12-29 18:04:00,2025-12-29 18:09:00,F,20~29,office,seoul,0,0,0,0,1,0,0,25,0,0,completed
4558,U4558,2025-08-21 13:10:00,2025-08-21 13:13:00,M,30~39,office,seoul,0,0,0,0,22,0,0,76,0,0,completed
4559,U4559,2025-02-20 12:23:00,2025-02-20 12:28:00,F,20~29,office,seoul,0,0,0,0,16,0,0,48,0,0,timeout
4560,U4560,2025-05-09 08:20:00,2025-05-09 08:27:00,M,30~39,office,seoul,0,0,0,0,13,0,0,45,0,0,completed
4561,U4561,2025-10-13 15:14:00,2025-10-13 15:16:00,F,20~29,office,seoul,0,0,0,0,19,0,0,54,0,0,completed
4562,U4562,2025-05-29 09:47:00,2025-05-29 09:50:00,F,50+,office,seoul,0,0,0,0,23,0,0,45,0,0,completed
4563,U4563,2025-10-01 09:43:00,2025-10-01 09:47:00,F,30~39,office,seoul,0,0,0,0,22,0,0,61,0,0,completed
4564,U4564,2025-07-14 18:36:00,2025-07-14 18:41:00,F,20~29,office,seoul,0,0,0,0,5,0,0,44,0,0,completed
4565,U4565,2025-09-13 12:28:00,2025-09-13 12:32:00,F,20~29,office,seoul,1,0,0,0,25,0,0,43,0,0,completed
4566,U4566,2025-05-04 17:59:00,2025-05-04 18:02:00,F,30~39,office,seoul,1,0,0,0,26,0,0,47,0,0,completed
4567,U4567,2025-05-11 11:52:00,2025-05-11 11:59:00,M,20~29,office,seoul,1,0,0,0,17,0,0,16,0,0,completed
4568,U4568,2025-12-08 17:16:00,2025-12-08 17:23:00,F,20~29,office,seoul,0,0,0,0,26,0,0,73,0,0,completed
4569,U4569,2025-07-02 08:20:00,2025-07-02 08:25:00,M,20~29,office,seoul,0,0,0,0,15,0,0,35,0,0,completed
4570,U4570,2025-07-05 12:43:00,2025-07-05 12:48:00,F,50+,office,seoul,1,0,0,0,19,0,0,70,0,0,completed
4571,U4571,2025-10-16 17:54:00,2025-10-16 18:01:00,F,40~49,office,seoul,0,0,0,0,24,0,0,53,0,0,completed
4572,U4572,2025-06-01 15:23:00,2025-06-01 15:28:00,F,40~49,office,seoul,1,0,0,0,24,0,0,38,0,0,completed
4573,U4573,2025-04-17 21:51:00,2025-04-17 21:58:00,F,30~39,office,seoul,0,0,0,0,8,0,0,39,0,0,completed
4574,U4574,2025-02-25 16:07:00,2025-02-25 16:09:00,F,20~29,office,seoul,0,0,0,0,2,0,0,27,0,0,completed
4575,U4575,2025-11-27 18:31:00,2025-11-27 18:37:00,F,20~29,office,seoul,0,0,0,0,22,0,0,31,0,0,completed
4576,U4576,2025-10-05 13:51:00,2025-10-05 13:57:00,F,50+,office,seoul,1,0,0,0,0,0,0,53,0,0,completed
4577,U4577,2025-05-31 08:31:00,2025-05-31 08:36:00,F,20~29,office,seoul,1,0,0,0,14,0,0,78,0,0,completed
4578,U4578,2025-08-03 14:58:00,2025-08-03 15:00:00,F,30~39,office,seoul,1,0,0,0,22,0,0,33,0,0,completed
4579,U4579,2025-01-13 11:14:00,2025-01-13 11:21:00,F,30~39,office,seoul,0,0,0,0,8,0,0,71,0,0,completed
4580,U4580,2025-09-09 15:50:00,2025-09-09 15:57:00,M,20~29,office,seoul,0,0,0,0,0,0,0,22,0,0,completed
4581,U4581,2025-10-25 09:15:00,2025-10-25 09:18:00,F,20~29,office,seoul,1,0,0,0,24,0,0,72,0,0,completed
4582,U4582,2025-09-08 09:32:00,2025-09-08 09:34:00,F,40~49,office,seoul,0,0,0,0,14,0,0,16,0,0,completed
4583,U4583,2025-09-23 15:05:00,2025-09-23 15:11:00,M,40~49,office,seoul,0,0,0,0,4,0,0,54,0,0,completed
4584,U4584,2025-01-11 14:23:00,2025-01-11 14:25:00,M,50+,office,seoul,1,0,0,0,8,0,0,78,0,0,completed
4585,U4585,2025-01-05 08:07:00,2025-01-05 08:09:00,F,20~29,office,seoul,1,0,0,0,18,0,0,16,0,0,completed
4586,U4586,2025-12-06 14:36:00,2025-12-06 14:40:00,F,20~29,office,seoul,1,0,0,0,19,0,0,31,0,0,completed
4587,U4587,2025-05-10 22:38:00,2025-05-10 22:43:00,F,50+,office,seoul,1,0,0,0,20,0,0,58,0,0,completed
4588,U4588,2025-07-02 14:51:00,2025-07-02 14:56:00,F,50+,office,seoul,0,0,0,0,26,0,0,47,0,1,timeout
4589,U4589,2025-02-04 16:14:00,2025-02-04 16:21:00,F,40~49,office,seoul,0,0,0,0,16,0,0,61,0,0,completed
4590,U4590,2025-11-17 09:57:00,2025-11-17 10:01:00,M,30~39,office,seoul,0,0,0,0,0,0,0,20,0,0,completed
4591,U4591,2025-01-24 19:05:00,2025-01-24 19:11:00,M,40~49,office,seoul,0,0,0,0,28,0,0,50,0,0,completed
4592,U4592,2025-03-31 13:57:00,2025-03-31 14:00:00,M,50+,office,seoul,0,0,0,0,2,0,0,20,0,0,completed
4593,U4593,2025-05-03 16:01:00,2025-05-03 16:04:00,F,20~29,office,seoul,1,0,0,0,1,0,0,24,0,0,abandoned
4594,U4594,2025-11-16 13:06:00,2025-11-16 13:12:00,M,50+,office,seoul,1,0,0,0,12,0,0,78,0,0,completed
4595,U4595,2025-12-23 15:39:00,2025-12-23 15:45:00,M,40~49,office,seoul,0,0,0,0,8,0,0,11,0,0,completed
4596,U4596,2025-12-04 16:46:00,2025-12-04 16:52:00,F,20~29,office,seoul,0,0,0,0,26,0,0,70,0,0,completed
4597,U4597,2025-12-09 14:17:00,2025-12-09 14:21:00,M,40~49,office,seoul,0,0,0,0,6,0,0,49,0,0,completed
4598,U4598,2025-01-22 16:04:00,2025-01-22 16:10:00,F,30~39,office,seoul,0,0,0,0,1,0,0,11,0,0,timeout
4599,U4599,2025-05-07 20:01:00,2025-05-07 20:07:00,M,30~39,office,seoul,0,0,0,0,18,0,0,65,0,0,completed
4600,U4600,2025-03-16 07:45:00,2025-03-16 07:47:00,F,20~29,office,seoul,1,0,0,0,24,0,0,44,0,0,completed
4601,U4601,2025-01-15 16:52:00,2025-01-15 16:54:00,M,30~39,office,seoul,0,0,0,0,4,0,0,52,0,0,completed
4602,U4602,2025-03-08 17:45:00,2025-03-08 17:52:00,M,40~49,office,seoul,1,0,0,0,1,0,0,76,0,0,completed
4603,U4603,2025-08-19 07:11:00,2025-08-19 07:17:00,M,20~29,office,seoul,0,0,0,0,12,0,0,16,0,0,completed
4604,U4604,2025-10-24 08:08:00,2025-10-24 08:14:00,F,50+,office,seoul,0,0,0,0,19,0,0,73,0,0,completed
4605,U4605,2025-08-27 18:41:00,2025-08-27 18:47:00,M,20~29,office,seoul,0,0,0,0,8,0,0,18,0,0,completed
4606,U4606,2025-06-22 19:37:00,2025-06-22 19:42:00,F,40~49,office,seoul,1,0,0,0,1,0,0,76,0,0,completed
4607,U4607,2025-02-02 17:06:00,2025-02-02 17:12:00,F,50+,office,seoul,1,0,0,0,27,0,0,53,0,0,completed
4608,U4608,2025-12-31 09:54:00,2025-12-31 09:56:00,F,40~49,office,seoul,0,0,0,0,23,0,0,24,0,0,timeout
4609,U4609,2025-12-13 09:26:00,2025-12-13 09:33:00,F,20~29,office,seoul,1,0,0,0,14,0,0,61,0,0,completed
4610,U4610,2025-07-28 17:49:00,2025-07-28 17:53:00,F,20~29,office,seoul,0,0,0,0,12,0,0,42,0,0,completed
4611,U4611,2025-08-20 14:51:00,2025-08-20 14:54:00,M,20~29,office,seoul,0,0,0,0,2,0,0,27,0,0,completed
4612,U4612,2025-10-08 13:42:00,2025-10-08 13:46:00,F,20~29,office,seoul,0,0,0,0,17,0,0,54,0,0,completed
4613,U4613,2025-12-20 12:14:00,2025-12-20 12:20:00,M,40~49,office,seoul,1,0,0,0,23,0,0,76,0,0,completed
4614,U4614,2025-02-15 08:01:00,2025-02-15 08:05:00,F,20~29,office,seoul,1,0,0,0,11,0,0,33,0,0,completed
4615,U4615,2025-12-21 09:14:00,2025-12-21 09:17:00,M,30~39,office,seoul,1,0,0,0,15,0,0,48,0,0,completed
4616,U4616,2025-03-19 14:04:00,2025-03-19 14:09:00,F,40~49,office,seoul,0,0,0,0,27,0,0,69,0,0,completed
4617,U4617,2025-09-04 17:32:00,2025-09-04 17:39:00,M,50+,office,seoul,0,0,0,0,4,0,0,73,0,0,completed
4618,U4618,2025-06-12 13:28:00,2025-06-12 13:33:00,F,30~39,office,seoul,0,0,0,0,24,0,0,37,0,0,completed
4619,U4619,2025-05-17 19:25:00,2025-05-17 19:28:00,F,30~39,office,seoul,1,0,0,0,21,0,0,20,0,0,completed
4620,U4620,2025-10-30 20:36:00,2025-10-30 20:42:00,F,40~49,office,seoul,0,0,0,0,13,0,0,76,0,0,error
4621,U4621,2025-10-06 19:13:00,2025-10-06 19:16:00,F,50+,office,seoul,0,0,0,0,25,0,0,68,0,0,completed
4622,U4622,2025-01-12 13:43:00,2025-01-12 13:48:00,F,30~39,office,seoul,1,0,0,0,4,0,0,32,0,0,completed
4623,U4623,2025-02-23 12:44:00,2025-02-23 12:48:00,M,30~39,office,seoul,1,0,0,0,7,0,0,57,0,0,completed
4624,U4624,2025-10-03 12:38:00,2025-10-03 12:42:00,F,20~29,office,seoul,0,0,0,0,9,0,0,26,0,0,completed
4625,U4625,2025-12-16 17:06:00,2025-12-16 17:09:00,F,40~49,office,seoul,0,0,0,0,3,0,0,17,0,0,completed
4626,U4626,2025-02-05 07:18:00,2025-02-05 07:21:00,F,30~39,office,seoul,0,0,0,0,13,0,0,51,0,0,abandoned
4627,U4627,2025-11-03 15:45:00,2025-11-03 15:52:00,F,30~39,office,seoul,0,0,0,0,11,0,0,32,0,0,completed
4628,U4628,2025-05-27 07:16:00,2025-05-27 07:20:00,F,20~29,office,seoul,0,0,0,0,10,0,0,25,0,0,completed
4629,U4629,2025-02-23 18:53:00,2025-02-23 19:00:00,F,40~49,office,seoul,1,0,0,0,16,0,0,18,0,0,completed
4630,U4630,2025-09-24 09:59:00,2025-09-24 10:06:00,F,40~49,office,seoul,0,0,0,0,5,0,0,10,0,0,completed
4631,U4631,2025-03-19 16:13:00,2025-03-19 16:15:00,F,50+,office,seoul,0,0,0,0,23,0,0,25,0,0,completed
4632,U4632,2025-03-08 11:53:00,2025-03-08 12:00:00,F,20~29,office,seoul,1,0,0,0,18,0,0,21,0,0,completed
4633,U4633,2025-07-10 08:20:00,2025-07-10 08:22:00,F,20~29,office,seoul,0,0,0,0,11,0,0,28,0,0,timeout
4634,U4634,2025-03-20 07:02:00,2025-03-20 07:05:00,F,20~29,office,seoul,0,0,0,0,10,0,0,62,0,0,abandoned
4635,U4635,2025-09-29 15:21:00,2025-09-29 15:24:00,F,20~29,office,seoul,0,0,0,0,20,0,0,17,0,0,completed
4636,U4636,2025-01-01 07:59:00,2025-01-01 08:01:00,F,20~29,office,seoul,0,0,0,0,8,0,0,78,0,0,completed
4637,U4637,2025-11-05 22:39:00,2025-11-05 22:42:00,F,40~49,office,seoul,0,0,0,0,12,0,0,61,0,0,completed
4638,U4638,2025-01-31 14:52:00,2025-01-31 14:59:00,F,20~29,office,seoul,0,0,0,0,11,0,0,64,0,0,completed
4639,U4639,2025-09-07 13:46:00,2025-09-07 13:53:00,F,50+,office,seoul,1,0,0,0,9,0,0,17,0,1,completed
4640,U4640,2025-08-19 22:11:00,2025-08-19 22:14:00,F,50+,office,seoul,0,0,0,0,6,0,0,21,0,0,completed
4641,U4641,2025-07-22 14:19:00,2025-07-22 14:23:00,F,40~49,office,seoul,0,0,0,0,1,0,0,49,0,0,completed
4642,U4642,2025-10-10 09:04:00,2025-10-10 09:07:00,M,30~39,office,seoul,0,0,0,0,0,0,0,26,0,0,completed
4643,U4643,2025-04-07 16:09:00,2025-04-07 16:11:00,F,20~29,office,seoul,0,0,0,0,11,0,0,63,0,0,completed
4644,U4644,2025-10-26 18:32:00,2025-10-26 18:35:00,F,30~39,office,seoul,1,0,0,0,21,0,0,65,0,0,completed
4645,U4645,2025-09-07 08:36:00,2025-09-07 08:40:00,F,20~29,office,seoul,1,0,0,0,12,0,0,26,0,0,completed
4646,U4646,2025-01-08 07:46:00,2025-01-08 07:49:00,F,30~39,office,seoul,0,0,0,0,29,0,0,52,0,0,completed
4647,U4647,2025-09-23 15:13:00,2025-09-23 15:16:00,F,30~39,office,seoul,0,0,0,0,21,0,0,46,0,0,abandoned
4648,U4648,2025-05-29 11:08:00,2025-05-29 11:11:00,F,30~39,office,seoul,0,0,0,0,7,0,0,33,0,0,completed
4649,U4649,2025-04-19 07:26:00,2025-04-19 07:33:00,F,30~39,office,seoul,1,0,0,0,7,0,0,37,0,0,completed
4650,U4650,2025-03-29 09:14:00,2025-03-29 09:21:00,M,20~29,office,seoul,1,0,0,0,13,0,0,36,0,0,completed
4651,U4651,2025-12-12 16:15:00,2025-12-12 16:21:00,F,40~49,office,seoul,0,0,0,0,26,0,0,56,0,0,completed
4652,U4652,2025-10-02 08:41:00,2025-10-02 08:46:00,F,30~39,office,seoul,0,0,0,0,17,0,0,74,0,0,completed
4653,U4653,2025-02-25 14:28:00,2025-02-25 14:31:00,F,50+,office,seoul,0,0,0,0,25,0,0,37,0,0,completed
4654,U4654,2025-11-21 09:32:00,2025-11-21 09:34:00,F,30~39,office,seoul,0,0,0,0,24,0,0,56,0,0,completed
4655,U4655,2025-11-05 18:13:00,2025-11-05 18:18:00,M,40~49,office,seoul,0,0,0,0,0,0,0,74,0,0,completed
4656,U4656,2025-01-13 13:46:00,2025-01-13 13:52:00,M,30~39,office,seoul,0,0,0,0,22,0,0,79,0,0,completed
4657,U4657,2025-06-20 17:46:00,2025-06-20 17:48:00,M,30~39,office,seoul,0,0,0,0,25,0,0,36,0,1,abandoned
4658,U4658,2025-05-15 12:38:00,2025-05-15 12:45:00,M,50+,office,seoul,0,0,0,0,17,0,0,58,0,0,timeout
4659,U4659,2025-03-23 16:18:00,2025-03-23 16:22:00,F,20~29,office,seoul,1,0,0,0,6,0,0,40,0,0,completed
4660,U4660,2025-03-02 17:33:00,2025-03-02 17:35:00,F,30~39,office,seoul,1,0,0,0,18,0,0,53,0,0,timeout
4661,U4661,2025-10-24 13:28:00,2025-10-24 13:30:00,F,50+,office,seoul,0,0,0,0,21,0,0,28,1,0,completed
4662,U4662,2025-11-10 07:52:00,2025-11-10 07:57:00,F,30~39,office,seoul,0,0,0,0,18,0,0,46,0,0,completed
4663,U4663,2025-06-15 14:11:00,2025-06-15 14:16:00,M,20~29,office,seoul,1,0,0,0,17,0,0,21,0,0,completed
4664,U4664,2025-08-07 13:39:00,2025-08-07 13:45:00,F,30~39,office,seoul,0,0,0,0,17,0,0,65,0,0,completed
4665,U4665,2025-10-10 16:24:00,2025-10-10 16:31:00,F,20~29,office,seoul,0,0,0,0,0,0,0,48,0,0,timeout
4666,U4666,2025-08-13 09:25:00,2025-08-13 09:31:00,F,40~49,office,seoul,0,0,0,0,4,0,0,56,0,0,completed
4667,U4667,2025-09-13 14:17:00,2025-09-13 14:19:00,M,50+,office,seoul,1,0,0,0,21,0,0,13,0,0,completed
4668,U4668,2025-02-19 21:50:00,2025-02-19 21:52:00,F,20~29,office,seoul,0,0,0,0,15,0,0,77,0,0,completed
4669,U4669,2025-09-04 20:21:00,2025-09-04 20:25:00,F,30~39,office,seoul,0,0,0,0,17,0,0,73,0,0,completed
4670,U4670,2025-08-22 15:19:00,2025-08-22 15:23:00,F,20~29,office,seoul,0,0,0,0,10,0,0,25,0,0,completed
4671,U4671,2025-06-07 18:23:00,2025-06-07 18:29:00,F,50+,office,seoul,1,0,0,0,29,0,0,65,0,0,completed
4672,U4672,2025-02-19 19:27:00,2025-02-19 19:30:00,F,30~39,office,seoul,0,0,0,0,7,0,0,25,0,0,completed
4673,U4673,2025-09-28 17:37:00,2025-09-28 17:43:00,M,40~49,office,seoul,1,0,0,0,20,0,0,49,0,0,completed
4674,U4674,2025-09-20 09:05:00,2025-09-20 09:12:00,M,20~29,office,seoul,1,0,0,0,14,0,0,11,0,0,completed
4675,U4675,2025-12-23 18:26:00,2025-12-23 18:30:00,F,20~29,office,seoul,0,0,0,0,3,0,0,73,0,0,completed
4676,U4676,2025-04-12 11:23:00,2025-04-12 11:26:00,M,40~49,office,seoul,1,0,0,0,9,0,0,51,0,0,completed
4677,U4677,2025-10-30 11:25:00,2025-10-30 11:32:00,F,40~49,office,seoul,0,0,0,0,20,0,0,43,0,0,completed
4678,U4678,2025-08-13 11:38:00,2025-08-13 11:43:00,M,20~29,office,seoul,0,0,0,0,27,0,0,64,0,0,completed
4679,U4679,2025-03-22 17:11:00,2025-03-22 17:15:00,M,30~39,office,seoul,1,0,0,0,2,0,0,37,0,0,completed
4680,U4680,2025-04-17 14:14:00,2025-04-17 14:20:00,M,30~39,office,seoul,0,0,0,0,20,0,0,10,0,0,completed
4681,U4681,2025-06-15 08:44:00,2025-06-15 08:49:00,F,20~29,office,seoul,1,0,0,0,8,0,0,18,0,0,completed
4682,U4682,2025-03-14 09:47:00,2025-03-14 09:52:00,M,50+,office,seoul,0,0,0,0,18,0,0,13,1,0,completed
4683,U4683,2025-09-10 13:50:00,2025-09-10 13:54:00,F,30~39,office,seoul,0,0,0,0,25,0,0,53,0,0,completed
4684,U4684,2025-03-01 22:03:00,2025-03-01 22:08:00,M,20~29,office,seoul,1,0,0,0,22,0,0,13,0,0,completed
4685,U4685,2025-03-24 17:49:00,2025-03-24 17:55:00,F,20~29,office,seoul,0,0,0,0,24,0,0,14,0,0,completed
4686,U4686,2025-12-10 16:18:00,2025-12-10 16:24:00,M,20~29,office,seoul,0,0,0,0,28,0,0,25,0,0,timeout
4687,U4687,2025-10-26 16:43:00,2025-10-26 16:48:00,F,30~39,office,seoul,1,0,0,0,8,0,0,40,0,0,completed
4688,U4688,2025-09-29 07:52:00,2025-09-29 07:54:00,M,40~49,office,seoul,0,0,0,0,19,0,0,79,0,0,completed
4689,U4689,2025-01-15 19:46:00,2025-01-15 19:52:00,M,30~39,office,seoul,0,0,0,0,22,0,0,25,0,0,completed
4690,U4690,2025-03-27 14:39:00,2025-03-27 14:41:00,M,40~49,office,seoul,0,0,0,0,7,0,0,73,0,0,completed
4691,U4691,2025-04-24 22:17:00,2025-04-24 22:24:00,M,30~39,office,seoul,0,0,0,0,11,0,0,73,0,0,timeout
4692,U4692,2025-10-08 19:58:00,2025-10-08 20:03:00,M,50+,office,seoul,0,0,0,0,6,0,0,28,0,0,completed
4693,U4693,2025-07-17 15:49:00,2025-07-17 15:56:00,M,30~39,office,seoul,0,0,0,0,0,0,0,45,0,0,completed
4694,U4694,2025-06-08 13:02:00,2025-06-08 13:05:00,M,40~49,office,seoul,1,0,0,0,0,0,0,38,0,0,completed
4695,U4695,2025-09-14 15:22:00,2025-09-14 15:25:00,M,20~29,office,seoul,1,0,0,0,12,0,0,41,0,0,completed
4696,U4696,2025-08-04 09:36:00,2025-08-04 09:38:00,M,20~29,office,seoul,0,0,0,0,7,0,0,60,0,0,completed
4697,U4697,2025-09-16 21:36:00,2025-09-16 21:39:00,M,40~49,office,seoul,0,0,0,0,8,0,0,40,0,0,completed
4698,U4698,2025-12-26 14:15:00,2025-12-26 14:20:00,M,40~49,office,seoul,0,0,0,0,21,0,0,39,0,0,completed
4699,U4699,2025-10-24 17:13:00,2025-10-24 17:19:00,F,30~39,office,seoul,0,0,0,0,9,0,0,45,0,0,completed
4700,U4700,2025-12-28 17:51:00,2025-12-28 17:58:00,F,20~29,office,seoul,1,0,0,0,10,0,0,75,0,0,abandoned
4701,U4701,2025-10-22 17:45:00,2025-10-22 17:51:00,F,20~29,office,seoul,0,0,0,0,15,0,0,14,0,0,completed
4702,U4702,2025-05-13 11:00:00,2025-05-13 11:05:00,F,20~29,office,seoul,0,0,0,0,14,0,0,19,0,0,completed
4703,U4703,2025-05-16 13:25:00,2025-05-16 13:29:00,M,30~39,office,seoul,0,0,0,0,27,0,0,10,0,0,completed
4704,U4704,2025-11-02 15:33:00,2025-11-02 15:40:00,M,30~39,office,seoul,1,0,0,0,7,0,0,18,0,0,completed
4705,U4705,2025-04-10 13:21:00,2025-04-10 13:24:00,F,50+,office,seoul,0,0,0,0,29,0,0,53,0,0,abandoned
4706,U4706,2025-08-22 17:06:00,2025-08-22 17:10:00,M,40~49,office,seoul,0,0,0,0,6,0,0,13,0,0,completed
4707,U4707,2025-05-05 11:09:00,2025-05-05 11:12:00,M,40~49,office,seoul,0,0,0,0,15,0,0,42,0,0,completed
4708,U4708,2025-02-27 12:06:00,2025-02-27 12:13:00,M,50+,office,seoul,0,0,0,0,4,0,0,66,1,0,completed
4709,U4709,2025-12-01 12:43:00,2025-12-01 12:48:00,M,50+,office,seoul,0,0,0,0,2,0,0,54,0,0,completed
4710,U4710,2025-05-29 16:28:00,2025-05-29 16:32:00,F,20~29,office,seoul,0,0,0,0,20,0,0,41,0,0,abandoned
4711,U4711,2025-03-07 09:05:00,2025-03-07 09:07:00,M,20~29,office,seoul,0,0,0,0,28,0,0,30,0,0,completed
4712,U4712,2025-09-14 15:46:00,2025-09-14 15:49:00,F,40~49,office,seoul,1,0,0,0,3,0,0,16,0,0,completed
4713,U4713,2025-03-28 19:59:00,2025-03-28 20:01:00,F,20~29,office,seoul,0,0,0,0,17,0,0,75,0,0,completed
4714,U4714,2025-01-19 13:25:00,2025-01-19 13:27:00,M,50+,office,seoul,1,0,0,0,14,0,0,56,0,1,completed
4715,U4715,2025-02-07 16:28:00,2025-02-07 16:32:00,F,20~29,office,seoul,0,0,0,0,3,0,0,12,0,0,abandoned
4716,U4716,2025-07-02 11:26:00,2025-07-02 11:30:00,F,50+,office,seoul,0,0,0,0,13,0,0,59,1,0,completed
4717,U4717,2025-08-16 15:41:00,2025-08-16 15:45:00,M,30~39,office,seoul,1,0,0,0,9,0,0,58,0,0,completed
4718,U4718,2025-11-20 12:07:00,2025-11-20 12:12:00,M,20~29,office,seoul,0,0,0,0,3,0,0,21,0,0,completed
4719,U4719,2025-10-09 19:33:00,2025-10-09 19:38:00,F,30~39,office,seoul,0,0,0,0,9,0,0,52,0,0,completed
4720,U4720,2025-10-02 16:18:00,2025-10-02 16:20:00,M,40~49,office,seoul,0,0,0,0,10,0,0,17,0,0,completed
4721,U4721,2025-03-11 19:25:00,2025-03-11 19:27:00,F,50+,office,seoul,0,0,0,0,21,0,0,73,0,0,completed
4722,U4722,2025-04-27 11:52:00,2025-04-27 11:59:00,M,30~39,office,seoul,1,0,0,0,8,0,0,29,0,0,completed
4723,U4723,2025-02-09 14:45:00,2025-02-09 14:49:00,F,20~29,office,seoul,1,0,0,0,17,0,0,74,0,0,completed
4724,U4724,2025-12-03 19:56:00,2025-12-03 20:02:00,F,50+,office,seoul,0,0,0,0,12,0,0,52,0,0,completed
4725,U4725,2025-12-04 09:24:00,2025-12-04 09:26:00,M,30~39,office,seoul,0,0,0,0,15,0,0,52,0,0,completed
4726,U4726,2025-06-06 17:54:00,2025-06-06 17:59:00,F,20~29,office,seoul,0,0,0,0,28,0,0,40,0,0,completed
4727,U4727,2025-09-11 07:07:00,2025-09-11 07:10:00,M,30~39,office,seoul,0,0,0,0,1,0,0,57,0,0,completed
4728,U4728,2025-12-01 21:28:00,2025-12-01 21:30:00,F,20~29,office,seoul,0,0,0,0,20,0,0,63,0,0,completed
4729,U4729,2025-03-15 20:35:00,2025-03-15 20:39:00,M,20~29,office,seoul,1,0,0,0,15,0,0,73,0,0,completed
4730,U4730,2025-07-22 18:47:00,2025-07-22 18:54:00,M,20~29,office,seoul,0,0,0,0,20,0,0,43,0,0,abandoned
4731,U4731,2025-06-21 12:06:00,2025-06-21 12:10:00,M,30~39,office,seoul,1,0,0,0,5,0,0,67,0,0,completed
4732,U4732,2025-12-28 13:41:00,2025-12-28 13:43:00,F,20~29,office,seoul,1,0,0,0,15,0,0,49,0,0,abandoned
4733,U4733,2025-01-09 11:22:00,2025-01-09 11:27:00,F,20~29,office,seoul,0,0,0,0,17,0,0,18,0,0,completed
4734,U4734,2025-03-06 12:17:00,2025-03-06 12:19:00,M,30~39,office,seoul,0,0,0,0,28,0,0,32,0,0,abandoned
4735,U4735,2025-03-02 20:45:00,2025-03-02 20:50:00,F,20~29,office,seoul,1,0,0,0,8,0,0,25,0,0,completed
4736,U4736,2025-09-26 14:49:00,2025-09-26 14:51:00,M,30~39,office,seoul,0,0,0,0,24,0,0,66,0,0,completed
4737,U4737,2025-06-11 12:46:00,2025-06-11 12:49:00,M,30~39,office,seoul,0,0,0,0,22,0,0,33,0,0,completed
4738,U4738,2025-10-20 17:04:00,2025-10-20 17:07:00,F,20~29,office,seoul,0,0,0,0,12,0,0,73,0,0,completed
4739,U4739,2025-07-08 12:29:00,2025-07-08 12:35:00,F,30~39,office,seoul,0,0,0,0,10,0,0,29,0,0,completed
4740,U4740,2025-10-15 18:21:00,2025-10-15 18:24:00,F,30~39,office,seoul,0,0,0,0,9,0,0,67,0,1,timeout
4741,U4741,2025-07-24 07:49:00,2025-07-24 07:52:00,M,40~49,office,seoul,0,0,0,0,24,0,0,30,0,0,completed
4742,U4742,2025-09-18 13:21:00,2025-09-18 13:23:00,F,20~29,office,seoul,0,0,0,0,7,0,0,26,0,0,error
4743,U4743,2025-12-06 11:11:00,2025-12-06 11:15:00,M,30~39,office,seoul,1,0,0,0,8,0,0,60,0,0,completed
4744,U4744,2025-06-29 14:07:00,2025-06-29 14:09:00,F,20~29,office,seoul,1,0,0,0,7,0,0,69,0,0,abandoned
4745,U4745,2025-08-07 17:14:00,2025-08-07 17:21:00,M,20~29,office,seoul,0,0,0,0,25,0,0,37,0,0,completed
4746,U4746,2025-12-28 07:16:00,2025-12-28 07:23:00,M,20~29,office,seoul,1,0,0,0,22,0,0,30,0,0,completed
4747,U4747,2025-05-21 19:11:00,2025-05-21 19:14:00,F,20~29,office,seoul,0,0,0,0,5,0,0,37,0,0,completed
4748,U4748,2025-09-30 16:36:00,2025-09-30 16:43:00,F,20~29,office,seoul,0,0,0,0,4,0,0,62,0,0,completed
4749,U4749,2025-04-11 17:31:00,2025-04-11 17:34:00,F,20~29,office,seoul,0,0,0,0,22,0,0,22,0,0,completed
4750,U4750,2025-08-07 20:28:00,2025-08-07 20:32:00,M,30~39,office,seoul,0,0,0,0,27,0,0,60,0,0,completed
4751,U4751,2025-01-05 12:40:00,2025-01-05 12:47:00,F,30~39,office,seoul,1,0,0,0,13,0,0,70,0,0,completed
4752,U4752,2025-05-13 16:10:00,2025-05-13 16:14:00,M,40~49,office,seoul,0,0,0,0,1,0,0,28,0,0,completed
4753,U4753,2025-10-24 15:09:00,2025-10-24 15:15:00,F,20~29,office,seoul,0,0,0,0,5,0,0,12,0,0,timeout
4754,U4754,2025-08-07 07:00:00,2025-08-07 07:04:00,F,30~39,office,seoul,0,0,0,0,6,0,0,17,0,0,completed
4755,U4755,2025-03-12 22:02:00,2025-03-12 22:07:00,F,40~49,office,seoul,0,0,0,0,6,0,0,36,0,0,completed
4756,U4756,2025-01-25 15:17:00,2025-01-25 15:22:00,M,30~39,office,seoul,1,0,0,0,8,0,0,75,0,0,completed
4757,U4757,2025-06-28 12:16:00,2025-06-28 12:22:00,F,20~29,office,seoul,1,0,0,0,3,0,0,56,0,0,completed
4758,U4758,2025-10-11 20:53:00,2025-10-11 20:58:00,M,50+,office,seoul,1,0,0,0,3,0,0,69,1,0,completed
4759,U4759,2025-12-14 16:44:00,2025-12-14 16:47:00,M,30~39,office,seoul,1,0,0,0,22,0,0,12,0,0,completed
4760,U4760,2025-05-12 12:42:00,2025-05-12 12:47:00,F,40~49,office,seoul,0,0,0,0,27,0,0,57,0,0,completed
4761,U4761,2025-04-01 16:52:00,2025-04-01 16:59:00,F,20~29,office,seoul,0,0,0,0,7,0,0,31,0,0,completed
4762,U4762,2025-05-24 12:07:00,2025-05-24 12:14:00,M,20~29,office,seoul,1,0,0,0,12,0,0,41,0,0,completed
4763,U4763,2025-10-05 09:07:00,2025-10-05 09:13:00,M,30~39,office,seoul,1,0,0,0,10,0,0,75,0,0,completed
4764,U4764,2025-07-14 14:57:00,2025-07-14 15:04:00,F,40~49,office,seoul,0,0,0,0,12,0,0,22,0,0,completed
4765,U4765,2025-03-28 17:42:00,2025-03-28 17:45:00,M,20~29,office,seoul,0,0,0,0,12,0,0,22,0,0,completed
4766,U4766,2025-03-27 16:39:00,2025-03-27 16:41:00,F,40~49,office,seoul,0,0,0,0,28,0,0,64,0,0,completed
4767,U4767,2025-06-04 09:28:00,2025-06-04 09:31:00,F,30~39,office,seoul,0,0,0,0,24,0,0,44,0,0,completed
4768,U4768,2025-03-26 08:55:00,2025-03-26 08:59:00,M,40~49,office,seoul,0,0,0,0,10,0,0,23,0,0,abandoned
4769,U4769,2025-03-13 21:59:00,2025-03-13 22:03:00,M,20~29,office,seoul,0,0,0,0,1,0,0,10,0,0,completed
4770,U4770,2025-04-17 14:50:00,2025-04-17 14:57:00,F,20~29,office,seoul,0,0,0,0,4,0,0,28,0,0,completed
4771,U4771,2025-04-28 15:02:00,2025-04-28 15:05:00,F,20~29,office,seoul,0,0,0,0,17,0,0,40,0,0,completed
4772,U4772,2025-03-27 16:28:00,2025-03-27 16:32:00,M,40~49,office,seoul,0,0,0,0,8,0,0,31,1,0,completed
4773,U4773,2025-02-18 09:56:00,2025-02-18 10:01:00,F,30~39,office,seoul,0,0,0,0,11,0,0,62,0,0,completed
4774,U4774,2025-04-15 17:07:00,2025-04-15 17:10:00,F,30~39,office,seoul,0,0,0,0,14,0,0,65,0,0,completed
4775,U4775,2025-06-23 14:22:00,2025-06-23 14:27:00,F,50+,office,seoul,0,0,0,0,19,0,0,43,1,0,completed
4776,U4776,2025-10-24 21:28:00,2025-10-24 21:35:00,F,30~39,office,seoul,0,0,0,0,23,0,0,45,0,0,completed
4777,U4777,2025-06-14 14:47:00,2025-06-14 14:54:00,M,20~29,office,seoul,1,0,0,0,9,0,0,42,0,0,completed
4778,U4778,2025-09-17 15:55:00,2025-09-17 15:59:00,M,50+,office,seoul,0,0,0,0,16,0,0,62,1,0,completed
4779,U4779,2025-10-26 07:07:00,2025-10-26 07:11:00,F,50+,office,seoul,1,0,0,0,21,0,0,72,0,0,completed
4780,U4780,2025-02-23 12:05:00,2025-02-23 12:12:00,F,30~39,office,seoul,1,0,0,0,18,0,0,23,0,0,completed
4781,U4781,2025-04-05 08:20:00,2025-04-05 08:26:00,F,20~29,office,seoul,1,0,0,0,25,0,0,65,0,0,completed
4782,U4782,2025-03-21 11:42:00,2025-03-21 11:44:00,M,30~39,office,seoul,0,0,0,0,10,0,0,44,0,0,completed
4783,U4783,2025-03-02 15:00:00,2025-03-02 15:05:00,F,20~29,office,seoul,1,0,0,0,16,0,0,72,0,0,completed
4784,U4784,2025-12-09 16:34:00,2025-12-09 16:38:00,M,30~39,office,seoul,0,0,0,0,10,0,0,16,0,0,completed
4785,U4785,2025-09-28 13:27:00,2025-09-28 13:32:00,F,20~29,office,seoul,1,0,0,0,23,0,0,30,0,0,completed
4786,U4786,2025-07-16 22:13:00,2025-07-16 22:16:00,F,20~29,office,seoul,0,0,0,0,10,0,0,40,0,0,completed
4787,U4787,2025-02-01 13:52:00,2025-02-01 13:59:00,F,40~49,office,seoul,1,0,0,0,14,0,0,39,0,0,completed
4788,U4788,2025-06-08 19:42:00,2025-06-08 19:47:00,F,50+,office,seoul,1,0,0,0,22,0,0,75,0,0,completed
4789,U4789,2025-07-04 17:08:00,2025-07-04 17:14:00,M,30~39,office,seoul,0,0,0,0,16,0,0,41,0,0,completed
4790,U4790,2025-11-17 12:31:00,2025-11-17 12:36:00,M,50+,office,seoul,0,0,0,0,11,0,0,53,0,0,completed
4791,U4791,2025-03-16 09:46:00,2025-03-16 09:48:00,M,30~39,office,seoul,1,0,0,0,1,0,0,14,0,0,completed
4792,U4792,2025-10-23 19:06:00,2025-10-23 19:10:00,F,20~29,office,seoul,0,0,0,0,1,0,0,35,0,0,completed
4793,U4793,2025-10-28 16:18:00,2025-10-28 16:24:00,M,20~29,office,seoul,0,0,0,0,10,0,0,47,0,0,completed
4794,U4794,2025-12-16 15:28:00,2025-12-16 15:32:00,F,30~39,office,seoul,0,0,0,0,25,0,0,42,0,0,completed
4795,U4795,2025-07-17 09:47:00,2025-07-17 09:50:00,F,20~29,office,seoul,0,0,0,0,0,0,0,49,0,0,completed
4796,U4796,2025-04-16 12:42:00,2025-04-16 12:46:00,M,40~49,office,seoul,0,0,0,0,2,0,0,55,0,0,completed
4797,U4797,2025-04-02 14:32:00,2025-04-02 14:38:00,M,50+,office,seoul,0,0,0,0,10,0,0,63,0,0,completed
4798,U4798,2025-11-30 16:55:00,2025-11-30 17:02:00,M,50+,office,seoul,1,0,0,0,5,0,0,45,0,0,completed
4799,U4799,2025-12-09 18:04:00,2025-12-09 18:07:00,M,50+,office,seoul,0,0,0,0,15,0,0,60,0,0,completed
4800,U4800,2025-08-13 17:44:00,2025-08-13 17:50:00,F,40~49,office,seoul,0,0,0,0,26,0,0,39,0,1,completed
4801,U4801,2025-06-15 15:03:00,2025-06-15 15:06:00,M,50+,office,seoul,1,0,0,0,25,0,0,18,0,0,completed
4802,U4802,2025-04-03 16:46:00,2025-04-03 16:52:00,F,30~39,office,seoul,0,0,0,0,27,0,0,31,0,0,completed
4803,U4803,2025-05-27 20:45:00,2025-05-27 20:51:00,F,50+,office,seoul,0,0,0,0,27,0,0,70,0,1,completed
4804,U4804,2025-12-19 07:28:00,2025-12-19 07:30:00,F,40~49,office,seoul,0,0,0,0,17,0,0,75,0,0,completed
4805,U4805,2025-07-31 14:47:00,2025-07-31 14:51:00,F,20~29,office,seoul,0,0,0,0,19,0,0,13,0,0,completed
4806,U4806,2025-06-02 15:20:00,2025-06-02 15:27:00,F,30~39,office,seoul,0,0,0,0,8,0,0,37,0,0,completed
4807,U4807,2025-01-10 12:07:00,2025-01-10 12:12:00,M,50+,office,seoul,0,0,0,0,18,0,0,16,0,0,completed
4808,U4808,2025-10-23 16:54:00,2025-10-23 17:00:00,F,20~29,office,seoul,0,0,0,0,29,0,0,16,0,0,completed
4809,U4809,2025-09-07 21:53:00,2025-09-07 21:58:00,F,20~29,office,seoul,1,0,0,0,14,0,0,57,0,0,completed
4810,U4810,2025-03-16 11:51:00,2025-03-16 11:53:00,F,50+,office,seoul,1,0,0,0,20,0,0,40,0,0,completed
4811,U4811,2025-04-16 14:11:00,2025-04-16 14:17:00,F,40~49,office,seoul,0,0,0,0,23,0,0,70,0,0,completed
4812,U4812,2025-10-27 22:31:00,2025-10-27 22:36:00,F,20~29,office,seoul,0,0,0,0,12,0,0,69,0,0,timeout
4813,U4813,2025-09-01 07:59:00,2025-09-01 08:04:00,M,30~39,office,seoul,0,0,0,0,3,0,0,64,0,0,completed
4814,U4814,2025-06-17 15:57:00,2025-06-17 16:02:00,F,30~39,office,seoul,0,0,0,0,29,0,0,55,0,0,timeout
4815,U4815,2025-06-21 19:31:00,2025-06-21 19:35:00,M,40~49,office,seoul,1,0,0,0,16,0,0,75,0,0,completed
4816,U4816,2025-10-10 07:52:00,2025-10-10 07:58:00,F,20~29,office,seoul,0,0,0,0,5,0,0,58,0,0,timeout
4817,U4817,2025-06-28 07:24:00,2025-06-28 07:29:00,F,20~29,office,seoul,1,0,0,0,5,0,0,42,0,0,completed
4818,U4818,2025-06-25 18:47:00,2025-06-25 18:54:00,M,40~49,office,seoul,0,0,0,0,21,0,0,61,0,0,completed
4819,U4819,2025-06-07 15:10:00,2025-06-07 15:14:00,F,40~49,office,seoul,1,0,0,0,0,0,0,74,0,0,abandoned
4820,U4820,2025-05-10 13:38:00,2025-05-10 13:43:00,M,40~49,office,seoul,1,0,0,0,26,0,0,66,0,0,completed
4821,U4821,2025-05-25 12:51:00,2025-05-25 12:58:00,M,30~39,office,seoul,1,0,0,0,27,0,0,41,1,0,completed
4822,U4822,2025-07-08 22:10:00,2025-07-08 22:14:00,M,20~29,office,seoul,0,0,0,0,13,0,0,61,0,0,completed
4823,U4823,2025-01-15 17:50:00,2025-01-15 17:54:00,M,40~49,office,seoul,0,0,0,0,8,0,0,70,0,1,completed
4824,U4824,2025-12-29 12:13:00,2025-12-29 12:19:00,M,40~49,office,seoul,0,0,0,0,22,0,0,31,0,0,completed
4825,U4825,2025-01-05 17:18:00,2025-01-05 17:20:00,F,30~39,office,seoul,1,0,0,0,27,0,0,77,0,0,completed
4826,U4826,2025-12-30 17:41:00,2025-12-30 17:48:00,M,20~29,office,seoul,0,0,0,0,6,0,0,45,0,0,completed
4827,U4827,2025-04-22 13:21:00,2025-04-22 13:26:00,F,30~39,office,seoul,0,0,0,0,21,0,0,13,0,0,completed
4828,U4828,2025-11-14 15:20:00,2025-11-14 15:27:00,M,30~39,office,seoul,0,0,0,0,17,0,0,41,0,0,completed
4829,U4829,2025-10-13 14:51:00,2025-10-13 14:58:00,F,30~39,office,seoul,0,0,0,0,25,0,0,33,0,0,completed
4830,U4830,2025-08-15 11:42:00,2025-08-15 11:45:00,M,20~29,office,seoul,0,0,0,0,8,0,0,56,0,0,completed
4831,U4831,2025-04-25 21:03:00,2025-04-25 21:05:00,F,20~29,office,seoul,0,0,0,0,6,0,0,15,0,0,completed
4832,U4832,2025-08-26 12:21:00,2025-08-26 12:25:00,F,20~29,office,seoul,0,0,0,0,14,0,0,66,0,0,completed
4833,U4833,2025-10-15 16:47:00,2025-10-15 16:52:00,F,40~49,office,seoul,0,0,0,0,27,0,0,11,0,0,timeout
4834,U4834,2025-09-01 09:29:00,2025-09-01 09:35:00,F,20~29,office,seoul,0,0,0,0,24,0,0,50,0,0,completed
4835,U4835,2025-07-09 19:55:00,2025-07-09 19:57:00,F,20~29,office,seoul,0,0,0,0,5,0,0,53,0,0,completed
4836,U4836,2025-02-06 13:53:00,2025-02-06 13:59:00,M,30~39,office,seoul,0,0,0,0,9,0,0,33,0,0,completed
4837,U4837,2025-09-08 15:28:00,2025-09-08 15:31:00,M,40~49,office,seoul,0,0,0,0,29,0,0,39,0,0,completed
4838,U4838,2025-03-29 09:00:00,2025-03-29 09:06:00,F,40~49,office,seoul,1,0,0,0,17,0,0,45,0,0,completed
4839,U4839,2025-03-04 17:00:00,2025-03-04 17:05:00,F,20~29,office,seoul,0,0,0,0,4,0,0,69,0,0,completed
4840,U4840,2025-10-15 22:26:00,2025-10-15 22:32:00,F,40~49,office,seoul,0,0,0,0,1,0,0,52,0,0,completed
4841,U4841,2025-10-27 19:34:00,2025-10-27 19:36:00,F,50+,office,seoul,0,0,0,0,6,0,0,56,0,0,completed
4842,U4842,2025-10-24 08:07:00,2025-10-24 08:14:00,F,20~29,office,seoul,0,0,0,0,22,0,0,22,0,0,completed
4843,U4843,2025-03-22 20:41:00,2025-03-22 20:45:00,F,50+,office,seoul,1,0,0,0,8,0,0,14,0,0,completed
4844,U4844,2025-06-23 13:48:00,2025-06-23 13:54:00,M,40~49,office,seoul,0,0,0,0,17,0,0,64,0,0,completed
4845,U4845,2025-09-15 18:07:00,2025-09-15 18:10:00,F,30~39,office,seoul,0,0,0,0,4,0,0,27,0,0,completed
4846,U4846,2025-05-08 12:45:00,2025-05-08 12:48:00,M,20~29,office,seoul,0,0,0,0,15,0,0,79,0,0,completed
4847,U4847,2025-11-18 14:40:00,2025-11-18 14:42:00,F,40~49,office,seoul,0,0,0,0,29,0,0,72,0,0,completed
4848,U4848,2025-10-06 11:57:00,2025-10-06 12:00:00,M,30~39,office,seoul,0,0,0,0,17,0,0,55,0,0,completed
4849,U4849,2025-10-09 08:04:00,2025-10-09 08:06:00,F,30~39,office,seoul,0,0,0,0,3,0,0,22,0,0,completed
4850,U4850,2025-11-23 19:20:00,2025-11-23 19:25:00,M,30~39,office,seoul,1,0,0,0,2,0,0,65,0,0,abandoned
4851,U4851,2025-02-26 17:56:00,2025-02-26 18:00:00,F,20~29,office,seoul,0,0,0,0,25,0,0,16,0,0,completed
4852,U4852,2025-07-19 13:56:00,2025-07-19 13:59:00,F,40~49,office,seoul,1,0,0,0,22,0,0,40,0,0,timeout
4853,U4853,2025-09-15 12:43:00,2025-09-15 12:47:00,M,50+,office,seoul,0,0,0,0,10,0,0,75,0,0,completed
4854,U4854,2025-03-28 16:15:00,2025-03-28 16:22:00,M,40~49,office,seoul,0,0,0,0,2,0,0,17,0,0,completed
4855,U4855,2025-01-23 18:13:00,2025-01-23 18:19:00,F,20~29,office,seoul,0,0,0,0,5,0,0,29,0,0,completed
4856,U4856,2025-10-09 22:46:00,2025-10-09 22:50:00,F,40~49,office,seoul,0,0,0,0,19,0,0,47,0,0,completed
4857,U4857,2025-10-21 09:07:00,2025-10-21 09:12:00,M,40~49,office,seoul,0,0,0,0,15,0,0,18,0,0,completed
4858,U4858,2025-02-04 18:47:00,2025-02-04 18:49:00,M,20~29,office,seoul,0,0,0,0,9,0,0,72,0,0,completed
4859,U4859,2025-06-09 07:28:00,2025-06-09 07:31:00,M,50+,office,seoul,0,0,0,0,5,0,0,32,0,0,completed
4860,U4860,2025-02-10 13:22:00,2025-02-10 13:29:00,F,30~39,office,seoul,0,0,0,0,15,0,0,29,0,0,completed
4861,U4861,2025-09-22 11:39:00,2025-09-22 11:46:00,F,40~49,office,seoul,0,0,0,0,21,0,0,26,0,0,completed
4862,U4862,2025-08-24 22:42:00,2025-08-24 22:44:00,M,40~49,office,seoul,1,0,0,0,5,0,0,44,0,0,completed
4863,U4863,2025-08-29 14:58:00,2025-08-29 15:01:00,M,20~29,office,seoul,0,0,0,0,5,0,0,32,0,0,completed
4864,U4864,2025-07-25 09:24:00,2025-07-25 09:30:00,M,20~29,office,seoul,0,0,0,0,28,0,0,66,0,0,completed
4865,U4865,2025-10-24 08:49:00,2025-10-24 08:51:00,M,30~39,office,seoul,0,0,0,0,7,0,0,31,0,0,completed
4866,U4866,2025-11-14 15:54:00,2025-11-14 16:01:00,M,20~29,office,seoul,0,0,0,0,17,0,0,71,0,0,completed
4867,U4867,2025-09-01 16:24:00,2025-09-01 16:30:00,M,20~29,office,seoul,0,0,0,0,17,0,0,37,0,0,abandoned
4868,U4868,2025-10-22 12:15:00,2025-10-22 12:18:00,M,30~39,office,seoul,0,0,0,0,7,0,0,29,0,0,completed
4869,U4869,2025-03-12 14:11:00,2025-03-12 14:17:00,F,20~29,office,seoul,0,0,0,0,8,0,0,37,0,0,completed
4870,U4870,2025-11-23 13:07:00,2025-11-23 13:13:00,F,30~39,office,seoul,1,0,0,0,14,0,0,43,0,0,completed
4871,U4871,2025-02-02 13:32:00,2025-02-02 13:35:00,M,20~29,office,seoul,1,0,0,0,13,0,0,41,0,0,completed
4872,U4872,2025-04-25 12:36:00,2025-04-25 12:39:00,M,30~39,office,seoul,0,0,0,0,19,0,0,77,0,0,timeout
4873,U4873,2025-12-31 08:01:00,2025-12-31 08:03:00,F,20~29,office,seoul,0,0,0,0,27,0,0,48,0,0,abandoned
4874,U4874,2025-01-04 12:19:00,2025-01-04 12:21:00,F,40~49,office,seoul,1,0,0,0,1,0,0,41,0,0,completed
4875,U4875,2025-09-22 16:56:00,2025-09-22 16:58:00,F,30~39,office,seoul,0,0,0,0,16,0,0,56,0,0,completed
4876,U4876,2025-06-12 09:00:00,2025-06-12 09:04:00,F,50+,office,seoul,0,0,0,0,29,0,0,17,0,1,completed
4877,U4877,2025-08-29 11:20:00,2025-08-29 11:26:00,F,30~39,office,seoul,0,0,0,0,11,0,0,19,0,0,completed
4878,U4878,2025-11-26 17:47:00,2025-11-26 17:54:00,M,20~29,office,seoul,0,0,0,0,10,0,0,18,0,0,error
4879,U4879,2025-01-12 16:29:00,2025-01-12 16:36:00,M,30~39,office,seoul,1,0,0,0,0,0,0,26,0,0,completed
4880,U4880,2025-04-29 19:17:00,2025-04-29 19:21:00,F,30~39,office,seoul,0,0,0,0,12,0,0,37,0,0,completed
4881,U4881,2025-10-31 17:53:00,2025-10-31 17:59:00,F,30~39,office,seoul,0,0,0,0,12,0,0,58,0,0,completed
4882,U4882,2025-09-01 12:23:00,2025-09-01 12:27:00,F,50+,office,seoul,0,0,0,0,22,0,0,40,0,0,completed
4883,U4883,2025-01-28 20:28:00,2025-01-28 20:32:00,F,20~29,office,seoul,0,0,0,0,7,0,0,43,0,0,completed
4884,U4884,2025-10-09 16:13:00,2025-10-09 16:20:00,F,50+,office,seoul,0,0,0,0,26,0,0,70,0,0,completed
4885,U4885,2025-09-09 14:12:00,2025-09-09 14:19:00,M,30~39,office,seoul,0,0,0,0,21,0,0,48,0,0,abandoned
4886,U4886,2025-10-20 09:35:00,2025-10-20 09:40:00,F,40~49,office,seoul,0,0,0,0,15,0,0,46,0,0,completed
4887,U4887,2025-10-04 17:36:00,2025-10-04 17:41:00,F,30~39,office,seoul,1,0,0,0,9,0,0,68,0,0,completed
4888,U4888,2025-05-02 11:21:00,2025-05-02 11:27:00,F,20~29,office,seoul,0,0,0,0,20,0,0,65,0,0,completed
4889,U4889,2025-10-19 12:31:00,2025-10-19 12:33:00,F,50+,office,seoul,1,0,0,0,14,0,0,26,0,0,completed
4890,U4890,2025-06-29 11:42:00,2025-06-29 11:48:00,F,20~29,office,seoul,1,0,0,0,23,0,0,74,0,0,completed
4891,U4891,2025-10-05 07:51:00,2025-10-05 07:54:00,M,40~49,office,seoul,1,0,0,0,25,0,0,38,0,0,completed
4892,U4892,2025-02-15 09:24:00,2025-02-15 09:26:00,F,20~29,office,seoul,1,0,0,0,8,0,0,61,0,0,completed
4893,U4893,2025-11-03 20:42:00,2025-11-03 20:48:00,M,20~29,office,seoul,0,0,0,0,17,0,0,43,1,0,completed
4894,U4894,2025-08-15 20:58:00,2025-08-15 21:02:00,M,20~29,office,seoul,0,0,0,0,0,0,0,20,0,0,completed
4895,U4895,2025-06-12 22:23:00,2025-06-12 22:28:00,F,40~49,office,seoul,0,0,0,0,17,0,0,23,0,0,completed
4896,U4896,2025-06-09 15:18:00,2025-06-09 15:23:00,M,20~29,office,seoul,0,0,0,0,24,0,0,10,0,0,completed
4897,U4897,2025-09-22 13:04:00,2025-09-22 13:07:00,M,50+,office,seoul,0,0,0,0,25,0,0,19,1,0,completed
4898,U4898,2025-02-03 15:07:00,2025-02-03 15:13:00,F,40~49,office,seoul,0,0,0,0,2,0,0,50,0,0,completed
4899,U4899,2025-03-28 09:29:00,2025-03-28 09:31:00,M,20~29,office,seoul,0,0,0,0,12,0,0,48,0,0,completed
4900,U4900,2025-06-25 15:45:00,2025-06-25 15:48:00,M,30~39,office,seoul,0,0,0,0,0,0,0,43,0,0,completed
4901,U4901,2025-01-16 17:29:00,2025-01-16 17:35:00,M,20~29,office,seoul,0,0,0,0,10,0,0,21,0,0,completed
4902,U4902,2025-03-11 18:39:00,2025-03-11 18:45:00,M,30~39,office,seoul,0,0,0,0,10,0,0,53,0,0,completed
4903,U4903,2025-08-28 15:37:00,2025-08-28 15:39:00,F,30~39,office,seoul,0,0,0,0,11,0,0,32,0,0,completed
4904,U4904,2025-09-14 13:23:00,2025-09-14 13:29:00,F,20~29,office,seoul,1,0,0,0,19,0,0,63,0,0,abandoned
4905,U4905,2025-09-05 11:49:00,2025-09-05 11:54:00,M,40~49,office,seoul,0,0,0,0,24,0,0,29,0,0,completed
4906,U4906,2025-01-12 07:38:00,2025-01-12 07:41:00,F,30~39,office,seoul,1,0,0,0,17,0,0,21,0,0,completed
4907,U4907,2025-01-26 09:22:00,2025-01-26 09:28:00,F,50+,office,seoul,1,0,0,0,23,0,0,34,1,0,completed
4908,U4908,2025-12-02 13:52:00,2025-12-02 13:57:00,F,30~39,office,seoul,0,0,0,0,6,0,0,68,0,0,completed
4909,U4909,2025-09-27 16:41:00,2025-09-27 16:48:00,F,50+,office,seoul,1,0,0,0,2,0,0,23,0,1,completed
4910,U4910,2025-01-27 13:55:00,2025-01-27 13:58:00,F,30~39,office,seoul,0,0,0,0,29,0,0,21,0,0,completed
4911,U4911,2025-09-01 14:46:00,2025-09-01 14:51:00,F,20~29,office,seoul,0,0,0,0,22,0,0,77,0,0,completed
4912,U4912,2025-03-10 16:35:00,2025-03-10 16:41:00,F,30~39,office,seoul,0,0,0,0,29,0,0,32,0,0,completed
4913,U4913,2025-09-01 18:23:00,2025-09-01 18:28:00,M,40~49,office,seoul,0,0,0,0,12,0,0,54,0,0,abandoned
4914,U4914,2025-06-13 19:56:00,2025-06-13 20:03:00,M,40~49,office,seoul,0,0,0,0,12,0,0,62,0,0,completed
4915,U4915,2025-10-10 15:48:00,2025-10-10 15:50:00,F,30~39,office,seoul,0,0,0,0,14,0,0,20,0,0,timeout
4916,U4916,2025-01-22 09:30:00,2025-01-22 09:36:00,M,30~39,office,seoul,0,0,0,0,9,0,0,35,0,0,completed
4917,U4917,2025-04-25 20:37:00,2025-04-25 20:41:00,F,30~39,office,seoul,0,0,0,0,11,0,0,69,0,0,completed
4918,U4918,2025-04-07 13:27:00,2025-04-07 13:33:00,M,30~39,office,seoul,0,0,0,0,3,0,0,78,0,0,completed
4919,U4919,2025-03-19 17:17:00,2025-03-19 17:21:00,F,30~39,office,seoul,0,0,0,0,24,0,0,73,0,0,completed
4920,U4920,2025-06-04 07:21:00,2025-06-04 07:27:00,F,20~29,office,seoul,0,0,0,0,14,0,0,57,0,0,completed
4921,U4921,2025-12-07 12:13:00,2025-12-07 12:19:00,M,40~49,office,seoul,1,0,0,0,26,0,0,36,0,0,completed
4922,U4922,2025-06-30 14:20:00,2025-06-30 14:22:00,M,40~49,office,seoul,0,0,0,0,0,0,0,33,0,0,completed
4923,U4923,2025-11-29 17:31:00,2025-11-29 17:38:00,M,40~49,office,seoul,1,0,0,0,6,0,0,29,0,0,timeout
4924,U4924,2025-03-22 12:58:00,2025-03-22 13:01:00,F,40~49,office,seoul,1,0,0,0,21,0,0,35,0,0,completed
4925,U4925,2025-08-25 12:35:00,2025-08-25 12:41:00,F,20~29,office,seoul,0,0,0,0,27,0,0,65,0,0,completed
4926,U4926,2025-10-18 16:02:00,2025-10-18 16:07:00,F,30~39,office,seoul,1,0,0,0,15,0,0,78,0,0,completed
4927,U4927,2025-08-14 19:47:00,2025-08-14 19:53:00,F,30~39,office,seoul,0,0,0,0,17,0,0,34,0,0,completed
4928,U4928,2025-02-01 08:55:00,2025-02-01 09:01:00,F,20~29,office,seoul,1,0,0,0,13,0,0,69,0,0,completed
4929,U4929,2025-02-20 15:27:00,2025-02-20 15:32:00,F,30~39,office,seoul,0,0,0,0,25,0,0,73,0,0,completed
4930,U4930,2025-04-15 12:25:00,2025-04-15 12:31:00,M,40~49,office,seoul,0,0,0,0,20,0,0,61,0,0,abandoned
4931,U4931,2025-09-05 18:40:00,2025-09-05 18:47:00,F,20~29,office,seoul,0,0,0,0,22,0,0,32,0,0,completed
4932,U4932,2025-06-09 12:18:00,2025-06-09 12:21:00,M,40~49,office,seoul,0,0,0,0,4,0,0,40,0,0,completed
4933,U4933,2025-04-04 19:17:00,2025-04-04 19:24:00,M,20~29,office,seoul,0,0,0,0,25,0,0,50,0,0,completed
4934,U4934,2025-07-08 16:09:00,2025-07-08 16:16:00,M,30~39,office,seoul,0,0,0,0,1,0,0,13,0,0,completed
4935,U4935,2025-10-21 14:53:00,2025-10-21 14:56:00,F,20~29,office,seoul,0,0,0,0,1,0,0,61,0,0,completed
4936,U4936,2025-06-01 12:46:00,2025-06-01 12:53:00,F,50+,office,seoul,1,0,0,0,10,0,0,48,0,0,completed
4937,U4937,2025-10-21 12:39:00,2025-10-21 12:45:00,M,30~39,office,seoul,0,0,0,0,14,0,0,56,0,0,completed
4938,U4938,2025-10-08 16:18:00,2025-10-08 16:21:00,F,50+,office,seoul,0,0,0,0,5,0,0,68,0,0,completed
4939,U4939,2025-01-25 09:33:00,2025-01-25 09:35:00,F,20~29,office,seoul,1,0,0,0,20,0,0,61,0,0,abandoned
4940,U4940,2025-01-29 18:15:00,2025-01-29 18:20:00,F,30~39,office,seoul,0,0,0,0,8,0,0,44,0,0,completed
4941,U4941,2025-03-06 19:01:00,2025-03-06 19:05:00,M,20~29,office,seoul,0,0,0,0,0,0,0,47,0,0,completed
4942,U4942,2025-02-12 16:21:00,2025-02-12 16:25:00,F,20~29,office,seoul,0,0,0,0,21,0,0,10,0,0,completed
4943,U4943,2025-02-26 19:07:00,2025-02-26 19:12:00,M,40~49,office,seoul,0,0,0,0,25,0,0,11,0,0,completed
4944,U4944,2025-04-19 13:42:00,2025-04-19 13:45:00,F,20~29,office,seoul,1,0,0,0,25,0,0,60,0,1,completed
4945,U4945,2025-11-25 11:38:00,2025-11-25 11:44:00,M,20~29,office,seoul,0,0,0,0,14,0,0,73,0,0,completed
4946,U4946,2025-07-06 15:33:00,2025-07-06 15:39:00,M,20~29,office,seoul,1,0,0,0,4,0,0,32,0,0,completed
4947,U4947,2025-02-27 08:59:00,2025-02-27 09:01:00,F,50+,office,seoul,0,0,0,0,12,0,0,75,0,0,completed
4948,U4948,2025-12-24 13:47:00,2025-12-24 13:51:00,F,20~29,office,seoul,0,0,0,0,25,0,0,60,0,0,completed
4949,U4949,2025-09-14 16:01:00,2025-09-14 16:05:00,M,20~29,office,seoul,1,0,0,0,23,0,0,19,0,0,timeout
4950,U4950,2025-04-30 15:34:00,2025-04-30 15:39:00,F,40~49,office,seoul,0,0,0,0,7,0,0,29,0,0,completed
4951,U4951,2025-03-05 09:21:00,2025-03-05 09:25:00,F,20~29,office,seoul,0,0,0,0,7,0,0,33,0,0,abandoned
4952,U4952,2025-10-31 14:04:00,2025-10-31 14:08:00,F,50+,office,seoul,0,0,0,0,4,0,0,60,0,0,error
4953,U4953,2025-04-21 14:30:00,2025-04-21 14:32:00,F,20~29,office,seoul,0,0,0,0,17,0,0,53,0,0,completed
4954,U4954,2025-06-18 12:10:00,2025-06-18 12:16:00,F,20~29,office,seoul,0,0,0,0,5,0,0,25,0,0,abandoned
4955,U4955,2025-07-16 16:51:00,2025-07-16 16:56:00,F,20~29,office,seoul,0,0,0,0,24,0,0,60,0,0,completed
4956,U4956,2025-07-10 17:32:00,2025-07-10 17:36:00,M,20~29,office,seoul,0,0,0,0,18,0,0,36,0,0,completed
4957,U4957,2025-05-01 17:46:00,2025-05-01 17:53:00,M,50+,office,seoul,0,0,0,0,15,0,0,70,0,0,completed
4958,U4958,2025-09-23 09:13:00,2025-09-23 09:15:00,M,30~39,office,seoul,0,0,0,0,3,0,0,74,0,1,completed
4959,U4959,2025-06-30 09:58:00,2025-06-30 10:03:00,F,20~29,office,seoul,0,0,0,0,5,0,0,31,0,0,abandoned
4960,U4960,2025-12-24 09:44:00,2025-12-24 09:47:00,F,20~29,office,seoul,0,0,0,0,14,0,0,54,0,0,completed
4961,U4961,2025-03-13 13:51:00,2025-03-13 13:54:00,F,40~49,office,seoul,0,0,0,0,7,0,0,56,0,0,completed
4962,U4962,2025-10-14 18:31:00,2025-10-14 18:33:00,F,30~39,office,seoul,0,0,0,0,14,0,0,37,0,0,completed
4963,U4963,2025-07-26 13:15:00,2025-07-26 13:18:00,F,20~29,office,seoul,1,0,0,0,17,0,0,53,0,0,completed
4964,U4964,2025-03-24 17:40:00,2025-03-24 17:44:00,F,30~39,office,seoul,0,0,0,0,18,0,0,55,0,0,completed
4965,U4965,2025-08-20 08:58:00,2025-08-20 09:04:00,M,30~39,office,seoul,0,0,0,0,16,0,0,75,0,0,completed
4966,U4966,2025-08-29 15:00:00,2025-08-29 15:02:00,F,20~29,office,seoul,0,0,0,0,10,0,0,68,0,0,completed
4967,U4967,2025-06-30 09:56:00,2025-06-30 09:59:00,M,50+,office,seoul,0,0,0,0,26,0,0,42,0,0,completed
4968,U4968,2025-01-26 15:41:00,2025-01-26 15:47:00,F,40~49,office,seoul,1,0,0,0,27,0,0,77,0,0,completed
4969,U4969,2025-08-15 09:40:00,2025-08-15 09:44:00,M,30~39,office,seoul,0,0,0,0,19,0,0,69,0,0,abandoned
4970,U4970,2025-04-15 14:34:00,2025-04-15 14:41:00,F,30~39,office,seoul,0,0,0,0,16,0,0,68,0,0,completed
4971,U4971,2025-07-06 15:50:00,2025-07-06 15:56:00,F,30~39,office,seoul,1,0,0,0,1,0,0,35,0,0,timeout
4972,U4972,2025-09-05 19:42:00,2025-09-05 19:49:00,M,30~39,office,seoul,0,0,0,0,2,0,0,66,0,0,completed
4973,U4973,2025-12-08 19:52:00,2025-12-08 19:59:00,M,30~39,office,seoul,0,0,0,0,18,0,0,28,0,0,completed
4974,U4974,2025-04-03 16:09:00,2025-04-03 16:14:00,F,30~39,office,seoul,0,0,0,0,26,0,0,65,0,0,completed
4975,U4975,2025-09-15 09:51:00,2025-09-15 09:58:00,M,20~29,office,seoul,0,0,0,0,9,0,0,78,0,0,completed
4976,U4976,2025-01-07 15:55:00,2025-01-07 16:02:00,M,30~39,office,seoul,0,0,0,0,14,0,0,70,0,0,completed
4977,U4977,2025-01-16 14:19:00,2025-01-16 14:26:00,F,50+,office,seoul,0,0,0,0,16,0,0,36,1,0,completed
4978,U4978,2025-03-17 13:46:00,2025-03-17 13:51:00,M,20~29,office,seoul,0,0,0,0,12,0,0,71,0,0,completed
4979,U4979,2025-08-31 18:21:00,2025-08-31 18:26:00,M,20~29,office,seoul,1,0,0,0,26,0,0,56,0,0,completed
4980,U4980,2025-04-04 13:50:00,2025-04-04 13:57:00,F,50+,office,seoul,0,0,0,0,10,0,0,23,0,0,completed
4981,U4981,2025-12-29 07:10:00,2025-12-29 07:14:00,M,20~29,office,seoul,0,0,0,0,9,0,0,70,0,0,completed
4982,U4982,2025-09-30 15:04:00,2025-09-30 15:11:00,M,30~39,office,seoul,0,0,0,0,15,0,0,43,0,0,completed
4983,U4983,2025-03-12 16:24:00,2025-03-12 16:26:00,F,40~49,office,seoul,0,0,0,0,16,0,0,23,0,0,completed
4984,U4984,2025-12-04 19:22:00,2025-12-04 19:25:00,F,20~29,office,seoul,0,0,0,0,26,0,0,25,0,0,completed
4985,U4985,2025-11-18 20:56:00,2025-11-18 21:03:00,M,30~39,office,seoul,0,0,0,0,14,0,0,32,0,0,completed
4986,U4986,2025-08-31 11:23:00,2025-08-31 11:27:00,F,20~29,office,seoul,1,0,0,0,3,0,0,36,1,0,completed
4987,U4987,2025-02-14 13:04:00,2025-02-14 13:08:00,M,20~29,office,seoul,0,0,0,0,8,0,0,18,0,0,completed
4988,U4988,2025-12-20 15:46:00,2025-12-20 15:50:00,M,30~39,office,seoul,1,0,0,0,14,0,0,72,0,0,completed
4989,U4989,2025-06-08 09:25:00,2025-06-08 09:27:00,F,40~49,office,seoul,1,0,0,0,15,0,0,78,0,0,completed
4990,U4990,2025-11-03 09:06:00,2025-11-03 09:13:00,M,30~39,office,seoul,0,0,0,0,11,0,0,16,0,0,completed
4991,U4991,2025-02-11 09:24:00,2025-02-11 09:29:00,M,30~39,office,seoul,0,0,0,0,20,0,0,77,0,0,completed
4992,U4992,2025-01-08 09:45:00,2025-01-08 09:51:00,M,30~39,office,seoul,0,0,0,0,14,0,0,70,0,0,completed
4993,U4993,2025-07-12 15:05:00,2025-07-12 15:09:00,F,50+,office,seoul,1,0,0,0,18,0,0,50,0,1,completed
4994,U4994,2025-02-01 21:06:00,2025-02-01 21:11:00,F,40~49,office,seoul,1,0,0,0,21,0,0,13,0,0,completed
4995,U4995,2025-02-26 16:19:00,2025-02-26 16:21:00,F,30~39,office,seoul,0,0,0,0,0,0,0,31,0,0,error
4996,U4996,2025-05-03 16:43:00,2025-05-03 16:45:00,F,30~39,office,seoul,1,0,0,0,8,0,0,40,0,0,completed
4997,U4997,2025-09-08 19:06:00,2025-09-08 19:12:00,F,30~39,office,seoul,0,0,0,0,0,0,0,31,0,0,completed
4998,U4998,2025-01-19 17:08:00,2025-01-19 17:13:00,F,50+,office,seoul,1,0,0,0,20,0,0,20,0,0,completed
4999,U4999,2025-05-28 11:28:00,2025-05-28 11:35:00,M,40~49,office,seoul,0,0,0,0,12,0,0,53,0,0,completed
5000,U5000,2025-01-21 16:35:00,2025-01-21 16:41:00,F,20~29,office,seoul,0,0,0,0,24,0,0,40,0,0,completed
5001,U5001,2025-10-20 13:02:00,2025-10-20 13:04:00,F,20~29,office,seoul,0,0,0,0,17,0,0,69,0,0,completed
5002,U5002,2025-05-31 13:55:00,2025-05-31 13:58:00,M,40~49,office,seoul,1,0,0,0,29,0,0,73,0,0,error
5003,U5003,2025-06-15 15:15:00,2025-06-15 15:17:00,M,50+,office,seoul,1,0,0,0,4,0,0,36,0,0,completed
5004,U5004,2025-12-04 18:23:00,2025-12-04 18:28:00,M,50+,office,seoul,0,0,0,0,5,0,0,41,0,0,completed
5005,U5005,2025-09-28 22:51:00,2025-09-28 22:54:00,F,30~39,office,seoul,1,0,0,0,15,0,0,45,0,0,completed
5006,U5006,2025-02-04 16:51:00,2025-02-04 16:53:00,F,50+,office,seoul,0,0,0,0,19,0,0,59,0,0,completed
5007,U5007,2025-03-19 12:44:00,2025-03-19 12:46:00,F,30~39,office,seoul,0,0,0,0,18,0,0,11,0,0,abandoned
5008,U5008,2025-04-30 11:26:00,2025-04-30 11:31:00,F,40~49,office,seoul,0,0,0,0,17,0,0,52,0,0,completed
5009,U5009,2025-03-16 13:37:00,2025-03-16 13:41:00,F,50+,office,seoul,1,0,0,0,13,0,0,16,1,0,completed
5010,U5010,2025-01-11 14:36:00,2025-01-11 14:42:00,F,20~29,office,seoul,1,0,0,0,1,0,0,31,0,0,abandoned
5011,U5011,2025-09-08 12:56:00,2025-09-08 13:03:00,F,20~29,office,seoul,0,0,0,0,10,0,0,76,0,0,completed
5012,U5012,2025-12-14 15:16:00,2025-12-14 15:20:00,F,30~39,office,seoul,1,0,0,0,20,0,0,54,0,0,completed
5013,U5013,2025-03-31 12:55:00,2025-03-31 12:59:00,M,20~29,office,seoul,0,0,0,0,24,0,0,20,0,0,completed
5014,U5014,2025-01-17 14:16:00,2025-01-17 14:22:00,F,30~39,office,seoul,0,0,0,0,12,0,0,37,0,0,completed
5015,U5015,2025-12-29 16:04:00,2025-12-29 16:09:00,F,30~39,office,seoul,0,0,0,0,18,0,0,71,0,0,completed
5016,U5016,2025-08-30 16:29:00,2025-08-30 16:31:00,F,50+,office,seoul,1,0,0,0,23,0,0,42,0,0,completed
5017,U5017,2025-08-26 16:37:00,2025-08-26 16:43:00,F,20~29,office,seoul,0,0,0,0,7,0,0,17,0,0,abandoned
5018,U5018,2025-12-11 13:59:00,2025-12-11 14:06:00,M,20~29,office,seoul,0,0,0,0,9,0,0,38,0,0,error
5019,U5019,2025-08-07 16:01:00,2025-08-07 16:07:00,M,20~29,office,seoul,0,0,0,0,10,0,0,47,0,0,completed
5020,U5020,2025-12-24 11:43:00,2025-12-24 11:45:00,F,20~29,office,seoul,0,0,0,0,26,0,0,12,0,0,completed
5021,U5021,2025-02-27 09:23:00,2025-02-27 09:30:00,F,20~29,office,seoul,0,0,0,0,24,0,0,43,0,0,completed
5022,U5022,2025-08-13 07:05:00,2025-08-13 07:09:00,M,20~29,office,seoul,0,0,0,0,26,0,0,36,0,0,completed
5023,U5023,2025-03-12 12:28:00,2025-03-12 12:32:00,F,40~49,office,seoul,0,0,0,0,24,0,0,16,0,0,completed
5024,U5024,2025-05-30 11:09:00,2025-05-30 11:12:00,M,30~39,office,seoul,0,0,0,0,3,0,0,35,0,0,completed
5025,U5025,2025-12-10 12:56:00,2025-12-10 13:01:00,M,50+,office,seoul,0,0,0,0,6,0,0,64,1,1,completed
5026,U5026,2025-01-31 14:06:00,2025-01-31 14:12:00,F,50+,office,seoul,0,0,0,0,25,0,0,43,0,0,completed
5027,U5027,2025-08-13 16:11:00,2025-08-13 16:14:00,M,40~49,office,seoul,0,0,0,0,15,0,0,46,0,0,completed
5028,U5028,2025-07-28 19:57:00,2025-07-28 20:02:00,F,20~29,office,seoul,0,0,0,0,9,0,0,49,0,0,completed
5029,U5029,2025-03-13 13:17:00,2025-03-13 13:22:00,M,30~39,office,seoul,0,0,0,0,25,0,0,12,0,0,completed
5030,U5030,2025-09-13 22:39:00,2025-09-13 22:43:00,M,20~29,office,seoul,1,0,0,0,25,0,0,34,0,0,completed
5031,U5031,2025-08-16 20:25:00,2025-08-16 20:30:00,M,40~49,office,seoul,1,0,0,0,7,0,0,52,0,0,completed
5032,U5032,2025-09-27 16:23:00,2025-09-27 16:25:00,M,30~39,office,seoul,1,0,0,0,22,0,0,37,1,0,completed
5033,U5033,2025-03-04 12:03:00,2025-03-04 12:07:00,M,50+,office,seoul,0,0,0,0,0,0,0,37,0,0,completed
5034,U5034,2025-06-27 12:07:00,2025-06-27 12:13:00,M,30~39,office,seoul,0,0,0,0,15,0,0,65,0,0,completed
5035,U5035,2025-04-06 13:46:00,2025-04-06 13:52:00,F,50+,office,seoul,1,0,0,0,26,0,0,26,0,0,completed
5036,U5036,2025-03-14 19:09:00,2025-03-14 19:12:00,M,30~39,office,seoul,0,0,0,0,21,0,0,37,0,0,abandoned
5037,U5037,2025-04-13 19:54:00,2025-04-13 19:58:00,M,40~49,office,seoul,1,0,0,0,18,0,0,70,0,0,completed
5038,U5038,2025-08-29 16:23:00,2025-08-29 16:28:00,F,30~39,office,seoul,0,0,0,0,18,0,0,26,0,0,completed
5039,U5039,2025-11-06 12:27:00,2025-11-06 12:29:00,M,50+,office,seoul,0,0,0,0,25,0,0,21,0,0,completed
5040,U5040,2025-10-09 16:15:00,2025-10-09 16:17:00,M,50+,office,seoul,0,0,0,0,24,0,0,52,0,0,completed
5041,U5041,2025-02-13 07:22:00,2025-02-13 07:29:00,M,30~39,office,seoul,0,0,0,0,24,0,0,79,0,0,completed
5042,U5042,2025-02-13 18:29:00,2025-02-13 18:31:00,M,30~39,office,seoul,0,0,0,0,24,0,0,68,0,0,completed
5043,U5043,2025-11-29 12:46:00,2025-11-29 12:53:00,M,30~39,office,seoul,1,0,0,0,23,0,0,65,0,0,completed
5044,U5044,2025-04-23 17:35:00,2025-04-23 17:39:00,F,50+,office,seoul,0,0,0,0,19,0,0,44,0,0,completed
5045,U5045,2025-05-10 18:57:00,2025-05-10 19:00:00,F,40~49,office,seoul,1,0,0,0,9,0,0,50,0,0,completed
5046,U5046,2025-06-07 17:15:00,2025-06-07 17:19:00,F,50+,office,seoul,1,0,0,0,19,0,0,17,0,0,completed
5047,U5047,2025-05-07 09:34:00,2025-05-07 09:36:00,F,40~49,office,seoul,0,0,0,0,28,0,0,74,0,0,completed
5048,U5048,2025-04-22 12:34:00,2025-04-22 12:41:00,M,20~29,office,seoul,0,0,0,0,15,0,0,66,0,0,completed
5049,U5049,2025-08-02 11:15:00,2025-08-02 11:22:00,M,30~39,office,seoul,1,0,0,0,1,0,0,45,0,0,completed
5050,U5050,2025-01-16 11:12:00,2025-01-16 11:14:00,F,20~29,office,seoul,0,0,0,0,4,0,0,34,0,0,abandoned
5051,U5051,2025-03-26 09:44:00,2025-03-26 09:51:00,M,50+,office,seoul,0,0,0,0,25,0,0,14,0,0,completed
5052,U5052,2025-12-06 15:10:00,2025-12-06 15:13:00,M,20~29,office,seoul,1,0,0,0,1,0,0,62,0,0,completed
5053,U5053,2025-07-07 13:53:00,2025-07-07 13:58:00,F,20~29,office,seoul,0,0,0,0,29,0,0,31,0,0,completed
5054,U5054,2025-06-09 09:28:00,2025-06-09 09:35:00,F,30~39,office,seoul,0,0,0,0,12,0,0,68,0,0,completed
5055,U5055,2025-04-02 16:02:00,2025-04-02 16:08:00,F,30~39,office,seoul,0,0,0,0,18,0,0,37,0,0,completed
5056,U5056,2025-09-10 15:27:00,2025-09-10 15:33:00,F,30~39,office,seoul,0,0,0,0,18,0,0,41,0,0,completed
5057,U5057,2025-04-07 16:29:00,2025-04-07 16:36:00,M,30~39,office,seoul,0,0,0,0,16,0,0,47,0,0,completed
5058,U5058,2025-11-10 14:28:00,2025-11-10 14:30:00,F,20~29,office,seoul,0,0,0,0,20,0,0,37,0,0,completed
5059,U5059,2025-11-10 22:03:00,2025-11-10 22:05:00,F,30~39,office,seoul,0,0,0,0,29,0,0,64,0,0,completed
5060,U5060,2025-02-27 12:57:00,2025-02-27 12:59:00,F,20~29,office,seoul,0,0,0,0,4,0,0,69,0,0,completed
5061,U5061,2025-09-18 19:02:00,2025-09-18 19:09:00,M,30~39,office,seoul,0,0,0,0,13,0,0,41,0,0,completed
5062,U5062,2025-01-02 12:08:00,2025-01-02 12:10:00,M,40~49,office,seoul,0,0,0,0,26,0,0,65,0,0,completed
5063,U5063,2025-05-22 22:52:00,2025-05-22 22:56:00,M,30~39,office,seoul,0,0,0,0,28,0,0,74,0,0,completed
5064,U5064,2025-10-27 18:37:00,2025-10-27 18:40:00,M,50+,office,seoul,0,0,0,0,24,0,0,70,0,0,completed
5065,U5065,2025-07-02 16:33:00,2025-07-02 16:38:00,F,20~29,office,seoul,0,0,0,0,16,0,0,75,0,0,completed
5066,U5066,2025-03-07 17:24:00,2025-03-07 17:27:00,F,20~29,office,seoul,0,0,0,0,19,0,0,53,0,0,abandoned
5067,U5067,2025-05-21 11:56:00,2025-05-21 12:03:00,F,20~29,office,seoul,0,0,0,0,26,0,0,21,0,0,completed
5068,U5068,2025-08-01 15:56:00,2025-08-01 16:00:00,F,20~29,office,seoul,0,0,0,0,23,0,0,44,0,0,completed
5069,U5069,2025-11-22 12:27:00,2025-11-22 12:30:00,F,40~49,office,seoul,1,0,0,0,12,0,0,28,1,0,completed
5070,U5070,2025-07-04 08:20:00,2025-07-04 08:22:00,M,30~39,office,seoul,0,0,0,0,16,0,0,60,0,0,completed
5071,U5071,2025-03-01 08:01:00,2025-03-01 08:06:00,F,30~39,office,seoul,1,0,0,0,11,0,0,35,0,0,completed
5072,U5072,2025-12-24 16:26:00,2025-12-24 16:31:00,F,30~39,office,seoul,0,0,0,0,28,0,0,52,0,0,completed
5073,U5073,2025-02-27 15:36:00,2025-02-27 15:42:00,F,20~29,office,seoul,0,0,0,0,21,0,0,46,0,0,completed
5074,U5074,2025-05-26 12:27:00,2025-05-26 12:29:00,M,50+,office,seoul,0,0,0,0,2,0,0,72,0,0,completed
5075,U5075,2025-06-03 12:03:00,2025-06-03 12:08:00,F,30~39,office,seoul,0,0,0,0,15,0,0,22,0,0,completed
5076,U5076,2025-10-10 17:50:00,2025-10-10 17:57:00,M,30~39,office,seoul,0,0,0,0,21,0,0,14,0,0,completed
5077,U5077,2025-10-06 12:02:00,2025-10-06 12:06:00,M,20~29,office,seoul,0,0,0,0,23,0,0,70,0,0,completed
5078,U5078,2025-03-30 08:53:00,2025-03-30 08:56:00,F,20~29,office,seoul,1,0,0,0,8,0,0,36,0,0,completed
5079,U5079,2025-03-10 09:06:00,2025-03-10 09:13:00,F,40~49,office,seoul,0,0,0,0,5,0,0,78,0,0,completed
5080,U5080,2025-05-30 13:45:00,2025-05-30 13:48:00,F,20~29,office,seoul,0,0,0,0,10,0,0,35,0,0,abandoned
5081,U5081,2025-03-26 09:04:00,2025-03-26 09:06:00,M,20~29,office,seoul,0,0,0,0,1,0,0,26,0,0,abandoned
5082,U5082,2025-10-19 15:54:00,2025-10-19 15:57:00,M,30~39,office,seoul,1,0,0,0,22,0,0,38,0,0,completed
5083,U5083,2025-04-14 17:54:00,2025-04-14 17:57:00,F,40~49,office,seoul,0,0,0,0,22,0,0,29,0,0,timeout
5084,U5084,2025-07-12 11:05:00,2025-07-12 11:08:00,F,20~29,office,seoul,1,0,0,0,7,0,0,73,0,0,completed
5085,U5085,2025-01-25 08:53:00,2025-01-25 08:57:00,F,30~39,office,seoul,1,0,0,0,6,0,0,63,0,0,completed
5086,U5086,2025-07-30 09:08:00,2025-07-30 09:13:00,F,20~29,office,seoul,0,0,0,0,27,0,0,75,0,0,completed
5087,U5087,2025-08-02 16:41:00,2025-08-02 16:46:00,F,40~49,office,seoul,1,0,0,0,20,0,0,13,0,0,completed
5088,U5088,2025-09-03 14:30:00,2025-09-03 14:35:00,M,20~29,office,seoul,0,0,0,0,3,0,0,73,0,0,completed
5089,U5089,2025-09-13 16:52:00,2025-09-13 16:54:00,F,50+,office,seoul,1,0,0,0,24,0,0,72,0,0,completed
5090,U5090,2025-02-09 07:44:00,2025-02-09 07:51:00,F,40~49,office,seoul,1,0,0,0,23,0,0,67,0,1,completed
5091,U5091,2025-04-03 12:32:00,2025-04-03 12:36:00,M,20~29,office,seoul,0,0,0,0,7,0,0,14,0,0,completed
5092,U5092,2025-05-31 12:40:00,2025-05-31 12:47:00,M,40~49,office,seoul,1,0,0,0,14,0,0,70,0,0,error
5093,U5093,2025-05-29 16:29:00,2025-05-29 16:35:00,M,30~39,office,seoul,0,0,0,0,4,0,0,69,0,0,completed
5094,U5094,2025-05-06 20:37:00,2025-05-06 20:44:00,M,30~39,office,seoul,0,0,0,0,26,0,0,50,0,0,completed
5095,U5095,2025-10-25 15:27:00,2025-10-25 15:29:00,F,20~29,office,seoul,1,0,0,0,15,0,0,33,0,0,abandoned
5096,U5096,2025-10-17 15:01:00,2025-10-17 15:05:00,F,20~29,office,seoul,0,0,0,0,19,0,0,17,0,0,completed
5097,U5097,2025-02-24 13:55:00,2025-02-24 14:00:00,F,50+,office,seoul,0,0,0,0,17,0,0,59,0,0,completed
5098,U5098,2025-10-04 15:55:00,2025-10-04 15:59:00,F,20~29,office,seoul,1,0,0,0,28,0,0,72,0,0,completed
5099,U5099,2025-08-23 19:52:00,2025-08-23 19:59:00,M,20~29,office,seoul,1,0,0,0,14,0,0,21,0,0,completed
5100,U5100,2025-03-09 07:15:00,2025-03-09 07:19:00,M,50+,office,seoul,1,0,0,0,1,0,0,75,0,0,completed
5101,U5101,2025-09-10 08:54:00,2025-09-10 08:58:00,F,20~29,office,seoul,0,0,0,0,21,0,0,31,0,0,timeout
5102,U5102,2025-05-22 16:06:00,2025-05-22 16:08:00,F,30~39,office,seoul,0,0,0,0,20,0,0,41,0,0,completed
5103,U5103,2025-12-02 09:13:00,2025-12-02 09:19:00,F,20~29,office,seoul,0,0,0,0,26,0,0,43,0,0,completed
5104,U5104,2025-08-23 22:19:00,2025-08-23 22:26:00,M,30~39,office,seoul,1,0,0,0,8,0,0,53,1,0,completed
5105,U5105,2025-05-26 14:09:00,2025-05-26 14:11:00,F,20~29,office,seoul,0,0,0,0,19,0,0,31,0,0,completed
5106,U5106,2025-11-22 09:05:00,2025-11-22 09:10:00,M,50+,office,seoul,1,0,0,0,16,0,0,66,0,0,completed
5107,U5107,2025-04-09 14:48:00,2025-04-09 14:50:00,F,50+,office,seoul,0,0,0,0,14,0,0,52,0,0,completed
5108,U5108,2025-04-25 15:29:00,2025-04-25 15:33:00,F,40~49,office,seoul,0,0,0,0,14,0,0,39,0,0,abandoned
5109,U5109,2025-05-01 14:48:00,2025-05-01 14:50:00,F,30~39,office,seoul,0,0,0,0,24,0,0,23,0,0,completed
5110,U5110,2025-01-07 20:55:00,2025-01-07 20:58:00,F,40~49,office,seoul,0,0,0,0,8,0,0,23,0,1,completed
5111,U5111,2025-07-24 12:36:00,2025-07-24 12:43:00,F,30~39,office,seoul,0,0,0,0,13,0,0,75,0,0,completed
5112,U5112,2025-04-12 14:11:00,2025-04-12 14:14:00,F,20~29,office,seoul,1,0,0,0,2,0,0,17,0,0,completed
5113,U5113,2025-08-29 11:22:00,2025-08-29 11:24:00,F,40~49,office,seoul,0,0,0,0,24,0,0,33,0,0,completed
5114,U5114,2025-01-25 08:29:00,2025-01-25 08:35:00,F,30~39,office,seoul,1,0,0,0,12,0,0,63,0,0,completed
5115,U5115,2025-07-27 16:20:00,2025-07-27 16:25:00,F,20~29,office,seoul,1,0,0,0,4,0,0,46,0,0,completed
5116,U5116,2025-05-03 18:45:00,2025-05-03 18:48:00,F,50+,office,seoul,1,0,0,0,18,0,0,27,0,1,completed
5117,U5117,2025-04-26 09:47:00,2025-04-26 09:52:00,F,40~49,office,seoul,1,0,0,0,19,0,0,15,0,0,completed
5118,U5118,2025-02-12 14:02:00,2025-02-12 14:07:00,F,40~49,office,seoul,0,0,0,0,21,0,0,27,0,1,completed
5119,U5119,2025-12-19 13:07:00,2025-12-19 13:13:00,F,30~39,office,seoul,0,0,0,0,1,0,0,29,0,0,completed
5120,U5120,2025-03-24 20:24:00,2025-03-24 20:28:00,M,20~29,office,seoul,0,0,0,0,20,0,0,20,0,0,completed
5121,U5121,2025-12-09 19:34:00,2025-12-09 19:36:00,F,20~29,office,seoul,0,0,0,0,16,0,0,41,0,0,completed
5122,U5122,2025-06-22 11:07:00,2025-06-22 11:09:00,F,30~39,office,seoul,1,0,0,0,16,0,0,36,0,0,abandoned
5123,U5123,2025-01-05 13:23:00,2025-01-05 13:29:00,F,40~49,office,seoul,1,0,0,0,0,0,0,78,0,0,completed
5124,U5124,2025-08-03 18:41:00,2025-08-03 18:46:00,M,20~29,office,seoul,1,0,0,0,15,0,0,20,0,0,completed
5125,U5125,2025-03-28 13:33:00,2025-03-28 13:39:00,F,50+,office,seoul,0,0,0,0,15,0,0,28,1,0,completed
5126,U5126,2025-11-09 17:12:00,2025-11-09 17:17:00,M,40~49,office,seoul,1,0,0,0,10,0,0,58,0,0,completed
5127,U5127,2025-04-03 09:21:00,2025-04-03 09:25:00,F,50+,office,seoul,0,0,0,0,29,0,0,68,0,0,completed
5128,U5128,2025-07-22 08:57:00,2025-07-22 09:02:00,F,30~39,office,seoul,0,0,0,0,7,0,0,12,0,0,completed
5129,U5129,2025-12-20 19:51:00,2025-12-20 19:54:00,F,30~39,office,seoul,1,0,0,0,29,0,0,74,0,0,abandoned
5130,U5130,2025-01-08 13:47:00,2025-01-08 13:50:00,F,20~29,office,seoul,0,0,0,0,11,0,0,55,0,0,completed
5131,U5131,2025-05-18 12:06:00,2025-05-18 12:09:00,F,50+,office,seoul,1,0,0,0,22,0,0,17,0,0,completed
5132,U5132,2025-11-18 15:35:00,2025-11-18 15:37:00,F,40~49,office,seoul,0,0,0,0,5,0,0,42,0,0,completed
5133,U5133,2025-04-11 13:52:00,2025-04-11 13:58:00,M,20~29,office,seoul,0,0,0,0,16,0,0,48,0,0,completed
5134,U5134,2025-03-28 18:58:00,2025-03-28 19:01:00,F,40~49,office,seoul,0,0,0,0,12,0,0,64,0,0,completed
5135,U5135,2025-02-25 15:31:00,2025-02-25 15:38:00,M,50+,office,seoul,0,0,0,0,3,0,0,69,0,0,completed
5136,U5136,2025-08-11 16:16:00,2025-08-11 16:22:00,M,30~39,office,seoul,0,0,0,0,24,0,0,22,0,0,completed
5137,U5137,2025-10-25 11:30:00,2025-10-25 11:34:00,M,20~29,office,seoul,1,0,0,0,5,0,0,49,0,0,completed
5138,U5138,2025-12-10 18:13:00,2025-12-10 18:16:00,M,50+,office,seoul,0,0,0,0,19,0,0,27,0,0,completed
5139,U5139,2025-03-02 21:26:00,2025-03-02 21:30:00,F,20~29,office,seoul,1,0,0,0,22,0,0,54,0,0,completed
5140,U5140,2025-06-30 08:03:00,2025-06-30 08:06:00,F,20~29,office,seoul,0,0,0,0,12,0,0,74,0,0,completed
5141,U5141,2025-09-22 12:57:00,2025-09-22 13:04:00,M,40~49,office,seoul,0,0,0,0,20,0,0,22,0,0,completed
5142,U5142,2025-02-16 21:27:00,2025-02-16 21:34:00,M,50+,office,seoul,1,0,0,0,24,0,0,44,0,0,completed
5143,U5143,2025-04-20 09:48:00,2025-04-20 09:55:00,F,20~29,office,seoul,1,0,0,0,10,0,0,62,0,0,abandoned
5144,U5144,2025-09-05 21:40:00,2025-09-05 21:42:00,F,40~49,office,seoul,0,0,0,0,5,0,0,11,0,0,completed
5145,U5145,2025-11-08 14:37:00,2025-11-08 14:44:00,M,30~39,office,seoul,1,0,0,0,4,0,0,76,0,0,completed
5146,U5146,2025-02-22 15:34:00,2025-02-22 15:36:00,M,30~39,office,seoul,1,0,0,0,24,0,0,34,0,0,completed
5147,U5147,2025-12-14 15:25:00,2025-12-14 15:30:00,F,30~39,office,seoul,1,0,0,0,19,0,0,72,0,0,completed
5148,U5148,2025-11-04 16:00:00,2025-11-04 16:03:00,M,20~29,office,seoul,0,0,0,0,20,0,0,63,0,0,completed
5149,U5149,2025-07-17 14:27:00,2025-07-17 14:32:00,M,20~29,office,seoul,0,0,0,0,8,0,0,32,0,0,completed
5150,U5150,2025-10-18 07:20:00,2025-10-18 07:26:00,M,20~29,office,seoul,1,0,0,0,9,0,0,53,0,0,completed
5151,U5151,2025-12-18 19:08:00,2025-12-18 19:13:00,F,50+,office,seoul,0,0,0,0,15,0,0,33,0,0,completed
5152,U5152,2025-02-18 19:14:00,2025-02-18 19:20:00,F,50+,office,seoul,0,0,0,0,25,0,0,45,0,0,completed
5153,U5153,2025-07-11 07:57:00,2025-07-11 08:04:00,F,40~49,office,seoul,0,0,0,0,20,0,0,46,0,0,completed
5154,U5154,2025-10-18 08:45:00,2025-10-18 08:48:00,F,40~49,office,seoul,1,0,0,0,6,0,0,20,0,0,abandoned
5155,U5155,2025-06-20 12:47:00,2025-06-20 12:49:00,F,30~39,office,seoul,0,0,0,0,13,0,0,27,0,0,abandoned
5156,U5156,2025-03-18 12:29:00,2025-03-18 12:31:00,M,20~29,office,seoul,0,0,0,0,7,0,0,11,0,0,completed
5157,U5157,2025-05-27 12:38:00,2025-05-27 12:41:00,M,50+,office,seoul,0,0,0,0,6,0,0,46,0,0,completed
5158,U5158,2025-05-28 16:08:00,2025-05-28 16:15:00,M,30~39,office,seoul,0,0,0,0,1,0,0,51,0,0,completed
5159,U5159,2025-06-01 17:17:00,2025-06-01 17:19:00,F,40~49,office,seoul,1,0,0,0,18,0,0,66,0,0,abandoned
5160,U5160,2025-05-30 11:29:00,2025-05-30 11:32:00,F,40~49,office,seoul,0,0,0,0,2,0,0,38,0,0,completed
5161,U5161,2025-09-23 15:34:00,2025-09-23 15:40:00,M,50+,office,seoul,0,0,0,0,8,0,0,64,1,0,completed
5162,U5162,2025-09-16 16:35:00,2025-09-16 16:38:00,F,30~39,office,seoul,0,0,0,0,8,0,0,73,0,0,completed
5163,U5163,2025-09-25 13:09:00,2025-09-25 13:15:00,F,40~49,office,seoul,0,0,0,0,17,0,0,40,0,0,completed
5164,U5164,2025-12-30 14:07:00,2025-12-30 14:13:00,M,40~49,office,seoul,0,0,0,0,29,0,0,28,0,0,completed
5165,U5165,2025-04-11 17:43:00,2025-04-11 17:46:00,M,30~39,office,seoul,0,0,0,0,23,0,0,49,0,0,completed
5166,U5166,2025-06-02 16:54:00,2025-06-02 16:59:00,M,40~49,office,seoul,0,0,0,0,24,0,0,17,0,0,completed
5167,U5167,2025-09-10 08:56:00,2025-09-10 09:01:00,F,30~39,office,seoul,0,0,0,0,4,0,0,23,0,0,completed
5168,U5168,2025-01-28 11:35:00,2025-01-28 11:38:00,F,50+,office,seoul,0,0,0,0,8,0,0,48,0,0,completed
5169,U5169,2025-11-27 15:03:00,2025-11-27 15:10:00,F,20~29,office,seoul,0,0,0,0,22,0,0,59,0,0,completed
5170,U5170,2025-11-18 16:12:00,2025-11-18 16:19:00,F,30~39,office,seoul,0,0,0,0,19,0,0,17,0,0,completed
5171,U5171,2025-12-21 08:45:00,2025-12-21 08:48:00,F,50+,office,seoul,1,0,0,0,13,0,0,17,0,0,completed
5172,U5172,2025-01-09 19:43:00,2025-01-09 19:45:00,F,50+,office,seoul,0,0,0,0,3,0,0,62,0,0,completed
5173,U5173,2025-08-09 15:06:00,2025-08-09 15:13:00,F,20~29,office,seoul,1,0,0,0,10,0,0,68,0,0,completed
5174,U5174,2025-07-18 09:16:00,2025-07-18 09:19:00,F,20~29,office,seoul,0,0,0,0,4,0,0,67,0,0,completed
5175,U5175,2025-06-29 11:40:00,2025-06-29 11:46:00,F,50+,office,seoul,1,0,0,0,5,0,0,75,0,0,completed
5176,U5176,2025-09-05 12:01:00,2025-09-05 12:05:00,M,20~29,office,seoul,0,0,0,0,13,0,0,64,0,0,completed
5177,U5177,2025-07-30 11:28:00,2025-07-30 11:32:00,F,20~29,office,seoul,0,0,0,0,29,0,0,73,0,0,completed
5178,U5178,2025-01-21 20:08:00,2025-01-21 20:10:00,F,30~39,office,seoul,0,0,0,0,0,0,0,65,0,0,completed
5179,U5179,2025-07-29 17:33:00,2025-07-29 17:39:00,M,20~29,office,seoul,0,0,0,0,5,0,0,51,0,0,abandoned
5180,U5180,2025-05-08 17:17:00,2025-05-08 17:22:00,F,20~29,office,seoul,0,0,0,0,22,0,0,67,0,0,timeout
5181,U5181,2025-10-17 08:18:00,2025-10-17 08:22:00,F,30~39,office,seoul,0,0,0,0,2,0,0,22,0,0,error
5182,U5182,2025-01-05 08:18:00,2025-01-05 08:23:00,M,40~49,office,seoul,1,0,0,0,22,0,0,19,0,0,completed
5183,U5183,2025-01-24 17:17:00,2025-01-24 17:22:00,M,40~49,office,seoul,0,0,0,0,16,0,0,66,0,0,completed
5184,U5184,2025-04-03 08:14:00,2025-04-03 08:19:00,F,50+,office,seoul,0,0,0,0,6,0,0,21,0,0,completed
5185,U5185,2025-08-22 13:41:00,2025-08-22 13:45:00,F,30~39,office,seoul,0,0,0,0,29,0,0,52,0,0,completed
5186,U5186,2025-10-19 22:48:00,2025-10-19 22:51:00,M,20~29,office,seoul,1,0,0,0,13,0,0,12,0,0,completed
5187,U5187,2025-02-01 17:13:00,2025-02-01 17:20:00,F,20~29,office,seoul,1,0,0,0,16,0,0,15,0,0,completed
5188,U5188,2025-12-27 14:17:00,2025-12-27 14:20:00,F,50+,office,seoul,1,0,0,0,16,0,0,62,0,0,completed
5189,U5189,2025-12-29 09:23:00,2025-12-29 09:28:00,M,30~39,office,seoul,0,0,0,0,10,0,0,35,0,0,completed
5190,U5190,2025-02-01 20:12:00,2025-02-01 20:19:00,F,20~29,office,seoul,1,0,0,0,27,0,0,45,0,0,completed
5191,U5191,2025-09-01 15:53:00,2025-09-01 15:58:00,M,40~49,office,seoul,0,0,0,0,29,0,0,44,0,0,completed
5192,U5192,2025-06-05 16:10:00,2025-06-05 16:13:00,F,40~49,office,seoul,0,0,0,0,1,0,0,31,0,0,completed
5193,U5193,2025-11-02 19:27:00,2025-11-02 19:29:00,M,30~39,office,seoul,1,0,0,0,14,0,0,52,0,0,completed
5194,U5194,2025-04-03 13:40:00,2025-04-03 13:44:00,M,20~29,office,seoul,0,0,0,0,26,0,0,72,0,0,completed
5195,U5195,2025-08-12 18:26:00,2025-08-12 18:30:00,M,20~29,office,seoul,0,0,0,0,0,0,0,49,0,0,completed
5196,U5196,2025-05-25 16:22:00,2025-05-25 16:27:00,M,30~39,office,seoul,1,0,0,0,27,0,0,51,0,0,completed
5197,U5197,2025-06-01 19:15:00,2025-06-01 19:18:00,F,30~39,office,seoul,1,0,0,0,5,0,0,35,0,0,completed
5198,U5198,2025-03-16 16:25:00,2025-03-16 16:28:00,M,30~39,office,seoul,1,0,0,0,27,0,0,50,0,0,completed
5199,U5199,2025-09-05 15:38:00,2025-09-05 15:45:00,M,30~39,office,seoul,0,0,0,0,22,0,0,17,0,0,completed
5200,U5200,2025-02-23 13:21:00,2025-02-23 13:25:00,M,30~39,office,seoul,1,0,0,0,4,0,0,38,0,0,completed
5201,U5201,2025-02-20 15:30:00,2025-02-20 15:35:00,F,40~49,office,seoul,0,0,0,0,7,0,0,67,0,0,completed
5202,U5202,2025-09-12 14:36:00,2025-09-12 14:43:00,F,40~49,office,seoul,0,0,0,0,15,0,0,15,0,0,abandoned
5203,U5203,2025-12-11 12:57:00,2025-12-11 13:04:00,M,30~39,office,seoul,0,0,0,0,25,0,0,72,0,0,completed
5204,U5204,2025-03-03 09:11:00,2025-03-03 09:18:00,F,50+,office,seoul,0,0,0,0,23,0,0,29,0,0,completed
5205,U5205,2025-03-10 14:58:00,2025-03-10 15:01:00,F,20~29,office,seoul,0,0,0,0,12,0,0,32,0,0,completed
5206,U5206,2025-04-19 09:55:00,2025-04-19 10:00:00,F,30~39,office,seoul,1,0,0,0,25,0,0,30,0,0,timeout
5207,U5207,2025-12-02 19:36:00,2025-12-02 19:43:00,M,40~49,office,seoul,0,0,0,0,7,0,0,72,0,0,completed
5208,U5208,2025-05-30 09:07:00,2025-05-30 09:13:00,F,40~49,office,seoul,0,0,0,0,24,0,0,77,0,0,completed
5209,U5209,2025-06-07 14:28:00,2025-06-07 14:30:00,F,20~29,office,seoul,1,0,0,0,12,0,0,42,0,0,completed
5210,U5210,2025-05-24 09:13:00,2025-05-24 09:15:00,M,40~49,office,seoul,1,0,0,0,16,0,0,63,0,0,completed
5211,U5211,2025-12-06 14:15:00,2025-12-06 14:20:00,F,50+,office,seoul,1,0,0,0,23,0,0,46,1,1,completed
5212,U5212,2025-11-13 09:53:00,2025-11-13 09:59:00,M,30~39,office,seoul,0,0,0,0,12,0,0,51,0,0,completed
5213,U5213,2025-05-28 11:00:00,2025-05-28 11:06:00,F,30~39,office,seoul,0,0,0,0,3,0,0,70,0,0,abandoned
5214,U5214,2025-10-22 14:24:00,2025-10-22 14:31:00,F,50+,office,seoul,0,0,0,0,23,0,0,77,0,0,completed
5215,U5215,2025-11-07 12:57:00,2025-11-07 12:59:00,F,30~39,office,seoul,0,0,0,0,14,0,0,25,0,0,completed
5216,U5216,2025-01-26 08:04:00,2025-01-26 08:08:00,F,40~49,office,seoul,1,0,0,0,1,0,0,71,0,0,completed
5217,U5217,2025-04-28 16:20:00,2025-04-28 16:26:00,F,40~49,office,seoul,0,0,0,0,3,0,0,37,1,0,completed
5218,U5218,2025-09-15 12:06:00,2025-09-15 12:13:00,M,40~49,office,seoul,0,0,0,0,16,0,0,17,0,0,completed
5219,U5219,2025-05-30 17:38:00,2025-05-30 17:42:00,F,20~29,office,seoul,0,0,0,0,19,0,0,47,0,1,completed
5220,U5220,2025-09-28 13:13:00,2025-09-28 13:16:00,M,40~49,office,seoul,1,0,0,0,18,0,0,54,0,0,completed
5221,U5221,2025-07-07 15:07:00,2025-07-07 15:09:00,F,20~29,office,seoul,0,0,0,0,23,0,0,57,0,0,abandoned
5222,U5222,2025-12-12 16:17:00,2025-12-12 16:21:00,F,40~49,office,seoul,0,0,0,0,8,0,0,40,0,0,completed
5223,U5223,2025-02-11 21:03:00,2025-02-11 21:06:00,F,30~39,office,seoul,0,0,0,0,17,0,0,34,0,0,completed
5224,U5224,2025-09-11 15:01:00,2025-09-11 15:03:00,F,40~49,office,seoul,0,0,0,0,22,0,0,41,0,0,completed
5225,U5225,2025-04-05 17:26:00,2025-04-05 17:32:00,F,30~39,office,seoul,1,0,0,0,13,0,0,64,1,0,completed
5226,U5226,2025-03-29 15:30:00,2025-03-29 15:32:00,M,20~29,office,seoul,1,0,0,0,28,0,0,16,0,0,completed
5227,U5227,2025-12-11 07:05:00,2025-12-11 07:08:00,F,40~49,office,seoul,0,0,0,0,12,0,0,64,0,0,completed
5228,U5228,2025-04-05 16:50:00,2025-04-05 16:54:00,F,20~29,office,seoul,1,0,0,0,21,0,0,45,0,0,completed
5229,U5229,2025-02-01 18:01:00,2025-02-01 18:07:00,M,40~49,office,seoul,1,0,0,0,18,0,0,29,0,0,completed
5230,U5230,2025-02-10 16:36:00,2025-02-10 16:43:00,M,30~39,office,seoul,0,0,0,0,14,0,0,26,0,0,completed
5231,U5231,2025-08-28 09:15:00,2025-08-28 09:22:00,F,20~29,office,seoul,0,0,0,0,12,0,0,28,0,0,completed
5232,U5232,2025-04-04 14:20:00,2025-04-04 14:24:00,M,50+,office,seoul,0,0,0,0,23,0,0,28,0,0,completed
5233,U5233,2025-10-04 07:23:00,2025-10-04 07:30:00,F,30~39,office,seoul,1,0,0,0,13,0,0,62,0,0,error
5234,U5234,2025-08-09 12:13:00,2025-08-09 12:16:00,M,30~39,office,seoul,1,0,0,0,16,0,0,14,0,0,completed
5235,U5235,2025-10-24 07:32:00,2025-10-24 07:39:00,F,30~39,office,seoul,0,0,0,0,24,0,0,33,0,0,completed
5236,U5236,2025-07-13 09:29:00,2025-07-13 09:34:00,M,30~39,office,seoul,1,0,0,0,17,0,0,31,0,0,completed
5237,U5237,2025-03-20 12:31:00,2025-03-20 12:35:00,F,50+,office,seoul,0,0,0,0,3,0,0,42,1,0,completed
5238,U5238,2025-05-23 08:53:00,2025-05-23 08:59:00,F,50+,office,seoul,0,0,0,0,29,0,0,30,0,0,abandoned
5239,U5239,2025-01-25 09:56:00,2025-01-25 10:01:00,F,20~29,office,seoul,1,0,0,0,4,0,0,38,0,0,completed
5240,U5240,2025-09-03 16:35:00,2025-09-03 16:41:00,F,20~29,office,seoul,0,0,0,0,6,0,0,78,0,0,completed
5241,U5241,2025-12-10 21:17:00,2025-12-10 21:20:00,F,30~39,office,seoul,0,0,0,0,27,0,0,75,0,0,completed
5242,U5242,2025-05-21 14:36:00,2025-05-21 14:39:00,M,50+,office,seoul,0,0,0,0,19,0,0,78,0,1,completed
5243,U5243,2025-11-18 08:24:00,2025-11-18 08:28:00,M,20~29,office,seoul,0,0,0,0,9,0,0,12,0,0,completed
5244,U5244,2025-12-24 17:41:00,2025-12-24 17:48:00,F,20~29,office,seoul,0,0,0,0,25,0,0,45,0,0,completed
5245,U5245,2025-12-08 09:05:00,2025-12-08 09:09:00,F,20~29,office,seoul,0,0,0,0,12,0,0,31,0,0,completed
5246,U5246,2025-10-13 07:56:00,2025-10-13 08:03:00,M,30~39,office,seoul,0,0,0,0,5,0,0,10,0,0,completed
5247,U5247,2025-05-30 12:09:00,2025-05-30 12:16:00,M,30~39,office,seoul,0,0,0,0,10,0,0,66,0,0,completed
5248,U5248,2025-05-28 14:41:00,2025-05-28 14:45:00,F,20~29,office,seoul,0,0,0,0,11,0,0,74,0,0,completed
5249,U5249,2025-05-17 21:28:00,2025-05-17 21:32:00,M,30~39,office,seoul,1,0,0,0,2,0,0,56,0,0,completed
5250,U5250,2025-02-04 18:02:00,2025-02-04 18:06:00,M,30~39,office,seoul,0,0,0,0,9,0,0,10,0,0,completed
5251,U5251,2025-11-02 13:57:00,2025-11-02 13:59:00,F,30~39,office,seoul,1,0,0,0,19,0,0,53,0,0,completed
5252,U5252,2025-01-20 18:21:00,2025-01-20 18:24:00,M,20~29,office,seoul,0,0,0,0,13,0,0,56,0,0,completed
5253,U5253,2025-05-20 15:27:00,2025-05-20 15:31:00,F,20~29,office,seoul,0,0,0,0,19,0,0,59,0,0,completed
5254,U5254,2025-04-02 16:32:00,2025-04-02 16:36:00,F,20~29,office,seoul,0,0,0,0,6,0,0,42,0,0,completed
5255,U5255,2025-11-20 16:11:00,2025-11-20 16:13:00,F,20~29,office,seoul,0,0,0,0,17,0,0,66,0,0,completed
5256,U5256,2025-01-22 17:32:00,2025-01-22 17:35:00,F,40~49,office,seoul,0,0,0,0,24,0,0,59,0,0,completed
5257,U5257,2025-01-17 08:49:00,2025-01-17 08:54:00,F,20~29,office,seoul,0,0,0,0,8,0,0,62,0,0,completed
5258,U5258,2025-10-13 07:07:00,2025-10-13 07:11:00,F,20~29,office,seoul,0,0,0,0,12,0,0,67,0,0,completed
5259,U5259,2025-06-06 12:50:00,2025-06-06 12:57:00,F,20~29,office,seoul,0,0,0,0,5,0,0,47,0,0,completed
5260,U5260,2025-08-24 16:22:00,2025-08-24 16:26:00,F,30~39,office,seoul,1,0,0,0,1,0,0,15,0,0,abandoned
5261,U5261,2025-08-28 16:16:00,2025-08-28 16:19:00,F,50+,office,seoul,0,0,0,0,27,0,0,16,0,0,completed
5262,U5262,2025-02-21 09:32:00,2025-02-21 09:37:00,F,40~49,office,seoul,0,0,0,0,19,0,0,38,0,0,completed
5263,U5263,2025-08-06 13:13:00,2025-08-06 13:19:00,F,20~29,office,seoul,0,0,0,0,5,0,0,53,0,0,completed
5264,U5264,2025-05-14 17:06:00,2025-05-14 17:12:00,F,40~49,office,seoul,0,0,0,0,21,0,0,39,1,0,completed
5265,U5265,2025-01-06 09:24:00,2025-01-06 09:28:00,F,20~29,office,seoul,0,0,0,0,25,0,0,35,0,0,completed
5266,U5266,2025-08-05 11:29:00,2025-08-05 11:33:00,F,30~39,office,seoul,0,0,0,0,11,0,0,57,0,0,completed
5267,U5267,2025-03-27 19:24:00,2025-03-27 19:28:00,M,40~49,office,seoul,0,0,0,0,19,0,0,40,0,0,completed
5268,U5268,2025-06-05 20:53:00,2025-06-05 20:58:00,F,40~49,office,seoul,0,0,0,0,0,0,0,21,0,0,completed
5269,U5269,2025-01-09 18:10:00,2025-01-09 18:14:00,F,40~49,office,seoul,0,0,0,0,9,0,0,54,0,0,completed
5270,U5270,2025-03-25 14:14:00,2025-03-25 14:19:00,F,40~49,office,seoul,0,0,0,0,12,0,0,52,0,0,completed
5271,U5271,2025-01-09 08:39:00,2025-01-09 08:42:00,F,40~49,office,seoul,0,0,0,0,24,0,0,17,0,0,timeout
5272,U5272,2025-12-07 16:28:00,2025-12-07 16:30:00,F,30~39,office,seoul,1,0,0,0,12,0,0,46,0,0,completed
5273,U5273,2025-10-23 15:33:00,2025-10-23 15:38:00,F,50+,office,seoul,0,0,0,0,21,0,0,31,0,0,completed
5274,U5274,2025-03-01 19:48:00,2025-03-01 19:55:00,F,20~29,office,seoul,1,0,0,0,25,0,0,71,0,0,completed
5275,U5275,2025-10-19 14:33:00,2025-10-19 14:37:00,M,30~39,office,seoul,1,0,0,0,3,0,0,51,0,0,abandoned
5276,U5276,2025-02-18 12:46:00,2025-02-18 12:51:00,M,30~39,office,seoul,0,0,0,0,18,0,0,74,0,0,completed
5277,U5277,2025-11-01 16:11:00,2025-11-01 16:14:00,F,20~29,office,seoul,1,0,0,0,19,0,0,50,0,0,completed
5278,U5278,2025-01-28 19:35:00,2025-01-28 19:39:00,F,30~39,office,seoul,0,0,0,0,12,0,0,36,0,0,completed
5279,U5279,2025-10-10 13:17:00,2025-10-10 13:19:00,F,30~39,office,seoul,0,0,0,0,13,0,0,17,0,0,completed
5280,U5280,2025-01-12 09:36:00,2025-01-12 09:38:00,F,50+,office,seoul,1,0,0,0,10,0,0,38,0,0,completed
5281,U5281,2025-05-23 15:52:00,2025-05-23 15:54:00,M,40~49,office,seoul,0,0,0,0,8,0,0,26,0,0,completed
5282,U5282,2025-02-17 18:57:00,2025-02-17 19:02:00,F,40~49,office,seoul,0,0,0,0,10,0,0,26,0,0,completed
5283,U5283,2025-11-01 21:58:00,2025-11-01 22:01:00,F,20~29,office,seoul,1,0,0,0,12,0,0,18,0,0,completed
5284,U5284,2025-10-01 09:53:00,2025-10-01 10:00:00,F,20~29,office,seoul,0,0,0,0,28,0,0,21,0,0,completed
5285,U5285,2025-07-01 13:21:00,2025-07-01 13:25:00,F,20~29,office,seoul,0,0,0,0,7,0,0,37,0,0,completed
5286,U5286,2025-10-23 20:48:00,2025-10-23 20:54:00,M,20~29,office,seoul,0,0,0,0,6,0,0,72,0,0,completed
5287,U5287,2025-01-14 15:22:00,2025-01-14 15:29:00,F,40~49,office,seoul,0,0,0,0,22,0,0,29,0,0,error
5288,U5288,2025-01-20 14:14:00,2025-01-20 14:16:00,M,30~39,office,seoul,0,0,0,0,4,0,0,72,0,0,completed
5289,U5289,2025-01-26 16:19:00,2025-01-26 16:21:00,F,40~49,office,seoul,1,0,0,0,16,0,0,69,0,1,completed
5290,U5290,2025-10-03 09:57:00,2025-10-03 09:59:00,M,20~29,office,seoul,0,0,0,0,12,0,0,62,0,0,completed
5291,U5291,2025-12-19 13:18:00,2025-12-19 13:22:00,F,20~29,office,seoul,0,0,0,0,9,0,0,42,0,0,completed
5292,U5292,2025-04-29 15:43:00,2025-04-29 15:50:00,F,30~39,office,seoul,0,0,0,0,26,0,0,60,0,0,completed
5293,U5293,2025-03-29 07:11:00,2025-03-29 07:16:00,F,30~39,office,seoul,1,0,0,0,29,0,0,72,0,0,completed
5294,U5294,2025-11-14 19:27:00,2025-11-14 19:34:00,M,20~29,office,seoul,0,0,0,0,29,0,0,55,0,0,completed
5295,U5295,2025-03-15 19:10:00,2025-03-15 19:17:00,F,50+,office,seoul,1,0,0,0,28,0,0,46,0,1,completed
5296,U5296,2025-03-06 12:52:00,2025-03-06 12:56:00,F,30~39,office,seoul,0,0,0,0,14,0,0,72,0,0,completed
5297,U5297,2025-07-14 15:55:00,2025-07-14 15:57:00,M,20~29,office,seoul,0,0,0,0,13,0,0,74,0,0,completed
5298,U5298,2025-03-08 12:42:00,2025-03-08 12:49:00,M,20~29,office,seoul,1,0,0,0,9,0,0,32,0,0,abandoned
5299,U5299,2025-09-13 18:59:00,2025-09-13 19:06:00,F,50+,office,seoul,1,0,0,0,9,0,0,60,0,0,completed
5300,U5300,2025-04-29 07:37:00,2025-04-29 07:41:00,M,30~39,office,seoul,0,0,0,0,24,0,0,45,0,0,completed
5301,U5301,2025-04-21 08:29:00,2025-04-21 08:35:00,M,40~49,office,seoul,0,0,0,0,15,0,0,19,1,0,completed
5302,U5302,2025-11-23 19:27:00,2025-11-23 19:34:00,F,50+,office,seoul,1,0,0,0,2,0,0,39,0,0,completed
5303,U5303,2025-01-29 14:14:00,2025-01-29 14:18:00,M,40~49,office,seoul,0,0,0,0,5,0,0,55,0,0,completed
5304,U5304,2025-01-25 22:14:00,2025-01-25 22:19:00,M,40~49,office,seoul,1,0,0,0,24,0,0,15,0,0,abandoned
5305,U5305,2025-04-12 19:05:00,2025-04-12 19:09:00,F,20~29,office,seoul,1,0,0,0,5,0,0,14,0,0,completed
5306,U5306,2025-09-23 07:30:00,2025-09-23 07:36:00,M,30~39,office,seoul,0,0,0,0,19,0,0,12,0,0,completed
5307,U5307,2025-06-12 09:07:00,2025-06-12 09:14:00,M,30~39,office,seoul,0,0,0,0,0,0,0,41,0,0,completed
5308,U5308,2025-01-25 07:17:00,2025-01-25 07:23:00,M,20~29,office,seoul,1,0,0,0,24,0,0,61,0,0,completed
5309,U5309,2025-05-29 14:57:00,2025-05-29 15:03:00,M,50+,office,seoul,0,0,0,0,17,0,0,15,0,0,abandoned
5310,U5310,2025-07-10 15:47:00,2025-07-10 15:50:00,F,50+,office,seoul,0,0,0,0,17,0,0,65,1,0,completed
5311,U5311,2025-09-08 12:11:00,2025-09-08 12:16:00,F,50+,office,seoul,0,0,0,0,18,0,0,60,0,0,completed
5312,U5312,2025-12-06 12:05:00,2025-12-06 12:07:00,M,20~29,office,seoul,1,0,0,0,5,0,0,66,0,0,completed
5313,U5313,2025-11-24 18:49:00,2025-11-24 18:52:00,M,20~29,office,seoul,0,0,0,0,2,0,0,30,0,0,completed
5314,U5314,2025-09-29 15:59:00,2025-09-29 16:06:00,F,50+,office,seoul,0,0,0,0,18,0,0,33,1,0,completed
5315,U5315,2025-08-08 16:50:00,2025-08-08 16:54:00,F,50+,office,seoul,0,0,0,0,19,0,0,38,0,0,completed
5316,U5316,2025-07-02 09:40:00,2025-07-02 09:43:00,F,20~29,office,seoul,0,0,0,0,27,0,0,69,0,0,completed
5317,U5317,2025-11-14 08:25:00,2025-11-14 08:28:00,F,30~39,office,seoul,0,0,0,0,0,0,0,61,0,0,completed
5318,U5318,2025-05-23 17:04:00,2025-05-23 17:08:00,M,20~29,office,seoul,0,0,0,0,16,0,0,64,0,0,completed
5319,U5319,2025-08-17 14:18:00,2025-08-17 14:21:00,F,30~39,office,seoul,1,0,0,0,25,0,0,31,0,0,completed
5320,U5320,2025-08-18 17:14:00,2025-08-18 17:21:00,M,20~29,office,seoul,0,0,0,0,9,0,0,13,0,0,completed
5321,U5321,2025-08-25 19:30:00,2025-08-25 19:37:00,F,40~49,office,seoul,0,0,0,0,13,0,0,32,0,0,completed
5322,U5322,2025-02-01 18:46:00,2025-02-01 18:53:00,F,50+,office,seoul,1,0,0,0,26,0,0,69,0,0,timeout
5323,U5323,2025-04-01 19:18:00,2025-04-01 19:23:00,M,20~29,office,seoul,0,0,0,0,10,0,0,54,0,0,completed
5324,U5324,2025-10-15 14:22:00,2025-10-15 14:24:00,F,30~39,office,seoul,0,0,0,0,7,0,0,35,0,0,completed
5325,U5325,2025-09-19 15:19:00,2025-09-19 15:21:00,F,40~49,office,seoul,0,0,0,0,23,0,0,26,0,0,error
5326,U5326,2025-01-22 13:40:00,2025-01-22 13:42:00,F,30~39,office,seoul,0,0,0,0,19,0,0,72,0,0,completed
5327,U5327,2025-09-24 07:15:00,2025-09-24 07:20:00,F,50+,office,seoul,0,0,0,0,8,0,0,58,0,0,completed
5328,U5328,2025-07-28 07:54:00,2025-07-28 07:59:00,M,20~29,office,seoul,0,0,0,0,10,0,0,20,0,0,completed
5329,U5329,2025-01-04 15:22:00,2025-01-04 15:27:00,F,50+,office,seoul,1,0,0,0,14,0,0,59,0,0,completed
5330,U5330,2025-10-05 12:09:00,2025-10-05 12:12:00,M,20~29,office,seoul,1,0,0,0,0,0,0,78,0,0,error
5331,U5331,2025-10-26 14:41:00,2025-10-26 14:45:00,F,40~49,office,seoul,1,0,0,0,6,0,0,11,0,1,completed
5332,U5332,2025-06-17 11:51:00,2025-06-17 11:58:00,M,20~29,office,seoul,0,0,0,0,20,0,0,40,0,0,completed
5333,U5333,2025-03-07 12:10:00,2025-03-07 12:13:00,M,50+,office,seoul,0,0,0,0,10,0,0,60,1,0,abandoned
5334,U5334,2025-10-25 14:35:00,2025-10-25 14:41:00,F,40~49,office,seoul,1,0,0,0,24,0,0,17,0,0,completed
5335,U5335,2025-05-02 08:19:00,2025-05-02 08:25:00,F,20~29,office,seoul,0,0,0,0,27,0,0,21,0,0,completed
5336,U5336,2025-01-28 16:22:00,2025-01-28 16:26:00,F,40~49,office,seoul,0,0,0,0,9,0,0,30,0,0,completed
5337,U5337,2025-03-03 12:31:00,2025-03-03 12:38:00,F,20~29,office,seoul,0,0,0,0,19,0,0,63,0,0,completed
5338,U5338,2025-09-27 19:53:00,2025-09-27 19:58:00,F,20~29,office,seoul,1,0,0,0,14,0,0,61,0,0,completed
5339,U5339,2025-05-22 17:28:00,2025-05-22 17:32:00,M,40~49,office,seoul,0,0,0,0,28,0,0,17,0,0,abandoned
5340,U5340,2025-09-05 08:42:00,2025-09-05 08:47:00,F,30~39,office,seoul,0,0,0,0,22,0,0,16,0,0,abandoned
5341,U5341,2025-08-25 15:34:00,2025-08-25 15:37:00,M,30~39,office,seoul,0,0,0,0,7,0,0,62,0,0,completed
5342,U5342,2025-08-10 20:19:00,2025-08-10 20:23:00,F,30~39,office,seoul,1,0,0,0,19,0,0,51,0,0,completed
5343,U5343,2025-06-01 12:24:00,2025-06-01 12:28:00,M,40~49,office,seoul,1,0,0,0,26,0,0,32,0,0,completed
5344,U5344,2025-01-10 09:26:00,2025-01-10 09:31:00,F,30~39,office,seoul,0,0,0,0,24,0,0,79,0,0,completed
5345,U5345,2025-10-25 19:37:00,2025-10-25 19:40:00,M,30~39,office,seoul,1,0,0,0,28,0,0,40,0,0,completed
5346,U5346,2025-05-17 09:52:00,2025-05-17 09:54:00,M,20~29,office,seoul,1,0,0,0,16,0,0,56,0,0,completed
5347,U5347,2025-10-31 18:46:00,2025-10-31 18:50:00,M,50+,office,seoul,0,0,0,0,15,0,0,73,0,0,completed
5348,U5348,2025-08-01 17:27:00,2025-08-01 17:32:00,M,20~29,office,seoul,0,0,0,0,2,0,0,21,0,0,completed
5349,U5349,2025-11-02 17:01:00,2025-11-02 17:04:00,M,30~39,office,seoul,1,0,0,0,7,0,0,74,0,0,abandoned
5350,U5350,2025-11-24 14:48:00,2025-11-24 14:54:00,F,30~39,office,seoul,0,0,0,0,7,0,0,73,0,0,completed
5351,U5351,2025-12-15 19:54:00,2025-12-15 20:01:00,F,40~49,office,seoul,0,0,0,0,8,0,0,49,0,0,completed
5352,U5352,2025-01-12 12:10:00,2025-01-12 12:15:00,F,50+,office,seoul,1,0,0,0,11,0,0,79,0,0,completed
5353,U5353,2025-05-15 22:25:00,2025-05-15 22:31:00,F,30~39,office,seoul,0,0,0,0,8,0,0,19,0,0,completed
5354,U5354,2025-11-29 09:16:00,2025-11-29 09:19:00,M,20~29,office,seoul,1,0,0,0,15,0,0,47,0,0,completed
5355,U5355,2025-12-16 17:11:00,2025-12-16 17:17:00,M,30~39,office,seoul,0,0,0,0,22,0,0,44,0,0,completed
5356,U5356,2025-08-15 11:38:00,2025-08-15 11:43:00,F,30~39,office,seoul,0,0,0,0,20,0,0,76,0,0,completed
5357,U5357,2025-12-28 18:15:00,2025-12-28 18:19:00,F,20~29,office,seoul,1,0,0,0,23,0,0,30,1,0,error
5358,U5358,2025-02-25 15:08:00,2025-02-25 15:14:00,F,30~39,office,seoul,0,0,0,0,9,0,0,66,0,0,completed
5359,U5359,2025-02-15 09:30:00,2025-02-15 09:37:00,F,50+,office,seoul,1,0,0,0,24,0,0,66,0,0,completed
5360,U5360,2025-07-11 07:27:00,2025-07-11 07:30:00,F,20~29,office,seoul,0,0,0,0,25,0,0,63,0,0,completed
5361,U5361,2025-11-06 17:54:00,2025-11-06 17:56:00,F,50+,office,seoul,0,0,0,0,26,0,0,63,0,0,completed
5362,U5362,2025-08-10 13:43:00,2025-08-10 13:45:00,F,50+,office,seoul,1,0,0,0,7,0,0,51,1,0,completed
5363,U5363,2025-09-04 22:18:00,2025-09-04 22:23:00,F,40~49,office,seoul,0,0,0,0,6,0,0,45,0,0,completed
5364,U5364,2025-01-03 15:08:00,2025-01-03 15:14:00,F,20~29,office,seoul,0,0,0,0,2,0,0,56,0,0,error
5365,U5365,2025-08-21 09:07:00,2025-08-21 09:12:00,M,30~39,office,seoul,0,0,0,0,12,0,0,18,0,0,completed
5366,U5366,2025-10-24 09:18:00,2025-10-24 09:22:00,M,30~39,office,seoul,0,0,0,0,17,0,0,30,1,0,completed
5367,U5367,2025-06-18 18:50:00,2025-06-18 18:56:00,M,20~29,office,seoul,0,0,0,0,0,0,0,51,0,0,completed
5368,U5368,2025-06-28 17:08:00,2025-06-28 17:15:00,M,30~39,office,seoul,1,0,0,0,10,0,0,32,0,0,abandoned
5369,U5369,2025-06-03 18:50:00,2025-06-03 18:57:00,F,40~49,office,seoul,0,0,0,0,28,0,0,61,0,0,completed
5370,U5370,2025-05-14 13:36:00,2025-05-14 13:39:00,M,20~29,office,seoul,0,0,0,0,21,0,0,73,0,0,completed
5371,U5371,2025-03-15 08:11:00,2025-03-15 08:15:00,F,40~49,office,seoul,1,0,0,0,9,0,0,23,0,0,completed
5372,U5372,2025-07-21 17:46:00,2025-07-21 17:53:00,F,40~49,office,seoul,0,0,0,0,21,0,0,57,0,0,completed
5373,U5373,2025-07-07 08:27:00,2025-07-07 08:29:00,M,30~39,office,seoul,0,0,0,0,25,0,0,75,0,0,completed
5374,U5374,2025-04-24 18:01:00,2025-04-24 18:04:00,F,30~39,office,seoul,0,0,0,0,17,0,0,71,0,0,completed
5375,U5375,2025-06-02 20:08:00,2025-06-02 20:11:00,F,30~39,office,seoul,0,0,0,0,17,0,0,64,0,0,completed
5376,U5376,2025-11-20 20:56:00,2025-11-20 21:01:00,F,20~29,office,seoul,0,0,0,0,9,0,0,77,0,0,completed
5377,U5377,2025-06-25 14:32:00,2025-06-25 14:39:00,M,30~39,office,seoul,0,0,0,0,4,0,0,15,0,0,completed
5378,U5378,2025-02-06 21:27:00,2025-02-06 21:34:00,M,50+,office,seoul,0,0,0,0,7,0,0,11,0,0,completed
5379,U5379,2025-12-12 15:08:00,2025-12-12 15:14:00,F,20~29,office,seoul,0,0,0,0,26,0,0,13,0,0,completed
5380,U5380,2025-12-02 11:51:00,2025-12-02 11:56:00,F,30~39,office,seoul,0,0,0,0,0,0,0,31,0,0,completed
5381,U5381,2025-11-15 16:59:00,2025-11-15 17:06:00,M,30~39,office,seoul,1,0,0,0,8,0,0,56,0,0,completed
5382,U5382,2025-02-23 09:37:00,2025-02-23 09:43:00,M,50+,office,seoul,1,0,0,0,21,0,0,40,0,0,completed
5383,U5383,2025-05-02 15:30:00,2025-05-02 15:35:00,F,20~29,office,seoul,0,0,0,0,20,0,0,16,0,0,completed
5384,U5384,2025-10-08 09:16:00,2025-10-08 09:19:00,F,40~49,office,seoul,0,0,0,0,4,0,0,26,0,0,completed
5385,U5385,2025-08-26 18:59:00,2025-08-26 19:06:00,F,30~39,office,seoul,0,0,0,0,4,0,0,73,0,0,completed
5386,U5386,2025-10-28 09:11:00,2025-10-28 09:13:00,M,20~29,office,seoul,0,0,0,0,27,0,0,64,0,0,completed
5387,U5387,2025-10-14 07:52:00,2025-10-14 07:55:00,M,30~39,office,seoul,0,0,0,0,2,0,0,39,0,0,completed
5388,U5388,2025-12-28 12:27:00,2025-12-28 12:32:00,M,20~29,office,seoul,1,0,0,0,9,0,0,57,0,0,completed
5389,U5389,2025-06-27 13:35:00,2025-06-27 13:40:00,F,30~39,office,seoul,0,0,0,0,10,0,0,18,0,0,completed
5390,U5390,2025-04-14 12:15:00,2025-04-14 12:20:00,F,30~39,office,seoul,0,0,0,0,14,0,0,54,0,0,completed
5391,U5391,2025-02-05 16:33:00,2025-02-05 16:39:00,M,30~39,office,seoul,0,0,0,0,22,0,0,38,0,0,completed
5392,U5392,2025-04-16 11:30:00,2025-04-16 11:37:00,M,50+,office,seoul,0,0,0,0,1,0,0,57,0,0,completed
5393,U5393,2025-10-20 12:34:00,2025-10-20 12:38:00,M,30~39,office,seoul,0,0,0,0,0,0,0,79,0,0,completed
5394,U5394,2025-05-31 16:32:00,2025-05-31 16:38:00,F,20~29,office,seoul,1,0,0,0,11,0,0,72,0,0,completed
5395,U5395,2025-07-16 20:17:00,2025-07-16 20:23:00,M,40~49,office,seoul,0,0,0,0,19,0,0,48,0,0,completed
5396,U5396,2025-12-10 14:52:00,2025-12-10 14:57:00,M,40~49,office,seoul,0,0,0,0,25,0,0,55,0,0,completed
5397,U5397,2025-04-01 09:44:00,2025-04-01 09:46:00,M,30~39,office,seoul,0,0,0,0,14,0,0,59,0,0,completed
5398,U5398,2025-07-31 09:12:00,2025-07-31 09:19:00,F,20~29,office,seoul,0,0,0,0,27,0,0,47,0,0,completed
5399,U5399,2025-01-07 11:50:00,2025-01-07 11:52:00,M,20~29,office,seoul,0,0,0,0,0,0,0,76,0,0,completed
5400,U5400,2025-04-16 17:01:00,2025-04-16 17:06:00,F,20~29,office,seoul,0,0,0,0,14,0,0,27,0,0,completed
5401,U5401,2025-07-27 12:56:00,2025-07-27 13:02:00,M,30~39,office,seoul,1,0,0,0,20,0,0,74,0,0,completed
5402,U5402,2025-09-10 13:33:00,2025-09-10 13:40:00,M,30~39,office,seoul,0,0,0,0,23,0,0,54,0,0,completed
5403,U5403,2025-08-20 14:23:00,2025-08-20 14:30:00,M,40~49,office,seoul,0,0,0,0,12,0,0,17,0,0,completed
5404,U5404,2025-09-02 16:07:00,2025-09-02 16:13:00,F,20~29,office,seoul,0,0,0,0,2,0,0,75,0,1,completed
5405,U5405,2025-07-12 13:34:00,2025-07-12 13:36:00,F,30~39,office,seoul,1,0,0,0,3,0,0,76,0,0,completed
5406,U5406,2025-10-02 16:29:00,2025-10-02 16:32:00,M,20~29,office,seoul,0,0,0,0,17,0,0,35,0,0,completed
5407,U5407,2025-12-08 11:01:00,2025-12-08 11:05:00,M,20~29,office,seoul,0,0,0,0,4,0,0,52,0,0,error
5408,U5408,2025-10-17 15:23:00,2025-10-17 15:28:00,F,40~49,office,seoul,0,0,0,0,28,0,0,75,1,0,abandoned
5409,U5409,2025-02-16 21:34:00,2025-02-16 21:41:00,F,30~39,office,seoul,1,0,0,0,28,0,0,49,0,0,completed
5410,U5410,2025-10-01 15:56:00,2025-10-01 16:03:00,M,20~29,office,seoul,0,0,0,0,19,0,0,31,0,0,completed
5411,U5411,2025-11-08 08:52:00,2025-11-08 08:58:00,M,20~29,office,seoul,1,0,0,0,29,0,0,73,0,0,completed
5412,U5412,2025-08-24 08:04:00,2025-08-24 08:09:00,F,30~39,office,seoul,1,0,0,0,10,0,0,60,0,0,completed
5413,U5413,2025-04-20 08:11:00,2025-04-20 08:14:00,F,40~49,office,seoul,1,0,0,0,24,0,0,75,0,0,abandoned
5414,U5414,2025-01-25 11:05:00,2025-01-25 11:09:00,F,30~39,office,seoul,1,0,0,0,24,0,0,68,0,0,completed
5415,U5415,2025-09-16 07:56:00,2025-09-16 07:59:00,F,30~39,office,seoul,0,0,0,0,10,0,0,34,0,0,completed
5416,U5416,2025-07-05 18:51:00,2025-07-05 18:57:00,F,40~49,office,seoul,1,0,0,0,15,0,0,61,0,0,abandoned
5417,U5417,2025-03-29 12:24:00,2025-03-29 12:31:00,F,30~39,office,seoul,1,0,0,0,14,0,0,35,0,0,completed
5418,U5418,2025-01-19 16:41:00,2025-01-19 16:45:00,F,50+,office,seoul,1,0,0,0,13,0,0,38,1,1,completed
5419,U5419,2025-07-10 09:14:00,2025-07-10 09:17:00,M,30~39,office,seoul,0,0,0,0,20,0,0,73,0,0,completed
5420,U5420,2025-10-07 12:21:00,2025-10-07 12:24:00,F,20~29,office,seoul,0,0,0,0,6,0,0,63,0,0,completed
5421,U5421,2025-08-24 22:06:00,2025-08-24 22:10:00,M,20~29,office,seoul,1,0,0,0,4,0,0,76,0,0,completed
5422,U5422,2025-01-27 11:49:00,2025-01-27 11:55:00,M,30~39,office,seoul,0,0,0,0,10,0,0,18,0,0,completed
5423,U5423,2025-08-18 17:28:00,2025-08-18 17:31:00,F,40~49,office,seoul,0,0,0,0,0,0,0,23,0,0,completed
5424,U5424,2025-10-25 18:19:00,2025-10-25 18:21:00,M,40~49,office,seoul,1,0,0,0,6,0,0,75,0,0,completed
5425,U5425,2025-05-29 18:57:00,2025-05-29 19:02:00,F,20~29,office,seoul,0,0,0,0,19,0,0,25,0,0,completed
5426,U5426,2025-02-01 08:33:00,2025-02-01 08:38:00,M,20~29,office,seoul,1,0,0,0,23,0,0,69,0,0,completed
5427,U5427,2025-05-23 16:22:00,2025-05-23 16:26:00,M,30~39,office,seoul,0,0,0,0,9,0,0,37,0,0,completed
5428,U5428,2025-03-03 11:01:00,2025-03-03 11:04:00,F,20~29,office,seoul,0,0,0,0,27,0,0,70,0,0,completed
5429,U5429,2025-06-19 18:12:00,2025-06-19 18:15:00,F,40~49,office,seoul,0,0,0,0,21,0,0,18,0,0,completed
5430,U5430,2025-05-27 15:19:00,2025-05-27 15:23:00,F,40~49,office,seoul,0,0,0,0,10,0,0,72,0,0,completed
5431,U5431,2025-11-16 08:28:00,2025-11-16 08:32:00,M,30~39,office,seoul,1,0,0,0,29,0,0,46,0,0,completed
5432,U5432,2025-06-28 11:38:00,2025-06-28 11:45:00,M,30~39,office,seoul,1,0,0,0,18,0,0,58,0,0,completed
5433,U5433,2025-01-22 14:55:00,2025-01-22 14:59:00,F,40~49,office,seoul,0,0,0,0,19,0,0,15,0,0,completed
5434,U5434,2025-07-15 12:00:00,2025-07-15 12:07:00,F,20~29,office,seoul,0,0,0,0,25,0,0,15,0,0,completed
5435,U5435,2025-09-26 18:10:00,2025-09-26 18:17:00,F,40~49,office,seoul,0,0,0,0,28,0,0,59,0,0,completed
5436,U5436,2025-01-28 12:41:00,2025-01-28 12:45:00,M,30~39,office,seoul,0,0,0,0,2,0,0,63,0,0,completed
5437,U5437,2025-09-25 15:10:00,2025-09-25 15:14:00,M,40~49,office,seoul,0,0,0,0,4,0,0,43,0,0,completed
5438,U5438,2025-09-10 19:19:00,2025-09-10 19:22:00,F,20~29,office,seoul,0,0,0,0,11,0,0,16,0,0,completed
5439,U5439,2025-04-01 15:44:00,2025-04-01 15:51:00,M,20~29,office,seoul,0,0,0,0,4,0,0,22,0,0,completed
5440,U5440,2025-09-19 09:44:00,2025-09-19 09:49:00,F,30~39,office,seoul,0,0,0,0,26,0,0,39,0,0,completed
5441,U5441,2025-12-05 15:12:00,2025-12-05 15:19:00,F,40~49,office,seoul,0,0,0,0,24,0,0,61,0,0,abandoned
5442,U5442,2025-12-15 14:34:00,2025-12-15 14:41:00,F,40~49,office,seoul,0,0,0,0,16,0,0,50,0,0,completed
5443,U5443,2025-02-06 17:15:00,2025-02-06 17:17:00,F,40~49,office,seoul,0,0,0,0,20,0,0,13,0,0,completed
5444,U5444,2025-03-04 11:31:00,2025-03-04 11:33:00,M,50+,office,seoul,0,0,0,0,28,0,0,24,0,0,completed
5445,U5445,2025-10-16 16:25:00,2025-10-16 16:28:00,M,20~29,office,seoul,0,0,0,0,24,0,0,49,0,0,abandoned
5446,U5446,2025-05-03 14:00:00,2025-05-03 14:02:00,F,50+,office,seoul,1,0,0,0,20,0,0,11,0,0,completed
5447,U5447,2025-05-16 14:24:00,2025-05-16 14:27:00,M,50+,office,seoul,0,0,0,0,21,0,0,52,0,0,completed
5448,U5448,2025-11-11 09:01:00,2025-11-11 09:04:00,M,20~29,office,seoul,0,0,0,0,8,0,0,14,0,0,completed
5449,U5449,2025-09-01 14:06:00,2025-09-01 14:12:00,F,40~49,office,seoul,0,0,0,0,6,0,0,23,0,0,completed
5450,U5450,2025-06-12 09:23:00,2025-06-12 09:29:00,F,30~39,office,seoul,0,0,0,0,9,0,0,16,0,0,completed
5451,U5451,2025-01-29 16:14:00,2025-01-29 16:21:00,F,20~29,office,seoul,0,0,0,0,0,0,0,74,0,0,completed
5452,U5452,2025-06-22 16:28:00,2025-06-22 16:33:00,F,20~29,office,seoul,1,0,0,0,29,0,0,18,0,0,completed
5453,U5453,2025-10-08 22:20:00,2025-10-08 22:27:00,F,30~39,office,seoul,0,0,0,0,10,0,0,22,0,0,completed
5454,U5454,2025-01-18 20:57:00,2025-01-18 21:03:00,F,30~39,office,seoul,1,0,0,0,11,0,0,48,0,0,completed
5455,U5455,2025-05-07 09:05:00,2025-05-07 09:11:00,M,50+,office,seoul,0,0,0,0,12,0,0,21,0,0,completed
5456,U5456,2025-12-05 13:59:00,2025-12-05 14:02:00,F,20~29,office,seoul,0,0,0,0,8,0,0,57,0,0,completed
5457,U5457,2025-06-21 17:32:00,2025-06-21 17:37:00,F,50+,office,seoul,1,0,0,0,25,0,0,11,0,0,completed
5458,U5458,2025-06-17 11:06:00,2025-06-17 11:08:00,M,30~39,office,seoul,0,0,0,0,19,0,0,47,0,0,timeout
5459,U5459,2025-03-07 09:41:00,2025-03-07 09:43:00,F,40~49,office,seoul,0,0,0,0,29,0,0,22,1,0,completed
5460,U5460,2025-10-31 15:06:00,2025-10-31 15:10:00,M,40~49,office,seoul,0,0,0,0,7,0,0,70,0,0,completed
5461,U5461,2025-06-30 16:55:00,2025-06-30 16:58:00,M,40~49,office,seoul,0,0,0,0,2,0,0,74,0,0,abandoned
5462,U5462,2025-12-10 12:59:00,2025-12-10 13:05:00,F,30~39,office,seoul,0,0,0,0,17,0,0,61,0,0,completed
5463,U5463,2025-02-04 11:46:00,2025-02-04 11:48:00,M,20~29,office,seoul,0,0,0,0,29,0,0,38,0,0,completed
5464,U5464,2025-12-19 18:07:00,2025-12-19 18:12:00,M,20~29,office,seoul,0,0,0,0,28,0,0,68,0,0,completed
5465,U5465,2025-04-05 16:35:00,2025-04-05 16:39:00,M,40~49,office,seoul,1,0,0,0,28,0,0,68,0,0,completed
5466,U5466,2025-05-23 14:38:00,2025-05-23 14:45:00,F,20~29,office,seoul,0,0,0,0,11,0,0,65,0,0,completed
5467,U5467,2025-05-02 07:16:00,2025-05-02 07:22:00,F,40~49,office,seoul,0,0,0,0,25,0,0,18,0,0,completed
5468,U5468,2025-12-14 07:09:00,2025-12-14 07:11:00,F,20~29,office,seoul,1,0,0,0,5,0,0,17,0,0,completed
5469,U5469,2025-11-14 08:25:00,2025-11-14 08:27:00,F,50+,office,seoul,0,0,0,0,20,0,0,39,0,0,completed
5470,U5470,2025-07-04 17:10:00,2025-07-04 17:16:00,F,20~29,office,seoul,0,0,0,0,2,0,0,31,0,0,abandoned
5471,U5471,2025-02-02 15:59:00,2025-02-02 16:04:00,F,20~29,office,seoul,1,0,0,0,16,0,0,14,0,0,completed
5472,U5472,2025-03-28 13:36:00,2025-03-28 13:40:00,M,20~29,office,seoul,0,0,0,0,26,0,0,68,0,0,completed
5473,U5473,2025-09-11 08:18:00,2025-09-11 08:24:00,F,30~39,office,seoul,0,0,0,0,18,0,0,28,0,0,completed
5474,U5474,2025-04-19 19:43:00,2025-04-19 19:46:00,M,50+,office,seoul,1,0,0,0,5,0,0,22,0,0,abandoned
5475,U5475,2025-07-01 21:31:00,2025-07-01 21:35:00,M,40~49,office,seoul,0,0,0,0,28,0,0,39,1,0,completed
5476,U5476,2025-12-27 07:07:00,2025-12-27 07:10:00,M,30~39,office,seoul,1,0,0,0,10,0,0,20,0,0,completed
5477,U5477,2025-11-22 21:38:00,2025-11-22 21:43:00,F,50+,office,seoul,1,0,0,0,29,0,0,48,0,0,completed
5478,U5478,2025-01-16 11:49:00,2025-01-16 11:56:00,M,20~29,office,seoul,0,0,0,0,15,0,0,43,0,1,completed
5479,U5479,2025-04-14 12:01:00,2025-04-14 12:05:00,M,30~39,office,seoul,0,0,0,0,22,0,0,67,0,0,completed
5480,U5480,2025-11-25 13:31:00,2025-11-25 13:35:00,F,30~39,office,seoul,0,0,0,0,27,0,0,57,0,0,completed
5481,U5481,2025-12-18 14:41:00,2025-12-18 14:46:00,F,50+,office,seoul,0,0,0,0,25,0,0,18,0,0,abandoned
5482,U5482,2025-02-01 14:53:00,2025-02-01 14:58:00,M,30~39,office,seoul,1,0,0,0,12,0,0,24,0,0,completed
5483,U5483,2025-02-15 17:34:00,2025-02-15 17:38:00,F,20~29,office,seoul,1,0,0,0,17,0,0,26,0,0,completed
5484,U5484,2025-09-03 19:08:00,2025-09-03 19:12:00,F,30~39,office,seoul,0,0,0,0,28,0,0,74,0,0,completed
5485,U5485,2025-04-26 09:32:00,2025-04-26 09:36:00,F,30~39,office,seoul,1,0,0,0,0,0,0,46,0,0,completed
5486,U5486,2025-01-03 09:02:00,2025-01-03 09:09:00,M,40~49,office,seoul,0,0,0,0,19,0,0,58,0,0,completed
5487,U5487,2025-10-31 12:23:00,2025-10-31 12:27:00,F,30~39,office,seoul,0,0,0,0,14,0,0,51,0,0,completed
5488,U5488,2025-05-12 13:08:00,2025-05-12 13:13:00,F,20~29,office,seoul,0,0,0,0,21,0,0,77,0,0,completed
5489,U5489,2025-05-16 07:59:00,2025-05-16 08:05:00,F,20~29,office,seoul,0,0,0,0,20,0,0,35,0,0,error
5490,U5490,2025-05-19 19:57:00,2025-05-19 20:04:00,M,20~29,office,seoul,0,0,0,0,0,0,0,23,0,0,completed
5491,U5491,2025-06-17 17:53:00,2025-06-17 17:55:00,M,40~49,office,seoul,0,0,0,0,6,0,0,45,0,0,error
5492,U5492,2025-03-13 09:47:00,2025-03-13 09:51:00,F,50+,office,seoul,0,0,0,0,8,0,0,61,0,1,completed
5493,U5493,2025-09-25 16:17:00,2025-09-25 16:22:00,F,30~39,office,seoul,0,0,0,0,17,0,0,27,0,0,completed
5494,U5494,2025-11-08 17:19:00,2025-11-08 17:24:00,M,30~39,office,seoul,1,0,0,0,0,0,0,44,0,0,completed
5495,U5495,2025-08-08 12:27:00,2025-08-08 12:30:00,F,20~29,office,seoul,0,0,0,0,23,0,0,21,0,0,completed
5496,U5496,2025-04-13 15:57:00,2025-04-13 16:01:00,M,40~49,office,seoul,1,0,0,0,12,0,0,52,0,0,completed
5497,U5497,2025-07-25 19:56:00,2025-07-25 19:59:00,F,30~39,office,seoul,0,0,0,0,3,0,0,70,0,0,completed
5498,U5498,2025-03-04 21:31:00,2025-03-04 21:38:00,M,20~29,office,seoul,0,0,0,0,16,0,0,49,0,0,error
5499,U5499,2025-05-22 07:00:00,2025-05-22 07:04:00,F,20~29,office,seoul,0,0,0,0,23,0,0,72,0,0,completed
5500,U5500,2025-11-19 14:56:00,2025-11-19 15:00:00,F,30~39,office,seoul,0,0,0,0,28,0,0,47,0,0,completed
5501,U5501,2025-08-31 09:21:00,2025-08-31 09:27:00,M,30~39,office,seoul,1,0,0,0,0,0,0,42,0,0,completed
5502,U5502,2025-06-24 15:56:00,2025-06-24 16:02:00,M,20~29,office,seoul,0,0,0,0,28,0,0,42,0,0,completed
5503,U5503,2025-07-12 11:52:00,2025-07-12 11:57:00,F,50+,office,seoul,1,0,0,0,3,0,0,41,0,0,completed
5504,U5504,2025-11-03 15:18:00,2025-11-03 15:20:00,M,40~49,office,seoul,0,0,0,0,0,0,0,69,0,0,completed
5505,U5505,2025-07-10 11:50:00,2025-07-10 11:57:00,F,30~39,office,seoul,0,0,0,0,16,0,0,56,0,0,completed
5506,U5506,2025-07-04 16:20:00,2025-07-04 16:25:00,F,30~39,office,seoul,0,0,0,0,6,0,0,71,0,0,timeout
5507,U5507,2025-02-13 09:40:00,2025-02-13 09:43:00,F,20~29,office,seoul,0,0,0,0,15,0,0,36,0,0,completed
5508,U5508,2025-11-20 14:12:00,2025-11-20 14:18:00,F,20~29,office,seoul,0,0,0,0,9,0,0,40,0,0,completed
5509,U5509,2025-04-03 14:01:00,2025-04-03 14:06:00,M,20~29,office,seoul,0,0,0,0,24,0,0,69,0,0,completed
5510,U5510,2025-08-10 15:11:00,2025-08-10 15:16:00,M,40~49,office,seoul,1,0,0,0,28,0,0,35,0,0,completed
5511,U5511,2025-02-19 17:30:00,2025-02-19 17:32:00,F,50+,office,seoul,0,0,0,0,3,0,0,42,1,0,completed
5512,U5512,2025-01-04 16:18:00,2025-01-04 16:20:00,M,30~39,office,seoul,1,0,0,0,17,0,0,74,0,0,completed
5513,U5513,2025-09-25 20:18:00,2025-09-25 20:20:00,F,20~29,office,seoul,0,0,0,0,15,0,0,53,0,0,completed
5514,U5514,2025-12-07 09:51:00,2025-12-07 09:54:00,F,20~29,office,seoul,1,0,0,0,22,0,0,59,0,0,completed
5515,U5515,2025-04-26 17:32:00,2025-04-26 17:34:00,F,30~39,office,seoul,1,0,0,0,2,0,0,44,0,0,timeout
5516,U5516,2025-02-08 21:23:00,2025-02-08 21:30:00,M,30~39,office,seoul,1,0,0,0,20,0,0,65,0,0,completed
5517,U5517,2025-08-04 19:13:00,2025-08-04 19:16:00,M,30~39,office,seoul,0,0,0,0,11,0,0,77,0,0,completed
5518,U5518,2025-09-01 17:11:00,2025-09-01 17:18:00,M,30~39,office,seoul,0,0,0,0,8,0,0,37,0,0,completed
5519,U5519,2025-08-27 14:46:00,2025-08-27 14:51:00,F,20~29,office,seoul,0,0,0,0,9,0,0,32,0,0,abandoned
5520,U5520,2025-01-17 07:29:00,2025-01-17 07:32:00,F,20~29,office,seoul,0,0,0,0,22,0,0,66,0,0,completed
5521,U5521,2025-09-07 13:47:00,2025-09-07 13:51:00,F,20~29,office,seoul,1,0,0,0,22,0,0,27,0,0,timeout
5522,U5522,2025-11-23 19:24:00,2025-11-23 19:29:00,F,40~49,office,seoul,1,0,0,0,23,0,0,58,0,0,completed
5523,U5523,2025-02-28 19:05:00,2025-02-28 19:12:00,F,30~39,office,seoul,0,0,0,0,9,0,0,11,0,0,abandoned
5524,U5524,2025-09-10 19:40:00,2025-09-10 19:43:00,M,20~29,office,seoul,0,0,0,0,11,0,0,70,0,0,completed
5525,U5525,2025-12-17 20:13:00,2025-12-17 20:15:00,M,40~49,office,seoul,0,0,0,0,27,0,0,46,0,0,abandoned
5526,U5526,2025-01-14 09:30:00,2025-01-14 09:35:00,F,20~29,office,seoul,0,0,0,0,20,0,0,18,0,0,error
5527,U5527,2025-03-27 08:37:00,2025-03-27 08:41:00,M,20~29,office,seoul,0,0,0,0,1,0,0,40,0,0,completed
5528,U5528,2025-12-14 17:09:00,2025-12-14 17:13:00,M,20~29,office,seoul,1,0,0,0,10,0,0,59,0,0,completed
5529,U5529,2025-11-04 08:23:00,2025-11-04 08:26:00,M,20~29,office,seoul,0,0,0,0,21,0,0,39,0,0,completed
5530,U5530,2025-07-29 08:10:00,2025-07-29 08:13:00,M,20~29,office,seoul,0,0,0,0,26,0,0,62,0,0,abandoned
5531,U5531,2025-02-03 09:34:00,2025-02-03 09:37:00,F,30~39,office,seoul,0,0,0,0,7,0,0,55,0,0,completed
5532,U5532,2025-09-29 09:28:00,2025-09-29 09:30:00,M,40~49,office,seoul,0,0,0,0,19,0,0,25,0,0,completed
5533,U5533,2025-05-15 17:12:00,2025-05-15 17:17:00,M,30~39,office,seoul,0,0,0,0,17,0,0,21,0,0,abandoned
5534,U5534,2025-09-09 11:35:00,2025-09-09 11:39:00,M,30~39,office,seoul,0,0,0,0,27,0,0,78,0,0,completed
5535,U5535,2025-07-26 20:12:00,2025-07-26 20:15:00,F,40~49,office,seoul,1,0,0,0,14,0,0,53,0,0,completed
5536,U5536,2025-03-02 22:07:00,2025-03-02 22:10:00,M,50+,office,seoul,1,0,0,0,12,0,0,74,0,0,completed
5537,U5537,2025-04-01 09:12:00,2025-04-01 09:15:00,F,30~39,office,seoul,0,0,0,0,18,0,0,21,0,0,completed
5538,U5538,2025-05-28 19:29:00,2025-05-28 19:33:00,M,20~29,office,seoul,0,0,0,0,12,0,0,19,0,0,completed
5539,U5539,2025-01-15 18:42:00,2025-01-15 18:46:00,F,40~49,office,seoul,0,0,0,0,12,0,0,32,0,0,completed
5540,U5540,2025-09-25 18:29:00,2025-09-25 18:32:00,M,40~49,office,seoul,0,0,0,0,17,0,0,17,0,0,completed
5541,U5541,2025-03-21 14:34:00,2025-03-21 14:38:00,F,50+,office,seoul,0,0,0,0,23,0,0,59,1,0,completed
5542,U5542,2025-03-05 17:35:00,2025-03-05 17:41:00,F,20~29,office,seoul,0,0,0,0,0,0,0,28,0,0,completed
5543,U5543,2025-04-18 16:38:00,2025-04-18 16:44:00,F,20~29,office,seoul,0,0,0,0,9,0,0,66,0,0,completed
5544,U5544,2025-05-09 12:22:00,2025-05-09 12:26:00,M,30~39,office,seoul,0,0,0,0,14,0,0,60,0,0,completed
5545,U5545,2025-06-17 14:24:00,2025-06-17 14:26:00,M,50+,office,seoul,0,0,0,0,9,0,0,36,0,1,completed
5546,U5546,2025-02-05 14:46:00,2025-02-05 14:49:00,M,30~39,office,seoul,0,0,0,0,15,0,0,58,0,0,completed
5547,U5547,2025-03-22 08:21:00,2025-03-22 08:25:00,F,30~39,office,seoul,1,0,0,0,5,0,0,23,0,0,completed
5548,U5548,2025-04-06 12:44:00,2025-04-06 12:51:00,M,30~39,office,seoul,1,0,0,0,12,0,0,71,0,0,completed
5549,U5549,2025-09-21 17:38:00,2025-09-21 17:44:00,M,40~49,office,seoul,1,0,0,0,6,0,0,71,0,0,completed
5550,U5550,2025-11-12 16:30:00,2025-11-12 16:37:00,F,40~49,office,seoul,0,0,0,0,24,0,0,19,0,0,completed
5551,U5551,2025-11-08 18:09:00,2025-11-08 18:13:00,F,40~49,office,seoul,1,0,0,0,6,0,0,60,0,0,completed
5552,U5552,2025-07-15 15:58:00,2025-07-15 16:04:00,M,50+,office,seoul,0,0,0,0,14,0,0,15,1,0,abandoned
5553,U5553,2025-12-19 14:33:00,2025-12-19 14:39:00,F,20~29,office,seoul,0,0,0,0,19,0,0,67,0,0,completed
5554,U5554,2025-12-04 13:27:00,2025-12-04 13:32:00,M,30~39,office,seoul,0,0,0,0,4,0,0,45,0,0,completed
5555,U5555,2025-06-01 13:21:00,2025-06-01 13:28:00,M,40~49,office,seoul,1,0,0,0,16,0,0,41,0,0,completed
5556,U5556,2025-03-07 15:54:00,2025-03-07 15:56:00,F,50+,office,seoul,0,0,0,0,2,0,0,43,0,0,abandoned
5557,U5557,2025-09-18 11:03:00,2025-09-18 11:08:00,F,20~29,office,seoul,0,0,0,0,18,0,0,75,0,0,completed
5558,U5558,2025-07-06 19:32:00,2025-07-06 19:39:00,F,30~39,office,seoul,1,0,0,0,7,0,0,63,0,0,completed
5559,U5559,2025-02-15 18:25:00,2025-02-15 18:29:00,F,50+,office,seoul,1,0,0,0,10,0,0,45,0,0,completed
5560,U5560,2025-10-09 11:19:00,2025-10-09 11:22:00,M,30~39,office,seoul,0,0,0,0,26,0,0,42,0,0,completed
5561,U5561,2025-08-15 11:48:00,2025-08-15 11:51:00,M,30~39,office,seoul,0,0,0,0,29,0,0,70,0,0,completed
5562,U5562,2025-01-25 09:10:00,2025-01-25 09:17:00,F,30~39,office,seoul,1,0,0,0,9,0,0,77,0,0,completed
5563,U5563,2025-08-14 08:57:00,2025-08-14 09:03:00,F,30~39,office,seoul,0,0,0,0,0,0,0,77,0,0,completed
5564,U5564,2025-03-25 20:29:00,2025-03-25 20:31:00,F,40~49,office,seoul,0,0,0,0,25,0,0,64,0,0,completed
5565,U5565,2025-08-15 20:40:00,2025-08-15 20:43:00,M,20~29,office,seoul,0,0,0,0,16,0,0,21,0,0,completed
5566,U5566,2025-07-06 13:40:00,2025-07-06 13:46:00,F,20~29,office,seoul,1,0,0,0,23,0,0,74,0,0,completed
5567,U5567,2025-12-08 09:26:00,2025-12-08 09:28:00,F,20~29,office,seoul,0,0,0,0,6,0,0,29,0,0,abandoned
5568,U5568,2025-09-17 09:54:00,2025-09-17 09:58:00,F,20~29,office,seoul,0,0,0,0,22,0,0,34,0,0,completed
5569,U5569,2025-08-17 08:42:00,2025-08-17 08:45:00,M,30~39,office,seoul,1,0,0,0,11,0,0,38,0,0,completed
5570,U5570,2025-01-07 15:40:00,2025-01-07 15:44:00,M,50+,office,seoul,0,0,0,0,3,0,0,40,0,0,completed
5571,U5571,2025-04-01 07:41:00,2025-04-01 07:45:00,F,30~39,office,seoul,0,0,0,0,29,0,0,25,0,0,completed
5572,U5572,2025-12-02 17:55:00,2025-12-02 17:57:00,F,50+,office,seoul,0,0,0,0,21,0,0,73,0,0,completed
5573,U5573,2025-05-02 17:51:00,2025-05-02 17:53:00,M,30~39,office,seoul,0,0,0,0,17,0,0,75,0,0,completed
5574,U5574,2025-09-30 15:43:00,2025-09-30 15:50:00,F,20~29,office,seoul,0,0,0,0,29,0,0,68,0,0,completed
5575,U5575,2025-08-19 07:51:00,2025-08-19 07:53:00,F,30~39,office,seoul,0,0,0,0,7,0,0,14,0,0,completed
5576,U5576,2025-02-18 16:55:00,2025-02-18 16:58:00,M,30~39,office,seoul,0,0,0,0,29,0,0,16,0,0,completed
5577,U5577,2025-03-23 19:57:00,2025-03-23 20:00:00,F,30~39,office,seoul,1,0,0,0,22,0,0,36,0,0,completed
5578,U5578,2025-10-19 18:02:00,2025-10-19 18:09:00,F,40~49,office,seoul,1,0,0,0,27,0,0,54,0,0,completed
5579,U5579,2025-12-03 11:33:00,2025-12-03 11:37:00,F,20~29,office,seoul,0,0,0,0,17,0,0,38,0,0,abandoned
5580,U5580,2025-01-31 17:20:00,2025-01-31 17:24:00,F,20~29,office,seoul,0,0,0,0,11,0,0,75,0,0,completed
5581,U5581,2025-02-25 09:52:00,2025-02-25 09:58:00,F,40~49,office,seoul,0,0,0,0,8,0,0,18,0,0,completed
5582,U5582,2025-10-04 12:11:00,2025-10-04 12:16:00,M,40~49,office,seoul,1,0,0,0,5,0,0,47,1,0,completed
5583,U5583,2025-02-01 12:26:00,2025-02-01 12:28:00,M,20~29,office,seoul,1,0,0,0,27,0,0,51,0,0,completed
5584,U5584,2025-04-09 12:24:00,2025-04-09 12:26:00,M,50+,office,seoul,0,0,0,0,7,0,0,33,0,0,completed
5585,U5585,2025-01-26 08:10:00,2025-01-26 08:16:00,M,30~39,office,seoul,1,0,0,0,20,0,0,19,0,0,abandoned
5586,U5586,2025-08-03 12:44:00,2025-08-03 12:46:00,F,40~49,office,seoul,1,0,0,0,13,0,0,33,0,0,completed
5587,U5587,2025-04-13 14:44:00,2025-04-13 14:49:00,M,40~49,office,seoul,1,0,0,0,12,0,0,55,0,0,completed
5588,U5588,2025-12-03 13:22:00,2025-12-03 13:24:00,F,30~39,office,seoul,0,0,0,0,1,0,0,30,0,0,completed
5589,U5589,2025-09-03 13:55:00,2025-09-03 14:02:00,F,30~39,office,seoul,0,0,0,0,2,0,0,56,0,0,completed
5590,U5590,2025-06-19 17:20:00,2025-06-19 17:22:00,F,20~29,office,seoul,0,0,0,0,21,0,0,22,0,0,completed
5591,U5591,2025-12-27 19:25:00,2025-12-27 19:28:00,F,20~29,office,seoul,1,0,0,0,12,0,0,42,0,0,completed
5592,U5592,2025-11-06 13:12:00,2025-11-06 13:14:00,F,30~39,office,seoul,0,0,0,0,29,0,0,18,0,0,timeout
5593,U5593,2025-11-17 15:38:00,2025-11-17 15:40:00,F,30~39,office,seoul,0,0,0,0,6,0,0,77,0,0,completed
5594,U5594,2025-05-03 15:46:00,2025-05-03 15:49:00,F,20~29,office,seoul,1,0,0,0,12,0,0,74,0,0,completed
5595,U5595,2025-03-18 09:31:00,2025-03-18 09:34:00,M,20~29,office,seoul,0,0,0,0,27,0,0,13,0,0,completed
5596,U5596,2025-11-13 15:04:00,2025-11-13 15:07:00,M,20~29,office,seoul,0,0,0,0,26,0,0,66,0,0,completed
5597,U5597,2025-06-20 11:04:00,2025-06-20 11:10:00,M,20~29,office,seoul,0,0,0,0,15,0,0,16,0,0,completed
5598,U5598,2025-06-06 09:49:00,2025-06-06 09:56:00,F,50+,office,seoul,0,0,0,0,7,0,0,73,0,0,completed
5599,U5599,2025-09-13 13:35:00,2025-09-13 13:40:00,M,50+,office,seoul,1,0,0,0,0,0,0,73,0,0,completed
5600,U5600,2025-12-03 20:16:00,2025-12-03 20:21:00,F,50+,office,seoul,0,0,0,0,28,0,0,69,0,0,completed
5601,U5601,2025-06-24 08:25:00,2025-06-24 08:32:00,M,40~49,office,seoul,0,0,0,0,14,0,0,40,0,0,completed
5602,U5602,2025-01-18 20:47:00,2025-01-18 20:52:00,M,40~49,office,seoul,1,0,0,0,0,0,0,65,0,0,completed
5603,U5603,2025-12-17 14:46:00,2025-12-17 14:53:00,F,30~39,office,seoul,0,0,0,0,24,0,0,31,0,0,completed
5604,U5604,2025-11-22 18:45:00,2025-11-22 18:52:00,F,30~39,office,seoul,1,0,0,0,0,0,0,79,0,0,completed
5605,U5605,2025-10-02 08:12:00,2025-10-02 08:15:00,M,40~49,office,seoul,0,0,0,0,10,0,0,52,1,0,timeout
5606,U5606,2025-09-20 14:51:00,2025-09-20 14:53:00,F,50+,office,seoul,1,0,0,0,19,0,0,52,1,0,completed
5607,U5607,2025-07-21 16:43:00,2025-07-21 16:48:00,M,40~49,office,seoul,0,0,0,0,2,0,0,28,0,0,completed
5608,U5608,2025-08-09 07:51:00,2025-08-09 07:57:00,M,40~49,office,seoul,1,0,0,0,2,0,0,28,0,0,completed
5609,U5609,2025-03-08 08:29:00,2025-03-08 08:32:00,M,20~29,office,seoul,1,0,0,0,22,0,0,19,0,0,completed
5610,U5610,2025-12-27 19:39:00,2025-12-27 19:43:00,M,30~39,office,seoul,1,0,0,0,15,0,0,19,0,0,completed
5611,U5611,2025-05-21 15:39:00,2025-05-21 15:43:00,M,30~39,office,seoul,0,0,0,0,21,0,0,20,0,0,completed
5612,U5612,2025-10-07 17:02:00,2025-10-07 17:05:00,F,30~39,office,seoul,0,0,0,0,19,0,0,26,0,0,completed
5613,U5613,2025-09-07 09:55:00,2025-09-07 09:57:00,F,30~39,office,seoul,1,0,0,0,9,0,0,45,0,0,error
5614,U5614,2025-09-15 16:25:00,2025-09-15 16:30:00,F,30~39,office,seoul,0,0,0,0,19,0,0,62,0,0,completed
5615,U5615,2025-06-09 09:32:00,2025-06-09 09:36:00,F,30~39,office,seoul,0,0,0,0,26,0,0,35,0,0,completed
5616,U5616,2025-12-07 15:07:00,2025-12-07 15:14:00,F,40~49,office,seoul,1,0,0,0,11,0,0,12,0,0,completed
5617,U5617,2025-05-19 17:30:00,2025-05-19 17:33:00,M,40~49,office,seoul,0,0,0,0,9,0,0,62,0,0,abandoned
5618,U5618,2025-02-13 09:00:00,2025-02-13 09:03:00,M,20~29,office,seoul,0,0,0,0,24,0,0,70,0,0,completed
5619,U5619,2025-11-22 17:29:00,2025-11-22 17:36:00,F,30~39,office,seoul,1,0,0,0,23,0,0,78,0,0,completed
5620,U5620,2025-08-16 11:32:00,2025-08-16 11:36:00,F,20~29,office,seoul,1,0,0,0,22,0,0,35,0,0,completed
5621,U5621,2025-01-20 16:19:00,2025-01-20 16:25:00,F,30~39,office,seoul,0,0,0,0,29,0,0,27,0,0,completed
5622,U5622,2025-11-03 21:50:00,2025-11-03 21:57:00,F,30~39,office,seoul,0,0,0,0,19,0,0,37,0,0,abandoned
5623,U5623,2025-09-10 16:52:00,2025-09-10 16:59:00,F,50+,office,seoul,0,0,0,0,8,0,0,54,0,0,completed
5624,U5624,2025-04-09 17:49:00,2025-04-09 17:53:00,F,30~39,office,seoul,0,0,0,0,14,0,0,40,0,0,completed
5625,U5625,2025-07-25 21:48:00,2025-07-25 21:51:00,M,30~39,office,seoul,0,0,0,0,9,0,0,33,0,0,completed
5626,U5626,2025-10-06 15:17:00,2025-10-06 15:21:00,F,20~29,office,seoul,0,0,0,0,15,0,0,34,0,0,completed
5627,U5627,2025-08-10 07:10:00,2025-08-10 07:14:00,F,30~39,office,seoul,1,0,0,0,8,0,0,75,0,0,completed
5628,U5628,2025-08-28 18:54:00,2025-08-28 19:01:00,F,40~49,office,seoul,0,0,0,0,20,0,0,70,0,0,completed
5629,U5629,2025-07-16 16:59:00,2025-07-16 17:04:00,F,20~29,office,seoul,0,0,0,0,18,0,0,39,0,0,completed
5630,U5630,2025-09-03 15:40:00,2025-09-03 15:45:00,F,20~29,office,seoul,0,0,0,0,15,0,0,67,0,0,completed
5631,U5631,2025-05-23 08:09:00,2025-05-23 08:16:00,M,20~29,office,seoul,0,0,0,0,11,0,0,40,0,0,completed
5632,U5632,2025-09-25 14:46:00,2025-09-25 14:49:00,M,50+,office,seoul,0,0,0,0,20,0,0,45,0,0,completed
5633,U5633,2025-05-31 14:23:00,2025-05-31 14:30:00,F,20~29,office,seoul,1,0,0,0,0,0,0,78,0,0,completed
5634,U5634,2025-12-07 16:43:00,2025-12-07 16:45:00,M,20~29,office,seoul,1,0,0,0,15,0,0,46,0,0,completed
5635,U5635,2025-05-21 17:39:00,2025-05-21 17:46:00,M,30~39,office,seoul,0,0,0,0,6,0,0,33,0,0,completed
5636,U5636,2025-02-01 14:29:00,2025-02-01 14:32:00,F,20~29,office,seoul,1,0,0,0,8,0,0,42,0,0,completed
5637,U5637,2025-09-01 18:59:00,2025-09-01 19:01:00,M,40~49,office,seoul,0,0,0,0,26,0,0,67,0,0,abandoned
5638,U5638,2025-12-20 18:33:00,2025-12-20 18:39:00,M,40~49,office,seoul,1,0,0,0,9,0,0,73,0,0,completed
5639,U5639,2025-01-26 13:36:00,2025-01-26 13:42:00,F,50+,office,seoul,1,0,0,0,5,0,0,28,0,0,completed
5640,U5640,2025-06-29 12:33:00,2025-06-29 12:38:00,F,20~29,office,seoul,1,0,0,0,4,0,0,21,0,0,completed
5641,U5641,2025-08-30 17:24:00,2025-08-30 17:31:00,F,40~49,office,seoul,1,0,0,0,7,0,0,65,0,0,completed
5642,U5642,2025-08-08 07:59:00,2025-08-08 08:04:00,M,30~39,office,seoul,0,0,0,0,11,0,0,70,0,0,completed
5643,U5643,2025-09-18 21:00:00,2025-09-18 21:06:00,M,50+,office,seoul,0,0,0,0,4,0,0,12,0,0,completed
5644,U5644,2025-08-27 08:02:00,2025-08-27 08:06:00,F,20~29,office,seoul,0,0,0,0,16,0,0,64,0,0,error
5645,U5645,2025-02-25 20:50:00,2025-02-25 20:52:00,F,40~49,office,seoul,0,0,0,0,0,0,0,23,0,0,completed
5646,U5646,2025-06-08 07:28:00,2025-06-08 07:34:00,M,40~49,office,seoul,1,0,0,0,29,0,0,67,0,0,completed
5647,U5647,2025-03-17 14:55:00,2025-03-17 14:58:00,F,40~49,office,seoul,0,0,0,0,27,0,0,57,0,0,completed
5648,U5648,2025-05-15 09:13:00,2025-05-15 09:19:00,M,40~49,office,seoul,0,0,0,0,24,0,0,11,0,0,completed
5649,U5649,2025-12-01 19:42:00,2025-12-01 19:44:00,F,20~29,office,seoul,0,0,0,0,8,0,0,13,0,0,completed
5650,U5650,2025-06-12 08:28:00,2025-06-12 08:32:00,M,40~49,office,seoul,0,0,0,0,0,0,0,39,0,0,abandoned
5651,U5651,2025-09-10 16:21:00,2025-09-10 16:26:00,F,30~39,office,seoul,0,0,0,0,10,0,0,67,0,0,completed
5652,U5652,2025-03-25 08:44:00,2025-03-25 08:48:00,F,40~49,office,seoul,0,0,0,0,17,0,0,37,0,0,completed
5653,U5653,2025-05-21 15:43:00,2025-05-21 15:50:00,F,40~49,office,seoul,0,0,0,0,16,0,0,65,0,0,timeout
5654,U5654,2025-07-03 18:42:00,2025-07-03 18:48:00,M,40~49,office,seoul,0,0,0,0,6,0,0,22,0,0,completed
5655,U5655,2025-12-28 16:33:00,2025-12-28 16:39:00,M,20~29,office,seoul,1,0,0,0,8,0,0,14,0,0,completed
5656,U5656,2025-04-01 13:16:00,2025-04-01 13:22:00,F,50+,office,seoul,0,0,0,0,16,0,0,13,1,0,completed
5657,U5657,2025-02-08 18:10:00,2025-02-08 18:13:00,F,20~29,office,seoul,1,0,0,0,27,0,0,76,0,0,completed
5658,U5658,2025-12-04 14:39:00,2025-12-04 14:41:00,M,30~39,office,seoul,0,0,0,0,21,0,0,42,0,0,completed
5659,U5659,2025-01-02 22:00:00,2025-01-02 22:07:00,M,20~29,office,seoul,0,0,0,0,8,0,0,52,0,0,completed
5660,U5660,2025-01-04 22:36:00,2025-01-04 22:39:00,F,20~29,office,seoul,1,0,0,0,21,0,0,49,0,0,completed
5661,U5661,2025-10-21 14:55:00,2025-10-21 14:59:00,F,20~29,office,seoul,0,0,0,0,15,0,0,58,0,0,completed
5662,U5662,2025-10-15 09:17:00,2025-10-15 09:22:00,F,50+,office,seoul,0,0,0,0,29,0,0,11,0,0,completed
5663,U5663,2025-07-13 08:57:00,2025-07-13 08:59:00,F,20~29,office,seoul,1,0,0,0,11,0,0,39,0,0,completed
5664,U5664,2025-06-05 13:48:00,2025-06-05 13:51:00,F,30~39,office,seoul,0,0,0,0,6,0,0,16,0,0,completed
5665,U5665,2025-01-20 13:58:00,2025-01-20 14:01:00,F,20~29,office,seoul,0,0,0,0,11,0,0,14,0,0,completed
5666,U5666,2025-08-24 14:26:00,2025-08-24 14:30:00,F,20~29,office,seoul,1,0,0,0,13,0,0,79,0,0,completed
5667,U5667,2025-04-08 18:27:00,2025-04-08 18:33:00,F,20~29,office,seoul,0,0,0,0,5,0,0,63,0,0,completed
5668,U5668,2025-12-11 07:52:00,2025-12-11 07:55:00,F,30~39,office,seoul,0,0,0,0,13,0,0,28,0,0,timeout
5669,U5669,2025-12-07 15:13:00,2025-12-07 15:20:00,M,30~39,office,seoul,1,0,0,0,29,0,0,42,0,0,completed
5670,U5670,2025-11-04 17:07:00,2025-11-04 17:14:00,F,40~49,office,seoul,0,0,0,0,10,0,0,60,0,0,completed
5671,U5671,2025-08-07 14:54:00,2025-08-07 14:59:00,M,20~29,office,seoul,0,0,0,0,20,0,0,72,0,0,completed
5672,U5672,2025-11-19 21:35:00,2025-11-19 21:38:00,F,30~39,office,seoul,0,0,0,0,11,0,0,64,0,0,completed
5673,U5673,2025-07-16 13:37:00,2025-07-16 13:44:00,M,30~39,office,seoul,0,0,0,0,23,0,0,68,0,0,completed
5674,U5674,2025-01-14 12:07:00,2025-01-14 12:09:00,M,40~49,office,seoul,0,0,0,0,26,0,0,17,0,0,completed
5675,U5675,2025-12-17 08:37:00,2025-12-17 08:43:00,F,20~29,office,seoul,0,0,0,0,19,0,0,73,0,0,completed
5676,U5676,2025-11-20 19:49:00,2025-11-20 19:52:00,F,30~39,office,seoul,0,0,0,0,22,0,0,58,0,0,completed
5677,U5677,2025-11-09 13:08:00,2025-11-09 13:11:00,M,50+,office,seoul,1,0,0,0,15,0,0,21,0,0,completed
5678,U5678,2025-06-26 11:15:00,2025-06-26 11:17:00,F,30~39,office,seoul,0,0,0,0,15,0,0,17,0,0,completed
5679,U5679,2025-07-22 19:31:00,2025-07-22 19:35:00,M,50+,office,seoul,0,0,0,0,28,0,0,59,0,0,completed
5680,U5680,2025-07-26 11:29:00,2025-07-26 11:34:00,F,30~39,office,seoul,1,0,0,0,15,0,0,41,0,0,completed
5681,U5681,2025-05-09 08:45:00,2025-05-09 08:51:00,M,20~29,office,seoul,0,0,0,0,6,0,0,59,0,0,timeout
5682,U5682,2025-01-10 15:59:00,2025-01-10 16:03:00,F,30~39,office,seoul,0,0,0,0,15,0,0,24,0,0,abandoned
5683,U5683,2025-10-26 15:37:00,2025-10-26 15:39:00,F,20~29,office,seoul,1,0,0,0,7,0,0,22,0,0,completed
5684,U5684,2025-06-28 14:37:00,2025-06-28 14:41:00,M,30~39,office,seoul,1,0,0,0,10,0,0,36,0,0,completed
5685,U5685,2025-10-02 14:13:00,2025-10-02 14:20:00,F,20~29,office,seoul,0,0,0,0,11,0,0,46,0,0,completed
5686,U5686,2025-04-11 15:56:00,2025-04-11 16:01:00,F,30~39,office,seoul,0,0,0,0,3,0,0,76,0,0,completed
5687,U5687,2025-08-06 15:40:00,2025-08-06 15:44:00,F,30~39,office,seoul,0,0,0,0,23,0,0,33,0,0,completed
5688,U5688,2025-03-31 16:47:00,2025-03-31 16:52:00,F,40~49,office,seoul,0,0,0,0,19,0,0,32,0,0,completed
5689,U5689,2025-04-22 11:48:00,2025-04-22 11:51:00,M,40~49,office,seoul,0,0,0,0,21,0,0,18,0,0,completed
5690,U5690,2025-10-01 12:55:00,2025-10-01 12:59:00,F,50+,office,seoul,0,0,0,0,15,0,0,58,0,0,completed
5691,U5691,2025-03-30 16:11:00,2025-03-30 16:14:00,F,20~29,office,seoul,1,0,0,0,5,0,0,70,0,0,completed
5692,U5692,2025-02-25 12:05:00,2025-02-25 12:12:00,F,20~29,office,seoul,0,0,0,0,23,0,0,55,0,0,completed
5693,U5693,2025-11-25 09:27:00,2025-11-25 09:32:00,M,20~29,office,seoul,0,0,0,0,19,0,0,16,0,0,completed
5694,U5694,2025-11-09 14:48:00,2025-11-09 14:51:00,F,30~39,office,seoul,1,0,0,0,20,0,0,67,0,0,completed
5695,U5695,2025-08-22 09:11:00,2025-08-22 09:14:00,F,30~39,office,seoul,0,0,0,0,23,0,0,65,0,0,completed
5696,U5696,2025-06-17 19:24:00,2025-06-17 19:30:00,M,20~29,office,seoul,0,0,0,0,6,0,0,74,0,0,completed
5697,U5697,2025-10-30 13:57:00,2025-10-30 13:59:00,M,30~39,office,seoul,0,0,0,0,25,0,0,36,0,0,completed
5698,U5698,2025-06-05 09:35:00,2025-06-05 09:37:00,M,30~39,office,seoul,0,0,0,0,1,0,0,55,0,0,completed
5699,U5699,2025-05-05 15:46:00,2025-05-05 15:50:00,M,40~49,office,seoul,0,0,0,0,7,0,0,24,0,0,completed
5700,U5700,2025-10-01 17:03:00,2025-10-01 17:10:00,F,30~39,office,seoul,0,0,0,0,29,0,0,15,0,0,completed
5701,U5701,2025-09-22 12:58:00,2025-09-22 13:01:00,M,30~39,office,seoul,0,0,0,0,29,0,0,24,0,0,completed
5702,U5702,2025-02-21 09:22:00,2025-02-21 09:24:00,M,20~29,office,seoul,0,0,0,0,9,0,0,12,0,0,completed
5703,U5703,2025-11-14 16:48:00,2025-11-14 16:51:00,M,20~29,office,seoul,0,0,0,0,25,0,0,39,0,0,completed
5704,U5704,2025-01-23 09:17:00,2025-01-23 09:21:00,F,30~39,office,seoul,0,0,0,0,29,0,0,49,0,0,completed
5705,U5705,2025-11-13 09:38:00,2025-11-13 09:43:00,M,20~29,office,seoul,0,0,0,0,28,0,0,22,0,0,completed
5706,U5706,2025-11-13 08:38:00,2025-11-13 08:45:00,F,40~49,office,seoul,0,0,0,0,5,0,0,24,0,1,completed
5707,U5707,2025-10-03 16:26:00,2025-10-03 16:32:00,M,20~29,office,seoul,0,0,0,0,22,0,0,60,0,0,completed
5708,U5708,2025-08-09 16:25:00,2025-08-09 16:29:00,M,30~39,office,seoul,1,0,0,0,9,0,0,45,0,0,abandoned
5709,U5709,2025-02-24 16:09:00,2025-02-24 16:12:00,M,20~29,office,seoul,0,0,0,0,21,0,0,14,0,0,completed
5710,U5710,2025-06-16 13:23:00,2025-06-16 13:26:00,M,20~29,office,seoul,0,0,0,0,13,0,0,70,0,0,completed
5711,U5711,2025-10-19 08:05:00,2025-10-19 08:07:00,F,30~39,office,seoul,1,0,0,0,8,0,0,63,0,0,completed
5712,U5712,2025-01-10 08:35:00,2025-01-10 08:40:00,F,30~39,office,seoul,0,0,0,0,28,0,0,10,0,0,completed
5713,U5713,2025-04-15 15:32:00,2025-04-15 15:39:00,M,30~39,office,seoul,0,0,0,0,7,0,0,37,0,0,completed
5714,U5714,2025-08-07 17:50:00,2025-08-07 17:53:00,M,40~49,office,seoul,0,0,0,0,3,0,0,75,0,0,completed
5715,U5715,2025-04-15 16:28:00,2025-04-15 16:35:00,F,50+,office,seoul,0,0,0,0,17,0,0,37,0,0,completed
5716,U5716,2025-08-18 15:57:00,2025-08-18 16:01:00,F,30~39,office,seoul,0,0,0,0,7,0,0,32,0,0,completed
5717,U5717,2025-12-13 14:48:00,2025-12-13 14:53:00,M,50+,office,seoul,1,0,0,0,3,0,0,40,0,0,completed
5718,U5718,2025-07-19 15:13:00,2025-07-19 15:16:00,F,30~39,office,seoul,1,0,0,0,24,0,0,41,0,0,completed
5719,U5719,2025-08-10 15:56:00,2025-08-10 16:00:00,M,30~39,office,seoul,1,0,0,0,29,0,0,46,0,0,completed
5720,U5720,2025-09-03 18:42:00,2025-09-03 18:44:00,M,50+,office,seoul,0,0,0,0,27,0,0,47,0,0,completed
5721,U5721,2025-03-19 15:11:00,2025-03-19 15:16:00,F,20~29,office,seoul,0,0,0,0,17,0,0,67,0,0,completed
5722,U5722,2025-03-26 17:49:00,2025-03-26 17:55:00,F,50+,office,seoul,0,0,0,0,13,0,0,17,0,0,completed
5723,U5723,2025-01-11 18:32:00,2025-01-11 18:36:00,M,20~29,office,seoul,1,0,0,0,4,0,0,35,0,0,completed
5724,U5724,2025-10-11 16:18:00,2025-10-11 16:24:00,M,50+,office,seoul,1,0,0,0,23,0,0,30,0,0,completed
5725,U5725,2025-10-12 19:39:00,2025-10-12 19:46:00,M,30~39,office,seoul,1,0,0,0,11,0,0,33,0,0,completed
5726,U5726,2025-12-13 16:20:00,2025-12-13 16:27:00,M,50+,office,seoul,1,0,0,0,0,0,0,77,0,0,completed
5727,U5727,2025-03-21 15:34:00,2025-03-21 15:41:00,F,30~39,office,seoul,0,0,0,0,23,0,0,13,0,0,timeout
5728,U5728,2025-08-19 18:15:00,2025-08-19 18:20:00,M,30~39,office,seoul,0,0,0,0,18,0,0,51,0,0,completed
5729,U5729,2025-07-31 13:49:00,2025-07-31 13:51:00,F,40~49,office,seoul,0,0,0,0,25,0,0,13,0,0,completed
5730,U5730,2025-05-12 15:28:00,2025-05-12 15:31:00,F,20~29,office,seoul,0,0,0,0,14,0,0,33,0,0,completed
5731,U5731,2025-07-11 13:07:00,2025-07-11 13:13:00,F,30~39,office,seoul,0,0,0,0,17,0,0,11,0,0,completed
5732,U5732,2025-03-19 14:35:00,2025-03-19 14:41:00,F,50+,office,seoul,0,0,0,0,10,0,0,49,1,0,completed
5733,U5733,2025-12-20 09:33:00,2025-12-20 09:35:00,F,40~49,office,seoul,1,0,0,0,17,0,0,63,0,0,completed
5734,U5734,2025-04-26 08:06:00,2025-04-26 08:09:00,F,40~49,office,seoul,1,0,0,0,8,0,0,74,0,0,completed
5735,U5735,2025-08-14 08:25:00,2025-08-14 08:30:00,F,20~29,office,seoul,0,0,0,0,16,0,0,21,0,0,completed
5736,U5736,2025-03-05 09:38:00,2025-03-05 09:41:00,M,20~29,office,seoul,0,0,0,0,20,0,0,39,0,0,completed
5737,U5737,2025-03-01 18:29:00,2025-03-01 18:32:00,F,30~39,office,seoul,1,0,0,0,27,0,0,14,0,0,completed
5738,U5738,2025-03-18 16:54:00,2025-03-18 16:58:00,F,50+,office,seoul,0,0,0,0,1,0,0,49,0,0,abandoned
5739,U5739,2025-08-02 18:24:00,2025-08-02 18:30:00,F,30~39,office,seoul,1,0,0,0,11,0,0,63,0,0,completed
5740,U5740,2025-01-22 12:39:00,2025-01-22 12:41:00,M,20~29,office,seoul,0,0,0,0,16,0,0,76,0,0,completed
5741,U5741,2025-07-02 15:11:00,2025-07-02 15:16:00,F,20~29,office,seoul,0,0,0,0,1,0,0,31,0,0,abandoned
5742,U5742,2025-09-01 20:51:00,2025-09-01 20:53:00,M,20~29,office,seoul,0,0,0,0,25,0,0,10,0,0,completed
5743,U5743,2025-04-24 15:15:00,2025-04-24 15:21:00,F,20~29,office,seoul,0,0,0,0,5,0,0,30,0,0,completed
5744,U5744,2025-02-09 12:59:00,2025-02-09 13:06:00,F,30~39,office,seoul,1,0,0,0,7,0,0,23,0,0,completed
5745,U5745,2025-11-10 09:08:00,2025-11-10 09:12:00,F,50+,office,seoul,0,0,0,0,17,0,0,18,0,0,completed
5746,U5746,2025-01-05 12:49:00,2025-01-05 12:51:00,F,50+,office,seoul,1,0,0,0,24,0,0,63,0,0,completed
5747,U5747,2025-01-26 15:26:00,2025-01-26 15:28:00,F,30~39,office,seoul,1,0,0,0,6,0,0,24,0,0,completed
5748,U5748,2025-01-21 16:29:00,2025-01-21 16:33:00,F,30~39,office,seoul,0,0,0,0,28,0,0,38,0,0,completed
5749,U5749,2025-07-31 08:18:00,2025-07-31 08:20:00,F,20~29,office,seoul,0,0,0,0,5,0,0,34,0,0,completed
5750,U5750,2025-02-12 11:42:00,2025-02-12 11:46:00,F,20~29,office,seoul,0,0,0,0,17,0,0,58,0,0,completed
5751,U5751,2025-01-22 12:02:00,2025-01-22 12:09:00,M,50+,office,seoul,0,0,0,0,25,0,0,31,0,0,completed
5752,U5752,2025-01-26 14:43:00,2025-01-26 14:47:00,F,20~29,office,seoul,1,0,0,0,22,0,0,51,0,0,completed
5753,U5753,2025-10-02 14:25:00,2025-10-02 14:32:00,F,50+,office,seoul,0,0,0,0,3,0,0,72,1,0,error
5754,U5754,2025-06-06 14:37:00,2025-06-06 14:40:00,M,20~29,office,seoul,0,0,0,0,19,0,0,43,0,0,completed
5755,U5755,2025-03-19 17:16:00,2025-03-19 17:18:00,M,40~49,office,seoul,0,0,0,0,24,0,0,60,0,0,completed
5756,U5756,2025-11-03 08:36:00,2025-11-03 08:38:00,F,50+,office,seoul,0,0,0,0,20,0,0,68,0,0,completed
5757,U5757,2025-11-18 07:29:00,2025-11-18 07:32:00,F,20~29,office,seoul,0,0,0,0,1,0,0,16,0,0,completed
5758,U5758,2025-04-25 12:22:00,2025-04-25 12:29:00,F,30~39,office,seoul,0,0,0,0,23,0,0,63,0,0,completed
5759,U5759,2025-03-09 12:36:00,2025-03-09 12:40:00,M,40~49,office,seoul,1,0,0,0,15,0,0,56,0,1,completed
5760,U5760,2025-06-04 16:21:00,2025-06-04 16:24:00,M,20~29,office,seoul,0,0,0,0,17,0,0,42,0,0,completed
5761,U5761,2025-03-18 08:32:00,2025-03-18 08:34:00,M,20~29,office,seoul,0,0,0,0,10,0,0,26,0,0,completed
5762,U5762,2025-01-05 16:32:00,2025-01-05 16:38:00,M,50+,office,seoul,1,0,0,0,23,0,0,29,0,0,completed
5763,U5763,2025-12-13 09:40:00,2025-12-13 09:45:00,M,30~39,office,seoul,1,0,0,0,15,0,0,47,0,0,completed
5764,U5764,2025-07-04 09:09:00,2025-07-04 09:12:00,M,20~29,office,seoul,0,0,0,0,21,0,0,50,0,0,completed
5765,U5765,2025-03-27 12:52:00,2025-03-27 12:55:00,F,20~29,office,seoul,0,0,0,0,15,0,0,29,0,0,completed
5766,U5766,2025-06-03 11:27:00,2025-06-03 11:31:00,F,20~29,office,seoul,0,0,0,0,22,0,0,67,0,0,completed
5767,U5767,2025-08-10 07:25:00,2025-08-10 07:31:00,F,20~29,office,seoul,1,0,0,0,9,0,0,30,0,0,completed
5768,U5768,2025-04-05 13:40:00,2025-04-05 13:47:00,M,20~29,office,seoul,1,0,0,0,4,0,0,29,0,0,completed
5769,U5769,2025-10-12 11:40:00,2025-10-12 11:42:00,F,30~39,office,seoul,1,0,0,0,0,0,0,73,0,0,completed
5770,U5770,2025-03-11 07:13:00,2025-03-11 07:18:00,M,50+,office,seoul,0,0,0,0,10,0,0,10,0,0,completed
5771,U5771,2025-12-20 13:40:00,2025-12-20 13:46:00,M,30~39,office,seoul,1,0,0,0,20,0,0,67,0,0,completed
5772,U5772,2025-01-27 16:11:00,2025-01-27 16:17:00,M,20~29,office,seoul,0,0,0,0,8,0,0,69,0,0,completed
5773,U5773,2025-06-09 15:01:00,2025-06-09 15:07:00,F,40~49,office,seoul,0,0,0,0,27,0,0,34,0,0,completed
5774,U5774,2025-01-31 09:15:00,2025-01-31 09:21:00,F,30~39,office,seoul,0,0,0,0,8,0,0,33,0,1,completed
5775,U5775,2025-09-09 19:26:00,2025-09-09 19:30:00,F,40~49,office,seoul,0,0,0,0,2,0,0,39,0,0,completed
5776,U5776,2025-07-14 15:20:00,2025-07-14 15:25:00,M,50+,office,seoul,0,0,0,0,23,0,0,36,0,0,completed
5777,U5777,2025-01-08 08:34:00,2025-01-08 08:38:00,F,30~39,office,seoul,0,0,0,0,18,0,0,42,0,0,completed
5778,U5778,2025-05-11 09:30:00,2025-05-11 09:36:00,F,50+,office,seoul,1,0,0,0,1,0,0,65,0,0,abandoned
5779,U5779,2025-06-17 17:59:00,2025-06-17 18:04:00,M,40~49,office,seoul,0,0,0,0,18,0,0,10,0,0,completed
5780,U5780,2025-12-02 09:51:00,2025-12-02 09:56:00,F,40~49,office,seoul,0,0,0,0,23,0,0,19,0,0,completed
5781,U5781,2025-05-12 09:20:00,2025-05-12 09:24:00,M,30~39,office,seoul,0,0,0,0,21,0,0,20,0,0,error
5782,U5782,2025-04-01 16:54:00,2025-04-01 16:59:00,F,20~29,office,seoul,0,0,0,0,8,0,0,32,0,0,completed
5783,U5783,2025-06-27 11:06:00,2025-06-27 11:12:00,M,50+,office,seoul,0,0,0,0,0,0,0,30,0,0,completed
5784,U5784,2025-08-09 22:56:00,2025-08-09 22:59:00,M,30~39,office,seoul,1,0,0,0,2,0,0,62,0,0,timeout
5785,U5785,2025-03-11 16:37:00,2025-03-11 16:40:00,M,40~49,office,seoul,0,0,0,0,2,0,0,35,0,0,completed
5786,U5786,2025-01-10 14:10:00,2025-01-10 14:12:00,M,30~39,office,seoul,0,0,0,0,4,0,0,44,0,0,completed
5787,U5787,2025-01-28 12:18:00,2025-01-28 12:21:00,F,30~39,office,seoul,0,0,0,0,1,0,0,22,0,0,completed
5788,U5788,2025-10-18 19:56:00,2025-10-18 20:01:00,M,40~49,office,seoul,1,0,0,0,23,0,0,53,0,0,completed
5789,U5789,2025-11-19 12:49:00,2025-11-19 12:53:00,F,20~29,office,seoul,0,0,0,0,13,0,0,44,0,0,completed
5790,U5790,2025-08-05 15:12:00,2025-08-05 15:18:00,M,20~29,office,seoul,0,0,0,0,22,0,0,31,0,0,abandoned
5791,U5791,2025-11-20 17:56:00,2025-11-20 17:58:00,F,30~39,office,seoul,0,0,0,0,24,0,0,49,0,0,error
5792,U5792,2025-10-22 16:06:00,2025-10-22 16:08:00,F,30~39,office,seoul,0,0,0,0,24,0,0,19,0,0,completed
5793,U5793,2025-12-11 16:26:00,2025-12-11 16:30:00,F,30~39,office,seoul,0,0,0,0,2,0,0,11,0,0,completed
5794,U5794,2025-02-09 08:30:00,2025-02-09 08:33:00,F,30~39,office,seoul,1,0,0,0,22,0,0,27,0,0,completed
5795,U5795,2025-07-09 15:33:00,2025-07-09 15:39:00,M,40~49,office,seoul,0,0,0,0,10,0,0,32,0,0,completed
5796,U5796,2025-07-04 09:14:00,2025-07-04 09:21:00,F,20~29,office,seoul,0,0,0,0,12,0,0,77,0,0,timeout
5797,U5797,2025-08-08 16:56:00,2025-08-08 17:01:00,M,30~39,office,seoul,0,0,0,0,19,0,0,34,0,1,abandoned
5798,U5798,2025-04-23 11:13:00,2025-04-23 11:18:00,M,40~49,office,seoul,0,0,0,0,7,0,0,65,0,0,completed
5799,U5799,2025-04-24 14:33:00,2025-04-24 14:36:00,M,30~39,office,seoul,0,0,0,0,11,0,0,20,0,0,completed
5800,U5800,2025-08-30 14:13:00,2025-08-30 14:19:00,F,30~39,office,seoul,1,0,0,0,11,0,0,46,0,0,completed
5801,U5801,2025-06-25 17:54:00,2025-06-25 17:56:00,F,30~39,office,seoul,0,0,0,0,16,0,0,76,0,0,completed
5802,U5802,2025-10-22 11:10:00,2025-10-22 11:14:00,F,50+,office,seoul,0,0,0,0,19,0,0,18,0,0,abandoned
5803,U5803,2025-11-09 16:25:00,2025-11-09 16:30:00,F,40~49,office,seoul,1,0,0,0,8,0,0,71,0,0,abandoned
5804,U5804,2025-04-09 18:18:00,2025-04-09 18:23:00,M,30~39,office,seoul,0,0,0,0,24,0,0,22,0,0,completed
5805,U5805,2025-04-03 15:35:00,2025-04-03 15:38:00,M,20~29,office,seoul,0,0,0,0,17,0,0,29,0,0,completed
5806,U5806,2025-09-26 09:32:00,2025-09-26 09:36:00,F,50+,office,seoul,0,0,0,0,21,0,0,12,1,0,completed
5807,U5807,2025-09-12 15:36:00,2025-09-12 15:43:00,M,30~39,office,seoul,0,0,0,0,22,0,0,31,0,0,completed
5808,U5808,2025-02-14 16:57:00,2025-02-14 16:59:00,M,20~29,office,seoul,0,0,0,0,22,0,0,19,0,0,completed
5809,U5809,2025-06-23 14:52:00,2025-06-23 14:56:00,F,30~39,office,seoul,0,0,0,0,19,0,0,26,1,0,completed
5810,U5810,2025-10-23 08:57:00,2025-10-23 09:00:00,F,30~39,office,seoul,0,0,0,0,11,0,0,79,0,0,completed
5811,U5811,2025-04-17 13:04:00,2025-04-17 13:08:00,F,20~29,office,seoul,0,0,0,0,16,0,0,39,0,0,abandoned
5812,U5812,2025-11-10 16:59:00,2025-11-10 17:06:00,M,30~39,office,seoul,0,0,0,0,23,0,0,26,0,0,completed
5813,U5813,2025-01-31 16:33:00,2025-01-31 16:38:00,M,30~39,office,seoul,0,0,0,0,21,0,0,75,0,0,completed
5814,U5814,2025-10-01 09:47:00,2025-10-01 09:53:00,M,20~29,office,seoul,0,0,0,0,28,0,0,55,0,0,completed
5815,U5815,2025-10-08 09:39:00,2025-10-08 09:44:00,M,30~39,office,seoul,0,0,0,0,22,0,0,59,0,0,completed
5816,U5816,2025-03-04 09:31:00,2025-03-04 09:33:00,M,20~29,office,seoul,0,0,0,0,16,0,0,30,0,0,completed
5817,U5817,2025-04-02 19:20:00,2025-04-02 19:26:00,M,20~29,office,seoul,0,0,0,0,20,0,0,41,0,0,completed
5818,U5818,2025-12-30 20:31:00,2025-12-30 20:38:00,F,30~39,office,seoul,0,0,0,0,20,0,0,30,0,0,completed
5819,U5819,2025-04-28 13:31:00,2025-04-28 13:37:00,F,20~29,office,seoul,0,0,0,0,27,0,0,42,0,0,completed
5820,U5820,2025-08-16 16:37:00,2025-08-16 16:39:00,F,50+,office,seoul,1,0,0,0,4,0,0,65,0,0,completed
5821,U5821,2025-04-12 09:05:00,2025-04-12 09:08:00,F,30~39,office,seoul,1,0,0,0,5,0,0,42,0,0,completed
5822,U5822,2025-12-13 21:48:00,2025-12-13 21:55:00,F,30~39,office,seoul,1,0,0,0,12,0,0,65,0,0,completed
5823,U5823,2025-06-14 17:34:00,2025-06-14 17:37:00,M,50+,office,seoul,1,0,0,0,1,0,0,77,0,0,completed
5824,U5824,2025-05-01 12:12:00,2025-05-01 12:14:00,F,20~29,office,seoul,0,0,0,0,11,0,0,48,0,0,completed
5825,U5825,2025-04-12 15:39:00,2025-04-12 15:46:00,F,20~29,office,seoul,1,0,0,0,14,0,0,45,0,0,completed
5826,U5826,2025-12-14 08:14:00,2025-12-14 08:20:00,M,50+,office,seoul,1,0,0,0,4,0,0,69,1,0,completed
5827,U5827,2025-01-26 15:15:00,2025-01-26 15:21:00,M,40~49,office,seoul,1,0,0,0,2,0,0,42,0,0,abandoned
5828,U5828,2025-05-10 09:11:00,2025-05-10 09:16:00,F,50+,office,seoul,1,0,0,0,23,0,0,79,0,0,completed
5829,U5829,2025-03-24 11:15:00,2025-03-24 11:19:00,F,20~29,office,seoul,0,0,0,0,14,0,0,76,0,0,error
5830,U5830,2025-05-08 16:25:00,2025-05-08 16:28:00,M,20~29,office,seoul,0,0,0,0,14,0,0,41,0,0,completed
5831,U5831,2025-03-18 15:18:00,2025-03-18 15:25:00,F,40~49,office,seoul,0,0,0,0,18,0,0,38,0,0,completed
5832,U5832,2025-01-27 08:26:00,2025-01-27 08:30:00,M,50+,office,seoul,0,0,0,0,1,0,0,28,0,1,completed
5833,U5833,2025-11-09 14:27:00,2025-11-09 14:31:00,M,20~29,office,seoul,1,0,0,0,11,0,0,53,0,0,completed
5834,U5834,2025-02-12 17:50:00,2025-02-12 17:54:00,F,50+,office,seoul,0,0,0,0,24,0,0,19,0,0,completed
5835,U5835,2025-12-07 08:20:00,2025-12-07 08:27:00,F,40~49,office,seoul,1,0,0,0,22,0,0,26,0,0,completed
5836,U5836,2025-08-23 11:57:00,2025-08-23 12:00:00,F,30~39,office,seoul,1,0,0,0,27,0,0,20,0,1,completed
5837,U5837,2025-02-18 09:13:00,2025-02-18 09:19:00,F,40~49,office,seoul,0,0,0,0,16,0,0,35,0,0,completed
5838,U5838,2025-08-17 09:42:00,2025-08-17 09:47:00,M,30~39,office,seoul,1,0,0,0,13,0,0,53,0,0,abandoned
5839,U5839,2025-02-05 20:25:00,2025-02-05 20:29:00,F,20~29,office,seoul,0,0,0,0,8,0,0,50,0,0,completed
5840,U5840,2025-12-02 20:13:00,2025-12-02 20:19:00,M,30~39,office,seoul,0,0,0,0,1,0,0,62,0,0,completed
5841,U5841,2025-12-25 18:35:00,2025-12-25 18:37:00,F,30~39,office,seoul,0,0,0,0,26,0,0,70,0,0,completed
5842,U5842,2025-10-08 14:56:00,2025-10-08 15:00:00,M,30~39,office,seoul,0,0,0,0,0,0,0,20,0,0,abandoned
5843,U5843,2025-04-24 08:32:00,2025-04-24 08:39:00,F,20~29,office,seoul,0,0,0,0,19,0,0,14,0,0,completed
5844,U5844,2025-11-17 13:36:00,2025-11-17 13:40:00,F,40~49,office,seoul,0,0,0,0,7,0,0,46,0,0,completed
5845,U5845,2025-04-07 17:03:00,2025-04-07 17:08:00,F,30~39,office,seoul,0,0,0,0,25,0,0,34,0,0,completed
5846,U5846,2025-11-27 16:15:00,2025-11-27 16:20:00,F,50+,office,seoul,0,0,0,0,27,0,0,53,0,0,completed
5847,U5847,2025-01-31 15:12:00,2025-01-31 15:14:00,F,40~49,office,seoul,0,0,0,0,3,0,0,25,0,0,completed
5848,U5848,2025-04-30 11:58:00,2025-04-30 12:02:00,F,50+,office,seoul,0,0,0,0,16,0,0,48,0,0,completed
5849,U5849,2025-07-02 12:58:00,2025-07-02 13:02:00,M,30~39,office,seoul,0,0,0,0,21,0,0,37,0,0,completed
5850,U5850,2025-07-16 12:23:00,2025-07-16 12:26:00,F,30~39,office,seoul,0,0,0,0,28,0,0,25,0,0,completed
5851,U5851,2025-03-13 07:34:00,2025-03-13 07:41:00,M,50+,office,seoul,0,0,0,0,28,0,0,39,0,0,completed
5852,U5852,2025-12-07 12:20:00,2025-12-07 12:24:00,F,40~49,office,seoul,1,0,0,0,12,0,0,73,0,0,completed
5853,U5853,2025-04-06 09:49:00,2025-04-06 09:56:00,F,40~49,office,seoul,1,0,0,0,26,0,0,36,0,0,abandoned
5854,U5854,2025-02-03 18:55:00,2025-02-03 18:57:00,M,20~29,office,seoul,0,0,0,0,24,0,0,51,0,0,completed
5855,U5855,2025-09-28 14:12:00,2025-09-28 14:16:00,M,30~39,office,seoul,1,0,0,0,26,0,0,37,0,0,completed
5856,U5856,2025-03-15 11:11:00,2025-03-15 11:14:00,F,30~39,office,seoul,1,0,0,0,24,0,0,24,0,0,completed
5857,U5857,2025-10-30 21:20:00,2025-10-30 21:22:00,F,30~39,office,seoul,0,0,0,0,16,0,0,19,0,0,completed
5858,U5858,2025-03-11 17:04:00,2025-03-11 17:08:00,M,30~39,office,seoul,0,0,0,0,28,0,0,56,0,0,completed
5859,U5859,2025-05-17 17:50:00,2025-05-17 17:52:00,F,40~49,office,seoul,1,0,0,0,28,0,0,31,0,0,completed
5860,U5860,2025-06-15 15:09:00,2025-06-15 15:11:00,F,40~49,office,seoul,1,0,0,0,28,0,0,21,0,0,completed
5861,U5861,2025-01-19 13:00:00,2025-01-19 13:05:00,F,20~29,office,seoul,1,0,0,0,15,0,0,33,0,0,completed
5862,U5862,2025-02-14 08:36:00,2025-02-14 08:38:00,M,50+,office,seoul,0,0,0,0,8,0,0,19,0,0,completed
5863,U5863,2025-09-10 07:57:00,2025-09-10 08:03:00,F,30~39,office,seoul,0,0,0,0,28,0,0,71,0,0,completed
5864,U5864,2025-10-04 17:14:00,2025-10-04 17:16:00,F,40~49,office,seoul,1,0,0,0,17,0,0,53,0,0,completed
5865,U5865,2025-03-23 16:58:00,2025-03-23 17:02:00,F,30~39,office,seoul,1,0,0,0,7,0,0,72,0,0,completed
5866,U5866,2025-09-15 14:36:00,2025-09-15 14:42:00,M,50+,office,seoul,0,0,0,0,11,0,0,61,1,1,completed
5867,U5867,2025-07-26 11:09:00,2025-07-26 11:16:00,M,20~29,office,seoul,1,0,0,0,1,0,0,29,0,0,completed
5868,U5868,2025-02-27 16:02:00,2025-02-27 16:09:00,F,50+,office,seoul,0,0,0,0,17,0,0,77,0,0,error
5869,U5869,2025-09-30 14:10:00,2025-09-30 14:16:00,M,30~39,office,seoul,0,0,0,0,26,0,0,42,0,0,completed
5870,U5870,2025-02-06 14:49:00,2025-02-06 14:53:00,F,40~49,office,seoul,0,0,0,0,10,0,0,30,0,0,completed
5871,U5871,2025-03-04 16:53:00,2025-03-04 16:58:00,F,20~29,office,seoul,0,0,0,0,27,0,0,52,0,0,error
5872,U5872,2025-11-20 09:04:00,2025-11-20 09:06:00,F,30~39,office,seoul,0,0,0,0,28,0,0,14,0,0,completed
5873,U5873,2025-02-24 15:01:00,2025-02-24 15:05:00,F,20~29,office,seoul,0,0,0,0,0,0,0,16,0,0,abandoned
5874,U5874,2025-08-28 13:01:00,2025-08-28 13:06:00,F,40~49,office,seoul,0,0,0,0,12,0,0,71,0,0,completed
5875,U5875,2025-09-24 17:00:00,2025-09-24 17:02:00,F,50+,office,seoul,0,0,0,0,26,0,0,17,0,0,completed
5876,U5876,2025-09-17 16:07:00,2025-09-17 16:10:00,F,30~39,office,seoul,0,0,0,0,16,0,0,18,0,0,error
5877,U5877,2025-02-16 11:03:00,2025-02-16 11:09:00,M,30~39,office,seoul,1,0,0,0,17,0,0,49,0,0,abandoned
5878,U5878,2025-08-05 07:08:00,2025-08-05 07:11:00,F,50+,office,seoul,0,0,0,0,0,0,0,56,0,0,completed
5879,U5879,2025-09-12 15:06:00,2025-09-12 15:11:00,F,20~29,office,seoul,0,0,0,0,12,0,0,61,0,0,completed
5880,U5880,2025-08-17 15:46:00,2025-08-17 15:52:00,M,30~39,office,seoul,1,0,0,0,16,0,0,11,0,0,completed
5881,U5881,2025-12-13 09:16:00,2025-12-13 09:22:00,F,20~29,office,seoul,1,0,0,0,0,0,0,33,0,0,timeout
5882,U5882,2025-12-04 18:18:00,2025-12-04 18:22:00,F,30~39,office,seoul,0,0,0,0,24,0,0,68,0,0,completed
5883,U5883,2025-03-07 18:47:00,2025-03-07 18:50:00,F,50+,office,seoul,0,0,0,0,26,0,0,41,0,0,completed
5884,U5884,2025-03-20 12:11:00,2025-03-20 12:18:00,F,20~29,office,seoul,0,0,0,0,0,0,0,63,0,0,completed
5885,U5885,2025-03-05 12:01:00,2025-03-05 12:07:00,F,50+,office,seoul,0,0,0,0,24,0,0,12,0,0,completed
5886,U5886,2025-03-25 11:00:00,2025-03-25 11:04:00,M,20~29,office,seoul,0,0,0,0,22,0,0,32,0,0,completed
5887,U5887,2025-10-10 07:33:00,2025-10-10 07:38:00,F,20~29,office,seoul,0,0,0,0,13,0,0,21,0,0,timeout
5888,U5888,2025-04-28 12:09:00,2025-04-28 12:13:00,F,20~29,office,seoul,0,0,0,0,10,0,0,17,0,0,completed
5889,U5889,2025-09-16 13:44:00,2025-09-16 13:49:00,M,20~29,office,seoul,0,0,0,0,9,0,0,76,0,0,completed
5890,U5890,2025-02-28 18:04:00,2025-02-28 18:08:00,F,30~39,office,seoul,0,0,0,0,17,0,0,72,0,1,completed
5891,U5891,2025-11-23 07:25:00,2025-11-23 07:32:00,F,40~49,office,seoul,1,0,0,0,6,0,0,61,0,0,completed
5892,U5892,2025-12-07 12:19:00,2025-12-07 12:22:00,F,50+,office,seoul,1,0,0,0,5,0,0,77,0,0,completed
5893,U5893,2025-06-03 13:12:00,2025-06-03 13:16:00,M,40~49,office,seoul,0,0,0,0,28,0,0,56,0,0,timeout
5894,U5894,2025-08-28 21:04:00,2025-08-28 21:09:00,M,30~39,office,seoul,0,0,0,0,28,0,0,29,0,0,completed
5895,U5895,2025-04-18 19:01:00,2025-04-18 19:04:00,M,50+,office,seoul,0,0,0,0,10,0,0,40,0,0,completed
5896,U5896,2025-02-09 09:45:00,2025-02-09 09:47:00,M,20~29,office,seoul,1,0,0,0,8,0,0,22,0,0,completed
5897,U5897,2025-01-20 16:41:00,2025-01-20 16:45:00,F,50+,office,seoul,0,0,0,0,18,0,0,75,0,0,completed
5898,U5898,2025-05-09 08:26:00,2025-05-09 08:33:00,M,50+,office,seoul,0,0,0,0,12,0,0,14,0,0,completed
5899,U5899,2025-02-25 17:45:00,2025-02-25 17:51:00,M,50+,office,seoul,0,0,0,0,6,0,0,20,0,0,completed
5900,U5900,2025-12-17 08:02:00,2025-12-17 08:07:00,F,20~29,office,seoul,0,0,0,0,15,0,0,15,0,0,completed
5901,U5901,2025-08-22 07:12:00,2025-08-22 07:14:00,F,40~49,office,seoul,0,0,0,0,22,0,0,52,0,0,completed
5902,U5902,2025-10-13 14:32:00,2025-10-13 14:37:00,F,40~49,office,seoul,0,0,0,0,12,0,0,66,0,0,completed
5903,U5903,2025-10-20 13:49:00,2025-10-20 13:51:00,M,30~39,office,seoul,0,0,0,0,16,0,0,56,0,0,completed
5904,U5904,2025-06-07 14:41:00,2025-06-07 14:47:00,F,20~29,office,seoul,1,0,0,0,25,0,0,32,0,0,completed
5905,U5905,2025-11-01 17:40:00,2025-11-01 17:45:00,M,40~49,office,seoul,1,0,0,0,7,0,0,58,0,0,completed
5906,U5906,2025-01-16 07:19:00,2025-01-16 07:25:00,F,30~39,office,seoul,0,0,0,0,3,0,0,66,0,0,completed
5907,U5907,2025-09-29 16:39:00,2025-09-29 16:44:00,F,30~39,office,seoul,0,0,0,0,29,0,0,39,0,0,completed
5908,U5908,2025-09-20 08:12:00,2025-09-20 08:18:00,F,50+,office,seoul,1,0,0,0,1,0,0,19,0,0,completed
5909,U5909,2025-02-11 17:57:00,2025-02-11 18:01:00,F,30~39,office,seoul,0,0,0,0,24,0,0,10,0,0,completed
5910,U5910,2025-07-26 19:51:00,2025-07-26 19:57:00,M,50+,office,seoul,1,0,0,0,23,0,0,50,0,0,completed
5911,U5911,2025-03-30 15:34:00,2025-03-30 15:40:00,M,50+,office,seoul,1,0,0,0,7,0,0,53,0,0,completed
5912,U5912,2025-07-14 21:47:00,2025-07-14 21:50:00,M,20~29,office,seoul,0,0,0,0,28,0,0,38,0,0,completed
5913,U5913,2025-12-13 15:34:00,2025-12-13 15:41:00,M,50+,office,seoul,1,0,0,0,25,0,0,74,0,0,completed
5914,U5914,2025-02-07 07:51:00,2025-02-07 07:53:00,M,30~39,office,seoul,0,0,0,0,16,0,0,15,0,0,completed
5915,U5915,2025-08-03 11:45:00,2025-08-03 11:48:00,F,20~29,office,seoul,1,0,0,0,4,0,0,45,0,0,completed
5916,U5916,2025-09-03 16:18:00,2025-09-03 16:25:00,F,20~29,office,seoul,0,0,0,0,13,0,0,60,0,0,completed
5917,U5917,2025-01-18 16:09:00,2025-01-18 16:15:00,M,50+,office,seoul,1,0,0,0,6,0,0,11,0,0,completed
5918,U5918,2025-05-18 09:38:00,2025-05-18 09:45:00,M,40~49,office,seoul,1,0,0,0,21,0,0,46,0,0,completed
5919,U5919,2025-05-09 09:09:00,2025-05-09 09:16:00,M,30~39,office,seoul,0,0,0,0,6,0,0,54,0,0,completed
5920,U5920,2025-08-20 09:15:00,2025-08-20 09:19:00,M,30~39,office,seoul,0,0,0,0,1,0,0,53,0,0,completed
5921,U5921,2025-03-29 19:18:00,2025-03-29 19:24:00,F,20~29,office,seoul,1,0,0,0,28,0,0,31,0,0,completed
5922,U5922,2025-03-02 09:02:00,2025-03-02 09:07:00,M,40~49,office,seoul,1,0,0,0,22,0,0,37,0,0,completed
5923,U5923,2025-03-04 20:30:00,2025-03-04 20:34:00,F,50+,office,seoul,0,0,0,0,20,0,0,22,0,0,completed
5924,U5924,2025-03-09 15:09:00,2025-03-09 15:15:00,F,20~29,office,seoul,1,0,0,0,24,0,0,45,0,0,completed
5925,U5925,2025-03-17 09:40:00,2025-03-17 09:45:00,M,40~49,office,seoul,0,0,0,0,17,0,0,18,0,0,completed
5926,U5926,2025-04-12 13:19:00,2025-04-12 13:24:00,F,20~29,office,seoul,1,0,0,0,27,0,0,55,0,0,completed
5927,U5927,2025-05-10 18:22:00,2025-05-10 18:27:00,M,50+,office,seoul,1,0,0,0,16,0,0,26,0,0,completed
5928,U5928,2025-10-18 11:12:00,2025-10-18 11:18:00,M,30~39,office,seoul,1,0,0,0,14,0,0,44,0,0,abandoned
5929,U5929,2025-12-10 12:39:00,2025-12-10 12:43:00,M,20~29,office,seoul,0,0,0,0,13,0,0,53,0,0,completed
5930,U5930,2025-02-06 08:18:00,2025-02-06 08:21:00,M,40~49,office,seoul,0,0,0,0,3,0,0,31,0,0,completed
5931,U5931,2025-09-24 12:00:00,2025-09-24 12:04:00,F,30~39,office,seoul,0,0,0,0,17,0,0,19,0,0,completed
5932,U5932,2025-06-18 09:25:00,2025-06-18 09:32:00,F,30~39,office,seoul,0,0,0,0,14,0,0,22,0,0,completed
5933,U5933,2025-11-21 18:25:00,2025-11-21 18:27:00,M,30~39,office,seoul,0,0,0,0,24,0,0,50,0,0,completed
5934,U5934,2025-07-02 07:35:00,2025-07-02 07:39:00,F,40~49,office,seoul,0,0,0,0,24,0,0,70,0,0,completed
5935,U5935,2025-01-06 19:10:00,2025-01-06 19:15:00,M,20~29,office,seoul,0,0,0,0,26,0,0,57,0,0,completed
5936,U5936,2025-11-01 20:45:00,2025-11-01 20:47:00,F,20~29,office,seoul,1,0,0,0,26,0,0,78,0,0,completed
5937,U5937,2025-07-01 16:52:00,2025-07-01 16:54:00,F,30~39,office,seoul,0,0,0,0,11,0,0,65,0,0,completed
5938,U5938,2025-02-17 18:38:00,2025-02-17 18:43:00,F,20~29,office,seoul,0,0,0,0,19,0,0,58,0,0,completed
5939,U5939,2025-12-08 09:06:00,2025-12-08 09:12:00,F,30~39,office,seoul,0,0,0,0,13,0,0,49,0,0,completed
5940,U5940,2025-09-03 13:55:00,2025-09-03 13:57:00,M,40~49,office,seoul,0,0,0,0,24,0,0,32,0,0,completed
5941,U5941,2025-07-08 08:52:00,2025-07-08 08:58:00,M,20~29,office,seoul,0,0,0,0,4,0,0,69,0,0,completed
5942,U5942,2025-08-21 08:18:00,2025-08-21 08:21:00,F,20~29,office,seoul,0,0,0,0,27,0,0,51,0,0,completed
5943,U5943,2025-03-11 16:01:00,2025-03-11 16:08:00,M,20~29,office,seoul,0,0,0,0,19,0,0,41,0,0,completed
5944,U5944,2025-04-18 16:08:00,2025-04-18 16:10:00,M,40~49,office,seoul,0,0,0,0,22,0,0,68,0,0,completed
5945,U5945,2025-08-19 17:53:00,2025-08-19 18:00:00,F,30~39,office,seoul,0,0,0,0,24,0,0,24,0,0,completed
5946,U5946,2025-08-25 12:42:00,2025-08-25 12:47:00,M,20~29,office,seoul,0,0,0,0,19,0,0,51,0,0,completed
5947,U5947,2025-02-25 16:05:00,2025-02-25 16:10:00,M,30~39,office,seoul,0,0,0,0,11,0,0,58,0,0,completed
5948,U5948,2025-09-10 17:54:00,2025-09-10 17:57:00,F,20~29,office,seoul,0,0,0,0,21,0,0,42,0,0,completed
5949,U5949,2025-11-17 19:30:00,2025-11-17 19:35:00,M,30~39,office,seoul,0,0,0,0,15,0,0,22,0,0,completed
5950,U5950,2025-10-01 16:57:00,2025-10-01 17:02:00,F,20~29,office,seoul,0,0,0,0,21,0,0,27,0,0,completed
5951,U5951,2025-05-15 11:32:00,2025-05-15 11:36:00,F,20~29,office,seoul,0,0,0,0,27,0,0,10,0,0,abandoned
5952,U5952,2025-07-04 07:50:00,2025-07-04 07:54:00,F,30~39,office,seoul,0,0,0,0,13,0,0,53,0,0,completed
5953,U5953,2025-11-03 19:32:00,2025-11-03 19:34:00,M,30~39,office,seoul,0,0,0,0,2,0,0,45,0,0,completed
5954,U5954,2025-05-19 15:54:00,2025-05-19 15:58:00,F,50+,office,seoul,0,0,0,0,21,0,0,40,0,0,completed
5955,U5955,2025-06-01 18:24:00,2025-06-01 18:29:00,F,50+,office,seoul,1,0,0,0,25,0,0,62,0,0,completed
5956,U5956,2025-03-31 18:28:00,2025-03-31 18:33:00,F,20~29,office,seoul,0,0,0,0,8,0,0,40,0,0,completed
5957,U5957,2025-05-24 09:55:00,2025-05-24 10:00:00,M,50+,office,seoul,1,0,0,0,11,0,0,68,1,0,completed
5958,U5958,2025-01-28 11:04:00,2025-01-28 11:10:00,F,40~49,office,seoul,0,0,0,0,15,0,0,76,1,0,completed
5959,U5959,2025-09-10 09:47:00,2025-09-10 09:52:00,F,30~39,office,seoul,0,0,0,0,14,0,0,44,0,0,abandoned
5960,U5960,2025-04-18 14:35:00,2025-04-18 14:42:00,M,40~49,office,seoul,0,0,0,0,24,0,0,75,0,0,abandoned
5961,U5961,2025-11-22 17:43:00,2025-11-22 17:48:00,M,20~29,office,seoul,1,0,0,0,16,0,0,22,0,0,completed
5962,U5962,2025-04-17 17:42:00,2025-04-17 17:49:00,F,30~39,office,seoul,0,0,0,0,29,0,0,18,0,0,completed
5963,U5963,2025-10-10 13:21:00,2025-10-10 13:27:00,F,30~39,office,seoul,0,0,0,0,0,0,0,33,0,0,completed
5964,U5964,2025-05-31 14:45:00,2025-05-31 14:51:00,F,40~49,office,seoul,1,0,0,0,11,0,0,40,0,0,completed
5965,U5965,2025-04-21 13:45:00,2025-04-21 13:52:00,F,30~39,office,seoul,0,0,0,0,27,0,0,51,0,0,completed
5966,U5966,2025-09-02 11:43:00,2025-09-02 11:47:00,F,40~49,office,seoul,0,0,0,0,24,0,0,25,0,0,completed
5967,U5967,2025-04-21 15:34:00,2025-04-21 15:41:00,F,30~39,office,seoul,0,0,0,0,2,0,0,33,0,0,completed
5968,U5968,2025-03-31 11:14:00,2025-03-31 11:19:00,F,30~39,office,seoul,0,0,0,0,22,0,0,42,0,0,completed
5969,U5969,2025-09-06 16:59:00,2025-09-06 17:02:00,F,40~49,office,seoul,1,0,0,0,13,0,0,70,0,0,error
5970,U5970,2025-05-30 13:18:00,2025-05-30 13:23:00,M,50+,office,seoul,0,0,0,0,2,0,0,40,0,0,completed
5971,U5971,2025-06-30 13:49:00,2025-06-30 13:54:00,M,20~29,office,seoul,0,0,0,0,21,0,0,67,0,0,completed
5972,U5972,2025-11-22 13:43:00,2025-11-22 13:45:00,M,40~49,office,seoul,1,0,0,0,12,0,0,70,0,0,completed
5973,U5973,2025-06-30 08:33:00,2025-06-30 08:38:00,F,20~29,office,seoul,0,0,0,0,12,0,0,15,0,0,completed
5974,U5974,2025-02-14 12:39:00,2025-02-14 12:46:00,M,20~29,office,seoul,0,0,0,0,22,0,0,63,0,0,completed
5975,U5975,2025-11-11 19:42:00,2025-11-11 19:47:00,M,20~29,office,seoul,0,0,0,0,13,0,0,19,0,0,completed
5976,U5976,2025-09-25 17:40:00,2025-09-25 17:44:00,F,40~49,office,seoul,0,0,0,0,29,0,0,11,0,0,completed
5977,U5977,2025-06-27 16:45:00,2025-06-27 16:48:00,F,40~49,office,seoul,0,0,0,0,29,0,0,59,0,0,completed
5978,U5978,2025-10-14 17:07:00,2025-10-14 17:13:00,F,20~29,office,seoul,0,0,0,0,21,0,0,64,0,0,completed
5979,U5979,2025-08-08 12:36:00,2025-08-08 12:40:00,M,30~39,office,seoul,0,0,0,0,12,0,0,60,0,1,completed
5980,U5980,2025-06-05 14:31:00,2025-06-05 14:33:00,F,30~39,office,seoul,0,0,0,0,1,0,0,79,0,0,completed
5981,U5981,2025-11-10 08:25:00,2025-11-10 08:28:00,F,50+,office,seoul,0,0,0,0,16,0,0,32,0,0,completed
5982,U5982,2025-07-21 17:11:00,2025-07-21 17:13:00,F,30~39,office,seoul,0,0,0,0,8,0,0,26,0,0,completed
5983,U5983,2025-01-23 13:51:00,2025-01-23 13:57:00,M,30~39,office,seoul,0,0,0,0,16,0,0,28,0,0,completed
5984,U5984,2025-09-15 22:13:00,2025-09-15 22:18:00,M,20~29,office,seoul,0,0,0,0,3,0,0,49,0,0,completed
5985,U5985,2025-08-05 17:30:00,2025-08-05 17:37:00,M,50+,office,seoul,0,0,0,0,25,0,0,66,0,0,completed
5986,U5986,2025-12-02 15:10:00,2025-12-02 15:17:00,M,40~49,office,seoul,0,0,0,0,11,0,0,59,0,0,completed
5987,U5987,2025-04-04 16:39:00,2025-04-04 16:46:00,M,50+,office,seoul,0,0,0,0,5,0,0,73,0,1,completed
5988,U5988,2025-12-18 18:30:00,2025-12-18 18:33:00,F,40~49,office,seoul,0,0,0,0,17,0,0,73,0,0,completed
5989,U5989,2025-06-18 09:54:00,2025-06-18 09:57:00,M,50+,office,seoul,0,0,0,0,19,0,0,69,0,0,completed
5990,U5990,2025-04-25 11:45:00,2025-04-25 11:49:00,M,50+,office,seoul,0,0,0,0,1,0,0,60,0,0,completed
5991,U5991,2025-10-30 17:38:00,2025-10-30 17:42:00,F,50+,office,seoul,0,0,0,0,27,0,0,43,0,1,completed
5992,U5992,2025-02-25 18:10:00,2025-02-25 18:16:00,F,40~49,office,seoul,0,0,0,0,24,0,0,18,0,0,completed
5993,U5993,2025-12-29 13:22:00,2025-12-29 13:27:00,M,20~29,office,seoul,0,0,0,0,4,0,0,70,0,0,completed
5994,U5994,2025-05-28 09:06:00,2025-05-28 09:08:00,F,50+,office,seoul,0,0,0,0,19,0,0,39,1,0,completed
5995,U5995,2025-11-05 17:08:00,2025-11-05 17:13:00,M,20~29,office,seoul,0,0,0,0,15,0,0,43,0,0,completed
5996,U5996,2025-05-22 13:01:00,2025-05-22 13:07:00,F,20~29,office,seoul,0,0,0,0,4,0,0,13,0,0,completed
5997,U5997,2025-04-06 07:12:00,2025-04-06 07:17:00,F,20~29,office,seoul,1,0,0,0,12,0,0,63,0,0,completed
5998,U5998,2025-08-26 20:46:00,2025-08-26 20:51:00,F,30~39,office,seoul,0,0,0,0,10,0,0,67,0,0,completed
5999,U5999,2025-10-04 09:05:00,2025-10-04 09:11:00,F,20~29,office,seoul,1,0,0,0,25,0,0,12,0,0,completed
6000,U6000,2025-09-24 07:28:00,2025-09-24 07:30:00,F,30~39,office,seoul,0,0,0,0,8,0,0,79,0,0,abandoned
6001,U6001,2025-06-05 16:04:00,2025-06-05 16:07:00,F,30~39,office,seoul,0,0,0,0,29,0,0,30,0,0,timeout
6002,U6002,2025-02-22 09:01:00,2025-02-22 09:06:00,M,20~29,office,seoul,1,0,0,0,24,0,0,71,0,0,completed
6003,U6003,2025-02-04 13:10:00,2025-02-04 13:16:00,F,20~29,office,seoul,0,0,0,0,25,0,0,62,0,0,completed
6004,U6004,2025-06-09 15:54:00,2025-06-09 15:59:00,M,30~39,office,seoul,0,0,0,0,25,0,0,13,0,0,completed
6005,U6005,2025-05-12 18:17:00,2025-05-12 18:21:00,F,40~49,office,seoul,0,0,0,0,24,0,0,42,0,0,completed
6006,U6006,2025-04-07 07:45:00,2025-04-07 07:49:00,M,50+,office,seoul,0,0,0,0,3,0,0,64,0,0,completed
6007,U6007,2025-11-24 15:51:00,2025-11-24 15:54:00,M,20~29,office,seoul,0,0,0,0,6,0,0,23,0,0,abandoned
6008,U6008,2025-04-03 15:20:00,2025-04-03 15:22:00,F,30~39,office,seoul,0,0,0,0,6,0,0,64,0,0,completed
6009,U6009,2025-10-15 07:47:00,2025-10-15 07:49:00,F,40~49,office,seoul,0,0,0,0,10,0,0,13,0,0,completed
6010,U6010,2025-03-21 12:39:00,2025-03-21 12:41:00,F,30~39,office,seoul,0,0,0,0,20,0,0,60,0,0,timeout
6011,U6011,2025-01-01 14:05:00,2025-01-01 14:12:00,F,50+,office,seoul,0,0,0,0,28,0,0,48,0,0,completed
6012,U6012,2025-11-17 15:07:00,2025-11-17 15:14:00,M,20~29,office,seoul,0,0,0,0,21,0,0,13,0,0,completed
6013,U6013,2025-02-28 16:45:00,2025-02-28 16:52:00,M,20~29,office,seoul,0,0,0,0,0,0,0,25,0,0,abandoned
6014,U6014,2025-02-09 21:09:00,2025-02-09 21:15:00,M,50+,office,seoul,1,0,0,0,5,0,0,67,0,0,completed
6015,U6015,2025-08-30 09:30:00,2025-08-30 09:32:00,M,30~39,office,seoul,1,0,0,0,4,0,0,39,0,0,completed
6016,U6016,2025-07-09 18:49:00,2025-07-09 18:51:00,F,20~29,office,seoul,0,0,0,0,6,0,0,78,0,0,completed
6017,U6017,2025-01-14 16:34:00,2025-01-14 16:41:00,M,30~39,office,seoul,0,0,0,0,13,0,0,79,0,0,completed
6018,U6018,2025-12-15 12:53:00,2025-12-15 12:59:00,F,20~29,office,seoul,0,0,0,0,5,0,0,59,0,0,completed
6019,U6019,2025-03-12 18:23:00,2025-03-12 18:30:00,F,20~29,office,seoul,0,0,0,0,8,0,0,56,0,0,completed
6020,U6020,2025-12-26 12:09:00,2025-12-26 12:14:00,M,20~29,office,seoul,0,0,0,0,22,0,0,10,0,0,completed
6021,U6021,2025-06-10 15:22:00,2025-06-10 15:28:00,M,50+,office,seoul,0,0,0,0,4,0,0,34,0,0,completed
6022,U6022,2025-03-28 09:33:00,2025-03-28 09:39:00,F,30~39,office,seoul,0,0,0,0,3,0,0,32,0,0,completed
6023,U6023,2025-06-14 11:02:00,2025-06-14 11:07:00,F,20~29,office,seoul,1,0,0,0,13,0,0,40,0,0,completed
6024,U6024,2025-09-12 14:59:00,2025-09-12 15:02:00,F,20~29,office,seoul,0,0,0,0,20,0,0,71,0,0,completed
6025,U6025,2025-03-10 16:27:00,2025-03-10 16:33:00,F,50+,office,seoul,0,0,0,0,12,0,0,26,0,0,completed
6026,U6026,2025-05-14 15:29:00,2025-05-14 15:35:00,F,30~39,office,seoul,0,0,0,0,3,0,0,45,0,0,abandoned
6027,U6027,2025-06-01 14:39:00,2025-06-01 14:42:00,M,50+,office,seoul,1,0,0,0,7,0,0,68,0,0,completed
6028,U6028,2025-10-08 17:07:00,2025-10-08 17:10:00,F,30~39,office,seoul,0,0,0,0,23,0,0,59,0,0,completed
6029,U6029,2025-06-21 12:31:00,2025-06-21 12:38:00,F,20~29,office,seoul,1,0,0,0,5,0,0,64,0,0,completed
6030,U6030,2025-01-25 13:06:00,2025-01-25 13:09:00,F,30~39,office,seoul,1,0,0,0,27,0,0,35,0,0,completed
6031,U6031,2025-07-10 14:22:00,2025-07-10 14:28:00,F,20~29,office,seoul,0,0,0,0,27,0,0,32,0,0,completed
6032,U6032,2025-07-29 19:49:00,2025-07-29 19:52:00,F,20~29,office,seoul,0,0,0,0,25,0,0,43,0,0,completed
6033,U6033,2025-03-17 07:41:00,2025-03-17 07:46:00,M,30~39,office,seoul,0,0,0,0,3,0,0,55,0,0,completed
6034,U6034,2025-11-10 13:10:00,2025-11-10 13:12:00,F,30~39,office,seoul,0,0,0,0,12,0,0,15,0,0,completed
6035,U6035,2025-07-29 11:20:00,2025-07-29 11:24:00,M,20~29,office,seoul,0,0,0,0,5,0,0,47,0,0,abandoned
6036,U6036,2025-06-10 15:11:00,2025-06-10 15:16:00,F,50+,office,seoul,0,0,0,0,15,0,0,72,0,0,completed
6037,U6037,2025-06-24 14:02:00,2025-06-24 14:05:00,M,20~29,office,seoul,0,0,0,0,11,0,0,29,0,0,completed
6038,U6038,2025-06-16 12:45:00,2025-06-16 12:47:00,F,20~29,office,seoul,0,0,0,0,26,0,0,79,0,0,completed
6039,U6039,2025-10-13 15:44:00,2025-10-13 15:46:00,F,20~29,office,seoul,0,0,0,0,12,0,0,43,0,0,completed
6040,U6040,2025-03-14 15:28:00,2025-03-14 15:33:00,M,20~29,office,seoul,0,0,0,0,15,0,0,66,0,0,completed
6041,U6041,2025-10-25 08:13:00,2025-10-25 08:18:00,M,50+,office,seoul,1,0,0,0,20,0,0,11,0,1,completed
6042,U6042,2025-04-17 17:22:00,2025-04-17 17:24:00,M,50+,office,seoul,0,0,0,0,20,0,0,22,0,0,completed
6043,U6043,2025-04-12 11:27:00,2025-04-12 11:34:00,M,50+,office,seoul,1,0,0,0,18,0,0,62,0,0,completed
6044,U6044,2025-06-15 12:04:00,2025-06-15 12:10:00,M,50+,office,seoul,1,0,0,0,12,0,0,46,0,1,completed
6045,U6045,2025-10-05 15:51:00,2025-10-05 15:57:00,F,30~39,office,seoul,1,0,0,0,16,0,0,72,0,0,abandoned
6046,U6046,2025-08-22 15:55:00,2025-08-22 15:59:00,F,50+,office,seoul,0,0,0,0,21,0,0,15,1,0,completed
6047,U6047,2025-10-04 20:29:00,2025-10-04 20:31:00,F,30~39,office,seoul,1,0,0,0,1,0,0,37,0,0,completed
6048,U6048,2025-06-09 17:19:00,2025-06-09 17:22:00,F,50+,office,seoul,0,0,0,0,1,0,0,13,0,0,completed
6049,U6049,2025-04-02 08:31:00,2025-04-02 08:35:00,F,30~39,office,seoul,0,0,0,0,24,0,0,42,0,0,completed
6050,U6050,2025-04-10 11:24:00,2025-04-10 11:26:00,M,40~49,office,seoul,0,0,0,0,26,0,0,46,0,0,completed
6051,U6051,2025-10-08 19:47:00,2025-10-08 19:50:00,M,30~39,office,seoul,0,0,0,0,15,0,0,78,0,0,abandoned
6052,U6052,2025-11-19 11:01:00,2025-11-19 11:08:00,F,30~39,office,seoul,0,0,0,0,19,0,0,39,0,0,completed
6053,U6053,2025-03-13 15:56:00,2025-03-13 16:02:00,F,40~49,office,seoul,0,0,0,0,15,0,0,19,0,0,completed
6054,U6054,2025-03-21 16:41:00,2025-03-21 16:47:00,F,20~29,office,seoul,0,0,0,0,22,0,0,11,0,0,completed
6055,U6055,2025-12-18 09:28:00,2025-12-18 09:35:00,F,40~49,office,seoul,0,0,0,0,4,0,0,43,1,0,completed
6056,U6056,2025-01-23 15:44:00,2025-01-23 15:46:00,M,30~39,office,seoul,0,0,0,0,29,0,0,53,0,0,completed
6057,U6057,2025-10-27 13:38:00,2025-10-27 13:45:00,M,50+,office,seoul,0,0,0,0,24,0,0,66,0,0,error
6058,U6058,2025-06-02 21:19:00,2025-06-02 21:26:00,M,20~29,office,seoul,0,0,0,0,10,0,0,45,0,0,completed
6059,U6059,2025-07-01 08:57:00,2025-07-01 09:00:00,F,50+,office,seoul,0,0,0,0,14,0,0,40,0,0,completed
6060,U6060,2025-06-22 22:22:00,2025-06-22 22:28:00,F,20~29,office,seoul,1,0,0,0,9,0,0,68,0,0,completed
6061,U6061,2025-09-05 14:09:00,2025-09-05 14:14:00,F,40~49,office,seoul,0,0,0,0,25,0,0,76,0,0,completed
6062,U6062,2025-02-20 13:14:00,2025-02-20 13:21:00,M,50+,office,seoul,0,0,0,0,15,0,0,71,0,0,completed
6063,U6063,2025-10-14 16:29:00,2025-10-14 16:31:00,F,20~29,office,seoul,0,0,0,0,7,0,0,21,0,0,completed
6064,U6064,2025-10-15 08:29:00,2025-10-15 08:32:00,F,30~39,office,seoul,0,0,0,0,26,0,0,67,0,0,completed
6065,U6065,2025-12-16 15:49:00,2025-12-16 15:53:00,F,30~39,office,seoul,0,0,0,0,29,0,0,27,0,0,completed
6066,U6066,2025-10-25 11:56:00,2025-10-25 12:00:00,F,20~29,office,seoul,1,0,0,0,3,0,0,12,0,0,completed
6067,U6067,2025-08-01 12:26:00,2025-08-01 12:30:00,F,20~29,office,seoul,0,0,0,0,27,0,0,36,0,0,completed
6068,U6068,2025-07-09 12:23:00,2025-07-09 12:30:00,F,30~39,office,seoul,0,0,0,0,11,0,0,40,0,0,completed
6069,U6069,2025-07-22 14:54:00,2025-07-22 14:56:00,F,40~49,office,seoul,0,0,0,0,4,0,0,44,0,0,completed
6070,U6070,2025-07-15 11:22:00,2025-07-15 11:24:00,F,40~49,office,seoul,0,0,0,0,25,0,0,51,0,1,completed
6071,U6071,2025-08-20 21:50:00,2025-08-20 21:54:00,F,20~29,office,seoul,0,0,0,0,27,0,0,19,0,0,completed
6072,U6072,2025-08-18 13:18:00,2025-08-18 13:20:00,F,30~39,office,seoul,0,0,0,0,4,0,0,25,0,0,completed
6073,U6073,2025-01-07 08:19:00,2025-01-07 08:22:00,M,50+,office,seoul,0,0,0,0,3,0,0,24,1,0,completed
6074,U6074,2025-02-11 07:38:00,2025-02-11 07:44:00,F,40~49,office,seoul,0,0,0,0,20,0,0,72,0,0,completed
6075,U6075,2025-07-15 19:16:00,2025-07-15 19:21:00,F,50+,office,seoul,0,0,0,0,8,0,0,79,0,0,completed
6076,U6076,2025-10-18 14:33:00,2025-10-18 14:39:00,F,50+,office,seoul,1,0,0,0,22,0,0,52,0,0,completed
6077,U6077,2025-05-20 19:20:00,2025-05-20 19:24:00,F,30~39,office,seoul,0,0,0,0,10,0,0,45,0,1,completed
6078,U6078,2025-07-20 09:57:00,2025-07-20 10:03:00,F,50+,office,seoul,1,0,0,0,12,0,0,53,1,0,abandoned
6079,U6079,2025-08-28 12:01:00,2025-08-28 12:06:00,F,20~29,office,seoul,0,0,0,0,10,0,0,79,0,0,abandoned
6080,U6080,2025-10-17 08:16:00,2025-10-17 08:21:00,M,50+,office,seoul,0,0,0,0,5,0,0,73,0,0,completed
6081,U6081,2025-09-03 15:01:00,2025-09-03 15:08:00,F,50+,office,seoul,0,0,0,0,23,0,0,36,0,0,completed
6082,U6082,2025-03-31 08:11:00,2025-03-31 08:15:00,F,30~39,office,seoul,0,0,0,0,5,0,0,63,0,0,completed
6083,U6083,2025-03-06 09:47:00,2025-03-06 09:54:00,F,30~39,office,seoul,0,0,0,0,15,0,0,63,0,0,completed
6084,U6084,2025-12-30 20:01:00,2025-12-30 20:08:00,F,20~29,office,seoul,0,0,0,0,21,0,0,24,0,0,completed
6085,U6085,2025-09-26 07:55:00,2025-09-26 08:01:00,F,20~29,office,seoul,0,0,0,0,17,0,0,27,0,0,completed
6086,U6086,2025-10-13 13:32:00,2025-10-13 13:37:00,M,40~49,office,seoul,0,0,0,0,11,0,0,40,0,0,completed
6087,U6087,2025-04-02 12:09:00,2025-04-02 12:16:00,M,20~29,office,seoul,0,0,0,0,5,0,0,58,0,0,completed
6088,U6088,2025-11-08 22:24:00,2025-11-08 22:27:00,M,30~39,office,seoul,1,0,0,0,7,0,0,76,0,0,completed
6089,U6089,2025-03-28 09:22:00,2025-03-28 09:28:00,F,20~29,office,seoul,0,0,0,0,4,0,0,23,0,0,completed
6090,U6090,2025-07-31 11:37:00,2025-07-31 11:43:00,F,20~29,office,seoul,0,0,0,0,4,0,0,40,0,0,completed
6091,U6091,2025-09-15 16:14:00,2025-09-15 16:16:00,F,20~29,office,seoul,0,0,0,0,13,0,0,73,0,0,completed
6092,U6092,2025-05-09 16:31:00,2025-05-09 16:37:00,F,30~39,office,seoul,0,0,0,0,1,0,0,33,0,0,completed
6093,U6093,2025-09-10 16:22:00,2025-09-10 16:24:00,M,30~39,office,seoul,0,0,0,0,22,0,0,54,0,0,completed
6094,U6094,2025-04-18 13:09:00,2025-04-18 13:13:00,F,20~29,office,seoul,0,0,0,0,5,0,0,56,0,0,completed
6095,U6095,2025-04-10 15:36:00,2025-04-10 15:41:00,F,30~39,office,seoul,0,0,0,0,6,0,0,37,0,0,completed
6096,U6096,2025-08-03 12:12:00,2025-08-03 12:15:00,M,20~29,office,seoul,1,0,0,0,29,0,0,51,0,0,completed
6097,U6097,2025-07-17 08:32:00,2025-07-17 08:37:00,M,50+,office,seoul,0,0,0,0,1,0,0,17,0,0,completed
6098,U6098,2025-10-25 14:47:00,2025-10-25 14:51:00,F,20~29,office,seoul,1,0,0,0,13,0,0,76,0,0,completed
6099,U6099,2025-02-22 11:07:00,2025-02-22 11:14:00,F,50+,office,seoul,1,0,0,0,22,0,0,69,0,0,completed
6100,U6100,2025-03-19 14:31:00,2025-03-19 14:34:00,M,30~39,office,seoul,0,0,0,0,10,0,0,76,0,0,completed
6101,U6101,2025-02-06 17:47:00,2025-02-06 17:51:00,M,30~39,office,seoul,0,0,0,0,25,0,0,26,0,0,completed
6102,U6102,2025-12-22 13:30:00,2025-12-22 13:36:00,M,40~49,office,seoul,0,0,0,0,19,0,0,60,0,0,completed
6103,U6103,2025-11-03 14:23:00,2025-11-03 14:30:00,F,40~49,office,seoul,0,0,0,0,24,0,0,67,0,0,completed
6104,U6104,2025-05-04 17:10:00,2025-05-04 17:17:00,F,20~29,office,seoul,1,0,0,0,8,0,0,59,0,0,completed
6105,U6105,2025-12-21 14:36:00,2025-12-21 14:39:00,M,30~39,office,seoul,1,0,0,0,2,0,0,42,0,0,completed
6106,U6106,2025-12-23 15:25:00,2025-12-23 15:28:00,F,20~29,office,seoul,0,0,0,0,2,0,0,42,0,0,completed
6107,U6107,2025-11-24 09:22:00,2025-11-24 09:27:00,F,30~39,office,seoul,0,0,0,0,15,0,0,50,0,0,abandoned
6108,U6108,2025-09-01 16:47:00,2025-09-01 16:49:00,F,20~29,office,seoul,0,0,0,0,11,0,0,37,0,0,completed
6109,U6109,2025-03-16 19:25:00,2025-03-16 19:30:00,F,40~49,office,seoul,1,0,0,0,19,0,0,33,0,0,completed
6110,U6110,2025-04-08 14:28:00,2025-04-08 14:31:00,M,50+,office,seoul,0,0,0,0,23,0,0,65,0,0,abandoned
6111,U6111,2025-12-09 15:04:00,2025-12-09 15:07:00,F,50+,office,seoul,0,0,0,0,0,0,0,66,0,0,completed
6112,U6112,2025-05-26 20:44:00,2025-05-26 20:49:00,F,40~49,office,seoul,0,0,0,0,24,0,0,62,0,0,completed
6113,U6113,2025-06-07 15:01:00,2025-06-07 15:04:00,F,20~29,office,seoul,1,0,0,0,3,0,0,55,0,0,abandoned
6114,U6114,2025-05-19 07:43:00,2025-05-19 07:47:00,M,20~29,office,seoul,0,0,0,0,5,0,0,54,0,0,completed
6115,U6115,2025-11-03 08:50:00,2025-11-03 08:57:00,M,30~39,office,seoul,0,0,0,0,3,0,0,39,0,0,completed
6116,U6116,2025-05-14 16:38:00,2025-05-14 16:40:00,F,50+,office,seoul,0,0,0,0,15,0,0,36,0,0,completed
6117,U6117,2025-07-17 13:11:00,2025-07-17 13:16:00,F,20~29,office,seoul,0,0,0,0,23,0,0,78,0,0,abandoned
6118,U6118,2025-12-17 13:05:00,2025-12-17 13:10:00,F,50+,office,seoul,0,0,0,0,16,0,0,64,0,0,completed
6119,U6119,2025-01-14 21:11:00,2025-01-14 21:16:00,M,30~39,office,seoul,0,0,0,0,1,0,0,57,0,0,completed
6120,U6120,2025-10-04 09:25:00,2025-10-04 09:31:00,F,20~29,office,seoul,1,0,0,0,18,0,0,39,0,0,completed
6121,U6121,2025-03-19 15:20:00,2025-03-19 15:25:00,M,20~29,office,seoul,0,0,0,0,0,0,0,32,0,0,completed
6122,U6122,2025-02-27 16:41:00,2025-02-27 16:47:00,F,40~49,office,seoul,0,0,0,0,8,0,0,51,0,0,completed
6123,U6123,2025-01-25 20:18:00,2025-01-25 20:21:00,M,20~29,office,seoul,1,0,0,0,14,0,0,72,0,0,completed
6124,U6124,2025-06-28 15:55:00,2025-06-28 16:02:00,F,40~49,office,seoul,1,0,0,0,18,0,0,13,0,0,completed
6125,U6125,2025-09-09 07:10:00,2025-09-09 07:13:00,F,20~29,office,seoul,0,0,0,0,22,0,0,28,0,0,timeout
6126,U6126,2025-01-26 13:44:00,2025-01-26 13:48:00,M,40~49,office,seoul,1,0,0,0,13,0,0,63,0,0,completed
6127,U6127,2025-03-08 13:55:00,2025-03-08 14:00:00,M,20~29,office,seoul,1,0,0,0,23,0,0,40,0,0,completed
6128,U6128,2025-03-10 22:14:00,2025-03-10 22:18:00,M,40~49,office,seoul,0,0,0,0,9,0,0,71,0,0,abandoned
6129,U6129,2025-05-24 13:41:00,2025-05-24 13:44:00,M,20~29,office,seoul,1,0,0,0,3,0,0,22,0,0,completed
6130,U6130,2025-07-10 12:26:00,2025-07-10 12:29:00,F,40~49,office,seoul,0,0,0,0,12,0,0,52,0,0,completed
6131,U6131,2025-11-18 19:06:00,2025-11-18 19:08:00,M,50+,office,seoul,0,0,0,0,10,0,0,76,1,0,completed
6132,U6132,2025-03-02 08:30:00,2025-03-02 08:35:00,F,50+,office,seoul,1,0,0,0,0,0,0,27,0,0,completed
6133,U6133,2025-12-05 18:47:00,2025-12-05 18:52:00,M,20~29,office,seoul,0,0,0,0,5,0,0,75,0,0,timeout
6134,U6134,2025-08-29 11:45:00,2025-08-29 11:50:00,F,30~39,office,seoul,0,0,0,0,6,0,0,34,0,0,completed
6135,U6135,2025-01-02 13:01:00,2025-01-02 13:03:00,M,40~49,office,seoul,0,0,0,0,1,0,0,74,0,0,completed
6136,U6136,2025-02-06 17:16:00,2025-02-06 17:23:00,M,30~39,office,seoul,0,0,0,0,3,0,0,33,0,0,completed
6137,U6137,2025-02-10 15:32:00,2025-02-10 15:35:00,F,50+,office,seoul,0,0,0,0,23,0,0,33,0,0,timeout
6138,U6138,2025-08-21 17:54:00,2025-08-21 17:59:00,M,40~49,office,seoul,0,0,0,0,14,0,0,27,0,0,completed
6139,U6139,2025-05-12 18:30:00,2025-05-12 18:32:00,M,20~29,office,seoul,0,0,0,0,20,0,0,47,0,0,completed
6140,U6140,2025-05-29 15:48:00,2025-05-29 15:51:00,M,20~29,office,seoul,0,0,0,0,4,0,0,17,0,0,completed
6141,U6141,2025-07-29 22:45:00,2025-07-29 22:51:00,F,50+,office,seoul,0,0,0,0,23,0,0,66,0,0,completed
6142,U6142,2025-09-21 17:14:00,2025-09-21 17:20:00,F,40~49,office,seoul,1,0,0,0,4,0,0,17,0,0,completed
6143,U6143,2025-04-24 17:21:00,2025-04-24 17:24:00,F,20~29,office,seoul,0,0,0,0,12,0,0,53,0,0,abandoned
6144,U6144,2025-02-06 16:34:00,2025-02-06 16:37:00,F,30~39,office,seoul,0,0,0,0,1,0,0,49,0,0,completed
6145,U6145,2025-09-07 11:13:00,2025-09-07 11:16:00,M,20~29,office,seoul,1,0,0,0,17,0,0,12,0,0,completed
6146,U6146,2025-04-12 14:58:00,2025-04-12 15:01:00,F,50+,office,seoul,1,0,0,0,19,0,0,45,0,0,completed
6147,U6147,2025-04-16 09:29:00,2025-04-16 09:35:00,F,20~29,office,seoul,0,0,0,0,16,0,0,31,0,0,abandoned
6148,U6148,2025-07-13 16:04:00,2025-07-13 16:11:00,F,20~29,office,seoul,1,0,0,0,26,0,0,10,0,0,completed
6149,U6149,2025-07-15 19:49:00,2025-07-15 19:56:00,M,40~49,office,seoul,0,0,0,0,13,0,0,47,0,0,completed
6150,U6150,2025-05-31 19:47:00,2025-05-31 19:52:00,F,50+,office,seoul,1,0,0,0,19,0,0,50,0,0,completed
6151,U6151,2025-08-26 16:51:00,2025-08-26 16:55:00,F,40~49,office,seoul,0,0,0,0,1,0,0,12,0,0,completed
6152,U6152,2025-09-17 09:57:00,2025-09-17 09:59:00,F,20~29,office,seoul,0,0,0,0,20,0,0,41,0,0,abandoned
6153,U6153,2025-03-05 07:54:00,2025-03-05 07:59:00,F,20~29,office,seoul,0,0,0,0,29,0,0,38,0,0,completed
6154,U6154,2025-06-25 15:32:00,2025-06-25 15:37:00,F,30~39,office,seoul,0,0,0,0,8,0,0,33,0,0,completed
6155,U6155,2025-12-30 09:56:00,2025-12-30 10:00:00,M,20~29,office,seoul,0,0,0,0,12,0,0,57,0,0,error
6156,U6156,2025-04-16 08:08:00,2025-04-16 08:12:00,F,40~49,office,seoul,0,0,0,0,21,0,0,32,0,1,completed
6157,U6157,2025-06-16 08:08:00,2025-06-16 08:10:00,F,30~39,office,seoul,0,0,0,0,0,0,0,68,0,0,completed
6158,U6158,2025-02-10 09:58:00,2025-02-10 10:04:00,M,20~29,office,seoul,0,0,0,0,23,0,0,61,0,0,completed
6159,U6159,2025-04-11 14:12:00,2025-04-11 14:16:00,F,20~29,office,seoul,0,0,0,0,2,0,0,51,0,0,completed
6160,U6160,2025-03-12 07:20:00,2025-03-12 07:22:00,M,30~39,office,seoul,0,0,0,0,8,0,0,51,0,0,completed
6161,U6161,2025-07-01 15:26:00,2025-07-01 15:32:00,F,40~49,office,seoul,0,0,0,0,14,0,0,34,0,0,completed
6162,U6162,2025-11-22 16:57:00,2025-11-22 16:59:00,M,30~39,office,seoul,1,0,0,0,3,0,0,11,0,0,completed
6163,U6163,2025-09-07 20:34:00,2025-09-07 20:39:00,F,40~49,office,seoul,1,0,0,0,21,0,0,46,0,0,completed
6164,U6164,2025-06-13 20:01:00,2025-06-13 20:03:00,M,20~29,office,seoul,0,0,0,0,17,0,0,12,0,0,completed
6165,U6165,2025-09-01 07:27:00,2025-09-01 07:29:00,F,20~29,office,seoul,0,0,0,0,22,0,0,78,0,0,completed
6166,U6166,2025-04-04 09:17:00,2025-04-04 09:21:00,F,30~39,office,seoul,0,0,0,0,27,0,0,54,0,0,completed
6167,U6167,2025-07-03 16:52:00,2025-07-03 16:59:00,M,30~39,office,seoul,0,0,0,0,21,0,0,15,0,0,completed
6168,U6168,2025-12-31 19:47:00,2025-12-31 19:52:00,F,20~29,office,seoul,0,0,0,0,7,0,0,52,0,0,abandoned
6169,U6169,2025-07-15 14:55:00,2025-07-15 14:59:00,F,20~29,office,seoul,0,0,0,0,11,0,0,31,0,0,completed
6170,U6170,2025-01-30 16:08:00,2025-01-30 16:10:00,M,30~39,office,seoul,0,0,0,0,2,0,0,45,0,0,completed
6171,U6171,2025-06-14 15:57:00,2025-06-14 16:00:00,F,40~49,office,seoul,1,0,0,0,29,0,0,46,0,0,completed
6172,U6172,2025-11-08 14:19:00,2025-11-08 14:24:00,F,40~49,office,seoul,1,0,0,0,21,0,0,78,0,0,completed
6173,U6173,2025-11-14 09:47:00,2025-11-14 09:54:00,M,20~29,office,seoul,0,0,0,0,1,0,0,32,0,0,completed
6174,U6174,2025-10-29 08:30:00,2025-10-29 08:36:00,M,40~49,office,seoul,0,0,0,0,28,0,0,36,0,0,completed
6175,U6175,2025-01-04 14:24:00,2025-01-04 14:29:00,M,30~39,office,seoul,1,0,0,0,7,0,0,18,0,0,completed
6176,U6176,2025-02-07 18:24:00,2025-02-07 18:26:00,M,30~39,office,seoul,0,0,0,0,26,0,0,32,0,0,completed
6177,U6177,2025-05-26 14:18:00,2025-05-26 14:23:00,M,40~49,office,seoul,0,0,0,0,2,0,0,12,0,0,completed
6178,U6178,2025-03-09 16:41:00,2025-03-09 16:46:00,M,40~49,office,seoul,1,0,0,0,9,0,0,64,0,0,completed
6179,U6179,2025-11-13 12:32:00,2025-11-13 12:36:00,M,20~29,office,seoul,0,0,0,0,25,0,0,61,0,0,error
6180,U6180,2025-10-15 11:42:00,2025-10-15 11:45:00,F,40~49,office,seoul,0,0,0,0,28,0,0,47,0,0,completed
6181,U6181,2025-09-16 15:33:00,2025-09-16 15:38:00,F,30~39,office,seoul,0,0,0,0,5,0,0,15,0,0,completed
6182,U6182,2025-08-29 19:17:00,2025-08-29 19:19:00,M,50+,office,seoul,0,0,0,0,17,0,0,49,0,0,completed
6183,U6183,2025-06-06 15:06:00,2025-06-06 15:13:00,M,20~29,office,seoul,0,0,0,0,19,0,0,75,0,0,completed
6184,U6184,2025-12-01 13:01:00,2025-12-01 13:03:00,F,20~29,office,seoul,0,0,0,0,19,0,0,40,0,0,completed
6185,U6185,2025-03-06 12:48:00,2025-03-06 12:51:00,F,20~29,office,seoul,0,0,0,0,29,0,0,27,0,0,completed
6186,U6186,2025-01-21 11:07:00,2025-01-21 11:14:00,M,30~39,office,seoul,0,0,0,0,7,0,0,56,0,0,completed
6187,U6187,2025-04-11 11:19:00,2025-04-11 11:25:00,M,20~29,office,seoul,0,0,0,0,13,0,0,20,0,0,completed
6188,U6188,2025-10-31 08:55:00,2025-10-31 08:59:00,F,20~29,office,seoul,0,0,0,0,20,0,0,13,0,0,completed
6189,U6189,2025-03-18 15:21:00,2025-03-18 15:23:00,F,50+,office,seoul,0,0,0,0,8,0,0,13,0,0,completed
6190,U6190,2025-05-30 15:34:00,2025-05-30 15:38:00,F,50+,office,seoul,0,0,0,0,25,0,0,60,0,0,completed
6191,U6191,2025-02-28 15:56:00,2025-02-28 15:59:00,F,20~29,office,seoul,0,0,0,0,0,0,0,27,0,0,completed
6192,U6192,2025-09-20 19:55:00,2025-09-20 19:57:00,M,20~29,office,seoul,1,0,0,0,25,0,0,66,0,0,completed
6193,U6193,2025-02-06 16:58:00,2025-02-06 17:05:00,F,30~39,office,seoul,0,0,0,0,27,0,0,36,0,0,completed
6194,U6194,2025-10-16 09:08:00,2025-10-16 09:10:00,M,20~29,office,seoul,0,0,0,0,28,0,0,37,0,0,completed
6195,U6195,2025-07-12 18:05:00,2025-07-12 18:12:00,M,30~39,office,seoul,1,0,0,0,15,0,0,39,0,0,completed
6196,U6196,2025-08-05 12:19:00,2025-08-05 12:23:00,M,50+,office,seoul,0,0,0,0,6,0,0,34,0,0,completed
6197,U6197,2025-11-01 08:46:00,2025-11-01 08:49:00,F,30~39,office,seoul,1,0,0,0,4,0,0,42,0,0,completed
6198,U6198,2025-04-06 17:10:00,2025-04-06 17:17:00,F,30~39,office,seoul,1,0,0,0,29,0,0,40,0,0,completed
6199,U6199,2025-09-06 16:22:00,2025-09-06 16:28:00,F,40~49,office,seoul,1,0,0,0,13,0,0,56,0,0,completed
6200,U6200,2025-08-10 20:33:00,2025-08-10 20:35:00,F,20~29,office,seoul,1,0,0,0,27,0,0,31,0,0,completed
6201,U6201,2025-02-15 20:33:00,2025-02-15 20:36:00,F,20~29,office,seoul,1,0,0,0,14,0,0,48,0,0,completed
6202,U6202,2025-05-22 12:50:00,2025-05-22 12:52:00,F,20~29,office,seoul,0,0,0,0,23,0,0,22,0,0,completed
6203,U6203,2025-12-01 15:45:00,2025-12-01 15:52:00,M,20~29,office,seoul,0,0,0,0,6,0,0,25,0,0,completed
6204,U6204,2025-10-23 13:12:00,2025-10-23 13:16:00,F,20~29,office,seoul,0,0,0,0,11,0,0,22,0,0,completed
6205,U6205,2025-05-24 16:21:00,2025-05-24 16:28:00,F,20~29,office,seoul,1,0,0,0,22,0,0,13,0,0,completed
6206,U6206,2025-01-13 07:33:00,2025-01-13 07:39:00,F,30~39,office,seoul,0,0,0,0,23,0,0,35,0,0,completed
6207,U6207,2025-09-14 15:07:00,2025-09-14 15:14:00,F,30~39,office,seoul,1,0,0,0,3,0,0,14,0,0,completed
6208,U6208,2025-07-12 09:29:00,2025-07-12 09:34:00,F,20~29,office,seoul,1,0,0,0,13,0,0,52,0,0,completed
6209,U6209,2025-11-21 17:40:00,2025-11-21 17:46:00,M,30~39,office,seoul,0,0,0,0,4,0,0,49,0,0,completed
6210,U6210,2025-03-01 21:43:00,2025-03-01 21:46:00,F,20~29,office,seoul,1,0,0,0,25,0,0,74,0,0,completed
6211,U6211,2025-08-02 15:13:00,2025-08-02 15:17:00,M,50+,office,seoul,1,0,0,0,12,0,0,29,0,0,completed
6212,U6212,2025-09-14 14:24:00,2025-09-14 14:31:00,M,30~39,office,seoul,1,0,0,0,25,0,0,34,0,0,completed
6213,U6213,2025-08-05 07:52:00,2025-08-05 07:55:00,M,20~29,office,seoul,0,0,0,0,14,0,0,12,0,0,completed
6214,U6214,2025-08-27 18:47:00,2025-08-27 18:51:00,F,20~29,office,seoul,0,0,0,0,15,0,0,45,0,0,completed
6215,U6215,2025-07-08 19:01:00,2025-07-08 19:07:00,F,50+,office,seoul,0,0,0,0,6,0,0,76,0,0,completed
6216,U6216,2025-04-02 15:58:00,2025-04-02 16:02:00,M,30~39,office,seoul,0,0,0,0,21,0,0,24,0,0,completed
6217,U6217,2025-10-25 14:36:00,2025-10-25 14:40:00,M,40~49,office,seoul,1,0,0,0,13,0,0,40,0,0,completed
6218,U6218,2025-02-13 09:51:00,2025-02-13 09:53:00,F,50+,office,seoul,0,0,0,0,1,0,0,52,1,0,completed
6219,U6219,2025-04-23 16:25:00,2025-04-23 16:32:00,F,20~29,office,seoul,0,0,0,0,24,0,0,69,0,0,abandoned
6220,U6220,2025-09-16 14:09:00,2025-09-16 14:13:00,F,30~39,office,seoul,0,0,0,0,21,0,0,37,0,0,completed
6221,U6221,2025-06-22 15:05:00,2025-06-22 15:07:00,F,20~29,office,seoul,1,0,0,0,11,0,0,28,0,0,completed
6222,U6222,2025-10-04 20:12:00,2025-10-04 20:15:00,M,20~29,office,seoul,1,0,0,0,5,0,0,77,0,0,completed
6223,U6223,2025-12-09 12:40:00,2025-12-09 12:43:00,F,30~39,office,seoul,0,0,0,0,8,0,0,19,0,0,completed
6224,U6224,2025-07-23 17:43:00,2025-07-23 17:47:00,F,30~39,office,seoul,0,0,0,0,10,0,0,55,0,0,completed
6225,U6225,2025-05-25 09:51:00,2025-05-25 09:54:00,M,30~39,office,seoul,1,0,0,0,21,0,0,58,0,0,completed
6226,U6226,2025-09-25 20:16:00,2025-09-25 20:21:00,M,20~29,office,seoul,0,0,0,0,10,0,0,42,0,0,completed
6227,U6227,2025-04-23 08:51:00,2025-04-23 08:54:00,M,40~49,office,seoul,0,0,0,0,13,0,0,30,0,0,completed
6228,U6228,2025-11-12 09:20:00,2025-11-12 09:22:00,F,30~39,office,seoul,0,0,0,0,16,0,0,28,0,0,completed
6229,U6229,2025-01-25 09:49:00,2025-01-25 09:52:00,F,30~39,office,seoul,1,0,0,0,25,0,0,36,0,0,completed
6230,U6230,2025-04-06 15:35:00,2025-04-06 15:41:00,M,50+,office,seoul,1,0,0,0,21,0,0,21,0,1,completed
6231,U6231,2025-02-08 16:55:00,2025-02-08 17:01:00,M,30~39,office,seoul,1,0,0,0,28,0,0,25,0,0,completed
6232,U6232,2025-07-09 19:25:00,2025-07-09 19:28:00,M,50+,office,seoul,0,0,0,0,20,0,0,38,0,0,abandoned
6233,U6233,2025-08-27 13:39:00,2025-08-27 13:41:00,M,30~39,office,seoul,0,0,0,0,27,0,0,61,0,0,completed
6234,U6234,2025-04-14 15:18:00,2025-04-14 15:25:00,F,40~49,office,seoul,0,0,0,0,16,0,0,61,0,0,error
6235,U6235,2025-05-07 18:51:00,2025-05-07 18:58:00,F,30~39,office,seoul,0,0,0,0,0,0,0,32,0,0,completed
6236,U6236,2025-08-15 09:37:00,2025-08-15 09:41:00,F,50+,office,seoul,0,0,0,0,11,0,0,76,0,0,completed
6237,U6237,2025-12-26 08:16:00,2025-12-26 08:19:00,F,20~29,office,seoul,0,0,0,0,29,0,0,30,0,0,completed
6238,U6238,2025-04-03 08:23:00,2025-04-03 08:26:00,M,40~49,office,seoul,0,0,0,0,14,0,0,72,0,0,completed
6239,U6239,2025-07-23 11:42:00,2025-07-23 11:46:00,F,30~39,office,seoul,0,0,0,0,5,0,0,18,0,0,completed
6240,U6240,2025-12-19 08:12:00,2025-12-19 08:16:00,F,50+,office,seoul,0,0,0,0,0,0,0,39,0,0,completed
6241,U6241,2025-08-17 12:35:00,2025-08-17 12:41:00,F,40~49,office,seoul,1,0,0,0,16,0,0,15,0,0,error
6242,U6242,2025-05-11 17:51:00,2025-05-11 17:57:00,M,20~29,office,seoul,1,0,0,0,15,0,0,74,0,0,completed
6243,U6243,2025-04-17 13:10:00,2025-04-17 13:15:00,M,40~49,office,seoul,0,0,0,0,25,0,0,74,0,0,timeout
6244,U6244,2025-04-04 08:54:00,2025-04-04 08:57:00,F,30~39,office,seoul,0,0,0,0,3,0,0,36,0,0,completed
6245,U6245,2025-08-13 08:18:00,2025-08-13 08:22:00,F,40~49,office,seoul,0,0,0,0,17,0,0,68,0,0,error
6246,U6246,2025-10-31 16:47:00,2025-10-31 16:53:00,F,20~29,office,seoul,0,0,0,0,9,0,0,41,0,0,timeout
6247,U6247,2025-02-24 12:52:00,2025-02-24 12:56:00,F,50+,office,seoul,0,0,0,0,28,0,0,71,0,0,completed
6248,U6248,2025-06-24 11:48:00,2025-06-24 11:54:00,F,50+,office,seoul,0,0,0,0,14,0,0,53,0,1,completed
6249,U6249,2025-02-17 17:43:00,2025-02-17 17:50:00,F,50+,office,seoul,0,0,0,0,21,0,0,69,0,0,completed
6250,U6250,2025-07-28 11:47:00,2025-07-28 11:54:00,F,20~29,office,seoul,0,0,0,0,22,0,0,40,1,0,completed
6251,U6251,2025-01-30 08:21:00,2025-01-30 08:28:00,F,30~39,office,seoul,0,0,0,0,5,0,0,55,0,0,abandoned
6252,U6252,2025-09-24 09:03:00,2025-09-24 09:08:00,M,20~29,office,seoul,0,0,0,0,23,0,0,72,0,0,completed
6253,U6253,2025-07-09 16:54:00,2025-07-09 16:59:00,F,20~29,office,seoul,0,0,0,0,17,0,0,72,0,0,completed
6254,U6254,2025-08-28 18:01:00,2025-08-28 18:08:00,M,30~39,office,seoul,0,0,0,0,8,0,0,61,0,0,timeout
6255,U6255,2025-02-07 15:48:00,2025-02-07 15:52:00,F,40~49,office,seoul,0,0,0,0,8,0,0,69,0,0,completed
6256,U6256,2025-12-04 16:10:00,2025-12-04 16:16:00,M,40~49,office,seoul,0,0,0,0,8,0,0,52,0,0,timeout
6257,U6257,2025-08-04 11:43:00,2025-08-04 11:47:00,M,20~29,office,seoul,0,0,0,0,24,0,0,24,0,0,completed
6258,U6258,2025-07-23 11:50:00,2025-07-23 11:53:00,M,40~49,office,seoul,0,0,0,0,1,0,0,41,0,0,completed
6259,U6259,2025-06-25 08:47:00,2025-06-25 08:53:00,M,30~39,office,seoul,0,0,0,0,24,0,0,31,0,0,completed
6260,U6260,2025-11-29 15:14:00,2025-11-29 15:20:00,M,20~29,office,seoul,1,0,0,0,6,0,0,24,0,0,completed
6261,U6261,2025-11-23 12:49:00,2025-11-23 12:56:00,M,40~49,office,seoul,1,0,0,0,23,0,0,71,0,0,completed
6262,U6262,2025-12-05 12:31:00,2025-12-05 12:34:00,F,30~39,office,seoul,0,0,0,0,11,0,0,55,0,0,completed
6263,U6263,2025-08-15 17:53:00,2025-08-15 18:00:00,M,20~29,office,seoul,0,0,0,0,20,0,0,34,0,0,completed
6264,U6264,2025-03-25 11:50:00,2025-03-25 11:53:00,F,30~39,office,seoul,0,0,0,0,15,0,0,45,0,0,completed
6265,U6265,2025-02-13 09:00:00,2025-02-13 09:03:00,F,20~29,office,seoul,0,0,0,0,11,0,0,31,1,0,completed
6266,U6266,2025-11-28 16:06:00,2025-11-28 16:13:00,F,40~49,office,seoul,0,0,0,0,1,0,0,74,0,0,abandoned
6267,U6267,2025-03-07 11:44:00,2025-03-07 11:50:00,M,40~49,office,seoul,0,0,0,0,28,0,0,30,0,0,abandoned
6268,U6268,2025-11-13 07:57:00,2025-11-13 07:59:00,F,30~39,office,seoul,0,0,0,0,26,0,0,48,0,0,completed
6269,U6269,2025-10-20 17:45:00,2025-10-20 17:51:00,F,30~39,office,seoul,0,0,0,0,25,0,0,21,0,0,completed
6270,U6270,2025-08-29 15:14:00,2025-08-29 15:21:00,F,30~39,office,seoul,0,0,0,0,3,0,0,29,0,0,timeout
6271,U6271,2025-05-22 14:11:00,2025-05-22 14:16:00,F,30~39,office,seoul,0,0,0,0,9,0,0,68,0,0,completed
6272,U6272,2025-05-03 09:15:00,2025-05-03 09:22:00,F,40~49,office,seoul,1,0,0,0,24,0,0,54,0,0,completed
6273,U6273,2025-02-02 08:20:00,2025-02-02 08:23:00,F,20~29,office,seoul,1,0,0,0,19,0,0,64,0,0,completed
6274,U6274,2025-12-02 18:56:00,2025-12-02 19:01:00,F,20~29,office,seoul,0,0,0,0,22,0,0,39,0,0,completed
6275,U6275,2025-12-18 09:47:00,2025-12-18 09:54:00,F,20~29,office,seoul,0,0,0,0,19,0,0,71,0,0,completed
6276,U6276,2025-03-05 09:17:00,2025-03-05 09:24:00,M,30~39,office,seoul,0,0,0,0,5,0,0,56,0,0,completed
6277,U6277,2025-12-12 11:51:00,2025-12-12 11:54:00,M,20~29,office,seoul,0,0,0,0,4,0,0,67,0,0,completed
6278,U6278,2025-12-29 19:52:00,2025-12-29 19:59:00,M,30~39,office,seoul,0,0,0,0,17,0,0,70,0,0,completed
6279,U6279,2025-02-17 12:25:00,2025-02-17 12:27:00,F,30~39,office,seoul,0,0,0,0,27,0,0,29,0,0,abandoned
6280,U6280,2025-04-04 20:58:00,2025-04-04 21:03:00,F,40~49,office,seoul,0,0,0,0,13,0,0,13,0,0,completed
6281,U6281,2025-04-12 20:12:00,2025-04-12 20:17:00,F,30~39,office,seoul,1,0,0,0,10,0,0,44,0,0,completed
6282,U6282,2025-04-15 18:47:00,2025-04-15 18:52:00,M,50+,office,seoul,0,0,0,0,28,0,0,75,0,0,completed
6283,U6283,2025-06-16 07:56:00,2025-06-16 08:02:00,M,30~39,office,seoul,0,0,0,0,1,0,0,27,0,0,completed
6284,U6284,2025-07-15 22:53:00,2025-07-15 22:59:00,F,20~29,office,seoul,0,0,0,0,4,0,0,63,0,0,abandoned
6285,U6285,2025-10-19 11:21:00,2025-10-19 11:28:00,M,20~29,office,seoul,1,0,0,0,26,0,0,41,0,0,completed
6286,U6286,2025-11-12 14:21:00,2025-11-12 14:24:00,F,20~29,office,seoul,0,0,0,0,21,0,0,11,0,0,completed
6287,U6287,2025-05-06 15:02:00,2025-05-06 15:05:00,F,30~39,office,seoul,0,0,0,0,9,0,0,10,0,0,completed
6288,U6288,2025-07-17 19:17:00,2025-07-17 19:20:00,M,20~29,office,seoul,0,0,0,0,12,0,0,65,0,0,completed
6289,U6289,2025-03-05 16:56:00,2025-03-05 17:00:00,F,30~39,office,seoul,0,0,0,0,11,0,0,16,0,0,timeout
6290,U6290,2025-12-27 15:07:00,2025-12-27 15:13:00,F,50+,office,seoul,1,0,0,0,21,0,0,29,0,1,completed
6291,U6291,2025-02-14 09:01:00,2025-02-14 09:03:00,F,40~49,office,seoul,0,0,0,0,6,0,0,34,0,0,completed
6292,U6292,2025-09-16 08:14:00,2025-09-16 08:16:00,M,20~29,office,seoul,0,0,0,0,8,0,0,24,0,0,completed
6293,U6293,2025-02-19 08:02:00,2025-02-19 08:05:00,F,20~29,office,seoul,0,0,0,0,23,0,0,33,0,0,completed
6294,U6294,2025-08-04 12:31:00,2025-08-04 12:38:00,M,20~29,office,seoul,0,0,0,0,2,0,0,15,0,0,abandoned
6295,U6295,2025-07-21 07:32:00,2025-07-21 07:38:00,F,20~29,office,seoul,0,0,0,0,16,0,0,19,0,0,completed
6296,U6296,2025-03-02 13:19:00,2025-03-02 13:26:00,F,30~39,office,seoul,1,0,0,0,19,0,0,59,0,0,completed
6297,U6297,2025-03-23 16:51:00,2025-03-23 16:56:00,F,20~29,office,seoul,1,0,0,0,27,0,0,61,0,0,completed
6298,U6298,2025-11-26 09:49:00,2025-11-26 09:51:00,F,40~49,office,seoul,0,0,0,0,11,0,0,77,0,0,completed
6299,U6299,2025-01-28 18:26:00,2025-01-28 18:31:00,M,30~39,office,seoul,0,0,0,0,22,0,0,41,0,0,completed
6300,U6300,2025-10-08 12:57:00,2025-10-08 13:04:00,M,30~39,office,seoul,0,0,0,0,13,0,0,30,0,0,completed
6301,U6301,2025-03-28 08:58:00,2025-03-28 09:02:00,M,20~29,office,seoul,0,0,0,0,15,0,0,36,0,0,completed
6302,U6302,2025-10-03 08:07:00,2025-10-03 08:12:00,F,50+,office,seoul,0,0,0,0,3,0,0,38,0,0,completed
6303,U6303,2025-05-27 19:10:00,2025-05-27 19:17:00,M,30~39,office,seoul,0,0,0,0,15,0,0,22,0,0,completed
6304,U6304,2025-06-17 15:07:00,2025-06-17 15:11:00,F,20~29,office,seoul,0,0,0,0,8,0,0,64,0,0,completed
6305,U6305,2025-09-17 08:32:00,2025-09-17 08:36:00,F,30~39,office,seoul,0,0,0,0,28,0,0,69,0,0,completed
6306,U6306,2025-01-27 09:26:00,2025-01-27 09:30:00,F,30~39,office,seoul,0,0,0,0,17,0,0,12,0,0,completed
6307,U6307,2025-07-01 09:08:00,2025-07-01 09:14:00,F,50+,office,seoul,0,0,0,0,7,0,0,63,0,0,completed
6308,U6308,2025-11-06 19:15:00,2025-11-06 19:18:00,M,40~49,office,seoul,0,0,0,0,18,0,0,14,0,0,completed
6309,U6309,2025-10-03 16:36:00,2025-10-03 16:41:00,F,30~39,office,seoul,0,0,0,0,25,0,0,35,0,0,completed
6310,U6310,2025-07-18 07:01:00,2025-07-18 07:04:00,M,50+,office,seoul,0,0,0,0,19,0,0,63,0,0,timeout
6311,U6311,2025-07-31 12:52:00,2025-07-31 12:56:00,F,20~29,office,seoul,0,0,0,0,26,0,0,13,0,0,completed
6312,U6312,2025-04-15 17:49:00,2025-04-15 17:51:00,M,30~39,office,seoul,0,0,0,0,29,0,0,46,0,0,completed
6313,U6313,2025-02-24 16:02:00,2025-02-24 16:05:00,M,40~49,office,seoul,0,0,0,0,5,0,0,13,0,0,completed
6314,U6314,2025-07-11 18:40:00,2025-07-11 18:42:00,F,20~29,office,seoul,0,0,0,0,20,0,0,37,0,0,abandoned
6315,U6315,2025-03-09 09:09:00,2025-03-09 09:15:00,F,20~29,office,seoul,1,0,0,0,15,0,0,66,0,0,completed
6316,U6316,2025-11-12 14:26:00,2025-11-12 14:31:00,F,50+,office,seoul,0,0,0,0,27,0,0,55,0,1,completed
6317,U6317,2025-06-09 19:12:00,2025-06-09 19:14:00,F,20~29,office,seoul,0,0,0,0,17,0,0,34,0,0,completed
6318,U6318,2025-04-19 13:33:00,2025-04-19 13:37:00,M,30~39,office,seoul,1,0,0,0,14,0,0,64,0,0,completed
6319,U6319,2025-02-20 18:28:00,2025-02-20 18:31:00,F,50+,office,seoul,0,0,0,0,9,0,0,50,0,0,completed
6320,U6320,2025-04-18 09:54:00,2025-04-18 09:56:00,F,20~29,office,seoul,0,0,0,0,17,0,0,43,0,0,completed
6321,U6321,2025-07-11 07:07:00,2025-07-11 07:10:00,M,40~49,office,seoul,0,0,0,0,9,0,0,47,0,0,completed
6322,U6322,2025-12-03 18:38:00,2025-12-03 18:44:00,F,50+,office,seoul,0,0,0,0,29,0,0,46,1,0,completed
6323,U6323,2025-11-28 17:19:00,2025-11-28 17:25:00,M,30~39,office,seoul,0,0,0,0,29,0,0,55,0,0,completed
6324,U6324,2025-03-26 07:35:00,2025-03-26 07:41:00,M,30~39,office,seoul,0,0,0,0,27,0,0,75,0,0,completed
6325,U6325,2025-09-18 13:02:00,2025-09-18 13:04:00,M,50+,office,seoul,0,0,0,0,19,0,0,32,0,0,completed
6326,U6326,2025-03-01 12:32:00,2025-03-01 12:38:00,F,30~39,office,seoul,1,0,0,0,20,0,0,76,0,0,completed
6327,U6327,2025-07-26 13:03:00,2025-07-26 13:09:00,M,20~29,office,seoul,1,0,0,0,21,0,0,74,0,0,completed
6328,U6328,2025-09-24 07:08:00,2025-09-24 07:14:00,F,50+,office,seoul,0,0,0,0,2,0,0,71,1,0,completed
6329,U6329,2025-07-09 17:50:00,2025-07-09 17:54:00,M,50+,office,seoul,0,0,0,0,14,0,0,13,0,0,completed
6330,U6330,2025-10-25 11:01:00,2025-10-25 11:04:00,F,30~39,office,seoul,1,0,0,0,16,0,0,66,0,0,timeout
6331,U6331,2025-01-12 16:32:00,2025-01-12 16:39:00,F,20~29,office,seoul,1,0,0,0,15,0,0,28,0,0,completed
6332,U6332,2025-03-30 15:05:00,2025-03-30 15:08:00,M,30~39,office,seoul,1,0,0,0,11,0,0,60,0,0,completed
6333,U6333,2025-02-05 08:54:00,2025-02-05 08:56:00,F,30~39,office,seoul,0,0,0,0,5,0,0,34,0,0,completed
6334,U6334,2025-03-01 19:12:00,2025-03-01 19:17:00,F,20~29,office,seoul,1,0,0,0,11,0,0,53,0,0,completed
6335,U6335,2025-01-20 21:53:00,2025-01-20 21:55:00,F,20~29,office,seoul,0,0,0,0,24,0,0,24,0,0,completed
6336,U6336,2025-03-26 17:39:00,2025-03-26 17:46:00,F,40~49,office,seoul,0,0,0,0,21,0,0,48,0,0,completed
6337,U6337,2025-05-18 08:36:00,2025-05-18 08:40:00,F,30~39,office,seoul,1,0,0,0,18,0,0,69,0,0,completed
6338,U6338,2025-11-14 08:15:00,2025-11-14 08:18:00,M,50+,office,seoul,0,0,0,0,8,0,0,43,1,0,completed
6339,U6339,2025-01-17 19:07:00,2025-01-17 19:11:00,F,20~29,office,seoul,0,0,0,0,7,0,0,27,0,0,completed
6340,U6340,2025-12-30 18:25:00,2025-12-30 18:29:00,F,40~49,office,seoul,0,0,0,0,4,0,0,24,0,0,completed
6341,U6341,2025-05-24 14:22:00,2025-05-24 14:28:00,M,40~49,office,seoul,1,0,0,0,16,0,0,39,0,0,completed
6342,U6342,2025-12-27 13:14:00,2025-12-27 13:20:00,F,40~49,office,seoul,1,0,0,0,2,0,0,61,0,0,completed
6343,U6343,2025-09-13 09:08:00,2025-09-13 09:10:00,M,30~39,office,seoul,1,0,0,0,24,0,0,40,0,0,completed
6344,U6344,2025-04-08 16:05:00,2025-04-08 16:07:00,M,50+,office,seoul,0,0,0,0,29,0,0,55,0,0,completed
6345,U6345,2025-09-22 07:59:00,2025-09-22 08:03:00,F,20~29,office,seoul,0,0,0,0,17,0,0,22,0,0,completed
6346,U6346,2025-01-19 13:27:00,2025-01-19 13:31:00,F,30~39,office,seoul,1,0,0,0,20,0,0,16,0,0,completed
6347,U6347,2025-07-10 17:34:00,2025-07-10 17:36:00,F,20~29,office,seoul,0,0,0,0,23,0,0,51,0,0,completed
6348,U6348,2025-05-14 11:25:00,2025-05-14 11:29:00,F,20~29,office,seoul,0,0,0,0,6,0,0,65,0,0,completed
6349,U6349,2025-05-23 08:09:00,2025-05-23 08:16:00,F,30~39,office,seoul,0,0,0,0,17,0,0,15,0,0,completed
6350,U6350,2025-08-06 13:04:00,2025-08-06 13:08:00,F,40~49,office,seoul,0,0,0,0,24,0,0,58,0,0,completed
6351,U6351,2025-05-23 17:28:00,2025-05-23 17:34:00,F,50+,office,seoul,0,0,0,0,14,0,0,38,0,0,completed
6352,U6352,2025-02-24 16:23:00,2025-02-24 16:26:00,M,20~29,office,seoul,0,0,0,0,28,0,0,64,0,0,completed
6353,U6353,2025-07-19 13:32:00,2025-07-19 13:37:00,M,20~29,office,seoul,1,0,0,0,16,0,0,64,0,0,completed
6354,U6354,2025-01-06 20:09:00,2025-01-06 20:15:00,M,40~49,office,seoul,0,0,0,0,5,0,0,52,0,0,completed
6355,U6355,2025-08-17 15:09:00,2025-08-17 15:13:00,F,20~29,office,seoul,1,0,0,0,25,0,0,54,0,0,abandoned
6356,U6356,2025-08-07 14:26:00,2025-08-07 14:29:00,F,20~29,office,seoul,0,0,0,0,19,0,0,22,0,0,completed
6357,U6357,2025-12-19 12:34:00,2025-12-19 12:39:00,F,30~39,office,seoul,0,0,0,0,25,0,0,45,0,0,completed
6358,U6358,2025-12-23 20:11:00,2025-12-23 20:16:00,M,30~39,office,seoul,0,0,0,0,6,0,0,24,0,0,completed
6359,U6359,2025-06-26 19:02:00,2025-06-26 19:06:00,F,50+,office,seoul,0,0,0,0,16,0,0,43,0,0,completed
6360,U6360,2025-09-25 08:32:00,2025-09-25 08:35:00,M,30~39,office,seoul,0,0,0,0,20,0,0,49,0,0,completed
6361,U6361,2025-03-30 20:02:00,2025-03-30 20:04:00,F,40~49,office,seoul,1,0,0,0,26,0,0,49,0,0,completed
6362,U6362,2025-06-09 13:42:00,2025-06-09 13:49:00,M,20~29,office,seoul,0,0,0,0,3,0,0,55,0,0,timeout
6363,U6363,2025-06-28 12:29:00,2025-06-28 12:33:00,M,20~29,office,seoul,1,0,0,0,19,0,0,24,0,0,error
6364,U6364,2025-10-13 11:51:00,2025-10-13 11:53:00,F,20~29,office,seoul,0,0,0,0,9,0,0,20,0,0,completed
6365,U6365,2025-11-10 13:31:00,2025-11-10 13:37:00,F,40~49,office,seoul,0,0,0,0,28,0,0,78,0,0,completed
6366,U6366,2025-08-31 08:04:00,2025-08-31 08:07:00,M,20~29,office,seoul,1,0,0,0,28,0,0,17,0,0,completed
6367,U6367,2025-07-30 15:36:00,2025-07-30 15:43:00,M,40~49,office,seoul,0,0,0,0,23,0,0,14,0,0,completed
6368,U6368,2025-12-18 12:46:00,2025-12-18 12:51:00,M,40~49,office,seoul,0,0,0,0,12,0,0,44,0,0,completed
6369,U6369,2025-12-26 19:36:00,2025-12-26 19:43:00,F,40~49,office,seoul,0,0,0,0,7,0,0,40,0,0,completed
6370,U6370,2025-12-13 15:05:00,2025-12-13 15:11:00,F,40~49,office,seoul,1,0,0,0,13,0,0,73,0,0,completed
6371,U6371,2025-04-05 17:03:00,2025-04-05 17:09:00,F,30~39,office,seoul,1,0,0,0,15,0,0,31,0,0,completed
6372,U6372,2025-06-03 08:26:00,2025-06-03 08:30:00,M,50+,office,seoul,0,0,0,0,18,0,0,77,0,0,completed
6373,U6373,2025-03-29 20:18:00,2025-03-29 20:20:00,F,40~49,office,seoul,1,0,0,0,2,0,0,70,0,0,completed
6374,U6374,2025-12-27 08:04:00,2025-12-27 08:08:00,F,30~39,office,seoul,1,0,0,0,12,0,0,62,0,0,completed
6375,U6375,2025-09-12 08:55:00,2025-09-12 09:01:00,F,30~39,office,seoul,0,0,0,0,9,0,0,56,0,0,completed
6376,U6376,2025-08-12 16:08:00,2025-08-12 16:14:00,M,40~49,office,seoul,0,0,0,0,28,0,0,39,0,0,completed
6377,U6377,2025-12-18 18:38:00,2025-12-18 18:44:00,F,30~39,office,seoul,0,0,0,0,18,0,0,27,0,0,completed
6378,U6378,2025-12-31 11:22:00,2025-12-31 11:26:00,M,40~49,office,seoul,0,0,0,0,20,0,0,19,1,0,completed
6379,U6379,2025-08-20 12:39:00,2025-08-20 12:42:00,F,40~49,office,seoul,0,0,0,0,9,0,0,57,0,0,completed
6380,U6380,2025-03-26 18:08:00,2025-03-26 18:14:00,M,30~39,office,seoul,0,0,0,0,22,0,0,67,0,0,completed
6381,U6381,2025-09-30 12:27:00,2025-09-30 12:31:00,F,30~39,office,seoul,0,0,0,0,17,0,0,44,0,0,completed
6382,U6382,2025-03-29 11:03:00,2025-03-29 11:08:00,F,40~49,office,seoul,1,0,0,0,29,0,0,68,0,0,abandoned
6383,U6383,2025-02-16 19:10:00,2025-02-16 19:14:00,F,30~39,office,seoul,1,0,0,0,8,0,0,26,0,0,completed
6384,U6384,2025-04-15 15:37:00,2025-04-15 15:42:00,M,40~49,office,seoul,0,0,0,0,14,0,0,41,0,0,completed
6385,U6385,2025-12-30 09:34:00,2025-12-30 09:37:00,F,30~39,office,seoul,0,0,0,0,2,0,0,34,0,0,completed
6386,U6386,2025-09-11 13:04:00,2025-09-11 13:11:00,M,20~29,office,seoul,0,0,0,0,10,0,0,65,0,0,completed
6387,U6387,2025-06-27 15:35:00,2025-06-27 15:37:00,F,20~29,office,seoul,0,0,0,0,3,0,0,63,1,0,completed
6388,U6388,2025-09-16 17:09:00,2025-09-16 17:12:00,M,30~39,office,seoul,0,0,0,0,8,0,0,51,0,0,completed
6389,U6389,2025-02-15 15:34:00,2025-02-15 15:38:00,F,20~29,office,seoul,1,0,0,0,25,0,0,47,0,0,completed
6390,U6390,2025-03-08 19:44:00,2025-03-08 19:48:00,F,30~39,office,seoul,1,0,0,0,1,0,0,35,0,0,completed
6391,U6391,2025-03-20 16:12:00,2025-03-20 16:18:00,M,20~29,office,seoul,0,0,0,0,20,0,0,24,0,0,completed
6392,U6392,2025-07-23 14:26:00,2025-07-23 14:29:00,F,50+,office,seoul,0,0,0,0,16,0,0,59,0,0,completed
6393,U6393,2025-12-20 16:29:00,2025-12-20 16:36:00,F,20~29,office,seoul,1,0,0,0,6,0,0,79,0,1,completed
6394,U6394,2025-07-28 16:51:00,2025-07-28 16:55:00,M,20~29,office,seoul,0,0,0,0,14,0,0,65,0,0,completed
6395,U6395,2025-05-09 08:46:00,2025-05-09 08:49:00,M,20~29,office,seoul,0,0,0,0,14,0,0,43,0,0,completed
6396,U6396,2025-09-15 14:55:00,2025-09-15 14:57:00,M,40~49,office,seoul,0,0,0,0,23,0,0,62,1,0,completed
6397,U6397,2025-12-03 11:43:00,2025-12-03 11:50:00,F,20~29,office,seoul,0,0,0,0,22,0,0,54,0,0,timeout
6398,U6398,2025-04-02 15:04:00,2025-04-02 15:06:00,M,40~49,office,seoul,0,0,0,0,6,0,0,32,0,0,completed
6399,U6399,2025-04-12 15:23:00,2025-04-12 15:25:00,F,40~49,office,seoul,1,0,0,0,9,0,0,23,0,0,completed
6400,U6400,2025-04-26 16:31:00,2025-04-26 16:38:00,M,20~29,office,seoul,1,0,0,0,19,0,0,62,0,0,completed
6401,U6401,2025-10-08 18:19:00,2025-10-08 18:25:00,F,40~49,office,seoul,0,0,0,0,0,0,0,65,0,0,completed
6402,U6402,2025-07-15 16:07:00,2025-07-15 16:10:00,F,20~29,office,seoul,0,0,0,0,10,0,0,60,0,0,completed
6403,U6403,2025-04-22 08:44:00,2025-04-22 08:48:00,M,30~39,office,seoul,0,0,0,0,0,0,0,61,0,0,completed
6404,U6404,2025-03-07 07:54:00,2025-03-07 07:59:00,F,20~29,office,seoul,0,0,0,0,1,0,0,53,0,0,completed
6405,U6405,2025-10-12 07:14:00,2025-10-12 07:17:00,M,20~29,office,seoul,1,0,0,0,9,0,0,38,0,0,completed
6406,U6406,2025-06-15 13:19:00,2025-06-15 13:26:00,M,30~39,office,seoul,1,0,0,0,11,0,0,28,0,0,completed
6407,U6407,2025-05-29 07:47:00,2025-05-29 07:53:00,F,20~29,office,seoul,0,0,0,0,24,0,0,49,0,0,completed
6408,U6408,2025-04-29 13:58:00,2025-04-29 14:01:00,M,50+,office,seoul,0,0,0,0,28,0,0,20,0,0,abandoned
6409,U6409,2025-12-07 08:49:00,2025-12-07 08:54:00,F,20~29,office,seoul,1,0,0,0,3,0,0,16,0,0,completed
6410,U6410,2025-05-06 16:44:00,2025-05-06 16:47:00,F,30~39,office,seoul,0,0,0,0,15,0,0,15,0,0,completed
6411,U6411,2025-05-18 12:03:00,2025-05-18 12:09:00,M,30~39,office,seoul,1,0,0,0,1,0,0,70,0,0,completed
6412,U6412,2025-12-24 13:17:00,2025-12-24 13:23:00,M,20~29,office,seoul,0,0,0,0,18,0,0,66,0,0,completed
6413,U6413,2025-03-14 15:09:00,2025-03-14 15:16:00,F,30~39,office,seoul,0,0,0,0,0,0,0,49,0,0,completed
6414,U6414,2025-07-12 15:50:00,2025-07-12 15:54:00,F,20~29,office,seoul,1,0,0,0,8,0,0,15,0,0,completed
6415,U6415,2025-05-28 15:07:00,2025-05-28 15:13:00,F,20~29,office,seoul,0,0,0,0,3,0,0,74,0,1,error
6416,U6416,2025-03-08 08:38:00,2025-03-08 08:40:00,M,30~39,office,seoul,1,0,0,0,24,0,0,76,0,0,completed
6417,U6417,2025-10-17 16:26:00,2025-10-17 16:31:00,F,20~29,office,seoul,0,0,0,0,27,0,0,52,0,0,completed
6418,U6418,2025-09-13 18:23:00,2025-09-13 18:26:00,M,20~29,office,seoul,1,0,0,0,4,0,0,75,0,0,completed
6419,U6419,2025-03-20 15:33:00,2025-03-20 15:39:00,M,40~49,office,seoul,0,0,0,0,13,0,0,55,0,0,completed
6420,U6420,2025-01-16 11:02:00,2025-01-16 11:05:00,M,20~29,office,seoul,0,0,0,0,20,0,0,65,0,0,timeout
6421,U6421,2025-05-02 09:32:00,2025-05-02 09:36:00,F,30~39,office,seoul,0,0,0,0,15,0,0,21,0,0,completed
6422,U6422,2025-10-05 22:11:00,2025-10-05 22:14:00,M,30~39,office,seoul,1,0,0,0,23,0,0,37,0,0,completed
6423,U6423,2025-02-15 14:44:00,2025-02-15 14:46:00,M,50+,office,seoul,1,0,0,0,12,0,0,50,0,0,completed
6424,U6424,2025-06-06 14:35:00,2025-06-06 14:38:00,F,20~29,office,seoul,0,0,0,0,5,0,0,71,0,0,completed
6425,U6425,2025-12-26 14:17:00,2025-12-26 14:23:00,F,50+,office,seoul,0,0,0,0,22,0,0,14,0,0,abandoned
6426,U6426,2025-03-06 16:09:00,2025-03-06 16:12:00,F,20~29,office,seoul,0,0,0,0,25,0,0,60,0,0,completed
6427,U6427,2025-11-23 16:08:00,2025-11-23 16:10:00,M,30~39,office,seoul,1,0,0,0,22,0,0,50,0,0,completed
6428,U6428,2025-02-22 11:07:00,2025-02-22 11:12:00,F,30~39,office,seoul,1,0,0,0,15,0,0,76,0,0,timeout
6429,U6429,2025-11-25 09:00:00,2025-11-25 09:02:00,F,20~29,office,seoul,0,0,0,0,6,0,0,49,0,0,completed
6430,U6430,2025-09-05 12:11:00,2025-09-05 12:16:00,F,30~39,office,seoul,0,0,0,0,13,0,0,49,0,0,completed
6431,U6431,2025-05-20 16:34:00,2025-05-20 16:39:00,F,30~39,office,seoul,0,0,0,0,29,0,0,68,0,0,timeout
6432,U6432,2025-10-28 14:14:00,2025-10-28 14:16:00,F,40~49,office,seoul,0,0,0,0,6,0,0,45,0,0,completed
6433,U6433,2025-01-08 08:23:00,2025-01-08 08:25:00,M,30~39,office,seoul,0,0,0,0,12,0,0,10,0,0,completed
6434,U6434,2025-07-01 20:11:00,2025-07-01 20:15:00,M,50+,office,seoul,0,0,0,0,23,0,0,41,0,0,completed
6435,U6435,2025-03-09 15:56:00,2025-03-09 16:01:00,F,20~29,office,seoul,1,0,0,0,1,0,0,45,0,0,completed
6436,U6436,2025-04-07 12:50:00,2025-04-07 12:57:00,M,50+,office,seoul,0,0,0,0,14,0,0,37,0,0,completed
6437,U6437,2025-06-07 15:20:00,2025-06-07 15:26:00,F,30~39,office,seoul,1,0,0,0,23,0,0,30,0,0,completed
6438,U6438,2025-12-08 16:21:00,2025-12-08 16:28:00,M,20~29,office,seoul,0,0,0,0,20,0,0,48,0,0,completed
6439,U6439,2025-09-03 07:22:00,2025-09-03 07:26:00,M,40~49,office,seoul,0,0,0,0,19,0,0,49,0,0,completed
6440,U6440,2025-11-07 12:00:00,2025-11-07 12:07:00,F,20~29,office,seoul,0,0,0,0,25,0,0,75,0,0,completed
6441,U6441,2025-01-14 13:16:00,2025-01-14 13:20:00,M,30~39,office,seoul,0,0,0,0,10,0,0,66,0,0,completed
6442,U6442,2025-04-28 08:47:00,2025-04-28 08:54:00,F,30~39,office,seoul,0,0,0,0,21,0,0,29,0,0,completed
6443,U6443,2025-08-07 12:21:00,2025-08-07 12:27:00,F,20~29,office,seoul,0,0,0,0,18,0,0,11,0,0,completed
6444,U6444,2025-03-14 16:35:00,2025-03-14 16:42:00,F,50+,office,seoul,0,0,0,0,24,0,0,21,0,0,completed
6445,U6445,2025-01-09 14:08:00,2025-01-09 14:11:00,M,40~49,office,seoul,0,0,0,0,7,0,0,73,0,0,completed
6446,U6446,2025-09-10 16:50:00,2025-09-10 16:56:00,F,40~49,office,seoul,0,0,0,0,26,0,0,36,0,0,completed
6447,U6447,2025-06-05 18:55:00,2025-06-05 18:57:00,M,20~29,office,seoul,0,0,0,0,7,0,0,50,0,0,completed
6448,U6448,2025-05-03 09:20:00,2025-05-03 09:22:00,M,30~39,office,seoul,1,0,0,0,0,0,0,58,0,0,completed
6449,U6449,2025-04-28 17:01:00,2025-04-28 17:06:00,F,20~29,office,seoul,0,0,0,0,2,0,0,55,1,0,timeout
6450,U6450,2025-10-14 08:25:00,2025-10-14 08:29:00,F,30~39,office,seoul,0,0,0,0,2,0,0,35,0,0,completed
6451,U6451,2025-08-23 12:16:00,2025-08-23 12:20:00,F,20~29,office,seoul,1,0,0,0,3,0,0,55,0,0,completed
6452,U6452,2025-06-10 16:57:00,2025-06-10 17:02:00,M,30~39,office,seoul,0,0,0,0,9,0,0,21,1,0,completed
6453,U6453,2025-07-29 08:42:00,2025-07-29 08:46:00,F,50+,office,seoul,0,0,0,0,17,0,0,74,0,0,completed
6454,U6454,2025-01-02 08:10:00,2025-01-02 08:13:00,F,50+,office,seoul,0,0,0,0,10,0,0,27,0,0,completed
6455,U6455,2025-10-17 14:17:00,2025-10-17 14:20:00,M,30~39,office,seoul,0,0,0,0,29,0,0,75,0,0,completed
6456,U6456,2025-04-02 09:11:00,2025-04-02 09:14:00,M,30~39,office,seoul,0,0,0,0,8,0,0,37,0,0,completed
6457,U6457,2025-01-13 15:26:00,2025-01-13 15:31:00,M,30~39,office,seoul,0,0,0,0,1,0,0,52,0,0,completed
6458,U6458,2025-12-24 09:56:00,2025-12-24 09:58:00,M,30~39,office,seoul,0,0,0,0,29,0,0,78,0,0,completed
6459,U6459,2025-12-09 16:23:00,2025-12-09 16:27:00,F,20~29,office,seoul,0,0,0,0,3,0,0,26,0,0,completed
6460,U6460,2025-07-23 08:46:00,2025-07-23 08:53:00,F,40~49,office,seoul,0,0,0,0,9,0,0,59,1,0,completed
6461,U6461,2025-07-17 19:02:00,2025-07-17 19:05:00,M,30~39,office,seoul,0,0,0,0,15,0,0,78,0,0,completed
6462,U6462,2025-04-04 15:05:00,2025-04-04 15:10:00,M,30~39,office,seoul,0,0,0,0,12,0,0,64,0,0,completed
6463,U6463,2025-08-13 14:35:00,2025-08-13 14:38:00,F,30~39,office,seoul,0,0,0,0,13,0,0,18,0,0,completed
6464,U6464,2025-08-26 09:46:00,2025-08-26 09:50:00,M,30~39,office,seoul,0,0,0,0,23,0,0,68,0,0,completed
6465,U6465,2025-04-12 20:57:00,2025-04-12 21:02:00,M,20~29,office,seoul,1,0,0,0,27,0,0,69,0,0,completed
6466,U6466,2025-11-08 14:56:00,2025-11-08 15:00:00,F,50+,office,seoul,1,0,0,0,18,0,0,66,1,0,completed
6467,U6467,2025-08-16 09:56:00,2025-08-16 09:58:00,F,20~29,office,seoul,1,0,0,0,21,0,0,75,0,0,completed
6468,U6468,2025-03-14 16:50:00,2025-03-14 16:57:00,M,50+,office,seoul,0,0,0,0,2,0,0,29,0,0,completed
6469,U6469,2025-03-24 08:36:00,2025-03-24 08:41:00,M,20~29,office,seoul,0,0,0,0,3,0,0,12,0,0,completed
6470,U6470,2025-02-14 14:57:00,2025-02-14 15:03:00,F,50+,office,seoul,0,0,0,0,6,0,0,32,0,0,abandoned
6471,U6471,2025-12-13 16:39:00,2025-12-13 16:42:00,M,20~29,office,seoul,1,0,0,0,23,0,0,64,0,0,completed
6472,U6472,2025-05-01 09:49:00,2025-05-01 09:53:00,F,30~39,office,seoul,0,0,0,0,22,0,0,10,0,0,completed
6473,U6473,2025-10-23 16:46:00,2025-10-23 16:50:00,M,50+,office,seoul,0,0,0,0,15,0,0,52,0,1,completed
6474,U6474,2025-07-27 13:11:00,2025-07-27 13:18:00,M,20~29,office,seoul,1,0,0,0,14,0,0,36,0,0,completed
6475,U6475,2025-03-20 16:10:00,2025-03-20 16:17:00,F,20~29,office,seoul,0,0,0,0,19,0,0,43,0,0,completed
6476,U6476,2025-05-18 11:21:00,2025-05-18 11:27:00,M,50+,office,seoul,1,0,0,0,0,0,0,20,0,0,abandoned
6477,U6477,2025-12-27 12:32:00,2025-12-27 12:36:00,F,30~39,office,seoul,1,0,0,0,24,0,0,29,0,0,completed
6478,U6478,2025-12-12 15:53:00,2025-12-12 15:55:00,F,40~49,office,seoul,0,0,0,0,1,0,0,65,0,0,abandoned
6479,U6479,2025-02-09 20:37:00,2025-02-09 20:40:00,M,50+,office,seoul,1,0,0,0,26,0,0,30,0,0,completed
6480,U6480,2025-05-27 13:56:00,2025-05-27 13:58:00,M,20~29,office,seoul,0,0,0,0,13,0,0,10,0,0,completed
6481,U6481,2025-04-03 19:24:00,2025-04-03 19:30:00,M,50+,office,seoul,0,0,0,0,18,0,0,40,0,0,abandoned
6482,U6482,2025-11-08 20:29:00,2025-11-08 20:35:00,F,30~39,office,seoul,1,0,0,0,0,0,0,69,0,0,completed
6483,U6483,2025-08-29 15:55:00,2025-08-29 16:02:00,F,30~39,office,seoul,0,0,0,0,26,0,0,67,0,0,completed
6484,U6484,2025-02-16 14:10:00,2025-02-16 14:15:00,F,50+,office,seoul,1,0,0,0,13,0,0,72,1,0,completed
6485,U6485,2025-08-15 09:00:00,2025-08-15 09:02:00,M,40~49,office,seoul,0,0,0,0,13,0,0,46,0,0,completed
6486,U6486,2025-05-05 12:36:00,2025-05-05 12:40:00,F,20~29,office,seoul,0,0,0,0,4,0,0,45,0,0,completed
6487,U6487,2025-06-28 12:20:00,2025-06-28 12:22:00,F,50+,office,seoul,1,0,0,0,19,0,0,19,0,0,completed
6488,U6488,2025-11-06 09:43:00,2025-11-06 09:45:00,F,20~29,office,seoul,0,0,0,0,3,0,0,27,0,0,completed
6489,U6489,2025-09-06 09:00:00,2025-09-06 09:07:00,M,30~39,office,seoul,1,0,0,0,1,0,0,74,0,0,completed
6490,U6490,2025-05-24 11:54:00,2025-05-24 11:59:00,F,30~39,office,seoul,1,0,0,0,8,0,0,39,0,0,completed
6491,U6491,2025-10-16 13:31:00,2025-10-16 13:34:00,M,20~29,office,seoul,0,0,0,0,16,0,0,72,0,0,completed
6492,U6492,2025-06-23 07:33:00,2025-06-23 07:40:00,M,30~39,office,seoul,0,0,0,0,23,0,0,12,0,0,completed
6493,U6493,2025-05-10 07:02:00,2025-05-10 07:08:00,M,20~29,office,seoul,1,0,0,0,25,0,0,54,0,0,completed
6494,U6494,2025-12-31 08:02:00,2025-12-31 08:04:00,F,20~29,office,seoul,0,0,0,0,28,0,0,73,0,0,completed
6495,U6495,2025-01-16 11:57:00,2025-01-16 12:01:00,M,20~29,office,seoul,0,0,0,0,10,0,0,39,0,0,timeout
6496,U6496,2025-04-24 13:18:00,2025-04-24 13:24:00,M,20~29,office,seoul,0,0,0,0,29,0,0,32,0,0,completed
6497,U6497,2025-11-09 07:21:00,2025-11-09 07:28:00,M,40~49,office,seoul,1,0,0,0,10,0,0,58,0,0,timeout
6498,U6498,2025-08-01 08:05:00,2025-08-01 08:09:00,M,40~49,office,seoul,0,0,0,0,19,0,0,72,0,0,completed
6499,U6499,2025-08-11 14:45:00,2025-08-11 14:49:00,M,30~39,office,seoul,0,0,0,0,19,0,0,51,0,0,completed
6500,U6500,2025-06-07 16:04:00,2025-06-07 16:10:00,F,30~39,office,seoul,1,0,0,0,8,0,0,52,0,0,abandoned
6501,U6501,2025-12-01 18:52:00,2025-12-01 18:55:00,M,30~39,office,seoul,0,0,0,0,25,0,0,34,0,0,completed
6502,U6502,2025-02-27 14:52:00,2025-02-27 14:57:00,M,20~29,office,seoul,0,0,0,0,24,0,0,43,0,0,completed
6503,U6503,2025-04-11 09:15:00,2025-04-11 09:21:00,M,20~29,office,seoul,0,0,0,0,4,0,0,36,0,0,completed
6504,U6504,2025-01-03 13:24:00,2025-01-03 13:29:00,F,20~29,office,seoul,0,0,0,0,22,0,0,52,0,0,completed
6505,U6505,2025-08-30 08:12:00,2025-08-30 08:17:00,F,50+,office,seoul,1,0,0,0,26,0,0,38,0,0,completed
6506,U6506,2025-07-30 18:53:00,2025-07-30 18:58:00,F,20~29,office,seoul,0,0,0,0,18,0,0,65,0,0,completed
6507,U6507,2025-09-27 20:52:00,2025-09-27 20:58:00,F,50+,office,seoul,1,0,0,0,28,0,0,29,0,0,completed
6508,U6508,2025-02-07 16:27:00,2025-02-07 16:31:00,F,40~49,office,seoul,0,0,0,0,27,0,0,28,0,0,completed
6509,U6509,2025-11-27 17:31:00,2025-11-27 17:38:00,M,20~29,office,seoul,0,0,0,0,4,0,0,35,0,0,completed
6510,U6510,2025-12-19 20:49:00,2025-12-19 20:51:00,F,30~39,office,seoul,0,0,0,0,27,0,0,16,0,0,completed
6511,U6511,2025-06-17 12:57:00,2025-06-17 13:01:00,M,20~29,office,seoul,0,0,0,0,0,0,0,56,0,0,completed
6512,U6512,2025-09-16 13:11:00,2025-09-16 13:17:00,M,30~39,office,seoul,0,0,0,0,5,0,0,32,0,0,completed
6513,U6513,2025-07-22 17:25:00,2025-07-22 17:32:00,F,50+,office,seoul,0,0,0,0,15,0,0,67,0,0,completed
6514,U6514,2025-04-01 13:50:00,2025-04-01 13:53:00,M,20~29,office,seoul,0,0,0,0,18,0,0,77,0,0,completed
6515,U6515,2025-11-28 12:50:00,2025-11-28 12:53:00,M,30~39,office,seoul,0,0,0,0,10,0,0,11,0,0,completed
6516,U6516,2025-06-13 12:45:00,2025-06-13 12:51:00,M,50+,office,seoul,0,0,0,0,6,0,0,32,1,0,completed
6517,U6517,2025-07-06 15:29:00,2025-07-06 15:31:00,M,20~29,office,seoul,1,0,0,0,26,0,0,68,0,0,completed
6518,U6518,2025-12-29 12:12:00,2025-12-29 12:15:00,F,50+,office,seoul,0,0,0,0,20,0,0,17,0,0,completed
6519,U6519,2025-11-24 16:22:00,2025-11-24 16:25:00,M,30~39,office,seoul,0,0,0,0,25,0,0,75,0,0,abandoned
6520,U6520,2025-01-10 16:27:00,2025-01-10 16:29:00,F,40~49,office,seoul,0,0,0,0,7,0,0,72,0,0,completed
6521,U6521,2025-11-29 14:41:00,2025-11-29 14:45:00,F,30~39,office,seoul,1,0,0,0,5,0,0,70,0,0,completed
6522,U6522,2025-07-19 13:22:00,2025-07-19 13:26:00,F,50+,office,seoul,1,0,0,0,14,0,0,75,0,0,timeout
6523,U6523,2025-08-24 09:15:00,2025-08-24 09:17:00,M,20~29,office,seoul,1,0,0,0,14,0,0,33,0,0,completed
6524,U6524,2025-03-16 17:00:00,2025-03-16 17:05:00,F,50+,office,seoul,1,0,0,0,3,0,0,23,0,0,completed
6525,U6525,2025-04-11 16:46:00,2025-04-11 16:53:00,F,50+,office,seoul,0,0,0,0,22,0,0,32,0,0,completed
6526,U6526,2025-11-04 19:05:00,2025-11-04 19:11:00,F,20~29,office,seoul,0,0,0,0,10,0,0,44,0,0,abandoned
6527,U6527,2025-01-28 09:56:00,2025-01-28 09:58:00,F,50+,office,seoul,0,0,0,0,25,0,0,29,0,0,completed
6528,U6528,2025-05-08 16:51:00,2025-05-08 16:53:00,F,20~29,office,seoul,0,0,0,0,24,0,0,53,0,0,completed
6529,U6529,2025-10-25 13:55:00,2025-10-25 13:58:00,M,30~39,office,seoul,1,0,0,0,27,0,0,26,0,0,completed
6530,U6530,2025-12-28 13:42:00,2025-12-28 13:44:00,F,50+,office,seoul,1,0,0,0,15,0,0,22,1,0,completed
6531,U6531,2025-01-06 17:08:00,2025-01-06 17:14:00,F,20~29,office,seoul,0,0,0,0,12,0,0,23,0,0,completed
6532,U6532,2025-08-17 20:52:00,2025-08-17 20:54:00,F,30~39,office,seoul,1,0,0,0,10,0,0,34,0,0,completed
6533,U6533,2025-12-12 13:08:00,2025-12-12 13:15:00,F,40~49,office,seoul,0,0,0,0,20,0,0,33,0,0,completed
6534,U6534,2025-09-23 17:36:00,2025-09-23 17:42:00,M,20~29,office,seoul,0,0,0,0,9,0,0,57,0,0,completed
6535,U6535,2025-08-20 18:47:00,2025-08-20 18:52:00,M,20~29,office,seoul,0,0,0,0,23,0,0,49,0,0,completed
6536,U6536,2025-11-04 08:52:00,2025-11-04 08:54:00,F,50+,office,seoul,0,0,0,0,7,0,0,33,0,0,completed
6537,U6537,2025-09-09 11:23:00,2025-09-09 11:29:00,F,30~39,office,seoul,0,0,0,0,28,0,0,46,0,0,completed
6538,U6538,2025-08-16 17:46:00,2025-08-16 17:52:00,F,50+,office,seoul,1,0,0,0,16,0,0,24,0,0,completed
6539,U6539,2025-01-06 11:35:00,2025-01-06 11:42:00,M,20~29,office,seoul,0,0,0,0,21,0,0,73,0,0,completed
6540,U6540,2025-05-01 12:01:00,2025-05-01 12:05:00,F,40~49,office,seoul,0,0,0,0,20,0,0,70,1,0,completed
6541,U6541,2025-04-12 17:56:00,2025-04-12 18:02:00,M,50+,office,seoul,1,0,0,0,2,0,0,69,0,0,completed
6542,U6542,2025-10-24 09:29:00,2025-10-24 09:35:00,M,20~29,office,seoul,0,0,0,0,15,0,0,51,0,0,abandoned
6543,U6543,2025-12-02 15:42:00,2025-12-02 15:49:00,F,50+,office,seoul,0,0,0,0,11,0,0,70,0,0,completed
6544,U6544,2025-03-07 09:26:00,2025-03-07 09:28:00,F,30~39,office,seoul,0,0,0,0,27,0,0,27,0,0,completed
6545,U6545,2025-06-14 08:40:00,2025-06-14 08:47:00,F,20~29,office,seoul,1,0,0,0,4,0,0,75,0,0,completed
6546,U6546,2025-03-21 17:05:00,2025-03-21 17:08:00,M,30~39,office,seoul,0,0,0,0,10,0,0,42,0,0,completed
6547,U6547,2025-11-22 18:17:00,2025-11-22 18:19:00,F,30~39,office,seoul,1,0,0,0,15,0,0,76,0,0,completed
6548,U6548,2025-05-18 14:17:00,2025-05-18 14:21:00,M,30~39,office,seoul,1,0,0,0,4,0,0,44,0,0,completed
6549,U6549,2025-07-28 08:12:00,2025-07-28 08:15:00,F,30~39,office,seoul,0,0,0,0,14,0,0,20,0,0,completed
6550,U6550,2025-09-16 14:25:00,2025-09-16 14:27:00,F,30~39,office,seoul,0,0,0,0,20,0,0,36,0,0,timeout
6551,U6551,2025-05-23 14:39:00,2025-05-23 14:44:00,F,30~39,office,seoul,0,0,0,0,10,0,0,68,1,0,completed
6552,U6552,2025-01-03 22:16:00,2025-01-03 22:21:00,F,20~29,office,seoul,0,0,0,0,13,0,0,54,1,0,error
6553,U6553,2025-06-01 15:34:00,2025-06-01 15:40:00,F,50+,office,seoul,1,0,0,0,21,0,0,41,0,0,completed
6554,U6554,2025-09-09 18:18:00,2025-09-09 18:25:00,M,20~29,office,seoul,0,0,0,0,21,0,0,44,0,0,completed
6555,U6555,2025-05-11 15:37:00,2025-05-11 15:40:00,M,20~29,office,seoul,1,0,0,0,10,0,0,13,0,0,completed
6556,U6556,2025-02-22 11:27:00,2025-02-22 11:31:00,M,30~39,office,seoul,1,0,0,0,2,0,0,27,0,0,completed
6557,U6557,2025-12-24 13:37:00,2025-12-24 13:39:00,M,20~29,office,seoul,0,0,0,0,29,0,0,76,0,0,completed
6558,U6558,2025-05-10 14:31:00,2025-05-10 14:33:00,F,30~39,office,seoul,1,0,0,0,28,0,0,79,0,0,completed
6559,U6559,2025-11-18 14:37:00,2025-11-18 14:41:00,F,30~39,office,seoul,0,0,0,0,23,0,0,41,0,0,completed
6560,U6560,2025-01-09 16:12:00,2025-01-09 16:14:00,M,50+,office,seoul,0,0,0,0,17,0,0,47,0,0,abandoned
6561,U6561,2025-09-02 14:57:00,2025-09-02 14:59:00,M,20~29,office,seoul,0,0,0,0,19,0,0,33,0,0,completed
6562,U6562,2025-04-17 09:06:00,2025-04-17 09:10:00,F,30~39,office,seoul,0,0,0,0,20,0,0,39,0,0,completed
6563,U6563,2025-05-30 22:13:00,2025-05-30 22:17:00,F,30~39,office,seoul,0,0,0,0,8,0,0,71,0,0,completed
6564,U6564,2025-05-17 18:15:00,2025-05-17 18:20:00,F,30~39,office,seoul,1,0,0,0,25,0,0,37,0,0,completed
6565,U6565,2025-06-04 11:09:00,2025-06-04 11:14:00,F,30~39,office,seoul,0,0,0,0,8,0,0,79,0,0,completed
6566,U6566,2025-10-07 11:30:00,2025-10-07 11:37:00,F,50+,office,seoul,0,0,0,0,8,0,0,47,0,0,completed
6567,U6567,2025-08-31 18:08:00,2025-08-31 18:11:00,M,30~39,office,seoul,1,0,0,0,0,0,0,60,0,0,error
6568,U6568,2025-12-31 18:23:00,2025-12-31 18:30:00,M,30~39,office,seoul,0,0,0,0,29,0,0,33,0,0,completed
6569,U6569,2025-09-11 07:02:00,2025-09-11 07:05:00,M,30~39,office,seoul,0,0,0,0,24,0,0,69,0,0,abandoned
6570,U6570,2025-12-16 16:27:00,2025-12-16 16:32:00,F,30~39,office,seoul,0,0,0,0,15,0,0,34,0,0,completed
6571,U6571,2025-11-05 09:01:00,2025-11-05 09:04:00,F,30~39,office,seoul,0,0,0,0,3,0,0,30,0,0,completed
6572,U6572,2025-06-21 17:29:00,2025-06-21 17:32:00,M,30~39,office,seoul,1,0,0,0,23,0,0,41,0,0,completed
6573,U6573,2025-03-30 15:46:00,2025-03-30 15:49:00,M,50+,office,seoul,1,0,0,0,4,0,0,15,0,0,completed
6574,U6574,2025-08-01 14:50:00,2025-08-01 14:52:00,F,20~29,office,seoul,0,0,0,0,21,0,0,17,0,0,completed
6575,U6575,2025-11-18 11:55:00,2025-11-18 12:01:00,M,30~39,office,seoul,0,0,0,0,29,0,0,31,0,0,completed
6576,U6576,2025-04-25 09:53:00,2025-04-25 10:00:00,M,50+,office,seoul,0,0,0,0,24,0,0,35,0,0,abandoned
6577,U6577,2025-10-12 09:01:00,2025-10-12 09:08:00,F,20~29,office,seoul,1,0,0,0,26,0,0,68,0,0,completed
6578,U6578,2025-10-12 08:07:00,2025-10-12 08:13:00,M,40~49,office,seoul,1,0,0,0,2,0,0,12,0,0,timeout
6579,U6579,2025-02-08 19:36:00,2025-02-08 19:43:00,F,30~39,office,seoul,1,0,0,0,10,0,0,27,0,0,completed
6580,U6580,2025-12-17 13:34:00,2025-12-17 13:41:00,M,50+,office,seoul,0,0,0,0,24,0,0,53,0,0,completed
6581,U6581,2025-09-14 12:40:00,2025-09-14 12:44:00,F,30~39,office,seoul,1,0,0,0,8,0,0,22,0,0,completed
6582,U6582,2025-04-08 13:15:00,2025-04-08 13:21:00,M,50+,office,seoul,0,0,0,0,25,0,0,78,0,0,completed
6583,U6583,2025-10-20 11:30:00,2025-10-20 11:35:00,F,30~39,office,seoul,0,0,0,0,3,0,0,62,0,0,completed
6584,U6584,2025-02-04 18:47:00,2025-02-04 18:49:00,F,30~39,office,seoul,0,0,0,0,1,0,0,74,0,0,completed
6585,U6585,2025-02-15 16:04:00,2025-02-15 16:07:00,F,30~39,office,seoul,1,0,0,0,18,0,0,68,0,0,completed
6586,U6586,2025-08-25 13:30:00,2025-08-25 13:33:00,M,40~49,office,seoul,0,0,0,0,28,0,0,22,0,0,completed
6587,U6587,2025-01-20 11:17:00,2025-01-20 11:22:00,M,30~39,office,seoul,0,0,0,0,22,0,0,79,0,0,completed
6588,U6588,2025-11-05 20:31:00,2025-11-05 20:38:00,F,50+,office,seoul,0,0,0,0,8,0,0,49,0,0,completed
6589,U6589,2025-08-12 12:04:00,2025-08-12 12:07:00,F,20~29,office,seoul,0,0,0,0,6,0,0,17,0,0,completed
6590,U6590,2025-11-16 08:27:00,2025-11-16 08:34:00,F,40~49,office,seoul,1,0,0,0,10,0,0,41,0,0,completed
6591,U6591,2025-11-19 09:18:00,2025-11-19 09:21:00,M,50+,office,seoul,0,0,0,0,24,0,0,63,0,0,completed
6592,U6592,2025-01-30 07:59:00,2025-01-30 08:05:00,F,20~29,office,seoul,0,0,0,0,10,0,0,19,0,0,completed
6593,U6593,2025-03-26 13:55:00,2025-03-26 14:00:00,F,50+,office,seoul,0,0,0,0,22,0,0,10,0,1,completed
6594,U6594,2025-05-25 13:16:00,2025-05-25 13:18:00,F,20~29,office,seoul,1,0,0,0,20,0,0,64,0,0,completed
6595,U6595,2025-10-30 22:11:00,2025-10-30 22:16:00,F,20~29,office,seoul,0,0,0,0,16,0,0,31,0,0,completed
6596,U6596,2025-03-09 20:56:00,2025-03-09 21:01:00,F,30~39,office,seoul,1,0,0,0,14,0,0,31,0,0,abandoned
6597,U6597,2025-09-24 09:38:00,2025-09-24 09:41:00,M,20~29,office,seoul,0,0,0,0,2,0,0,16,0,0,completed
6598,U6598,2025-06-06 13:03:00,2025-06-06 13:09:00,F,30~39,office,seoul,0,0,0,0,15,0,0,49,0,0,completed
6599,U6599,2025-12-19 12:53:00,2025-12-19 12:56:00,M,20~29,office,seoul,0,0,0,0,12,0,0,40,0,0,error
6600,U6600,2025-04-10 14:13:00,2025-04-10 14:16:00,M,30~39,office,seoul,0,0,0,0,28,0,0,55,0,0,completed
6601,U6601,2025-08-27 17:24:00,2025-08-27 17:28:00,F,30~39,office,seoul,0,0,0,0,2,0,0,12,0,0,completed
6602,U6602,2025-03-24 09:04:00,2025-03-24 09:08:00,M,50+,office,seoul,0,0,0,0,24,0,0,55,1,0,completed
6603,U6603,2025-02-23 16:05:00,2025-02-23 16:12:00,M,50+,office,seoul,1,0,0,0,23,0,0,28,0,0,completed
6604,U6604,2025-12-20 09:51:00,2025-12-20 09:54:00,F,30~39,office,seoul,1,0,0,0,29,0,0,70,0,0,completed
6605,U6605,2025-04-17 08:44:00,2025-04-17 08:50:00,F,40~49,office,seoul,0,0,0,0,17,0,0,70,0,0,completed
6606,U6606,2025-03-17 17:00:00,2025-03-17 17:07:00,M,20~29,office,seoul,0,0,0,0,6,0,0,39,0,0,completed
6607,U6607,2025-02-24 11:00:00,2025-02-24 11:03:00,F,50+,office,seoul,0,0,0,0,26,0,0,48,0,0,completed
6608,U6608,2025-09-19 16:13:00,2025-09-19 16:18:00,M,20~29,office,seoul,0,0,0,0,13,0,0,45,0,0,completed
6609,U6609,2025-10-20 07:27:00,2025-10-20 07:33:00,F,20~29,office,seoul,0,0,0,0,26,0,0,33,0,0,completed
6610,U6610,2025-05-21 15:46:00,2025-05-21 15:52:00,M,30~39,office,seoul,0,0,0,0,25,0,0,11,0,0,completed
6611,U6611,2025-10-01 12:05:00,2025-10-01 12:08:00,F,20~29,office,seoul,0,0,0,0,10,0,0,23,0,0,completed
6612,U6612,2025-01-28 18:44:00,2025-01-28 18:51:00,M,50+,office,seoul,0,0,0,0,9,0,0,37,0,0,completed
6613,U6613,2025-07-29 22:04:00,2025-07-29 22:06:00,M,40~49,office,seoul,0,0,0,0,12,0,0,45,0,0,completed
6614,U6614,2025-01-29 15:50:00,2025-01-29 15:55:00,M,20~29,office,seoul,0,0,0,0,1,0,0,54,0,0,completed
6615,U6615,2025-05-11 19:20:00,2025-05-11 19:26:00,M,30~39,office,seoul,1,0,0,0,1,0,0,48,0,0,completed
6616,U6616,2025-09-06 15:22:00,2025-09-06 15:26:00,F,40~49,office,seoul,1,0,0,0,5,0,0,42,0,0,timeout
6617,U6617,2025-08-17 09:11:00,2025-08-17 09:13:00,M,20~29,office,seoul,1,0,0,0,21,0,0,38,0,0,completed
6618,U6618,2025-01-19 09:23:00,2025-01-19 09:25:00,F,30~39,office,seoul,1,0,0,0,28,0,0,34,0,0,completed
6619,U6619,2025-01-18 17:51:00,2025-01-18 17:56:00,F,30~39,office,seoul,1,0,0,0,14,0,0,23,0,0,completed
6620,U6620,2025-01-22 08:29:00,2025-01-22 08:36:00,F,40~49,office,seoul,0,0,0,0,27,0,0,54,0,0,completed
6621,U6621,2025-04-05 13:49:00,2025-04-05 13:51:00,F,50+,office,seoul,1,0,0,0,11,0,0,42,0,0,completed
6622,U6622,2025-06-11 20:36:00,2025-06-11 20:43:00,M,40~49,office,seoul,0,0,0,0,26,0,0,23,0,0,completed
6623,U6623,2025-04-05 20:36:00,2025-04-05 20:40:00,M,20~29,office,seoul,1,0,0,0,7,0,0,47,0,0,completed
6624,U6624,2025-03-25 08:25:00,2025-03-25 08:29:00,F,40~49,office,seoul,0,0,0,0,17,0,0,73,0,0,completed
6625,U6625,2025-01-09 22:27:00,2025-01-09 22:34:00,M,30~39,office,seoul,0,0,0,0,9,0,0,28,0,0,completed
6626,U6626,2025-03-17 15:07:00,2025-03-17 15:10:00,F,20~29,office,seoul,0,0,0,0,3,0,0,56,0,0,completed
6627,U6627,2025-02-18 14:49:00,2025-02-18 14:52:00,M,30~39,office,seoul,0,0,0,0,22,0,0,69,0,0,completed
6628,U6628,2025-04-16 16:25:00,2025-04-16 16:29:00,M,30~39,office,seoul,0,0,0,0,23,0,0,36,0,0,completed
6629,U6629,2025-10-21 14:21:00,2025-10-21 14:27:00,F,30~39,office,seoul,0,0,0,0,1,0,0,53,1,0,completed
6630,U6630,2025-01-24 08:54:00,2025-01-24 08:59:00,M,20~29,office,seoul,0,0,0,0,0,0,0,14,0,0,completed
6631,U6631,2025-03-12 15:25:00,2025-03-12 15:31:00,F,30~39,office,seoul,0,0,0,0,27,0,0,60,0,0,completed
6632,U6632,2025-08-06 20:10:00,2025-08-06 20:17:00,F,20~29,office,seoul,0,0,0,0,12,0,0,12,0,0,abandoned
6633,U6633,2025-01-28 08:00:00,2025-01-28 08:07:00,M,20~29,office,seoul,0,0,0,0,24,0,0,17,0,0,completed
6634,U6634,2025-08-15 19:25:00,2025-08-15 19:32:00,F,20~29,office,seoul,0,0,0,0,25,0,0,26,0,0,completed
6635,U6635,2025-06-26 21:15:00,2025-06-26 21:21:00,M,40~49,office,seoul,0,0,0,0,7,0,0,49,0,0,completed
6636,U6636,2025-09-13 08:21:00,2025-09-13 08:27:00,M,30~39,office,seoul,1,0,0,0,12,0,0,70,0,0,abandoned
6637,U6637,2025-07-13 14:32:00,2025-07-13 14:38:00,F,30~39,office,seoul,1,0,0,0,3,0,0,47,1,0,completed
6638,U6638,2025-05-08 07:26:00,2025-05-08 07:29:00,F,50+,office,seoul,0,0,0,0,2,0,0,44,0,0,completed
6639,U6639,2025-07-15 12:09:00,2025-07-15 12:13:00,M,30~39,office,seoul,0,0,0,0,8,0,0,72,0,0,completed
6640,U6640,2025-11-07 15:32:00,2025-11-07 15:34:00,M,30~39,office,seoul,0,0,0,0,21,0,0,56,0,0,completed
6641,U6641,2025-07-20 17:06:00,2025-07-20 17:10:00,M,30~39,office,seoul,1,0,0,0,21,0,0,45,0,0,completed
6642,U6642,2025-01-20 09:18:00,2025-01-20 09:20:00,M,20~29,office,seoul,0,0,0,0,15,0,0,47,0,0,completed
6643,U6643,2025-08-26 09:39:00,2025-08-26 09:43:00,M,40~49,office,seoul,0,0,0,0,4,0,0,12,0,0,completed
6644,U6644,2025-11-22 12:45:00,2025-11-22 12:49:00,F,30~39,office,seoul,1,0,0,0,2,0,0,60,0,0,completed
6645,U6645,2025-04-18 13:15:00,2025-04-18 13:17:00,M,30~39,office,seoul,0,0,0,0,18,0,0,64,0,0,abandoned
6646,U6646,2025-07-27 13:27:00,2025-07-27 13:34:00,M,30~39,office,seoul,1,0,0,0,14,0,0,10,0,0,completed
6647,U6647,2025-02-03 08:18:00,2025-02-03 08:21:00,M,30~39,office,seoul,0,0,0,0,19,0,0,36,0,0,completed
6648,U6648,2025-01-06 12:08:00,2025-01-06 12:13:00,M,20~29,office,seoul,0,0,0,0,21,0,0,25,0,0,completed
6649,U6649,2025-06-12 14:40:00,2025-06-12 14:46:00,F,30~39,office,seoul,0,0,0,0,13,0,0,38,0,0,completed
6650,U6650,2025-01-06 17:39:00,2025-01-06 17:41:00,M,30~39,office,seoul,0,0,0,0,18,0,0,43,0,0,completed
6651,U6651,2025-02-20 08:43:00,2025-02-20 08:46:00,F,30~39,office,seoul,0,0,0,0,8,0,0,40,0,0,completed
6652,U6652,2025-08-04 09:16:00,2025-08-04 09:21:00,F,30~39,office,seoul,0,0,0,0,19,0,0,36,0,0,completed
6653,U6653,2025-08-10 15:03:00,2025-08-10 15:10:00,F,20~29,office,seoul,1,0,0,0,23,0,0,57,0,0,completed
6654,U6654,2025-11-02 18:14:00,2025-11-02 18:20:00,F,30~39,office,seoul,1,0,0,0,16,0,0,19,0,0,completed
6655,U6655,2025-04-15 20:26:00,2025-04-15 20:29:00,M,30~39,office,seoul,0,0,0,0,14,0,0,32,0,0,completed
6656,U6656,2025-11-30 08:33:00,2025-11-30 08:35:00,F,40~49,office,seoul,1,0,0,0,1,0,0,30,0,0,completed
6657,U6657,2025-07-14 14:40:00,2025-07-14 14:47:00,M,50+,office,seoul,0,0,0,0,6,0,0,76,0,0,completed
6658,U6658,2025-03-31 16:25:00,2025-03-31 16:28:00,M,40~49,office,seoul,0,0,0,0,22,0,0,63,0,0,abandoned
6659,U6659,2025-02-28 15:39:00,2025-02-28 15:42:00,M,50+,office,seoul,0,0,0,0,28,0,0,57,0,0,completed
6660,U6660,2025-12-17 15:32:00,2025-12-17 15:39:00,F,20~29,office,seoul,0,0,0,0,13,0,0,75,0,0,completed
6661,U6661,2025-02-24 22:51:00,2025-02-24 22:56:00,M,30~39,office,seoul,0,0,0,0,2,0,0,36,0,0,completed
6662,U6662,2025-06-13 18:01:00,2025-06-13 18:08:00,M,50+,office,seoul,0,0,0,0,29,0,0,48,0,1,completed
6663,U6663,2025-10-02 17:02:00,2025-10-02 17:07:00,M,20~29,office,seoul,0,0,0,0,13,0,0,54,0,0,completed
6664,U6664,2025-12-04 15:02:00,2025-12-04 15:06:00,F,50+,office,seoul,0,0,0,0,11,0,0,76,1,0,completed
6665,U6665,2025-05-10 17:30:00,2025-05-10 17:37:00,F,20~29,office,seoul,1,0,0,0,13,0,0,39,0,0,completed
6666,U6666,2025-10-17 07:43:00,2025-10-17 07:50:00,F,20~29,office,seoul,0,0,0,0,20,0,0,46,0,0,completed
6667,U6667,2025-05-13 09:46:00,2025-05-13 09:48:00,M,30~39,office,seoul,0,0,0,0,12,0,0,46,0,0,completed
6668,U6668,2025-06-19 17:44:00,2025-06-19 17:47:00,F,30~39,office,seoul,0,0,0,0,26,0,0,71,0,0,completed
6669,U6669,2025-03-27 09:56:00,2025-03-27 09:58:00,F,40~49,office,seoul,0,0,0,0,22,0,0,74,0,0,completed
6670,U6670,2025-02-11 16:21:00,2025-02-11 16:25:00,M,40~49,office,seoul,0,0,0,0,13,0,0,73,0,0,completed
6671,U6671,2025-11-28 14:33:00,2025-11-28 14:40:00,M,20~29,office,seoul,0,0,0,0,3,0,0,65,0,0,completed
6672,U6672,2025-11-28 20:17:00,2025-11-28 20:21:00,M,30~39,office,seoul,0,0,0,0,4,0,0,46,0,0,completed
6673,U6673,2025-09-11 19:48:00,2025-09-11 19:52:00,F,30~39,office,seoul,0,0,0,0,28,0,0,26,0,0,completed
6674,U6674,2025-09-02 09:19:00,2025-09-02 09:23:00,M,40~49,office,seoul,0,0,0,0,17,0,0,27,0,0,error
6675,U6675,2025-01-06 20:39:00,2025-01-06 20:44:00,F,50+,office,seoul,0,0,0,0,4,0,0,66,0,0,completed
6676,U6676,2025-10-18 15:16:00,2025-10-18 15:21:00,M,30~39,office,seoul,1,0,0,0,0,0,0,76,0,0,timeout
6677,U6677,2025-12-20 15:20:00,2025-12-20 15:22:00,F,20~29,office,seoul,1,0,0,0,21,0,0,52,0,0,completed
6678,U6678,2025-12-31 16:53:00,2025-12-31 17:00:00,M,20~29,office,seoul,0,0,0,0,19,0,0,17,0,0,completed
6679,U6679,2025-03-23 18:50:00,2025-03-23 18:53:00,M,20~29,office,seoul,1,0,0,0,11,0,0,55,0,0,completed
6680,U6680,2025-07-16 09:40:00,2025-07-16 09:47:00,F,20~29,office,seoul,0,0,0,0,26,0,0,79,0,0,abandoned
6681,U6681,2025-08-23 17:03:00,2025-08-23 17:07:00,M,20~29,office,seoul,1,0,0,0,12,0,0,61,0,0,abandoned
6682,U6682,2025-04-20 15:13:00,2025-04-20 15:17:00,F,20~29,office,seoul,1,0,0,0,22,0,0,46,0,0,completed
6683,U6683,2025-07-09 15:48:00,2025-07-09 15:53:00,F,30~39,office,seoul,0,0,0,0,4,0,0,79,0,0,completed
6684,U6684,2025-01-26 13:01:00,2025-01-26 13:05:00,F,30~39,office,seoul,1,0,0,0,4,0,0,17,0,0,abandoned
6685,U6685,2025-08-11 14:26:00,2025-08-11 14:31:00,F,40~49,office,seoul,0,0,0,0,3,0,0,77,0,0,completed
6686,U6686,2025-06-11 13:48:00,2025-06-11 13:52:00,F,30~39,office,seoul,0,0,0,0,8,0,0,64,0,0,completed
6687,U6687,2025-12-30 08:34:00,2025-12-30 08:40:00,F,20~29,office,seoul,0,0,0,0,27,0,0,20,0,0,completed
6688,U6688,2025-05-24 18:42:00,2025-05-24 18:45:00,F,20~29,office,seoul,1,0,0,0,0,0,0,29,0,0,completed
6689,U6689,2025-10-14 18:35:00,2025-10-14 18:39:00,M,20~29,office,seoul,0,0,0,0,25,0,0,42,0,0,completed
6690,U6690,2025-06-10 18:40:00,2025-06-10 18:46:00,F,40~49,office,seoul,0,0,0,0,2,0,0,70,0,0,completed
6691,U6691,2025-04-10 20:43:00,2025-04-10 20:45:00,M,40~49,office,seoul,0,0,0,0,29,0,0,19,0,0,completed
6692,U6692,2025-06-06 14:54:00,2025-06-06 15:00:00,F,30~39,office,seoul,0,0,0,0,12,0,0,18,0,0,completed
6693,U6693,2025-12-29 13:49:00,2025-12-29 13:55:00,F,30~39,office,seoul,0,0,0,0,16,0,0,79,0,0,completed
6694,U6694,2025-10-27 11:24:00,2025-10-27 11:27:00,M,20~29,office,seoul,0,0,0,0,19,0,0,75,1,0,completed
6695,U6695,2025-06-20 12:30:00,2025-06-20 12:36:00,M,30~39,office,seoul,0,0,0,0,17,0,0,41,0,0,timeout
6696,U6696,2025-09-07 19:32:00,2025-09-07 19:37:00,F,20~29,office,seoul,1,0,0,0,21,0,0,20,0,0,completed
6697,U6697,2025-03-06 16:02:00,2025-03-06 16:05:00,M,30~39,office,seoul,0,0,0,0,27,0,0,76,0,0,completed
6698,U6698,2025-09-24 09:04:00,2025-09-24 09:07:00,M,40~49,office,seoul,0,0,0,0,0,0,0,68,0,0,completed
6699,U6699,2025-01-29 16:20:00,2025-01-29 16:27:00,F,20~29,office,seoul,0,0,0,0,16,0,0,11,0,0,completed
6700,U6700,2025-11-28 07:34:00,2025-11-28 07:41:00,F,30~39,office,seoul,0,0,0,0,16,0,0,25,0,0,completed
6701,U6701,2025-05-03 17:44:00,2025-05-03 17:50:00,M,40~49,office,seoul,1,0,0,0,5,0,0,67,0,0,completed
6702,U6702,2025-03-24 07:31:00,2025-03-24 07:37:00,M,40~49,office,seoul,0,0,0,0,10,0,0,17,0,0,completed
6703,U6703,2025-12-18 08:33:00,2025-12-18 08:40:00,F,30~39,office,seoul,0,0,0,0,19,0,0,21,0,0,completed
6704,U6704,2025-01-23 18:13:00,2025-01-23 18:15:00,F,40~49,office,seoul,0,0,0,0,20,0,0,28,0,0,completed
6705,U6705,2025-06-04 12:50:00,2025-06-04 12:52:00,M,30~39,office,seoul,0,0,0,0,15,0,0,30,0,0,completed
6706,U6706,2025-10-09 07:11:00,2025-10-09 07:18:00,F,20~29,office,seoul,0,0,0,0,5,0,0,13,0,0,completed
6707,U6707,2025-11-05 21:48:00,2025-11-05 21:53:00,F,50+,office,seoul,0,0,0,0,4,0,0,63,0,0,completed
6708,U6708,2025-08-12 08:38:00,2025-08-12 08:42:00,M,40~49,office,seoul,0,0,0,0,4,0,0,29,0,0,completed
6709,U6709,2025-08-17 14:46:00,2025-08-17 14:48:00,M,30~39,office,seoul,1,0,0,0,25,0,0,49,0,0,abandoned
6710,U6710,2025-12-15 19:55:00,2025-12-15 19:58:00,M,20~29,office,seoul,0,0,0,0,26,0,0,13,0,0,completed
6711,U6711,2025-04-20 09:21:00,2025-04-20 09:27:00,F,40~49,office,seoul,1,0,0,0,2,0,0,38,0,0,completed
6712,U6712,2025-12-25 13:37:00,2025-12-25 13:44:00,M,30~39,office,seoul,0,0,0,0,18,0,0,39,0,0,completed
6713,U6713,2025-10-11 16:53:00,2025-10-11 16:58:00,F,30~39,office,seoul,1,0,0,0,1,0,0,11,0,0,timeout
6714,U6714,2025-07-23 14:51:00,2025-07-23 14:55:00,F,50+,office,seoul,0,0,0,0,19,0,0,23,1,0,completed
6715,U6715,2025-11-20 19:48:00,2025-11-20 19:53:00,F,30~39,office,seoul,0,0,0,0,14,0,0,40,0,0,completed
6716,U6716,2025-11-28 12:52:00,2025-11-28 12:55:00,M,50+,office,seoul,0,0,0,0,9,0,0,76,1,0,completed
6717,U6717,2025-01-31 13:28:00,2025-01-31 13:30:00,M,30~39,office,seoul,0,0,0,0,6,0,0,30,0,0,completed
6718,U6718,2025-01-19 14:17:00,2025-01-19 14:19:00,F,30~39,office,seoul,1,0,0,0,24,0,0,10,0,0,completed
6719,U6719,2025-06-07 19:04:00,2025-06-07 19:06:00,F,20~29,office,seoul,1,0,0,0,10,0,0,77,0,0,completed
6720,U6720,2025-03-07 17:32:00,2025-03-07 17:34:00,M,20~29,office,seoul,0,0,0,0,17,0,0,37,0,0,completed
6721,U6721,2025-10-20 16:39:00,2025-10-20 16:45:00,F,30~39,office,seoul,0,0,0,0,15,0,0,30,0,0,completed
6722,U6722,2025-10-26 15:09:00,2025-10-26 15:13:00,M,30~39,office,seoul,1,0,0,0,15,0,0,39,0,0,completed
6723,U6723,2025-09-29 18:48:00,2025-09-29 18:54:00,M,30~39,office,seoul,0,0,0,0,14,0,0,53,0,0,timeout
6724,U6724,2025-12-18 11:12:00,2025-12-18 11:14:00,F,20~29,office,seoul,0,0,0,0,24,0,0,56,0,0,completed
6725,U6725,2025-10-14 13:43:00,2025-10-14 13:47:00,F,20~29,office,seoul,0,0,0,0,10,0,0,59,0,0,abandoned
6726,U6726,2025-09-09 16:54:00,2025-09-09 17:00:00,M,50+,office,seoul,0,0,0,0,25,0,0,37,0,1,completed
6727,U6727,2025-12-11 09:08:00,2025-12-11 09:14:00,M,20~29,office,seoul,0,0,0,0,16,0,0,40,0,0,completed
6728,U6728,2025-08-08 18:04:00,2025-08-08 18:11:00,F,30~39,office,seoul,0,0,0,0,9,0,0,17,0,0,completed
6729,U6729,2025-07-14 16:14:00,2025-07-14 16:19:00,F,20~29,office,seoul,0,0,0,0,22,0,0,39,0,0,completed
6730,U6730,2025-07-26 12:35:00,2025-07-26 12:41:00,F,20~29,office,seoul,1,0,0,0,24,0,0,51,0,0,completed
6731,U6731,2025-03-22 20:17:00,2025-03-22 20:21:00,M,20~29,office,seoul,1,0,0,0,10,0,0,23,0,0,completed
6732,U6732,2025-10-27 09:02:00,2025-10-27 09:07:00,F,20~29,office,seoul,0,0,0,0,13,0,0,64,0,0,completed
6733,U6733,2025-12-23 16:06:00,2025-12-23 16:12:00,M,40~49,office,seoul,0,0,0,0,0,0,0,23,0,0,completed
6734,U6734,2025-08-29 15:59:00,2025-08-29 16:01:00,F,30~39,office,seoul,0,0,0,0,29,0,0,22,0,0,completed
6735,U6735,2025-02-23 19:41:00,2025-02-23 19:47:00,F,40~49,office,seoul,1,0,0,0,7,0,0,46,0,0,completed
6736,U6736,2025-06-22 12:36:00,2025-06-22 12:42:00,F,20~29,office,seoul,1,0,0,0,7,0,0,23,0,0,completed
6737,U6737,2025-04-02 14:15:00,2025-04-02 14:20:00,F,20~29,office,seoul,0,0,0,0,16,0,0,65,0,0,completed
6738,U6738,2025-05-15 07:52:00,2025-05-15 07:59:00,F,20~29,office,seoul,0,0,0,0,22,0,0,46,0,0,completed
6739,U6739,2025-11-10 22:07:00,2025-11-10 22:13:00,M,50+,office,seoul,0,0,0,0,8,0,0,69,0,1,completed
6740,U6740,2025-08-22 17:33:00,2025-08-22 17:40:00,M,30~39,office,seoul,0,0,0,0,27,0,0,52,0,0,abandoned
6741,U6741,2025-04-01 12:58:00,2025-04-01 13:00:00,M,30~39,office,seoul,0,0,0,0,19,0,0,55,0,0,completed
6742,U6742,2025-02-11 18:58:00,2025-02-11 19:00:00,M,20~29,office,seoul,0,0,0,0,19,0,0,51,0,0,completed
6743,U6743,2025-08-19 15:21:00,2025-08-19 15:26:00,M,50+,office,seoul,0,0,0,0,11,0,0,15,0,0,completed
6744,U6744,2025-09-24 18:43:00,2025-09-24 18:45:00,F,20~29,office,seoul,0,0,0,0,9,0,0,56,0,0,completed
6745,U6745,2025-02-06 09:43:00,2025-02-06 09:50:00,F,20~29,office,seoul,0,0,0,0,6,0,0,35,0,0,completed
6746,U6746,2025-06-16 18:38:00,2025-06-16 18:44:00,F,30~39,office,seoul,0,0,0,0,1,0,0,57,0,0,completed
6747,U6747,2025-04-05 09:53:00,2025-04-05 09:55:00,M,40~49,office,seoul,1,0,0,0,8,0,0,10,0,0,completed
6748,U6748,2025-01-26 07:44:00,2025-01-26 07:48:00,F,50+,office,seoul,1,0,0,0,8,0,0,20,0,0,completed
6749,U6749,2025-08-07 15:44:00,2025-08-07 15:47:00,M,30~39,office,seoul,0,0,0,0,2,0,0,38,0,1,completed
6750,U6750,2025-08-15 11:47:00,2025-08-15 11:53:00,M,30~39,office,seoul,0,0,0,0,21,0,0,59,0,0,completed
6751,U6751,2025-11-20 19:01:00,2025-11-20 19:04:00,M,20~29,office,seoul,0,0,0,0,8,0,0,44,0,0,completed
6752,U6752,2025-04-02 15:42:00,2025-04-02 15:44:00,F,20~29,office,seoul,0,0,0,0,15,0,0,16,0,0,abandoned
6753,U6753,2025-01-09 07:29:00,2025-01-09 07:35:00,M,50+,office,seoul,0,0,0,0,2,0,0,64,0,0,completed
6754,U6754,2025-12-08 16:00:00,2025-12-08 16:04:00,M,30~39,office,seoul,0,0,0,0,18,0,0,79,0,0,abandoned
6755,U6755,2025-12-12 15:11:00,2025-12-12 15:13:00,F,50+,office,seoul,0,0,0,0,14,0,0,58,0,0,completed
6756,U6756,2025-01-31 15:52:00,2025-01-31 15:56:00,F,40~49,office,seoul,0,0,0,0,14,0,0,45,0,0,completed
6757,U6757,2025-02-25 13:06:00,2025-02-25 13:10:00,F,50+,office,seoul,0,0,0,0,21,0,0,57,0,0,completed
6758,U6758,2025-03-10 15:43:00,2025-03-10 15:49:00,F,20~29,office,seoul,0,0,0,0,22,0,0,31,0,0,completed
6759,U6759,2025-11-24 09:18:00,2025-11-24 09:23:00,F,40~49,office,seoul,0,0,0,0,23,0,0,73,0,0,completed
6760,U6760,2025-12-21 15:53:00,2025-12-21 15:56:00,F,20~29,office,seoul,1,0,0,0,22,0,0,28,0,0,completed
6761,U6761,2025-04-14 12:41:00,2025-04-14 12:44:00,F,30~39,office,seoul,0,0,0,0,7,0,0,15,0,0,error
6762,U6762,2025-07-27 17:41:00,2025-07-27 17:47:00,F,40~49,office,seoul,1,0,0,0,6,0,0,74,0,0,completed
6763,U6763,2025-10-15 12:12:00,2025-10-15 12:17:00,M,20~29,office,seoul,0,0,0,0,23,0,0,27,0,0,completed
6764,U6764,2025-06-17 19:04:00,2025-06-17 19:07:00,M,50+,office,seoul,0,0,0,0,26,0,0,45,0,0,completed
6765,U6765,2025-02-20 09:19:00,2025-02-20 09:26:00,F,30~39,office,seoul,0,0,0,0,26,0,0,24,0,0,completed
6766,U6766,2025-11-30 20:31:00,2025-11-30 20:38:00,M,20~29,office,seoul,1,0,0,0,1,0,0,57,0,0,completed
6767,U6767,2025-11-01 15:55:00,2025-11-01 16:01:00,F,20~29,office,seoul,1,0,0,0,29,0,0,39,0,0,completed
6768,U6768,2025-09-07 12:04:00,2025-09-07 12:10:00,F,30~39,office,seoul,1,0,0,0,16,0,0,48,0,0,completed
6769,U6769,2025-07-17 13:37:00,2025-07-17 13:44:00,M,20~29,office,seoul,0,0,0,0,24,0,0,33,0,0,completed
6770,U6770,2025-08-28 11:49:00,2025-08-28 11:55:00,M,30~39,office,seoul,0,0,0,0,4,0,0,76,0,0,completed
6771,U6771,2025-09-01 07:18:00,2025-09-01 07:24:00,F,20~29,office,seoul,0,0,0,0,16,0,0,55,0,0,completed
6772,U6772,2025-12-07 13:08:00,2025-12-07 13:11:00,F,40~49,office,seoul,1,0,0,0,18,0,0,52,0,0,timeout
6773,U6773,2025-04-16 11:35:00,2025-04-16 11:39:00,F,20~29,office,seoul,0,0,0,0,3,0,0,65,0,0,completed
6774,U6774,2025-06-12 17:06:00,2025-06-12 17:09:00,F,40~49,office,seoul,0,0,0,0,20,0,0,55,0,0,completed
6775,U6775,2025-02-17 11:14:00,2025-02-17 11:20:00,F,50+,office,seoul,0,0,0,0,13,0,0,31,0,0,completed
6776,U6776,2025-09-13 16:09:00,2025-09-13 16:11:00,F,20~29,office,seoul,1,0,0,0,2,0,0,29,0,0,completed
6777,U6777,2025-07-14 09:11:00,2025-07-14 09:13:00,M,20~29,office,seoul,0,0,0,0,0,0,0,79,0,0,completed
6778,U6778,2025-08-05 17:48:00,2025-08-05 17:55:00,F,20~29,office,seoul,0,0,0,0,27,0,0,61,0,0,completed
6779,U6779,2025-06-24 21:58:00,2025-06-24 22:05:00,F,30~39,office,seoul,0,0,0,0,28,0,0,21,0,0,completed
6780,U6780,2025-09-01 20:40:00,2025-09-01 20:47:00,M,20~29,office,seoul,0,0,0,0,21,0,0,64,0,0,completed
6781,U6781,2025-08-25 15:39:00,2025-08-25 15:42:00,M,40~49,office,seoul,0,0,0,0,24,0,0,60,0,0,timeout
6782,U6782,2025-01-19 19:44:00,2025-01-19 19:46:00,M,30~39,office,seoul,1,0,0,0,21,0,0,60,0,0,completed
6783,U6783,2025-07-11 09:00:00,2025-07-11 09:03:00,F,40~49,office,seoul,0,0,0,0,3,0,0,17,0,0,completed
6784,U6784,2025-09-13 15:39:00,2025-09-13 15:43:00,M,30~39,office,seoul,1,0,0,0,26,0,0,54,0,0,completed
6785,U6785,2025-07-05 07:33:00,2025-07-05 07:39:00,M,40~49,office,seoul,1,0,0,0,22,0,0,58,0,0,completed
6786,U6786,2025-02-22 19:30:00,2025-02-22 19:32:00,M,50+,office,seoul,1,0,0,0,0,0,0,45,0,0,completed
6787,U6787,2025-02-21 11:31:00,2025-02-21 11:35:00,M,50+,office,seoul,0,0,0,0,17,0,0,53,0,0,completed
6788,U6788,2025-04-21 12:28:00,2025-04-21 12:30:00,F,50+,office,seoul,0,0,0,0,14,0,0,14,1,0,completed
6789,U6789,2025-01-30 13:03:00,2025-01-30 13:06:00,F,20~29,office,seoul,0,0,0,0,16,0,0,25,0,0,completed
6790,U6790,2025-04-15 22:24:00,2025-04-15 22:28:00,M,50+,office,seoul,0,0,0,0,2,0,0,35,0,0,completed
6791,U6791,2025-08-08 17:15:00,2025-08-08 17:19:00,M,30~39,office,seoul,0,0,0,0,5,0,0,55,0,0,completed
6792,U6792,2025-12-24 16:24:00,2025-12-24 16:30:00,M,30~39,office,seoul,0,0,0,0,5,0,0,43,0,0,completed
6793,U6793,2025-08-07 08:34:00,2025-08-07 08:40:00,F,30~39,office,seoul,0,0,0,0,3,0,0,42,0,0,completed
6794,U6794,2025-11-30 17:54:00,2025-11-30 18:00:00,M,20~29,office,seoul,1,0,0,0,9,0,0,60,0,0,completed
6795,U6795,2025-05-18 15:10:00,2025-05-18 15:12:00,F,30~39,office,seoul,1,0,0,0,16,0,0,62,0,0,completed
6796,U6796,2025-09-18 12:14:00,2025-09-18 12:18:00,M,50+,office,seoul,0,0,0,0,12,0,0,25,0,0,completed
6797,U6797,2025-10-31 17:12:00,2025-10-31 17:18:00,M,20~29,office,seoul,0,0,0,0,9,0,0,15,0,0,completed
6798,U6798,2025-03-16 19:46:00,2025-03-16 19:50:00,F,30~39,office,seoul,1,0,0,0,19,0,0,13,0,0,completed
6799,U6799,2025-05-12 15:58:00,2025-05-12 16:02:00,M,40~49,office,seoul,0,0,0,0,20,0,0,16,0,0,completed
6800,U6800,2025-06-07 15:17:00,2025-06-07 15:23:00,F,20~29,office,seoul,1,0,0,0,23,0,0,16,0,0,abandoned
6801,U6801,2025-04-29 12:09:00,2025-04-29 12:15:00,F,40~49,office,seoul,0,0,0,0,16,0,0,19,0,0,completed
6802,U6802,2025-11-13 09:29:00,2025-11-13 09:35:00,F,40~49,office,seoul,0,0,0,0,15,0,0,63,0,0,completed
6803,U6803,2025-12-25 16:04:00,2025-12-25 16:07:00,F,40~49,office,seoul,0,0,0,0,21,0,0,53,0,0,completed
6804,U6804,2025-09-13 17:23:00,2025-09-13 17:27:00,M,40~49,office,seoul,1,0,0,0,19,0,0,67,1,0,completed
6805,U6805,2025-01-14 12:43:00,2025-01-14 12:49:00,F,50+,office,seoul,0,0,0,0,6,0,0,31,0,0,completed
6806,U6806,2025-07-02 19:55:00,2025-07-02 19:58:00,M,30~39,office,seoul,0,0,0,0,0,0,0,26,0,0,timeout
6807,U6807,2025-02-22 14:13:00,2025-02-22 14:19:00,F,30~39,office,seoul,1,0,0,0,3,0,0,13,0,0,completed
6808,U6808,2025-09-01 14:23:00,2025-09-01 14:25:00,F,30~39,office,seoul,0,0,0,0,11,0,0,10,0,0,completed
6809,U6809,2025-07-30 14:52:00,2025-07-30 14:57:00,M,40~49,office,seoul,0,0,0,0,28,0,0,62,0,0,completed
6810,U6810,2025-04-01 14:46:00,2025-04-01 14:51:00,F,50+,office,seoul,0,0,0,0,24,0,0,58,1,0,completed
6811,U6811,2025-06-03 09:43:00,2025-06-03 09:47:00,F,50+,office,seoul,0,0,0,0,1,0,0,21,0,0,completed
6812,U6812,2025-06-25 19:42:00,2025-06-25 19:45:00,F,30~39,office,seoul,0,0,0,0,17,0,0,10,0,0,completed
6813,U6813,2025-04-19 08:49:00,2025-04-19 08:55:00,F,30~39,office,seoul,1,0,0,0,7,0,0,34,0,0,completed
6814,U6814,2025-09-18 14:15:00,2025-09-18 14:18:00,M,20~29,office,seoul,0,0,0,0,16,0,0,76,0,0,completed
6815,U6815,2025-04-25 16:31:00,2025-04-25 16:37:00,M,30~39,office,seoul,0,0,0,0,2,0,0,27,0,0,completed
6816,U6816,2025-09-22 13:25:00,2025-09-22 13:31:00,F,30~39,office,seoul,0,0,0,0,7,0,0,72,0,0,completed
6817,U6817,2025-07-14 15:36:00,2025-07-14 15:39:00,M,30~39,office,seoul,0,0,0,0,11,0,0,59,0,0,abandoned
6818,U6818,2025-01-23 11:44:00,2025-01-23 11:47:00,F,50+,office,seoul,0,0,0,0,25,0,0,29,1,0,completed
6819,U6819,2025-05-06 15:46:00,2025-05-06 15:51:00,M,20~29,office,seoul,0,0,0,0,19,0,0,51,0,0,completed
6820,U6820,2025-04-01 12:35:00,2025-04-01 12:38:00,M,20~29,office,seoul,0,0,0,0,21,0,0,42,0,0,completed
6821,U6821,2025-01-05 21:18:00,2025-01-05 21:22:00,M,20~29,office,seoul,1,0,0,0,24,0,0,16,0,0,completed
6822,U6822,2025-01-26 16:41:00,2025-01-26 16:43:00,M,30~39,office,seoul,1,0,0,0,17,0,0,37,0,0,completed
6823,U6823,2025-04-23 17:28:00,2025-04-23 17:33:00,M,20~29,office,seoul,0,0,0,0,10,0,0,16,0,0,completed
6824,U6824,2025-08-09 19:38:00,2025-08-09 19:40:00,F,30~39,office,seoul,1,0,0,0,10,0,0,27,0,0,error
6825,U6825,2025-12-05 16:07:00,2025-12-05 16:11:00,F,30~39,office,seoul,0,0,0,0,11,0,0,74,0,0,completed
6826,U6826,2025-08-17 14:08:00,2025-08-17 14:15:00,F,20~29,office,seoul,1,0,0,0,28,0,0,25,0,0,completed
6827,U6827,2025-11-12 18:05:00,2025-11-12 18:08:00,M,30~39,office,seoul,0,0,0,0,25,0,0,55,1,0,completed
6828,U6828,2025-01-30 09:24:00,2025-01-30 09:29:00,F,20~29,office,seoul,0,0,0,0,24,0,0,77,0,0,completed
6829,U6829,2025-08-26 11:22:00,2025-08-26 11:25:00,M,30~39,office,seoul,0,0,0,0,6,0,0,73,0,0,completed
6830,U6830,2025-01-07 12:05:00,2025-01-07 12:12:00,F,50+,office,seoul,0,0,0,0,26,0,0,44,0,0,completed
6831,U6831,2025-03-01 19:30:00,2025-03-01 19:36:00,M,40~49,office,seoul,1,0,0,0,6,0,0,54,0,0,timeout
6832,U6832,2025-10-20 16:09:00,2025-10-20 16:13:00,F,20~29,office,seoul,0,0,0,0,19,0,0,77,0,0,completed
6833,U6833,2025-01-15 16:46:00,2025-01-15 16:48:00,M,40~49,office,seoul,0,0,0,0,2,0,0,75,0,0,completed
6834,U6834,2025-04-19 13:25:00,2025-04-19 13:31:00,M,20~29,office,seoul,1,0,0,0,14,0,0,32,0,0,completed
6835,U6835,2025-08-13 08:06:00,2025-08-13 08:08:00,M,50+,office,seoul,0,0,0,0,4,0,0,42,1,0,completed
6836,U6836,2025-08-12 20:26:00,2025-08-12 20:33:00,M,20~29,office,seoul,0,0,0,0,24,0,0,56,0,0,completed
6837,U6837,2025-03-07 13:17:00,2025-03-07 13:22:00,F,20~29,office,seoul,0,0,0,0,0,0,0,36,0,0,completed
6838,U6838,2025-06-23 12:03:00,2025-06-23 12:09:00,M,20~29,office,seoul,0,0,0,0,1,0,0,22,0,0,completed
6839,U6839,2025-03-24 08:26:00,2025-03-24 08:33:00,F,20~29,office,seoul,0,0,0,0,3,0,0,43,0,0,completed
6840,U6840,2025-07-17 16:28:00,2025-07-17 16:33:00,F,20~29,office,seoul,0,0,0,0,27,0,0,36,0,0,completed
6841,U6841,2025-06-09 15:04:00,2025-06-09 15:10:00,M,40~49,office,seoul,0,0,0,0,1,0,0,38,0,0,completed
6842,U6842,2025-03-16 20:24:00,2025-03-16 20:26:00,F,50+,office,seoul,1,0,0,0,5,0,0,78,1,0,completed
6843,U6843,2025-04-29 19:05:00,2025-04-29 19:07:00,M,40~49,office,seoul,0,0,0,0,11,0,0,35,0,0,completed
6844,U6844,2025-03-23 17:52:00,2025-03-23 17:59:00,F,40~49,office,seoul,1,0,0,0,27,0,0,25,0,0,completed
6845,U6845,2025-06-25 18:02:00,2025-06-25 18:05:00,M,20~29,office,seoul,0,0,0,0,18,0,0,43,0,0,completed
6846,U6846,2025-11-18 13:51:00,2025-11-18 13:56:00,F,30~39,office,seoul,0,0,0,0,3,0,0,60,0,0,completed
6847,U6847,2025-06-07 12:55:00,2025-06-07 13:02:00,M,20~29,office,seoul,1,0,0,0,2,0,0,63,0,0,completed
6848,U6848,2025-09-13 15:45:00,2025-09-13 15:49:00,F,20~29,office,seoul,1,0,0,0,2,0,0,60,0,0,completed
6849,U6849,2025-06-10 08:45:00,2025-06-10 08:48:00,F,20~29,office,seoul,0,0,0,0,22,0,0,66,0,0,error
6850,U6850,2025-08-17 14:36:00,2025-08-17 14:42:00,F,30~39,office,seoul,1,0,0,0,15,0,0,27,0,0,completed
6851,U6851,2025-05-29 15:29:00,2025-05-29 15:33:00,M,30~39,office,seoul,0,0,0,0,0,0,0,50,0,0,completed
6852,U6852,2025-11-07 15:11:00,2025-11-07 15:16:00,M,30~39,office,seoul,0,0,0,0,25,0,0,15,0,0,completed
6853,U6853,2025-12-03 08:20:00,2025-12-03 08:23:00,F,30~39,office,seoul,0,0,0,0,2,0,0,67,0,0,completed
6854,U6854,2025-06-22 18:40:00,2025-06-22 18:43:00,F,50+,office,seoul,1,0,0,0,10,0,0,42,0,0,completed
6855,U6855,2025-10-11 07:18:00,2025-10-11 07:22:00,M,30~39,office,seoul,1,0,0,0,10,0,0,73,0,1,completed
6856,U6856,2025-03-04 08:16:00,2025-03-04 08:20:00,M,50+,office,seoul,0,0,0,0,19,0,0,29,0,0,completed
6857,U6857,2025-01-16 19:40:00,2025-01-16 19:47:00,M,50+,office,seoul,0,0,0,0,1,0,0,27,0,0,completed
6858,U6858,2025-06-06 11:33:00,2025-06-06 11:39:00,F,20~29,office,seoul,0,0,0,0,21,0,0,57,0,0,completed
6859,U6859,2025-06-29 17:41:00,2025-06-29 17:47:00,M,20~29,office,seoul,1,0,0,0,9,0,0,60,0,0,completed
6860,U6860,2025-04-03 17:36:00,2025-04-03 17:41:00,M,20~29,office,seoul,0,0,0,0,28,0,0,53,0,0,completed
6861,U6861,2025-05-03 15:37:00,2025-05-03 15:42:00,M,40~49,office,seoul,1,0,0,0,15,0,0,65,0,0,completed
6862,U6862,2025-04-08 17:50:00,2025-04-08 17:56:00,M,40~49,office,seoul,0,0,0,0,0,0,0,63,0,0,completed
6863,U6863,2025-07-20 15:07:00,2025-07-20 15:11:00,F,30~39,office,seoul,1,0,0,0,17,0,0,20,0,0,completed
6864,U6864,2025-07-22 18:58:00,2025-07-22 19:04:00,M,40~49,office,seoul,0,0,0,0,19,0,0,57,0,0,completed
6865,U6865,2025-09-22 11:24:00,2025-09-22 11:27:00,F,50+,office,seoul,0,0,0,0,3,0,0,38,0,0,completed
6866,U6866,2025-08-19 18:32:00,2025-08-19 18:34:00,F,40~49,office,seoul,0,0,0,0,19,0,0,18,0,0,completed
6867,U6867,2025-10-24 16:45:00,2025-10-24 16:47:00,M,20~29,office,seoul,0,0,0,0,22,0,0,77,0,0,completed
6868,U6868,2025-08-16 12:01:00,2025-08-16 12:07:00,M,50+,office,seoul,1,0,0,0,23,0,0,29,1,0,completed
6869,U6869,2025-03-03 12:11:00,2025-03-03 12:17:00,M,20~29,office,seoul,0,0,0,0,28,0,0,16,0,0,completed
6870,U6870,2025-06-12 19:34:00,2025-06-12 19:36:00,F,20~29,office,seoul,0,0,0,0,26,0,0,55,0,0,completed
6871,U6871,2025-11-02 16:52:00,2025-11-02 16:57:00,M,40~49,office,seoul,1,0,0,0,1,0,0,11,0,0,completed
6872,U6872,2025-04-12 15:25:00,2025-04-12 15:30:00,F,30~39,office,seoul,1,0,0,0,13,0,0,74,0,0,completed
6873,U6873,2025-09-18 16:27:00,2025-09-18 16:30:00,M,20~29,office,seoul,0,0,0,0,28,0,0,58,0,0,completed
6874,U6874,2025-11-27 12:05:00,2025-11-27 12:10:00,M,30~39,office,seoul,0,0,0,0,12,0,0,29,0,1,completed
6875,U6875,2025-04-30 08:33:00,2025-04-30 08:39:00,F,40~49,office,seoul,0,0,0,0,17,0,0,65,0,0,completed
6876,U6876,2025-07-05 13:37:00,2025-07-05 13:39:00,M,50+,office,seoul,1,0,0,0,19,0,0,19,0,0,completed
6877,U6877,2025-07-06 19:55:00,2025-07-06 20:00:00,F,30~39,office,seoul,1,0,0,0,13,0,0,72,0,0,completed
6878,U6878,2025-10-13 14:51:00,2025-10-13 14:54:00,M,40~49,office,seoul,0,0,0,0,3,0,0,49,0,0,completed
6879,U6879,2025-07-07 18:35:00,2025-07-07 18:37:00,F,30~39,office,seoul,0,0,0,0,2,0,0,21,0,0,completed
6880,U6880,2025-10-11 14:01:00,2025-10-11 14:07:00,M,20~29,office,seoul,1,0,0,0,15,0,0,27,0,0,completed
6881,U6881,2025-01-24 17:12:00,2025-01-24 17:15:00,M,20~29,office,seoul,0,0,0,0,8,0,0,17,0,0,completed
6882,U6882,2025-06-23 18:15:00,2025-06-23 18:20:00,M,30~39,office,seoul,0,0,0,0,11,0,0,66,0,0,completed
6883,U6883,2025-04-15 16:17:00,2025-04-15 16:21:00,F,30~39,office,seoul,0,0,0,0,27,0,0,40,0,0,completed
6884,U6884,2025-04-08 09:54:00,2025-04-08 10:00:00,F,50+,office,seoul,0,0,0,0,13,0,0,67,0,0,completed
6885,U6885,2025-06-11 17:13:00,2025-06-11 17:16:00,F,20~29,office,seoul,0,0,0,0,14,0,0,77,0,0,completed
6886,U6886,2025-05-04 20:45:00,2025-05-04 20:51:00,F,20~29,office,seoul,1,0,0,0,6,0,0,55,0,0,completed
6887,U6887,2025-03-07 09:02:00,2025-03-07 09:05:00,F,50+,office,seoul,0,0,0,0,9,0,0,19,0,0,completed
6888,U6888,2025-12-07 14:44:00,2025-12-07 14:49:00,F,20~29,office,seoul,1,0,0,0,11,0,0,20,0,0,completed
6889,U6889,2025-01-29 12:53:00,2025-01-29 13:00:00,M,30~39,office,seoul,0,0,0,0,29,0,0,70,0,0,completed
6890,U6890,2025-01-22 08:41:00,2025-01-22 08:46:00,F,30~39,office,seoul,0,0,0,0,12,0,0,59,0,0,completed
6891,U6891,2025-03-27 12:09:00,2025-03-27 12:15:00,F,50+,office,seoul,0,0,0,0,3,0,0,77,0,0,completed
6892,U6892,2025-01-19 17:08:00,2025-01-19 17:11:00,M,30~39,office,seoul,1,0,0,0,4,0,0,32,0,0,abandoned
6893,U6893,2025-01-17 08:13:00,2025-01-17 08:19:00,F,30~39,office,seoul,0,0,0,0,29,0,0,43,0,0,completed
6894,U6894,2025-06-02 12:39:00,2025-06-02 12:45:00,F,40~49,office,seoul,0,0,0,0,4,0,0,76,0,0,completed
6895,U6895,2025-04-19 09:09:00,2025-04-19 09:14:00,F,50+,office,seoul,1,0,0,0,18,0,0,58,0,0,completed
6896,U6896,2025-09-24 11:42:00,2025-09-24 11:45:00,F,20~29,office,seoul,0,0,0,0,3,0,0,32,0,0,completed
6897,U6897,2025-12-24 17:31:00,2025-12-24 17:36:00,F,50+,office,seoul,0,0,0,0,3,0,0,38,0,0,completed
6898,U6898,2025-03-31 15:04:00,2025-03-31 15:06:00,F,30~39,office,seoul,0,0,0,0,22,0,0,69,0,0,completed
6899,U6899,2025-01-15 14:52:00,2025-01-15 14:56:00,F,30~39,office,seoul,0,0,0,0,6,0,0,18,0,0,completed
6900,U6900,2025-05-09 12:59:00,2025-05-09 13:02:00,F,20~29,office,seoul,0,0,0,0,20,0,0,74,0,0,completed
6901,U6901,2025-05-17 20:36:00,2025-05-17 20:40:00,M,30~39,office,seoul,1,0,0,0,25,0,0,34,0,0,abandoned
6902,U6902,2025-04-12 13:28:00,2025-04-12 13:31:00,M,50+,office,seoul,1,0,0,0,3,0,0,23,0,0,timeout
6903,U6903,2025-07-04 12:31:00,2025-07-04 12:36:00,F,20~29,office,seoul,0,0,0,0,2,0,0,32,0,0,completed
6904,U6904,2025-10-03 07:54:00,2025-10-03 08:01:00,F,20~29,office,seoul,0,0,0,0,3,0,0,38,0,0,abandoned
6905,U6905,2025-12-23 12:18:00,2025-12-23 12:22:00,F,20~29,office,seoul,0,0,0,0,16,0,0,17,0,0,completed
6906,U6906,2025-07-09 14:21:00,2025-07-09 14:25:00,F,20~29,office,seoul,0,0,0,0,15,0,0,61,0,0,completed
6907,U6907,2025-09-28 15:35:00,2025-09-28 15:39:00,F,20~29,office,seoul,1,0,0,0,14,0,0,13,0,0,abandoned
6908,U6908,2025-05-24 12:47:00,2025-05-24 12:54:00,M,50+,office,seoul,1,0,0,0,26,0,0,59,0,0,completed
6909,U6909,2025-07-24 07:33:00,2025-07-24 07:39:00,M,30~39,office,seoul,0,0,0,0,23,0,0,32,0,0,completed
6910,U6910,2025-11-05 09:59:00,2025-11-05 10:06:00,F,50+,office,seoul,0,0,0,0,6,0,0,51,0,0,completed
6911,U6911,2025-01-17 22:30:00,2025-01-17 22:34:00,M,30~39,office,seoul,0,0,0,0,12,0,0,79,0,0,completed
6912,U6912,2025-04-10 14:52:00,2025-04-10 14:58:00,F,30~39,office,seoul,0,0,0,0,15,0,0,74,0,0,completed
6913,U6913,2025-08-30 14:30:00,2025-08-30 14:35:00,F,40~49,office,seoul,1,0,0,0,6,0,0,17,0,0,completed
6914,U6914,2025-06-20 16:16:00,2025-06-20 16:18:00,F,20~29,office,seoul,0,0,0,0,4,0,0,75,0,0,completed
6915,U6915,2025-12-27 19:16:00,2025-12-27 19:18:00,M,30~39,office,seoul,1,0,0,0,23,0,0,37,0,0,completed
6916,U6916,2025-06-10 16:37:00,2025-06-10 16:41:00,F,40~49,office,seoul,0,0,0,0,7,0,0,45,0,0,completed
6917,U6917,2025-01-07 19:16:00,2025-01-07 19:19:00,F,40~49,office,seoul,0,0,0,0,3,0,0,46,0,0,completed
6918,U6918,2025-06-04 14:59:00,2025-06-04 15:04:00,F,40~49,office,seoul,0,0,0,0,6,0,0,17,0,0,abandoned
6919,U6919,2025-10-19 12:59:00,2025-10-19 13:01:00,F,30~39,office,seoul,1,0,0,0,29,0,0,19,0,0,completed
6920,U6920,2025-09-26 09:48:00,2025-09-26 09:54:00,F,30~39,office,seoul,0,0,0,0,11,0,0,41,0,0,completed
6921,U6921,2025-05-31 09:09:00,2025-05-31 09:11:00,M,40~49,office,seoul,1,0,0,0,20,0,0,32,0,0,completed
6922,U6922,2025-05-29 09:51:00,2025-05-29 09:58:00,F,40~49,office,seoul,0,0,0,0,24,0,0,50,0,0,completed
6923,U6923,2025-09-20 20:55:00,2025-09-20 20:57:00,M,30~39,office,seoul,1,0,0,0,4,0,0,41,0,0,completed
6924,U6924,2025-02-25 17:33:00,2025-02-25 17:37:00,F,40~49,office,seoul,0,0,0,0,26,0,0,31,0,0,completed
6925,U6925,2025-09-19 14:07:00,2025-09-19 14:10:00,M,50+,office,seoul,0,0,0,0,8,0,0,74,0,0,completed
6926,U6926,2025-08-01 08:20:00,2025-08-01 08:24:00,M,40~49,office,seoul,0,0,0,0,21,0,0,37,0,0,completed
6927,U6927,2025-04-25 09:49:00,2025-04-25 09:53:00,F,50+,office,seoul,0,0,0,0,25,0,0,17,1,0,abandoned
6928,U6928,2025-05-31 12:07:00,2025-05-31 12:11:00,F,30~39,office,seoul,1,0,0,0,3,0,0,48,0,0,error
6929,U6929,2025-07-27 08:26:00,2025-07-27 08:31:00,M,50+,office,seoul,1,0,0,0,19,0,0,68,0,0,completed
6930,U6930,2025-06-02 13:19:00,2025-06-02 13:26:00,F,30~39,office,seoul,0,0,0,0,10,0,0,21,0,0,completed
6931,U6931,2025-06-02 19:18:00,2025-06-02 19:25:00,F,50+,office,seoul,0,0,0,0,22,0,0,22,0,0,completed
6932,U6932,2025-04-14 16:50:00,2025-04-14 16:54:00,F,40~49,office,seoul,0,0,0,0,21,0,0,76,0,0,completed
6933,U6933,2025-12-02 08:56:00,2025-12-02 09:01:00,M,30~39,office,seoul,0,0,0,0,15,0,0,47,0,0,completed
6934,U6934,2025-08-06 09:08:00,2025-08-06 09:11:00,M,40~49,office,seoul,0,0,0,0,13,0,0,70,0,0,completed
6935,U6935,2025-05-09 09:51:00,2025-05-09 09:55:00,M,30~39,office,seoul,0,0,0,0,15,0,0,14,0,0,completed
6936,U6936,2025-05-03 18:18:00,2025-05-03 18:25:00,M,20~29,office,seoul,1,0,0,0,19,0,0,64,0,0,completed
6937,U6937,2025-05-23 12:36:00,2025-05-23 12:43:00,F,30~39,office,seoul,0,0,0,0,21,0,0,37,0,0,completed
6938,U6938,2025-01-28 16:50:00,2025-01-28 16:53:00,M,20~29,office,seoul,0,0,0,0,13,0,0,53,0,0,completed
6939,U6939,2025-04-16 20:56:00,2025-04-16 21:01:00,F,40~49,office,seoul,0,0,0,0,26,0,0,47,0,1,completed
6940,U6940,2025-11-05 12:44:00,2025-11-05 12:47:00,F,30~39,office,seoul,0,0,0,0,13,0,0,15,0,0,completed
6941,U6941,2025-11-21 14:06:00,2025-11-21 14:10:00,M,20~29,office,seoul,0,0,0,0,20,0,0,62,0,0,completed
6942,U6942,2025-05-06 17:10:00,2025-05-06 17:12:00,M,20~29,office,seoul,0,0,0,0,14,0,0,19,0,0,completed
6943,U6943,2025-03-20 09:32:00,2025-03-20 09:37:00,M,20~29,office,seoul,0,0,0,0,10,0,0,74,0,0,completed
6944,U6944,2025-11-11 18:50:00,2025-11-11 18:53:00,F,20~29,office,seoul,0,0,0,0,25,0,0,15,0,0,completed
6945,U6945,2025-08-11 14:11:00,2025-08-11 14:14:00,F,50+,office,seoul,0,0,0,0,18,0,0,19,0,0,completed
6946,U6946,2025-08-27 15:31:00,2025-08-27 15:38:00,M,50+,office,seoul,0,0,0,0,24,0,0,10,0,0,completed
6947,U6947,2025-02-28 09:56:00,2025-02-28 09:58:00,F,30~39,office,seoul,0,0,0,0,4,0,0,48,0,0,completed
6948,U6948,2025-09-23 15:17:00,2025-09-23 15:19:00,M,20~29,office,seoul,0,0,0,0,26,0,0,51,0,0,completed
6949,U6949,2025-03-26 13:32:00,2025-03-26 13:39:00,F,20~29,office,seoul,0,0,0,0,11,0,0,59,0,0,completed
6950,U6950,2025-08-21 14:37:00,2025-08-21 14:42:00,M,30~39,office,seoul,0,0,0,0,22,0,0,43,0,0,completed
6951,U6951,2025-10-15 14:23:00,2025-10-15 14:28:00,F,30~39,office,seoul,0,0,0,0,11,0,0,66,0,0,abandoned
6952,U6952,2025-04-07 17:06:00,2025-04-07 17:09:00,M,40~49,office,seoul,0,0,0,0,7,0,0,55,0,0,completed
6953,U6953,2025-04-22 14:22:00,2025-04-22 14:29:00,M,20~29,office,seoul,0,0,0,0,23,0,0,22,0,0,completed
6954,U6954,2025-06-14 08:19:00,2025-06-14 08:21:00,M,20~29,office,seoul,1,0,0,0,8,0,0,28,0,0,completed
6955,U6955,2025-11-08 07:08:00,2025-11-08 07:12:00,M,20~29,office,seoul,1,0,0,0,11,0,0,31,0,0,abandoned
6956,U6956,2025-06-15 14:35:00,2025-06-15 14:37:00,F,50+,office,seoul,1,0,0,0,11,0,0,54,0,0,completed
6957,U6957,2025-07-05 13:46:00,2025-07-05 13:52:00,F,30~39,office,seoul,1,0,0,0,18,0,0,67,0,0,completed
6958,U6958,2025-06-04 16:08:00,2025-06-04 16:11:00,M,20~29,office,seoul,0,0,0,0,9,0,0,41,0,0,completed
6959,U6959,2025-07-08 17:15:00,2025-07-08 17:19:00,F,40~49,office,seoul,0,0,0,0,26,0,0,65,0,0,completed
6960,U6960,2025-03-07 07:57:00,2025-03-07 08:03:00,M,20~29,office,seoul,0,0,0,0,11,0,0,27,0,0,completed
6961,U6961,2025-01-26 17:09:00,2025-01-26 17:14:00,M,20~29,office,seoul,1,0,0,0,26,0,0,14,0,0,completed
6962,U6962,2025-03-09 14:39:00,2025-03-09 14:46:00,F,30~39,office,seoul,1,0,0,0,12,0,0,47,0,0,completed
6963,U6963,2025-01-19 16:18:00,2025-01-19 16:20:00,F,20~29,office,seoul,1,0,0,0,29,0,0,39,0,0,completed
6964,U6964,2025-06-14 09:36:00,2025-06-14 09:39:00,M,40~49,office,seoul,1,0,0,0,24,0,0,29,0,0,completed
6965,U6965,2025-07-16 18:33:00,2025-07-16 18:37:00,F,20~29,office,seoul,0,0,0,0,17,0,0,49,0,0,completed
6966,U6966,2025-12-20 12:29:00,2025-12-20 12:36:00,F,30~39,office,seoul,1,0,0,0,23,0,0,59,0,0,completed
6967,U6967,2025-01-30 14:53:00,2025-01-30 14:55:00,F,40~49,office,seoul,0,0,0,0,2,0,0,32,0,0,completed
6968,U6968,2025-02-12 15:08:00,2025-02-12 15:10:00,M,40~49,office,seoul,0,0,0,0,4,0,0,32,0,1,completed
6969,U6969,2025-01-23 15:48:00,2025-01-23 15:54:00,F,20~29,office,seoul,0,0,0,0,0,0,0,32,0,0,completed
6970,U6970,2025-05-29 17:35:00,2025-05-29 17:40:00,F,40~49,office,seoul,0,0,0,0,6,0,0,79,0,0,completed
6971,U6971,2025-10-21 15:39:00,2025-10-21 15:46:00,M,40~49,office,seoul,0,0,0,0,11,0,0,15,0,0,completed
6972,U6972,2025-08-13 12:26:00,2025-08-13 12:33:00,F,30~39,office,seoul,0,0,0,0,19,0,0,52,0,0,completed
6973,U6973,2025-10-22 17:57:00,2025-10-22 17:59:00,F,30~39,office,seoul,0,0,0,0,19,0,0,40,0,0,abandoned
6974,U6974,2025-09-06 19:00:00,2025-09-06 19:06:00,M,50+,office,seoul,1,0,0,0,15,0,0,11,0,0,completed
6975,U6975,2025-08-18 09:25:00,2025-08-18 09:27:00,M,20~29,office,seoul,0,0,0,0,13,0,0,45,0,0,completed
6976,U6976,2025-11-10 15:45:00,2025-11-10 15:52:00,M,20~29,office,seoul,0,0,0,0,23,0,0,69,0,0,completed
6977,U6977,2025-10-02 08:01:00,2025-10-02 08:04:00,F,30~39,office,seoul,0,0,0,0,18,0,0,31,0,0,completed
6978,U6978,2025-11-29 17:29:00,2025-11-29 17:33:00,F,40~49,office,seoul,1,0,0,0,24,0,0,18,0,0,completed
6979,U6979,2025-10-03 15:41:00,2025-10-03 15:47:00,F,50+,office,seoul,0,0,0,0,8,0,0,39,0,0,completed
6980,U6980,2025-11-04 09:20:00,2025-11-04 09:25:00,F,30~39,office,seoul,0,0,0,0,29,0,0,37,0,0,completed
6981,U6981,2025-01-31 09:52:00,2025-01-31 09:55:00,M,30~39,office,seoul,0,0,0,0,7,0,0,39,0,0,completed
6982,U6982,2025-07-30 18:41:00,2025-07-30 18:44:00,M,30~39,office,seoul,0,0,0,0,23,0,0,42,0,0,timeout
6983,U6983,2025-09-16 12:07:00,2025-09-16 12:14:00,F,20~29,office,seoul,0,0,0,0,25,0,0,43,0,0,completed
6984,U6984,2025-05-21 17:18:00,2025-05-21 17:24:00,F,50+,office,seoul,0,0,0,0,27,0,0,38,0,0,completed
6985,U6985,2025-07-18 08:22:00,2025-07-18 08:26:00,F,40~49,office,seoul,0,0,0,0,1,0,0,48,0,0,completed
6986,U6986,2025-12-26 13:37:00,2025-12-26 13:40:00,F,20~29,office,seoul,0,0,0,0,0,0,0,65,0,0,completed
6987,U6987,2025-11-24 07:25:00,2025-11-24 07:30:00,M,20~29,office,seoul,0,0,0,0,25,0,0,76,0,0,completed
6988,U6988,2025-02-23 21:47:00,2025-02-23 21:51:00,F,20~29,office,seoul,1,0,0,0,26,0,0,34,0,0,completed
6989,U6989,2025-12-16 07:45:00,2025-12-16 07:48:00,M,40~49,office,seoul,0,0,0,0,16,0,0,14,0,0,completed
6990,U6990,2025-06-16 15:11:00,2025-06-16 15:13:00,F,30~39,office,seoul,0,0,0,0,6,0,0,48,0,1,completed
6991,U6991,2025-04-18 21:25:00,2025-04-18 21:30:00,F,30~39,office,seoul,0,0,0,0,26,0,0,51,0,0,completed
6992,U6992,2025-12-16 20:20:00,2025-12-16 20:22:00,F,20~29,office,seoul,0,0,0,0,26,0,0,25,0,0,completed
6993,U6993,2025-01-08 12:49:00,2025-01-08 12:56:00,F,40~49,office,seoul,0,0,0,0,15,0,0,47,0,0,completed
6994,U6994,2025-01-25 12:53:00,2025-01-25 12:55:00,M,50+,office,seoul,1,0,0,0,3,0,0,14,0,0,completed
6995,U6995,2025-07-01 15:05:00,2025-07-01 15:11:00,M,40~49,office,seoul,0,0,0,0,13,0,0,31,0,0,completed
6996,U6996,2025-04-13 09:29:00,2025-04-13 09:31:00,F,30~39,office,seoul,1,0,0,0,22,0,0,24,0,0,completed
6997,U6997,2025-11-02 17:21:00,2025-11-02 17:25:00,M,50+,office,seoul,1,0,0,0,3,0,0,49,0,0,completed
6998,U6998,2025-10-20 17:07:00,2025-10-20 17:09:00,F,20~29,office,seoul,0,0,0,0,26,0,0,76,0,0,completed
6999,U6999,2025-10-28 18:51:00,2025-10-28 18:56:00,M,20~29,office,seoul,0,0,0,0,16,0,0,23,0,0,completed
7000,U7000,2025-10-30 17:05:00,2025-10-30 17:08:00,F,30~39,office,seoul,0,0,0,0,28,0,0,71,0,0,completed
7001,U7001,2025-11-01 08:36:00,2025-11-01 08:40:00,F,50+,office,seoul,1,0,0,0,3,0,0,61,0,1,completed
7002,U7002,2025-10-29 08:45:00,2025-10-29 08:52:00,M,20~29,office,seoul,0,0,0,0,19,0,0,77,0,0,completed
7003,U7003,2025-06-02 09:24:00,2025-06-02 09:28:00,M,30~39,office,seoul,0,0,0,0,21,0,0,29,0,0,completed
7004,U7004,2025-07-09 16:09:00,2025-07-09 16:15:00,F,50+,office,seoul,0,0,0,0,6,0,0,76,1,0,completed
7005,U7005,2025-12-26 19:41:00,2025-12-26 19:44:00,F,20~29,office,seoul,0,0,0,0,0,0,0,46,0,0,completed
7006,U7006,2025-04-30 09:19:00,2025-04-30 09:21:00,F,20~29,office,seoul,0,0,0,0,20,0,0,58,0,0,completed
7007,U7007,2025-05-10 15:13:00,2025-05-10 15:19:00,F,50+,office,seoul,1,0,0,0,24,0,0,10,0,0,completed
7008,U7008,2025-12-19 17:39:00,2025-12-19 17:45:00,M,50+,office,seoul,0,0,0,0,11,0,0,61,0,0,completed
7009,U7009,2025-12-18 15:00:00,2025-12-18 15:05:00,F,40~49,office,seoul,0,0,0,0,15,0,0,33,0,0,completed
7010,U7010,2025-04-24 13:13:00,2025-04-24 13:18:00,F,30~39,office,seoul,0,0,0,0,7,0,0,76,0,0,completed
7011,U7011,2025-03-08 17:13:00,2025-03-08 17:18:00,F,50+,office,seoul,1,0,0,0,8,0,0,18,0,0,completed
7012,U7012,2025-08-16 15:54:00,2025-08-16 15:57:00,M,20~29,office,seoul,1,0,0,0,4,0,0,54,0,0,completed
7013,U7013,2025-07-16 12:33:00,2025-07-16 12:35:00,F,30~39,office,seoul,0,0,0,0,7,0,0,45,0,0,error
7014,U7014,2025-09-10 19:43:00,2025-09-10 19:49:00,M,30~39,office,seoul,0,0,0,0,24,0,0,13,0,0,completed
7015,U7015,2025-12-20 16:42:00,2025-12-20 16:44:00,F,40~49,office,seoul,1,0,0,0,0,0,0,23,0,0,completed
7016,U7016,2025-10-17 13:14:00,2025-10-17 13:18:00,M,50+,office,seoul,0,0,0,0,1,0,0,69,0,0,completed
7017,U7017,2025-04-06 20:51:00,2025-04-06 20:54:00,F,40~49,office,seoul,1,0,0,0,8,0,0,20,0,0,completed
7018,U7018,2025-11-17 14:56:00,2025-11-17 15:01:00,F,20~29,office,seoul,0,0,0,0,14,0,0,27,0,0,completed
7019,U7019,2025-04-02 08:05:00,2025-04-02 08:09:00,M,20~29,office,seoul,0,0,0,0,16,0,0,66,0,0,completed
7020,U7020,2025-08-08 08:51:00,2025-08-08 08:55:00,F,50+,office,seoul,0,0,0,0,12,0,0,40,0,0,completed
7021,U7021,2025-05-04 17:10:00,2025-05-04 17:14:00,M,30~39,office,seoul,1,0,0,0,28,0,0,52,0,0,completed
7022,U7022,2025-09-07 07:48:00,2025-09-07 07:53:00,M,20~29,office,seoul,1,0,0,0,4,0,0,44,0,0,completed
7023,U7023,2025-03-14 15:06:00,2025-03-14 15:13:00,M,20~29,office,seoul,0,0,0,0,15,0,0,50,0,0,completed
7024,U7024,2025-11-20 15:09:00,2025-11-20 15:11:00,M,20~29,office,seoul,0,0,0,0,6,0,0,20,0,0,completed
7025,U7025,2025-03-09 14:25:00,2025-03-09 14:28:00,F,20~29,office,seoul,1,0,0,0,21,0,0,10,0,0,timeout
7026,U7026,2025-04-20 14:52:00,2025-04-20 14:54:00,M,20~29,office,seoul,1,0,0,0,3,0,0,38,0,0,completed
7027,U7027,2025-10-29 11:36:00,2025-10-29 11:42:00,M,20~29,office,seoul,0,0,0,0,12,0,0,10,0,1,completed
7028,U7028,2025-12-13 17:14:00,2025-12-13 17:17:00,M,20~29,office,seoul,1,0,0,0,17,0,0,77,0,0,completed
7029,U7029,2025-02-11 22:37:00,2025-02-11 22:39:00,M,20~29,office,seoul,0,0,0,0,25,0,0,19,0,0,completed
7030,U7030,2025-09-14 07:41:00,2025-09-14 07:46:00,F,30~39,office,seoul,1,0,0,0,23,0,0,50,0,0,timeout
7031,U7031,2025-07-14 20:00:00,2025-07-14 20:06:00,F,40~49,office,seoul,0,0,0,0,20,0,0,22,1,0,completed
7032,U7032,2025-10-16 20:08:00,2025-10-16 20:14:00,M,50+,office,seoul,0,0,0,0,23,0,0,32,0,0,completed
7033,U7033,2025-07-21 08:57:00,2025-07-21 08:59:00,F,30~39,office,seoul,0,0,0,0,11,0,0,72,0,0,completed
7034,U7034,2025-03-29 16:43:00,2025-03-29 16:46:00,M,20~29,office,seoul,1,0,0,0,23,0,0,27,0,0,completed
7035,U7035,2025-04-05 12:33:00,2025-04-05 12:35:00,F,20~29,office,seoul,1,0,0,0,0,0,0,75,0,0,completed
7036,U7036,2025-01-12 09:18:00,2025-01-12 09:21:00,F,40~49,office,seoul,1,0,0,0,3,0,0,12,0,0,timeout
7037,U7037,2025-10-01 14:44:00,2025-10-01 14:46:00,F,30~39,office,seoul,0,0,0,0,22,0,0,12,0,0,completed
7038,U7038,2025-12-20 08:54:00,2025-12-20 08:58:00,M,20~29,office,seoul,1,0,0,0,25,0,0,51,0,0,abandoned
7039,U7039,2025-07-05 22:49:00,2025-07-05 22:55:00,M,30~39,office,seoul,1,0,0,0,28,0,0,71,0,0,completed
7040,U7040,2025-06-10 12:59:00,2025-06-10 13:03:00,F,20~29,office,seoul,0,0,0,0,27,0,0,72,0,1,completed
7041,U7041,2025-10-31 07:25:00,2025-10-31 07:28:00,M,20~29,office,seoul,0,0,0,0,16,0,0,64,0,0,completed
7042,U7042,2025-08-26 11:45:00,2025-08-26 11:47:00,F,20~29,office,seoul,0,0,0,0,8,0,0,37,0,0,completed
7043,U7043,2025-01-18 17:58:00,2025-01-18 18:05:00,F,30~39,office,seoul,1,0,0,0,26,0,0,68,0,0,completed
7044,U7044,2025-03-01 18:07:00,2025-03-01 18:09:00,M,20~29,office,seoul,1,0,0,0,29,0,0,39,0,0,abandoned
7045,U7045,2025-09-23 17:07:00,2025-09-23 17:11:00,M,20~29,office,seoul,0,0,0,0,9,0,0,56,0,0,completed
7046,U7046,2025-04-23 08:03:00,2025-04-23 08:10:00,M,50+,office,seoul,0,0,0,0,21,0,0,68,0,0,completed
7047,U7047,2025-07-01 07:12:00,2025-07-01 07:18:00,F,40~49,office,seoul,0,0,0,0,29,0,0,31,0,0,completed
7048,U7048,2025-03-21 09:46:00,2025-03-21 09:49:00,F,30~39,office,seoul,0,0,0,0,2,0,0,23,0,0,completed
7049,U7049,2025-10-11 12:49:00,2025-10-11 12:54:00,F,30~39,office,seoul,1,0,0,0,26,0,0,34,0,0,completed
7050,U7050,2025-02-07 07:29:00,2025-02-07 07:34:00,F,50+,office,seoul,0,0,0,0,8,0,0,25,0,0,completed
7051,U7051,2025-12-22 20:32:00,2025-12-22 20:35:00,M,20~29,office,seoul,0,0,0,0,28,0,0,31,0,0,completed
7052,U7052,2025-08-21 09:47:00,2025-08-21 09:53:00,M,50+,office,seoul,0,0,0,0,26,0,0,17,0,0,completed
7053,U7053,2025-04-28 22:02:00,2025-04-28 22:06:00,F,30~39,office,seoul,0,0,0,0,16,0,0,32,0,0,completed
7054,U7054,2025-03-02 15:38:00,2025-03-02 15:43:00,M,20~29,office,seoul,1,0,0,0,14,0,0,73,0,0,completed
7055,U7055,2025-09-07 09:13:00,2025-09-07 09:20:00,M,20~29,office,seoul,1,0,0,0,14,0,0,66,0,0,completed
7056,U7056,2025-03-31 19:44:00,2025-03-31 19:47:00,M,20~29,office,seoul,0,0,0,0,21,0,0,77,0,0,completed
7057,U7057,2025-07-11 09:53:00,2025-07-11 09:59:00,F,50+,office,seoul,0,0,0,0,1,0,0,16,0,0,timeout
7058,U7058,2025-08-27 16:44:00,2025-08-27 16:46:00,M,50+,office,seoul,0,0,0,0,23,0,0,78,0,0,completed
7059,U7059,2025-10-29 11:58:00,2025-10-29 12:03:00,F,30~39,office,seoul,0,0,0,0,11,0,0,34,0,0,completed
7060,U7060,2025-04-12 11:23:00,2025-04-12 11:30:00,F,30~39,office,seoul,1,0,0,0,28,0,0,64,0,0,completed
7061,U7061,2025-06-14 16:24:00,2025-06-14 16:31:00,M,30~39,office,seoul,1,0,0,0,27,0,0,52,1,0,completed
7062,U7062,2025-08-23 14:19:00,2025-08-23 14:26:00,F,30~39,office,seoul,1,0,0,0,15,0,0,24,0,0,completed
7063,U7063,2025-12-15 08:16:00,2025-12-15 08:22:00,M,20~29,office,seoul,0,0,0,0,23,0,0,33,0,0,completed
7064,U7064,2025-05-08 16:57:00,2025-05-08 17:02:00,F,40~49,office,seoul,0,0,0,0,4,0,0,12,0,0,completed
7065,U7065,2025-10-19 17:16:00,2025-10-19 17:21:00,F,20~29,office,seoul,1,0,0,0,19,0,0,56,0,0,completed
7066,U7066,2025-04-28 19:11:00,2025-04-28 19:15:00,M,20~29,office,seoul,0,0,0,0,3,0,0,60,0,0,completed
7067,U7067,2025-07-01 14:25:00,2025-07-01 14:29:00,F,20~29,office,seoul,0,0,0,0,2,0,0,64,0,0,completed
7068,U7068,2025-08-01 13:32:00,2025-08-01 13:36:00,F,50+,office,seoul,0,0,0,0,25,0,0,50,1,0,completed
7069,U7069,2025-11-29 16:55:00,2025-11-29 16:57:00,M,20~29,office,seoul,1,0,0,0,13,0,0,15,0,0,completed
7070,U7070,2025-04-04 08:00:00,2025-04-04 08:02:00,F,50+,office,seoul,0,0,0,0,20,0,0,75,0,0,completed
7071,U7071,2025-08-02 07:09:00,2025-08-02 07:11:00,M,30~39,office,seoul,1,0,0,0,24,0,0,74,0,0,completed
7072,U7072,2025-04-28 17:17:00,2025-04-28 17:21:00,F,50+,office,seoul,0,0,0,0,14,0,0,73,1,0,completed
7073,U7073,2025-06-09 08:06:00,2025-06-09 08:10:00,M,50+,office,seoul,0,0,0,0,20,0,0,40,0,0,completed
7074,U7074,2025-07-29 15:24:00,2025-07-29 15:27:00,F,40~49,office,seoul,0,0,0,0,26,0,0,41,0,0,completed
7075,U7075,2025-04-05 13:12:00,2025-04-05 13:15:00,M,30~39,office,seoul,1,0,0,0,3,0,0,79,0,0,completed
7076,U7076,2025-07-24 15:50:00,2025-07-24 15:52:00,M,30~39,office,seoul,0,0,0,0,18,0,0,41,0,0,completed
7077,U7077,2025-02-15 11:48:00,2025-02-15 11:55:00,F,30~39,office,seoul,1,0,0,0,27,0,0,22,0,0,completed
7078,U7078,2025-10-04 18:33:00,2025-10-04 18:36:00,M,40~49,office,seoul,1,0,0,0,3,0,0,17,0,0,completed
7079,U7079,2025-08-12 08:26:00,2025-08-12 08:31:00,M,30~39,office,seoul,0,0,0,0,5,0,0,74,0,1,abandoned
7080,U7080,2025-07-20 12:06:00,2025-07-20 12:08:00,M,30~39,office,seoul,1,0,0,0,21,0,0,74,0,0,completed
7081,U7081,2025-08-24 13:06:00,2025-08-24 13:12:00,M,20~29,office,seoul,1,0,0,0,3,0,0,46,0,0,completed
7082,U7082,2025-01-25 15:32:00,2025-01-25 15:35:00,F,20~29,office,seoul,1,0,0,0,2,0,0,48,0,0,completed
7083,U7083,2025-06-26 20:36:00,2025-06-26 20:41:00,F,30~39,office,seoul,0,0,0,0,15,0,0,10,0,0,completed
7084,U7084,2025-01-17 07:29:00,2025-01-17 07:31:00,M,40~49,office,seoul,0,0,0,0,2,0,0,50,0,0,completed
7085,U7085,2025-08-23 14:01:00,2025-08-23 14:07:00,M,20~29,office,seoul,1,0,0,0,12,0,0,60,0,0,completed
7086,U7086,2025-03-30 17:41:00,2025-03-30 17:48:00,F,30~39,office,seoul,1,0,0,0,22,0,0,54,0,1,completed
7087,U7087,2025-06-01 17:07:00,2025-06-01 17:11:00,F,40~49,office,seoul,1,0,0,0,10,0,0,44,0,0,completed
7088,U7088,2025-05-07 09:09:00,2025-05-07 09:14:00,M,30~39,office,seoul,0,0,0,0,12,0,0,79,0,0,completed
7089,U7089,2025-12-17 20:12:00,2025-12-17 20:16:00,F,30~39,office,seoul,0,0,0,0,10,0,0,24,0,0,completed
7090,U7090,2025-04-24 14:10:00,2025-04-24 14:15:00,F,20~29,office,seoul,0,0,0,0,13,0,0,63,0,0,completed
7091,U7091,2025-07-09 16:38:00,2025-07-09 16:43:00,M,50+,office,seoul,0,0,0,0,3,0,0,74,0,0,completed
7092,U7092,2025-08-13 11:48:00,2025-08-13 11:53:00,M,20~29,office,seoul,0,0,0,0,5,0,0,15,0,0,abandoned
7093,U7093,2025-04-21 15:01:00,2025-04-21 15:05:00,M,20~29,office,seoul,0,0,0,0,14,0,0,64,0,1,abandoned
7094,U7094,2025-07-29 08:48:00,2025-07-29 08:50:00,F,20~29,office,seoul,0,0,0,0,22,0,0,42,0,0,completed
7095,U7095,2025-11-18 16:37:00,2025-11-18 16:43:00,F,30~39,office,seoul,0,0,0,0,6,0,0,29,0,0,completed
7096,U7096,2025-11-20 16:52:00,2025-11-20 16:56:00,M,30~39,office,seoul,0,0,0,0,28,0,0,15,0,0,completed
7097,U7097,2025-03-13 12:08:00,2025-03-13 12:15:00,M,50+,office,seoul,0,0,0,0,1,0,0,24,0,0,completed
7098,U7098,2025-05-10 15:29:00,2025-05-10 15:36:00,M,20~29,office,seoul,1,0,0,0,2,0,0,36,0,0,completed
7099,U7099,2025-07-04 08:03:00,2025-07-04 08:10:00,M,30~39,office,seoul,0,0,0,0,2,0,0,14,0,0,completed
7100,U7100,2025-03-27 15:41:00,2025-03-27 15:48:00,F,40~49,office,seoul,0,0,0,0,1,0,0,61,0,0,completed
7101,U7101,2025-09-30 13:51:00,2025-09-30 13:55:00,M,20~29,office,seoul,0,0,0,0,21,0,0,77,0,0,error
7102,U7102,2025-11-18 08:41:00,2025-11-18 08:43:00,F,20~29,office,seoul,0,0,0,0,20,0,0,64,0,0,completed
7103,U7103,2025-10-10 08:53:00,2025-10-10 09:00:00,F,30~39,office,seoul,0,0,0,0,2,0,0,24,0,0,completed
7104,U7104,2025-09-11 08:13:00,2025-09-11 08:15:00,M,40~49,office,seoul,0,0,0,0,6,0,0,38,0,0,completed
7105,U7105,2025-05-12 15:39:00,2025-05-12 15:45:00,M,20~29,office,seoul,0,0,0,0,17,0,0,15,0,1,completed
7106,U7106,2025-03-31 08:43:00,2025-03-31 08:45:00,M,20~29,office,seoul,0,0,0,0,19,0,0,21,0,0,completed
7107,U7107,2025-11-06 18:14:00,2025-11-06 18:17:00,F,20~29,office,seoul,0,0,0,0,21,0,0,29,0,0,completed
7108,U7108,2025-01-26 16:21:00,2025-01-26 16:23:00,M,30~39,office,seoul,1,0,0,0,4,0,0,71,0,0,completed
7109,U7109,2025-04-01 13:37:00,2025-04-01 13:39:00,F,20~29,office,seoul,0,0,0,0,29,0,0,55,0,0,completed
7110,U7110,2025-12-09 15:38:00,2025-12-09 15:44:00,M,50+,office,seoul,0,0,0,0,10,0,0,73,0,0,completed
7111,U7111,2025-08-16 13:51:00,2025-08-16 13:56:00,F,20~29,office,seoul,1,0,0,0,23,0,0,38,0,0,completed
7112,U7112,2025-03-01 12:20:00,2025-03-01 12:26:00,M,40~49,office,seoul,1,0,0,0,9,0,0,69,0,0,completed
7113,U7113,2025-06-06 16:53:00,2025-06-06 16:55:00,F,30~39,office,seoul,0,0,0,0,5,0,0,10,0,0,completed
7114,U7114,2025-06-14 18:51:00,2025-06-14 18:56:00,F,20~29,office,seoul,1,0,0,0,11,0,0,40,0,0,completed
7115,U7115,2025-11-28 08:54:00,2025-11-28 08:57:00,F,20~29,office,seoul,0,0,0,0,1,0,0,43,0,0,error
7116,U7116,2025-07-03 16:03:00,2025-07-03 16:06:00,M,50+,office,seoul,0,0,0,0,12,0,0,28,0,0,completed
7117,U7117,2025-06-12 18:33:00,2025-06-12 18:35:00,M,40~49,office,seoul,0,0,0,0,23,0,0,72,0,0,completed
7118,U7118,2025-11-24 07:58:00,2025-11-24 08:04:00,F,20~29,office,seoul,0,0,0,0,26,0,0,26,0,0,completed
7119,U7119,2025-05-29 16:02:00,2025-05-29 16:05:00,F,30~39,office,seoul,0,0,0,0,28,0,0,47,0,0,completed
7120,U7120,2025-07-31 15:09:00,2025-07-31 15:14:00,F,30~39,office,seoul,0,0,0,0,8,0,0,54,0,0,completed
7121,U7121,2025-12-09 21:31:00,2025-12-09 21:34:00,M,40~49,office,seoul,0,0,0,0,15,0,0,59,0,0,timeout
7122,U7122,2025-04-17 07:42:00,2025-04-17 07:46:00,F,40~49,office,seoul,0,0,0,0,16,0,0,74,0,0,completed
7123,U7123,2025-05-14 14:22:00,2025-05-14 14:26:00,M,20~29,office,seoul,0,0,0,0,24,0,0,42,0,0,completed
7124,U7124,2025-01-03 15:06:00,2025-01-03 15:09:00,M,40~49,office,seoul,0,0,0,0,10,0,0,65,1,0,completed
7125,U7125,2025-08-31 11:31:00,2025-08-31 11:38:00,M,30~39,office,seoul,1,0,0,0,11,0,0,17,0,0,completed
7126,U7126,2025-09-03 18:20:00,2025-09-03 18:27:00,F,30~39,office,seoul,0,0,0,0,2,0,0,59,0,0,completed
7127,U7127,2025-08-31 09:06:00,2025-08-31 09:11:00,F,20~29,office,seoul,1,0,0,0,17,0,0,20,0,0,completed
7128,U7128,2025-07-13 15:58:00,2025-07-13 16:02:00,F,20~29,office,seoul,1,0,0,0,27,0,0,22,0,0,timeout
7129,U7129,2025-06-26 09:22:00,2025-06-26 09:24:00,F,20~29,office,seoul,0,0,0,0,24,0,0,33,0,0,completed
7130,U7130,2025-08-22 18:53:00,2025-08-22 19:00:00,F,30~39,office,seoul,0,0,0,0,27,0,0,69,0,0,completed
7131,U7131,2025-02-11 16:35:00,2025-02-11 16:37:00,F,50+,office,seoul,0,0,0,0,2,0,0,27,0,0,completed
7132,U7132,2025-08-04 16:56:00,2025-08-04 16:59:00,M,30~39,office,seoul,0,0,0,0,23,0,0,59,0,0,completed
7133,U7133,2025-06-16 13:16:00,2025-06-16 13:23:00,F,30~39,office,seoul,0,0,0,0,28,0,0,34,0,0,completed
7134,U7134,2025-05-20 12:53:00,2025-05-20 12:55:00,F,20~29,office,seoul,0,0,0,0,11,0,0,47,0,0,completed
7135,U7135,2025-10-05 22:24:00,2025-10-05 22:26:00,F,20~29,office,seoul,1,0,0,0,5,0,0,46,0,0,completed
7136,U7136,2025-04-19 14:42:00,2025-04-19 14:44:00,F,30~39,office,seoul,1,0,0,0,0,0,0,42,0,0,completed
7137,U7137,2025-11-04 15:43:00,2025-11-04 15:48:00,M,40~49,office,seoul,0,0,0,0,24,0,0,26,0,0,completed
7138,U7138,2025-10-29 17:53:00,2025-10-29 18:00:00,F,20~29,office,seoul,0,0,0,0,3,0,0,49,0,0,completed
7139,U7139,2025-12-05 08:50:00,2025-12-05 08:53:00,M,40~49,office,seoul,0,0,0,0,25,0,0,73,0,0,completed
7140,U7140,2025-04-07 15:32:00,2025-04-07 15:36:00,M,30~39,office,seoul,0,0,0,0,9,0,0,46,0,0,completed
7141,U7141,2025-01-31 08:09:00,2025-01-31 08:14:00,M,20~29,office,seoul,0,0,0,0,17,0,0,11,0,0,completed
7142,U7142,2025-10-17 07:24:00,2025-10-17 07:30:00,F,30~39,office,seoul,0,0,0,0,25,0,0,59,0,0,abandoned
7143,U7143,2025-07-02 16:59:00,2025-07-02 17:06:00,M,20~29,office,seoul,0,0,0,0,22,0,0,65,0,0,completed
7144,U7144,2025-08-19 18:05:00,2025-08-19 18:12:00,M,50+,office,seoul,0,0,0,0,27,0,0,15,1,0,abandoned
7145,U7145,2025-09-15 14:31:00,2025-09-15 14:37:00,F,20~29,office,seoul,0,0,0,0,22,0,0,50,0,0,completed
7146,U7146,2025-04-19 19:59:00,2025-04-19 20:06:00,M,20~29,office,seoul,1,0,0,0,15,0,0,60,0,0,completed
7147,U7147,2025-01-15 13:56:00,2025-01-15 13:59:00,F,20~29,office,seoul,0,0,0,0,8,0,0,24,0,0,completed
7148,U7148,2025-05-01 08:04:00,2025-05-01 08:11:00,F,30~39,office,seoul,0,0,0,0,7,0,0,16,0,0,completed
7149,U7149,2025-04-27 15:51:00,2025-04-27 15:56:00,F,30~39,office,seoul,1,0,0,0,21,0,0,14,0,0,completed
7150,U7150,2025-08-20 08:20:00,2025-08-20 08:27:00,F,30~39,office,seoul,0,0,0,0,27,0,0,48,0,0,completed
7151,U7151,2025-06-07 16:55:00,2025-06-07 17:01:00,F,40~49,office,seoul,1,0,0,0,29,0,0,63,0,0,completed
7152,U7152,2025-09-29 20:30:00,2025-09-29 20:33:00,F,40~49,office,seoul,0,0,0,0,28,0,0,10,0,0,completed
7153,U7153,2025-12-18 11:08:00,2025-12-18 11:12:00,M,40~49,office,seoul,0,0,0,0,5,0,0,14,0,0,completed
7154,U7154,2025-07-05 14:48:00,2025-07-05 14:50:00,M,20~29,office,seoul,1,0,0,0,26,0,0,54,0,0,completed
7155,U7155,2025-05-10 14:50:00,2025-05-10 14:57:00,F,40~49,office,seoul,1,0,0,0,4,0,0,12,0,0,completed
7156,U7156,2025-03-15 17:03:00,2025-03-15 17:07:00,F,50+,office,seoul,1,0,0,0,25,0,0,78,0,0,completed
7157,U7157,2025-03-03 11:31:00,2025-03-03 11:36:00,F,50+,office,seoul,0,0,0,0,25,0,0,34,0,0,completed
7158,U7158,2025-08-17 09:28:00,2025-08-17 09:30:00,M,40~49,office,seoul,1,0,0,0,5,0,0,41,0,0,completed
7159,U7159,2025-03-21 09:52:00,2025-03-21 09:54:00,F,30~39,office,seoul,0,0,0,0,15,0,0,61,0,0,completed
7160,U7160,2025-09-08 19:00:00,2025-09-08 19:05:00,F,20~29,office,seoul,0,0,0,0,21,0,0,21,0,0,error
7161,U7161,2025-04-04 14:32:00,2025-04-04 14:39:00,M,30~39,office,seoul,0,0,0,0,11,0,0,76,0,0,completed
7162,U7162,2025-11-09 09:52:00,2025-11-09 09:56:00,F,30~39,office,seoul,1,0,0,0,16,0,0,47,0,0,completed
7163,U7163,2025-05-30 14:54:00,2025-05-30 15:00:00,F,20~29,office,seoul,0,0,0,0,27,0,0,10,0,0,abandoned
7164,U7164,2025-12-25 07:41:00,2025-12-25 07:48:00,M,50+,office,seoul,0,0,0,0,5,0,0,77,0,0,completed
7165,U7165,2025-02-06 12:23:00,2025-02-06 12:30:00,F,30~39,office,seoul,0,0,0,0,7,0,0,19,0,0,completed
7166,U7166,2025-01-11 07:04:00,2025-01-11 07:07:00,F,40~49,office,seoul,1,0,0,0,11,0,0,15,0,0,abandoned
7167,U7167,2025-10-25 07:53:00,2025-10-25 07:59:00,M,40~49,office,seoul,1,0,0,0,24,0,0,59,0,0,completed
7168,U7168,2025-04-25 11:48:00,2025-04-25 11:55:00,M,30~39,office,seoul,0,0,0,0,10,0,0,68,0,0,completed
7169,U7169,2025-06-27 15:06:00,2025-06-27 15:09:00,F,30~39,office,seoul,0,0,0,0,18,0,0,68,0,0,completed
7170,U7170,2025-04-18 07:05:00,2025-04-18 07:10:00,F,20~29,office,seoul,0,0,0,0,18,0,0,35,0,0,completed
7171,U7171,2025-04-09 14:28:00,2025-04-09 14:33:00,F,20~29,office,seoul,0,0,0,0,0,0,0,41,0,0,completed
7172,U7172,2025-03-20 15:46:00,2025-03-20 15:49:00,M,30~39,office,seoul,0,0,0,0,22,0,0,18,0,0,completed
7173,U7173,2025-10-16 15:14:00,2025-10-16 15:18:00,F,40~49,office,seoul,0,0,0,0,27,0,0,72,0,0,completed
7174,U7174,2025-07-28 15:14:00,2025-07-28 15:19:00,M,40~49,office,seoul,0,0,0,0,10,0,0,42,0,0,completed
7175,U7175,2025-03-16 12:02:00,2025-03-16 12:05:00,F,20~29,office,seoul,1,0,0,0,2,0,0,63,0,0,completed
7176,U7176,2025-08-16 22:01:00,2025-08-16 22:06:00,M,20~29,office,seoul,1,0,0,0,25,0,0,23,0,0,completed
7177,U7177,2025-03-16 12:33:00,2025-03-16 12:40:00,F,20~29,office,seoul,1,0,0,0,24,0,0,74,0,0,completed
7178,U7178,2025-02-18 16:22:00,2025-02-18 16:29:00,F,30~39,office,seoul,0,0,0,0,20,0,0,41,0,0,completed
7179,U7179,2025-10-13 22:31:00,2025-10-13 22:33:00,F,50+,office,seoul,0,0,0,0,23,0,0,26,0,0,completed
7180,U7180,2025-06-03 15:24:00,2025-06-03 15:30:00,F,30~39,office,seoul,0,0,0,0,20,0,0,36,0,0,completed
7181,U7181,2025-08-11 09:04:00,2025-08-11 09:07:00,F,40~49,office,seoul,0,0,0,0,23,0,0,51,0,0,completed
7182,U7182,2025-08-20 07:03:00,2025-08-20 07:07:00,F,20~29,office,seoul,0,0,0,0,15,0,0,59,0,0,completed
7183,U7183,2025-11-02 09:31:00,2025-11-02 09:34:00,F,30~39,office,seoul,1,0,0,0,10,0,0,41,0,0,timeout
7184,U7184,2025-06-03 14:42:00,2025-06-03 14:49:00,F,40~49,office,seoul,0,0,0,0,26,0,0,38,0,0,completed
7185,U7185,2025-09-08 08:42:00,2025-09-08 08:46:00,M,30~39,office,seoul,0,0,0,0,5,0,0,70,0,0,completed
7186,U7186,2025-04-26 14:47:00,2025-04-26 14:52:00,F,40~49,office,seoul,1,0,0,0,5,0,0,61,0,0,timeout
7187,U7187,2025-08-02 16:30:00,2025-08-02 16:35:00,M,40~49,office,seoul,1,0,0,0,24,0,0,43,0,0,completed
7188,U7188,2025-05-16 14:18:00,2025-05-16 14:25:00,F,40~49,office,seoul,0,0,0,0,27,0,0,77,0,0,completed
7189,U7189,2025-05-03 17:19:00,2025-05-03 17:26:00,M,30~39,office,seoul,1,0,0,0,0,0,0,18,0,0,completed
7190,U7190,2025-09-01 18:46:00,2025-09-01 18:53:00,M,20~29,office,seoul,0,0,0,0,0,0,0,32,0,0,completed
7191,U7191,2025-03-26 08:38:00,2025-03-26 08:41:00,F,50+,office,seoul,0,0,0,0,16,0,0,52,0,0,completed
7192,U7192,2025-02-14 18:48:00,2025-02-14 18:54:00,M,40~49,office,seoul,0,0,0,0,4,0,0,54,0,0,completed
7193,U7193,2025-01-07 13:25:00,2025-01-07 13:29:00,F,30~39,office,seoul,0,0,0,0,12,0,0,37,0,0,completed
7194,U7194,2025-05-29 11:13:00,2025-05-29 11:16:00,F,30~39,office,seoul,0,0,0,0,28,0,0,65,0,0,completed
7195,U7195,2025-08-19 09:17:00,2025-08-19 09:22:00,M,40~49,office,seoul,0,0,0,0,21,0,0,77,0,0,completed
7196,U7196,2025-10-31 13:13:00,2025-10-31 13:15:00,F,30~39,office,seoul,0,0,0,0,29,0,0,23,0,0,completed
7197,U7197,2025-12-25 14:42:00,2025-12-25 14:45:00,F,30~39,office,seoul,0,0,0,0,1,0,0,58,0,0,completed
7198,U7198,2025-04-19 16:47:00,2025-04-19 16:52:00,F,40~49,office,seoul,1,0,0,0,8,0,0,54,0,0,completed
7199,U7199,2025-05-12 09:58:00,2025-05-12 10:05:00,M,40~49,office,seoul,0,0,0,0,25,0,0,57,0,0,completed
7200,U7200,2025-03-21 22:32:00,2025-03-21 22:37:00,F,50+,office,seoul,0,0,0,0,5,0,0,47,0,0,completed
7201,U7201,2025-04-03 21:25:00,2025-04-03 21:28:00,F,30~39,office,seoul,0,0,0,0,9,0,0,32,0,0,completed
7202,U7202,2025-09-13 12:53:00,2025-09-13 12:55:00,F,50+,office,seoul,1,0,0,0,9,0,0,76,0,0,completed
7203,U7203,2025-10-01 07:28:00,2025-10-01 07:35:00,F,40~49,office,seoul,0,0,0,0,6,0,0,50,0,0,completed
7204,U7204,2025-09-27 12:48:00,2025-09-27 12:54:00,M,20~29,office,seoul,1,0,0,0,13,0,0,79,0,0,completed
7205,U7205,2025-09-20 19:03:00,2025-09-20 19:10:00,F,50+,office,seoul,1,0,0,0,11,0,0,62,0,0,completed
7206,U7206,2025-08-22 11:32:00,2025-08-22 11:37:00,M,40~49,office,seoul,0,0,0,0,11,0,0,68,0,0,completed
7207,U7207,2025-02-28 12:46:00,2025-02-28 12:52:00,F,30~39,office,seoul,0,0,0,0,1,0,0,27,0,0,completed
7208,U7208,2025-12-29 08:24:00,2025-12-29 08:27:00,M,40~49,office,seoul,0,0,0,0,18,0,0,66,0,0,completed
7209,U7209,2025-12-10 15:26:00,2025-12-10 15:32:00,F,50+,office,seoul,0,0,0,0,21,0,0,74,0,0,completed
7210,U7210,2025-05-03 17:57:00,2025-05-03 18:00:00,M,20~29,office,seoul,1,0,0,0,21,0,0,49,0,0,completed
7211,U7211,2025-11-12 17:04:00,2025-11-12 17:06:00,F,40~49,office,seoul,0,0,0,0,7,0,0,35,0,0,completed
7212,U7212,2025-01-11 08:59:00,2025-01-11 09:03:00,M,30~39,office,seoul,1,0,0,0,23,0,0,17,0,0,abandoned
7213,U7213,2025-09-01 13:06:00,2025-09-01 13:13:00,M,20~29,office,seoul,0,0,0,0,13,0,0,41,0,0,completed
7214,U7214,2025-10-23 19:52:00,2025-10-23 19:56:00,F,30~39,office,seoul,0,0,0,0,21,0,0,43,0,0,completed
7215,U7215,2025-12-10 18:14:00,2025-12-10 18:18:00,M,30~39,office,seoul,0,0,0,0,7,0,0,30,0,0,completed
7216,U7216,2025-05-10 15:47:00,2025-05-10 15:53:00,M,50+,office,seoul,1,0,0,0,28,0,0,34,0,0,completed
7217,U7217,2025-04-02 21:27:00,2025-04-02 21:30:00,M,40~49,office,seoul,0,0,0,0,2,0,0,59,1,0,completed
7218,U7218,2025-06-05 14:58:00,2025-06-05 15:05:00,M,20~29,office,seoul,0,0,0,0,9,0,0,78,0,0,completed
7219,U7219,2025-05-26 13:06:00,2025-05-26 13:09:00,F,40~49,office,seoul,0,0,0,0,22,0,0,66,0,0,completed
7220,U7220,2025-05-13 09:16:00,2025-05-13 09:20:00,F,20~29,office,seoul,0,0,0,0,5,0,0,77,0,0,completed
7221,U7221,2025-11-12 11:55:00,2025-11-12 11:57:00,F,40~49,office,seoul,0,0,0,0,18,0,0,62,0,0,completed
7222,U7222,2025-01-09 09:57:00,2025-01-09 09:59:00,F,30~39,office,seoul,0,0,0,0,6,0,0,50,0,0,timeout
7223,U7223,2025-09-03 16:52:00,2025-09-03 16:57:00,M,20~29,office,seoul,0,0,0,0,14,0,0,55,0,1,completed
7224,U7224,2025-03-10 17:46:00,2025-03-10 17:53:00,M,50+,office,seoul,0,0,0,0,29,0,0,35,0,0,completed
7225,U7225,2025-07-06 09:06:00,2025-07-06 09:11:00,M,50+,office,seoul,1,0,0,0,25,0,0,45,1,1,completed
7226,U7226,2025-03-20 18:23:00,2025-03-20 18:26:00,F,40~49,office,seoul,0,0,0,0,29,0,0,37,0,0,completed
7227,U7227,2025-09-29 08:34:00,2025-09-29 08:38:00,F,20~29,office,seoul,0,0,0,0,25,0,0,63,0,0,completed
7228,U7228,2025-01-31 08:57:00,2025-01-31 09:01:00,M,50+,office,seoul,0,0,0,0,16,0,0,15,1,0,completed
7229,U7229,2025-07-12 07:57:00,2025-07-12 08:02:00,M,50+,office,seoul,1,0,0,0,15,0,0,44,0,0,completed
7230,U7230,2025-03-01 13:09:00,2025-03-01 13:16:00,M,30~39,office,seoul,1,0,0,0,4,0,0,27,0,0,completed
7231,U7231,2025-08-09 14:42:00,2025-08-09 14:47:00,F,40~49,office,seoul,1,0,0,0,14,0,0,48,0,0,completed
7232,U7232,2025-06-18 11:16:00,2025-06-18 11:23:00,F,50+,office,seoul,0,0,0,0,15,0,0,10,0,0,completed
7233,U7233,2025-08-18 08:59:00,2025-08-18 09:02:00,M,50+,office,seoul,0,0,0,0,23,0,0,67,0,0,abandoned
7234,U7234,2025-04-18 20:36:00,2025-04-18 20:41:00,M,20~29,office,seoul,0,0,0,0,15,0,0,34,0,0,completed
7235,U7235,2025-02-27 13:08:00,2025-02-27 13:13:00,F,20~29,office,seoul,0,0,0,0,25,0,0,18,0,0,completed
7236,U7236,2025-06-04 19:23:00,2025-06-04 19:29:00,F,50+,office,seoul,0,0,0,0,8,0,0,12,0,0,completed
7237,U7237,2025-11-26 13:47:00,2025-11-26 13:52:00,M,20~29,office,seoul,0,0,0,0,2,0,0,52,0,0,completed
7238,U7238,2025-11-06 12:07:00,2025-11-06 12:13:00,F,30~39,office,seoul,0,0,0,0,29,0,0,72,0,0,completed
7239,U7239,2025-11-15 16:31:00,2025-11-15 16:36:00,M,20~29,office,seoul,1,0,0,0,7,0,0,69,0,0,completed
7240,U7240,2025-09-18 08:28:00,2025-09-18 08:34:00,F,20~29,office,seoul,0,0,0,0,26,0,0,53,0,0,completed
7241,U7241,2025-03-15 08:01:00,2025-03-15 08:05:00,F,30~39,office,seoul,1,0,0,0,27,0,0,67,0,0,timeout
7242,U7242,2025-02-17 08:26:00,2025-02-17 08:33:00,M,20~29,office,seoul,0,0,0,0,6,0,0,21,0,0,completed
7243,U7243,2025-12-05 15:59:00,2025-12-05 16:02:00,F,40~49,office,seoul,0,0,0,0,29,0,0,57,0,0,completed
7244,U7244,2025-07-08 09:08:00,2025-07-08 09:13:00,F,30~39,office,seoul,0,0,0,0,20,0,0,36,0,0,abandoned
7245,U7245,2025-02-04 11:27:00,2025-02-04 11:32:00,M,50+,office,seoul,0,0,0,0,29,0,0,27,0,0,completed
7246,U7246,2025-05-13 12:08:00,2025-05-13 12:10:00,F,20~29,office,seoul,0,0,0,0,17,0,0,32,0,0,completed
7247,U7247,2025-10-26 11:41:00,2025-10-26 11:46:00,F,40~49,office,seoul,1,0,0,0,19,0,0,67,0,0,completed
7248,U7248,2025-05-07 09:28:00,2025-05-07 09:33:00,M,30~39,office,seoul,0,0,0,0,22,0,0,19,0,0,completed
7249,U7249,2025-06-19 19:09:00,2025-06-19 19:11:00,F,50+,office,seoul,0,0,0,0,14,0,0,50,0,0,completed
7250,U7250,2025-02-28 15:34:00,2025-02-28 15:37:00,F,20~29,office,seoul,0,0,0,0,18,0,0,24,0,0,completed
7251,U7251,2025-12-09 12:41:00,2025-12-09 12:47:00,M,30~39,office,seoul,0,0,0,0,23,0,0,41,0,0,completed
7252,U7252,2025-08-09 16:35:00,2025-08-09 16:40:00,F,40~49,office,seoul,1,0,0,0,15,0,0,54,0,0,completed
7253,U7253,2025-02-20 19:23:00,2025-02-20 19:25:00,F,20~29,office,seoul,0,0,0,0,17,0,0,71,0,0,completed
7254,U7254,2025-12-24 19:53:00,2025-12-24 19:59:00,F,50+,office,seoul,0,0,0,0,12,0,0,59,0,0,completed
7255,U7255,2025-05-06 16:44:00,2025-05-06 16:48:00,M,20~29,office,seoul,0,0,0,0,26,0,0,19,0,0,completed
7256,U7256,2025-11-18 11:31:00,2025-11-18 11:38:00,M,20~29,office,seoul,0,0,0,0,28,0,0,37,0,0,completed
7257,U7257,2025-04-21 09:11:00,2025-04-21 09:17:00,F,40~49,office,seoul,0,0,0,0,9,0,0,61,0,0,completed
7258,U7258,2025-11-24 20:55:00,2025-11-24 21:02:00,F,30~39,office,seoul,0,0,0,0,10,0,0,56,0,0,completed
7259,U7259,2025-12-04 20:15:00,2025-12-04 20:18:00,F,40~49,office,seoul,0,0,0,0,19,0,0,22,0,0,completed
7260,U7260,2025-06-21 16:43:00,2025-06-21 16:46:00,M,40~49,office,seoul,1,0,0,0,29,0,0,63,0,0,completed
7261,U7261,2025-03-29 08:01:00,2025-03-29 08:07:00,F,20~29,office,seoul,1,0,0,0,15,0,0,31,0,1,completed
7262,U7262,2025-12-09 07:14:00,2025-12-09 07:16:00,M,50+,office,seoul,0,0,0,0,21,0,0,27,0,0,completed
7263,U7263,2025-02-25 09:53:00,2025-02-25 10:00:00,M,20~29,office,seoul,0,0,0,0,4,0,0,30,0,0,completed
7264,U7264,2025-03-17 13:43:00,2025-03-17 13:48:00,M,20~29,office,seoul,0,0,0,0,13,0,0,78,0,0,completed
7265,U7265,2025-05-20 21:18:00,2025-05-20 21:25:00,M,40~49,office,seoul,0,0,0,0,2,0,0,67,0,0,completed
7266,U7266,2025-10-24 16:44:00,2025-10-24 16:49:00,F,30~39,office,seoul,0,0,0,0,4,0,0,35,0,0,completed
7267,U7267,2025-05-31 08:59:00,2025-05-31 09:05:00,F,20~29,office,seoul,1,0,0,0,1,0,0,56,0,0,completed
7268,U7268,2025-03-27 20:58:00,2025-03-27 21:02:00,F,50+,office,seoul,0,0,0,0,9,0,0,39,0,0,completed
7269,U7269,2025-04-09 14:42:00,2025-04-09 14:47:00,M,20~29,office,seoul,0,0,0,0,22,0,0,49,0,0,timeout
7270,U7270,2025-07-07 15:50:00,2025-07-07 15:55:00,M,30~39,office,seoul,0,0,0,0,28,0,0,54,0,0,completed
7271,U7271,2025-03-11 09:04:00,2025-03-11 09:09:00,M,20~29,office,seoul,0,0,0,0,20,0,0,55,0,0,completed
7272,U7272,2025-03-16 21:54:00,2025-03-16 21:56:00,F,30~39,office,seoul,1,0,0,0,22,0,0,71,0,0,completed
7273,U7273,2025-08-27 12:00:00,2025-08-27 12:04:00,M,40~49,office,seoul,0,0,0,0,8,0,0,10,0,0,completed
7274,U7274,2025-02-12 21:07:00,2025-02-12 21:12:00,F,20~29,office,seoul,0,0,0,0,7,0,0,32,0,0,completed
7275,U7275,2025-04-16 09:37:00,2025-04-16 09:39:00,F,30~39,office,seoul,0,0,0,0,16,0,0,32,0,0,completed
7276,U7276,2025-06-19 15:50:00,2025-06-19 15:54:00,F,50+,office,seoul,0,0,0,0,2,0,0,20,0,0,completed
7277,U7277,2025-11-18 09:12:00,2025-11-18 09:16:00,F,30~39,office,seoul,0,0,0,0,13,0,0,15,0,0,completed
7278,U7278,2025-04-06 20:04:00,2025-04-06 20:07:00,F,20~29,office,seoul,1,0,0,0,23,0,0,45,0,0,completed
7279,U7279,2025-08-27 13:52:00,2025-08-27 13:58:00,M,20~29,office,seoul,0,0,0,0,26,0,0,58,0,0,completed
7280,U7280,2025-05-07 12:39:00,2025-05-07 12:43:00,F,20~29,office,seoul,0,0,0,0,8,0,0,75,0,0,completed
7281,U7281,2025-02-01 14:38:00,2025-02-01 14:44:00,F,20~29,office,seoul,1,0,0,0,14,0,0,71,0,0,completed
7282,U7282,2025-01-20 14:06:00,2025-01-20 14:11:00,M,20~29,office,seoul,0,0,0,0,24,0,0,31,0,0,completed
7283,U7283,2025-06-15 17:56:00,2025-06-15 18:02:00,F,30~39,office,seoul,1,0,0,0,14,0,0,19,0,0,completed
7284,U7284,2025-01-21 07:35:00,2025-01-21 07:39:00,F,40~49,office,seoul,0,0,0,0,3,0,0,74,0,0,completed
7285,U7285,2025-05-24 17:28:00,2025-05-24 17:32:00,M,30~39,office,seoul,1,0,0,0,14,0,0,75,0,0,completed
7286,U7286,2025-09-16 16:11:00,2025-09-16 16:15:00,F,20~29,office,seoul,0,0,0,0,12,0,0,75,0,0,completed
7287,U7287,2025-01-20 15:13:00,2025-01-20 15:17:00,F,20~29,office,seoul,0,0,0,0,15,0,0,57,0,0,completed
7288,U7288,2025-01-15 15:07:00,2025-01-15 15:10:00,F,30~39,office,seoul,0,0,0,0,16,0,0,28,0,0,completed
7289,U7289,2025-09-10 21:19:00,2025-09-10 21:21:00,F,20~29,office,seoul,0,0,0,0,3,0,0,65,0,0,completed
7290,U7290,2025-01-13 20:21:00,2025-01-13 20:23:00,F,20~29,office,seoul,0,0,0,0,18,0,0,71,0,0,completed
7291,U7291,2025-04-05 14:35:00,2025-04-05 14:41:00,M,40~49,office,seoul,1,0,0,0,24,0,0,68,0,0,completed
7292,U7292,2025-06-05 09:50:00,2025-06-05 09:52:00,F,20~29,office,seoul,0,0,0,0,23,0,0,22,0,0,completed
7293,U7293,2025-08-08 16:10:00,2025-08-08 16:13:00,F,50+,office,seoul,0,0,0,0,22,0,0,49,0,0,completed
7294,U7294,2025-09-15 12:38:00,2025-09-15 12:45:00,F,40~49,office,seoul,0,0,0,0,0,0,0,18,0,0,completed
7295,U7295,2025-06-06 13:46:00,2025-06-06 13:50:00,M,30~39,office,seoul,0,0,0,0,1,0,0,36,0,0,completed
7296,U7296,2025-05-21 18:45:00,2025-05-21 18:50:00,F,30~39,office,seoul,0,0,0,0,24,0,0,69,0,0,completed
7297,U7297,2025-11-20 09:02:00,2025-11-20 09:04:00,F,20~29,office,seoul,0,0,0,0,23,0,0,76,0,0,completed
7298,U7298,2025-04-10 12:50:00,2025-04-10 12:55:00,F,20~29,office,seoul,0,0,0,0,12,0,0,11,0,0,completed
7299,U7299,2025-09-06 12:23:00,2025-09-06 12:27:00,M,50+,office,seoul,1,0,0,0,14,0,0,74,0,1,completed
7300,U7300,2025-10-05 16:00:00,2025-10-05 16:04:00,F,30~39,office,seoul,1,0,0,0,23,0,0,23,0,0,completed
7301,U7301,2025-08-25 12:50:00,2025-08-25 12:55:00,F,40~49,office,seoul,0,0,0,0,6,0,0,68,0,0,completed
7302,U7302,2025-10-26 14:45:00,2025-10-26 14:51:00,F,20~29,office,seoul,1,0,0,0,29,0,0,75,0,1,completed
7303,U7303,2025-07-23 15:59:00,2025-07-23 16:05:00,M,30~39,office,seoul,0,0,0,0,16,0,0,74,0,0,completed
7304,U7304,2025-08-12 08:06:00,2025-08-12 08:09:00,M,50+,office,seoul,0,0,0,0,14,0,0,15,0,0,completed
7305,U7305,2025-06-23 12:06:00,2025-06-23 12:08:00,F,30~39,office,seoul,0,0,0,0,24,0,0,74,0,0,completed
7306,U7306,2025-04-10 15:12:00,2025-04-10 15:15:00,M,40~49,office,seoul,0,0,0,0,18,0,0,75,0,0,completed
7307,U7307,2025-11-22 09:40:00,2025-11-22 09:47:00,F,20~29,office,seoul,1,0,0,0,4,0,0,51,0,0,completed
7308,U7308,2025-07-04 16:26:00,2025-07-04 16:30:00,M,30~39,office,seoul,0,0,0,0,24,0,0,56,0,0,completed
7309,U7309,2025-06-16 08:22:00,2025-06-16 08:28:00,F,20~29,office,seoul,0,0,0,0,4,0,0,52,0,0,completed
7310,U7310,2025-05-19 08:32:00,2025-05-19 08:36:00,F,30~39,office,seoul,0,0,0,0,1,0,0,66,0,0,abandoned
7311,U7311,2025-03-27 13:12:00,2025-03-27 13:18:00,F,40~49,office,seoul,0,0,0,0,9,0,0,27,0,0,completed
7312,U7312,2025-07-31 21:18:00,2025-07-31 21:24:00,M,20~29,office,seoul,0,0,0,0,25,0,0,38,0,0,abandoned
7313,U7313,2025-04-09 17:24:00,2025-04-09 17:29:00,M,20~29,office,seoul,0,0,0,0,16,0,0,26,0,0,completed
7314,U7314,2025-04-08 15:03:00,2025-04-08 15:10:00,M,30~39,office,seoul,0,0,0,0,10,0,0,12,0,0,completed
7315,U7315,2025-06-22 17:49:00,2025-06-22 17:54:00,M,30~39,office,seoul,1,0,0,0,24,0,0,66,0,0,abandoned
7316,U7316,2025-06-11 22:52:00,2025-06-11 22:58:00,F,40~49,office,seoul,0,0,0,0,15,0,0,76,0,0,completed
7317,U7317,2025-09-01 18:27:00,2025-09-01 18:32:00,M,20~29,office,seoul,0,0,0,0,0,0,0,42,0,0,completed
7318,U7318,2025-03-18 17:10:00,2025-03-18 17:16:00,F,40~49,office,seoul,0,0,0,0,15,0,0,14,0,0,completed
7319,U7319,2025-11-04 16:51:00,2025-11-04 16:53:00,F,20~29,office,seoul,0,0,0,0,26,0,0,39,0,0,completed
7320,U7320,2025-09-19 20:12:00,2025-09-19 20:18:00,M,40~49,office,seoul,0,0,0,0,14,0,0,47,0,0,completed
7321,U7321,2025-10-13 17:46:00,2025-10-13 17:48:00,M,20~29,office,seoul,0,0,0,0,25,0,0,35,0,0,completed
7322,U7322,2025-12-07 17:14:00,2025-12-07 17:21:00,M,20~29,office,seoul,1,0,0,0,15,0,0,12,0,0,abandoned
7323,U7323,2025-02-07 18:16:00,2025-02-07 18:20:00,M,40~49,office,seoul,0,0,0,0,27,0,0,48,0,0,error
7324,U7324,2025-09-03 15:59:00,2025-09-03 16:01:00,M,30~39,office,seoul,0,0,0,0,20,0,0,62,0,0,completed
7325,U7325,2025-09-23 09:17:00,2025-09-23 09:24:00,F,20~29,office,seoul,0,0,0,0,17,0,0,10,0,0,completed
7326,U7326,2025-05-19 13:41:00,2025-05-19 13:46:00,F,30~39,office,seoul,0,0,0,0,28,0,0,17,0,0,completed
7327,U7327,2025-06-14 19:03:00,2025-06-14 19:08:00,M,30~39,office,seoul,1,0,0,0,3,0,0,30,0,0,abandoned
7328,U7328,2025-01-15 17:06:00,2025-01-15 17:12:00,F,20~29,office,seoul,0,0,0,0,19,0,0,15,0,0,completed
7329,U7329,2025-02-10 17:25:00,2025-02-10 17:27:00,M,20~29,office,seoul,0,0,0,0,11,0,0,43,0,0,completed
7330,U7330,2025-11-25 17:45:00,2025-11-25 17:51:00,F,20~29,office,seoul,0,0,0,0,13,0,0,72,0,0,completed
7331,U7331,2025-10-28 15:14:00,2025-10-28 15:18:00,M,20~29,office,seoul,0,0,0,0,2,0,0,57,0,0,completed
7332,U7332,2025-02-07 12:08:00,2025-02-07 12:14:00,M,40~49,office,seoul,0,0,0,0,4,0,0,21,0,0,completed
7333,U7333,2025-05-08 09:38:00,2025-05-08 09:42:00,F,40~49,office,seoul,0,0,0,0,18,0,0,21,0,0,completed
7334,U7334,2025-09-19 15:20:00,2025-09-19 15:26:00,M,50+,office,seoul,0,0,0,0,20,0,0,73,1,0,abandoned
7335,U7335,2025-10-28 08:51:00,2025-10-28 08:58:00,M,40~49,office,seoul,0,0,0,0,8,0,0,50,0,0,completed
7336,U7336,2025-01-24 08:04:00,2025-01-24 08:09:00,M,20~29,office,seoul,0,0,0,0,8,0,0,16,0,0,completed
7337,U7337,2025-04-15 16:47:00,2025-04-15 16:49:00,M,50+,office,seoul,0,0,0,0,16,0,0,72,0,0,completed
7338,U7338,2025-08-20 13:01:00,2025-08-20 13:04:00,M,20~29,office,seoul,0,0,0,0,14,0,0,79,0,0,completed
7339,U7339,2025-07-17 11:10:00,2025-07-17 11:12:00,F,30~39,office,seoul,0,0,0,0,27,0,0,12,0,0,completed
7340,U7340,2025-04-21 15:09:00,2025-04-21 15:14:00,F,20~29,office,seoul,0,0,0,0,16,0,0,67,0,0,completed
7341,U7341,2025-10-30 19:11:00,2025-10-30 19:16:00,M,20~29,office,seoul,0,0,0,0,19,0,0,59,0,0,completed
7342,U7342,2025-11-23 12:20:00,2025-11-23 12:22:00,M,30~39,office,seoul,1,0,0,0,23,0,0,51,0,0,completed
7343,U7343,2025-02-28 19:24:00,2025-02-28 19:26:00,F,20~29,office,seoul,0,0,0,0,8,0,0,61,0,0,completed
7344,U7344,2025-09-16 16:22:00,2025-09-16 16:26:00,M,20~29,office,seoul,0,0,0,0,6,0,0,22,0,0,completed
7345,U7345,2025-02-20 13:31:00,2025-02-20 13:38:00,F,30~39,office,seoul,0,0,0,0,14,0,0,49,0,0,completed
7346,U7346,2025-07-21 07:30:00,2025-07-21 07:34:00,M,40~49,office,seoul,0,0,0,0,14,0,0,11,0,0,completed
7347,U7347,2025-06-30 19:44:00,2025-06-30 19:46:00,F,20~29,office,seoul,0,0,0,0,25,0,0,34,0,0,completed
7348,U7348,2025-05-06 09:35:00,2025-05-06 09:41:00,F,20~29,office,seoul,0,0,0,0,14,0,0,71,0,0,completed
7349,U7349,2025-06-16 11:03:00,2025-06-16 11:09:00,F,30~39,office,seoul,0,0,0,0,26,0,0,38,0,0,completed
7350,U7350,2025-06-12 12:08:00,2025-06-12 12:10:00,F,40~49,office,seoul,0,0,0,0,4,0,0,36,0,0,completed
7351,U7351,2025-07-25 19:18:00,2025-07-25 19:23:00,M,50+,office,seoul,0,0,0,0,23,0,0,69,0,0,completed
7352,U7352,2025-03-15 12:34:00,2025-03-15 12:38:00,F,20~29,office,seoul,1,0,0,0,7,0,0,78,0,0,completed
7353,U7353,2025-01-26 11:33:00,2025-01-26 11:36:00,M,50+,office,seoul,1,0,0,0,29,0,0,10,0,0,completed
7354,U7354,2025-04-12 18:19:00,2025-04-12 18:21:00,F,20~29,office,seoul,1,0,0,0,2,0,0,73,0,0,completed
7355,U7355,2025-05-21 18:45:00,2025-05-21 18:51:00,F,20~29,office,seoul,0,0,0,0,7,0,0,73,0,0,completed
7356,U7356,2025-03-26 07:35:00,2025-03-26 07:40:00,F,20~29,office,seoul,0,0,0,0,15,0,0,19,0,0,completed
7357,U7357,2025-07-14 11:01:00,2025-07-14 11:06:00,M,40~49,office,seoul,0,0,0,0,17,0,0,62,0,0,abandoned
7358,U7358,2025-11-17 09:39:00,2025-11-17 09:43:00,F,40~49,office,seoul,0,0,0,0,1,0,0,16,0,0,completed
7359,U7359,2025-06-28 15:35:00,2025-06-28 15:41:00,M,30~39,office,seoul,1,0,0,0,0,0,0,37,0,0,completed
7360,U7360,2025-10-31 15:03:00,2025-10-31 15:06:00,F,40~49,office,seoul,0,0,0,0,16,0,0,44,0,0,completed
7361,U7361,2025-11-24 12:51:00,2025-11-24 12:54:00,F,30~39,office,seoul,0,0,0,0,14,0,0,19,0,0,abandoned
7362,U7362,2025-01-07 13:25:00,2025-01-07 13:27:00,M,40~49,office,seoul,0,0,0,0,16,0,0,15,0,0,completed
7363,U7363,2025-04-16 16:58:00,2025-04-16 17:03:00,F,40~49,office,seoul,0,0,0,0,0,0,0,19,0,0,completed
7364,U7364,2025-12-04 16:38:00,2025-12-04 16:41:00,F,40~49,office,seoul,0,0,0,0,16,0,0,61,0,0,completed
7365,U7365,2025-10-16 12:52:00,2025-10-16 12:57:00,F,30~39,office,seoul,0,0,0,0,5,0,0,45,0,0,completed
7366,U7366,2025-12-23 16:12:00,2025-12-23 16:15:00,F,40~49,office,seoul,0,0,0,0,5,0,0,20,0,0,completed
7367,U7367,2025-09-14 14:12:00,2025-09-14 14:18:00,F,40~49,office,seoul,1,0,0,0,21,0,0,45,0,0,completed
7368,U7368,2025-03-09 13:50:00,2025-03-09 13:56:00,F,40~49,office,seoul,1,0,0,0,12,0,0,48,0,0,completed
7369,U7369,2025-08-07 16:59:00,2025-08-07 17:04:00,M,30~39,office,seoul,0,0,0,0,29,0,0,23,0,0,completed
7370,U7370,2025-12-01 19:04:00,2025-12-01 19:10:00,M,20~29,office,seoul,0,0,0,0,11,0,0,56,0,0,completed
7371,U7371,2025-04-15 15:39:00,2025-04-15 15:43:00,F,40~49,office,seoul,0,0,0,0,24,0,0,64,0,0,completed
7372,U7372,2025-08-07 07:30:00,2025-08-07 07:36:00,F,40~49,office,seoul,0,0,0,0,29,0,0,42,0,0,completed
7373,U7373,2025-09-21 16:03:00,2025-09-21 16:08:00,M,20~29,office,seoul,1,0,0,0,22,0,0,54,0,0,completed
7374,U7374,2025-02-01 11:28:00,2025-02-01 11:30:00,M,30~39,office,seoul,1,0,0,0,16,0,0,38,0,0,completed
7375,U7375,2025-08-22 17:01:00,2025-08-22 17:04:00,M,20~29,office,seoul,0,0,0,0,10,0,0,18,0,0,completed
7376,U7376,2025-09-30 09:00:00,2025-09-30 09:06:00,F,30~39,office,seoul,0,0,0,0,22,0,0,76,0,0,completed
7377,U7377,2025-12-14 15:50:00,2025-12-14 15:56:00,F,20~29,office,seoul,1,0,0,0,28,0,0,47,0,0,abandoned
7378,U7378,2025-08-18 12:55:00,2025-08-18 12:57:00,F,50+,office,seoul,0,0,0,0,3,0,0,59,0,0,completed
7379,U7379,2025-10-27 15:40:00,2025-10-27 15:43:00,F,40~49,office,seoul,0,0,0,0,10,0,0,48,0,0,timeout
7380,U7380,2025-03-14 09:17:00,2025-03-14 09:21:00,M,30~39,office,seoul,0,0,0,0,6,0,0,66,0,0,completed
7381,U7381,2025-10-24 16:27:00,2025-10-24 16:30:00,M,40~49,office,seoul,0,0,0,0,6,0,0,70,0,0,completed
7382,U7382,2025-04-15 07:34:00,2025-04-15 07:41:00,M,50+,office,seoul,0,0,0,0,14,0,0,60,0,0,completed
7383,U7383,2025-08-09 08:55:00,2025-08-09 08:59:00,F,30~39,office,seoul,1,0,0,0,13,0,0,45,0,0,completed
7384,U7384,2025-10-22 12:46:00,2025-10-22 12:53:00,F,40~49,office,seoul,0,0,0,0,24,0,0,70,0,0,completed
7385,U7385,2025-10-26 22:08:00,2025-10-26 22:11:00,M,20~29,office,seoul,1,0,0,0,25,0,0,47,0,0,completed
7386,U7386,2025-01-20 14:00:00,2025-01-20 14:06:00,M,20~29,office,seoul,0,0,0,0,4,0,0,38,0,0,completed
7387,U7387,2025-08-13 12:02:00,2025-08-13 12:05:00,F,30~39,office,seoul,0,0,0,0,3,0,0,44,0,0,error
7388,U7388,2025-10-17 14:24:00,2025-10-17 14:28:00,M,50+,office,seoul,0,0,0,0,6,0,0,79,0,0,completed
7389,U7389,2025-04-09 14:40:00,2025-04-09 14:42:00,M,40~49,office,seoul,0,0,0,0,18,0,0,66,0,0,completed
7390,U7390,2025-12-23 11:50:00,2025-12-23 11:57:00,M,20~29,office,seoul,0,0,0,0,21,0,0,70,0,0,completed
7391,U7391,2025-06-21 16:35:00,2025-06-21 16:40:00,M,20~29,office,seoul,1,0,0,0,11,0,0,30,0,0,completed
7392,U7392,2025-11-27 09:15:00,2025-11-27 09:20:00,F,30~39,office,seoul,0,0,0,0,4,0,0,13,0,0,completed
7393,U7393,2025-01-26 16:14:00,2025-01-26 16:18:00,F,50+,office,seoul,1,0,0,0,20,0,0,63,0,0,completed
7394,U7394,2025-05-11 20:11:00,2025-05-11 20:13:00,F,20~29,office,seoul,1,0,0,0,10,0,0,71,0,0,completed
7395,U7395,2025-05-29 19:12:00,2025-05-29 19:19:00,M,30~39,office,seoul,0,0,0,0,20,0,0,17,0,0,abandoned
7396,U7396,2025-09-02 18:47:00,2025-09-02 18:50:00,F,20~29,office,seoul,0,0,0,0,10,0,0,75,0,0,abandoned
7397,U7397,2025-06-20 13:02:00,2025-06-20 13:05:00,F,30~39,office,seoul,0,0,0,0,28,0,0,29,0,0,completed
7398,U7398,2025-03-11 09:14:00,2025-03-11 09:17:00,M,20~29,office,seoul,0,0,0,0,20,0,0,48,0,0,abandoned
7399,U7399,2025-05-13 22:00:00,2025-05-13 22:07:00,M,20~29,office,seoul,0,0,0,0,24,0,0,28,0,0,completed
7400,U7400,2025-04-14 14:02:00,2025-04-14 14:09:00,M,20~29,office,seoul,0,0,0,0,27,0,0,60,0,0,completed
7401,U7401,2025-01-24 13:15:00,2025-01-24 13:18:00,F,40~49,office,seoul,0,0,0,0,19,0,0,25,0,0,completed
7402,U7402,2025-09-27 18:56:00,2025-09-27 19:01:00,F,40~49,office,seoul,1,0,0,0,3,0,0,43,0,0,completed
7403,U7403,2025-08-23 13:04:00,2025-08-23 13:08:00,F,20~29,office,seoul,1,0,0,0,9,0,0,26,0,0,error
7404,U7404,2025-05-26 17:29:00,2025-05-26 17:34:00,M,20~29,office,seoul,0,0,0,0,27,0,0,51,0,0,completed
7405,U7405,2025-10-07 14:09:00,2025-10-07 14:11:00,F,30~39,office,seoul,0,0,0,0,21,0,0,43,0,0,completed
7406,U7406,2025-02-21 12:44:00,2025-02-21 12:47:00,F,40~49,office,seoul,0,0,0,0,25,0,0,18,0,0,abandoned
7407,U7407,2025-07-24 18:42:00,2025-07-24 18:46:00,M,30~39,office,seoul,0,0,0,0,25,0,0,32,0,0,abandoned
7408,U7408,2025-10-28 16:33:00,2025-10-28 16:38:00,M,20~29,office,seoul,0,0,0,0,19,0,0,26,0,0,completed
7409,U7409,2025-08-08 08:20:00,2025-08-08 08:22:00,F,30~39,office,seoul,0,0,0,0,16,0,0,37,0,0,completed
7410,U7410,2025-05-28 16:55:00,2025-05-28 17:01:00,F,40~49,office,seoul,0,0,0,0,9,0,0,31,0,0,completed
7411,U7411,2025-04-21 16:31:00,2025-04-21 16:33:00,F,20~29,office,seoul,0,0,0,0,16,0,0,34,0,0,completed
7412,U7412,2025-01-28 14:55:00,2025-01-28 15:00:00,M,20~29,office,seoul,0,0,0,0,5,0,0,69,0,0,completed
7413,U7413,2025-02-23 19:33:00,2025-02-23 19:35:00,M,20~29,office,seoul,1,0,0,0,8,0,0,44,0,0,abandoned
7414,U7414,2025-10-29 11:02:00,2025-10-29 11:04:00,F,30~39,office,seoul,0,0,0,0,3,0,0,10,0,0,completed
7415,U7415,2025-10-14 16:46:00,2025-10-14 16:52:00,M,40~49,office,seoul,0,0,0,0,20,0,0,40,0,0,completed
7416,U7416,2025-05-16 13:03:00,2025-05-16 13:10:00,M,30~39,office,seoul,0,0,0,0,27,0,0,24,0,0,completed
7417,U7417,2025-06-03 14:42:00,2025-06-03 14:49:00,F,50+,office,seoul,0,0,0,0,28,0,0,62,0,0,completed
7418,U7418,2025-02-19 18:53:00,2025-02-19 18:58:00,M,20~29,office,seoul,0,0,0,0,26,0,0,58,0,0,completed
7419,U7419,2025-12-05 09:12:00,2025-12-05 09:19:00,F,30~39,office,seoul,0,0,0,0,16,0,0,41,0,0,completed
7420,U7420,2025-08-27 14:37:00,2025-08-27 14:43:00,F,30~39,office,seoul,0,0,0,0,18,0,0,52,0,0,completed
7421,U7421,2025-07-16 12:44:00,2025-07-16 12:47:00,F,30~39,office,seoul,0,0,0,0,14,0,0,59,0,0,completed
7422,U7422,2025-05-18 14:01:00,2025-05-18 14:03:00,F,40~49,office,seoul,1,0,0,0,26,0,0,51,0,0,completed
7423,U7423,2025-05-03 07:51:00,2025-05-03 07:54:00,F,20~29,office,seoul,1,0,0,0,23,0,0,21,0,0,timeout
7424,U7424,2025-11-25 17:07:00,2025-11-25 17:14:00,M,30~39,office,seoul,0,0,0,0,8,0,0,28,0,0,completed
7425,U7425,2025-10-17 08:20:00,2025-10-17 08:25:00,M,30~39,office,seoul,0,0,0,0,0,0,0,13,1,0,completed
7426,U7426,2025-08-23 15:52:00,2025-08-23 15:59:00,M,30~39,office,seoul,1,0,0,0,15,0,0,13,0,0,abandoned
7427,U7427,2025-04-24 07:43:00,2025-04-24 07:45:00,M,20~29,office,seoul,0,0,0,0,9,0,0,48,0,0,completed
7428,U7428,2025-01-13 20:11:00,2025-01-13 20:17:00,M,30~39,office,seoul,0,0,0,0,29,0,0,67,0,0,completed
7429,U7429,2025-03-09 08:05:00,2025-03-09 08:11:00,M,40~49,office,seoul,1,0,0,0,12,0,0,66,0,0,completed
7430,U7430,2025-05-17 19:19:00,2025-05-17 19:23:00,M,30~39,office,seoul,1,0,0,0,23,0,0,73,0,0,completed
7431,U7431,2025-06-14 19:23:00,2025-06-14 19:30:00,F,30~39,office,seoul,1,0,0,0,21,0,0,58,0,0,completed
7432,U7432,2025-09-24 18:21:00,2025-09-24 18:26:00,M,30~39,office,seoul,0,0,0,0,13,0,0,54,0,0,completed
7433,U7433,2025-02-14 16:03:00,2025-02-14 16:05:00,F,30~39,office,seoul,0,0,0,0,23,0,0,72,0,0,completed
7434,U7434,2025-02-26 15:21:00,2025-02-26 15:27:00,F,40~49,office,seoul,0,0,0,0,9,0,0,79,0,0,completed
7435,U7435,2025-05-11 15:39:00,2025-05-11 15:46:00,F,50+,office,seoul,1,0,0,0,20,0,0,63,1,0,completed
7436,U7436,2025-03-16 07:11:00,2025-03-16 07:16:00,M,30~39,office,seoul,1,0,0,0,23,0,0,18,0,0,completed
7437,U7437,2025-01-13 19:36:00,2025-01-13 19:42:00,F,20~29,office,seoul,0,0,0,0,16,0,0,64,0,0,completed
7438,U7438,2025-01-26 20:29:00,2025-01-26 20:33:00,M,50+,office,seoul,1,0,0,0,9,0,0,43,0,0,completed
7439,U7439,2025-12-03 08:41:00,2025-12-03 08:43:00,M,20~29,office,seoul,0,0,0,0,0,0,0,71,0,0,completed
7440,U7440,2025-06-07 21:22:00,2025-06-07 21:24:00,F,20~29,office,seoul,1,0,0,0,22,0,0,40,0,0,completed
7441,U7441,2025-08-29 17:21:00,2025-08-29 17:24:00,F,30~39,office,seoul,0,0,0,0,17,0,0,40,0,0,timeout
7442,U7442,2025-06-11 19:30:00,2025-06-11 19:36:00,F,30~39,office,seoul,0,0,0,0,13,0,0,14,0,0,completed
7443,U7443,2025-10-25 17:03:00,2025-10-25 17:06:00,M,40~49,office,seoul,1,0,0,0,29,0,0,77,0,0,completed
7444,U7444,2025-04-25 15:03:00,2025-04-25 15:09:00,F,50+,office,seoul,0,0,0,0,7,0,0,35,1,0,completed
7445,U7445,2025-07-24 12:10:00,2025-07-24 12:14:00,F,50+,office,seoul,0,0,0,0,7,0,0,35,0,0,completed
7446,U7446,2025-04-19 12:58:00,2025-04-19 13:05:00,F,50+,office,seoul,1,0,0,0,10,0,0,35,0,0,completed
7447,U7447,2025-04-18 08:05:00,2025-04-18 08:11:00,M,30~39,office,seoul,0,0,0,0,22,0,0,64,0,0,abandoned
7448,U7448,2025-06-23 18:40:00,2025-06-23 18:45:00,F,20~29,office,seoul,0,0,0,0,28,0,0,57,0,0,completed
7449,U7449,2025-01-12 12:56:00,2025-01-12 12:59:00,F,30~39,office,seoul,1,0,0,0,28,0,0,50,0,0,abandoned
7450,U7450,2025-11-11 12:21:00,2025-11-11 12:27:00,F,30~39,office,seoul,0,0,0,0,18,0,0,56,0,0,completed
7451,U7451,2025-12-16 19:15:00,2025-12-16 19:21:00,M,20~29,office,seoul,0,0,0,0,29,0,0,65,0,0,completed
7452,U7452,2025-12-10 17:07:00,2025-12-10 17:09:00,F,50+,office,seoul,0,0,0,0,21,0,0,70,0,0,completed
7453,U7453,2025-08-19 13:52:00,2025-08-19 13:55:00,M,40~49,office,seoul,0,0,0,0,21,0,0,11,0,0,abandoned
7454,U7454,2025-12-08 09:23:00,2025-12-08 09:30:00,M,20~29,office,seoul,0,0,0,0,21,0,0,33,0,0,completed
7455,U7455,2025-10-20 17:10:00,2025-10-20 17:12:00,F,40~49,office,seoul,0,0,0,0,10,0,0,20,0,0,completed
7456,U7456,2025-12-07 11:36:00,2025-12-07 11:41:00,F,20~29,office,seoul,1,0,0,0,13,0,0,52,0,0,completed
7457,U7457,2025-02-13 20:48:00,2025-02-13 20:50:00,F,50+,office,seoul,0,0,0,0,24,0,0,48,0,0,completed
7458,U7458,2025-12-04 17:36:00,2025-12-04 17:39:00,F,30~39,office,seoul,0,0,0,0,27,0,0,52,0,0,error
7459,U7459,2025-04-09 15:17:00,2025-04-09 15:23:00,F,20~29,office,seoul,0,0,0,0,22,0,0,54,1,0,completed
7460,U7460,2025-03-09 12:39:00,2025-03-09 12:45:00,F,50+,office,seoul,1,0,0,0,9,0,0,28,0,0,completed
7461,U7461,2025-05-09 19:41:00,2025-05-09 19:46:00,F,50+,office,seoul,0,0,0,0,9,0,0,38,1,0,completed
7462,U7462,2025-08-13 07:42:00,2025-08-13 07:44:00,F,50+,office,seoul,0,0,0,0,29,0,0,18,0,1,completed
7463,U7463,2025-02-09 15:12:00,2025-02-09 15:15:00,F,50+,office,seoul,1,0,0,0,2,0,0,64,1,0,completed
7464,U7464,2025-04-13 08:17:00,2025-04-13 08:23:00,M,30~39,office,seoul,1,0,0,0,21,0,0,54,0,0,completed
7465,U7465,2025-02-13 12:03:00,2025-02-13 12:09:00,M,30~39,office,seoul,0,0,0,0,27,0,0,59,0,0,completed
7466,U7466,2025-10-01 15:02:00,2025-10-01 15:07:00,F,30~39,office,seoul,0,0,0,0,12,0,0,60,0,0,completed
7467,U7467,2025-01-12 19:42:00,2025-01-12 19:49:00,F,40~49,office,seoul,1,0,0,0,1,0,0,58,0,0,completed
7468,U7468,2025-03-09 12:59:00,2025-03-09 13:04:00,F,30~39,office,seoul,1,0,0,0,11,0,0,59,0,0,completed
7469,U7469,2025-07-19 11:17:00,2025-07-19 11:20:00,M,30~39,office,seoul,1,0,0,0,11,0,0,33,0,0,error
7470,U7470,2025-02-08 07:37:00,2025-02-08 07:39:00,M,50+,office,seoul,1,0,0,0,5,0,0,65,0,0,completed
7471,U7471,2025-08-26 20:33:00,2025-08-26 20:36:00,M,20~29,office,seoul,0,0,0,0,14,0,0,56,0,0,completed
7472,U7472,2025-09-20 12:46:00,2025-09-20 12:50:00,M,30~39,office,seoul,1,0,0,0,17,0,0,43,0,0,completed
7473,U7473,2025-09-07 07:51:00,2025-09-07 07:53:00,M,30~39,office,seoul,1,0,0,0,2,0,0,74,0,0,completed
7474,U7474,2025-05-01 13:50:00,2025-05-01 13:53:00,M,30~39,office,seoul,0,0,0,0,25,0,0,55,0,0,completed
7475,U7475,2025-08-06 09:37:00,2025-08-06 09:43:00,F,30~39,office,seoul,0,0,0,0,4,0,0,54,0,0,completed
7476,U7476,2025-04-10 11:05:00,2025-04-10 11:09:00,F,40~49,office,seoul,0,0,0,0,17,0,0,65,0,0,abandoned
7477,U7477,2025-02-15 09:31:00,2025-02-15 09:34:00,F,30~39,office,seoul,1,0,0,0,4,0,0,44,0,0,completed
7478,U7478,2025-02-15 09:58:00,2025-02-15 10:04:00,F,20~29,office,seoul,1,0,0,0,24,0,0,37,0,0,completed
7479,U7479,2025-11-23 17:47:00,2025-11-23 17:54:00,M,30~39,office,seoul,1,0,0,0,13,0,0,32,0,0,completed
7480,U7480,2025-02-02 15:59:00,2025-02-02 16:04:00,M,20~29,office,seoul,1,0,0,0,0,0,0,69,0,0,completed
7481,U7481,2025-10-27 11:48:00,2025-10-27 11:51:00,M,40~49,office,seoul,0,0,0,0,1,0,0,41,0,0,completed
7482,U7482,2025-09-04 17:39:00,2025-09-04 17:42:00,F,40~49,office,seoul,0,0,0,0,6,0,0,65,1,0,error
7483,U7483,2025-03-12 13:07:00,2025-03-12 13:09:00,M,20~29,office,seoul,0,0,0,0,3,0,0,36,1,0,completed
7484,U7484,2025-04-19 07:48:00,2025-04-19 07:50:00,F,40~49,office,seoul,1,0,0,0,4,0,0,52,0,0,completed
7485,U7485,2025-08-16 08:32:00,2025-08-16 08:37:00,F,50+,office,seoul,1,0,0,0,21,0,0,70,0,0,completed
7486,U7486,2025-11-07 17:36:00,2025-11-07 17:41:00,M,20~29,office,seoul,0,0,0,0,18,0,0,65,0,0,abandoned
7487,U7487,2025-05-23 13:47:00,2025-05-23 13:49:00,F,20~29,office,seoul,0,0,0,0,3,0,0,27,0,0,completed
7488,U7488,2025-04-17 07:04:00,2025-04-17 07:10:00,F,20~29,office,seoul,0,0,0,0,17,0,0,75,0,0,completed
7489,U7489,2025-10-26 12:55:00,2025-10-26 13:00:00,F,20~29,office,seoul,1,0,0,0,27,0,0,55,0,0,timeout
7490,U7490,2025-02-02 12:14:00,2025-02-02 12:16:00,F,20~29,office,seoul,1,0,0,0,21,0,0,57,0,0,completed
7491,U7491,2025-10-09 16:10:00,2025-10-09 16:17:00,F,20~29,office,seoul,0,0,0,0,5,0,0,56,0,1,completed
7492,U7492,2025-11-27 08:46:00,2025-11-27 08:49:00,F,20~29,office,seoul,0,0,0,0,3,0,0,12,0,0,completed
7493,U7493,2025-04-04 07:50:00,2025-04-04 07:57:00,M,50+,office,seoul,0,0,0,0,10,0,0,11,1,0,abandoned
7494,U7494,2025-01-31 15:23:00,2025-01-31 15:28:00,M,20~29,office,seoul,0,0,0,0,26,0,0,68,0,0,timeout
7495,U7495,2025-08-19 09:03:00,2025-08-19 09:08:00,F,20~29,office,seoul,0,0,0,0,16,0,0,43,0,0,completed
7496,U7496,2025-09-14 15:35:00,2025-09-14 15:37:00,F,20~29,office,seoul,1,0,0,0,11,0,0,75,0,0,completed
7497,U7497,2025-02-18 15:39:00,2025-02-18 15:46:00,M,20~29,office,seoul,0,0,0,0,28,0,0,12,0,0,completed
7498,U7498,2025-11-02 07:35:00,2025-11-02 07:38:00,F,40~49,office,seoul,1,0,0,0,18,0,0,26,0,0,completed
7499,U7499,2025-06-20 21:28:00,2025-06-20 21:34:00,F,20~29,office,seoul,0,0,0,0,25,0,0,66,0,0,completed
7500,U7500,2025-12-12 16:03:00,2025-12-12 16:09:00,M,40~49,office,seoul,0,0,0,0,21,0,0,46,0,0,completed
7501,U7501,2025-01-21 08:50:00,2025-01-21 08:57:00,M,50+,office,seoul,0,0,0,0,29,0,0,28,0,0,completed
7502,U7502,2025-09-23 19:52:00,2025-09-23 19:56:00,F,40~49,office,seoul,0,0,0,0,5,0,0,16,0,0,completed
7503,U7503,2025-12-17 07:18:00,2025-12-17 07:21:00,F,30~39,office,seoul,0,0,0,0,21,0,0,52,0,0,completed
7504,U7504,2025-09-18 15:47:00,2025-09-18 15:53:00,M,20~29,office,seoul,0,0,0,0,28,0,0,51,0,0,completed
7505,U7505,2025-05-25 12:45:00,2025-05-25 12:47:00,F,40~49,office,seoul,1,0,0,0,16,0,0,18,0,0,completed
7506,U7506,2025-01-11 21:58:00,2025-01-11 22:05:00,F,20~29,office,seoul,1,0,0,0,18,0,0,23,0,0,completed
7507,U7507,2025-10-03 07:44:00,2025-10-03 07:50:00,M,50+,office,seoul,0,0,0,0,5,0,0,61,1,0,completed
7508,U7508,2025-12-16 18:49:00,2025-12-16 18:51:00,F,40~49,office,seoul,0,0,0,0,22,0,0,62,0,0,completed
7509,U7509,2025-12-03 20:43:00,2025-12-03 20:46:00,F,20~29,office,seoul,0,0,0,0,22,0,0,52,0,0,completed
7510,U7510,2025-09-08 19:53:00,2025-09-08 20:00:00,F,30~39,office,seoul,0,0,0,0,21,0,0,35,0,0,completed
7511,U7511,2025-10-12 08:53:00,2025-10-12 08:55:00,F,40~49,office,seoul,1,0,0,0,7,0,0,43,0,0,completed
7512,U7512,2025-05-24 20:31:00,2025-05-24 20:36:00,F,40~49,office,seoul,1,0,0,0,9,0,0,76,0,0,completed
7513,U7513,2025-01-14 18:01:00,2025-01-14 18:08:00,F,20~29,office,seoul,0,0,0,0,8,0,0,64,0,0,completed
7514,U7514,2025-11-11 14:41:00,2025-11-11 14:44:00,F,50+,office,seoul,0,0,0,0,19,0,0,35,0,0,completed
7515,U7515,2025-11-08 08:05:00,2025-11-08 08:11:00,F,40~49,office,seoul,1,0,0,0,4,0,0,55,0,0,completed
7516,U7516,2025-10-24 14:16:00,2025-10-24 14:21:00,M,30~39,office,seoul,0,0,0,0,10,0,0,28,0,0,completed
7517,U7517,2025-08-06 07:53:00,2025-08-06 07:55:00,F,50+,office,seoul,0,0,0,0,9,0,0,77,0,0,completed
7518,U7518,2025-10-11 13:51:00,2025-10-11 13:57:00,F,20~29,office,seoul,1,0,0,0,14,0,0,10,0,0,completed
7519,U7519,2025-11-27 20:00:00,2025-11-27 20:03:00,M,20~29,office,seoul,0,0,0,0,22,0,0,51,0,0,error
7520,U7520,2025-04-11 09:44:00,2025-04-11 09:50:00,M,40~49,office,seoul,0,0,0,0,12,0,0,49,0,0,completed
7521,U7521,2025-05-05 15:26:00,2025-05-05 15:31:00,M,30~39,office,seoul,0,0,0,0,12,0,0,25,1,0,completed
7522,U7522,2025-11-21 20:21:00,2025-11-21 20:27:00,M,20~29,office,seoul,0,0,0,0,22,0,0,70,0,0,abandoned
7523,U7523,2025-06-12 19:49:00,2025-06-12 19:56:00,M,30~39,office,seoul,0,0,0,0,3,0,0,67,0,1,completed
7524,U7524,2025-06-03 12:02:00,2025-06-03 12:09:00,F,20~29,office,seoul,0,0,0,0,15,0,0,26,0,0,completed
7525,U7525,2025-10-14 18:08:00,2025-10-14 18:14:00,M,40~49,office,seoul,0,0,0,0,29,0,0,59,0,0,completed
7526,U7526,2025-06-12 11:07:00,2025-06-12 11:11:00,F,30~39,office,seoul,0,0,0,0,19,0,0,43,0,0,completed
7527,U7527,2025-03-02 19:53:00,2025-03-02 19:55:00,M,20~29,office,seoul,1,0,0,0,19,0,0,31,0,0,error
7528,U7528,2025-08-13 08:18:00,2025-08-13 08:25:00,M,30~39,office,seoul,0,0,0,0,12,0,0,30,0,0,abandoned
7529,U7529,2025-04-12 09:59:00,2025-04-12 10:04:00,M,20~29,office,seoul,1,0,0,0,20,0,0,41,0,0,completed
7530,U7530,2025-02-17 13:47:00,2025-02-17 13:51:00,M,20~29,office,seoul,0,0,0,0,2,0,0,35,0,0,completed
7531,U7531,2025-08-19 15:08:00,2025-08-19 15:15:00,F,30~39,office,seoul,0,0,0,0,6,0,0,15,0,0,completed
7532,U7532,2025-10-05 17:54:00,2025-10-05 17:59:00,M,40~49,office,seoul,1,0,0,0,7,0,0,76,0,0,error
7533,U7533,2025-11-14 18:26:00,2025-11-14 18:28:00,F,30~39,office,seoul,0,0,0,0,13,0,0,50,0,0,completed
7534,U7534,2025-11-28 19:50:00,2025-11-28 19:55:00,M,30~39,office,seoul,0,0,0,0,2,0,0,69,0,0,completed
7535,U7535,2025-03-01 19:01:00,2025-03-01 19:05:00,M,20~29,office,seoul,1,0,0,0,24,0,0,20,0,0,completed
7536,U7536,2025-06-16 15:45:00,2025-06-16 15:49:00,M,50+,office,seoul,0,0,0,0,22,0,0,51,0,0,completed
7537,U7537,2025-06-28 11:17:00,2025-06-28 11:20:00,M,30~39,office,seoul,1,0,0,0,26,0,0,50,0,0,completed
7538,U7538,2025-08-07 20:37:00,2025-08-07 20:43:00,M,30~39,office,seoul,0,0,0,0,4,0,0,34,0,0,completed
7539,U7539,2025-05-30 20:48:00,2025-05-30 20:51:00,F,50+,office,seoul,0,0,0,0,25,0,0,19,1,0,completed
7540,U7540,2025-12-30 17:54:00,2025-12-30 17:56:00,F,30~39,office,seoul,0,0,0,0,24,0,0,66,0,0,completed
7541,U7541,2025-09-28 12:24:00,2025-09-28 12:27:00,F,30~39,office,seoul,1,0,0,0,6,0,0,35,0,0,completed
7542,U7542,2025-04-24 18:27:00,2025-04-24 18:30:00,F,20~29,office,seoul,0,0,0,0,18,0,0,26,0,0,completed
7543,U7543,2025-07-26 11:45:00,2025-07-26 11:50:00,F,30~39,office,seoul,1,0,0,0,21,0,0,73,0,0,completed
7544,U7544,2025-07-08 19:02:00,2025-07-08 19:04:00,F,30~39,office,seoul,0,0,0,0,6,0,0,62,0,0,completed
7545,U7545,2025-10-08 12:52:00,2025-10-08 12:54:00,M,20~29,office,seoul,0,0,0,0,28,0,0,76,0,0,completed
7546,U7546,2025-12-26 13:14:00,2025-12-26 13:20:00,M,40~49,office,seoul,0,0,0,0,22,0,0,48,0,0,completed
7547,U7547,2025-09-02 14:51:00,2025-09-02 14:57:00,M,30~39,office,seoul,0,0,0,0,4,0,0,69,0,0,completed
7548,U7548,2025-11-28 14:31:00,2025-11-28 14:38:00,F,30~39,office,seoul,0,0,0,0,8,0,0,65,0,0,completed
7549,U7549,2025-05-22 12:15:00,2025-05-22 12:21:00,F,40~49,office,seoul,0,0,0,0,2,0,0,62,0,0,completed
7550,U7550,2025-11-25 14:06:00,2025-11-25 14:08:00,M,50+,office,seoul,0,0,0,0,27,0,0,16,0,0,completed
7551,U7551,2025-11-18 13:48:00,2025-11-18 13:52:00,F,50+,office,seoul,0,0,0,0,10,0,0,42,1,0,completed
7552,U7552,2025-01-22 16:35:00,2025-01-22 16:41:00,M,20~29,office,seoul,0,0,0,0,14,0,0,11,0,0,completed
7553,U7553,2025-12-22 21:01:00,2025-12-22 21:03:00,F,30~39,office,seoul,0,0,0,0,3,0,0,44,0,0,completed
7554,U7554,2025-07-03 07:45:00,2025-07-03 07:52:00,M,50+,office,seoul,0,0,0,0,21,0,0,67,0,0,completed
7555,U7555,2025-05-07 11:43:00,2025-05-07 11:47:00,M,20~29,office,seoul,0,0,0,0,25,0,0,23,0,0,completed
7556,U7556,2025-08-09 19:45:00,2025-08-09 19:52:00,M,30~39,office,seoul,1,0,0,0,20,0,0,11,0,0,completed
7557,U7557,2025-03-23 16:32:00,2025-03-23 16:38:00,F,40~49,office,seoul,1,0,0,0,23,0,0,10,0,0,completed
7558,U7558,2025-04-25 11:18:00,2025-04-25 11:20:00,M,50+,office,seoul,0,0,0,0,10,0,0,56,0,0,completed
7559,U7559,2025-07-02 13:59:00,2025-07-02 14:04:00,M,20~29,office,seoul,0,0,0,0,24,0,0,29,0,0,completed
7560,U7560,2025-08-18 12:41:00,2025-08-18 12:43:00,F,20~29,office,seoul,0,0,0,0,24,0,0,19,0,0,completed
7561,U7561,2025-11-07 11:49:00,2025-11-07 11:56:00,M,40~49,office,seoul,0,0,0,0,17,0,0,23,0,0,completed
7562,U7562,2025-10-11 16:42:00,2025-10-11 16:45:00,M,20~29,office,seoul,1,0,0,0,7,0,0,73,0,0,completed
7563,U7563,2025-05-15 09:31:00,2025-05-15 09:33:00,F,30~39,office,seoul,0,0,0,0,10,0,0,57,0,0,completed
7564,U7564,2025-05-30 07:45:00,2025-05-30 07:48:00,F,20~29,office,seoul,0,0,0,0,20,0,0,29,0,0,completed
7565,U7565,2025-07-19 22:36:00,2025-07-19 22:41:00,F,30~39,office,seoul,1,0,0,0,2,0,0,38,0,0,completed
7566,U7566,2025-12-10 13:48:00,2025-12-10 13:50:00,F,40~49,office,seoul,0,0,0,0,22,0,0,78,0,0,completed
7567,U7567,2025-06-18 13:14:00,2025-06-18 13:18:00,F,50+,office,seoul,0,0,0,0,10,0,0,68,0,0,completed
7568,U7568,2025-09-03 14:22:00,2025-09-03 14:25:00,M,20~29,office,seoul,0,0,0,0,5,0,0,48,0,0,abandoned
7569,U7569,2025-09-28 14:44:00,2025-09-28 14:46:00,F,30~39,office,seoul,1,0,0,0,28,0,0,20,0,0,completed
7570,U7570,2025-10-16 15:14:00,2025-10-16 15:18:00,F,30~39,office,seoul,0,0,0,0,11,0,0,16,0,0,completed
7571,U7571,2025-11-19 07:10:00,2025-11-19 07:14:00,M,20~29,office,seoul,0,0,0,0,26,0,0,48,0,0,completed
7572,U7572,2025-11-18 12:33:00,2025-11-18 12:39:00,F,30~39,office,seoul,0,0,0,0,27,0,0,66,0,0,timeout
7573,U7573,2025-09-23 09:53:00,2025-09-23 09:55:00,F,30~39,office,seoul,0,0,0,0,10,0,0,50,0,0,completed
7574,U7574,2025-08-29 19:42:00,2025-08-29 19:48:00,M,20~29,office,seoul,0,0,0,0,16,0,0,50,0,0,completed
7575,U7575,2025-06-19 08:58:00,2025-06-19 09:01:00,F,20~29,office,seoul,0,0,0,0,7,0,0,57,0,0,completed
7576,U7576,2025-10-20 20:49:00,2025-10-20 20:54:00,F,30~39,office,seoul,0,0,0,0,0,0,0,37,0,0,completed
7577,U7577,2025-05-20 15:03:00,2025-05-20 15:06:00,M,30~39,office,seoul,0,0,0,0,20,0,0,25,0,0,completed
7578,U7578,2025-10-19 20:46:00,2025-10-19 20:51:00,M,20~29,office,seoul,1,0,0,0,27,0,0,67,0,0,completed
7579,U7579,2025-09-09 20:31:00,2025-09-09 20:38:00,F,30~39,office,seoul,0,0,0,0,3,0,0,61,0,0,completed
7580,U7580,2025-07-18 11:42:00,2025-07-18 11:45:00,F,30~39,office,seoul,0,0,0,0,2,0,0,12,0,0,completed
7581,U7581,2025-08-03 12:55:00,2025-08-03 13:00:00,M,40~49,office,seoul,1,0,0,0,14,0,0,39,0,0,completed
7582,U7582,2025-04-27 18:59:00,2025-04-27 19:04:00,M,50+,office,seoul,1,0,0,0,22,0,0,14,0,0,abandoned
7583,U7583,2025-04-09 11:41:00,2025-04-09 11:48:00,M,40~49,office,seoul,0,0,0,0,15,0,0,67,0,0,abandoned
7584,U7584,2025-08-21 09:16:00,2025-08-21 09:18:00,M,20~29,office,seoul,0,0,0,0,0,0,0,48,0,0,completed
7585,U7585,2025-12-04 09:37:00,2025-12-04 09:39:00,M,30~39,office,seoul,0,0,0,0,11,0,0,23,0,0,completed
7586,U7586,2025-07-18 14:08:00,2025-07-18 14:13:00,F,30~39,office,seoul,0,0,0,0,6,0,0,15,0,0,completed
7587,U7587,2025-09-08 11:18:00,2025-09-08 11:25:00,M,20~29,office,seoul,0,0,0,0,18,0,0,77,0,0,completed
7588,U7588,2025-03-07 21:59:00,2025-03-07 22:03:00,F,20~29,office,seoul,0,0,0,0,14,0,0,56,0,0,abandoned
7589,U7589,2025-12-18 22:32:00,2025-12-18 22:39:00,F,20~29,office,seoul,0,0,0,0,29,0,0,26,0,0,completed
7590,U7590,2025-06-17 08:49:00,2025-06-17 08:55:00,F,30~39,office,seoul,0,0,0,0,27,0,0,62,0,0,completed
7591,U7591,2025-10-23 11:44:00,2025-10-23 11:47:00,M,30~39,office,seoul,0,0,0,0,29,0,0,11,0,0,completed
7592,U7592,2025-12-14 16:25:00,2025-12-14 16:31:00,F,50+,office,seoul,1,0,0,0,13,0,0,76,0,0,completed
7593,U7593,2025-06-26 16:18:00,2025-06-26 16:23:00,M,30~39,office,seoul,0,0,0,0,8,0,0,63,0,0,completed
7594,U7594,2025-05-16 20:15:00,2025-05-16 20:19:00,M,20~29,office,seoul,0,0,0,0,20,0,0,54,0,0,completed
7595,U7595,2025-10-03 13:07:00,2025-10-03 13:11:00,F,30~39,office,seoul,0,0,0,0,1,0,0,51,0,0,completed
7596,U7596,2025-05-14 17:24:00,2025-05-14 17:30:00,M,40~49,office,seoul,0,0,0,0,1,0,0,56,0,0,completed
7597,U7597,2025-03-13 08:36:00,2025-03-13 08:40:00,F,30~39,office,seoul,0,0,0,0,16,0,0,16,0,0,completed
7598,U7598,2025-08-20 18:53:00,2025-08-20 18:57:00,M,30~39,office,seoul,0,0,0,0,2,0,0,28,0,0,completed
7599,U7599,2025-07-31 15:12:00,2025-07-31 15:15:00,F,40~49,office,seoul,0,0,0,0,21,0,0,47,0,0,completed
7600,U7600,2025-03-10 09:36:00,2025-03-10 09:39:00,F,30~39,office,seoul,0,0,0,0,11,0,0,47,0,0,completed
7601,U7601,2025-05-16 07:51:00,2025-05-16 07:56:00,F,40~49,office,seoul,0,0,0,0,13,0,0,23,0,0,completed
7602,U7602,2025-10-13 13:40:00,2025-10-13 13:43:00,F,40~49,office,seoul,0,0,0,0,4,0,0,16,1,0,completed
7603,U7603,2025-03-07 12:32:00,2025-03-07 12:37:00,M,30~39,office,seoul,0,0,0,0,15,0,0,73,1,0,error
7604,U7604,2025-01-22 19:19:00,2025-01-22 19:23:00,F,40~49,office,seoul,0,0,0,0,14,0,0,30,0,0,completed
7605,U7605,2025-03-02 15:47:00,2025-03-02 15:50:00,F,50+,office,seoul,1,0,0,0,18,0,0,79,0,0,completed
7606,U7606,2025-01-05 08:24:00,2025-01-05 08:28:00,F,50+,office,seoul,1,0,0,0,16,0,0,56,0,0,completed
7607,U7607,2025-09-23 15:40:00,2025-09-23 15:46:00,M,20~29,office,seoul,0,0,0,0,25,0,0,70,0,0,completed
7608,U7608,2025-07-26 16:11:00,2025-07-26 16:15:00,F,50+,office,seoul,1,0,0,0,4,0,0,60,0,0,completed
7609,U7609,2025-11-17 16:57:00,2025-11-17 17:02:00,F,50+,office,seoul,0,0,0,0,16,0,0,55,0,0,completed
7610,U7610,2025-04-02 12:48:00,2025-04-02 12:55:00,F,20~29,office,seoul,0,0,0,0,14,0,0,58,0,0,completed
7611,U7611,2025-08-05 15:12:00,2025-08-05 15:17:00,F,20~29,office,seoul,0,0,0,0,15,0,0,21,0,0,completed
7612,U7612,2025-08-28 12:44:00,2025-08-28 12:47:00,F,30~39,office,seoul,0,0,0,0,10,0,0,33,0,0,completed
7613,U7613,2025-07-14 11:53:00,2025-07-14 12:00:00,M,20~29,office,seoul,0,0,0,0,12,0,0,32,0,0,completed
7614,U7614,2025-12-26 11:49:00,2025-12-26 11:51:00,M,40~49,office,seoul,0,0,0,0,3,0,0,31,0,0,completed
7615,U7615,2025-12-27 18:34:00,2025-12-27 18:36:00,M,20~29,office,seoul,1,0,0,0,22,0,0,39,0,0,error
7616,U7616,2025-06-01 20:24:00,2025-06-01 20:28:00,M,20~29,office,seoul,1,0,0,0,16,0,0,58,0,0,completed
7617,U7617,2025-02-07 12:46:00,2025-02-07 12:51:00,F,30~39,office,seoul,0,0,0,0,13,0,0,35,0,0,completed
7618,U7618,2025-12-25 08:06:00,2025-12-25 08:11:00,F,50+,office,seoul,0,0,0,0,24,0,0,14,0,0,completed
7619,U7619,2025-12-20 13:50:00,2025-12-20 13:57:00,M,50+,office,seoul,1,0,0,0,19,0,0,77,0,0,completed
7620,U7620,2025-08-23 18:35:00,2025-08-23 18:37:00,F,50+,office,seoul,1,0,0,0,6,0,0,12,0,0,timeout
7621,U7621,2025-12-16 12:54:00,2025-12-16 12:57:00,F,20~29,office,seoul,0,0,0,0,25,0,0,14,0,0,completed
7622,U7622,2025-10-26 20:26:00,2025-10-26 20:32:00,F,30~39,office,seoul,1,0,0,0,10,0,0,70,0,0,completed
7623,U7623,2025-10-26 09:51:00,2025-10-26 09:55:00,M,30~39,office,seoul,1,0,0,0,19,0,0,28,0,0,completed
7624,U7624,2025-07-17 11:46:00,2025-07-17 11:53:00,M,20~29,office,seoul,0,0,0,0,1,0,0,38,0,0,completed
7625,U7625,2025-08-23 12:49:00,2025-08-23 12:54:00,F,40~49,office,seoul,1,0,0,0,17,0,0,79,0,0,abandoned
7626,U7626,2025-09-13 21:39:00,2025-09-13 21:45:00,M,20~29,office,seoul,1,0,0,0,19,0,0,69,0,0,completed
7627,U7627,2025-02-08 14:23:00,2025-02-08 14:26:00,M,20~29,office,seoul,1,0,0,0,20,0,0,45,0,0,completed
7628,U7628,2025-03-02 19:03:00,2025-03-02 19:08:00,F,50+,office,seoul,1,0,0,0,9,0,0,42,0,0,completed
7629,U7629,2025-02-07 08:54:00,2025-02-07 08:57:00,M,50+,office,seoul,0,0,0,0,27,0,0,72,0,0,completed
7630,U7630,2025-03-09 14:05:00,2025-03-09 14:07:00,M,30~39,office,seoul,1,0,0,0,19,0,0,61,0,0,completed
7631,U7631,2025-11-30 14:00:00,2025-11-30 14:05:00,M,50+,office,seoul,1,0,0,0,5,0,0,10,1,0,completed
7632,U7632,2025-01-28 11:12:00,2025-01-28 11:14:00,M,20~29,office,seoul,0,0,0,0,2,0,0,59,0,0,completed
7633,U7633,2025-04-28 09:09:00,2025-04-28 09:11:00,M,50+,office,seoul,0,0,0,0,9,0,0,56,0,0,completed
7634,U7634,2025-06-10 12:58:00,2025-06-10 13:01:00,M,20~29,office,seoul,0,0,0,0,10,0,0,59,0,0,completed
7635,U7635,2025-01-10 14:27:00,2025-01-10 14:33:00,F,30~39,office,seoul,0,0,0,0,20,0,0,45,0,0,abandoned
7636,U7636,2025-05-08 19:43:00,2025-05-08 19:48:00,F,40~49,office,seoul,0,0,0,0,15,0,0,56,0,0,completed
7637,U7637,2025-06-22 09:03:00,2025-06-22 09:05:00,M,20~29,office,seoul,1,0,0,0,6,0,0,43,0,0,timeout
7638,U7638,2025-06-14 20:41:00,2025-06-14 20:48:00,M,20~29,office,seoul,1,0,0,0,15,0,0,19,0,0,completed
7639,U7639,2025-07-26 21:13:00,2025-07-26 21:15:00,F,20~29,office,seoul,1,0,0,0,21,0,0,72,0,0,completed
7640,U7640,2025-01-17 11:58:00,2025-01-17 12:01:00,M,50+,office,seoul,0,0,0,0,6,0,0,40,0,0,completed
7641,U7641,2025-10-29 13:36:00,2025-10-29 13:40:00,M,20~29,office,seoul,0,0,0,0,5,0,0,19,0,0,abandoned
7642,U7642,2025-10-29 12:36:00,2025-10-29 12:42:00,F,20~29,office,seoul,0,0,0,0,15,0,0,12,0,0,completed
7643,U7643,2025-06-24 12:19:00,2025-06-24 12:25:00,F,40~49,office,seoul,0,0,0,0,15,0,0,33,0,1,abandoned
7644,U7644,2025-11-30 16:54:00,2025-11-30 16:59:00,M,20~29,office,seoul,1,0,0,0,0,0,0,34,0,0,completed
7645,U7645,2025-07-27 17:01:00,2025-07-27 17:03:00,F,50+,office,seoul,1,0,0,0,5,0,0,48,0,0,completed
7646,U7646,2025-01-28 20:37:00,2025-01-28 20:44:00,F,30~39,office,seoul,0,0,0,0,1,0,0,76,0,0,completed
7647,U7647,2025-12-12 12:30:00,2025-12-12 12:32:00,M,30~39,office,seoul,0,0,0,0,13,0,0,33,0,0,completed
7648,U7648,2025-08-30 12:12:00,2025-08-30 12:18:00,F,40~49,office,seoul,1,0,0,0,25,0,0,53,0,0,completed
7649,U7649,2025-03-04 18:37:00,2025-03-04 18:41:00,F,50+,office,seoul,0,0,0,0,3,0,0,40,0,0,completed
7650,U7650,2025-04-16 20:36:00,2025-04-16 20:39:00,F,20~29,office,seoul,0,0,0,0,29,0,0,42,0,0,completed
7651,U7651,2025-04-05 12:28:00,2025-04-05 12:34:00,F,30~39,office,seoul,1,0,0,0,22,0,0,49,0,0,completed
7652,U7652,2025-10-13 09:48:00,2025-10-13 09:53:00,F,50+,office,seoul,0,0,0,0,1,0,0,67,0,0,completed
7653,U7653,2025-12-17 15:32:00,2025-12-17 15:37:00,M,50+,office,seoul,0,0,0,0,2,0,0,69,0,0,completed
7654,U7654,2025-11-26 08:02:00,2025-11-26 08:05:00,F,50+,office,seoul,0,0,0,0,13,0,0,78,0,0,completed
7655,U7655,2025-10-03 08:38:00,2025-10-03 08:42:00,M,30~39,office,seoul,0,0,0,0,27,0,0,75,0,0,completed
7656,U7656,2025-02-25 13:44:00,2025-02-25 13:51:00,F,30~39,office,seoul,0,0,0,0,28,0,0,63,0,0,completed
7657,U7657,2025-10-05 07:36:00,2025-10-05 07:39:00,M,30~39,office,seoul,1,0,0,0,18,0,0,28,0,0,completed
7658,U7658,2025-04-04 16:08:00,2025-04-04 16:14:00,M,20~29,office,seoul,0,0,0,0,14,0,0,10,0,0,abandoned
7659,U7659,2025-12-19 14:00:00,2025-12-19 14:02:00,M,30~39,office,seoul,0,0,0,0,27,0,0,15,0,0,completed
7660,U7660,2025-06-18 18:22:00,2025-06-18 18:25:00,M,30~39,office,seoul,0,0,0,0,0,0,0,42,0,0,completed
7661,U7661,2025-04-11 19:53:00,2025-04-11 19:55:00,F,50+,office,seoul,0,0,0,0,17,0,0,60,0,0,timeout
7662,U7662,2025-10-30 18:22:00,2025-10-30 18:25:00,F,20~29,office,seoul,0,0,0,0,2,0,0,46,0,0,completed
7663,U7663,2025-12-15 14:09:00,2025-12-15 14:13:00,M,20~29,office,seoul,0,0,0,0,24,0,0,32,0,0,completed
7664,U7664,2025-04-28 08:13:00,2025-04-28 08:18:00,F,40~49,office,seoul,0,0,0,0,28,0,0,26,0,0,completed
7665,U7665,2025-10-17 13:29:00,2025-10-17 13:35:00,M,30~39,office,seoul,0,0,0,0,2,0,0,19,0,0,completed
7666,U7666,2025-09-26 08:36:00,2025-09-26 08:43:00,M,40~49,office,seoul,0,0,0,0,12,0,0,19,0,0,completed
7667,U7667,2025-04-07 16:51:00,2025-04-07 16:57:00,F,20~29,office,seoul,0,0,0,0,7,0,0,61,0,0,completed
7668,U7668,2025-01-22 14:24:00,2025-01-22 14:29:00,F,40~49,office,seoul,0,0,0,0,3,0,0,21,0,0,completed
7669,U7669,2025-03-30 12:09:00,2025-03-30 12:14:00,M,30~39,office,seoul,1,0,0,0,28,0,0,55,0,0,completed
7670,U7670,2025-09-24 14:36:00,2025-09-24 14:39:00,F,20~29,office,seoul,0,0,0,0,28,0,0,52,0,0,completed
7671,U7671,2025-07-11 17:47:00,2025-07-11 17:54:00,F,30~39,office,seoul,0,0,0,0,3,0,0,71,0,0,completed
7672,U7672,2025-02-23 17:22:00,2025-02-23 17:29:00,M,50+,office,seoul,1,0,0,0,8,0,0,16,0,0,completed
7673,U7673,2025-10-28 08:40:00,2025-10-28 08:42:00,F,20~29,office,seoul,0,0,0,0,1,0,0,71,0,0,completed
7674,U7674,2025-04-16 17:27:00,2025-04-16 17:33:00,F,40~49,office,seoul,0,0,0,0,13,0,0,36,0,0,error
7675,U7675,2025-08-12 16:01:00,2025-08-12 16:03:00,M,50+,office,seoul,0,0,0,0,10,0,0,15,0,0,abandoned
7676,U7676,2025-04-09 11:44:00,2025-04-09 11:47:00,M,20~29,office,seoul,0,0,0,0,21,0,0,78,0,0,completed
7677,U7677,2025-04-18 15:25:00,2025-04-18 15:28:00,F,50+,office,seoul,0,0,0,0,17,0,0,40,0,0,completed
7678,U7678,2025-11-02 15:09:00,2025-11-02 15:13:00,F,30~39,office,seoul,1,0,0,0,19,0,0,41,0,0,completed
7679,U7679,2025-07-16 20:32:00,2025-07-16 20:39:00,M,20~29,office,seoul,0,0,0,0,18,0,0,69,0,0,completed
7680,U7680,2025-10-07 19:06:00,2025-10-07 19:11:00,F,40~49,office,seoul,0,0,0,0,13,0,0,21,0,0,completed
7681,U7681,2025-03-08 16:07:00,2025-03-08 16:12:00,M,50+,office,seoul,1,0,0,0,12,0,0,11,0,0,completed
7682,U7682,2025-09-30 16:56:00,2025-09-30 17:01:00,F,20~29,office,seoul,0,0,0,0,0,0,0,24,0,0,error
7683,U7683,2025-01-03 18:48:00,2025-01-03 18:55:00,M,50+,office,seoul,0,0,0,0,26,0,0,79,1,0,completed
7684,U7684,2025-04-11 21:37:00,2025-04-11 21:39:00,F,20~29,office,seoul,0,0,0,0,20,0,0,22,0,0,completed
7685,U7685,2025-09-27 11:24:00,2025-09-27 11:29:00,M,40~49,office,seoul,1,0,0,0,22,0,0,61,0,0,completed
7686,U7686,2025-02-03 19:48:00,2025-02-03 19:53:00,M,20~29,office,seoul,0,0,0,0,22,0,0,40,0,0,completed
7687,U7687,2025-07-19 09:28:00,2025-07-19 09:35:00,F,30~39,office,seoul,1,0,0,0,5,0,0,58,0,0,completed
7688,U7688,2025-10-10 15:41:00,2025-10-10 15:45:00,F,30~39,office,seoul,0,0,0,0,8,0,0,74,0,0,completed
7689,U7689,2025-10-16 13:02:00,2025-10-16 13:07:00,F,40~49,office,seoul,0,0,0,0,26,0,0,30,0,0,completed
7690,U7690,2025-02-10 18:24:00,2025-02-10 18:29:00,M,20~29,office,seoul,0,0,0,0,14,0,0,19,0,0,completed
7691,U7691,2025-10-25 19:45:00,2025-10-25 19:52:00,M,20~29,office,seoul,1,0,0,0,19,0,0,12,0,1,completed
7692,U7692,2025-02-08 16:13:00,2025-02-08 16:17:00,M,50+,office,seoul,1,0,0,0,13,0,0,43,0,0,completed
7693,U7693,2025-03-28 12:05:00,2025-03-28 12:10:00,F,50+,office,seoul,0,0,0,0,6,0,0,73,0,0,completed
7694,U7694,2025-11-08 20:24:00,2025-11-08 20:26:00,M,40~49,office,seoul,1,0,0,0,26,0,0,13,0,0,completed
7695,U7695,2025-03-03 19:02:00,2025-03-03 19:06:00,F,40~49,office,seoul,0,0,0,0,8,0,0,70,0,0,completed
7696,U7696,2025-09-11 11:54:00,2025-09-11 11:56:00,F,30~39,office,seoul,0,0,0,0,8,0,0,17,0,0,completed
7697,U7697,2025-08-10 12:54:00,2025-08-10 12:56:00,M,40~49,office,seoul,1,0,0,0,4,0,0,57,0,0,completed
7698,U7698,2025-02-13 22:01:00,2025-02-13 22:04:00,F,20~29,office,seoul,0,0,0,0,24,0,0,19,0,0,completed
7699,U7699,2025-03-22 09:23:00,2025-03-22 09:29:00,M,30~39,office,seoul,1,0,0,0,4,0,0,37,0,0,completed
7700,U7700,2025-11-17 09:04:00,2025-11-17 09:10:00,M,30~39,office,seoul,0,0,0,0,13,0,0,11,0,0,completed
7701,U7701,2025-07-20 07:22:00,2025-07-20 07:25:00,F,20~29,office,seoul,1,0,0,0,4,0,0,55,0,0,completed
7702,U7702,2025-01-29 14:04:00,2025-01-29 14:06:00,F,50+,office,seoul,0,0,0,0,10,0,0,31,0,0,completed
7703,U7703,2025-07-02 12:59:00,2025-07-02 13:01:00,F,20~29,office,seoul,0,0,0,0,28,0,0,24,0,0,completed
7704,U7704,2025-05-30 13:48:00,2025-05-30 13:54:00,F,40~49,office,seoul,0,0,0,0,14,0,0,53,0,0,completed
7705,U7705,2025-07-26 16:33:00,2025-07-26 16:40:00,M,30~39,office,seoul,1,0,0,0,18,0,0,24,0,0,timeout
7706,U7706,2025-06-15 08:32:00,2025-06-15 08:35:00,F,30~39,office,seoul,1,0,0,0,20,0,0,43,0,0,completed
7707,U7707,2025-06-19 09:54:00,2025-06-19 09:59:00,F,20~29,office,seoul,0,0,0,0,29,0,0,13,0,0,completed
7708,U7708,2025-11-30 09:29:00,2025-11-30 09:31:00,M,30~39,office,seoul,1,0,0,0,3,0,0,36,0,0,completed
7709,U7709,2025-09-10 12:16:00,2025-09-10 12:22:00,M,20~29,office,seoul,0,0,0,0,22,0,0,66,0,0,completed
7710,U7710,2025-09-11 12:36:00,2025-09-11 12:39:00,F,50+,office,seoul,0,0,0,0,15,0,0,69,0,0,completed
7711,U7711,2025-11-14 14:12:00,2025-11-14 14:15:00,M,50+,office,seoul,0,0,0,0,5,0,0,63,0,1,completed
7712,U7712,2025-02-28 11:53:00,2025-02-28 11:59:00,M,30~39,office,seoul,0,0,0,0,12,0,0,40,0,0,completed
7713,U7713,2025-05-02 17:56:00,2025-05-02 18:02:00,M,50+,office,seoul,0,0,0,0,21,0,0,56,0,0,completed
7714,U7714,2025-06-18 16:45:00,2025-06-18 16:48:00,F,20~29,office,seoul,0,0,0,0,15,0,0,19,0,0,completed
7715,U7715,2025-01-15 14:18:00,2025-01-15 14:20:00,F,20~29,office,seoul,0,0,0,0,16,0,0,53,0,0,abandoned
7716,U7716,2025-06-01 11:53:00,2025-06-01 11:57:00,M,30~39,office,seoul,1,0,0,0,3,0,0,52,0,0,completed
7717,U7717,2025-03-09 13:50:00,2025-03-09 13:53:00,M,50+,office,seoul,1,0,0,0,21,0,0,11,0,0,completed
7718,U7718,2025-02-26 11:57:00,2025-02-26 12:04:00,M,50+,office,seoul,0,0,0,0,13,0,0,13,0,0,completed
7719,U7719,2025-05-22 08:54:00,2025-05-22 08:56:00,F,40~49,office,seoul,0,0,0,0,0,0,0,37,0,0,completed
7720,U7720,2025-01-29 12:05:00,2025-01-29 12:10:00,F,30~39,office,seoul,0,0,0,0,28,0,0,55,0,0,abandoned
7721,U7721,2025-11-15 08:20:00,2025-11-15 08:24:00,F,50+,office,seoul,1,0,0,0,29,0,0,45,0,0,completed
7722,U7722,2025-03-23 09:54:00,2025-03-23 10:01:00,F,40~49,office,seoul,1,0,0,0,26,0,0,11,0,0,completed
7723,U7723,2025-09-29 17:30:00,2025-09-29 17:32:00,F,30~39,office,seoul,0,0,0,0,9,0,0,69,0,0,completed
7724,U7724,2025-07-13 08:09:00,2025-07-13 08:15:00,M,50+,office,seoul,1,0,0,0,22,0,0,46,0,0,completed
7725,U7725,2025-02-18 16:17:00,2025-02-18 16:22:00,F,20~29,office,seoul,0,0,0,0,25,0,0,79,0,0,completed
7726,U7726,2025-10-31 16:15:00,2025-10-31 16:17:00,M,20~29,office,seoul,0,0,0,0,20,0,0,34,0,0,completed
7727,U7727,2025-01-29 15:52:00,2025-01-29 15:55:00,F,30~39,office,seoul,0,0,0,0,1,0,0,43,0,0,completed
7728,U7728,2025-07-12 08:14:00,2025-07-12 08:19:00,F,20~29,office,seoul,1,0,0,0,9,0,0,17,0,0,completed
7729,U7729,2025-07-25 17:05:00,2025-07-25 17:07:00,F,40~49,office,seoul,0,0,0,0,0,0,0,38,0,0,abandoned
7730,U7730,2025-06-08 19:32:00,2025-06-08 19:37:00,F,30~39,office,seoul,1,0,0,0,28,0,0,75,0,0,completed
7731,U7731,2025-01-29 09:24:00,2025-01-29 09:31:00,F,20~29,office,seoul,0,0,0,0,0,0,0,72,0,0,completed
7732,U7732,2025-06-28 18:55:00,2025-06-28 19:01:00,F,50+,office,seoul,1,0,0,0,6,0,0,74,0,0,completed
7733,U7733,2025-08-07 16:16:00,2025-08-07 16:21:00,F,50+,office,seoul,0,0,0,0,18,0,0,25,0,0,completed
7734,U7734,2025-09-15 08:54:00,2025-09-15 08:57:00,M,20~29,office,seoul,0,0,0,0,5,0,0,66,0,0,completed
7735,U7735,2025-11-29 13:27:00,2025-11-29 13:32:00,F,40~49,office,seoul,1,0,0,0,24,0,0,12,0,0,completed
7736,U7736,2025-11-07 11:30:00,2025-11-07 11:35:00,F,40~49,office,seoul,0,0,0,0,21,0,0,75,0,0,completed
7737,U7737,2025-08-18 13:11:00,2025-08-18 13:16:00,M,50+,office,seoul,0,0,0,0,28,0,0,10,0,0,completed
7738,U7738,2025-09-12 08:44:00,2025-09-12 08:47:00,M,40~49,office,seoul,0,0,0,0,21,0,0,61,0,0,completed
7739,U7739,2025-08-15 12:12:00,2025-08-15 12:19:00,M,40~49,office,seoul,0,0,0,0,19,0,0,18,0,0,completed
7740,U7740,2025-02-21 14:26:00,2025-02-21 14:29:00,M,50+,office,seoul,0,0,0,0,5,0,0,45,0,0,timeout
7741,U7741,2025-09-04 19:29:00,2025-09-04 19:34:00,F,40~49,office,seoul,0,0,0,0,26,0,0,18,0,0,completed
7742,U7742,2025-02-14 14:43:00,2025-02-14 14:47:00,F,30~39,office,seoul,0,0,0,0,29,0,0,16,0,0,completed
7743,U7743,2025-06-15 09:13:00,2025-06-15 09:20:00,M,20~29,office,seoul,1,0,0,0,29,0,0,28,0,0,completed
7744,U7744,2025-08-18 09:18:00,2025-08-18 09:20:00,M,30~39,office,seoul,0,0,0,0,25,0,0,16,0,0,completed
7745,U7745,2025-01-23 15:19:00,2025-01-23 15:21:00,F,30~39,office,seoul,0,0,0,0,8,0,0,25,0,0,completed
7746,U7746,2025-02-16 15:01:00,2025-02-16 15:07:00,M,30~39,office,seoul,1,0,0,0,21,0,0,28,0,0,abandoned
7747,U7747,2025-11-22 19:30:00,2025-11-22 19:32:00,F,30~39,office,seoul,1,0,0,0,9,0,0,40,0,0,completed
7748,U7748,2025-09-18 21:15:00,2025-09-18 21:17:00,F,20~29,office,seoul,0,0,0,0,25,0,0,23,0,0,completed
7749,U7749,2025-03-25 14:23:00,2025-03-25 14:25:00,F,50+,office,seoul,0,0,0,0,11,0,0,35,1,0,completed
7750,U7750,2025-06-18 16:06:00,2025-06-18 16:11:00,F,50+,office,seoul,0,0,0,0,23,0,0,43,0,0,completed
7751,U7751,2025-09-01 08:16:00,2025-09-01 08:21:00,F,40~49,office,seoul,0,0,0,0,16,0,0,41,0,0,completed
7752,U7752,2025-10-10 20:18:00,2025-10-10 20:20:00,F,50+,office,seoul,0,0,0,0,12,0,0,21,0,0,completed
7753,U7753,2025-12-05 14:06:00,2025-12-05 14:09:00,M,40~49,office,seoul,0,0,0,0,26,0,0,69,0,0,completed
7754,U7754,2025-04-18 19:07:00,2025-04-18 19:12:00,F,20~29,office,seoul,0,0,0,0,2,0,0,75,0,0,completed
7755,U7755,2025-02-09 08:34:00,2025-02-09 08:40:00,M,40~49,office,seoul,1,0,0,0,27,0,0,70,0,0,timeout
7756,U7756,2025-05-20 15:28:00,2025-05-20 15:33:00,M,20~29,office,seoul,0,0,0,0,28,0,0,14,0,0,completed
7757,U7757,2025-06-22 13:33:00,2025-06-22 13:35:00,F,50+,office,seoul,1,0,0,0,21,0,0,67,0,0,completed
7758,U7758,2025-12-04 13:46:00,2025-12-04 13:50:00,M,30~39,office,seoul,0,0,0,0,22,0,0,77,0,0,completed
7759,U7759,2025-11-25 11:38:00,2025-11-25 11:40:00,M,30~39,office,seoul,0,0,0,0,5,0,0,45,0,1,completed
7760,U7760,2025-08-24 08:06:00,2025-08-24 08:09:00,F,40~49,office,seoul,1,0,0,0,0,0,0,64,0,0,abandoned
7761,U7761,2025-09-22 09:44:00,2025-09-22 09:46:00,M,20~29,office,seoul,0,0,0,0,3,0,0,69,0,0,completed
7762,U7762,2025-02-16 13:00:00,2025-02-16 13:05:00,M,30~39,office,seoul,1,0,0,0,10,0,0,56,0,0,completed
7763,U7763,2025-03-07 16:47:00,2025-03-07 16:49:00,F,40~49,office,seoul,0,0,0,0,12,0,0,73,0,0,completed
7764,U7764,2025-02-27 18:18:00,2025-02-27 18:22:00,M,40~49,office,seoul,0,0,0,0,23,0,0,50,0,0,completed
7765,U7765,2025-05-19 21:01:00,2025-05-19 21:04:00,M,20~29,office,seoul,0,0,0,0,16,0,0,68,0,0,completed
7766,U7766,2025-11-17 13:49:00,2025-11-17 13:54:00,M,30~39,office,seoul,0,0,0,0,29,0,0,40,0,0,completed
7767,U7767,2025-09-12 08:28:00,2025-09-12 08:33:00,M,40~49,office,seoul,0,0,0,0,1,0,0,11,0,0,completed
7768,U7768,2025-12-19 11:44:00,2025-12-19 11:47:00,F,30~39,office,seoul,0,0,0,0,25,0,0,54,0,0,completed
7769,U7769,2025-02-14 22:24:00,2025-02-14 22:27:00,F,30~39,office,seoul,0,0,0,0,11,0,0,78,0,0,completed
7770,U7770,2025-08-05 13:31:00,2025-08-05 13:37:00,M,20~29,office,seoul,0,0,0,0,22,0,0,47,0,0,completed
7771,U7771,2025-07-23 11:47:00,2025-07-23 11:54:00,M,20~29,office,seoul,0,0,0,0,3,0,0,78,1,0,completed
7772,U7772,2025-03-21 20:28:00,2025-03-21 20:35:00,F,30~39,office,seoul,0,0,0,0,14,0,0,32,0,0,completed
7773,U7773,2025-07-31 15:47:00,2025-07-31 15:54:00,F,50+,office,seoul,0,0,0,0,24,0,0,29,0,0,completed
7774,U7774,2025-05-19 14:23:00,2025-05-19 14:29:00,F,50+,office,seoul,0,0,0,0,29,0,0,73,0,0,error
7775,U7775,2025-12-06 12:22:00,2025-12-06 12:29:00,F,50+,office,seoul,1,0,0,0,9,0,0,55,1,0,abandoned
7776,U7776,2025-06-18 17:14:00,2025-06-18 17:20:00,M,50+,office,seoul,0,0,0,0,24,0,0,78,0,0,completed
7777,U7777,2025-02-18 07:05:00,2025-02-18 07:08:00,F,50+,office,seoul,0,0,0,0,8,0,0,17,0,0,completed
7778,U7778,2025-11-09 07:56:00,2025-11-09 07:58:00,F,30~39,office,seoul,1,0,0,0,15,0,0,50,0,0,completed
7779,U7779,2025-08-16 19:20:00,2025-08-16 19:27:00,F,50+,office,seoul,1,0,0,0,11,0,0,78,0,0,completed
7780,U7780,2025-12-04 12:53:00,2025-12-04 12:57:00,F,20~29,office,seoul,0,0,0,0,7,0,0,50,0,0,completed
7781,U7781,2025-04-03 15:56:00,2025-04-03 16:01:00,F,40~49,office,seoul,0,0,0,0,12,0,0,39,0,0,completed
7782,U7782,2025-02-26 16:43:00,2025-02-26 16:47:00,F,20~29,office,seoul,0,0,0,0,8,0,0,18,0,0,completed
7783,U7783,2025-10-16 07:07:00,2025-10-16 07:12:00,F,30~39,office,seoul,0,0,0,0,14,0,0,12,0,0,completed
7784,U7784,2025-04-19 21:01:00,2025-04-19 21:04:00,M,30~39,office,seoul,1,0,0,0,18,0,0,38,0,0,completed
7785,U7785,2025-08-23 17:42:00,2025-08-23 17:46:00,M,50+,office,seoul,1,0,0,0,23,0,0,49,0,0,completed
7786,U7786,2025-11-22 11:05:00,2025-11-22 11:08:00,M,30~39,office,seoul,1,0,0,0,13,0,0,30,0,0,abandoned
7787,U7787,2025-09-03 08:38:00,2025-09-03 08:44:00,F,20~29,office,seoul,0,0,0,0,15,0,0,55,0,0,completed
7788,U7788,2025-01-18 14:07:00,2025-01-18 14:14:00,M,20~29,office,seoul,1,0,0,0,19,0,0,63,0,0,completed
7789,U7789,2025-06-05 08:49:00,2025-06-05 08:53:00,M,30~39,office,seoul,0,0,0,0,9,0,0,38,0,0,completed
7790,U7790,2025-05-04 15:28:00,2025-05-04 15:34:00,M,40~49,office,seoul,1,0,0,0,0,0,0,61,0,0,completed
7791,U7791,2025-09-27 15:39:00,2025-09-27 15:41:00,F,50+,office,seoul,1,0,0,0,0,0,0,75,0,1,completed
7792,U7792,2025-06-19 15:32:00,2025-06-19 15:39:00,F,20~29,office,seoul,0,0,0,0,0,0,0,61,0,0,completed
7793,U7793,2025-03-29 12:49:00,2025-03-29 12:53:00,F,20~29,office,seoul,1,0,0,0,0,0,0,61,0,0,completed
7794,U7794,2025-01-17 09:02:00,2025-01-17 09:09:00,F,20~29,office,seoul,0,0,0,0,26,0,0,79,0,0,completed
7795,U7795,2025-07-31 09:36:00,2025-07-31 09:39:00,M,20~29,office,seoul,0,0,0,0,23,0,0,49,0,0,completed
7796,U7796,2025-07-08 22:39:00,2025-07-08 22:45:00,M,30~39,office,seoul,0,0,0,0,18,0,0,13,0,0,abandoned
7797,U7797,2025-05-28 09:58:00,2025-05-28 10:04:00,F,30~39,office,seoul,0,0,0,0,18,0,0,49,0,0,completed
7798,U7798,2025-05-25 20:33:00,2025-05-25 20:36:00,M,20~29,office,seoul,1,0,0,0,22,0,0,74,0,0,completed
7799,U7799,2025-04-12 20:21:00,2025-04-12 20:28:00,F,30~39,office,seoul,1,0,0,0,25,0,0,75,0,0,completed
7800,U7800,2025-04-19 09:30:00,2025-04-19 09:35:00,F,40~49,office,seoul,1,0,0,0,23,0,0,22,0,0,completed
7801,U7801,2025-02-06 09:08:00,2025-02-06 09:12:00,M,30~39,office,seoul,0,0,0,0,18,0,0,20,0,0,completed
7802,U7802,2025-05-14 08:07:00,2025-05-14 08:11:00,M,50+,office,seoul,0,0,0,0,22,0,0,74,1,0,completed
7803,U7803,2025-03-29 17:19:00,2025-03-29 17:22:00,M,20~29,office,seoul,1,0,0,0,22,0,0,65,0,0,error
7804,U7804,2025-12-27 09:21:00,2025-12-27 09:25:00,F,30~39,office,seoul,1,0,0,0,6,0,0,37,0,0,completed
7805,U7805,2025-03-05 16:41:00,2025-03-05 16:46:00,M,30~39,office,seoul,0,0,0,0,29,0,0,26,0,0,completed
7806,U7806,2025-10-21 12:29:00,2025-10-21 12:32:00,F,30~39,office,seoul,0,0,0,0,15,0,0,32,0,0,completed
7807,U7807,2025-03-07 17:37:00,2025-03-07 17:39:00,F,20~29,office,seoul,0,0,0,0,4,0,0,72,0,0,completed
7808,U7808,2025-07-08 07:06:00,2025-07-08 07:09:00,F,20~29,office,seoul,0,0,0,0,8,0,0,78,0,0,completed
7809,U7809,2025-07-01 15:37:00,2025-07-01 15:43:00,F,20~29,office,seoul,0,0,0,0,3,0,0,41,0,0,completed
7810,U7810,2025-05-06 14:53:00,2025-05-06 14:59:00,M,30~39,office,seoul,0,0,0,0,23,0,0,16,0,0,completed
7811,U7811,2025-04-01 13:37:00,2025-04-01 13:41:00,M,20~29,office,seoul,0,0,0,0,19,0,0,31,0,0,completed
7812,U7812,2025-11-24 17:50:00,2025-11-24 17:57:00,M,20~29,office,seoul,0,0,0,0,29,0,0,21,0,0,completed
7813,U7813,2025-02-16 16:29:00,2025-02-16 16:31:00,F,30~39,office,seoul,1,0,0,0,1,0,0,63,0,0,abandoned
7814,U7814,2025-09-05 15:34:00,2025-09-05 15:40:00,M,20~29,office,seoul,0,0,0,0,9,0,0,12,0,0,abandoned
7815,U7815,2025-09-01 16:42:00,2025-09-01 16:44:00,F,20~29,office,seoul,0,0,0,0,24,0,0,28,0,0,completed
7816,U7816,2025-12-12 13:32:00,2025-12-12 13:38:00,F,30~39,office,seoul,0,0,0,0,19,0,0,76,0,0,completed
7817,U7817,2025-07-29 09:18:00,2025-07-29 09:25:00,F,30~39,office,seoul,0,0,0,0,21,0,0,31,0,0,completed
7818,U7818,2025-10-13 14:45:00,2025-10-13 14:52:00,M,50+,office,seoul,0,0,0,0,6,0,0,61,1,0,completed
7819,U7819,2025-12-19 21:36:00,2025-12-19 21:38:00,F,20~29,office,seoul,0,0,0,0,15,0,0,64,0,0,completed
7820,U7820,2025-12-20 17:20:00,2025-12-20 17:24:00,F,20~29,office,seoul,1,0,0,0,6,0,0,49,0,0,completed
7821,U7821,2025-11-22 17:12:00,2025-11-22 17:18:00,F,30~39,office,seoul,1,0,0,0,14,0,0,39,0,0,completed
7822,U7822,2025-09-27 18:18:00,2025-09-27 18:22:00,F,50+,office,seoul,1,0,0,0,28,0,0,24,0,0,completed
7823,U7823,2025-01-27 16:44:00,2025-01-27 16:47:00,M,40~49,office,seoul,0,0,0,0,29,0,0,75,0,0,completed
7824,U7824,2025-07-04 07:32:00,2025-07-04 07:34:00,M,20~29,office,seoul,0,0,0,0,26,0,0,37,0,0,completed
7825,U7825,2025-09-06 22:45:00,2025-09-06 22:50:00,M,40~49,office,seoul,1,0,0,0,2,0,0,28,0,0,completed
7826,U7826,2025-02-17 14:41:00,2025-02-17 14:44:00,M,50+,office,seoul,0,0,0,0,26,0,0,61,0,0,completed
7827,U7827,2025-06-01 08:54:00,2025-06-01 08:57:00,M,30~39,office,seoul,1,0,0,0,25,0,0,59,0,0,abandoned
7828,U7828,2025-04-15 12:18:00,2025-04-15 12:22:00,M,20~29,office,seoul,0,0,0,0,6,0,0,19,0,0,completed
7829,U7829,2025-04-20 13:50:00,2025-04-20 13:53:00,F,40~49,office,seoul,1,0,0,0,21,0,0,15,0,0,completed
7830,U7830,2025-02-25 12:30:00,2025-02-25 12:35:00,F,40~49,office,seoul,0,0,0,0,23,0,0,12,0,0,completed
7831,U7831,2025-01-08 19:05:00,2025-01-08 19:09:00,F,20~29,office,seoul,0,0,0,0,21,0,0,15,0,0,completed
7832,U7832,2025-05-02 09:45:00,2025-05-02 09:48:00,F,20~29,office,seoul,0,0,0,0,11,0,0,73,0,0,completed
7833,U7833,2025-09-11 11:33:00,2025-09-11 11:39:00,F,30~39,office,seoul,0,0,0,0,10,0,0,69,0,0,completed
7834,U7834,2025-11-02 14:20:00,2025-11-02 14:22:00,F,50+,office,seoul,1,0,0,0,20,0,0,62,0,0,completed
7835,U7835,2025-03-24 21:03:00,2025-03-24 21:06:00,M,30~39,office,seoul,0,0,0,0,25,0,0,63,0,0,completed
7836,U7836,2025-01-26 08:50:00,2025-01-26 08:52:00,F,30~39,office,seoul,1,0,0,0,9,0,0,39,0,0,completed
7837,U7837,2025-01-24 14:37:00,2025-01-24 14:39:00,M,20~29,office,seoul,0,0,0,0,8,0,0,15,0,0,completed
7838,U7838,2025-12-22 08:22:00,2025-12-22 08:24:00,M,20~29,office,seoul,0,0,0,0,6,0,0,46,0,0,completed
7839,U7839,2025-04-27 11:43:00,2025-04-27 11:49:00,F,20~29,office,seoul,1,0,0,0,0,0,0,60,0,0,completed
7840,U7840,2025-05-05 15:49:00,2025-05-05 15:52:00,M,20~29,office,seoul,0,0,0,0,13,0,0,11,0,0,completed
7841,U7841,2025-03-30 12:48:00,2025-03-30 12:50:00,M,40~49,office,seoul,1,0,0,0,7,0,0,60,0,0,completed
7842,U7842,2025-10-13 09:20:00,2025-10-13 09:26:00,F,40~49,office,seoul,0,0,0,0,7,0,0,77,1,0,completed
7843,U7843,2025-08-08 12:14:00,2025-08-08 12:18:00,F,30~39,office,seoul,0,0,0,0,26,0,0,15,0,0,completed
7844,U7844,2025-01-30 14:53:00,2025-01-30 14:59:00,F,40~49,office,seoul,0,0,0,0,4,0,0,71,0,0,completed
7845,U7845,2025-10-14 11:58:00,2025-10-14 12:01:00,M,20~29,office,seoul,0,0,0,0,0,0,0,74,0,0,completed
7846,U7846,2025-12-20 17:31:00,2025-12-20 17:33:00,M,40~49,office,seoul,1,0,0,0,23,0,0,57,0,0,completed
7847,U7847,2025-08-26 14:53:00,2025-08-26 14:58:00,M,20~29,office,seoul,0,0,0,0,10,0,0,18,0,0,completed
7848,U7848,2025-02-07 11:22:00,2025-02-07 11:26:00,F,40~49,office,seoul,0,0,0,0,1,0,0,46,0,0,completed
7849,U7849,2025-03-26 09:26:00,2025-03-26 09:29:00,F,30~39,office,seoul,0,0,0,0,10,0,0,19,0,1,completed
7850,U7850,2025-05-21 12:29:00,2025-05-21 12:31:00,F,20~29,office,seoul,0,0,0,0,7,0,0,27,0,0,completed
7851,U7851,2025-12-05 14:19:00,2025-12-05 14:24:00,F,20~29,office,seoul,0,0,0,0,5,0,0,59,0,0,timeout
7852,U7852,2025-06-30 13:43:00,2025-06-30 13:45:00,F,20~29,office,seoul,0,0,0,0,6,0,0,54,0,0,completed
7853,U7853,2025-09-28 15:25:00,2025-09-28 15:27:00,F,40~49,office,seoul,1,0,0,0,4,0,0,67,0,0,completed
7854,U7854,2025-02-20 15:19:00,2025-02-20 15:23:00,M,30~39,office,seoul,0,0,0,0,10,0,0,57,0,0,completed
7855,U7855,2025-09-25 19:42:00,2025-09-25 19:49:00,M,20~29,office,seoul,0,0,0,0,2,0,0,10,0,0,completed
7856,U7856,2025-03-04 20:02:00,2025-03-04 20:08:00,M,30~39,office,seoul,0,0,0,0,19,0,0,24,0,0,completed
7857,U7857,2025-12-09 14:38:00,2025-12-09 14:42:00,F,30~39,office,seoul,0,0,0,0,21,0,0,40,0,0,completed
7858,U7858,2025-03-12 15:54:00,2025-03-12 15:59:00,M,40~49,office,seoul,0,0,0,0,5,0,0,45,0,0,completed
7859,U7859,2025-07-24 19:48:00,2025-07-24 19:51:00,M,20~29,office,seoul,0,0,0,0,13,0,0,69,0,0,completed
7860,U7860,2025-04-24 09:12:00,2025-04-24 09:14:00,F,30~39,office,seoul,0,0,0,0,19,0,0,28,0,0,completed
7861,U7861,2025-05-29 15:20:00,2025-05-29 15:23:00,F,50+,office,seoul,0,0,0,0,29,0,0,52,0,0,completed
7862,U7862,2025-05-17 16:22:00,2025-05-17 16:27:00,M,50+,office,seoul,1,0,0,0,18,0,0,67,0,0,completed
7863,U7863,2025-04-04 09:34:00,2025-04-04 09:36:00,F,30~39,office,seoul,0,0,0,0,4,0,0,11,0,0,completed
7864,U7864,2025-12-04 12:51:00,2025-12-04 12:55:00,F,30~39,office,seoul,0,0,0,0,15,0,0,69,0,0,completed
7865,U7865,2025-10-21 16:18:00,2025-10-21 16:21:00,M,40~49,office,seoul,0,0,0,0,11,0,0,55,0,0,completed
7866,U7866,2025-12-21 20:27:00,2025-12-21 20:33:00,F,20~29,office,seoul,1,0,0,0,19,0,0,41,0,0,completed
7867,U7867,2025-12-05 20:10:00,2025-12-05 20:13:00,F,40~49,office,seoul,0,0,0,0,21,0,0,62,0,0,completed
7868,U7868,2025-03-12 11:38:00,2025-03-12 11:43:00,F,20~29,office,seoul,0,0,0,0,7,0,0,73,1,0,completed
7869,U7869,2025-04-24 12:14:00,2025-04-24 12:18:00,M,20~29,office,seoul,0,0,0,0,15,0,0,50,0,0,completed
7870,U7870,2025-10-22 14:48:00,2025-10-22 14:53:00,M,50+,office,seoul,0,0,0,0,3,0,0,76,0,0,abandoned
7871,U7871,2025-01-28 12:48:00,2025-01-28 12:53:00,M,20~29,office,seoul,0,0,0,0,3,0,0,76,0,0,completed
7872,U7872,2025-04-03 12:29:00,2025-04-03 12:33:00,M,20~29,office,seoul,0,0,0,0,6,0,0,68,0,0,completed
7873,U7873,2025-07-12 15:15:00,2025-07-12 15:19:00,F,20~29,office,seoul,1,0,0,0,0,0,0,26,0,0,abandoned
7874,U7874,2025-05-29 16:45:00,2025-05-29 16:47:00,F,30~39,office,seoul,0,0,0,0,11,0,0,22,0,0,completed
7875,U7875,2025-04-29 08:17:00,2025-04-29 08:21:00,F,20~29,office,seoul,0,0,0,0,12,0,0,79,0,0,completed
7876,U7876,2025-12-05 13:50:00,2025-12-05 13:54:00,M,50+,office,seoul,0,0,0,0,18,0,0,31,0,0,completed
7877,U7877,2025-09-14 08:05:00,2025-09-14 08:11:00,F,20~29,office,seoul,1,0,0,0,10,0,0,13,1,0,completed
7878,U7878,2025-08-29 19:01:00,2025-08-29 19:07:00,M,20~29,office,seoul,0,0,0,0,25,0,0,31,0,0,error
7879,U7879,2025-12-05 18:20:00,2025-12-05 18:23:00,F,50+,office,seoul,0,0,0,0,0,0,0,42,0,0,abandoned
7880,U7880,2025-11-15 08:35:00,2025-11-15 08:41:00,F,30~39,office,seoul,1,0,0,0,5,0,0,46,0,0,completed
7881,U7881,2025-05-08 22:06:00,2025-05-08 22:13:00,M,20~29,office,seoul,0,0,0,0,28,0,0,43,0,0,completed
7882,U7882,2025-10-31 15:40:00,2025-10-31 15:43:00,F,40~49,office,seoul,0,0,0,0,17,0,0,23,0,0,error
7883,U7883,2025-03-10 15:03:00,2025-03-10 15:05:00,M,50+,office,seoul,0,0,0,0,10,0,0,38,0,1,abandoned
7884,U7884,2025-10-10 12:12:00,2025-10-10 12:18:00,M,30~39,office,seoul,0,0,0,0,5,0,0,77,0,0,completed
7885,U7885,2025-03-31 14:24:00,2025-03-31 14:30:00,F,30~39,office,seoul,0,0,0,0,12,0,0,46,0,0,completed
7886,U7886,2025-09-13 12:03:00,2025-09-13 12:09:00,F,40~49,office,seoul,1,0,0,0,23,0,0,15,0,0,completed
7887,U7887,2025-03-16 18:29:00,2025-03-16 18:32:00,M,40~49,office,seoul,1,0,0,0,16,0,0,62,0,1,completed
7888,U7888,2025-01-15 12:54:00,2025-01-15 13:01:00,F,20~29,office,seoul,0,0,0,0,10,0,0,21,0,0,completed
7889,U7889,2025-02-24 13:38:00,2025-02-24 13:40:00,F,50+,office,seoul,0,0,0,0,16,0,0,62,1,0,completed
7890,U7890,2025-06-25 15:00:00,2025-06-25 15:05:00,F,20~29,office,seoul,0,0,0,0,24,0,0,10,0,0,abandoned
7891,U7891,2025-12-15 13:46:00,2025-12-15 13:49:00,F,50+,office,seoul,0,0,0,0,28,0,0,66,0,0,completed
7892,U7892,2025-06-17 16:14:00,2025-06-17 16:20:00,F,40~49,office,seoul,0,0,0,0,4,0,0,28,1,0,completed
7893,U7893,2025-11-19 15:38:00,2025-11-19 15:45:00,M,20~29,office,seoul,0,0,0,0,10,0,0,77,0,0,completed
7894,U7894,2025-05-05 13:33:00,2025-05-05 13:38:00,M,50+,office,seoul,0,0,0,0,27,0,0,19,0,0,completed
7895,U7895,2025-07-19 14:49:00,2025-07-19 14:52:00,F,20~29,office,seoul,1,0,0,0,2,0,0,72,0,0,completed
7896,U7896,2025-07-06 08:10:00,2025-07-06 08:14:00,F,50+,office,seoul,1,0,0,0,26,0,0,65,0,0,completed
7897,U7897,2025-02-14 11:04:00,2025-02-14 11:11:00,M,40~49,office,seoul,0,0,0,0,4,0,0,53,0,0,abandoned
7898,U7898,2025-09-22 09:46:00,2025-09-22 09:50:00,F,20~29,office,seoul,0,0,0,0,11,0,0,33,0,0,completed
7899,U7899,2025-02-10 13:13:00,2025-02-10 13:16:00,F,20~29,office,seoul,0,0,0,0,16,0,0,77,0,0,completed
7900,U7900,2025-11-04 15:40:00,2025-11-04 15:44:00,F,20~29,office,seoul,0,0,0,0,27,0,0,35,0,0,completed
7901,U7901,2025-06-16 13:53:00,2025-06-16 14:00:00,F,50+,office,seoul,0,0,0,0,2,0,0,67,0,0,completed
7902,U7902,2025-04-26 08:40:00,2025-04-26 08:43:00,F,40~49,office,seoul,1,0,0,0,18,0,0,62,0,0,completed
7903,U7903,2025-12-19 17:47:00,2025-12-19 17:49:00,F,20~29,office,seoul,0,0,0,0,11,0,0,61,0,0,completed
7904,U7904,2025-03-05 16:37:00,2025-03-05 16:42:00,F,30~39,office,seoul,0,0,0,0,18,0,0,32,0,0,completed
7905,U7905,2025-07-29 16:35:00,2025-07-29 16:42:00,F,30~39,office,seoul,0,0,0,0,3,0,0,12,0,0,completed
7906,U7906,2025-05-18 19:21:00,2025-05-18 19:25:00,M,20~29,office,seoul,1,0,0,0,5,0,0,65,0,0,abandoned
7907,U7907,2025-07-27 21:27:00,2025-07-27 21:34:00,F,30~39,office,seoul,1,0,0,0,3,0,0,43,0,0,abandoned
7908,U7908,2025-03-08 08:57:00,2025-03-08 09:04:00,F,40~49,office,seoul,1,0,0,0,15,0,0,77,0,0,completed
7909,U7909,2025-03-01 15:14:00,2025-03-01 15:21:00,F,20~29,office,seoul,1,0,0,0,13,0,0,47,0,0,completed
7910,U7910,2025-07-27 16:37:00,2025-07-27 16:41:00,F,50+,office,seoul,1,0,0,0,14,0,0,39,0,0,completed
7911,U7911,2025-01-23 22:08:00,2025-01-23 22:14:00,M,30~39,office,seoul,0,0,0,0,8,0,0,25,0,0,completed
7912,U7912,2025-12-18 14:31:00,2025-12-18 14:34:00,F,30~39,office,seoul,0,0,0,0,6,0,0,21,0,0,error
7913,U7913,2025-01-23 09:05:00,2025-01-23 09:11:00,F,20~29,office,seoul,0,0,0,0,28,0,0,39,0,0,completed
7914,U7914,2025-05-12 17:09:00,2025-05-12 17:12:00,F,50+,office,seoul,0,0,0,0,9,0,0,71,1,0,completed
7915,U7915,2025-08-02 15:22:00,2025-08-02 15:28:00,M,40~49,office,seoul,1,0,0,0,29,0,0,64,0,0,completed
7916,U7916,2025-03-30 16:27:00,2025-03-30 16:34:00,M,20~29,office,seoul,1,0,0,0,29,0,0,10,0,0,completed
7917,U7917,2025-09-25 16:47:00,2025-09-25 16:53:00,F,40~49,office,seoul,0,0,0,0,29,0,0,48,0,0,completed
7918,U7918,2025-11-03 09:05:00,2025-11-03 09:08:00,M,40~49,office,seoul,0,0,0,0,0,0,0,55,0,0,abandoned
7919,U7919,2025-09-08 13:10:00,2025-09-08 13:15:00,M,30~39,office,seoul,0,0,0,0,9,0,0,49,0,0,completed
7920,U7920,2025-04-10 18:14:00,2025-04-10 18:18:00,M,30~39,office,seoul,0,0,0,0,16,0,0,63,0,0,completed
7921,U7921,2025-11-29 14:16:00,2025-11-29 14:19:00,M,30~39,office,seoul,1,0,0,0,9,0,0,11,0,0,completed
7922,U7922,2025-09-28 18:43:00,2025-09-28 18:45:00,F,30~39,office,seoul,1,0,0,0,29,0,0,12,0,0,completed
7923,U7923,2025-09-07 12:27:00,2025-09-07 12:30:00,F,50+,office,seoul,1,0,0,0,6,0,0,30,0,1,completed
7924,U7924,2025-07-04 12:29:00,2025-07-04 12:32:00,F,20~29,office,seoul,0,0,0,0,1,0,0,17,0,0,abandoned
7925,U7925,2025-05-11 08:44:00,2025-05-11 08:49:00,F,30~39,office,seoul,1,0,0,0,13,0,0,15,0,0,completed
7926,U7926,2025-01-29 14:55:00,2025-01-29 15:01:00,M,50+,office,seoul,0,0,0,0,6,0,0,16,0,0,completed
7927,U7927,2025-11-17 16:20:00,2025-11-17 16:24:00,F,30~39,office,seoul,0,0,0,0,21,0,0,32,0,0,completed
7928,U7928,2025-10-29 07:05:00,2025-10-29 07:08:00,M,40~49,office,seoul,0,0,0,0,21,0,0,57,0,0,completed
7929,U7929,2025-12-14 19:12:00,2025-12-14 19:14:00,F,20~29,office,seoul,1,0,0,0,11,0,0,36,0,0,abandoned
7930,U7930,2025-07-03 17:59:00,2025-07-03 18:06:00,M,30~39,office,seoul,0,0,0,0,12,0,0,60,0,0,completed
7931,U7931,2025-03-10 13:40:00,2025-03-10 13:46:00,F,20~29,office,seoul,0,0,0,0,0,0,0,55,0,0,error
7932,U7932,2025-10-29 19:27:00,2025-10-29 19:29:00,F,20~29,office,seoul,0,0,0,0,17,0,0,54,1,0,completed
7933,U7933,2025-03-27 11:46:00,2025-03-27 11:53:00,F,50+,office,seoul,0,0,0,0,18,0,0,73,1,0,completed
7934,U7934,2025-10-31 12:33:00,2025-10-31 12:35:00,M,20~29,office,seoul,0,0,0,0,1,0,0,60,0,0,completed
7935,U7935,2025-04-02 15:39:00,2025-04-02 15:41:00,F,20~29,office,seoul,0,0,0,0,1,0,0,27,0,0,error
7936,U7936,2025-03-16 14:14:00,2025-03-16 14:18:00,M,30~39,office,seoul,1,0,0,0,1,0,0,79,0,0,abandoned
7937,U7937,2025-07-15 18:20:00,2025-07-15 18:25:00,F,20~29,office,seoul,0,0,0,0,29,0,0,67,0,0,completed
7938,U7938,2025-07-09 07:41:00,2025-07-09 07:48:00,M,30~39,office,seoul,0,0,0,0,29,0,0,46,0,0,completed
7939,U7939,2025-04-15 12:13:00,2025-04-15 12:18:00,F,20~29,office,seoul,0,0,0,0,0,0,0,25,0,0,completed
7940,U7940,2025-04-09 12:16:00,2025-04-09 12:18:00,M,30~39,office,seoul,0,0,0,0,24,0,0,62,0,0,completed
7941,U7941,2025-04-07 22:49:00,2025-04-07 22:54:00,M,20~29,office,seoul,0,0,0,0,7,0,0,19,0,0,abandoned
7942,U7942,2025-06-29 15:18:00,2025-06-29 15:22:00,M,50+,office,seoul,1,0,0,0,23,0,0,32,0,0,completed
7943,U7943,2025-09-06 18:52:00,2025-09-06 18:58:00,F,20~29,office,seoul,1,0,0,0,12,0,0,46,0,0,completed
7944,U7944,2025-09-16 12:59:00,2025-09-16 13:06:00,F,20~29,office,seoul,0,0,0,0,17,0,0,11,0,0,timeout
7945,U7945,2025-05-06 22:19:00,2025-05-06 22:26:00,F,30~39,office,seoul,0,0,0,0,20,0,0,45,0,0,completed
7946,U7946,2025-12-29 09:51:00,2025-12-29 09:54:00,M,20~29,office,seoul,0,0,0,0,27,0,0,65,0,0,completed
7947,U7947,2025-02-21 12:09:00,2025-02-21 12:15:00,M,20~29,office,seoul,0,0,0,0,14,0,0,40,0,0,completed
7948,U7948,2025-08-03 08:21:00,2025-08-03 08:26:00,M,30~39,office,seoul,1,0,0,0,21,0,0,73,0,0,completed
7949,U7949,2025-07-27 13:16:00,2025-07-27 13:21:00,F,40~49,office,seoul,1,0,0,0,15,0,0,53,0,0,completed
7950,U7950,2025-10-08 17:52:00,2025-10-08 17:54:00,F,30~39,office,seoul,0,0,0,0,9,0,0,29,0,0,completed
7951,U7951,2025-07-22 18:17:00,2025-07-22 18:22:00,F,30~39,office,seoul,0,0,0,0,13,0,0,77,0,0,completed
7952,U7952,2025-03-27 08:03:00,2025-03-27 08:09:00,M,20~29,office,seoul,0,0,0,0,23,0,0,72,0,0,completed
7953,U7953,2025-01-08 17:05:00,2025-01-08 17:12:00,F,30~39,office,seoul,0,0,0,0,29,0,0,59,0,0,completed
7954,U7954,2025-06-29 07:19:00,2025-06-29 07:21:00,F,20~29,office,seoul,1,0,0,0,1,0,0,32,0,0,completed
7955,U7955,2025-06-14 12:48:00,2025-06-14 12:50:00,M,30~39,office,seoul,1,0,0,0,7,0,0,39,0,0,abandoned
7956,U7956,2025-08-21 16:37:00,2025-08-21 16:41:00,F,30~39,office,seoul,0,0,0,0,24,0,0,66,0,0,completed
7957,U7957,2025-04-04 09:19:00,2025-04-04 09:25:00,M,20~29,office,seoul,0,0,0,0,27,0,0,42,0,0,abandoned
7958,U7958,2025-05-25 19:49:00,2025-05-25 19:53:00,M,40~49,office,seoul,1,0,0,0,0,0,0,53,0,0,completed
7959,U7959,2025-09-30 22:27:00,2025-09-30 22:33:00,F,50+,office,seoul,0,0,0,0,23,0,0,34,0,0,completed
7960,U7960,2025-08-24 16:52:00,2025-08-24 16:57:00,F,30~39,office,seoul,1,0,0,0,27,0,0,47,0,0,completed
7961,U7961,2025-09-25 20:22:00,2025-09-25 20:28:00,F,20~29,office,seoul,0,0,0,0,18,0,0,17,0,0,completed
7962,U7962,2025-05-24 08:05:00,2025-05-24 08:07:00,F,30~39,office,seoul,1,0,0,0,14,0,0,15,0,0,completed
7963,U7963,2025-08-07 16:24:00,2025-08-07 16:31:00,F,20~29,office,seoul,0,0,0,0,15,0,0,71,0,0,completed
7964,U7964,2025-08-26 09:59:00,2025-08-26 10:02:00,F,50+,office,seoul,0,0,0,0,29,0,0,32,1,0,completed
7965,U7965,2025-11-05 13:26:00,2025-11-05 13:30:00,M,50+,office,seoul,0,0,0,0,6,0,0,49,0,0,completed
7966,U7966,2025-08-15 09:35:00,2025-08-15 09:40:00,F,30~39,office,seoul,0,0,0,0,28,0,0,40,0,0,completed
7967,U7967,2025-04-26 14:47:00,2025-04-26 14:54:00,F,20~29,office,seoul,1,0,0,0,4,0,0,47,0,0,completed
7968,U7968,2025-08-23 12:30:00,2025-08-23 12:35:00,F,30~39,office,seoul,1,0,0,0,12,0,0,43,0,0,completed
7969,U7969,2025-11-01 15:59:00,2025-11-01 16:02:00,F,20~29,office,seoul,1,0,0,0,1,0,0,77,0,0,completed
7970,U7970,2025-03-03 11:05:00,2025-03-03 11:08:00,M,20~29,office,seoul,0,0,0,0,6,0,0,77,0,0,abandoned
7971,U7971,2025-04-06 13:30:00,2025-04-06 13:33:00,F,20~29,office,seoul,1,0,0,0,5,0,0,45,0,0,completed
7972,U7972,2025-04-04 19:58:00,2025-04-04 20:01:00,F,40~49,office,seoul,0,0,0,0,14,0,0,18,0,0,abandoned
7973,U7973,2025-06-28 12:40:00,2025-06-28 12:47:00,F,40~49,office,seoul,1,0,0,0,0,0,0,38,0,0,timeout
7974,U7974,2025-06-08 17:00:00,2025-06-08 17:07:00,F,20~29,office,seoul,1,0,0,0,2,0,0,74,0,0,completed
7975,U7975,2025-02-07 14:13:00,2025-02-07 14:19:00,F,20~29,office,seoul,0,0,0,0,28,0,0,58,0,0,error
7976,U7976,2025-01-22 11:40:00,2025-01-22 11:46:00,F,40~49,office,seoul,0,0,0,0,25,0,0,38,0,0,completed
7977,U7977,2025-07-21 12:53:00,2025-07-21 12:57:00,M,50+,office,seoul,0,0,0,0,7,0,0,58,0,0,completed
7978,U7978,2025-11-08 19:48:00,2025-11-08 19:51:00,F,50+,office,seoul,1,0,0,0,13,0,0,18,0,0,completed
7979,U7979,2025-07-18 11:14:00,2025-07-18 11:20:00,M,20~29,office,seoul,0,0,0,0,16,0,0,62,0,0,completed
7980,U7980,2025-08-17 09:32:00,2025-08-17 09:38:00,F,20~29,office,seoul,1,0,0,0,26,0,0,42,0,0,completed
7981,U7981,2025-01-24 19:34:00,2025-01-24 19:38:00,F,50+,office,seoul,0,0,0,0,23,0,0,55,0,0,completed
7982,U7982,2025-04-18 09:14:00,2025-04-18 09:21:00,M,20~29,office,seoul,0,0,0,0,0,0,0,49,0,0,abandoned
7983,U7983,2025-01-24 11:14:00,2025-01-24 11:19:00,F,50+,office,seoul,0,0,0,0,11,0,0,37,0,0,completed
7984,U7984,2025-04-08 14:42:00,2025-04-08 14:47:00,M,30~39,office,seoul,0,0,0,0,11,0,0,36,0,0,completed
7985,U7985,2025-10-23 16:54:00,2025-10-23 17:00:00,F,20~29,office,seoul,0,0,0,0,11,0,0,35,0,0,completed
7986,U7986,2025-12-25 15:19:00,2025-12-25 15:23:00,M,20~29,office,seoul,0,0,0,0,7,0,0,40,0,0,completed
7987,U7987,2025-02-11 09:58:00,2025-02-11 10:02:00,F,50+,office,seoul,0,0,0,0,11,0,0,56,0,0,completed
7988,U7988,2025-04-08 14:46:00,2025-04-08 14:50:00,M,30~39,office,seoul,0,0,0,0,16,0,0,11,0,0,completed
7989,U7989,2025-08-29 15:27:00,2025-08-29 15:33:00,F,30~39,office,seoul,0,0,0,0,29,0,0,53,0,0,completed
7990,U7990,2025-12-09 11:30:00,2025-12-09 11:34:00,M,50+,office,seoul,0,0,0,0,18,0,0,60,0,0,completed
7991,U7991,2025-12-03 15:36:00,2025-12-03 15:41:00,F,50+,office,seoul,0,0,0,0,4,0,0,63,0,0,completed
7992,U7992,2025-10-07 08:48:00,2025-10-07 08:53:00,F,20~29,office,seoul,0,0,0,0,9,0,0,30,0,0,completed
7993,U7993,2025-05-19 14:49:00,2025-05-19 14:51:00,F,30~39,office,seoul,0,0,0,0,16,0,0,22,0,0,abandoned
7994,U7994,2025-03-04 18:51:00,2025-03-04 18:58:00,M,30~39,office,seoul,0,0,0,0,9,0,0,36,0,0,completed
7995,U7995,2025-12-08 15:34:00,2025-12-08 15:40:00,F,20~29,office,seoul,0,0,0,0,1,0,0,24,0,0,completed
7996,U7996,2025-05-19 18:29:00,2025-05-19 18:35:00,F,30~39,office,seoul,0,0,0,0,20,0,0,77,0,0,completed
7997,U7997,2025-09-12 19:35:00,2025-09-12 19:42:00,F,40~49,office,seoul,0,0,0,0,28,0,0,25,0,0,completed
7998,U7998,2025-02-20 18:14:00,2025-02-20 18:16:00,F,20~29,office,seoul,0,0,0,0,22,0,0,66,0,0,completed
7999,U7999,2025-06-04 17:11:00,2025-06-04 17:17:00,F,40~49,office,seoul,0,0,0,0,4,0,0,39,0,0,completed
8000,U8000,2025-08-05 09:37:00,2025-08-05 09:44:00,M,20~29,office,seoul,0,0,0,0,18,0,0,14,0,0,completed
8001,U8001,2025-04-03 17:02:00,2025-04-03 17:07:00,F,50+,office,seoul,0,0,0,0,28,0,0,53,0,0,completed
8002,U8002,2025-06-29 18:42:00,2025-06-29 18:48:00,F,30~39,office,seoul,1,0,0,0,11,0,0,51,0,0,completed
8003,U8003,2025-02-26 15:52:00,2025-02-26 15:56:00,F,20~29,office,seoul,0,0,0,0,24,0,0,21,0,0,completed
8004,U8004,2025-05-13 18:12:00,2025-05-13 18:16:00,F,20~29,office,seoul,0,0,0,0,27,0,0,37,0,0,abandoned
8005,U8005,2025-05-06 19:59:00,2025-05-06 20:02:00,F,30~39,office,seoul,0,0,0,0,5,0,0,65,0,0,completed
8006,U8006,2025-12-05 09:52:00,2025-12-05 09:59:00,F,30~39,office,seoul,0,0,0,0,28,0,0,75,0,0,abandoned
8007,U8007,2025-04-21 07:41:00,2025-04-21 07:46:00,F,20~29,office,seoul,0,0,0,0,14,0,0,25,0,0,timeout
8008,U8008,2025-08-06 09:25:00,2025-08-06 09:32:00,F,20~29,office,seoul,0,0,0,0,17,0,0,29,0,0,completed
8009,U8009,2025-08-06 08:01:00,2025-08-06 08:05:00,M,30~39,office,seoul,0,0,0,0,29,0,0,43,0,0,completed
8010,U8010,2025-09-21 13:50:00,2025-09-21 13:52:00,F,20~29,office,seoul,1,0,0,0,6,0,0,30,0,0,completed
8011,U8011,2025-07-17 17:50:00,2025-07-17 17:52:00,M,40~49,office,seoul,0,0,0,0,5,0,0,66,1,0,completed
8012,U8012,2025-11-17 14:09:00,2025-11-17 14:12:00,M,30~39,office,seoul,0,0,0,0,17,0,0,35,0,0,completed
8013,U8013,2025-09-19 19:20:00,2025-09-19 19:25:00,F,20~29,office,seoul,0,0,0,0,25,0,0,74,0,0,completed
8014,U8014,2025-10-31 14:52:00,2025-10-31 14:54:00,M,20~29,office,seoul,0,0,0,0,14,0,0,67,0,0,completed
8015,U8015,2025-03-04 12:38:00,2025-03-04 12:42:00,M,30~39,office,seoul,0,0,0,0,2,0,0,18,0,0,completed
8016,U8016,2025-07-04 20:19:00,2025-07-04 20:24:00,M,20~29,office,seoul,0,0,0,0,18,0,0,40,0,0,completed
8017,U8017,2025-08-07 14:15:00,2025-08-07 14:17:00,F,20~29,office,seoul,0,0,0,0,13,0,0,20,0,0,completed
8018,U8018,2025-11-27 16:17:00,2025-11-27 16:22:00,F,20~29,office,seoul,0,0,0,0,12,0,0,21,0,0,completed
8019,U8019,2025-07-07 17:03:00,2025-07-07 17:06:00,M,20~29,office,seoul,0,0,0,0,21,0,0,14,0,0,completed
8020,U8020,2025-03-25 09:04:00,2025-03-25 09:06:00,M,40~49,office,seoul,0,0,0,0,3,0,0,62,0,0,completed
8021,U8021,2025-03-09 07:55:00,2025-03-09 08:02:00,F,40~49,office,seoul,1,0,0,0,22,0,0,72,0,0,completed
8022,U8022,2025-10-03 18:11:00,2025-10-03 18:15:00,F,20~29,office,seoul,0,0,0,0,12,0,0,47,0,0,completed
8023,U8023,2025-04-04 08:24:00,2025-04-04 08:27:00,F,30~39,office,seoul,0,0,0,0,4,0,0,16,0,0,completed
8024,U8024,2025-10-22 18:54:00,2025-10-22 18:56:00,M,40~49,office,seoul,0,0,0,0,26,0,0,62,0,0,completed
8025,U8025,2025-05-11 20:08:00,2025-05-11 20:10:00,F,40~49,office,seoul,1,0,0,0,18,0,0,11,0,0,completed
8026,U8026,2025-09-14 12:18:00,2025-09-14 12:25:00,M,20~29,office,seoul,1,0,0,0,12,0,0,17,0,0,timeout
8027,U8027,2025-02-13 15:24:00,2025-02-13 15:31:00,F,30~39,office,seoul,0,0,0,0,1,0,0,33,0,0,completed
8028,U8028,2025-01-12 17:24:00,2025-01-12 17:29:00,F,50+,office,seoul,1,0,0,0,21,0,0,24,0,0,completed
8029,U8029,2025-12-12 20:17:00,2025-12-12 20:21:00,M,20~29,office,seoul,0,0,0,0,29,0,0,49,0,0,completed
8030,U8030,2025-11-09 13:16:00,2025-11-09 13:20:00,F,30~39,office,seoul,1,0,0,0,11,0,0,48,0,0,completed
8031,U8031,2025-08-11 12:35:00,2025-08-11 12:39:00,M,20~29,office,seoul,0,0,0,0,2,0,0,74,0,0,completed
8032,U8032,2025-12-15 17:41:00,2025-12-15 17:46:00,M,50+,office,seoul,0,0,0,0,21,0,0,71,0,0,completed
8033,U8033,2025-09-16 08:42:00,2025-09-16 08:48:00,F,40~49,office,seoul,0,0,0,0,2,0,0,20,0,0,completed
8034,U8034,2025-04-15 12:01:00,2025-04-15 12:07:00,F,20~29,office,seoul,0,0,0,0,9,0,0,48,0,0,completed
8035,U8035,2025-12-26 14:25:00,2025-12-26 14:27:00,M,40~49,office,seoul,0,0,0,0,6,0,0,77,0,0,completed
8036,U8036,2025-03-20 08:05:00,2025-03-20 08:09:00,F,40~49,office,seoul,0,0,0,0,21,0,0,49,0,0,completed
8037,U8037,2025-04-11 11:26:00,2025-04-11 11:29:00,M,50+,office,seoul,0,0,0,0,20,0,0,31,0,0,completed
8038,U8038,2025-04-04 11:51:00,2025-04-04 11:54:00,F,40~49,office,seoul,0,0,0,0,26,0,0,33,0,0,completed
8039,U8039,2025-09-18 14:46:00,2025-09-18 14:49:00,M,40~49,office,seoul,0,0,0,0,12,0,0,75,0,0,completed
8040,U8040,2025-08-23 19:12:00,2025-08-23 19:18:00,M,20~29,office,seoul,1,0,0,0,1,0,0,60,0,0,completed
8041,U8041,2025-08-04 07:11:00,2025-08-04 07:16:00,F,40~49,office,seoul,0,0,0,0,7,0,0,19,0,0,completed
8042,U8042,2025-05-26 09:38:00,2025-05-26 09:43:00,M,20~29,office,seoul,0,0,0,0,26,0,0,75,0,0,completed
8043,U8043,2025-10-26 20:39:00,2025-10-26 20:44:00,M,30~39,office,seoul,1,0,0,0,21,0,0,69,0,0,completed
8044,U8044,2025-12-03 18:26:00,2025-12-03 18:29:00,F,20~29,office,seoul,0,0,0,0,29,0,0,59,0,0,completed
8045,U8045,2025-01-10 09:27:00,2025-01-10 09:31:00,M,30~39,office,seoul,0,0,0,0,20,0,0,79,0,0,completed
8046,U8046,2025-03-12 15:13:00,2025-03-12 15:18:00,F,30~39,office,seoul,0,0,0,0,29,0,0,21,0,0,completed
8047,U8047,2025-11-16 14:55:00,2025-11-16 15:01:00,M,30~39,office,seoul,1,0,0,0,2,0,0,18,0,0,completed
8048,U8048,2025-05-31 15:31:00,2025-05-31 15:37:00,F,20~29,office,seoul,1,0,0,0,6,0,0,52,0,0,completed
8049,U8049,2025-08-21 09:05:00,2025-08-21 09:07:00,M,40~49,office,seoul,0,0,0,0,18,0,0,57,0,0,completed
8050,U8050,2025-06-04 13:38:00,2025-06-04 13:44:00,F,50+,office,seoul,0,0,0,0,16,0,0,43,0,0,completed
8051,U8051,2025-07-02 07:46:00,2025-07-02 07:53:00,M,30~39,office,seoul,0,0,0,0,16,0,0,37,0,0,completed
8052,U8052,2025-06-19 18:06:00,2025-06-19 18:10:00,M,50+,office,seoul,0,0,0,0,4,0,0,38,0,0,completed
8053,U8053,2025-01-23 08:03:00,2025-01-23 08:05:00,M,50+,office,seoul,0,0,0,0,1,0,0,65,0,0,completed
8054,U8054,2025-12-15 16:27:00,2025-12-15 16:30:00,M,20~29,office,seoul,0,0,0,0,19,0,0,12,0,0,completed
8055,U8055,2025-04-28 11:47:00,2025-04-28 11:53:00,M,30~39,office,seoul,0,0,0,0,10,0,0,46,0,0,completed
8056,U8056,2025-04-07 21:55:00,2025-04-07 22:00:00,M,30~39,office,seoul,0,0,0,0,17,0,0,17,0,0,completed
8057,U8057,2025-12-14 16:01:00,2025-12-14 16:07:00,F,50+,office,seoul,1,0,0,0,15,0,0,37,0,0,completed
8058,U8058,2025-08-09 22:54:00,2025-08-09 22:57:00,M,40~49,office,seoul,1,0,0,0,26,0,0,53,0,0,completed
8059,U8059,2025-03-06 15:12:00,2025-03-06 15:18:00,F,50+,office,seoul,0,0,0,0,12,0,0,24,0,0,completed
8060,U8060,2025-12-24 21:10:00,2025-12-24 21:15:00,F,20~29,office,seoul,0,0,0,0,17,0,0,79,0,0,completed
8061,U8061,2025-09-10 20:35:00,2025-09-10 20:41:00,F,30~39,office,seoul,0,0,0,0,2,0,0,32,0,0,completed
8062,U8062,2025-10-08 16:52:00,2025-10-08 16:58:00,F,20~29,office,seoul,0,0,0,0,4,0,0,56,1,0,completed
8063,U8063,2025-05-27 12:42:00,2025-05-27 12:46:00,F,20~29,office,seoul,0,0,0,0,2,0,0,42,0,0,completed
8064,U8064,2025-02-24 17:40:00,2025-02-24 17:43:00,M,50+,office,seoul,0,0,0,0,17,0,0,45,0,0,completed
8065,U8065,2025-04-07 09:02:00,2025-04-07 09:04:00,M,20~29,office,seoul,0,0,0,0,18,0,0,42,0,0,completed
8066,U8066,2025-04-10 15:57:00,2025-04-10 16:04:00,F,30~39,office,seoul,0,0,0,0,19,0,0,30,0,0,completed
8067,U8067,2025-05-20 20:48:00,2025-05-20 20:55:00,M,50+,office,seoul,0,0,0,0,3,0,0,72,0,0,completed
8068,U8068,2025-03-29 08:55:00,2025-03-29 08:58:00,M,20~29,office,seoul,1,0,0,0,13,0,0,55,0,0,completed
8069,U8069,2025-03-31 17:23:00,2025-03-31 17:29:00,F,20~29,office,seoul,0,0,0,0,28,0,0,73,0,0,completed
8070,U8070,2025-04-15 08:26:00,2025-04-15 08:28:00,F,50+,office,seoul,0,0,0,0,5,0,0,40,1,0,completed
8071,U8071,2025-12-29 20:36:00,2025-12-29 20:43:00,M,30~39,office,seoul,0,0,0,0,1,0,0,75,0,0,completed
8072,U8072,2025-05-21 11:09:00,2025-05-21 11:13:00,F,50+,office,seoul,0,0,0,0,8,0,0,26,0,0,completed
8073,U8073,2025-01-09 15:24:00,2025-01-09 15:30:00,M,20~29,office,seoul,0,0,0,0,18,0,0,26,0,0,completed
8074,U8074,2025-03-02 08:23:00,2025-03-02 08:25:00,F,20~29,office,seoul,1,0,0,0,18,0,0,68,0,0,completed
8075,U8075,2025-06-09 12:21:00,2025-06-09 12:26:00,M,20~29,office,seoul,0,0,0,0,2,0,0,17,0,0,completed
8076,U8076,2025-07-04 15:50:00,2025-07-04 15:57:00,F,40~49,office,seoul,0,0,0,0,29,0,0,61,0,0,completed
8077,U8077,2025-02-03 13:04:00,2025-02-03 13:08:00,F,20~29,office,seoul,0,0,0,0,11,0,0,18,0,0,completed
8078,U8078,2025-11-30 11:58:00,2025-11-30 12:00:00,F,40~49,office,seoul,1,0,0,0,19,0,0,16,0,0,completed
8079,U8079,2025-08-15 21:02:00,2025-08-15 21:09:00,F,20~29,office,seoul,0,0,0,0,3,0,0,39,0,0,completed
8080,U8080,2025-04-12 11:04:00,2025-04-12 11:11:00,M,20~29,office,seoul,1,0,0,0,22,0,0,48,0,0,completed
8081,U8081,2025-08-01 12:07:00,2025-08-01 12:13:00,F,40~49,office,seoul,0,0,0,0,2,0,0,21,0,0,completed
8082,U8082,2025-01-30 15:52:00,2025-01-30 15:56:00,M,20~29,office,seoul,0,0,0,0,25,0,0,73,0,0,abandoned
8083,U8083,2025-03-24 17:44:00,2025-03-24 17:47:00,F,20~29,office,seoul,0,0,0,0,9,0,0,61,0,0,completed
8084,U8084,2025-12-24 13:46:00,2025-12-24 13:51:00,M,30~39,office,seoul,0,0,0,0,24,0,0,72,0,0,completed
8085,U8085,2025-04-22 18:52:00,2025-04-22 18:59:00,M,30~39,office,seoul,0,0,0,0,13,0,0,26,0,0,error
8086,U8086,2025-01-30 09:41:00,2025-01-30 09:46:00,F,30~39,office,seoul,0,0,0,0,29,0,0,54,0,0,abandoned
8087,U8087,2025-02-01 19:33:00,2025-02-01 19:36:00,M,20~29,office,seoul,1,0,0,0,22,0,0,26,0,0,completed
8088,U8088,2025-03-16 13:35:00,2025-03-16 13:37:00,F,50+,office,seoul,1,0,0,0,5,0,0,46,0,0,completed
8089,U8089,2025-01-27 12:34:00,2025-01-27 12:36:00,F,40~49,office,seoul,0,0,0,0,10,0,0,72,0,0,completed
8090,U8090,2025-04-14 11:36:00,2025-04-14 11:41:00,F,50+,office,seoul,0,0,0,0,8,0,0,78,0,0,timeout
8091,U8091,2025-02-22 22:31:00,2025-02-22 22:33:00,F,30~39,office,seoul,1,0,0,0,17,0,0,53,0,0,completed
8092,U8092,2025-09-24 09:22:00,2025-09-24 09:29:00,F,40~49,office,seoul,0,0,0,0,5,0,0,39,0,0,completed
8093,U8093,2025-05-17 18:26:00,2025-05-17 18:33:00,F,20~29,office,seoul,1,0,0,0,7,0,0,35,0,0,completed
8094,U8094,2025-02-08 20:14:00,2025-02-08 20:16:00,M,20~29,office,seoul,1,0,0,0,22,0,0,20,0,0,abandoned
8095,U8095,2025-12-01 17:30:00,2025-12-01 17:37:00,F,20~29,office,seoul,0,0,0,0,18,0,0,64,0,0,completed
8096,U8096,2025-06-18 08:51:00,2025-06-18 08:56:00,M,20~29,office,seoul,0,0,0,0,11,0,0,78,0,0,completed
8097,U8097,2025-10-12 08:56:00,2025-10-12 08:59:00,M,30~39,office,seoul,1,0,0,0,20,0,0,38,0,0,completed
8098,U8098,2025-08-31 15:56:00,2025-08-31 16:00:00,M,20~29,office,seoul,1,0,0,0,18,0,0,39,0,0,completed
8099,U8099,2025-01-09 17:01:00,2025-01-09 17:07:00,M,50+,office,seoul,0,0,0,0,4,0,0,78,0,0,completed
8100,U8100,2025-04-25 14:21:00,2025-04-25 14:25:00,M,30~39,office,seoul,0,0,0,0,18,0,0,65,0,0,completed
8101,U8101,2025-04-10 17:47:00,2025-04-10 17:49:00,F,30~39,office,seoul,0,0,0,0,6,0,0,18,0,0,completed
8102,U8102,2025-01-31 20:40:00,2025-01-31 20:42:00,F,30~39,office,seoul,0,0,0,0,24,0,0,73,0,0,completed
8103,U8103,2025-09-17 09:02:00,2025-09-17 09:06:00,F,30~39,office,seoul,0,0,0,0,29,0,0,41,0,0,completed
8104,U8104,2025-01-31 21:18:00,2025-01-31 21:24:00,M,40~49,office,seoul,0,0,0,0,24,0,0,57,0,0,completed
8105,U8105,2025-04-14 18:41:00,2025-04-14 18:46:00,M,40~49,office,seoul,0,0,0,0,5,0,0,68,0,0,completed
8106,U8106,2025-12-26 18:38:00,2025-12-26 18:43:00,F,30~39,office,seoul,0,0,0,0,23,0,0,76,0,0,completed
8107,U8107,2025-12-23 09:40:00,2025-12-23 09:43:00,F,20~29,office,seoul,0,0,0,0,12,0,0,75,0,0,completed
8108,U8108,2025-01-24 17:55:00,2025-01-24 18:00:00,F,20~29,office,seoul,0,0,0,0,17,0,0,46,0,0,completed
8109,U8109,2025-02-25 18:03:00,2025-02-25 18:07:00,F,30~39,office,seoul,0,0,0,0,1,0,0,14,0,0,completed
8110,U8110,2025-08-14 16:00:00,2025-08-14 16:07:00,F,40~49,office,seoul,0,0,0,0,26,0,0,52,0,0,completed
8111,U8111,2025-01-06 19:13:00,2025-01-06 19:16:00,F,30~39,office,seoul,0,0,0,0,13,0,0,25,0,0,completed
8112,U8112,2025-01-11 07:24:00,2025-01-11 07:29:00,M,20~29,office,seoul,1,0,0,0,7,0,0,53,0,0,abandoned
8113,U8113,2025-05-09 15:19:00,2025-05-09 15:23:00,F,30~39,office,seoul,0,0,0,0,12,0,0,65,0,0,completed
8114,U8114,2025-07-22 15:08:00,2025-07-22 15:12:00,M,30~39,office,seoul,0,0,0,0,1,0,0,21,0,0,completed
8115,U8115,2025-12-07 09:53:00,2025-12-07 10:00:00,M,30~39,office,seoul,1,0,0,0,26,0,0,38,0,0,completed
8116,U8116,2025-02-01 12:43:00,2025-02-01 12:46:00,F,30~39,office,seoul,1,0,0,0,13,0,0,51,0,0,completed
8117,U8117,2025-05-22 19:50:00,2025-05-22 19:55:00,M,30~39,office,seoul,0,0,0,0,11,0,0,49,0,0,completed
8118,U8118,2025-02-25 12:25:00,2025-02-25 12:31:00,M,20~29,office,seoul,0,0,0,0,14,0,0,48,0,0,completed
8119,U8119,2025-07-04 19:23:00,2025-07-04 19:29:00,F,40~49,office,seoul,0,0,0,0,22,0,0,79,0,0,completed
8120,U8120,2025-02-09 22:11:00,2025-02-09 22:14:00,F,20~29,office,seoul,1,0,0,0,21,0,0,76,0,0,completed
8121,U8121,2025-03-30 14:08:00,2025-03-30 14:14:00,F,30~39,office,seoul,1,0,0,0,7,0,0,44,0,0,completed
8122,U8122,2025-06-14 22:22:00,2025-06-14 22:24:00,M,40~49,office,seoul,1,0,0,0,20,0,0,63,0,0,completed
8123,U8123,2025-12-08 09:11:00,2025-12-08 09:17:00,F,30~39,office,seoul,0,0,0,0,15,0,0,33,0,0,completed
8124,U8124,2025-11-22 08:28:00,2025-11-22 08:34:00,F,30~39,office,seoul,1,0,0,0,10,0,0,49,0,0,abandoned
8125,U8125,2025-06-22 12:26:00,2025-06-22 12:30:00,F,20~29,office,seoul,1,0,0,0,6,0,0,15,0,0,completed
8126,U8126,2025-03-09 15:07:00,2025-03-09 15:13:00,F,20~29,office,seoul,1,0,0,0,19,0,0,29,0,0,abandoned
8127,U8127,2025-12-24 12:27:00,2025-12-24 12:31:00,F,30~39,office,seoul,0,0,0,0,20,0,0,69,1,0,completed
8128,U8128,2025-03-17 12:34:00,2025-03-17 12:36:00,F,30~39,office,seoul,0,0,0,0,4,0,0,68,0,0,completed
8129,U8129,2025-12-12 13:10:00,2025-12-12 13:17:00,M,50+,office,seoul,0,0,0,0,21,0,0,15,0,0,completed
8130,U8130,2025-04-14 14:25:00,2025-04-14 14:31:00,M,50+,office,seoul,0,0,0,0,20,0,0,64,0,0,completed
8131,U8131,2025-12-31 09:11:00,2025-12-31 09:14:00,M,30~39,office,seoul,0,0,0,0,2,0,0,65,0,0,completed
8132,U8132,2025-08-23 11:08:00,2025-08-23 11:10:00,F,30~39,office,seoul,1,0,0,0,7,0,0,72,0,0,completed
8133,U8133,2025-06-30 19:28:00,2025-06-30 19:31:00,F,50+,office,seoul,0,0,0,0,11,0,0,47,0,0,completed
8134,U8134,2025-11-10 18:15:00,2025-11-10 18:22:00,M,30~39,office,seoul,0,0,0,0,20,0,0,25,0,0,completed
8135,U8135,2025-12-13 13:09:00,2025-12-13 13:12:00,M,40~49,office,seoul,1,0,0,0,17,0,0,48,0,0,completed
8136,U8136,2025-09-07 17:23:00,2025-09-07 17:26:00,F,40~49,office,seoul,1,0,0,0,11,0,0,36,0,0,completed
8137,U8137,2025-11-06 15:23:00,2025-11-06 15:26:00,F,30~39,office,seoul,0,0,0,0,0,0,0,49,0,0,completed
8138,U8138,2025-11-15 14:07:00,2025-11-15 14:10:00,F,50+,office,seoul,1,0,0,0,9,0,0,11,0,0,completed
8139,U8139,2025-09-26 14:31:00,2025-09-26 14:35:00,F,40~49,office,seoul,0,0,0,0,7,0,0,19,0,0,completed
8140,U8140,2025-03-01 11:26:00,2025-03-01 11:28:00,M,20~29,office,seoul,1,0,0,0,23,0,0,59,0,0,completed
8141,U8141,2025-03-03 15:02:00,2025-03-03 15:07:00,M,30~39,office,seoul,0,0,0,0,24,0,0,20,0,1,completed
8142,U8142,2025-06-14 13:45:00,2025-06-14 13:49:00,F,50+,office,seoul,1,0,0,0,9,0,0,47,0,0,completed
8143,U8143,2025-12-08 11:31:00,2025-12-08 11:37:00,M,20~29,office,seoul,0,0,0,0,28,0,0,52,0,0,completed
8144,U8144,2025-06-19 13:48:00,2025-06-19 13:50:00,F,30~39,office,seoul,0,0,0,0,25,0,0,15,0,0,completed
8145,U8145,2025-02-25 11:54:00,2025-02-25 11:56:00,M,20~29,office,seoul,0,0,0,0,17,0,0,76,0,0,completed
8146,U8146,2025-06-10 09:45:00,2025-06-10 09:49:00,F,40~49,office,seoul,0,0,0,0,25,0,0,27,0,0,completed
8147,U8147,2025-03-17 16:27:00,2025-03-17 16:32:00,F,50+,office,seoul,0,0,0,0,28,0,0,28,0,0,completed
8148,U8148,2025-06-24 17:40:00,2025-06-24 17:46:00,F,50+,office,seoul,0,0,0,0,21,0,0,24,0,0,completed
8149,U8149,2025-10-26 16:22:00,2025-10-26 16:27:00,F,50+,office,seoul,1,0,0,0,22,0,0,67,0,0,completed
8150,U8150,2025-10-24 11:54:00,2025-10-24 11:56:00,F,30~39,office,seoul,0,0,0,0,28,0,0,43,0,0,completed
8151,U8151,2025-05-13 15:08:00,2025-05-13 15:13:00,F,20~29,office,seoul,0,0,0,0,13,0,0,15,0,0,completed
8152,U8152,2025-04-04 14:30:00,2025-04-04 14:34:00,F,40~49,office,seoul,0,0,0,0,24,0,0,38,0,0,completed
8153,U8153,2025-02-17 21:47:00,2025-02-17 21:49:00,F,40~49,office,seoul,0,0,0,0,8,0,0,66,0,0,timeout
8154,U8154,2025-01-31 15:50:00,2025-01-31 15:57:00,M,20~29,office,seoul,0,0,0,0,22,0,0,25,0,0,completed
8155,U8155,2025-12-08 08:41:00,2025-12-08 08:44:00,M,40~49,office,seoul,0,0,0,0,28,0,0,60,0,0,completed
8156,U8156,2025-11-15 15:43:00,2025-11-15 15:45:00,F,30~39,office,seoul,1,0,0,0,18,0,0,30,0,0,completed
8157,U8157,2025-11-20 17:34:00,2025-11-20 17:37:00,F,30~39,office,seoul,0,0,0,0,11,0,0,43,0,0,completed
8158,U8158,2025-02-23 16:36:00,2025-02-23 16:38:00,M,30~39,office,seoul,1,0,0,0,10,0,0,15,0,0,completed
8159,U8159,2025-08-20 20:36:00,2025-08-20 20:43:00,F,50+,office,seoul,0,0,0,0,17,0,0,77,1,0,completed
8160,U8160,2025-09-24 07:37:00,2025-09-24 07:39:00,F,20~29,office,seoul,0,0,0,0,4,0,0,78,0,0,completed
8161,U8161,2025-08-10 18:14:00,2025-08-10 18:21:00,M,40~49,office,seoul,1,0,0,0,20,0,0,12,0,0,completed
8162,U8162,2025-09-04 15:47:00,2025-09-04 15:49:00,F,20~29,office,seoul,0,0,0,0,4,0,0,56,0,0,completed
8163,U8163,2025-03-15 12:47:00,2025-03-15 12:51:00,M,40~49,office,seoul,1,0,0,0,28,0,0,72,0,0,completed
8164,U8164,2025-02-11 19:54:00,2025-02-11 19:58:00,F,50+,office,seoul,0,0,0,0,21,0,0,35,1,0,completed
8165,U8165,2025-12-14 15:44:00,2025-12-14 15:48:00,M,40~49,office,seoul,1,0,0,0,25,0,0,14,0,0,completed
8166,U8166,2025-08-18 08:04:00,2025-08-18 08:06:00,F,50+,office,seoul,0,0,0,0,5,0,0,70,0,0,completed
8167,U8167,2025-10-31 09:14:00,2025-10-31 09:17:00,M,20~29,office,seoul,0,0,0,0,6,0,0,27,0,0,completed
8168,U8168,2025-12-31 13:08:00,2025-12-31 13:13:00,M,40~49,office,seoul,0,0,0,0,24,0,0,40,0,0,completed
8169,U8169,2025-08-21 14:16:00,2025-08-21 14:20:00,F,50+,office,seoul,0,0,0,0,12,0,0,37,0,0,completed
8170,U8170,2025-03-18 15:30:00,2025-03-18 15:36:00,F,30~39,office,seoul,0,0,0,0,12,0,0,66,0,0,completed
8171,U8171,2025-08-10 12:36:00,2025-08-10 12:42:00,F,30~39,office,seoul,1,0,0,0,26,0,0,49,0,0,completed
8172,U8172,2025-05-03 08:46:00,2025-05-03 08:48:00,F,40~49,office,seoul,1,0,0,0,5,0,0,25,0,0,abandoned
8173,U8173,2025-08-18 13:43:00,2025-08-18 13:47:00,F,30~39,office,seoul,0,0,0,0,3,0,0,63,0,0,completed
8174,U8174,2025-07-02 14:31:00,2025-07-02 14:33:00,F,30~39,office,seoul,0,0,0,0,14,0,0,37,0,0,completed
8175,U8175,2025-03-26 17:57:00,2025-03-26 18:02:00,M,20~29,office,seoul,0,0,0,0,22,0,0,72,0,0,completed
8176,U8176,2025-11-25 22:11:00,2025-11-25 22:14:00,M,20~29,office,seoul,0,0,0,0,16,0,0,59,0,0,completed
8177,U8177,2025-02-23 07:53:00,2025-02-23 08:00:00,F,20~29,office,seoul,1,0,0,0,12,0,0,17,0,0,completed
8178,U8178,2025-10-09 08:34:00,2025-10-09 08:40:00,F,30~39,office,seoul,0,0,0,0,14,0,0,64,0,0,completed
8179,U8179,2025-06-12 11:37:00,2025-06-12 11:44:00,F,40~49,office,seoul,0,0,0,0,24,0,0,22,0,0,completed
8180,U8180,2025-11-06 15:41:00,2025-11-06 15:46:00,F,30~39,office,seoul,0,0,0,0,25,0,0,78,0,0,completed
8181,U8181,2025-08-03 13:10:00,2025-08-03 13:15:00,M,20~29,office,seoul,1,0,0,0,21,0,0,73,0,0,completed
8182,U8182,2025-09-06 08:10:00,2025-09-06 08:12:00,M,30~39,office,seoul,1,0,0,0,5,0,0,58,0,0,completed
8183,U8183,2025-03-22 09:31:00,2025-03-22 09:33:00,M,20~29,office,seoul,1,0,0,0,11,0,0,44,0,0,completed
8184,U8184,2025-07-14 11:37:00,2025-07-14 11:43:00,F,40~49,office,seoul,0,0,0,0,22,0,0,74,0,0,completed
8185,U8185,2025-11-20 16:34:00,2025-11-20 16:37:00,F,50+,office,seoul,0,0,0,0,10,0,0,53,0,1,completed
8186,U8186,2025-03-25 22:51:00,2025-03-25 22:58:00,F,20~29,office,seoul,0,0,0,0,8,0,0,18,0,0,abandoned
8187,U8187,2025-07-01 14:15:00,2025-07-01 14:18:00,F,50+,office,seoul,0,0,0,0,5,0,0,46,0,0,completed
8188,U8188,2025-07-11 13:25:00,2025-07-11 13:30:00,F,40~49,office,seoul,0,0,0,0,1,0,0,17,0,0,completed
8189,U8189,2025-10-29 15:40:00,2025-10-29 15:45:00,M,20~29,office,seoul,0,0,0,0,23,0,0,26,0,0,completed
8190,U8190,2025-10-06 08:08:00,2025-10-06 08:14:00,M,20~29,office,seoul,0,0,0,0,27,0,0,22,0,0,completed
8191,U8191,2025-10-12 09:20:00,2025-10-12 09:25:00,F,50+,office,seoul,1,0,0,0,17,0,0,15,1,0,completed
8192,U8192,2025-08-16 18:24:00,2025-08-16 18:30:00,F,30~39,office,seoul,1,0,0,0,1,0,0,36,0,0,completed
8193,U8193,2025-01-19 17:39:00,2025-01-19 17:44:00,M,30~39,office,seoul,1,0,0,0,10,0,0,79,0,0,abandoned
8194,U8194,2025-11-20 14:20:00,2025-11-20 14:27:00,M,20~29,office,seoul,0,0,0,0,9,0,0,13,0,0,completed
8195,U8195,2025-03-29 15:15:00,2025-03-29 15:19:00,F,20~29,office,seoul,1,0,0,0,27,0,0,69,0,0,completed
8196,U8196,2025-02-08 18:19:00,2025-02-08 18:22:00,M,20~29,office,seoul,1,0,0,0,28,0,0,24,0,0,completed
8197,U8197,2025-09-26 15:19:00,2025-09-26 15:25:00,M,20~29,office,seoul,0,0,0,0,12,0,0,38,0,0,completed
8198,U8198,2025-03-21 19:06:00,2025-03-21 19:12:00,M,40~49,office,seoul,0,0,0,0,3,0,0,64,0,0,completed
8199,U8199,2025-10-31 19:06:00,2025-10-31 19:12:00,M,20~29,office,seoul,0,0,0,0,21,0,0,29,0,0,abandoned
8200,U8200,2025-05-23 09:52:00,2025-05-23 09:57:00,F,20~29,office,seoul,0,0,0,0,26,0,0,40,0,0,error
8201,U8201,2025-06-29 12:03:00,2025-06-29 12:06:00,F,30~39,office,seoul,1,0,0,0,7,0,0,42,0,0,completed
8202,U8202,2025-02-08 13:09:00,2025-02-08 13:13:00,F,20~29,office,seoul,1,0,0,0,23,0,0,75,0,0,completed
8203,U8203,2025-04-18 17:43:00,2025-04-18 17:47:00,F,20~29,office,seoul,0,0,0,0,14,0,0,40,0,0,completed
8204,U8204,2025-10-05 13:45:00,2025-10-05 13:51:00,F,50+,office,seoul,1,0,0,0,16,0,0,74,0,0,completed
8205,U8205,2025-05-30 15:53:00,2025-05-30 15:59:00,M,20~29,office,seoul,0,0,0,0,15,0,0,66,0,0,completed
8206,U8206,2025-03-04 15:46:00,2025-03-04 15:49:00,F,30~39,office,seoul,0,0,0,0,9,0,0,52,0,0,completed
8207,U8207,2025-10-11 09:08:00,2025-10-11 09:11:00,F,30~39,office,seoul,1,0,0,0,5,0,0,39,0,0,completed
8208,U8208,2025-09-27 15:38:00,2025-09-27 15:45:00,M,30~39,office,seoul,1,0,0,0,9,0,0,18,0,0,completed
8209,U8209,2025-11-16 16:54:00,2025-11-16 17:00:00,M,30~39,office,seoul,1,0,0,0,19,0,0,72,0,0,completed
8210,U8210,2025-03-05 08:09:00,2025-03-05 08:14:00,F,30~39,office,seoul,0,0,0,0,20,0,0,59,0,0,completed
8211,U8211,2025-05-14 16:49:00,2025-05-14 16:54:00,M,20~29,office,seoul,0,0,0,0,6,0,0,70,0,0,completed
8212,U8212,2025-11-06 18:31:00,2025-11-06 18:33:00,F,30~39,office,seoul,0,0,0,0,9,0,0,38,0,0,completed
8213,U8213,2025-09-20 12:16:00,2025-09-20 12:21:00,F,20~29,office,seoul,1,0,0,0,15,0,0,75,0,0,timeout
8214,U8214,2025-09-24 08:25:00,2025-09-24 08:30:00,F,20~29,office,seoul,0,0,0,0,19,0,0,67,0,0,completed
8215,U8215,2025-07-21 13:05:00,2025-07-21 13:12:00,M,20~29,office,seoul,0,0,0,0,24,0,0,61,0,0,completed
8216,U8216,2025-07-10 09:11:00,2025-07-10 09:18:00,F,50+,office,seoul,0,0,0,0,13,0,0,51,0,0,completed
8217,U8217,2025-03-04 18:06:00,2025-03-04 18:11:00,F,20~29,office,seoul,0,0,0,0,12,0,0,57,0,0,completed
8218,U8218,2025-11-19 09:02:00,2025-11-19 09:07:00,F,40~49,office,seoul,0,0,0,0,8,0,0,60,0,0,completed
8219,U8219,2025-10-26 11:15:00,2025-10-26 11:22:00,F,40~49,office,seoul,1,0,0,0,6,0,0,20,0,0,completed
8220,U8220,2025-03-10 08:35:00,2025-03-10 08:39:00,M,40~49,office,seoul,0,0,0,0,22,0,0,69,0,0,completed
8221,U8221,2025-05-28 08:49:00,2025-05-28 08:55:00,M,30~39,office,seoul,0,0,0,0,28,0,0,50,0,0,completed
8222,U8222,2025-03-08 17:06:00,2025-03-08 17:08:00,M,30~39,office,seoul,1,0,0,0,19,0,0,10,0,0,completed
8223,U8223,2025-08-12 16:22:00,2025-08-12 16:24:00,F,50+,office,seoul,0,0,0,0,29,0,0,71,0,0,completed
8224,U8224,2025-12-02 09:20:00,2025-12-02 09:24:00,M,20~29,office,seoul,0,0,0,0,5,0,0,77,0,0,error
8225,U8225,2025-10-07 20:58:00,2025-10-07 21:04:00,M,20~29,office,seoul,0,0,0,0,22,0,0,77,0,0,completed
8226,U8226,2025-05-29 15:33:00,2025-05-29 15:35:00,F,20~29,office,seoul,0,0,0,0,13,0,0,51,0,0,timeout
8227,U8227,2025-05-31 18:23:00,2025-05-31 18:25:00,F,30~39,office,seoul,1,0,0,0,13,0,0,37,0,0,completed
8228,U8228,2025-08-05 09:03:00,2025-08-05 09:07:00,F,20~29,office,seoul,0,0,0,0,22,0,0,38,0,0,completed
8229,U8229,2025-10-02 09:13:00,2025-10-02 09:19:00,M,20~29,office,seoul,0,0,0,0,0,0,0,51,0,0,completed
8230,U8230,2025-07-19 11:39:00,2025-07-19 11:41:00,M,30~39,office,seoul,1,0,0,0,12,0,0,79,0,0,completed
8231,U8231,2025-06-07 09:13:00,2025-06-07 09:18:00,M,40~49,office,seoul,1,0,0,0,21,0,0,78,0,0,completed
8232,U8232,2025-03-19 09:06:00,2025-03-19 09:09:00,M,50+,office,seoul,0,0,0,0,2,0,0,35,0,0,completed
8233,U8233,2025-06-21 16:38:00,2025-06-21 16:43:00,F,30~39,office,seoul,1,0,0,0,5,0,0,64,0,0,completed
8234,U8234,2025-06-01 20:15:00,2025-06-01 20:17:00,F,30~39,office,seoul,1,0,0,0,15,0,0,66,0,0,completed
8235,U8235,2025-05-21 11:05:00,2025-05-21 11:12:00,F,40~49,office,seoul,0,0,0,0,13,0,0,18,0,0,completed
8236,U8236,2025-06-07 14:45:00,2025-06-07 14:50:00,F,30~39,office,seoul,1,0,0,0,8,0,0,15,0,0,completed
8237,U8237,2025-03-02 12:14:00,2025-03-02 12:16:00,F,40~49,office,seoul,1,0,0,0,7,0,0,44,0,0,completed
8238,U8238,2025-12-06 17:35:00,2025-12-06 17:40:00,M,40~49,office,seoul,1,0,0,0,16,0,0,35,0,0,completed
8239,U8239,2025-04-05 17:21:00,2025-04-05 17:27:00,M,20~29,office,seoul,1,0,0,0,18,0,0,62,0,0,completed
8240,U8240,2025-09-15 18:58:00,2025-09-15 19:02:00,M,50+,office,seoul,0,0,0,0,27,0,0,37,0,0,completed
8241,U8241,2025-02-16 14:51:00,2025-02-16 14:57:00,F,20~29,office,seoul,1,0,0,0,26,0,0,79,0,0,timeout
8242,U8242,2025-08-10 17:44:00,2025-08-10 17:51:00,F,40~49,office,seoul,1,0,0,0,9,0,0,33,0,0,error
8243,U8243,2025-11-16 18:12:00,2025-11-16 18:15:00,M,20~29,office,seoul,1,0,0,0,2,0,0,78,0,0,completed
8244,U8244,2025-08-19 07:17:00,2025-08-19 07:23:00,F,30~39,office,seoul,0,0,0,0,3,0,0,40,0,0,abandoned
8245,U8245,2025-04-25 16:56:00,2025-04-25 16:58:00,F,40~49,office,seoul,0,0,0,0,23,0,0,31,0,0,completed
8246,U8246,2025-06-21 17:38:00,2025-06-21 17:40:00,F,20~29,office,seoul,1,0,0,0,19,0,0,17,0,0,completed
8247,U8247,2025-10-19 16:29:00,2025-10-19 16:31:00,F,50+,office,seoul,1,0,0,0,8,0,0,42,0,0,completed
8248,U8248,2025-09-10 15:50:00,2025-09-10 15:55:00,F,50+,office,seoul,0,0,0,0,29,0,0,74,0,0,completed
8249,U8249,2025-08-13 11:55:00,2025-08-13 11:58:00,M,20~29,office,seoul,0,0,0,0,0,0,0,35,0,0,completed
8250,U8250,2025-09-22 15:19:00,2025-09-22 15:22:00,F,30~39,office,seoul,0,0,0,0,4,0,0,47,0,0,completed
8251,U8251,2025-11-03 08:39:00,2025-11-03 08:45:00,F,50+,office,seoul,0,0,0,0,29,0,0,12,0,0,completed
8252,U8252,2025-03-08 12:32:00,2025-03-08 12:35:00,M,20~29,office,seoul,1,0,0,0,5,0,0,50,0,0,completed
8253,U8253,2025-09-22 14:19:00,2025-09-22 14:26:00,M,20~29,office,seoul,0,0,0,0,12,0,0,60,0,0,completed
8254,U8254,2025-09-28 08:32:00,2025-09-28 08:37:00,F,30~39,office,seoul,1,0,0,0,18,0,0,45,0,0,error
8255,U8255,2025-08-05 13:25:00,2025-08-05 13:29:00,F,30~39,office,seoul,0,0,0,0,16,0,0,77,0,0,completed
8256,U8256,2025-05-26 14:24:00,2025-05-26 14:28:00,M,30~39,office,seoul,0,0,0,0,0,0,0,44,0,0,completed
8257,U8257,2025-06-30 07:23:00,2025-06-30 07:27:00,M,40~49,office,seoul,0,0,0,0,3,0,0,24,0,0,abandoned
8258,U8258,2025-05-01 12:43:00,2025-05-01 12:45:00,M,30~39,office,seoul,0,0,0,0,1,0,0,33,0,0,abandoned
8259,U8259,2025-12-26 14:33:00,2025-12-26 14:37:00,F,50+,office,seoul,0,0,0,0,11,0,0,63,0,0,completed
8260,U8260,2025-01-10 11:00:00,2025-01-10 11:02:00,M,20~29,office,seoul,0,0,0,0,27,0,0,47,0,0,completed
8261,U8261,2025-09-21 18:26:00,2025-09-21 18:28:00,F,50+,office,seoul,1,0,0,0,10,0,0,42,1,0,completed
8262,U8262,2025-04-10 13:04:00,2025-04-10 13:06:00,M,20~29,office,seoul,0,0,0,0,1,0,0,49,0,0,completed
8263,U8263,2025-03-25 16:10:00,2025-03-25 16:16:00,F,30~39,office,seoul,0,0,0,0,7,0,0,71,0,0,completed
8264,U8264,2025-06-17 19:24:00,2025-06-17 19:27:00,M,20~29,office,seoul,0,0,0,0,16,0,0,18,0,0,completed
8265,U8265,2025-01-23 13:53:00,2025-01-23 13:55:00,M,20~29,office,seoul,0,0,0,0,13,0,0,65,0,0,completed
8266,U8266,2025-02-16 17:18:00,2025-02-16 17:24:00,F,30~39,office,seoul,1,0,0,0,29,0,0,35,0,0,completed
8267,U8267,2025-12-24 18:18:00,2025-12-24 18:21:00,M,20~29,office,seoul,0,0,0,0,17,0,0,59,0,0,completed
8268,U8268,2025-11-19 09:03:00,2025-11-19 09:10:00,M,30~39,office,seoul,0,0,0,0,17,0,0,39,0,0,error
8269,U8269,2025-07-03 19:25:00,2025-07-03 19:30:00,F,30~39,office,seoul,0,0,0,0,26,0,0,39,0,0,abandoned
8270,U8270,2025-08-25 12:10:00,2025-08-25 12:13:00,M,30~39,office,seoul,0,0,0,0,20,0,0,14,0,0,completed
8271,U8271,2025-09-23 11:16:00,2025-09-23 11:21:00,F,40~49,office,seoul,0,0,0,0,26,0,0,45,0,0,completed
8272,U8272,2025-02-13 20:41:00,2025-02-13 20:47:00,M,30~39,office,seoul,0,0,0,0,0,0,0,32,0,0,completed
8273,U8273,2025-04-27 17:06:00,2025-04-27 17:08:00,M,40~49,office,seoul,1,0,0,0,15,0,0,70,0,0,completed
8274,U8274,2025-01-03 14:52:00,2025-01-03 14:55:00,M,30~39,office,seoul,0,0,0,0,9,0,0,60,0,0,completed
8275,U8275,2025-04-09 14:45:00,2025-04-09 14:51:00,F,50+,office,seoul,0,0,0,0,1,0,0,45,0,0,completed
8276,U8276,2025-09-15 14:33:00,2025-09-15 14:38:00,M,40~49,office,seoul,0,0,0,0,4,0,0,31,0,0,completed
8277,U8277,2025-10-10 12:01:00,2025-10-10 12:03:00,F,20~29,office,seoul,0,0,0,0,3,0,0,31,0,0,abandoned
8278,U8278,2025-11-24 11:38:00,2025-11-24 11:42:00,F,20~29,office,seoul,0,0,0,0,17,0,0,23,0,0,abandoned
8279,U8279,2025-12-29 13:24:00,2025-12-29 13:26:00,M,20~29,office,seoul,0,0,0,0,7,0,0,42,0,0,completed
8280,U8280,2025-08-31 08:37:00,2025-08-31 08:43:00,M,20~29,office,seoul,1,0,0,0,29,0,0,30,0,0,completed
8281,U8281,2025-11-07 07:20:00,2025-11-07 07:27:00,F,30~39,office,seoul,0,0,0,0,25,0,0,77,0,0,completed
8282,U8282,2025-05-21 16:52:00,2025-05-21 16:57:00,F,50+,office,seoul,0,0,0,0,0,0,0,60,0,0,completed
8283,U8283,2025-08-02 15:55:00,2025-08-02 16:02:00,M,30~39,office,seoul,1,0,0,0,0,0,0,61,0,0,completed
8284,U8284,2025-01-19 16:00:00,2025-01-19 16:06:00,F,30~39,office,seoul,1,0,0,0,11,0,0,51,0,0,completed
8285,U8285,2025-10-26 11:44:00,2025-10-26 11:51:00,F,30~39,office,seoul,1,0,0,0,12,0,0,19,1,0,abandoned
8286,U8286,2025-06-22 13:53:00,2025-06-22 13:55:00,F,40~49,office,seoul,1,0,0,0,12,0,0,49,0,0,completed
8287,U8287,2025-05-13 13:42:00,2025-05-13 13:46:00,F,20~29,office,seoul,0,0,0,0,11,0,0,78,0,0,completed
8288,U8288,2025-04-08 13:23:00,2025-04-08 13:28:00,F,30~39,office,seoul,0,0,0,0,7,0,0,43,0,0,completed
8289,U8289,2025-05-02 07:46:00,2025-05-02 07:50:00,F,30~39,office,seoul,0,0,0,0,18,0,0,15,0,0,completed
8290,U8290,2025-03-15 13:37:00,2025-03-15 13:41:00,F,20~29,office,seoul,1,0,0,0,5,0,0,57,1,0,completed
8291,U8291,2025-11-17 17:58:00,2025-11-17 18:00:00,M,20~29,office,seoul,0,0,0,0,27,0,0,37,0,0,completed
8292,U8292,2025-02-13 12:03:00,2025-02-13 12:07:00,M,20~29,office,seoul,0,0,0,0,23,0,0,30,0,0,completed
8293,U8293,2025-07-31 16:03:00,2025-07-31 16:09:00,F,20~29,office,seoul,0,0,0,0,18,0,0,22,0,0,completed
8294,U8294,2025-08-09 16:31:00,2025-08-09 16:33:00,F,30~39,office,seoul,1,0,0,0,21,0,0,79,0,0,completed
8295,U8295,2025-09-10 15:08:00,2025-09-10 15:14:00,F,30~39,office,seoul,0,0,0,0,19,0,0,23,0,0,completed
8296,U8296,2025-01-30 09:47:00,2025-01-30 09:54:00,F,20~29,office,seoul,0,0,0,0,20,0,0,34,0,0,completed
8297,U8297,2025-11-27 14:13:00,2025-11-27 14:17:00,F,20~29,office,seoul,0,0,0,0,20,0,0,37,0,0,completed
8298,U8298,2025-09-10 16:11:00,2025-09-10 16:16:00,M,50+,office,seoul,0,0,0,0,2,0,0,57,0,0,completed
8299,U8299,2025-07-13 16:11:00,2025-07-13 16:17:00,M,50+,office,seoul,1,0,0,0,5,0,0,68,0,0,completed
8300,U8300,2025-12-10 22:22:00,2025-12-10 22:24:00,F,40~49,office,seoul,0,0,0,0,25,0,0,40,1,0,completed
8301,U8301,2025-10-18 13:32:00,2025-10-18 13:38:00,M,20~29,office,seoul,1,0,0,0,8,0,0,23,0,0,completed
8302,U8302,2025-10-16 11:39:00,2025-10-16 11:42:00,M,40~49,office,seoul,0,0,0,0,1,0,0,11,0,0,completed
8303,U8303,2025-07-20 16:17:00,2025-07-20 16:20:00,F,20~29,office,seoul,1,0,0,0,25,0,0,41,0,0,completed
8304,U8304,2025-11-04 08:48:00,2025-11-04 08:54:00,F,20~29,office,seoul,0,0,0,0,16,0,0,44,0,0,abandoned
8305,U8305,2025-06-24 11:23:00,2025-06-24 11:26:00,F,40~49,office,seoul,0,0,0,0,13,0,0,66,0,0,completed
8306,U8306,2025-07-19 14:16:00,2025-07-19 14:22:00,M,40~49,office,seoul,1,0,0,0,3,0,0,16,0,0,completed
8307,U8307,2025-09-18 13:48:00,2025-09-18 13:50:00,F,30~39,office,seoul,0,0,0,0,15,0,0,54,0,0,completed
8308,U8308,2025-11-17 08:22:00,2025-11-17 08:29:00,F,40~49,office,seoul,0,0,0,0,28,0,0,14,0,0,completed
8309,U8309,2025-06-17 12:29:00,2025-06-17 12:31:00,F,40~49,office,seoul,0,0,0,0,11,0,0,69,0,0,completed
8310,U8310,2025-12-03 09:05:00,2025-12-03 09:11:00,M,40~49,office,seoul,0,0,0,0,8,0,0,16,0,0,completed
8311,U8311,2025-10-24 19:07:00,2025-10-24 19:14:00,M,40~49,office,seoul,0,0,0,0,25,0,0,29,0,0,completed
8312,U8312,2025-04-05 09:57:00,2025-04-05 10:03:00,M,40~49,office,seoul,1,0,0,0,24,0,0,54,0,0,completed
8313,U8313,2025-03-01 11:04:00,2025-03-01 11:10:00,M,40~49,office,seoul,1,0,0,0,8,0,0,59,0,0,completed
8314,U8314,2025-01-23 11:28:00,2025-01-23 11:31:00,M,20~29,office,seoul,0,0,0,0,28,0,0,66,0,0,completed
8315,U8315,2025-01-03 14:42:00,2025-01-03 14:49:00,F,20~29,office,seoul,0,0,0,0,20,0,0,22,0,0,completed
8316,U8316,2025-10-23 16:50:00,2025-10-23 16:52:00,F,50+,office,seoul,0,0,0,0,2,0,0,25,0,0,completed
8317,U8317,2025-11-28 12:19:00,2025-11-28 12:22:00,F,20~29,office,seoul,0,0,0,0,6,0,0,25,0,0,completed
8318,U8318,2025-01-22 16:55:00,2025-01-22 17:01:00,F,30~39,office,seoul,0,0,0,0,22,0,0,77,0,0,completed
8319,U8319,2025-02-25 09:04:00,2025-02-25 09:10:00,F,30~39,office,seoul,0,0,0,0,4,0,0,54,0,0,completed
8320,U8320,2025-12-10 17:42:00,2025-12-10 17:46:00,F,40~49,office,seoul,0,0,0,0,26,0,0,39,0,0,completed
8321,U8321,2025-03-07 12:51:00,2025-03-07 12:55:00,M,20~29,office,seoul,0,0,0,0,5,0,0,18,0,0,completed
8322,U8322,2025-04-18 16:33:00,2025-04-18 16:38:00,F,30~39,office,seoul,0,0,0,0,22,0,0,33,0,0,completed
8323,U8323,2025-06-03 14:17:00,2025-06-03 14:23:00,F,20~29,office,seoul,0,0,0,0,23,0,0,36,0,0,completed
8324,U8324,2025-01-13 12:04:00,2025-01-13 12:11:00,M,20~29,office,seoul,0,0,0,0,22,0,0,68,0,0,abandoned
8325,U8325,2025-10-06 15:28:00,2025-10-06 15:35:00,F,20~29,office,seoul,0,0,0,0,7,0,0,33,0,0,completed
8326,U8326,2025-11-01 14:10:00,2025-11-01 14:13:00,F,40~49,office,seoul,1,0,0,0,19,0,0,70,0,0,completed
8327,U8327,2025-03-26 08:32:00,2025-03-26 08:37:00,M,40~49,office,seoul,0,0,0,0,18,0,0,58,0,0,abandoned
8328,U8328,2025-12-19 19:46:00,2025-12-19 19:50:00,F,20~29,office,seoul,0,0,0,0,25,0,0,74,0,0,completed
8329,U8329,2025-04-08 08:56:00,2025-04-08 08:59:00,F,30~39,office,seoul,0,0,0,0,29,0,0,33,0,0,completed
8330,U8330,2025-02-08 08:43:00,2025-02-08 08:49:00,F,30~39,office,seoul,1,0,0,0,25,0,0,14,0,0,completed
8331,U8331,2025-06-01 15:54:00,2025-06-01 16:00:00,F,30~39,office,seoul,1,0,0,0,28,0,0,47,0,0,completed
8332,U8332,2025-04-22 12:47:00,2025-04-22 12:54:00,M,30~39,office,seoul,0,0,0,0,1,0,0,15,0,0,abandoned
8333,U8333,2025-10-12 17:43:00,2025-10-12 17:50:00,M,20~29,office,seoul,1,0,0,0,19,0,0,17,0,0,completed
8334,U8334,2025-11-05 12:46:00,2025-11-05 12:53:00,F,30~39,office,seoul,0,0,0,0,28,0,0,43,0,0,completed
8335,U8335,2025-11-22 18:58:00,2025-11-22 19:00:00,F,20~29,office,seoul,1,0,0,0,27,0,0,39,0,0,completed
8336,U8336,2025-06-04 16:08:00,2025-06-04 16:14:00,M,30~39,office,seoul,0,0,0,0,8,0,0,28,0,0,completed
8337,U8337,2025-04-17 13:41:00,2025-04-17 13:47:00,F,20~29,office,seoul,0,0,0,0,10,0,0,23,0,0,completed
8338,U8338,2025-12-30 15:16:00,2025-12-30 15:23:00,F,30~39,office,seoul,0,0,0,0,9,0,0,37,0,0,completed
8339,U8339,2025-10-12 13:19:00,2025-10-12 13:25:00,M,50+,office,seoul,1,0,0,0,29,0,0,48,0,0,completed
8340,U8340,2025-01-02 12:47:00,2025-01-02 12:53:00,F,20~29,office,seoul,0,0,0,0,18,0,0,57,0,0,completed
8341,U8341,2025-09-09 13:27:00,2025-09-09 13:30:00,F,30~39,office,seoul,0,0,0,0,7,0,0,29,0,0,completed
8342,U8342,2025-10-15 16:14:00,2025-10-15 16:18:00,M,20~29,office,seoul,0,0,0,0,22,0,0,47,0,0,error
8343,U8343,2025-11-25 09:28:00,2025-11-25 09:30:00,M,20~29,office,seoul,0,0,0,0,22,0,0,31,0,0,completed
8344,U8344,2025-12-23 15:15:00,2025-12-23 15:21:00,M,30~39,office,seoul,0,0,0,0,22,0,0,13,0,0,completed
8345,U8345,2025-05-13 14:14:00,2025-05-13 14:17:00,M,20~29,office,seoul,0,0,0,0,28,0,0,66,0,0,abandoned
8346,U8346,2025-01-15 12:35:00,2025-01-15 12:41:00,M,20~29,office,seoul,0,0,0,0,6,0,0,26,0,0,completed
8347,U8347,2025-02-08 19:53:00,2025-02-08 19:55:00,M,40~49,office,seoul,1,0,0,0,12,0,0,14,0,0,completed
8348,U8348,2025-10-23 17:20:00,2025-10-23 17:25:00,M,20~29,office,seoul,0,0,0,0,17,0,0,69,0,0,completed
8349,U8349,2025-11-01 11:39:00,2025-11-01 11:42:00,M,40~49,office,seoul,1,0,0,0,15,0,0,66,0,0,completed
8350,U8350,2025-07-12 13:39:00,2025-07-12 13:45:00,F,40~49,office,seoul,1,0,0,0,22,0,0,39,0,0,completed
8351,U8351,2025-12-14 08:00:00,2025-12-14 08:03:00,M,20~29,office,seoul,1,0,0,0,21,0,0,46,0,0,completed
8352,U8352,2025-03-01 15:10:00,2025-03-01 15:14:00,M,40~49,office,seoul,1,0,0,0,22,0,0,68,0,0,completed
8353,U8353,2025-08-25 14:25:00,2025-08-25 14:30:00,F,30~39,office,seoul,0,0,0,0,8,0,0,37,0,0,completed
8354,U8354,2025-07-28 19:09:00,2025-07-28 19:15:00,M,50+,office,seoul,0,0,0,0,11,0,0,14,0,0,completed
8355,U8355,2025-04-01 12:05:00,2025-04-01 12:09:00,M,30~39,office,seoul,0,0,0,0,5,0,0,15,0,0,completed
8356,U8356,2025-05-21 20:08:00,2025-05-21 20:12:00,F,40~49,office,seoul,0,0,0,0,1,0,0,17,0,0,abandoned
8357,U8357,2025-08-30 12:23:00,2025-08-30 12:25:00,F,40~49,office,seoul,1,0,0,0,6,0,0,71,0,0,completed
8358,U8358,2025-12-17 20:45:00,2025-12-17 20:50:00,M,20~29,office,seoul,0,0,0,0,14,0,0,25,0,0,completed
8359,U8359,2025-04-24 19:27:00,2025-04-24 19:34:00,F,30~39,office,seoul,0,0,0,0,26,0,0,52,0,0,completed
8360,U8360,2025-10-19 08:44:00,2025-10-19 08:51:00,M,20~29,office,seoul,1,0,0,0,15,0,0,49,0,0,completed
8361,U8361,2025-12-30 15:44:00,2025-12-30 15:49:00,M,30~39,office,seoul,0,0,0,0,21,0,0,11,0,0,completed
8362,U8362,2025-05-29 14:21:00,2025-05-29 14:24:00,M,20~29,office,seoul,0,0,0,0,26,0,0,79,0,0,completed
8363,U8363,2025-09-23 13:36:00,2025-09-23 13:43:00,M,50+,office,seoul,0,0,0,0,7,0,0,77,1,0,completed
8364,U8364,2025-07-16 07:23:00,2025-07-16 07:28:00,M,20~29,office,seoul,0,0,0,0,7,0,0,64,0,0,timeout
8365,U8365,2025-02-06 19:06:00,2025-02-06 19:09:00,F,40~49,office,seoul,0,0,0,0,24,0,0,69,0,0,completed
8366,U8366,2025-05-10 12:34:00,2025-05-10 12:40:00,F,20~29,office,seoul,1,0,0,0,23,0,0,47,0,0,completed
8367,U8367,2025-06-08 18:30:00,2025-06-08 18:34:00,F,20~29,office,seoul,1,0,0,0,2,0,0,55,0,0,completed
8368,U8368,2025-09-20 07:58:00,2025-09-20 08:01:00,F,40~49,office,seoul,1,0,0,0,24,0,0,33,0,0,completed
8369,U8369,2025-10-15 12:55:00,2025-10-15 12:58:00,M,40~49,office,seoul,0,0,0,0,24,0,0,59,0,0,completed
8370,U8370,2025-07-29 09:30:00,2025-07-29 09:36:00,F,30~39,office,seoul,0,0,0,0,26,0,0,60,0,0,completed
8371,U8371,2025-10-12 17:29:00,2025-10-12 17:33:00,M,40~49,office,seoul,1,0,0,0,28,0,0,71,0,0,completed
8372,U8372,2025-02-25 11:36:00,2025-02-25 11:41:00,M,40~49,office,seoul,0,0,0,0,0,0,0,61,0,1,completed
8373,U8373,2025-03-29 07:33:00,2025-03-29 07:37:00,F,30~39,office,seoul,1,0,0,0,14,0,0,23,0,0,completed
8374,U8374,2025-02-10 11:18:00,2025-02-10 11:20:00,M,30~39,office,seoul,0,0,0,0,10,0,0,27,0,0,completed
8375,U8375,2025-01-21 15:07:00,2025-01-21 15:09:00,F,40~49,office,seoul,0,0,0,0,13,0,0,71,0,0,completed
8376,U8376,2025-08-18 11:57:00,2025-08-18 11:59:00,M,40~49,office,seoul,0,0,0,0,5,0,0,41,1,0,completed
8377,U8377,2025-12-04 08:16:00,2025-12-04 08:19:00,F,40~49,office,seoul,0,0,0,0,22,0,0,57,0,0,completed
8378,U8378,2025-02-22 16:58:00,2025-02-22 17:05:00,M,30~39,office,seoul,1,0,0,0,19,0,0,24,0,0,completed
8379,U8379,2025-08-16 13:01:00,2025-08-16 13:05:00,F,20~29,office,seoul,1,0,0,0,7,0,0,42,0,0,completed
8380,U8380,2025-09-23 09:26:00,2025-09-23 09:32:00,M,40~49,office,seoul,0,0,0,0,0,0,0,75,0,0,completed
8381,U8381,2025-09-17 07:32:00,2025-09-17 07:34:00,F,30~39,office,seoul,0,0,0,0,26,0,0,34,0,0,completed
8382,U8382,2025-01-08 18:01:00,2025-01-08 18:06:00,M,20~29,office,seoul,0,0,0,0,16,0,0,35,0,0,timeout
8383,U8383,2025-10-07 07:49:00,2025-10-07 07:52:00,M,30~39,office,seoul,0,0,0,0,5,0,0,49,0,0,completed
8384,U8384,2025-07-28 14:55:00,2025-07-28 15:00:00,F,30~39,office,seoul,0,0,0,0,0,0,0,47,0,0,completed
8385,U8385,2025-10-15 09:35:00,2025-10-15 09:38:00,F,40~49,office,seoul,0,0,0,0,1,0,0,74,0,0,completed
8386,U8386,2025-06-22 12:50:00,2025-06-22 12:57:00,M,40~49,office,seoul,1,0,0,0,6,0,0,58,0,0,completed
8387,U8387,2025-08-16 17:12:00,2025-08-16 17:16:00,M,20~29,office,seoul,1,0,0,0,29,0,0,43,0,0,completed
8388,U8388,2025-03-31 12:26:00,2025-03-31 12:32:00,F,50+,office,seoul,0,0,0,0,19,0,0,33,0,0,completed
8389,U8389,2025-10-28 12:03:00,2025-10-28 12:10:00,M,30~39,office,seoul,0,0,0,0,1,0,0,36,0,0,completed
8390,U8390,2025-02-23 09:05:00,2025-02-23 09:10:00,M,20~29,office,seoul,1,0,0,0,29,0,0,27,0,0,completed
8391,U8391,2025-11-01 19:20:00,2025-11-01 19:26:00,M,40~49,office,seoul,1,0,0,0,26,0,0,73,0,0,completed
8392,U8392,2025-01-25 16:20:00,2025-01-25 16:27:00,M,50+,office,seoul,1,0,0,0,29,0,0,70,0,0,completed
8393,U8393,2025-11-16 11:40:00,2025-11-16 11:45:00,F,30~39,office,seoul,1,0,0,0,28,0,0,49,0,0,error
8394,U8394,2025-07-05 09:33:00,2025-07-05 09:38:00,F,30~39,office,seoul,1,0,0,0,15,0,0,78,0,0,abandoned
8395,U8395,2025-10-31 18:31:00,2025-10-31 18:33:00,F,40~49,office,seoul,0,0,0,0,4,0,0,52,0,0,completed
8396,U8396,2025-12-29 07:14:00,2025-12-29 07:19:00,F,20~29,office,seoul,0,0,0,0,23,0,0,61,0,0,completed
8397,U8397,2025-02-06 14:25:00,2025-02-06 14:32:00,F,30~39,office,seoul,0,0,0,0,7,0,0,70,0,0,completed
8398,U8398,2025-11-12 12:14:00,2025-11-12 12:16:00,F,30~39,office,seoul,0,0,0,0,15,0,0,28,0,0,abandoned
8399,U8399,2025-09-02 16:02:00,2025-09-02 16:05:00,F,40~49,office,seoul,0,0,0,0,18,0,0,55,0,0,completed
8400,U8400,2025-04-01 16:17:00,2025-04-01 16:23:00,F,30~39,office,seoul,0,0,0,0,20,0,0,60,0,0,completed
8401,U8401,2025-12-11 17:27:00,2025-12-11 17:33:00,M,40~49,office,seoul,0,0,0,0,0,0,0,65,0,0,completed
8402,U8402,2025-12-02 12:08:00,2025-12-02 12:14:00,F,30~39,office,seoul,0,0,0,0,23,0,0,47,0,0,completed
8403,U8403,2025-08-10 13:19:00,2025-08-10 13:26:00,F,20~29,office,seoul,1,0,0,0,8,0,0,43,0,0,completed
8404,U8404,2025-04-04 08:14:00,2025-04-04 08:17:00,F,50+,office,seoul,0,0,0,0,7,0,0,14,0,0,completed
8405,U8405,2025-05-26 12:39:00,2025-05-26 12:43:00,F,40~49,office,seoul,0,0,0,0,28,0,0,70,0,0,completed
8406,U8406,2025-11-11 14:20:00,2025-11-11 14:23:00,F,50+,office,seoul,0,0,0,0,8,0,0,20,0,0,abandoned
8407,U8407,2025-08-16 11:57:00,2025-08-16 12:02:00,M,50+,office,seoul,1,0,0,0,4,0,0,48,0,0,completed
8408,U8408,2025-03-18 09:13:00,2025-03-18 09:18:00,M,30~39,office,seoul,0,0,0,0,29,0,0,69,0,0,completed
8409,U8409,2025-10-12 18:27:00,2025-10-12 18:30:00,M,40~49,office,seoul,1,0,0,0,28,0,0,39,0,0,completed
8410,U8410,2025-06-07 12:39:00,2025-06-07 12:43:00,M,50+,office,seoul,1,0,0,0,6,0,0,70,0,0,completed
8411,U8411,2025-11-02 15:10:00,2025-11-02 15:17:00,M,30~39,office,seoul,1,0,0,0,15,0,0,36,0,0,completed
8412,U8412,2025-03-07 12:24:00,2025-03-07 12:28:00,F,20~29,office,seoul,0,0,0,0,1,0,0,64,0,0,completed
8413,U8413,2025-01-03 15:04:00,2025-01-03 15:09:00,F,20~29,office,seoul,0,0,0,0,27,0,0,42,0,0,completed
8414,U8414,2025-11-23 22:15:00,2025-11-23 22:20:00,M,30~39,office,seoul,1,0,0,0,23,0,0,77,0,0,completed
8415,U8415,2025-06-12 08:19:00,2025-06-12 08:21:00,F,40~49,office,seoul,0,0,0,0,8,0,0,45,0,0,completed
8416,U8416,2025-02-12 11:47:00,2025-02-12 11:49:00,F,40~49,office,seoul,0,0,0,0,24,0,0,57,0,0,completed
8417,U8417,2025-02-13 21:24:00,2025-02-13 21:27:00,F,30~39,office,seoul,0,0,0,0,19,0,0,41,0,0,completed
8418,U8418,2025-06-06 16:03:00,2025-06-06 16:09:00,M,30~39,office,seoul,0,0,0,0,27,0,0,19,0,0,completed
8419,U8419,2025-04-05 15:27:00,2025-04-05 15:32:00,F,20~29,office,seoul,1,0,0,0,15,0,0,38,0,0,completed
8420,U8420,2025-04-28 20:26:00,2025-04-28 20:33:00,M,30~39,office,seoul,0,0,0,0,7,0,0,34,0,0,completed
8421,U8421,2025-07-25 09:50:00,2025-07-25 09:55:00,M,40~49,office,seoul,0,0,0,0,11,0,0,39,0,0,completed
8422,U8422,2025-01-01 15:48:00,2025-01-01 15:54:00,M,30~39,office,seoul,0,0,0,0,17,0,0,44,0,0,completed
8423,U8423,2025-08-25 18:26:00,2025-08-25 18:28:00,F,30~39,office,seoul,0,0,0,0,4,0,0,24,0,0,completed
8424,U8424,2025-03-30 13:08:00,2025-03-30 13:12:00,F,40~49,office,seoul,1,0,0,0,4,0,0,72,0,0,completed
8425,U8425,2025-06-15 16:23:00,2025-06-15 16:27:00,M,30~39,office,seoul,1,0,0,0,18,0,0,13,0,0,completed
8426,U8426,2025-01-26 13:16:00,2025-01-26 13:22:00,F,40~49,office,seoul,1,0,0,0,13,0,0,28,0,1,completed
8427,U8427,2025-04-03 12:26:00,2025-04-03 12:29:00,F,50+,office,seoul,0,0,0,0,14,0,0,56,0,0,completed
8428,U8428,2025-11-06 22:14:00,2025-11-06 22:17:00,M,20~29,office,seoul,0,0,0,0,29,0,0,35,0,0,completed
8429,U8429,2025-03-27 07:50:00,2025-03-27 07:54:00,F,20~29,office,seoul,0,0,0,0,2,0,0,76,0,0,completed
8430,U8430,2025-04-22 14:45:00,2025-04-22 14:50:00,M,30~39,office,seoul,0,0,0,0,28,0,0,16,0,0,completed
8431,U8431,2025-01-31 09:10:00,2025-01-31 09:15:00,F,50+,office,seoul,0,0,0,0,8,0,0,32,0,0,completed
8432,U8432,2025-11-26 12:32:00,2025-11-26 12:36:00,M,30~39,office,seoul,0,0,0,0,19,0,0,68,0,0,completed
8433,U8433,2025-02-15 09:55:00,2025-02-15 10:01:00,F,20~29,office,seoul,1,0,0,0,29,0,0,19,0,0,completed
8434,U8434,2025-09-30 20:29:00,2025-09-30 20:32:00,F,50+,office,seoul,0,0,0,0,6,0,0,32,0,0,completed
8435,U8435,2025-06-06 12:31:00,2025-06-06 12:36:00,M,20~29,office,seoul,0,0,0,0,23,0,0,26,0,0,completed
8436,U8436,2025-07-27 18:22:00,2025-07-27 18:24:00,F,40~49,office,seoul,1,0,0,0,19,0,0,19,0,0,completed
8437,U8437,2025-03-05 16:18:00,2025-03-05 16:21:00,M,20~29,office,seoul,0,0,0,0,24,0,0,52,0,0,completed
8438,U8438,2025-06-07 09:19:00,2025-06-07 09:24:00,F,20~29,office,seoul,1,0,0,0,15,0,0,50,0,0,completed
8439,U8439,2025-10-21 13:30:00,2025-10-21 13:36:00,M,30~39,office,seoul,0,0,0,0,0,0,0,14,0,0,completed
8440,U8440,2025-10-13 15:42:00,2025-10-13 15:49:00,F,20~29,office,seoul,0,0,0,0,27,0,0,34,0,0,completed
8441,U8441,2025-04-23 13:53:00,2025-04-23 14:00:00,M,30~39,office,seoul,0,0,0,0,6,0,0,30,0,0,completed
8442,U8442,2025-03-06 14:14:00,2025-03-06 14:17:00,M,20~29,office,seoul,0,0,0,0,13,0,0,24,0,1,completed
8443,U8443,2025-09-11 14:03:00,2025-09-11 14:08:00,M,30~39,office,seoul,0,0,0,0,19,0,0,33,0,0,completed
8444,U8444,2025-06-17 13:12:00,2025-06-17 13:15:00,F,20~29,office,seoul,0,0,0,0,3,0,0,43,0,0,completed
8445,U8445,2025-12-17 12:07:00,2025-12-17 12:11:00,F,30~39,office,seoul,0,0,0,0,26,0,0,33,0,0,completed
8446,U8446,2025-01-26 09:57:00,2025-01-26 10:02:00,M,50+,office,seoul,1,0,0,0,7,0,0,62,0,0,completed
8447,U8447,2025-12-21 16:47:00,2025-12-21 16:53:00,F,20~29,office,seoul,1,0,0,0,15,0,0,58,0,0,abandoned
8448,U8448,2025-06-03 17:14:00,2025-06-03 17:18:00,F,20~29,office,seoul,0,0,0,0,8,0,0,24,0,0,completed
8449,U8449,2025-10-24 17:18:00,2025-10-24 17:21:00,M,30~39,office,seoul,0,0,0,0,21,0,0,17,0,0,completed
8450,U8450,2025-12-25 12:58:00,2025-12-25 13:05:00,M,20~29,office,seoul,0,0,0,0,27,0,0,55,0,0,completed
8451,U8451,2025-05-16 15:32:00,2025-05-16 15:38:00,F,50+,office,seoul,0,0,0,0,8,0,0,75,1,0,completed
8452,U8452,2025-10-19 17:51:00,2025-10-19 17:54:00,M,50+,office,seoul,1,0,0,0,5,0,0,37,0,0,abandoned
8453,U8453,2025-02-15 17:48:00,2025-02-15 17:53:00,F,20~29,office,seoul,1,0,0,0,14,0,0,65,0,0,completed
8454,U8454,2025-01-20 07:51:00,2025-01-20 07:55:00,M,20~29,office,seoul,0,0,0,0,28,0,0,51,0,1,completed
8455,U8455,2025-09-10 11:55:00,2025-09-10 11:57:00,M,30~39,office,seoul,0,0,0,0,12,0,0,64,0,0,completed
8456,U8456,2025-05-15 13:49:00,2025-05-15 13:54:00,F,30~39,office,seoul,0,0,0,0,9,0,0,35,0,0,completed
8457,U8457,2025-03-29 09:45:00,2025-03-29 09:47:00,F,40~49,office,seoul,1,0,0,0,3,0,0,62,0,0,completed
8458,U8458,2025-11-30 08:15:00,2025-11-30 08:22:00,F,20~29,office,seoul,1,0,0,0,19,0,0,41,0,0,completed
8459,U8459,2025-07-06 09:50:00,2025-07-06 09:56:00,M,40~49,office,seoul,1,0,0,0,17,0,0,18,0,0,completed
8460,U8460,2025-10-10 11:09:00,2025-10-10 11:12:00,F,20~29,office,seoul,0,0,0,0,15,0,0,27,1,0,completed
8461,U8461,2025-01-20 17:03:00,2025-01-20 17:08:00,F,20~29,office,seoul,0,0,0,0,18,0,0,32,0,0,completed
8462,U8462,2025-03-26 12:46:00,2025-03-26 12:49:00,F,20~29,office,seoul,0,0,0,0,8,0,0,18,0,0,completed
8463,U8463,2025-12-15 12:11:00,2025-12-15 12:17:00,M,30~39,office,seoul,0,0,0,0,27,0,0,74,0,0,completed
8464,U8464,2025-06-22 17:17:00,2025-06-22 17:23:00,M,20~29,office,seoul,1,0,0,0,8,0,0,34,0,0,completed
8465,U8465,2025-07-29 11:23:00,2025-07-29 11:29:00,F,30~39,office,seoul,0,0,0,0,26,0,0,28,0,1,completed
8466,U8466,2025-02-28 16:26:00,2025-02-28 16:31:00,F,30~39,office,seoul,0,0,0,0,9,0,0,11,0,0,completed
8467,U8467,2025-06-01 13:51:00,2025-06-01 13:57:00,M,20~29,office,seoul,1,0,0,0,25,0,0,57,0,0,completed
8468,U8468,2025-08-10 09:51:00,2025-08-10 09:57:00,M,40~49,office,seoul,1,0,0,0,29,0,0,62,0,0,timeout
8469,U8469,2025-04-04 09:11:00,2025-04-04 09:16:00,M,40~49,office,seoul,0,0,0,0,23,0,0,71,0,0,completed
8470,U8470,2025-08-19 21:08:00,2025-08-19 21:12:00,F,50+,office,seoul,0,0,0,0,26,0,0,10,0,0,completed
8471,U8471,2025-03-23 09:36:00,2025-03-23 09:43:00,F,20~29,office,seoul,1,0,0,0,25,0,0,68,0,0,completed
8472,U8472,2025-12-31 08:22:00,2025-12-31 08:29:00,F,30~39,office,seoul,0,0,0,0,13,0,0,27,0,0,completed
8473,U8473,2025-01-09 08:59:00,2025-01-09 09:05:00,F,30~39,office,seoul,0,0,0,0,27,0,0,40,0,0,completed
8474,U8474,2025-04-13 07:51:00,2025-04-13 07:58:00,M,40~49,office,seoul,1,0,0,0,27,0,0,59,0,0,completed
8475,U8475,2025-09-03 15:37:00,2025-09-03 15:39:00,F,40~49,office,seoul,0,0,0,0,24,0,0,40,0,0,completed
8476,U8476,2025-10-01 15:56:00,2025-10-01 16:00:00,M,50+,office,seoul,0,0,0,0,28,0,0,56,0,0,completed
8477,U8477,2025-06-02 15:22:00,2025-06-02 15:27:00,F,20~29,office,seoul,0,0,0,0,11,0,0,79,0,0,completed
8478,U8478,2025-08-02 17:43:00,2025-08-02 17:46:00,M,20~29,office,seoul,1,0,0,0,8,0,0,50,0,0,completed
8479,U8479,2025-10-26 12:02:00,2025-10-26 12:07:00,M,50+,office,seoul,1,0,0,0,26,0,0,25,0,0,completed
8480,U8480,2025-07-14 07:10:00,2025-07-14 07:15:00,F,40~49,office,seoul,0,0,0,0,7,0,0,39,0,0,completed
8481,U8481,2025-05-08 09:06:00,2025-05-08 09:13:00,F,30~39,office,seoul,0,0,0,0,25,0,0,20,0,0,completed
8482,U8482,2025-04-14 09:36:00,2025-04-14 09:38:00,F,40~49,office,seoul,0,0,0,0,28,0,0,48,0,0,completed
8483,U8483,2025-11-26 16:09:00,2025-11-26 16:15:00,F,20~29,office,seoul,0,0,0,0,8,0,0,28,0,0,completed
8484,U8484,2025-05-25 11:22:00,2025-05-25 11:28:00,M,40~49,office,seoul,1,0,0,0,21,0,0,78,0,0,completed
8485,U8485,2025-01-14 16:26:00,2025-01-14 16:30:00,F,20~29,office,seoul,0,0,0,0,8,0,0,37,0,0,completed
8486,U8486,2025-05-29 15:50:00,2025-05-29 15:55:00,M,40~49,office,seoul,0,0,0,0,10,0,0,63,0,0,completed
8487,U8487,2025-10-12 14:31:00,2025-10-12 14:38:00,M,40~49,office,seoul,1,0,0,0,22,0,0,60,0,1,completed
8488,U8488,2025-05-09 14:27:00,2025-05-09 14:29:00,F,30~39,office,seoul,0,0,0,0,6,0,0,25,0,0,completed
8489,U8489,2025-09-12 15:55:00,2025-09-12 15:57:00,F,20~29,office,seoul,0,0,0,0,18,0,0,51,0,0,completed
8490,U8490,2025-11-10 17:43:00,2025-11-10 17:49:00,F,40~49,office,seoul,0,0,0,0,18,0,0,63,0,0,completed
8491,U8491,2025-02-06 17:07:00,2025-02-06 17:09:00,F,30~39,office,seoul,0,0,0,0,7,0,0,29,0,0,completed
8492,U8492,2025-10-01 17:29:00,2025-10-01 17:31:00,F,50+,office,seoul,0,0,0,0,22,0,0,42,0,0,completed
8493,U8493,2025-02-01 14:39:00,2025-02-01 14:45:00,M,40~49,office,seoul,1,0,0,0,27,0,0,34,0,0,completed
8494,U8494,2025-08-18 17:24:00,2025-08-18 17:29:00,F,20~29,office,seoul,0,0,0,0,2,0,0,27,0,0,completed
8495,U8495,2025-05-23 14:35:00,2025-05-23 14:41:00,F,50+,office,seoul,0,0,0,0,9,0,0,34,0,0,completed
8496,U8496,2025-05-30 08:10:00,2025-05-30 08:12:00,M,20~29,office,seoul,0,0,0,0,7,0,0,22,0,0,completed
8497,U8497,2025-02-23 09:05:00,2025-02-23 09:08:00,F,50+,office,seoul,1,0,0,0,13,0,0,65,0,0,completed
8498,U8498,2025-12-29 08:54:00,2025-12-29 09:00:00,M,50+,office,seoul,0,0,0,0,22,0,0,55,0,1,completed
8499,U8499,2025-08-28 16:14:00,2025-08-28 16:17:00,F,40~49,office,seoul,0,0,0,0,6,0,0,53,0,0,completed
8500,U8500,2025-09-26 09:19:00,2025-09-26 09:25:00,F,20~29,office,seoul,0,0,0,0,28,0,0,21,0,0,completed
8501,U8501,2025-04-13 08:02:00,2025-04-13 08:06:00,F,20~29,office,seoul,1,0,0,0,22,0,0,23,0,0,completed
8502,U8502,2025-06-14 08:47:00,2025-06-14 08:50:00,F,30~39,office,seoul,1,0,0,0,15,0,0,64,0,0,completed
8503,U8503,2025-05-05 17:19:00,2025-05-05 17:22:00,M,20~29,office,seoul,0,0,0,0,23,0,0,17,0,0,completed
8504,U8504,2025-06-06 16:34:00,2025-06-06 16:41:00,F,40~49,office,seoul,0,0,0,0,16,0,0,35,0,0,completed
8505,U8505,2025-07-02 14:31:00,2025-07-02 14:38:00,M,40~49,office,seoul,0,0,0,0,27,0,0,65,0,0,completed
8506,U8506,2025-01-29 12:35:00,2025-01-29 12:38:00,F,20~29,office,seoul,0,0,0,0,1,0,0,19,0,0,completed
8507,U8507,2025-04-30 08:07:00,2025-04-30 08:12:00,M,30~39,office,seoul,0,0,0,0,4,0,0,10,0,0,completed
8508,U8508,2025-10-07 15:35:00,2025-10-07 15:41:00,F,50+,office,seoul,0,0,0,0,2,0,0,33,0,0,completed
8509,U8509,2025-08-30 22:50:00,2025-08-30 22:52:00,M,40~49,office,seoul,1,0,0,0,27,0,0,72,0,0,completed
8510,U8510,2025-12-20 09:52:00,2025-12-20 09:57:00,M,30~39,office,seoul,1,0,0,0,4,0,0,74,0,0,completed
8511,U8511,2025-10-21 13:45:00,2025-10-21 13:48:00,M,50+,office,seoul,0,0,0,0,14,0,0,36,0,0,completed
8512,U8512,2025-02-08 13:41:00,2025-02-08 13:44:00,F,20~29,office,seoul,1,0,0,0,25,0,0,39,0,0,completed
8513,U8513,2025-01-27 16:18:00,2025-01-27 16:22:00,M,20~29,office,seoul,0,0,0,0,0,0,0,64,0,0,completed
8514,U8514,2025-02-14 17:13:00,2025-02-14 17:18:00,F,40~49,office,seoul,0,0,0,0,13,0,0,59,0,0,abandoned
8515,U8515,2025-01-07 14:00:00,2025-01-07 14:02:00,M,40~49,office,seoul,0,0,0,0,25,0,0,41,0,0,completed
8516,U8516,2025-08-30 13:28:00,2025-08-30 13:35:00,M,50+,office,seoul,1,0,0,0,1,0,0,14,0,0,completed
8517,U8517,2025-06-22 18:28:00,2025-06-22 18:32:00,M,40~49,office,seoul,1,0,0,0,7,0,0,78,0,0,completed
8518,U8518,2025-03-26 12:02:00,2025-03-26 12:07:00,F,30~39,office,seoul,0,0,0,0,7,0,0,47,0,0,completed
8519,U8519,2025-09-28 19:00:00,2025-09-28 19:03:00,F,20~29,office,seoul,1,0,0,0,13,0,0,10,0,0,completed
8520,U8520,2025-04-09 18:29:00,2025-04-09 18:31:00,F,20~29,office,seoul,0,0,0,0,26,0,0,17,0,0,completed
8521,U8521,2025-08-24 12:19:00,2025-08-24 12:24:00,F,50+,office,seoul,1,0,0,0,27,0,0,63,0,0,completed
8522,U8522,2025-06-02 15:53:00,2025-06-02 16:00:00,F,20~29,office,seoul,0,0,0,0,7,0,0,57,0,0,completed
8523,U8523,2025-06-13 07:59:00,2025-06-13 08:04:00,M,30~39,office,seoul,0,0,0,0,27,0,0,34,0,0,completed
8524,U8524,2025-01-13 13:02:00,2025-01-13 13:07:00,M,30~39,office,seoul,0,0,0,0,23,0,0,38,0,0,completed
8525,U8525,2025-02-03 17:44:00,2025-02-03 17:50:00,M,20~29,office,seoul,0,0,0,0,9,0,0,19,0,0,completed
8526,U8526,2025-01-10 12:09:00,2025-01-10 12:11:00,F,30~39,office,seoul,0,0,0,0,14,0,0,70,0,0,completed
8527,U8527,2025-07-24 17:08:00,2025-07-24 17:11:00,M,50+,office,seoul,0,0,0,0,13,0,0,64,0,0,completed
8528,U8528,2025-05-20 12:56:00,2025-05-20 12:59:00,F,30~39,office,seoul,0,0,0,0,25,0,0,69,0,0,completed
8529,U8529,2025-11-04 16:32:00,2025-11-04 16:37:00,F,20~29,office,seoul,0,0,0,0,27,0,0,13,0,0,completed
8530,U8530,2025-02-24 09:40:00,2025-02-24 09:43:00,F,30~39,office,seoul,0,0,0,0,20,0,0,72,0,0,abandoned
8531,U8531,2025-12-16 12:06:00,2025-12-16 12:12:00,M,20~29,office,seoul,0,0,0,0,11,0,0,45,0,0,completed
8532,U8532,2025-09-08 12:19:00,2025-09-08 12:25:00,F,30~39,office,seoul,0,0,0,0,16,0,0,34,0,0,abandoned
8533,U8533,2025-04-02 12:32:00,2025-04-02 12:34:00,F,20~29,office,seoul,0,0,0,0,14,0,0,59,0,0,completed
8534,U8534,2025-08-24 12:25:00,2025-08-24 12:31:00,F,50+,office,seoul,1,0,0,0,26,0,0,73,0,0,error
8535,U8535,2025-11-20 09:40:00,2025-11-20 09:43:00,F,20~29,office,seoul,0,0,0,0,16,0,0,77,0,0,completed
8536,U8536,2025-11-15 15:18:00,2025-11-15 15:24:00,F,20~29,office,seoul,1,0,0,0,12,0,0,36,0,0,completed
8537,U8537,2025-05-20 18:34:00,2025-05-20 18:36:00,F,40~49,office,seoul,0,0,0,0,22,0,0,52,0,0,completed
8538,U8538,2025-01-02 12:52:00,2025-01-02 12:54:00,F,20~29,office,seoul,0,0,0,0,10,0,0,12,0,0,completed
8539,U8539,2025-11-09 15:51:00,2025-11-09 15:55:00,M,50+,office,seoul,1,0,0,0,28,0,0,21,0,0,completed
8540,U8540,2025-05-23 11:41:00,2025-05-23 11:48:00,M,50+,office,seoul,0,0,0,0,19,0,0,78,0,0,completed
8541,U8541,2025-05-24 09:40:00,2025-05-24 09:46:00,F,30~39,office,seoul,1,0,0,0,18,0,0,58,0,0,completed
8542,U8542,2025-06-23 08:02:00,2025-06-23 08:08:00,M,30~39,office,seoul,0,0,0,0,23,0,0,75,0,0,completed
8543,U8543,2025-03-17 08:53:00,2025-03-17 08:59:00,F,30~39,office,seoul,0,0,0,0,14,0,0,78,0,0,completed
8544,U8544,2025-09-04 17:17:00,2025-09-04 17:20:00,M,20~29,office,seoul,0,0,0,0,6,0,0,73,0,0,completed
8545,U8545,2025-07-14 08:05:00,2025-07-14 08:12:00,F,20~29,office,seoul,0,0,0,0,27,0,0,40,0,0,completed
8546,U8546,2025-11-03 09:30:00,2025-11-03 09:36:00,F,40~49,office,seoul,0,0,0,0,12,0,0,25,0,0,completed
8547,U8547,2025-02-22 09:03:00,2025-02-22 09:06:00,M,50+,office,seoul,1,0,0,0,21,0,0,47,0,0,completed
8548,U8548,2025-06-30 08:39:00,2025-06-30 08:45:00,M,30~39,office,seoul,0,0,0,0,4,0,0,21,0,0,completed
8549,U8549,2025-10-31 12:21:00,2025-10-31 12:24:00,F,30~39,office,seoul,0,0,0,0,13,0,0,31,0,0,completed
8550,U8550,2025-02-05 17:29:00,2025-02-05 17:36:00,M,30~39,office,seoul,0,0,0,0,7,0,0,58,0,0,abandoned
8551,U8551,2025-01-24 13:28:00,2025-01-24 13:34:00,F,20~29,office,seoul,0,0,0,0,9,0,0,60,0,0,timeout
8552,U8552,2025-02-20 11:12:00,2025-02-20 11:14:00,F,30~39,office,seoul,0,0,0,0,2,0,0,61,0,0,abandoned
8553,U8553,2025-03-02 20:56:00,2025-03-02 21:01:00,M,30~39,office,seoul,1,0,0,0,23,0,0,71,0,0,completed
8554,U8554,2025-01-27 17:24:00,2025-01-27 17:26:00,F,40~49,office,seoul,0,0,0,0,25,0,0,37,0,0,completed
8555,U8555,2025-01-15 12:15:00,2025-01-15 12:22:00,M,30~39,office,seoul,0,0,0,0,0,0,0,39,0,0,completed
8556,U8556,2025-01-21 17:25:00,2025-01-21 17:31:00,F,20~29,office,seoul,0,0,0,0,5,0,0,23,0,0,completed
8557,U8557,2025-12-26 19:13:00,2025-12-26 19:19:00,F,50+,office,seoul,0,0,0,0,20,0,0,44,0,0,completed
8558,U8558,2025-06-21 07:55:00,2025-06-21 08:00:00,F,20~29,office,seoul,1,0,0,0,15,0,0,25,0,0,completed
8559,U8559,2025-11-21 14:11:00,2025-11-21 14:14:00,F,20~29,office,seoul,0,0,0,0,21,0,0,13,0,0,completed
8560,U8560,2025-11-16 14:22:00,2025-11-16 14:25:00,F,20~29,office,seoul,1,0,0,0,4,0,0,64,0,0,completed
8561,U8561,2025-01-31 07:27:00,2025-01-31 07:33:00,M,20~29,office,seoul,0,0,0,0,24,0,0,75,0,0,completed
8562,U8562,2025-09-05 13:03:00,2025-09-05 13:09:00,M,30~39,office,seoul,0,0,0,0,8,0,0,32,0,0,completed
8563,U8563,2025-11-26 16:12:00,2025-11-26 16:14:00,M,20~29,office,seoul,0,0,0,0,4,0,0,48,0,0,completed
8564,U8564,2025-11-25 14:33:00,2025-11-25 14:36:00,M,20~29,office,seoul,0,0,0,0,20,0,0,62,0,0,completed
8565,U8565,2025-09-25 17:14:00,2025-09-25 17:19:00,F,30~39,office,seoul,0,0,0,0,6,0,0,68,0,0,completed
8566,U8566,2025-08-22 13:01:00,2025-08-22 13:04:00,F,50+,office,seoul,0,0,0,0,2,0,0,35,0,0,completed
8567,U8567,2025-04-19 13:27:00,2025-04-19 13:31:00,F,30~39,office,seoul,1,0,0,0,8,0,0,77,0,0,error
8568,U8568,2025-11-11 09:47:00,2025-11-11 09:54:00,M,40~49,office,seoul,0,0,0,0,1,0,0,16,0,0,completed
8569,U8569,2025-01-29 11:31:00,2025-01-29 11:33:00,M,40~49,office,seoul,0,0,0,0,22,0,0,72,0,0,completed
8570,U8570,2025-04-21 20:33:00,2025-04-21 20:38:00,M,40~49,office,seoul,0,0,0,0,25,0,0,44,0,0,completed
8571,U8571,2025-08-01 07:21:00,2025-08-01 07:23:00,M,40~49,office,seoul,0,0,0,0,4,0,0,33,0,0,completed
8572,U8572,2025-07-16 20:56:00,2025-07-16 21:00:00,M,30~39,office,seoul,0,0,0,0,13,0,0,41,0,0,completed
8573,U8573,2025-08-04 09:56:00,2025-08-04 10:00:00,F,20~29,office,seoul,0,0,0,0,2,0,0,21,0,0,completed
8574,U8574,2025-02-03 09:55:00,2025-02-03 09:59:00,F,20~29,office,seoul,0,0,0,0,5,0,0,58,0,0,completed
8575,U8575,2025-02-20 09:45:00,2025-02-20 09:51:00,M,20~29,office,seoul,0,0,0,0,17,0,0,65,0,0,completed
8576,U8576,2025-01-29 17:07:00,2025-01-29 17:10:00,F,40~49,office,seoul,0,0,0,0,4,0,0,50,0,0,completed
8577,U8577,2025-04-15 15:07:00,2025-04-15 15:11:00,M,20~29,office,seoul,0,0,0,0,12,0,0,61,0,0,completed
8578,U8578,2025-02-17 17:21:00,2025-02-17 17:24:00,M,30~39,office,seoul,0,0,0,0,18,0,0,47,0,0,completed
8579,U8579,2025-09-02 15:21:00,2025-09-02 15:26:00,M,30~39,office,seoul,0,0,0,0,27,0,0,13,0,0,completed
8580,U8580,2025-10-12 22:38:00,2025-10-12 22:45:00,M,40~49,office,seoul,1,0,0,0,20,0,0,18,0,0,completed
8581,U8581,2025-08-24 13:00:00,2025-08-24 13:03:00,M,20~29,office,seoul,1,0,0,0,4,0,0,24,0,0,completed
8582,U8582,2025-11-09 12:41:00,2025-11-09 12:43:00,F,40~49,office,seoul,1,0,0,0,20,0,0,51,0,0,completed
8583,U8583,2025-10-21 17:25:00,2025-10-21 17:30:00,M,30~39,office,seoul,0,0,0,0,1,0,0,53,0,0,completed
8584,U8584,2025-02-22 15:00:00,2025-02-22 15:03:00,F,20~29,office,seoul,1,0,0,0,29,0,0,35,0,0,completed
8585,U8585,2025-09-09 22:40:00,2025-09-09 22:42:00,F,30~39,office,seoul,0,0,0,0,7,0,0,37,0,0,completed
8586,U8586,2025-12-28 15:21:00,2025-12-28 15:28:00,F,30~39,office,seoul,1,0,0,0,26,0,0,28,0,0,completed
8587,U8587,2025-12-30 15:14:00,2025-12-30 15:21:00,F,20~29,office,seoul,0,0,0,0,11,0,0,38,0,0,completed
8588,U8588,2025-07-10 09:29:00,2025-07-10 09:31:00,F,30~39,office,seoul,0,0,0,0,22,0,0,57,0,0,completed
8589,U8589,2025-02-20 09:49:00,2025-02-20 09:55:00,F,20~29,office,seoul,0,0,0,0,18,0,0,13,0,0,completed
8590,U8590,2025-04-30 12:16:00,2025-04-30 12:19:00,M,30~39,office,seoul,0,0,0,0,20,0,0,57,0,0,completed
8591,U8591,2025-10-20 14:44:00,2025-10-20 14:49:00,F,40~49,office,seoul,0,0,0,0,16,0,0,56,0,0,completed
8592,U8592,2025-05-20 18:48:00,2025-05-20 18:51:00,F,50+,office,seoul,0,0,0,0,6,0,0,60,0,0,abandoned
8593,U8593,2025-06-24 12:38:00,2025-06-24 12:42:00,F,50+,office,seoul,0,0,0,0,0,0,0,20,0,0,completed
8594,U8594,2025-10-17 09:52:00,2025-10-17 09:58:00,M,30~39,office,seoul,0,0,0,0,29,0,0,30,0,0,completed
8595,U8595,2025-01-19 15:59:00,2025-01-19 16:04:00,M,20~29,office,seoul,1,0,0,0,29,0,0,77,0,0,completed
8596,U8596,2025-04-05 14:34:00,2025-04-05 14:36:00,M,20~29,office,seoul,1,0,0,0,5,0,0,63,0,0,completed
8597,U8597,2025-01-30 16:06:00,2025-01-30 16:11:00,F,30~39,office,seoul,0,0,0,0,23,0,0,75,0,0,completed
8598,U8598,2025-06-24 08:48:00,2025-06-24 08:52:00,F,30~39,office,seoul,0,0,0,0,9,0,0,68,0,0,completed
8599,U8599,2025-01-05 14:14:00,2025-01-05 14:18:00,F,50+,office,seoul,1,0,0,0,10,0,0,73,0,1,completed
8600,U8600,2025-03-18 15:30:00,2025-03-18 15:37:00,M,40~49,office,seoul,0,0,0,0,9,0,0,30,0,0,completed
8601,U8601,2025-03-21 15:17:00,2025-03-21 15:23:00,F,40~49,office,seoul,0,0,0,0,22,0,0,38,0,0,completed
8602,U8602,2025-10-31 11:16:00,2025-10-31 11:22:00,F,50+,office,seoul,0,0,0,0,15,0,0,70,0,0,completed
8603,U8603,2025-06-20 18:22:00,2025-06-20 18:29:00,F,20~29,office,seoul,0,0,0,0,9,0,0,35,0,0,completed
8604,U8604,2025-05-17 18:00:00,2025-05-17 18:05:00,F,30~39,office,seoul,1,0,0,0,2,0,0,29,0,0,timeout
8605,U8605,2025-12-12 09:30:00,2025-12-12 09:35:00,M,30~39,office,seoul,0,0,0,0,11,0,0,67,0,0,completed
8606,U8606,2025-03-29 14:28:00,2025-03-29 14:35:00,M,20~29,office,seoul,1,0,0,0,4,0,0,27,0,0,completed
8607,U8607,2025-05-24 18:32:00,2025-05-24 18:34:00,M,20~29,office,seoul,1,0,0,0,16,0,0,19,0,0,completed
8608,U8608,2025-06-17 16:33:00,2025-06-17 16:39:00,F,20~29,office,seoul,0,0,0,0,28,0,0,19,0,0,completed
8609,U8609,2025-07-15 15:35:00,2025-07-15 15:37:00,M,20~29,office,seoul,0,0,0,0,22,0,0,23,0,0,completed
8610,U8610,2025-04-17 13:32:00,2025-04-17 13:37:00,F,20~29,office,seoul,0,0,0,0,1,0,0,21,0,0,abandoned
8611,U8611,2025-07-06 12:01:00,2025-07-06 12:03:00,F,20~29,office,seoul,1,0,0,0,28,0,0,12,0,0,completed
8612,U8612,2025-01-28 15:10:00,2025-01-28 15:15:00,F,30~39,office,seoul,0,0,0,0,19,0,0,34,0,0,abandoned
8613,U8613,2025-10-11 14:24:00,2025-10-11 14:27:00,F,50+,office,seoul,1,0,0,0,11,0,0,36,0,0,completed
8614,U8614,2025-09-02 08:49:00,2025-09-02 08:51:00,M,20~29,office,seoul,0,0,0,0,15,0,0,67,0,0,completed
8615,U8615,2025-08-26 15:27:00,2025-08-26 15:32:00,F,30~39,office,seoul,0,0,0,0,12,0,0,21,0,0,completed
8616,U8616,2025-05-30 09:26:00,2025-05-30 09:33:00,F,20~29,office,seoul,0,0,0,0,25,0,0,78,0,0,completed
8617,U8617,2025-07-05 09:57:00,2025-07-05 10:00:00,M,20~29,office,seoul,1,0,0,0,2,0,0,45,0,0,completed
8618,U8618,2025-08-08 18:54:00,2025-08-08 18:58:00,M,50+,office,seoul,0,0,0,0,1,0,0,31,1,0,completed
8619,U8619,2025-04-29 19:40:00,2025-04-29 19:42:00,M,30~39,office,seoul,0,0,0,0,16,0,0,79,0,0,completed
8620,U8620,2025-12-11 08:27:00,2025-12-11 08:31:00,F,30~39,office,seoul,0,0,0,0,7,0,0,47,1,0,abandoned
8621,U8621,2025-09-23 09:01:00,2025-09-23 09:04:00,F,40~49,office,seoul,0,0,0,0,0,0,0,71,0,0,completed
8622,U8622,2025-07-15 15:41:00,2025-07-15 15:45:00,F,40~49,office,seoul,0,0,0,0,15,0,0,56,0,0,completed
8623,U8623,2025-09-17 13:56:00,2025-09-17 14:02:00,F,30~39,office,seoul,0,0,0,0,18,0,0,22,0,0,completed
8624,U8624,2025-10-17 14:54:00,2025-10-17 15:00:00,F,20~29,office,seoul,0,0,0,0,28,0,0,16,0,0,completed
8625,U8625,2025-05-19 12:30:00,2025-05-19 12:32:00,F,50+,office,seoul,0,0,0,0,7,0,0,57,0,0,completed
8626,U8626,2025-07-06 12:01:00,2025-07-06 12:04:00,F,20~29,office,seoul,1,0,0,0,27,0,0,38,0,0,completed
8627,U8627,2025-03-10 12:10:00,2025-03-10 12:17:00,F,50+,office,seoul,0,0,0,0,22,0,0,76,0,0,completed
8628,U8628,2025-05-19 18:48:00,2025-05-19 18:54:00,F,30~39,office,seoul,0,0,0,0,28,0,0,36,0,0,completed
8629,U8629,2025-02-19 08:46:00,2025-02-19 08:49:00,F,20~29,office,seoul,0,0,0,0,7,0,0,12,0,0,completed
8630,U8630,2025-03-31 07:55:00,2025-03-31 08:00:00,M,20~29,office,seoul,0,0,0,0,3,0,0,36,0,0,completed
8631,U8631,2025-03-06 14:29:00,2025-03-06 14:35:00,M,50+,office,seoul,0,0,0,0,26,0,0,70,0,0,completed
8632,U8632,2025-01-28 12:25:00,2025-01-28 12:28:00,F,40~49,office,seoul,0,0,0,0,12,0,0,61,0,0,completed
8633,U8633,2025-01-13 14:42:00,2025-01-13 14:47:00,F,20~29,office,seoul,0,0,0,0,23,0,0,66,0,0,completed
8634,U8634,2025-02-13 20:58:00,2025-02-13 21:00:00,M,20~29,office,seoul,0,0,0,0,22,0,0,34,0,0,completed
8635,U8635,2025-08-31 09:09:00,2025-08-31 09:15:00,F,40~49,office,seoul,1,0,0,0,22,0,0,18,0,0,completed
8636,U8636,2025-10-09 09:22:00,2025-10-09 09:26:00,M,20~29,office,seoul,0,0,0,0,16,0,0,59,0,0,completed
8637,U8637,2025-09-06 11:01:00,2025-09-06 11:08:00,F,40~49,office,seoul,1,0,0,0,3,0,0,16,0,0,completed
8638,U8638,2025-02-05 11:23:00,2025-02-05 11:28:00,F,30~39,office,seoul,0,0,0,0,14,0,0,29,0,0,completed
8639,U8639,2025-02-17 19:57:00,2025-02-17 19:59:00,F,20~29,office,seoul,0,0,0,0,11,0,0,43,0,0,completed
8640,U8640,2025-03-04 11:15:00,2025-03-04 11:22:00,M,30~39,office,seoul,0,0,0,0,25,0,0,79,0,0,timeout
8641,U8641,2025-12-21 19:50:00,2025-12-21 19:53:00,F,40~49,office,seoul,1,0,0,0,8,0,0,54,0,0,completed
8642,U8642,2025-03-30 14:47:00,2025-03-30 14:53:00,F,30~39,office,seoul,1,0,0,0,22,0,0,73,0,0,completed
8643,U8643,2025-05-11 15:39:00,2025-05-11 15:42:00,F,20~29,office,seoul,1,0,0,0,16,0,0,20,0,0,abandoned
8644,U8644,2025-01-16 09:46:00,2025-01-16 09:48:00,M,40~49,office,seoul,0,0,0,0,4,0,0,71,0,0,completed
8645,U8645,2025-09-16 08:50:00,2025-09-16 08:55:00,F,30~39,office,seoul,0,0,0,0,3,0,0,59,0,0,completed
8646,U8646,2025-02-19 12:47:00,2025-02-19 12:50:00,F,20~29,office,seoul,0,0,0,0,28,0,0,78,0,0,abandoned
8647,U8647,2025-06-29 07:08:00,2025-06-29 07:11:00,F,30~39,office,seoul,1,0,0,0,1,0,0,61,0,0,completed
8648,U8648,2025-12-15 17:37:00,2025-12-15 17:44:00,M,20~29,office,seoul,0,0,0,0,2,0,0,77,0,0,completed
8649,U8649,2025-08-02 12:39:00,2025-08-02 12:42:00,M,50+,office,seoul,1,0,0,0,19,0,0,58,0,0,completed
8650,U8650,2025-03-12 08:13:00,2025-03-12 08:17:00,F,30~39,office,seoul,0,0,0,0,20,0,0,64,0,0,completed
8651,U8651,2025-01-09 15:22:00,2025-01-09 15:26:00,M,30~39,office,seoul,0,0,0,0,0,0,0,18,0,0,completed
8652,U8652,2025-05-02 15:10:00,2025-05-02 15:14:00,M,50+,office,seoul,0,0,0,0,15,0,0,77,0,0,completed
8653,U8653,2025-07-19 15:32:00,2025-07-19 15:38:00,F,20~29,office,seoul,1,0,0,0,29,0,0,25,0,0,timeout
8654,U8654,2025-07-12 20:48:00,2025-07-12 20:54:00,M,40~49,office,seoul,1,0,0,0,6,0,0,46,1,0,completed
8655,U8655,2025-07-26 08:38:00,2025-07-26 08:42:00,M,50+,office,seoul,1,0,0,0,11,0,0,10,0,0,completed
8656,U8656,2025-08-01 16:39:00,2025-08-01 16:44:00,M,30~39,office,seoul,0,0,0,0,13,0,0,23,0,0,completed
8657,U8657,2025-11-27 18:06:00,2025-11-27 18:08:00,M,20~29,office,seoul,0,0,0,0,2,0,0,25,0,0,completed
8658,U8658,2025-08-13 08:15:00,2025-08-13 08:20:00,F,40~49,office,seoul,0,0,0,0,20,0,0,37,0,0,completed
8659,U8659,2025-07-03 14:55:00,2025-07-03 15:02:00,M,30~39,office,seoul,0,0,0,0,23,0,0,36,0,0,completed
8660,U8660,2025-11-23 11:28:00,2025-11-23 11:32:00,F,20~29,office,seoul,1,0,0,0,19,0,0,50,0,0,completed
8661,U8661,2025-07-18 11:01:00,2025-07-18 11:06:00,M,50+,office,seoul,0,0,0,0,22,0,0,22,0,0,completed
8662,U8662,2025-12-22 13:18:00,2025-12-22 13:20:00,F,30~39,office,seoul,0,0,0,0,13,0,0,11,0,0,completed
8663,U8663,2025-01-23 09:42:00,2025-01-23 09:47:00,F,50+,office,seoul,0,0,0,0,18,0,0,19,0,1,completed
8664,U8664,2025-02-02 08:57:00,2025-02-02 08:59:00,F,40~49,office,seoul,1,0,0,0,29,0,0,75,0,0,completed
8665,U8665,2025-07-24 09:41:00,2025-07-24 09:44:00,M,30~39,office,seoul,0,0,0,0,1,0,0,40,0,0,completed
8666,U8666,2025-08-01 16:23:00,2025-08-01 16:25:00,M,30~39,office,seoul,0,0,0,0,15,0,0,63,0,0,abandoned
8667,U8667,2025-02-05 08:11:00,2025-02-05 08:16:00,M,50+,office,seoul,0,0,0,0,15,0,0,48,0,0,completed
8668,U8668,2025-05-08 14:31:00,2025-05-08 14:34:00,M,30~39,office,seoul,0,0,0,0,16,0,0,76,0,0,completed
8669,U8669,2025-01-19 19:53:00,2025-01-19 20:00:00,F,50+,office,seoul,1,0,0,0,23,0,0,44,0,1,completed
8670,U8670,2025-01-18 20:20:00,2025-01-18 20:24:00,F,30~39,office,seoul,1,0,0,0,18,0,0,26,0,0,abandoned
8671,U8671,2025-03-09 07:44:00,2025-03-09 07:46:00,F,30~39,office,seoul,1,0,0,0,0,0,0,49,0,0,completed
8672,U8672,2025-02-03 09:31:00,2025-02-03 09:37:00,M,40~49,office,seoul,0,0,0,0,2,0,0,38,0,0,abandoned
8673,U8673,2025-07-25 16:47:00,2025-07-25 16:53:00,F,50+,office,seoul,0,0,0,0,1,0,0,24,0,0,completed
8674,U8674,2025-09-29 15:00:00,2025-09-29 15:02:00,F,50+,office,seoul,0,0,0,0,9,0,0,54,0,0,completed
8675,U8675,2025-07-30 18:05:00,2025-07-30 18:09:00,F,20~29,office,seoul,0,0,0,0,21,0,0,72,0,0,abandoned
8676,U8676,2025-11-16 14:09:00,2025-11-16 14:14:00,F,30~39,office,seoul,1,0,0,0,2,0,0,62,0,0,completed
8677,U8677,2025-06-02 09:51:00,2025-06-02 09:57:00,M,40~49,office,seoul,0,0,0,0,17,0,0,71,0,0,completed
8678,U8678,2025-04-05 09:31:00,2025-04-05 09:38:00,F,50+,office,seoul,1,0,0,0,18,0,0,64,0,0,completed
8679,U8679,2025-02-02 15:49:00,2025-02-02 15:54:00,M,20~29,office,seoul,1,0,0,0,27,0,0,67,0,0,completed
8680,U8680,2025-10-05 07:17:00,2025-10-05 07:22:00,F,30~39,office,seoul,1,0,0,0,15,0,0,60,0,0,completed
8681,U8681,2025-07-15 14:45:00,2025-07-15 14:50:00,F,20~29,office,seoul,0,0,0,0,13,0,0,56,0,0,completed
8682,U8682,2025-05-30 11:17:00,2025-05-30 11:21:00,F,20~29,office,seoul,0,0,0,0,18,0,0,37,0,0,completed
8683,U8683,2025-01-18 16:03:00,2025-01-18 16:09:00,F,20~29,office,seoul,1,0,0,0,6,0,0,72,0,0,completed
8684,U8684,2025-10-26 15:48:00,2025-10-26 15:51:00,M,50+,office,seoul,1,0,0,0,24,0,0,68,0,0,completed
8685,U8685,2025-07-12 14:23:00,2025-07-12 14:30:00,M,50+,office,seoul,1,0,0,0,1,0,0,43,0,0,completed
8686,U8686,2025-12-06 14:11:00,2025-12-06 14:13:00,M,50+,office,seoul,1,0,0,0,26,0,0,37,0,1,completed
8687,U8687,2025-02-13 09:33:00,2025-02-13 09:40:00,F,50+,office,seoul,0,0,0,0,13,0,0,28,0,0,completed
8688,U8688,2025-03-16 19:32:00,2025-03-16 19:37:00,M,30~39,office,seoul,1,0,0,0,9,0,0,13,1,0,completed
8689,U8689,2025-06-15 13:16:00,2025-06-15 13:18:00,F,30~39,office,seoul,1,0,0,0,1,0,0,20,0,1,completed
8690,U8690,2025-04-15 15:03:00,2025-04-15 15:05:00,F,40~49,office,seoul,0,0,0,0,4,0,0,40,0,1,completed
8691,U8691,2025-05-23 09:08:00,2025-05-23 09:15:00,M,20~29,office,seoul,0,0,0,0,7,0,0,15,0,0,completed
8692,U8692,2025-01-23 16:09:00,2025-01-23 16:16:00,M,40~49,office,seoul,0,0,0,0,23,0,0,23,0,0,completed
8693,U8693,2025-11-26 15:00:00,2025-11-26 15:07:00,M,50+,office,seoul,0,0,0,0,24,0,0,62,1,0,completed
8694,U8694,2025-05-05 15:19:00,2025-05-05 15:23:00,F,40~49,office,seoul,0,0,0,0,29,0,0,13,0,0,completed
8695,U8695,2025-01-11 13:19:00,2025-01-11 13:25:00,F,20~29,office,seoul,1,0,0,0,4,0,0,59,0,0,completed
8696,U8696,2025-02-10 09:58:00,2025-02-10 10:02:00,F,50+,office,seoul,0,0,0,0,24,0,0,56,0,0,completed
8697,U8697,2025-01-18 19:04:00,2025-01-18 19:10:00,M,40~49,office,seoul,1,0,0,0,9,0,0,75,0,0,completed
8698,U8698,2025-06-11 09:52:00,2025-06-11 09:58:00,F,20~29,office,seoul,0,0,0,0,2,0,0,21,0,0,completed
8699,U8699,2025-05-26 09:07:00,2025-05-26 09:14:00,F,20~29,office,seoul,0,0,0,0,3,0,0,18,0,0,completed
8700,U8700,2025-06-17 14:39:00,2025-06-17 14:43:00,F,40~49,office,seoul,0,0,0,0,2,0,0,52,0,0,completed
8701,U8701,2025-07-11 12:20:00,2025-07-11 12:22:00,F,20~29,office,seoul,0,0,0,0,3,0,0,60,0,0,completed
8702,U8702,2025-08-12 07:43:00,2025-08-12 07:45:00,F,20~29,office,seoul,0,0,0,0,24,0,0,26,0,0,timeout
8703,U8703,2025-03-12 14:52:00,2025-03-12 14:56:00,F,20~29,office,seoul,0,0,0,0,28,0,0,58,0,0,completed
8704,U8704,2025-11-04 09:33:00,2025-11-04 09:37:00,M,30~39,office,seoul,0,0,0,0,6,0,0,38,0,0,completed
8705,U8705,2025-02-05 11:50:00,2025-02-05 11:53:00,M,50+,office,seoul,0,0,0,0,21,0,0,47,0,0,completed
8706,U8706,2025-07-31 18:00:00,2025-07-31 18:02:00,M,40~49,office,seoul,0,0,0,0,3,0,0,24,0,0,completed
8707,U8707,2025-06-17 18:22:00,2025-06-17 18:29:00,F,20~29,office,seoul,0,0,0,0,12,0,0,15,0,0,completed
8708,U8708,2025-06-23 13:11:00,2025-06-23 13:14:00,F,30~39,office,seoul,0,0,0,0,13,0,0,52,0,0,completed
8709,U8709,2025-09-05 11:01:00,2025-09-05 11:08:00,M,20~29,office,seoul,0,0,0,0,21,0,0,19,0,0,completed
8710,U8710,2025-06-27 15:17:00,2025-06-27 15:21:00,F,40~49,office,seoul,0,0,0,0,5,0,0,13,0,1,completed
8711,U8711,2025-09-21 15:41:00,2025-09-21 15:46:00,M,20~29,office,seoul,1,0,0,0,13,0,0,49,0,0,completed
8712,U8712,2025-05-25 19:15:00,2025-05-25 19:22:00,F,40~49,office,seoul,1,0,0,0,29,0,0,66,0,0,abandoned
8713,U8713,2025-11-18 12:15:00,2025-11-18 12:20:00,M,50+,office,seoul,0,0,0,0,12,0,0,67,0,0,completed
8714,U8714,2025-12-26 12:35:00,2025-12-26 12:39:00,F,30~39,office,seoul,0,0,0,0,17,0,0,51,0,0,completed
8715,U8715,2025-09-25 12:16:00,2025-09-25 12:20:00,M,40~49,office,seoul,0,0,0,0,16,0,0,35,0,0,completed
8716,U8716,2025-05-12 17:20:00,2025-05-12 17:23:00,M,20~29,office,seoul,0,0,0,0,6,0,0,72,0,0,completed
8717,U8717,2025-03-07 08:05:00,2025-03-07 08:08:00,M,30~39,office,seoul,0,0,0,0,4,0,0,29,0,0,completed
8718,U8718,2025-04-10 12:45:00,2025-04-10 12:48:00,M,20~29,office,seoul,0,0,0,0,12,0,0,55,0,0,completed
8719,U8719,2025-03-30 16:41:00,2025-03-30 16:46:00,F,40~49,office,seoul,1,0,0,0,9,0,0,47,0,0,completed
8720,U8720,2025-06-07 12:32:00,2025-06-07 12:37:00,M,20~29,office,seoul,1,0,0,0,10,0,0,32,0,0,completed
8721,U8721,2025-08-09 09:00:00,2025-08-09 09:03:00,F,30~39,office,seoul,1,0,0,0,26,0,0,33,0,0,completed
8722,U8722,2025-01-22 12:54:00,2025-01-22 12:57:00,F,20~29,office,seoul,0,0,0,0,8,0,0,51,0,0,completed
8723,U8723,2025-03-16 09:33:00,2025-03-16 09:40:00,F,20~29,office,seoul,1,0,0,0,20,0,0,30,0,0,completed
8724,U8724,2025-11-07 13:59:00,2025-11-07 14:04:00,M,20~29,office,seoul,0,0,0,0,2,0,0,70,0,0,completed
8725,U8725,2025-03-13 15:07:00,2025-03-13 15:12:00,M,20~29,office,seoul,0,0,0,0,11,0,0,50,0,0,completed
8726,U8726,2025-05-11 16:57:00,2025-05-11 17:00:00,M,20~29,office,seoul,1,0,0,0,22,0,0,10,0,0,completed
8727,U8727,2025-10-09 12:23:00,2025-10-09 12:26:00,M,40~49,office,seoul,0,0,0,0,0,0,0,44,0,0,completed
8728,U8728,2025-05-11 15:32:00,2025-05-11 15:36:00,M,40~49,office,seoul,1,0,0,0,3,0,0,61,1,0,abandoned
8729,U8729,2025-05-18 07:44:00,2025-05-18 07:46:00,M,20~29,office,seoul,1,0,0,0,15,0,0,43,0,0,completed
8730,U8730,2025-11-14 22:14:00,2025-11-14 22:17:00,M,20~29,office,seoul,0,0,0,0,11,0,0,66,0,0,completed
8731,U8731,2025-11-21 09:09:00,2025-11-21 09:15:00,M,30~39,office,seoul,0,0,0,0,12,0,0,17,0,0,completed
8732,U8732,2025-12-26 15:32:00,2025-12-26 15:38:00,F,30~39,office,seoul,0,0,0,0,15,0,0,76,0,0,abandoned
8733,U8733,2025-01-26 15:55:00,2025-01-26 15:58:00,M,20~29,office,seoul,1,0,0,0,4,0,0,16,0,0,completed
8734,U8734,2025-10-09 07:21:00,2025-10-09 07:24:00,F,20~29,office,seoul,0,0,0,0,3,0,0,67,0,0,completed
8735,U8735,2025-11-12 19:20:00,2025-11-12 19:25:00,F,50+,office,seoul,0,0,0,0,6,0,0,53,0,0,completed
8736,U8736,2025-09-05 08:20:00,2025-09-05 08:23:00,F,30~39,office,seoul,0,0,0,0,17,0,0,53,0,1,completed
8737,U8737,2025-08-02 12:50:00,2025-08-02 12:56:00,M,30~39,office,seoul,1,0,0,0,19,0,0,34,0,0,completed
8738,U8738,2025-11-03 12:42:00,2025-11-03 12:46:00,M,30~39,office,seoul,0,0,0,0,3,0,0,12,0,0,completed
8739,U8739,2025-08-05 15:46:00,2025-08-05 15:51:00,F,50+,office,seoul,0,0,0,0,6,0,0,11,0,0,completed
8740,U8740,2025-11-06 15:35:00,2025-11-06 15:37:00,F,30~39,office,seoul,0,0,0,0,8,0,0,31,0,0,completed
8741,U8741,2025-09-10 12:20:00,2025-09-10 12:25:00,F,20~29,office,seoul,0,0,0,0,8,0,0,30,0,0,completed
8742,U8742,2025-06-10 17:01:00,2025-06-10 17:07:00,F,20~29,office,seoul,0,0,0,0,9,0,0,56,0,0,completed
8743,U8743,2025-08-26 12:50:00,2025-08-26 12:54:00,M,40~49,office,seoul,0,0,0,0,12,0,0,38,0,0,completed
8744,U8744,2025-10-17 13:25:00,2025-10-17 13:32:00,M,40~49,office,seoul,0,0,0,0,12,0,0,47,0,0,completed
8745,U8745,2025-12-20 17:05:00,2025-12-20 17:09:00,F,30~39,office,seoul,1,0,0,0,20,0,0,12,0,0,completed
8746,U8746,2025-07-11 16:20:00,2025-07-11 16:27:00,F,20~29,office,seoul,0,0,0,0,16,0,0,70,0,0,completed
8747,U8747,2025-04-26 13:16:00,2025-04-26 13:19:00,F,30~39,office,seoul,1,0,0,0,29,0,0,32,0,0,completed
8748,U8748,2025-02-09 16:12:00,2025-02-09 16:19:00,M,30~39,office,seoul,1,0,0,0,11,0,0,51,0,0,completed
8749,U8749,2025-07-17 08:44:00,2025-07-17 08:47:00,M,20~29,office,seoul,0,0,0,0,11,0,0,19,0,0,completed
8750,U8750,2025-01-25 17:36:00,2025-01-25 17:43:00,F,20~29,office,seoul,1,0,0,0,1,0,0,77,0,0,completed
8751,U8751,2025-12-06 11:51:00,2025-12-06 11:58:00,F,20~29,office,seoul,1,0,0,0,17,0,0,22,0,0,completed
8752,U8752,2025-11-07 13:55:00,2025-11-07 13:59:00,M,20~29,office,seoul,0,0,0,0,18,0,0,44,0,0,completed
8753,U8753,2025-03-25 17:21:00,2025-03-25 17:28:00,M,20~29,office,seoul,0,0,0,0,22,0,0,28,0,0,completed
8754,U8754,2025-12-20 13:12:00,2025-12-20 13:19:00,F,40~49,office,seoul,1,0,0,0,28,0,0,59,0,0,completed
8755,U8755,2025-04-18 12:48:00,2025-04-18 12:50:00,F,30~39,office,seoul,0,0,0,0,6,0,0,22,0,0,completed
8756,U8756,2025-08-09 09:11:00,2025-08-09 09:17:00,M,50+,office,seoul,1,0,0,0,21,0,0,25,0,0,completed
8757,U8757,2025-05-30 11:32:00,2025-05-30 11:34:00,F,20~29,office,seoul,0,0,0,0,21,0,0,14,0,0,completed
8758,U8758,2025-10-13 15:28:00,2025-10-13 15:30:00,M,20~29,office,seoul,0,0,0,0,9,0,0,18,0,0,completed
8759,U8759,2025-07-05 17:56:00,2025-07-05 18:00:00,F,20~29,office,seoul,1,0,0,0,19,0,0,79,0,0,completed
8760,U8760,2025-09-01 08:03:00,2025-09-01 08:05:00,F,30~39,office,seoul,0,0,0,0,9,0,0,11,0,0,completed
8761,U8761,2025-06-18 07:15:00,2025-06-18 07:17:00,M,30~39,office,seoul,0,0,0,0,26,0,0,53,0,0,completed
8762,U8762,2025-12-04 18:11:00,2025-12-04 18:16:00,F,50+,office,seoul,0,0,0,0,19,0,0,23,0,0,completed
8763,U8763,2025-05-09 16:21:00,2025-05-09 16:28:00,F,50+,office,seoul,0,0,0,0,0,0,0,62,0,0,completed
8764,U8764,2025-09-24 12:08:00,2025-09-24 12:13:00,M,40~49,office,seoul,0,0,0,0,5,0,0,62,0,0,abandoned
8765,U8765,2025-01-09 20:45:00,2025-01-09 20:48:00,M,20~29,office,seoul,0,0,0,0,16,0,0,71,0,0,abandoned
8766,U8766,2025-07-20 09:13:00,2025-07-20 09:18:00,M,30~39,office,seoul,1,0,0,0,26,0,0,46,0,0,completed
8767,U8767,2025-12-20 09:19:00,2025-12-20 09:25:00,F,20~29,office,seoul,1,0,0,0,5,0,0,48,0,0,completed
8768,U8768,2025-01-08 15:27:00,2025-01-08 15:33:00,F,40~49,office,seoul,0,0,0,0,28,0,0,54,0,1,completed
8769,U8769,2025-09-09 16:32:00,2025-09-09 16:34:00,F,50+,office,seoul,0,0,0,0,20,0,0,48,0,0,completed
8770,U8770,2025-10-25 19:28:00,2025-10-25 19:35:00,M,30~39,office,seoul,1,0,0,0,16,0,0,43,0,0,timeout
8771,U8771,2025-09-17 18:07:00,2025-09-17 18:14:00,M,20~29,office,seoul,0,0,0,0,27,0,0,25,0,0,completed
8772,U8772,2025-03-10 15:36:00,2025-03-10 15:40:00,M,20~29,office,seoul,0,0,0,0,12,0,0,45,0,1,completed
8773,U8773,2025-07-23 18:51:00,2025-07-23 18:55:00,F,20~29,office,seoul,0,0,0,0,7,0,0,47,0,0,completed
8774,U8774,2025-05-14 12:46:00,2025-05-14 12:49:00,F,20~29,office,seoul,0,0,0,0,9,0,0,68,0,0,completed
8775,U8775,2025-05-19 15:32:00,2025-05-19 15:39:00,M,40~49,office,seoul,0,0,0,0,19,0,0,13,0,0,completed
8776,U8776,2025-11-13 09:44:00,2025-11-13 09:46:00,F,30~39,office,seoul,0,0,0,0,9,0,0,12,0,0,abandoned
8777,U8777,2025-07-05 16:15:00,2025-07-05 16:17:00,M,30~39,office,seoul,1,0,0,0,13,0,0,71,0,0,completed
8778,U8778,2025-08-23 12:37:00,2025-08-23 12:43:00,F,50+,office,seoul,1,0,0,0,12,0,0,27,0,0,completed
8779,U8779,2025-05-08 12:10:00,2025-05-08 12:13:00,F,30~39,office,seoul,0,0,0,0,13,0,0,79,0,0,completed
8780,U8780,2025-01-15 09:50:00,2025-01-15 09:57:00,F,20~29,office,seoul,0,0,0,0,6,0,0,16,0,0,completed
8781,U8781,2025-05-11 13:24:00,2025-05-11 13:31:00,M,20~29,office,seoul,1,0,0,0,29,0,0,71,0,0,completed
8782,U8782,2025-02-22 08:33:00,2025-02-22 08:40:00,F,30~39,office,seoul,1,0,0,0,8,0,0,34,0,0,timeout
8783,U8783,2025-12-18 09:33:00,2025-12-18 09:40:00,M,40~49,office,seoul,0,0,0,0,29,0,0,15,0,0,completed
8784,U8784,2025-05-24 08:48:00,2025-05-24 08:55:00,F,40~49,office,seoul,1,0,0,0,4,0,0,25,0,0,abandoned
8785,U8785,2025-10-28 21:53:00,2025-10-28 22:00:00,M,40~49,office,seoul,0,0,0,0,24,0,0,12,0,0,abandoned
8786,U8786,2025-07-25 21:42:00,2025-07-25 21:46:00,F,20~29,office,seoul,0,0,0,0,8,0,0,65,0,0,completed
8787,U8787,2025-12-28 13:43:00,2025-12-28 13:46:00,F,30~39,office,seoul,1,0,0,0,6,0,0,48,0,0,completed
8788,U8788,2025-10-12 14:30:00,2025-10-12 14:32:00,F,30~39,office,seoul,1,0,0,0,28,0,0,58,0,0,completed
8789,U8789,2025-02-21 16:25:00,2025-02-21 16:32:00,M,40~49,office,seoul,0,0,0,0,18,0,0,65,0,0,completed
8790,U8790,2025-06-23 15:41:00,2025-06-23 15:47:00,M,40~49,office,seoul,0,0,0,0,2,0,0,69,0,0,completed
8791,U8791,2025-08-30 18:00:00,2025-08-30 18:07:00,F,20~29,office,seoul,1,0,0,0,20,0,0,30,0,0,completed
8792,U8792,2025-11-12 07:17:00,2025-11-12 07:21:00,F,40~49,office,seoul,0,0,0,0,15,0,0,45,0,0,completed
8793,U8793,2025-03-30 08:55:00,2025-03-30 08:58:00,F,30~39,office,seoul,1,0,0,0,29,0,0,26,0,0,completed
8794,U8794,2025-08-22 17:33:00,2025-08-22 17:35:00,M,30~39,office,seoul,0,0,0,0,4,0,0,30,0,0,completed
8795,U8795,2025-07-04 20:38:00,2025-07-04 20:42:00,F,20~29,office,seoul,0,0,0,0,17,0,0,27,0,0,completed
8796,U8796,2025-06-15 16:31:00,2025-06-15 16:33:00,F,50+,office,seoul,1,0,0,0,28,0,0,42,0,0,completed
8797,U8797,2025-11-27 14:09:00,2025-11-27 14:16:00,F,40~49,office,seoul,0,0,0,0,28,0,0,53,0,0,completed
8798,U8798,2025-10-01 14:05:00,2025-10-01 14:09:00,F,50+,office,seoul,0,0,0,0,18,0,0,49,0,0,timeout
8799,U8799,2025-08-10 20:29:00,2025-08-10 20:34:00,F,30~39,office,seoul,1,0,0,0,9,0,0,15,0,0,completed
8800,U8800,2025-08-28 15:12:00,2025-08-28 15:14:00,M,30~39,office,seoul,0,0,0,0,28,0,0,74,1,0,completed
8801,U8801,2025-04-30 09:48:00,2025-04-30 09:51:00,F,50+,office,seoul,0,0,0,0,6,0,0,58,0,0,completed
8802,U8802,2025-10-02 18:22:00,2025-10-02 18:28:00,M,30~39,office,seoul,0,0,0,0,6,0,0,30,0,0,completed
8803,U8803,2025-04-07 15:09:00,2025-04-07 15:12:00,F,50+,office,seoul,0,0,0,0,25,0,0,78,0,0,completed
8804,U8804,2025-01-14 13:33:00,2025-01-14 13:37:00,M,40~49,office,seoul,0,0,0,0,20,0,0,71,0,0,completed
8805,U8805,2025-01-15 09:09:00,2025-01-15 09:15:00,M,30~39,office,seoul,0,0,0,0,9,0,0,45,0,0,completed
8806,U8806,2025-09-12 14:20:00,2025-09-12 14:27:00,F,20~29,office,seoul,0,0,0,0,2,0,0,26,0,0,completed
8807,U8807,2025-12-09 15:00:00,2025-12-09 15:07:00,M,20~29,office,seoul,0,0,0,0,8,0,0,52,0,0,completed
8808,U8808,2025-12-13 07:48:00,2025-12-13 07:52:00,F,30~39,office,seoul,1,0,0,0,11,0,0,31,0,0,completed
8809,U8809,2025-04-17 18:41:00,2025-04-17 18:47:00,M,20~29,office,seoul,0,0,0,0,6,0,0,54,0,0,completed
8810,U8810,2025-04-15 18:29:00,2025-04-15 18:34:00,M,50+,office,seoul,0,0,0,0,25,0,0,78,0,0,completed
8811,U8811,2025-04-06 12:49:00,2025-04-06 12:54:00,F,50+,office,seoul,1,0,0,0,11,0,0,45,1,0,completed
8812,U8812,2025-01-27 12:35:00,2025-01-27 12:39:00,F,20~29,office,seoul,0,0,0,0,24,0,0,56,0,0,completed
8813,U8813,2025-07-27 14:04:00,2025-07-27 14:11:00,M,50+,office,seoul,1,0,0,0,20,0,0,25,0,0,completed
8814,U8814,2025-09-08 13:50:00,2025-09-08 13:57:00,M,40~49,office,seoul,0,0,0,0,22,0,0,56,0,0,timeout
8815,U8815,2025-03-16 12:22:00,2025-03-16 12:26:00,F,30~39,office,seoul,1,0,0,0,19,0,0,10,0,0,completed
8816,U8816,2025-06-25 13:38:00,2025-06-25 13:41:00,M,50+,office,seoul,0,0,0,0,21,0,0,19,0,0,completed
8817,U8817,2025-08-15 12:12:00,2025-08-15 12:18:00,M,30~39,office,seoul,0,0,0,0,1,0,0,22,1,0,completed
8818,U8818,2025-08-28 13:38:00,2025-08-28 13:40:00,M,40~49,office,seoul,0,0,0,0,2,0,0,26,0,0,completed
8819,U8819,2025-07-30 09:21:00,2025-07-30 09:28:00,F,30~39,office,seoul,0,0,0,0,10,0,0,49,0,0,completed
8820,U8820,2025-06-23 16:29:00,2025-06-23 16:31:00,F,30~39,office,seoul,0,0,0,0,10,0,0,45,0,0,completed
8821,U8821,2025-10-13 20:31:00,2025-10-13 20:35:00,M,40~49,office,seoul,0,0,0,0,22,0,0,50,0,0,completed
8822,U8822,2025-05-03 15:52:00,2025-05-03 15:59:00,M,40~49,office,seoul,1,0,0,0,21,0,0,32,0,0,completed
8823,U8823,2025-02-27 09:13:00,2025-02-27 09:19:00,M,20~29,office,seoul,0,0,0,0,23,0,0,52,0,0,completed
8824,U8824,2025-05-24 13:26:00,2025-05-24 13:33:00,M,30~39,office,seoul,1,0,0,0,24,0,0,40,0,0,completed
8825,U8825,2025-05-27 09:23:00,2025-05-27 09:30:00,M,50+,office,seoul,0,0,0,0,4,0,0,43,0,0,completed
8826,U8826,2025-05-29 08:32:00,2025-05-29 08:38:00,M,20~29,office,seoul,0,0,0,0,19,0,0,59,0,0,completed
8827,U8827,2025-01-23 11:21:00,2025-01-23 11:26:00,F,30~39,office,seoul,0,0,0,0,15,0,0,32,0,0,abandoned
8828,U8828,2025-03-04 09:36:00,2025-03-04 09:39:00,M,30~39,office,seoul,0,0,0,0,18,0,0,64,0,0,completed
8829,U8829,2025-01-25 13:25:00,2025-01-25 13:27:00,M,40~49,office,seoul,1,0,0,0,26,0,0,70,0,1,completed
8830,U8830,2025-03-25 17:20:00,2025-03-25 17:24:00,F,30~39,office,seoul,0,0,0,0,6,0,0,52,0,0,completed
8831,U8831,2025-09-20 17:10:00,2025-09-20 17:16:00,F,40~49,office,seoul,1,0,0,0,0,0,0,23,0,0,completed
8832,U8832,2025-11-26 11:30:00,2025-11-26 11:37:00,M,20~29,office,seoul,0,0,0,0,15,0,0,68,0,0,completed
8833,U8833,2025-01-04 08:09:00,2025-01-04 08:16:00,M,30~39,office,seoul,1,0,0,0,21,0,0,44,0,0,completed
8834,U8834,2025-12-21 18:49:00,2025-12-21 18:52:00,F,30~39,office,seoul,1,0,0,0,22,0,0,14,0,0,timeout
8835,U8835,2025-12-15 17:47:00,2025-12-15 17:52:00,M,30~39,office,seoul,0,0,0,0,24,0,0,72,0,0,completed
8836,U8836,2025-01-04 20:28:00,2025-01-04 20:30:00,M,30~39,office,seoul,1,0,0,0,9,0,0,58,0,0,completed
8837,U8837,2025-04-02 16:16:00,2025-04-02 16:21:00,M,30~39,office,seoul,0,0,0,0,2,0,0,74,0,0,abandoned
8838,U8838,2025-01-12 15:01:00,2025-01-12 15:05:00,F,20~29,office,seoul,1,0,0,0,9,0,0,10,0,0,abandoned
8839,U8839,2025-09-22 12:38:00,2025-09-22 12:42:00,F,40~49,office,seoul,0,0,0,0,24,0,0,30,0,0,completed
8840,U8840,2025-03-15 15:47:00,2025-03-15 15:51:00,M,40~49,office,seoul,1,0,0,0,18,0,0,14,0,0,completed
8841,U8841,2025-08-24 16:31:00,2025-08-24 16:34:00,M,50+,office,seoul,1,0,0,0,17,0,0,48,0,0,error
8842,U8842,2025-07-04 17:05:00,2025-07-04 17:10:00,F,20~29,office,seoul,0,0,0,0,10,0,0,37,0,0,completed
8843,U8843,2025-10-24 17:05:00,2025-10-24 17:08:00,F,50+,office,seoul,0,0,0,0,11,0,0,39,0,0,completed
8844,U8844,2025-09-01 12:28:00,2025-09-01 12:32:00,F,20~29,office,seoul,0,0,0,0,19,0,0,56,0,0,completed
8845,U8845,2025-07-13 13:58:00,2025-07-13 14:00:00,F,20~29,office,seoul,1,0,0,0,19,0,0,46,0,0,abandoned
8846,U8846,2025-09-05 13:51:00,2025-09-05 13:57:00,F,30~39,office,seoul,0,0,0,0,26,0,0,71,0,0,completed
8847,U8847,2025-11-29 07:13:00,2025-11-29 07:19:00,F,50+,office,seoul,1,0,0,0,23,0,0,64,0,0,completed
8848,U8848,2025-04-03 21:08:00,2025-04-03 21:11:00,M,30~39,office,seoul,0,0,0,0,26,0,0,52,0,0,completed
8849,U8849,2025-09-29 18:01:00,2025-09-29 18:05:00,F,20~29,office,seoul,0,0,0,0,16,0,0,67,0,0,completed
8850,U8850,2025-01-13 09:56:00,2025-01-13 10:03:00,M,40~49,office,seoul,0,0,0,0,28,0,0,31,0,0,completed
8851,U8851,2025-03-14 11:32:00,2025-03-14 11:34:00,F,50+,office,seoul,0,0,0,0,25,0,0,70,0,0,completed
8852,U8852,2025-01-31 16:00:00,2025-01-31 16:04:00,F,20~29,office,seoul,0,0,0,0,10,0,0,37,0,0,completed
8853,U8853,2025-05-05 15:28:00,2025-05-05 15:34:00,M,40~49,office,seoul,0,0,0,0,25,0,0,34,0,0,completed
8854,U8854,2025-05-11 18:15:00,2025-05-11 18:22:00,M,20~29,office,seoul,1,0,0,0,28,0,0,25,0,1,completed
8855,U8855,2025-07-02 12:30:00,2025-07-02 12:37:00,F,20~29,office,seoul,0,0,0,0,2,0,0,50,0,0,abandoned
8856,U8856,2025-11-30 17:08:00,2025-11-30 17:11:00,F,20~29,office,seoul,1,0,0,0,11,0,0,13,0,0,abandoned
8857,U8857,2025-03-20 09:10:00,2025-03-20 09:13:00,F,20~29,office,seoul,0,0,0,0,6,0,0,30,0,0,completed
8858,U8858,2025-08-15 19:25:00,2025-08-15 19:31:00,F,30~39,office,seoul,0,0,0,0,25,0,0,23,0,0,completed
8859,U8859,2025-03-03 15:17:00,2025-03-03 15:24:00,F,40~49,office,seoul,0,0,0,0,23,0,0,22,0,0,completed
8860,U8860,2025-07-24 21:11:00,2025-07-24 21:18:00,F,40~49,office,seoul,0,0,0,0,2,0,0,77,0,0,completed
8861,U8861,2025-06-22 09:25:00,2025-06-22 09:27:00,F,30~39,office,seoul,1,0,0,0,23,0,0,22,0,0,completed
8862,U8862,2025-07-09 09:04:00,2025-07-09 09:07:00,F,50+,office,seoul,0,0,0,0,28,0,0,75,0,0,completed
8863,U8863,2025-04-04 11:32:00,2025-04-04 11:38:00,F,40~49,office,seoul,0,0,0,0,5,0,0,69,0,0,completed
8864,U8864,2025-12-09 14:03:00,2025-12-09 14:07:00,F,40~49,office,seoul,0,0,0,0,0,0,0,24,0,0,completed
8865,U8865,2025-12-19 07:53:00,2025-12-19 07:59:00,M,20~29,office,seoul,0,0,0,0,28,0,0,21,0,0,error
8866,U8866,2025-06-13 13:12:00,2025-06-13 13:19:00,F,30~39,office,seoul,0,0,0,0,16,0,0,39,0,0,completed
8867,U8867,2025-06-13 08:18:00,2025-06-13 08:20:00,F,30~39,office,seoul,0,0,0,0,17,0,0,69,0,0,completed
8868,U8868,2025-12-30 07:56:00,2025-12-30 08:03:00,F,40~49,office,seoul,0,0,0,0,12,0,0,32,0,0,completed
8869,U8869,2025-01-21 17:47:00,2025-01-21 17:51:00,F,20~29,office,seoul,0,0,0,0,18,0,0,48,0,0,completed
8870,U8870,2025-11-28 11:18:00,2025-11-28 11:23:00,M,50+,office,seoul,0,0,0,0,22,0,0,35,0,0,completed
8871,U8871,2025-10-17 09:09:00,2025-10-17 09:14:00,F,20~29,office,seoul,0,0,0,0,10,0,0,56,0,0,timeout
8872,U8872,2025-10-02 21:00:00,2025-10-02 21:07:00,F,40~49,office,seoul,0,0,0,0,9,0,0,62,0,0,completed
8873,U8873,2025-07-16 14:19:00,2025-07-16 14:21:00,M,40~49,office,seoul,0,0,0,0,28,0,0,45,0,1,completed
8874,U8874,2025-06-10 07:00:00,2025-06-10 07:06:00,F,40~49,office,seoul,0,0,0,0,21,0,0,69,0,1,completed
8875,U8875,2025-12-11 09:14:00,2025-12-11 09:21:00,F,40~49,office,seoul,0,0,0,0,1,0,0,74,0,1,completed
8876,U8876,2025-07-17 16:02:00,2025-07-17 16:07:00,F,40~49,office,seoul,0,0,0,0,28,0,0,64,0,0,timeout
8877,U8877,2025-12-25 08:47:00,2025-12-25 08:53:00,M,50+,office,seoul,0,0,0,0,26,0,0,64,0,0,completed
8878,U8878,2025-05-22 09:53:00,2025-05-22 09:55:00,F,50+,office,seoul,0,0,0,0,26,0,0,37,0,0,completed
8879,U8879,2025-10-02 14:30:00,2025-10-02 14:36:00,M,50+,office,seoul,0,0,0,0,16,0,0,47,0,0,completed
8880,U8880,2025-11-22 16:06:00,2025-11-22 16:09:00,M,20~29,office,seoul,1,0,0,0,16,0,0,28,0,0,completed
8881,U8881,2025-09-06 18:29:00,2025-09-06 18:33:00,M,30~39,office,seoul,1,0,0,0,8,0,0,52,0,0,completed
8882,U8882,2025-09-05 12:46:00,2025-09-05 12:49:00,F,40~49,office,seoul,0,0,0,0,10,0,0,46,0,0,completed
8883,U8883,2025-08-03 22:56:00,2025-08-03 23:02:00,M,20~29,office,seoul,1,0,0,0,7,0,0,53,0,0,completed
8884,U8884,2025-08-18 09:41:00,2025-08-18 09:47:00,M,30~39,office,seoul,0,0,0,0,17,0,0,66,0,0,completed
8885,U8885,2025-06-29 12:23:00,2025-06-29 12:28:00,M,40~49,office,seoul,1,0,0,0,19,0,0,48,0,0,completed
8886,U8886,2025-08-01 18:09:00,2025-08-01 18:11:00,M,20~29,office,seoul,0,0,0,0,7,0,0,64,0,0,completed
8887,U8887,2025-06-07 16:52:00,2025-06-07 16:54:00,F,50+,office,seoul,1,0,0,0,1,0,0,78,0,0,completed
8888,U8888,2025-07-08 17:36:00,2025-07-08 17:42:00,F,40~49,office,seoul,0,0,0,0,9,0,0,28,0,0,completed
8889,U8889,2025-09-03 13:13:00,2025-09-03 13:17:00,F,30~39,office,seoul,0,0,0,0,15,0,0,51,0,0,completed
8890,U8890,2025-02-05 19:29:00,2025-02-05 19:32:00,F,30~39,office,seoul,0,0,0,0,3,0,0,11,0,0,completed
8891,U8891,2025-11-04 15:06:00,2025-11-04 15:13:00,F,20~29,office,seoul,0,0,0,0,21,0,0,43,0,0,completed
8892,U8892,2025-06-14 08:59:00,2025-06-14 09:04:00,F,20~29,office,seoul,1,0,0,0,13,0,0,39,0,0,completed
8893,U8893,2025-01-28 19:03:00,2025-01-28 19:10:00,F,20~29,office,seoul,0,0,0,0,9,0,0,26,0,0,completed
8894,U8894,2025-03-08 15:29:00,2025-03-08 15:35:00,F,40~49,office,seoul,1,0,0,0,19,0,0,69,0,0,completed
8895,U8895,2025-11-11 15:27:00,2025-11-11 15:29:00,F,50+,office,seoul,0,0,0,0,13,0,0,17,0,0,completed
8896,U8896,2025-06-26 20:01:00,2025-06-26 20:03:00,M,50+,office,seoul,0,0,0,0,8,0,0,44,1,0,completed
8897,U8897,2025-12-31 14:33:00,2025-12-31 14:36:00,M,30~39,office,seoul,0,0,0,0,14,0,0,29,0,0,completed
8898,U8898,2025-07-09 14:11:00,2025-07-09 14:18:00,F,30~39,office,seoul,0,0,0,0,17,0,0,65,0,0,completed
8899,U8899,2025-01-06 08:00:00,2025-01-06 08:06:00,F,40~49,office,seoul,0,0,0,0,16,0,0,35,0,0,completed
8900,U8900,2025-11-29 20:31:00,2025-11-29 20:37:00,F,30~39,office,seoul,1,0,0,0,27,0,0,33,0,0,completed
8901,U8901,2025-03-27 09:45:00,2025-03-27 09:52:00,M,20~29,office,seoul,0,0,0,0,6,0,0,21,0,0,completed
8902,U8902,2025-01-31 09:04:00,2025-01-31 09:06:00,F,30~39,office,seoul,0,0,0,0,24,0,0,55,0,0,completed
8903,U8903,2025-10-03 11:40:00,2025-10-03 11:47:00,F,40~49,office,seoul,0,0,0,0,29,0,0,59,0,0,timeout
8904,U8904,2025-10-22 14:15:00,2025-10-22 14:18:00,M,40~49,office,seoul,0,0,0,0,2,0,0,25,0,0,completed
8905,U8905,2025-02-02 18:13:00,2025-02-02 18:15:00,M,30~39,office,seoul,1,0,0,0,0,0,0,79,0,0,completed
8906,U8906,2025-03-04 08:22:00,2025-03-04 08:27:00,F,30~39,office,seoul,0,0,0,0,0,0,0,66,0,0,completed
8907,U8907,2025-11-25 14:28:00,2025-11-25 14:34:00,M,50+,office,seoul,0,0,0,0,16,0,0,33,0,1,completed
8908,U8908,2025-06-08 11:04:00,2025-06-08 11:06:00,M,20~29,office,seoul,1,0,0,0,16,0,0,48,0,0,abandoned
8909,U8909,2025-01-07 09:19:00,2025-01-07 09:25:00,F,30~39,office,seoul,0,0,0,0,7,0,0,32,0,0,completed
8910,U8910,2025-07-25 22:03:00,2025-07-25 22:09:00,F,20~29,office,seoul,0,0,0,0,5,0,0,35,0,0,completed
8911,U8911,2025-11-02 16:20:00,2025-11-02 16:27:00,F,50+,office,seoul,1,0,0,0,25,0,0,34,1,0,completed
8912,U8912,2025-02-12 15:10:00,2025-02-12 15:17:00,F,20~29,office,seoul,0,0,0,0,28,0,0,31,0,0,completed
8913,U8913,2025-09-19 16:28:00,2025-09-19 16:30:00,M,40~49,office,seoul,0,0,0,0,15,0,0,52,0,0,error
8914,U8914,2025-12-15 07:40:00,2025-12-15 07:45:00,M,30~39,office,seoul,0,0,0,0,0,0,0,51,0,0,completed
8915,U8915,2025-05-15 07:11:00,2025-05-15 07:18:00,M,20~29,office,seoul,0,0,0,0,24,0,0,52,0,0,completed
8916,U8916,2025-08-19 14:29:00,2025-08-19 14:34:00,F,40~49,office,seoul,0,0,0,0,20,0,0,39,0,0,completed
8917,U8917,2025-09-07 07:31:00,2025-09-07 07:34:00,M,20~29,office,seoul,1,0,0,0,0,0,0,54,0,0,completed
8918,U8918,2025-10-25 17:20:00,2025-10-25 17:26:00,F,30~39,office,seoul,1,0,0,0,9,0,0,29,0,0,completed
8919,U8919,2025-10-25 07:56:00,2025-10-25 07:58:00,F,50+,office,seoul,1,0,0,0,0,0,0,27,0,1,completed
8920,U8920,2025-02-07 15:29:00,2025-02-07 15:31:00,M,30~39,office,seoul,0,0,0,0,23,0,0,20,0,0,completed
8921,U8921,2025-07-02 14:27:00,2025-07-02 14:34:00,F,40~49,office,seoul,0,0,0,0,29,0,0,38,0,0,completed
8922,U8922,2025-09-19 17:23:00,2025-09-19 17:25:00,F,20~29,office,seoul,0,0,0,0,26,0,0,19,0,0,completed
8923,U8923,2025-01-16 13:11:00,2025-01-16 13:14:00,F,20~29,office,seoul,0,0,0,0,12,0,0,40,0,0,completed
8924,U8924,2025-08-27 12:28:00,2025-08-27 12:33:00,F,20~29,office,seoul,0,0,0,0,1,0,0,52,0,0,completed
8925,U8925,2025-11-16 09:19:00,2025-11-16 09:26:00,F,20~29,office,seoul,1,0,0,0,27,0,0,77,0,0,completed
8926,U8926,2025-02-13 16:31:00,2025-02-13 16:36:00,M,20~29,office,seoul,0,0,0,0,9,0,0,41,0,0,completed
8927,U8927,2025-02-19 18:27:00,2025-02-19 18:32:00,M,30~39,office,seoul,0,0,0,0,0,0,0,56,0,0,completed
8928,U8928,2025-07-10 07:22:00,2025-07-10 07:26:00,F,20~29,office,seoul,0,0,0,0,3,0,0,61,0,0,completed
8929,U8929,2025-07-05 07:28:00,2025-07-05 07:30:00,F,30~39,office,seoul,1,0,0,0,9,0,0,49,0,0,completed
8930,U8930,2025-10-20 12:14:00,2025-10-20 12:21:00,F,20~29,office,seoul,0,0,0,0,18,0,0,52,0,0,completed
8931,U8931,2025-09-01 08:09:00,2025-09-01 08:11:00,M,30~39,office,seoul,0,0,0,0,25,0,0,43,0,0,completed
8932,U8932,2025-06-01 15:54:00,2025-06-01 15:56:00,F,20~29,office,seoul,1,0,0,0,25,0,0,13,0,0,abandoned
8933,U8933,2025-12-11 13:26:00,2025-12-11 13:29:00,F,20~29,office,seoul,0,0,0,0,19,0,0,49,0,0,abandoned
8934,U8934,2025-11-30 15:41:00,2025-11-30 15:47:00,M,20~29,office,seoul,1,0,0,0,7,0,0,31,0,0,completed
8935,U8935,2025-05-12 17:41:00,2025-05-12 17:45:00,F,40~49,office,seoul,0,0,0,0,18,0,0,27,0,0,completed
8936,U8936,2025-09-03 09:39:00,2025-09-03 09:44:00,M,40~49,office,seoul,0,0,0,0,4,0,0,77,0,0,completed
8937,U8937,2025-06-09 14:53:00,2025-06-09 14:57:00,F,40~49,office,seoul,0,0,0,0,17,0,0,74,0,0,completed
8938,U8938,2025-06-24 14:25:00,2025-06-24 14:32:00,F,40~49,office,seoul,0,0,0,0,20,0,0,10,0,0,completed
8939,U8939,2025-11-14 17:56:00,2025-11-14 18:02:00,M,20~29,office,seoul,0,0,0,0,23,0,0,34,0,0,error
8940,U8940,2025-10-22 12:35:00,2025-10-22 12:37:00,F,50+,office,seoul,0,0,0,0,5,0,0,10,0,0,completed
8941,U8941,2025-07-24 17:55:00,2025-07-24 17:57:00,M,40~49,office,seoul,0,0,0,0,18,0,0,31,0,0,completed
8942,U8942,2025-11-24 20:54:00,2025-11-24 21:01:00,M,30~39,office,seoul,0,0,0,0,0,0,0,53,0,0,completed
8943,U8943,2025-02-13 17:39:00,2025-02-13 17:42:00,F,50+,office,seoul,0,0,0,0,28,0,0,13,0,0,completed
8944,U8944,2025-05-08 07:43:00,2025-05-08 07:46:00,M,30~39,office,seoul,0,0,0,0,24,0,0,33,0,0,completed
8945,U8945,2025-05-16 13:36:00,2025-05-16 13:41:00,F,40~49,office,seoul,0,0,0,0,7,0,0,26,0,0,completed
8946,U8946,2025-01-03 09:46:00,2025-01-03 09:49:00,M,30~39,office,seoul,0,0,0,0,20,0,0,56,0,0,completed
8947,U8947,2025-10-03 19:01:00,2025-10-03 19:07:00,M,40~49,office,seoul,0,0,0,0,14,0,0,70,0,0,completed
8948,U8948,2025-01-13 08:16:00,2025-01-13 08:18:00,F,20~29,office,seoul,0,0,0,0,13,0,0,10,0,0,completed
8949,U8949,2025-05-23 14:31:00,2025-05-23 14:33:00,F,40~49,office,seoul,0,0,0,0,7,0,0,27,0,0,completed
8950,U8950,2025-08-17 18:35:00,2025-08-17 18:42:00,M,30~39,office,seoul,1,0,0,0,27,0,0,65,0,0,error
8951,U8951,2025-09-26 07:23:00,2025-09-26 07:26:00,M,20~29,office,seoul,0,0,0,0,28,0,0,30,0,0,completed
8952,U8952,2025-03-26 13:41:00,2025-03-26 13:48:00,F,20~29,office,seoul,0,0,0,0,11,0,0,15,0,0,completed
8953,U8953,2025-02-12 08:15:00,2025-02-12 08:20:00,F,30~39,office,seoul,0,0,0,0,2,0,0,64,0,0,completed
8954,U8954,2025-02-16 14:30:00,2025-02-16 14:36:00,F,20~29,office,seoul,1,0,0,0,29,0,0,56,0,0,completed
8955,U8955,2025-01-23 17:19:00,2025-01-23 17:23:00,M,30~39,office,seoul,0,0,0,0,5,0,0,70,0,0,completed
8956,U8956,2025-05-09 07:42:00,2025-05-09 07:49:00,F,20~29,office,seoul,0,0,0,0,18,0,0,68,0,0,completed
8957,U8957,2025-03-17 09:00:00,2025-03-17 09:06:00,F,20~29,office,seoul,0,0,0,0,7,0,0,60,0,0,completed
8958,U8958,2025-03-28 07:17:00,2025-03-28 07:20:00,M,50+,office,seoul,0,0,0,0,14,0,0,56,0,0,completed
8959,U8959,2025-08-07 09:15:00,2025-08-07 09:17:00,F,20~29,office,seoul,0,0,0,0,4,0,0,69,0,0,abandoned
8960,U8960,2025-02-13 19:05:00,2025-02-13 19:09:00,M,30~39,office,seoul,0,0,0,0,27,0,0,19,0,0,completed
8961,U8961,2025-04-26 08:20:00,2025-04-26 08:27:00,F,50+,office,seoul,1,0,0,0,9,0,0,17,0,0,completed
8962,U8962,2025-07-18 11:59:00,2025-07-18 12:02:00,M,40~49,office,seoul,0,0,0,0,15,0,0,14,0,0,completed
8963,U8963,2025-03-14 15:30:00,2025-03-14 15:36:00,F,50+,office,seoul,0,0,0,0,23,0,0,74,0,0,timeout
8964,U8964,2025-08-29 13:04:00,2025-08-29 13:07:00,F,20~29,office,seoul,0,0,0,0,8,0,0,19,0,0,completed
8965,U8965,2025-10-14 14:10:00,2025-10-14 14:17:00,M,50+,office,seoul,0,0,0,0,6,0,0,63,0,1,completed
8966,U8966,2025-06-29 13:23:00,2025-06-29 13:29:00,F,20~29,office,seoul,1,0,0,0,6,0,0,62,0,0,completed
8967,U8967,2025-12-07 15:12:00,2025-12-07 15:17:00,F,30~39,office,seoul,1,0,0,0,4,0,0,20,0,0,completed
8968,U8968,2025-09-28 17:24:00,2025-09-28 17:28:00,M,30~39,office,seoul,1,0,0,0,10,0,0,74,0,0,completed
8969,U8969,2025-07-26 07:03:00,2025-07-26 07:09:00,M,30~39,office,seoul,1,0,0,0,6,0,0,72,0,1,completed
8970,U8970,2025-08-23 18:14:00,2025-08-23 18:16:00,F,30~39,office,seoul,1,0,0,0,27,0,0,30,0,0,completed
8971,U8971,2025-03-06 12:40:00,2025-03-06 12:43:00,M,30~39,office,seoul,0,0,0,0,8,0,0,18,0,0,abandoned
8972,U8972,2025-02-17 20:53:00,2025-02-17 20:55:00,F,30~39,office,seoul,0,0,0,0,12,0,0,70,0,0,completed
8973,U8973,2025-01-28 20:48:00,2025-01-28 20:53:00,M,30~39,office,seoul,0,0,0,0,25,0,0,49,0,0,completed
8974,U8974,2025-08-16 14:11:00,2025-08-16 14:14:00,F,20~29,office,seoul,1,0,0,0,2,0,0,27,1,0,completed
8975,U8975,2025-09-08 09:47:00,2025-09-08 09:49:00,F,20~29,office,seoul,0,0,0,0,19,0,0,53,0,0,completed
8976,U8976,2025-10-04 09:39:00,2025-10-04 09:45:00,M,20~29,office,seoul,1,0,0,0,14,0,0,43,0,0,completed
8977,U8977,2025-06-09 12:39:00,2025-06-09 12:45:00,M,20~29,office,seoul,0,0,0,0,20,0,0,59,0,0,completed
8978,U8978,2025-09-27 15:54:00,2025-09-27 16:01:00,F,40~49,office,seoul,1,0,0,0,16,0,0,66,1,0,abandoned
8979,U8979,2025-08-07 19:21:00,2025-08-07 19:27:00,F,20~29,office,seoul,0,0,0,0,13,0,0,11,0,0,completed
8980,U8980,2025-01-25 14:42:00,2025-01-25 14:49:00,F,40~49,office,seoul,1,0,0,0,13,0,0,55,0,0,completed
8981,U8981,2025-10-07 13:47:00,2025-10-07 13:49:00,F,50+,office,seoul,0,0,0,0,7,0,0,58,0,0,completed
8982,U8982,2025-07-25 20:25:00,2025-07-25 20:31:00,M,40~49,office,seoul,0,0,0,0,18,0,0,32,0,0,completed
8983,U8983,2025-11-25 20:19:00,2025-11-25 20:24:00,M,50+,office,seoul,0,0,0,0,20,0,0,64,0,0,completed
8984,U8984,2025-06-04 18:47:00,2025-06-04 18:50:00,M,20~29,office,seoul,0,0,0,0,10,0,0,40,0,0,completed
8985,U8985,2025-06-22 17:00:00,2025-06-22 17:03:00,F,20~29,office,seoul,1,0,0,0,15,0,0,52,0,0,completed
8986,U8986,2025-05-30 14:30:00,2025-05-30 14:33:00,M,20~29,office,seoul,0,0,0,0,16,0,0,78,0,0,completed
8987,U8987,2025-02-09 08:48:00,2025-02-09 08:51:00,F,50+,office,seoul,1,0,0,0,27,0,0,55,1,0,completed
8988,U8988,2025-04-17 09:38:00,2025-04-17 09:40:00,F,30~39,office,seoul,0,0,0,0,1,0,0,13,0,0,completed
8989,U8989,2025-11-16 13:31:00,2025-11-16 13:38:00,F,20~29,office,seoul,1,0,0,0,11,0,0,63,0,0,abandoned
8990,U8990,2025-04-04 09:23:00,2025-04-04 09:27:00,F,50+,office,seoul,0,0,0,0,11,0,0,76,0,0,completed
8991,U8991,2025-01-13 16:52:00,2025-01-13 16:57:00,F,20~29,office,seoul,0,0,0,0,9,0,0,37,0,0,completed
8992,U8992,2025-07-15 15:34:00,2025-07-15 15:38:00,M,50+,office,seoul,0,0,0,0,17,0,0,48,1,0,completed
8993,U8993,2025-12-21 09:35:00,2025-12-21 09:37:00,M,40~49,office,seoul,1,0,0,0,27,0,0,34,0,0,completed
8994,U8994,2025-03-28 09:13:00,2025-03-28 09:20:00,M,50+,office,seoul,0,0,0,0,15,0,0,22,0,0,completed
8995,U8995,2025-01-09 20:44:00,2025-01-09 20:48:00,F,50+,office,seoul,0,0,0,0,25,0,0,69,0,0,completed
8996,U8996,2025-10-07 22:41:00,2025-10-07 22:47:00,M,30~39,office,seoul,0,0,0,0,2,0,0,63,0,0,completed
8997,U8997,2025-01-22 09:30:00,2025-01-22 09:32:00,F,30~39,office,seoul,0,0,0,0,27,0,0,59,0,0,completed
8998,U8998,2025-07-17 16:35:00,2025-07-17 16:39:00,F,20~29,office,seoul,0,0,0,0,13,0,0,66,0,0,abandoned
8999,U8999,2025-01-09 11:07:00,2025-01-09 11:13:00,F,20~29,office,seoul,0,0,0,0,19,0,0,31,0,0,completed
9000,U9000,2025-05-17 20:42:00,2025-05-17 20:48:00,F,40~49,office,seoul,1,0,0,0,5,0,0,57,0,0,completed
9001,U9001,2025-03-31 11:31:00,2025-03-31 11:36:00,F,30~39,office,seoul,0,0,0,0,0,0,0,27,0,0,completed
9002,U9002,2025-07-06 18:28:00,2025-07-06 18:32:00,F,30~39,office,seoul,1,0,0,0,15,0,0,32,0,0,completed
9003,U9003,2025-08-07 11:27:00,2025-08-07 11:30:00,F,30~39,office,seoul,0,0,0,0,0,0,0,22,0,0,completed
9004,U9004,2025-01-07 21:29:00,2025-01-07 21:31:00,M,30~39,office,seoul,0,0,0,0,11,0,0,41,0,0,completed
9005,U9005,2025-07-10 09:24:00,2025-07-10 09:28:00,F,50+,office,seoul,0,0,0,0,12,0,0,48,0,0,completed
9006,U9006,2025-06-27 15:55:00,2025-06-27 16:01:00,F,30~39,office,seoul,0,0,0,0,6,0,0,12,0,0,completed
9007,U9007,2025-07-30 13:42:00,2025-07-30 13:44:00,F,20~29,office,seoul,0,0,0,0,27,0,0,43,0,0,completed
9008,U9008,2025-12-25 13:33:00,2025-12-25 13:38:00,F,30~39,office,seoul,0,0,0,0,22,0,0,54,0,0,completed
9009,U9009,2025-10-06 07:58:00,2025-10-06 08:00:00,M,50+,office,seoul,0,0,0,0,25,0,0,75,0,0,completed
9010,U9010,2025-04-12 14:14:00,2025-04-12 14:17:00,M,20~29,office,seoul,1,0,0,0,14,0,0,25,0,0,completed
9011,U9011,2025-08-10 09:32:00,2025-08-10 09:37:00,M,30~39,office,seoul,1,0,0,0,15,0,0,60,0,0,completed
9012,U9012,2025-04-19 12:02:00,2025-04-19 12:09:00,M,50+,office,seoul,1,0,0,0,16,0,0,79,0,0,completed
9013,U9013,2025-11-01 17:07:00,2025-11-01 17:09:00,F,50+,office,seoul,1,0,0,0,3,0,0,30,1,0,completed
9014,U9014,2025-02-10 11:46:00,2025-02-10 11:52:00,F,40~49,office,seoul,0,0,0,0,1,0,0,72,0,0,abandoned
9015,U9015,2025-03-28 09:21:00,2025-03-28 09:27:00,F,30~39,office,seoul,0,0,0,0,29,0,0,24,0,0,completed
9016,U9016,2025-12-04 15:43:00,2025-12-04 15:47:00,M,40~49,office,seoul,0,0,0,0,1,0,0,34,0,0,completed
9017,U9017,2025-05-06 18:46:00,2025-05-06 18:53:00,F,40~49,office,seoul,0,0,0,0,15,0,0,41,0,1,completed
9018,U9018,2025-07-13 09:34:00,2025-07-13 09:40:00,M,40~49,office,seoul,1,0,0,0,5,0,0,62,0,0,completed
9019,U9019,2025-11-20 13:11:00,2025-11-20 13:17:00,F,30~39,office,seoul,0,0,0,0,28,0,0,36,0,0,completed
9020,U9020,2025-04-23 11:35:00,2025-04-23 11:39:00,F,50+,office,seoul,0,0,0,0,22,0,0,34,0,0,completed
9021,U9021,2025-10-18 11:35:00,2025-10-18 11:38:00,F,50+,office,seoul,1,0,0,0,22,0,0,55,0,0,completed
9022,U9022,2025-04-01 20:40:00,2025-04-01 20:44:00,F,30~39,office,seoul,0,0,0,0,1,0,0,11,0,0,completed
9023,U9023,2025-05-13 15:26:00,2025-05-13 15:28:00,M,40~49,office,seoul,0,0,0,0,9,0,0,44,0,0,completed
9024,U9024,2025-07-01 17:13:00,2025-07-01 17:18:00,M,50+,office,seoul,0,0,0,0,26,0,0,49,0,0,completed
9025,U9025,2025-08-01 18:46:00,2025-08-01 18:50:00,M,30~39,office,seoul,0,0,0,0,7,0,0,44,0,0,completed
9026,U9026,2025-12-20 17:33:00,2025-12-20 17:39:00,F,30~39,office,seoul,1,0,0,0,23,0,0,28,0,0,completed
9027,U9027,2025-04-25 15:11:00,2025-04-25 15:17:00,M,20~29,office,seoul,0,0,0,0,18,0,0,26,0,0,completed
9028,U9028,2025-07-16 16:51:00,2025-07-16 16:57:00,F,40~49,office,seoul,0,0,0,0,0,0,0,77,0,0,completed
9029,U9029,2025-07-19 16:52:00,2025-07-19 16:55:00,F,20~29,office,seoul,1,0,0,0,24,0,0,20,0,0,completed
9030,U9030,2025-01-11 14:47:00,2025-01-11 14:54:00,M,30~39,office,seoul,1,0,0,0,17,0,0,40,0,0,abandoned
9031,U9031,2025-10-08 08:36:00,2025-10-08 08:43:00,M,40~49,office,seoul,0,0,0,0,0,0,0,15,0,0,timeout
9032,U9032,2025-04-13 17:58:00,2025-04-13 18:05:00,F,20~29,office,seoul,1,0,0,0,18,0,0,24,0,0,completed
9033,U9033,2025-03-03 15:18:00,2025-03-03 15:21:00,F,30~39,office,seoul,0,0,0,0,16,0,0,74,0,0,completed
9034,U9034,2025-08-29 09:31:00,2025-08-29 09:37:00,M,40~49,office,seoul,0,0,0,0,13,0,0,45,0,0,abandoned
9035,U9035,2025-11-13 17:42:00,2025-11-13 17:45:00,F,20~29,office,seoul,0,0,0,0,6,0,0,33,0,0,completed
9036,U9036,2025-10-27 16:01:00,2025-10-27 16:04:00,M,50+,office,seoul,0,0,0,0,21,0,0,71,0,1,completed
9037,U9037,2025-01-23 08:20:00,2025-01-23 08:26:00,F,30~39,office,seoul,0,0,0,0,17,0,0,23,0,0,completed
9038,U9038,2025-03-01 14:48:00,2025-03-01 14:53:00,M,50+,office,seoul,1,0,0,0,10,0,0,53,0,0,completed
9039,U9039,2025-01-25 18:29:00,2025-01-25 18:31:00,F,20~29,office,seoul,1,0,0,0,28,0,0,21,0,0,timeout
9040,U9040,2025-12-28 16:50:00,2025-12-28 16:55:00,F,20~29,office,seoul,1,0,0,0,27,0,0,55,0,0,completed
9041,U9041,2025-07-26 14:48:00,2025-07-26 14:55:00,F,50+,office,seoul,1,0,0,0,29,0,0,24,0,0,completed
9042,U9042,2025-07-05 22:46:00,2025-07-05 22:52:00,M,50+,office,seoul,1,0,0,0,24,0,0,66,0,0,completed
9043,U9043,2025-08-06 19:20:00,2025-08-06 19:22:00,F,50+,office,seoul,0,0,0,0,19,0,0,73,1,0,completed
9044,U9044,2025-05-26 16:37:00,2025-05-26 16:41:00,F,20~29,office,seoul,0,0,0,0,16,0,0,47,0,0,completed
9045,U9045,2025-07-27 20:32:00,2025-07-27 20:38:00,M,20~29,office,seoul,1,0,0,0,28,0,0,35,0,0,completed
9046,U9046,2025-07-02 14:12:00,2025-07-02 14:18:00,F,30~39,office,seoul,0,0,0,0,5,0,0,52,0,0,completed
9047,U9047,2025-04-10 12:32:00,2025-04-10 12:37:00,F,50+,office,seoul,0,0,0,0,24,0,0,47,0,1,completed
9048,U9048,2025-05-14 12:21:00,2025-05-14 12:25:00,F,30~39,office,seoul,0,0,0,0,25,0,0,12,0,0,completed
9049,U9049,2025-10-28 07:23:00,2025-10-28 07:27:00,F,20~29,office,seoul,0,0,0,0,26,0,0,74,0,0,completed
9050,U9050,2025-01-03 08:10:00,2025-01-03 08:12:00,M,30~39,office,seoul,0,0,0,0,26,0,0,56,0,0,completed
9051,U9051,2025-09-22 17:52:00,2025-09-22 17:58:00,F,50+,office,seoul,0,0,0,0,25,0,0,41,0,0,completed
9052,U9052,2025-06-22 14:06:00,2025-06-22 14:10:00,M,20~29,office,seoul,1,0,0,0,8,0,0,18,0,0,completed
9053,U9053,2025-11-17 08:58:00,2025-11-17 09:05:00,M,20~29,office,seoul,0,0,0,0,4,0,0,39,0,0,completed
9054,U9054,2025-01-27 18:12:00,2025-01-27 18:19:00,F,30~39,office,seoul,0,0,0,0,0,0,0,62,0,0,completed
9055,U9055,2025-11-21 17:57:00,2025-11-21 18:03:00,F,50+,office,seoul,0,0,0,0,7,0,0,68,0,0,completed
9056,U9056,2025-12-21 19:36:00,2025-12-21 19:42:00,F,30~39,office,seoul,1,0,0,0,3,0,0,64,0,0,completed
9057,U9057,2025-04-08 22:19:00,2025-04-08 22:26:00,F,30~39,office,seoul,0,0,0,0,2,0,0,68,0,0,completed
9058,U9058,2025-08-13 07:23:00,2025-08-13 07:28:00,M,30~39,office,seoul,0,0,0,0,24,0,0,61,0,0,completed
9059,U9059,2025-05-29 09:34:00,2025-05-29 09:41:00,M,20~29,office,seoul,0,0,0,0,10,0,0,10,1,0,completed
9060,U9060,2025-01-18 09:06:00,2025-01-18 09:11:00,M,50+,office,seoul,1,0,0,0,16,0,0,40,0,0,completed
9061,U9061,2025-06-14 13:49:00,2025-06-14 13:56:00,F,30~39,office,seoul,1,0,0,0,4,0,0,55,0,0,completed
9062,U9062,2025-08-23 12:42:00,2025-08-23 12:45:00,F,20~29,office,seoul,1,0,0,0,4,0,0,37,0,0,completed
9063,U9063,2025-08-05 15:32:00,2025-08-05 15:39:00,F,30~39,office,seoul,0,0,0,0,10,0,0,58,0,0,completed
9064,U9064,2025-07-31 13:43:00,2025-07-31 13:50:00,M,30~39,office,seoul,0,0,0,0,9,0,0,52,0,0,completed
9065,U9065,2025-01-12 12:51:00,2025-01-12 12:58:00,F,40~49,office,seoul,1,0,0,0,21,0,0,57,0,0,timeout
9066,U9066,2025-04-09 20:38:00,2025-04-09 20:44:00,F,20~29,office,seoul,0,0,0,0,11,0,0,36,0,0,completed
9067,U9067,2025-06-16 07:27:00,2025-06-16 07:33:00,F,30~39,office,seoul,0,0,0,0,29,0,0,49,0,0,abandoned
9068,U9068,2025-08-01 08:44:00,2025-08-01 08:51:00,M,30~39,office,seoul,0,0,0,0,4,0,0,70,0,0,completed
9069,U9069,2025-01-08 16:25:00,2025-01-08 16:31:00,F,20~29,office,seoul,0,0,0,0,27,0,0,51,0,0,completed
9070,U9070,2025-06-22 08:41:00,2025-06-22 08:47:00,F,20~29,office,seoul,1,0,0,0,2,0,0,18,0,0,completed
9071,U9071,2025-09-11 14:03:00,2025-09-11 14:10:00,F,30~39,office,seoul,0,0,0,0,6,0,0,65,0,0,completed
9072,U9072,2025-06-28 13:12:00,2025-06-28 13:15:00,F,50+,office,seoul,1,0,0,0,1,0,0,46,0,0,completed
9073,U9073,2025-12-25 12:43:00,2025-12-25 12:46:00,F,40~49,office,seoul,0,0,0,0,18,0,0,39,0,0,completed
9074,U9074,2025-11-24 08:36:00,2025-11-24 08:43:00,F,20~29,office,seoul,0,0,0,0,27,0,0,78,0,0,completed
9075,U9075,2025-10-15 15:52:00,2025-10-15 15:58:00,F,50+,office,seoul,0,0,0,0,29,0,0,68,0,0,completed
9076,U9076,2025-08-09 16:58:00,2025-08-09 17:01:00,F,30~39,office,seoul,1,0,0,0,25,0,0,37,0,0,completed
9077,U9077,2025-04-26 13:43:00,2025-04-26 13:47:00,M,20~29,office,seoul,1,0,0,0,17,0,0,47,0,0,completed
9078,U9078,2025-06-17 08:11:00,2025-06-17 08:14:00,M,40~49,office,seoul,0,0,0,0,15,0,0,13,0,0,completed
9079,U9079,2025-07-10 12:46:00,2025-07-10 12:52:00,F,30~39,office,seoul,0,0,0,0,8,0,0,39,0,0,completed
9080,U9080,2025-05-28 07:19:00,2025-05-28 07:24:00,M,50+,office,seoul,0,0,0,0,8,0,0,19,0,0,completed
9081,U9081,2025-09-03 16:46:00,2025-09-03 16:50:00,M,40~49,office,seoul,0,0,0,0,25,0,0,21,0,0,completed
9082,U9082,2025-05-31 07:06:00,2025-05-31 07:11:00,M,20~29,office,seoul,1,0,0,0,7,0,0,29,0,0,completed
9083,U9083,2025-03-23 21:18:00,2025-03-23 21:21:00,F,20~29,office,seoul,1,0,0,0,12,0,0,28,0,0,completed
9084,U9084,2025-02-12 14:15:00,2025-02-12 14:19:00,M,20~29,office,seoul,0,0,0,0,29,0,0,58,0,0,completed
9085,U9085,2025-05-18 07:29:00,2025-05-18 07:31:00,M,20~29,office,seoul,1,0,0,0,12,0,0,23,0,0,completed
9086,U9086,2025-07-03 08:53:00,2025-07-03 08:55:00,F,50+,office,seoul,0,0,0,0,18,0,0,62,0,0,completed
9087,U9087,2025-01-30 22:17:00,2025-01-30 22:19:00,M,20~29,office,seoul,0,0,0,0,26,0,0,55,0,0,completed
9088,U9088,2025-05-09 09:11:00,2025-05-09 09:16:00,F,50+,office,seoul,0,0,0,0,2,0,0,67,0,0,completed
9089,U9089,2025-04-04 14:18:00,2025-04-04 14:24:00,F,40~49,office,seoul,0,0,0,0,1,0,0,39,0,0,completed
9090,U9090,2025-03-06 16:15:00,2025-03-06 16:19:00,F,30~39,office,seoul,0,0,0,0,16,0,0,36,0,0,completed
9091,U9091,2025-07-29 22:01:00,2025-07-29 22:03:00,M,30~39,office,seoul,0,0,0,0,28,0,0,61,0,0,completed
9092,U9092,2025-03-31 09:52:00,2025-03-31 09:57:00,F,30~39,office,seoul,0,0,0,0,16,0,0,39,0,0,abandoned
9093,U9093,2025-01-30 18:05:00,2025-01-30 18:10:00,F,20~29,office,seoul,0,0,0,0,23,0,0,17,0,0,completed
9094,U9094,2025-04-01 15:56:00,2025-04-01 16:03:00,F,30~39,office,seoul,0,0,0,0,8,0,0,70,0,0,completed
9095,U9095,2025-05-05 12:09:00,2025-05-05 12:14:00,F,50+,office,seoul,0,0,0,0,15,0,0,14,1,0,completed
9096,U9096,2025-05-22 07:46:00,2025-05-22 07:49:00,F,40~49,office,seoul,0,0,0,0,17,0,0,78,0,0,completed
9097,U9097,2025-06-08 16:05:00,2025-06-08 16:11:00,M,30~39,office,seoul,1,0,0,0,3,0,0,45,1,0,completed
9098,U9098,2025-03-13 08:29:00,2025-03-13 08:35:00,M,20~29,office,seoul,0,0,0,0,8,0,0,41,0,0,completed
9099,U9099,2025-04-02 20:17:00,2025-04-02 20:21:00,F,30~39,office,seoul,0,0,0,0,6,0,0,49,0,0,completed
9100,U9100,2025-10-17 15:32:00,2025-10-17 15:37:00,F,20~29,office,seoul,0,0,0,0,23,0,0,52,0,0,completed
9101,U9101,2025-11-01 12:47:00,2025-11-01 12:50:00,F,20~29,office,seoul,1,0,0,0,18,0,0,46,0,0,completed
9102,U9102,2025-10-03 18:23:00,2025-10-03 18:29:00,M,30~39,office,seoul,0,0,0,0,17,0,0,17,0,0,completed
9103,U9103,2025-07-01 07:59:00,2025-07-01 08:01:00,F,20~29,office,seoul,0,0,0,0,5,0,0,23,0,0,completed
9104,U9104,2025-05-29 07:40:00,2025-05-29 07:42:00,F,20~29,office,seoul,0,0,0,0,23,0,0,47,0,0,completed
9105,U9105,2025-12-08 08:56:00,2025-12-08 08:58:00,M,30~39,office,seoul,0,0,0,0,12,0,0,30,0,0,completed
9106,U9106,2025-07-22 16:25:00,2025-07-22 16:30:00,F,20~29,office,seoul,0,0,0,0,18,0,0,21,0,0,completed
9107,U9107,2025-12-31 12:03:00,2025-12-31 12:09:00,F,30~39,office,seoul,0,0,0,0,14,0,0,34,0,0,completed
9108,U9108,2025-03-12 12:52:00,2025-03-12 12:59:00,F,30~39,office,seoul,0,0,0,0,2,0,0,48,0,0,completed
9109,U9109,2025-07-31 14:08:00,2025-07-31 14:14:00,M,20~29,office,seoul,0,0,0,0,8,0,0,75,0,0,completed
9110,U9110,2025-07-27 12:44:00,2025-07-27 12:50:00,F,30~39,office,seoul,1,0,0,0,25,0,0,17,0,0,completed
9111,U9111,2025-11-13 11:51:00,2025-11-13 11:53:00,F,50+,office,seoul,0,0,0,0,26,0,0,35,0,0,completed
9112,U9112,2025-07-06 20:13:00,2025-07-06 20:16:00,F,40~49,office,seoul,1,0,0,0,26,0,0,73,0,0,completed
9113,U9113,2025-04-21 19:09:00,2025-04-21 19:12:00,F,30~39,office,seoul,0,0,0,0,22,0,0,18,0,0,completed
9114,U9114,2025-08-30 09:08:00,2025-08-30 09:14:00,F,50+,office,seoul,1,0,0,0,2,0,0,74,0,0,completed
9115,U9115,2025-02-11 20:31:00,2025-02-11 20:35:00,M,50+,office,seoul,0,0,0,0,18,0,0,41,0,0,completed
9116,U9116,2025-11-17 11:25:00,2025-11-17 11:31:00,M,40~49,office,seoul,0,0,0,0,20,0,0,38,0,0,completed
9117,U9117,2025-09-11 12:19:00,2025-09-11 12:25:00,M,30~39,office,seoul,0,0,0,0,16,0,0,76,0,0,completed
9118,U9118,2025-09-22 17:51:00,2025-09-22 17:58:00,M,50+,office,seoul,0,0,0,0,8,0,0,20,0,0,completed
9119,U9119,2025-11-11 14:36:00,2025-11-11 14:42:00,M,20~29,office,seoul,0,0,0,0,21,0,0,37,0,0,completed
9120,U9120,2025-03-05 20:34:00,2025-03-05 20:37:00,M,20~29,office,seoul,0,0,0,0,29,0,0,21,0,0,completed
9121,U9121,2025-07-14 13:52:00,2025-07-14 13:59:00,F,50+,office,seoul,0,0,0,0,11,0,0,26,0,0,error
9122,U9122,2025-08-10 14:01:00,2025-08-10 14:04:00,F,20~29,office,seoul,1,0,0,0,22,0,0,38,0,0,timeout
9123,U9123,2025-01-16 19:13:00,2025-01-16 19:19:00,F,30~39,office,seoul,0,0,0,0,14,0,0,35,0,0,completed
9124,U9124,2025-07-09 09:07:00,2025-07-09 09:09:00,M,50+,office,seoul,0,0,0,0,8,0,0,17,0,0,completed
9125,U9125,2025-03-01 09:04:00,2025-03-01 09:06:00,F,20~29,office,seoul,1,0,0,0,4,0,0,41,0,0,timeout
9126,U9126,2025-05-23 19:22:00,2025-05-23 19:26:00,F,30~39,office,seoul,0,0,0,0,17,0,0,30,0,0,completed
9127,U9127,2025-08-14 08:12:00,2025-08-14 08:16:00,M,20~29,office,seoul,0,0,0,0,8,0,0,23,0,0,completed
9128,U9128,2025-05-06 17:31:00,2025-05-06 17:35:00,M,30~39,office,seoul,0,0,0,0,13,0,0,21,0,0,completed
9129,U9129,2025-09-08 16:47:00,2025-09-08 16:53:00,F,30~39,office,seoul,0,0,0,0,9,0,0,14,0,0,completed
9130,U9130,2025-12-27 07:55:00,2025-12-27 08:01:00,F,50+,office,seoul,1,0,0,0,18,0,0,53,0,0,completed
9131,U9131,2025-08-11 15:19:00,2025-08-11 15:22:00,M,40~49,office,seoul,0,0,0,0,26,0,0,28,0,0,completed
9132,U9132,2025-04-25 12:11:00,2025-04-25 12:14:00,F,40~49,office,seoul,0,0,0,0,20,0,0,19,0,0,completed
9133,U9133,2025-03-04 15:21:00,2025-03-04 15:28:00,F,40~49,office,seoul,0,0,0,0,14,0,0,43,0,1,completed
9134,U9134,2025-06-19 09:12:00,2025-06-19 09:15:00,M,40~49,office,seoul,0,0,0,0,12,0,0,69,0,0,completed
9135,U9135,2025-05-23 15:33:00,2025-05-23 15:40:00,F,30~39,office,seoul,0,0,0,0,27,0,0,55,0,0,completed
9136,U9136,2025-09-30 18:52:00,2025-09-30 18:55:00,F,40~49,office,seoul,0,0,0,0,18,0,0,71,0,0,completed
9137,U9137,2025-09-09 22:18:00,2025-09-09 22:25:00,F,20~29,office,seoul,0,0,0,0,8,0,0,60,0,0,completed
9138,U9138,2025-03-06 09:31:00,2025-03-06 09:36:00,M,40~49,office,seoul,0,0,0,0,28,0,0,69,0,0,timeout
9139,U9139,2025-01-05 21:09:00,2025-01-05 21:12:00,M,20~29,office,seoul,1,0,0,0,23,0,0,62,0,0,completed
9140,U9140,2025-01-18 19:19:00,2025-01-18 19:22:00,M,50+,office,seoul,1,0,0,0,11,0,0,65,0,0,completed
9141,U9141,2025-09-20 19:49:00,2025-09-20 19:53:00,F,30~39,office,seoul,1,0,0,0,19,0,0,27,0,0,completed
9142,U9142,2025-06-10 08:07:00,2025-06-10 08:14:00,F,20~29,office,seoul,0,0,0,0,1,0,0,51,0,0,completed
9143,U9143,2025-02-26 11:38:00,2025-02-26 11:43:00,F,30~39,office,seoul,0,0,0,0,24,0,0,36,0,0,completed
9144,U9144,2025-12-31 16:09:00,2025-12-31 16:12:00,F,20~29,office,seoul,0,0,0,0,27,0,0,32,0,0,completed
9145,U9145,2025-11-10 09:03:00,2025-11-10 09:05:00,M,30~39,office,seoul,0,0,0,0,15,0,0,28,0,0,completed
9146,U9146,2025-03-27 08:50:00,2025-03-27 08:54:00,F,20~29,office,seoul,0,0,0,0,5,0,0,37,0,0,completed
9147,U9147,2025-05-20 13:56:00,2025-05-20 13:59:00,F,30~39,office,seoul,0,0,0,0,4,0,0,52,0,0,timeout
9148,U9148,2025-11-24 08:34:00,2025-11-24 08:38:00,M,50+,office,seoul,0,0,0,0,25,0,0,26,0,0,abandoned
9149,U9149,2025-12-08 19:43:00,2025-12-08 19:48:00,F,30~39,office,seoul,0,0,0,0,9,0,0,53,0,0,completed
9150,U9150,2025-06-29 17:21:00,2025-06-29 17:23:00,F,30~39,office,seoul,1,0,0,0,12,0,0,13,0,0,completed
9151,U9151,2025-04-21 16:23:00,2025-04-21 16:30:00,M,30~39,office,seoul,0,0,0,0,5,0,0,11,0,0,completed
9152,U9152,2025-09-29 08:06:00,2025-09-29 08:09:00,M,30~39,office,seoul,0,0,0,0,29,0,0,70,0,0,abandoned
9153,U9153,2025-01-25 20:49:00,2025-01-25 20:52:00,F,50+,office,seoul,1,0,0,0,28,0,0,56,0,0,completed
9154,U9154,2025-01-16 15:22:00,2025-01-16 15:28:00,M,30~39,office,seoul,0,0,0,0,21,0,0,19,0,0,timeout
9155,U9155,2025-08-05 08:58:00,2025-08-05 09:01:00,F,20~29,office,seoul,0,0,0,0,20,0,0,60,0,0,completed
9156,U9156,2025-04-26 14:15:00,2025-04-26 14:20:00,F,50+,office,seoul,1,0,0,0,20,0,0,15,0,0,completed
9157,U9157,2025-07-11 07:31:00,2025-07-11 07:34:00,M,40~49,office,seoul,0,0,0,0,4,0,0,73,0,0,completed
9158,U9158,2025-10-23 15:08:00,2025-10-23 15:13:00,M,30~39,office,seoul,0,0,0,0,29,0,0,42,0,0,abandoned
9159,U9159,2025-04-07 11:02:00,2025-04-07 11:04:00,F,20~29,office,seoul,0,0,0,0,27,0,0,70,0,0,completed
9160,U9160,2025-08-20 17:16:00,2025-08-20 17:22:00,F,30~39,office,seoul,0,0,0,0,26,0,0,60,0,0,completed
9161,U9161,2025-11-16 18:01:00,2025-11-16 18:06:00,F,20~29,office,seoul,1,0,0,0,27,0,0,59,0,0,completed
9162,U9162,2025-08-02 16:51:00,2025-08-02 16:56:00,F,20~29,office,seoul,1,0,0,0,20,0,0,27,0,0,completed
9163,U9163,2025-05-19 09:59:00,2025-05-19 10:02:00,M,50+,office,seoul,0,0,0,0,11,0,0,65,0,0,completed
9164,U9164,2025-06-18 09:12:00,2025-06-18 09:19:00,M,40~49,office,seoul,0,0,0,0,22,0,0,39,0,0,abandoned
9165,U9165,2025-03-24 19:58:00,2025-03-24 20:00:00,F,40~49,office,seoul,0,0,0,0,17,0,0,13,0,0,completed
9166,U9166,2025-10-03 19:40:00,2025-10-03 19:42:00,M,40~49,office,seoul,0,0,0,0,17,0,0,39,0,0,completed
9167,U9167,2025-06-29 18:14:00,2025-06-29 18:16:00,F,30~39,office,seoul,1,0,0,0,1,0,0,78,0,0,completed
9168,U9168,2025-07-07 16:40:00,2025-07-07 16:46:00,F,20~29,office,seoul,0,0,0,0,10,0,0,32,0,0,completed
9169,U9169,2025-07-18 08:13:00,2025-07-18 08:18:00,F,30~39,office,seoul,0,0,0,0,0,0,0,28,0,0,abandoned
9170,U9170,2025-08-29 11:49:00,2025-08-29 11:52:00,M,20~29,office,seoul,0,0,0,0,22,0,0,76,0,0,completed
9171,U9171,2025-10-24 13:48:00,2025-10-24 13:55:00,M,40~49,office,seoul,0,0,0,0,17,0,0,59,0,0,completed
9172,U9172,2025-05-03 12:17:00,2025-05-03 12:20:00,F,30~39,office,seoul,1,0,0,0,3,0,0,37,1,0,completed
9173,U9173,2025-09-09 09:40:00,2025-09-09 09:45:00,M,20~29,office,seoul,0,0,0,0,15,0,0,54,0,0,completed
9174,U9174,2025-05-23 12:21:00,2025-05-23 12:24:00,M,30~39,office,seoul,0,0,0,0,10,0,0,32,0,0,completed
9175,U9175,2025-05-31 19:10:00,2025-05-31 19:13:00,F,50+,office,seoul,1,0,0,0,7,0,0,74,0,0,completed
9176,U9176,2025-07-17 13:07:00,2025-07-17 13:14:00,M,50+,office,seoul,0,0,0,0,29,0,0,27,0,0,completed
9177,U9177,2025-08-22 15:07:00,2025-08-22 15:14:00,M,20~29,office,seoul,0,0,0,0,19,0,0,43,0,0,completed
9178,U9178,2025-11-06 16:46:00,2025-11-06 16:51:00,F,20~29,office,seoul,0,0,0,0,18,0,0,76,0,0,completed
9179,U9179,2025-08-29 14:36:00,2025-08-29 14:38:00,M,30~39,office,seoul,0,0,0,0,0,0,0,76,0,0,completed
9180,U9180,2025-01-23 18:21:00,2025-01-23 18:26:00,F,20~29,office,seoul,0,0,0,0,19,0,0,70,0,0,completed
9181,U9181,2025-03-02 17:54:00,2025-03-02 17:56:00,M,40~49,office,seoul,1,0,0,0,8,0,0,76,0,0,completed
9182,U9182,2025-12-22 20:42:00,2025-12-22 20:48:00,F,30~39,office,seoul,0,0,0,0,17,0,0,17,1,0,completed
9183,U9183,2025-09-08 19:06:00,2025-09-08 19:10:00,M,40~49,office,seoul,0,0,0,0,2,0,0,31,0,1,completed
9184,U9184,2025-11-15 17:45:00,2025-11-15 17:50:00,M,30~39,office,seoul,1,0,0,0,11,0,0,75,0,0,completed
9185,U9185,2025-03-14 13:34:00,2025-03-14 13:36:00,M,20~29,office,seoul,0,0,0,0,9,0,0,34,0,0,completed
9186,U9186,2025-10-22 17:13:00,2025-10-22 17:15:00,F,20~29,office,seoul,0,0,0,0,28,0,0,29,0,0,completed
9187,U9187,2025-11-10 08:34:00,2025-11-10 08:36:00,F,30~39,office,seoul,0,0,0,0,12,0,0,72,0,0,completed
9188,U9188,2025-02-10 18:55:00,2025-02-10 18:59:00,F,20~29,office,seoul,0,0,0,0,18,0,0,14,0,0,completed
9189,U9189,2025-05-30 11:07:00,2025-05-30 11:09:00,F,50+,office,seoul,0,0,0,0,26,0,0,16,0,0,completed
9190,U9190,2025-03-12 16:40:00,2025-03-12 16:45:00,M,30~39,office,seoul,0,0,0,0,12,0,0,21,0,0,abandoned
9191,U9191,2025-06-30 12:23:00,2025-06-30 12:29:00,F,50+,office,seoul,0,0,0,0,12,0,0,38,0,1,completed
9192,U9192,2025-08-26 07:41:00,2025-08-26 07:44:00,M,30~39,office,seoul,0,0,0,0,0,0,0,32,0,0,completed
9193,U9193,2025-06-12 12:15:00,2025-06-12 12:21:00,M,30~39,office,seoul,0,0,0,0,12,0,0,46,0,0,completed
9194,U9194,2025-09-11 09:43:00,2025-09-11 09:49:00,M,40~49,office,seoul,0,0,0,0,9,0,0,30,0,0,completed
9195,U9195,2025-02-05 07:07:00,2025-02-05 07:12:00,F,30~39,office,seoul,0,0,0,0,1,0,0,63,0,0,completed
9196,U9196,2025-03-18 12:36:00,2025-03-18 12:40:00,F,40~49,office,seoul,0,0,0,0,9,0,0,46,0,0,completed
9197,U9197,2025-10-06 09:56:00,2025-10-06 10:03:00,M,40~49,office,seoul,0,0,0,0,15,0,0,19,0,0,completed
9198,U9198,2025-02-20 17:59:00,2025-02-20 18:01:00,F,20~29,office,seoul,0,0,0,0,25,0,0,60,0,0,completed
9199,U9199,2025-01-18 07:08:00,2025-01-18 07:15:00,F,20~29,office,seoul,1,0,0,0,2,0,0,19,0,0,completed
9200,U9200,2025-03-11 09:29:00,2025-03-11 09:35:00,M,20~29,office,seoul,0,0,0,0,17,0,0,25,0,0,completed
9201,U9201,2025-09-25 18:16:00,2025-09-25 18:20:00,M,20~29,office,seoul,0,0,0,0,4,0,0,29,0,0,completed
9202,U9202,2025-12-18 12:20:00,2025-12-18 12:26:00,F,20~29,office,seoul,0,0,0,0,15,0,0,61,0,0,completed
9203,U9203,2025-01-16 11:13:00,2025-01-16 11:20:00,F,40~49,office,seoul,0,0,0,0,5,0,0,66,0,0,completed
9204,U9204,2025-08-21 12:20:00,2025-08-21 12:27:00,F,20~29,office,seoul,0,0,0,0,4,0,0,54,0,0,completed
9205,U9205,2025-02-19 18:15:00,2025-02-19 18:20:00,M,20~29,office,seoul,0,0,0,0,7,0,0,49,0,0,completed
9206,U9206,2025-02-08 16:06:00,2025-02-08 16:12:00,F,20~29,office,seoul,1,0,0,0,28,0,0,30,0,0,completed
9207,U9207,2025-03-02 07:33:00,2025-03-02 07:35:00,M,20~29,office,seoul,1,0,0,0,7,0,0,20,0,0,completed
9208,U9208,2025-02-21 18:03:00,2025-02-21 18:10:00,F,20~29,office,seoul,0,0,0,0,16,0,0,79,0,0,completed
9209,U9209,2025-08-09 15:52:00,2025-08-09 15:59:00,F,20~29,office,seoul,1,0,0,0,7,0,0,33,0,0,completed
9210,U9210,2025-04-07 20:47:00,2025-04-07 20:49:00,M,20~29,office,seoul,0,0,0,0,15,0,0,43,0,0,abandoned
9211,U9211,2025-07-04 08:06:00,2025-07-04 08:10:00,F,30~39,office,seoul,0,0,0,0,5,0,0,66,0,0,completed
9212,U9212,2025-03-29 14:25:00,2025-03-29 14:32:00,M,20~29,office,seoul,1,0,0,0,26,0,0,71,0,0,completed
9213,U9213,2025-10-14 14:01:00,2025-10-14 14:03:00,M,20~29,office,seoul,0,0,0,0,27,0,0,58,0,0,completed
9214,U9214,2025-08-12 17:14:00,2025-08-12 17:19:00,M,30~39,office,seoul,0,0,0,0,1,0,0,30,0,0,completed
9215,U9215,2025-07-22 15:31:00,2025-07-22 15:38:00,F,20~29,office,seoul,0,0,0,0,12,0,0,53,0,0,timeout
9216,U9216,2025-06-05 11:37:00,2025-06-05 11:41:00,F,20~29,office,seoul,0,0,0,0,6,0,0,37,0,0,completed
9217,U9217,2025-04-07 14:29:00,2025-04-07 14:32:00,M,50+,office,seoul,0,0,0,0,23,0,0,37,0,0,completed
9218,U9218,2025-10-29 19:10:00,2025-10-29 19:17:00,F,50+,office,seoul,0,0,0,0,21,0,0,16,0,0,completed
9219,U9219,2025-10-08 09:35:00,2025-10-08 09:39:00,F,40~49,office,seoul,0,0,0,0,10,0,0,56,0,0,completed
9220,U9220,2025-11-04 19:53:00,2025-11-04 19:59:00,F,20~29,office,seoul,0,0,0,0,6,0,0,42,0,0,completed
9221,U9221,2025-05-12 15:04:00,2025-05-12 15:10:00,M,30~39,office,seoul,0,0,0,0,25,0,0,38,0,0,error
9222,U9222,2025-01-18 11:35:00,2025-01-18 11:41:00,M,50+,office,seoul,1,0,0,0,3,0,0,66,0,0,completed
9223,U9223,2025-07-15 18:06:00,2025-07-15 18:08:00,F,40~49,office,seoul,0,0,0,0,3,0,0,61,0,0,completed
9224,U9224,2025-08-23 15:04:00,2025-08-23 15:09:00,F,30~39,office,seoul,1,0,0,0,28,0,0,45,0,0,completed
9225,U9225,2025-10-29 19:16:00,2025-10-29 19:19:00,F,40~49,office,seoul,0,0,0,0,21,0,0,68,0,1,completed
9226,U9226,2025-10-27 20:17:00,2025-10-27 20:22:00,M,50+,office,seoul,0,0,0,0,28,0,0,33,1,0,completed
9227,U9227,2025-06-05 12:06:00,2025-06-05 12:10:00,F,20~29,office,seoul,0,0,0,0,28,0,0,64,0,0,completed
9228,U9228,2025-03-04 11:29:00,2025-03-04 11:31:00,F,30~39,office,seoul,0,0,0,0,11,0,0,61,0,0,completed
9229,U9229,2025-02-28 14:18:00,2025-02-28 14:21:00,F,20~29,office,seoul,0,0,0,0,8,0,0,32,0,0,abandoned
9230,U9230,2025-09-04 13:30:00,2025-09-04 13:35:00,M,20~29,office,seoul,0,0,0,0,3,0,0,59,0,0,completed
9231,U9231,2025-04-14 18:12:00,2025-04-14 18:15:00,F,40~49,office,seoul,0,0,0,0,25,0,0,68,0,0,completed
9232,U9232,2025-09-07 15:15:00,2025-09-07 15:19:00,M,30~39,office,seoul,1,0,0,0,24,0,0,48,0,0,completed
9233,U9233,2025-05-20 15:22:00,2025-05-20 15:25:00,F,30~39,office,seoul,0,0,0,0,11,0,0,69,0,0,completed
9234,U9234,2025-04-08 15:20:00,2025-04-08 15:27:00,M,30~39,office,seoul,0,0,0,0,12,0,0,12,0,0,completed
9235,U9235,2025-05-18 16:41:00,2025-05-18 16:45:00,F,50+,office,seoul,1,0,0,0,2,0,0,43,1,0,completed
9236,U9236,2025-04-23 18:30:00,2025-04-23 18:33:00,M,30~39,office,seoul,0,0,0,0,16,0,0,44,0,0,completed
9237,U9237,2025-02-25 18:55:00,2025-02-25 19:00:00,F,30~39,office,seoul,0,0,0,0,18,0,0,26,0,0,completed
9238,U9238,2025-10-04 14:18:00,2025-10-04 14:25:00,F,20~29,office,seoul,1,0,0,0,12,0,0,20,0,0,completed
9239,U9239,2025-03-11 15:19:00,2025-03-11 15:21:00,F,20~29,office,seoul,0,0,0,0,28,0,0,68,0,0,completed
9240,U9240,2025-06-19 14:41:00,2025-06-19 14:47:00,M,20~29,office,seoul,0,0,0,0,21,0,0,45,0,0,completed
9241,U9241,2025-05-14 20:52:00,2025-05-14 20:54:00,M,40~49,office,seoul,0,0,0,0,24,0,0,45,0,1,completed
9242,U9242,2025-09-08 13:15:00,2025-09-08 13:17:00,F,30~39,office,seoul,0,0,0,0,8,0,0,40,0,0,completed
9243,U9243,2025-06-26 07:23:00,2025-06-26 07:30:00,F,30~39,office,seoul,0,0,0,0,11,0,0,46,0,0,abandoned
9244,U9244,2025-06-07 15:00:00,2025-06-07 15:07:00,M,20~29,office,seoul,1,0,0,0,6,0,0,70,0,0,completed
9245,U9245,2025-05-23 14:37:00,2025-05-23 14:42:00,F,30~39,office,seoul,0,0,0,0,8,0,0,28,0,0,completed
9246,U9246,2025-08-15 12:09:00,2025-08-15 12:11:00,M,20~29,office,seoul,0,0,0,0,23,0,0,14,0,0,completed
9247,U9247,2025-11-23 15:45:00,2025-11-23 15:51:00,F,30~39,office,seoul,1,0,0,0,20,0,0,65,0,0,completed
9248,U9248,2025-11-07 18:48:00,2025-11-07 18:52:00,F,20~29,office,seoul,0,0,0,0,14,0,0,63,0,0,completed
9249,U9249,2025-04-19 12:59:00,2025-04-19 13:04:00,F,30~39,office,seoul,1,0,0,0,20,0,0,28,0,0,completed
9250,U9250,2025-04-13 18:49:00,2025-04-13 18:56:00,M,40~49,office,seoul,1,0,0,0,10,0,0,58,0,0,abandoned
9251,U9251,2025-07-03 20:19:00,2025-07-03 20:24:00,M,20~29,office,seoul,0,0,0,0,7,0,0,35,1,0,completed
9252,U9252,2025-04-30 09:27:00,2025-04-30 09:31:00,M,40~49,office,seoul,0,0,0,0,5,0,0,62,0,0,completed
9253,U9253,2025-09-04 17:25:00,2025-09-04 17:32:00,M,20~29,office,seoul,0,0,0,0,7,0,0,72,0,0,completed
9254,U9254,2025-12-26 20:18:00,2025-12-26 20:25:00,F,40~49,office,seoul,0,0,0,0,16,0,0,58,0,0,completed
9255,U9255,2025-06-25 15:25:00,2025-06-25 15:32:00,F,20~29,office,seoul,0,0,0,0,20,0,0,15,0,0,abandoned
9256,U9256,2025-11-27 15:57:00,2025-11-27 16:01:00,F,30~39,office,seoul,0,0,0,0,17,0,0,22,0,0,completed
9257,U9257,2025-12-22 12:14:00,2025-12-22 12:18:00,M,20~29,office,seoul,0,0,0,0,14,0,0,20,0,0,completed
9258,U9258,2025-04-10 11:06:00,2025-04-10 11:13:00,M,20~29,office,seoul,0,0,0,0,5,0,0,64,0,0,completed
9259,U9259,2025-11-22 14:56:00,2025-11-22 15:02:00,F,40~49,office,seoul,1,0,0,0,16,0,0,46,0,0,completed
9260,U9260,2025-01-19 07:39:00,2025-01-19 07:44:00,F,20~29,office,seoul,1,0,0,0,23,0,0,49,1,0,completed
9261,U9261,2025-02-07 13:53:00,2025-02-07 13:57:00,F,20~29,office,seoul,0,0,0,0,25,0,0,29,0,0,timeout
9262,U9262,2025-09-09 15:49:00,2025-09-09 15:53:00,M,50+,office,seoul,0,0,0,0,4,0,0,51,0,0,completed
9263,U9263,2025-02-10 15:36:00,2025-02-10 15:43:00,F,20~29,office,seoul,0,0,0,0,24,0,0,16,0,0,completed
9264,U9264,2025-12-10 09:10:00,2025-12-10 09:13:00,F,30~39,office,seoul,0,0,0,0,26,0,0,43,0,0,completed
9265,U9265,2025-07-04 07:22:00,2025-07-04 07:26:00,F,20~29,office,seoul,0,0,0,0,24,0,0,52,0,0,completed
9266,U9266,2025-03-26 22:48:00,2025-03-26 22:52:00,F,40~49,office,seoul,0,0,0,0,18,0,0,73,0,0,completed
9267,U9267,2025-12-06 13:50:00,2025-12-06 13:52:00,M,20~29,office,seoul,1,0,0,0,5,0,0,36,0,0,completed
9268,U9268,2025-03-23 08:03:00,2025-03-23 08:07:00,F,20~29,office,seoul,1,0,0,0,7,0,0,63,0,0,completed
9269,U9269,2025-06-19 22:21:00,2025-06-19 22:25:00,F,50+,office,seoul,0,0,0,0,29,0,0,60,0,0,completed
9270,U9270,2025-09-13 14:34:00,2025-09-13 14:41:00,F,20~29,office,seoul,1,0,0,0,5,0,0,16,0,0,completed
9271,U9271,2025-11-28 22:17:00,2025-11-28 22:21:00,F,40~49,office,seoul,0,0,0,0,3,0,0,68,0,0,completed
9272,U9272,2025-05-09 18:04:00,2025-05-09 18:09:00,F,20~29,office,seoul,0,0,0,0,1,0,0,75,0,0,completed
9273,U9273,2025-06-09 11:39:00,2025-06-09 11:44:00,F,30~39,office,seoul,0,0,0,0,23,0,0,55,0,0,completed
9274,U9274,2025-11-28 07:41:00,2025-11-28 07:44:00,M,40~49,office,seoul,0,0,0,0,21,0,0,55,0,0,completed
9275,U9275,2025-12-11 08:54:00,2025-12-11 08:56:00,F,20~29,office,seoul,0,0,0,0,25,0,0,57,0,0,completed
9276,U9276,2025-01-03 09:19:00,2025-01-03 09:23:00,M,20~29,office,seoul,0,0,0,0,24,0,0,29,0,0,completed
9277,U9277,2025-11-08 14:25:00,2025-11-08 14:31:00,M,20~29,office,seoul,1,0,0,0,0,0,0,36,0,0,completed
9278,U9278,2025-06-28 11:33:00,2025-06-28 11:39:00,F,20~29,office,seoul,1,0,0,0,27,0,0,42,0,0,completed
9279,U9279,2025-09-09 18:28:00,2025-09-09 18:30:00,F,30~39,office,seoul,0,0,0,0,28,0,0,32,0,0,completed
9280,U9280,2025-01-29 13:46:00,2025-01-29 13:50:00,F,20~29,office,seoul,0,0,0,0,17,0,0,48,0,0,completed
9281,U9281,2025-06-30 22:06:00,2025-06-30 22:09:00,M,20~29,office,seoul,0,0,0,0,21,0,0,52,0,0,completed
9282,U9282,2025-12-03 09:24:00,2025-12-03 09:28:00,M,50+,office,seoul,0,0,0,0,26,0,0,58,0,0,completed
9283,U9283,2025-08-24 11:12:00,2025-08-24 11:16:00,M,30~39,office,seoul,1,0,0,0,18,0,0,60,0,0,abandoned
9284,U9284,2025-03-20 11:02:00,2025-03-20 11:05:00,M,30~39,office,seoul,0,0,0,0,28,0,0,63,0,0,completed
9285,U9285,2025-03-18 16:07:00,2025-03-18 16:12:00,F,20~29,office,seoul,0,0,0,0,3,0,0,73,0,0,completed
9286,U9286,2025-02-24 09:58:00,2025-02-24 10:00:00,F,20~29,office,seoul,0,0,0,0,22,0,0,62,0,0,completed
9287,U9287,2025-09-12 19:03:00,2025-09-12 19:10:00,F,20~29,office,seoul,0,0,0,0,24,0,0,27,0,0,completed
9288,U9288,2025-02-02 09:39:00,2025-02-02 09:41:00,M,30~39,office,seoul,1,0,0,0,16,0,0,12,0,0,completed
9289,U9289,2025-02-08 07:35:00,2025-02-08 07:41:00,M,30~39,office,seoul,1,0,0,0,20,0,0,60,0,0,completed
9290,U9290,2025-09-01 17:23:00,2025-09-01 17:26:00,M,50+,office,seoul,0,0,0,0,13,0,0,55,0,0,completed
9291,U9291,2025-09-20 09:08:00,2025-09-20 09:12:00,M,50+,office,seoul,1,0,0,0,17,0,0,70,0,0,completed
9292,U9292,2025-09-19 17:28:00,2025-09-19 17:30:00,F,20~29,office,seoul,0,0,0,0,25,0,0,36,0,0,completed
9293,U9293,2025-04-30 16:59:00,2025-04-30 17:02:00,F,20~29,office,seoul,0,0,0,0,15,0,0,52,0,0,completed
9294,U9294,2025-07-09 18:05:00,2025-07-09 18:08:00,F,30~39,office,seoul,0,0,0,0,15,0,0,33,0,0,timeout
9295,U9295,2025-11-28 12:46:00,2025-11-28 12:53:00,F,20~29,office,seoul,0,0,0,0,11,0,0,35,0,0,completed
9296,U9296,2025-07-11 12:16:00,2025-07-11 12:22:00,M,40~49,office,seoul,0,0,0,0,25,0,0,54,1,0,completed
9297,U9297,2025-09-14 14:00:00,2025-09-14 14:06:00,M,20~29,office,seoul,1,0,0,0,29,0,0,11,0,0,completed
9298,U9298,2025-01-27 13:36:00,2025-01-27 13:40:00,F,50+,office,seoul,0,0,0,0,25,0,0,27,0,0,completed
9299,U9299,2025-07-09 21:41:00,2025-07-09 21:46:00,M,30~39,office,seoul,0,0,0,0,5,0,0,45,0,0,completed
9300,U9300,2025-10-18 20:46:00,2025-10-18 20:53:00,F,20~29,office,seoul,1,0,0,0,16,0,0,64,0,0,completed
9301,U9301,2025-06-13 15:39:00,2025-06-13 15:44:00,F,40~49,office,seoul,0,0,0,0,13,0,0,42,0,0,completed
9302,U9302,2025-07-13 07:27:00,2025-07-13 07:34:00,F,30~39,office,seoul,1,0,0,0,7,0,0,72,0,0,completed
9303,U9303,2025-11-06 17:37:00,2025-11-06 17:44:00,F,50+,office,seoul,0,0,0,0,26,0,0,68,0,0,completed
9304,U9304,2025-08-14 21:20:00,2025-08-14 21:25:00,M,20~29,office,seoul,0,0,0,0,21,0,0,58,0,0,completed
9305,U9305,2025-02-21 09:25:00,2025-02-21 09:27:00,F,20~29,office,seoul,0,0,0,0,13,0,0,64,0,0,completed
9306,U9306,2025-08-12 14:17:00,2025-08-12 14:24:00,M,50+,office,seoul,0,0,0,0,20,0,0,50,0,0,completed
9307,U9307,2025-04-11 16:05:00,2025-04-11 16:11:00,M,40~49,office,seoul,0,0,0,0,23,0,0,42,0,0,completed
9308,U9308,2025-01-01 19:46:00,2025-01-01 19:53:00,F,20~29,office,seoul,0,0,0,0,18,0,0,52,0,0,completed
9309,U9309,2025-10-27 07:13:00,2025-10-27 07:17:00,F,30~39,office,seoul,0,0,0,0,3,0,0,78,0,0,completed
9310,U9310,2025-04-18 19:20:00,2025-04-18 19:24:00,F,40~49,office,seoul,0,0,0,0,20,0,0,23,1,0,completed
9311,U9311,2025-08-29 08:24:00,2025-08-29 08:30:00,F,40~49,office,seoul,0,0,0,0,13,0,0,66,0,0,completed
9312,U9312,2025-06-15 16:24:00,2025-06-15 16:29:00,F,50+,office,seoul,1,0,0,0,17,0,0,39,1,0,completed
9313,U9313,2025-06-03 18:38:00,2025-06-03 18:45:00,F,30~39,office,seoul,0,0,0,0,0,0,0,58,0,0,completed
9314,U9314,2025-12-08 08:55:00,2025-12-08 08:59:00,M,20~29,office,seoul,0,0,0,0,28,0,0,52,0,0,completed
9315,U9315,2025-04-04 12:09:00,2025-04-04 12:16:00,M,20~29,office,seoul,0,0,0,0,12,0,0,50,0,0,abandoned
9316,U9316,2025-01-15 11:47:00,2025-01-15 11:53:00,F,50+,office,seoul,0,0,0,0,15,0,0,54,0,0,completed
9317,U9317,2025-10-13 15:40:00,2025-10-13 15:43:00,F,50+,office,seoul,0,0,0,0,17,0,0,75,0,0,completed
9318,U9318,2025-11-17 19:43:00,2025-11-17 19:48:00,F,40~49,office,seoul,0,0,0,0,28,0,0,67,0,0,completed
9319,U9319,2025-11-24 16:08:00,2025-11-24 16:15:00,M,20~29,office,seoul,0,0,0,0,0,0,0,21,0,0,completed
9320,U9320,2025-06-27 21:10:00,2025-06-27 21:17:00,F,50+,office,seoul,0,0,0,0,23,0,0,43,0,0,completed
9321,U9321,2025-12-11 21:08:00,2025-12-11 21:10:00,M,20~29,office,seoul,0,0,0,0,17,0,0,31,0,0,completed
9322,U9322,2025-06-18 22:08:00,2025-06-18 22:13:00,M,50+,office,seoul,0,0,0,0,2,0,0,34,0,0,completed
9323,U9323,2025-02-16 19:22:00,2025-02-16 19:24:00,F,30~39,office,seoul,1,0,0,0,19,0,0,58,0,0,completed
9324,U9324,2025-08-24 17:54:00,2025-08-24 17:59:00,F,30~39,office,seoul,1,0,0,0,22,0,0,46,0,0,completed
9325,U9325,2025-11-30 16:25:00,2025-11-30 16:32:00,M,20~29,office,seoul,1,0,0,0,3,0,0,56,0,0,abandoned
9326,U9326,2025-06-07 13:03:00,2025-06-07 13:07:00,F,40~49,office,seoul,1,0,0,0,20,0,0,60,0,0,abandoned
9327,U9327,2025-06-14 18:26:00,2025-06-14 18:33:00,F,30~39,office,seoul,1,0,0,0,26,0,0,79,0,0,abandoned
9328,U9328,2025-04-19 16:31:00,2025-04-19 16:36:00,F,20~29,office,seoul,1,0,0,0,7,0,0,66,0,0,abandoned
9329,U9329,2025-09-24 11:32:00,2025-09-24 11:39:00,F,50+,office,seoul,0,0,0,0,11,0,0,50,0,0,completed
9330,U9330,2025-05-10 08:06:00,2025-05-10 08:10:00,F,20~29,office,seoul,1,0,0,0,13,0,0,78,0,0,completed
9331,U9331,2025-02-25 07:51:00,2025-02-25 07:57:00,M,50+,office,seoul,0,0,0,0,7,0,0,57,0,0,completed
9332,U9332,2025-10-16 15:44:00,2025-10-16 15:46:00,M,30~39,office,seoul,0,0,0,0,4,0,0,54,0,0,completed
9333,U9333,2025-06-27 16:15:00,2025-06-27 16:17:00,M,40~49,office,seoul,0,0,0,0,13,0,0,63,0,0,completed
9334,U9334,2025-04-18 12:22:00,2025-04-18 12:27:00,M,40~49,office,seoul,0,0,0,0,13,0,0,18,0,0,abandoned
9335,U9335,2025-04-04 18:47:00,2025-04-04 18:51:00,F,20~29,office,seoul,0,0,0,0,28,0,0,19,1,0,completed
9336,U9336,2025-01-25 09:20:00,2025-01-25 09:27:00,F,40~49,office,seoul,1,0,0,0,4,0,0,55,0,0,completed
9337,U9337,2025-03-26 11:15:00,2025-03-26 11:20:00,F,50+,office,seoul,0,0,0,0,26,0,0,73,0,0,abandoned
9338,U9338,2025-08-21 20:19:00,2025-08-21 20:23:00,M,20~29,office,seoul,0,0,0,0,23,0,0,22,0,0,completed
9339,U9339,2025-07-02 17:48:00,2025-07-02 17:52:00,M,40~49,office,seoul,0,0,0,0,20,0,0,24,0,0,completed
9340,U9340,2025-03-18 13:17:00,2025-03-18 13:19:00,F,30~39,office,seoul,0,0,0,0,25,0,0,66,0,0,completed
9341,U9341,2025-01-13 16:13:00,2025-01-13 16:15:00,F,30~39,office,seoul,0,0,0,0,10,0,0,67,0,0,completed
9342,U9342,2025-09-06 14:15:00,2025-09-06 14:19:00,F,40~49,office,seoul,1,0,0,0,29,0,0,19,0,0,completed
9343,U9343,2025-07-12 08:07:00,2025-07-12 08:13:00,F,20~29,office,seoul,1,0,0,0,20,0,0,76,0,0,completed
9344,U9344,2025-01-26 09:03:00,2025-01-26 09:05:00,F,40~49,office,seoul,1,0,0,0,12,0,0,77,1,1,completed
9345,U9345,2025-05-01 18:02:00,2025-05-01 18:05:00,F,40~49,office,seoul,0,0,0,0,13,0,0,37,0,0,completed
9346,U9346,2025-03-26 21:33:00,2025-03-26 21:36:00,F,20~29,office,seoul,0,0,0,0,28,0,0,66,0,0,completed
9347,U9347,2025-08-03 13:26:00,2025-08-03 13:32:00,F,40~49,office,seoul,1,0,0,0,16,0,0,40,0,0,completed
9348,U9348,2025-11-19 11:28:00,2025-11-19 11:30:00,M,50+,office,seoul,0,0,0,0,23,0,0,66,0,0,completed
9349,U9349,2025-02-03 08:24:00,2025-02-03 08:29:00,F,50+,office,seoul,0,0,0,0,5,0,0,29,0,1,completed
9350,U9350,2025-05-30 20:00:00,2025-05-30 20:04:00,M,30~39,office,seoul,0,0,0,0,23,0,0,59,0,0,error
9351,U9351,2025-05-26 19:37:00,2025-05-26 19:44:00,M,20~29,office,seoul,0,0,0,0,16,0,0,19,0,0,completed
9352,U9352,2025-02-04 12:23:00,2025-02-04 12:30:00,F,20~29,office,seoul,0,0,0,0,12,0,0,68,0,0,completed
9353,U9353,2025-11-24 16:39:00,2025-11-24 16:43:00,M,40~49,office,seoul,0,0,0,0,16,0,0,61,0,0,completed
9354,U9354,2025-10-05 14:54:00,2025-10-05 14:56:00,F,30~39,office,seoul,1,0,0,0,28,0,0,23,0,0,completed
9355,U9355,2025-12-20 07:38:00,2025-12-20 07:45:00,M,30~39,office,seoul,1,0,0,0,27,0,0,44,0,0,completed
9356,U9356,2025-08-18 18:42:00,2025-08-18 18:44:00,F,20~29,office,seoul,0,0,0,0,28,0,0,26,0,0,error
9357,U9357,2025-12-01 12:54:00,2025-12-01 12:59:00,F,40~49,office,seoul,0,0,0,0,24,0,0,65,0,0,completed
9358,U9358,2025-10-20 16:59:00,2025-10-20 17:06:00,F,30~39,office,seoul,0,0,0,0,11,0,0,34,0,0,completed
9359,U9359,2025-03-10 16:43:00,2025-03-10 16:46:00,F,30~39,office,seoul,0,0,0,0,13,0,0,70,0,0,completed
9360,U9360,2025-03-16 15:22:00,2025-03-16 15:25:00,F,20~29,office,seoul,1,0,0,0,21,0,0,11,0,0,completed
9361,U9361,2025-08-05 16:57:00,2025-08-05 16:59:00,F,20~29,office,seoul,0,0,0,0,17,0,0,11,0,0,completed
9362,U9362,2025-02-20 07:05:00,2025-02-20 07:07:00,F,40~49,office,seoul,0,0,0,0,18,0,0,63,0,0,completed
9363,U9363,2025-03-27 08:25:00,2025-03-27 08:28:00,F,30~39,office,seoul,0,0,0,0,26,0,0,18,0,0,completed
9364,U9364,2025-03-31 14:45:00,2025-03-31 14:50:00,F,20~29,office,seoul,0,0,0,0,16,0,0,50,0,0,completed
9365,U9365,2025-08-26 18:52:00,2025-08-26 18:58:00,F,50+,office,seoul,0,0,0,0,27,0,0,72,0,0,timeout
9366,U9366,2025-08-01 09:17:00,2025-08-01 09:19:00,F,20~29,office,seoul,0,0,0,0,14,0,0,73,0,0,completed
9367,U9367,2025-03-29 16:26:00,2025-03-29 16:32:00,M,30~39,office,seoul,1,0,0,0,0,0,0,20,0,0,completed
9368,U9368,2025-12-09 15:26:00,2025-12-09 15:33:00,M,40~49,office,seoul,0,0,0,0,4,0,0,24,0,0,completed
9369,U9369,2025-06-15 20:49:00,2025-06-15 20:54:00,F,20~29,office,seoul,1,0,0,0,12,0,0,56,1,0,completed
9370,U9370,2025-08-27 09:59:00,2025-08-27 10:03:00,F,20~29,office,seoul,0,0,0,0,26,0,0,57,0,0,completed
9371,U9371,2025-01-03 16:56:00,2025-01-03 16:58:00,M,20~29,office,seoul,0,0,0,0,24,0,0,77,0,0,completed
9372,U9372,2025-07-28 19:16:00,2025-07-28 19:19:00,F,30~39,office,seoul,0,0,0,0,28,0,0,30,0,0,abandoned
9373,U9373,2025-12-12 13:27:00,2025-12-12 13:32:00,F,50+,office,seoul,0,0,0,0,2,0,0,62,0,0,completed
9374,U9374,2025-06-09 14:26:00,2025-06-09 14:30:00,F,20~29,office,seoul,0,0,0,0,26,0,0,27,0,0,completed
9375,U9375,2025-05-30 13:38:00,2025-05-30 13:44:00,F,30~39,office,seoul,0,0,0,0,25,0,0,70,0,0,completed
9376,U9376,2025-06-11 17:38:00,2025-06-11 17:40:00,M,20~29,office,seoul,0,0,0,0,21,0,0,24,0,0,completed
9377,U9377,2025-06-12 07:40:00,2025-06-12 07:46:00,F,50+,office,seoul,0,0,0,0,3,0,0,70,0,1,completed
9378,U9378,2025-07-08 18:13:00,2025-07-08 18:15:00,F,20~29,office,seoul,0,0,0,0,6,0,0,50,0,0,completed
9379,U9379,2025-05-07 13:39:00,2025-05-07 13:46:00,F,20~29,office,seoul,0,0,0,0,1,0,0,26,0,0,completed
9380,U9380,2025-03-18 18:03:00,2025-03-18 18:05:00,F,40~49,office,seoul,0,0,0,0,8,0,0,22,0,0,completed
9381,U9381,2025-03-22 11:13:00,2025-03-22 11:15:00,F,40~49,office,seoul,1,0,0,0,17,0,0,25,1,0,completed
9382,U9382,2025-09-23 07:40:00,2025-09-23 07:43:00,F,40~49,office,seoul,0,0,0,0,2,0,0,52,1,0,completed
9383,U9383,2025-03-24 12:31:00,2025-03-24 12:36:00,M,20~29,office,seoul,0,0,0,0,26,0,0,78,1,0,abandoned
9384,U9384,2025-12-08 14:17:00,2025-12-08 14:24:00,M,50+,office,seoul,0,0,0,0,27,0,0,15,0,0,completed
9385,U9385,2025-12-21 16:13:00,2025-12-21 16:17:00,F,30~39,office,seoul,1,0,0,0,14,0,0,14,0,0,completed
9386,U9386,2025-10-20 16:00:00,2025-10-20 16:05:00,F,30~39,office,seoul,0,0,0,0,4,0,0,71,0,0,timeout
9387,U9387,2025-08-24 09:56:00,2025-08-24 10:00:00,F,30~39,office,seoul,1,0,0,0,22,0,0,64,0,0,completed
9388,U9388,2025-08-01 20:30:00,2025-08-01 20:35:00,F,20~29,office,seoul,0,0,0,0,13,0,0,67,0,0,completed
9389,U9389,2025-07-15 14:21:00,2025-07-15 14:25:00,F,20~29,office,seoul,0,0,0,0,12,0,0,29,0,0,completed
9390,U9390,2025-01-02 07:20:00,2025-01-02 07:26:00,F,30~39,office,seoul,0,0,0,0,20,0,0,63,0,0,completed
9391,U9391,2025-07-27 22:16:00,2025-07-27 22:18:00,F,50+,office,seoul,1,0,0,0,23,0,0,38,0,0,completed
9392,U9392,2025-09-26 12:32:00,2025-09-26 12:35:00,F,20~29,office,seoul,0,0,0,0,1,0,0,74,0,0,completed
9393,U9393,2025-12-06 15:22:00,2025-12-06 15:24:00,M,30~39,office,seoul,1,0,0,0,22,0,0,53,0,0,completed
9394,U9394,2025-01-21 07:09:00,2025-01-21 07:12:00,M,30~39,office,seoul,0,0,0,0,19,0,0,65,0,0,completed
9395,U9395,2025-01-13 17:12:00,2025-01-13 17:19:00,F,50+,office,seoul,0,0,0,0,9,0,0,34,0,0,completed
9396,U9396,2025-09-19 22:30:00,2025-09-19 22:35:00,F,30~39,office,seoul,0,0,0,0,26,0,0,44,0,0,completed
9397,U9397,2025-01-14 19:41:00,2025-01-14 19:47:00,M,50+,office,seoul,0,0,0,0,2,0,0,20,0,0,completed
9398,U9398,2025-03-12 18:36:00,2025-03-12 18:43:00,F,30~39,office,seoul,0,0,0,0,7,0,0,33,1,0,completed
9399,U9399,2025-02-15 16:47:00,2025-02-15 16:54:00,M,30~39,office,seoul,1,0,0,0,1,0,0,26,0,0,completed
9400,U9400,2025-02-10 08:46:00,2025-02-10 08:49:00,M,40~49,office,seoul,0,0,0,0,21,0,0,14,0,0,completed
9401,U9401,2025-02-19 13:01:00,2025-02-19 13:03:00,M,30~39,office,seoul,0,0,0,0,0,0,0,33,1,0,completed
9402,U9402,2025-10-13 09:15:00,2025-10-13 09:18:00,F,50+,office,seoul,0,0,0,0,9,0,0,65,0,0,timeout
9403,U9403,2025-06-15 11:39:00,2025-06-15 11:44:00,M,30~39,office,seoul,1,0,0,0,1,0,0,35,0,0,completed
9404,U9404,2025-03-12 11:06:00,2025-03-12 11:12:00,M,40~49,office,seoul,0,0,0,0,22,0,0,54,0,0,completed
9405,U9405,2025-04-01 22:11:00,2025-04-01 22:14:00,F,20~29,office,seoul,0,0,0,0,6,0,0,76,0,0,completed
9406,U9406,2025-06-26 09:06:00,2025-06-26 09:08:00,M,50+,office,seoul,0,0,0,0,12,0,0,73,0,0,completed
9407,U9407,2025-10-09 16:47:00,2025-10-09 16:54:00,M,50+,office,seoul,0,0,0,0,13,0,0,21,1,0,completed
9408,U9408,2025-05-03 13:14:00,2025-05-03 13:19:00,F,30~39,office,seoul,1,0,0,0,3,0,0,11,0,0,completed
9409,U9409,2025-01-21 18:43:00,2025-01-21 18:50:00,M,30~39,office,seoul,0,0,0,0,16,0,0,30,0,0,completed
9410,U9410,2025-11-10 13:21:00,2025-11-10 13:27:00,F,30~39,office,seoul,0,0,0,0,25,0,0,20,0,0,completed
9411,U9411,2025-08-25 14:37:00,2025-08-25 14:44:00,M,20~29,office,seoul,0,0,0,0,0,0,0,27,0,0,timeout
9412,U9412,2025-08-19 12:04:00,2025-08-19 12:11:00,F,30~39,office,seoul,0,0,0,0,5,0,0,21,0,0,completed
9413,U9413,2025-10-04 09:39:00,2025-10-04 09:45:00,M,50+,office,seoul,1,0,0,0,29,0,0,72,0,0,completed
9414,U9414,2025-01-04 16:14:00,2025-01-04 16:20:00,F,40~49,office,seoul,1,0,0,0,8,0,0,34,0,0,abandoned
9415,U9415,2025-08-24 12:17:00,2025-08-24 12:24:00,F,40~49,office,seoul,1,0,0,0,14,0,0,78,0,0,completed
9416,U9416,2025-10-06 15:27:00,2025-10-06 15:34:00,M,40~49,office,seoul,0,0,0,0,28,0,0,28,0,0,completed
9417,U9417,2025-10-26 15:35:00,2025-10-26 15:40:00,M,30~39,office,seoul,1,0,0,0,27,0,0,23,0,0,completed
9418,U9418,2025-03-28 16:25:00,2025-03-28 16:32:00,M,20~29,office,seoul,0,0,0,0,5,0,0,57,0,0,completed
9419,U9419,2025-09-30 11:38:00,2025-09-30 11:41:00,M,40~49,office,seoul,0,0,0,0,19,0,0,65,0,0,completed
9420,U9420,2025-01-27 11:32:00,2025-01-27 11:39:00,M,30~39,office,seoul,0,0,0,0,22,0,0,22,0,0,completed
9421,U9421,2025-08-20 18:08:00,2025-08-20 18:13:00,M,50+,office,seoul,0,0,0,0,27,0,0,50,0,0,completed
9422,U9422,2025-06-26 16:29:00,2025-06-26 16:36:00,F,40~49,office,seoul,0,0,0,0,9,0,0,38,0,0,completed
9423,U9423,2025-10-17 12:26:00,2025-10-17 12:32:00,F,20~29,office,seoul,0,0,0,0,15,0,0,51,0,0,completed
9424,U9424,2025-02-13 14:10:00,2025-02-13 14:17:00,F,30~39,office,seoul,0,0,0,0,22,0,0,79,0,0,completed
9425,U9425,2025-07-06 09:10:00,2025-07-06 09:14:00,M,30~39,office,seoul,1,0,0,0,18,0,0,69,0,0,completed
9426,U9426,2025-05-17 16:19:00,2025-05-17 16:23:00,F,40~49,office,seoul,1,0,0,0,24,0,0,49,0,0,completed
9427,U9427,2025-02-03 19:52:00,2025-02-03 19:59:00,F,20~29,office,seoul,0,0,0,0,6,0,0,22,0,0,completed
9428,U9428,2025-09-15 19:33:00,2025-09-15 19:36:00,F,30~39,office,seoul,0,0,0,0,1,0,0,20,0,0,completed
9429,U9429,2025-06-16 17:04:00,2025-06-16 17:06:00,F,20~29,office,seoul,0,0,0,0,7,0,0,28,0,0,completed
9430,U9430,2025-09-20 13:40:00,2025-09-20 13:46:00,M,50+,office,seoul,1,0,0,0,6,0,0,28,0,0,completed
9431,U9431,2025-08-29 15:21:00,2025-08-29 15:23:00,M,50+,office,seoul,0,0,0,0,19,0,0,38,0,0,completed
9432,U9432,2025-07-22 21:35:00,2025-07-22 21:41:00,F,40~49,office,seoul,0,0,0,0,3,0,0,31,0,1,completed
9433,U9433,2025-06-29 08:11:00,2025-06-29 08:15:00,F,30~39,office,seoul,1,0,0,0,3,0,0,23,0,0,completed
9434,U9434,2025-08-14 20:30:00,2025-08-14 20:32:00,F,30~39,office,seoul,0,0,0,0,3,0,0,29,0,0,abandoned
9435,U9435,2025-08-22 21:53:00,2025-08-22 21:56:00,F,30~39,office,seoul,0,0,0,0,26,0,0,61,0,0,completed
9436,U9436,2025-09-07 07:09:00,2025-09-07 07:13:00,F,50+,office,seoul,1,0,0,0,2,0,0,41,0,0,completed
9437,U9437,2025-08-02 19:01:00,2025-08-02 19:04:00,M,30~39,office,seoul,1,0,0,0,8,0,0,54,0,0,completed
9438,U9438,2025-09-15 12:08:00,2025-09-15 12:13:00,F,20~29,office,seoul,0,0,0,0,17,0,0,49,0,0,completed
9439,U9439,2025-12-31 09:03:00,2025-12-31 09:06:00,F,50+,office,seoul,0,0,0,0,20,0,0,59,0,0,completed
9440,U9440,2025-07-09 17:49:00,2025-07-09 17:56:00,M,20~29,office,seoul,0,0,0,0,18,0,0,62,0,0,completed
9441,U9441,2025-12-09 21:43:00,2025-12-09 21:46:00,M,20~29,office,seoul,0,0,0,0,26,0,0,19,0,0,completed
9442,U9442,2025-05-15 14:38:00,2025-05-15 14:45:00,M,30~39,office,seoul,0,0,0,0,16,0,0,24,0,0,completed
9443,U9443,2025-07-04 12:37:00,2025-07-04 12:42:00,M,30~39,office,seoul,0,0,0,0,19,0,0,74,0,0,completed
9444,U9444,2025-05-06 16:10:00,2025-05-06 16:12:00,M,30~39,office,seoul,0,0,0,0,2,0,0,13,0,0,completed
9445,U9445,2025-06-29 17:08:00,2025-06-29 17:12:00,F,20~29,office,seoul,1,0,0,0,22,0,0,49,0,0,completed
9446,U9446,2025-08-31 17:44:00,2025-08-31 17:46:00,F,50+,office,seoul,1,0,0,0,2,0,0,50,0,0,completed
9447,U9447,2025-07-01 12:06:00,2025-07-01 12:13:00,F,30~39,office,seoul,0,0,0,0,10,0,0,63,0,0,completed
9448,U9448,2025-01-21 09:27:00,2025-01-21 09:29:00,F,40~49,office,seoul,0,0,0,0,20,0,0,44,0,0,error
9449,U9449,2025-04-11 15:09:00,2025-04-11 15:16:00,F,30~39,office,seoul,0,0,0,0,19,0,0,71,0,0,completed
9450,U9450,2025-02-17 15:29:00,2025-02-17 15:34:00,F,30~39,office,seoul,0,0,0,0,3,0,0,68,0,0,completed
9451,U9451,2025-05-03 20:25:00,2025-05-03 20:32:00,F,50+,office,seoul,1,0,0,0,26,0,0,69,0,0,completed
9452,U9452,2025-01-14 13:25:00,2025-01-14 13:29:00,M,50+,office,seoul,0,0,0,0,3,0,0,58,0,0,completed
9453,U9453,2025-07-03 13:05:00,2025-07-03 13:08:00,F,40~49,office,seoul,0,0,0,0,11,0,0,22,0,0,timeout
9454,U9454,2025-08-26 18:47:00,2025-08-26 18:53:00,M,40~49,office,seoul,0,0,0,0,22,0,0,45,0,0,completed
9455,U9455,2025-03-29 15:44:00,2025-03-29 15:47:00,F,30~39,office,seoul,1,0,0,0,23,0,0,64,0,0,completed
9456,U9456,2025-05-05 16:13:00,2025-05-05 16:17:00,F,30~39,office,seoul,0,0,0,0,14,0,0,62,0,0,completed
9457,U9457,2025-07-16 19:56:00,2025-07-16 19:58:00,M,20~29,office,seoul,0,0,0,0,13,0,0,60,0,0,completed
9458,U9458,2025-07-07 13:47:00,2025-07-07 13:50:00,M,40~49,office,seoul,0,0,0,0,24,0,0,35,1,0,completed
9459,U9459,2025-06-16 20:27:00,2025-06-16 20:31:00,F,30~39,office,seoul,0,0,0,0,19,0,0,64,0,0,completed
9460,U9460,2025-11-16 17:39:00,2025-11-16 17:41:00,M,50+,office,seoul,1,0,0,0,27,0,0,66,0,0,completed
9461,U9461,2025-08-07 15:51:00,2025-08-07 15:53:00,M,20~29,office,seoul,0,0,0,0,15,0,0,37,0,0,completed
9462,U9462,2025-04-07 08:52:00,2025-04-07 08:54:00,M,20~29,office,seoul,0,0,0,0,2,0,0,72,0,0,completed
9463,U9463,2025-03-21 16:15:00,2025-03-21 16:17:00,F,40~49,office,seoul,0,0,0,0,6,0,0,26,0,0,completed
9464,U9464,2025-12-25 13:50:00,2025-12-25 13:53:00,F,30~39,office,seoul,0,0,0,0,15,0,0,40,0,0,completed
9465,U9465,2025-08-17 09:28:00,2025-08-17 09:31:00,F,20~29,office,seoul,1,0,0,0,8,0,0,19,0,0,abandoned
9466,U9466,2025-10-05 18:09:00,2025-10-05 18:15:00,M,30~39,office,seoul,1,0,0,0,9,0,0,36,0,0,completed
9467,U9467,2025-03-29 12:03:00,2025-03-29 12:09:00,F,50+,office,seoul,1,0,0,0,4,0,0,31,0,0,completed
9468,U9468,2025-10-18 15:56:00,2025-10-18 16:01:00,F,50+,office,seoul,1,0,0,0,26,0,0,38,0,0,completed
9469,U9469,2025-09-27 16:24:00,2025-09-27 16:30:00,F,20~29,office,seoul,1,0,0,0,15,0,0,74,0,0,completed
9470,U9470,2025-11-25 18:26:00,2025-11-25 18:28:00,M,30~39,office,seoul,0,0,0,0,29,0,0,73,0,0,abandoned
9471,U9471,2025-07-14 13:56:00,2025-07-14 14:00:00,F,30~39,office,seoul,0,0,0,0,6,0,0,63,0,0,completed
9472,U9472,2025-07-04 09:29:00,2025-07-04 09:36:00,F,20~29,office,seoul,0,0,0,0,5,0,0,69,0,0,completed
9473,U9473,2025-12-04 13:01:00,2025-12-04 13:04:00,F,20~29,office,seoul,0,0,0,0,23,0,0,30,0,0,completed
9474,U9474,2025-11-14 09:48:00,2025-11-14 09:52:00,M,40~49,office,seoul,0,0,0,0,24,0,0,68,0,0,completed
9475,U9475,2025-10-12 18:28:00,2025-10-12 18:30:00,F,20~29,office,seoul,1,0,0,0,4,0,0,49,0,0,completed
9476,U9476,2025-09-01 11:31:00,2025-09-01 11:37:00,F,20~29,office,seoul,0,0,0,0,24,0,0,31,0,0,completed
9477,U9477,2025-04-20 07:23:00,2025-04-20 07:30:00,M,20~29,office,seoul,1,0,0,0,21,0,0,56,0,0,completed
9478,U9478,2025-05-04 07:57:00,2025-05-04 07:59:00,F,30~39,office,seoul,1,0,0,0,20,0,0,11,0,0,completed
9479,U9479,2025-11-24 15:32:00,2025-11-24 15:37:00,F,50+,office,seoul,0,0,0,0,25,0,0,58,0,0,completed
9480,U9480,2025-12-07 08:45:00,2025-12-07 08:47:00,F,20~29,office,seoul,1,0,0,0,3,0,0,22,0,0,completed
9481,U9481,2025-07-12 12:13:00,2025-07-12 12:17:00,F,40~49,office,seoul,1,0,0,0,14,0,0,37,0,0,completed
9482,U9482,2025-12-14 18:17:00,2025-12-14 18:23:00,F,30~39,office,seoul,1,0,0,0,28,0,0,75,0,0,completed
9483,U9483,2025-12-11 16:53:00,2025-12-11 16:59:00,F,50+,office,seoul,0,0,0,0,8,0,0,15,0,0,completed
9484,U9484,2025-02-24 13:48:00,2025-02-24 13:52:00,F,30~39,office,seoul,0,0,0,0,3,0,0,71,0,0,completed
9485,U9485,2025-06-03 09:55:00,2025-06-03 10:00:00,M,40~49,office,seoul,0,0,0,0,10,0,0,79,0,0,completed
9486,U9486,2025-04-07 13:40:00,2025-04-07 13:43:00,F,40~49,office,seoul,0,0,0,0,14,0,0,14,0,0,completed
9487,U9487,2025-07-21 15:13:00,2025-07-21 15:17:00,F,50+,office,seoul,0,0,0,0,0,0,0,65,0,0,completed
9488,U9488,2025-08-20 15:46:00,2025-08-20 15:48:00,F,30~39,office,seoul,0,0,0,0,14,0,0,65,0,0,completed
9489,U9489,2025-04-02 12:16:00,2025-04-02 12:23:00,M,30~39,office,seoul,0,0,0,0,21,0,0,69,0,0,completed
9490,U9490,2025-12-10 12:20:00,2025-12-10 12:23:00,M,40~49,office,seoul,0,0,0,0,10,0,0,35,0,0,completed
9491,U9491,2025-08-29 15:40:00,2025-08-29 15:43:00,F,50+,office,seoul,0,0,0,0,8,0,0,35,0,1,abandoned
9492,U9492,2025-02-15 16:21:00,2025-02-15 16:23:00,F,50+,office,seoul,1,0,0,0,21,0,0,79,0,0,completed
9493,U9493,2025-08-13 19:20:00,2025-08-13 19:24:00,F,30~39,office,seoul,0,0,0,0,27,0,0,42,0,0,completed
9494,U9494,2025-08-29 16:50:00,2025-08-29 16:54:00,F,40~49,office,seoul,0,0,0,0,4,0,0,73,0,0,completed
9495,U9495,2025-03-19 09:15:00,2025-03-19 09:21:00,M,30~39,office,seoul,0,0,0,0,6,0,0,58,0,0,completed
9496,U9496,2025-12-07 14:35:00,2025-12-07 14:38:00,M,20~29,office,seoul,1,0,0,0,11,0,0,73,0,0,completed
9497,U9497,2025-12-11 11:18:00,2025-12-11 11:23:00,M,20~29,office,seoul,0,0,0,0,8,0,0,60,0,0,completed
9498,U9498,2025-09-26 15:48:00,2025-09-26 15:52:00,F,30~39,office,seoul,0,0,0,0,11,0,0,65,0,0,completed
9499,U9499,2025-09-15 13:02:00,2025-09-15 13:09:00,M,30~39,office,seoul,0,0,0,0,22,0,0,58,0,0,completed
9500,U9500,2025-10-23 12:03:00,2025-10-23 12:09:00,F,30~39,office,seoul,0,0,0,0,16,0,0,72,0,0,completed
9501,U9501,2025-03-26 17:59:00,2025-03-26 18:02:00,M,30~39,office,seoul,0,0,0,0,0,0,0,57,0,0,completed
9502,U9502,2025-02-08 17:30:00,2025-02-08 17:34:00,F,50+,office,seoul,1,0,0,0,1,0,0,11,1,0,completed
9503,U9503,2025-11-26 16:52:00,2025-11-26 16:54:00,F,30~39,office,seoul,0,0,0,0,6,0,0,63,0,0,completed
9504,U9504,2025-09-08 07:47:00,2025-09-08 07:49:00,M,30~39,office,seoul,0,0,0,0,19,0,0,53,0,0,completed
9505,U9505,2025-07-03 17:33:00,2025-07-03 17:38:00,M,30~39,office,seoul,0,0,0,0,7,0,0,28,0,0,abandoned
9506,U9506,2025-12-06 19:02:00,2025-12-06 19:06:00,M,30~39,office,seoul,1,0,0,0,10,0,0,29,0,0,completed
9507,U9507,2025-02-03 16:20:00,2025-02-03 16:27:00,M,30~39,office,seoul,0,0,0,0,2,0,0,69,0,0,abandoned
9508,U9508,2025-10-05 13:34:00,2025-10-05 13:39:00,F,20~29,office,seoul,1,0,0,0,24,0,0,47,0,0,completed
9509,U9509,2025-04-10 07:13:00,2025-04-10 07:19:00,F,50+,office,seoul,0,0,0,0,2,0,0,78,0,0,completed
9510,U9510,2025-09-20 07:17:00,2025-09-20 07:20:00,M,20~29,office,seoul,1,0,0,0,28,0,0,11,0,0,completed
9511,U9511,2025-11-02 12:04:00,2025-11-02 12:07:00,F,20~29,office,seoul,1,0,0,0,12,0,0,52,0,0,timeout
9512,U9512,2025-12-09 08:00:00,2025-12-09 08:03:00,F,20~29,office,seoul,0,0,0,0,2,0,0,29,0,0,completed
9513,U9513,2025-04-02 14:01:00,2025-04-02 14:03:00,F,20~29,office,seoul,0,0,0,0,0,0,0,43,0,0,completed
9514,U9514,2025-04-10 13:53:00,2025-04-10 13:58:00,M,40~49,office,seoul,0,0,0,0,18,0,0,59,0,0,completed
9515,U9515,2025-04-15 17:04:00,2025-04-15 17:07:00,F,40~49,office,seoul,0,0,0,0,9,0,0,44,0,0,completed
9516,U9516,2025-06-02 15:11:00,2025-06-02 15:15:00,F,40~49,office,seoul,0,0,0,0,9,0,0,38,0,0,completed
9517,U9517,2025-08-11 15:23:00,2025-08-11 15:29:00,M,30~39,office,seoul,0,0,0,0,22,0,0,50,0,0,completed
9518,U9518,2025-05-06 20:37:00,2025-05-06 20:43:00,M,40~49,office,seoul,0,0,0,0,19,0,0,48,0,0,completed
9519,U9519,2025-10-21 12:05:00,2025-10-21 12:11:00,M,50+,office,seoul,0,0,0,0,29,0,0,61,0,0,completed
9520,U9520,2025-05-15 15:12:00,2025-05-15 15:19:00,F,30~39,office,seoul,0,0,0,0,16,0,0,31,0,0,abandoned
9521,U9521,2025-08-03 16:43:00,2025-08-03 16:46:00,M,40~49,office,seoul,1,0,0,0,17,0,0,68,0,0,abandoned
9522,U9522,2025-08-15 09:16:00,2025-08-15 09:21:00,F,20~29,office,seoul,0,0,0,0,14,0,0,69,0,0,completed
9523,U9523,2025-05-19 08:36:00,2025-05-19 08:38:00,F,40~49,office,seoul,0,0,0,0,5,0,0,16,0,1,completed
9524,U9524,2025-05-10 08:17:00,2025-05-10 08:20:00,M,30~39,office,seoul,1,0,0,0,15,0,0,69,0,0,completed
9525,U9525,2025-07-05 15:30:00,2025-07-05 15:32:00,F,50+,office,seoul,1,0,0,0,13,0,0,39,0,0,completed
9526,U9526,2025-09-15 13:46:00,2025-09-15 13:49:00,M,20~29,office,seoul,0,0,0,0,22,0,0,72,0,0,completed
9527,U9527,2025-06-03 13:26:00,2025-06-03 13:33:00,M,20~29,office,seoul,0,0,0,0,27,0,0,76,0,0,completed
9528,U9528,2025-08-31 08:28:00,2025-08-31 08:33:00,F,40~49,office,seoul,1,0,0,0,22,0,0,45,0,0,completed
9529,U9529,2025-11-23 09:58:00,2025-11-23 10:03:00,M,30~39,office,seoul,1,0,0,0,27,0,0,60,0,0,completed
9530,U9530,2025-05-29 14:25:00,2025-05-29 14:27:00,M,30~39,office,seoul,0,0,0,0,21,0,0,44,0,0,completed
9531,U9531,2025-01-07 18:47:00,2025-01-07 18:49:00,F,40~49,office,seoul,0,0,0,0,22,0,0,48,0,0,completed
9532,U9532,2025-08-15 13:06:00,2025-08-15 13:12:00,F,20~29,office,seoul,0,0,0,0,7,0,0,31,0,1,timeout
9533,U9533,2025-06-17 09:11:00,2025-06-17 09:13:00,M,30~39,office,seoul,0,0,0,0,18,0,0,22,0,0,completed
9534,U9534,2025-06-04 16:30:00,2025-06-04 16:34:00,F,20~29,office,seoul,0,0,0,0,17,0,0,77,0,0,completed
9535,U9535,2025-03-18 18:51:00,2025-03-18 18:57:00,F,20~29,office,seoul,0,0,0,0,5,0,0,10,0,0,completed
9536,U9536,2025-01-13 13:43:00,2025-01-13 13:49:00,F,30~39,office,seoul,0,0,0,0,28,0,0,50,0,0,completed
9537,U9537,2025-04-12 16:16:00,2025-04-12 16:20:00,M,50+,office,seoul,1,0,0,0,23,0,0,38,0,0,completed
9538,U9538,2025-01-23 14:50:00,2025-01-23 14:52:00,F,40~49,office,seoul,0,0,0,0,4,0,0,61,0,0,completed
9539,U9539,2025-08-01 13:20:00,2025-08-01 13:25:00,F,30~39,office,seoul,0,0,0,0,22,0,0,45,0,0,completed
9540,U9540,2025-09-03 09:54:00,2025-09-03 09:56:00,M,50+,office,seoul,0,0,0,0,8,0,0,65,0,0,completed
9541,U9541,2025-01-05 16:46:00,2025-01-05 16:53:00,M,50+,office,seoul,1,0,0,0,20,0,0,23,0,0,completed
9542,U9542,2025-09-25 16:12:00,2025-09-25 16:16:00,F,40~49,office,seoul,0,0,0,0,10,0,0,59,0,0,completed
9543,U9543,2025-02-19 08:01:00,2025-02-19 08:07:00,M,20~29,office,seoul,0,0,0,0,13,0,0,49,0,0,completed
9544,U9544,2025-07-04 11:17:00,2025-07-04 11:21:00,F,20~29,office,seoul,0,0,0,0,2,0,0,75,0,0,completed
9545,U9545,2025-12-08 12:13:00,2025-12-08 12:20:00,F,20~29,office,seoul,0,0,0,0,12,0,0,51,0,0,completed
9546,U9546,2025-08-05 14:49:00,2025-08-05 14:55:00,F,20~29,office,seoul,0,0,0,0,1,0,0,69,0,0,completed
9547,U9547,2025-07-03 14:35:00,2025-07-03 14:41:00,F,50+,office,seoul,0,0,0,0,25,0,0,19,1,1,completed
9548,U9548,2025-03-04 09:24:00,2025-03-04 09:26:00,M,30~39,office,seoul,0,0,0,0,25,0,0,75,0,0,completed
9549,U9549,2025-08-24 16:43:00,2025-08-24 16:47:00,M,50+,office,seoul,1,0,0,0,6,0,0,21,0,0,completed
9550,U9550,2025-10-05 16:38:00,2025-10-05 16:40:00,F,30~39,office,seoul,1,0,0,0,13,0,0,45,0,0,completed
9551,U9551,2025-05-09 14:14:00,2025-05-09 14:18:00,M,40~49,office,seoul,0,0,0,0,17,0,0,12,0,0,completed
9552,U9552,2025-06-24 08:07:00,2025-06-24 08:11:00,F,40~49,office,seoul,0,0,0,0,3,0,0,38,0,0,completed
9553,U9553,2025-09-02 17:46:00,2025-09-02 17:53:00,M,40~49,office,seoul,0,0,0,0,8,0,0,18,0,0,completed
9554,U9554,2025-08-30 08:21:00,2025-08-30 08:28:00,F,30~39,office,seoul,1,0,0,0,14,0,0,23,0,0,completed
9555,U9555,2025-03-02 12:47:00,2025-03-02 12:52:00,F,30~39,office,seoul,1,0,0,0,29,0,0,25,0,0,completed
9556,U9556,2025-10-28 11:16:00,2025-10-28 11:19:00,M,40~49,office,seoul,0,0,0,0,20,0,0,47,0,0,completed
9557,U9557,2025-01-16 12:43:00,2025-01-16 12:45:00,M,40~49,office,seoul,0,0,0,0,18,0,0,29,0,0,completed
9558,U9558,2025-04-27 20:28:00,2025-04-27 20:35:00,F,40~49,office,seoul,1,0,0,0,6,0,0,56,0,0,completed
9559,U9559,2025-06-15 08:21:00,2025-06-15 08:26:00,M,30~39,office,seoul,1,0,0,0,19,0,0,13,0,0,completed
9560,U9560,2025-06-14 12:48:00,2025-06-14 12:51:00,M,30~39,office,seoul,1,0,0,0,27,0,0,52,0,0,abandoned
9561,U9561,2025-06-12 09:39:00,2025-06-12 09:42:00,M,30~39,office,seoul,0,0,0,0,2,0,0,52,0,0,completed
9562,U9562,2025-03-28 17:31:00,2025-03-28 17:37:00,F,50+,office,seoul,0,0,0,0,11,0,0,17,0,1,completed
9563,U9563,2025-05-27 07:57:00,2025-05-27 08:00:00,F,20~29,office,seoul,0,0,0,0,9,0,0,57,0,0,error
9564,U9564,2025-04-24 07:55:00,2025-04-24 08:00:00,M,50+,office,seoul,0,0,0,0,23,0,0,11,0,0,completed
9565,U9565,2025-01-20 13:44:00,2025-01-20 13:50:00,M,30~39,office,seoul,0,0,0,0,3,0,0,59,0,1,completed
9566,U9566,2025-05-19 18:18:00,2025-05-19 18:20:00,F,20~29,office,seoul,0,0,0,0,6,0,0,25,0,0,completed
9567,U9567,2025-10-21 12:51:00,2025-10-21 12:57:00,M,50+,office,seoul,0,0,0,0,4,0,0,68,0,0,completed
9568,U9568,2025-07-05 09:38:00,2025-07-05 09:43:00,M,30~39,office,seoul,1,0,0,0,8,0,0,62,0,0,timeout
9569,U9569,2025-09-08 11:35:00,2025-09-08 11:38:00,M,30~39,office,seoul,0,0,0,0,7,0,0,18,0,0,completed
9570,U9570,2025-08-20 13:14:00,2025-08-20 13:20:00,F,30~39,office,seoul,0,0,0,0,20,0,0,17,0,0,error
9571,U9571,2025-10-15 14:49:00,2025-10-15 14:55:00,F,40~49,office,seoul,0,0,0,0,26,0,0,49,0,0,completed
9572,U9572,2025-03-03 12:12:00,2025-03-03 12:18:00,M,50+,office,seoul,0,0,0,0,25,0,0,46,1,0,completed
9573,U9573,2025-03-22 21:56:00,2025-03-22 21:59:00,M,40~49,office,seoul,1,0,0,0,22,0,0,20,0,0,timeout
9574,U9574,2025-12-05 12:00:00,2025-12-05 12:07:00,M,20~29,office,seoul,0,0,0,0,27,0,0,43,0,0,completed
9575,U9575,2025-11-05 15:14:00,2025-11-05 15:18:00,M,30~39,office,seoul,0,0,0,0,26,0,0,52,0,0,completed
9576,U9576,2025-01-16 20:27:00,2025-01-16 20:33:00,M,30~39,office,seoul,0,0,0,0,25,0,0,40,0,0,completed
9577,U9577,2025-04-04 20:39:00,2025-04-04 20:45:00,F,20~29,office,seoul,0,0,0,0,5,0,0,60,0,0,completed
9578,U9578,2025-07-08 11:27:00,2025-07-08 11:30:00,M,40~49,office,seoul,0,0,0,0,22,0,0,26,0,0,completed
9579,U9579,2025-07-04 19:39:00,2025-07-04 19:43:00,M,50+,office,seoul,0,0,0,0,11,0,0,60,0,0,error
9580,U9580,2025-01-25 07:23:00,2025-01-25 07:25:00,M,40~49,office,seoul,1,0,0,0,8,0,0,43,0,0,completed
9581,U9581,2025-10-22 09:44:00,2025-10-22 09:50:00,F,50+,office,seoul,0,0,0,0,26,0,0,10,0,0,completed
9582,U9582,2025-09-01 16:22:00,2025-09-01 16:24:00,F,20~29,office,seoul,0,0,0,0,20,0,0,71,0,0,completed
9583,U9583,2025-02-16 17:21:00,2025-02-16 17:28:00,M,40~49,office,seoul,1,0,0,0,21,0,0,41,0,0,completed
9584,U9584,2025-06-04 13:35:00,2025-06-04 13:40:00,F,20~29,office,seoul,0,0,0,0,26,0,0,22,0,0,abandoned
9585,U9585,2025-02-25 12:49:00,2025-02-25 12:53:00,F,50+,office,seoul,0,0,0,0,14,0,0,30,1,0,completed
9586,U9586,2025-07-28 11:27:00,2025-07-28 11:30:00,M,30~39,office,seoul,0,0,0,0,19,0,0,12,0,0,completed
9587,U9587,2025-07-20 17:58:00,2025-07-20 18:04:00,M,20~29,office,seoul,1,0,0,0,21,0,0,73,0,0,completed
9588,U9588,2025-01-10 12:12:00,2025-01-10 12:17:00,F,30~39,office,seoul,0,0,0,0,12,0,0,62,0,0,completed
9589,U9589,2025-04-18 09:24:00,2025-04-18 09:27:00,M,30~39,office,seoul,0,0,0,0,27,0,0,73,0,0,completed
9590,U9590,2025-11-16 07:12:00,2025-11-16 07:18:00,F,50+,office,seoul,1,0,0,0,21,0,0,20,0,0,completed
9591,U9591,2025-01-19 19:54:00,2025-01-19 19:56:00,M,20~29,office,seoul,1,0,0,0,9,0,0,62,0,0,completed
9592,U9592,2025-12-26 13:46:00,2025-12-26 13:51:00,F,30~39,office,seoul,0,0,0,0,17,0,0,79,0,0,completed
9593,U9593,2025-07-03 12:32:00,2025-07-03 12:36:00,M,30~39,office,seoul,0,0,0,0,27,0,0,25,0,0,completed
9594,U9594,2025-07-27 15:13:00,2025-07-27 15:19:00,F,20~29,office,seoul,1,0,0,0,19,0,0,54,0,0,completed
9595,U9595,2025-06-15 21:33:00,2025-06-15 21:36:00,M,40~49,office,seoul,1,0,0,0,2,0,0,68,0,0,abandoned
9596,U9596,2025-01-02 13:32:00,2025-01-02 13:38:00,M,30~39,office,seoul,0,0,0,0,26,0,0,11,0,0,completed
9597,U9597,2025-09-24 21:52:00,2025-09-24 21:55:00,M,40~49,office,seoul,0,0,0,0,3,0,0,31,0,0,timeout
9598,U9598,2025-05-04 17:29:00,2025-05-04 17:34:00,F,30~39,office,seoul,1,0,0,0,10,0,0,61,0,0,completed
9599,U9599,2025-03-21 17:41:00,2025-03-21 17:44:00,M,40~49,office,seoul,0,0,0,0,2,0,0,63,0,0,completed
9600,U9600,2025-08-28 20:09:00,2025-08-28 20:11:00,M,50+,office,seoul,0,0,0,0,23,0,0,79,0,0,abandoned
9601,U9601,2025-12-26 15:46:00,2025-12-26 15:50:00,M,20~29,office,seoul,0,0,0,0,14,0,0,69,0,0,abandoned
9602,U9602,2025-04-15 09:57:00,2025-04-15 09:59:00,F,30~39,office,seoul,0,0,0,0,7,0,0,59,0,0,completed
9603,U9603,2025-03-14 20:30:00,2025-03-14 20:33:00,F,30~39,office,seoul,0,0,0,0,11,0,0,17,0,0,completed
9604,U9604,2025-05-08 12:54:00,2025-05-08 12:56:00,M,40~49,office,seoul,0,0,0,0,23,0,0,65,0,0,completed
9605,U9605,2025-08-27 12:39:00,2025-08-27 12:46:00,M,40~49,office,seoul,0,0,0,0,21,0,0,28,0,0,completed
9606,U9606,2025-04-25 13:53:00,2025-04-25 13:59:00,F,20~29,office,seoul,0,0,0,0,5,0,0,72,0,0,completed
9607,U9607,2025-03-02 15:31:00,2025-03-02 15:33:00,F,30~39,office,seoul,1,0,0,0,23,0,0,50,0,0,completed
9608,U9608,2025-03-23 18:28:00,2025-03-23 18:30:00,M,30~39,office,seoul,1,0,0,0,28,0,0,40,0,0,completed
9609,U9609,2025-10-01 15:37:00,2025-10-01 15:40:00,F,20~29,office,seoul,0,0,0,0,14,0,0,52,0,0,completed
9610,U9610,2025-10-01 09:49:00,2025-10-01 09:55:00,F,20~29,office,seoul,0,0,0,0,22,0,0,20,0,0,completed
9611,U9611,2025-06-09 12:56:00,2025-06-09 13:00:00,F,20~29,office,seoul,0,0,0,0,13,0,0,66,0,0,completed
9612,U9612,2025-01-19 15:45:00,2025-01-19 15:48:00,F,20~29,office,seoul,1,0,0,0,29,0,0,11,0,0,completed
9613,U9613,2025-08-23 17:54:00,2025-08-23 17:57:00,M,20~29,office,seoul,1,0,0,0,26,0,0,76,0,0,completed
9614,U9614,2025-03-17 17:21:00,2025-03-17 17:24:00,M,30~39,office,seoul,0,0,0,0,25,0,0,51,0,0,error
9615,U9615,2025-11-26 07:57:00,2025-11-26 08:00:00,F,20~29,office,seoul,0,0,0,0,19,0,0,37,0,0,completed
9616,U9616,2025-08-20 11:36:00,2025-08-20 11:41:00,M,20~29,office,seoul,0,0,0,0,19,0,0,60,0,0,completed
9617,U9617,2025-09-13 15:19:00,2025-09-13 15:23:00,M,30~39,office,seoul,1,0,0,0,12,0,0,45,0,0,completed
9618,U9618,2025-01-02 17:33:00,2025-01-02 17:37:00,F,20~29,office,seoul,0,0,0,0,19,0,0,64,0,0,completed
9619,U9619,2025-02-16 17:00:00,2025-02-16 17:07:00,M,30~39,office,seoul,1,0,0,0,4,0,0,29,0,0,completed
9620,U9620,2025-03-21 12:24:00,2025-03-21 12:31:00,M,20~29,office,seoul,0,0,0,0,17,0,0,72,0,0,completed
9621,U9621,2025-10-06 17:17:00,2025-10-06 17:21:00,M,20~29,office,seoul,0,0,0,0,7,0,0,25,0,0,completed
9622,U9622,2025-04-20 15:13:00,2025-04-20 15:15:00,F,40~49,office,seoul,1,0,0,0,13,0,0,25,0,0,abandoned
9623,U9623,2025-02-23 18:50:00,2025-02-23 18:54:00,M,30~39,office,seoul,1,0,0,0,28,0,0,66,0,0,completed
9624,U9624,2025-05-24 12:12:00,2025-05-24 12:17:00,F,50+,office,seoul,1,0,0,0,28,0,0,34,0,0,completed
9625,U9625,2025-01-31 13:05:00,2025-01-31 13:11:00,M,20~29,office,seoul,0,0,0,0,27,0,0,66,0,0,completed
9626,U9626,2025-11-21 15:54:00,2025-11-21 15:56:00,M,50+,office,seoul,0,0,0,0,7,0,0,14,0,0,abandoned
9627,U9627,2025-01-14 11:33:00,2025-01-14 11:37:00,M,30~39,office,seoul,0,0,0,0,29,0,0,49,0,0,abandoned
9628,U9628,2025-03-28 15:05:00,2025-03-28 15:07:00,F,40~49,office,seoul,0,0,0,0,4,0,0,53,0,0,completed
9629,U9629,2025-11-25 15:10:00,2025-11-25 15:17:00,F,20~29,office,seoul,0,0,0,0,22,0,0,56,0,0,completed
9630,U9630,2025-04-26 07:09:00,2025-04-26 07:11:00,F,30~39,office,seoul,1,0,0,0,21,0,0,27,0,0,completed
9631,U9631,2025-03-30 07:50:00,2025-03-30 07:52:00,F,30~39,office,seoul,1,0,0,0,1,0,0,38,0,0,completed
9632,U9632,2025-09-13 12:31:00,2025-09-13 12:33:00,F,20~29,office,seoul,1,0,0,0,1,0,0,67,0,0,completed
9633,U9633,2025-07-22 16:52:00,2025-07-22 16:55:00,F,40~49,office,seoul,0,0,0,0,17,0,0,30,0,0,completed
9634,U9634,2025-02-13 08:25:00,2025-02-13 08:29:00,F,20~29,office,seoul,0,0,0,0,29,0,0,42,0,0,completed
9635,U9635,2025-03-23 07:38:00,2025-03-23 07:43:00,F,50+,office,seoul,1,0,0,0,20,0,0,14,0,0,completed
9636,U9636,2025-08-19 11:49:00,2025-08-19 11:56:00,F,30~39,office,seoul,0,0,0,0,23,0,0,55,0,0,completed
9637,U9637,2025-05-28 08:14:00,2025-05-28 08:16:00,F,40~49,office,seoul,0,0,0,0,14,0,0,73,0,0,completed
9638,U9638,2025-01-13 16:43:00,2025-01-13 16:49:00,M,30~39,office,seoul,0,0,0,0,11,0,0,22,0,0,completed
9639,U9639,2025-06-25 15:41:00,2025-06-25 15:45:00,M,50+,office,seoul,0,0,0,0,19,0,0,10,0,0,completed
9640,U9640,2025-08-31 16:48:00,2025-08-31 16:50:00,F,20~29,office,seoul,1,0,0,0,0,0,0,67,0,0,completed
9641,U9641,2025-03-23 17:16:00,2025-03-23 17:19:00,F,20~29,office,seoul,1,0,0,0,12,0,0,69,0,0,completed
9642,U9642,2025-09-11 15:24:00,2025-09-11 15:31:00,M,20~29,office,seoul,0,0,0,0,18,0,0,51,0,0,completed
9643,U9643,2025-04-28 14:52:00,2025-04-28 14:58:00,F,20~29,office,seoul,0,0,0,0,15,0,0,55,1,0,completed
9644,U9644,2025-06-24 16:32:00,2025-06-24 16:35:00,M,30~39,office,seoul,0,0,0,0,6,0,0,39,0,0,completed
9645,U9645,2025-01-24 09:02:00,2025-01-24 09:04:00,M,40~49,office,seoul,0,0,0,0,19,0,0,41,0,0,completed
9646,U9646,2025-11-19 12:26:00,2025-11-19 12:29:00,F,20~29,office,seoul,0,0,0,0,22,0,0,12,0,0,completed
9647,U9647,2025-03-28 19:26:00,2025-03-28 19:30:00,F,40~49,office,seoul,0,0,0,0,8,0,0,34,0,0,completed
9648,U9648,2025-01-06 20:05:00,2025-01-06 20:10:00,M,20~29,office,seoul,0,0,0,0,12,0,0,65,0,0,completed
9649,U9649,2025-08-29 08:31:00,2025-08-29 08:37:00,F,30~39,office,seoul,0,0,0,0,18,0,0,38,0,0,completed
9650,U9650,2025-11-14 14:49:00,2025-11-14 14:54:00,M,50+,office,seoul,0,0,0,0,22,0,0,15,0,0,completed
9651,U9651,2025-02-20 08:32:00,2025-02-20 08:34:00,F,20~29,office,seoul,0,0,0,0,7,0,0,15,0,0,completed
9652,U9652,2025-06-11 20:16:00,2025-06-11 20:20:00,M,30~39,office,seoul,0,0,0,0,9,0,0,14,0,0,completed
9653,U9653,2025-01-26 12:37:00,2025-01-26 12:41:00,M,50+,office,seoul,1,0,0,0,26,0,0,44,0,0,completed
9654,U9654,2025-02-27 08:56:00,2025-02-27 09:00:00,M,30~39,office,seoul,0,0,0,0,9,0,0,50,0,0,completed
9655,U9655,2025-01-17 20:44:00,2025-01-17 20:49:00,F,20~29,office,seoul,0,0,0,0,4,0,0,27,0,0,abandoned
9656,U9656,2025-08-16 11:34:00,2025-08-16 11:39:00,M,50+,office,seoul,1,0,0,0,26,0,0,77,0,0,completed
9657,U9657,2025-07-06 16:22:00,2025-07-06 16:27:00,M,20~29,office,seoul,1,0,0,0,14,0,0,13,0,0,completed
9658,U9658,2025-07-27 12:29:00,2025-07-27 12:32:00,F,40~49,office,seoul,1,0,0,0,8,0,0,40,0,0,completed
9659,U9659,2025-11-04 18:27:00,2025-11-04 18:30:00,M,30~39,office,seoul,0,0,0,0,18,0,0,27,0,0,timeout
9660,U9660,2025-11-01 13:33:00,2025-11-01 13:38:00,F,30~39,office,seoul,1,0,0,0,18,0,0,66,0,0,completed
9661,U9661,2025-12-19 21:58:00,2025-12-19 22:05:00,M,20~29,office,seoul,0,0,0,0,8,0,0,49,0,0,completed
9662,U9662,2025-12-18 16:59:00,2025-12-18 17:01:00,F,20~29,office,seoul,0,0,0,0,12,0,0,58,0,0,completed
9663,U9663,2025-04-10 12:24:00,2025-04-10 12:31:00,M,30~39,office,seoul,0,0,0,0,12,0,0,76,0,0,completed
9664,U9664,2025-05-26 14:34:00,2025-05-26 14:38:00,M,50+,office,seoul,0,0,0,0,23,0,0,36,0,1,completed
9665,U9665,2025-07-05 13:36:00,2025-07-05 13:42:00,M,20~29,office,seoul,1,0,0,0,18,0,0,59,0,0,abandoned
9666,U9666,2025-10-29 17:04:00,2025-10-29 17:09:00,F,40~49,office,seoul,0,0,0,0,16,0,0,71,0,0,completed
9667,U9667,2025-09-23 17:24:00,2025-09-23 17:29:00,M,40~49,office,seoul,0,0,0,0,25,0,0,44,0,0,completed
9668,U9668,2025-09-17 08:05:00,2025-09-17 08:07:00,F,40~49,office,seoul,0,0,0,0,8,0,0,38,0,0,completed
9669,U9669,2025-03-21 15:20:00,2025-03-21 15:25:00,F,40~49,office,seoul,0,0,0,0,25,0,0,65,0,0,completed
9670,U9670,2025-10-02 07:15:00,2025-10-02 07:19:00,M,30~39,office,seoul,0,0,0,0,14,0,0,55,0,0,completed
9671,U9671,2025-05-19 22:39:00,2025-05-19 22:43:00,M,30~39,office,seoul,0,0,0,0,7,0,0,13,0,0,error
9672,U9672,2025-06-23 08:26:00,2025-06-23 08:31:00,M,20~29,office,seoul,0,0,0,0,19,0,0,36,0,0,completed
9673,U9673,2025-07-07 13:35:00,2025-07-07 13:40:00,M,20~29,office,seoul,0,0,0,0,28,0,0,74,0,0,completed
9674,U9674,2025-10-12 22:00:00,2025-10-12 22:02:00,F,20~29,office,seoul,1,0,0,0,6,0,0,67,0,0,completed
9675,U9675,2025-06-23 12:59:00,2025-06-23 13:01:00,F,40~49,office,seoul,0,0,0,0,29,0,0,23,0,0,abandoned
9676,U9676,2025-06-15 08:05:00,2025-06-15 08:12:00,M,50+,office,seoul,1,0,0,0,0,0,0,29,0,1,completed
9677,U9677,2025-01-14 16:46:00,2025-01-14 16:51:00,F,20~29,office,seoul,0,0,0,0,12,0,0,35,0,0,completed
9678,U9678,2025-08-08 09:41:00,2025-08-08 09:43:00,F,20~29,office,seoul,0,0,0,0,8,0,0,41,0,0,completed
9679,U9679,2025-12-21 16:15:00,2025-12-21 16:22:00,F,50+,office,seoul,1,0,0,0,22,0,0,24,0,0,completed
9680,U9680,2025-12-30 13:58:00,2025-12-30 14:02:00,F,20~29,office,seoul,0,0,0,0,22,0,0,67,0,0,completed
9681,U9681,2025-07-31 11:35:00,2025-07-31 11:40:00,F,50+,office,seoul,0,0,0,0,19,0,0,40,0,0,abandoned
9682,U9682,2025-10-14 09:09:00,2025-10-14 09:13:00,M,30~39,office,seoul,0,0,0,0,21,0,0,54,0,0,completed
9683,U9683,2025-04-06 16:08:00,2025-04-06 16:11:00,M,30~39,office,seoul,1,0,0,0,9,0,0,59,0,0,completed
9684,U9684,2025-05-03 15:00:00,2025-05-03 15:07:00,F,20~29,office,seoul,1,0,0,0,12,0,0,79,0,0,completed
9685,U9685,2025-07-11 21:58:00,2025-07-11 22:01:00,F,40~49,office,seoul,0,0,0,0,10,0,0,14,1,0,completed
9686,U9686,2025-10-30 11:09:00,2025-10-30 11:12:00,F,50+,office,seoul,0,0,0,0,7,0,0,62,0,0,completed
9687,U9687,2025-06-13 16:26:00,2025-06-13 16:32:00,M,20~29,office,seoul,0,0,0,0,8,0,0,79,0,0,completed
9688,U9688,2025-09-27 08:31:00,2025-09-27 08:38:00,M,20~29,office,seoul,1,0,0,0,15,0,0,77,0,0,completed
9689,U9689,2025-02-26 08:53:00,2025-02-26 08:58:00,F,20~29,office,seoul,0,0,0,0,8,0,0,36,1,0,completed
9690,U9690,2025-01-11 16:41:00,2025-01-11 16:44:00,F,20~29,office,seoul,1,0,0,0,16,0,0,25,0,0,completed
9691,U9691,2025-01-08 15:28:00,2025-01-08 15:34:00,M,20~29,office,seoul,0,0,0,0,6,0,0,16,0,0,completed
9692,U9692,2025-04-25 19:27:00,2025-04-25 19:34:00,M,20~29,office,seoul,0,0,0,0,9,0,0,43,0,0,completed
9693,U9693,2025-02-18 20:19:00,2025-02-18 20:24:00,F,20~29,office,seoul,0,0,0,0,8,0,0,62,0,0,completed
9694,U9694,2025-04-10 09:19:00,2025-04-10 09:25:00,F,20~29,office,seoul,0,0,0,0,27,0,0,24,0,0,completed
9695,U9695,2025-10-29 08:55:00,2025-10-29 09:02:00,M,30~39,office,seoul,0,0,0,0,19,0,0,61,0,0,completed
9696,U9696,2025-07-12 17:36:00,2025-07-12 17:43:00,F,30~39,office,seoul,1,0,0,0,14,0,0,56,0,0,completed
9697,U9697,2025-06-03 08:05:00,2025-06-03 08:11:00,F,40~49,office,seoul,0,0,0,0,21,0,0,61,1,0,completed
9698,U9698,2025-04-27 09:21:00,2025-04-27 09:27:00,F,20~29,office,seoul,1,0,0,0,6,0,0,60,0,0,completed
9699,U9699,2025-09-29 12:39:00,2025-09-29 12:46:00,M,50+,office,seoul,0,0,0,0,10,0,0,78,0,0,error
9700,U9700,2025-11-01 17:47:00,2025-11-01 17:49:00,M,50+,office,seoul,1,0,0,0,15,0,0,58,0,0,abandoned
9701,U9701,2025-06-30 09:49:00,2025-06-30 09:53:00,F,30~39,office,seoul,0,0,0,0,23,0,0,45,0,0,completed
9702,U9702,2025-05-17 09:17:00,2025-05-17 09:20:00,F,20~29,office,seoul,1,0,0,0,1,0,0,58,0,0,completed
9703,U9703,2025-07-13 11:58:00,2025-07-13 12:00:00,M,30~39,office,seoul,1,0,0,0,28,0,0,67,0,0,completed
9704,U9704,2025-12-29 09:23:00,2025-12-29 09:26:00,F,30~39,office,seoul,0,0,0,0,17,0,0,58,0,0,abandoned
9705,U9705,2025-04-22 12:17:00,2025-04-22 12:23:00,F,30~39,office,seoul,0,0,0,0,16,0,0,53,0,0,completed
9706,U9706,2025-01-10 16:13:00,2025-01-10 16:20:00,F,30~39,office,seoul,0,0,0,0,12,0,0,67,0,0,completed
9707,U9707,2025-01-01 09:42:00,2025-01-01 09:48:00,F,20~29,office,seoul,0,0,0,0,5,0,0,18,0,0,completed
9708,U9708,2025-01-08 07:01:00,2025-01-08 07:06:00,M,30~39,office,seoul,0,0,0,0,15,0,0,66,0,0,completed
9709,U9709,2025-01-16 14:26:00,2025-01-16 14:29:00,F,20~29,office,seoul,0,0,0,0,0,0,0,17,0,0,completed
9710,U9710,2025-01-28 08:34:00,2025-01-28 08:41:00,F,40~49,office,seoul,0,0,0,0,26,0,0,11,0,0,completed
9711,U9711,2025-10-25 11:55:00,2025-10-25 12:00:00,F,20~29,office,seoul,1,0,0,0,3,0,0,28,0,0,completed
9712,U9712,2025-03-29 15:12:00,2025-03-29 15:19:00,M,20~29,office,seoul,1,0,0,0,22,0,0,14,0,0,completed
9713,U9713,2025-12-08 18:59:00,2025-12-08 19:01:00,F,30~39,office,seoul,0,0,0,0,24,0,0,74,0,0,completed
9714,U9714,2025-06-23 17:38:00,2025-06-23 17:41:00,F,40~49,office,seoul,0,0,0,0,3,0,0,60,0,0,completed
9715,U9715,2025-09-25 16:13:00,2025-09-25 16:17:00,M,50+,office,seoul,0,0,0,0,27,0,0,18,0,0,completed
9716,U9716,2025-10-04 15:11:00,2025-10-04 15:18:00,F,50+,office,seoul,1,0,0,0,10,0,0,13,0,0,abandoned
9717,U9717,2025-08-16 08:46:00,2025-08-16 08:48:00,F,20~29,office,seoul,1,0,0,0,12,0,0,68,0,0,completed
9718,U9718,2025-07-16 07:14:00,2025-07-16 07:18:00,M,40~49,office,seoul,0,0,0,0,25,0,0,60,0,0,completed
9719,U9719,2025-09-20 15:01:00,2025-09-20 15:08:00,F,40~49,office,seoul,1,0,0,0,7,0,0,56,0,0,completed
9720,U9720,2025-04-15 09:44:00,2025-04-15 09:47:00,F,50+,office,seoul,0,0,0,0,15,0,0,56,0,1,completed
9721,U9721,2025-10-27 08:22:00,2025-10-27 08:26:00,F,20~29,office,seoul,0,0,0,0,13,0,0,52,0,0,completed
9722,U9722,2025-05-12 15:23:00,2025-05-12 15:25:00,F,30~39,office,seoul,0,0,0,0,15,0,0,15,0,0,completed
9723,U9723,2025-04-01 22:05:00,2025-04-01 22:07:00,M,20~29,office,seoul,0,0,0,0,4,0,0,35,0,0,completed
9724,U9724,2025-06-23 11:02:00,2025-06-23 11:04:00,M,20~29,office,seoul,0,0,0,0,25,0,0,13,1,0,completed
9725,U9725,2025-02-06 16:00:00,2025-02-06 16:03:00,F,30~39,office,seoul,0,0,0,0,10,0,0,64,0,0,completed
9726,U9726,2025-02-04 08:59:00,2025-02-04 09:03:00,M,50+,office,seoul,0,0,0,0,13,0,0,26,0,0,completed
9727,U9727,2025-04-23 15:38:00,2025-04-23 15:43:00,M,50+,office,seoul,0,0,0,0,16,0,0,69,0,0,completed
9728,U9728,2025-09-01 16:52:00,2025-09-01 16:54:00,F,40~49,office,seoul,0,0,0,0,5,0,0,63,0,0,abandoned
9729,U9729,2025-07-25 12:11:00,2025-07-25 12:17:00,F,50+,office,seoul,0,0,0,0,8,0,0,11,0,1,completed
9730,U9730,2025-04-24 20:00:00,2025-04-24 20:05:00,M,40~49,office,seoul,0,0,0,0,21,0,0,23,0,0,completed
9731,U9731,2025-05-29 12:29:00,2025-05-29 12:32:00,F,30~39,office,seoul,0,0,0,0,6,0,0,44,0,0,completed
9732,U9732,2025-05-16 15:59:00,2025-05-16 16:04:00,F,40~49,office,seoul,0,0,0,0,17,0,0,52,0,0,completed
9733,U9733,2025-04-09 11:51:00,2025-04-09 11:53:00,M,40~49,office,seoul,0,0,0,0,24,0,0,38,0,0,abandoned
9734,U9734,2025-08-18 16:28:00,2025-08-18 16:32:00,M,30~39,office,seoul,0,0,0,0,10,0,0,44,0,0,completed
9735,U9735,2025-07-13 09:59:00,2025-07-13 10:01:00,M,30~39,office,seoul,1,0,0,0,0,0,0,31,0,0,abandoned
9736,U9736,2025-08-03 13:16:00,2025-08-03 13:21:00,M,20~29,office,seoul,1,0,0,0,25,0,0,25,0,0,completed
9737,U9737,2025-04-23 21:41:00,2025-04-23 21:48:00,F,40~49,office,seoul,0,0,0,0,6,0,0,12,0,0,abandoned
9738,U9738,2025-07-18 07:59:00,2025-07-18 08:06:00,M,50+,office,seoul,0,0,0,0,22,0,0,68,0,0,completed
9739,U9739,2025-06-02 09:06:00,2025-06-02 09:09:00,F,30~39,office,seoul,0,0,0,0,18,0,0,32,0,0,completed
9740,U9740,2025-11-29 18:06:00,2025-11-29 18:08:00,M,50+,office,seoul,1,0,0,0,16,0,0,56,0,0,completed
9741,U9741,2025-03-16 15:55:00,2025-03-16 15:57:00,M,20~29,office,seoul,1,0,0,0,20,0,0,63,0,0,timeout
9742,U9742,2025-10-26 17:38:00,2025-10-26 17:41:00,M,30~39,office,seoul,1,0,0,0,2,0,0,54,0,0,completed
9743,U9743,2025-08-18 19:05:00,2025-08-18 19:09:00,M,40~49,office,seoul,0,0,0,0,16,0,0,56,0,0,completed
9744,U9744,2025-04-08 16:54:00,2025-04-08 17:00:00,F,40~49,office,seoul,0,0,0,0,20,0,0,44,0,0,completed
9745,U9745,2025-05-22 20:34:00,2025-05-22 20:39:00,F,20~29,office,seoul,0,0,0,0,16,0,0,24,0,1,abandoned
9746,U9746,2025-11-13 15:11:00,2025-11-13 15:17:00,M,30~39,office,seoul,0,0,0,0,27,0,0,52,0,0,completed
9747,U9747,2025-03-29 15:56:00,2025-03-29 16:02:00,F,40~49,office,seoul,1,0,0,0,9,0,0,28,0,0,completed
9748,U9748,2025-04-25 19:48:00,2025-04-25 19:52:00,M,40~49,office,seoul,0,0,0,0,21,0,0,39,0,0,timeout
9749,U9749,2025-08-12 16:32:00,2025-08-12 16:37:00,M,30~39,office,seoul,0,0,0,0,4,0,0,34,0,0,completed
9750,U9750,2025-08-16 13:18:00,2025-08-16 13:21:00,F,20~29,office,seoul,1,0,0,0,21,0,0,15,0,0,completed
9751,U9751,2025-06-18 17:10:00,2025-06-18 17:13:00,F,30~39,office,seoul,0,0,0,0,18,0,0,27,0,0,completed
9752,U9752,2025-09-08 15:39:00,2025-09-08 15:44:00,M,50+,office,seoul,0,0,0,0,28,0,0,70,0,0,completed
9753,U9753,2025-03-23 17:07:00,2025-03-23 17:12:00,M,30~39,office,seoul,1,0,0,0,20,0,0,12,0,0,abandoned
9754,U9754,2025-07-21 14:46:00,2025-07-21 14:52:00,M,20~29,office,seoul,0,0,0,0,28,0,0,38,0,0,completed
9755,U9755,2025-03-26 16:59:00,2025-03-26 17:02:00,M,20~29,office,seoul,0,0,0,0,19,0,0,18,0,0,completed
9756,U9756,2025-09-21 18:56:00,2025-09-21 19:00:00,F,30~39,office,seoul,1,0,0,0,19,0,0,49,0,0,completed
9757,U9757,2025-07-05 16:39:00,2025-07-05 16:43:00,F,30~39,office,seoul,1,0,0,0,6,0,0,73,0,0,abandoned
9758,U9758,2025-07-03 20:01:00,2025-07-03 20:06:00,F,50+,office,seoul,0,0,0,0,0,0,0,68,0,0,completed
9759,U9759,2025-03-06 11:16:00,2025-03-06 11:21:00,F,50+,office,seoul,0,0,0,0,8,0,0,50,0,0,completed
9760,U9760,2025-06-14 12:29:00,2025-06-14 12:35:00,M,20~29,office,seoul,1,0,0,0,29,0,0,62,0,0,completed
9761,U9761,2025-08-11 16:15:00,2025-08-11 16:19:00,F,20~29,office,seoul,0,0,0,0,14,0,0,26,0,0,completed
9762,U9762,2025-07-29 17:32:00,2025-07-29 17:39:00,F,30~39,office,seoul,0,0,0,0,19,0,0,54,0,0,error
9763,U9763,2025-12-14 08:14:00,2025-12-14 08:17:00,F,50+,office,seoul,1,0,0,0,16,0,0,34,0,0,completed
9764,U9764,2025-05-21 09:42:00,2025-05-21 09:44:00,F,30~39,office,seoul,0,0,0,0,1,0,0,31,0,0,completed
9765,U9765,2025-01-31 18:37:00,2025-01-31 18:39:00,F,30~39,office,seoul,0,0,0,0,22,0,0,62,0,0,completed
9766,U9766,2025-03-22 16:16:00,2025-03-22 16:18:00,M,30~39,office,seoul,1,0,0,0,18,0,0,10,0,0,completed
9767,U9767,2025-08-17 12:25:00,2025-08-17 12:30:00,F,50+,office,seoul,1,0,0,0,9,0,0,27,0,0,completed
9768,U9768,2025-06-08 12:29:00,2025-06-08 12:32:00,F,20~29,office,seoul,1,0,0,0,26,0,0,29,0,0,completed
9769,U9769,2025-03-13 09:15:00,2025-03-13 09:20:00,F,40~49,office,seoul,0,0,0,0,7,0,0,15,0,0,completed
9770,U9770,2025-10-30 12:47:00,2025-10-30 12:50:00,F,40~49,office,seoul,0,0,0,0,7,0,0,36,0,0,completed
9771,U9771,2025-12-31 13:49:00,2025-12-31 13:54:00,F,30~39,office,seoul,0,0,0,0,20,0,0,52,0,0,completed
9772,U9772,2025-07-26 17:52:00,2025-07-26 17:56:00,M,30~39,office,seoul,1,0,0,0,15,0,0,51,0,0,completed
9773,U9773,2025-01-05 14:22:00,2025-01-05 14:25:00,M,30~39,office,seoul,1,0,0,0,29,0,0,48,0,0,completed
9774,U9774,2025-11-09 15:02:00,2025-11-09 15:05:00,F,20~29,office,seoul,1,0,0,0,26,0,0,72,0,0,error
9775,U9775,2025-05-30 09:24:00,2025-05-30 09:28:00,M,40~49,office,seoul,0,0,0,0,18,0,0,29,0,0,completed
9776,U9776,2025-08-09 16:11:00,2025-08-09 16:18:00,F,40~49,office,seoul,1,0,0,0,22,0,0,49,0,0,completed
9777,U9777,2025-06-27 21:58:00,2025-06-27 22:03:00,F,50+,office,seoul,0,0,0,0,2,0,0,21,1,0,completed
9778,U9778,2025-06-30 12:15:00,2025-06-30 12:19:00,M,20~29,office,seoul,0,0,0,0,4,0,0,65,0,0,completed
9779,U9779,2025-10-14 16:09:00,2025-10-14 16:14:00,F,30~39,office,seoul,0,0,0,0,10,0,0,34,0,0,completed
9780,U9780,2025-09-20 08:10:00,2025-09-20 08:14:00,F,20~29,office,seoul,1,0,0,0,10,0,0,22,0,0,completed
9781,U9781,2025-01-05 20:42:00,2025-01-05 20:47:00,M,20~29,office,seoul,1,0,0,0,9,0,0,55,0,0,completed
9782,U9782,2025-09-19 17:45:00,2025-09-19 17:51:00,M,20~29,office,seoul,0,0,0,0,7,0,0,42,0,0,completed
9783,U9783,2025-01-13 12:45:00,2025-01-13 12:48:00,M,30~39,office,seoul,0,0,0,0,0,0,0,25,0,0,completed
9784,U9784,2025-08-03 08:31:00,2025-08-03 08:36:00,F,20~29,office,seoul,1,0,0,0,8,0,0,56,0,0,error
9785,U9785,2025-03-17 21:54:00,2025-03-17 21:58:00,M,50+,office,seoul,0,0,0,0,10,0,0,52,0,0,completed
9786,U9786,2025-03-08 18:33:00,2025-03-08 18:37:00,F,20~29,office,seoul,1,0,0,0,19,0,0,43,0,0,completed
9787,U9787,2025-11-23 18:52:00,2025-11-23 18:58:00,M,40~49,office,seoul,1,0,0,0,8,0,0,45,0,0,completed
9788,U9788,2025-12-30 11:38:00,2025-12-30 11:42:00,F,50+,office,seoul,0,0,0,0,18,0,0,75,0,1,completed
9789,U9789,2025-06-28 08:00:00,2025-06-28 08:04:00,M,20~29,office,seoul,1,0,0,0,17,0,0,45,0,0,completed
9790,U9790,2025-02-22 12:40:00,2025-02-22 12:47:00,F,40~49,office,seoul,1,0,0,0,6,0,0,55,0,0,abandoned
9791,U9791,2025-11-17 19:28:00,2025-11-17 19:35:00,M,20~29,office,seoul,0,0,0,0,15,0,0,70,0,0,abandoned
9792,U9792,2025-12-10 17:58:00,2025-12-10 18:05:00,M,50+,office,seoul,0,0,0,0,26,0,0,23,0,0,completed
9793,U9793,2025-04-07 16:55:00,2025-04-07 16:58:00,F,30~39,office,seoul,0,0,0,0,12,0,0,16,0,0,completed
9794,U9794,2025-11-20 07:10:00,2025-11-20 07:12:00,M,40~49,office,seoul,0,0,0,0,21,0,0,79,0,0,error
9795,U9795,2025-12-15 20:02:00,2025-12-15 20:09:00,F,30~39,office,seoul,0,0,0,0,2,0,0,49,0,0,completed
9796,U9796,2025-07-07 16:38:00,2025-07-07 16:44:00,M,20~29,office,seoul,0,0,0,0,2,0,0,15,0,0,abandoned
9797,U9797,2025-02-06 08:42:00,2025-02-06 08:48:00,F,20~29,office,seoul,0,0,0,0,10,0,0,21,0,0,completed
9798,U9798,2025-04-13 19:34:00,2025-04-13 19:40:00,M,50+,office,seoul,1,0,0,0,6,0,0,12,0,0,completed
9799,U9799,2025-06-18 21:21:00,2025-06-18 21:27:00,F,40~49,office,seoul,0,0,0,0,21,0,0,68,0,0,completed
9800,U9800,2025-03-29 21:59:00,2025-03-29 22:05:00,M,40~49,office,seoul,1,0,0,0,26,0,0,19,0,0,completed
9801,U9801,2025-12-27 11:42:00,2025-12-27 11:46:00,M,40~49,office,seoul,1,0,0,0,2,0,0,28,0,0,completed
9802,U9802,2025-10-27 18:56:00,2025-10-27 18:58:00,M,20~29,office,seoul,0,0,0,0,21,0,0,76,0,0,completed
9803,U9803,2025-01-10 22:39:00,2025-01-10 22:44:00,M,30~39,office,seoul,0,0,0,0,15,0,0,28,0,0,completed
9804,U9804,2025-12-30 15:44:00,2025-12-30 15:48:00,F,20~29,office,seoul,0,0,0,0,6,0,0,43,0,0,completed
9805,U9805,2025-03-29 09:02:00,2025-03-29 09:05:00,M,30~39,office,seoul,1,0,0,0,5,0,0,31,0,0,completed
9806,U9806,2025-01-05 07:42:00,2025-01-05 07:45:00,F,50+,office,seoul,1,0,0,0,4,0,0,66,0,0,completed
9807,U9807,2025-12-19 12:30:00,2025-12-19 12:37:00,F,30~39,office,seoul,0,0,0,0,6,0,0,30,0,0,completed
9808,U9808,2025-05-23 19:04:00,2025-05-23 19:11:00,M,30~39,office,seoul,0,0,0,0,22,0,0,65,0,0,completed
9809,U9809,2025-01-10 08:51:00,2025-01-10 08:55:00,F,40~49,office,seoul,0,0,0,0,5,0,0,22,0,0,completed
9810,U9810,2025-05-17 14:29:00,2025-05-17 14:32:00,F,40~49,office,seoul,1,0,0,0,13,0,0,19,0,0,completed
9811,U9811,2025-08-19 09:07:00,2025-08-19 09:12:00,F,40~49,office,seoul,0,0,0,0,25,0,0,18,0,0,completed
9812,U9812,2025-09-03 20:14:00,2025-09-03 20:16:00,M,50+,office,seoul,0,0,0,0,29,0,0,13,0,0,completed
9813,U9813,2025-06-13 09:34:00,2025-06-13 09:40:00,M,30~39,office,seoul,0,0,0,0,16,0,0,45,0,0,error
9814,U9814,2025-07-25 13:09:00,2025-07-25 13:12:00,F,40~49,office,seoul,0,0,0,0,3,0,0,76,0,0,completed
9815,U9815,2025-09-24 11:15:00,2025-09-24 11:21:00,M,30~39,office,seoul,0,0,0,0,21,0,0,58,0,0,timeout
9816,U9816,2025-10-12 11:53:00,2025-10-12 12:00:00,F,30~39,office,seoul,1,0,0,0,3,0,0,11,0,0,completed
9817,U9817,2025-08-20 17:10:00,2025-08-20 17:17:00,F,40~49,office,seoul,0,0,0,0,14,0,0,34,0,0,completed
9818,U9818,2025-08-11 18:54:00,2025-08-11 18:58:00,F,30~39,office,seoul,0,0,0,0,22,0,0,52,0,0,completed
9819,U9819,2025-05-03 13:59:00,2025-05-03 14:03:00,F,20~29,office,seoul,1,0,0,0,1,0,0,16,0,0,completed
9820,U9820,2025-02-06 15:29:00,2025-02-06 15:32:00,M,20~29,office,seoul,0,0,0,0,21,0,0,12,0,0,completed
9821,U9821,2025-12-15 14:28:00,2025-12-15 14:30:00,F,40~49,office,seoul,0,0,0,0,20,0,0,48,0,0,abandoned
9822,U9822,2025-07-31 15:57:00,2025-07-31 16:02:00,F,30~39,office,seoul,0,0,0,0,11,0,0,72,0,0,completed
9823,U9823,2025-04-07 16:07:00,2025-04-07 16:13:00,F,20~29,office,seoul,0,0,0,0,2,0,0,36,0,0,completed
9824,U9824,2025-06-17 13:35:00,2025-06-17 13:42:00,F,40~49,office,seoul,0,0,0,0,18,0,0,38,0,0,completed
9825,U9825,2025-02-26 16:58:00,2025-02-26 17:05:00,F,30~39,office,seoul,0,0,0,0,10,0,0,51,0,0,completed
9826,U9826,2025-10-09 15:16:00,2025-10-09 15:21:00,F,50+,office,seoul,0,0,0,0,24,0,0,19,0,0,completed
9827,U9827,2025-11-26 12:27:00,2025-11-26 12:32:00,F,40~49,office,seoul,0,0,0,0,10,0,0,54,0,0,completed
9828,U9828,2025-05-23 14:09:00,2025-05-23 14:16:00,M,30~39,office,seoul,0,0,0,0,24,0,0,67,1,0,completed
9829,U9829,2025-07-16 15:42:00,2025-07-16 15:47:00,M,40~49,office,seoul,0,0,0,0,10,0,0,79,0,0,completed
9830,U9830,2025-12-28 19:10:00,2025-12-28 19:13:00,M,20~29,office,seoul,1,0,0,0,6,0,0,26,1,0,completed
9831,U9831,2025-03-09 08:19:00,2025-03-09 08:22:00,F,30~39,office,seoul,1,0,0,0,20,0,0,23,0,0,error
9832,U9832,2025-01-19 07:24:00,2025-01-19 07:31:00,F,20~29,office,seoul,1,0,0,0,12,0,0,70,0,0,completed
9833,U9833,2025-09-15 08:20:00,2025-09-15 08:23:00,F,20~29,office,seoul,0,0,0,0,3,0,0,53,0,0,completed
9834,U9834,2025-07-04 13:40:00,2025-07-04 13:42:00,F,40~49,office,seoul,0,0,0,0,0,0,0,29,0,0,completed
9835,U9835,2025-04-28 15:06:00,2025-04-28 15:09:00,M,40~49,office,seoul,0,0,0,0,19,0,0,59,0,0,completed
9836,U9836,2025-08-20 09:02:00,2025-08-20 09:08:00,M,40~49,office,seoul,0,0,0,0,16,0,0,73,0,0,completed
9837,U9837,2025-01-24 19:04:00,2025-01-24 19:07:00,M,20~29,office,seoul,0,0,0,0,11,0,0,53,0,0,completed
9838,U9838,2025-10-28 19:32:00,2025-10-28 19:35:00,F,30~39,office,seoul,0,0,0,0,2,0,0,47,0,0,completed
9839,U9839,2025-12-24 20:42:00,2025-12-24 20:45:00,M,20~29,office,seoul,0,0,0,0,7,0,0,55,0,0,completed
9840,U9840,2025-01-23 09:28:00,2025-01-23 09:32:00,F,50+,office,seoul,0,0,0,0,22,0,0,57,0,0,completed
9841,U9841,2025-09-25 07:33:00,2025-09-25 07:40:00,M,40~49,office,seoul,0,0,0,0,22,0,0,42,0,0,completed
9842,U9842,2025-12-22 09:32:00,2025-12-22 09:34:00,M,20~29,office,seoul,0,0,0,0,15,0,0,31,0,0,completed
9843,U9843,2025-08-16 13:29:00,2025-08-16 13:34:00,F,20~29,office,seoul,1,0,0,0,16,0,0,31,0,0,completed
9844,U9844,2025-10-22 07:50:00,2025-10-22 07:56:00,F,30~39,office,seoul,0,0,0,0,7,0,0,52,0,0,completed
9845,U9845,2025-05-29 09:39:00,2025-05-29 09:41:00,F,20~29,office,seoul,0,0,0,0,1,0,0,19,0,0,completed
9846,U9846,2025-07-22 11:46:00,2025-07-22 11:50:00,F,50+,office,seoul,0,0,0,0,9,0,0,74,0,0,completed
9847,U9847,2025-06-30 09:29:00,2025-06-30 09:32:00,F,50+,office,seoul,0,0,0,0,26,0,0,12,0,0,abandoned
9848,U9848,2025-03-31 11:09:00,2025-03-31 11:13:00,F,20~29,office,seoul,0,0,0,0,2,0,0,62,0,0,completed
9849,U9849,2025-10-22 16:54:00,2025-10-22 16:59:00,F,30~39,office,seoul,0,0,0,0,28,0,0,52,0,0,completed
9850,U9850,2025-11-15 16:49:00,2025-11-15 16:52:00,F,20~29,office,seoul,1,0,0,0,26,0,0,27,0,0,completed
9851,U9851,2025-06-21 13:06:00,2025-06-21 13:08:00,M,30~39,office,seoul,1,0,0,0,7,0,0,79,0,0,completed
9852,U9852,2025-12-11 14:05:00,2025-12-11 14:07:00,M,20~29,office,seoul,0,0,0,0,29,0,0,20,0,0,completed
9853,U9853,2025-01-07 16:08:00,2025-01-07 16:10:00,F,20~29,office,seoul,0,0,0,0,13,0,0,45,0,0,completed
9854,U9854,2025-03-10 09:39:00,2025-03-10 09:41:00,F,20~29,office,seoul,0,0,0,0,1,0,0,30,0,0,completed
9855,U9855,2025-03-27 09:04:00,2025-03-27 09:08:00,F,30~39,office,seoul,0,0,0,0,19,0,0,53,0,0,completed
9856,U9856,2025-12-26 17:01:00,2025-12-26 17:04:00,F,50+,office,seoul,0,0,0,0,12,0,0,48,1,0,abandoned
9857,U9857,2025-07-24 15:47:00,2025-07-24 15:52:00,M,40~49,office,seoul,0,0,0,0,26,0,0,35,0,0,completed
9858,U9858,2025-08-28 13:11:00,2025-08-28 13:13:00,F,30~39,office,seoul,0,0,0,0,27,0,0,65,0,0,completed
9859,U9859,2025-04-04 20:54:00,2025-04-04 21:00:00,F,30~39,office,seoul,0,0,0,0,9,0,0,12,0,0,completed
9860,U9860,2025-08-15 16:24:00,2025-08-15 16:29:00,F,20~29,office,seoul,0,0,0,0,3,0,0,16,0,0,abandoned
9861,U9861,2025-12-25 12:38:00,2025-12-25 12:43:00,F,30~39,office,seoul,0,0,0,0,12,0,0,35,0,0,error
9862,U9862,2025-03-25 14:01:00,2025-03-25 14:03:00,F,30~39,office,seoul,0,0,0,0,8,0,0,21,0,0,completed
9863,U9863,2025-12-24 11:09:00,2025-12-24 11:12:00,M,20~29,office,seoul,0,0,0,0,19,0,0,58,0,0,completed
9864,U9864,2025-06-06 15:14:00,2025-06-06 15:17:00,F,30~39,office,seoul,0,0,0,0,4,0,0,62,0,0,completed
9865,U9865,2025-09-15 15:32:00,2025-09-15 15:35:00,F,20~29,office,seoul,0,0,0,0,20,0,0,22,0,0,completed
9866,U9866,2025-11-27 07:15:00,2025-11-27 07:19:00,F,20~29,office,seoul,0,0,0,0,26,0,0,48,0,0,completed
9867,U9867,2025-10-26 15:14:00,2025-10-26 15:16:00,M,50+,office,seoul,1,0,0,0,3,0,0,25,1,0,abandoned
9868,U9868,2025-06-08 07:48:00,2025-06-08 07:52:00,F,30~39,office,seoul,1,0,0,0,0,0,0,55,0,0,completed
9869,U9869,2025-07-28 20:00:00,2025-07-28 20:06:00,F,40~49,office,seoul,0,0,0,0,7,0,0,35,0,0,completed
9870,U9870,2025-04-27 11:42:00,2025-04-27 11:46:00,F,20~29,office,seoul,1,0,0,0,21,0,0,25,0,0,completed
9871,U9871,2025-11-10 17:02:00,2025-11-10 17:05:00,F,30~39,office,seoul,0,0,0,0,24,0,0,35,0,0,completed
9872,U9872,2025-10-03 11:11:00,2025-10-03 11:15:00,M,40~49,office,seoul,0,0,0,0,23,0,0,34,0,0,completed
9873,U9873,2025-01-20 13:02:00,2025-01-20 13:04:00,F,50+,office,seoul,0,0,0,0,22,0,0,64,1,0,completed
9874,U9874,2025-06-23 17:47:00,2025-06-23 17:49:00,F,30~39,office,seoul,0,0,0,0,25,0,0,50,0,0,completed
9875,U9875,2025-12-01 11:53:00,2025-12-01 12:00:00,M,40~49,office,seoul,0,0,0,0,6,0,0,19,0,0,completed
9876,U9876,2025-07-28 08:32:00,2025-07-28 08:37:00,M,20~29,office,seoul,0,0,0,0,0,0,0,22,0,0,completed
9877,U9877,2025-11-16 15:44:00,2025-11-16 15:47:00,F,40~49,office,seoul,1,0,0,0,27,0,0,42,0,0,completed
9878,U9878,2025-02-19 16:55:00,2025-02-19 17:02:00,F,20~29,office,seoul,0,0,0,0,9,0,0,63,0,0,completed
9879,U9879,2025-07-03 13:34:00,2025-07-03 13:39:00,M,40~49,office,seoul,0,0,0,0,5,0,0,77,0,0,completed
9880,U9880,2025-12-07 11:40:00,2025-12-07 11:45:00,F,20~29,office,seoul,1,0,0,0,14,0,0,47,0,0,completed
9881,U9881,2025-05-02 12:33:00,2025-05-02 12:35:00,M,50+,office,seoul,0,0,0,0,8,0,0,70,0,0,completed
9882,U9882,2025-10-20 08:18:00,2025-10-20 08:23:00,M,30~39,office,seoul,0,0,0,0,29,0,0,69,0,0,completed
9883,U9883,2025-04-30 11:40:00,2025-04-30 11:45:00,F,50+,office,seoul,0,0,0,0,11,0,0,41,0,0,abandoned
9884,U9884,2025-12-16 07:08:00,2025-12-16 07:13:00,F,20~29,office,seoul,0,0,0,0,14,0,0,19,0,0,completed
9885,U9885,2025-08-29 15:28:00,2025-08-29 15:34:00,F,30~39,office,seoul,0,0,0,0,15,0,0,33,0,0,completed
9886,U9886,2025-01-15 13:53:00,2025-01-15 14:00:00,F,40~49,office,seoul,0,0,0,0,9,0,0,26,0,0,completed
9887,U9887,2025-06-08 09:04:00,2025-06-08 09:07:00,M,50+,office,seoul,1,0,0,0,7,0,0,23,0,0,abandoned
9888,U9888,2025-02-01 13:08:00,2025-02-01 13:11:00,F,30~39,office,seoul,1,0,0,0,24,0,0,32,0,0,completed
9889,U9889,2025-02-28 14:46:00,2025-02-28 14:51:00,F,20~29,office,seoul,0,0,0,0,24,0,0,64,0,0,completed
9890,U9890,2025-05-28 09:44:00,2025-05-28 09:46:00,M,20~29,office,seoul,0,0,0,0,22,0,0,34,0,0,timeout
9891,U9891,2025-11-30 20:24:00,2025-11-30 20:30:00,M,30~39,office,seoul,1,0,0,0,11,0,0,47,0,0,completed
9892,U9892,2025-05-01 15:26:00,2025-05-01 15:28:00,F,40~49,office,seoul,0,0,0,0,28,0,0,74,0,0,completed
9893,U9893,2025-10-02 11:20:00,2025-10-02 11:23:00,M,50+,office,seoul,0,0,0,0,19,0,0,67,0,0,completed
9894,U9894,2025-05-25 09:07:00,2025-05-25 09:12:00,F,20~29,office,seoul,1,0,0,0,9,0,0,70,0,0,completed
9895,U9895,2025-01-29 16:28:00,2025-01-29 16:31:00,M,20~29,office,seoul,0,0,0,0,7,0,0,38,0,0,completed
9896,U9896,2025-02-12 13:50:00,2025-02-12 13:56:00,M,50+,office,seoul,0,0,0,0,18,0,0,35,0,0,completed
9897,U9897,2025-12-26 08:31:00,2025-12-26 08:37:00,M,20~29,office,seoul,0,0,0,0,9,0,0,77,0,0,completed
9898,U9898,2025-06-29 20:53:00,2025-06-29 20:55:00,F,40~49,office,seoul,1,0,0,0,11,0,0,37,0,0,completed
9899,U9899,2025-04-05 12:10:00,2025-04-05 12:12:00,M,20~29,office,seoul,1,0,0,0,4,0,0,30,0,0,completed
9900,U9900,2025-05-03 21:05:00,2025-05-03 21:07:00,F,20~29,office,seoul,1,0,0,0,8,0,0,19,0,0,completed
9901,U9901,2025-05-21 13:19:00,2025-05-21 13:22:00,M,40~49,office,seoul,0,0,0,0,10,0,0,28,0,0,completed
9902,U9902,2025-03-01 13:58:00,2025-03-01 14:04:00,M,20~29,office,seoul,1,0,0,0,28,0,0,67,0,0,completed
9903,U9903,2025-07-03 18:08:00,2025-07-03 18:12:00,F,50+,office,seoul,0,0,0,0,15,0,0,56,0,0,completed
9904,U9904,2025-08-07 18:30:00,2025-08-07 18:37:00,M,30~39,office,seoul,0,0,0,0,18,0,0,59,0,0,timeout
9905,U9905,2025-01-16 11:26:00,2025-01-16 11:31:00,F,30~39,office,seoul,0,0,0,0,19,0,0,48,0,0,completed
9906,U9906,2025-12-08 09:30:00,2025-12-08 09:37:00,F,30~39,office,seoul,0,0,0,0,10,0,0,58,0,1,completed
9907,U9907,2025-01-05 08:09:00,2025-01-05 08:13:00,F,50+,office,seoul,1,0,0,0,11,0,0,56,0,0,completed
9908,U9908,2025-06-09 17:09:00,2025-06-09 17:13:00,M,50+,office,seoul,0,0,0,0,20,0,0,30,0,0,completed
9909,U9909,2025-03-31 19:28:00,2025-03-31 19:34:00,F,20~29,office,seoul,0,0,0,0,7,0,0,24,0,0,completed
9910,U9910,2025-10-04 22:42:00,2025-10-04 22:46:00,M,50+,office,seoul,1,0,0,0,20,0,0,74,0,0,completed
9911,U9911,2025-08-07 20:01:00,2025-08-07 20:07:00,M,50+,office,seoul,0,0,0,0,3,0,0,56,0,0,completed
9912,U9912,2025-11-02 14:51:00,2025-11-02 14:55:00,F,50+,office,seoul,1,0,0,0,3,0,0,68,0,0,error
9913,U9913,2025-04-17 17:53:00,2025-04-17 17:55:00,F,20~29,office,seoul,0,0,0,0,25,0,0,20,0,0,completed
9914,U9914,2025-01-08 07:54:00,2025-01-08 08:00:00,F,40~49,office,seoul,0,0,0,0,12,0,0,42,0,1,completed
9915,U9915,2025-10-28 13:44:00,2025-10-28 13:48:00,F,50+,office,seoul,0,0,0,0,12,0,0,68,1,0,completed
9916,U9916,2025-11-23 08:56:00,2025-11-23 09:02:00,M,40~49,office,seoul,1,0,0,0,10,0,0,46,0,0,completed
9917,U9917,2025-07-02 16:20:00,2025-07-02 16:23:00,M,50+,office,seoul,0,0,0,0,25,0,0,24,1,0,timeout
9918,U9918,2025-09-05 09:44:00,2025-09-05 09:48:00,M,50+,office,seoul,0,0,0,0,1,0,0,18,0,0,completed
9919,U9919,2025-02-14 16:32:00,2025-02-14 16:39:00,M,30~39,office,seoul,0,0,0,0,18,0,0,65,0,0,abandoned
9920,U9920,2025-04-07 16:06:00,2025-04-07 16:11:00,F,30~39,office,seoul,0,0,0,0,15,0,0,61,0,0,completed
9921,U9921,2025-02-26 12:33:00,2025-02-26 12:37:00,F,40~49,office,seoul,0,0,0,0,25,0,0,64,0,0,completed
9922,U9922,2025-10-29 17:58:00,2025-10-29 18:05:00,F,20~29,office,seoul,0,0,0,0,10,0,0,39,0,0,abandoned
9923,U9923,2025-02-21 09:14:00,2025-02-21 09:19:00,M,20~29,office,seoul,0,0,0,0,19,0,0,40,0,0,abandoned
9924,U9924,2025-01-11 08:35:00,2025-01-11 08:40:00,M,20~29,office,seoul,1,0,0,0,14,0,0,47,0,0,completed
9925,U9925,2025-11-09 13:07:00,2025-11-09 13:11:00,F,40~49,office,seoul,1,0,0,0,23,0,0,15,0,0,completed
9926,U9926,2025-04-20 13:20:00,2025-04-20 13:26:00,M,30~39,office,seoul,1,0,0,0,23,0,0,76,0,0,completed
9927,U9927,2025-06-11 17:13:00,2025-06-11 17:19:00,F,20~29,office,seoul,0,0,0,0,25,0,0,70,0,0,completed
9928,U9928,2025-04-29 20:21:00,2025-04-29 20:27:00,M,20~29,office,seoul,0,0,0,0,14,0,0,78,0,0,error
9929,U9929,2025-10-30 09:24:00,2025-10-30 09:28:00,F,30~39,office,seoul,0,0,0,0,8,0,0,40,0,0,completed
9930,U9930,2025-06-11 17:31:00,2025-06-11 17:33:00,F,40~49,office,seoul,0,0,0,0,25,0,0,58,0,0,completed
9931,U9931,2025-03-15 19:29:00,2025-03-15 19:31:00,F,50+,office,seoul,1,0,0,0,10,0,0,25,0,0,completed
9932,U9932,2025-06-27 13:35:00,2025-06-27 13:39:00,M,50+,office,seoul,0,0,0,0,12,0,0,20,0,0,completed
9933,U9933,2025-06-01 20:08:00,2025-06-01 20:13:00,F,50+,office,seoul,1,0,0,0,6,0,0,50,0,0,timeout
9934,U9934,2025-03-08 15:34:00,2025-03-08 15:39:00,F,40~49,office,seoul,1,0,0,0,21,0,0,36,0,0,abandoned
9935,U9935,2025-09-11 15:19:00,2025-09-11 15:21:00,M,40~49,office,seoul,0,0,0,0,26,0,0,65,0,0,completed
9936,U9936,2025-06-29 16:16:00,2025-06-29 16:20:00,F,20~29,office,seoul,1,0,0,0,8,0,0,45,0,0,completed
9937,U9937,2025-02-15 15:19:00,2025-02-15 15:25:00,F,50+,office,seoul,1,0,0,0,12,0,0,15,0,1,abandoned
9938,U9938,2025-06-22 17:18:00,2025-06-22 17:22:00,M,50+,office,seoul,1,0,0,0,2,0,0,76,0,0,completed
9939,U9939,2025-06-09 14:48:00,2025-06-09 14:55:00,F,40~49,office,seoul,0,0,0,0,5,0,0,38,0,0,completed
9940,U9940,2025-12-11 20:14:00,2025-12-11 20:20:00,M,40~49,office,seoul,0,0,0,0,12,0,0,14,0,0,completed
9941,U9941,2025-04-01 11:38:00,2025-04-01 11:45:00,F,40~49,office,seoul,0,0,0,0,12,0,0,57,0,0,completed
9942,U9942,2025-05-09 19:44:00,2025-05-09 19:51:00,M,20~29,office,seoul,0,0,0,0,17,0,0,65,0,0,completed
9943,U9943,2025-01-11 14:10:00,2025-01-11 14:12:00,F,40~49,office,seoul,1,0,0,0,20,0,0,76,0,0,abandoned
9944,U9944,2025-12-22 11:58:00,2025-12-22 12:03:00,F,20~29,office,seoul,0,0,0,0,28,0,0,65,0,0,completed
9945,U9945,2025-11-18 20:41:00,2025-11-18 20:43:00,F,20~29,office,seoul,0,0,0,0,27,0,0,17,0,0,timeout
9946,U9946,2025-05-28 14:10:00,2025-05-28 14:14:00,M,20~29,office,seoul,0,0,0,0,8,0,0,78,0,0,abandoned
9947,U9947,2025-12-01 20:58:00,2025-12-01 21:00:00,F,50+,office,seoul,0,0,0,0,10,0,0,70,0,0,completed
9948,U9948,2025-02-02 11:22:00,2025-02-02 11:27:00,F,30~39,office,seoul,1,0,0,0,1,0,0,70,0,0,timeout
9949,U9949,2025-07-07 13:08:00,2025-07-07 13:12:00,M,30~39,office,seoul,0,0,0,0,27,0,0,46,0,0,completed
9950,U9950,2025-05-25 17:04:00,2025-05-25 17:08:00,F,20~29,office,seoul,1,0,0,0,13,0,0,77,0,0,completed
9951,U9951,2025-12-06 14:29:00,2025-12-06 14:35:00,M,50+,office,seoul,1,0,0,0,11,0,0,32,0,0,completed
9952,U9952,2025-08-18 08:23:00,2025-08-18 08:28:00,F,40~49,office,seoul,0,0,0,0,1,0,0,77,0,0,completed
9953,U9953,2025-10-31 20:24:00,2025-10-31 20:27:00,F,20~29,office,seoul,0,0,0,0,0,0,0,43,0,0,completed
9954,U9954,2025-05-06 08:27:00,2025-05-06 08:30:00,F,20~29,office,seoul,0,0,0,0,11,0,0,55,0,0,completed
9955,U9955,2025-02-05 11:14:00,2025-02-05 11:19:00,F,20~29,office,seoul,0,0,0,0,17,0,0,31,0,0,completed
9956,U9956,2025-12-17 09:43:00,2025-12-17 09:49:00,M,20~29,office,seoul,0,0,0,0,6,0,0,32,0,0,completed
9957,U9957,2025-05-16 13:25:00,2025-05-16 13:28:00,F,40~49,office,seoul,0,0,0,0,13,0,0,65,0,0,completed
9958,U9958,2025-05-08 15:27:00,2025-05-08 15:29:00,F,20~29,office,seoul,0,0,0,0,9,0,0,29,0,0,completed
9959,U9959,2025-11-16 07:55:00,2025-11-16 08:02:00,F,30~39,office,seoul,1,0,0,0,2,0,0,57,0,0,error
9960,U9960,2025-02-26 08:52:00,2025-02-26 08:54:00,M,20~29,office,seoul,0,0,0,0,29,0,0,69,0,0,completed
9961,U9961,2025-10-08 20:13:00,2025-10-08 20:19:00,M,30~39,office,seoul,0,0,0,0,17,0,0,66,0,0,completed
9962,U9962,2025-08-13 16:54:00,2025-08-13 17:00:00,F,30~39,office,seoul,0,0,0,0,21,0,0,34,0,0,completed
9963,U9963,2025-05-09 08:09:00,2025-05-09 08:12:00,F,20~29,office,seoul,0,0,0,0,14,0,0,60,0,0,completed
9964,U9964,2025-05-21 19:09:00,2025-05-21 19:15:00,F,20~29,office,seoul,0,0,0,0,5,0,0,20,0,0,completed
9965,U9965,2025-10-30 15:17:00,2025-10-30 15:22:00,M,30~39,office,seoul,0,0,0,0,14,0,0,46,0,0,completed
9966,U9966,2025-10-23 20:17:00,2025-10-23 20:24:00,M,20~29,office,seoul,0,0,0,0,9,0,0,34,0,0,completed
9967,U9967,2025-02-11 19:57:00,2025-02-11 20:01:00,M,50+,office,seoul,0,0,0,0,5,0,0,78,0,0,completed
9968,U9968,2025-11-30 08:29:00,2025-11-30 08:33:00,F,30~39,office,seoul,1,0,0,0,19,0,0,29,0,0,completed
9969,U9969,2025-08-03 13:19:00,2025-08-03 13:24:00,F,20~29,office,seoul,1,0,0,0,10,0,0,19,0,0,completed
9970,U9970,2025-08-27 08:12:00,2025-08-27 08:17:00,F,20~29,office,seoul,0,0,0,0,23,0,0,54,0,0,completed
9971,U9971,2025-11-26 17:59:00,2025-11-26 18:01:00,F,50+,office,seoul,0,0,0,0,14,0,0,52,0,0,completed
9972,U9972,2025-08-02 16:31:00,2025-08-02 16:35:00,M,30~39,office,seoul,1,0,0,0,10,0,0,19,0,0,completed
9973,U9973,2025-05-15 15:36:00,2025-05-15 15:40:00,M,30~39,office,seoul,0,0,0,0,14,0,0,39,0,0,completed
9974,U9974,2025-10-19 11:38:00,2025-10-19 11:41:00,F,20~29,office,seoul,1,0,0,0,26,0,0,50,0,0,completed
9975,U9975,2025-10-08 07:31:00,2025-10-08 07:34:00,F,20~29,office,seoul,0,0,0,0,1,0,0,53,0,0,completed
9976,U9976,2025-12-26 09:22:00,2025-12-26 09:28:00,F,30~39,office,seoul,0,0,0,0,19,0,0,25,0,0,completed
9977,U9977,2025-06-15 14:59:00,2025-06-15 15:03:00,M,30~39,office,seoul,1,0,0,0,28,0,0,26,0,0,completed
9978,U9978,2025-09-23 14:20:00,2025-09-23 14:22:00,F,30~39,office,seoul,0,0,0,0,17,0,0,74,0,0,completed
9979,U9979,2025-07-22 13:07:00,2025-07-22 13:09:00,F,50+,office,seoul,0,0,0,0,20,0,0,38,0,0,completed
9980,U9980,2025-03-10 09:03:00,2025-03-10 09:09:00,F,20~29,office,seoul,0,0,0,0,24,0,0,21,0,0,completed
9981,U9981,2025-11-27 21:38:00,2025-11-27 21:42:00,M,30~39,office,seoul,0,0,0,0,0,0,0,17,0,0,completed
9982,U9982,2025-09-20 18:48:00,2025-09-20 18:51:00,F,30~39,office,seoul,1,0,0,0,6,0,0,61,0,0,completed
9983,U9983,2025-03-14 13:43:00,2025-03-14 13:50:00,F,50+,office,seoul,0,0,0,0,1,0,0,69,0,0,completed
9984,U9984,2025-08-03 14:36:00,2025-08-03 14:40:00,M,40~49,office,seoul,1,0,0,0,8,0,0,53,1,0,completed
9985,U9985,2025-10-12 11:53:00,2025-10-12 11:57:00,F,20~29,office,seoul,1,0,0,0,13,0,0,40,0,0,completed
9986,U9986,2025-11-12 08:02:00,2025-11-12 08:06:00,M,30~39,office,seoul,0,0,0,0,15,0,0,76,0,0,completed
9987,U9987,2025-07-08 17:18:00,2025-07-08 17:24:00,M,30~39,office,seoul,0,0,0,0,24,0,0,30,0,0,completed
9988,U9988,2025-02-19 09:50:00,2025-02-19 09:56:00,F,30~39,office,seoul,0,0,0,0,12,0,0,19,0,0,abandoned
9989,U9989,2025-01-25 13:01:00,2025-01-25 13:03:00,F,50+,office,seoul,1,0,0,0,0,0,0,55,0,0,completed
9990,U9990,2025-01-21 12:57:00,2025-01-21 13:02:00,M,40~49,office,seoul,0,0,0,0,12,0,0,49,0,0,completed
9991,U9991,2025-07-14 12:52:00,2025-07-14 12:59:00,M,30~39,office,seoul,0,0,0,0,20,0,0,50,0,0,completed
9992,U9992,2025-08-21 19:03:00,2025-08-21 19:07:00,F,30~39,office,seoul,0,0,0,0,29,0,0,54,0,0,completed
9993,U9993,2025-01-31 20:33:00,2025-01-31 20:37:00,F,40~49,office,seoul,0,0,0,0,0,0,0,28,0,0,completed
9994,U9994,2025-08-29 13:42:00,2025-08-29 13:48:00,M,30~39,office,seoul,0,0,0,0,17,0,0,59,0,0,completed
9995,U9995,2025-05-29 21:50:00,2025-05-29 21:53:00,F,20~29,office,seoul,0,0,0,0,6,0,0,50,0,0,abandoned
9996,U9996,2025-09-25 17:57:00,2025-09-25 18:00:00,M,30~39,office,seoul,0,0,0,0,3,0,0,49,0,0,completed
9997,U9997,2025-03-21 09:20:00,2025-03-21 09:22:00,F,50+,office,seoul,0,0,0,0,7,0,0,35,0,0,completed
9998,U9998,2025-12-08 16:26:00,2025-12-08 16:28:00,F,30~39,office,seoul,0,0,0,0,15,0,0,72,0,0,completed
9999,U0000,2025-07-29 08:42:00,2025-07-29 08:48:00,M,20~29,office,seoul,0,0,0,0,9,0,0,18,0,0,completed
10000,U0001,2025-12-06 16:29:00,2025-12-06 16:36:00,F,30~39,office,seoul,1,0,0,0,29,0,0,52,0,0,completed
10001,U0002,2025-09-16 15:55:00,2025-09-16 16:02:00,F,20~29,office,seoul,0,0,0,0,22,0,0,54,0,0,completed
10002,U0003,2025-03-10 12:31:00,2025-03-10 12:34:00,M,50+,office,seoul,0,0,0,0,14,0,0,77,0,0,completed
10003,U0004,2025-09-26 13:27:00,2025-09-26 13:34:00,M,20~29,office,seoul,0,0,0,0,5,0,0,52,0,0,abandoned
10004,U0005,2025-08-27 11:01:00,2025-08-27 11:04:00,F,30~39,office,seoul,0,0,0,0,11,0,0,11,0,0,completed
10005,U0006,2025-02-19 16:08:00,2025-02-19 16:15:00,M,50+,office,seoul,0,0,0,0,28,0,0,28,1,0,completed
10006,U0007,2025-04-16 13:57:00,2025-04-16 13:59:00,F,50+,office,seoul,0,0,0,0,28,0,0,50,0,0,completed
10007,U0008,2025-10-07 12:55:00,2025-10-07 12:59:00,F,50+,office,seoul,0,0,0,0,23,0,0,79,1,0,completed
10008,U0009,2025-05-31 09:02:00,2025-05-31 09:06:00,M,30~39,office,seoul,1,0,0,0,24,0,0,70,1,0,completed
10009,U0010,2025-09-01 08:27:00,2025-09-01 08:32:00,M,30~39,office,seoul,0,0,0,0,22,0,0,32,0,0,completed
10010,U0011,2025-09-06 20:56:00,2025-09-06 21:02:00,M,20~29,office,seoul,1,0,0,0,25,0,0,10,0,0,completed
10011,U0012,2025-04-14 15:16:00,2025-04-14 15:21:00,M,20~29,office,seoul,0,0,0,0,21,0,0,40,0,0,completed
10012,U0013,2025-03-15 07:11:00,2025-03-15 07:13:00,M,20~29,office,seoul,1,0,0,0,27,0,0,36,0,0,completed
10013,U0014,2025-11-12 14:37:00,2025-11-12 14:39:00,M,30~39,office,seoul,0,0,0,0,16,0,0,12,0,0,completed
10014,U0015,2025-07-31 11:30:00,2025-07-31 11:32:00,F,50+,office,seoul,0,0,0,0,1,0,0,44,0,0,completed
10015,U0016,2025-04-14 18:33:00,2025-04-14 18:38:00,M,20~29,office,seoul,0,0,0,0,19,0,0,40,0,0,completed
10016,U0017,2025-03-02 09:10:00,2025-03-02 09:12:00,M,30~39,office,seoul,1,0,0,0,2,0,0,31,0,0,completed
10017,U0018,2025-06-15 15:47:00,2025-06-15 15:54:00,F,20~29,office,seoul,1,0,0,0,14,0,0,29,0,0,completed
10018,U0019,2025-02-19 12:08:00,2025-02-19 12:14:00,F,50+,office,seoul,0,0,0,0,16,0,0,18,0,0,completed
10019,U0020,2025-08-31 15:01:00,2025-08-31 15:03:00,F,50+,office,seoul,1,0,0,0,12,0,0,45,0,0,completed
10020,U0021,2025-12-12 09:45:00,2025-12-12 09:52:00,M,20~29,office,seoul,0,0,0,0,9,0,0,15,0,0,completed
10021,U0022,2025-06-13 13:07:00,2025-06-13 13:14:00,F,20~29,office,seoul,0,0,0,0,5,0,0,39,0,0,completed
10022,U0023,2025-12-20 16:04:00,2025-12-20 16:10:00,F,30~39,office,seoul,1,0,0,0,25,0,0,14,0,0,abandoned
10023,U0024,2025-11-09 15:29:00,2025-11-09 15:34:00,F,50+,office,seoul,1,0,0,0,28,0,0,66,0,0,completed
10024,U0025,2025-03-17 08:20:00,2025-03-17 08:26:00,F,20~29,office,seoul,0,0,0,0,5,0,0,18,0,0,abandoned
10025,U0026,2025-07-25 20:57:00,2025-07-25 21:04:00,M,40~49,office,seoul,0,0,0,0,6,0,0,51,0,0,completed
10026,U0027,2025-05-26 19:10:00,2025-05-26 19:12:00,M,20~29,office,seoul,0,0,0,0,8,0,0,52,0,0,completed
10027,U0028,2025-02-10 17:18:00,2025-02-10 17:21:00,F,30~39,office,seoul,0,0,0,0,28,0,0,65,0,0,completed
10028,U0029,2025-04-15 18:35:00,2025-04-15 18:37:00,F,50+,office,seoul,0,0,0,0,23,0,0,16,0,0,completed
10029,U0030,2025-01-29 13:27:00,2025-01-29 13:30:00,M,30~39,office,seoul,0,0,0,0,16,0,0,68,0,0,completed
10030,U0031,2025-04-22 07:16:00,2025-04-22 07:21:00,F,30~39,office,seoul,0,0,0,0,28,0,0,53,0,0,completed
10031,U0032,2025-10-09 09:33:00,2025-10-09 09:37:00,M,20~29,office,seoul,0,0,0,0,17,0,0,54,0,0,completed
10032,U0033,2025-05-29 11:00:00,2025-05-29 11:06:00,M,30~39,office,seoul,0,0,0,0,14,0,0,35,1,0,completed
10033,U0034,2025-07-26 09:12:00,2025-07-26 09:16:00,F,50+,office,seoul,1,0,0,0,3,0,0,35,0,0,completed
10034,U0035,2025-11-05 12:58:00,2025-11-05 13:05:00,F,50+,office,seoul,0,0,0,0,12,0,0,63,0,0,completed
10035,U0036,2025-01-07 11:01:00,2025-01-07 11:07:00,F,40~49,office,seoul,0,0,0,0,9,0,0,46,0,0,completed
10036,U0037,2025-05-12 17:42:00,2025-05-12 17:45:00,F,30~39,office,seoul,0,0,0,0,9,0,0,17,0,0,completed
10037,U0038,2025-02-17 07:14:00,2025-02-17 07:21:00,M,20~29,office,seoul,0,0,0,0,7,0,0,75,0,0,completed
10038,U0039,2025-01-08 17:40:00,2025-01-08 17:47:00,F,50+,office,seoul,0,0,0,0,7,0,0,56,0,0,completed
10039,U0040,2025-09-14 11:00:00,2025-09-14 11:06:00,F,20~29,office,seoul,1,0,0,0,19,0,0,41,0,0,completed
10040,U0041,2025-06-30 16:12:00,2025-06-30 16:15:00,M,20~29,office,seoul,0,0,0,0,6,0,0,24,0,0,completed
10041,U0042,2025-05-09 15:13:00,2025-05-09 15:15:00,F,50+,office,seoul,0,0,0,0,15,0,0,29,0,0,completed
10042,U0043,2025-05-25 09:26:00,2025-05-25 09:31:00,F,40~49,office,seoul,1,0,0,0,24,0,0,14,0,0,completed
10043,U0044,2025-05-20 12:07:00,2025-05-20 12:10:00,M,20~29,office,seoul,0,0,0,0,23,0,0,36,0,0,abandoned
10044,U0045,2025-11-22 15:58:00,2025-11-22 16:01:00,F,20~29,office,seoul,1,0,0,0,8,0,0,11,0,0,completed
10045,U0046,2025-06-14 15:30:00,2025-06-14 15:35:00,F,20~29,office,seoul,1,0,0,0,10,0,0,20,0,0,completed
10046,U0047,2025-11-22 13:17:00,2025-11-22 13:24:00,F,50+,office,seoul,1,0,0,0,7,0,0,79,0,0,completed
10047,U0048,2025-04-24 09:04:00,2025-04-24 09:07:00,F,50+,office,seoul,0,0,0,0,19,0,0,21,0,0,timeout
10048,U0049,2025-09-03 21:14:00,2025-09-03 21:19:00,M,50+,office,seoul,0,0,0,0,19,0,0,61,0,0,completed
10049,U0050,2025-08-13 12:20:00,2025-08-13 12:25:00,M,30~39,office,seoul,0,0,0,0,10,0,0,10,0,0,completed
10050,U0051,2025-02-03 14:44:00,2025-02-03 14:46:00,F,40~49,office,seoul,0,0,0,0,16,0,0,68,0,0,completed
10051,U0052,2025-02-26 08:21:00,2025-02-26 08:24:00,F,40~49,office,seoul,0,0,0,0,26,0,0,43,0,0,completed
10052,U0053,2025-12-06 12:28:00,2025-12-06 12:35:00,F,30~39,office,seoul,1,0,0,0,3,0,0,23,0,0,completed
10053,U0054,2025-09-06 09:57:00,2025-09-06 10:02:00,F,20~29,office,seoul,1,0,0,0,4,0,0,72,0,0,completed
10054,U0055,2025-08-27 19:16:00,2025-08-27 19:21:00,F,30~39,office,seoul,0,0,0,0,16,0,0,14,0,0,completed
10055,U0056,2025-03-13 09:03:00,2025-03-13 09:05:00,F,30~39,office,seoul,0,0,0,0,29,0,0,15,0,0,completed
10056,U0057,2025-04-13 17:42:00,2025-04-13 17:47:00,F,20~29,office,seoul,1,0,0,0,26,0,0,31,0,0,completed
10057,U0058,2025-09-25 08:08:00,2025-09-25 08:13:00,F,50+,office,seoul,0,0,0,0,25,0,0,23,0,0,completed
10058,U0059,2025-05-23 16:31:00,2025-05-23 16:35:00,M,20~29,office,seoul,0,0,0,0,7,0,0,36,0,0,completed
10059,U0060,2025-05-18 12:07:00,2025-05-18 12:11:00,M,30~39,office,seoul,1,0,0,0,14,0,0,69,0,0,completed
10060,U0061,2025-05-16 12:59:00,2025-05-16 13:06:00,M,30~39,office,seoul,0,0,0,0,24,0,0,64,0,0,timeout
10061,U0062,2025-02-03 08:52:00,2025-02-03 08:57:00,M,40~49,office,seoul,0,0,0,0,9,0,0,62,0,0,completed
10062,U0063,2025-12-31 19:28:00,2025-12-31 19:31:00,M,40~49,office,seoul,0,0,0,0,19,0,0,62,0,0,completed
10063,U0064,2025-11-24 08:01:00,2025-11-24 08:08:00,M,20~29,office,seoul,0,0,0,0,4,0,0,67,0,0,completed
10064,U0065,2025-12-10 20:43:00,2025-12-10 20:47:00,F,30~39,office,seoul,0,0,0,0,2,0,0,38,0,0,abandoned
10065,U0066,2025-09-01 12:42:00,2025-09-01 12:49:00,F,20~29,office,seoul,0,0,0,0,1,0,0,29,0,0,completed
10066,U0067,2025-08-30 11:20:00,2025-08-30 11:27:00,F,40~49,office,seoul,1,0,0,0,8,0,0,76,0,0,abandoned
10067,U0068,2025-04-09 16:13:00,2025-04-09 16:19:00,F,30~39,office,seoul,0,0,0,0,24,0,0,22,0,0,completed
10068,U0069,2025-04-13 07:58:00,2025-04-13 08:02:00,M,20~29,office,seoul,1,0,0,0,20,0,0,25,0,0,completed
10069,U0070,2025-08-10 15:06:00,2025-08-10 15:08:00,M,30~39,office,seoul,1,0,0,0,1,0,0,26,0,0,completed
10070,U0071,2025-05-19 15:42:00,2025-05-19 15:44:00,M,30~39,office,seoul,0,0,0,0,21,0,0,56,0,0,completed
10071,U0072,2025-04-23 07:13:00,2025-04-23 07:16:00,M,40~49,office,seoul,0,0,0,0,28,0,0,14,0,0,completed
10072,U0073,2025-04-09 09:40:00,2025-04-09 09:47:00,F,30~39,office,seoul,0,0,0,0,26,0,0,37,0,0,completed
10073,U0074,2025-08-24 07:22:00,2025-08-24 07:27:00,F,20~29,office,seoul,1,0,0,0,20,0,0,55,0,0,completed
10074,U0075,2025-05-01 18:39:00,2025-05-01 18:44:00,F,40~49,office,seoul,0,0,0,0,19,0,0,53,0,0,completed
10075,U0076,2025-10-20 08:52:00,2025-10-20 08:58:00,F,50+,office,seoul,0,0,0,0,12,0,0,55,0,0,completed
10076,U0077,2025-10-03 15:05:00,2025-10-03 15:09:00,F,50+,office,seoul,0,0,0,0,1,0,0,74,0,0,completed
10077,U0078,2025-10-01 18:41:00,2025-10-01 18:43:00,F,50+,office,seoul,0,0,0,0,2,0,0,21,0,0,completed
10078,U0079,2025-12-15 17:57:00,2025-12-15 17:59:00,M,30~39,office,seoul,0,0,0,0,10,0,0,22,0,0,completed
10079,U0080,2025-09-04 14:58:00,2025-09-04 15:04:00,M,30~39,office,seoul,0,0,0,0,28,0,0,46,0,0,completed
10080,U0081,2025-10-01 20:07:00,2025-10-01 20:10:00,F,20~29,office,seoul,0,0,0,0,26,0,0,35,0,0,completed
10081,U0082,2025-12-17 07:57:00,2025-12-17 08:00:00,M,40~49,office,seoul,0,0,0,0,1,0,0,76,0,0,completed
10082,U0083,2025-10-06 11:31:00,2025-10-06 11:37:00,F,30~39,office,seoul,0,0,0,0,1,0,0,49,0,0,completed
10083,U0084,2025-06-29 17:42:00,2025-06-29 17:44:00,F,50+,office,seoul,1,0,0,0,14,0,0,64,0,0,completed
10084,U0085,2025-09-09 08:28:00,2025-09-09 08:32:00,F,50+,office,seoul,0,0,0,0,23,0,0,62,0,0,completed
10085,U0086,2025-10-21 07:27:00,2025-10-21 07:34:00,M,20~29,office,seoul,0,0,0,0,29,0,0,18,0,0,completed
10086,U0087,2025-05-07 20:42:00,2025-05-07 20:48:00,F,20~29,office,seoul,0,0,0,0,22,0,0,58,0,0,completed
10087,U0088,2025-01-08 08:41:00,2025-01-08 08:44:00,M,50+,office,seoul,0,0,0,0,6,0,0,23,0,0,completed
10088,U0089,2025-09-15 12:54:00,2025-09-15 12:58:00,F,40~49,office,seoul,0,0,0,0,15,0,0,31,0,0,error
10089,U0090,2025-02-26 18:01:00,2025-02-26 18:08:00,M,30~39,office,seoul,0,0,0,0,9,0,0,48,0,0,completed
10090,U0091,2025-12-24 09:10:00,2025-12-24 09:15:00,F,40~49,office,seoul,0,0,0,0,21,0,0,10,0,0,completed
10091,U0092,2025-11-14 17:08:00,2025-11-14 17:11:00,M,20~29,office,seoul,0,0,0,0,29,0,0,10,0,0,completed
10092,U0093,2025-05-01 17:39:00,2025-05-01 17:46:00,M,30~39,office,seoul,0,0,0,0,2,0,0,46,0,0,abandoned
10093,U0094,2025-08-04 08:05:00,2025-08-04 08:08:00,M,50+,office,seoul,0,0,0,0,2,0,0,66,0,0,completed
10094,U0095,2025-04-24 08:26:00,2025-04-24 08:32:00,M,30~39,office,seoul,0,0,0,0,20,0,0,27,0,0,completed
10095,U0096,2025-05-20 22:54:00,2025-05-20 23:01:00,F,20~29,office,seoul,0,0,0,0,24,0,0,29,0,0,completed
10096,U0097,2025-12-20 13:23:00,2025-12-20 13:30:00,F,20~29,office,seoul,1,0,0,0,2,0,0,56,0,0,completed
10097,U0098,2025-09-08 14:25:00,2025-09-08 14:31:00,F,30~39,office,seoul,0,0,0,0,22,0,0,43,0,0,completed
10098,U0099,2025-07-16 12:33:00,2025-07-16 12:37:00,M,40~49,office,seoul,0,0,0,0,27,0,0,70,0,0,completed
10099,U0100,2025-06-06 17:43:00,2025-06-06 17:47:00,F,20~29,office,seoul,0,0,0,0,6,0,0,70,0,0,timeout
10100,U0101,2025-02-24 12:49:00,2025-02-24 12:55:00,F,40~49,office,seoul,0,0,0,0,26,0,0,64,1,0,completed
10101,U0102,2025-11-10 15:04:00,2025-11-10 15:06:00,F,40~49,office,seoul,0,0,0,0,0,0,0,53,0,0,completed
10102,U0103,2025-04-17 19:45:00,2025-04-17 19:49:00,M,40~49,office,seoul,0,0,0,0,8,0,0,59,0,0,completed
10103,U0104,2025-05-12 15:14:00,2025-05-12 15:21:00,F,20~29,office,seoul,0,0,0,0,28,0,0,37,0,0,completed
10104,U0105,2025-12-16 18:47:00,2025-12-16 18:51:00,M,30~39,office,seoul,0,0,0,0,16,0,0,56,0,0,completed
10105,U0106,2025-10-17 08:13:00,2025-10-17 08:18:00,F,30~39,office,seoul,0,0,0,0,12,0,0,34,1,0,completed
10106,U0107,2025-03-17 11:59:00,2025-03-17 12:04:00,M,30~39,office,seoul,0,0,0,0,5,0,0,62,0,0,completed
10107,U0108,2025-02-20 19:37:00,2025-02-20 19:44:00,F,30~39,office,seoul,0,0,0,0,14,0,0,33,1,0,completed
10108,U0109,2025-08-22 15:51:00,2025-08-22 15:55:00,F,50+,office,seoul,0,0,0,0,15,0,0,79,0,0,completed
10109,U0110,2025-12-25 09:49:00,2025-12-25 09:52:00,F,30~39,office,seoul,0,0,0,0,4,0,0,78,0,0,completed
10110,U0111,2025-08-25 11:07:00,2025-08-25 11:10:00,F,30~39,office,seoul,0,0,0,0,29,0,0,47,0,0,completed
10111,U0112,2025-09-02 15:45:00,2025-09-02 15:48:00,M,30~39,office,seoul,0,0,0,0,26,0,0,57,0,0,completed
10112,U0113,2025-03-07 20:40:00,2025-03-07 20:46:00,M,30~39,office,seoul,0,0,0,0,16,0,0,50,0,0,completed
10113,U0114,2025-02-21 22:13:00,2025-02-21 22:15:00,F,20~29,office,seoul,0,0,0,0,15,0,0,35,0,0,completed
10114,U0115,2025-12-08 15:20:00,2025-12-08 15:22:00,F,30~39,office,seoul,0,0,0,0,1,0,0,20,0,0,completed
10115,U0116,2025-12-28 16:10:00,2025-12-28 16:13:00,M,40~49,office,seoul,1,0,0,0,1,0,0,22,0,0,completed
10116,U0117,2025-09-30 19:30:00,2025-09-30 19:32:00,F,20~29,office,seoul,0,0,0,0,4,0,0,45,0,0,completed
10117,U0118,2025-09-13 17:16:00,2025-09-13 17:22:00,F,30~39,office,seoul,1,0,0,0,21,0,0,75,0,0,completed
10118,U0119,2025-09-24 08:12:00,2025-09-24 08:16:00,F,40~49,office,seoul,0,0,0,0,16,0,0,69,0,0,completed
10119,U0120,2025-11-28 20:21:00,2025-11-28 20:28:00,F,30~39,office,seoul,0,0,0,0,2,0,0,59,0,0,completed
10120,U0121,2025-02-09 12:52:00,2025-02-09 12:59:00,F,40~49,office,seoul,1,0,0,0,26,0,0,65,0,0,completed
10121,U0122,2025-04-11 09:36:00,2025-04-11 09:38:00,F,30~39,office,seoul,0,0,0,0,13,0,0,66,0,0,completed
10122,U0123,2025-06-05 09:21:00,2025-06-05 09:24:00,M,30~39,office,seoul,0,0,0,0,16,0,0,13,0,0,completed
10123,U0124,2025-02-01 08:06:00,2025-02-01 08:12:00,F,30~39,office,seoul,1,0,0,0,8,0,0,65,0,0,completed
10124,U0125,2025-02-15 13:29:00,2025-02-15 13:34:00,M,50+,office,seoul,1,0,0,0,19,0,0,49,0,0,completed
10125,U0126,2025-06-05 12:19:00,2025-06-05 12:22:00,F,50+,office,seoul,0,0,0,0,27,0,0,45,0,1,completed
10126,U0127,2025-06-07 12:20:00,2025-06-07 12:27:00,F,50+,office,seoul,1,0,0,0,8,0,0,24,0,0,abandoned
10127,U0128,2025-02-28 14:20:00,2025-02-28 14:25:00,M,20~29,office,seoul,0,0,0,0,18,0,0,19,0,0,completed
10128,U0129,2025-01-11 19:37:00,2025-01-11 19:43:00,F,50+,office,seoul,1,0,0,0,22,0,0,60,0,0,completed
10129,U0130,2025-05-22 09:01:00,2025-05-22 09:08:00,F,20~29,office,seoul,0,0,0,0,3,0,0,35,0,0,completed
10130,U0131,2025-01-17 08:19:00,2025-01-17 08:25:00,F,20~29,office,seoul,0,0,0,0,8,0,0,27,0,0,completed
10131,U0132,2025-02-05 12:11:00,2025-02-05 12:17:00,F,40~49,office,seoul,0,0,0,0,23,0,0,58,0,0,completed
10132,U0133,2025-06-11 17:44:00,2025-06-11 17:48:00,M,30~39,office,seoul,0,0,0,0,4,0,0,33,1,0,completed
10133,U0134,2025-11-13 15:00:00,2025-11-13 15:03:00,M,20~29,office,seoul,0,0,0,0,15,0,0,15,0,0,completed
10134,U0135,2025-09-25 09:04:00,2025-09-25 09:09:00,M,50+,office,seoul,0,0,0,0,6,0,0,23,0,0,timeout
10135,U0136,2025-08-04 15:37:00,2025-08-04 15:41:00,M,20~29,office,seoul,0,0,0,0,11,0,0,36,0,0,completed
10136,U0137,2025-04-29 12:54:00,2025-04-29 12:59:00,M,30~39,office,seoul,0,0,0,0,28,0,0,29,0,0,completed
10137,U0138,2025-08-29 08:08:00,2025-08-29 08:10:00,F,20~29,office,seoul,0,0,0,0,9,0,0,42,0,0,completed
10138,U0139,2025-11-04 09:04:00,2025-11-04 09:09:00,M,20~29,office,seoul,0,0,0,0,10,0,0,68,0,0,completed
10139,U0140,2025-07-10 17:26:00,2025-07-10 17:32:00,M,20~29,office,seoul,0,0,0,0,17,0,0,62,0,0,timeout
10140,U0141,2025-08-13 14:26:00,2025-08-13 14:30:00,F,40~49,office,seoul,0,0,0,0,14,0,0,57,1,0,completed
10141,U0142,2025-01-11 09:23:00,2025-01-11 09:30:00,F,50+,office,seoul,1,0,0,0,17,0,0,33,0,0,completed
10142,U0143,2025-09-29 17:15:00,2025-09-29 17:22:00,F,20~29,office,seoul,0,0,0,0,14,0,0,53,0,0,completed
10143,U0144,2025-04-30 17:29:00,2025-04-30 17:35:00,M,40~49,office,seoul,0,0,0,0,0,0,0,71,0,0,completed
10144,U0145,2025-05-18 07:37:00,2025-05-18 07:44:00,M,50+,office,seoul,1,0,0,0,6,0,0,10,0,0,completed
10145,U0146,2025-09-07 13:35:00,2025-09-07 13:42:00,F,50+,office,seoul,1,0,0,0,6,0,0,71,0,0,completed
10146,U0147,2025-04-07 07:58:00,2025-04-07 08:00:00,F,30~39,office,seoul,0,0,0,0,22,0,0,28,0,0,completed
10147,U0148,2025-11-29 09:04:00,2025-11-29 09:11:00,F,20~29,office,seoul,1,0,0,0,1,0,0,29,0,0,completed
10148,U0149,2025-05-04 12:36:00,2025-05-04 12:39:00,M,40~49,office,seoul,1,0,0,0,17,0,0,18,0,0,completed
10149,U0150,2025-10-15 15:43:00,2025-10-15 15:47:00,F,30~39,office,seoul,0,0,0,0,24,0,0,32,0,0,completed
10150,U0151,2025-11-26 08:50:00,2025-11-26 08:57:00,F,40~49,office,seoul,0,0,0,0,16,0,0,46,0,0,completed
10151,U0152,2025-07-11 15:09:00,2025-07-11 15:16:00,M,30~39,office,seoul,0,0,0,0,27,0,0,60,0,0,completed
10152,U0153,2025-10-21 07:20:00,2025-10-21 07:24:00,M,30~39,office,seoul,0,0,0,0,25,0,0,20,0,0,completed
10153,U0154,2025-08-04 17:06:00,2025-08-04 17:08:00,F,20~29,office,seoul,0,0,0,0,1,0,0,37,0,0,completed
10154,U0155,2025-03-19 12:38:00,2025-03-19 12:45:00,M,20~29,office,seoul,0,0,0,0,9,0,0,12,0,0,completed
10155,U0156,2025-06-19 12:03:00,2025-06-19 12:10:00,M,50+,office,seoul,0,0,0,0,29,0,0,36,0,0,abandoned
10156,U0157,2025-08-26 17:03:00,2025-08-26 17:08:00,F,20~29,office,seoul,0,0,0,0,16,0,0,70,0,0,completed
10157,U0158,2025-04-13 16:40:00,2025-04-13 16:43:00,F,30~39,office,seoul,1,0,0,0,26,0,0,69,0,0,completed
10158,U0159,2025-12-17 17:11:00,2025-12-17 17:17:00,F,20~29,office,seoul,0,0,0,0,26,0,0,72,0,0,completed
10159,U0160,2025-12-02 14:49:00,2025-12-02 14:51:00,M,50+,office,seoul,0,0,0,0,26,0,0,37,0,0,completed
10160,U0161,2025-01-09 14:28:00,2025-01-09 14:34:00,F,50+,office,seoul,0,0,0,0,20,0,0,41,0,0,completed
10161,U0162,2025-07-31 12:56:00,2025-07-31 13:01:00,F,30~39,office,seoul,0,0,0,0,24,0,0,71,0,0,abandoned
10162,U0163,2025-09-23 13:34:00,2025-09-23 13:37:00,F,20~29,office,seoul,0,0,0,0,29,0,0,62,0,0,timeout
10163,U0164,2025-04-14 15:14:00,2025-04-14 15:17:00,M,20~29,office,seoul,0,0,0,0,29,0,0,59,0,0,abandoned
10164,U0165,2025-06-10 21:17:00,2025-06-10 21:23:00,M,40~49,office,seoul,0,0,0,0,5,0,0,52,0,0,error
10165,U0166,2025-12-30 07:27:00,2025-12-30 07:34:00,F,30~39,office,seoul,0,0,0,0,17,0,0,56,0,0,completed
10166,U0167,2025-03-13 09:35:00,2025-03-13 09:38:00,F,30~39,office,seoul,0,0,0,0,19,0,0,48,0,0,abandoned
10167,U0168,2025-05-18 12:19:00,2025-05-18 12:22:00,F,40~49,office,seoul,1,0,0,0,21,0,0,21,0,0,completed
10168,U0169,2025-05-15 12:40:00,2025-05-15 12:46:00,F,50+,office,seoul,0,0,0,0,26,0,0,65,0,0,abandoned
10169,U0170,2025-05-01 07:13:00,2025-05-01 07:17:00,F,30~39,office,seoul,0,0,0,0,8,0,0,34,0,0,completed
10170,U0171,2025-01-25 07:46:00,2025-01-25 07:52:00,F,20~29,office,seoul,1,0,0,0,0,0,0,20,0,0,completed
10171,U0172,2025-10-22 09:56:00,2025-10-22 10:03:00,M,20~29,office,seoul,0,0,0,0,20,0,0,29,0,0,completed
10172,U0173,2025-03-15 18:39:00,2025-03-15 18:41:00,M,50+,office,seoul,1,0,0,0,19,0,0,21,0,0,completed
10173,U0174,2025-07-04 14:44:00,2025-07-04 14:49:00,M,30~39,office,seoul,0,0,0,0,22,0,0,65,1,0,completed
10174,U0175,2025-10-16 12:35:00,2025-10-16 12:42:00,F,20~29,office,seoul,0,0,0,0,21,0,0,38,0,0,completed
10175,U0176,2025-11-19 20:31:00,2025-11-19 20:37:00,M,30~39,office,seoul,0,0,0,0,11,0,0,34,1,0,completed
10176,U0177,2025-01-13 09:33:00,2025-01-13 09:39:00,M,20~29,office,seoul,0,0,0,0,29,0,0,74,0,0,completed
10177,U0178,2025-04-08 19:19:00,2025-04-08 19:26:00,F,30~39,office,seoul,0,0,0,0,27,0,0,60,0,0,completed
10178,U0179,2025-02-03 08:08:00,2025-02-03 08:11:00,F,20~29,office,seoul,0,0,0,0,14,0,0,55,0,0,completed
10179,U0180,2025-07-09 12:18:00,2025-07-09 12:24:00,F,50+,office,seoul,0,0,0,0,19,0,0,41,0,0,completed
10180,U0181,2025-12-15 18:08:00,2025-12-15 18:12:00,M,20~29,office,seoul,0,0,0,0,25,0,0,16,0,0,completed
10181,U0182,2025-06-15 21:57:00,2025-06-15 21:59:00,M,20~29,office,seoul,1,0,0,0,11,0,0,57,0,0,completed
10182,U0183,2025-05-29 14:18:00,2025-05-29 14:23:00,F,40~49,office,seoul,0,0,0,0,20,0,0,14,0,0,completed
10183,U0184,2025-04-03 14:05:00,2025-04-03 14:07:00,M,30~39,office,seoul,0,0,0,0,2,0,0,34,0,0,error
10184,U0185,2025-06-24 11:20:00,2025-06-24 11:25:00,M,30~39,office,seoul,0,0,0,0,24,0,0,34,0,0,completed
10185,U0186,2025-08-02 09:59:00,2025-08-02 10:06:00,F,40~49,office,seoul,1,0,0,0,22,0,0,18,0,1,error
10186,U0187,2025-11-06 18:03:00,2025-11-06 18:06:00,M,20~29,office,seoul,0,0,0,0,29,0,0,20,0,0,abandoned
10187,U0188,2025-06-21 11:31:00,2025-06-21 11:34:00,F,30~39,office,seoul,1,0,0,0,25,0,0,70,0,0,completed
10188,U0189,2025-05-17 15:06:00,2025-05-17 15:11:00,F,20~29,office,seoul,1,0,0,0,2,0,0,69,0,0,completed
10189,U0190,2025-10-27 09:13:00,2025-10-27 09:17:00,M,40~49,office,seoul,0,0,0,0,0,0,0,46,0,0,abandoned
10190,U0191,2025-11-16 12:42:00,2025-11-16 12:45:00,M,20~29,office,seoul,1,0,0,0,21,0,0,67,0,0,completed
10191,U0192,2025-09-24 14:36:00,2025-09-24 14:38:00,F,30~39,office,seoul,0,0,0,0,19,0,0,30,0,0,abandoned
10192,U0193,2025-04-03 09:42:00,2025-04-03 09:47:00,M,20~29,office,seoul,0,0,0,0,15,0,0,20,0,0,timeout
10193,U0194,2025-03-20 13:39:00,2025-03-20 13:44:00,M,50+,office,seoul,0,0,0,0,29,0,0,77,0,0,completed
10194,U0195,2025-08-15 08:22:00,2025-08-15 08:24:00,F,30~39,office,seoul,0,0,0,0,21,0,0,13,0,0,completed
10195,U0196,2025-07-18 16:52:00,2025-07-18 16:58:00,F,30~39,office,seoul,0,0,0,0,25,0,0,42,0,0,completed
10196,U0197,2025-01-15 16:52:00,2025-01-15 16:54:00,F,20~29,office,seoul,0,0,0,0,18,0,0,37,0,0,completed
10197,U0198,2025-11-05 13:55:00,2025-11-05 14:02:00,F,30~39,office,seoul,0,0,0,0,19,0,0,11,0,0,completed
10198,U0199,2025-11-14 09:24:00,2025-11-14 09:30:00,F,30~39,office,seoul,0,0,0,0,13,0,0,42,0,0,completed
10199,U0200,2025-08-04 08:09:00,2025-08-04 08:11:00,M,20~29,office,seoul,0,0,0,0,22,0,0,25,0,0,completed
10200,U0201,2025-11-18 14:19:00,2025-11-18 14:24:00,M,50+,office,seoul,0,0,0,0,24,0,0,51,0,0,completed
10201,U0202,2025-06-18 17:17:00,2025-06-18 17:21:00,F,20~29,office,seoul,0,0,0,0,25,0,0,50,0,0,completed
10202,U0203,2025-09-08 09:22:00,2025-09-08 09:28:00,F,20~29,office,seoul,0,0,0,0,2,0,0,12,0,0,completed
10203,U0204,2025-07-10 12:19:00,2025-07-10 12:21:00,M,40~49,office,seoul,0,0,0,0,27,0,0,78,0,0,completed
10204,U0205,2025-09-25 21:04:00,2025-09-25 21:11:00,F,30~39,office,seoul,0,0,0,0,8,0,0,68,0,0,completed
10205,U0206,2025-08-24 14:58:00,2025-08-24 15:00:00,F,50+,office,seoul,1,0,0,0,27,0,0,51,0,0,completed
10206,U0207,2025-05-09 19:14:00,2025-05-09 19:19:00,M,30~39,office,seoul,0,0,0,0,2,0,0,27,0,0,completed
10207,U0208,2025-02-24 09:44:00,2025-02-24 09:46:00,M,20~29,office,seoul,0,0,0,0,25,0,0,18,0,0,completed
10208,U0209,2025-03-15 13:52:00,2025-03-15 13:55:00,F,20~29,office,seoul,1,0,0,0,9,0,0,10,0,0,completed
10209,U0210,2025-02-18 08:45:00,2025-02-18 08:47:00,M,20~29,office,seoul,0,0,0,0,27,0,0,48,0,0,completed
10210,U0211,2025-11-10 14:21:00,2025-11-10 14:27:00,M,20~29,office,seoul,0,0,0,0,17,0,0,14,0,0,completed
10211,U0212,2025-08-31 19:01:00,2025-08-31 19:08:00,F,20~29,office,seoul,1,0,0,0,25,0,0,45,0,0,completed
10212,U0213,2025-09-28 11:22:00,2025-09-28 11:26:00,M,30~39,office,seoul,1,0,0,0,10,0,0,27,0,0,completed
10213,U0214,2025-10-28 20:50:00,2025-10-28 20:54:00,F,50+,office,seoul,0,0,0,0,5,0,0,10,0,0,completed
10214,U0215,2025-06-23 09:01:00,2025-06-23 09:04:00,F,50+,office,seoul,0,0,0,0,2,0,0,58,0,0,completed
10215,U0216,2025-07-28 15:55:00,2025-07-28 16:02:00,F,40~49,office,seoul,0,0,0,0,26,0,0,17,0,0,completed
10216,U0217,2025-04-18 14:13:00,2025-04-18 14:17:00,F,30~39,office,seoul,0,0,0,0,22,0,0,47,0,0,completed
10217,U0218,2025-01-19 20:52:00,2025-01-19 20:54:00,F,30~39,office,seoul,1,0,0,0,28,0,0,65,0,0,completed
10218,U0219,2025-08-23 15:35:00,2025-08-23 15:41:00,F,20~29,office,seoul,1,0,0,0,29,0,0,46,0,0,completed
10219,U0220,2025-11-24 15:58:00,2025-11-24 16:01:00,F,20~29,office,seoul,0,0,0,0,12,0,0,15,0,0,completed
10220,U0221,2025-10-11 17:41:00,2025-10-11 17:48:00,F,30~39,office,seoul,1,0,0,0,24,0,0,47,0,0,completed
10221,U0222,2025-09-01 12:48:00,2025-09-01 12:54:00,F,20~29,office,seoul,0,0,0,0,23,0,0,53,0,0,completed
10222,U0223,2025-08-31 09:04:00,2025-08-31 09:06:00,M,50+,office,seoul,1,0,0,0,2,0,0,33,0,0,completed
10223,U0224,2025-11-23 12:42:00,2025-11-23 12:47:00,M,30~39,office,seoul,1,0,0,0,4,0,0,29,0,0,completed
10224,U0225,2025-02-07 17:56:00,2025-02-07 18:02:00,M,30~39,office,seoul,0,0,0,0,18,0,0,50,0,0,abandoned
10225,U0226,2025-10-17 18:17:00,2025-10-17 18:22:00,M,30~39,office,seoul,0,0,0,0,27,0,0,36,0,0,completed
10226,U0227,2025-07-09 11:47:00,2025-07-09 11:51:00,M,20~29,office,seoul,0,0,0,0,23,0,0,26,0,0,timeout
10227,U0228,2025-07-10 13:30:00,2025-07-10 13:32:00,M,20~29,office,seoul,0,0,0,0,26,0,0,27,0,0,completed
10228,U0229,2025-05-28 09:15:00,2025-05-28 09:18:00,M,20~29,office,seoul,0,0,0,0,6,0,0,71,0,0,completed
10229,U0230,2025-07-18 12:35:00,2025-07-18 12:38:00,F,20~29,office,seoul,0,0,0,0,10,0,0,17,0,1,completed
10230,U0231,2025-11-14 13:09:00,2025-11-14 13:14:00,F,40~49,office,seoul,0,0,0,0,1,0,0,76,1,0,completed
10231,U0232,2025-07-06 11:38:00,2025-07-06 11:43:00,M,40~49,office,seoul,1,0,0,0,10,0,0,58,0,0,completed
10232,U0233,2025-02-19 14:29:00,2025-02-19 14:34:00,F,30~39,office,seoul,0,0,0,0,12,0,0,26,0,0,completed
10233,U0234,2025-05-03 14:37:00,2025-05-03 14:41:00,F,30~39,office,seoul,1,0,0,0,21,0,0,58,1,0,completed
10234,U0235,2025-07-11 15:35:00,2025-07-11 15:40:00,F,20~29,office,seoul,0,0,0,0,21,0,0,33,0,0,completed
10235,U0236,2025-03-19 13:54:00,2025-03-19 13:57:00,F,50+,office,seoul,0,0,0,0,21,0,0,34,1,0,completed
10236,U0237,2025-02-12 19:15:00,2025-02-12 19:19:00,F,40~49,office,seoul,0,0,0,0,26,0,0,54,1,0,completed
10237,U0238,2025-09-21 16:16:00,2025-09-21 16:20:00,F,30~39,office,seoul,1,0,0,0,1,0,0,64,0,0,abandoned
10238,U0239,2025-04-23 20:05:00,2025-04-23 20:07:00,M,30~39,office,seoul,0,0,0,0,4,0,0,79,0,0,completed
10239,U0240,2025-07-03 19:42:00,2025-07-03 19:46:00,F,20~29,office,seoul,0,0,0,0,8,0,0,59,0,0,completed
10240,U0241,2025-06-15 17:34:00,2025-06-15 17:39:00,F,50+,office,seoul,1,0,0,0,23,0,0,32,0,0,completed
10241,U0242,2025-02-11 07:55:00,2025-02-11 07:58:00,F,40~49,office,seoul,0,0,0,0,17,0,0,10,0,0,completed
10242,U0243,2025-04-10 21:45:00,2025-04-10 21:48:00,F,30~39,office,seoul,0,0,0,0,2,0,0,13,0,0,completed
10243,U0244,2025-06-03 17:34:00,2025-06-03 17:37:00,F,30~39,office,seoul,0,0,0,0,17,0,0,60,0,0,completed
10244,U0245,2025-06-16 08:33:00,2025-06-16 08:36:00,F,20~29,office,seoul,0,0,0,0,22,0,0,28,1,0,completed
10245,U0246,2025-06-15 15:09:00,2025-06-15 15:15:00,F,20~29,office,seoul,1,0,0,0,7,0,0,13,0,0,error
10246,U0247,2025-10-18 14:14:00,2025-10-18 14:19:00,F,40~49,office,seoul,1,0,0,0,20,0,0,36,0,0,abandoned
10247,U0248,2025-05-15 07:14:00,2025-05-15 07:17:00,F,40~49,office,seoul,0,0,0,0,17,0,0,72,0,0,completed
10248,U0249,2025-01-31 14:39:00,2025-01-31 14:46:00,F,40~49,office,seoul,0,0,0,0,20,0,0,27,0,0,completed
10249,U0250,2025-05-27 15:06:00,2025-05-27 15:12:00,F,20~29,office,seoul,0,0,0,0,20,0,0,17,0,0,completed
10250,U0251,2025-12-31 16:44:00,2025-12-31 16:51:00,F,30~39,office,seoul,0,0,0,0,10,0,0,17,0,0,completed
10251,U0252,2025-08-18 11:30:00,2025-08-18 11:34:00,F,50+,office,seoul,0,0,0,0,8,0,0,41,0,0,completed
10252,U0253,2025-09-05 16:48:00,2025-09-05 16:52:00,M,50+,office,seoul,0,0,0,0,15,0,0,47,0,0,completed
10253,U0254,2025-04-20 08:15:00,2025-04-20 08:17:00,M,40~49,office,seoul,1,0,0,0,20,0,0,14,0,0,completed
10254,U0255,2025-08-23 12:06:00,2025-08-23 12:09:00,M,50+,office,seoul,1,0,0,0,24,0,0,69,0,0,completed
10255,U0256,2025-03-19 08:36:00,2025-03-19 08:38:00,F,40~49,office,seoul,0,0,0,0,0,0,0,16,0,0,completed
10256,U0257,2025-10-28 07:26:00,2025-10-28 07:28:00,M,40~49,office,seoul,0,0,0,0,23,0,0,60,0,0,completed
10257,U0258,2025-04-01 16:27:00,2025-04-01 16:31:00,F,20~29,office,seoul,0,0,0,0,14,0,0,41,0,0,completed
10258,U0259,2025-12-03 13:23:00,2025-12-03 13:26:00,F,20~29,office,seoul,0,0,0,0,20,0,0,76,0,0,completed
10259,U0260,2025-04-06 12:43:00,2025-04-06 12:48:00,F,40~49,office,seoul,1,0,0,0,14,0,0,69,0,0,completed
10260,U0261,2025-01-16 17:43:00,2025-01-16 17:47:00,F,20~29,office,seoul,0,0,0,0,4,0,0,69,0,0,completed
10261,U0262,2025-03-03 15:31:00,2025-03-03 15:38:00,F,40~49,office,seoul,0,0,0,0,0,0,0,44,0,0,abandoned
10262,U0263,2025-01-25 09:52:00,2025-01-25 09:56:00,F,20~29,office,seoul,1,0,0,0,4,0,0,46,0,0,completed
10263,U0264,2025-09-30 09:12:00,2025-09-30 09:19:00,F,50+,office,seoul,0,0,0,0,27,0,0,74,0,0,completed
10264,U0265,2025-09-11 13:02:00,2025-09-11 13:04:00,M,20~29,office,seoul,0,0,0,0,19,0,0,30,0,0,completed
10265,U0266,2025-12-09 07:05:00,2025-12-09 07:11:00,F,20~29,office,seoul,0,0,0,0,26,0,0,69,0,0,completed
10266,U0267,2025-07-10 21:39:00,2025-07-10 21:45:00,F,50+,office,seoul,0,0,0,0,10,0,0,57,0,0,completed
10267,U0268,2025-08-19 14:32:00,2025-08-19 14:34:00,F,50+,office,seoul,0,0,0,0,5,0,0,79,0,0,completed
10268,U0269,2025-02-02 16:01:00,2025-02-02 16:03:00,M,30~39,office,seoul,1,0,0,0,26,0,0,39,0,0,completed
10269,U0270,2025-05-21 14:35:00,2025-05-21 14:39:00,F,40~49,office,seoul,0,0,0,0,4,0,0,42,0,1,completed
10270,U0271,2025-12-25 18:23:00,2025-12-25 18:27:00,F,40~49,office,seoul,0,0,0,0,26,0,0,38,0,0,completed
10271,U0272,2025-02-19 15:59:00,2025-02-19 16:02:00,M,30~39,office,seoul,0,0,0,0,12,0,0,66,0,0,completed
10272,U0273,2025-01-01 14:14:00,2025-01-01 14:17:00,F,20~29,office,seoul,0,0,0,0,28,0,0,67,0,0,completed
10273,U0274,2025-02-06 13:01:00,2025-02-06 13:05:00,F,20~29,office,seoul,0,0,0,0,4,0,0,79,0,0,completed
10274,U0275,2025-09-19 07:08:00,2025-09-19 07:13:00,M,30~39,office,seoul,0,0,0,0,11,0,0,24,0,0,completed
10275,U0276,2025-04-11 09:53:00,2025-04-11 09:56:00,M,50+,office,seoul,0,0,0,0,21,0,0,18,0,0,completed
10276,U0277,2025-04-28 09:37:00,2025-04-28 09:44:00,M,40~49,office,seoul,0,0,0,0,15,0,0,21,0,0,completed
10277,U0278,2025-05-01 15:31:00,2025-05-01 15:37:00,F,50+,office,seoul,0,0,0,0,7,0,0,61,0,0,completed
10278,U0279,2025-06-24 16:05:00,2025-06-24 16:11:00,F,50+,office,seoul,0,0,0,0,13,0,0,51,0,0,completed
10279,U0280,2025-01-30 07:38:00,2025-01-30 07:44:00,F,30~39,office,seoul,0,0,0,0,5,0,0,52,0,0,completed
10280,U0281,2025-11-04 19:53:00,2025-11-04 19:59:00,F,30~39,office,seoul,0,0,0,0,10,0,0,19,0,0,completed
10281,U0282,2025-03-21 13:33:00,2025-03-21 13:39:00,F,40~49,office,seoul,0,0,0,0,19,0,0,14,0,0,completed
10282,U0283,2025-11-27 19:24:00,2025-11-27 19:31:00,F,20~29,office,seoul,0,0,0,0,28,0,0,31,0,0,completed
10283,U0284,2025-03-14 15:04:00,2025-03-14 15:07:00,F,20~29,office,seoul,0,0,0,0,18,0,0,44,0,0,completed
10284,U0285,2025-06-05 08:56:00,2025-06-05 08:59:00,F,20~29,office,seoul,0,0,0,0,3,0,0,71,0,0,completed
10285,U0286,2025-04-26 12:11:00,2025-04-26 12:13:00,F,30~39,office,seoul,1,0,0,0,5,0,0,37,0,0,completed
10286,U0287,2025-03-01 15:49:00,2025-03-01 15:53:00,M,20~29,office,seoul,1,0,0,0,21,0,0,10,0,0,completed
10287,U0288,2025-06-13 17:26:00,2025-06-13 17:30:00,F,20~29,office,seoul,0,0,0,0,23,0,0,38,0,0,completed
10288,U0289,2025-06-27 21:58:00,2025-06-27 22:00:00,F,30~39,office,seoul,0,0,0,0,11,0,0,13,0,0,completed
10289,U0290,2025-06-16 20:08:00,2025-06-16 20:11:00,F,30~39,office,seoul,0,0,0,0,13,0,0,43,0,0,completed
10290,U0291,2025-05-29 15:29:00,2025-05-29 15:35:00,F,50+,office,seoul,0,0,0,0,20,0,0,20,1,0,completed
10291,U0292,2025-12-25 20:15:00,2025-12-25 20:22:00,M,50+,office,seoul,0,0,0,0,20,0,0,57,1,0,completed
10292,U0293,2025-01-13 17:40:00,2025-01-13 17:44:00,F,20~29,office,seoul,0,0,0,0,3,0,0,53,0,0,completed
10293,U0294,2025-11-19 12:18:00,2025-11-19 12:22:00,M,30~39,office,seoul,0,0,0,0,7,0,0,45,0,0,completed
10294,U0295,2025-07-12 17:46:00,2025-07-12 17:53:00,F,40~49,office,seoul,1,0,0,0,3,0,0,18,0,0,completed
10295,U0296,2025-03-16 11:01:00,2025-03-16 11:07:00,M,20~29,office,seoul,1,0,0,0,21,0,0,71,0,0,completed
10296,U0297,2025-08-09 13:56:00,2025-08-09 13:59:00,M,20~29,office,seoul,1,0,0,0,12,0,0,14,0,0,completed
10297,U0298,2025-06-06 15:16:00,2025-06-06 15:19:00,M,20~29,office,seoul,0,0,0,0,2,0,0,67,0,0,completed
10298,U0299,2025-11-18 16:18:00,2025-11-18 16:25:00,F,30~39,office,seoul,0,0,0,0,2,0,0,30,0,0,completed
10299,U0300,2025-07-26 18:03:00,2025-07-26 18:06:00,F,30~39,office,seoul,1,0,0,0,28,0,0,27,0,0,completed
10300,U0301,2025-09-02 11:05:00,2025-09-02 11:08:00,M,40~49,office,seoul,0,0,0,0,27,0,0,36,0,0,abandoned
10301,U0302,2025-02-02 16:01:00,2025-02-02 16:04:00,F,20~29,office,seoul,1,0,0,0,22,0,0,30,0,0,completed
10302,U0303,2025-03-13 12:29:00,2025-03-13 12:31:00,F,40~49,office,seoul,0,0,0,0,29,0,0,51,0,0,completed
10303,U0304,2025-07-09 14:54:00,2025-07-09 14:59:00,F,20~29,office,seoul,0,0,0,0,21,0,0,22,0,0,completed
10304,U0305,2025-10-06 20:29:00,2025-10-06 20:31:00,F,30~39,office,seoul,0,0,0,0,17,0,0,56,0,0,completed
10305,U0306,2025-05-12 17:27:00,2025-05-12 17:32:00,F,20~29,office,seoul,0,0,0,0,0,0,0,26,0,0,completed
10306,U0307,2025-05-19 20:30:00,2025-05-19 20:33:00,F,50+,office,seoul,0,0,0,0,15,0,0,67,0,0,completed
10307,U0308,2025-11-02 08:20:00,2025-11-02 08:27:00,F,30~39,office,seoul,1,0,0,0,18,0,0,78,0,0,completed
10308,U0309,2025-06-01 18:57:00,2025-06-01 19:00:00,M,30~39,office,seoul,1,0,0,0,11,0,0,70,0,0,completed
10309,U0310,2025-01-09 18:09:00,2025-01-09 18:12:00,F,20~29,office,seoul,0,0,0,0,26,0,0,39,0,0,completed
10310,U0311,2025-01-20 08:02:00,2025-01-20 08:09:00,M,30~39,office,seoul,0,0,0,0,13,0,0,16,0,0,completed
10311,U0312,2025-12-06 16:53:00,2025-12-06 16:55:00,M,50+,office,seoul,1,0,0,0,18,0,0,62,0,0,completed
10312,U0313,2025-03-08 22:58:00,2025-03-08 23:02:00,M,40~49,office,seoul,1,0,0,0,12,0,0,43,0,0,completed
10313,U0314,2025-04-23 09:20:00,2025-04-23 09:22:00,M,40~49,office,seoul,0,0,0,0,17,0,0,54,0,0,completed
10314,U0315,2025-12-27 11:00:00,2025-12-27 11:07:00,F,20~29,office,seoul,1,0,0,0,20,0,0,29,0,0,completed
10315,U0316,2025-09-24 20:33:00,2025-09-24 20:38:00,M,30~39,office,seoul,0,0,0,0,12,0,0,26,0,0,completed
10316,U0317,2025-11-11 09:02:00,2025-11-11 09:09:00,M,40~49,office,seoul,0,0,0,0,18,0,0,44,0,0,completed
10317,U0318,2025-06-02 18:05:00,2025-06-02 18:11:00,F,20~29,office,seoul,0,0,0,0,24,0,0,70,0,0,completed
10318,U0319,2025-09-09 19:24:00,2025-09-09 19:27:00,F,20~29,office,seoul,0,0,0,0,26,0,0,75,0,0,completed
10319,U0320,2025-07-20 08:08:00,2025-07-20 08:15:00,F,50+,office,seoul,1,0,0,0,1,0,0,58,0,0,completed
10320,U0321,2025-12-04 19:15:00,2025-12-04 19:20:00,M,20~29,office,seoul,0,0,0,0,7,0,0,60,0,0,completed
10321,U0322,2025-11-29 18:01:00,2025-11-29 18:08:00,F,50+,office,seoul,1,0,0,0,4,0,0,40,0,0,completed
10322,U0323,2025-07-19 12:16:00,2025-07-19 12:20:00,M,40~49,office,seoul,1,0,0,0,3,0,0,40,0,0,error
10323,U0324,2025-04-30 13:43:00,2025-04-30 13:49:00,F,30~39,office,seoul,0,0,0,0,13,0,0,53,0,0,completed
10324,U0325,2025-09-06 21:10:00,2025-09-06 21:13:00,F,40~49,office,seoul,1,0,0,0,29,0,0,73,0,0,completed
10325,U0326,2025-09-09 13:54:00,2025-09-09 13:56:00,M,50+,office,seoul,0,0,0,0,16,0,0,37,1,0,completed
10326,U0327,2025-06-30 18:58:00,2025-06-30 19:00:00,F,20~29,office,seoul,0,0,0,0,25,0,0,73,0,0,completed
10327,U0328,2025-09-23 12:03:00,2025-09-23 12:09:00,F,20~29,office,seoul,0,0,0,0,17,0,0,22,0,0,error
10328,U0329,2025-04-13 15:54:00,2025-04-13 15:58:00,M,30~39,office,seoul,1,0,0,0,7,0,0,54,1,0,completed
10329,U0330,2025-06-16 08:15:00,2025-06-16 08:21:00,M,50+,office,seoul,0,0,0,0,17,0,0,26,0,0,completed
10330,U0331,2025-05-09 13:42:00,2025-05-09 13:45:00,F,50+,office,seoul,0,0,0,0,5,0,0,64,0,0,completed
10331,U0332,2025-01-20 08:46:00,2025-01-20 08:52:00,M,50+,office,seoul,0,0,0,0,28,0,0,75,0,0,completed
10332,U0333,2025-10-07 22:26:00,2025-10-07 22:33:00,F,40~49,office,seoul,0,0,0,0,13,0,0,77,0,0,completed
10333,U0334,2025-05-11 08:35:00,2025-05-11 08:37:00,F,50+,office,seoul,1,0,0,0,5,0,0,24,0,0,completed
10334,U0335,2025-04-22 22:21:00,2025-04-22 22:24:00,F,50+,office,seoul,0,0,0,0,25,0,0,19,0,0,abandoned
10335,U0336,2025-09-30 19:16:00,2025-09-30 19:19:00,F,30~39,office,seoul,0,0,0,0,12,0,0,27,0,0,completed
10336,U0337,2025-10-21 14:57:00,2025-10-21 15:02:00,F,40~49,office,seoul,0,0,0,0,19,0,0,36,0,0,completed
10337,U0338,2025-07-20 11:03:00,2025-07-20 11:10:00,F,30~39,office,seoul,1,0,0,0,19,0,0,14,0,0,completed
10338,U0339,2025-01-03 09:27:00,2025-01-03 09:29:00,F,40~49,office,seoul,0,0,0,0,16,0,0,32,1,0,completed
10339,U0340,2025-10-16 17:45:00,2025-10-16 17:51:00,F,30~39,office,seoul,0,0,0,0,13,0,0,22,0,0,completed
10340,U0341,2025-11-29 07:11:00,2025-11-29 07:16:00,M,40~49,office,seoul,1,0,0,0,26,0,0,76,1,0,error
10341,U0342,2025-08-13 15:38:00,2025-08-13 15:43:00,M,30~39,office,seoul,0,0,0,0,21,0,0,34,0,0,completed
10342,U0343,2025-05-19 16:56:00,2025-05-19 17:03:00,F,20~29,office,seoul,0,0,0,0,12,0,0,70,0,0,completed
10343,U0344,2025-12-24 09:13:00,2025-12-24 09:17:00,F,50+,office,seoul,0,0,0,0,22,0,0,44,0,0,abandoned
10344,U0345,2025-01-27 09:07:00,2025-01-27 09:09:00,F,20~29,office,seoul,0,0,0,0,3,0,0,72,0,0,completed
10345,U0346,2025-07-29 11:25:00,2025-07-29 11:28:00,F,50+,office,seoul,0,0,0,0,20,0,0,28,0,0,completed
10346,U0347,2025-02-24 08:18:00,2025-02-24 08:22:00,F,40~49,office,seoul,0,0,0,0,22,0,0,65,0,0,completed
10347,U0348,2025-09-05 09:40:00,2025-09-05 09:47:00,F,20~29,office,seoul,0,0,0,0,29,0,0,24,0,0,completed
10348,U0349,2025-01-26 20:13:00,2025-01-26 20:20:00,F,20~29,office,seoul,1,0,0,0,5,0,0,37,0,0,completed
10349,U0350,2025-08-14 15:44:00,2025-08-14 15:50:00,F,30~39,office,seoul,0,0,0,0,8,0,0,66,0,0,completed
10350,U0351,2025-10-23 14:01:00,2025-10-23 14:04:00,F,40~49,office,seoul,0,0,0,0,8,0,0,74,0,0,completed
10351,U0352,2025-08-13 15:12:00,2025-08-13 15:15:00,M,40~49,office,seoul,0,0,0,0,15,0,0,73,0,0,abandoned
10352,U0353,2025-02-20 14:10:00,2025-02-20 14:16:00,M,30~39,office,seoul,0,0,0,0,3,0,0,36,0,0,completed
10353,U0354,2025-12-26 18:14:00,2025-12-26 18:17:00,M,20~29,office,seoul,0,0,0,0,17,0,0,59,0,0,completed
10354,U0355,2025-02-02 12:22:00,2025-02-02 12:28:00,F,50+,office,seoul,1,0,0,0,1,0,0,38,0,0,completed
10355,U0356,2025-02-14 15:13:00,2025-02-14 15:16:00,M,30~39,office,seoul,0,0,0,0,29,0,0,13,0,0,completed
10356,U0357,2025-01-22 16:33:00,2025-01-22 16:37:00,M,20~29,office,seoul,0,0,0,0,23,0,0,39,0,0,completed
10357,U0358,2025-05-05 17:50:00,2025-05-05 17:57:00,F,30~39,office,seoul,0,0,0,0,26,0,0,43,0,0,completed
10358,U0359,2025-04-28 21:06:00,2025-04-28 21:10:00,F,40~49,office,seoul,0,0,0,0,5,0,0,57,0,0,completed
10359,U0360,2025-05-07 19:00:00,2025-05-07 19:07:00,M,40~49,office,seoul,0,0,0,0,25,0,0,55,0,0,abandoned
10360,U0361,2025-02-26 12:57:00,2025-02-26 13:00:00,F,40~49,office,seoul,0,0,0,0,15,0,0,29,0,0,error
10361,U0362,2025-04-15 18:08:00,2025-04-15 18:13:00,F,30~39,office,seoul,0,0,0,0,0,0,0,48,0,0,abandoned
10362,U0363,2025-04-21 17:16:00,2025-04-21 17:19:00,M,30~39,office,seoul,0,0,0,0,12,0,0,54,0,0,completed
10363,U0364,2025-11-29 16:44:00,2025-11-29 16:50:00,M,40~49,office,seoul,1,0,0,0,3,0,0,63,1,0,completed
10364,U0365,2025-12-05 14:33:00,2025-12-05 14:39:00,F,50+,office,seoul,0,0,0,0,28,0,0,74,0,0,completed
10365,U0366,2025-02-12 12:09:00,2025-02-12 12:14:00,F,20~29,office,seoul,0,0,0,0,16,0,0,31,0,0,completed
10366,U0367,2025-05-13 07:18:00,2025-05-13 07:22:00,F,20~29,office,seoul,0,0,0,0,7,0,0,52,0,0,error
10367,U0368,2025-04-09 09:34:00,2025-04-09 09:36:00,F,50+,office,seoul,0,0,0,0,9,0,0,79,1,0,abandoned
10368,U0369,2025-08-08 12:09:00,2025-08-08 12:16:00,M,40~49,office,seoul,0,0,0,0,10,0,0,54,0,0,completed
10369,U0370,2025-06-14 09:02:00,2025-06-14 09:08:00,M,30~39,office,seoul,1,0,0,0,12,0,0,29,1,0,completed
10370,U0371,2025-01-06 15:59:00,2025-01-06 16:04:00,F,20~29,office,seoul,0,0,0,0,12,0,0,48,0,0,completed
10371,U0372,2025-10-17 08:37:00,2025-10-17 08:44:00,F,30~39,office,seoul,0,0,0,0,13,0,0,42,0,0,completed
10372,U0373,2025-06-08 20:53:00,2025-06-08 20:58:00,F,50+,office,seoul,1,0,0,0,15,0,0,65,0,0,completed
10373,U0374,2025-01-19 16:35:00,2025-01-19 16:42:00,F,20~29,office,seoul,1,0,0,0,21,0,0,50,0,0,completed
10374,U0375,2025-10-09 20:13:00,2025-10-09 20:19:00,F,30~39,office,seoul,0,0,0,0,20,0,0,62,0,0,completed
10375,U0376,2025-12-10 09:11:00,2025-12-10 09:17:00,M,40~49,office,seoul,0,0,0,0,11,0,0,73,1,0,completed
10376,U0377,2025-04-29 14:33:00,2025-04-29 14:38:00,M,50+,office,seoul,0,0,0,0,25,0,0,38,0,0,completed
10377,U0378,2025-06-22 16:18:00,2025-06-22 16:21:00,F,40~49,office,seoul,1,0,0,0,1,0,0,73,0,0,completed
10378,U0379,2025-12-27 17:33:00,2025-12-27 17:36:00,F,30~39,office,seoul,1,0,0,0,26,0,0,74,0,0,abandoned
10379,U0380,2025-01-28 09:59:00,2025-01-28 10:03:00,M,20~29,office,seoul,0,0,0,0,26,0,0,45,0,0,completed
10380,U0381,2025-10-18 11:03:00,2025-10-18 11:07:00,M,40~49,office,seoul,1,0,0,0,11,0,0,30,0,0,completed
10381,U0382,2025-01-26 21:39:00,2025-01-26 21:45:00,M,50+,office,seoul,1,0,0,0,20,0,0,42,0,0,completed
10382,U0383,2025-03-17 13:35:00,2025-03-17 13:39:00,M,30~39,office,seoul,0,0,0,0,27,0,0,69,0,0,completed
10383,U0384,2025-09-05 20:22:00,2025-09-05 20:26:00,M,20~29,office,seoul,0,0,0,0,4,0,0,37,0,0,completed
10384,U0385,2025-05-08 15:28:00,2025-05-08 15:35:00,F,30~39,office,seoul,0,0,0,0,12,0,0,13,0,0,completed
10385,U0386,2025-10-12 07:21:00,2025-10-12 07:27:00,F,20~29,office,seoul,1,0,0,0,22,0,0,20,0,0,completed
10386,U0387,2025-01-05 12:56:00,2025-01-05 13:01:00,M,20~29,office,seoul,1,0,0,0,23,0,0,54,0,0,completed
10387,U0388,2025-10-19 20:58:00,2025-10-19 21:01:00,F,50+,office,seoul,1,0,0,0,7,0,0,19,1,0,completed
10388,U0389,2025-08-01 12:20:00,2025-08-01 12:26:00,M,20~29,office,seoul,0,0,0,0,28,0,0,12,0,0,completed
10389,U0390,2025-06-25 11:31:00,2025-06-25 11:36:00,F,20~29,office,seoul,0,0,0,0,25,0,0,17,0,0,completed
10390,U0391,2025-07-02 13:10:00,2025-07-02 13:12:00,F,20~29,office,seoul,0,0,0,0,14,0,0,32,0,0,completed
10391,U0392,2025-04-14 12:06:00,2025-04-14 12:10:00,M,50+,office,seoul,0,0,0,0,22,0,0,42,0,0,completed
10392,U0393,2025-04-11 13:41:00,2025-04-11 13:48:00,F,50+,office,seoul,0,0,0,0,3,0,0,71,0,0,completed
10393,U0394,2025-05-16 11:13:00,2025-05-16 11:16:00,M,20~29,office,seoul,0,0,0,0,22,0,0,29,0,1,completed
10394,U0395,2025-08-01 12:17:00,2025-08-01 12:23:00,F,30~39,office,seoul,0,0,0,0,13,0,0,79,0,0,completed
10395,U0396,2025-06-25 16:45:00,2025-06-25 16:47:00,F,20~29,office,seoul,0,0,0,0,13,0,0,49,0,0,completed
10396,U0397,2025-11-19 15:21:00,2025-11-19 15:28:00,F,20~29,office,seoul,0,0,0,0,19,0,0,74,0,0,completed
10397,U0398,2025-08-29 20:28:00,2025-08-29 20:31:00,M,30~39,office,seoul,0,0,0,0,15,0,0,56,0,0,completed
10398,U0399,2025-12-12 15:17:00,2025-12-12 15:20:00,M,40~49,office,seoul,0,0,0,0,1,0,0,37,0,0,completed
10399,U0400,2025-01-16 14:27:00,2025-01-16 14:29:00,M,20~29,office,seoul,0,0,0,0,24,0,0,54,0,0,completed
10400,U0401,2025-05-30 13:22:00,2025-05-30 13:26:00,F,50+,office,seoul,0,0,0,0,9,0,0,30,0,0,completed
10401,U0402,2025-06-29 14:06:00,2025-06-29 14:12:00,M,30~39,office,seoul,1,0,0,0,20,0,0,53,0,0,completed
10402,U0403,2025-04-29 15:32:00,2025-04-29 15:38:00,F,40~49,office,seoul,0,0,0,0,10,0,0,42,0,0,completed
10403,U0404,2025-06-20 17:01:00,2025-06-20 17:07:00,M,30~39,office,seoul,0,0,0,0,10,0,0,26,0,0,completed
10404,U0405,2025-04-13 17:31:00,2025-04-13 17:35:00,F,20~29,office,seoul,1,0,0,0,17,0,0,56,0,0,completed
10405,U0406,2025-06-02 12:47:00,2025-06-02 12:54:00,F,30~39,office,seoul,0,0,0,0,20,0,0,21,0,0,completed
10406,U0407,2025-11-06 11:09:00,2025-11-06 11:12:00,F,30~39,office,seoul,0,0,0,0,13,0,0,67,0,0,completed
10407,U0408,2025-03-01 13:07:00,2025-03-01 13:14:00,F,40~49,office,seoul,1,0,0,0,8,0,0,34,0,0,completed
10408,U0409,2025-10-30 17:06:00,2025-10-30 17:10:00,F,30~39,office,seoul,0,0,0,0,28,0,0,49,0,0,completed
10409,U0410,2025-03-11 12:40:00,2025-03-11 12:47:00,F,50+,office,seoul,0,0,0,0,10,0,0,37,0,0,completed
10410,U0411,2025-04-05 09:58:00,2025-04-05 10:04:00,M,20~29,office,seoul,1,0,0,0,9,0,0,69,0,0,completed
10411,U0412,2025-02-15 07:29:00,2025-02-15 07:36:00,F,20~29,office,seoul,1,0,0,0,4,0,0,73,0,0,abandoned
10412,U0413,2025-07-10 13:26:00,2025-07-10 13:30:00,F,40~49,office,seoul,0,0,0,0,25,0,0,77,0,0,completed
10413,U0414,2025-06-20 13:34:00,2025-06-20 13:40:00,F,20~29,office,seoul,0,0,0,0,14,0,0,26,0,0,completed
10414,U0415,2025-12-22 19:27:00,2025-12-22 19:31:00,F,30~39,office,seoul,0,0,0,0,19,0,0,47,0,0,completed
10415,U0416,2025-06-07 09:42:00,2025-06-07 09:46:00,M,30~39,office,seoul,1,0,0,0,15,0,0,57,0,0,completed
10416,U0417,2025-04-04 12:52:00,2025-04-04 12:55:00,M,40~49,office,seoul,0,0,0,0,11,0,0,40,0,0,completed
10417,U0418,2025-07-04 08:29:00,2025-07-04 08:33:00,F,50+,office,seoul,0,0,0,0,11,0,0,47,0,0,completed
10418,U0419,2025-05-27 16:46:00,2025-05-27 16:50:00,M,20~29,office,seoul,0,0,0,0,24,0,0,53,0,0,completed
10419,U0420,2025-02-23 14:57:00,2025-02-23 14:59:00,F,30~39,office,seoul,1,0,0,0,18,0,0,67,0,0,completed
10420,U0421,2025-12-15 12:54:00,2025-12-15 12:59:00,F,20~29,office,seoul,0,0,0,0,6,0,0,61,0,0,completed
10421,U0422,2025-05-05 20:16:00,2025-05-05 20:18:00,M,30~39,office,seoul,0,0,0,0,23,0,0,39,0,0,abandoned
10422,U0423,2025-12-15 22:49:00,2025-12-15 22:53:00,F,20~29,office,seoul,0,0,0,0,7,0,0,56,0,0,abandoned
10423,U0424,2025-08-01 12:04:00,2025-08-01 12:10:00,F,40~49,office,seoul,0,0,0,0,1,0,0,39,0,0,timeout
10424,U0425,2025-10-22 17:06:00,2025-10-22 17:08:00,M,30~39,office,seoul,0,0,0,0,21,0,0,32,0,0,completed
10425,U0426,2025-03-17 16:36:00,2025-03-17 16:41:00,M,30~39,office,seoul,0,0,0,0,16,0,0,74,0,0,completed
10426,U0427,2025-07-25 07:44:00,2025-07-25 07:51:00,F,20~29,office,seoul,0,0,0,0,18,0,0,72,0,0,completed
10427,U0428,2025-12-19 14:31:00,2025-12-19 14:38:00,F,40~49,office,seoul,0,0,0,0,15,0,0,62,0,0,completed
10428,U0429,2025-07-25 14:12:00,2025-07-25 14:16:00,M,50+,office,seoul,0,0,0,0,0,0,0,64,1,0,completed
10429,U0430,2025-04-18 18:01:00,2025-04-18 18:08:00,F,50+,office,seoul,0,0,0,0,0,0,0,47,0,0,timeout
10430,U0431,2025-09-01 12:00:00,2025-09-01 12:07:00,M,40~49,office,seoul,0,0,0,0,13,0,0,72,0,0,completed
10431,U0432,2025-01-14 18:16:00,2025-01-14 18:18:00,M,30~39,office,seoul,0,0,0,0,4,0,0,53,0,0,completed
10432,U0433,2025-03-17 08:37:00,2025-03-17 08:41:00,F,20~29,office,seoul,0,0,0,0,9,0,0,44,0,0,completed
10433,U0434,2025-10-25 14:28:00,2025-10-25 14:34:00,M,30~39,office,seoul,1,0,0,0,24,0,0,40,0,0,completed
10434,U0435,2025-01-25 18:19:00,2025-01-25 18:22:00,M,50+,office,seoul,1,0,0,0,11,0,0,61,0,0,completed
10435,U0436,2025-02-02 16:30:00,2025-02-02 16:35:00,M,20~29,office,seoul,1,0,0,0,8,0,0,39,0,0,timeout
10436,U0437,2025-03-08 20:01:00,2025-03-08 20:03:00,F,20~29,office,seoul,1,0,0,0,27,0,0,15,0,0,completed
10437,U0438,2025-11-22 15:11:00,2025-11-22 15:15:00,M,40~49,office,seoul,1,0,0,0,19,0,0,60,0,0,completed
10438,U0439,2025-08-29 17:40:00,2025-08-29 17:44:00,F,30~39,office,seoul,0,0,0,0,14,0,0,12,0,0,completed
10439,U0440,2025-09-16 09:10:00,2025-09-16 09:17:00,F,30~39,office,seoul,0,0,0,0,24,0,0,44,0,0,completed
10440,U0441,2025-09-14 15:09:00,2025-09-14 15:11:00,F,20~29,office,seoul,1,0,0,0,12,0,0,75,0,0,completed
10441,U0442,2025-10-09 09:10:00,2025-10-09 09:17:00,F,40~49,office,seoul,0,0,0,0,8,0,0,21,0,0,completed
10442,U0443,2025-10-09 18:47:00,2025-10-09 18:51:00,M,50+,office,seoul,0,0,0,0,3,0,0,40,0,0,completed
10443,U0444,2025-05-26 14:41:00,2025-05-26 14:47:00,M,50+,office,seoul,0,0,0,0,2,0,0,51,0,0,completed
10444,U0445,2025-05-04 12:21:00,2025-05-04 12:24:00,F,40~49,office,seoul,1,0,0,0,25,0,0,11,0,0,completed
10445,U0446,2025-12-19 09:23:00,2025-12-19 09:29:00,F,40~49,office,seoul,0,0,0,0,1,0,0,20,0,0,completed
10446,U0447,2025-01-30 17:48:00,2025-01-30 17:51:00,F,30~39,office,seoul,0,0,0,0,16,0,0,49,0,0,completed
10447,U0448,2025-07-14 14:09:00,2025-07-14 14:14:00,M,20~29,office,seoul,0,0,0,0,23,0,0,47,0,0,completed
10448,U0449,2025-02-26 16:21:00,2025-02-26 16:23:00,M,50+,office,seoul,0,0,0,0,17,0,0,20,0,0,completed
10449,U0450,2025-06-11 12:07:00,2025-06-11 12:11:00,F,30~39,office,seoul,0,0,0,0,28,0,0,14,0,0,abandoned
10450,U0451,2025-10-05 16:48:00,2025-10-05 16:50:00,F,30~39,office,seoul,1,0,0,0,18,0,0,13,0,0,completed
10451,U0452,2025-10-13 19:22:00,2025-10-13 19:26:00,M,40~49,office,seoul,0,0,0,0,20,0,0,47,0,0,completed
10452,U0453,2025-06-27 08:45:00,2025-06-27 08:50:00,F,20~29,office,seoul,0,0,0,0,15,0,0,25,0,0,completed
10453,U0454,2025-05-21 22:30:00,2025-05-21 22:35:00,M,30~39,office,seoul,0,0,0,0,12,0,0,65,0,0,abandoned
10454,U0455,2025-10-07 08:16:00,2025-10-07 08:23:00,F,30~39,office,seoul,0,0,0,0,3,0,0,16,0,0,completed
10455,U0456,2025-12-18 13:39:00,2025-12-18 13:42:00,M,30~39,office,seoul,0,0,0,0,22,0,0,39,0,0,completed
10456,U0457,2025-10-20 15:16:00,2025-10-20 15:21:00,F,20~29,office,seoul,0,0,0,0,20,0,0,72,0,0,completed
10457,U0458,2025-12-18 09:49:00,2025-12-18 09:52:00,F,20~29,office,seoul,0,0,0,0,29,0,0,77,0,0,completed
10458,U0459,2025-06-05 14:21:00,2025-06-05 14:28:00,F,50+,office,seoul,0,0,0,0,16,0,0,68,0,0,completed
10459,U0460,2025-03-08 09:03:00,2025-03-08 09:10:00,M,30~39,office,seoul,1,0,0,0,25,0,0,43,0,0,completed
10460,U0461,2025-01-03 07:14:00,2025-01-03 07:20:00,F,50+,office,seoul,0,0,0,0,4,0,0,53,0,0,completed
10461,U0462,2025-03-24 12:56:00,2025-03-24 12:59:00,F,20~29,office,seoul,0,0,0,0,5,0,0,72,0,0,completed
10462,U0463,2025-10-19 15:51:00,2025-10-19 15:55:00,M,20~29,office,seoul,1,0,0,0,1,0,0,36,0,0,completed
10463,U0464,2025-04-26 21:23:00,2025-04-26 21:25:00,M,20~29,office,seoul,1,0,0,0,17,0,0,29,0,0,completed
10464,U0465,2025-03-04 08:55:00,2025-03-04 09:00:00,M,40~49,office,seoul,0,0,0,0,8,0,0,31,0,0,completed
10465,U0466,2025-07-15 15:22:00,2025-07-15 15:28:00,F,20~29,office,seoul,0,0,0,0,3,0,0,31,0,0,completed
10466,U0467,2025-03-28 18:43:00,2025-03-28 18:47:00,F,30~39,office,seoul,0,0,0,0,12,0,0,54,0,0,completed
10467,U0468,2025-01-30 22:00:00,2025-01-30 22:07:00,M,30~39,office,seoul,0,0,0,0,10,0,0,34,0,0,completed
10468,U0469,2025-07-02 12:42:00,2025-07-02 12:48:00,F,20~29,office,seoul,0,0,0,0,5,0,0,65,0,0,completed
10469,U0470,2025-10-28 14:03:00,2025-10-28 14:10:00,M,50+,office,seoul,0,0,0,0,3,0,0,47,0,0,completed
10470,U0471,2025-03-01 19:59:00,2025-03-01 20:06:00,M,50+,office,seoul,1,0,0,0,16,0,0,15,0,0,completed
10471,U0472,2025-07-23 18:58:00,2025-07-23 19:05:00,M,20~29,office,seoul,0,0,0,0,8,0,0,46,0,0,completed
10472,U0473,2025-02-16 16:18:00,2025-02-16 16:22:00,F,40~49,office,seoul,1,0,0,0,18,0,0,39,0,0,completed
10473,U0474,2025-08-17 16:15:00,2025-08-17 16:20:00,F,30~39,office,seoul,1,0,0,0,3,0,0,68,0,0,completed
10474,U0475,2025-08-23 07:43:00,2025-08-23 07:49:00,M,40~49,office,seoul,1,0,0,0,3,0,0,12,0,0,completed
10475,U0476,2025-11-05 14:55:00,2025-11-05 14:57:00,F,20~29,office,seoul,0,0,0,0,24,0,0,62,0,0,completed
10476,U0477,2025-09-02 20:22:00,2025-09-02 20:25:00,F,20~29,office,seoul,0,0,0,0,24,0,0,24,0,0,completed
10477,U0478,2025-12-25 09:18:00,2025-12-25 09:22:00,M,20~29,office,seoul,0,0,0,0,2,0,0,79,0,0,completed
10478,U0479,2025-12-20 19:01:00,2025-12-20 19:07:00,F,20~29,office,seoul,1,0,0,0,6,0,0,47,0,0,completed
10479,U0480,2025-04-01 19:21:00,2025-04-01 19:25:00,F,20~29,office,seoul,0,0,0,0,0,0,0,27,0,0,completed
10480,U0481,2025-06-07 11:13:00,2025-06-07 11:16:00,M,50+,office,seoul,1,0,0,0,22,0,0,68,0,0,abandoned
10481,U0482,2025-05-25 12:36:00,2025-05-25 12:43:00,F,30~39,office,seoul,1,0,0,0,2,0,0,78,0,0,completed
10482,U0483,2025-03-05 15:50:00,2025-03-05 15:56:00,F,30~39,office,seoul,0,0,0,0,0,0,0,51,1,0,completed
10483,U0484,2025-07-25 14:07:00,2025-07-25 14:14:00,F,20~29,office,seoul,0,0,0,0,10,0,0,59,0,0,abandoned
10484,U0485,2025-05-26 18:37:00,2025-05-26 18:42:00,M,20~29,office,seoul,0,0,0,0,24,0,0,32,0,0,completed
10485,U0486,2025-05-31 17:10:00,2025-05-31 17:15:00,M,40~49,office,seoul,1,0,0,0,17,0,0,68,0,0,completed
10486,U0487,2025-12-07 19:28:00,2025-12-07 19:30:00,F,20~29,office,seoul,1,0,0,0,9,0,0,55,0,0,completed
10487,U0488,2025-03-10 14:21:00,2025-03-10 14:27:00,F,40~49,office,seoul,0,0,0,0,4,0,0,62,0,1,completed
10488,U0489,2025-09-25 18:23:00,2025-09-25 18:27:00,F,30~39,office,seoul,0,0,0,0,1,0,0,64,0,0,completed
10489,U0490,2025-10-21 08:51:00,2025-10-21 08:55:00,F,50+,office,seoul,0,0,0,0,8,0,0,24,0,0,completed
10490,U0491,2025-09-05 22:39:00,2025-09-05 22:44:00,F,30~39,office,seoul,0,0,0,0,13,0,0,25,0,0,completed
10491,U0492,2025-04-17 12:02:00,2025-04-17 12:09:00,F,20~29,office,seoul,0,0,0,0,19,0,0,18,0,0,completed
10492,U0493,2025-07-20 19:54:00,2025-07-20 19:59:00,F,50+,office,seoul,1,0,0,0,24,0,0,58,0,0,completed
10493,U0494,2025-05-20 22:37:00,2025-05-20 22:44:00,M,30~39,office,seoul,0,0,0,0,2,0,0,26,0,0,completed
10494,U0495,2025-07-02 09:43:00,2025-07-02 09:47:00,F,20~29,office,seoul,0,0,0,0,2,0,0,24,0,0,completed
10495,U0496,2025-02-16 15:44:00,2025-02-16 15:48:00,F,20~29,office,seoul,1,0,0,0,23,0,0,20,0,0,completed
10496,U0497,2025-10-15 15:50:00,2025-10-15 15:52:00,M,20~29,office,seoul,0,0,0,0,18,0,0,75,0,0,completed
10497,U0498,2025-12-30 08:47:00,2025-12-30 08:51:00,F,20~29,office,seoul,0,0,0,0,1,0,0,55,0,0,completed
10498,U0499,2025-07-08 13:00:00,2025-07-08 13:07:00,F,50+,office,seoul,0,0,0,0,20,0,0,77,0,0,completed
10499,U0500,2025-06-09 21:31:00,2025-06-09 21:36:00,M,20~29,office,seoul,0,0,0,0,13,0,0,44,0,0,completed
10500,U0501,2025-07-09 21:38:00,2025-07-09 21:42:00,M,50+,office,seoul,0,0,0,0,20,0,0,19,0,0,completed
10501,U0502,2025-03-02 15:45:00,2025-03-02 15:49:00,M,20~29,office,seoul,1,0,0,0,10,0,0,76,0,0,completed
10502,U0503,2025-04-27 19:31:00,2025-04-27 19:36:00,M,50+,office,seoul,1,0,0,0,9,0,0,31,0,0,completed
10503,U0504,2025-11-30 13:52:00,2025-11-30 13:55:00,F,30~39,office,seoul,1,0,0,0,15,0,0,35,0,0,completed
10504,U0505,2025-05-09 09:02:00,2025-05-09 09:08:00,M,20~29,office,seoul,0,0,0,0,25,0,0,21,0,1,completed
10505,U0506,2025-06-22 12:19:00,2025-06-22 12:26:00,M,40~49,office,seoul,1,0,0,0,17,0,0,30,0,0,completed
10506,U0507,2025-03-09 09:38:00,2025-03-09 09:43:00,M,50+,office,seoul,1,0,0,0,24,0,0,21,0,0,error
10507,U0508,2025-07-28 12:11:00,2025-07-28 12:13:00,F,30~39,office,seoul,0,0,0,0,19,0,0,20,0,1,completed
10508,U0509,2025-05-02 16:23:00,2025-05-02 16:27:00,M,50+,office,seoul,0,0,0,0,26,0,0,26,0,0,completed
10509,U0510,2025-06-02 20:55:00,2025-06-02 20:57:00,F,20~29,office,seoul,0,0,0,0,12,0,0,52,0,0,completed
10510,U0511,2025-03-30 08:28:00,2025-03-30 08:34:00,M,50+,office,seoul,1,0,0,0,23,0,0,41,0,0,completed
10511,U0512,2025-02-18 14:04:00,2025-02-18 14:07:00,F,30~39,office,seoul,0,0,0,0,2,0,0,70,0,0,completed
10512,U0513,2025-01-01 12:37:00,2025-01-01 12:42:00,M,30~39,office,seoul,0,0,0,0,23,0,0,73,0,0,completed
10513,U0514,2025-08-27 08:28:00,2025-08-27 08:30:00,M,20~29,office,seoul,0,0,0,0,5,0,0,36,0,0,completed
10514,U0515,2025-02-02 18:48:00,2025-02-02 18:51:00,F,20~29,office,seoul,1,0,0,0,8,0,0,10,0,0,completed
10515,U0516,2025-05-25 13:08:00,2025-05-25 13:15:00,M,20~29,office,seoul,1,0,0,0,4,0,0,71,0,0,completed
10516,U0517,2025-11-17 20:02:00,2025-11-17 20:08:00,F,30~39,office,seoul,0,0,0,0,10,0,0,60,0,0,completed
10517,U0518,2025-12-26 14:11:00,2025-12-26 14:13:00,M,40~49,office,seoul,0,0,0,0,18,0,0,25,0,0,completed
10518,U0519,2025-07-22 12:37:00,2025-07-22 12:43:00,F,40~49,office,seoul,0,0,0,0,29,0,0,69,0,0,completed
10519,U0520,2025-02-16 19:39:00,2025-02-16 19:46:00,F,30~39,office,seoul,1,0,0,0,22,0,0,31,0,0,completed
10520,U0521,2025-10-09 15:19:00,2025-10-09 15:23:00,F,50+,office,seoul,0,0,0,0,22,0,0,58,0,0,completed
10521,U0522,2025-11-11 15:23:00,2025-11-11 15:25:00,F,20~29,office,seoul,0,0,0,0,20,0,0,26,0,0,completed
10522,U0523,2025-02-07 11:31:00,2025-02-07 11:38:00,F,20~29,office,seoul,0,0,0,0,18,0,0,42,0,0,completed
10523,U0524,2025-04-01 14:07:00,2025-04-01 14:11:00,M,20~29,office,seoul,0,0,0,0,28,0,0,66,0,0,completed
10524,U0525,2025-07-20 08:11:00,2025-07-20 08:14:00,F,20~29,office,seoul,1,0,0,0,20,0,0,79,0,0,completed
10525,U0526,2025-05-26 18:15:00,2025-05-26 18:19:00,M,30~39,office,seoul,0,0,0,0,26,0,0,24,0,0,completed
10526,U0527,2025-08-23 20:12:00,2025-08-23 20:16:00,F,20~29,office,seoul,1,0,0,0,29,0,0,27,0,0,abandoned
10527,U0528,2025-09-03 14:26:00,2025-09-03 14:33:00,F,30~39,office,seoul,0,0,0,0,24,0,0,33,0,0,completed
10528,U0529,2025-06-17 21:42:00,2025-06-17 21:46:00,F,30~39,office,seoul,0,0,0,0,2,0,0,32,0,0,completed
10529,U0530,2025-05-09 20:18:00,2025-05-09 20:24:00,M,40~49,office,seoul,0,0,0,0,15,0,0,37,0,0,completed
10530,U0531,2025-09-28 19:37:00,2025-09-28 19:40:00,M,20~29,office,seoul,1,0,0,0,25,0,0,25,0,0,abandoned
10531,U0532,2025-12-13 09:42:00,2025-12-13 09:48:00,M,20~29,office,seoul,1,0,0,0,19,0,0,78,0,0,completed
10532,U0533,2025-11-07 11:56:00,2025-11-07 11:58:00,F,20~29,office,seoul,0,0,0,0,28,0,0,40,0,0,completed
10533,U0534,2025-08-24 16:14:00,2025-08-24 16:16:00,M,30~39,office,seoul,1,0,0,0,0,0,0,15,0,0,completed
10534,U0535,2025-05-24 13:13:00,2025-05-24 13:19:00,M,20~29,office,seoul,1,0,0,0,14,0,0,33,0,0,completed
10535,U0536,2025-07-14 13:17:00,2025-07-14 13:24:00,F,40~49,office,seoul,0,0,0,0,5,0,0,50,0,0,abandoned
10536,U0537,2025-01-30 17:47:00,2025-01-30 17:52:00,M,50+,office,seoul,0,0,0,0,7,0,0,53,0,1,completed
10537,U0538,2025-07-07 16:31:00,2025-07-07 16:33:00,F,30~39,office,seoul,0,0,0,0,28,0,0,35,0,0,completed
10538,U0539,2025-04-29 07:33:00,2025-04-29 07:40:00,F,20~29,office,seoul,0,0,0,0,16,0,0,32,0,0,completed
10539,U0540,2025-06-26 20:40:00,2025-06-26 20:45:00,M,30~39,office,seoul,0,0,0,0,25,0,0,29,0,0,completed
10540,U0541,2025-05-18 11:40:00,2025-05-18 11:43:00,F,30~39,office,seoul,1,0,0,0,9,0,0,32,0,0,completed
10541,U0542,2025-12-20 15:11:00,2025-12-20 15:13:00,F,30~39,office,seoul,1,0,0,0,14,0,0,65,0,0,completed
10542,U0543,2025-01-16 13:45:00,2025-01-16 13:52:00,F,30~39,office,seoul,0,0,0,0,6,0,0,20,0,0,completed
10543,U0544,2025-01-01 12:16:00,2025-01-01 12:23:00,F,40~49,office,seoul,0,0,0,0,6,0,0,42,0,0,completed
10544,U0545,2025-08-25 20:01:00,2025-08-25 20:07:00,F,20~29,office,seoul,0,0,0,0,13,0,0,18,0,0,completed
10545,U0546,2025-08-17 16:25:00,2025-08-17 16:28:00,F,50+,office,seoul,1,0,0,0,17,0,0,47,0,0,completed
10546,U0547,2025-01-27 13:08:00,2025-01-27 13:15:00,F,30~39,office,seoul,0,0,0,0,17,0,0,13,0,0,completed
10547,U0548,2025-04-16 19:28:00,2025-04-16 19:32:00,F,50+,office,seoul,0,0,0,0,9,0,0,70,0,0,timeout
10548,U0549,2025-08-06 11:35:00,2025-08-06 11:37:00,F,50+,office,seoul,0,0,0,0,5,0,0,47,0,0,abandoned
10549,U0550,2025-02-07 15:48:00,2025-02-07 15:51:00,M,50+,office,seoul,0,0,0,0,19,0,0,40,0,1,completed
10550,U0551,2025-06-07 08:05:00,2025-06-07 08:09:00,F,20~29,office,seoul,1,0,0,0,3,0,0,63,0,0,error
10551,U0552,2025-07-26 09:22:00,2025-07-26 09:26:00,F,30~39,office,seoul,1,0,0,0,14,0,0,60,0,0,completed
10552,U0553,2025-09-18 22:09:00,2025-09-18 22:16:00,M,30~39,office,seoul,0,0,0,0,28,0,0,27,0,0,completed
10553,U0554,2025-10-25 13:24:00,2025-10-25 13:28:00,M,40~49,office,seoul,1,0,0,0,12,0,0,45,0,0,completed
10554,U0555,2025-12-27 19:29:00,2025-12-27 19:31:00,F,50+,office,seoul,1,0,0,0,6,0,0,51,0,0,completed
10555,U0556,2025-01-14 09:49:00,2025-01-14 09:51:00,F,50+,office,seoul,0,0,0,0,22,0,0,23,1,0,completed
10556,U0557,2025-02-23 17:39:00,2025-02-23 17:42:00,F,30~39,office,seoul,1,0,0,0,11,0,0,31,0,0,completed
10557,U0558,2025-06-30 15:24:00,2025-06-30 15:31:00,F,30~39,office,seoul,0,0,0,0,19,0,0,16,0,0,completed
10558,U0559,2025-09-04 12:01:00,2025-09-04 12:08:00,F,30~39,office,seoul,0,0,0,0,6,0,0,77,0,0,completed
10559,U0560,2025-06-12 09:07:00,2025-06-12 09:10:00,F,20~29,office,seoul,0,0,0,0,28,0,0,45,0,0,abandoned
10560,U0561,2025-09-21 15:14:00,2025-09-21 15:19:00,F,30~39,office,seoul,1,0,0,0,0,0,0,60,0,0,completed
10561,U0562,2025-09-04 08:26:00,2025-09-04 08:32:00,M,30~39,office,seoul,0,0,0,0,17,0,0,36,0,0,completed
10562,U0563,2025-07-28 13:12:00,2025-07-28 13:19:00,M,40~49,office,seoul,0,0,0,0,18,0,0,57,0,1,abandoned
10563,U0564,2025-03-21 16:21:00,2025-03-21 16:28:00,M,40~49,office,seoul,0,0,0,0,12,0,0,54,1,0,completed
10564,U0565,2025-05-27 08:38:00,2025-05-27 08:44:00,M,50+,office,seoul,0,0,0,0,25,0,0,28,0,0,completed
10565,U0566,2025-07-12 15:17:00,2025-07-12 15:22:00,M,20~29,office,seoul,1,0,0,0,26,0,0,22,0,0,completed
10566,U0567,2025-12-19 15:39:00,2025-12-19 15:43:00,F,30~39,office,seoul,0,0,0,0,22,0,0,28,0,0,completed
10567,U0568,2025-08-04 09:46:00,2025-08-04 09:48:00,M,20~29,office,seoul,0,0,0,0,9,0,0,66,0,0,completed
10568,U0569,2025-09-28 13:30:00,2025-09-28 13:35:00,F,30~39,office,seoul,1,0,0,0,18,0,0,15,0,0,completed
10569,U0570,2025-04-09 16:55:00,2025-04-09 16:58:00,F,40~49,office,seoul,0,0,0,0,16,0,0,33,0,0,completed
10570,U0571,2025-10-31 16:23:00,2025-10-31 16:30:00,F,30~39,office,seoul,0,0,0,0,28,0,0,17,0,0,error
10571,U0572,2025-11-23 13:40:00,2025-11-23 13:46:00,F,50+,office,seoul,1,0,0,0,20,0,0,78,0,0,completed
10572,U0573,2025-08-16 17:51:00,2025-08-16 17:53:00,M,20~29,office,seoul,1,0,0,0,29,0,0,62,0,0,completed
10573,U0574,2025-02-11 08:03:00,2025-02-11 08:06:00,F,40~49,office,seoul,0,0,0,0,3,0,0,19,0,0,completed
10574,U0575,2025-05-27 19:22:00,2025-05-27 19:28:00,F,20~29,office,seoul,0,0,0,0,13,0,0,49,0,0,completed
10575,U0576,2025-07-09 16:39:00,2025-07-09 16:43:00,M,20~29,office,seoul,0,0,0,0,2,0,0,68,0,0,completed
10576,U0577,2025-04-26 07:39:00,2025-04-26 07:45:00,M,20~29,office,seoul,1,0,0,0,17,0,0,29,0,0,completed
10577,U0578,2025-09-16 08:42:00,2025-09-16 08:49:00,F,20~29,office,seoul,0,0,0,0,28,0,0,76,0,0,completed
10578,U0579,2025-04-29 08:35:00,2025-04-29 08:39:00,M,20~29,office,seoul,0,0,0,0,26,0,0,24,0,0,completed
10579,U0580,2025-11-26 11:41:00,2025-11-26 11:47:00,M,50+,office,seoul,0,0,0,0,16,0,0,30,0,0,completed
10580,U0581,2025-06-19 17:06:00,2025-06-19 17:12:00,F,30~39,office,seoul,0,0,0,0,25,0,0,54,0,0,completed
10581,U0582,2025-12-04 11:16:00,2025-12-04 11:18:00,M,30~39,office,seoul,0,0,0,0,6,0,0,58,0,0,completed
10582,U0583,2025-07-20 13:35:00,2025-07-20 13:37:00,M,20~29,office,seoul,1,0,0,0,4,0,0,25,0,0,completed
10583,U0584,2025-11-01 12:05:00,2025-11-01 12:10:00,M,50+,office,seoul,1,0,0,0,15,0,0,67,0,0,completed
10584,U0585,2025-08-20 13:45:00,2025-08-20 13:50:00,M,30~39,office,seoul,0,0,0,0,28,0,0,58,0,0,completed
10585,U0586,2025-05-22 19:38:00,2025-05-22 19:42:00,M,30~39,office,seoul,0,0,0,0,22,0,0,55,0,0,completed
10586,U0587,2025-04-06 17:36:00,2025-04-06 17:42:00,F,30~39,office,seoul,1,0,0,0,13,0,0,49,0,0,completed
10587,U0588,2025-04-04 09:02:00,2025-04-04 09:05:00,M,50+,office,seoul,0,0,0,0,29,0,0,16,1,0,completed
10588,U0589,2025-04-03 12:14:00,2025-04-03 12:20:00,M,30~39,office,seoul,0,0,0,0,26,0,0,62,0,0,completed
10589,U0590,2025-09-09 17:52:00,2025-09-09 17:59:00,F,20~29,office,seoul,0,0,0,0,3,0,0,30,0,0,completed
10590,U0591,2025-06-05 17:02:00,2025-06-05 17:09:00,M,30~39,office,seoul,0,0,0,0,29,0,0,56,0,0,completed
10591,U0592,2025-12-22 15:26:00,2025-12-22 15:30:00,M,30~39,office,seoul,0,0,0,0,1,0,0,65,0,0,completed
10592,U0593,2025-12-31 17:32:00,2025-12-31 17:35:00,F,40~49,office,seoul,0,0,0,0,6,0,0,63,0,0,completed
10593,U0594,2025-10-09 18:56:00,2025-10-09 19:03:00,M,50+,office,seoul,0,0,0,0,4,0,0,77,0,0,completed
10594,U0595,2025-03-08 17:59:00,2025-03-08 18:06:00,M,50+,office,seoul,1,0,0,0,6,0,0,52,1,0,completed
10595,U0596,2025-04-24 11:12:00,2025-04-24 11:15:00,F,30~39,office,seoul,0,0,0,0,8,0,0,35,0,0,completed
10596,U0597,2025-09-24 19:37:00,2025-09-24 19:39:00,M,50+,office,seoul,0,0,0,0,6,0,0,62,0,0,completed
10597,U0598,2025-12-16 08:15:00,2025-12-16 08:20:00,M,40~49,office,seoul,0,0,0,0,15,0,0,50,0,0,completed
10598,U0599,2025-08-13 19:34:00,2025-08-13 19:40:00,F,50+,office,seoul,0,0,0,0,22,0,0,24,0,0,completed
10599,U0600,2025-11-09 19:24:00,2025-11-09 19:31:00,F,50+,office,seoul,1,0,0,0,23,0,0,32,0,0,completed
10600,U0601,2025-03-14 13:06:00,2025-03-14 13:08:00,F,20~29,office,seoul,0,0,0,0,14,0,0,43,0,0,completed
10601,U0602,2025-11-22 08:21:00,2025-11-22 08:28:00,M,50+,office,seoul,1,0,0,0,5,0,0,25,0,0,completed
10602,U0603,2025-11-18 17:56:00,2025-11-18 17:58:00,F,20~29,office,seoul,0,0,0,0,5,0,0,53,0,0,completed
10603,U0604,2025-07-28 16:36:00,2025-07-28 16:41:00,M,30~39,office,seoul,0,0,0,0,2,0,0,27,0,0,completed
10604,U0605,2025-12-30 08:41:00,2025-12-30 08:44:00,M,30~39,office,seoul,0,0,0,0,27,0,0,54,0,0,completed
10605,U0606,2025-05-12 17:34:00,2025-05-12 17:36:00,M,40~49,office,seoul,0,0,0,0,18,0,0,40,0,0,completed
10606,U0607,2025-06-24 14:24:00,2025-06-24 14:31:00,F,30~39,office,seoul,0,0,0,0,22,0,0,63,0,0,completed
10607,U0608,2025-04-16 17:34:00,2025-04-16 17:39:00,F,30~39,office,seoul,0,0,0,0,10,0,0,67,0,0,completed
10608,U0609,2025-10-06 19:54:00,2025-10-06 20:00:00,M,50+,office,seoul,0,0,0,0,3,0,0,28,0,0,completed
10609,U0610,2025-10-12 13:34:00,2025-10-12 13:39:00,F,30~39,office,seoul,1,0,0,0,11,0,0,77,0,0,abandoned
10610,U0611,2025-04-21 14:08:00,2025-04-21 14:10:00,F,40~49,office,seoul,0,0,0,0,11,0,0,53,0,0,completed
10611,U0612,2025-10-09 12:52:00,2025-10-09 12:59:00,F,20~29,office,seoul,0,0,0,0,1,0,0,70,0,0,completed
10612,U0613,2025-06-27 11:12:00,2025-06-27 11:17:00,F,40~49,office,seoul,0,0,0,0,22,0,0,18,0,0,completed
10613,U0614,2025-05-02 13:05:00,2025-05-02 13:12:00,M,20~29,office,seoul,0,0,0,0,19,0,0,63,0,0,completed
10614,U0615,2025-05-26 21:15:00,2025-05-26 21:21:00,F,30~39,office,seoul,0,0,0,0,7,0,0,79,0,0,completed
10615,U0616,2025-05-04 17:37:00,2025-05-04 17:44:00,F,30~39,office,seoul,1,0,0,0,3,0,0,14,0,0,completed
10616,U0617,2025-02-25 11:10:00,2025-02-25 11:16:00,M,40~49,office,seoul,0,0,0,0,23,0,0,59,0,0,completed
10617,U0618,2025-04-17 16:11:00,2025-04-17 16:16:00,F,20~29,office,seoul,0,0,0,0,8,0,0,71,0,0,completed
10618,U0619,2025-02-13 12:31:00,2025-02-13 12:37:00,F,40~49,office,seoul,0,0,0,0,1,0,0,40,0,0,completed
10619,U0620,2025-03-19 07:15:00,2025-03-19 07:22:00,F,20~29,office,seoul,0,0,0,0,10,0,0,49,0,0,completed
10620,U0621,2025-01-29 17:10:00,2025-01-29 17:15:00,F,30~39,office,seoul,0,0,0,0,10,0,0,35,1,0,completed
10621,U0622,2025-01-28 11:44:00,2025-01-28 11:46:00,M,30~39,office,seoul,0,0,0,0,5,0,0,49,0,0,timeout
10622,U0623,2025-06-07 07:41:00,2025-06-07 07:45:00,F,30~39,office,seoul,1,0,0,0,23,0,0,55,0,0,completed
10623,U0624,2025-09-21 18:01:00,2025-09-21 18:06:00,F,20~29,office,seoul,1,0,0,0,29,0,0,51,0,0,completed
10624,U0625,2025-04-03 14:08:00,2025-04-03 14:14:00,M,20~29,office,seoul,0,0,0,0,25,0,0,21,0,0,completed
10625,U0626,2025-09-21 09:02:00,2025-09-21 09:07:00,F,20~29,office,seoul,1,0,0,0,7,0,0,62,0,0,completed
10626,U0627,2025-01-24 09:31:00,2025-01-24 09:33:00,M,30~39,office,seoul,0,0,0,0,10,0,0,36,0,0,completed
10627,U0628,2025-06-01 13:15:00,2025-06-01 13:17:00,M,50+,office,seoul,1,0,0,0,19,0,0,71,0,0,completed
10628,U0629,2025-11-29 07:49:00,2025-11-29 07:56:00,F,40~49,office,seoul,1,0,0,0,22,0,0,47,0,0,abandoned
10629,U0630,2025-05-15 09:31:00,2025-05-15 09:37:00,F,20~29,office,seoul,0,0,0,0,27,0,0,68,0,0,completed
10630,U0631,2025-04-19 08:33:00,2025-04-19 08:38:00,F,20~29,office,seoul,1,0,0,0,14,0,0,77,0,0,completed
10631,U0632,2025-07-06 12:12:00,2025-07-06 12:15:00,F,20~29,office,seoul,1,0,0,0,22,0,0,35,0,0,completed
10632,U0633,2025-02-23 08:27:00,2025-02-23 08:29:00,M,40~49,office,seoul,1,0,0,0,27,0,0,48,0,0,completed
10633,U0634,2025-01-30 17:25:00,2025-01-30 17:31:00,M,30~39,office,seoul,0,0,0,0,9,0,0,56,0,0,completed
10634,U0635,2025-09-20 20:02:00,2025-09-20 20:06:00,F,30~39,office,seoul,1,0,0,0,8,0,0,36,0,0,completed
10635,U0636,2025-09-13 09:05:00,2025-09-13 09:12:00,M,40~49,office,seoul,1,0,0,0,16,0,0,41,0,0,completed
10636,U0637,2025-09-24 18:30:00,2025-09-24 18:36:00,M,40~49,office,seoul,0,0,0,0,21,0,0,55,0,1,completed
10637,U0638,2025-03-07 17:04:00,2025-03-07 17:11:00,F,30~39,office,seoul,0,0,0,0,28,0,0,74,0,0,completed
10638,U0639,2025-10-20 17:00:00,2025-10-20 17:05:00,F,20~29,office,seoul,0,0,0,0,3,0,0,38,0,0,completed
10639,U0640,2025-03-10 12:13:00,2025-03-10 12:20:00,F,30~39,office,seoul,0,0,0,0,5,0,0,51,1,0,completed
10640,U0641,2025-10-01 09:50:00,2025-10-01 09:55:00,F,20~29,office,seoul,0,0,0,0,11,0,0,35,0,0,completed
10641,U0642,2025-09-27 08:28:00,2025-09-27 08:31:00,F,20~29,office,seoul,1,0,0,0,25,0,0,52,0,0,abandoned
10642,U0643,2025-05-30 12:50:00,2025-05-30 12:56:00,F,30~39,office,seoul,0,0,0,0,8,0,0,66,0,0,completed
10643,U0644,2025-03-12 16:41:00,2025-03-12 16:43:00,M,50+,office,seoul,0,0,0,0,28,0,0,51,0,0,completed
10644,U0645,2025-07-23 14:07:00,2025-07-23 14:10:00,F,40~49,office,seoul,0,0,0,0,23,0,0,46,0,0,completed
10645,U0646,2025-04-15 14:06:00,2025-04-15 14:12:00,M,20~29,office,seoul,0,0,0,0,11,0,0,59,0,0,completed
10646,U0647,2025-05-05 14:12:00,2025-05-05 14:18:00,M,20~29,office,seoul,0,0,0,0,5,0,0,19,0,0,completed
10647,U0648,2025-09-19 14:17:00,2025-09-19 14:19:00,M,20~29,office,seoul,0,0,0,0,27,0,0,78,0,0,completed
10648,U0649,2025-10-19 13:51:00,2025-10-19 13:57:00,M,20~29,office,seoul,1,0,0,0,24,0,0,66,0,0,completed
10649,U0650,2025-09-30 14:02:00,2025-09-30 14:08:00,F,20~29,office,seoul,0,0,0,0,20,0,0,26,0,0,completed
10650,U0651,2025-05-22 13:15:00,2025-05-22 13:21:00,F,50+,office,seoul,0,0,0,0,25,0,0,70,0,0,completed
10651,U0652,2025-08-06 16:15:00,2025-08-06 16:22:00,M,30~39,office,seoul,0,0,0,0,4,0,0,71,0,0,completed
10652,U0653,2025-02-05 12:26:00,2025-02-05 12:30:00,F,20~29,office,seoul,0,0,0,0,14,0,0,65,0,0,completed
10653,U0654,2025-02-05 17:54:00,2025-02-05 17:59:00,M,40~49,office,seoul,0,0,0,0,16,0,0,29,0,0,completed
10654,U0655,2025-08-20 20:15:00,2025-08-20 20:19:00,F,40~49,office,seoul,0,0,0,0,8,0,0,50,1,0,completed
10655,U0656,2025-06-21 11:16:00,2025-06-21 11:22:00,F,40~49,office,seoul,1,0,0,0,9,0,0,18,0,0,completed
10656,U0657,2025-12-08 18:03:00,2025-12-08 18:10:00,M,30~39,office,seoul,0,0,0,0,23,0,0,38,0,0,completed
10657,U0658,2025-11-02 13:48:00,2025-11-02 13:55:00,M,20~29,office,seoul,1,0,0,0,26,0,0,17,0,0,completed
10658,U0659,2025-05-05 09:22:00,2025-05-05 09:27:00,M,40~49,office,seoul,0,0,0,0,17,0,0,44,0,0,completed
10659,U0660,2025-10-12 21:11:00,2025-10-12 21:14:00,F,30~39,office,seoul,1,0,0,0,6,0,0,24,0,0,completed
10660,U0661,2025-03-10 08:13:00,2025-03-10 08:19:00,F,20~29,office,seoul,0,0,0,0,18,0,0,48,0,0,completed
10661,U0662,2025-12-12 08:36:00,2025-12-12 08:41:00,M,40~49,office,seoul,0,0,0,0,29,0,0,68,0,0,completed
10662,U0663,2025-04-17 15:02:00,2025-04-17 15:09:00,F,40~49,office,seoul,0,0,0,0,2,0,0,27,0,0,abandoned
10663,U0664,2025-03-18 15:51:00,2025-03-18 15:58:00,M,30~39,office,seoul,0,0,0,0,18,0,0,13,0,0,completed
10664,U0665,2025-01-31 09:24:00,2025-01-31 09:27:00,F,40~49,office,seoul,0,0,0,0,8,0,0,16,0,0,completed
10665,U0666,2025-09-28 20:20:00,2025-09-28 20:27:00,M,20~29,office,seoul,1,0,0,0,27,0,0,77,0,0,completed
10666,U0667,2025-06-20 21:11:00,2025-06-20 21:16:00,M,50+,office,seoul,0,0,0,0,14,0,0,76,1,0,abandoned
10667,U0668,2025-04-26 13:41:00,2025-04-26 13:44:00,F,20~29,office,seoul,1,0,0,0,27,0,0,23,0,0,completed
10668,U0669,2025-10-07 16:00:00,2025-10-07 16:02:00,F,30~39,office,seoul,0,0,0,0,5,0,0,69,0,0,completed
10669,U0670,2025-01-19 08:35:00,2025-01-19 08:37:00,M,30~39,office,seoul,1,0,0,0,7,0,0,13,0,0,completed
10670,U0671,2025-11-13 09:08:00,2025-11-13 09:14:00,F,30~39,office,seoul,0,0,0,0,12,0,0,52,0,0,completed
10671,U0672,2025-09-04 18:10:00,2025-09-04 18:17:00,M,40~49,office,seoul,0,0,0,0,3,0,0,78,0,0,completed
10672,U0673,2025-12-13 20:22:00,2025-12-13 20:25:00,F,20~29,office,seoul,1,0,0,0,19,0,0,64,0,0,completed
10673,U0674,2025-04-01 13:38:00,2025-04-01 13:43:00,M,20~29,office,seoul,0,0,0,0,24,0,0,48,0,1,completed
10674,U0675,2025-10-03 17:47:00,2025-10-03 17:52:00,M,20~29,office,seoul,0,0,0,0,16,0,0,39,0,0,completed
10675,U0676,2025-03-04 16:20:00,2025-03-04 16:22:00,M,50+,office,seoul,0,0,0,0,7,0,0,10,0,0,completed
10676,U0677,2025-05-19 12:09:00,2025-05-19 12:12:00,F,40~49,office,seoul,0,0,0,0,16,0,0,27,0,0,timeout
10677,U0678,2025-07-25 08:13:00,2025-07-25 08:20:00,F,30~39,office,seoul,0,0,0,0,5,0,0,31,0,0,abandoned
10678,U0679,2025-07-19 12:16:00,2025-07-19 12:23:00,F,30~39,office,seoul,1,0,0,0,4,0,0,14,0,0,completed
10679,U0680,2025-11-11 21:22:00,2025-11-11 21:27:00,M,50+,office,seoul,0,0,0,0,24,0,0,65,0,0,completed
10680,U0681,2025-03-19 14:14:00,2025-03-19 14:20:00,F,30~39,office,seoul,0,0,0,0,14,0,0,18,0,0,completed
10681,U0682,2025-05-08 15:39:00,2025-05-08 15:42:00,F,40~49,office,seoul,0,0,0,0,4,0,0,78,0,0,error
10682,U0683,2025-12-22 17:51:00,2025-12-22 17:53:00,M,20~29,office,seoul,0,0,0,0,28,0,0,41,0,0,completed
10683,U0684,2025-06-20 12:16:00,2025-06-20 12:19:00,F,30~39,office,seoul,0,0,0,0,21,0,0,29,0,0,completed
10684,U0685,2025-01-03 21:19:00,2025-01-03 21:25:00,M,30~39,office,seoul,0,0,0,0,27,0,0,69,0,0,completed
10685,U0686,2025-10-26 08:26:00,2025-10-26 08:32:00,F,20~29,office,seoul,1,0,0,0,20,0,0,43,0,0,completed
10686,U0687,2025-04-23 13:49:00,2025-04-23 13:52:00,M,20~29,office,seoul,0,0,0,0,2,0,0,40,0,0,completed
10687,U0688,2025-03-18 15:51:00,2025-03-18 15:54:00,M,30~39,office,seoul,0,0,0,0,14,0,0,39,0,0,completed
10688,U0689,2025-08-05 09:14:00,2025-08-05 09:21:00,F,20~29,office,seoul,0,0,0,0,27,0,0,28,0,0,completed
10689,U0690,2025-09-20 15:44:00,2025-09-20 15:47:00,M,30~39,office,seoul,1,0,0,0,18,0,0,27,0,0,completed
10690,U0691,2025-12-12 15:50:00,2025-12-12 15:54:00,F,20~29,office,seoul,0,0,0,0,13,0,0,24,0,0,completed
10691,U0692,2025-03-08 18:18:00,2025-03-08 18:23:00,F,40~49,office,seoul,1,0,0,0,8,0,0,45,0,0,completed
10692,U0693,2025-06-27 09:08:00,2025-06-27 09:12:00,M,20~29,office,seoul,0,0,0,0,3,0,0,23,0,0,completed
10693,U0694,2025-03-13 14:44:00,2025-03-13 14:50:00,M,20~29,office,seoul,0,0,0,0,18,0,0,14,0,0,abandoned
10694,U0695,2025-11-18 19:07:00,2025-11-18 19:11:00,F,40~49,office,seoul,0,0,0,0,11,0,0,51,0,0,completed
10695,U0696,2025-07-31 14:46:00,2025-07-31 14:52:00,M,40~49,office,seoul,0,0,0,0,23,0,0,60,0,0,completed
10696,U0697,2025-12-15 18:32:00,2025-12-15 18:36:00,F,20~29,office,seoul,0,0,0,0,9,0,0,48,0,0,completed
10697,U0698,2025-06-27 13:36:00,2025-06-27 13:43:00,M,30~39,office,seoul,0,0,0,0,2,0,0,37,0,0,completed
10698,U0699,2025-05-29 21:49:00,2025-05-29 21:56:00,F,50+,office,seoul,0,0,0,0,0,0,0,15,1,0,error
10699,U0700,2025-12-10 09:10:00,2025-12-10 09:13:00,F,30~39,office,seoul,0,0,0,0,19,0,0,69,0,0,completed
10700,U0701,2025-07-29 08:51:00,2025-07-29 08:58:00,M,50+,office,seoul,0,0,0,0,21,0,0,14,0,0,completed
10701,U0702,2025-05-20 09:57:00,2025-05-20 10:02:00,M,40~49,office,seoul,0,0,0,0,18,0,0,79,0,0,completed
10702,U0703,2025-01-14 13:29:00,2025-01-14 13:35:00,M,20~29,office,seoul,0,0,0,0,28,0,0,10,0,0,completed
10703,U0704,2025-12-18 20:35:00,2025-12-18 20:38:00,M,30~39,office,seoul,0,0,0,0,20,0,0,51,0,0,completed
10704,U0705,2025-08-23 17:32:00,2025-08-23 17:36:00,F,30~39,office,seoul,1,0,0,0,0,0,0,26,1,0,abandoned
10705,U0706,2025-04-11 18:20:00,2025-04-11 18:26:00,F,20~29,office,seoul,0,0,0,0,12,0,0,44,0,0,completed
10706,U0707,2025-03-31 15:16:00,2025-03-31 15:22:00,F,20~29,office,seoul,0,0,0,0,10,0,0,62,0,0,completed
10707,U0708,2025-08-26 12:43:00,2025-08-26 12:46:00,F,30~39,office,seoul,0,0,0,0,26,0,0,12,0,0,completed
10708,U0709,2025-09-14 18:50:00,2025-09-14 18:54:00,M,30~39,office,seoul,1,0,0,0,18,0,0,17,0,0,completed
10709,U0710,2025-11-03 17:45:00,2025-11-03 17:50:00,M,30~39,office,seoul,0,0,0,0,26,0,0,53,0,0,completed
10710,U0711,2025-04-18 08:42:00,2025-04-18 08:44:00,M,20~29,office,seoul,0,0,0,0,18,0,0,28,0,0,completed
10711,U0712,2025-02-15 15:52:00,2025-02-15 15:55:00,M,40~49,office,seoul,1,0,0,0,19,0,0,53,0,0,completed
10712,U0713,2025-07-25 16:43:00,2025-07-25 16:45:00,F,20~29,office,seoul,0,0,0,0,25,0,0,50,0,0,completed
10713,U0714,2025-07-13 09:00:00,2025-07-13 09:02:00,M,20~29,office,seoul,1,0,0,0,2,0,0,44,0,0,timeout
10714,U0715,2025-03-12 14:42:00,2025-03-12 14:48:00,F,20~29,office,seoul,0,0,0,0,23,0,0,35,0,0,completed
10715,U0716,2025-03-10 08:12:00,2025-03-10 08:17:00,F,30~39,office,seoul,0,0,0,0,14,0,0,12,0,0,completed
10716,U0717,2025-09-09 18:52:00,2025-09-09 18:57:00,M,40~49,office,seoul,0,0,0,0,24,0,0,76,0,0,completed
10717,U0718,2025-10-05 11:48:00,2025-10-05 11:50:00,M,40~49,office,seoul,1,0,0,0,26,0,0,52,1,0,timeout
10718,U0719,2025-03-16 17:28:00,2025-03-16 17:35:00,F,30~39,office,seoul,1,0,0,0,10,0,0,38,0,0,abandoned
10719,U0720,2025-04-24 18:19:00,2025-04-24 18:22:00,F,20~29,office,seoul,0,0,0,0,24,0,0,78,0,0,completed
10720,U0721,2025-07-20 12:06:00,2025-07-20 12:13:00,F,20~29,office,seoul,1,0,0,0,29,0,0,26,0,0,completed
10721,U0722,2025-12-22 17:45:00,2025-12-22 17:51:00,M,50+,office,seoul,0,0,0,0,5,0,0,33,0,0,completed
10722,U0723,2025-12-03 17:41:00,2025-12-03 17:47:00,F,50+,office,seoul,0,0,0,0,0,0,0,37,0,0,completed
10723,U0724,2025-01-12 09:39:00,2025-01-12 09:41:00,M,50+,office,seoul,1,0,0,0,9,0,0,54,0,0,completed
10724,U0725,2025-02-13 19:51:00,2025-02-13 19:53:00,F,20~29,office,seoul,0,0,0,0,15,0,0,66,0,0,completed
10725,U0726,2025-06-08 11:42:00,2025-06-08 11:48:00,M,30~39,office,seoul,1,0,0,0,10,0,0,50,0,0,completed
10726,U0727,2025-07-02 22:08:00,2025-07-02 22:13:00,M,20~29,office,seoul,0,0,0,0,19,0,0,18,0,0,completed
10727,U0728,2025-04-19 09:43:00,2025-04-19 09:50:00,M,30~39,office,seoul,1,0,0,0,7,0,0,12,0,0,completed
10728,U0729,2025-04-07 18:34:00,2025-04-07 18:37:00,F,20~29,office,seoul,0,0,0,0,13,0,0,31,0,0,completed
10729,U0730,2025-02-02 15:28:00,2025-02-02 15:31:00,F,40~49,office,seoul,1,0,0,0,13,0,0,11,0,0,completed
10730,U0731,2025-04-27 16:45:00,2025-04-27 16:50:00,F,20~29,office,seoul,1,0,0,0,7,0,0,21,0,0,error
10731,U0732,2025-10-27 13:59:00,2025-10-27 14:04:00,M,20~29,office,seoul,0,0,0,0,5,0,0,77,0,0,completed
10732,U0733,2025-10-12 15:35:00,2025-10-12 15:39:00,F,50+,office,seoul,1,0,0,0,19,0,0,44,1,0,completed
10733,U0734,2025-09-18 17:46:00,2025-09-18 17:49:00,F,50+,office,seoul,0,0,0,0,29,0,0,53,0,0,completed
10734,U0735,2025-11-06 18:09:00,2025-11-06 18:12:00,F,50+,office,seoul,0,0,0,0,8,0,0,39,1,0,completed
10735,U0736,2025-08-01 15:11:00,2025-08-01 15:16:00,F,40~49,office,seoul,0,0,0,0,27,0,0,71,0,0,abandoned
10736,U0737,2025-07-01 07:06:00,2025-07-01 07:13:00,M,30~39,office,seoul,0,0,0,0,13,0,0,75,0,0,completed
10737,U0738,2025-04-15 11:07:00,2025-04-15 11:12:00,M,40~49,office,seoul,0,0,0,0,9,0,0,11,0,0,completed
10738,U0739,2025-11-28 11:13:00,2025-11-28 11:19:00,M,30~39,office,seoul,0,0,0,0,7,0,0,53,0,0,completed
10739,U0740,2025-08-18 15:05:00,2025-08-18 15:12:00,F,50+,office,seoul,0,0,0,0,0,0,0,29,0,0,completed
10740,U0741,2025-02-21 07:37:00,2025-02-21 07:41:00,F,40~49,office,seoul,0,0,0,0,19,0,0,14,0,0,completed
10741,U0742,2025-09-29 09:30:00,2025-09-29 09:35:00,M,30~39,office,seoul,0,0,0,0,26,0,0,54,0,0,completed
10742,U0743,2025-08-29 22:46:00,2025-08-29 22:50:00,M,50+,office,seoul,0,0,0,0,1,0,0,34,0,0,completed
10743,U0744,2025-04-14 20:24:00,2025-04-14 20:31:00,F,50+,office,seoul,0,0,0,0,18,0,0,53,0,0,completed
10744,U0745,2025-03-16 16:14:00,2025-03-16 16:19:00,M,20~29,office,seoul,1,0,0,0,3,0,0,30,0,0,completed
10745,U0746,2025-01-31 14:33:00,2025-01-31 14:39:00,M,30~39,office,seoul,0,0,0,0,12,0,0,42,0,0,completed
10746,U0747,2025-04-15 11:09:00,2025-04-15 11:16:00,F,30~39,office,seoul,0,0,0,0,13,0,0,31,0,0,completed
10747,U0748,2025-09-30 17:42:00,2025-09-30 17:48:00,M,50+,office,seoul,0,0,0,0,1,0,0,22,0,0,abandoned
10748,U0749,2025-09-17 15:31:00,2025-09-17 15:38:00,M,40~49,office,seoul,0,0,0,0,18,0,0,49,0,0,completed
10749,U0750,2025-02-24 17:17:00,2025-02-24 17:24:00,M,50+,office,seoul,0,0,0,0,23,0,0,70,1,0,completed
10750,U0751,2025-05-10 11:47:00,2025-05-10 11:52:00,M,30~39,office,seoul,1,0,0,0,18,0,0,61,1,0,completed
10751,U0752,2025-09-28 11:49:00,2025-09-28 11:56:00,M,30~39,office,seoul,1,0,0,0,29,0,0,19,0,0,completed
10752,U0753,2025-11-11 11:17:00,2025-11-11 11:21:00,F,50+,office,seoul,0,0,0,0,8,0,0,79,0,1,completed
10753,U0754,2025-11-04 20:35:00,2025-11-04 20:42:00,M,20~29,office,seoul,0,0,0,0,29,0,0,75,0,0,completed
10754,U0755,2025-04-20 13:24:00,2025-04-20 13:30:00,M,30~39,office,seoul,1,0,0,0,18,0,0,39,0,0,completed
10755,U0756,2025-12-26 08:06:00,2025-12-26 08:12:00,F,30~39,office,seoul,0,0,0,0,24,0,0,54,0,0,completed
10756,U0757,2025-02-11 14:28:00,2025-02-11 14:34:00,M,50+,office,seoul,0,0,0,0,11,0,0,15,0,0,completed
10757,U0758,2025-06-28 17:51:00,2025-06-28 17:56:00,M,20~29,office,seoul,1,0,0,0,19,0,0,35,0,0,completed
10758,U0759,2025-03-17 12:35:00,2025-03-17 12:38:00,F,50+,office,seoul,0,0,0,0,6,0,0,72,0,0,completed
10759,U0760,2025-05-11 09:17:00,2025-05-11 09:23:00,F,20~29,office,seoul,1,0,0,0,26,0,0,78,0,0,completed
10760,U0761,2025-10-18 15:39:00,2025-10-18 15:45:00,F,30~39,office,seoul,1,0,0,0,3,0,0,49,0,0,abandoned
10761,U0762,2025-12-19 11:19:00,2025-12-19 11:23:00,F,50+,office,seoul,0,0,0,0,6,0,0,53,1,0,completed
10762,U0763,2025-12-31 14:31:00,2025-12-31 14:38:00,F,50+,office,seoul,0,0,0,0,11,0,0,67,0,0,completed
10763,U0764,2025-07-25 19:53:00,2025-07-25 19:58:00,F,20~29,office,seoul,0,0,0,0,25,0,0,10,0,0,completed
10764,U0765,2025-09-27 16:41:00,2025-09-27 16:48:00,M,30~39,office,seoul,1,0,0,0,10,0,0,59,0,0,completed
10765,U0766,2025-07-13 17:52:00,2025-07-13 17:58:00,M,20~29,office,seoul,1,0,0,0,1,0,0,62,0,0,completed
10766,U0767,2025-08-28 15:38:00,2025-08-28 15:40:00,M,50+,office,seoul,0,0,0,0,10,0,0,79,0,0,completed
10767,U0768,2025-05-10 15:45:00,2025-05-10 15:52:00,F,40~49,office,seoul,1,0,0,0,12,0,0,71,0,0,completed
10768,U0769,2025-06-21 22:39:00,2025-06-21 22:41:00,M,50+,office,seoul,1,0,0,0,6,0,0,23,1,0,completed
10769,U0770,2025-09-12 08:03:00,2025-09-12 08:09:00,F,50+,office,seoul,0,0,0,0,28,0,0,19,0,1,abandoned
10770,U0771,2025-03-20 16:34:00,2025-03-20 16:38:00,F,20~29,office,seoul,0,0,0,0,28,0,0,45,0,0,completed
10771,U0772,2025-08-08 19:28:00,2025-08-08 19:33:00,F,50+,office,seoul,0,0,0,0,14,0,0,31,0,0,timeout
10772,U0773,2025-10-22 14:23:00,2025-10-22 14:25:00,F,50+,office,seoul,0,0,0,0,23,0,0,65,1,0,error
10773,U0774,2025-12-30 16:55:00,2025-12-30 17:02:00,M,20~29,office,seoul,0,0,0,0,3,0,0,60,0,0,completed
10774,U0775,2025-03-06 09:48:00,2025-03-06 09:51:00,F,40~49,office,seoul,0,0,0,0,18,0,0,48,1,0,completed
10775,U0776,2025-10-13 08:51:00,2025-10-13 08:54:00,F,30~39,office,seoul,0,0,0,0,8,0,0,78,0,0,completed
10776,U0777,2025-08-10 07:44:00,2025-08-10 07:47:00,F,40~49,office,seoul,1,0,0,0,16,0,0,33,0,0,completed
10777,U0778,2025-03-27 17:29:00,2025-03-27 17:31:00,M,20~29,office,seoul,0,0,0,0,29,0,0,72,0,0,completed
10778,U0779,2025-05-08 11:17:00,2025-05-08 11:22:00,F,40~49,office,seoul,0,0,0,0,15,0,0,64,0,0,completed
10779,U0780,2025-04-10 09:49:00,2025-04-10 09:51:00,M,20~29,office,seoul,0,0,0,0,11,0,0,16,0,0,completed
10780,U0781,2025-05-04 16:44:00,2025-05-04 16:49:00,F,50+,office,seoul,1,0,0,0,7,0,0,46,0,0,completed
10781,U0782,2025-04-09 09:09:00,2025-04-09 09:11:00,F,30~39,office,seoul,0,0,0,0,27,0,0,65,0,0,completed
10782,U0783,2025-09-06 17:49:00,2025-09-06 17:54:00,F,20~29,office,seoul,1,0,0,0,10,0,0,14,0,0,completed
10783,U0784,2025-09-29 11:36:00,2025-09-29 11:42:00,M,40~49,office,seoul,0,0,0,0,26,0,0,74,0,0,error
10784,U0785,2025-07-18 15:38:00,2025-07-18 15:44:00,M,20~29,office,seoul,0,0,0,0,3,0,0,42,0,0,abandoned
10785,U0786,2025-10-26 16:27:00,2025-10-26 16:29:00,F,30~39,office,seoul,1,0,0,0,24,0,0,63,0,0,completed
10786,U0787,2025-06-13 13:42:00,2025-06-13 13:45:00,M,30~39,office,seoul,0,0,0,0,9,0,0,18,0,0,completed
10787,U0788,2025-12-31 14:17:00,2025-12-31 14:23:00,F,20~29,office,seoul,0,0,0,0,23,0,0,19,0,0,completed
10788,U0789,2025-04-26 07:53:00,2025-04-26 07:58:00,F,20~29,office,seoul,1,0,0,0,3,0,0,18,0,0,completed
10789,U0790,2025-12-14 16:55:00,2025-12-14 17:01:00,F,20~29,office,seoul,1,0,0,0,3,0,0,48,0,0,completed
10790,U0791,2025-06-13 12:06:00,2025-06-13 12:09:00,F,30~39,office,seoul,0,0,0,0,6,0,0,18,0,0,abandoned
10791,U0792,2025-10-28 15:51:00,2025-10-28 15:56:00,F,20~29,office,seoul,0,0,0,0,29,0,0,72,0,0,completed
10792,U0793,2025-07-08 11:19:00,2025-07-08 11:21:00,M,30~39,office,seoul,0,0,0,0,24,0,0,41,0,0,completed
10793,U0794,2025-10-10 13:45:00,2025-10-10 13:50:00,M,50+,office,seoul,0,0,0,0,6,0,0,27,0,0,completed
10794,U0795,2025-04-02 17:44:00,2025-04-02 17:48:00,F,30~39,office,seoul,0,0,0,0,7,0,0,17,0,0,error
10795,U0796,2025-05-29 07:10:00,2025-05-29 07:14:00,M,20~29,office,seoul,0,0,0,0,20,0,0,34,0,0,completed
10796,U0797,2025-04-09 15:23:00,2025-04-09 15:25:00,M,20~29,office,seoul,0,0,0,0,25,0,0,18,0,0,completed
10797,U0798,2025-11-06 16:53:00,2025-11-06 16:58:00,F,20~29,office,seoul,0,0,0,0,25,0,0,38,0,0,completed
10798,U0799,2025-09-12 12:37:00,2025-09-12 12:41:00,F,20~29,office,seoul,0,0,0,0,26,0,0,54,0,0,completed
10799,U0800,2025-02-11 08:27:00,2025-02-11 08:34:00,F,40~49,office,seoul,0,0,0,0,29,0,0,23,0,0,completed
10800,U0801,2025-02-24 08:18:00,2025-02-24 08:23:00,M,20~29,office,seoul,0,0,0,0,9,0,0,23,0,0,completed
10801,U0802,2025-05-23 13:51:00,2025-05-23 13:58:00,M,30~39,office,seoul,0,0,0,0,3,0,0,53,0,0,abandoned
10802,U0803,2025-11-30 13:37:00,2025-11-30 13:44:00,F,30~39,office,seoul,1,0,0,0,11,0,0,46,0,0,completed
10803,U0804,2025-07-23 16:02:00,2025-07-23 16:07:00,M,20~29,office,seoul,0,0,0,0,5,0,0,56,0,0,completed
10804,U0805,2025-04-13 08:06:00,2025-04-13 08:12:00,M,30~39,office,seoul,1,0,0,0,15,0,0,30,0,0,completed
10805,U0806,2025-11-30 13:15:00,2025-11-30 13:22:00,F,20~29,office,seoul,1,0,0,0,25,0,0,75,0,0,completed
10806,U0807,2025-12-20 16:19:00,2025-12-20 16:22:00,F,50+,office,seoul,1,0,0,0,9,0,0,72,0,0,abandoned
10807,U0808,2025-08-31 19:02:00,2025-08-31 19:09:00,M,30~39,office,seoul,1,0,0,0,26,0,0,48,0,0,completed
10808,U0809,2025-05-26 11:23:00,2025-05-26 11:28:00,F,30~39,office,seoul,0,0,0,0,3,0,0,45,0,0,completed
10809,U0810,2025-11-19 08:02:00,2025-11-19 08:09:00,F,50+,office,seoul,0,0,0,0,16,0,0,69,0,0,abandoned
10810,U0811,2025-04-12 12:28:00,2025-04-12 12:30:00,M,30~39,office,seoul,1,0,0,0,2,0,0,58,0,0,completed
10811,U0812,2025-12-10 11:50:00,2025-12-10 11:55:00,M,30~39,office,seoul,0,0,0,0,19,0,0,69,0,0,completed
10812,U0813,2025-09-05 16:32:00,2025-09-05 16:36:00,M,20~29,office,seoul,0,0,0,0,21,0,0,28,0,0,completed
10813,U0814,2025-03-18 17:22:00,2025-03-18 17:25:00,F,50+,office,seoul,0,0,0,0,2,0,0,24,0,0,completed
10814,U0815,2025-12-07 16:09:00,2025-12-07 16:11:00,F,30~39,office,seoul,1,0,0,0,7,0,0,41,0,0,abandoned
10815,U0816,2025-08-06 16:33:00,2025-08-06 16:35:00,F,20~29,office,seoul,0,0,0,0,21,0,0,49,0,0,completed
10816,U0817,2025-10-30 17:41:00,2025-10-30 17:46:00,M,40~49,office,seoul,0,0,0,0,16,0,0,26,0,0,completed
10817,U0818,2025-08-01 17:42:00,2025-08-01 17:47:00,F,30~39,office,seoul,0,0,0,0,0,0,0,28,0,0,timeout
10818,U0819,2025-04-30 16:14:00,2025-04-30 16:17:00,F,30~39,office,seoul,0,0,0,0,11,0,0,35,0,0,completed
10819,U0820,2025-05-20 20:20:00,2025-05-20 20:23:00,F,50+,office,seoul,0,0,0,0,10,0,0,13,0,0,completed
10820,U0821,2025-05-10 15:56:00,2025-05-10 16:02:00,M,40~49,office,seoul,1,0,0,0,24,0,0,59,0,1,completed
10821,U0822,2025-12-08 16:28:00,2025-12-08 16:30:00,M,40~49,office,seoul,0,0,0,0,28,0,0,28,0,0,completed
10822,U0823,2025-05-04 11:25:00,2025-05-04 11:28:00,M,30~39,office,seoul,1,0,0,0,21,0,0,18,0,0,completed
10823,U0824,2025-12-02 12:04:00,2025-12-02 12:11:00,F,50+,office,seoul,0,0,0,0,3,0,0,29,0,0,completed
10824,U0825,2025-06-04 22:08:00,2025-06-04 22:11:00,F,30~39,office,seoul,0,0,0,0,17,0,0,33,0,0,completed
10825,U0826,2025-06-04 12:53:00,2025-06-04 12:58:00,M,30~39,office,seoul,0,0,0,0,22,0,0,67,0,0,completed
10826,U0827,2025-01-09 08:21:00,2025-01-09 08:27:00,M,40~49,office,seoul,0,0,0,0,21,0,0,76,0,0,completed
10827,U0828,2025-09-04 15:40:00,2025-09-04 15:45:00,F,20~29,office,seoul,0,0,0,0,13,0,0,25,0,0,completed
10828,U0829,2025-12-05 07:56:00,2025-12-05 08:02:00,F,20~29,office,seoul,0,0,0,0,4,0,0,16,0,0,completed
10829,U0830,2025-02-12 08:47:00,2025-02-12 08:53:00,M,50+,office,seoul,0,0,0,0,26,0,0,44,0,0,completed
10830,U0831,2025-12-26 16:16:00,2025-12-26 16:19:00,F,30~39,office,seoul,0,0,0,0,7,0,0,71,0,0,completed
10831,U0832,2025-09-16 08:28:00,2025-09-16 08:34:00,M,20~29,office,seoul,0,0,0,0,14,0,0,35,0,0,completed
10832,U0833,2025-08-08 08:27:00,2025-08-08 08:31:00,F,40~49,office,seoul,0,0,0,0,27,0,0,60,0,0,completed
10833,U0834,2025-01-24 15:48:00,2025-01-24 15:55:00,M,20~29,office,seoul,0,0,0,0,8,0,0,45,0,0,completed
10834,U0835,2025-03-04 19:05:00,2025-03-04 19:07:00,M,30~39,office,seoul,0,0,0,0,7,0,0,58,0,0,timeout
10835,U0836,2025-12-22 21:54:00,2025-12-22 22:01:00,F,40~49,office,seoul,0,0,0,0,24,0,0,62,0,0,completed
10836,U0837,2025-07-11 12:12:00,2025-07-11 12:16:00,M,50+,office,seoul,0,0,0,0,6,0,0,43,0,0,completed
10837,U0838,2025-04-15 09:34:00,2025-04-15 09:39:00,M,20~29,office,seoul,0,0,0,0,19,0,0,68,0,0,completed
10838,U0839,2025-12-17 08:02:00,2025-12-17 08:08:00,M,30~39,office,seoul,0,0,0,0,21,0,0,30,0,0,completed
10839,U0840,2025-03-09 14:22:00,2025-03-09 14:24:00,M,50+,office,seoul,1,0,0,0,14,0,0,51,0,0,timeout
10840,U0841,2025-08-26 11:34:00,2025-08-26 11:41:00,F,40~49,office,seoul,0,0,0,0,12,0,0,40,1,0,completed
10841,U0842,2025-06-10 09:21:00,2025-06-10 09:26:00,M,20~29,office,seoul,0,0,0,0,22,0,0,21,0,0,completed
10842,U0843,2025-06-17 12:58:00,2025-06-17 13:05:00,F,50+,office,seoul,0,0,0,0,16,0,0,13,0,0,completed
10843,U0844,2025-12-22 12:07:00,2025-12-22 12:14:00,F,40~49,office,seoul,0,0,0,0,27,0,0,28,0,0,completed
10844,U0845,2025-02-18 07:19:00,2025-02-18 07:25:00,F,20~29,office,seoul,0,0,0,0,1,0,0,19,0,0,completed
10845,U0846,2025-04-18 18:48:00,2025-04-18 18:53:00,F,20~29,office,seoul,0,0,0,0,20,0,0,27,0,0,abandoned
10846,U0847,2025-09-16 08:35:00,2025-09-16 08:41:00,F,40~49,office,seoul,0,0,0,0,3,0,0,22,0,0,completed
10847,U0848,2025-04-07 09:16:00,2025-04-07 09:20:00,F,50+,office,seoul,0,0,0,0,0,0,0,25,0,0,completed
10848,U0849,2025-11-29 14:40:00,2025-11-29 14:47:00,M,20~29,office,seoul,1,0,0,0,3,0,0,65,0,0,completed
10849,U0850,2025-07-10 11:12:00,2025-07-10 11:19:00,M,20~29,office,seoul,0,0,0,0,15,0,0,33,0,0,completed
10850,U0851,2025-06-07 14:45:00,2025-06-07 14:50:00,M,40~49,office,seoul,1,0,0,0,23,0,0,10,0,0,completed
10851,U0852,2025-10-13 16:32:00,2025-10-13 16:37:00,F,20~29,office,seoul,0,0,0,0,29,0,0,13,0,0,completed
10852,U0853,2025-03-30 19:27:00,2025-03-30 19:30:00,F,20~29,office,seoul,1,0,0,0,18,0,0,35,0,0,completed
10853,U0854,2025-05-16 12:43:00,2025-05-16 12:47:00,F,40~49,office,seoul,0,0,0,0,22,0,0,74,0,0,completed
10854,U0855,2025-04-27 09:35:00,2025-04-27 09:38:00,M,20~29,office,seoul,1,0,0,0,20,0,0,79,0,0,abandoned
10855,U0856,2025-06-23 09:53:00,2025-06-23 10:00:00,F,30~39,office,seoul,0,0,0,0,0,0,0,48,0,0,completed
10856,U0857,2025-03-07 18:48:00,2025-03-07 18:50:00,M,30~39,office,seoul,0,0,0,0,7,0,0,40,0,0,completed
10857,U0858,2025-09-05 13:25:00,2025-09-05 13:31:00,F,30~39,office,seoul,0,0,0,0,24,0,0,76,0,0,completed
10858,U0859,2025-10-12 18:56:00,2025-10-12 19:00:00,F,40~49,office,seoul,1,0,0,0,6,0,0,49,1,0,completed
10859,U0860,2025-07-18 15:43:00,2025-07-18 15:49:00,M,20~29,office,seoul,0,0,0,0,9,0,0,46,0,0,completed
10860,U0861,2025-01-05 15:59:00,2025-01-05 16:01:00,F,50+,office,seoul,1,0,0,0,20,0,0,22,0,0,completed
10861,U0862,2025-07-19 07:32:00,2025-07-19 07:34:00,M,20~29,office,seoul,1,0,0,0,29,0,0,50,0,0,completed
10862,U0863,2025-04-19 15:22:00,2025-04-19 15:25:00,F,40~49,office,seoul,1,0,0,0,29,0,0,48,0,0,error
10863,U0864,2025-08-09 08:33:00,2025-08-09 08:40:00,F,20~29,office,seoul,1,0,0,0,4,0,0,71,0,0,completed
10864,U0865,2025-08-05 20:46:00,2025-08-05 20:53:00,F,20~29,office,seoul,0,0,0,0,17,0,0,54,0,0,completed
10865,U0866,2025-08-15 07:06:00,2025-08-15 07:11:00,M,40~49,office,seoul,0,0,0,0,7,0,0,40,0,0,completed
10866,U0867,2025-04-13 09:56:00,2025-04-13 10:00:00,F,40~49,office,seoul,1,0,0,0,27,0,0,17,0,0,completed
10867,U0868,2025-05-25 15:29:00,2025-05-25 15:31:00,F,30~39,office,seoul,1,0,0,0,4,0,0,24,0,0,completed
10868,U0869,2025-08-27 16:39:00,2025-08-27 16:45:00,F,40~49,office,seoul,0,0,0,0,27,0,0,78,0,0,completed
10869,U0870,2025-08-02 15:37:00,2025-08-02 15:39:00,F,30~39,office,seoul,1,0,0,0,19,0,0,20,0,0,completed
10870,U0871,2025-10-28 15:56:00,2025-10-28 16:02:00,F,50+,office,seoul,0,0,0,0,8,0,0,32,0,0,completed
10871,U0872,2025-07-04 18:24:00,2025-07-04 18:29:00,F,50+,office,seoul,0,0,0,0,13,0,0,23,0,0,completed
10872,U0873,2025-01-21 20:15:00,2025-01-21 20:18:00,F,20~29,office,seoul,0,0,0,0,24,0,0,41,0,0,completed
10873,U0874,2025-05-19 17:14:00,2025-05-19 17:21:00,M,40~49,office,seoul,0,0,0,0,9,0,0,18,1,0,completed
10874,U0875,2025-09-28 15:30:00,2025-09-28 15:36:00,M,50+,office,seoul,1,0,0,0,17,0,0,74,0,0,completed
10875,U0876,2025-11-26 07:47:00,2025-11-26 07:54:00,F,20~29,office,seoul,0,0,0,0,11,0,0,67,0,0,completed
10876,U0877,2025-08-25 12:34:00,2025-08-25 12:36:00,F,40~49,office,seoul,0,0,0,0,25,0,0,35,0,0,completed
10877,U0878,2025-02-05 11:57:00,2025-02-05 12:01:00,F,30~39,office,seoul,0,0,0,0,0,0,0,37,0,0,completed
10878,U0879,2025-06-10 08:54:00,2025-06-10 08:56:00,F,30~39,office,seoul,0,0,0,0,19,0,0,55,1,0,completed
10879,U0880,2025-10-12 17:25:00,2025-10-12 17:31:00,M,30~39,office,seoul,1,0,0,0,19,0,0,42,0,0,error
10880,U0881,2025-08-04 13:52:00,2025-08-04 13:57:00,F,20~29,office,seoul,0,0,0,0,10,0,0,36,0,0,completed
10881,U0882,2025-06-04 20:51:00,2025-06-04 20:54:00,M,20~29,office,seoul,0,0,0,0,24,0,0,68,0,0,abandoned
10882,U0883,2025-11-29 14:22:00,2025-11-29 14:29:00,F,40~49,office,seoul,1,0,0,0,1,0,0,47,0,0,completed
10883,U0884,2025-09-03 14:59:00,2025-09-03 15:01:00,F,40~49,office,seoul,0,0,0,0,9,0,0,56,0,0,completed
10884,U0885,2025-03-10 12:41:00,2025-03-10 12:44:00,M,50+,office,seoul,0,0,0,0,12,0,0,43,0,1,completed
10885,U0886,2025-12-18 18:33:00,2025-12-18 18:39:00,M,30~39,office,seoul,0,0,0,0,29,0,0,39,0,0,completed
10886,U0887,2025-02-10 20:07:00,2025-02-10 20:13:00,F,20~29,office,seoul,0,0,0,0,17,0,0,18,0,0,completed
10887,U0888,2025-07-22 09:11:00,2025-07-22 09:18:00,F,50+,office,seoul,0,0,0,0,20,0,0,50,0,0,completed
10888,U0889,2025-06-04 07:03:00,2025-06-04 07:08:00,F,50+,office,seoul,0,0,0,0,11,0,0,71,0,0,completed
10889,U0890,2025-05-14 16:09:00,2025-05-14 16:14:00,F,20~29,office,seoul,0,0,0,0,10,0,0,66,0,0,completed
10890,U0891,2025-08-28 09:15:00,2025-08-28 09:18:00,M,40~49,office,seoul,0,0,0,0,24,0,0,72,0,0,abandoned
10891,U0892,2025-02-06 16:34:00,2025-02-06 16:38:00,M,30~39,office,seoul,0,0,0,0,4,0,0,30,0,0,completed
10892,U0893,2025-07-01 14:54:00,2025-07-01 14:58:00,F,20~29,office,seoul,0,0,0,0,6,0,0,79,0,0,completed
10893,U0894,2025-10-10 17:23:00,2025-10-10 17:26:00,F,40~49,office,seoul,0,0,0,0,23,0,0,10,0,0,completed
10894,U0895,2025-09-10 21:42:00,2025-09-10 21:45:00,F,20~29,office,seoul,0,0,0,0,21,0,0,31,0,0,completed
10895,U0896,2025-05-12 12:16:00,2025-05-12 12:23:00,F,20~29,office,seoul,0,0,0,0,12,0,0,58,0,0,completed
10896,U0897,2025-06-11 22:40:00,2025-06-11 22:42:00,M,30~39,office,seoul,0,0,0,0,10,0,0,36,0,0,completed
10897,U0898,2025-03-19 21:50:00,2025-03-19 21:53:00,F,30~39,office,seoul,0,0,0,0,21,0,0,71,0,0,completed
10898,U0899,2025-01-23 09:45:00,2025-01-23 09:49:00,F,30~39,office,seoul,0,0,0,0,21,0,0,66,0,0,completed
10899,U0900,2025-04-07 17:00:00,2025-04-07 17:03:00,F,50+,office,seoul,0,0,0,0,12,0,0,17,0,0,completed
10900,U0901,2025-08-29 12:37:00,2025-08-29 12:44:00,M,30~39,office,seoul,0,0,0,0,4,0,0,16,1,0,completed
10901,U0902,2025-03-09 15:45:00,2025-03-09 15:50:00,M,20~29,office,seoul,1,0,0,0,2,0,0,66,0,0,completed
10902,U0903,2025-09-01 12:03:00,2025-09-01 12:07:00,M,20~29,office,seoul,0,0,0,0,10,0,0,11,0,0,completed
10903,U0904,2025-01-12 19:49:00,2025-01-12 19:53:00,M,20~29,office,seoul,1,0,0,0,12,0,0,78,0,0,completed
10904,U0905,2025-04-03 14:46:00,2025-04-03 14:50:00,F,40~49,office,seoul,0,0,0,0,10,0,0,23,0,0,completed
10905,U0906,2025-04-27 07:35:00,2025-04-27 07:41:00,F,40~49,office,seoul,1,0,0,0,9,0,0,16,0,0,completed
10906,U0907,2025-08-08 09:16:00,2025-08-08 09:21:00,F,20~29,office,seoul,0,0,0,0,4,0,0,49,0,0,completed
10907,U0908,2025-02-04 13:18:00,2025-02-04 13:22:00,M,30~39,office,seoul,0,0,0,0,22,0,0,70,1,0,completed
10908,U0909,2025-01-18 15:26:00,2025-01-18 15:32:00,M,20~29,office,seoul,1,0,0,0,14,0,0,35,0,0,completed
10909,U0910,2025-03-02 11:51:00,2025-03-02 11:55:00,F,20~29,office,seoul,1,0,0,0,11,0,0,22,0,0,completed
10910,U0911,2025-04-02 18:05:00,2025-04-02 18:12:00,M,40~49,office,seoul,0,0,0,0,14,0,0,49,0,0,completed
10911,U0912,2025-07-15 17:51:00,2025-07-15 17:56:00,M,30~39,office,seoul,0,0,0,0,22,0,0,38,0,0,completed
10912,U0913,2025-10-16 11:16:00,2025-10-16 11:22:00,M,30~39,office,seoul,0,0,0,0,13,0,0,35,0,0,abandoned
10913,U0914,2025-09-07 16:26:00,2025-09-07 16:30:00,M,40~49,office,seoul,1,0,0,0,12,0,0,41,0,0,completed
10914,U0915,2025-04-12 17:37:00,2025-04-12 17:39:00,M,20~29,office,seoul,1,0,0,0,3,0,0,42,0,0,completed
10915,U0916,2025-09-13 07:08:00,2025-09-13 07:12:00,F,40~49,office,seoul,1,0,0,0,12,0,0,67,0,0,completed
10916,U0917,2025-11-12 09:15:00,2025-11-12 09:19:00,M,20~29,office,seoul,0,0,0,0,25,0,0,31,0,0,completed
10917,U0918,2025-06-04 16:47:00,2025-06-04 16:54:00,M,20~29,office,seoul,0,0,0,0,23,0,0,17,0,1,completed
10918,U0919,2025-08-06 09:20:00,2025-08-06 09:24:00,F,40~49,office,seoul,0,0,0,0,25,0,0,68,0,0,timeout
10919,U0920,2025-10-11 18:41:00,2025-10-11 18:44:00,M,20~29,office,seoul,1,0,0,0,27,0,0,21,0,0,completed
10920,U0921,2025-06-15 07:48:00,2025-06-15 07:52:00,F,50+,office,seoul,1,0,0,0,10,0,0,37,0,0,error
10921,U0922,2025-11-02 08:40:00,2025-11-02 08:47:00,F,20~29,office,seoul,1,0,0,0,19,0,0,71,0,0,completed
10922,U0923,2025-01-18 09:28:00,2025-01-18 09:31:00,M,50+,office,seoul,1,0,0,0,8,0,0,75,0,0,completed
10923,U0924,2025-12-27 09:25:00,2025-12-27 09:31:00,F,20~29,office,seoul,1,0,0,0,16,0,0,77,0,0,completed
10924,U0925,2025-03-01 18:51:00,2025-03-01 18:55:00,M,30~39,office,seoul,1,0,0,0,7,0,0,63,0,0,completed
10925,U0926,2025-04-29 14:29:00,2025-04-29 14:35:00,F,50+,office,seoul,0,0,0,0,21,0,0,15,0,0,completed
10926,U0927,2025-10-12 13:51:00,2025-10-12 13:53:00,M,30~39,office,seoul,1,0,0,0,18,0,0,12,0,0,completed
10927,U0928,2025-08-01 15:36:00,2025-08-01 15:40:00,M,40~49,office,seoul,0,0,0,0,0,0,0,15,0,0,completed
10928,U0929,2025-04-02 15:27:00,2025-04-02 15:31:00,M,30~39,office,seoul,0,0,0,0,11,0,0,17,0,0,completed
10929,U0930,2025-12-25 15:39:00,2025-12-25 15:43:00,F,20~29,office,seoul,0,0,0,0,10,0,0,45,0,0,completed
10930,U0931,2025-09-05 16:51:00,2025-09-05 16:54:00,F,30~39,office,seoul,0,0,0,0,21,0,0,16,0,0,completed
10931,U0932,2025-01-02 19:23:00,2025-01-02 19:26:00,F,20~29,office,seoul,0,0,0,0,2,0,0,54,0,0,completed
10932,U0933,2025-05-20 12:47:00,2025-05-20 12:54:00,F,30~39,office,seoul,0,0,0,0,22,0,0,75,0,0,completed
10933,U0934,2025-10-30 09:49:00,2025-10-30 09:56:00,M,20~29,office,seoul,0,0,0,0,25,0,0,67,0,0,completed
10934,U0935,2025-01-29 07:21:00,2025-01-29 07:25:00,F,30~39,office,seoul,0,0,0,0,23,0,0,72,0,0,completed
10935,U0936,2025-01-27 12:52:00,2025-01-27 12:56:00,M,20~29,office,seoul,0,0,0,0,8,0,0,51,0,0,completed
10936,U0937,2025-06-17 18:17:00,2025-06-17 18:24:00,F,50+,office,seoul,0,0,0,0,14,0,0,62,0,0,completed
10937,U0938,2025-03-06 16:39:00,2025-03-06 16:42:00,M,40~49,office,seoul,0,0,0,0,5,0,0,14,0,0,completed
10938,U0939,2025-02-16 14:30:00,2025-02-16 14:37:00,M,20~29,office,seoul,1,0,0,0,22,0,0,18,0,0,completed
10939,U0940,2025-01-11 12:08:00,2025-01-11 12:13:00,F,50+,office,seoul,1,0,0,0,20,0,0,48,0,1,abandoned
10940,U0941,2025-03-19 13:58:00,2025-03-19 14:03:00,F,20~29,office,seoul,0,0,0,0,23,0,0,67,0,0,completed
10941,U0942,2025-10-14 12:03:00,2025-10-14 12:05:00,M,40~49,office,seoul,0,0,0,0,18,0,0,44,0,0,completed
10942,U0943,2025-07-31 15:29:00,2025-07-31 15:35:00,M,30~39,office,seoul,0,0,0,0,3,0,0,10,1,1,completed
10943,U0944,2025-06-11 12:47:00,2025-06-11 12:53:00,M,20~29,office,seoul,0,0,0,0,29,0,0,46,0,0,completed
10944,U0945,2025-09-02 09:19:00,2025-09-02 09:23:00,M,20~29,office,seoul,0,0,0,0,6,0,0,16,0,0,completed
10945,U0946,2025-10-19 16:23:00,2025-10-19 16:25:00,M,30~39,office,seoul,1,0,0,0,12,0,0,38,1,0,completed
10946,U0947,2025-01-26 18:27:00,2025-01-26 18:32:00,F,40~49,office,seoul,1,0,0,0,20,0,0,12,0,0,abandoned
10947,U0948,2025-05-30 12:13:00,2025-05-30 12:20:00,M,40~49,office,seoul,0,0,0,0,14,0,0,74,0,0,completed
10948,U0949,2025-01-21 17:47:00,2025-01-21 17:54:00,M,30~39,office,seoul,0,0,0,0,2,0,0,13,0,0,completed
10949,U0950,2025-02-10 17:47:00,2025-02-10 17:54:00,F,30~39,office,seoul,0,0,0,0,25,0,0,45,0,0,abandoned
10950,U0951,2025-08-11 07:08:00,2025-08-11 07:15:00,M,40~49,office,seoul,0,0,0,0,28,0,0,68,0,0,completed
10951,U0952,2025-12-19 18:04:00,2025-12-19 18:07:00,F,20~29,office,seoul,0,0,0,0,14,0,0,52,0,0,completed
10952,U0953,2025-02-12 15:07:00,2025-02-12 15:13:00,F,20~29,office,seoul,0,0,0,0,3,0,0,52,0,0,completed
10953,U0954,2025-04-17 12:57:00,2025-04-17 13:01:00,M,20~29,office,seoul,0,0,0,0,22,0,0,26,0,0,abandoned
10954,U0955,2025-05-16 18:40:00,2025-05-16 18:45:00,M,20~29,office,seoul,0,0,0,0,25,0,0,20,0,0,completed
10955,U0956,2025-07-15 17:22:00,2025-07-15 17:24:00,M,20~29,office,seoul,0,0,0,0,15,0,0,14,0,0,completed
10956,U0957,2025-09-07 07:32:00,2025-09-07 07:39:00,M,30~39,office,seoul,1,0,0,0,4,0,0,29,0,0,completed
10957,U0958,2025-03-26 08:21:00,2025-03-26 08:27:00,F,40~49,office,seoul,0,0,0,0,26,0,0,70,0,0,completed
10958,U0959,2025-05-09 12:07:00,2025-05-09 12:13:00,F,20~29,office,seoul,0,0,0,0,5,0,0,77,0,0,completed
10959,U0960,2025-05-27 08:16:00,2025-05-27 08:19:00,F,30~39,office,seoul,0,0,0,0,24,0,0,78,0,0,completed
10960,U0961,2025-06-24 14:45:00,2025-06-24 14:51:00,F,20~29,office,seoul,0,0,0,0,10,0,0,49,0,0,completed
10961,U0962,2025-08-14 08:26:00,2025-08-14 08:28:00,F,40~49,office,seoul,0,0,0,0,2,0,0,48,0,0,completed
10962,U0963,2025-08-17 21:09:00,2025-08-17 21:11:00,F,30~39,office,seoul,1,0,0,0,26,0,0,42,0,0,abandoned
10963,U0964,2025-09-29 13:01:00,2025-09-29 13:07:00,M,50+,office,seoul,0,0,0,0,1,0,0,76,1,0,completed
10964,U0965,2025-12-09 08:45:00,2025-12-09 08:48:00,M,30~39,office,seoul,0,0,0,0,8,0,0,22,0,0,completed
10965,U0966,2025-03-17 09:26:00,2025-03-17 09:29:00,F,50+,office,seoul,0,0,0,0,21,0,0,71,0,0,completed
10966,U0967,2025-10-05 20:19:00,2025-10-05 20:26:00,F,20~29,office,seoul,1,0,0,0,24,0,0,35,0,0,completed
10967,U0968,2025-02-26 17:11:00,2025-02-26 17:17:00,F,40~49,office,seoul,0,0,0,0,14,0,0,75,0,0,completed
10968,U0969,2025-05-13 13:11:00,2025-05-13 13:15:00,F,30~39,office,seoul,0,0,0,0,29,0,0,36,0,0,completed
10969,U0970,2025-07-10 11:11:00,2025-07-10 11:14:00,F,20~29,office,seoul,0,0,0,0,6,0,0,72,0,0,completed
10970,U0971,2025-12-10 20:37:00,2025-12-10 20:41:00,M,50+,office,seoul,0,0,0,0,2,0,0,76,0,0,completed
10971,U0972,2025-03-03 12:45:00,2025-03-03 12:49:00,M,20~29,office,seoul,0,0,0,0,26,0,0,31,0,0,completed
10972,U0973,2025-07-01 18:31:00,2025-07-01 18:36:00,F,40~49,office,seoul,0,0,0,0,8,0,0,37,0,0,completed
10973,U0974,2025-07-06 17:23:00,2025-07-06 17:30:00,F,40~49,office,seoul,1,0,0,0,22,0,0,74,0,0,completed
10974,U0975,2025-07-01 22:11:00,2025-07-01 22:15:00,F,20~29,office,seoul,0,0,0,0,15,0,0,24,0,1,completed
10975,U0976,2025-10-19 22:26:00,2025-10-19 22:31:00,F,50+,office,seoul,1,0,0,0,14,0,0,54,1,0,completed
10976,U0977,2025-10-28 09:39:00,2025-10-28 09:43:00,M,20~29,office,seoul,0,0,0,0,12,0,0,36,0,0,abandoned
10977,U0978,2025-10-03 15:38:00,2025-10-03 15:45:00,F,20~29,office,seoul,0,0,0,0,26,0,0,72,0,0,completed
10978,U0979,2025-11-01 15:24:00,2025-11-01 15:26:00,F,20~29,office,seoul,1,0,0,0,17,0,0,70,0,0,completed
10979,U0980,2025-01-02 13:32:00,2025-01-02 13:35:00,F,30~39,office,seoul,0,0,0,0,23,0,0,39,0,0,completed
10980,U0981,2025-03-06 12:28:00,2025-03-06 12:33:00,F,40~49,office,seoul,0,0,0,0,3,0,0,60,0,0,completed
10981,U0982,2025-08-17 07:26:00,2025-08-17 07:29:00,M,40~49,office,seoul,1,0,0,0,18,0,0,56,0,0,completed
10982,U0983,2025-09-07 15:07:00,2025-09-07 15:10:00,M,30~39,office,seoul,1,0,0,0,16,0,0,22,0,0,completed
10983,U0984,2025-09-23 22:24:00,2025-09-23 22:31:00,F,20~29,office,seoul,0,0,0,0,1,0,0,37,0,0,completed
10984,U0985,2025-09-28 14:23:00,2025-09-28 14:28:00,M,30~39,office,seoul,1,0,0,0,18,0,0,31,0,0,completed
10985,U0986,2025-03-28 16:45:00,2025-03-28 16:49:00,F,20~29,office,seoul,0,0,0,0,12,0,0,71,0,0,completed
10986,U0987,2025-05-22 13:55:00,2025-05-22 13:58:00,F,20~29,office,seoul,0,0,0,0,29,0,0,61,0,0,completed
10987,U0988,2025-07-14 13:42:00,2025-07-14 13:44:00,M,20~29,office,seoul,0,0,0,0,26,0,0,11,0,0,completed
10988,U0989,2025-01-02 11:20:00,2025-01-02 11:26:00,F,50+,office,seoul,0,0,0,0,9,0,0,55,0,1,completed
10989,U0990,2025-06-06 17:41:00,2025-06-06 17:47:00,F,50+,office,seoul,0,0,0,0,16,0,0,53,0,0,completed
10990,U0991,2025-01-30 15:21:00,2025-01-30 15:25:00,F,50+,office,seoul,0,0,0,0,13,0,0,69,0,0,completed
10991,U0992,2025-12-10 09:09:00,2025-12-10 09:14:00,F,20~29,office,seoul,0,0,0,0,11,0,0,39,0,0,completed
10992,U0993,2025-10-08 13:23:00,2025-10-08 13:30:00,F,30~39,office,seoul,0,0,0,0,10,0,0,33,0,0,completed
10993,U0994,2025-12-11 09:24:00,2025-12-11 09:29:00,F,50+,office,seoul,0,0,0,0,25,0,0,66,0,0,completed
10994,U0995,2025-08-09 09:46:00,2025-08-09 09:50:00,F,20~29,office,seoul,1,0,0,0,28,0,0,65,0,0,completed
10995,U0996,2025-06-18 08:49:00,2025-06-18 08:53:00,F,20~29,office,seoul,0,0,0,0,0,0,0,53,0,0,completed
10996,U0997,2025-08-04 17:45:00,2025-08-04 17:50:00,F,30~39,office,seoul,0,0,0,0,20,0,0,71,0,0,abandoned
10997,U0998,2025-11-12 07:26:00,2025-11-12 07:28:00,M,20~29,office,seoul,0,0,0,0,19,0,0,66,0,0,completed
10998,U0999,2025-12-11 22:55:00,2025-12-11 22:58:00,F,50+,office,seoul,0,0,0,0,24,0,0,14,0,0,completed
10999,U1000,2025-01-20 11:21:00,2025-01-20 11:27:00,F,30~39,office,seoul,0,0,0,0,26,0,0,38,0,0,completed
11000,U1001,2025-01-12 18:12:00,2025-01-12 18:15:00,M,20~29,office,seoul,1,0,0,0,25,0,0,17,0,0,completed
11001,U1002,2025-05-29 12:12:00,2025-05-29 12:17:00,M,20~29,office,seoul,0,0,0,0,18,0,0,28,0,0,completed
11002,U1003,2025-01-26 08:38:00,2025-01-26 08:45:00,F,50+,office,seoul,1,0,0,0,15,0,0,60,0,0,completed
11003,U1004,2025-09-01 14:55:00,2025-09-01 15:02:00,F,30~39,office,seoul,0,0,0,0,22,0,0,19,0,0,completed
11004,U1005,2025-06-09 16:30:00,2025-06-09 16:34:00,M,20~29,office,seoul,0,0,0,0,29,0,0,75,0,0,completed
11005,U1006,2025-08-08 17:16:00,2025-08-08 17:18:00,M,20~29,office,seoul,0,0,0,0,21,0,0,34,0,0,abandoned
11006,U1007,2025-11-16 19:15:00,2025-11-16 19:19:00,M,20~29,office,seoul,1,0,0,0,15,0,0,17,0,0,completed
11007,U1008,2025-09-02 11:42:00,2025-09-02 11:47:00,M,30~39,office,seoul,0,0,0,0,10,0,0,59,0,0,completed
11008,U1009,2025-04-25 08:13:00,2025-04-25 08:16:00,M,30~39,office,seoul,0,0,0,0,20,0,0,41,0,0,timeout
11009,U1010,2025-05-05 19:35:00,2025-05-05 19:40:00,F,30~39,office,seoul,0,0,0,0,26,0,0,54,0,0,abandoned
11010,U1011,2025-12-19 08:28:00,2025-12-19 08:32:00,M,30~39,office,seoul,0,0,0,0,26,0,0,57,0,0,completed
11011,U1012,2025-09-25 16:09:00,2025-09-25 16:11:00,F,20~29,office,seoul,0,0,0,0,16,0,0,30,0,0,completed
11012,U1013,2025-09-07 16:44:00,2025-09-07 16:46:00,M,30~39,office,seoul,1,0,0,0,16,0,0,12,1,0,completed
11013,U1014,2025-08-14 12:04:00,2025-08-14 12:09:00,M,30~39,office,seoul,0,0,0,0,3,0,0,18,0,0,completed
11014,U1015,2025-08-13 21:46:00,2025-08-13 21:51:00,F,30~39,office,seoul,0,0,0,0,3,0,0,46,0,0,completed
11015,U1016,2025-11-13 20:43:00,2025-11-13 20:49:00,F,20~29,office,seoul,0,0,0,0,24,0,0,18,0,0,abandoned
11016,U1017,2025-04-27 08:59:00,2025-04-27 09:04:00,F,40~49,office,seoul,1,0,0,0,21,0,0,60,0,0,completed
11017,U1018,2025-07-26 19:22:00,2025-07-26 19:24:00,M,20~29,office,seoul,1,0,0,0,27,0,0,37,0,0,completed
11018,U1019,2025-04-04 18:26:00,2025-04-04 18:28:00,F,50+,office,seoul,0,0,0,0,26,0,0,40,0,1,completed
11019,U1020,2025-04-06 14:09:00,2025-04-06 14:14:00,F,50+,office,seoul,1,0,0,0,2,0,0,63,0,0,completed
11020,U1021,2025-09-19 22:17:00,2025-09-19 22:21:00,F,50+,office,seoul,0,0,0,0,29,0,0,73,0,0,completed
11021,U1022,2025-09-29 11:46:00,2025-09-29 11:48:00,M,40~49,office,seoul,0,0,0,0,29,0,0,58,0,0,abandoned
11022,U1023,2025-06-03 12:50:00,2025-06-03 12:55:00,F,20~29,office,seoul,0,0,0,0,12,0,0,19,0,0,completed
11023,U1024,2025-09-14 19:59:00,2025-09-14 20:06:00,F,40~49,office,seoul,1,0,0,0,18,0,0,31,0,0,completed
11024,U1025,2025-01-22 13:13:00,2025-01-22 13:20:00,M,40~49,office,seoul,0,0,0,0,2,0,0,33,0,0,timeout
11025,U1026,2025-06-20 19:34:00,2025-06-20 19:38:00,M,50+,office,seoul,0,0,0,0,13,0,0,43,0,0,completed
11026,U1027,2025-04-17 14:56:00,2025-04-17 15:01:00,F,20~29,office,seoul,0,0,0,0,0,0,0,62,0,0,completed
11027,U1028,2025-09-06 15:33:00,2025-09-06 15:39:00,F,30~39,office,seoul,1,0,0,0,8,0,0,55,0,0,completed
11028,U1029,2025-07-22 17:45:00,2025-07-22 17:50:00,M,20~29,office,seoul,0,0,0,0,13,0,0,40,0,0,completed
11029,U1030,2025-11-22 12:44:00,2025-11-22 12:46:00,M,20~29,office,seoul,1,0,0,0,4,0,0,46,0,0,completed
11030,U1031,2025-12-27 09:55:00,2025-12-27 09:57:00,M,20~29,office,seoul,1,0,0,0,3,0,0,64,0,0,completed
11031,U1032,2025-11-26 18:50:00,2025-11-26 18:55:00,F,30~39,office,seoul,0,0,0,0,25,0,0,59,0,0,error
11032,U1033,2025-06-04 12:30:00,2025-06-04 12:37:00,F,30~39,office,seoul,0,0,0,0,22,0,0,66,0,0,completed
11033,U1034,2025-05-28 11:08:00,2025-05-28 11:14:00,F,30~39,office,seoul,0,0,0,0,2,0,0,15,0,0,completed
11034,U1035,2025-10-29 09:50:00,2025-10-29 09:54:00,F,30~39,office,seoul,0,0,0,0,3,0,0,42,0,0,completed
11035,U1036,2025-07-28 15:07:00,2025-07-28 15:10:00,F,20~29,office,seoul,0,0,0,0,19,0,0,26,0,0,completed
11036,U1037,2025-03-03 07:53:00,2025-03-03 07:56:00,M,40~49,office,seoul,0,0,0,0,26,0,0,64,0,1,completed
11037,U1038,2025-11-06 16:37:00,2025-11-06 16:42:00,M,50+,office,seoul,0,0,0,0,4,0,0,79,0,0,error
11038,U1039,2025-12-22 17:23:00,2025-12-22 17:26:00,F,20~29,office,seoul,0,0,0,0,22,0,0,61,0,0,completed
11039,U1040,2025-09-30 21:46:00,2025-09-30 21:51:00,M,50+,office,seoul,0,0,0,0,20,0,0,49,0,0,completed
11040,U1041,2025-12-08 19:47:00,2025-12-08 19:51:00,F,40~49,office,seoul,0,0,0,0,2,0,0,11,1,0,completed
11041,U1042,2025-11-01 15:47:00,2025-11-01 15:52:00,F,20~29,office,seoul,1,0,0,0,2,0,0,59,0,0,completed
11042,U1043,2025-07-01 09:25:00,2025-07-01 09:30:00,M,50+,office,seoul,0,0,0,0,12,0,0,11,0,0,completed
11043,U1044,2025-02-22 09:32:00,2025-02-22 09:39:00,F,30~39,office,seoul,1,0,0,0,11,0,0,73,0,0,completed
11044,U1045,2025-09-21 18:03:00,2025-09-21 18:05:00,M,50+,office,seoul,1,0,0,0,3,0,0,34,1,0,completed
11045,U1046,2025-09-04 17:49:00,2025-09-04 17:52:00,F,20~29,office,seoul,0,0,0,0,5,0,0,79,0,0,timeout
11046,U1047,2025-12-27 15:05:00,2025-12-27 15:08:00,M,50+,office,seoul,1,0,0,0,28,0,0,49,0,0,completed
11047,U1048,2025-09-21 13:56:00,2025-09-21 14:00:00,F,40~49,office,seoul,1,0,0,0,7,0,0,65,0,0,completed
11048,U1049,2025-02-18 22:01:00,2025-02-18 22:07:00,M,50+,office,seoul,0,0,0,0,6,0,0,56,0,0,abandoned
11049,U1050,2025-09-23 14:16:00,2025-09-23 14:19:00,F,50+,office,seoul,0,0,0,0,17,0,0,35,0,0,completed
11050,U1051,2025-05-29 19:53:00,2025-05-29 19:56:00,M,20~29,office,seoul,0,0,0,0,26,0,0,24,0,0,completed
11051,U1052,2025-06-09 18:49:00,2025-06-09 18:55:00,F,30~39,office,seoul,0,0,0,0,26,0,0,37,0,0,completed
11052,U1053,2025-04-19 11:19:00,2025-04-19 11:21:00,F,40~49,office,seoul,1,0,0,0,6,0,0,19,0,0,completed
11053,U1054,2025-08-31 07:41:00,2025-08-31 07:48:00,F,30~39,office,seoul,1,0,0,0,22,0,0,65,0,0,completed
11054,U1055,2025-12-23 22:44:00,2025-12-23 22:46:00,M,30~39,office,seoul,0,0,0,0,23,0,0,63,0,0,completed
11055,U1056,2025-02-20 15:27:00,2025-02-20 15:29:00,F,40~49,office,seoul,0,0,0,0,25,0,0,11,0,0,completed
11056,U1057,2025-02-28 09:04:00,2025-02-28 09:09:00,M,30~39,office,seoul,0,0,0,0,10,0,0,48,0,0,completed
11057,U1058,2025-02-21 08:12:00,2025-02-21 08:17:00,F,40~49,office,seoul,0,0,0,0,7,0,0,55,0,0,completed
11058,U1059,2025-09-08 17:51:00,2025-09-08 17:56:00,F,40~49,office,seoul,0,0,0,0,6,0,0,42,0,0,completed
11059,U1060,2025-06-18 16:25:00,2025-06-18 16:31:00,F,20~29,office,seoul,0,0,0,0,8,0,0,65,0,0,completed
11060,U1061,2025-12-10 13:19:00,2025-12-10 13:26:00,F,20~29,office,seoul,0,0,0,0,22,0,0,76,0,0,completed
11061,U1062,2025-08-26 12:49:00,2025-08-26 12:55:00,F,30~39,office,seoul,0,0,0,0,0,0,0,77,0,0,completed
11062,U1063,2025-05-15 09:32:00,2025-05-15 09:37:00,F,30~39,office,seoul,0,0,0,0,8,0,0,30,0,0,completed
11063,U1064,2025-05-26 08:55:00,2025-05-26 08:58:00,F,50+,office,seoul,0,0,0,0,16,0,0,17,0,0,completed
11064,U1065,2025-09-08 16:24:00,2025-09-08 16:28:00,F,40~49,office,seoul,0,0,0,0,3,0,0,27,0,1,completed
11065,U1066,2025-05-01 13:29:00,2025-05-01 13:34:00,F,40~49,office,seoul,0,0,0,0,20,0,0,13,0,1,completed
11066,U1067,2025-02-09 19:30:00,2025-02-09 19:36:00,F,20~29,office,seoul,1,0,0,0,16,0,0,68,0,0,completed
11067,U1068,2025-12-05 20:33:00,2025-12-05 20:36:00,F,30~39,office,seoul,0,0,0,0,1,0,0,68,0,0,completed
11068,U1069,2025-09-28 09:00:00,2025-09-28 09:04:00,F,20~29,office,seoul,1,0,0,0,3,0,0,13,1,0,completed
11069,U1070,2025-11-06 08:57:00,2025-11-06 08:59:00,M,30~39,office,seoul,0,0,0,0,15,0,0,49,0,0,completed
11070,U1071,2025-12-10 13:54:00,2025-12-10 14:01:00,F,30~39,office,seoul,0,0,0,0,8,0,0,22,0,0,completed
11071,U1072,2025-05-03 18:08:00,2025-05-03 18:12:00,F,20~29,office,seoul,1,0,0,0,13,0,0,25,0,0,completed
11072,U1073,2025-12-19 13:41:00,2025-12-19 13:45:00,F,20~29,office,seoul,0,0,0,0,0,0,0,34,1,0,completed
11073,U1074,2025-09-14 16:14:00,2025-09-14 16:20:00,F,40~49,office,seoul,1,0,0,0,12,0,0,55,0,0,completed
11074,U1075,2025-10-31 11:29:00,2025-10-31 11:35:00,M,50+,office,seoul,0,0,0,0,22,0,0,53,0,1,completed
11075,U1076,2025-05-30 17:03:00,2025-05-30 17:05:00,M,20~29,office,seoul,0,0,0,0,9,0,0,23,0,0,completed
11076,U1077,2025-07-17 07:25:00,2025-07-17 07:28:00,M,40~49,office,seoul,0,0,0,0,25,0,0,58,0,0,completed
11077,U1078,2025-04-13 15:22:00,2025-04-13 15:25:00,M,30~39,office,seoul,1,0,0,0,4,0,0,68,0,0,completed
11078,U1079,2025-08-28 09:26:00,2025-08-28 09:28:00,F,30~39,office,seoul,0,0,0,0,29,0,0,33,0,0,completed
11079,U1080,2025-04-05 16:42:00,2025-04-05 16:44:00,M,20~29,office,seoul,1,0,0,0,7,0,0,61,0,0,completed
11080,U1081,2025-12-08 12:12:00,2025-12-08 12:17:00,F,20~29,office,seoul,0,0,0,0,23,0,0,68,0,0,completed
11081,U1082,2025-08-28 12:02:00,2025-08-28 12:07:00,M,30~39,office,seoul,0,0,0,0,12,0,0,56,0,0,completed
11082,U1083,2025-09-03 12:45:00,2025-09-03 12:47:00,M,20~29,office,seoul,0,0,0,0,8,0,0,40,0,0,completed
11083,U1084,2025-06-05 13:15:00,2025-06-05 13:21:00,F,50+,office,seoul,0,0,0,0,9,0,0,60,0,0,completed
11084,U1085,2025-04-13 14:06:00,2025-04-13 14:12:00,M,20~29,office,seoul,1,0,0,0,14,0,0,61,0,0,completed
11085,U1086,2025-01-03 17:09:00,2025-01-03 17:14:00,F,30~39,office,seoul,0,0,0,0,4,0,0,59,0,0,completed
11086,U1087,2025-02-16 19:25:00,2025-02-16 19:31:00,F,30~39,office,seoul,1,0,0,0,18,0,0,76,0,0,completed
11087,U1088,2025-10-22 08:31:00,2025-10-22 08:36:00,M,20~29,office,seoul,0,0,0,0,28,0,0,45,0,0,completed
11088,U1089,2025-03-20 21:40:00,2025-03-20 21:42:00,F,20~29,office,seoul,0,0,0,0,26,0,0,73,0,0,completed
11089,U1090,2025-12-21 09:41:00,2025-12-21 09:43:00,F,50+,office,seoul,1,0,0,0,15,0,0,47,0,0,completed
11090,U1091,2025-12-31 11:46:00,2025-12-31 11:52:00,F,20~29,office,seoul,0,0,0,0,22,0,0,10,0,0,completed
11091,U1092,2025-04-21 16:43:00,2025-04-21 16:48:00,M,20~29,office,seoul,0,0,0,0,27,0,0,76,0,0,completed
11092,U1093,2025-04-19 09:18:00,2025-04-19 09:25:00,M,30~39,office,seoul,1,0,0,0,5,0,0,31,0,0,timeout
11093,U1094,2025-04-04 17:17:00,2025-04-04 17:21:00,M,30~39,office,seoul,0,0,0,0,3,0,0,54,0,0,completed
11094,U1095,2025-06-27 19:54:00,2025-06-27 19:56:00,F,30~39,office,seoul,0,0,0,0,27,0,0,30,0,0,completed
11095,U1096,2025-11-27 20:47:00,2025-11-27 20:50:00,F,50+,office,seoul,0,0,0,0,10,0,0,45,0,0,completed
11096,U1097,2025-03-06 07:28:00,2025-03-06 07:31:00,M,50+,office,seoul,0,0,0,0,23,0,0,38,0,0,completed
11097,U1098,2025-10-30 09:19:00,2025-10-30 09:25:00,M,30~39,office,seoul,0,0,0,0,10,0,0,71,0,0,completed
11098,U1099,2025-08-04 15:06:00,2025-08-04 15:13:00,M,50+,office,seoul,0,0,0,0,6,0,0,71,0,0,completed
11099,U1100,2025-07-23 09:04:00,2025-07-23 09:06:00,F,20~29,office,seoul,0,0,0,0,19,0,0,62,0,0,completed
11100,U1101,2025-10-03 11:44:00,2025-10-03 11:48:00,F,20~29,office,seoul,0,0,0,0,2,0,0,28,0,0,completed
11101,U1102,2025-08-06 14:51:00,2025-08-06 14:55:00,F,50+,office,seoul,0,0,0,0,3,0,0,16,0,0,completed
11102,U1103,2025-09-04 09:54:00,2025-09-04 10:00:00,M,30~39,office,seoul,0,0,0,0,16,0,0,50,0,0,completed
11103,U1104,2025-09-19 19:05:00,2025-09-19 19:09:00,M,30~39,office,seoul,0,0,0,0,10,0,0,40,0,0,completed
11104,U1105,2025-12-23 13:45:00,2025-12-23 13:49:00,F,30~39,office,seoul,0,0,0,0,10,0,0,60,0,0,completed
11105,U1106,2025-04-12 14:34:00,2025-04-12 14:36:00,F,20~29,office,seoul,1,0,0,0,3,0,0,17,0,0,completed
11106,U1107,2025-01-29 17:42:00,2025-01-29 17:47:00,M,50+,office,seoul,0,0,0,0,12,0,0,28,0,0,completed
11107,U1108,2025-05-28 13:19:00,2025-05-28 13:26:00,F,30~39,office,seoul,0,0,0,0,13,0,0,55,0,0,completed
11108,U1109,2025-02-22 15:12:00,2025-02-22 15:17:00,F,20~29,office,seoul,1,0,0,0,8,0,0,56,0,0,completed
11109,U1110,2025-02-18 17:31:00,2025-02-18 17:38:00,M,40~49,office,seoul,0,0,0,0,26,0,0,32,0,0,completed
11110,U1111,2025-03-27 09:23:00,2025-03-27 09:30:00,M,20~29,office,seoul,0,0,0,0,22,0,0,19,0,0,completed
11111,U1112,2025-12-29 08:35:00,2025-12-29 08:39:00,F,20~29,office,seoul,0,0,0,0,19,0,0,41,0,0,completed
11112,U1113,2025-12-25 15:38:00,2025-12-25 15:41:00,F,20~29,office,seoul,0,0,0,0,3,0,0,28,0,0,completed
11113,U1114,2025-07-30 20:09:00,2025-07-30 20:16:00,F,20~29,office,seoul,0,0,0,0,2,0,0,21,1,0,completed
11114,U1115,2025-09-21 19:28:00,2025-09-21 19:33:00,F,30~39,office,seoul,1,0,0,0,3,0,0,26,0,0,completed
11115,U1116,2025-11-15 12:23:00,2025-11-15 12:27:00,F,40~49,office,seoul,1,0,0,0,1,0,0,42,0,0,abandoned
11116,U1117,2025-03-18 08:17:00,2025-03-18 08:19:00,M,20~29,office,seoul,0,0,0,0,27,0,0,62,0,0,completed
11117,U1118,2025-10-02 16:34:00,2025-10-02 16:41:00,F,40~49,office,seoul,0,0,0,0,27,0,0,33,0,0,completed
11118,U1119,2025-06-01 12:48:00,2025-06-01 12:54:00,F,50+,office,seoul,1,0,0,0,6,0,0,46,0,0,completed
11119,U1120,2025-11-28 16:55:00,2025-11-28 17:02:00,F,40~49,office,seoul,0,0,0,0,12,0,0,57,0,0,completed
11120,U1121,2025-01-27 12:44:00,2025-01-27 12:48:00,F,30~39,office,seoul,0,0,0,0,10,0,0,66,0,0,completed
11121,U1122,2025-09-09 20:15:00,2025-09-09 20:17:00,M,40~49,office,seoul,0,0,0,0,22,0,0,66,0,0,completed
11122,U1123,2025-02-09 21:46:00,2025-02-09 21:51:00,F,30~39,office,seoul,1,0,0,0,7,0,0,36,0,0,completed
11123,U1124,2025-12-05 17:16:00,2025-12-05 17:23:00,F,20~29,office,seoul,0,0,0,0,23,0,0,43,0,0,completed
11124,U1125,2025-02-06 09:47:00,2025-02-06 09:52:00,M,30~39,office,seoul,0,0,0,0,29,0,0,73,0,0,completed
11125,U1126,2025-01-30 19:50:00,2025-01-30 19:54:00,F,40~49,office,seoul,0,0,0,0,12,0,0,65,0,0,completed
11126,U1127,2025-06-29 14:27:00,2025-06-29 14:33:00,F,20~29,office,seoul,1,0,0,0,22,0,0,57,0,0,timeout
11127,U1128,2025-04-16 17:42:00,2025-04-16 17:46:00,M,40~49,office,seoul,0,0,0,0,0,0,0,10,0,0,completed
11128,U1129,2025-01-13 18:30:00,2025-01-13 18:35:00,M,30~39,office,seoul,0,0,0,0,11,0,0,33,0,0,timeout
11129,U1130,2025-01-25 15:23:00,2025-01-25 15:27:00,F,40~49,office,seoul,1,0,0,0,16,0,0,35,0,0,completed
11130,U1131,2025-10-16 08:02:00,2025-10-16 08:06:00,F,50+,office,seoul,0,0,0,0,17,0,0,64,0,0,completed
11131,U1132,2025-11-08 15:49:00,2025-11-08 15:52:00,F,30~39,office,seoul,1,0,0,0,26,0,0,51,0,0,completed
11132,U1133,2025-04-06 09:16:00,2025-04-06 09:22:00,M,20~29,office,seoul,1,0,0,0,3,0,0,70,0,0,completed
11133,U1134,2025-06-17 08:44:00,2025-06-17 08:47:00,F,20~29,office,seoul,0,0,0,0,15,0,0,27,0,0,completed
11134,U1135,2025-05-28 17:35:00,2025-05-28 17:37:00,F,20~29,office,seoul,0,0,0,0,23,0,0,10,0,0,completed
11135,U1136,2025-01-15 19:35:00,2025-01-15 19:37:00,F,30~39,office,seoul,0,0,0,0,10,0,0,10,0,0,completed
11136,U1137,2025-02-14 07:51:00,2025-02-14 07:55:00,M,30~39,office,seoul,0,0,0,0,7,0,0,78,0,0,completed
11137,U1138,2025-05-12 14:42:00,2025-05-12 14:47:00,M,40~49,office,seoul,0,0,0,0,9,0,0,21,0,0,completed
11138,U1139,2025-04-07 16:47:00,2025-04-07 16:54:00,F,20~29,office,seoul,0,0,0,0,3,0,0,40,0,0,completed
11139,U1140,2025-08-04 13:42:00,2025-08-04 13:46:00,F,40~49,office,seoul,0,0,0,0,29,0,0,44,0,0,completed
11140,U1141,2025-10-14 16:27:00,2025-10-14 16:30:00,F,50+,office,seoul,0,0,0,0,9,0,0,32,0,1,completed
11141,U1142,2025-03-12 17:00:00,2025-03-12 17:02:00,M,30~39,office,seoul,0,0,0,0,5,0,0,70,0,0,completed
11142,U1143,2025-06-18 15:13:00,2025-06-18 15:20:00,M,20~29,office,seoul,0,0,0,0,10,0,0,22,0,0,completed
11143,U1144,2025-12-24 09:33:00,2025-12-24 09:40:00,M,40~49,office,seoul,0,0,0,0,24,0,0,45,0,0,completed
11144,U1145,2025-11-02 19:03:00,2025-11-02 19:08:00,M,30~39,office,seoul,1,0,0,0,12,0,0,65,0,0,completed
11145,U1146,2025-08-31 08:02:00,2025-08-31 08:06:00,M,40~49,office,seoul,1,0,0,0,26,0,0,64,0,0,completed
11146,U1147,2025-07-14 18:56:00,2025-07-14 18:58:00,M,20~29,office,seoul,0,0,0,0,14,0,0,63,0,0,completed
11147,U1148,2025-06-04 14:52:00,2025-06-04 14:59:00,F,50+,office,seoul,0,0,0,0,25,0,0,23,0,0,abandoned
11148,U1149,2025-11-08 07:19:00,2025-11-08 07:23:00,F,50+,office,seoul,1,0,0,0,10,0,0,68,0,0,completed
11149,U1150,2025-05-06 13:58:00,2025-05-06 14:02:00,M,20~29,office,seoul,0,0,0,0,29,0,0,77,0,0,completed
11150,U1151,2025-07-10 16:33:00,2025-07-10 16:39:00,F,50+,office,seoul,0,0,0,0,12,0,0,52,0,0,completed
11151,U1152,2025-06-01 15:26:00,2025-06-01 15:30:00,F,20~29,office,seoul,1,0,0,0,13,0,0,41,0,0,completed
11152,U1153,2025-03-22 17:55:00,2025-03-22 17:59:00,M,40~49,office,seoul,1,0,0,0,18,0,0,49,0,0,completed
11153,U1154,2025-05-17 15:31:00,2025-05-17 15:33:00,F,20~29,office,seoul,1,0,0,0,1,0,0,41,0,0,completed
11154,U1155,2025-07-21 15:58:00,2025-07-21 16:02:00,F,30~39,office,seoul,0,0,0,0,19,0,0,78,0,0,abandoned
11155,U1156,2025-03-08 07:53:00,2025-03-08 08:00:00,F,40~49,office,seoul,1,0,0,0,5,0,0,10,0,0,completed
11156,U1157,2025-11-08 14:20:00,2025-11-08 14:24:00,M,20~29,office,seoul,1,0,0,0,18,0,0,26,0,0,abandoned
11157,U1158,2025-05-23 16:12:00,2025-05-23 16:14:00,F,50+,office,seoul,0,0,0,0,8,0,0,65,0,0,completed
11158,U1159,2025-03-19 07:30:00,2025-03-19 07:32:00,F,20~29,office,seoul,0,0,0,0,20,0,0,78,0,0,completed
11159,U1160,2025-06-21 15:49:00,2025-06-21 15:51:00,F,20~29,office,seoul,1,0,0,0,17,0,0,77,0,0,completed
11160,U1161,2025-12-19 12:32:00,2025-12-19 12:39:00,F,40~49,office,seoul,0,0,0,0,26,0,0,51,0,0,completed
11161,U1162,2025-06-22 14:55:00,2025-06-22 15:02:00,F,30~39,office,seoul,1,0,0,0,15,0,0,67,0,0,completed
11162,U1163,2025-05-06 13:58:00,2025-05-06 14:00:00,F,20~29,office,seoul,0,0,0,0,11,0,0,41,0,0,timeout
11163,U1164,2025-01-06 08:41:00,2025-01-06 08:43:00,M,20~29,office,seoul,0,0,0,0,19,0,0,34,0,0,completed
11164,U1165,2025-12-09 18:45:00,2025-12-09 18:52:00,M,40~49,office,seoul,0,0,0,0,27,0,0,33,0,0,abandoned
11165,U1166,2025-08-21 12:20:00,2025-08-21 12:25:00,F,40~49,office,seoul,0,0,0,0,19,0,0,38,0,0,completed
11166,U1167,2025-03-15 08:00:00,2025-03-15 08:05:00,F,40~49,office,seoul,1,0,0,0,1,0,0,13,0,0,completed
11167,U1168,2025-11-11 09:32:00,2025-11-11 09:34:00,M,30~39,office,seoul,0,0,0,0,3,0,0,68,0,0,completed
11168,U1169,2025-04-28 18:54:00,2025-04-28 19:00:00,M,40~49,office,seoul,0,0,0,0,0,0,0,41,0,0,completed
11169,U1170,2025-07-07 08:14:00,2025-07-07 08:18:00,F,20~29,office,seoul,0,0,0,0,1,0,0,66,0,0,completed
11170,U1171,2025-11-18 08:28:00,2025-11-18 08:34:00,F,50+,office,seoul,0,0,0,0,20,0,0,15,0,0,completed
11171,U1172,2025-01-27 14:50:00,2025-01-27 14:53:00,F,20~29,office,seoul,0,0,0,0,15,0,0,64,0,0,completed
11172,U1173,2025-04-23 08:30:00,2025-04-23 08:37:00,M,20~29,office,seoul,0,0,0,0,12,0,0,44,0,0,completed
11173,U1174,2025-06-04 15:47:00,2025-06-04 15:50:00,M,20~29,office,seoul,0,0,0,0,24,0,0,76,0,0,completed
11174,U1175,2025-01-18 09:26:00,2025-01-18 09:29:00,M,20~29,office,seoul,1,0,0,0,22,0,0,49,0,0,completed
11175,U1176,2025-01-14 18:07:00,2025-01-14 18:10:00,F,40~49,office,seoul,0,0,0,0,23,0,0,17,0,0,completed
11176,U1177,2025-10-18 20:51:00,2025-10-18 20:58:00,M,40~49,office,seoul,1,0,0,0,3,0,0,35,0,0,completed
11177,U1178,2025-03-25 08:58:00,2025-03-25 09:05:00,M,30~39,office,seoul,0,0,0,0,15,0,0,11,0,0,completed
11178,U1179,2025-09-10 17:27:00,2025-09-10 17:30:00,F,40~49,office,seoul,0,0,0,0,18,0,0,28,0,0,completed
11179,U1180,2025-08-20 20:19:00,2025-08-20 20:26:00,M,30~39,office,seoul,0,0,0,0,7,0,0,36,0,0,completed
11180,U1181,2025-10-20 09:06:00,2025-10-20 09:09:00,M,20~29,office,seoul,0,0,0,0,14,0,0,58,0,0,completed
11181,U1182,2025-08-14 16:00:00,2025-08-14 16:02:00,M,20~29,office,seoul,0,0,0,0,24,0,0,77,0,0,abandoned
11182,U1183,2025-12-26 13:05:00,2025-12-26 13:12:00,F,40~49,office,seoul,0,0,0,0,16,0,0,58,0,0,completed
11183,U1184,2025-10-05 12:13:00,2025-10-05 12:18:00,F,30~39,office,seoul,1,0,0,0,4,0,0,54,0,0,completed
11184,U1185,2025-12-09 15:52:00,2025-12-09 15:59:00,M,30~39,office,seoul,0,0,0,0,16,0,0,70,0,0,completed
11185,U1186,2025-03-03 12:50:00,2025-03-03 12:55:00,M,40~49,office,seoul,0,0,0,0,8,0,0,28,0,0,completed
11186,U1187,2025-04-05 09:57:00,2025-04-05 10:02:00,M,20~29,office,seoul,1,0,0,0,1,0,0,48,0,0,error
11187,U1188,2025-07-31 15:26:00,2025-07-31 15:30:00,F,50+,office,seoul,0,0,0,0,19,0,0,24,0,0,completed
11188,U1189,2025-10-29 19:30:00,2025-10-29 19:37:00,M,40~49,office,seoul,0,0,0,0,25,0,0,56,0,0,completed
11189,U1190,2025-05-15 16:12:00,2025-05-15 16:15:00,F,50+,office,seoul,0,0,0,0,18,0,0,46,0,0,abandoned
11190,U1191,2025-12-07 13:25:00,2025-12-07 13:31:00,M,20~29,office,seoul,1,0,0,0,27,0,0,24,0,0,completed
11191,U1192,2025-02-10 12:26:00,2025-02-10 12:31:00,F,30~39,office,seoul,0,0,0,0,0,0,0,62,0,0,completed
11192,U1193,2025-07-10 12:36:00,2025-07-10 12:38:00,F,50+,office,seoul,0,0,0,0,7,0,0,42,0,0,completed
11193,U1194,2025-06-16 16:13:00,2025-06-16 16:19:00,F,20~29,office,seoul,0,0,0,0,9,0,0,50,0,0,completed
11194,U1195,2025-12-11 11:47:00,2025-12-11 11:54:00,F,20~29,office,seoul,0,0,0,0,25,0,0,27,0,0,completed
11195,U1196,2025-04-12 15:42:00,2025-04-12 15:49:00,F,20~29,office,seoul,1,0,0,0,6,0,0,22,0,0,completed
11196,U1197,2025-07-02 14:35:00,2025-07-02 14:42:00,M,30~39,office,seoul,0,0,0,0,8,0,0,29,0,0,completed
11197,U1198,2025-06-27 14:28:00,2025-06-27 14:35:00,F,20~29,office,seoul,0,0,0,0,23,0,0,49,0,0,completed
11198,U1199,2025-11-09 11:27:00,2025-11-09 11:30:00,F,50+,office,seoul,1,0,0,0,20,0,0,73,0,0,completed
11199,U1200,2025-01-20 11:10:00,2025-01-20 11:13:00,M,50+,office,seoul,0,0,0,0,12,0,0,10,0,0,completed
11200,U1201,2025-02-27 08:14:00,2025-02-27 08:18:00,M,20~29,office,seoul,0,0,0,0,27,0,0,29,0,0,completed
11201,U1202,2025-06-11 12:14:00,2025-06-11 12:17:00,F,20~29,office,seoul,0,0,0,0,17,0,0,44,0,0,completed
11202,U1203,2025-03-24 08:32:00,2025-03-24 08:39:00,M,20~29,office,seoul,0,0,0,0,2,0,0,25,0,0,completed
11203,U1204,2025-08-09 16:45:00,2025-08-09 16:50:00,M,20~29,office,seoul,1,0,0,0,13,0,0,68,0,0,completed
11204,U1205,2025-06-18 15:22:00,2025-06-18 15:29:00,M,40~49,office,seoul,0,0,0,0,27,0,0,14,0,0,completed
11205,U1206,2025-03-05 21:00:00,2025-03-05 21:05:00,M,50+,office,seoul,0,0,0,0,24,0,0,73,0,0,completed
11206,U1207,2025-03-17 13:03:00,2025-03-17 13:07:00,M,40~49,office,seoul,0,0,0,0,19,0,0,26,0,0,completed
11207,U1208,2025-07-05 12:34:00,2025-07-05 12:36:00,F,20~29,office,seoul,1,0,0,0,15,0,0,47,0,0,completed
11208,U1209,2025-06-20 18:34:00,2025-06-20 18:38:00,M,20~29,office,seoul,0,0,0,0,15,0,0,23,0,0,completed
11209,U1210,2025-04-05 14:56:00,2025-04-05 14:59:00,F,40~49,office,seoul,1,0,0,0,27,0,0,53,0,0,completed
11210,U1211,2025-05-09 13:35:00,2025-05-09 13:38:00,M,20~29,office,seoul,0,0,0,0,25,0,0,27,0,0,completed
11211,U1212,2025-05-19 08:53:00,2025-05-19 08:58:00,M,20~29,office,seoul,0,0,0,0,19,0,0,28,0,0,completed
11212,U1213,2025-05-24 18:18:00,2025-05-24 18:24:00,F,20~29,office,seoul,1,0,0,0,9,0,0,55,0,0,completed
11213,U1214,2025-10-16 11:05:00,2025-10-16 11:08:00,M,50+,office,seoul,0,0,0,0,3,0,0,39,0,1,completed
11214,U1215,2025-06-08 14:55:00,2025-06-08 14:59:00,F,40~49,office,seoul,1,0,0,0,21,0,0,59,0,0,completed
11215,U1216,2025-11-02 07:53:00,2025-11-02 08:00:00,F,30~39,office,seoul,1,0,0,0,5,0,0,49,0,0,completed
11216,U1217,2025-10-09 14:36:00,2025-10-09 14:41:00,M,40~49,office,seoul,0,0,0,0,2,0,0,40,0,0,completed
11217,U1218,2025-09-20 20:32:00,2025-09-20 20:38:00,F,40~49,office,seoul,1,0,0,0,26,0,0,79,0,0,completed
11218,U1219,2025-01-16 13:52:00,2025-01-16 13:54:00,F,30~39,office,seoul,0,0,0,0,16,0,0,13,0,0,completed
11219,U1220,2025-01-29 14:23:00,2025-01-29 14:28:00,F,30~39,office,seoul,0,0,0,0,5,0,0,72,0,0,completed
11220,U1221,2025-10-12 09:44:00,2025-10-12 09:49:00,F,40~49,office,seoul,1,0,0,0,23,0,0,26,0,0,completed
11221,U1222,2025-02-26 12:24:00,2025-02-26 12:28:00,M,50+,office,seoul,0,0,0,0,4,0,0,20,0,0,timeout
11222,U1223,2025-08-21 09:10:00,2025-08-21 09:14:00,M,20~29,office,seoul,0,0,0,0,1,0,0,65,0,0,completed
11223,U1224,2025-01-24 08:10:00,2025-01-24 08:13:00,F,20~29,office,seoul,0,0,0,0,4,0,0,29,0,0,completed
11224,U1225,2025-10-07 09:47:00,2025-10-07 09:49:00,M,20~29,office,seoul,0,0,0,0,16,0,0,13,0,0,completed
11225,U1226,2025-03-18 12:19:00,2025-03-18 12:24:00,M,30~39,office,seoul,0,0,0,0,5,0,0,77,0,0,completed
11226,U1227,2025-08-14 08:06:00,2025-08-14 08:09:00,M,40~49,office,seoul,0,0,0,0,6,0,0,67,0,0,completed
11227,U1228,2025-11-04 16:28:00,2025-11-04 16:32:00,F,20~29,office,seoul,0,0,0,0,9,0,0,12,0,0,completed
11228,U1229,2025-03-18 20:45:00,2025-03-18 20:49:00,M,30~39,office,seoul,0,0,0,0,16,0,0,17,0,0,completed
11229,U1230,2025-08-28 09:44:00,2025-08-28 09:50:00,M,20~29,office,seoul,0,0,0,0,15,0,0,35,0,0,completed
11230,U1231,2025-12-05 09:04:00,2025-12-05 09:09:00,M,20~29,office,seoul,0,0,0,0,29,0,0,63,0,0,completed
11231,U1232,2025-04-21 20:21:00,2025-04-21 20:26:00,F,30~39,office,seoul,0,0,0,0,16,0,0,47,0,0,completed
11232,U1233,2025-01-02 08:38:00,2025-01-02 08:44:00,M,40~49,office,seoul,0,0,0,0,4,0,0,53,0,0,completed
11233,U1234,2025-10-17 20:22:00,2025-10-17 20:28:00,M,20~29,office,seoul,0,0,0,0,25,0,0,15,0,0,completed
11234,U1235,2025-04-17 16:52:00,2025-04-17 16:58:00,F,40~49,office,seoul,0,0,0,0,20,0,0,36,0,0,completed
11235,U1236,2025-12-01 11:30:00,2025-12-01 11:36:00,F,30~39,office,seoul,0,0,0,0,18,0,0,47,0,0,completed
11236,U1237,2025-01-25 12:21:00,2025-01-25 12:23:00,F,20~29,office,seoul,1,0,0,0,19,0,0,48,0,0,completed
11237,U1238,2025-07-31 15:19:00,2025-07-31 15:22:00,M,50+,office,seoul,0,0,0,0,7,0,0,77,0,1,completed
11238,U1239,2025-01-14 17:52:00,2025-01-14 17:54:00,F,40~49,office,seoul,0,0,0,0,14,0,0,55,0,0,completed
11239,U1240,2025-05-27 14:17:00,2025-05-27 14:21:00,M,40~49,office,seoul,0,0,0,0,4,0,0,62,0,0,completed
11240,U1241,2025-05-12 09:13:00,2025-05-12 09:17:00,M,30~39,office,seoul,0,0,0,0,14,0,0,40,1,0,completed
11241,U1242,2025-11-24 12:40:00,2025-11-24 12:47:00,F,20~29,office,seoul,0,0,0,0,8,0,0,48,0,0,completed
11242,U1243,2025-08-05 18:21:00,2025-08-05 18:26:00,M,20~29,office,seoul,0,0,0,0,22,0,0,47,0,0,abandoned
11243,U1244,2025-03-22 18:01:00,2025-03-22 18:04:00,F,20~29,office,seoul,1,0,0,0,13,0,0,21,0,0,completed
11244,U1245,2025-02-26 14:30:00,2025-02-26 14:37:00,F,40~49,office,seoul,0,0,0,0,1,0,0,19,0,0,abandoned
11245,U1246,2025-12-11 12:50:00,2025-12-11 12:54:00,F,20~29,office,seoul,0,0,0,0,17,0,0,51,0,0,completed
11246,U1247,2025-02-23 09:16:00,2025-02-23 09:18:00,F,30~39,office,seoul,1,0,0,0,9,0,0,53,0,0,completed
11247,U1248,2025-07-28 14:04:00,2025-07-28 14:06:00,M,20~29,office,seoul,0,0,0,0,19,0,0,78,0,0,completed
11248,U1249,2025-08-31 13:00:00,2025-08-31 13:04:00,M,30~39,office,seoul,1,0,0,0,29,0,0,41,0,0,completed
11249,U1250,2025-01-05 11:14:00,2025-01-05 11:16:00,M,40~49,office,seoul,1,0,0,0,11,0,0,64,0,0,completed
11250,U1251,2025-09-02 12:11:00,2025-09-02 12:18:00,M,40~49,office,seoul,0,0,0,0,19,0,0,78,0,0,completed
11251,U1252,2025-11-17 08:59:00,2025-11-17 09:02:00,F,30~39,office,seoul,0,0,0,0,4,0,0,50,0,0,completed
11252,U1253,2025-07-18 08:37:00,2025-07-18 08:42:00,M,30~39,office,seoul,0,0,0,0,28,0,0,33,0,0,completed
11253,U1254,2025-09-13 14:58:00,2025-09-13 15:01:00,F,50+,office,seoul,1,0,0,0,9,0,0,76,0,0,completed
11254,U1255,2025-03-10 08:08:00,2025-03-10 08:15:00,F,30~39,office,seoul,0,0,0,0,29,0,0,26,0,0,completed
11255,U1256,2025-12-30 17:58:00,2025-12-30 18:01:00,F,40~49,office,seoul,0,0,0,0,7,0,0,44,0,0,timeout
11256,U1257,2025-04-23 12:02:00,2025-04-23 12:09:00,M,40~49,office,seoul,0,0,0,0,24,0,0,64,0,0,completed
11257,U1258,2025-05-04 07:03:00,2025-05-04 07:07:00,F,40~49,office,seoul,1,0,0,0,5,0,0,12,0,0,completed
11258,U1259,2025-04-15 18:18:00,2025-04-15 18:21:00,F,40~49,office,seoul,0,0,0,0,4,0,0,39,0,0,error
11259,U1260,2025-03-13 12:41:00,2025-03-13 12:43:00,M,20~29,office,seoul,0,0,0,0,16,0,0,31,0,0,completed
11260,U1261,2025-09-24 16:54:00,2025-09-24 17:01:00,F,40~49,office,seoul,0,0,0,0,9,0,0,53,0,0,completed
11261,U1262,2025-02-15 09:11:00,2025-02-15 09:13:00,F,20~29,office,seoul,1,0,0,0,15,0,0,75,0,0,completed
11262,U1263,2025-03-20 18:26:00,2025-03-20 18:28:00,M,20~29,office,seoul,0,0,0,0,19,0,0,57,0,0,completed
11263,U1264,2025-08-12 09:41:00,2025-08-12 09:44:00,M,30~39,office,seoul,0,0,0,0,27,0,0,21,0,0,completed
11264,U1265,2025-08-23 17:48:00,2025-08-23 17:51:00,F,20~29,office,seoul,1,0,0,0,22,0,0,60,0,0,completed
11265,U1266,2025-06-17 08:39:00,2025-06-17 08:45:00,M,20~29,office,seoul,0,0,0,0,9,0,0,69,0,0,completed
11266,U1267,2025-10-22 09:30:00,2025-10-22 09:33:00,F,30~39,office,seoul,0,0,0,0,29,0,0,36,0,0,error
11267,U1268,2025-03-14 12:33:00,2025-03-14 12:37:00,F,50+,office,seoul,0,0,0,0,21,0,0,43,0,0,completed
11268,U1269,2025-06-07 14:25:00,2025-06-07 14:28:00,M,20~29,office,seoul,1,0,0,0,8,0,0,59,0,0,abandoned
11269,U1270,2025-10-12 14:42:00,2025-10-12 14:47:00,F,20~29,office,seoul,1,0,0,0,29,0,0,72,0,0,completed
11270,U1271,2025-11-13 12:13:00,2025-11-13 12:19:00,F,30~39,office,seoul,0,0,0,0,16,0,0,63,0,0,completed
11271,U1272,2025-09-22 07:26:00,2025-09-22 07:30:00,F,30~39,office,seoul,0,0,0,0,16,0,0,23,0,0,completed
11272,U1273,2025-03-28 15:58:00,2025-03-28 16:03:00,F,40~49,office,seoul,0,0,0,0,14,0,0,39,0,0,completed
11273,U1274,2025-09-14 16:35:00,2025-09-14 16:39:00,F,20~29,office,seoul,1,0,0,0,20,0,0,13,0,0,completed
11274,U1275,2025-10-28 08:58:00,2025-10-28 09:00:00,F,20~29,office,seoul,0,0,0,0,29,0,0,28,0,0,completed
11275,U1276,2025-12-06 12:53:00,2025-12-06 12:57:00,F,50+,office,seoul,1,0,0,0,11,0,0,68,0,0,timeout
11276,U1277,2025-07-12 12:32:00,2025-07-12 12:37:00,M,30~39,office,seoul,1,0,0,0,27,0,0,73,0,0,completed
11277,U1278,2025-08-19 17:56:00,2025-08-19 18:03:00,M,30~39,office,seoul,0,0,0,0,15,0,0,17,0,0,completed
11278,U1279,2025-04-27 16:53:00,2025-04-27 16:57:00,F,30~39,office,seoul,1,0,0,0,4,0,0,30,0,0,completed
11279,U1280,2025-12-28 14:04:00,2025-12-28 14:11:00,F,50+,office,seoul,1,0,0,0,24,0,0,28,1,0,completed
11280,U1281,2025-02-23 20:29:00,2025-02-23 20:33:00,F,40~49,office,seoul,1,0,0,0,9,0,0,24,0,0,error
11281,U1282,2025-07-07 13:00:00,2025-07-07 13:02:00,F,30~39,office,seoul,0,0,0,0,14,0,0,50,0,0,completed
11282,U1283,2025-05-14 13:34:00,2025-05-14 13:39:00,F,30~39,office,seoul,0,0,0,0,25,0,0,41,0,0,completed
11283,U1284,2025-09-25 13:55:00,2025-09-25 14:01:00,M,40~49,office,seoul,0,0,0,0,27,0,0,71,0,0,completed
11284,U1285,2025-10-22 13:46:00,2025-10-22 13:53:00,M,40~49,office,seoul,0,0,0,0,17,0,0,23,1,0,abandoned
11285,U1286,2025-09-30 14:22:00,2025-09-30 14:28:00,F,20~29,office,seoul,0,0,0,0,7,0,0,14,0,0,completed
11286,U1287,2025-09-04 15:57:00,2025-09-04 16:02:00,M,50+,office,seoul,0,0,0,0,6,0,0,77,0,0,error
11287,U1288,2025-02-13 08:52:00,2025-02-13 08:54:00,M,40~49,office,seoul,0,0,0,0,1,0,0,35,0,0,completed
11288,U1289,2025-06-02 16:08:00,2025-06-02 16:15:00,F,30~39,office,seoul,0,0,0,0,24,0,0,36,0,0,completed
11289,U1290,2025-11-01 16:26:00,2025-11-01 16:28:00,M,50+,office,seoul,1,0,0,0,27,0,0,79,0,0,completed
11290,U1291,2025-12-28 13:27:00,2025-12-28 13:34:00,F,30~39,office,seoul,1,0,0,0,23,0,0,16,0,0,completed
11291,U1292,2025-04-16 17:54:00,2025-04-16 18:00:00,F,50+,office,seoul,0,0,0,0,19,0,0,54,0,0,completed
11292,U1293,2025-05-13 15:00:00,2025-05-13 15:07:00,F,50+,office,seoul,0,0,0,0,12,0,0,15,0,0,completed
11293,U1294,2025-11-13 07:27:00,2025-11-13 07:34:00,F,40~49,office,seoul,0,0,0,0,7,0,0,79,0,0,completed
11294,U1295,2025-04-11 19:51:00,2025-04-11 19:58:00,F,50+,office,seoul,0,0,0,0,5,0,0,58,0,0,timeout
11295,U1296,2025-04-08 15:30:00,2025-04-08 15:35:00,F,30~39,office,seoul,0,0,0,0,7,0,0,62,0,0,completed
11296,U1297,2025-03-08 17:29:00,2025-03-08 17:34:00,F,40~49,office,seoul,1,0,0,0,4,0,0,55,0,0,completed
11297,U1298,2025-01-23 15:53:00,2025-01-23 15:56:00,M,20~29,office,seoul,0,0,0,0,3,0,0,30,0,0,completed
11298,U1299,2025-02-12 18:28:00,2025-02-12 18:34:00,F,40~49,office,seoul,0,0,0,0,24,0,0,50,0,0,completed
11299,U1300,2025-04-08 09:11:00,2025-04-08 09:14:00,F,20~29,office,seoul,0,0,0,0,13,0,0,72,0,0,completed
11300,U1301,2025-01-16 07:22:00,2025-01-16 07:24:00,F,20~29,office,seoul,0,0,0,0,27,0,0,10,0,0,completed
11301,U1302,2025-06-02 16:42:00,2025-06-02 16:44:00,F,30~39,office,seoul,0,0,0,0,7,0,0,11,0,0,error
11302,U1303,2025-08-16 11:36:00,2025-08-16 11:43:00,M,40~49,office,seoul,1,0,0,0,20,0,0,22,0,0,completed
11303,U1304,2025-03-14 11:55:00,2025-03-14 12:02:00,M,30~39,office,seoul,0,0,0,0,6,0,0,31,0,0,completed
11304,U1305,2025-09-23 22:38:00,2025-09-23 22:41:00,M,50+,office,seoul,0,0,0,0,17,0,0,37,0,0,completed
11305,U1306,2025-04-15 12:44:00,2025-04-15 12:48:00,M,20~29,office,seoul,0,0,0,0,12,0,0,43,0,0,completed
11306,U1307,2025-12-03 07:46:00,2025-12-03 07:51:00,F,20~29,office,seoul,0,0,0,0,0,0,0,35,0,0,abandoned
11307,U1308,2025-10-16 09:39:00,2025-10-16 09:45:00,F,30~39,office,seoul,0,0,0,0,5,0,0,34,0,0,completed
11308,U1309,2025-09-29 16:41:00,2025-09-29 16:44:00,M,20~29,office,seoul,0,0,0,0,14,0,0,46,0,0,completed
11309,U1310,2025-02-18 16:51:00,2025-02-18 16:56:00,M,20~29,office,seoul,0,0,0,0,2,0,0,43,0,0,completed
11310,U1311,2025-04-20 11:20:00,2025-04-20 11:26:00,F,20~29,office,seoul,1,0,0,0,12,0,0,70,0,0,completed
11311,U1312,2025-09-11 15:22:00,2025-09-11 15:26:00,M,50+,office,seoul,0,0,0,0,9,0,0,11,0,0,completed
11312,U1313,2025-12-22 17:53:00,2025-12-22 18:00:00,F,40~49,office,seoul,0,0,0,0,14,0,0,12,0,0,completed
11313,U1314,2025-09-22 17:42:00,2025-09-22 17:49:00,F,30~39,office,seoul,0,0,0,0,2,0,0,37,0,0,timeout
11314,U1315,2025-01-21 19:51:00,2025-01-21 19:58:00,F,50+,office,seoul,0,0,0,0,14,0,0,65,0,0,completed
11315,U1316,2025-07-08 15:59:00,2025-07-08 16:01:00,M,30~39,office,seoul,0,0,0,0,15,0,0,24,0,0,completed
11316,U1317,2025-11-22 16:12:00,2025-11-22 16:16:00,F,20~29,office,seoul,1,0,0,0,0,0,0,27,0,0,completed
11317,U1318,2025-11-17 07:39:00,2025-11-17 07:41:00,M,50+,office,seoul,0,0,0,0,0,0,0,61,1,0,abandoned
11318,U1319,2025-06-13 20:42:00,2025-06-13 20:48:00,M,20~29,office,seoul,0,0,0,0,14,0,0,78,0,0,abandoned
11319,U1320,2025-07-07 16:35:00,2025-07-07 16:41:00,F,20~29,office,seoul,0,0,0,0,24,0,0,28,0,0,completed
11320,U1321,2025-05-01 16:25:00,2025-05-01 16:28:00,F,30~39,office,seoul,0,0,0,0,21,0,0,45,0,0,timeout
11321,U1322,2025-04-09 11:04:00,2025-04-09 11:09:00,M,40~49,office,seoul,0,0,0,0,20,0,0,67,0,0,completed
11322,U1323,2025-06-21 17:21:00,2025-06-21 17:23:00,M,20~29,office,seoul,1,0,0,0,23,0,0,41,0,0,completed
11323,U1324,2025-07-12 16:38:00,2025-07-12 16:40:00,F,30~39,office,seoul,1,0,0,0,4,0,0,22,0,0,completed
11324,U1325,2025-01-11 16:55:00,2025-01-11 17:02:00,F,40~49,office,seoul,1,0,0,0,16,0,0,70,0,0,completed
11325,U1326,2025-07-25 09:33:00,2025-07-25 09:39:00,F,50+,office,seoul,0,0,0,0,4,0,0,55,0,0,completed
11326,U1327,2025-12-01 12:22:00,2025-12-01 12:26:00,M,50+,office,seoul,0,0,0,0,11,0,0,66,0,0,completed
11327,U1328,2025-03-10 12:11:00,2025-03-10 12:14:00,M,50+,office,seoul,0,0,0,0,16,0,0,44,0,0,completed
11328,U1329,2025-08-09 07:28:00,2025-08-09 07:31:00,M,20~29,office,seoul,1,0,0,0,5,0,0,57,0,0,completed
11329,U1330,2025-10-06 19:09:00,2025-10-06 19:16:00,F,20~29,office,seoul,0,0,0,0,26,0,0,39,0,0,completed
11330,U1331,2025-08-17 08:06:00,2025-08-17 08:13:00,F,30~39,office,seoul,1,0,0,0,5,0,0,79,0,0,completed
11331,U1332,2025-08-11 20:02:00,2025-08-11 20:08:00,F,50+,office,seoul,0,0,0,0,2,0,0,75,0,0,completed
11332,U1333,2025-01-15 14:07:00,2025-01-15 14:13:00,F,40~49,office,seoul,0,0,0,0,1,0,0,59,0,0,completed
11333,U1334,2025-01-29 16:00:00,2025-01-29 16:04:00,M,20~29,office,seoul,0,0,0,0,20,0,0,54,0,0,completed
11334,U1335,2025-04-15 07:29:00,2025-04-15 07:35:00,F,40~49,office,seoul,0,0,0,0,25,0,0,47,1,0,completed
11335,U1336,2025-08-14 11:40:00,2025-08-14 11:46:00,F,30~39,office,seoul,0,0,0,0,6,0,0,22,0,0,completed
11336,U1337,2025-04-16 16:55:00,2025-04-16 16:57:00,M,50+,office,seoul,0,0,0,0,6,0,0,46,0,0,completed
11337,U1338,2025-07-15 16:06:00,2025-07-15 16:13:00,M,30~39,office,seoul,0,0,0,0,18,0,0,36,0,0,completed
11338,U1339,2025-10-05 13:33:00,2025-10-05 13:38:00,F,30~39,office,seoul,1,0,0,0,24,0,0,15,0,0,completed
11339,U1340,2025-11-25 08:18:00,2025-11-25 08:21:00,M,40~49,office,seoul,0,0,0,0,25,0,0,54,0,0,completed
11340,U1341,2025-12-04 08:46:00,2025-12-04 08:48:00,M,40~49,office,seoul,0,0,0,0,1,0,0,15,0,0,completed
11341,U1342,2025-07-08 07:07:00,2025-07-08 07:10:00,F,20~29,office,seoul,0,0,0,0,9,0,0,42,0,0,completed
11342,U1343,2025-08-28 15:11:00,2025-08-28 15:15:00,M,30~39,office,seoul,0,0,0,0,18,0,0,62,0,0,completed
11343,U1344,2025-10-18 12:14:00,2025-10-18 12:18:00,F,30~39,office,seoul,1,0,0,0,5,0,0,47,0,0,completed
11344,U1345,2025-01-08 15:59:00,2025-01-08 16:03:00,F,30~39,office,seoul,0,0,0,0,4,0,0,71,0,0,completed
11345,U1346,2025-02-17 19:36:00,2025-02-17 19:40:00,M,40~49,office,seoul,0,0,0,0,13,0,0,73,0,0,completed
11346,U1347,2025-02-17 13:24:00,2025-02-17 13:26:00,M,50+,office,seoul,0,0,0,0,16,0,0,63,1,1,completed
11347,U1348,2025-02-21 09:31:00,2025-02-21 09:37:00,M,20~29,office,seoul,0,0,0,0,3,0,0,38,0,0,error
11348,U1349,2025-11-04 18:17:00,2025-11-04 18:21:00,M,20~29,office,seoul,0,0,0,0,1,0,0,59,0,0,completed
11349,U1350,2025-08-17 11:19:00,2025-08-17 11:25:00,F,20~29,office,seoul,1,0,0,0,19,0,0,45,0,0,completed
11350,U1351,2025-12-18 20:37:00,2025-12-18 20:39:00,F,30~39,office,seoul,0,0,0,0,19,0,0,15,0,0,completed
11351,U1352,2025-09-24 19:58:00,2025-09-24 20:05:00,F,40~49,office,seoul,0,0,0,0,6,0,0,53,0,0,completed
11352,U1353,2025-04-25 09:45:00,2025-04-25 09:52:00,F,20~29,office,seoul,0,0,0,0,2,0,0,60,0,0,completed
11353,U1354,2025-09-18 19:43:00,2025-09-18 19:48:00,F,20~29,office,seoul,0,0,0,0,7,0,0,41,0,0,completed
11354,U1355,2025-02-28 15:58:00,2025-02-28 16:04:00,M,30~39,office,seoul,0,0,0,0,26,0,0,28,0,0,completed
11355,U1356,2025-10-24 14:48:00,2025-10-24 14:50:00,F,40~49,office,seoul,0,0,0,0,27,0,0,69,0,0,completed
11356,U1357,2025-09-25 08:36:00,2025-09-25 08:40:00,M,30~39,office,seoul,0,0,0,0,25,0,0,56,0,0,completed
11357,U1358,2025-08-21 08:59:00,2025-08-21 09:05:00,F,40~49,office,seoul,0,0,0,0,25,0,0,79,0,0,completed
11358,U1359,2025-11-07 18:39:00,2025-11-07 18:41:00,F,40~49,office,seoul,0,0,0,0,13,0,0,53,0,0,completed
11359,U1360,2025-06-04 13:38:00,2025-06-04 13:42:00,F,20~29,office,seoul,0,0,0,0,17,0,0,47,1,0,abandoned
11360,U1361,2025-02-21 15:44:00,2025-02-21 15:46:00,F,20~29,office,seoul,0,0,0,0,25,0,0,56,0,0,completed
11361,U1362,2025-06-22 22:26:00,2025-06-22 22:30:00,M,20~29,office,seoul,1,0,0,0,28,0,0,18,0,0,abandoned
11362,U1363,2025-01-26 22:10:00,2025-01-26 22:15:00,M,30~39,office,seoul,1,0,0,0,17,0,0,75,0,0,completed
11363,U1364,2025-08-01 07:43:00,2025-08-01 07:46:00,F,30~39,office,seoul,0,0,0,0,11,0,0,48,0,0,completed
11364,U1365,2025-02-01 22:49:00,2025-02-01 22:56:00,F,30~39,office,seoul,1,0,0,0,5,0,0,75,0,0,completed
11365,U1366,2025-11-08 13:55:00,2025-11-08 13:58:00,F,50+,office,seoul,1,0,0,0,15,0,0,55,0,0,completed
11366,U1367,2025-12-12 15:40:00,2025-12-12 15:42:00,F,20~29,office,seoul,0,0,0,0,14,0,0,53,0,0,completed
11367,U1368,2025-03-03 11:40:00,2025-03-03 11:45:00,F,20~29,office,seoul,0,0,0,0,3,0,0,30,1,0,completed
11368,U1369,2025-07-12 12:45:00,2025-07-12 12:51:00,F,20~29,office,seoul,1,0,0,0,22,0,0,25,0,0,completed
11369,U1370,2025-11-27 08:34:00,2025-11-27 08:38:00,M,40~49,office,seoul,0,0,0,0,16,0,0,57,0,0,abandoned
11370,U1371,2025-12-31 15:50:00,2025-12-31 15:53:00,F,40~49,office,seoul,0,0,0,0,9,0,0,69,0,0,completed
11371,U1372,2025-03-21 18:36:00,2025-03-21 18:40:00,M,40~49,office,seoul,0,0,0,0,21,0,0,54,0,0,completed
11372,U1373,2025-04-05 18:17:00,2025-04-05 18:20:00,M,30~39,office,seoul,1,0,0,0,13,0,0,32,0,0,completed
11373,U1374,2025-08-28 08:33:00,2025-08-28 08:39:00,M,30~39,office,seoul,0,0,0,0,3,0,0,21,0,0,completed
11374,U1375,2025-01-27 14:33:00,2025-01-27 14:36:00,M,30~39,office,seoul,0,0,0,0,10,0,0,21,0,0,completed
11375,U1376,2025-11-10 07:26:00,2025-11-10 07:29:00,F,40~49,office,seoul,0,0,0,0,11,0,0,63,0,0,completed
11376,U1377,2025-06-30 18:54:00,2025-06-30 18:58:00,F,40~49,office,seoul,0,0,0,0,21,0,0,78,0,0,completed
11377,U1378,2025-04-04 21:18:00,2025-04-04 21:25:00,F,20~29,office,seoul,0,0,0,0,0,0,0,24,0,0,timeout
11378,U1379,2025-11-23 08:23:00,2025-11-23 08:27:00,M,50+,office,seoul,1,0,0,0,4,0,0,47,0,0,completed
11379,U1380,2025-09-25 08:06:00,2025-09-25 08:09:00,M,20~29,office,seoul,0,0,0,0,0,0,0,79,0,0,completed
11380,U1381,2025-02-28 14:30:00,2025-02-28 14:36:00,M,40~49,office,seoul,0,0,0,0,14,0,0,51,0,0,completed
11381,U1382,2025-08-07 13:15:00,2025-08-07 13:17:00,M,30~39,office,seoul,0,0,0,0,12,0,0,78,0,0,completed
11382,U1383,2025-06-03 15:12:00,2025-06-03 15:18:00,F,50+,office,seoul,0,0,0,0,1,0,0,56,0,0,completed
11383,U1384,2025-01-06 09:24:00,2025-01-06 09:31:00,F,30~39,office,seoul,0,0,0,0,25,0,0,57,0,0,completed
11384,U1385,2025-05-18 08:16:00,2025-05-18 08:18:00,M,30~39,office,seoul,1,0,0,0,26,0,0,75,0,0,completed
11385,U1386,2025-01-02 08:31:00,2025-01-02 08:37:00,F,20~29,office,seoul,0,0,0,0,21,0,0,42,0,0,abandoned
11386,U1387,2025-10-12 15:53:00,2025-10-12 15:56:00,F,30~39,office,seoul,1,0,0,0,0,0,0,35,0,0,completed
11387,U1388,2025-07-01 22:00:00,2025-07-01 22:06:00,F,40~49,office,seoul,0,0,0,0,7,0,0,70,0,0,completed
11388,U1389,2025-02-01 12:39:00,2025-02-01 12:41:00,F,20~29,office,seoul,1,0,0,0,26,0,0,43,0,0,abandoned
11389,U1390,2025-09-11 09:28:00,2025-09-11 09:30:00,F,50+,office,seoul,0,0,0,0,18,0,0,34,1,0,completed
11390,U1391,2025-01-05 12:59:00,2025-01-05 13:01:00,F,40~49,office,seoul,1,0,0,0,14,0,0,38,0,0,completed
11391,U1392,2025-02-08 09:25:00,2025-02-08 09:32:00,M,20~29,office,seoul,1,0,0,0,15,0,0,15,0,0,timeout
11392,U1393,2025-05-27 20:20:00,2025-05-27 20:27:00,M,30~39,office,seoul,0,0,0,0,20,0,0,10,0,0,abandoned
11393,U1394,2025-02-18 19:47:00,2025-02-18 19:54:00,F,20~29,office,seoul,0,0,0,0,12,0,0,47,0,0,completed
11394,U1395,2025-08-03 16:03:00,2025-08-03 16:08:00,F,20~29,office,seoul,1,0,0,0,17,0,0,79,0,0,completed
11395,U1396,2025-02-10 12:07:00,2025-02-10 12:12:00,M,40~49,office,seoul,0,0,0,0,4,0,0,53,0,1,abandoned
11396,U1397,2025-06-29 08:41:00,2025-06-29 08:43:00,F,20~29,office,seoul,1,0,0,0,4,0,0,37,0,0,completed
11397,U1398,2025-08-10 20:26:00,2025-08-10 20:32:00,F,20~29,office,seoul,1,0,0,0,8,0,0,14,0,0,timeout
11398,U1399,2025-10-21 17:50:00,2025-10-21 17:54:00,F,30~39,office,seoul,0,0,0,0,5,0,0,66,0,0,completed
11399,U1400,2025-11-02 14:55:00,2025-11-02 14:59:00,F,20~29,office,seoul,1,0,0,0,22,0,0,21,0,0,abandoned
11400,U1401,2025-12-24 08:56:00,2025-12-24 08:59:00,F,50+,office,seoul,0,0,0,0,4,0,0,42,0,0,completed
11401,U1402,2025-05-29 15:15:00,2025-05-29 15:17:00,F,20~29,office,seoul,0,0,0,0,27,0,0,59,0,0,abandoned
11402,U1403,2025-07-05 12:59:00,2025-07-05 13:06:00,M,30~39,office,seoul,1,0,0,0,24,0,0,36,0,0,completed
11403,U1404,2025-02-08 15:58:00,2025-02-08 16:02:00,F,30~39,office,seoul,1,0,0,0,5,0,0,14,0,0,abandoned
11404,U1405,2025-08-17 20:00:00,2025-08-17 20:06:00,F,30~39,office,seoul,1,0,0,0,23,0,0,25,0,0,completed
11405,U1406,2025-07-11 16:03:00,2025-07-11 16:05:00,F,50+,office,seoul,0,0,0,0,29,0,0,41,0,0,abandoned
11406,U1407,2025-06-12 16:57:00,2025-06-12 17:04:00,F,30~39,office,seoul,0,0,0,0,18,0,0,44,0,0,error
11407,U1408,2025-07-25 13:33:00,2025-07-25 13:39:00,M,30~39,office,seoul,0,0,0,0,6,0,0,37,0,0,completed
11408,U1409,2025-03-23 17:47:00,2025-03-23 17:52:00,F,50+,office,seoul,1,0,0,0,7,0,0,58,0,0,completed
11409,U1410,2025-12-04 16:54:00,2025-12-04 16:57:00,M,20~29,office,seoul,0,0,0,0,0,0,0,15,0,0,completed
11410,U1411,2025-12-15 18:29:00,2025-12-15 18:32:00,F,30~39,office,seoul,0,0,0,0,17,0,0,12,0,0,completed
11411,U1412,2025-08-02 08:13:00,2025-08-02 08:17:00,F,40~49,office,seoul,1,0,0,0,22,0,0,48,0,0,completed
11412,U1413,2025-07-17 08:34:00,2025-07-17 08:41:00,M,40~49,office,seoul,0,0,0,0,22,0,0,48,0,0,completed
11413,U1414,2025-04-01 09:26:00,2025-04-01 09:28:00,M,50+,office,seoul,0,0,0,0,19,0,0,17,0,0,timeout
11414,U1415,2025-04-18 14:03:00,2025-04-18 14:06:00,F,50+,office,seoul,0,0,0,0,18,0,0,22,0,0,completed
11415,U1416,2025-01-24 20:45:00,2025-01-24 20:49:00,M,50+,office,seoul,0,0,0,0,2,0,0,28,0,0,completed
11416,U1417,2025-12-19 09:59:00,2025-12-19 10:04:00,M,20~29,office,seoul,0,0,0,0,1,0,0,32,0,0,completed
11417,U1418,2025-04-14 17:46:00,2025-04-14 17:50:00,M,20~29,office,seoul,0,0,0,0,4,0,0,50,0,0,completed
11418,U1419,2025-05-23 08:20:00,2025-05-23 08:22:00,F,40~49,office,seoul,0,0,0,0,5,0,0,65,0,0,completed
11419,U1420,2025-12-21 11:10:00,2025-12-21 11:16:00,F,30~39,office,seoul,1,0,0,0,29,0,0,19,0,0,completed
11420,U1421,2025-05-01 19:21:00,2025-05-01 19:28:00,M,40~49,office,seoul,0,0,0,0,26,0,0,40,0,0,completed
11421,U1422,2025-07-09 13:03:00,2025-07-09 13:06:00,F,50+,office,seoul,0,0,0,0,2,0,0,73,0,0,completed
11422,U1423,2025-11-25 12:17:00,2025-11-25 12:22:00,F,20~29,office,seoul,0,0,0,0,5,0,0,64,0,0,abandoned
11423,U1424,2025-10-18 11:46:00,2025-10-18 11:49:00,M,40~49,office,seoul,1,0,0,0,1,0,0,47,0,0,completed
11424,U1425,2025-12-18 08:16:00,2025-12-18 08:19:00,F,50+,office,seoul,0,0,0,0,4,0,0,20,0,0,completed
11425,U1426,2025-06-25 08:49:00,2025-06-25 08:54:00,F,20~29,office,seoul,0,0,0,0,14,0,0,61,0,0,completed
11426,U1427,2025-07-02 08:37:00,2025-07-02 08:41:00,M,50+,office,seoul,0,0,0,0,1,0,0,78,0,0,completed
11427,U1428,2025-11-04 13:32:00,2025-11-04 13:35:00,F,30~39,office,seoul,0,0,0,0,25,0,0,78,0,0,abandoned
11428,U1429,2025-08-06 08:17:00,2025-08-06 08:24:00,F,40~49,office,seoul,0,0,0,0,2,0,0,10,0,0,completed
11429,U1430,2025-08-17 19:06:00,2025-08-17 19:10:00,F,40~49,office,seoul,1,0,0,0,15,0,0,45,0,0,completed
11430,U1431,2025-02-28 15:41:00,2025-02-28 15:47:00,M,20~29,office,seoul,0,0,0,0,0,0,0,74,0,0,completed
11431,U1432,2025-05-02 15:12:00,2025-05-02 15:16:00,F,50+,office,seoul,0,0,0,0,29,0,0,54,0,0,completed
11432,U1433,2025-06-01 15:03:00,2025-06-01 15:09:00,M,30~39,office,seoul,1,0,0,0,10,0,0,74,0,0,completed
11433,U1434,2025-10-02 16:27:00,2025-10-02 16:32:00,M,30~39,office,seoul,0,0,0,0,10,0,0,61,0,0,completed
11434,U1435,2025-01-02 09:18:00,2025-01-02 09:25:00,M,30~39,office,seoul,0,0,0,0,24,0,0,44,0,0,completed
11435,U1436,2025-05-28 19:34:00,2025-05-28 19:37:00,M,20~29,office,seoul,0,0,0,0,8,0,0,63,0,0,completed
11436,U1437,2025-10-11 15:22:00,2025-10-11 15:27:00,M,20~29,office,seoul,1,0,0,0,0,0,0,55,0,0,completed
11437,U1438,2025-07-13 16:54:00,2025-07-13 16:58:00,F,20~29,office,seoul,1,0,0,0,4,0,0,72,0,0,completed
11438,U1439,2025-04-08 18:39:00,2025-04-08 18:42:00,F,30~39,office,seoul,0,0,0,0,3,0,0,40,0,0,completed
11439,U1440,2025-07-23 20:55:00,2025-07-23 21:02:00,F,30~39,office,seoul,0,0,0,0,26,0,0,13,0,0,completed
11440,U1441,2025-11-04 11:32:00,2025-11-04 11:36:00,F,30~39,office,seoul,0,0,0,0,7,0,0,26,0,0,completed
11441,U1442,2025-10-28 13:07:00,2025-10-28 13:13:00,F,20~29,office,seoul,0,0,0,0,23,0,0,35,0,0,completed
11442,U1443,2025-01-11 08:02:00,2025-01-11 08:08:00,M,20~29,office,seoul,1,0,0,0,22,0,0,37,0,0,completed
11443,U1444,2025-08-10 14:43:00,2025-08-10 14:48:00,F,30~39,office,seoul,1,0,0,0,20,0,0,17,0,0,completed
11444,U1445,2025-06-24 18:05:00,2025-06-24 18:11:00,F,30~39,office,seoul,0,0,0,0,18,0,0,23,1,0,completed
11445,U1446,2025-12-24 18:22:00,2025-12-24 18:25:00,F,30~39,office,seoul,0,0,0,0,2,0,0,23,0,0,abandoned
11446,U1447,2025-04-11 14:29:00,2025-04-11 14:35:00,F,20~29,office,seoul,0,0,0,0,17,0,0,51,0,0,completed
11447,U1448,2025-08-26 13:42:00,2025-08-26 13:44:00,F,40~49,office,seoul,0,0,0,0,5,0,0,57,0,0,completed
11448,U1449,2025-06-16 07:20:00,2025-06-16 07:26:00,F,50+,office,seoul,0,0,0,0,10,0,0,43,0,0,completed
11449,U1450,2025-06-03 15:53:00,2025-06-03 15:55:00,M,20~29,office,seoul,0,0,0,0,9,0,0,75,0,0,error
11450,U1451,2025-10-23 20:01:00,2025-10-23 20:07:00,F,30~39,office,seoul,0,0,0,0,0,0,0,16,0,0,abandoned
11451,U1452,2025-07-29 16:16:00,2025-07-29 16:22:00,F,20~29,office,seoul,0,0,0,0,10,0,0,19,0,0,completed
11452,U1453,2025-02-11 09:13:00,2025-02-11 09:19:00,F,20~29,office,seoul,0,0,0,0,18,0,0,77,0,0,completed
11453,U1454,2025-06-15 20:56:00,2025-06-15 21:03:00,M,20~29,office,seoul,1,0,0,0,7,0,0,31,0,0,completed
11454,U1455,2025-08-22 17:46:00,2025-08-22 17:48:00,F,20~29,office,seoul,0,0,0,0,25,0,0,43,0,0,completed
11455,U1456,2025-04-21 12:41:00,2025-04-21 12:47:00,F,50+,office,seoul,0,0,0,0,14,0,0,71,0,0,completed
11456,U1457,2025-03-20 16:29:00,2025-03-20 16:36:00,F,50+,office,seoul,0,0,0,0,18,0,0,37,0,0,completed
11457,U1458,2025-06-08 08:20:00,2025-06-08 08:22:00,M,50+,office,seoul,1,0,0,0,17,0,0,40,1,0,completed
11458,U1459,2025-02-10 09:35:00,2025-02-10 09:42:00,F,40~49,office,seoul,0,0,0,0,15,0,0,66,0,0,completed
11459,U1460,2025-01-10 16:06:00,2025-01-10 16:08:00,F,20~29,office,seoul,0,0,0,0,14,0,0,46,0,0,completed
11460,U1461,2025-04-07 16:34:00,2025-04-07 16:41:00,M,20~29,office,seoul,0,0,0,0,3,0,0,42,0,0,timeout
11461,U1462,2025-04-29 12:38:00,2025-04-29 12:43:00,F,20~29,office,seoul,0,0,0,0,9,0,0,34,0,0,completed
11462,U1463,2025-06-27 13:29:00,2025-06-27 13:34:00,F,20~29,office,seoul,0,0,0,0,8,0,0,48,0,0,completed
11463,U1464,2025-07-22 12:21:00,2025-07-22 12:24:00,M,20~29,office,seoul,0,0,0,0,27,0,0,68,0,0,completed
11464,U1465,2025-02-05 14:36:00,2025-02-05 14:43:00,F,20~29,office,seoul,0,0,0,0,22,0,0,56,0,0,completed
11465,U1466,2025-09-29 08:07:00,2025-09-29 08:13:00,F,20~29,office,seoul,0,0,0,0,9,0,0,20,0,0,completed
11466,U1467,2025-03-14 12:17:00,2025-03-14 12:20:00,F,50+,office,seoul,0,0,0,0,2,0,0,35,0,0,completed
11467,U1468,2025-09-06 17:31:00,2025-09-06 17:33:00,M,30~39,office,seoul,1,0,0,0,10,0,0,35,0,0,completed
11468,U1469,2025-05-20 14:52:00,2025-05-20 14:55:00,F,40~49,office,seoul,0,0,0,0,3,0,0,38,0,0,completed
11469,U1470,2025-07-13 15:59:00,2025-07-13 16:06:00,M,20~29,office,seoul,1,0,0,0,23,0,0,71,0,0,completed
11470,U1471,2025-04-08 16:10:00,2025-04-08 16:14:00,F,30~39,office,seoul,0,0,0,0,7,0,0,31,0,0,completed
11471,U1472,2025-10-21 16:45:00,2025-10-21 16:51:00,M,20~29,office,seoul,0,0,0,0,7,0,0,56,0,0,completed
11472,U1473,2025-06-30 19:26:00,2025-06-30 19:30:00,F,40~49,office,seoul,0,0,0,0,8,0,0,34,0,0,completed
11473,U1474,2025-11-21 08:09:00,2025-11-21 08:14:00,F,20~29,office,seoul,0,0,0,0,9,0,0,23,0,0,completed
11474,U1475,2025-12-29 08:00:00,2025-12-29 08:06:00,F,50+,office,seoul,0,0,0,0,11,0,0,64,0,0,completed
11475,U1476,2025-04-13 15:33:00,2025-04-13 15:37:00,M,20~29,office,seoul,1,0,0,0,12,0,0,15,0,0,completed
11476,U1477,2025-08-26 16:49:00,2025-08-26 16:55:00,M,30~39,office,seoul,0,0,0,0,2,0,0,75,0,0,completed
11477,U1478,2025-06-21 09:53:00,2025-06-21 10:00:00,M,30~39,office,seoul,1,0,0,0,13,0,0,51,0,0,completed
11478,U1479,2025-10-27 17:35:00,2025-10-27 17:39:00,M,20~29,office,seoul,0,0,0,0,12,0,0,65,0,0,completed
11479,U1480,2025-06-04 14:31:00,2025-06-04 14:37:00,F,40~49,office,seoul,0,0,0,0,4,0,0,30,0,0,completed
11480,U1481,2025-07-29 18:53:00,2025-07-29 18:59:00,F,20~29,office,seoul,0,0,0,0,18,0,0,69,0,0,completed
11481,U1482,2025-01-15 17:25:00,2025-01-15 17:31:00,M,30~39,office,seoul,0,0,0,0,27,0,0,69,0,0,completed
11482,U1483,2025-12-30 15:38:00,2025-12-30 15:45:00,M,30~39,office,seoul,0,0,0,0,25,0,0,31,0,0,error
11483,U1484,2025-09-01 21:32:00,2025-09-01 21:37:00,F,50+,office,seoul,0,0,0,0,12,0,0,73,0,0,completed
11484,U1485,2025-01-22 08:06:00,2025-01-22 08:09:00,M,40~49,office,seoul,0,0,0,0,21,0,0,17,0,0,completed
11485,U1486,2025-06-22 09:25:00,2025-06-22 09:28:00,F,30~39,office,seoul,1,0,0,0,0,0,0,15,0,0,completed
11486,U1487,2025-09-16 18:49:00,2025-09-16 18:51:00,M,40~49,office,seoul,0,0,0,0,13,0,0,77,0,0,completed
11487,U1488,2025-12-03 07:24:00,2025-12-03 07:29:00,F,30~39,office,seoul,0,0,0,0,14,0,0,46,0,0,completed
11488,U1489,2025-06-14 11:16:00,2025-06-14 11:20:00,F,50+,office,seoul,1,0,0,0,18,0,0,10,0,0,completed
11489,U1490,2025-02-06 14:35:00,2025-02-06 14:40:00,F,50+,office,seoul,0,0,0,0,24,0,0,18,0,1,completed
11490,U1491,2025-08-21 13:50:00,2025-08-21 13:57:00,M,20~29,office,seoul,0,0,0,0,25,0,0,18,0,0,completed
11491,U1492,2025-09-22 08:33:00,2025-09-22 08:39:00,F,50+,office,seoul,0,0,0,0,28,0,0,53,0,0,timeout
11492,U1493,2025-06-07 17:36:00,2025-06-07 17:41:00,M,40~49,office,seoul,1,0,0,0,26,0,0,14,0,0,completed
11493,U1494,2025-04-20 09:11:00,2025-04-20 09:13:00,F,40~49,office,seoul,1,0,0,0,15,0,0,70,0,0,completed
11494,U1495,2025-08-04 08:25:00,2025-08-04 08:27:00,M,50+,office,seoul,0,0,0,0,13,0,0,64,0,0,completed
11495,U1496,2025-04-19 12:26:00,2025-04-19 12:31:00,F,20~29,office,seoul,1,0,0,0,19,0,0,15,0,0,completed
11496,U1497,2025-08-19 07:16:00,2025-08-19 07:20:00,M,40~49,office,seoul,0,0,0,0,8,0,0,13,0,0,completed
11497,U1498,2025-11-06 18:12:00,2025-11-06 18:15:00,M,20~29,office,seoul,0,0,0,0,15,0,0,41,0,0,completed
11498,U1499,2025-08-05 08:56:00,2025-08-05 09:02:00,F,20~29,office,seoul,0,0,0,0,5,0,0,39,0,0,completed
11499,U1500,2025-06-14 14:03:00,2025-06-14 14:06:00,M,50+,office,seoul,1,0,0,0,7,0,0,71,0,0,completed
11500,U1501,2025-05-25 09:09:00,2025-05-25 09:16:00,F,30~39,office,seoul,1,0,0,0,14,0,0,77,0,0,completed
11501,U1502,2025-07-11 13:02:00,2025-07-11 13:05:00,F,40~49,office,seoul,0,0,0,0,23,0,0,42,0,0,completed
11502,U1503,2025-09-26 11:36:00,2025-09-26 11:43:00,M,20~29,office,seoul,0,0,0,0,3,0,0,77,0,0,completed
11503,U1504,2025-06-23 14:09:00,2025-06-23 14:14:00,F,20~29,office,seoul,0,0,0,0,19,0,0,10,0,0,completed
11504,U1505,2025-04-30 19:19:00,2025-04-30 19:26:00,M,50+,office,seoul,0,0,0,0,0,0,0,19,0,0,completed
11505,U1506,2025-12-17 13:05:00,2025-12-17 13:11:00,F,40~49,office,seoul,0,0,0,0,4,0,0,63,1,0,completed
11506,U1507,2025-02-24 12:18:00,2025-02-24 12:23:00,M,30~39,office,seoul,0,0,0,0,4,0,0,66,0,0,abandoned
11507,U1508,2025-09-21 17:54:00,2025-09-21 17:57:00,F,20~29,office,seoul,1,0,0,0,15,0,0,32,0,0,completed
11508,U1509,2025-10-13 17:36:00,2025-10-13 17:40:00,F,20~29,office,seoul,0,0,0,0,22,0,0,78,0,0,abandoned
11509,U1510,2025-10-05 09:30:00,2025-10-05 09:36:00,M,20~29,office,seoul,1,0,0,0,22,0,0,60,0,0,completed
11510,U1511,2025-06-14 07:01:00,2025-06-14 07:05:00,F,20~29,office,seoul,1,0,0,0,16,0,0,19,0,0,completed
11511,U1512,2025-05-13 11:41:00,2025-05-13 11:44:00,F,30~39,office,seoul,0,0,0,0,21,0,0,65,0,0,completed
11512,U1513,2025-12-20 12:48:00,2025-12-20 12:55:00,F,30~39,office,seoul,1,0,0,0,9,0,0,15,0,0,completed
11513,U1514,2025-08-18 08:19:00,2025-08-18 08:21:00,F,20~29,office,seoul,0,0,0,0,29,0,0,64,0,0,completed
11514,U1515,2025-04-17 12:36:00,2025-04-17 12:41:00,F,40~49,office,seoul,0,0,0,0,26,0,0,40,0,0,completed
11515,U1516,2025-04-22 20:52:00,2025-04-22 20:57:00,F,20~29,office,seoul,0,0,0,0,18,0,0,71,0,1,completed
11516,U1517,2025-11-06 15:00:00,2025-11-06 15:03:00,F,40~49,office,seoul,0,0,0,0,15,0,0,55,0,0,completed
11517,U1518,2025-06-18 08:28:00,2025-06-18 08:31:00,M,20~29,office,seoul,0,0,0,0,13,0,0,58,0,0,completed
11518,U1519,2025-02-06 12:02:00,2025-02-06 12:05:00,M,30~39,office,seoul,0,0,0,0,19,0,0,30,0,0,completed
11519,U1520,2025-01-16 08:16:00,2025-01-16 08:23:00,F,50+,office,seoul,0,0,0,0,23,0,0,27,0,0,completed
11520,U1521,2025-05-08 19:27:00,2025-05-08 19:31:00,M,30~39,office,seoul,0,0,0,0,19,0,0,50,0,0,completed
11521,U1522,2025-07-01 09:09:00,2025-07-01 09:11:00,F,30~39,office,seoul,0,0,0,0,13,0,0,21,0,0,completed
11522,U1523,2025-04-18 16:01:00,2025-04-18 16:06:00,F,30~39,office,seoul,0,0,0,0,28,0,0,60,0,0,completed
11523,U1524,2025-04-09 16:32:00,2025-04-09 16:37:00,F,30~39,office,seoul,0,0,0,0,18,0,0,59,0,0,completed
11524,U1525,2025-11-30 12:05:00,2025-11-30 12:12:00,F,40~49,office,seoul,1,0,0,0,27,0,0,15,0,0,completed
11525,U1526,2025-02-11 18:39:00,2025-02-11 18:41:00,F,40~49,office,seoul,0,0,0,0,2,0,0,33,0,0,completed
11526,U1527,2025-01-13 18:27:00,2025-01-13 18:30:00,F,30~39,office,seoul,0,0,0,0,20,0,0,10,0,0,abandoned
11527,U1528,2025-10-14 14:10:00,2025-10-14 14:12:00,M,30~39,office,seoul,0,0,0,0,25,0,0,76,0,0,completed
11528,U1529,2025-09-18 19:08:00,2025-09-18 19:13:00,M,30~39,office,seoul,0,0,0,0,11,0,0,72,0,0,completed
11529,U1530,2025-07-27 15:13:00,2025-07-27 15:20:00,M,20~29,office,seoul,1,0,0,0,16,0,0,58,0,0,completed
11530,U1531,2025-07-04 14:06:00,2025-07-04 14:11:00,F,30~39,office,seoul,0,0,0,0,11,0,0,46,0,0,completed
11531,U1532,2025-11-12 16:17:00,2025-11-12 16:21:00,F,40~49,office,seoul,0,0,0,0,26,0,0,21,0,0,completed
11532,U1533,2025-04-24 15:49:00,2025-04-24 15:52:00,M,30~39,office,seoul,0,0,0,0,6,0,0,74,0,0,completed
11533,U1534,2025-09-07 15:50:00,2025-09-07 15:53:00,M,30~39,office,seoul,1,0,0,0,20,0,0,26,0,0,completed
11534,U1535,2025-11-17 17:02:00,2025-11-17 17:05:00,F,50+,office,seoul,0,0,0,0,4,0,0,39,0,0,completed
11535,U1536,2025-01-29 20:14:00,2025-01-29 20:21:00,F,50+,office,seoul,0,0,0,0,7,0,0,30,0,0,completed
11536,U1537,2025-02-26 15:04:00,2025-02-26 15:10:00,F,30~39,office,seoul,0,0,0,0,20,0,0,16,0,0,completed
11537,U1538,2025-04-23 13:46:00,2025-04-23 13:52:00,F,30~39,office,seoul,0,0,0,0,5,0,0,20,0,0,abandoned
11538,U1539,2025-09-22 19:42:00,2025-09-22 19:45:00,F,40~49,office,seoul,0,0,0,0,21,0,0,60,0,0,completed
11539,U1540,2025-03-29 12:57:00,2025-03-29 13:04:00,M,30~39,office,seoul,1,0,0,0,23,0,0,53,0,0,completed
11540,U1541,2025-05-28 19:19:00,2025-05-28 19:25:00,M,50+,office,seoul,0,0,0,0,2,0,0,73,0,0,completed
11541,U1542,2025-03-11 12:58:00,2025-03-11 13:01:00,M,30~39,office,seoul,0,0,0,0,11,0,0,40,0,0,abandoned
11542,U1543,2025-12-25 13:15:00,2025-12-25 13:21:00,M,50+,office,seoul,0,0,0,0,10,0,0,54,0,0,completed
11543,U1544,2025-10-19 17:32:00,2025-10-19 17:38:00,F,40~49,office,seoul,1,0,0,0,16,0,0,32,0,0,completed
11544,U1545,2025-03-02 19:19:00,2025-03-02 19:25:00,F,40~49,office,seoul,1,0,0,0,6,0,0,65,0,0,completed
11545,U1546,2025-11-14 17:36:00,2025-11-14 17:38:00,F,30~39,office,seoul,0,0,0,0,15,0,0,65,0,0,completed
11546,U1547,2025-02-02 14:01:00,2025-02-02 14:05:00,M,20~29,office,seoul,1,0,0,0,19,0,0,77,0,0,completed
11547,U1548,2025-06-08 12:01:00,2025-06-08 12:05:00,F,40~49,office,seoul,1,0,0,0,12,0,0,75,0,0,abandoned
11548,U1549,2025-01-15 19:20:00,2025-01-15 19:26:00,M,40~49,office,seoul,0,0,0,0,22,0,0,39,0,0,completed
11549,U1550,2025-02-07 12:36:00,2025-02-07 12:42:00,F,20~29,office,seoul,0,0,0,0,4,0,0,40,0,0,completed
11550,U1551,2025-02-05 11:01:00,2025-02-05 11:05:00,F,20~29,office,seoul,0,0,0,0,4,0,0,21,0,0,abandoned
11551,U1552,2025-05-04 19:27:00,2025-05-04 19:31:00,F,40~49,office,seoul,1,0,0,0,13,0,0,17,0,0,completed
11552,U1553,2025-03-21 13:17:00,2025-03-21 13:21:00,F,20~29,office,seoul,0,0,0,0,9,0,0,31,0,0,completed
11553,U1554,2025-10-01 09:11:00,2025-10-01 09:18:00,M,30~39,office,seoul,0,0,0,0,4,0,0,44,0,0,completed
11554,U1555,2025-12-18 20:05:00,2025-12-18 20:10:00,F,40~49,office,seoul,0,0,0,0,28,0,0,72,0,1,completed
11555,U1556,2025-09-26 15:05:00,2025-09-26 15:10:00,F,20~29,office,seoul,0,0,0,0,2,0,0,69,1,0,completed
11556,U1557,2025-08-28 15:25:00,2025-08-28 15:31:00,F,30~39,office,seoul,0,0,0,0,13,0,0,34,0,0,completed
11557,U1558,2025-02-05 08:05:00,2025-02-05 08:09:00,F,30~39,office,seoul,0,0,0,0,21,0,0,77,0,0,completed
11558,U1559,2025-11-02 20:36:00,2025-11-02 20:43:00,F,20~29,office,seoul,1,0,0,0,21,0,0,68,0,0,completed
11559,U1560,2025-04-16 14:31:00,2025-04-16 14:38:00,F,20~29,office,seoul,0,0,0,0,10,0,0,64,0,0,completed
11560,U1561,2025-12-21 07:42:00,2025-12-21 07:44:00,M,30~39,office,seoul,1,0,0,0,12,0,0,26,0,0,completed
11561,U1562,2025-04-12 08:32:00,2025-04-12 08:34:00,F,20~29,office,seoul,1,0,0,0,1,0,0,68,0,0,abandoned
11562,U1563,2025-10-14 16:54:00,2025-10-14 16:58:00,F,50+,office,seoul,0,0,0,0,9,0,0,42,1,0,completed
11563,U1564,2025-02-12 14:01:00,2025-02-12 14:06:00,M,20~29,office,seoul,0,0,0,0,23,0,0,36,0,0,completed
11564,U1565,2025-08-21 08:19:00,2025-08-21 08:26:00,F,40~49,office,seoul,0,0,0,0,10,0,0,58,0,0,completed
11565,U1566,2025-01-11 15:30:00,2025-01-11 15:33:00,M,20~29,office,seoul,1,0,0,0,9,0,0,67,0,0,completed
11566,U1567,2025-04-06 15:43:00,2025-04-06 15:50:00,F,40~49,office,seoul,1,0,0,0,13,0,0,44,0,0,completed
11567,U1568,2025-04-16 14:18:00,2025-04-16 14:25:00,F,50+,office,seoul,0,0,0,0,12,0,0,33,0,0,timeout
11568,U1569,2025-01-14 18:26:00,2025-01-14 18:30:00,F,40~49,office,seoul,0,0,0,0,3,0,0,11,0,0,completed
11569,U1570,2025-05-01 11:30:00,2025-05-01 11:35:00,F,30~39,office,seoul,0,0,0,0,15,0,0,13,0,0,completed
11570,U1571,2025-01-29 08:39:00,2025-01-29 08:44:00,F,40~49,office,seoul,0,0,0,0,20,0,0,56,0,0,completed
11571,U1572,2025-11-18 17:14:00,2025-11-18 17:17:00,F,40~49,office,seoul,0,0,0,0,10,0,0,47,0,0,completed
11572,U1573,2025-12-20 15:55:00,2025-12-20 16:02:00,F,20~29,office,seoul,1,0,0,0,12,0,0,72,0,0,completed
11573,U1574,2025-12-09 13:03:00,2025-12-09 13:08:00,F,20~29,office,seoul,0,0,0,0,28,0,0,54,0,0,completed
11574,U1575,2025-12-03 11:16:00,2025-12-03 11:19:00,F,40~49,office,seoul,0,0,0,0,8,0,0,61,1,0,completed
11575,U1576,2025-02-26 20:08:00,2025-02-26 20:15:00,F,40~49,office,seoul,0,0,0,0,16,0,0,60,0,0,completed
11576,U1577,2025-08-24 08:42:00,2025-08-24 08:49:00,F,50+,office,seoul,1,0,0,0,13,0,0,49,0,0,completed
11577,U1578,2025-01-02 16:46:00,2025-01-02 16:48:00,F,30~39,office,seoul,0,0,0,0,25,0,0,64,0,0,completed
11578,U1579,2025-03-05 17:04:00,2025-03-05 17:09:00,F,30~39,office,seoul,0,0,0,0,24,0,0,53,0,0,completed
11579,U1580,2025-04-12 13:05:00,2025-04-12 13:10:00,F,30~39,office,seoul,1,0,0,0,10,0,0,74,0,0,completed
11580,U1581,2025-01-06 15:52:00,2025-01-06 15:55:00,F,40~49,office,seoul,0,0,0,0,16,0,0,20,0,0,completed
11581,U1582,2025-04-05 09:35:00,2025-04-05 09:39:00,F,30~39,office,seoul,1,0,0,0,25,0,0,14,0,0,completed
11582,U1583,2025-07-28 13:29:00,2025-07-28 13:32:00,F,20~29,office,seoul,0,0,0,0,16,0,0,12,0,0,completed
11583,U1584,2025-09-28 18:03:00,2025-09-28 18:09:00,M,30~39,office,seoul,1,0,0,0,0,0,0,38,0,0,completed
11584,U1585,2025-08-18 07:39:00,2025-08-18 07:46:00,F,20~29,office,seoul,0,0,0,0,23,0,0,49,0,0,completed
11585,U1586,2025-08-10 09:28:00,2025-08-10 09:35:00,M,30~39,office,seoul,1,0,0,0,3,0,0,31,0,0,abandoned
11586,U1587,2025-03-16 16:03:00,2025-03-16 16:08:00,F,20~29,office,seoul,1,0,0,0,11,0,0,57,0,0,completed
11587,U1588,2025-05-17 15:07:00,2025-05-17 15:10:00,M,30~39,office,seoul,1,0,0,0,4,0,0,27,0,0,completed
11588,U1589,2025-07-25 11:50:00,2025-07-25 11:56:00,F,30~39,office,seoul,0,0,0,0,1,0,0,45,0,0,completed
11589,U1590,2025-05-02 13:33:00,2025-05-02 13:38:00,F,20~29,office,seoul,0,0,0,0,3,0,0,27,0,0,completed
11590,U1591,2025-04-23 15:19:00,2025-04-23 15:24:00,F,20~29,office,seoul,0,0,0,0,8,0,0,36,0,0,completed
11591,U1592,2025-08-15 15:30:00,2025-08-15 15:32:00,M,20~29,office,seoul,0,0,0,0,15,0,0,38,0,0,completed
11592,U1593,2025-12-25 09:15:00,2025-12-25 09:18:00,F,30~39,office,seoul,0,0,0,0,3,0,0,40,0,0,completed
11593,U1594,2025-08-05 11:00:00,2025-08-05 11:05:00,F,20~29,office,seoul,0,0,0,0,21,0,0,79,0,0,completed
11594,U1595,2025-12-20 11:45:00,2025-12-20 11:51:00,F,20~29,office,seoul,1,0,0,0,5,0,0,30,0,0,completed
11595,U1596,2025-04-23 14:13:00,2025-04-23 14:17:00,M,40~49,office,seoul,0,0,0,0,2,0,0,36,0,0,completed
11596,U1597,2025-06-26 08:43:00,2025-06-26 08:49:00,F,20~29,office,seoul,0,0,0,0,11,0,0,77,0,0,completed
11597,U1598,2025-05-23 14:36:00,2025-05-23 14:40:00,F,30~39,office,seoul,0,0,0,0,9,0,0,27,0,0,completed
11598,U1599,2025-01-25 07:58:00,2025-01-25 08:02:00,M,30~39,office,seoul,1,0,0,0,9,0,0,23,0,0,completed
11599,U1600,2025-12-03 13:45:00,2025-12-03 13:49:00,M,30~39,office,seoul,0,0,0,0,27,0,0,49,0,0,completed
11600,U1601,2025-01-03 20:16:00,2025-01-03 20:22:00,M,50+,office,seoul,0,0,0,0,14,0,0,16,0,0,completed
11601,U1602,2025-11-22 11:52:00,2025-11-22 11:57:00,M,30~39,office,seoul,1,0,0,0,19,0,0,29,0,0,completed
11602,U1603,2025-09-09 15:54:00,2025-09-09 15:57:00,F,40~49,office,seoul,0,0,0,0,7,0,0,71,0,0,completed
11603,U1604,2025-10-19 21:34:00,2025-10-19 21:37:00,M,30~39,office,seoul,1,0,0,0,14,0,0,47,0,0,completed
11604,U1605,2025-03-22 15:03:00,2025-03-22 15:05:00,M,30~39,office,seoul,1,0,0,0,12,0,0,67,0,0,completed
11605,U1606,2025-03-08 17:41:00,2025-03-08 17:47:00,M,40~49,office,seoul,1,0,0,0,15,0,0,24,0,0,completed
11606,U1607,2025-01-09 12:45:00,2025-01-09 12:50:00,M,30~39,office,seoul,0,0,0,0,10,0,0,12,0,0,completed
11607,U1608,2025-04-29 14:24:00,2025-04-29 14:26:00,F,30~39,office,seoul,0,0,0,0,20,0,0,14,0,0,completed
11608,U1609,2025-01-10 20:55:00,2025-01-10 21:02:00,F,30~39,office,seoul,0,0,0,0,19,0,0,44,0,0,completed
11609,U1610,2025-12-23 17:27:00,2025-12-23 17:31:00,M,20~29,office,seoul,0,0,0,0,9,0,0,19,0,0,completed
11610,U1611,2025-11-25 12:14:00,2025-11-25 12:18:00,F,30~39,office,seoul,0,0,0,0,7,0,0,46,0,0,completed
11611,U1612,2025-10-04 13:27:00,2025-10-04 13:29:00,M,50+,office,seoul,1,0,0,0,16,0,0,59,0,0,completed
11612,U1613,2025-01-04 09:43:00,2025-01-04 09:49:00,M,40~49,office,seoul,1,0,0,0,9,0,0,25,0,0,abandoned
11613,U1614,2025-11-20 15:10:00,2025-11-20 15:13:00,M,50+,office,seoul,0,0,0,0,24,0,0,10,0,1,completed
11614,U1615,2025-05-25 19:42:00,2025-05-25 19:48:00,F,20~29,office,seoul,1,0,0,0,5,0,0,48,0,1,completed
11615,U1616,2025-03-27 16:49:00,2025-03-27 16:55:00,F,20~29,office,seoul,0,0,0,0,10,0,0,63,0,0,completed
11616,U1617,2025-09-04 08:49:00,2025-09-04 08:53:00,F,30~39,office,seoul,0,0,0,0,15,0,0,60,0,0,completed
11617,U1618,2025-10-25 15:05:00,2025-10-25 15:12:00,F,30~39,office,seoul,1,0,0,0,10,0,0,12,0,0,completed
11618,U1619,2025-03-03 08:53:00,2025-03-03 09:00:00,F,20~29,office,seoul,0,0,0,0,20,0,0,15,0,0,completed
11619,U1620,2025-05-29 18:18:00,2025-05-29 18:22:00,M,50+,office,seoul,0,0,0,0,6,0,0,69,0,0,completed
11620,U1621,2025-09-15 14:09:00,2025-09-15 14:14:00,F,30~39,office,seoul,0,0,0,0,11,0,0,65,0,0,completed
11621,U1622,2025-11-22 17:43:00,2025-11-22 17:49:00,F,20~29,office,seoul,1,0,0,0,25,0,0,76,0,0,error
11622,U1623,2025-12-28 20:58:00,2025-12-28 21:03:00,M,50+,office,seoul,1,0,0,0,11,0,0,59,0,0,completed
11623,U1624,2025-11-24 16:33:00,2025-11-24 16:40:00,F,50+,office,seoul,0,0,0,0,6,0,0,42,0,0,completed
11624,U1625,2025-08-25 18:22:00,2025-08-25 18:28:00,F,50+,office,seoul,0,0,0,0,14,0,0,40,0,0,completed
11625,U1626,2025-04-01 12:08:00,2025-04-01 12:13:00,F,50+,office,seoul,0,0,0,0,25,0,0,33,0,0,completed
11626,U1627,2025-08-04 13:12:00,2025-08-04 13:19:00,F,30~39,office,seoul,0,0,0,0,23,0,0,79,0,0,completed
11627,U1628,2025-06-11 13:34:00,2025-06-11 13:37:00,F,20~29,office,seoul,0,0,0,0,24,0,0,52,0,0,completed
11628,U1629,2025-12-10 08:05:00,2025-12-10 08:07:00,F,20~29,office,seoul,0,0,0,0,19,0,0,46,0,0,completed
11629,U1630,2025-02-22 09:17:00,2025-02-22 09:21:00,M,40~49,office,seoul,1,0,0,0,18,0,0,48,0,0,completed
11630,U1631,2025-04-01 19:19:00,2025-04-01 19:22:00,F,40~49,office,seoul,0,0,0,0,28,0,0,14,0,0,completed
11631,U1632,2025-04-30 08:31:00,2025-04-30 08:37:00,F,30~39,office,seoul,0,0,0,0,9,0,0,31,0,0,completed
11632,U1633,2025-07-20 15:06:00,2025-07-20 15:13:00,M,50+,office,seoul,1,0,0,0,22,0,0,29,0,0,timeout
11633,U1634,2025-09-04 11:37:00,2025-09-04 11:40:00,M,40~49,office,seoul,0,0,0,0,15,0,0,16,0,0,completed
11634,U1635,2025-11-13 19:29:00,2025-11-13 19:35:00,M,30~39,office,seoul,0,0,0,0,16,0,0,39,0,0,completed
11635,U1636,2025-01-23 14:11:00,2025-01-23 14:16:00,M,20~29,office,seoul,0,0,0,0,5,0,0,20,0,0,completed
11636,U1637,2025-10-14 19:21:00,2025-10-14 19:23:00,F,50+,office,seoul,0,0,0,0,12,0,0,16,0,0,completed
11637,U1638,2025-07-29 20:38:00,2025-07-29 20:43:00,M,20~29,office,seoul,0,0,0,0,16,0,0,26,0,0,completed
11638,U1639,2025-01-05 12:02:00,2025-01-05 12:09:00,F,40~49,office,seoul,1,0,0,0,4,0,0,46,0,0,completed
11639,U1640,2025-11-01 13:57:00,2025-11-01 13:59:00,M,40~49,office,seoul,1,0,0,0,25,0,0,43,0,0,completed
11640,U1641,2025-11-14 16:57:00,2025-11-14 17:03:00,F,40~49,office,seoul,0,0,0,0,17,0,0,74,0,0,completed
11641,U1642,2025-08-09 12:30:00,2025-08-09 12:35:00,F,40~49,office,seoul,1,0,0,0,7,0,0,37,0,1,completed
11642,U1643,2025-10-24 12:17:00,2025-10-24 12:19:00,M,30~39,office,seoul,0,0,0,0,17,0,0,20,0,0,completed
11643,U1644,2025-05-08 07:54:00,2025-05-08 07:56:00,M,30~39,office,seoul,0,0,0,0,10,0,0,34,0,0,completed
11644,U1645,2025-04-11 15:13:00,2025-04-11 15:19:00,F,20~29,office,seoul,0,0,0,0,15,0,0,26,0,0,completed
11645,U1646,2025-07-26 21:39:00,2025-07-26 21:42:00,F,50+,office,seoul,1,0,0,0,11,0,0,63,0,0,completed
11646,U1647,2025-02-21 14:59:00,2025-02-21 15:02:00,F,20~29,office,seoul,0,0,0,0,27,0,0,74,0,0,completed
11647,U1648,2025-03-02 12:14:00,2025-03-02 12:20:00,F,50+,office,seoul,1,0,0,0,27,0,0,46,1,0,completed
11648,U1649,2025-05-09 08:28:00,2025-05-09 08:33:00,M,20~29,office,seoul,0,0,0,0,10,0,0,28,0,0,completed
11649,U1650,2025-10-03 11:55:00,2025-10-03 12:01:00,M,20~29,office,seoul,0,0,0,0,11,0,0,18,0,0,completed
11650,U1651,2025-05-04 08:08:00,2025-05-04 08:14:00,F,40~49,office,seoul,1,0,0,0,10,0,0,76,0,0,completed
11651,U1652,2025-08-03 12:29:00,2025-08-03 12:34:00,F,20~29,office,seoul,1,0,0,0,19,0,0,29,0,0,completed
11652,U1653,2025-08-22 09:57:00,2025-08-22 10:00:00,M,20~29,office,seoul,0,0,0,0,24,0,0,52,0,0,completed
11653,U1654,2025-01-05 13:45:00,2025-01-05 13:51:00,F,40~49,office,seoul,1,0,0,0,23,0,0,62,0,0,completed
11654,U1655,2025-05-17 15:25:00,2025-05-17 15:27:00,M,40~49,office,seoul,1,0,0,0,24,0,0,46,0,0,abandoned
11655,U1656,2025-12-08 18:42:00,2025-12-08 18:44:00,M,50+,office,seoul,0,0,0,0,21,0,0,18,0,0,completed
11656,U1657,2025-02-10 12:28:00,2025-02-10 12:30:00,F,30~39,office,seoul,0,0,0,0,24,0,0,27,0,0,completed
11657,U1658,2025-03-06 13:31:00,2025-03-06 13:33:00,M,20~29,office,seoul,0,0,0,0,20,0,0,53,0,0,completed
11658,U1659,2025-08-27 14:20:00,2025-08-27 14:23:00,F,40~49,office,seoul,0,0,0,0,5,0,0,51,0,1,completed
11659,U1660,2025-10-09 12:34:00,2025-10-09 12:37:00,M,30~39,office,seoul,0,0,0,0,18,0,0,68,0,0,completed
11660,U1661,2025-02-13 16:58:00,2025-02-13 17:03:00,F,50+,office,seoul,0,0,0,0,5,0,0,63,0,0,completed
11661,U1662,2025-06-29 08:18:00,2025-06-29 08:24:00,F,20~29,office,seoul,1,0,0,0,15,0,0,39,0,0,timeout
11662,U1663,2025-01-28 13:54:00,2025-01-28 14:00:00,F,40~49,office,seoul,0,0,0,0,18,0,0,18,0,0,completed
11663,U1664,2025-07-14 22:25:00,2025-07-14 22:30:00,F,20~29,office,seoul,0,0,0,0,19,0,0,58,0,0,completed
11664,U1665,2025-04-03 15:05:00,2025-04-03 15:07:00,F,50+,office,seoul,0,0,0,0,4,0,0,69,0,0,completed
11665,U1666,2025-11-15 09:28:00,2025-11-15 09:32:00,F,30~39,office,seoul,1,0,0,0,29,0,0,35,0,0,completed
11666,U1667,2025-01-12 17:15:00,2025-01-12 17:21:00,M,50+,office,seoul,1,0,0,0,7,0,0,59,0,0,completed
11667,U1668,2025-03-18 12:11:00,2025-03-18 12:15:00,F,30~39,office,seoul,0,0,0,0,13,0,0,33,0,0,completed
11668,U1669,2025-12-03 07:15:00,2025-12-03 07:17:00,F,30~39,office,seoul,0,0,0,0,7,0,0,51,0,0,completed
11669,U1670,2025-12-29 20:21:00,2025-12-29 20:28:00,M,30~39,office,seoul,0,0,0,0,20,0,0,58,0,0,completed
11670,U1671,2025-01-02 09:35:00,2025-01-02 09:38:00,F,20~29,office,seoul,0,0,0,0,28,0,0,33,0,0,error
11671,U1672,2025-05-17 17:53:00,2025-05-17 17:58:00,F,20~29,office,seoul,1,0,0,0,17,0,0,41,0,0,abandoned
11672,U1673,2025-03-13 15:23:00,2025-03-13 15:26:00,F,30~39,office,seoul,0,0,0,0,20,0,0,78,0,0,completed
11673,U1674,2025-11-11 12:48:00,2025-11-11 12:54:00,M,40~49,office,seoul,0,0,0,0,11,0,0,61,0,0,completed
11674,U1675,2025-08-05 20:50:00,2025-08-05 20:53:00,F,40~49,office,seoul,0,0,0,0,6,0,0,12,0,0,abandoned
11675,U1676,2025-07-15 11:49:00,2025-07-15 11:56:00,M,30~39,office,seoul,0,0,0,0,29,0,0,71,0,0,completed
11676,U1677,2025-09-11 14:56:00,2025-09-11 14:59:00,F,40~49,office,seoul,0,0,0,0,3,0,0,20,0,0,completed
11677,U1678,2025-04-09 15:15:00,2025-04-09 15:20:00,F,20~29,office,seoul,0,0,0,0,17,0,0,68,0,0,completed
11678,U1679,2025-05-14 11:45:00,2025-05-14 11:50:00,F,30~39,office,seoul,0,0,0,0,21,0,0,20,0,0,completed
11679,U1680,2025-02-06 15:30:00,2025-02-06 15:34:00,F,30~39,office,seoul,0,0,0,0,29,0,0,27,0,0,completed
11680,U1681,2025-08-20 20:26:00,2025-08-20 20:32:00,F,40~49,office,seoul,0,0,0,0,23,0,0,56,0,0,completed
11681,U1682,2025-07-08 14:19:00,2025-07-08 14:21:00,M,40~49,office,seoul,0,0,0,0,14,0,0,60,0,0,completed
11682,U1683,2025-09-30 14:45:00,2025-09-30 14:50:00,F,20~29,office,seoul,0,0,0,0,5,0,0,49,0,0,completed
11683,U1684,2025-09-21 09:22:00,2025-09-21 09:27:00,M,30~39,office,seoul,1,0,0,0,1,0,0,41,0,0,completed
11684,U1685,2025-09-23 12:15:00,2025-09-23 12:17:00,M,30~39,office,seoul,0,0,0,0,25,0,0,27,0,0,completed
11685,U1686,2025-12-06 11:08:00,2025-12-06 11:13:00,F,20~29,office,seoul,1,0,0,0,16,0,0,19,0,0,completed
11686,U1687,2025-03-25 08:02:00,2025-03-25 08:05:00,M,40~49,office,seoul,0,0,0,0,18,0,0,23,0,0,abandoned
11687,U1688,2025-07-05 17:01:00,2025-07-05 17:05:00,M,30~39,office,seoul,1,0,0,0,9,0,0,55,0,0,completed
11688,U1689,2025-04-17 13:14:00,2025-04-17 13:17:00,M,30~39,office,seoul,0,0,0,0,14,0,0,65,0,0,completed
11689,U1690,2025-09-15 13:01:00,2025-09-15 13:07:00,M,20~29,office,seoul,0,0,0,0,20,0,0,15,0,0,completed
11690,U1691,2025-03-29 08:27:00,2025-03-29 08:32:00,M,30~39,office,seoul,1,0,0,0,27,0,0,13,0,0,completed
11691,U1692,2025-05-01 08:03:00,2025-05-01 08:08:00,M,40~49,office,seoul,0,0,0,0,23,0,0,16,0,0,completed
11692,U1693,2025-07-28 12:39:00,2025-07-28 12:41:00,F,20~29,office,seoul,0,0,0,0,21,0,0,79,0,0,completed
11693,U1694,2025-05-16 22:37:00,2025-05-16 22:40:00,M,30~39,office,seoul,0,0,0,0,26,0,0,60,0,0,completed
11694,U1695,2025-10-15 17:53:00,2025-10-15 17:57:00,F,50+,office,seoul,0,0,0,0,26,0,0,38,1,0,completed
11695,U1696,2025-05-05 12:43:00,2025-05-05 12:47:00,F,40~49,office,seoul,0,0,0,0,15,0,0,16,0,0,completed
11696,U1697,2025-09-21 16:30:00,2025-09-21 16:34:00,F,20~29,office,seoul,1,0,0,0,17,0,0,60,0,0,completed
11697,U1698,2025-04-09 19:13:00,2025-04-09 19:15:00,F,30~39,office,seoul,0,0,0,0,11,0,0,65,0,0,completed
11698,U1699,2025-06-14 20:21:00,2025-06-14 20:23:00,F,20~29,office,seoul,1,0,0,0,28,0,0,59,0,0,completed
11699,U1700,2025-08-18 16:50:00,2025-08-18 16:54:00,F,20~29,office,seoul,0,0,0,0,10,0,0,16,0,0,completed
11700,U1701,2025-12-22 16:14:00,2025-12-22 16:21:00,F,50+,office,seoul,0,0,0,0,5,0,0,30,1,0,completed
11701,U1702,2025-08-11 19:06:00,2025-08-11 19:13:00,F,40~49,office,seoul,0,0,0,0,1,0,0,39,0,0,completed
11702,U1703,2025-12-24 20:26:00,2025-12-24 20:32:00,M,40~49,office,seoul,0,0,0,0,25,0,0,21,1,0,completed
11703,U1704,2025-09-11 08:49:00,2025-09-11 08:55:00,F,30~39,office,seoul,0,0,0,0,10,0,0,69,0,0,completed
11704,U1705,2025-07-23 17:11:00,2025-07-23 17:14:00,F,50+,office,seoul,0,0,0,0,29,0,0,64,0,0,completed
11705,U1706,2025-03-06 13:23:00,2025-03-06 13:26:00,M,40~49,office,seoul,0,0,0,0,23,0,0,51,1,0,completed
11706,U1707,2025-08-25 11:03:00,2025-08-25 11:06:00,F,20~29,office,seoul,0,0,0,0,26,0,0,35,0,0,completed
11707,U1708,2025-02-12 21:08:00,2025-02-12 21:13:00,F,30~39,office,seoul,0,0,0,0,21,0,0,38,0,0,completed
11708,U1709,2025-05-03 19:10:00,2025-05-03 19:12:00,M,20~29,office,seoul,1,0,0,0,12,0,0,25,0,0,completed
11709,U1710,2025-03-31 13:44:00,2025-03-31 13:49:00,M,40~49,office,seoul,0,0,0,0,18,0,0,35,0,0,completed
11710,U1711,2025-03-01 19:59:00,2025-03-01 20:05:00,M,20~29,office,seoul,1,0,0,0,17,0,0,51,0,0,completed
11711,U1712,2025-08-06 14:38:00,2025-08-06 14:45:00,F,20~29,office,seoul,0,0,0,0,10,0,0,36,0,0,completed
11712,U1713,2025-09-20 09:38:00,2025-09-20 09:45:00,F,40~49,office,seoul,1,0,0,0,25,0,0,60,0,0,completed
11713,U1714,2025-10-25 12:38:00,2025-10-25 12:43:00,M,20~29,office,seoul,1,0,0,0,25,0,0,28,0,0,completed
11714,U1715,2025-01-20 16:35:00,2025-01-20 16:41:00,F,30~39,office,seoul,0,0,0,0,5,0,0,41,0,0,completed
11715,U1716,2025-10-20 18:14:00,2025-10-20 18:19:00,M,40~49,office,seoul,0,0,0,0,12,0,0,33,0,1,completed
11716,U1717,2025-09-22 09:46:00,2025-09-22 09:52:00,M,40~49,office,seoul,0,0,0,0,3,0,0,18,0,0,completed
11717,U1718,2025-06-01 17:04:00,2025-06-01 17:06:00,F,30~39,office,seoul,1,0,0,0,18,0,0,73,0,0,completed
11718,U1719,2025-05-16 09:55:00,2025-05-16 09:57:00,M,40~49,office,seoul,0,0,0,0,10,0,0,26,0,0,abandoned
11719,U1720,2025-11-29 12:54:00,2025-11-29 12:58:00,M,40~49,office,seoul,1,0,0,0,19,0,0,13,0,0,completed
11720,U1721,2025-04-09 14:48:00,2025-04-09 14:50:00,F,40~49,office,seoul,0,0,0,0,0,0,0,12,0,0,completed
11721,U1722,2025-04-23 09:26:00,2025-04-23 09:32:00,F,30~39,office,seoul,0,0,0,0,11,0,0,65,0,0,completed
11722,U1723,2025-02-22 11:00:00,2025-02-22 11:07:00,M,40~49,office,seoul,1,0,0,0,0,0,0,52,0,0,completed
11723,U1724,2025-06-04 08:14:00,2025-06-04 08:17:00,F,40~49,office,seoul,0,0,0,0,22,0,0,44,0,0,completed
11724,U1725,2025-03-10 18:53:00,2025-03-10 19:00:00,F,30~39,office,seoul,0,0,0,0,17,0,0,10,0,0,completed
11725,U1726,2025-11-23 07:05:00,2025-11-23 07:09:00,F,20~29,office,seoul,1,0,0,0,1,0,0,64,0,0,completed
11726,U1727,2025-04-03 12:54:00,2025-04-03 13:00:00,F,20~29,office,seoul,0,0,0,0,11,0,0,19,0,0,abandoned
11727,U1728,2025-01-06 19:46:00,2025-01-06 19:49:00,M,20~29,office,seoul,0,0,0,0,22,0,0,31,0,0,completed
11728,U1729,2025-10-26 09:29:00,2025-10-26 09:31:00,M,40~49,office,seoul,1,0,0,0,19,0,0,38,0,0,completed
11729,U1730,2025-04-20 11:40:00,2025-04-20 11:44:00,F,50+,office,seoul,1,0,0,0,10,0,0,45,0,0,completed
11730,U1731,2025-10-30 15:43:00,2025-10-30 15:48:00,F,30~39,office,seoul,0,0,0,0,15,0,0,48,0,0,completed
11731,U1732,2025-11-02 13:48:00,2025-11-02 13:53:00,F,50+,office,seoul,1,0,0,0,16,0,0,71,0,0,completed
11732,U1733,2025-03-29 09:36:00,2025-03-29 09:41:00,M,50+,office,seoul,1,0,0,0,27,0,0,22,0,0,completed
11733,U1734,2025-09-09 22:57:00,2025-09-09 22:59:00,F,50+,office,seoul,0,0,0,0,12,0,0,18,0,0,completed
11734,U1735,2025-01-18 18:45:00,2025-01-18 18:50:00,M,50+,office,seoul,1,0,0,0,27,0,0,25,0,0,completed
11735,U1736,2025-01-15 12:47:00,2025-01-15 12:54:00,F,20~29,office,seoul,0,0,0,0,20,0,0,76,0,0,completed
11736,U1737,2025-03-04 09:49:00,2025-03-04 09:56:00,M,20~29,office,seoul,0,0,0,0,27,0,0,79,0,0,completed
11737,U1738,2025-10-16 09:02:00,2025-10-16 09:08:00,M,50+,office,seoul,0,0,0,0,6,0,0,66,0,0,completed
11738,U1739,2025-08-01 13:15:00,2025-08-01 13:18:00,F,40~49,office,seoul,0,0,0,0,13,0,0,73,0,0,completed
11739,U1740,2025-02-03 17:01:00,2025-02-03 17:03:00,F,40~49,office,seoul,0,0,0,0,13,0,0,42,0,0,completed
11740,U1741,2025-07-26 12:07:00,2025-07-26 12:13:00,M,40~49,office,seoul,1,0,0,0,22,0,0,39,0,0,completed
11741,U1742,2025-06-29 18:40:00,2025-06-29 18:46:00,F,40~49,office,seoul,1,0,0,0,21,0,0,41,0,0,abandoned
11742,U1743,2025-02-06 14:16:00,2025-02-06 14:20:00,F,20~29,office,seoul,0,0,0,0,22,0,0,74,0,0,completed
11743,U1744,2025-08-07 09:30:00,2025-08-07 09:33:00,F,50+,office,seoul,0,0,0,0,9,0,0,78,1,1,completed
11744,U1745,2025-09-11 09:54:00,2025-09-11 10:00:00,F,20~29,office,seoul,0,0,0,0,18,0,0,72,0,0,completed
11745,U1746,2025-07-06 20:07:00,2025-07-06 20:12:00,M,30~39,office,seoul,1,0,0,0,6,0,0,17,0,0,completed
11746,U1747,2025-01-28 16:14:00,2025-01-28 16:16:00,M,40~49,office,seoul,0,0,0,0,4,0,0,42,0,0,error
11747,U1748,2025-11-29 08:09:00,2025-11-29 08:16:00,F,50+,office,seoul,1,0,0,0,10,0,0,43,0,0,completed
11748,U1749,2025-04-03 16:35:00,2025-04-03 16:40:00,M,40~49,office,seoul,0,0,0,0,20,0,0,28,0,0,completed
11749,U1750,2025-09-21 13:46:00,2025-09-21 13:53:00,F,40~49,office,seoul,1,0,0,0,23,0,0,37,0,0,completed
11750,U1751,2025-09-18 12:15:00,2025-09-18 12:17:00,F,30~39,office,seoul,0,0,0,0,18,0,0,40,0,0,completed
11751,U1752,2025-01-17 12:18:00,2025-01-17 12:20:00,F,20~29,office,seoul,0,0,0,0,28,0,0,38,0,0,completed
11752,U1753,2025-06-09 16:43:00,2025-06-09 16:48:00,F,30~39,office,seoul,0,0,0,0,25,0,0,52,0,0,completed
11753,U1754,2025-07-07 07:32:00,2025-07-07 07:39:00,M,50+,office,seoul,0,0,0,0,13,0,0,63,0,0,completed
11754,U1755,2025-11-09 16:02:00,2025-11-09 16:05:00,M,50+,office,seoul,1,0,0,0,12,0,0,14,1,1,completed
11755,U1756,2025-09-29 11:23:00,2025-09-29 11:25:00,F,30~39,office,seoul,0,0,0,0,29,0,0,41,0,0,completed
11756,U1757,2025-03-27 13:12:00,2025-03-27 13:15:00,M,30~39,office,seoul,0,0,0,0,3,0,0,15,0,0,completed
11757,U1758,2025-03-21 17:49:00,2025-03-21 17:54:00,M,40~49,office,seoul,0,0,0,0,22,0,0,52,0,0,completed
11758,U1759,2025-05-21 16:37:00,2025-05-21 16:44:00,F,20~29,office,seoul,0,0,0,0,14,0,0,66,0,0,completed
11759,U1760,2025-05-11 15:46:00,2025-05-11 15:48:00,M,20~29,office,seoul,1,0,0,0,10,0,0,24,0,0,completed
11760,U1761,2025-11-09 15:20:00,2025-11-09 15:26:00,M,40~49,office,seoul,1,0,0,0,13,0,0,34,0,0,completed
11761,U1762,2025-06-16 08:56:00,2025-06-16 08:58:00,F,20~29,office,seoul,0,0,0,0,29,0,0,24,0,0,completed
11762,U1763,2025-06-18 17:55:00,2025-06-18 18:02:00,M,30~39,office,seoul,0,0,0,0,16,0,0,14,0,0,completed
11763,U1764,2025-07-30 18:52:00,2025-07-30 18:58:00,F,30~39,office,seoul,0,0,0,0,29,0,0,76,0,0,completed
11764,U1765,2025-03-15 09:03:00,2025-03-15 09:10:00,F,30~39,office,seoul,1,0,0,0,27,0,0,58,0,0,completed
11765,U1766,2025-12-21 17:55:00,2025-12-21 17:58:00,M,20~29,office,seoul,1,0,0,0,24,0,0,57,0,0,completed
11766,U1767,2025-05-17 07:33:00,2025-05-17 07:40:00,M,30~39,office,seoul,1,0,0,0,23,0,0,26,0,0,abandoned
11767,U1768,2025-07-20 17:59:00,2025-07-20 18:03:00,F,50+,office,seoul,1,0,0,0,7,0,0,52,1,0,completed
11768,U1769,2025-08-11 09:49:00,2025-08-11 09:53:00,F,30~39,office,seoul,0,0,0,0,22,0,0,34,0,0,completed
11769,U1770,2025-04-26 18:30:00,2025-04-26 18:35:00,F,30~39,office,seoul,1,0,0,0,7,0,0,44,0,1,completed
11770,U1771,2025-04-13 16:52:00,2025-04-13 16:54:00,M,30~39,office,seoul,1,0,0,0,6,0,0,61,0,0,completed
11771,U1772,2025-07-27 18:24:00,2025-07-27 18:31:00,M,30~39,office,seoul,1,0,0,0,1,0,0,64,0,0,completed
11772,U1773,2025-09-10 20:00:00,2025-09-10 20:02:00,F,50+,office,seoul,0,0,0,0,10,0,0,35,0,0,completed
11773,U1774,2025-03-16 17:24:00,2025-03-16 17:31:00,M,30~39,office,seoul,1,0,0,0,3,0,0,54,0,0,completed
11774,U1775,2025-07-07 17:19:00,2025-07-07 17:23:00,M,50+,office,seoul,0,0,0,0,14,0,0,36,0,1,completed
11775,U1776,2025-04-15 13:27:00,2025-04-15 13:33:00,M,30~39,office,seoul,0,0,0,0,20,0,0,50,0,0,completed
11776,U1777,2025-07-29 16:09:00,2025-07-29 16:11:00,F,40~49,office,seoul,0,0,0,0,6,0,0,35,0,0,completed
11777,U1778,2025-07-05 09:13:00,2025-07-05 09:16:00,F,20~29,office,seoul,1,0,0,0,10,0,0,56,0,0,completed
11778,U1779,2025-02-05 15:36:00,2025-02-05 15:42:00,M,50+,office,seoul,0,0,0,0,17,0,0,73,0,0,completed
11779,U1780,2025-09-07 11:39:00,2025-09-07 11:44:00,F,20~29,office,seoul,1,0,0,0,9,0,0,19,0,0,timeout
11780,U1781,2025-10-28 09:07:00,2025-10-28 09:14:00,F,20~29,office,seoul,0,0,0,0,28,0,0,10,0,0,completed
11781,U1782,2025-12-04 17:14:00,2025-12-04 17:19:00,F,50+,office,seoul,0,0,0,0,26,0,0,10,0,0,completed
11782,U1783,2025-02-27 12:25:00,2025-02-27 12:27:00,F,40~49,office,seoul,0,0,0,0,24,0,0,64,0,0,abandoned
11783,U1784,2025-03-29 16:52:00,2025-03-29 16:57:00,F,20~29,office,seoul,1,0,0,0,1,0,0,22,0,0,completed
11784,U1785,2025-02-07 08:40:00,2025-02-07 08:44:00,F,50+,office,seoul,0,0,0,0,16,0,0,72,1,0,completed
11785,U1786,2025-02-18 18:47:00,2025-02-18 18:52:00,F,50+,office,seoul,0,0,0,0,16,0,0,17,0,0,completed
11786,U1787,2025-04-23 12:07:00,2025-04-23 12:14:00,M,50+,office,seoul,0,0,0,0,12,0,0,29,0,0,completed
11787,U1788,2025-05-08 07:57:00,2025-05-08 07:59:00,M,20~29,office,seoul,0,0,0,0,13,0,0,38,0,0,completed
11788,U1789,2025-02-08 18:11:00,2025-02-08 18:15:00,F,50+,office,seoul,1,0,0,0,20,0,0,39,0,0,completed
11789,U1790,2025-04-11 13:52:00,2025-04-11 13:55:00,M,30~39,office,seoul,0,0,0,0,28,0,0,35,0,0,completed
11790,U1791,2025-10-01 16:29:00,2025-10-01 16:36:00,F,50+,office,seoul,0,0,0,0,2,0,0,31,0,0,completed
11791,U1792,2025-12-22 15:40:00,2025-12-22 15:47:00,M,50+,office,seoul,0,0,0,0,13,0,0,54,0,0,abandoned
11792,U1793,2025-03-06 16:30:00,2025-03-06 16:37:00,M,40~49,office,seoul,0,0,0,0,9,0,0,42,0,0,completed
11793,U1794,2025-09-20 17:31:00,2025-09-20 17:38:00,F,30~39,office,seoul,1,0,0,0,28,0,0,46,0,0,completed
11794,U1795,2025-06-28 15:58:00,2025-06-28 16:03:00,F,20~29,office,seoul,1,0,0,0,8,0,0,14,0,0,completed
11795,U1796,2025-12-04 13:38:00,2025-12-04 13:42:00,F,50+,office,seoul,0,0,0,0,9,0,0,24,0,1,completed
11796,U1797,2025-05-04 15:58:00,2025-05-04 16:03:00,M,40~49,office,seoul,1,0,0,0,22,0,0,60,0,0,completed
11797,U1798,2025-11-23 20:09:00,2025-11-23 20:14:00,F,30~39,office,seoul,1,0,0,0,27,0,0,44,0,0,completed
11798,U1799,2025-11-30 17:48:00,2025-11-30 17:50:00,M,50+,office,seoul,1,0,0,0,10,0,0,50,0,1,abandoned
11799,U1800,2025-12-03 16:46:00,2025-12-03 16:48:00,F,20~29,office,seoul,0,0,0,0,0,0,0,13,0,0,completed
11800,U1801,2025-12-21 15:45:00,2025-12-21 15:50:00,F,40~49,office,seoul,1,0,0,0,20,0,0,39,0,0,completed
11801,U1802,2025-05-19 16:35:00,2025-05-19 16:37:00,F,30~39,office,seoul,0,0,0,0,14,0,0,47,0,0,completed
11802,U1803,2025-05-14 09:35:00,2025-05-14 09:42:00,F,20~29,office,seoul,0,0,0,0,3,0,0,72,0,0,completed
11803,U1804,2025-07-20 13:33:00,2025-07-20 13:39:00,F,40~49,office,seoul,1,0,0,0,12,0,0,75,0,0,completed
11804,U1805,2025-05-04 07:28:00,2025-05-04 07:33:00,M,20~29,office,seoul,1,0,0,0,10,0,0,16,0,0,completed
11805,U1806,2025-06-25 07:53:00,2025-06-25 07:59:00,M,30~39,office,seoul,0,0,0,0,9,0,0,24,0,0,completed
11806,U1807,2025-12-24 13:41:00,2025-12-24 13:48:00,M,40~49,office,seoul,0,0,0,0,13,0,0,13,0,0,completed
11807,U1808,2025-12-25 13:31:00,2025-12-25 13:36:00,F,50+,office,seoul,0,0,0,0,21,0,0,49,0,0,completed
11808,U1809,2025-09-02 18:24:00,2025-09-02 18:27:00,M,50+,office,seoul,0,0,0,0,15,0,0,67,0,0,abandoned
11809,U1810,2025-08-05 13:03:00,2025-08-05 13:06:00,F,20~29,office,seoul,0,0,0,0,9,0,0,51,0,0,completed
11810,U1811,2025-05-22 14:50:00,2025-05-22 14:55:00,F,20~29,office,seoul,0,0,0,0,26,0,0,29,0,0,completed
11811,U1812,2025-11-04 15:58:00,2025-11-04 16:03:00,M,20~29,office,seoul,0,0,0,0,24,0,0,19,0,0,completed
11812,U1813,2025-05-16 14:39:00,2025-05-16 14:46:00,F,20~29,office,seoul,0,0,0,0,20,0,0,15,0,0,completed
11813,U1814,2025-02-25 20:28:00,2025-02-25 20:35:00,M,40~49,office,seoul,0,0,0,0,3,0,0,18,0,0,completed
11814,U1815,2025-08-10 20:22:00,2025-08-10 20:25:00,F,50+,office,seoul,1,0,0,0,3,0,0,67,0,0,completed
11815,U1816,2025-11-18 13:02:00,2025-11-18 13:08:00,M,30~39,office,seoul,0,0,0,0,26,0,0,50,0,0,completed
11816,U1817,2025-05-12 18:57:00,2025-05-12 18:59:00,M,30~39,office,seoul,0,0,0,0,8,0,0,71,0,0,completed
11817,U1818,2025-01-11 16:46:00,2025-01-11 16:53:00,F,30~39,office,seoul,1,0,0,0,11,0,0,16,0,0,completed
11818,U1819,2025-11-20 09:17:00,2025-11-20 09:23:00,F,20~29,office,seoul,0,0,0,0,5,0,0,38,0,0,abandoned
11819,U1820,2025-03-23 16:17:00,2025-03-23 16:24:00,F,20~29,office,seoul,1,0,0,0,13,0,0,55,0,0,abandoned
11820,U1821,2025-03-30 09:39:00,2025-03-30 09:42:00,M,20~29,office,seoul,1,0,0,0,25,0,0,71,0,0,completed
11821,U1822,2025-06-22 13:25:00,2025-06-22 13:29:00,F,40~49,office,seoul,1,0,0,0,29,0,0,18,0,0,completed
11822,U1823,2025-04-07 11:09:00,2025-04-07 11:11:00,F,50+,office,seoul,0,0,0,0,0,0,0,30,0,0,completed
11823,U1824,2025-12-28 15:46:00,2025-12-28 15:49:00,M,50+,office,seoul,1,0,0,0,5,0,0,78,0,0,completed
11824,U1825,2025-12-16 15:37:00,2025-12-16 15:42:00,M,20~29,office,seoul,0,0,0,0,15,0,0,62,0,0,completed
11825,U1826,2025-12-04 08:46:00,2025-12-04 08:51:00,M,20~29,office,seoul,0,0,0,0,22,0,0,47,0,0,completed
11826,U1827,2025-12-28 09:21:00,2025-12-28 09:23:00,F,40~49,office,seoul,1,0,0,0,5,0,0,48,0,0,completed
11827,U1828,2025-09-26 09:02:00,2025-09-26 09:05:00,F,50+,office,seoul,0,0,0,0,21,0,0,11,0,0,completed
11828,U1829,2025-10-04 14:09:00,2025-10-04 14:11:00,F,20~29,office,seoul,1,0,0,0,26,0,0,75,0,0,error
11829,U1830,2025-01-25 08:23:00,2025-01-25 08:26:00,M,20~29,office,seoul,1,0,0,0,24,0,0,62,0,0,completed
11830,U1831,2025-04-19 13:52:00,2025-04-19 13:58:00,F,30~39,office,seoul,1,0,0,0,27,0,0,71,0,0,completed
11831,U1832,2025-03-22 11:39:00,2025-03-22 11:46:00,F,50+,office,seoul,1,0,0,0,25,0,0,56,0,0,completed
11832,U1833,2025-05-08 11:31:00,2025-05-08 11:34:00,F,20~29,office,seoul,0,0,0,0,21,0,0,79,0,0,completed
11833,U1834,2025-04-18 17:38:00,2025-04-18 17:41:00,M,30~39,office,seoul,0,0,0,0,0,0,0,66,0,0,completed
11834,U1835,2025-09-22 15:21:00,2025-09-22 15:25:00,F,20~29,office,seoul,0,0,0,0,18,0,0,30,0,0,completed
11835,U1836,2025-11-20 22:21:00,2025-11-20 22:25:00,M,40~49,office,seoul,0,0,0,0,0,0,0,77,0,0,completed
11836,U1837,2025-07-28 19:09:00,2025-07-28 19:15:00,F,30~39,office,seoul,0,0,0,0,18,0,0,47,0,0,completed
11837,U1838,2025-09-12 16:08:00,2025-09-12 16:10:00,M,30~39,office,seoul,0,0,0,0,15,0,0,32,0,0,completed
11838,U1839,2025-08-16 12:12:00,2025-08-16 12:18:00,F,20~29,office,seoul,1,0,0,0,27,0,0,31,0,0,completed
11839,U1840,2025-04-28 13:51:00,2025-04-28 13:53:00,M,30~39,office,seoul,0,0,0,0,3,0,0,47,0,0,completed
11840,U1841,2025-11-09 17:33:00,2025-11-09 17:35:00,F,50+,office,seoul,1,0,0,0,7,0,0,48,0,0,error
11841,U1842,2025-10-26 20:36:00,2025-10-26 20:43:00,M,50+,office,seoul,1,0,0,0,8,0,0,49,0,0,completed
11842,U1843,2025-12-18 19:37:00,2025-12-18 19:42:00,M,40~49,office,seoul,0,0,0,0,13,0,0,32,0,0,completed
11843,U1844,2025-02-21 14:09:00,2025-02-21 14:15:00,F,50+,office,seoul,0,0,0,0,13,0,0,10,0,0,completed
11844,U1845,2025-03-18 17:45:00,2025-03-18 17:48:00,M,30~39,office,seoul,0,0,0,0,19,0,0,35,0,0,completed
11845,U1846,2025-10-26 19:15:00,2025-10-26 19:22:00,F,40~49,office,seoul,1,0,0,0,17,0,0,27,0,0,completed
11846,U1847,2025-09-20 17:32:00,2025-09-20 17:37:00,M,50+,office,seoul,1,0,0,0,19,0,0,65,0,0,completed
11847,U1848,2025-07-21 21:45:00,2025-07-21 21:52:00,F,30~39,office,seoul,0,0,0,0,17,0,0,70,0,0,completed
11848,U1849,2025-10-22 11:07:00,2025-10-22 11:14:00,F,30~39,office,seoul,0,0,0,0,2,0,0,75,0,0,timeout
11849,U1850,2025-04-23 16:09:00,2025-04-23 16:14:00,M,30~39,office,seoul,0,0,0,0,13,0,0,37,0,1,abandoned
11850,U1851,2025-04-16 12:15:00,2025-04-16 12:19:00,M,20~29,office,seoul,0,0,0,0,8,0,0,11,0,0,completed
11851,U1852,2025-01-25 15:40:00,2025-01-25 15:43:00,M,20~29,office,seoul,1,0,0,0,11,0,0,58,0,0,completed
11852,U1853,2025-05-23 18:02:00,2025-05-23 18:05:00,M,50+,office,seoul,0,0,0,0,19,0,0,49,0,0,timeout
11853,U1854,2025-06-03 07:58:00,2025-06-03 08:04:00,M,30~39,office,seoul,0,0,0,0,26,0,0,68,0,0,completed
11854,U1855,2025-01-22 09:06:00,2025-01-22 09:10:00,F,30~39,office,seoul,0,0,0,0,17,0,0,37,0,0,completed
11855,U1856,2025-06-29 16:58:00,2025-06-29 17:04:00,M,20~29,office,seoul,1,0,0,0,15,0,0,70,0,0,abandoned
11856,U1857,2025-11-08 12:42:00,2025-11-08 12:49:00,M,40~49,office,seoul,1,0,0,0,1,0,0,53,0,0,completed
11857,U1858,2025-10-15 11:01:00,2025-10-15 11:08:00,F,30~39,office,seoul,0,0,0,0,8,0,0,29,0,0,completed
11858,U1859,2025-01-25 07:34:00,2025-01-25 07:41:00,M,30~39,office,seoul,1,0,0,0,7,0,0,49,0,0,completed
11859,U1860,2025-06-03 12:25:00,2025-06-03 12:31:00,F,30~39,office,seoul,0,0,0,0,14,0,0,52,0,0,completed
11860,U1861,2025-02-09 16:49:00,2025-02-09 16:56:00,F,40~49,office,seoul,1,0,0,0,22,0,0,31,0,0,completed
11861,U1862,2025-10-12 20:43:00,2025-10-12 20:45:00,F,50+,office,seoul,1,0,0,0,11,0,0,44,0,0,completed
11862,U1863,2025-10-16 18:58:00,2025-10-16 19:02:00,M,20~29,office,seoul,0,0,0,0,9,0,0,14,0,0,completed
11863,U1864,2025-03-01 18:33:00,2025-03-01 18:40:00,M,40~49,office,seoul,1,0,0,0,10,0,0,35,0,0,completed
11864,U1865,2025-03-13 14:47:00,2025-03-13 14:50:00,M,50+,office,seoul,0,0,0,0,29,0,0,38,0,0,completed
11865,U1866,2025-07-27 14:45:00,2025-07-27 14:47:00,F,40~49,office,seoul,1,0,0,0,20,0,0,38,0,0,completed
11866,U1867,2025-04-21 11:14:00,2025-04-21 11:16:00,M,20~29,office,seoul,0,0,0,0,2,0,0,38,0,0,completed
11867,U1868,2025-05-27 14:33:00,2025-05-27 14:39:00,M,40~49,office,seoul,0,0,0,0,1,0,0,76,0,0,completed
11868,U1869,2025-08-01 18:29:00,2025-08-01 18:35:00,F,20~29,office,seoul,0,0,0,0,2,0,0,75,0,0,completed
11869,U1870,2025-11-19 15:16:00,2025-11-19 15:19:00,F,30~39,office,seoul,0,0,0,0,6,0,0,54,0,0,completed
11870,U1871,2025-10-20 15:04:00,2025-10-20 15:11:00,M,30~39,office,seoul,0,0,0,0,8,0,0,73,0,0,completed
11871,U1872,2025-07-22 14:03:00,2025-07-22 14:09:00,F,40~49,office,seoul,0,0,0,0,24,0,0,15,0,0,completed
11872,U1873,2025-08-10 12:16:00,2025-08-10 12:19:00,F,40~49,office,seoul,1,0,0,0,3,0,0,18,0,0,completed
11873,U1874,2025-07-18 16:39:00,2025-07-18 16:46:00,M,40~49,office,seoul,0,0,0,0,0,0,0,45,0,0,completed
11874,U1875,2025-01-15 14:58:00,2025-01-15 15:01:00,F,40~49,office,seoul,0,0,0,0,13,0,0,41,0,0,completed
11875,U1876,2025-01-13 17:18:00,2025-01-13 17:25:00,F,40~49,office,seoul,0,0,0,0,26,0,0,27,0,0,completed
11876,U1877,2025-04-16 16:43:00,2025-04-16 16:48:00,M,30~39,office,seoul,0,0,0,0,12,0,0,33,0,0,completed
11877,U1878,2025-05-06 17:48:00,2025-05-06 17:52:00,F,30~39,office,seoul,0,0,0,0,26,0,0,46,0,0,completed
11878,U1879,2025-07-13 14:52:00,2025-07-13 14:59:00,M,20~29,office,seoul,1,0,0,0,7,0,0,28,0,0,completed
11879,U1880,2025-09-28 11:59:00,2025-09-28 12:02:00,F,30~39,office,seoul,1,0,0,0,28,0,0,54,0,0,completed
11880,U1881,2025-10-03 16:25:00,2025-10-03 16:27:00,M,40~49,office,seoul,0,0,0,0,3,0,0,60,0,0,completed
11881,U1882,2025-06-18 19:59:00,2025-06-18 20:04:00,M,20~29,office,seoul,0,0,0,0,23,0,0,38,0,0,abandoned
11882,U1883,2025-06-23 15:41:00,2025-06-23 15:44:00,M,20~29,office,seoul,0,0,0,0,13,0,0,36,0,0,completed
11883,U1884,2025-03-30 16:01:00,2025-03-30 16:08:00,F,30~39,office,seoul,1,0,0,0,4,0,0,26,0,0,completed
11884,U1885,2025-06-16 19:57:00,2025-06-16 20:01:00,F,20~29,office,seoul,0,0,0,0,9,0,0,33,0,0,completed
11885,U1886,2025-04-10 16:51:00,2025-04-10 16:55:00,F,40~49,office,seoul,0,0,0,0,18,0,0,58,0,0,completed
11886,U1887,2025-05-05 20:03:00,2025-05-05 20:09:00,F,40~49,office,seoul,0,0,0,0,5,0,0,60,0,0,completed
11887,U1888,2025-09-03 15:14:00,2025-09-03 15:18:00,M,20~29,office,seoul,0,0,0,0,22,0,0,61,0,0,completed
11888,U1889,2025-11-30 17:42:00,2025-11-30 17:46:00,F,30~39,office,seoul,1,0,0,0,23,0,0,38,0,0,completed
11889,U1890,2025-05-10 16:43:00,2025-05-10 16:48:00,F,30~39,office,seoul,1,0,0,0,22,0,0,61,0,0,completed
11890,U1891,2025-02-19 12:59:00,2025-02-19 13:02:00,F,30~39,office,seoul,0,0,0,0,23,0,0,49,0,0,completed
11891,U1892,2025-05-31 16:59:00,2025-05-31 17:05:00,F,30~39,office,seoul,1,0,0,0,0,0,0,31,0,0,abandoned
11892,U1893,2025-03-05 18:54:00,2025-03-05 19:01:00,M,20~29,office,seoul,0,0,0,0,29,0,0,25,0,0,completed
11893,U1894,2025-04-22 13:33:00,2025-04-22 13:37:00,F,20~29,office,seoul,0,0,0,0,4,0,0,33,0,0,completed
11894,U1895,2025-10-12 18:33:00,2025-10-12 18:39:00,F,30~39,office,seoul,1,0,0,0,12,0,0,66,0,0,abandoned
11895,U1896,2025-06-15 12:32:00,2025-06-15 12:35:00,F,30~39,office,seoul,1,0,0,0,18,0,0,31,0,0,completed
11896,U1897,2025-06-06 08:22:00,2025-06-06 08:24:00,F,30~39,office,seoul,0,0,0,0,8,0,0,16,0,0,completed
11897,U1898,2025-05-09 09:18:00,2025-05-09 09:22:00,M,50+,office,seoul,0,0,0,0,9,0,0,77,1,0,completed
11898,U1899,2025-09-14 09:35:00,2025-09-14 09:39:00,F,50+,office,seoul,1,0,0,0,6,0,0,25,0,0,abandoned
11899,U1900,2025-11-25 08:10:00,2025-11-25 08:14:00,F,20~29,office,seoul,0,0,0,0,17,0,0,74,0,0,completed
11900,U1901,2025-08-11 21:40:00,2025-08-11 21:44:00,F,20~29,office,seoul,0,0,0,0,4,0,0,61,0,0,abandoned
11901,U1902,2025-04-04 13:38:00,2025-04-04 13:45:00,M,30~39,office,seoul,0,0,0,0,1,0,0,26,0,0,completed
11902,U1903,2025-07-13 17:04:00,2025-07-13 17:07:00,M,50+,office,seoul,1,0,0,0,27,0,0,17,0,0,completed
11903,U1904,2025-07-18 11:32:00,2025-07-18 11:39:00,F,50+,office,seoul,0,0,0,0,29,0,0,32,0,0,completed
11904,U1905,2025-11-19 12:59:00,2025-11-19 13:05:00,F,50+,office,seoul,0,0,0,0,24,0,0,26,0,0,completed
11905,U1906,2025-12-26 13:05:00,2025-12-26 13:12:00,F,40~49,office,seoul,0,0,0,0,10,0,0,60,0,0,abandoned
11906,U1907,2025-06-09 07:21:00,2025-06-09 07:26:00,F,40~49,office,seoul,0,0,0,0,15,0,0,26,0,0,completed
11907,U1908,2025-04-21 07:12:00,2025-04-21 07:19:00,F,20~29,office,seoul,0,0,0,0,19,0,0,20,0,0,abandoned
11908,U1909,2025-12-22 18:25:00,2025-12-22 18:32:00,F,30~39,office,seoul,0,0,0,0,26,0,0,50,0,0,completed
11909,U1910,2025-10-09 14:48:00,2025-10-09 14:54:00,F,30~39,office,seoul,0,0,0,0,12,0,0,12,0,1,completed
11910,U1911,2025-05-28 20:50:00,2025-05-28 20:57:00,M,30~39,office,seoul,0,0,0,0,13,0,0,37,0,0,abandoned
11911,U1912,2025-12-09 15:14:00,2025-12-09 15:17:00,M,50+,office,seoul,0,0,0,0,2,0,0,35,0,0,completed
11912,U1913,2025-04-23 08:56:00,2025-04-23 09:02:00,M,20~29,office,seoul,0,0,0,0,27,0,0,27,0,0,completed
11913,U1914,2025-03-04 08:34:00,2025-03-04 08:36:00,F,20~29,office,seoul,0,0,0,0,15,0,0,29,0,0,completed
11914,U1915,2025-06-03 07:31:00,2025-06-03 07:38:00,F,40~49,office,seoul,0,0,0,0,28,0,0,79,0,0,completed
11915,U1916,2025-09-28 19:26:00,2025-09-28 19:31:00,M,20~29,office,seoul,1,0,0,0,14,0,0,17,0,0,completed
11916,U1917,2025-02-24 09:59:00,2025-02-24 10:02:00,F,30~39,office,seoul,0,0,0,0,24,0,0,68,0,0,completed
11917,U1918,2025-12-03 12:33:00,2025-12-03 12:35:00,M,40~49,office,seoul,0,0,0,0,13,0,0,59,0,0,completed
11918,U1919,2025-08-17 17:19:00,2025-08-17 17:22:00,F,20~29,office,seoul,1,0,0,0,12,0,0,32,0,0,timeout
11919,U1920,2025-12-23 14:31:00,2025-12-23 14:34:00,F,20~29,office,seoul,0,0,0,0,28,0,0,69,0,0,completed
11920,U1921,2025-04-15 12:56:00,2025-04-15 12:59:00,M,50+,office,seoul,0,0,0,0,20,0,0,73,1,1,abandoned
11921,U1922,2025-05-16 11:33:00,2025-05-16 11:36:00,M,30~39,office,seoul,0,0,0,0,12,0,0,63,0,0,completed
11922,U1923,2025-06-16 09:50:00,2025-06-16 09:56:00,F,30~39,office,seoul,0,0,0,0,17,0,0,53,0,0,timeout
11923,U1924,2025-08-13 12:46:00,2025-08-13 12:48:00,F,20~29,office,seoul,0,0,0,0,0,0,0,57,0,0,completed
11924,U1925,2025-01-12 18:35:00,2025-01-12 18:40:00,F,50+,office,seoul,1,0,0,0,8,0,0,30,0,0,completed
11925,U1926,2025-02-24 12:06:00,2025-02-24 12:10:00,F,20~29,office,seoul,0,0,0,0,18,0,0,68,0,0,completed
11926,U1927,2025-11-02 13:51:00,2025-11-02 13:53:00,F,50+,office,seoul,1,0,0,0,0,0,0,15,0,0,completed
11927,U1928,2025-06-20 11:50:00,2025-06-20 11:55:00,F,30~39,office,seoul,0,0,0,0,21,0,0,58,0,0,completed
11928,U1929,2025-12-22 09:25:00,2025-12-22 09:31:00,F,40~49,office,seoul,0,0,0,0,28,0,0,58,0,1,abandoned
11929,U1930,2025-02-14 20:46:00,2025-02-14 20:53:00,M,30~39,office,seoul,0,0,0,0,16,0,0,22,0,0,completed
11930,U1931,2025-06-23 16:42:00,2025-06-23 16:49:00,M,40~49,office,seoul,0,0,0,0,0,0,0,38,0,0,completed
11931,U1932,2025-05-22 11:21:00,2025-05-22 11:24:00,F,40~49,office,seoul,0,0,0,0,20,0,0,34,0,0,completed
11932,U1933,2025-12-24 16:23:00,2025-12-24 16:25:00,M,30~39,office,seoul,0,0,0,0,14,0,0,77,0,0,abandoned
11933,U1934,2025-07-18 09:50:00,2025-07-18 09:55:00,M,40~49,office,seoul,0,0,0,0,2,0,0,14,0,0,completed
11934,U1935,2025-12-20 20:03:00,2025-12-20 20:09:00,F,20~29,office,seoul,1,0,0,0,17,0,0,59,0,0,completed
11935,U1936,2025-08-01 22:41:00,2025-08-01 22:48:00,M,30~39,office,seoul,0,0,0,0,6,0,0,64,0,0,completed
11936,U1937,2025-05-30 11:40:00,2025-05-30 11:45:00,F,30~39,office,seoul,0,0,0,0,2,0,0,15,0,0,completed
11937,U1938,2025-07-30 16:35:00,2025-07-30 16:40:00,M,30~39,office,seoul,0,0,0,0,29,0,0,37,0,0,completed
11938,U1939,2025-05-12 15:04:00,2025-05-12 15:10:00,F,40~49,office,seoul,0,0,0,0,9,0,0,78,0,0,completed
11939,U1940,2025-09-28 14:09:00,2025-09-28 14:11:00,F,40~49,office,seoul,1,0,0,0,14,0,0,64,0,0,completed
11940,U1941,2025-12-20 16:27:00,2025-12-20 16:32:00,M,40~49,office,seoul,1,0,0,0,0,0,0,14,0,0,completed
11941,U1942,2025-10-18 17:39:00,2025-10-18 17:45:00,F,20~29,office,seoul,1,0,0,0,0,0,0,72,0,0,completed
11942,U1943,2025-12-13 12:29:00,2025-12-13 12:31:00,M,20~29,office,seoul,1,0,0,0,14,0,0,44,0,0,completed
11943,U1944,2025-05-30 18:02:00,2025-05-30 18:04:00,F,30~39,office,seoul,0,0,0,0,3,0,0,11,0,0,completed
11944,U1945,2025-02-21 13:47:00,2025-02-21 13:50:00,F,40~49,office,seoul,0,0,0,0,6,0,0,16,0,0,completed
11945,U1946,2025-07-10 22:26:00,2025-07-10 22:31:00,M,20~29,office,seoul,0,0,0,0,21,0,0,40,0,0,completed
11946,U1947,2025-10-26 13:33:00,2025-10-26 13:40:00,M,20~29,office,seoul,1,0,0,0,13,0,0,23,0,0,abandoned
11947,U1948,2025-10-20 22:31:00,2025-10-20 22:33:00,M,50+,office,seoul,0,0,0,0,2,0,0,10,0,1,completed
11948,U1949,2025-04-30 16:34:00,2025-04-30 16:41:00,M,20~29,office,seoul,0,0,0,0,7,0,0,55,1,0,completed
11949,U1950,2025-09-01 12:46:00,2025-09-01 12:52:00,F,40~49,office,seoul,0,0,0,0,15,0,0,26,0,0,completed
11950,U1951,2025-05-09 08:36:00,2025-05-09 08:41:00,F,30~39,office,seoul,0,0,0,0,14,0,0,78,0,0,completed
11951,U1952,2025-08-09 16:06:00,2025-08-09 16:13:00,F,30~39,office,seoul,1,0,0,0,27,0,0,17,0,0,completed
11952,U1953,2025-09-15 09:55:00,2025-09-15 09:59:00,M,30~39,office,seoul,0,0,0,0,9,0,0,46,0,0,completed
11953,U1954,2025-08-19 19:03:00,2025-08-19 19:06:00,F,40~49,office,seoul,0,0,0,0,17,0,0,77,0,0,completed
11954,U1955,2025-06-13 09:23:00,2025-06-13 09:30:00,M,30~39,office,seoul,0,0,0,0,21,0,0,68,0,0,completed
11955,U1956,2025-11-17 15:12:00,2025-11-17 15:18:00,F,30~39,office,seoul,0,0,0,0,16,0,0,18,0,0,completed
11956,U1957,2025-04-05 08:25:00,2025-04-05 08:30:00,M,50+,office,seoul,1,0,0,0,4,0,0,15,1,0,completed
11957,U1958,2025-11-01 16:05:00,2025-11-01 16:07:00,F,40~49,office,seoul,1,0,0,0,16,0,0,76,0,0,completed
11958,U1959,2025-08-10 13:48:00,2025-08-10 13:51:00,F,20~29,office,seoul,1,0,0,0,9,0,0,48,0,0,error
11959,U1960,2025-08-09 14:13:00,2025-08-09 14:19:00,F,20~29,office,seoul,1,0,0,0,13,0,0,72,0,0,completed
11960,U1961,2025-03-02 09:13:00,2025-03-02 09:17:00,M,40~49,office,seoul,1,0,0,0,6,0,0,36,0,0,completed
11961,U1962,2025-02-23 15:46:00,2025-02-23 15:53:00,M,40~49,office,seoul,1,0,0,0,5,0,0,74,0,0,completed
11962,U1963,2025-03-03 14:55:00,2025-03-03 15:00:00,F,20~29,office,seoul,0,0,0,0,27,0,0,30,0,0,timeout
11963,U1964,2025-12-26 13:55:00,2025-12-26 13:58:00,F,20~29,office,seoul,0,0,0,0,13,0,0,15,0,0,completed
11964,U1965,2025-12-15 14:48:00,2025-12-15 14:52:00,F,40~49,office,seoul,0,0,0,0,5,0,0,50,0,0,completed
11965,U1966,2025-03-25 17:20:00,2025-03-25 17:27:00,F,40~49,office,seoul,0,0,0,0,12,0,0,17,0,0,completed
11966,U1967,2025-10-02 15:08:00,2025-10-02 15:14:00,F,20~29,office,seoul,0,0,0,0,13,0,0,76,0,0,completed
11967,U1968,2025-03-17 15:41:00,2025-03-17 15:45:00,F,20~29,office,seoul,0,0,0,0,17,0,0,23,0,0,completed
11968,U1969,2025-06-02 12:27:00,2025-06-02 12:30:00,F,20~29,office,seoul,0,0,0,0,21,0,0,59,0,0,completed
11969,U1970,2025-03-24 15:19:00,2025-03-24 15:24:00,F,40~49,office,seoul,0,0,0,0,9,0,0,39,0,0,abandoned
11970,U1971,2025-04-30 15:55:00,2025-04-30 15:59:00,F,20~29,office,seoul,0,0,0,0,20,0,0,42,0,0,completed
11971,U1972,2025-06-08 15:10:00,2025-06-08 15:16:00,F,20~29,office,seoul,1,0,0,0,12,0,0,77,0,0,completed
11972,U1973,2025-05-12 18:55:00,2025-05-12 18:59:00,F,30~39,office,seoul,0,0,0,0,14,0,0,62,0,0,timeout
11973,U1974,2025-05-18 19:06:00,2025-05-18 19:11:00,F,30~39,office,seoul,1,0,0,0,13,0,0,31,0,0,completed
11974,U1975,2025-08-16 16:38:00,2025-08-16 16:44:00,M,30~39,office,seoul,1,0,0,0,29,0,0,47,0,0,completed
11975,U1976,2025-12-28 16:21:00,2025-12-28 16:24:00,F,20~29,office,seoul,1,0,0,0,8,0,0,24,1,0,completed
11976,U1977,2025-02-24 16:12:00,2025-02-24 16:16:00,M,30~39,office,seoul,0,0,0,0,18,0,0,49,0,0,completed
11977,U1978,2025-06-25 14:33:00,2025-06-25 14:36:00,F,40~49,office,seoul,0,0,0,0,16,0,0,69,0,0,completed
11978,U1979,2025-12-30 12:56:00,2025-12-30 12:58:00,M,20~29,office,seoul,0,0,0,0,13,0,0,73,0,0,completed
11979,U1980,2025-10-07 15:38:00,2025-10-07 15:43:00,F,40~49,office,seoul,0,0,0,0,20,0,0,35,1,0,completed
11980,U1981,2025-04-03 11:17:00,2025-04-03 11:19:00,F,20~29,office,seoul,0,0,0,0,7,0,0,71,0,0,completed
11981,U1982,2025-04-07 11:04:00,2025-04-07 11:07:00,F,20~29,office,seoul,0,0,0,0,3,0,0,33,0,0,completed
11982,U1983,2025-11-23 18:41:00,2025-11-23 18:43:00,M,30~39,office,seoul,1,0,0,0,15,0,0,52,0,0,abandoned
11983,U1984,2025-06-05 12:18:00,2025-06-05 12:23:00,M,40~49,office,seoul,0,0,0,0,10,0,0,58,0,0,completed
11984,U1985,2025-08-08 18:23:00,2025-08-08 18:30:00,M,20~29,office,seoul,0,0,0,0,8,0,0,39,0,0,abandoned
11985,U1986,2025-11-26 07:21:00,2025-11-26 07:24:00,M,30~39,office,seoul,0,0,0,0,10,0,0,38,0,0,completed
11986,U1987,2025-10-04 11:03:00,2025-10-04 11:09:00,F,40~49,office,seoul,1,0,0,0,9,0,0,68,0,0,completed
11987,U1988,2025-07-23 09:46:00,2025-07-23 09:52:00,M,50+,office,seoul,0,0,0,0,26,0,0,35,0,1,timeout
11988,U1989,2025-12-29 20:14:00,2025-12-29 20:17:00,M,40~49,office,seoul,0,0,0,0,20,0,0,24,0,0,completed
11989,U1990,2025-03-04 19:38:00,2025-03-04 19:45:00,M,20~29,office,seoul,0,0,0,0,10,0,0,41,0,0,completed
11990,U1991,2025-04-12 15:37:00,2025-04-12 15:40:00,M,30~39,office,seoul,1,0,0,0,20,0,0,23,0,0,completed
11991,U1992,2025-02-25 18:50:00,2025-02-25 18:57:00,M,40~49,office,seoul,0,0,0,0,1,0,0,74,0,0,completed
11992,U1993,2025-05-15 11:37:00,2025-05-15 11:43:00,F,30~39,office,seoul,0,0,0,0,25,0,0,41,0,0,completed
11993,U1994,2025-05-11 07:32:00,2025-05-11 07:34:00,M,20~29,office,seoul,1,0,0,0,12,0,0,53,0,0,completed
11994,U1995,2025-12-09 14:25:00,2025-12-09 14:28:00,F,30~39,office,seoul,0,0,0,0,14,0,0,33,0,0,completed
11995,U1996,2025-06-07 07:34:00,2025-06-07 07:36:00,F,20~29,office,seoul,1,0,0,0,1,0,0,65,0,0,completed
11996,U1997,2025-10-15 12:44:00,2025-10-15 12:46:00,M,20~29,office,seoul,0,0,0,0,19,0,0,73,0,0,completed
11997,U1998,2025-03-20 17:40:00,2025-03-20 17:44:00,F,30~39,office,seoul,0,0,0,0,6,0,0,44,0,0,completed
11998,U1999,2025-11-21 09:48:00,2025-11-21 09:54:00,F,20~29,office,seoul,0,0,0,0,22,0,0,24,0,0,completed
11999,U2000,2025-01-31 12:52:00,2025-01-31 12:58:00,F,20~29,office,seoul,0,0,0,0,0,0,0,33,0,0,completed
12000,U2001,2025-01-15 09:34:00,2025-01-15 09:40:00,F,20~29,office,seoul,0,0,0,0,29,0,0,41,0,0,completed
12001,U2002,2025-06-02 15:17:00,2025-06-02 15:20:00,M,20~29,office,seoul,0,0,0,0,8,0,0,33,0,0,completed
12002,U2003,2025-12-13 13:33:00,2025-12-13 13:36:00,F,20~29,office,seoul,1,0,0,0,21,0,0,66,0,0,completed
12003,U2004,2025-10-26 08:35:00,2025-10-26 08:42:00,F,20~29,office,seoul,1,0,0,0,25,0,0,54,0,0,completed
12004,U2005,2025-12-31 21:54:00,2025-12-31 21:58:00,M,50+,office,seoul,0,0,0,0,8,0,0,56,0,0,completed
12005,U2006,2025-09-06 09:41:00,2025-09-06 09:47:00,F,50+,office,seoul,1,0,0,0,9,0,0,63,0,0,completed
12006,U2007,2025-02-26 20:35:00,2025-02-26 20:38:00,M,30~39,office,seoul,0,0,0,0,8,0,0,49,0,0,completed
12007,U2008,2025-05-22 14:13:00,2025-05-22 14:18:00,M,30~39,office,seoul,0,0,0,0,23,0,0,67,0,0,completed
12008,U2009,2025-05-24 13:21:00,2025-05-24 13:24:00,F,20~29,office,seoul,1,0,0,0,13,0,0,79,0,0,completed
12009,U2010,2025-11-06 16:49:00,2025-11-06 16:55:00,M,50+,office,seoul,0,0,0,0,3,0,0,33,0,0,completed
12010,U2011,2025-08-25 08:41:00,2025-08-25 08:46:00,F,20~29,office,seoul,0,0,0,0,26,0,0,55,0,0,completed
12011,U2012,2025-10-21 20:49:00,2025-10-21 20:53:00,F,50+,office,seoul,0,0,0,0,18,0,0,63,0,0,completed
12012,U2013,2025-08-03 09:35:00,2025-08-03 09:42:00,F,30~39,office,seoul,1,0,0,0,23,0,0,51,0,0,abandoned
12013,U2014,2025-03-03 13:48:00,2025-03-03 13:50:00,F,20~29,office,seoul,0,0,0,0,23,0,0,15,0,0,completed
12014,U2015,2025-06-24 19:43:00,2025-06-24 19:46:00,M,40~49,office,seoul,0,0,0,0,18,0,0,46,0,0,completed
12015,U2016,2025-04-12 12:23:00,2025-04-12 12:27:00,M,50+,office,seoul,1,0,0,0,1,0,0,76,0,0,completed
12016,U2017,2025-08-02 19:58:00,2025-08-02 20:05:00,F,20~29,office,seoul,1,0,0,0,7,0,0,47,0,0,completed
12017,U2018,2025-02-18 08:57:00,2025-02-18 08:59:00,F,30~39,office,seoul,0,0,0,0,14,0,0,16,0,0,completed
12018,U2019,2025-11-03 12:50:00,2025-11-03 12:52:00,F,40~49,office,seoul,0,0,0,0,29,0,0,27,0,0,completed
12019,U2020,2025-03-05 12:32:00,2025-03-05 12:38:00,F,20~29,office,seoul,0,0,0,0,12,0,0,49,0,0,completed
12020,U2021,2025-01-29 17:00:00,2025-01-29 17:04:00,F,40~49,office,seoul,0,0,0,0,0,0,0,78,0,0,completed
12021,U2022,2025-05-05 13:59:00,2025-05-05 14:03:00,F,40~49,office,seoul,0,0,0,0,8,0,0,38,0,0,completed
12022,U2023,2025-06-15 19:13:00,2025-06-15 19:16:00,M,20~29,office,seoul,1,0,0,0,9,0,0,43,0,0,completed
12023,U2024,2025-05-14 09:28:00,2025-05-14 09:33:00,F,50+,office,seoul,0,0,0,0,19,0,0,42,0,0,completed
12024,U2025,2025-08-19 19:16:00,2025-08-19 19:23:00,F,20~29,office,seoul,0,0,0,0,12,0,0,18,0,0,completed
12025,U2026,2025-02-13 20:50:00,2025-02-13 20:55:00,M,20~29,office,seoul,0,0,0,0,10,0,0,54,0,0,completed
12026,U2027,2025-07-02 16:51:00,2025-07-02 16:55:00,F,50+,office,seoul,0,0,0,0,0,0,0,18,0,0,timeout
12027,U2028,2025-05-28 13:42:00,2025-05-28 13:44:00,M,30~39,office,seoul,0,0,0,0,17,0,0,15,0,0,completed
12028,U2029,2025-09-11 21:24:00,2025-09-11 21:29:00,M,30~39,office,seoul,0,0,0,0,26,0,0,19,0,0,completed
12029,U2030,2025-04-22 22:09:00,2025-04-22 22:15:00,M,50+,office,seoul,0,0,0,0,10,0,0,60,0,0,completed
12030,U2031,2025-03-07 11:00:00,2025-03-07 11:03:00,M,40~49,office,seoul,0,0,0,0,14,0,0,72,0,0,completed
12031,U2032,2025-03-06 09:14:00,2025-03-06 09:16:00,F,30~39,office,seoul,0,0,0,0,11,0,0,31,0,0,completed
12032,U2033,2025-08-06 09:15:00,2025-08-06 09:22:00,F,30~39,office,seoul,0,0,0,0,25,0,0,50,0,0,completed
12033,U2034,2025-06-07 13:48:00,2025-06-07 13:51:00,F,20~29,office,seoul,1,0,0,0,20,0,0,51,0,0,completed
12034,U2035,2025-10-25 09:46:00,2025-10-25 09:48:00,F,30~39,office,seoul,1,0,0,0,8,0,0,14,0,0,completed
12035,U2036,2025-01-03 12:03:00,2025-01-03 12:08:00,F,20~29,office,seoul,0,0,0,0,25,0,0,14,0,0,completed
12036,U2037,2025-06-17 19:12:00,2025-06-17 19:18:00,M,50+,office,seoul,0,0,0,0,10,0,0,54,0,0,abandoned
12037,U2038,2025-08-04 13:27:00,2025-08-04 13:29:00,F,30~39,office,seoul,0,0,0,0,11,0,0,73,0,0,completed
12038,U2039,2025-10-08 19:05:00,2025-10-08 19:11:00,F,30~39,office,seoul,0,0,0,0,2,0,0,31,0,1,completed
12039,U2040,2025-10-28 18:52:00,2025-10-28 18:58:00,M,40~49,office,seoul,0,0,0,0,18,0,0,79,0,0,completed
12040,U2041,2025-06-29 09:56:00,2025-06-29 10:03:00,F,40~49,office,seoul,1,0,0,0,6,0,0,61,0,0,completed
12041,U2042,2025-07-12 07:58:00,2025-07-12 08:00:00,F,30~39,office,seoul,1,0,0,0,22,0,0,45,0,0,completed
12042,U2043,2025-11-28 20:21:00,2025-11-28 20:28:00,M,40~49,office,seoul,0,0,0,0,19,0,0,24,0,0,completed
12043,U2044,2025-01-15 12:55:00,2025-01-15 12:57:00,F,20~29,office,seoul,0,0,0,0,14,0,0,30,0,0,completed
12044,U2045,2025-05-29 11:53:00,2025-05-29 11:56:00,M,30~39,office,seoul,0,0,0,0,26,0,0,15,0,0,completed
12045,U2046,2025-11-06 20:51:00,2025-11-06 20:57:00,F,40~49,office,seoul,0,0,0,0,28,0,0,33,1,0,completed
12046,U2047,2025-10-19 08:04:00,2025-10-19 08:07:00,F,20~29,office,seoul,1,0,0,0,16,0,0,54,0,0,completed
12047,U2048,2025-09-07 09:42:00,2025-09-07 09:49:00,F,50+,office,seoul,1,0,0,0,17,0,0,40,0,0,completed
12048,U2049,2025-04-20 13:44:00,2025-04-20 13:47:00,F,20~29,office,seoul,1,0,0,0,3,0,0,31,0,0,completed
12049,U2050,2025-02-23 20:45:00,2025-02-23 20:50:00,F,30~39,office,seoul,1,0,0,0,11,0,0,43,0,1,completed
12050,U2051,2025-05-11 17:17:00,2025-05-11 17:20:00,F,30~39,office,seoul,1,0,0,0,9,0,0,28,0,0,completed
12051,U2052,2025-01-12 11:06:00,2025-01-12 11:10:00,M,40~49,office,seoul,1,0,0,0,29,0,0,63,0,0,error
12052,U2053,2025-04-02 16:58:00,2025-04-02 17:02:00,M,20~29,office,seoul,0,0,0,0,24,0,0,13,0,0,completed
12053,U2054,2025-07-22 08:32:00,2025-07-22 08:38:00,F,20~29,office,seoul,0,0,0,0,22,0,0,40,0,0,completed
12054,U2055,2025-06-14 07:58:00,2025-06-14 08:02:00,M,40~49,office,seoul,1,0,0,0,11,0,0,13,0,0,completed
12055,U2056,2025-04-03 16:10:00,2025-04-03 16:12:00,M,20~29,office,seoul,0,0,0,0,19,0,0,14,0,0,completed
12056,U2057,2025-12-22 11:43:00,2025-12-22 11:45:00,F,50+,office,seoul,0,0,0,0,8,0,0,50,0,0,abandoned
12057,U2058,2025-04-04 14:40:00,2025-04-04 14:46:00,F,40~49,office,seoul,0,0,0,0,15,0,0,39,0,0,completed
12058,U2059,2025-01-04 19:51:00,2025-01-04 19:58:00,F,20~29,office,seoul,1,0,0,0,24,0,0,69,0,0,completed
12059,U2060,2025-08-15 11:35:00,2025-08-15 11:39:00,F,40~49,office,seoul,0,0,0,0,3,0,0,39,0,0,completed
12060,U2061,2025-11-14 09:25:00,2025-11-14 09:30:00,M,20~29,office,seoul,0,0,0,0,8,0,0,65,0,0,completed
12061,U2062,2025-09-11 21:56:00,2025-09-11 22:03:00,F,40~49,office,seoul,0,0,0,0,13,0,0,59,0,0,timeout
12062,U2063,2025-07-02 09:37:00,2025-07-02 09:41:00,F,20~29,office,seoul,0,0,0,0,4,0,0,29,0,0,completed
12063,U2064,2025-01-30 18:46:00,2025-01-30 18:50:00,F,30~39,office,seoul,0,0,0,0,27,0,0,61,0,0,completed
12064,U2065,2025-03-24 08:09:00,2025-03-24 08:14:00,F,50+,office,seoul,0,0,0,0,21,0,0,62,0,0,completed
12065,U2066,2025-02-23 14:38:00,2025-02-23 14:42:00,F,20~29,office,seoul,1,0,0,0,12,0,0,33,0,0,completed
12066,U2067,2025-05-16 09:13:00,2025-05-16 09:18:00,M,40~49,office,seoul,0,0,0,0,16,0,0,66,0,0,completed
12067,U2068,2025-02-16 09:48:00,2025-02-16 09:54:00,F,50+,office,seoul,1,0,0,0,4,0,0,28,0,0,completed
12068,U2069,2025-12-17 12:54:00,2025-12-17 12:57:00,M,20~29,office,seoul,0,0,0,0,17,0,0,71,0,0,completed
12069,U2070,2025-07-28 07:47:00,2025-07-28 07:49:00,F,20~29,office,seoul,0,0,0,0,4,0,0,16,0,0,completed
12070,U2071,2025-06-15 16:59:00,2025-06-15 17:02:00,M,30~39,office,seoul,1,0,0,0,8,0,0,11,0,0,completed
12071,U2072,2025-09-18 09:35:00,2025-09-18 09:39:00,F,30~39,office,seoul,0,0,0,0,21,0,0,53,0,0,completed
12072,U2073,2025-09-07 12:57:00,2025-09-07 13:04:00,M,30~39,office,seoul,1,0,0,0,13,0,0,23,0,0,completed
12073,U2074,2025-01-31 22:14:00,2025-01-31 22:20:00,F,30~39,office,seoul,0,0,0,0,29,0,0,13,0,0,completed
12074,U2075,2025-03-20 15:23:00,2025-03-20 15:30:00,M,40~49,office,seoul,0,0,0,0,11,0,0,32,0,0,completed
12075,U2076,2025-11-12 17:12:00,2025-11-12 17:17:00,M,30~39,office,seoul,0,0,0,0,11,0,0,35,0,0,completed
12076,U2077,2025-02-08 11:00:00,2025-02-08 11:05:00,M,20~29,office,seoul,1,0,0,0,1,0,0,23,0,0,completed
12077,U2078,2025-09-21 12:16:00,2025-09-21 12:18:00,M,20~29,office,seoul,1,0,0,0,3,0,0,36,0,0,completed
12078,U2079,2025-02-14 13:39:00,2025-02-14 13:45:00,F,40~49,office,seoul,0,0,0,0,21,0,0,13,0,0,completed
12079,U2080,2025-03-04 12:20:00,2025-03-04 12:27:00,M,30~39,office,seoul,0,0,0,0,3,0,0,29,0,0,completed
12080,U2081,2025-11-30 16:03:00,2025-11-30 16:05:00,F,30~39,office,seoul,1,0,0,0,20,0,0,19,0,0,completed
12081,U2082,2025-02-23 09:57:00,2025-02-23 09:59:00,F,30~39,office,seoul,1,0,0,0,12,0,0,57,0,0,completed
12082,U2083,2025-02-18 15:35:00,2025-02-18 15:41:00,F,40~49,office,seoul,0,0,0,0,29,0,0,33,0,0,timeout
12083,U2084,2025-02-25 15:39:00,2025-02-25 15:42:00,F,50+,office,seoul,0,0,0,0,21,0,0,41,0,0,completed
12084,U2085,2025-03-27 15:44:00,2025-03-27 15:47:00,M,30~39,office,seoul,0,0,0,0,5,0,0,48,0,0,completed
12085,U2086,2025-09-07 16:17:00,2025-09-07 16:20:00,F,40~49,office,seoul,1,0,0,0,20,0,0,67,0,0,completed
12086,U2087,2025-01-12 14:13:00,2025-01-12 14:20:00,F,30~39,office,seoul,1,0,0,0,7,0,0,57,0,0,completed
12087,U2088,2025-09-13 14:54:00,2025-09-13 14:57:00,F,30~39,office,seoul,1,0,0,0,22,0,0,30,0,0,completed
12088,U2089,2025-03-10 18:37:00,2025-03-10 18:39:00,M,20~29,office,seoul,0,0,0,0,25,0,0,68,0,0,completed
12089,U2090,2025-05-18 16:18:00,2025-05-18 16:22:00,F,40~49,office,seoul,1,0,0,0,6,0,0,66,0,0,completed
12090,U2091,2025-03-14 15:45:00,2025-03-14 15:51:00,F,20~29,office,seoul,0,0,0,0,20,0,0,10,0,0,completed
12091,U2092,2025-05-09 13:24:00,2025-05-09 13:29:00,F,40~49,office,seoul,0,0,0,0,18,0,0,13,0,0,completed
12092,U2093,2025-03-18 16:11:00,2025-03-18 16:17:00,M,20~29,office,seoul,0,0,0,0,23,0,0,59,0,0,completed
12093,U2094,2025-08-12 19:24:00,2025-08-12 19:28:00,M,30~39,office,seoul,0,0,0,0,28,0,0,72,0,0,abandoned
12094,U2095,2025-10-07 19:05:00,2025-10-07 19:09:00,M,30~39,office,seoul,0,0,0,0,26,0,0,55,0,0,completed
12095,U2096,2025-11-22 16:56:00,2025-11-22 16:59:00,F,40~49,office,seoul,1,0,0,0,12,0,0,25,0,0,completed
12096,U2097,2025-05-18 13:34:00,2025-05-18 13:38:00,M,30~39,office,seoul,1,0,0,0,8,0,0,64,0,0,completed
12097,U2098,2025-03-12 11:06:00,2025-03-12 11:11:00,M,20~29,office,seoul,0,0,0,0,5,0,0,50,0,0,completed
12098,U2099,2025-11-21 13:03:00,2025-11-21 13:10:00,M,20~29,office,seoul,0,0,0,0,15,0,0,74,0,0,completed
12099,U2100,2025-11-30 13:34:00,2025-11-30 13:38:00,F,20~29,office,seoul,1,0,0,0,27,0,0,50,0,0,completed
12100,U2101,2025-01-09 18:19:00,2025-01-09 18:26:00,M,20~29,office,seoul,0,0,0,0,4,0,0,19,0,0,completed
12101,U2102,2025-12-24 12:32:00,2025-12-24 12:38:00,F,30~39,office,seoul,0,0,0,0,12,0,0,58,0,0,completed
12102,U2103,2025-11-28 16:50:00,2025-11-28 16:52:00,F,50+,office,seoul,0,0,0,0,15,0,0,22,0,0,completed
12103,U2104,2025-10-14 18:17:00,2025-10-14 18:21:00,F,30~39,office,seoul,0,0,0,0,17,0,0,78,0,0,completed
12104,U2105,2025-07-21 17:37:00,2025-07-21 17:39:00,M,30~39,office,seoul,0,0,0,0,9,0,0,15,0,0,completed
12105,U2106,2025-11-29 17:48:00,2025-11-29 17:55:00,F,50+,office,seoul,1,0,0,0,10,0,0,43,0,0,completed
12106,U2107,2025-06-23 21:10:00,2025-06-23 21:12:00,F,30~39,office,seoul,0,0,0,0,25,0,0,74,0,0,completed
12107,U2108,2025-02-06 09:13:00,2025-02-06 09:18:00,F,20~29,office,seoul,0,0,0,0,20,0,0,42,0,0,completed
12108,U2109,2025-08-11 14:57:00,2025-08-11 15:01:00,M,20~29,office,seoul,0,0,0,0,9,0,0,29,0,0,completed
12109,U2110,2025-12-15 11:25:00,2025-12-15 11:31:00,F,20~29,office,seoul,0,0,0,0,22,0,0,13,0,0,completed
12110,U2111,2025-10-24 12:45:00,2025-10-24 12:47:00,F,30~39,office,seoul,0,0,0,0,18,0,0,78,0,0,completed
12111,U2112,2025-12-30 15:45:00,2025-12-30 15:47:00,M,30~39,office,seoul,0,0,0,0,7,0,0,59,0,0,completed
12112,U2113,2025-12-31 19:52:00,2025-12-31 19:54:00,F,20~29,office,seoul,0,0,0,0,29,0,0,58,0,0,completed
12113,U2114,2025-04-28 22:39:00,2025-04-28 22:43:00,F,30~39,office,seoul,0,0,0,0,2,0,0,27,0,0,timeout
12114,U2115,2025-07-10 12:14:00,2025-07-10 12:19:00,M,50+,office,seoul,0,0,0,0,8,0,0,51,0,0,completed
12115,U2116,2025-02-22 18:18:00,2025-02-22 18:20:00,M,30~39,office,seoul,1,0,0,0,14,0,0,20,0,0,completed
12116,U2117,2025-07-04 20:45:00,2025-07-04 20:51:00,F,30~39,office,seoul,0,0,0,0,22,0,0,19,0,0,completed
12117,U2118,2025-04-23 08:23:00,2025-04-23 08:28:00,F,30~39,office,seoul,0,0,0,0,5,0,0,54,0,0,completed
12118,U2119,2025-07-01 13:59:00,2025-07-01 14:01:00,F,20~29,office,seoul,0,0,0,0,12,0,0,68,0,0,completed
12119,U2120,2025-04-23 16:50:00,2025-04-23 16:54:00,M,30~39,office,seoul,0,0,0,0,12,0,0,60,0,0,completed
12120,U2121,2025-03-28 08:05:00,2025-03-28 08:10:00,F,20~29,office,seoul,0,0,0,0,10,0,0,25,0,0,completed
12121,U2122,2025-02-21 12:40:00,2025-02-21 12:42:00,F,20~29,office,seoul,0,0,0,0,6,0,0,70,0,0,completed
12122,U2123,2025-04-01 17:58:00,2025-04-01 18:05:00,F,30~39,office,seoul,0,0,0,0,8,0,0,35,0,0,completed
12123,U2124,2025-06-10 15:55:00,2025-06-10 15:59:00,F,30~39,office,seoul,0,0,0,0,9,0,0,48,0,0,completed
12124,U2125,2025-12-28 22:54:00,2025-12-28 22:59:00,F,20~29,office,seoul,1,0,0,0,0,0,0,69,0,0,completed
12125,U2126,2025-10-03 09:30:00,2025-10-03 09:36:00,F,20~29,office,seoul,0,0,0,0,28,0,0,62,0,0,completed
12126,U2127,2025-06-21 11:56:00,2025-06-21 12:00:00,M,40~49,office,seoul,1,0,0,0,8,0,0,14,0,0,completed
12127,U2128,2025-06-07 16:24:00,2025-06-07 16:28:00,F,50+,office,seoul,1,0,0,0,9,0,0,75,0,0,completed
12128,U2129,2025-08-29 16:29:00,2025-08-29 16:32:00,F,50+,office,seoul,0,0,0,0,4,0,0,40,0,1,abandoned
12129,U2130,2025-06-09 13:30:00,2025-06-09 13:32:00,F,20~29,office,seoul,0,0,0,0,0,0,0,53,0,0,completed
12130,U2131,2025-03-01 12:22:00,2025-03-01 12:27:00,F,20~29,office,seoul,1,0,0,0,12,0,0,60,0,0,completed
12131,U2132,2025-09-11 15:26:00,2025-09-11 15:28:00,F,50+,office,seoul,0,0,0,0,13,0,0,44,0,0,completed
12132,U2133,2025-06-25 14:56:00,2025-06-25 15:03:00,F,40~49,office,seoul,0,0,0,0,21,0,0,63,0,0,completed
12133,U2134,2025-07-10 15:08:00,2025-07-10 15:14:00,M,20~29,office,seoul,0,0,0,0,11,0,0,28,0,0,completed
12134,U2135,2025-09-13 15:16:00,2025-09-13 15:20:00,M,20~29,office,seoul,1,0,0,0,19,0,0,45,0,0,completed
12135,U2136,2025-03-16 15:52:00,2025-03-16 15:54:00,M,50+,office,seoul,1,0,0,0,5,0,0,68,0,0,completed
12136,U2137,2025-08-07 13:06:00,2025-08-07 13:10:00,F,20~29,office,seoul,0,0,0,0,15,0,0,12,0,0,completed
12137,U2138,2025-04-25 13:58:00,2025-04-25 14:05:00,M,50+,office,seoul,0,0,0,0,1,0,0,35,0,0,completed
12138,U2139,2025-03-13 17:01:00,2025-03-13 17:06:00,M,30~39,office,seoul,0,0,0,0,20,0,0,23,0,0,completed
12139,U2140,2025-12-14 17:37:00,2025-12-14 17:41:00,M,50+,office,seoul,1,0,0,0,26,0,0,44,0,0,completed
12140,U2141,2025-08-12 14:28:00,2025-08-12 14:32:00,M,40~49,office,seoul,0,0,0,0,26,0,0,58,0,0,completed
12141,U2142,2025-05-20 13:54:00,2025-05-20 13:56:00,F,40~49,office,seoul,0,0,0,0,14,0,0,20,0,0,timeout
12142,U2143,2025-05-17 15:56:00,2025-05-17 16:02:00,M,50+,office,seoul,1,0,0,0,29,0,0,21,0,0,completed
12143,U2144,2025-09-14 09:13:00,2025-09-14 09:16:00,F,20~29,office,seoul,1,0,0,0,0,0,0,23,0,0,abandoned
12144,U2145,2025-02-26 09:51:00,2025-02-26 09:57:00,M,20~29,office,seoul,0,0,0,0,7,0,0,66,0,1,completed
12145,U2146,2025-11-11 17:17:00,2025-11-11 17:22:00,M,40~49,office,seoul,0,0,0,0,1,0,0,60,0,0,completed
12146,U2147,2025-09-20 13:59:00,2025-09-20 14:06:00,M,30~39,office,seoul,1,0,0,0,8,0,0,16,0,0,completed
12147,U2148,2025-06-19 15:07:00,2025-06-19 15:10:00,M,20~29,office,seoul,0,0,0,0,3,0,0,13,0,0,timeout
12148,U2149,2025-10-27 11:10:00,2025-10-27 11:14:00,F,20~29,office,seoul,0,0,0,0,21,0,0,51,0,0,completed
12149,U2150,2025-08-10 15:34:00,2025-08-10 15:39:00,M,20~29,office,seoul,1,0,0,0,21,0,0,64,0,0,completed
12150,U2151,2025-07-27 16:57:00,2025-07-27 17:00:00,M,40~49,office,seoul,1,0,0,0,0,0,0,20,0,0,completed
12151,U2152,2025-09-16 15:55:00,2025-09-16 15:58:00,M,30~39,office,seoul,0,0,0,0,18,0,0,53,0,0,completed
12152,U2153,2025-07-20 08:13:00,2025-07-20 08:18:00,M,50+,office,seoul,1,0,0,0,19,0,0,73,0,0,timeout
12153,U2154,2025-10-09 19:13:00,2025-10-09 19:19:00,M,30~39,office,seoul,0,0,0,0,19,0,0,64,0,0,completed
12154,U2155,2025-03-04 09:25:00,2025-03-04 09:31:00,M,50+,office,seoul,0,0,0,0,2,0,0,58,0,0,timeout
12155,U2156,2025-02-19 18:54:00,2025-02-19 18:58:00,F,50+,office,seoul,0,0,0,0,21,0,0,42,1,0,completed
12156,U2157,2025-10-27 16:14:00,2025-10-27 16:21:00,F,20~29,office,seoul,0,0,0,0,5,0,0,50,0,0,abandoned
12157,U2158,2025-03-16 09:06:00,2025-03-16 09:11:00,F,20~29,office,seoul,1,0,0,0,16,0,0,67,0,0,completed
12158,U2159,2025-04-09 09:59:00,2025-04-09 10:05:00,M,20~29,office,seoul,0,0,0,0,24,0,0,58,0,0,completed
12159,U2160,2025-07-13 15:59:00,2025-07-13 16:02:00,F,50+,office,seoul,1,0,0,0,24,0,0,22,0,0,completed
12160,U2161,2025-08-06 20:22:00,2025-08-06 20:24:00,M,50+,office,seoul,0,0,0,0,3,0,0,15,0,0,completed
12161,U2162,2025-10-28 16:29:00,2025-10-28 16:35:00,M,20~29,office,seoul,0,0,0,0,2,0,0,59,0,0,completed
12162,U2163,2025-09-29 14:01:00,2025-09-29 14:08:00,F,50+,office,seoul,0,0,0,0,29,0,0,59,1,0,completed
12163,U2164,2025-05-02 15:24:00,2025-05-02 15:30:00,F,20~29,office,seoul,0,0,0,0,7,0,0,60,0,0,completed
12164,U2165,2025-08-30 20:23:00,2025-08-30 20:29:00,F,50+,office,seoul,1,0,0,0,3,0,0,26,1,0,completed
12165,U2166,2025-08-22 15:32:00,2025-08-22 15:38:00,F,20~29,office,seoul,0,0,0,0,11,0,0,71,0,0,completed
12166,U2167,2025-02-18 16:13:00,2025-02-18 16:19:00,M,20~29,office,seoul,0,0,0,0,1,0,0,49,0,0,completed
12167,U2168,2025-09-05 15:58:00,2025-09-05 16:04:00,F,50+,office,seoul,0,0,0,0,21,0,0,45,0,0,completed
12168,U2169,2025-05-12 13:07:00,2025-05-12 13:13:00,F,40~49,office,seoul,0,0,0,0,16,0,0,36,0,0,completed
12169,U2170,2025-08-27 18:43:00,2025-08-27 18:47:00,M,50+,office,seoul,0,0,0,0,15,0,0,57,0,0,completed
12170,U2171,2025-02-06 18:51:00,2025-02-06 18:54:00,F,50+,office,seoul,0,0,0,0,0,0,0,36,0,0,completed
12171,U2172,2025-01-29 08:12:00,2025-01-29 08:14:00,M,20~29,office,seoul,0,0,0,0,25,0,0,57,0,0,completed
12172,U2173,2025-02-01 15:22:00,2025-02-01 15:26:00,F,20~29,office,seoul,1,0,0,0,4,0,0,19,0,0,completed
12173,U2174,2025-08-14 13:01:00,2025-08-14 13:04:00,F,40~49,office,seoul,0,0,0,0,21,0,0,33,0,0,completed
12174,U2175,2025-02-14 19:39:00,2025-02-14 19:41:00,F,30~39,office,seoul,0,0,0,0,14,0,0,71,0,0,completed
12175,U2176,2025-09-23 12:10:00,2025-09-23 12:13:00,F,30~39,office,seoul,0,0,0,0,5,0,0,52,0,0,completed
12176,U2177,2025-07-09 07:45:00,2025-07-09 07:52:00,F,20~29,office,seoul,0,0,0,0,5,0,0,69,0,0,completed
12177,U2178,2025-03-04 20:53:00,2025-03-04 20:58:00,F,20~29,office,seoul,0,0,0,0,4,0,0,73,0,0,completed
12178,U2179,2025-08-19 15:12:00,2025-08-19 15:16:00,F,50+,office,seoul,0,0,0,0,21,0,0,63,0,0,completed
12179,U2180,2025-02-25 09:06:00,2025-02-25 09:08:00,M,20~29,office,seoul,0,0,0,0,10,0,0,30,0,0,timeout
12180,U2181,2025-01-12 17:01:00,2025-01-12 17:04:00,F,20~29,office,seoul,1,0,0,0,12,0,0,55,0,0,completed
12181,U2182,2025-05-26 14:40:00,2025-05-26 14:47:00,M,40~49,office,seoul,0,0,0,0,7,0,0,54,0,0,completed
12182,U2183,2025-09-08 16:00:00,2025-09-08 16:06:00,F,20~29,office,seoul,0,0,0,0,22,0,0,42,0,0,completed
12183,U2184,2025-07-23 16:51:00,2025-07-23 16:55:00,M,30~39,office,seoul,0,0,0,0,4,0,0,78,0,0,completed
12184,U2185,2025-08-12 13:27:00,2025-08-12 13:30:00,M,20~29,office,seoul,0,0,0,0,4,0,0,62,0,0,completed
12185,U2186,2025-04-19 11:34:00,2025-04-19 11:38:00,F,30~39,office,seoul,1,0,0,0,12,0,0,36,0,0,completed
12186,U2187,2025-04-21 19:17:00,2025-04-21 19:21:00,F,20~29,office,seoul,0,0,0,0,10,0,0,20,0,0,timeout
12187,U2188,2025-05-19 08:10:00,2025-05-19 08:15:00,F,40~49,office,seoul,0,0,0,0,28,0,0,67,0,0,completed
12188,U2189,2025-05-26 09:00:00,2025-05-26 09:06:00,M,30~39,office,seoul,0,0,0,0,2,0,0,42,0,0,completed
12189,U2190,2025-06-14 17:13:00,2025-06-14 17:20:00,F,40~49,office,seoul,1,0,0,0,21,0,0,44,0,0,completed
12190,U2191,2025-11-05 22:06:00,2025-11-05 22:09:00,F,20~29,office,seoul,0,0,0,0,25,0,0,74,0,0,completed
12191,U2192,2025-03-04 16:39:00,2025-03-04 16:41:00,F,30~39,office,seoul,0,0,0,0,5,0,0,36,0,0,completed
12192,U2193,2025-05-09 08:15:00,2025-05-09 08:18:00,F,30~39,office,seoul,0,0,0,0,23,0,0,67,0,0,completed
12193,U2194,2025-04-06 11:21:00,2025-04-06 11:26:00,F,50+,office,seoul,1,0,0,0,12,0,0,54,0,0,completed
12194,U2195,2025-12-30 15:04:00,2025-12-30 15:06:00,F,30~39,office,seoul,0,0,0,0,11,0,0,72,0,0,completed
12195,U2196,2025-09-12 13:53:00,2025-09-12 13:56:00,M,30~39,office,seoul,0,0,0,0,6,0,0,50,0,0,completed
12196,U2197,2025-12-12 14:33:00,2025-12-12 14:38:00,F,50+,office,seoul,0,0,0,0,12,0,0,63,0,0,completed
12197,U2198,2025-11-13 15:07:00,2025-11-13 15:09:00,M,20~29,office,seoul,0,0,0,0,12,0,0,39,0,0,completed
12198,U2199,2025-12-08 09:06:00,2025-12-08 09:09:00,M,50+,office,seoul,0,0,0,0,19,0,0,26,0,0,completed
12199,U2200,2025-12-08 13:58:00,2025-12-08 14:03:00,M,50+,office,seoul,0,0,0,0,0,0,0,33,0,0,completed
12200,U2201,2025-12-26 09:23:00,2025-12-26 09:30:00,F,50+,office,seoul,0,0,0,0,12,0,0,64,0,0,completed
12201,U2202,2025-02-23 14:02:00,2025-02-23 14:06:00,M,30~39,office,seoul,1,0,0,0,3,0,0,29,0,0,completed
12202,U2203,2025-09-23 08:39:00,2025-09-23 08:44:00,F,30~39,office,seoul,0,0,0,0,17,0,0,15,0,0,timeout
12203,U2204,2025-08-17 09:56:00,2025-08-17 09:59:00,F,20~29,office,seoul,1,0,0,0,1,0,0,16,0,0,completed
12204,U2205,2025-12-04 14:40:00,2025-12-04 14:43:00,M,20~29,office,seoul,0,0,0,0,18,0,0,30,0,0,abandoned
12205,U2206,2025-12-09 21:02:00,2025-12-09 21:09:00,M,30~39,office,seoul,0,0,0,0,6,0,0,53,0,0,abandoned
12206,U2207,2025-12-07 15:48:00,2025-12-07 15:53:00,F,30~39,office,seoul,1,0,0,0,24,0,0,75,0,0,completed
12207,U2208,2025-11-30 18:36:00,2025-11-30 18:43:00,M,30~39,office,seoul,1,0,0,0,21,0,0,78,0,0,completed
12208,U2209,2025-06-18 09:41:00,2025-06-18 09:44:00,F,40~49,office,seoul,0,0,0,0,23,0,0,35,0,0,completed
12209,U2210,2025-06-18 08:05:00,2025-06-18 08:08:00,M,20~29,office,seoul,0,0,0,0,10,0,0,60,0,0,completed
12210,U2211,2025-08-15 21:59:00,2025-08-15 22:06:00,F,30~39,office,seoul,0,0,0,0,19,0,0,73,0,0,completed
12211,U2212,2025-08-07 17:47:00,2025-08-07 17:50:00,M,30~39,office,seoul,0,0,0,0,10,0,0,47,0,0,completed
12212,U2213,2025-03-03 19:31:00,2025-03-03 19:37:00,M,20~29,office,seoul,0,0,0,0,28,0,0,32,0,0,completed
12213,U2214,2025-01-08 13:09:00,2025-01-08 13:12:00,F,30~39,office,seoul,0,0,0,0,5,0,0,38,0,0,completed
12214,U2215,2025-11-07 20:26:00,2025-11-07 20:31:00,F,20~29,office,seoul,0,0,0,0,7,0,0,73,0,0,completed
12215,U2216,2025-07-30 18:57:00,2025-07-30 19:02:00,M,30~39,office,seoul,0,0,0,0,15,0,0,29,0,0,abandoned
12216,U2217,2025-07-10 08:05:00,2025-07-10 08:12:00,F,20~29,office,seoul,0,0,0,0,8,0,0,65,0,0,completed
12217,U2218,2025-05-01 14:10:00,2025-05-01 14:15:00,F,20~29,office,seoul,0,0,0,0,16,0,0,67,0,0,abandoned
12218,U2219,2025-08-25 13:13:00,2025-08-25 13:20:00,F,50+,office,seoul,0,0,0,0,4,0,0,47,0,0,completed
12219,U2220,2025-12-31 17:17:00,2025-12-31 17:23:00,F,30~39,office,seoul,0,0,0,0,0,0,0,65,0,0,completed
12220,U2221,2025-01-13 15:31:00,2025-01-13 15:33:00,M,30~39,office,seoul,0,0,0,0,8,0,0,29,0,0,completed
12221,U2222,2025-11-26 16:02:00,2025-11-26 16:08:00,F,30~39,office,seoul,0,0,0,0,1,0,0,55,0,0,completed
12222,U2223,2025-07-04 16:26:00,2025-07-04 16:33:00,F,50+,office,seoul,0,0,0,0,14,0,0,45,0,0,completed
12223,U2224,2025-12-04 07:13:00,2025-12-04 07:20:00,M,50+,office,seoul,0,0,0,0,14,0,0,35,1,0,completed
12224,U2225,2025-12-07 08:57:00,2025-12-07 08:59:00,F,20~29,office,seoul,1,0,0,0,27,0,0,19,0,0,completed
12225,U2226,2025-06-14 09:12:00,2025-06-14 09:16:00,F,20~29,office,seoul,1,0,0,0,18,0,0,74,0,0,completed
12226,U2227,2025-09-17 12:02:00,2025-09-17 12:05:00,F,30~39,office,seoul,0,0,0,0,2,0,0,54,0,0,completed
12227,U2228,2025-02-06 14:06:00,2025-02-06 14:13:00,M,20~29,office,seoul,0,0,0,0,23,0,0,67,0,0,completed
12228,U2229,2025-08-11 20:39:00,2025-08-11 20:44:00,F,30~39,office,seoul,0,0,0,0,21,0,0,39,0,0,completed
12229,U2230,2025-07-21 19:21:00,2025-07-21 19:24:00,F,20~29,office,seoul,0,0,0,0,11,0,0,43,0,0,completed
12230,U2231,2025-05-05 16:56:00,2025-05-05 17:03:00,F,20~29,office,seoul,0,0,0,0,20,0,0,67,0,0,completed
12231,U2232,2025-05-28 14:36:00,2025-05-28 14:40:00,F,40~49,office,seoul,0,0,0,0,16,0,0,73,0,0,completed
12232,U2233,2025-09-17 08:04:00,2025-09-17 08:08:00,F,30~39,office,seoul,0,0,0,0,1,0,0,67,1,0,completed
12233,U2234,2025-06-20 20:48:00,2025-06-20 20:52:00,M,20~29,office,seoul,0,0,0,0,4,0,0,47,0,0,completed
12234,U2235,2025-07-05 16:45:00,2025-07-05 16:50:00,F,40~49,office,seoul,1,0,0,0,5,0,0,67,0,0,completed
12235,U2236,2025-06-02 14:25:00,2025-06-02 14:32:00,M,30~39,office,seoul,0,0,0,0,18,0,0,77,0,0,completed
12236,U2237,2025-04-28 15:31:00,2025-04-28 15:37:00,F,30~39,office,seoul,0,0,0,0,23,0,0,19,0,0,completed
12237,U2238,2025-01-26 13:08:00,2025-01-26 13:12:00,F,50+,office,seoul,1,0,0,0,25,0,0,38,0,0,completed
12238,U2239,2025-02-21 20:12:00,2025-02-21 20:18:00,M,30~39,office,seoul,0,0,0,0,29,0,0,66,0,0,completed
12239,U2240,2025-01-17 09:08:00,2025-01-17 09:10:00,M,20~29,office,seoul,0,0,0,0,18,0,0,16,0,0,completed
12240,U2241,2025-02-09 12:41:00,2025-02-09 12:44:00,F,50+,office,seoul,1,0,0,0,16,0,0,62,1,0,completed
12241,U2242,2025-02-08 18:36:00,2025-02-08 18:43:00,M,20~29,office,seoul,1,0,0,0,5,0,0,48,0,0,timeout
12242,U2243,2025-12-01 09:46:00,2025-12-01 09:48:00,F,30~39,office,seoul,0,0,0,0,27,0,0,40,0,0,completed
12243,U2244,2025-12-31 12:56:00,2025-12-31 12:58:00,M,30~39,office,seoul,0,0,0,0,29,0,0,22,0,0,completed
12244,U2245,2025-08-22 15:20:00,2025-08-22 15:23:00,F,20~29,office,seoul,0,0,0,0,25,0,0,64,0,0,completed
12245,U2246,2025-06-25 11:19:00,2025-06-25 11:22:00,F,30~39,office,seoul,0,0,0,0,19,0,0,15,0,0,completed
12246,U2247,2025-09-02 15:59:00,2025-09-02 16:05:00,F,40~49,office,seoul,0,0,0,0,15,0,0,52,0,0,completed
12247,U2248,2025-09-28 16:35:00,2025-09-28 16:41:00,F,20~29,office,seoul,1,0,0,0,18,0,0,43,0,0,completed
12248,U2249,2025-07-05 15:11:00,2025-07-05 15:16:00,F,40~49,office,seoul,1,0,0,0,7,0,0,11,0,0,completed
12249,U2250,2025-01-19 13:23:00,2025-01-19 13:26:00,M,40~49,office,seoul,1,0,0,0,8,0,0,72,1,0,completed
12250,U2251,2025-06-12 07:10:00,2025-06-12 07:16:00,M,20~29,office,seoul,0,0,0,0,16,0,0,74,0,0,completed
12251,U2252,2025-01-30 12:54:00,2025-01-30 13:00:00,M,30~39,office,seoul,0,0,0,0,11,0,0,75,0,0,completed
12252,U2253,2025-09-17 13:11:00,2025-09-17 13:14:00,M,40~49,office,seoul,0,0,0,0,24,0,0,58,0,0,completed
12253,U2254,2025-04-13 20:25:00,2025-04-13 20:31:00,M,30~39,office,seoul,1,0,0,0,9,0,0,11,0,0,completed
12254,U2255,2025-11-04 18:03:00,2025-11-04 18:06:00,F,30~39,office,seoul,0,0,0,0,1,0,0,46,0,0,completed
12255,U2256,2025-01-21 15:53:00,2025-01-21 15:55:00,F,40~49,office,seoul,0,0,0,0,4,0,0,46,1,0,completed
12256,U2257,2025-06-01 12:45:00,2025-06-01 12:48:00,M,20~29,office,seoul,1,0,0,0,10,0,0,42,0,0,completed
12257,U2258,2025-09-26 09:43:00,2025-09-26 09:47:00,F,30~39,office,seoul,0,0,0,0,16,0,0,36,0,0,completed
12258,U2259,2025-09-23 20:47:00,2025-09-23 20:52:00,M,50+,office,seoul,0,0,0,0,9,0,0,53,0,0,completed
12259,U2260,2025-04-01 18:26:00,2025-04-01 18:28:00,F,50+,office,seoul,0,0,0,0,7,0,0,17,0,0,completed
12260,U2261,2025-07-06 19:44:00,2025-07-06 19:46:00,F,40~49,office,seoul,1,0,0,0,6,0,0,46,0,0,completed
12261,U2262,2025-10-16 09:47:00,2025-10-16 09:52:00,M,30~39,office,seoul,0,0,0,0,6,0,0,42,0,0,completed
12262,U2263,2025-12-22 15:29:00,2025-12-22 15:31:00,M,50+,office,seoul,0,0,0,0,17,0,0,37,0,0,completed
12263,U2264,2025-08-16 17:48:00,2025-08-16 17:51:00,F,40~49,office,seoul,1,0,0,0,18,0,0,52,0,0,completed
12264,U2265,2025-05-10 19:18:00,2025-05-10 19:24:00,F,50+,office,seoul,1,0,0,0,28,0,0,70,0,1,completed
12265,U2266,2025-04-01 17:51:00,2025-04-01 17:53:00,M,30~39,office,seoul,0,0,0,0,28,0,0,55,0,0,completed
12266,U2267,2025-12-18 16:26:00,2025-12-18 16:31:00,F,20~29,office,seoul,0,0,0,0,27,0,0,47,0,0,completed
12267,U2268,2025-03-15 16:33:00,2025-03-15 16:38:00,F,30~39,office,seoul,1,0,0,0,6,0,0,61,0,0,completed
12268,U2269,2025-01-14 20:02:00,2025-01-14 20:06:00,M,30~39,office,seoul,0,0,0,0,26,0,0,49,0,0,completed
12269,U2270,2025-08-11 12:28:00,2025-08-11 12:32:00,F,30~39,office,seoul,0,0,0,0,10,0,0,70,1,0,completed
12270,U2271,2025-04-16 13:08:00,2025-04-16 13:15:00,F,30~39,office,seoul,0,0,0,0,6,0,0,12,0,0,completed
12271,U2272,2025-01-28 16:14:00,2025-01-28 16:18:00,F,40~49,office,seoul,0,0,0,0,7,0,0,46,0,0,completed
12272,U2273,2025-04-27 22:13:00,2025-04-27 22:15:00,M,50+,office,seoul,1,0,0,0,19,0,0,58,0,0,completed
12273,U2274,2025-01-11 09:53:00,2025-01-11 09:59:00,F,40~49,office,seoul,1,0,0,0,3,0,0,23,0,0,completed
12274,U2275,2025-02-25 15:30:00,2025-02-25 15:33:00,M,20~29,office,seoul,0,0,0,0,1,0,0,15,0,0,completed
12275,U2276,2025-05-15 17:17:00,2025-05-15 17:21:00,M,30~39,office,seoul,0,0,0,0,3,0,0,24,0,0,completed
12276,U2277,2025-05-02 16:43:00,2025-05-02 16:45:00,M,50+,office,seoul,0,0,0,0,8,0,0,68,0,0,completed
12277,U2278,2025-10-09 17:55:00,2025-10-09 17:58:00,F,20~29,office,seoul,0,0,0,0,29,0,0,44,0,0,completed
12278,U2279,2025-02-19 14:28:00,2025-02-19 14:31:00,M,40~49,office,seoul,0,0,0,0,21,0,0,41,1,0,completed
12279,U2280,2025-04-03 19:08:00,2025-04-03 19:11:00,F,20~29,office,seoul,0,0,0,0,24,0,0,74,0,0,completed
12280,U2281,2025-03-22 18:01:00,2025-03-22 18:03:00,F,40~49,office,seoul,1,0,0,0,15,0,0,65,0,0,completed
12281,U2282,2025-03-16 08:58:00,2025-03-16 09:00:00,M,20~29,office,seoul,1,0,0,0,7,0,0,68,0,0,completed
12282,U2283,2025-08-24 16:11:00,2025-08-24 16:16:00,M,20~29,office,seoul,1,0,0,0,14,0,0,41,0,0,completed
12283,U2284,2025-02-02 11:11:00,2025-02-02 11:13:00,M,30~39,office,seoul,1,0,0,0,16,0,0,43,0,0,completed
12284,U2285,2025-08-24 17:44:00,2025-08-24 17:49:00,M,40~49,office,seoul,1,0,0,0,8,0,0,28,0,0,completed
12285,U2286,2025-11-22 09:54:00,2025-11-22 09:59:00,M,30~39,office,seoul,1,0,0,0,6,0,0,65,0,0,completed
12286,U2287,2025-10-11 11:09:00,2025-10-11 11:14:00,F,20~29,office,seoul,1,0,0,0,18,0,0,24,0,0,completed
12287,U2288,2025-09-09 14:00:00,2025-09-09 14:04:00,M,30~39,office,seoul,0,0,0,0,1,0,0,71,0,0,completed
12288,U2289,2025-03-08 08:18:00,2025-03-08 08:22:00,M,30~39,office,seoul,1,0,0,0,0,0,0,25,0,0,completed
12289,U2290,2025-07-24 08:16:00,2025-07-24 08:18:00,M,20~29,office,seoul,0,0,0,0,6,0,0,74,0,0,completed
12290,U2291,2025-09-11 17:51:00,2025-09-11 17:53:00,F,30~39,office,seoul,0,0,0,0,18,0,0,79,0,0,completed
12291,U2292,2025-02-26 14:17:00,2025-02-26 14:22:00,M,20~29,office,seoul,0,0,0,0,11,0,0,58,0,1,completed
12292,U2293,2025-09-03 17:18:00,2025-09-03 17:22:00,F,40~49,office,seoul,0,0,0,0,26,0,0,18,0,0,completed
12293,U2294,2025-08-27 08:04:00,2025-08-27 08:08:00,F,50+,office,seoul,0,0,0,0,2,0,0,52,0,0,completed
12294,U2295,2025-02-03 07:47:00,2025-02-03 07:54:00,F,20~29,office,seoul,0,0,0,0,3,0,0,43,0,0,completed
12295,U2296,2025-03-17 16:44:00,2025-03-17 16:51:00,F,20~29,office,seoul,0,0,0,0,14,0,0,28,0,0,completed
12296,U2297,2025-06-20 07:11:00,2025-06-20 07:14:00,F,40~49,office,seoul,0,0,0,0,17,0,0,74,0,0,completed
12297,U2298,2025-11-17 07:02:00,2025-11-17 07:04:00,M,50+,office,seoul,0,0,0,0,23,0,0,11,0,0,error
12298,U2299,2025-07-24 18:07:00,2025-07-24 18:12:00,F,30~39,office,seoul,0,0,0,0,22,0,0,61,0,0,completed
12299,U2300,2025-06-08 08:50:00,2025-06-08 08:52:00,M,20~29,office,seoul,1,0,0,0,28,0,0,40,0,0,completed
12300,U2301,2025-12-20 14:40:00,2025-12-20 14:44:00,F,50+,office,seoul,1,0,0,0,13,0,0,44,0,0,completed
12301,U2302,2025-08-30 12:36:00,2025-08-30 12:39:00,F,50+,office,seoul,1,0,0,0,3,0,0,40,0,0,completed
12302,U2303,2025-11-15 20:25:00,2025-11-15 20:27:00,M,40~49,office,seoul,1,0,0,0,22,0,0,42,0,0,completed
12303,U2304,2025-05-19 14:19:00,2025-05-19 14:25:00,F,20~29,office,seoul,0,0,0,0,0,0,0,22,0,0,completed
12304,U2305,2025-10-07 13:06:00,2025-10-07 13:13:00,F,20~29,office,seoul,0,0,0,0,5,0,0,40,0,0,completed
12305,U2306,2025-10-23 08:44:00,2025-10-23 08:51:00,F,30~39,office,seoul,0,0,0,0,22,0,0,27,0,0,completed
12306,U2307,2025-04-26 12:26:00,2025-04-26 12:30:00,F,40~49,office,seoul,1,0,0,0,22,0,0,27,0,0,completed
12307,U2308,2025-05-22 12:22:00,2025-05-22 12:25:00,F,50+,office,seoul,0,0,0,0,15,0,0,47,1,0,completed
12308,U2309,2025-05-06 08:17:00,2025-05-06 08:22:00,M,20~29,office,seoul,0,0,0,0,28,0,0,52,0,0,completed
12309,U2310,2025-03-23 09:59:00,2025-03-23 10:03:00,F,20~29,office,seoul,1,0,0,0,11,0,0,60,0,0,completed
12310,U2311,2025-09-18 07:33:00,2025-09-18 07:38:00,M,40~49,office,seoul,0,0,0,0,2,0,0,13,0,0,completed
12311,U2312,2025-06-24 15:04:00,2025-06-24 15:08:00,M,20~29,office,seoul,0,0,0,0,24,0,0,49,0,0,completed
12312,U2313,2025-04-26 07:05:00,2025-04-26 07:10:00,F,20~29,office,seoul,1,0,0,0,23,0,0,64,0,0,completed
12313,U2314,2025-09-19 15:10:00,2025-09-19 15:14:00,M,20~29,office,seoul,0,0,0,0,2,0,0,40,0,0,completed
12314,U2315,2025-02-12 12:23:00,2025-02-12 12:26:00,F,40~49,office,seoul,0,0,0,0,9,0,0,47,0,0,completed
12315,U2316,2025-08-26 19:56:00,2025-08-26 20:00:00,M,30~39,office,seoul,0,0,0,0,3,0,0,64,0,0,timeout
12316,U2317,2025-02-07 12:58:00,2025-02-07 13:02:00,M,20~29,office,seoul,0,0,0,0,21,0,0,11,0,0,completed
12317,U2318,2025-07-15 09:32:00,2025-07-15 09:37:00,M,20~29,office,seoul,0,0,0,0,23,0,0,55,0,0,completed
12318,U2319,2025-12-17 16:56:00,2025-12-17 16:59:00,F,20~29,office,seoul,0,0,0,0,2,0,0,19,0,0,completed
12319,U2320,2025-05-06 16:09:00,2025-05-06 16:13:00,F,50+,office,seoul,0,0,0,0,17,0,0,47,0,0,completed
12320,U2321,2025-08-30 20:53:00,2025-08-30 20:59:00,M,30~39,office,seoul,1,0,0,0,19,0,0,48,0,0,completed
12321,U2322,2025-07-18 09:25:00,2025-07-18 09:27:00,F,50+,office,seoul,0,0,0,0,3,0,0,32,0,0,completed
12322,U2323,2025-05-13 17:08:00,2025-05-13 17:11:00,F,20~29,office,seoul,0,0,0,0,22,0,0,68,0,0,completed
12323,U2324,2025-09-01 17:41:00,2025-09-01 17:48:00,M,30~39,office,seoul,0,0,0,0,13,0,0,47,0,0,completed
12324,U2325,2025-09-07 12:17:00,2025-09-07 12:19:00,M,20~29,office,seoul,1,0,0,0,22,0,0,50,0,0,completed
12325,U2326,2025-09-18 14:33:00,2025-09-18 14:39:00,F,40~49,office,seoul,0,0,0,0,13,0,0,42,0,0,completed
12326,U2327,2025-06-22 12:46:00,2025-06-22 12:52:00,M,30~39,office,seoul,1,0,0,0,25,0,0,77,0,0,completed
12327,U2328,2025-12-25 07:51:00,2025-12-25 07:58:00,F,40~49,office,seoul,0,0,0,0,23,0,0,55,0,0,completed
12328,U2329,2025-10-23 13:56:00,2025-10-23 13:58:00,F,20~29,office,seoul,0,0,0,0,25,0,0,13,0,0,completed
12329,U2330,2025-05-14 08:27:00,2025-05-14 08:31:00,F,20~29,office,seoul,0,0,0,0,15,0,0,65,0,0,completed
12330,U2331,2025-07-17 12:06:00,2025-07-17 12:09:00,M,30~39,office,seoul,0,0,0,0,15,0,0,78,0,0,completed
12331,U2332,2025-03-07 09:07:00,2025-03-07 09:13:00,F,50+,office,seoul,0,0,0,0,25,0,0,11,0,0,completed
12332,U2333,2025-04-15 21:36:00,2025-04-15 21:38:00,M,30~39,office,seoul,0,0,0,0,23,0,0,20,0,0,completed
12333,U2334,2025-10-15 12:24:00,2025-10-15 12:31:00,F,40~49,office,seoul,0,0,0,0,3,0,0,43,0,0,abandoned
12334,U2335,2025-01-02 16:13:00,2025-01-02 16:15:00,F,50+,office,seoul,0,0,0,0,20,0,0,55,0,0,completed
12335,U2336,2025-01-11 09:14:00,2025-01-11 09:16:00,F,50+,office,seoul,1,0,0,0,4,0,0,73,0,0,completed
12336,U2337,2025-02-17 14:56:00,2025-02-17 15:02:00,M,20~29,office,seoul,0,0,0,0,7,0,0,10,0,0,completed
12337,U2338,2025-12-10 16:43:00,2025-12-10 16:50:00,F,20~29,office,seoul,0,0,0,0,2,0,0,34,0,0,completed
12338,U2339,2025-10-03 09:08:00,2025-10-03 09:11:00,F,30~39,office,seoul,0,0,0,0,21,0,0,19,0,0,completed
12339,U2340,2025-12-01 13:16:00,2025-12-01 13:23:00,F,50+,office,seoul,0,0,0,0,25,0,0,68,1,0,completed
12340,U2341,2025-12-05 15:31:00,2025-12-05 15:38:00,M,20~29,office,seoul,0,0,0,0,10,0,0,53,0,0,completed
12341,U2342,2025-04-18 09:14:00,2025-04-18 09:20:00,F,40~49,office,seoul,0,0,0,0,7,0,0,61,0,0,completed
12342,U2343,2025-07-27 19:07:00,2025-07-27 19:13:00,M,30~39,office,seoul,1,0,0,0,6,0,0,66,0,0,completed
12343,U2344,2025-02-17 12:10:00,2025-02-17 12:15:00,F,20~29,office,seoul,0,0,0,0,23,0,0,15,0,0,completed
12344,U2345,2025-01-10 20:26:00,2025-01-10 20:32:00,M,20~29,office,seoul,0,0,0,0,13,0,0,66,0,0,completed
12345,U2346,2025-12-24 16:09:00,2025-12-24 16:16:00,F,30~39,office,seoul,0,0,0,0,0,0,0,72,0,0,completed
12346,U2347,2025-10-11 15:35:00,2025-10-11 15:38:00,F,30~39,office,seoul,1,0,0,0,0,0,0,10,0,0,completed
12347,U2348,2025-03-02 07:27:00,2025-03-02 07:30:00,F,20~29,office,seoul,1,0,0,0,13,0,0,43,0,0,completed
12348,U2349,2025-01-14 11:27:00,2025-01-14 11:29:00,F,20~29,office,seoul,0,0,0,0,3,0,0,24,0,0,completed
12349,U2350,2025-02-19 16:56:00,2025-02-19 17:01:00,F,20~29,office,seoul,0,0,0,0,13,0,0,65,0,0,completed
12350,U2351,2025-07-06 15:48:00,2025-07-06 15:51:00,F,20~29,office,seoul,1,0,0,0,4,0,0,46,0,0,completed
12351,U2352,2025-03-01 21:48:00,2025-03-01 21:50:00,M,50+,office,seoul,1,0,0,0,26,0,0,10,0,0,completed
12352,U2353,2025-05-24 08:03:00,2025-05-24 08:06:00,F,30~39,office,seoul,1,0,0,0,12,0,0,64,0,0,completed
12353,U2354,2025-01-20 21:24:00,2025-01-20 21:31:00,F,30~39,office,seoul,0,0,0,0,0,0,0,64,0,0,completed
12354,U2355,2025-03-22 13:15:00,2025-03-22 13:20:00,F,20~29,office,seoul,1,0,0,0,0,0,0,61,0,0,completed
12355,U2356,2025-08-13 16:20:00,2025-08-13 16:26:00,F,30~39,office,seoul,0,0,0,0,13,0,0,61,0,0,completed
12356,U2357,2025-11-29 09:26:00,2025-11-29 09:28:00,M,20~29,office,seoul,1,0,0,0,24,0,0,38,0,0,completed
12357,U2358,2025-12-29 08:18:00,2025-12-29 08:22:00,M,30~39,office,seoul,0,0,0,0,11,0,0,79,0,0,completed
12358,U2359,2025-08-28 19:00:00,2025-08-28 19:05:00,M,20~29,office,seoul,0,0,0,0,16,0,0,33,0,0,completed
12359,U2360,2025-07-03 13:01:00,2025-07-03 13:06:00,F,20~29,office,seoul,0,0,0,0,4,0,0,52,0,0,abandoned
12360,U2361,2025-09-16 11:40:00,2025-09-16 11:42:00,F,20~29,office,seoul,0,0,0,0,24,0,0,73,0,0,completed
12361,U2362,2025-01-16 15:30:00,2025-01-16 15:32:00,F,50+,office,seoul,0,0,0,0,5,0,0,14,0,0,completed
12362,U2363,2025-04-25 19:31:00,2025-04-25 19:34:00,F,30~39,office,seoul,0,0,0,0,27,0,0,68,0,0,error
12363,U2364,2025-04-25 14:02:00,2025-04-25 14:07:00,M,20~29,office,seoul,0,0,0,0,8,0,0,52,0,0,completed
12364,U2365,2025-12-23 19:00:00,2025-12-23 19:03:00,F,40~49,office,seoul,0,0,0,0,12,0,0,12,1,0,completed
12365,U2366,2025-10-25 11:30:00,2025-10-25 11:37:00,M,40~49,office,seoul,1,0,0,0,22,0,0,41,0,0,abandoned
12366,U2367,2025-06-03 09:05:00,2025-06-03 09:09:00,F,20~29,office,seoul,0,0,0,0,14,0,0,21,0,0,completed
12367,U2368,2025-07-19 19:52:00,2025-07-19 19:54:00,M,30~39,office,seoul,1,0,0,0,18,0,0,75,0,0,completed
12368,U2369,2025-01-12 12:34:00,2025-01-12 12:40:00,F,20~29,office,seoul,1,0,0,0,3,0,0,70,0,0,timeout
12369,U2370,2025-05-11 18:20:00,2025-05-11 18:27:00,F,20~29,office,seoul,1,0,0,0,7,0,0,24,0,0,completed
12370,U2371,2025-04-29 16:00:00,2025-04-29 16:02:00,F,20~29,office,seoul,0,0,0,0,6,0,0,62,0,0,completed
12371,U2372,2025-12-24 22:52:00,2025-12-24 22:57:00,M,20~29,office,seoul,0,0,0,0,28,0,0,40,0,0,abandoned
12372,U2373,2025-08-12 12:14:00,2025-08-12 12:18:00,M,30~39,office,seoul,0,0,0,0,10,0,0,58,0,0,completed
12373,U2374,2025-08-12 20:56:00,2025-08-12 21:00:00,F,30~39,office,seoul,0,0,0,0,27,0,0,24,0,0,completed
12374,U2375,2025-02-21 12:01:00,2025-02-21 12:03:00,F,40~49,office,seoul,0,0,0,0,3,0,0,16,0,0,completed
12375,U2376,2025-10-30 08:37:00,2025-10-30 08:40:00,F,20~29,office,seoul,0,0,0,0,24,0,0,60,0,0,completed
12376,U2377,2025-07-30 14:44:00,2025-07-30 14:50:00,F,30~39,office,seoul,0,0,0,0,7,0,0,56,0,0,completed
12377,U2378,2025-07-21 16:16:00,2025-07-21 16:21:00,F,30~39,office,seoul,0,0,0,0,27,0,0,22,0,0,completed
12378,U2379,2025-10-05 17:16:00,2025-10-05 17:21:00,M,40~49,office,seoul,1,0,0,0,29,0,0,72,0,0,completed
12379,U2380,2025-01-26 13:08:00,2025-01-26 13:11:00,M,40~49,office,seoul,1,0,0,0,16,0,0,30,0,0,completed
12380,U2381,2025-07-27 17:28:00,2025-07-27 17:34:00,M,40~49,office,seoul,1,0,0,0,25,0,0,54,0,0,abandoned
12381,U2382,2025-10-21 19:35:00,2025-10-21 19:37:00,M,20~29,office,seoul,0,0,0,0,29,0,0,70,1,0,completed
12382,U2383,2025-07-17 08:08:00,2025-07-17 08:11:00,M,20~29,office,seoul,0,0,0,0,17,0,0,20,0,0,completed
12383,U2384,2025-07-28 16:26:00,2025-07-28 16:29:00,F,50+,office,seoul,0,0,0,0,26,0,0,34,0,0,abandoned
12384,U2385,2025-09-20 18:53:00,2025-09-20 18:55:00,M,50+,office,seoul,1,0,0,0,1,0,0,49,0,0,completed
12385,U2386,2025-06-06 08:59:00,2025-06-06 09:01:00,F,20~29,office,seoul,0,0,0,0,28,0,0,61,0,0,completed
12386,U2387,2025-08-31 11:27:00,2025-08-31 11:34:00,M,20~29,office,seoul,1,0,0,0,1,0,0,30,0,0,completed
12387,U2388,2025-06-23 07:33:00,2025-06-23 07:36:00,M,20~29,office,seoul,0,0,0,0,17,0,0,52,0,0,completed
12388,U2389,2025-03-08 16:04:00,2025-03-08 16:10:00,M,20~29,office,seoul,1,0,0,0,28,0,0,40,0,0,completed
12389,U2390,2025-04-21 14:51:00,2025-04-21 14:58:00,F,20~29,office,seoul,0,0,0,0,6,0,0,42,0,0,completed
12390,U2391,2025-10-20 08:06:00,2025-10-20 08:12:00,M,50+,office,seoul,0,0,0,0,19,0,0,43,0,0,completed
12391,U2392,2025-12-16 18:33:00,2025-12-16 18:40:00,F,30~39,office,seoul,0,0,0,0,14,0,0,15,0,0,abandoned
12392,U2393,2025-06-05 14:26:00,2025-06-05 14:28:00,F,30~39,office,seoul,0,0,0,0,8,0,0,55,0,0,completed
12393,U2394,2025-11-20 15:05:00,2025-11-20 15:08:00,F,40~49,office,seoul,0,0,0,0,8,0,0,25,0,0,completed
12394,U2395,2025-08-21 15:56:00,2025-08-21 15:59:00,M,30~39,office,seoul,0,0,0,0,12,0,0,10,0,0,completed
12395,U2396,2025-01-29 18:32:00,2025-01-29 18:34:00,F,50+,office,seoul,0,0,0,0,9,0,0,64,0,0,completed
12396,U2397,2025-10-29 16:28:00,2025-10-29 16:32:00,F,20~29,office,seoul,0,0,0,0,28,0,0,70,0,0,completed
12397,U2398,2025-06-01 18:58:00,2025-06-01 19:00:00,F,50+,office,seoul,1,0,0,0,24,0,0,40,0,0,completed
12398,U2399,2025-04-13 14:38:00,2025-04-13 14:41:00,F,30~39,office,seoul,1,0,0,0,27,0,0,20,0,0,completed
12399,U2400,2025-11-17 16:11:00,2025-11-17 16:14:00,M,20~29,office,seoul,0,0,0,0,13,0,0,75,0,0,completed
12400,U2401,2025-07-21 11:46:00,2025-07-21 11:51:00,M,20~29,office,seoul,0,0,0,0,15,0,0,73,0,1,completed
12401,U2402,2025-07-31 13:10:00,2025-07-31 13:17:00,M,20~29,office,seoul,0,0,0,0,11,0,0,48,0,0,completed
12402,U2403,2025-10-07 17:11:00,2025-10-07 17:13:00,M,40~49,office,seoul,0,0,0,0,2,0,0,20,0,0,completed
12403,U2404,2025-11-08 19:41:00,2025-11-08 19:47:00,F,40~49,office,seoul,1,0,0,0,7,0,0,53,0,0,abandoned
12404,U2405,2025-12-08 16:20:00,2025-12-08 16:23:00,F,20~29,office,seoul,0,0,0,0,28,0,0,66,0,0,completed
12405,U2406,2025-10-23 17:16:00,2025-10-23 17:22:00,F,20~29,office,seoul,0,0,0,0,25,0,0,70,0,0,timeout
12406,U2407,2025-01-04 20:06:00,2025-01-04 20:10:00,F,20~29,office,seoul,1,0,0,0,9,0,0,63,0,0,completed
12407,U2408,2025-08-10 14:59:00,2025-08-10 15:06:00,F,20~29,office,seoul,1,0,0,0,8,0,0,12,0,0,completed
12408,U2409,2025-05-11 11:20:00,2025-05-11 11:26:00,F,20~29,office,seoul,1,0,0,0,11,0,0,66,0,0,completed
12409,U2410,2025-04-24 09:28:00,2025-04-24 09:31:00,M,20~29,office,seoul,0,0,0,0,6,0,0,38,0,0,abandoned
12410,U2411,2025-01-21 15:01:00,2025-01-21 15:03:00,F,30~39,office,seoul,0,0,0,0,14,0,0,36,0,0,completed
12411,U2412,2025-12-29 20:07:00,2025-12-29 20:13:00,F,20~29,office,seoul,0,0,0,0,3,0,0,65,0,0,completed
12412,U2413,2025-12-09 13:16:00,2025-12-09 13:23:00,F,40~49,office,seoul,0,0,0,0,28,0,0,44,0,0,completed
12413,U2414,2025-03-15 17:53:00,2025-03-15 18:00:00,F,40~49,office,seoul,1,0,0,0,5,0,0,76,0,0,completed
12414,U2415,2025-04-25 09:56:00,2025-04-25 09:59:00,M,40~49,office,seoul,0,0,0,0,5,0,0,56,0,0,completed
12415,U2416,2025-07-17 07:44:00,2025-07-17 07:46:00,F,20~29,office,seoul,0,0,0,0,18,0,0,21,0,0,completed
12416,U2417,2025-07-08 12:58:00,2025-07-08 13:05:00,F,50+,office,seoul,0,0,0,0,11,0,0,57,0,0,completed
12417,U2418,2025-08-27 15:01:00,2025-08-27 15:04:00,F,50+,office,seoul,0,0,0,0,26,0,0,56,0,0,completed
12418,U2419,2025-11-29 12:27:00,2025-11-29 12:34:00,F,20~29,office,seoul,1,0,0,0,13,0,0,76,0,0,completed
12419,U2420,2025-11-19 11:34:00,2025-11-19 11:38:00,F,30~39,office,seoul,0,0,0,0,11,0,0,52,0,0,completed
12420,U2421,2025-01-23 17:28:00,2025-01-23 17:32:00,M,40~49,office,seoul,0,0,0,0,5,0,0,20,0,0,completed
12421,U2422,2025-10-08 17:02:00,2025-10-08 17:07:00,F,30~39,office,seoul,0,0,0,0,27,0,0,15,0,0,completed
12422,U2423,2025-02-18 13:04:00,2025-02-18 13:07:00,F,40~49,office,seoul,0,0,0,0,12,0,0,65,0,0,completed
12423,U2424,2025-02-28 16:23:00,2025-02-28 16:26:00,F,30~39,office,seoul,0,0,0,0,25,0,0,56,0,0,completed
12424,U2425,2025-06-16 09:23:00,2025-06-16 09:27:00,F,50+,office,seoul,0,0,0,0,16,0,0,45,1,0,completed
12425,U2426,2025-12-03 14:19:00,2025-12-03 14:22:00,F,20~29,office,seoul,0,0,0,0,14,0,0,30,0,0,timeout
12426,U2427,2025-04-25 09:33:00,2025-04-25 09:37:00,M,20~29,office,seoul,0,0,0,0,14,0,0,53,0,0,completed
12427,U2428,2025-09-13 17:53:00,2025-09-13 18:00:00,F,20~29,office,seoul,1,0,0,0,27,0,0,76,0,0,completed
12428,U2429,2025-08-28 20:47:00,2025-08-28 20:53:00,M,30~39,office,seoul,0,0,0,0,27,0,0,17,0,0,completed
12429,U2430,2025-12-28 17:37:00,2025-12-28 17:42:00,M,20~29,office,seoul,1,0,0,0,3,0,0,19,0,0,completed
12430,U2431,2025-06-03 16:04:00,2025-06-03 16:08:00,M,40~49,office,seoul,0,0,0,0,0,0,0,70,0,0,completed
12431,U2432,2025-05-05 12:16:00,2025-05-05 12:18:00,M,50+,office,seoul,0,0,0,0,18,0,0,19,1,0,completed
12432,U2433,2025-08-22 18:41:00,2025-08-22 18:46:00,F,20~29,office,seoul,0,0,0,0,15,0,0,26,0,0,abandoned
12433,U2434,2025-08-09 09:38:00,2025-08-09 09:45:00,F,40~49,office,seoul,1,0,0,0,15,0,0,38,0,0,completed
12434,U2435,2025-12-30 17:57:00,2025-12-30 18:04:00,M,40~49,office,seoul,0,0,0,0,23,0,0,27,0,0,completed
12435,U2436,2025-09-13 19:44:00,2025-09-13 19:49:00,F,20~29,office,seoul,1,0,0,0,4,0,0,47,0,0,completed
12436,U2437,2025-12-22 15:20:00,2025-12-22 15:22:00,M,20~29,office,seoul,0,0,0,0,3,0,0,60,0,0,completed
12437,U2438,2025-08-24 07:38:00,2025-08-24 07:41:00,F,30~39,office,seoul,1,0,0,0,20,0,0,40,0,0,completed
12438,U2439,2025-05-14 13:52:00,2025-05-14 13:54:00,M,40~49,office,seoul,0,0,0,0,24,0,0,55,0,0,completed
12439,U2440,2025-01-22 08:54:00,2025-01-22 09:01:00,F,40~49,office,seoul,0,0,0,0,17,0,0,70,0,0,timeout
12440,U2441,2025-12-24 17:55:00,2025-12-24 17:59:00,M,40~49,office,seoul,0,0,0,0,8,0,0,61,0,0,timeout
12441,U2442,2025-04-21 16:31:00,2025-04-21 16:38:00,F,50+,office,seoul,0,0,0,0,10,0,0,24,1,0,completed
12442,U2443,2025-03-07 15:38:00,2025-03-07 15:43:00,F,20~29,office,seoul,0,0,0,0,11,0,0,11,0,0,completed
12443,U2444,2025-11-08 09:10:00,2025-11-08 09:14:00,F,40~49,office,seoul,1,0,0,0,17,0,0,67,0,0,completed
12444,U2445,2025-05-02 20:24:00,2025-05-02 20:31:00,M,30~39,office,seoul,0,0,0,0,18,0,0,42,0,0,completed
12445,U2446,2025-06-18 07:04:00,2025-06-18 07:09:00,F,50+,office,seoul,0,0,0,0,19,0,0,28,0,0,completed
12446,U2447,2025-07-22 16:48:00,2025-07-22 16:53:00,M,20~29,office,seoul,0,0,0,0,9,0,0,10,0,0,completed
12447,U2448,2025-09-06 15:40:00,2025-09-06 15:43:00,F,30~39,office,seoul,1,0,0,0,16,0,0,73,0,0,completed
12448,U2449,2025-03-07 16:59:00,2025-03-07 17:02:00,M,20~29,office,seoul,0,0,0,0,21,0,0,21,0,0,completed
12449,U2450,2025-08-01 20:56:00,2025-08-01 21:01:00,M,30~39,office,seoul,0,0,0,0,15,0,0,35,0,0,completed
12450,U2451,2025-12-22 13:08:00,2025-12-22 13:13:00,M,20~29,office,seoul,0,0,0,0,14,0,0,76,0,0,completed
12451,U2452,2025-01-10 16:55:00,2025-01-10 16:58:00,F,40~49,office,seoul,0,0,0,0,11,0,0,24,0,0,completed
12452,U2453,2025-09-18 11:02:00,2025-09-18 11:08:00,F,20~29,office,seoul,0,0,0,0,26,0,0,20,0,0,completed
12453,U2454,2025-04-05 09:02:00,2025-04-05 09:05:00,F,30~39,office,seoul,1,0,0,0,16,0,0,60,0,0,completed
12454,U2455,2025-08-27 18:41:00,2025-08-27 18:47:00,F,30~39,office,seoul,0,0,0,0,8,0,0,29,0,0,completed
12455,U2456,2025-01-24 08:05:00,2025-01-24 08:09:00,M,30~39,office,seoul,0,0,0,0,0,0,0,48,0,0,completed
12456,U2457,2025-11-28 13:08:00,2025-11-28 13:14:00,F,20~29,office,seoul,0,0,0,0,12,0,0,42,0,0,completed
12457,U2458,2025-05-01 16:38:00,2025-05-01 16:44:00,F,20~29,office,seoul,0,0,0,0,9,0,0,39,0,0,completed
12458,U2459,2025-10-29 08:56:00,2025-10-29 09:03:00,F,30~39,office,seoul,0,0,0,0,26,0,0,35,0,0,completed
12459,U2460,2025-11-17 19:51:00,2025-11-17 19:57:00,M,40~49,office,seoul,0,0,0,0,4,0,0,64,0,0,completed
12460,U2461,2025-01-15 18:06:00,2025-01-15 18:10:00,M,20~29,office,seoul,0,0,0,0,5,0,0,34,0,0,completed
12461,U2462,2025-07-11 08:56:00,2025-07-11 09:03:00,F,50+,office,seoul,0,0,0,0,21,0,0,62,1,0,error
12462,U2463,2025-10-11 09:25:00,2025-10-11 09:32:00,F,20~29,office,seoul,1,0,0,0,24,0,0,38,0,0,completed
12463,U2464,2025-08-14 15:25:00,2025-08-14 15:32:00,F,30~39,office,seoul,0,0,0,0,2,0,0,73,0,0,error
12464,U2465,2025-11-28 14:15:00,2025-11-28 14:17:00,M,50+,office,seoul,0,0,0,0,19,0,0,71,1,0,completed
12465,U2466,2025-11-15 11:05:00,2025-11-15 11:11:00,F,40~49,office,seoul,1,0,0,0,8,0,0,52,0,0,abandoned
12466,U2467,2025-03-31 09:41:00,2025-03-31 09:48:00,F,30~39,office,seoul,0,0,0,0,5,0,0,40,0,0,completed
12467,U2468,2025-05-15 09:09:00,2025-05-15 09:14:00,F,20~29,office,seoul,0,0,0,0,1,0,0,17,0,0,completed
12468,U2469,2025-03-30 15:35:00,2025-03-30 15:39:00,F,40~49,office,seoul,1,0,0,0,26,0,0,24,0,0,completed
12469,U2470,2025-09-22 16:27:00,2025-09-22 16:33:00,M,50+,office,seoul,0,0,0,0,5,0,0,68,0,0,completed
12470,U2471,2025-02-20 13:24:00,2025-02-20 13:27:00,F,20~29,office,seoul,0,0,0,0,19,0,0,55,0,0,completed
12471,U2472,2025-03-17 08:04:00,2025-03-17 08:08:00,M,30~39,office,seoul,0,0,0,0,13,0,0,77,0,0,completed
12472,U2473,2025-10-01 19:27:00,2025-10-01 19:32:00,F,50+,office,seoul,0,0,0,0,26,0,0,20,0,0,completed
12473,U2474,2025-11-03 16:24:00,2025-11-03 16:28:00,F,20~29,office,seoul,0,0,0,0,19,0,0,23,0,0,completed
12474,U2475,2025-04-16 11:50:00,2025-04-16 11:55:00,F,40~49,office,seoul,0,0,0,0,10,0,0,11,0,1,completed
12475,U2476,2025-11-12 11:38:00,2025-11-12 11:45:00,M,50+,office,seoul,0,0,0,0,1,0,0,29,1,0,completed
12476,U2477,2025-06-22 15:39:00,2025-06-22 15:41:00,F,20~29,office,seoul,1,0,0,0,0,0,0,44,0,0,completed
12477,U2478,2025-08-18 08:13:00,2025-08-18 08:17:00,F,20~29,office,seoul,0,0,0,0,5,0,0,19,0,0,completed
12478,U2479,2025-03-14 07:18:00,2025-03-14 07:22:00,F,20~29,office,seoul,0,0,0,0,19,0,0,63,0,0,completed
12479,U2480,2025-11-30 19:01:00,2025-11-30 19:08:00,F,20~29,office,seoul,1,0,0,0,28,0,0,12,0,0,abandoned
12480,U2481,2025-01-29 09:37:00,2025-01-29 09:41:00,F,20~29,office,seoul,0,0,0,0,14,0,0,34,0,0,error
12481,U2482,2025-02-03 20:38:00,2025-02-03 20:41:00,F,20~29,office,seoul,0,0,0,0,0,0,0,69,0,0,completed
12482,U2483,2025-02-19 14:01:00,2025-02-19 14:05:00,F,20~29,office,seoul,0,0,0,0,24,0,0,73,0,0,completed
12483,U2484,2025-07-13 16:10:00,2025-07-13 16:15:00,F,20~29,office,seoul,1,0,0,0,17,0,0,34,0,0,completed
12484,U2485,2025-10-09 20:27:00,2025-10-09 20:30:00,M,20~29,office,seoul,0,0,0,0,20,0,0,23,0,0,completed
12485,U2486,2025-02-07 15:06:00,2025-02-07 15:12:00,F,40~49,office,seoul,0,0,0,0,26,0,0,36,0,1,completed
12486,U2487,2025-01-09 14:59:00,2025-01-09 15:04:00,F,20~29,office,seoul,0,0,0,0,15,0,0,23,0,0,completed
12487,U2488,2025-04-01 19:50:00,2025-04-01 19:55:00,F,30~39,office,seoul,0,0,0,0,11,0,0,70,0,0,completed
12488,U2489,2025-09-20 12:54:00,2025-09-20 13:01:00,M,30~39,office,seoul,1,0,0,0,16,0,0,58,0,0,completed
12489,U2490,2025-04-09 15:44:00,2025-04-09 15:49:00,F,20~29,office,seoul,0,0,0,0,3,0,0,74,0,0,abandoned
12490,U2491,2025-05-28 12:43:00,2025-05-28 12:45:00,M,30~39,office,seoul,0,0,0,0,2,0,0,57,0,0,completed
12491,U2492,2025-05-23 20:19:00,2025-05-23 20:24:00,F,40~49,office,seoul,0,0,0,0,21,0,0,34,0,0,completed
12492,U2493,2025-09-03 15:03:00,2025-09-03 15:06:00,F,30~39,office,seoul,0,0,0,0,12,0,0,55,0,0,completed
12493,U2494,2025-09-08 18:12:00,2025-09-08 18:14:00,M,20~29,office,seoul,0,0,0,0,29,0,0,31,0,0,completed
12494,U2495,2025-09-09 13:46:00,2025-09-09 13:49:00,M,20~29,office,seoul,0,0,0,0,29,0,0,64,0,0,completed
12495,U2496,2025-02-06 12:32:00,2025-02-06 12:38:00,M,30~39,office,seoul,0,0,0,0,9,0,0,42,0,0,completed
12496,U2497,2025-02-24 07:36:00,2025-02-24 07:43:00,F,20~29,office,seoul,0,0,0,0,19,0,0,25,0,0,completed
12497,U2498,2025-06-30 13:13:00,2025-06-30 13:17:00,M,20~29,office,seoul,0,0,0,0,11,0,0,29,0,0,completed
12498,U2499,2025-01-07 17:05:00,2025-01-07 17:07:00,M,50+,office,seoul,0,0,0,0,23,0,0,27,0,1,completed
12499,U2500,2025-06-09 17:57:00,2025-06-09 18:01:00,F,50+,office,seoul,0,0,0,0,15,0,0,57,0,0,completed
12500,U2501,2025-03-02 08:47:00,2025-03-02 08:54:00,F,30~39,office,seoul,1,0,0,0,17,0,0,40,0,0,completed
12501,U2502,2025-07-05 19:09:00,2025-07-05 19:15:00,F,50+,office,seoul,1,0,0,0,27,0,0,23,0,0,completed
12502,U2503,2025-09-08 15:10:00,2025-09-08 15:14:00,M,40~49,office,seoul,0,0,0,0,11,0,0,29,0,0,completed
12503,U2504,2025-11-08 09:51:00,2025-11-08 09:53:00,M,20~29,office,seoul,1,0,0,0,23,0,0,21,0,0,completed
12504,U2505,2025-08-31 15:17:00,2025-08-31 15:23:00,F,20~29,office,seoul,1,0,0,0,22,0,0,38,0,0,completed
12505,U2506,2025-08-25 20:11:00,2025-08-25 20:15:00,M,20~29,office,seoul,0,0,0,0,22,0,0,36,0,0,completed
12506,U2507,2025-06-19 13:32:00,2025-06-19 13:35:00,M,20~29,office,seoul,0,0,0,0,6,0,0,28,0,0,completed
12507,U2508,2025-12-06 08:24:00,2025-12-06 08:26:00,M,30~39,office,seoul,1,0,0,0,4,0,0,77,0,0,completed
12508,U2509,2025-03-03 15:42:00,2025-03-03 15:46:00,M,40~49,office,seoul,0,0,0,0,4,0,0,24,0,0,abandoned
12509,U2510,2025-03-05 14:21:00,2025-03-05 14:24:00,F,20~29,office,seoul,0,0,0,0,19,0,0,15,0,0,completed
12510,U2511,2025-09-14 14:24:00,2025-09-14 14:29:00,M,30~39,office,seoul,1,0,0,0,9,0,0,25,0,0,completed
12511,U2512,2025-01-21 12:47:00,2025-01-21 12:53:00,M,20~29,office,seoul,0,0,0,0,17,0,0,10,0,0,completed
12512,U2513,2025-09-09 20:22:00,2025-09-09 20:24:00,F,40~49,office,seoul,0,0,0,0,26,0,0,25,0,0,completed
12513,U2514,2025-10-03 12:51:00,2025-10-03 12:54:00,F,40~49,office,seoul,0,0,0,0,13,0,0,57,0,0,completed
12514,U2515,2025-04-27 15:01:00,2025-04-27 15:07:00,F,20~29,office,seoul,1,0,0,0,9,0,0,54,0,0,completed
12515,U2516,2025-08-22 15:58:00,2025-08-22 16:05:00,F,30~39,office,seoul,0,0,0,0,17,0,0,23,0,0,completed
12516,U2517,2025-06-07 11:25:00,2025-06-07 11:29:00,F,30~39,office,seoul,1,0,0,0,21,0,0,51,0,1,completed
12517,U2518,2025-10-07 13:46:00,2025-10-07 13:49:00,F,30~39,office,seoul,0,0,0,0,14,0,0,64,0,0,completed
12518,U2519,2025-03-30 08:37:00,2025-03-30 08:43:00,F,30~39,office,seoul,1,0,0,0,20,0,0,10,0,0,completed
12519,U2520,2025-03-31 16:57:00,2025-03-31 17:02:00,M,30~39,office,seoul,0,0,0,0,15,0,0,39,0,0,completed
12520,U2521,2025-07-29 17:50:00,2025-07-29 17:56:00,F,20~29,office,seoul,0,0,0,0,6,0,0,20,0,0,completed
12521,U2522,2025-05-20 07:05:00,2025-05-20 07:08:00,F,30~39,office,seoul,0,0,0,0,2,0,0,25,0,0,completed
12522,U2523,2025-04-20 14:59:00,2025-04-20 15:06:00,M,30~39,office,seoul,1,0,0,0,2,0,0,56,0,0,completed
12523,U2524,2025-12-12 16:27:00,2025-12-12 16:30:00,F,20~29,office,seoul,0,0,0,0,9,0,0,51,0,0,completed
12524,U2525,2025-08-17 08:07:00,2025-08-17 08:13:00,M,20~29,office,seoul,1,0,0,0,2,0,0,48,0,0,completed
12525,U2526,2025-06-02 07:25:00,2025-06-02 07:30:00,F,20~29,office,seoul,0,0,0,0,18,0,0,62,0,0,completed
12526,U2527,2025-01-12 09:52:00,2025-01-12 09:54:00,M,30~39,office,seoul,1,0,0,0,5,0,0,52,0,0,timeout
12527,U2528,2025-09-26 13:48:00,2025-09-26 13:51:00,F,20~29,office,seoul,0,0,0,0,2,0,0,77,1,0,completed
12528,U2529,2025-10-31 09:07:00,2025-10-31 09:12:00,M,30~39,office,seoul,0,0,0,0,23,0,0,54,0,0,completed
12529,U2530,2025-10-04 08:43:00,2025-10-04 08:50:00,F,40~49,office,seoul,1,0,0,0,7,0,0,56,1,0,completed
12530,U2531,2025-10-06 11:13:00,2025-10-06 11:20:00,M,40~49,office,seoul,0,0,0,0,6,0,0,37,0,0,completed
12531,U2532,2025-10-27 08:11:00,2025-10-27 08:17:00,F,20~29,office,seoul,0,0,0,0,10,0,0,57,0,0,completed
12532,U2533,2025-05-10 15:29:00,2025-05-10 15:33:00,M,20~29,office,seoul,1,0,0,0,16,0,0,68,0,0,completed
12533,U2534,2025-01-12 12:50:00,2025-01-12 12:52:00,F,50+,office,seoul,1,0,0,0,16,0,0,48,0,0,completed
12534,U2535,2025-07-08 11:07:00,2025-07-08 11:12:00,F,30~39,office,seoul,0,0,0,0,29,0,0,56,0,0,completed
12535,U2536,2025-10-05 14:38:00,2025-10-05 14:43:00,M,20~29,office,seoul,1,0,0,0,17,0,0,67,0,0,completed
12536,U2537,2025-10-10 07:21:00,2025-10-10 07:26:00,F,20~29,office,seoul,0,0,0,0,7,0,0,45,0,0,completed
12537,U2538,2025-12-28 14:59:00,2025-12-28 15:04:00,F,50+,office,seoul,1,0,0,0,11,0,0,35,0,0,completed
12538,U2539,2025-04-19 11:37:00,2025-04-19 11:40:00,F,50+,office,seoul,1,0,0,0,7,0,0,54,0,0,completed
12539,U2540,2025-01-23 08:14:00,2025-01-23 08:19:00,F,50+,office,seoul,0,0,0,0,0,0,0,27,0,1,completed
12540,U2541,2025-12-11 19:18:00,2025-12-11 19:25:00,M,50+,office,seoul,0,0,0,0,6,0,0,30,0,0,timeout
12541,U2542,2025-11-28 16:44:00,2025-11-28 16:50:00,F,30~39,office,seoul,0,0,0,0,4,0,0,24,0,0,completed
12542,U2543,2025-05-12 19:28:00,2025-05-12 19:35:00,F,50+,office,seoul,0,0,0,0,1,0,0,62,0,0,completed
12543,U2544,2025-11-29 09:29:00,2025-11-29 09:36:00,M,50+,office,seoul,1,0,0,0,16,0,0,26,0,0,abandoned
12544,U2545,2025-01-21 14:16:00,2025-01-21 14:20:00,F,30~39,office,seoul,0,0,0,0,10,0,0,55,0,0,completed
12545,U2546,2025-07-18 17:40:00,2025-07-18 17:45:00,M,20~29,office,seoul,0,0,0,0,26,0,0,31,0,0,completed
12546,U2547,2025-11-02 13:39:00,2025-11-02 13:42:00,M,40~49,office,seoul,1,0,0,0,10,0,0,54,0,0,completed
12547,U2548,2025-12-01 18:52:00,2025-12-01 18:59:00,F,30~39,office,seoul,0,0,0,0,13,0,0,17,0,0,completed
12548,U2549,2025-06-30 13:01:00,2025-06-30 13:04:00,M,20~29,office,seoul,0,0,0,0,0,0,0,35,0,0,completed
12549,U2550,2025-06-09 16:22:00,2025-06-09 16:29:00,M,50+,office,seoul,0,0,0,0,23,0,0,49,0,0,completed
12550,U2551,2025-05-16 14:38:00,2025-05-16 14:44:00,F,20~29,office,seoul,0,0,0,0,25,0,0,57,0,0,completed
12551,U2552,2025-12-02 21:20:00,2025-12-02 21:26:00,M,50+,office,seoul,0,0,0,0,22,0,0,79,0,0,completed
12552,U2553,2025-08-04 17:59:00,2025-08-04 18:02:00,F,20~29,office,seoul,0,0,0,0,9,0,0,45,0,0,completed
12553,U2554,2025-03-27 12:08:00,2025-03-27 12:10:00,M,40~49,office,seoul,0,0,0,0,18,0,0,26,0,0,completed
12554,U2555,2025-09-06 07:45:00,2025-09-06 07:51:00,M,40~49,office,seoul,1,0,0,0,23,0,0,56,0,0,completed
12555,U2556,2025-01-26 13:14:00,2025-01-26 13:20:00,F,50+,office,seoul,1,0,0,0,1,0,0,14,0,0,completed
12556,U2557,2025-04-25 13:25:00,2025-04-25 13:30:00,M,50+,office,seoul,0,0,0,0,18,0,0,69,0,0,completed
12557,U2558,2025-12-09 15:08:00,2025-12-09 15:15:00,M,50+,office,seoul,0,0,0,0,19,0,0,39,1,0,abandoned
12558,U2559,2025-06-04 17:07:00,2025-06-04 17:10:00,F,30~39,office,seoul,0,0,0,0,7,0,0,44,0,0,completed
12559,U2560,2025-12-09 11:22:00,2025-12-09 11:29:00,F,30~39,office,seoul,0,0,0,0,27,0,0,22,0,0,completed
12560,U2561,2025-02-11 09:43:00,2025-02-11 09:45:00,F,50+,office,seoul,0,0,0,0,3,0,0,13,0,0,completed
12561,U2562,2025-04-14 09:20:00,2025-04-14 09:27:00,F,20~29,office,seoul,0,0,0,0,26,0,0,16,0,0,completed
12562,U2563,2025-03-29 16:54:00,2025-03-29 16:59:00,M,40~49,office,seoul,1,0,0,0,0,0,0,79,0,0,completed
12563,U2564,2025-02-02 08:35:00,2025-02-02 08:41:00,F,40~49,office,seoul,1,0,0,0,17,0,0,13,0,0,completed
12564,U2565,2025-11-28 11:51:00,2025-11-28 11:58:00,M,20~29,office,seoul,0,0,0,0,11,0,0,48,0,0,error
12565,U2566,2025-10-11 17:46:00,2025-10-11 17:52:00,F,30~39,office,seoul,1,0,0,0,25,0,0,18,0,0,completed
12566,U2567,2025-11-01 11:01:00,2025-11-01 11:05:00,F,20~29,office,seoul,1,0,0,0,19,0,0,39,0,0,completed
12567,U2568,2025-12-25 12:47:00,2025-12-25 12:52:00,F,30~39,office,seoul,0,0,0,0,17,0,0,75,0,0,abandoned
12568,U2569,2025-02-21 17:27:00,2025-02-21 17:31:00,F,20~29,office,seoul,0,0,0,0,22,0,0,32,0,0,abandoned
12569,U2570,2025-03-12 12:43:00,2025-03-12 12:48:00,F,50+,office,seoul,0,0,0,0,22,0,0,76,0,0,completed
12570,U2571,2025-06-04 16:54:00,2025-06-04 16:57:00,M,30~39,office,seoul,0,0,0,0,3,0,0,44,0,0,completed
12571,U2572,2025-01-27 14:34:00,2025-01-27 14:39:00,F,20~29,office,seoul,0,0,0,0,22,0,0,66,0,0,completed
12572,U2573,2025-09-26 16:24:00,2025-09-26 16:29:00,F,30~39,office,seoul,0,0,0,0,28,0,0,59,0,0,completed
12573,U2574,2025-01-28 14:24:00,2025-01-28 14:28:00,F,30~39,office,seoul,0,0,0,0,1,0,0,71,0,0,completed
12574,U2575,2025-06-24 17:34:00,2025-06-24 17:38:00,M,40~49,office,seoul,0,0,0,0,8,0,0,40,0,0,completed
12575,U2576,2025-05-08 16:20:00,2025-05-08 16:24:00,F,50+,office,seoul,0,0,0,0,21,0,0,24,0,0,completed
12576,U2577,2025-04-29 15:32:00,2025-04-29 15:39:00,F,50+,office,seoul,0,0,0,0,29,0,0,47,0,0,completed
12577,U2578,2025-06-07 15:43:00,2025-06-07 15:47:00,M,30~39,office,seoul,1,0,0,0,19,0,0,72,0,0,completed
12578,U2579,2025-07-23 16:04:00,2025-07-23 16:06:00,M,30~39,office,seoul,0,0,0,0,13,0,0,30,0,0,completed
12579,U2580,2025-01-20 08:29:00,2025-01-20 08:32:00,F,30~39,office,seoul,0,0,0,0,12,0,0,51,0,0,completed
12580,U2581,2025-01-05 09:24:00,2025-01-05 09:30:00,F,50+,office,seoul,1,0,0,0,6,0,0,22,1,1,completed
12581,U2582,2025-05-01 18:39:00,2025-05-01 18:42:00,F,30~39,office,seoul,0,0,0,0,16,0,0,52,0,0,completed
12582,U2583,2025-05-18 19:37:00,2025-05-18 19:40:00,M,30~39,office,seoul,1,0,0,0,11,0,0,61,0,0,completed
12583,U2584,2025-08-13 17:36:00,2025-08-13 17:39:00,M,30~39,office,seoul,0,0,0,0,8,0,0,23,0,0,completed
12584,U2585,2025-11-08 12:24:00,2025-11-08 12:31:00,M,30~39,office,seoul,1,0,0,0,12,0,0,31,0,0,completed
12585,U2586,2025-04-24 21:04:00,2025-04-24 21:06:00,F,20~29,office,seoul,0,0,0,0,25,0,0,18,0,0,completed
12586,U2587,2025-05-21 14:52:00,2025-05-21 14:57:00,F,40~49,office,seoul,0,0,0,0,5,0,0,40,0,0,completed
12587,U2588,2025-04-06 07:01:00,2025-04-06 07:07:00,F,20~29,office,seoul,1,0,0,0,19,0,0,50,0,0,completed
12588,U2589,2025-06-11 15:16:00,2025-06-11 15:23:00,F,30~39,office,seoul,0,0,0,0,19,0,0,35,0,0,completed
12589,U2590,2025-12-07 16:46:00,2025-12-07 16:51:00,M,30~39,office,seoul,1,0,0,0,10,0,0,41,0,0,completed
12590,U2591,2025-01-29 14:29:00,2025-01-29 14:35:00,F,30~39,office,seoul,0,0,0,0,26,0,0,64,0,0,completed
12591,U2592,2025-07-03 11:19:00,2025-07-03 11:23:00,F,20~29,office,seoul,0,0,0,0,29,0,0,17,0,0,completed
12592,U2593,2025-01-20 18:40:00,2025-01-20 18:44:00,F,50+,office,seoul,0,0,0,0,24,0,0,57,1,1,completed
12593,U2594,2025-11-08 09:48:00,2025-11-08 09:54:00,F,50+,office,seoul,1,0,0,0,14,0,0,42,0,0,completed
12594,U2595,2025-01-16 15:44:00,2025-01-16 15:48:00,F,30~39,office,seoul,0,0,0,0,17,0,0,42,0,0,completed
12595,U2596,2025-06-27 09:59:00,2025-06-27 10:03:00,M,30~39,office,seoul,0,0,0,0,27,0,0,29,0,0,completed
12596,U2597,2025-04-06 12:15:00,2025-04-06 12:19:00,F,20~29,office,seoul,1,0,0,0,24,0,0,33,0,0,completed
12597,U2598,2025-06-28 13:33:00,2025-06-28 13:36:00,F,20~29,office,seoul,1,0,0,0,19,0,0,49,0,0,abandoned
12598,U2599,2025-03-08 15:44:00,2025-03-08 15:47:00,M,20~29,office,seoul,1,0,0,0,19,0,0,53,0,0,completed
12599,U2600,2025-04-11 15:20:00,2025-04-11 15:25:00,M,50+,office,seoul,0,0,0,0,4,0,0,64,0,0,timeout
12600,U2601,2025-05-04 08:26:00,2025-05-04 08:28:00,F,40~49,office,seoul,1,0,0,0,10,0,0,60,0,0,completed
12601,U2602,2025-06-11 17:43:00,2025-06-11 17:49:00,M,30~39,office,seoul,0,0,0,0,23,0,0,38,0,0,completed
12602,U2603,2025-01-19 08:50:00,2025-01-19 08:52:00,M,50+,office,seoul,1,0,0,0,16,0,0,65,0,0,completed
12603,U2604,2025-03-16 14:45:00,2025-03-16 14:50:00,M,30~39,office,seoul,1,0,0,0,10,0,0,72,0,0,completed
12604,U2605,2025-08-31 15:04:00,2025-08-31 15:10:00,F,40~49,office,seoul,1,0,0,0,0,0,0,36,0,0,completed
12605,U2606,2025-08-07 12:49:00,2025-08-07 12:55:00,M,30~39,office,seoul,0,0,0,0,16,0,0,64,0,0,completed
12606,U2607,2025-05-01 14:43:00,2025-05-01 14:45:00,F,50+,office,seoul,0,0,0,0,5,0,0,50,0,0,completed
12607,U2608,2025-07-20 12:36:00,2025-07-20 12:39:00,M,30~39,office,seoul,1,0,0,0,20,0,0,29,0,0,completed
12608,U2609,2025-09-18 18:37:00,2025-09-18 18:40:00,F,30~39,office,seoul,0,0,0,0,11,0,0,36,0,0,completed
12609,U2610,2025-02-15 13:03:00,2025-02-15 13:10:00,M,30~39,office,seoul,1,0,0,0,15,0,0,19,0,0,completed
12610,U2611,2025-12-29 14:59:00,2025-12-29 15:05:00,M,40~49,office,seoul,0,0,0,0,18,0,0,73,0,0,completed
12611,U2612,2025-10-27 18:09:00,2025-10-27 18:15:00,F,30~39,office,seoul,0,0,0,0,26,0,0,24,0,0,completed
12612,U2613,2025-12-08 09:57:00,2025-12-08 10:02:00,F,30~39,office,seoul,0,0,0,0,20,0,0,15,0,0,timeout
12613,U2614,2025-03-20 16:13:00,2025-03-20 16:15:00,F,30~39,office,seoul,0,0,0,0,26,0,0,57,0,0,error
12614,U2615,2025-11-05 18:01:00,2025-11-05 18:06:00,M,50+,office,seoul,0,0,0,0,28,0,0,20,0,0,completed
12615,U2616,2025-01-22 08:42:00,2025-01-22 08:44:00,F,40~49,office,seoul,0,0,0,0,13,0,0,76,1,1,completed
12616,U2617,2025-07-04 18:11:00,2025-07-04 18:15:00,M,30~39,office,seoul,0,0,0,0,6,0,0,74,1,0,completed
12617,U2618,2025-01-20 09:58:00,2025-01-20 10:00:00,M,30~39,office,seoul,0,0,0,0,27,0,0,27,0,0,error
12618,U2619,2025-12-22 20:30:00,2025-12-22 20:37:00,F,30~39,office,seoul,0,0,0,0,12,0,0,24,0,0,abandoned
12619,U2620,2025-08-28 16:28:00,2025-08-28 16:30:00,F,40~49,office,seoul,0,0,0,0,24,0,0,72,0,0,completed
12620,U2621,2025-11-24 18:48:00,2025-11-24 18:54:00,M,30~39,office,seoul,0,0,0,0,4,0,0,23,0,0,completed
12621,U2622,2025-06-24 21:52:00,2025-06-24 21:55:00,F,30~39,office,seoul,0,0,0,0,8,0,0,66,0,0,abandoned
12622,U2623,2025-04-06 11:11:00,2025-04-06 11:15:00,M,30~39,office,seoul,1,0,0,0,13,0,0,12,0,0,completed
12623,U2624,2025-09-25 16:09:00,2025-09-25 16:13:00,F,30~39,office,seoul,0,0,0,0,0,0,0,38,0,0,completed
12624,U2625,2025-05-27 09:40:00,2025-05-27 09:46:00,M,20~29,office,seoul,0,0,0,0,14,0,0,49,0,0,completed
12625,U2626,2025-02-03 18:44:00,2025-02-03 18:49:00,F,30~39,office,seoul,0,0,0,0,15,0,0,53,0,0,completed
12626,U2627,2025-09-09 15:16:00,2025-09-09 15:23:00,F,40~49,office,seoul,0,0,0,0,22,0,0,35,0,0,completed
12627,U2628,2025-08-14 18:28:00,2025-08-14 18:33:00,F,20~29,office,seoul,0,0,0,0,27,0,0,50,0,0,completed
12628,U2629,2025-05-30 20:37:00,2025-05-30 20:40:00,F,30~39,office,seoul,0,0,0,0,21,0,0,32,0,0,abandoned
12629,U2630,2025-02-28 09:55:00,2025-02-28 10:00:00,M,30~39,office,seoul,0,0,0,0,4,0,0,44,0,0,completed
12630,U2631,2025-03-19 13:32:00,2025-03-19 13:35:00,M,30~39,office,seoul,0,0,0,0,4,0,0,72,0,0,completed
12631,U2632,2025-11-30 14:24:00,2025-11-30 14:28:00,M,40~49,office,seoul,1,0,0,0,15,0,0,70,0,0,completed
12632,U2633,2025-02-13 13:20:00,2025-02-13 13:24:00,F,20~29,office,seoul,0,0,0,0,3,0,0,24,0,0,completed
12633,U2634,2025-10-10 15:32:00,2025-10-10 15:39:00,F,40~49,office,seoul,0,0,0,0,24,0,0,40,0,0,completed
12634,U2635,2025-12-06 16:08:00,2025-12-06 16:13:00,M,20~29,office,seoul,1,0,0,0,26,0,0,46,0,0,completed
12635,U2636,2025-08-18 08:29:00,2025-08-18 08:32:00,M,40~49,office,seoul,0,0,0,0,14,0,0,40,0,0,completed
12636,U2637,2025-06-19 12:24:00,2025-06-19 12:31:00,F,50+,office,seoul,0,0,0,0,13,0,0,67,0,0,completed
12637,U2638,2025-04-02 18:17:00,2025-04-02 18:21:00,M,30~39,office,seoul,0,0,0,0,17,0,0,12,0,0,completed
12638,U2639,2025-03-30 17:35:00,2025-03-30 17:38:00,F,30~39,office,seoul,1,0,0,0,0,0,0,78,0,0,abandoned
12639,U2640,2025-12-20 19:44:00,2025-12-20 19:51:00,F,40~49,office,seoul,1,0,0,0,17,0,0,11,0,0,completed
12640,U2641,2025-12-03 15:57:00,2025-12-03 15:59:00,F,20~29,office,seoul,0,0,0,0,8,0,0,60,0,0,completed
12641,U2642,2025-03-28 12:57:00,2025-03-28 13:04:00,F,30~39,office,seoul,0,0,0,0,21,0,0,25,0,0,completed
12642,U2643,2025-09-03 13:19:00,2025-09-03 13:23:00,M,20~29,office,seoul,0,0,0,0,6,0,0,50,0,0,abandoned
12643,U2644,2025-05-20 09:48:00,2025-05-20 09:54:00,F,50+,office,seoul,0,0,0,0,16,0,0,38,0,0,completed
12644,U2645,2025-04-01 17:00:00,2025-04-01 17:03:00,M,20~29,office,seoul,0,0,0,0,12,0,0,52,0,0,completed
12645,U2646,2025-07-03 12:23:00,2025-07-03 12:27:00,F,50+,office,seoul,0,0,0,0,16,0,0,49,0,0,completed
12646,U2647,2025-02-17 09:06:00,2025-02-17 09:11:00,F,30~39,office,seoul,0,0,0,0,12,0,0,45,0,0,completed
12647,U2648,2025-11-27 13:02:00,2025-11-27 13:07:00,F,30~39,office,seoul,0,0,0,0,16,0,0,78,0,0,completed
12648,U2649,2025-02-28 18:14:00,2025-02-28 18:18:00,M,30~39,office,seoul,0,0,0,0,12,0,0,24,0,0,completed
12649,U2650,2025-07-26 13:07:00,2025-07-26 13:12:00,F,20~29,office,seoul,1,0,0,0,18,0,0,64,0,0,completed
12650,U2651,2025-12-12 14:22:00,2025-12-12 14:27:00,F,20~29,office,seoul,0,0,0,0,28,0,0,68,0,0,completed
12651,U2652,2025-11-19 09:13:00,2025-11-19 09:16:00,F,30~39,office,seoul,0,0,0,0,20,0,0,35,0,0,completed
12652,U2653,2025-07-25 09:16:00,2025-07-25 09:19:00,M,50+,office,seoul,0,0,0,0,18,0,0,43,0,0,completed
12653,U2654,2025-05-02 09:11:00,2025-05-02 09:17:00,F,20~29,office,seoul,0,0,0,0,22,0,0,75,1,0,completed
12654,U2655,2025-04-03 13:58:00,2025-04-03 14:00:00,F,40~49,office,seoul,0,0,0,0,27,0,0,51,0,0,completed
12655,U2656,2025-07-06 12:49:00,2025-07-06 12:55:00,F,20~29,office,seoul,1,0,0,0,14,0,0,56,0,0,completed
12656,U2657,2025-12-27 19:23:00,2025-12-27 19:27:00,F,30~39,office,seoul,1,0,0,0,1,0,0,47,0,0,completed
12657,U2658,2025-01-13 17:50:00,2025-01-13 17:53:00,M,30~39,office,seoul,0,0,0,0,3,0,0,48,0,0,completed
12658,U2659,2025-05-30 18:01:00,2025-05-30 18:03:00,M,20~29,office,seoul,0,0,0,0,22,0,0,40,0,0,completed
12659,U2660,2025-08-26 09:15:00,2025-08-26 09:22:00,F,40~49,office,seoul,0,0,0,0,26,0,0,21,0,0,completed
12660,U2661,2025-05-06 12:56:00,2025-05-06 12:59:00,M,50+,office,seoul,0,0,0,0,29,0,0,39,0,0,completed
12661,U2662,2025-04-24 13:34:00,2025-04-24 13:39:00,F,50+,office,seoul,0,0,0,0,27,0,0,34,0,0,completed
12662,U2663,2025-02-15 18:17:00,2025-02-15 18:21:00,F,30~39,office,seoul,1,0,0,0,29,0,0,34,1,0,completed
12663,U2664,2025-04-05 16:33:00,2025-04-05 16:38:00,F,30~39,office,seoul,1,0,0,0,19,0,0,25,0,0,abandoned
12664,U2665,2025-04-07 08:27:00,2025-04-07 08:31:00,F,20~29,office,seoul,0,0,0,0,4,0,0,67,0,0,completed
12665,U2666,2025-07-24 18:52:00,2025-07-24 18:58:00,F,30~39,office,seoul,0,0,0,0,27,0,0,70,0,0,error
12666,U2667,2025-10-12 09:18:00,2025-10-12 09:22:00,F,30~39,office,seoul,1,0,0,0,4,0,0,55,0,0,completed
12667,U2668,2025-05-16 14:22:00,2025-05-16 14:28:00,F,40~49,office,seoul,0,0,0,0,11,0,0,47,0,0,abandoned
12668,U2669,2025-05-09 13:51:00,2025-05-09 13:55:00,M,30~39,office,seoul,0,0,0,0,28,0,0,55,0,0,completed
12669,U2670,2025-01-03 09:42:00,2025-01-03 09:44:00,F,30~39,office,seoul,0,0,0,0,5,0,0,38,0,0,completed
12670,U2671,2025-01-26 08:02:00,2025-01-26 08:09:00,F,30~39,office,seoul,1,0,0,0,12,0,0,19,0,0,completed
12671,U2672,2025-03-23 17:29:00,2025-03-23 17:33:00,M,40~49,office,seoul,1,0,0,0,28,0,0,36,0,0,completed
12672,U2673,2025-09-16 12:13:00,2025-09-16 12:15:00,F,20~29,office,seoul,0,0,0,0,2,0,0,66,0,0,completed
12673,U2674,2025-01-24 15:03:00,2025-01-24 15:07:00,F,50+,office,seoul,0,0,0,0,16,0,0,10,0,0,completed
12674,U2675,2025-02-26 12:04:00,2025-02-26 12:09:00,M,40~49,office,seoul,0,0,0,0,9,0,0,62,1,0,error
12675,U2676,2025-05-27 16:16:00,2025-05-27 16:18:00,M,30~39,office,seoul,0,0,0,0,6,0,0,25,0,0,completed
12676,U2677,2025-04-26 16:21:00,2025-04-26 16:28:00,M,50+,office,seoul,1,0,0,0,17,0,0,57,0,0,completed
12677,U2678,2025-01-27 15:00:00,2025-01-27 15:06:00,M,20~29,office,seoul,0,0,0,0,15,0,0,21,0,0,completed
12678,U2679,2025-12-30 14:35:00,2025-12-30 14:39:00,M,50+,office,seoul,0,0,0,0,10,0,0,48,0,0,completed
12679,U2680,2025-11-03 08:51:00,2025-11-03 08:58:00,F,20~29,office,seoul,0,0,0,0,1,0,0,14,0,0,timeout
12680,U2681,2025-10-13 16:58:00,2025-10-13 17:02:00,F,40~49,office,seoul,0,0,0,0,1,0,0,38,0,0,completed
12681,U2682,2025-09-21 07:00:00,2025-09-21 07:02:00,M,20~29,office,seoul,1,0,0,0,15,0,0,18,0,0,completed
12682,U2683,2025-06-04 15:59:00,2025-06-04 16:05:00,F,30~39,office,seoul,0,0,0,0,16,0,0,37,0,0,completed
12683,U2684,2025-05-16 07:35:00,2025-05-16 07:37:00,F,20~29,office,seoul,0,0,0,0,8,0,0,44,0,0,completed
12684,U2685,2025-08-14 14:01:00,2025-08-14 14:08:00,M,30~39,office,seoul,0,0,0,0,21,0,0,35,0,0,timeout
12685,U2686,2025-03-24 07:53:00,2025-03-24 07:55:00,F,20~29,office,seoul,0,0,0,0,27,0,0,77,0,0,completed
12686,U2687,2025-10-11 08:07:00,2025-10-11 08:11:00,F,20~29,office,seoul,1,0,0,0,5,0,0,67,0,0,completed
12687,U2688,2025-09-22 07:10:00,2025-09-22 07:16:00,F,40~49,office,seoul,0,0,0,0,28,0,0,68,0,0,completed
12688,U2689,2025-07-21 09:16:00,2025-07-21 09:18:00,F,30~39,office,seoul,0,0,0,0,15,0,0,14,0,0,completed
12689,U2690,2025-01-24 14:20:00,2025-01-24 14:23:00,F,20~29,office,seoul,0,0,0,0,20,0,0,31,0,0,completed
12690,U2691,2025-06-11 16:09:00,2025-06-11 16:11:00,F,20~29,office,seoul,0,0,0,0,21,0,0,64,1,0,completed
12691,U2692,2025-11-29 08:20:00,2025-11-29 08:24:00,M,20~29,office,seoul,1,0,0,0,6,0,0,60,0,0,completed
12692,U2693,2025-10-25 15:37:00,2025-10-25 15:40:00,M,30~39,office,seoul,1,0,0,0,1,0,0,51,0,0,completed
12693,U2694,2025-10-13 09:39:00,2025-10-13 09:42:00,M,40~49,office,seoul,0,0,0,0,20,0,0,78,0,0,completed
12694,U2695,2025-09-26 17:26:00,2025-09-26 17:31:00,F,30~39,office,seoul,0,0,0,0,20,0,0,69,0,0,completed
12695,U2696,2025-01-08 19:57:00,2025-01-08 20:02:00,M,50+,office,seoul,0,0,0,0,10,0,0,22,0,0,completed
12696,U2697,2025-03-19 22:22:00,2025-03-19 22:27:00,M,30~39,office,seoul,0,0,0,0,23,0,0,49,0,0,completed
12697,U2698,2025-06-26 09:37:00,2025-06-26 09:43:00,M,40~49,office,seoul,0,0,0,0,29,0,0,26,0,0,completed
12698,U2699,2025-11-21 16:42:00,2025-11-21 16:48:00,F,20~29,office,seoul,0,0,0,0,5,0,0,67,0,0,completed
12699,U2700,2025-07-30 22:14:00,2025-07-30 22:19:00,F,40~49,office,seoul,0,0,0,0,17,0,0,79,0,0,completed
12700,U2701,2025-12-13 09:14:00,2025-12-13 09:16:00,F,20~29,office,seoul,1,0,0,0,9,0,0,56,0,0,completed
12701,U2702,2025-04-26 19:51:00,2025-04-26 19:55:00,F,50+,office,seoul,1,0,0,0,27,0,0,50,0,1,completed
12702,U2703,2025-02-23 08:28:00,2025-02-23 08:34:00,M,40~49,office,seoul,1,0,0,0,25,0,0,54,0,0,completed
12703,U2704,2025-08-24 16:16:00,2025-08-24 16:19:00,M,40~49,office,seoul,1,0,0,0,25,0,0,16,0,0,timeout
12704,U2705,2025-06-17 21:46:00,2025-06-17 21:53:00,M,20~29,office,seoul,0,0,0,0,9,0,0,47,0,0,abandoned
12705,U2706,2025-11-04 15:34:00,2025-11-04 15:39:00,M,30~39,office,seoul,0,0,0,0,11,0,0,52,1,0,completed
12706,U2707,2025-04-22 15:43:00,2025-04-22 15:46:00,M,50+,office,seoul,0,0,0,0,3,0,0,64,0,0,completed
12707,U2708,2025-11-16 16:56:00,2025-11-16 17:00:00,F,40~49,office,seoul,1,0,0,0,11,0,0,26,0,0,completed
12708,U2709,2025-07-30 16:45:00,2025-07-30 16:47:00,F,30~39,office,seoul,0,0,0,0,15,0,0,61,0,0,completed
12709,U2710,2025-12-26 09:17:00,2025-12-26 09:19:00,F,50+,office,seoul,0,0,0,0,7,0,0,74,0,0,completed
12710,U2711,2025-06-30 16:24:00,2025-06-30 16:30:00,F,30~39,office,seoul,0,0,0,0,4,0,0,35,0,0,completed
12711,U2712,2025-09-15 15:05:00,2025-09-15 15:08:00,M,30~39,office,seoul,0,0,0,0,18,0,0,70,1,0,completed
12712,U2713,2025-12-20 09:04:00,2025-12-20 09:07:00,M,30~39,office,seoul,1,0,0,0,21,0,0,25,0,0,completed
12713,U2714,2025-10-20 08:41:00,2025-10-20 08:45:00,M,30~39,office,seoul,0,0,0,0,20,0,0,24,0,0,abandoned
12714,U2715,2025-06-24 14:30:00,2025-06-24 14:36:00,M,40~49,office,seoul,0,0,0,0,22,0,0,11,0,0,completed
12715,U2716,2025-06-18 11:30:00,2025-06-18 11:34:00,F,30~39,office,seoul,0,0,0,0,11,0,0,49,0,0,completed
12716,U2717,2025-09-12 18:11:00,2025-09-12 18:17:00,M,20~29,office,seoul,0,0,0,0,19,0,0,15,0,0,completed
12717,U2718,2025-09-29 09:44:00,2025-09-29 09:48:00,F,30~39,office,seoul,0,0,0,0,10,0,0,71,0,0,completed
12718,U2719,2025-02-05 12:08:00,2025-02-05 12:12:00,M,20~29,office,seoul,0,0,0,0,22,0,0,40,0,0,completed
12719,U2720,2025-10-09 18:09:00,2025-10-09 18:15:00,M,40~49,office,seoul,0,0,0,0,28,0,0,33,0,0,completed
12720,U2721,2025-06-25 18:20:00,2025-06-25 18:26:00,F,50+,office,seoul,0,0,0,0,3,0,0,40,0,0,completed
12721,U2722,2025-06-11 09:07:00,2025-06-11 09:13:00,F,20~29,office,seoul,0,0,0,0,9,0,0,68,0,0,completed
12722,U2723,2025-08-16 18:14:00,2025-08-16 18:18:00,F,40~49,office,seoul,1,0,0,0,27,0,0,67,0,0,completed
12723,U2724,2025-01-11 18:07:00,2025-01-11 18:13:00,M,20~29,office,seoul,1,0,0,0,3,0,0,32,0,0,completed
12724,U2725,2025-06-16 09:24:00,2025-06-16 09:29:00,M,30~39,office,seoul,0,0,0,0,3,0,0,70,0,0,timeout
12725,U2726,2025-05-22 19:09:00,2025-05-22 19:16:00,M,20~29,office,seoul,0,0,0,0,26,0,0,70,0,0,completed
12726,U2727,2025-01-03 13:06:00,2025-01-03 13:13:00,M,30~39,office,seoul,0,0,0,0,26,0,0,58,0,0,completed
12727,U2728,2025-01-10 14:48:00,2025-01-10 14:55:00,F,40~49,office,seoul,0,0,0,0,14,0,0,13,0,0,completed
12728,U2729,2025-02-13 09:36:00,2025-02-13 09:41:00,F,20~29,office,seoul,0,0,0,0,27,0,0,25,0,0,completed
12729,U2730,2025-04-13 17:29:00,2025-04-13 17:33:00,F,30~39,office,seoul,1,0,0,0,7,0,0,41,0,0,completed
12730,U2731,2025-05-10 17:30:00,2025-05-10 17:34:00,F,50+,office,seoul,1,0,0,0,20,0,0,18,0,0,completed
12731,U2732,2025-03-13 13:56:00,2025-03-13 13:58:00,F,40~49,office,seoul,0,0,0,0,18,0,0,12,0,0,completed
12732,U2733,2025-05-10 15:38:00,2025-05-10 15:43:00,F,20~29,office,seoul,1,0,0,0,9,0,0,41,0,0,completed
12733,U2734,2025-08-20 14:03:00,2025-08-20 14:08:00,M,20~29,office,seoul,0,0,0,0,20,0,0,27,0,0,abandoned
12734,U2735,2025-10-28 08:50:00,2025-10-28 08:52:00,F,50+,office,seoul,0,0,0,0,10,0,0,70,1,0,completed
12735,U2736,2025-09-04 17:50:00,2025-09-04 17:56:00,F,40~49,office,seoul,0,0,0,0,6,0,0,68,0,0,error
12736,U2737,2025-07-23 14:25:00,2025-07-23 14:27:00,M,20~29,office,seoul,0,0,0,0,18,0,0,17,0,0,completed
12737,U2738,2025-06-28 18:56:00,2025-06-28 19:01:00,F,20~29,office,seoul,1,0,0,0,22,0,0,45,0,0,completed
12738,U2739,2025-03-12 17:39:00,2025-03-12 17:42:00,M,20~29,office,seoul,0,0,0,0,25,0,0,70,0,0,completed
12739,U2740,2025-02-23 12:38:00,2025-02-23 12:44:00,M,40~49,office,seoul,1,0,0,0,25,0,0,69,0,0,completed
12740,U2741,2025-06-22 08:35:00,2025-06-22 08:40:00,F,30~39,office,seoul,1,0,0,0,23,0,0,46,0,0,timeout
12741,U2742,2025-02-21 21:50:00,2025-02-21 21:53:00,M,40~49,office,seoul,0,0,0,0,20,0,0,28,0,0,completed
12742,U2743,2025-11-09 09:48:00,2025-11-09 09:51:00,M,30~39,office,seoul,1,0,0,0,8,0,0,54,0,0,completed
12743,U2744,2025-07-15 17:48:00,2025-07-15 17:55:00,F,50+,office,seoul,0,0,0,0,18,0,0,29,0,0,completed
12744,U2745,2025-07-05 14:39:00,2025-07-05 14:41:00,M,40~49,office,seoul,1,0,0,0,9,0,0,76,0,0,completed
12745,U2746,2025-06-30 20:35:00,2025-06-30 20:38:00,F,20~29,office,seoul,0,0,0,0,24,0,0,74,0,0,completed
12746,U2747,2025-10-21 14:23:00,2025-10-21 14:30:00,F,40~49,office,seoul,0,0,0,0,8,0,0,58,0,0,completed
12747,U2748,2025-04-20 14:28:00,2025-04-20 14:32:00,F,40~49,office,seoul,1,0,0,0,3,0,0,21,0,0,completed
12748,U2749,2025-07-06 17:21:00,2025-07-06 17:26:00,M,50+,office,seoul,1,0,0,0,2,0,0,24,0,0,completed
12749,U2750,2025-05-14 16:37:00,2025-05-14 16:44:00,M,30~39,office,seoul,0,0,0,0,14,0,0,31,0,0,completed
12750,U2751,2025-07-29 11:31:00,2025-07-29 11:33:00,F,30~39,office,seoul,0,0,0,0,27,0,0,22,0,0,completed
12751,U2752,2025-09-04 12:06:00,2025-09-04 12:12:00,F,20~29,office,seoul,0,0,0,0,15,0,0,23,0,0,completed
12752,U2753,2025-10-09 11:33:00,2025-10-09 11:37:00,M,20~29,office,seoul,0,0,0,0,20,0,0,28,0,0,completed
12753,U2754,2025-04-18 08:39:00,2025-04-18 08:42:00,F,50+,office,seoul,0,0,0,0,26,0,0,15,0,0,completed
12754,U2755,2025-07-11 17:33:00,2025-07-11 17:40:00,M,20~29,office,seoul,0,0,0,0,20,0,0,77,0,0,completed
12755,U2756,2025-08-10 13:02:00,2025-08-10 13:07:00,F,30~39,office,seoul,1,0,0,0,2,0,0,54,0,0,completed
12756,U2757,2025-04-15 18:28:00,2025-04-15 18:32:00,F,20~29,office,seoul,0,0,0,0,17,0,0,69,0,0,completed
12757,U2758,2025-02-26 08:17:00,2025-02-26 08:20:00,F,40~49,office,seoul,0,0,0,0,24,0,0,79,0,0,completed
12758,U2759,2025-03-05 09:01:00,2025-03-05 09:08:00,F,50+,office,seoul,0,0,0,0,23,0,0,23,0,1,completed
12759,U2760,2025-09-16 07:32:00,2025-09-16 07:36:00,F,30~39,office,seoul,0,0,0,0,27,0,0,36,0,0,completed
12760,U2761,2025-12-17 16:21:00,2025-12-17 16:26:00,M,30~39,office,seoul,0,0,0,0,17,0,0,45,0,0,completed
12761,U2762,2025-04-28 14:23:00,2025-04-28 14:26:00,F,40~49,office,seoul,0,0,0,0,14,0,0,19,0,0,completed
12762,U2763,2025-10-21 09:19:00,2025-10-21 09:21:00,F,20~29,office,seoul,0,0,0,0,9,0,0,10,0,0,completed
12763,U2764,2025-08-25 13:06:00,2025-08-25 13:10:00,M,20~29,office,seoul,0,0,0,0,21,0,0,37,0,0,completed
12764,U2765,2025-10-10 14:04:00,2025-10-10 14:10:00,M,20~29,office,seoul,0,0,0,0,28,0,0,42,0,0,completed
12765,U2766,2025-01-28 12:08:00,2025-01-28 12:11:00,M,40~49,office,seoul,0,0,0,0,24,0,0,46,0,0,completed
12766,U2767,2025-09-25 15:52:00,2025-09-25 15:54:00,M,20~29,office,seoul,0,0,0,0,19,0,0,39,0,1,completed
12767,U2768,2025-02-08 16:02:00,2025-02-08 16:05:00,M,20~29,office,seoul,1,0,0,0,21,0,0,27,0,0,completed
12768,U2769,2025-12-02 18:26:00,2025-12-02 18:33:00,F,30~39,office,seoul,0,0,0,0,17,0,0,34,0,0,completed
12769,U2770,2025-08-28 13:15:00,2025-08-28 13:18:00,M,20~29,office,seoul,0,0,0,0,7,0,0,34,0,0,completed
12770,U2771,2025-01-07 18:19:00,2025-01-07 18:26:00,F,30~39,office,seoul,0,0,0,0,22,0,0,75,0,0,completed
12771,U2772,2025-04-04 18:30:00,2025-04-04 18:34:00,M,30~39,office,seoul,0,0,0,0,15,0,0,55,0,0,completed
12772,U2773,2025-01-25 15:55:00,2025-01-25 16:01:00,F,30~39,office,seoul,1,0,0,0,10,0,0,15,0,0,completed
12773,U2774,2025-07-23 21:06:00,2025-07-23 21:12:00,F,50+,office,seoul,0,0,0,0,9,0,0,41,0,0,completed
12774,U2775,2025-01-16 16:51:00,2025-01-16 16:58:00,M,20~29,office,seoul,0,0,0,0,6,0,0,40,0,0,completed
12775,U2776,2025-10-04 16:44:00,2025-10-04 16:47:00,F,40~49,office,seoul,1,0,0,0,19,0,0,49,1,0,completed
12776,U2777,2025-11-20 14:25:00,2025-11-20 14:30:00,M,30~39,office,seoul,0,0,0,0,24,0,0,63,0,0,completed
12777,U2778,2025-07-07 11:14:00,2025-07-07 11:18:00,M,20~29,office,seoul,0,0,0,0,4,0,0,41,0,0,completed
12778,U2779,2025-12-04 13:51:00,2025-12-04 13:54:00,M,40~49,office,seoul,0,0,0,0,14,0,0,68,0,0,completed
12779,U2780,2025-12-25 12:18:00,2025-12-25 12:23:00,F,30~39,office,seoul,0,0,0,0,21,0,0,14,0,0,abandoned
12780,U2781,2025-07-02 16:57:00,2025-07-02 17:01:00,M,20~29,office,seoul,0,0,0,0,12,0,0,54,0,0,completed
12781,U2782,2025-06-27 16:45:00,2025-06-27 16:51:00,F,20~29,office,seoul,0,0,0,0,4,0,0,53,0,0,completed
12782,U2783,2025-01-27 07:39:00,2025-01-27 07:43:00,F,50+,office,seoul,0,0,0,0,28,0,0,33,0,0,completed
12783,U2784,2025-05-04 11:40:00,2025-05-04 11:46:00,M,40~49,office,seoul,1,0,0,0,19,0,0,10,0,1,completed
12784,U2785,2025-10-27 16:58:00,2025-10-27 17:04:00,F,40~49,office,seoul,0,0,0,0,14,0,0,26,0,0,completed
12785,U2786,2025-06-24 15:18:00,2025-06-24 15:24:00,F,30~39,office,seoul,0,0,0,0,11,0,0,14,0,0,completed
12786,U2787,2025-12-01 07:17:00,2025-12-01 07:19:00,M,20~29,office,seoul,0,0,0,0,19,0,0,40,0,0,completed
12787,U2788,2025-08-20 15:04:00,2025-08-20 15:08:00,F,40~49,office,seoul,0,0,0,0,3,0,0,40,1,0,completed
12788,U2789,2025-07-08 11:26:00,2025-07-08 11:29:00,M,20~29,office,seoul,0,0,0,0,9,0,0,36,0,0,abandoned
12789,U2790,2025-11-09 09:15:00,2025-11-09 09:17:00,F,50+,office,seoul,1,0,0,0,1,0,0,20,1,0,completed
12790,U2791,2025-05-21 22:16:00,2025-05-21 22:21:00,F,20~29,office,seoul,0,0,0,0,8,0,0,66,0,0,completed
12791,U2792,2025-03-22 18:25:00,2025-03-22 18:28:00,F,20~29,office,seoul,1,0,0,0,11,0,0,15,0,0,abandoned
12792,U2793,2025-05-16 20:44:00,2025-05-16 20:49:00,F,40~49,office,seoul,0,0,0,0,14,0,0,28,0,0,completed
12793,U2794,2025-10-02 15:44:00,2025-10-02 15:48:00,M,50+,office,seoul,0,0,0,0,22,0,0,40,1,1,completed
12794,U2795,2025-12-05 07:26:00,2025-12-05 07:28:00,F,20~29,office,seoul,0,0,0,0,23,0,0,26,0,0,error
12795,U2796,2025-05-05 15:37:00,2025-05-05 15:39:00,F,20~29,office,seoul,0,0,0,0,29,0,0,70,0,0,completed
12796,U2797,2025-10-02 11:40:00,2025-10-02 11:46:00,M,20~29,office,seoul,0,0,0,0,4,0,0,53,0,0,timeout
12797,U2798,2025-12-01 14:43:00,2025-12-01 14:48:00,F,50+,office,seoul,0,0,0,0,16,0,0,22,1,0,completed
12798,U2799,2025-11-18 07:35:00,2025-11-18 07:38:00,F,20~29,office,seoul,0,0,0,0,28,0,0,69,0,0,completed
12799,U2800,2025-06-07 22:28:00,2025-06-07 22:30:00,F,40~49,office,seoul,1,0,0,0,13,0,0,23,0,0,completed
12800,U2801,2025-11-05 16:51:00,2025-11-05 16:55:00,F,40~49,office,seoul,0,0,0,0,28,0,0,55,0,0,timeout
12801,U2802,2025-07-21 08:42:00,2025-07-21 08:44:00,F,30~39,office,seoul,0,0,0,0,24,0,0,14,0,0,completed
12802,U2803,2025-02-16 09:09:00,2025-02-16 09:11:00,F,30~39,office,seoul,1,0,0,0,0,0,0,10,0,0,completed
12803,U2804,2025-11-06 13:49:00,2025-11-06 13:51:00,F,20~29,office,seoul,0,0,0,0,12,0,0,71,0,0,completed
12804,U2805,2025-03-27 15:05:00,2025-03-27 15:10:00,F,20~29,office,seoul,0,0,0,0,2,0,0,10,0,0,completed
12805,U2806,2025-05-04 17:17:00,2025-05-04 17:24:00,F,20~29,office,seoul,1,0,0,0,27,0,0,35,0,0,completed
12806,U2807,2025-04-25 09:23:00,2025-04-25 09:29:00,F,20~29,office,seoul,0,0,0,0,25,0,0,50,0,0,completed
12807,U2808,2025-06-09 08:15:00,2025-06-09 08:22:00,F,20~29,office,seoul,0,0,0,0,28,0,0,50,0,0,completed
12808,U2809,2025-05-28 08:25:00,2025-05-28 08:32:00,M,50+,office,seoul,0,0,0,0,11,0,0,60,0,0,completed
12809,U2810,2025-02-21 14:41:00,2025-02-21 14:48:00,F,40~49,office,seoul,0,0,0,0,7,0,0,20,0,0,completed
12810,U2811,2025-07-31 18:42:00,2025-07-31 18:47:00,F,50+,office,seoul,0,0,0,0,20,0,0,53,0,1,completed
12811,U2812,2025-06-13 17:29:00,2025-06-13 17:31:00,M,20~29,office,seoul,0,0,0,0,26,0,0,38,0,0,abandoned
12812,U2813,2025-09-29 15:03:00,2025-09-29 15:06:00,M,40~49,office,seoul,0,0,0,0,15,0,0,20,0,0,completed
12813,U2814,2025-07-02 18:52:00,2025-07-02 18:57:00,M,20~29,office,seoul,0,0,0,0,11,0,0,45,0,0,completed
12814,U2815,2025-03-28 15:14:00,2025-03-28 15:20:00,F,50+,office,seoul,0,0,0,0,27,0,0,78,0,0,completed
12815,U2816,2025-06-03 14:34:00,2025-06-03 14:40:00,F,20~29,office,seoul,0,0,0,0,1,0,0,32,0,0,completed
12816,U2817,2025-01-27 16:28:00,2025-01-27 16:32:00,F,20~29,office,seoul,0,0,0,0,22,0,0,49,0,0,completed
12817,U2818,2025-08-28 16:16:00,2025-08-28 16:20:00,M,30~39,office,seoul,0,0,0,0,1,0,0,17,0,0,completed
12818,U2819,2025-01-31 12:08:00,2025-01-31 12:13:00,F,50+,office,seoul,0,0,0,0,21,0,0,46,0,0,completed
12819,U2820,2025-04-05 12:07:00,2025-04-05 12:10:00,F,30~39,office,seoul,1,0,0,0,7,0,0,20,0,0,completed
12820,U2821,2025-11-13 09:38:00,2025-11-13 09:44:00,M,20~29,office,seoul,0,0,0,0,17,0,0,15,0,0,completed
12821,U2822,2025-10-18 16:27:00,2025-10-18 16:34:00,F,30~39,office,seoul,1,0,0,0,27,0,0,51,0,0,completed
12822,U2823,2025-10-02 12:16:00,2025-10-02 12:20:00,F,30~39,office,seoul,0,0,0,0,16,0,0,68,0,0,completed
12823,U2824,2025-10-17 09:31:00,2025-10-17 09:33:00,F,30~39,office,seoul,0,0,0,0,14,0,0,67,1,0,abandoned
12824,U2825,2025-06-19 15:19:00,2025-06-19 15:22:00,F,20~29,office,seoul,0,0,0,0,23,0,0,35,1,0,completed
12825,U2826,2025-10-12 12:19:00,2025-10-12 12:26:00,F,20~29,office,seoul,1,0,0,0,19,0,0,52,0,0,completed
12826,U2827,2025-11-15 13:07:00,2025-11-15 13:09:00,M,30~39,office,seoul,1,0,0,0,25,0,0,50,1,0,completed
12827,U2828,2025-01-21 18:47:00,2025-01-21 18:51:00,F,20~29,office,seoul,0,0,0,0,23,0,0,62,0,0,completed
12828,U2829,2025-01-17 11:23:00,2025-01-17 11:30:00,F,30~39,office,seoul,0,0,0,0,24,0,0,13,0,0,error
12829,U2830,2025-10-09 09:22:00,2025-10-09 09:29:00,M,40~49,office,seoul,0,0,0,0,13,0,0,37,0,0,completed
12830,U2831,2025-12-29 19:59:00,2025-12-29 20:04:00,F,20~29,office,seoul,0,0,0,0,3,0,0,64,0,0,completed
12831,U2832,2025-07-17 22:36:00,2025-07-17 22:42:00,F,30~39,office,seoul,0,0,0,0,22,0,0,22,0,0,completed
12832,U2833,2025-10-30 08:58:00,2025-10-30 09:01:00,M,40~49,office,seoul,0,0,0,0,8,0,0,64,0,0,completed
12833,U2834,2025-01-05 17:34:00,2025-01-05 17:37:00,M,30~39,office,seoul,1,0,0,0,3,0,0,48,0,0,completed
12834,U2835,2025-09-09 07:04:00,2025-09-09 07:10:00,F,20~29,office,seoul,0,0,0,0,15,0,0,40,0,0,completed
12835,U2836,2025-02-28 13:22:00,2025-02-28 13:25:00,F,30~39,office,seoul,0,0,0,0,19,0,0,69,0,0,completed
12836,U2837,2025-11-17 11:08:00,2025-11-17 11:11:00,M,20~29,office,seoul,0,0,0,0,18,0,0,17,0,0,completed
12837,U2838,2025-06-29 07:22:00,2025-06-29 07:24:00,F,50+,office,seoul,1,0,0,0,10,0,0,49,0,0,completed
12838,U2839,2025-10-30 08:46:00,2025-10-30 08:51:00,M,20~29,office,seoul,0,0,0,0,17,0,0,58,0,0,completed
12839,U2840,2025-05-20 18:31:00,2025-05-20 18:35:00,M,40~49,office,seoul,0,0,0,0,9,0,0,24,0,0,completed
12840,U2841,2025-10-25 16:49:00,2025-10-25 16:55:00,F,50+,office,seoul,1,0,0,0,15,0,0,73,0,1,completed
12841,U2842,2025-05-18 13:40:00,2025-05-18 13:44:00,M,20~29,office,seoul,1,0,0,0,12,0,0,50,0,0,abandoned
12842,U2843,2025-04-03 17:16:00,2025-04-03 17:19:00,F,30~39,office,seoul,0,0,0,0,5,0,0,29,0,0,completed
12843,U2844,2025-01-29 08:24:00,2025-01-29 08:30:00,M,40~49,office,seoul,0,0,0,0,14,0,0,53,0,1,completed
12844,U2845,2025-07-23 22:50:00,2025-07-23 22:55:00,F,50+,office,seoul,0,0,0,0,17,0,0,77,1,0,completed
12845,U2846,2025-01-26 16:22:00,2025-01-26 16:26:00,F,30~39,office,seoul,1,0,0,0,23,0,0,63,0,0,completed
12846,U2847,2025-12-26 09:56:00,2025-12-26 09:59:00,F,20~29,office,seoul,0,0,0,0,26,0,0,24,0,0,completed
12847,U2848,2025-10-12 21:39:00,2025-10-12 21:43:00,M,20~29,office,seoul,1,0,0,0,21,0,0,79,0,0,completed
12848,U2849,2025-09-27 12:37:00,2025-09-27 12:39:00,F,40~49,office,seoul,1,0,0,0,23,0,0,68,0,0,completed
12849,U2850,2025-02-16 09:48:00,2025-02-16 09:52:00,F,30~39,office,seoul,1,0,0,0,13,0,0,60,0,0,abandoned
12850,U2851,2025-08-14 14:02:00,2025-08-14 14:06:00,M,20~29,office,seoul,0,0,0,0,6,0,0,32,0,0,completed
12851,U2852,2025-05-22 09:39:00,2025-05-22 09:42:00,M,30~39,office,seoul,0,0,0,0,11,0,0,56,0,0,completed
12852,U2853,2025-02-23 12:31:00,2025-02-23 12:37:00,M,20~29,office,seoul,1,0,0,0,21,0,0,22,0,0,completed
12853,U2854,2025-04-08 17:34:00,2025-04-08 17:36:00,M,50+,office,seoul,0,0,0,0,1,0,0,26,0,0,completed
12854,U2855,2025-11-23 13:17:00,2025-11-23 13:22:00,F,30~39,office,seoul,1,0,0,0,17,0,0,65,1,0,completed
12855,U2856,2025-10-08 13:41:00,2025-10-08 13:45:00,F,30~39,office,seoul,0,0,0,0,13,0,0,34,0,0,abandoned
12856,U2857,2025-09-24 15:12:00,2025-09-24 15:15:00,M,20~29,office,seoul,0,0,0,0,17,0,0,44,0,0,completed
12857,U2858,2025-08-26 16:14:00,2025-08-26 16:17:00,M,30~39,office,seoul,0,0,0,0,21,0,0,41,0,0,completed
12858,U2859,2025-01-02 15:26:00,2025-01-02 15:33:00,F,50+,office,seoul,0,0,0,0,20,0,0,61,0,0,completed
12859,U2860,2025-10-17 21:52:00,2025-10-17 21:58:00,M,40~49,office,seoul,0,0,0,0,13,0,0,53,0,0,completed
12860,U2861,2025-06-12 11:16:00,2025-06-12 11:18:00,F,20~29,office,seoul,0,0,0,0,16,0,0,13,0,0,abandoned
12861,U2862,2025-08-23 08:31:00,2025-08-23 08:34:00,F,40~49,office,seoul,1,0,0,0,29,0,0,71,0,0,completed
12862,U2863,2025-10-25 16:27:00,2025-10-25 16:30:00,F,30~39,office,seoul,1,0,0,0,19,0,0,37,0,0,completed
12863,U2864,2025-07-05 22:39:00,2025-07-05 22:43:00,M,30~39,office,seoul,1,0,0,0,4,0,0,25,0,0,completed
12864,U2865,2025-07-03 11:47:00,2025-07-03 11:51:00,M,20~29,office,seoul,0,0,0,0,10,0,0,74,0,0,completed
12865,U2866,2025-02-22 17:40:00,2025-02-22 17:44:00,M,40~49,office,seoul,1,0,0,0,17,0,0,43,0,0,abandoned
12866,U2867,2025-12-17 15:46:00,2025-12-17 15:53:00,F,20~29,office,seoul,0,0,0,0,0,0,0,78,0,0,completed
12867,U2868,2025-01-14 15:04:00,2025-01-14 15:06:00,F,30~39,office,seoul,0,0,0,0,16,0,0,49,0,0,completed
12868,U2869,2025-02-09 14:37:00,2025-02-09 14:44:00,F,40~49,office,seoul,1,0,0,0,5,0,0,48,0,0,completed
12869,U2870,2025-06-14 20:43:00,2025-06-14 20:48:00,F,30~39,office,seoul,1,0,0,0,15,0,0,76,0,0,completed
12870,U2871,2025-08-20 16:45:00,2025-08-20 16:48:00,M,50+,office,seoul,0,0,0,0,18,0,0,20,0,0,completed
12871,U2872,2025-12-24 19:26:00,2025-12-24 19:29:00,F,20~29,office,seoul,0,0,0,0,15,0,0,34,0,0,completed
12872,U2873,2025-04-24 13:02:00,2025-04-24 13:08:00,F,30~39,office,seoul,0,0,0,0,21,0,0,78,0,0,completed
12873,U2874,2025-11-09 19:36:00,2025-11-09 19:40:00,F,50+,office,seoul,1,0,0,0,13,0,0,49,1,0,completed
12874,U2875,2025-04-04 11:23:00,2025-04-04 11:27:00,F,40~49,office,seoul,0,0,0,0,19,0,0,77,0,0,completed
12875,U2876,2025-08-05 07:21:00,2025-08-05 07:24:00,F,20~29,office,seoul,0,0,0,0,15,0,0,40,0,0,completed
12876,U2877,2025-10-09 15:03:00,2025-10-09 15:09:00,F,20~29,office,seoul,0,0,0,0,22,0,0,17,0,0,completed
12877,U2878,2025-06-14 14:01:00,2025-06-14 14:06:00,M,30~39,office,seoul,1,0,0,0,21,0,0,52,0,0,completed
12878,U2879,2025-01-19 12:42:00,2025-01-19 12:48:00,M,20~29,office,seoul,1,0,0,0,17,0,0,31,0,0,completed
12879,U2880,2025-08-12 15:24:00,2025-08-12 15:30:00,M,20~29,office,seoul,0,0,0,0,5,0,0,26,0,0,completed
12880,U2881,2025-08-03 14:29:00,2025-08-03 14:32:00,F,20~29,office,seoul,1,0,0,0,22,0,0,51,0,0,abandoned
12881,U2882,2025-05-03 09:47:00,2025-05-03 09:50:00,M,40~49,office,seoul,1,0,0,0,29,0,0,50,0,0,completed
12882,U2883,2025-08-04 15:54:00,2025-08-04 15:59:00,M,30~39,office,seoul,0,0,0,0,9,0,0,61,0,0,completed
12883,U2884,2025-08-24 11:36:00,2025-08-24 11:42:00,F,20~29,office,seoul,1,0,0,0,7,0,0,67,0,0,completed
12884,U2885,2025-07-13 16:08:00,2025-07-13 16:12:00,F,50+,office,seoul,1,0,0,0,5,0,0,16,0,0,completed
12885,U2886,2025-04-28 07:48:00,2025-04-28 07:53:00,M,30~39,office,seoul,0,0,0,0,22,0,0,79,0,0,completed
12886,U2887,2025-12-12 17:51:00,2025-12-12 17:56:00,F,30~39,office,seoul,0,0,0,0,3,0,0,34,0,0,completed
12887,U2888,2025-07-03 15:56:00,2025-07-03 15:59:00,M,30~39,office,seoul,0,0,0,0,3,0,0,52,0,0,completed
12888,U2889,2025-12-24 09:32:00,2025-12-24 09:39:00,F,20~29,office,seoul,0,0,0,0,2,0,0,66,0,0,completed
12889,U2890,2025-06-21 15:19:00,2025-06-21 15:21:00,F,30~39,office,seoul,1,0,0,0,4,0,0,75,0,0,abandoned
12890,U2891,2025-11-12 18:56:00,2025-11-12 19:03:00,F,40~49,office,seoul,0,0,0,0,29,0,0,17,0,0,completed
12891,U2892,2025-11-29 15:34:00,2025-11-29 15:41:00,F,30~39,office,seoul,1,0,0,0,14,0,0,13,0,0,completed
12892,U2893,2025-05-07 11:45:00,2025-05-07 11:48:00,F,30~39,office,seoul,0,0,0,0,3,0,0,54,0,0,completed
12893,U2894,2025-02-02 16:41:00,2025-02-02 16:47:00,F,20~29,office,seoul,1,0,0,0,16,0,0,20,0,0,completed
12894,U2895,2025-08-03 15:27:00,2025-08-03 15:32:00,F,20~29,office,seoul,1,0,0,0,17,0,0,60,0,0,completed
12895,U2896,2025-04-27 13:41:00,2025-04-27 13:45:00,M,30~39,office,seoul,1,0,0,0,1,0,0,75,0,0,completed
12896,U2897,2025-04-10 07:04:00,2025-04-10 07:08:00,F,30~39,office,seoul,0,0,0,0,28,0,0,76,0,0,completed
12897,U2898,2025-10-11 14:01:00,2025-10-11 14:07:00,F,40~49,office,seoul,1,0,0,0,8,0,0,15,0,0,completed
12898,U2899,2025-12-18 16:59:00,2025-12-18 17:04:00,F,30~39,office,seoul,0,0,0,0,21,0,0,47,0,0,completed
12899,U2900,2025-09-23 16:25:00,2025-09-23 16:32:00,M,40~49,office,seoul,0,0,0,0,20,0,0,46,0,0,completed
12900,U2901,2025-04-09 22:54:00,2025-04-09 23:00:00,M,20~29,office,seoul,0,0,0,0,19,0,0,51,0,0,completed
12901,U2902,2025-05-19 13:40:00,2025-05-19 13:43:00,M,30~39,office,seoul,0,0,0,0,28,0,0,77,0,0,completed
12902,U2903,2025-03-01 16:35:00,2025-03-01 16:40:00,F,40~49,office,seoul,1,0,0,0,23,0,0,28,0,0,completed
12903,U2904,2025-07-19 09:57:00,2025-07-19 10:01:00,M,40~49,office,seoul,1,0,0,0,6,0,0,45,0,0,completed
12904,U2905,2025-05-28 14:33:00,2025-05-28 14:40:00,M,40~49,office,seoul,0,0,0,0,22,0,0,73,0,0,completed
12905,U2906,2025-08-26 09:16:00,2025-08-26 09:20:00,M,30~39,office,seoul,0,0,0,0,21,0,0,50,0,0,completed
12906,U2907,2025-04-27 18:29:00,2025-04-27 18:36:00,M,20~29,office,seoul,1,0,0,0,7,0,0,53,0,0,completed
12907,U2908,2025-03-08 12:16:00,2025-03-08 12:21:00,M,20~29,office,seoul,1,0,0,0,9,0,0,20,1,0,completed
12908,U2909,2025-04-14 17:09:00,2025-04-14 17:12:00,F,20~29,office,seoul,0,0,0,0,2,0,0,52,0,0,completed
12909,U2910,2025-09-20 20:11:00,2025-09-20 20:16:00,M,40~49,office,seoul,1,0,0,0,18,0,0,15,0,0,completed
12910,U2911,2025-10-13 18:07:00,2025-10-13 18:12:00,F,40~49,office,seoul,0,0,0,0,11,0,0,79,0,0,completed
12911,U2912,2025-12-18 16:59:00,2025-12-18 17:03:00,M,50+,office,seoul,0,0,0,0,18,0,0,60,1,0,completed
12912,U2913,2025-10-08 13:28:00,2025-10-08 13:30:00,F,50+,office,seoul,0,0,0,0,26,0,0,59,0,0,completed
12913,U2914,2025-08-28 22:16:00,2025-08-28 22:18:00,F,30~39,office,seoul,0,0,0,0,0,0,0,23,0,0,completed
12914,U2915,2025-08-17 07:03:00,2025-08-17 07:06:00,F,20~29,office,seoul,1,0,0,0,23,0,0,13,0,1,abandoned
12915,U2916,2025-10-04 14:42:00,2025-10-04 14:44:00,M,30~39,office,seoul,1,0,0,0,9,0,0,15,0,0,completed
12916,U2917,2025-06-03 09:19:00,2025-06-03 09:25:00,F,50+,office,seoul,0,0,0,0,29,0,0,55,1,0,completed
12917,U2918,2025-01-29 09:30:00,2025-01-29 09:36:00,F,40~49,office,seoul,0,0,0,0,19,0,0,41,0,0,completed
12918,U2919,2025-07-14 09:15:00,2025-07-14 09:18:00,M,30~39,office,seoul,0,0,0,0,25,0,0,51,0,0,completed
12919,U2920,2025-09-09 08:48:00,2025-09-09 08:54:00,M,30~39,office,seoul,0,0,0,0,16,0,0,55,0,0,completed
12920,U2921,2025-11-06 13:45:00,2025-11-06 13:51:00,F,30~39,office,seoul,0,0,0,0,23,0,0,37,0,0,completed
12921,U2922,2025-03-19 07:16:00,2025-03-19 07:23:00,F,20~29,office,seoul,0,0,0,0,24,0,0,79,0,0,completed
12922,U2923,2025-12-16 16:54:00,2025-12-16 16:56:00,M,30~39,office,seoul,0,0,0,0,13,0,0,16,0,0,completed
12923,U2924,2025-03-08 13:50:00,2025-03-08 13:54:00,F,30~39,office,seoul,1,0,0,0,16,0,0,37,0,0,completed
12924,U2925,2025-12-29 12:54:00,2025-12-29 12:56:00,F,30~39,office,seoul,0,0,0,0,25,0,0,27,0,0,completed
12925,U2926,2025-04-20 20:10:00,2025-04-20 20:17:00,F,30~39,office,seoul,1,0,0,0,9,0,0,11,0,0,timeout
12926,U2927,2025-05-25 17:19:00,2025-05-25 17:25:00,F,30~39,office,seoul,1,0,0,0,14,0,0,10,0,0,completed
12927,U2928,2025-12-28 07:11:00,2025-12-28 07:17:00,M,30~39,office,seoul,1,0,0,0,26,0,0,72,1,0,completed
12928,U2929,2025-02-26 22:21:00,2025-02-26 22:24:00,M,30~39,office,seoul,0,0,0,0,26,0,0,24,1,0,completed
12929,U2930,2025-03-20 18:09:00,2025-03-20 18:14:00,M,20~29,office,seoul,0,0,0,0,23,0,0,49,0,0,abandoned
12930,U2931,2025-09-07 08:09:00,2025-09-07 08:11:00,M,20~29,office,seoul,1,0,0,0,12,0,0,56,0,0,completed
12931,U2932,2025-04-26 19:17:00,2025-04-26 19:23:00,F,30~39,office,seoul,1,0,0,0,4,0,0,41,0,0,completed
12932,U2933,2025-05-17 13:40:00,2025-05-17 13:47:00,F,40~49,office,seoul,1,0,0,0,22,0,0,26,0,0,abandoned
12933,U2934,2025-03-16 15:27:00,2025-03-16 15:32:00,F,50+,office,seoul,1,0,0,0,2,0,0,13,0,0,completed
12934,U2935,2025-02-16 17:33:00,2025-02-16 17:36:00,F,20~29,office,seoul,1,0,0,0,6,0,0,78,0,0,completed
12935,U2936,2025-01-03 16:26:00,2025-01-03 16:31:00,M,30~39,office,seoul,0,0,0,0,10,0,0,28,1,0,completed
12936,U2937,2025-12-12 19:52:00,2025-12-12 19:56:00,M,20~29,office,seoul,0,0,0,0,27,0,0,58,0,0,completed
12937,U2938,2025-06-22 09:17:00,2025-06-22 09:22:00,M,20~29,office,seoul,1,0,0,0,18,0,0,67,0,0,completed
12938,U2939,2025-08-14 08:34:00,2025-08-14 08:41:00,M,50+,office,seoul,0,0,0,0,6,0,0,21,0,0,completed
12939,U2940,2025-11-16 18:15:00,2025-11-16 18:19:00,M,40~49,office,seoul,1,0,0,0,3,0,0,75,0,0,completed
12940,U2941,2025-02-13 14:39:00,2025-02-13 14:44:00,F,30~39,office,seoul,0,0,0,0,1,0,0,59,0,0,completed
12941,U2942,2025-11-11 12:36:00,2025-11-11 12:41:00,M,20~29,office,seoul,0,0,0,0,21,0,0,69,0,0,abandoned
12942,U2943,2025-02-24 11:27:00,2025-02-24 11:34:00,F,40~49,office,seoul,0,0,0,0,29,0,0,40,0,0,completed
12943,U2944,2025-03-28 09:45:00,2025-03-28 09:52:00,M,20~29,office,seoul,0,0,0,0,16,0,0,57,0,0,completed
12944,U2945,2025-08-19 09:41:00,2025-08-19 09:48:00,F,40~49,office,seoul,0,0,0,0,19,0,0,51,0,0,completed
12945,U2946,2025-10-22 13:40:00,2025-10-22 13:46:00,F,30~39,office,seoul,0,0,0,0,8,0,0,67,0,0,completed
12946,U2947,2025-08-06 08:37:00,2025-08-06 08:42:00,M,50+,office,seoul,0,0,0,0,2,0,0,35,0,0,error
12947,U2948,2025-07-13 12:22:00,2025-07-13 12:24:00,F,30~39,office,seoul,1,0,0,0,7,0,0,54,0,0,completed
12948,U2949,2025-11-21 08:50:00,2025-11-21 08:54:00,M,20~29,office,seoul,0,0,0,0,0,0,0,56,0,0,completed
12949,U2950,2025-01-08 15:45:00,2025-01-08 15:49:00,M,20~29,office,seoul,0,0,0,0,4,0,0,74,0,0,completed
12950,U2951,2025-04-02 08:16:00,2025-04-02 08:19:00,M,40~49,office,seoul,0,0,0,0,6,0,0,23,0,0,completed
12951,U2952,2025-09-05 17:46:00,2025-09-05 17:51:00,F,20~29,office,seoul,0,0,0,0,21,0,0,36,0,0,completed
12952,U2953,2025-10-11 13:17:00,2025-10-11 13:19:00,F,20~29,office,seoul,1,0,0,0,18,0,0,23,0,0,completed
12953,U2954,2025-12-24 17:59:00,2025-12-24 18:04:00,F,30~39,office,seoul,0,0,0,0,20,0,0,40,0,0,abandoned
12954,U2955,2025-10-24 09:51:00,2025-10-24 09:56:00,F,40~49,office,seoul,0,0,0,0,23,0,0,36,0,1,completed
12955,U2956,2025-03-26 17:36:00,2025-03-26 17:38:00,M,30~39,office,seoul,0,0,0,0,26,0,0,41,1,0,completed
12956,U2957,2025-10-04 07:18:00,2025-10-04 07:23:00,F,30~39,office,seoul,1,0,0,0,26,0,0,23,0,0,completed
12957,U2958,2025-08-31 15:49:00,2025-08-31 15:51:00,M,50+,office,seoul,1,0,0,0,12,0,0,25,1,0,completed
12958,U2959,2025-06-26 12:05:00,2025-06-26 12:10:00,F,30~39,office,seoul,0,0,0,0,6,0,0,45,0,0,completed
12959,U2960,2025-11-27 16:07:00,2025-11-27 16:10:00,M,40~49,office,seoul,0,0,0,0,14,0,0,63,0,0,completed
12960,U2961,2025-09-13 17:55:00,2025-09-13 18:01:00,F,20~29,office,seoul,1,0,0,0,9,0,0,38,0,0,completed
12961,U2962,2025-10-06 07:10:00,2025-10-06 07:14:00,M,50+,office,seoul,0,0,0,0,10,0,0,41,0,0,completed
12962,U2963,2025-03-11 17:55:00,2025-03-11 17:57:00,F,40~49,office,seoul,0,0,0,0,10,0,0,71,0,0,completed
12963,U2964,2025-01-02 16:46:00,2025-01-02 16:52:00,F,20~29,office,seoul,0,0,0,0,28,0,0,44,0,0,completed
12964,U2965,2025-06-03 20:30:00,2025-06-03 20:35:00,M,40~49,office,seoul,0,0,0,0,11,0,0,32,0,0,completed
12965,U2966,2025-12-25 19:25:00,2025-12-25 19:27:00,F,20~29,office,seoul,0,0,0,0,1,0,0,33,0,0,completed
12966,U2967,2025-08-23 13:15:00,2025-08-23 13:22:00,F,30~39,office,seoul,1,0,0,0,1,0,0,34,0,0,completed
12967,U2968,2025-10-16 07:14:00,2025-10-16 07:18:00,M,40~49,office,seoul,0,0,0,0,20,0,0,58,0,1,completed
12968,U2969,2025-12-14 16:54:00,2025-12-14 17:01:00,M,30~39,office,seoul,1,0,0,0,7,0,0,69,0,0,completed
12969,U2970,2025-11-17 12:30:00,2025-11-17 12:35:00,M,20~29,office,seoul,0,0,0,0,2,0,0,39,0,0,completed
12970,U2971,2025-02-27 13:53:00,2025-02-27 13:56:00,M,40~49,office,seoul,0,0,0,0,23,0,0,77,0,0,completed
12971,U2972,2025-06-23 20:52:00,2025-06-23 20:55:00,M,40~49,office,seoul,0,0,0,0,2,0,0,51,0,0,completed
12972,U2973,2025-06-17 14:14:00,2025-06-17 14:19:00,M,40~49,office,seoul,0,0,0,0,11,0,0,57,0,0,completed
12973,U2974,2025-01-22 19:18:00,2025-01-22 19:21:00,F,30~39,office,seoul,0,0,0,0,20,0,0,77,0,0,completed
12974,U2975,2025-08-06 19:33:00,2025-08-06 19:39:00,M,50+,office,seoul,0,0,0,0,19,0,0,40,0,0,completed
12975,U2976,2025-02-24 17:06:00,2025-02-24 17:08:00,F,40~49,office,seoul,0,0,0,0,22,0,0,11,0,0,completed
12976,U2977,2025-08-14 19:44:00,2025-08-14 19:47:00,F,50+,office,seoul,0,0,0,0,2,0,0,22,0,0,completed
12977,U2978,2025-07-15 09:37:00,2025-07-15 09:41:00,F,50+,office,seoul,0,0,0,0,2,0,0,36,1,0,completed
12978,U2979,2025-03-17 16:35:00,2025-03-17 16:39:00,F,20~29,office,seoul,0,0,0,0,3,0,0,44,0,0,completed
12979,U2980,2025-11-03 22:52:00,2025-11-03 22:59:00,M,20~29,office,seoul,0,0,0,0,4,0,0,23,0,0,completed
12980,U2981,2025-07-10 11:21:00,2025-07-10 11:24:00,F,40~49,office,seoul,0,0,0,0,18,0,0,61,0,0,completed
12981,U2982,2025-09-29 14:52:00,2025-09-29 14:56:00,M,40~49,office,seoul,0,0,0,0,17,0,0,54,0,0,error
12982,U2983,2025-12-07 15:51:00,2025-12-07 15:54:00,M,30~39,office,seoul,1,0,0,0,28,0,0,51,0,0,completed
12983,U2984,2025-05-24 08:38:00,2025-05-24 08:41:00,M,50+,office,seoul,1,0,0,0,6,0,0,10,0,0,completed
12984,U2985,2025-09-23 08:46:00,2025-09-23 08:51:00,F,50+,office,seoul,0,0,0,0,17,0,0,43,0,0,completed
12985,U2986,2025-01-01 18:13:00,2025-01-01 18:18:00,M,40~49,office,seoul,0,0,0,0,25,0,0,39,0,0,completed
12986,U2987,2025-12-12 12:58:00,2025-12-12 13:00:00,M,20~29,office,seoul,0,0,0,0,27,0,0,79,0,0,completed
12987,U2988,2025-05-10 17:05:00,2025-05-10 17:11:00,F,50+,office,seoul,1,0,0,0,7,0,0,16,0,0,completed
12988,U2989,2025-03-09 07:27:00,2025-03-09 07:32:00,F,30~39,office,seoul,1,0,0,0,12,0,0,72,0,0,completed
12989,U2990,2025-09-12 19:30:00,2025-09-12 19:35:00,F,30~39,office,seoul,0,0,0,0,0,0,0,50,0,0,completed
12990,U2991,2025-02-04 17:24:00,2025-02-04 17:26:00,F,20~29,office,seoul,0,0,0,0,23,0,0,33,0,0,completed
12991,U2992,2025-06-25 12:30:00,2025-06-25 12:34:00,F,40~49,office,seoul,0,0,0,0,4,0,0,19,0,0,completed
12992,U2993,2025-07-14 18:54:00,2025-07-14 19:01:00,M,40~49,office,seoul,0,0,0,0,28,0,0,47,0,0,completed
12993,U2994,2025-03-06 14:59:00,2025-03-06 15:03:00,M,50+,office,seoul,0,0,0,0,17,0,0,68,0,0,completed
12994,U2995,2025-05-09 09:47:00,2025-05-09 09:49:00,M,40~49,office,seoul,0,0,0,0,4,0,0,31,0,0,completed
12995,U2996,2025-12-26 09:40:00,2025-12-26 09:47:00,F,20~29,office,seoul,0,0,0,0,22,0,0,70,0,0,completed
12996,U2997,2025-10-25 13:21:00,2025-10-25 13:24:00,F,20~29,office,seoul,1,0,0,0,8,0,0,11,0,0,completed
12997,U2998,2025-12-10 18:28:00,2025-12-10 18:31:00,M,20~29,office,seoul,0,0,0,0,14,0,0,59,0,0,completed
12998,U2999,2025-06-22 17:15:00,2025-06-22 17:17:00,M,50+,office,seoul,1,0,0,0,7,0,0,67,1,0,completed
12999,U3000,2025-07-16 09:49:00,2025-07-16 09:52:00,F,30~39,office,seoul,0,0,0,0,22,0,0,67,0,0,completed
13000,U3001,2025-10-28 07:22:00,2025-10-28 07:27:00,M,20~29,office,seoul,0,0,0,0,5,0,0,21,0,0,completed
13001,U3002,2025-06-16 13:24:00,2025-06-16 13:28:00,M,30~39,office,seoul,0,0,0,0,3,0,0,70,0,0,completed
13002,U3003,2025-04-19 19:16:00,2025-04-19 19:19:00,F,40~49,office,seoul,1,0,0,0,2,0,0,21,0,0,completed
13003,U3004,2025-08-12 13:05:00,2025-08-12 13:08:00,F,30~39,office,seoul,0,0,0,0,12,0,0,43,0,0,completed
13004,U3005,2025-06-12 16:15:00,2025-06-12 16:22:00,F,40~49,office,seoul,0,0,0,0,11,0,0,23,0,0,completed
13005,U3006,2025-01-14 18:36:00,2025-01-14 18:43:00,M,50+,office,seoul,0,0,0,0,10,0,0,19,0,0,completed
13006,U3007,2025-12-10 12:58:00,2025-12-10 13:02:00,F,40~49,office,seoul,0,0,0,0,5,0,0,36,0,0,completed
13007,U3008,2025-11-20 13:03:00,2025-11-20 13:05:00,M,20~29,office,seoul,0,0,0,0,25,0,0,53,0,0,completed
13008,U3009,2025-08-22 12:48:00,2025-08-22 12:55:00,F,30~39,office,seoul,0,0,0,0,29,0,0,50,0,0,completed
13009,U3010,2025-06-01 18:12:00,2025-06-01 18:14:00,M,20~29,office,seoul,1,0,0,0,14,0,0,40,0,0,completed
13010,U3011,2025-08-17 08:49:00,2025-08-17 08:54:00,F,20~29,office,seoul,1,0,0,0,15,0,0,58,0,0,completed
13011,U3012,2025-07-05 15:55:00,2025-07-05 16:01:00,M,40~49,office,seoul,1,0,0,0,13,0,0,61,0,0,completed
13012,U3013,2025-07-25 12:26:00,2025-07-25 12:33:00,M,30~39,office,seoul,0,0,0,0,27,0,0,71,0,0,completed
13013,U3014,2025-10-07 12:46:00,2025-10-07 12:53:00,M,40~49,office,seoul,0,0,0,0,23,0,0,50,1,0,error
13014,U3015,2025-04-12 15:30:00,2025-04-12 15:35:00,F,20~29,office,seoul,1,0,0,0,3,0,0,54,0,0,completed
13015,U3016,2025-08-03 18:42:00,2025-08-03 18:49:00,F,30~39,office,seoul,1,0,0,0,13,0,0,26,0,0,completed
13016,U3017,2025-11-25 09:59:00,2025-11-25 10:02:00,M,40~49,office,seoul,0,0,0,0,0,0,0,74,0,0,completed
13017,U3018,2025-09-24 21:27:00,2025-09-24 21:29:00,M,20~29,office,seoul,0,0,0,0,8,0,0,45,0,0,completed
13018,U3019,2025-08-07 16:13:00,2025-08-07 16:19:00,M,20~29,office,seoul,0,0,0,0,1,0,0,45,0,0,completed
13019,U3020,2025-06-05 15:05:00,2025-06-05 15:08:00,M,40~49,office,seoul,0,0,0,0,19,0,0,64,0,0,completed
13020,U3021,2025-08-10 16:58:00,2025-08-10 17:05:00,F,20~29,office,seoul,1,0,0,0,14,0,0,44,0,0,completed
13021,U3022,2025-05-01 11:07:00,2025-05-01 11:11:00,F,50+,office,seoul,0,0,0,0,12,0,0,78,0,0,completed
13022,U3023,2025-03-28 15:31:00,2025-03-28 15:33:00,F,30~39,office,seoul,0,0,0,0,3,0,0,42,0,0,timeout
13023,U3024,2025-05-11 19:06:00,2025-05-11 19:09:00,F,20~29,office,seoul,1,0,0,0,14,0,0,62,0,0,completed
13024,U3025,2025-07-09 11:31:00,2025-07-09 11:36:00,F,30~39,office,seoul,0,0,0,0,6,0,0,18,0,0,completed
13025,U3026,2025-11-23 22:37:00,2025-11-23 22:41:00,M,50+,office,seoul,1,0,0,0,19,0,0,34,0,0,completed
13026,U3027,2025-03-07 18:08:00,2025-03-07 18:14:00,F,20~29,office,seoul,0,0,0,0,9,0,0,25,0,0,completed
13027,U3028,2025-04-02 21:25:00,2025-04-02 21:32:00,F,20~29,office,seoul,0,0,0,0,25,0,0,27,0,0,completed
13028,U3029,2025-03-20 09:45:00,2025-03-20 09:48:00,M,30~39,office,seoul,0,0,0,0,14,0,0,75,0,0,completed
13029,U3030,2025-05-06 14:31:00,2025-05-06 14:38:00,F,40~49,office,seoul,0,0,0,0,21,0,0,53,0,0,completed
13030,U3031,2025-02-19 08:51:00,2025-02-19 08:58:00,F,20~29,office,seoul,0,0,0,0,1,0,0,58,0,0,completed
13031,U3032,2025-01-21 13:45:00,2025-01-21 13:51:00,M,20~29,office,seoul,0,0,0,0,20,0,0,32,0,0,completed
13032,U3033,2025-10-30 09:20:00,2025-10-30 09:23:00,M,40~49,office,seoul,0,0,0,0,2,0,0,18,0,0,completed
13033,U3034,2025-04-15 22:19:00,2025-04-15 22:21:00,F,50+,office,seoul,0,0,0,0,7,0,0,78,0,0,completed
13034,U3035,2025-06-25 13:15:00,2025-06-25 13:17:00,F,30~39,office,seoul,0,0,0,0,18,0,0,28,0,0,completed
13035,U3036,2025-02-26 15:00:00,2025-02-26 15:03:00,F,20~29,office,seoul,0,0,0,0,10,0,0,71,0,0,completed
13036,U3037,2025-09-03 11:45:00,2025-09-03 11:47:00,M,50+,office,seoul,0,0,0,0,7,0,0,45,0,0,completed
13037,U3038,2025-08-03 07:45:00,2025-08-03 07:48:00,F,20~29,office,seoul,1,0,0,0,11,0,0,65,1,0,abandoned
13038,U3039,2025-12-03 11:19:00,2025-12-03 11:24:00,F,40~49,office,seoul,0,0,0,0,19,0,0,79,0,0,abandoned
13039,U3040,2025-06-04 16:10:00,2025-06-04 16:14:00,F,40~49,office,seoul,0,0,0,0,24,0,0,55,0,0,completed
13040,U3041,2025-04-16 14:40:00,2025-04-16 14:43:00,M,20~29,office,seoul,0,0,0,0,15,0,0,15,0,0,completed
13041,U3042,2025-12-21 07:29:00,2025-12-21 07:36:00,F,20~29,office,seoul,1,0,0,0,26,0,0,59,0,0,completed
13042,U3043,2025-02-04 08:11:00,2025-02-04 08:15:00,F,30~39,office,seoul,0,0,0,0,5,0,0,59,0,0,completed
13043,U3044,2025-01-14 20:17:00,2025-01-14 20:23:00,F,40~49,office,seoul,0,0,0,0,16,0,0,71,0,0,abandoned
13044,U3045,2025-07-17 14:04:00,2025-07-17 14:08:00,F,20~29,office,seoul,0,0,0,0,18,0,0,77,0,0,completed
13045,U3046,2025-02-20 08:02:00,2025-02-20 08:04:00,F,20~29,office,seoul,0,0,0,0,17,0,0,50,0,0,completed
13046,U3047,2025-11-06 15:58:00,2025-11-06 16:01:00,M,40~49,office,seoul,0,0,0,0,29,0,0,76,0,0,completed
13047,U3048,2025-07-28 11:40:00,2025-07-28 11:45:00,M,20~29,office,seoul,0,0,0,0,27,0,0,59,0,0,abandoned
13048,U3049,2025-01-06 13:34:00,2025-01-06 13:41:00,F,30~39,office,seoul,0,0,0,0,7,0,0,63,0,0,completed
13049,U3050,2025-10-14 12:48:00,2025-10-14 12:53:00,M,20~29,office,seoul,0,0,0,0,3,0,0,66,0,0,abandoned
13050,U3051,2025-05-23 14:15:00,2025-05-23 14:18:00,M,30~39,office,seoul,0,0,0,0,20,0,0,16,0,0,completed
13051,U3052,2025-08-05 14:08:00,2025-08-05 14:10:00,M,20~29,office,seoul,0,0,0,0,14,0,0,14,0,0,completed
13052,U3053,2025-11-17 16:48:00,2025-11-17 16:50:00,F,30~39,office,seoul,0,0,0,0,4,0,0,74,0,0,completed
13053,U3054,2025-07-16 07:31:00,2025-07-16 07:36:00,F,30~39,office,seoul,0,0,0,0,6,0,0,76,0,0,completed
13054,U3055,2025-07-18 15:20:00,2025-07-18 15:27:00,M,40~49,office,seoul,0,0,0,0,17,0,0,22,0,0,completed
13055,U3056,2025-10-12 07:20:00,2025-10-12 07:27:00,F,40~49,office,seoul,1,0,0,0,15,0,0,42,0,0,completed
13056,U3057,2025-06-29 09:13:00,2025-06-29 09:19:00,M,30~39,office,seoul,1,0,0,0,17,0,0,30,0,0,completed
13057,U3058,2025-05-06 13:09:00,2025-05-06 13:13:00,F,40~49,office,seoul,0,0,0,0,16,0,0,78,0,0,completed
13058,U3059,2025-04-06 12:39:00,2025-04-06 12:42:00,F,50+,office,seoul,1,0,0,0,14,0,0,19,0,0,completed
13059,U3060,2025-01-08 16:03:00,2025-01-08 16:05:00,M,20~29,office,seoul,0,0,0,0,26,0,0,10,0,0,completed
13060,U3061,2025-04-16 07:54:00,2025-04-16 08:01:00,F,20~29,office,seoul,0,0,0,0,16,0,0,54,0,0,completed
13061,U3062,2025-12-13 17:26:00,2025-12-13 17:29:00,M,30~39,office,seoul,1,0,0,0,7,0,0,23,0,0,completed
13062,U3063,2025-02-28 16:05:00,2025-02-28 16:12:00,F,30~39,office,seoul,0,0,0,0,14,0,0,64,0,0,abandoned
13063,U3064,2025-03-20 18:19:00,2025-03-20 18:25:00,F,50+,office,seoul,0,0,0,0,26,0,0,30,0,0,completed
13064,U3065,2025-09-18 08:13:00,2025-09-18 08:19:00,F,40~49,office,seoul,0,0,0,0,12,0,0,46,0,0,completed
13065,U3066,2025-02-16 08:54:00,2025-02-16 08:57:00,F,30~39,office,seoul,1,0,0,0,5,0,0,11,0,0,completed
13066,U3067,2025-05-11 09:09:00,2025-05-11 09:15:00,F,30~39,office,seoul,1,0,0,0,4,0,0,69,0,0,completed
13067,U3068,2025-08-28 12:30:00,2025-08-28 12:33:00,F,20~29,office,seoul,0,0,0,0,2,0,0,13,0,0,completed
13068,U3069,2025-04-22 09:20:00,2025-04-22 09:25:00,M,30~39,office,seoul,0,0,0,0,0,0,0,34,0,0,completed
13069,U3070,2025-12-02 11:13:00,2025-12-02 11:19:00,M,50+,office,seoul,0,0,0,0,23,0,0,45,0,1,timeout
13070,U3071,2025-02-05 07:09:00,2025-02-05 07:15:00,M,20~29,office,seoul,0,0,0,0,25,0,0,34,0,0,completed
13071,U3072,2025-09-30 15:40:00,2025-09-30 15:43:00,M,30~39,office,seoul,0,0,0,0,25,0,0,20,0,0,completed
13072,U3073,2025-03-29 12:10:00,2025-03-29 12:15:00,F,50+,office,seoul,1,0,0,0,25,0,0,14,0,0,completed
13073,U3074,2025-09-28 17:50:00,2025-09-28 17:56:00,M,20~29,office,seoul,1,0,0,0,17,0,0,11,0,0,completed
13074,U3075,2025-08-03 12:09:00,2025-08-03 12:13:00,F,20~29,office,seoul,1,0,0,0,22,0,0,42,0,0,completed
13075,U3076,2025-11-05 13:41:00,2025-11-05 13:44:00,M,40~49,office,seoul,0,0,0,0,10,0,0,38,0,0,completed
13076,U3077,2025-05-28 09:21:00,2025-05-28 09:24:00,F,40~49,office,seoul,0,0,0,0,25,0,0,34,0,0,completed
13077,U3078,2025-12-04 15:28:00,2025-12-04 15:31:00,M,50+,office,seoul,0,0,0,0,12,0,0,14,0,0,completed
13078,U3079,2025-12-13 13:36:00,2025-12-13 13:38:00,M,30~39,office,seoul,1,0,0,0,10,0,0,71,0,0,completed
13079,U3080,2025-07-07 17:44:00,2025-07-07 17:50:00,F,30~39,office,seoul,0,0,0,0,23,0,0,47,0,0,completed
13080,U3081,2025-03-20 09:50:00,2025-03-20 09:57:00,M,20~29,office,seoul,0,0,0,0,24,0,0,28,0,0,completed
13081,U3082,2025-04-04 20:28:00,2025-04-04 20:32:00,M,30~39,office,seoul,0,0,0,0,24,0,0,21,0,0,completed
13082,U3083,2025-02-11 14:24:00,2025-02-11 14:26:00,F,30~39,office,seoul,0,0,0,0,13,0,0,23,0,0,completed
13083,U3084,2025-05-10 16:20:00,2025-05-10 16:27:00,M,40~49,office,seoul,1,0,0,0,16,0,0,63,0,0,abandoned
13084,U3085,2025-04-09 09:02:00,2025-04-09 09:06:00,F,50+,office,seoul,0,0,0,0,8,0,0,75,0,0,completed
13085,U3086,2025-06-18 13:43:00,2025-06-18 13:45:00,M,20~29,office,seoul,0,0,0,0,14,0,0,69,0,0,completed
13086,U3087,2025-11-15 12:50:00,2025-11-15 12:56:00,F,40~49,office,seoul,1,0,0,0,4,0,0,39,0,0,completed
13087,U3088,2025-05-11 12:59:00,2025-05-11 13:02:00,M,40~49,office,seoul,1,0,0,0,24,0,0,13,0,0,completed
13088,U3089,2025-10-02 09:35:00,2025-10-02 09:40:00,M,50+,office,seoul,0,0,0,0,19,0,0,23,0,0,completed
13089,U3090,2025-02-24 08:36:00,2025-02-24 08:43:00,F,30~39,office,seoul,0,0,0,0,7,0,0,34,0,0,completed
13090,U3091,2025-10-10 16:30:00,2025-10-10 16:34:00,M,40~49,office,seoul,0,0,0,0,23,0,0,16,0,0,completed
13091,U3092,2025-05-13 16:05:00,2025-05-13 16:11:00,M,20~29,office,seoul,0,0,0,0,14,0,0,41,0,0,abandoned
13092,U3093,2025-04-16 11:31:00,2025-04-16 11:33:00,F,40~49,office,seoul,0,0,0,0,7,0,0,35,0,0,completed
13093,U3094,2025-01-14 21:04:00,2025-01-14 21:10:00,M,30~39,office,seoul,0,0,0,0,0,0,0,48,0,0,completed
13094,U3095,2025-03-14 17:53:00,2025-03-14 17:56:00,F,20~29,office,seoul,0,0,0,0,12,0,0,53,0,0,abandoned
13095,U3096,2025-06-13 15:20:00,2025-06-13 15:26:00,F,50+,office,seoul,0,0,0,0,10,0,0,65,0,1,completed
13096,U3097,2025-02-16 12:18:00,2025-02-16 12:21:00,F,50+,office,seoul,1,0,0,0,11,0,0,42,0,0,completed
13097,U3098,2025-02-20 11:11:00,2025-02-20 11:13:00,F,20~29,office,seoul,0,0,0,0,26,0,0,62,0,0,completed
13098,U3099,2025-10-14 13:11:00,2025-10-14 13:15:00,F,40~49,office,seoul,0,0,0,0,29,0,0,47,0,0,abandoned
13099,U3100,2025-11-04 18:30:00,2025-11-04 18:34:00,F,30~39,office,seoul,0,0,0,0,10,0,0,68,1,0,completed
13100,U3101,2025-02-15 11:13:00,2025-02-15 11:17:00,F,20~29,office,seoul,1,0,0,0,25,0,0,36,0,0,completed
13101,U3102,2025-08-12 15:26:00,2025-08-12 15:33:00,F,30~39,office,seoul,0,0,0,0,24,0,0,78,0,0,completed
13102,U3103,2025-07-19 14:04:00,2025-07-19 14:07:00,F,30~39,office,seoul,1,0,0,0,9,0,0,30,0,0,completed
13103,U3104,2025-09-09 14:43:00,2025-09-09 14:47:00,F,30~39,office,seoul,0,0,0,0,18,0,0,16,0,0,completed
13104,U3105,2025-11-09 15:16:00,2025-11-09 15:21:00,M,20~29,office,seoul,1,0,0,0,27,0,0,26,0,0,completed
13105,U3106,2025-05-13 15:19:00,2025-05-13 15:24:00,F,20~29,office,seoul,0,0,0,0,29,0,0,23,0,0,completed
13106,U3107,2025-12-24 07:38:00,2025-12-24 07:43:00,F,30~39,office,seoul,0,0,0,0,0,0,0,74,0,0,completed
13107,U3108,2025-11-17 09:27:00,2025-11-17 09:34:00,M,20~29,office,seoul,0,0,0,0,3,0,0,63,0,0,completed
13108,U3109,2025-09-05 07:42:00,2025-09-05 07:45:00,F,20~29,office,seoul,0,0,0,0,11,0,0,12,0,0,completed
13109,U3110,2025-01-24 14:08:00,2025-01-24 14:11:00,F,30~39,office,seoul,0,0,0,0,24,0,0,38,0,0,completed
13110,U3111,2025-04-19 13:07:00,2025-04-19 13:12:00,M,20~29,office,seoul,1,0,0,0,20,0,0,52,0,0,abandoned
13111,U3112,2025-01-24 14:38:00,2025-01-24 14:42:00,F,30~39,office,seoul,0,0,0,0,4,0,0,27,0,0,timeout
13112,U3113,2025-07-22 17:43:00,2025-07-22 17:49:00,M,20~29,office,seoul,0,0,0,0,8,0,0,46,0,0,completed
13113,U3114,2025-01-04 12:03:00,2025-01-04 12:05:00,M,20~29,office,seoul,1,0,0,0,4,0,0,58,0,0,completed
13114,U3115,2025-12-16 16:49:00,2025-12-16 16:51:00,M,20~29,office,seoul,0,0,0,0,1,0,0,38,0,0,completed
13115,U3116,2025-01-03 16:41:00,2025-01-03 16:48:00,M,20~29,office,seoul,0,0,0,0,8,0,0,48,0,0,completed
13116,U3117,2025-10-04 12:18:00,2025-10-04 12:20:00,M,20~29,office,seoul,1,0,0,0,11,0,0,43,0,0,completed
13117,U3118,2025-06-22 13:51:00,2025-06-22 13:55:00,F,20~29,office,seoul,1,0,0,0,9,0,0,14,0,0,completed
13118,U3119,2025-02-09 14:58:00,2025-02-09 15:02:00,F,40~49,office,seoul,1,0,0,0,9,0,0,57,0,0,abandoned
13119,U3120,2025-09-29 18:48:00,2025-09-29 18:55:00,F,50+,office,seoul,0,0,0,0,28,0,0,36,0,0,completed
13120,U3121,2025-10-14 17:56:00,2025-10-14 18:00:00,F,50+,office,seoul,0,0,0,0,26,0,0,47,0,0,completed
13121,U3122,2025-08-16 13:15:00,2025-08-16 13:19:00,F,30~39,office,seoul,1,0,0,0,24,0,0,70,0,0,completed
13122,U3123,2025-12-22 21:57:00,2025-12-22 22:02:00,M,50+,office,seoul,0,0,0,0,29,0,0,29,0,0,timeout
13123,U3124,2025-09-29 08:36:00,2025-09-29 08:40:00,F,50+,office,seoul,0,0,0,0,28,0,0,61,0,0,completed
13124,U3125,2025-09-09 22:43:00,2025-09-09 22:50:00,M,40~49,office,seoul,0,0,0,0,7,0,0,53,0,0,completed
13125,U3126,2025-08-07 17:57:00,2025-08-07 18:02:00,M,50+,office,seoul,0,0,0,0,21,0,0,78,0,1,completed
13126,U3127,2025-03-14 08:04:00,2025-03-14 08:08:00,M,30~39,office,seoul,0,0,0,0,27,0,0,45,0,0,completed
13127,U3128,2025-01-27 07:18:00,2025-01-27 07:20:00,M,30~39,office,seoul,0,0,0,0,12,0,0,74,0,0,completed
13128,U3129,2025-05-23 07:51:00,2025-05-23 07:56:00,F,50+,office,seoul,0,0,0,0,21,0,0,78,0,0,completed
13129,U3130,2025-10-20 12:11:00,2025-10-20 12:17:00,F,30~39,office,seoul,0,0,0,0,27,0,0,59,0,0,completed
13130,U3131,2025-04-04 16:25:00,2025-04-04 16:28:00,M,20~29,office,seoul,0,0,0,0,3,0,0,17,0,0,completed
13131,U3132,2025-09-27 15:37:00,2025-09-27 15:44:00,M,30~39,office,seoul,1,0,0,0,14,0,0,53,0,0,error
13132,U3133,2025-11-15 14:22:00,2025-11-15 14:27:00,M,40~49,office,seoul,1,0,0,0,1,0,0,45,0,0,completed
13133,U3134,2025-09-16 18:37:00,2025-09-16 18:40:00,M,30~39,office,seoul,0,0,0,0,21,0,0,37,0,0,completed
13134,U3135,2025-05-09 13:58:00,2025-05-09 14:05:00,F,50+,office,seoul,0,0,0,0,19,0,0,49,0,0,completed
13135,U3136,2025-03-14 20:03:00,2025-03-14 20:07:00,F,50+,office,seoul,0,0,0,0,3,0,0,26,0,0,abandoned
13136,U3137,2025-01-20 11:46:00,2025-01-20 11:50:00,F,20~29,office,seoul,0,0,0,0,11,0,0,64,0,0,timeout
13137,U3138,2025-09-13 07:14:00,2025-09-13 07:21:00,F,30~39,office,seoul,1,0,0,0,28,0,0,55,0,0,completed
13138,U3139,2025-06-27 12:21:00,2025-06-27 12:24:00,M,50+,office,seoul,0,0,0,0,19,0,0,33,0,0,abandoned
13139,U3140,2025-02-23 14:03:00,2025-02-23 14:05:00,M,30~39,office,seoul,1,0,0,0,6,0,0,77,0,0,completed
13140,U3141,2025-05-29 16:55:00,2025-05-29 17:01:00,M,20~29,office,seoul,0,0,0,0,18,0,0,39,0,0,completed
13141,U3142,2025-07-20 17:28:00,2025-07-20 17:30:00,M,50+,office,seoul,1,0,0,0,19,0,0,38,0,0,abandoned
13142,U3143,2025-04-10 18:50:00,2025-04-10 18:52:00,M,50+,office,seoul,0,0,0,0,15,0,0,60,0,0,completed
13143,U3144,2025-04-15 08:32:00,2025-04-15 08:38:00,F,40~49,office,seoul,0,0,0,0,9,0,0,78,0,0,completed
13144,U3145,2025-08-05 14:55:00,2025-08-05 15:00:00,M,30~39,office,seoul,0,0,0,0,7,0,0,54,0,0,completed
13145,U3146,2025-03-27 15:10:00,2025-03-27 15:14:00,F,20~29,office,seoul,0,0,0,0,18,0,0,79,0,0,completed
13146,U3147,2025-09-21 11:54:00,2025-09-21 11:58:00,M,30~39,office,seoul,1,0,0,0,28,0,0,16,0,0,completed
13147,U3148,2025-08-14 19:55:00,2025-08-14 20:02:00,F,50+,office,seoul,0,0,0,0,18,0,0,71,0,0,completed
13148,U3149,2025-07-03 20:16:00,2025-07-03 20:22:00,F,20~29,office,seoul,0,0,0,0,2,0,0,30,0,0,timeout
13149,U3150,2025-04-07 11:57:00,2025-04-07 12:03:00,F,20~29,office,seoul,0,0,0,0,4,0,0,78,0,0,completed
13150,U3151,2025-01-29 13:54:00,2025-01-29 13:58:00,F,30~39,office,seoul,0,0,0,0,23,0,0,20,0,0,completed
13151,U3152,2025-04-26 16:41:00,2025-04-26 16:48:00,M,20~29,office,seoul,1,0,0,0,27,0,0,53,0,0,completed
13152,U3153,2025-05-04 19:13:00,2025-05-04 19:20:00,M,40~49,office,seoul,1,0,0,0,28,0,0,50,0,0,completed
13153,U3154,2025-08-14 19:56:00,2025-08-14 19:58:00,M,30~39,office,seoul,0,0,0,0,25,0,0,26,0,0,completed
13154,U3155,2025-08-17 16:15:00,2025-08-17 16:22:00,F,20~29,office,seoul,1,0,0,0,24,0,0,26,0,0,completed
13155,U3156,2025-03-26 16:34:00,2025-03-26 16:40:00,M,30~39,office,seoul,0,0,0,0,6,0,0,40,0,0,completed
13156,U3157,2025-03-12 08:46:00,2025-03-12 08:48:00,F,40~49,office,seoul,0,0,0,0,9,0,0,27,0,0,abandoned
13157,U3158,2025-06-06 13:39:00,2025-06-06 13:44:00,F,50+,office,seoul,0,0,0,0,23,0,0,35,0,1,completed
13158,U3159,2025-11-03 18:16:00,2025-11-03 18:18:00,M,40~49,office,seoul,0,0,0,0,8,0,0,55,0,0,completed
13159,U3160,2025-10-25 12:31:00,2025-10-25 12:34:00,F,30~39,office,seoul,1,0,0,0,21,0,0,28,0,0,completed
13160,U3161,2025-03-20 11:41:00,2025-03-20 11:44:00,F,20~29,office,seoul,0,0,0,0,10,0,0,39,0,0,completed
13161,U3162,2025-09-10 17:01:00,2025-09-10 17:04:00,F,30~39,office,seoul,0,0,0,0,23,0,0,45,0,0,error
13162,U3163,2025-11-07 16:48:00,2025-11-07 16:54:00,F,50+,office,seoul,0,0,0,0,1,0,0,74,0,0,completed
13163,U3164,2025-07-19 14:13:00,2025-07-19 14:16:00,M,30~39,office,seoul,1,0,0,0,26,0,0,13,0,0,completed
13164,U3165,2025-02-17 13:03:00,2025-02-17 13:08:00,F,20~29,office,seoul,0,0,0,0,3,0,0,64,0,0,completed
13165,U3166,2025-09-26 12:17:00,2025-09-26 12:23:00,F,30~39,office,seoul,0,0,0,0,8,0,0,75,0,0,completed
13166,U3167,2025-12-24 08:14:00,2025-12-24 08:20:00,F,30~39,office,seoul,0,0,0,0,20,0,0,71,0,0,completed
13167,U3168,2025-11-08 19:00:00,2025-11-08 19:02:00,F,30~39,office,seoul,1,0,0,0,23,0,0,56,0,0,completed
13168,U3169,2025-11-11 11:11:00,2025-11-11 11:13:00,F,50+,office,seoul,0,0,0,0,18,0,0,38,0,0,abandoned
13169,U3170,2025-05-25 15:22:00,2025-05-25 15:25:00,F,30~39,office,seoul,1,0,0,0,7,0,0,76,0,0,completed
13170,U3171,2025-04-07 07:27:00,2025-04-07 07:29:00,M,40~49,office,seoul,0,0,0,0,14,0,0,74,0,0,completed
13171,U3172,2025-05-03 08:56:00,2025-05-03 08:59:00,F,30~39,office,seoul,1,0,0,0,22,0,0,56,0,0,completed
13172,U3173,2025-03-20 11:03:00,2025-03-20 11:09:00,F,30~39,office,seoul,0,0,0,0,25,0,0,10,0,0,completed
13173,U3174,2025-03-12 08:27:00,2025-03-12 08:33:00,F,50+,office,seoul,0,0,0,0,19,0,0,50,0,0,completed
13174,U3175,2025-11-21 15:18:00,2025-11-21 15:24:00,F,30~39,office,seoul,0,0,0,0,5,0,0,36,0,0,completed
13175,U3176,2025-08-19 20:18:00,2025-08-19 20:22:00,M,50+,office,seoul,0,0,0,0,16,0,0,48,0,0,completed
13176,U3177,2025-07-18 12:44:00,2025-07-18 12:46:00,M,20~29,office,seoul,0,0,0,0,29,0,0,77,0,0,completed
13177,U3178,2025-09-16 18:10:00,2025-09-16 18:17:00,M,20~29,office,seoul,0,0,0,0,25,0,0,76,0,0,completed
13178,U3179,2025-02-05 12:51:00,2025-02-05 12:57:00,F,20~29,office,seoul,0,0,0,0,25,0,0,56,0,0,error
13179,U3180,2025-04-29 13:03:00,2025-04-29 13:08:00,F,30~39,office,seoul,0,0,0,0,24,0,0,26,0,0,error
13180,U3181,2025-02-28 11:34:00,2025-02-28 11:38:00,M,20~29,office,seoul,0,0,0,0,9,0,0,25,0,0,completed
13181,U3182,2025-01-05 09:50:00,2025-01-05 09:52:00,M,40~49,office,seoul,1,0,0,0,18,0,0,13,0,0,abandoned
13182,U3183,2025-01-06 07:58:00,2025-01-06 08:03:00,F,30~39,office,seoul,0,0,0,0,3,0,0,49,0,0,completed
13183,U3184,2025-11-12 13:38:00,2025-11-12 13:42:00,F,30~39,office,seoul,0,0,0,0,0,0,0,48,0,0,abandoned
13184,U3185,2025-05-14 12:22:00,2025-05-14 12:24:00,F,40~49,office,seoul,0,0,0,0,5,0,0,18,0,0,completed
13185,U3186,2025-04-02 14:18:00,2025-04-02 14:20:00,F,30~39,office,seoul,0,0,0,0,5,0,0,45,0,1,completed
13186,U3187,2025-12-28 11:54:00,2025-12-28 11:58:00,M,50+,office,seoul,1,0,0,0,23,0,0,27,1,0,timeout
13187,U3188,2025-11-21 07:57:00,2025-11-21 08:00:00,F,30~39,office,seoul,0,0,0,0,13,0,0,62,0,0,completed
13188,U3189,2025-12-20 20:07:00,2025-12-20 20:09:00,F,50+,office,seoul,1,0,0,0,17,0,0,78,0,1,completed
13189,U3190,2025-11-27 17:21:00,2025-11-27 17:24:00,F,40~49,office,seoul,0,0,0,0,12,0,0,69,0,0,completed
13190,U3191,2025-10-23 18:45:00,2025-10-23 18:52:00,M,20~29,office,seoul,0,0,0,0,11,0,0,49,0,0,completed
13191,U3192,2025-08-14 17:49:00,2025-08-14 17:56:00,M,30~39,office,seoul,0,0,0,0,20,0,0,55,0,0,completed
13192,U3193,2025-09-10 17:02:00,2025-09-10 17:04:00,F,30~39,office,seoul,0,0,0,0,11,0,0,10,0,0,timeout
13193,U3194,2025-04-18 19:20:00,2025-04-18 19:24:00,F,50+,office,seoul,0,0,0,0,20,0,0,72,0,0,completed
13194,U3195,2025-05-23 09:42:00,2025-05-23 09:46:00,F,30~39,office,seoul,0,0,0,0,2,0,0,28,0,0,completed
13195,U3196,2025-02-22 14:27:00,2025-02-22 14:34:00,F,50+,office,seoul,1,0,0,0,7,0,0,21,0,0,completed
13196,U3197,2025-12-30 11:02:00,2025-12-30 11:06:00,F,20~29,office,seoul,0,0,0,0,6,0,0,57,0,0,completed
13197,U3198,2025-02-19 11:51:00,2025-02-19 11:55:00,M,20~29,office,seoul,0,0,0,0,10,0,0,42,0,0,completed
13198,U3199,2025-01-04 15:10:00,2025-01-04 15:17:00,F,50+,office,seoul,1,0,0,0,27,0,0,48,1,0,completed
13199,U3200,2025-07-20 11:49:00,2025-07-20 11:52:00,M,30~39,office,seoul,1,0,0,0,28,0,0,20,0,0,completed
13200,U3201,2025-09-16 14:50:00,2025-09-16 14:54:00,F,50+,office,seoul,0,0,0,0,6,0,0,30,0,0,completed
13201,U3202,2025-11-30 18:26:00,2025-11-30 18:29:00,M,30~39,office,seoul,1,0,0,0,22,0,0,48,0,0,completed
13202,U3203,2025-03-09 09:11:00,2025-03-09 09:16:00,F,30~39,office,seoul,1,0,0,0,17,0,0,21,0,0,completed
13203,U3204,2025-08-04 18:57:00,2025-08-04 18:59:00,F,20~29,office,seoul,0,0,0,0,10,0,0,34,0,0,completed
13204,U3205,2025-02-19 12:23:00,2025-02-19 12:25:00,F,50+,office,seoul,0,0,0,0,19,0,0,35,0,0,completed
13205,U3206,2025-09-29 18:17:00,2025-09-29 18:23:00,F,30~39,office,seoul,0,0,0,0,7,0,0,27,0,0,completed
13206,U3207,2025-03-08 11:19:00,2025-03-08 11:22:00,F,20~29,office,seoul,1,0,0,0,8,0,0,23,0,0,timeout
13207,U3208,2025-09-06 18:22:00,2025-09-06 18:24:00,F,30~39,office,seoul,1,0,0,0,2,0,0,62,1,0,completed
13208,U3209,2025-01-17 15:30:00,2025-01-17 15:33:00,F,20~29,office,seoul,0,0,0,0,16,0,0,55,0,0,completed
13209,U3210,2025-08-04 15:56:00,2025-08-04 16:02:00,F,20~29,office,seoul,0,0,0,0,25,0,0,41,0,0,completed
13210,U3211,2025-02-16 21:11:00,2025-02-16 21:13:00,M,30~39,office,seoul,1,0,0,0,19,0,0,76,0,0,completed
13211,U3212,2025-08-09 09:49:00,2025-08-09 09:56:00,M,20~29,office,seoul,1,0,0,0,4,0,0,25,0,0,completed
13212,U3213,2025-04-19 17:17:00,2025-04-19 17:24:00,M,40~49,office,seoul,1,0,0,0,27,0,0,58,0,0,completed
13213,U3214,2025-02-06 13:31:00,2025-02-06 13:36:00,M,40~49,office,seoul,0,0,0,0,18,0,0,51,0,0,completed
13214,U3215,2025-10-05 20:47:00,2025-10-05 20:49:00,F,20~29,office,seoul,1,0,0,0,18,0,0,48,0,0,completed
13215,U3216,2025-09-06 15:35:00,2025-09-06 15:42:00,M,20~29,office,seoul,1,0,0,0,1,0,0,65,0,0,completed
13216,U3217,2025-09-01 07:25:00,2025-09-01 07:32:00,F,30~39,office,seoul,0,0,0,0,27,0,0,70,0,0,completed
13217,U3218,2025-10-20 17:07:00,2025-10-20 17:14:00,M,30~39,office,seoul,0,0,0,0,28,0,0,71,0,0,completed
13218,U3219,2025-11-19 14:48:00,2025-11-19 14:54:00,F,20~29,office,seoul,0,0,0,0,24,0,0,68,0,0,completed
13219,U3220,2025-09-11 13:33:00,2025-09-11 13:37:00,F,30~39,office,seoul,0,0,0,0,16,0,0,38,0,0,completed
13220,U3221,2025-04-04 11:48:00,2025-04-04 11:53:00,M,30~39,office,seoul,0,0,0,0,4,0,0,25,0,0,completed
13221,U3222,2025-06-06 09:56:00,2025-06-06 10:02:00,M,20~29,office,seoul,0,0,0,0,15,0,0,28,0,0,completed
13222,U3223,2025-04-07 18:57:00,2025-04-07 18:59:00,M,30~39,office,seoul,0,0,0,0,2,0,0,11,0,0,completed
13223,U3224,2025-10-20 15:23:00,2025-10-20 15:25:00,F,30~39,office,seoul,0,0,0,0,18,0,0,31,0,0,abandoned
13224,U3225,2025-10-05 16:06:00,2025-10-05 16:11:00,M,20~29,office,seoul,1,0,0,0,0,0,0,44,0,0,completed
13225,U3226,2025-12-10 13:36:00,2025-12-10 13:41:00,M,20~29,office,seoul,0,0,0,0,0,0,0,25,0,0,abandoned
13226,U3227,2025-12-14 07:52:00,2025-12-14 07:58:00,M,50+,office,seoul,1,0,0,0,28,0,0,47,0,0,completed
13227,U3228,2025-06-10 20:36:00,2025-06-10 20:38:00,F,30~39,office,seoul,0,0,0,0,4,0,0,54,0,0,completed
13228,U3229,2025-05-25 14:03:00,2025-05-25 14:07:00,F,20~29,office,seoul,1,0,0,0,6,0,0,71,0,0,completed
13229,U3230,2025-06-01 11:15:00,2025-06-01 11:20:00,M,30~39,office,seoul,1,0,0,0,19,0,0,23,0,0,completed
13230,U3231,2025-10-24 21:01:00,2025-10-24 21:06:00,M,40~49,office,seoul,0,0,0,0,10,0,0,35,0,0,completed
13231,U3232,2025-02-07 08:27:00,2025-02-07 08:31:00,F,20~29,office,seoul,0,0,0,0,11,0,0,15,0,0,completed
13232,U3233,2025-05-01 12:17:00,2025-05-01 12:22:00,F,30~39,office,seoul,0,0,0,0,12,0,0,75,0,0,completed
13233,U3234,2025-06-02 17:54:00,2025-06-02 17:58:00,F,40~49,office,seoul,0,0,0,0,7,0,0,15,0,0,completed
13234,U3235,2025-03-12 19:01:00,2025-03-12 19:03:00,F,20~29,office,seoul,0,0,0,0,11,0,0,67,0,0,completed
13235,U3236,2025-10-17 09:58:00,2025-10-17 10:05:00,F,40~49,office,seoul,0,0,0,0,2,0,0,63,0,0,completed
13236,U3237,2025-08-31 15:31:00,2025-08-31 15:36:00,F,50+,office,seoul,1,0,0,0,25,0,0,29,0,0,completed
13237,U3238,2025-03-20 14:29:00,2025-03-20 14:33:00,F,20~29,office,seoul,0,0,0,0,26,0,0,18,0,0,completed
13238,U3239,2025-02-26 17:16:00,2025-02-26 17:18:00,F,20~29,office,seoul,0,0,0,0,7,0,0,79,0,0,completed
13239,U3240,2025-10-04 20:59:00,2025-10-04 21:03:00,F,40~49,office,seoul,1,0,0,0,10,0,0,30,0,0,completed
13240,U3241,2025-02-20 17:55:00,2025-02-20 17:59:00,F,30~39,office,seoul,0,0,0,0,5,0,0,68,0,0,completed
13241,U3242,2025-11-23 09:06:00,2025-11-23 09:12:00,F,50+,office,seoul,1,0,0,0,15,0,0,16,1,0,abandoned
13242,U3243,2025-10-12 12:25:00,2025-10-12 12:29:00,F,20~29,office,seoul,1,0,0,0,20,0,0,51,0,0,completed
13243,U3244,2025-04-01 20:33:00,2025-04-01 20:35:00,M,20~29,office,seoul,0,0,0,0,20,0,0,17,0,0,completed
13244,U3245,2025-07-08 07:48:00,2025-07-08 07:52:00,F,30~39,office,seoul,0,0,0,0,13,0,0,75,0,0,completed
13245,U3246,2025-11-19 16:54:00,2025-11-19 16:57:00,F,50+,office,seoul,0,0,0,0,5,0,0,42,1,0,completed
13246,U3247,2025-03-19 16:40:00,2025-03-19 16:42:00,F,30~39,office,seoul,0,0,0,0,10,0,0,77,0,0,error
13247,U3248,2025-11-10 19:49:00,2025-11-10 19:54:00,F,30~39,office,seoul,0,0,0,0,27,0,0,76,0,0,completed
13248,U3249,2025-10-07 17:40:00,2025-10-07 17:45:00,M,20~29,office,seoul,0,0,0,0,21,0,0,34,0,0,completed
13249,U3250,2025-09-01 16:55:00,2025-09-01 16:57:00,M,30~39,office,seoul,0,0,0,0,0,0,0,65,0,0,error
13250,U3251,2025-02-01 09:27:00,2025-02-01 09:33:00,M,50+,office,seoul,1,0,0,0,15,0,0,40,0,0,completed
13251,U3252,2025-01-17 14:51:00,2025-01-17 14:55:00,F,20~29,office,seoul,0,0,0,0,12,0,0,64,0,0,completed
13252,U3253,2025-07-23 16:24:00,2025-07-23 16:31:00,F,50+,office,seoul,0,0,0,0,6,0,0,61,0,0,completed
13253,U3254,2025-02-25 09:46:00,2025-02-25 09:52:00,F,30~39,office,seoul,0,0,0,0,14,0,0,77,0,0,completed
13254,U3255,2025-11-17 08:12:00,2025-11-17 08:17:00,M,20~29,office,seoul,0,0,0,0,13,0,0,48,0,0,completed
13255,U3256,2025-09-28 15:02:00,2025-09-28 15:08:00,F,20~29,office,seoul,1,0,0,0,5,0,0,32,0,0,completed
13256,U3257,2025-08-22 08:44:00,2025-08-22 08:51:00,M,40~49,office,seoul,0,0,0,0,23,0,0,56,0,0,completed
13257,U3258,2025-02-28 15:49:00,2025-02-28 15:56:00,F,50+,office,seoul,0,0,0,0,25,0,0,48,0,0,completed
13258,U3259,2025-05-26 13:43:00,2025-05-26 13:45:00,F,30~39,office,seoul,0,0,0,0,4,0,0,43,1,0,completed
13259,U3260,2025-03-23 08:22:00,2025-03-23 08:25:00,F,20~29,office,seoul,1,0,0,0,22,0,0,67,0,0,completed
13260,U3261,2025-04-26 16:21:00,2025-04-26 16:25:00,F,20~29,office,seoul,1,0,0,0,3,0,0,53,0,0,completed
13261,U3262,2025-10-15 21:54:00,2025-10-15 22:01:00,F,40~49,office,seoul,0,0,0,0,21,0,0,41,0,0,completed
13262,U3263,2025-07-15 17:11:00,2025-07-15 17:17:00,F,20~29,office,seoul,0,0,0,0,0,0,0,18,0,0,completed
13263,U3264,2025-12-28 22:28:00,2025-12-28 22:30:00,M,30~39,office,seoul,1,0,0,0,2,0,0,67,0,0,completed
13264,U3265,2025-08-19 14:50:00,2025-08-19 14:53:00,F,30~39,office,seoul,0,0,0,0,0,0,0,60,0,0,completed
13265,U3266,2025-05-28 16:05:00,2025-05-28 16:08:00,F,30~39,office,seoul,0,0,0,0,1,0,0,77,0,0,completed
13266,U3267,2025-06-28 11:15:00,2025-06-28 11:19:00,F,40~49,office,seoul,1,0,0,0,17,0,0,41,0,0,abandoned
13267,U3268,2025-05-30 09:29:00,2025-05-30 09:36:00,M,50+,office,seoul,0,0,0,0,7,0,0,40,1,0,completed
13268,U3269,2025-12-09 08:58:00,2025-12-09 09:05:00,F,20~29,office,seoul,0,0,0,0,7,0,0,37,0,0,completed
13269,U3270,2025-10-25 14:17:00,2025-10-25 14:24:00,M,40~49,office,seoul,1,0,0,0,21,0,0,66,0,0,completed
13270,U3271,2025-09-16 18:34:00,2025-09-16 18:41:00,F,40~49,office,seoul,0,0,0,0,15,0,0,17,1,0,completed
13271,U3272,2025-09-17 09:46:00,2025-09-17 09:53:00,M,30~39,office,seoul,0,0,0,0,23,0,0,64,0,0,completed
13272,U3273,2025-05-15 18:00:00,2025-05-15 18:02:00,F,30~39,office,seoul,0,0,0,0,24,0,0,62,0,0,completed
13273,U3274,2025-08-14 09:41:00,2025-08-14 09:44:00,M,50+,office,seoul,0,0,0,0,14,0,0,25,0,0,completed
13274,U3275,2025-07-01 16:36:00,2025-07-01 16:41:00,F,50+,office,seoul,0,0,0,0,6,0,0,79,0,1,completed
13275,U3276,2025-12-08 15:48:00,2025-12-08 15:50:00,M,20~29,office,seoul,0,0,0,0,25,0,0,52,0,0,completed
13276,U3277,2025-06-18 07:53:00,2025-06-18 07:56:00,M,20~29,office,seoul,0,0,0,0,9,0,0,53,0,0,completed
13277,U3278,2025-07-14 15:54:00,2025-07-14 15:58:00,M,30~39,office,seoul,0,0,0,0,7,0,0,16,0,0,completed
13278,U3279,2025-01-10 16:18:00,2025-01-10 16:22:00,F,40~49,office,seoul,0,0,0,0,21,0,0,79,0,0,completed
13279,U3280,2025-06-14 08:55:00,2025-06-14 09:02:00,F,40~49,office,seoul,1,0,0,0,23,0,0,46,0,0,completed
13280,U3281,2025-11-28 09:28:00,2025-11-28 09:35:00,M,30~39,office,seoul,0,0,0,0,17,0,0,56,0,0,completed
13281,U3282,2025-01-24 16:28:00,2025-01-24 16:34:00,M,50+,office,seoul,0,0,0,0,18,0,0,28,0,0,abandoned
13282,U3283,2025-06-29 16:30:00,2025-06-29 16:35:00,F,30~39,office,seoul,1,0,0,0,4,0,0,20,0,0,completed
13283,U3284,2025-10-19 09:32:00,2025-10-19 09:39:00,M,20~29,office,seoul,1,0,0,0,14,0,0,44,0,0,completed
13284,U3285,2025-05-05 07:35:00,2025-05-05 07:37:00,F,30~39,office,seoul,0,0,0,0,21,0,0,73,0,0,completed
13285,U3286,2025-01-28 14:24:00,2025-01-28 14:28:00,F,40~49,office,seoul,0,0,0,0,1,0,0,36,0,0,completed
13286,U3287,2025-04-06 21:03:00,2025-04-06 21:05:00,F,20~29,office,seoul,1,0,0,0,1,0,0,37,0,0,completed
13287,U3288,2025-09-06 08:27:00,2025-09-06 08:31:00,F,30~39,office,seoul,1,0,0,0,21,0,0,76,0,0,completed
13288,U3289,2025-02-27 12:59:00,2025-02-27 13:02:00,F,40~49,office,seoul,0,0,0,0,4,0,0,69,0,0,completed
13289,U3290,2025-09-28 15:08:00,2025-09-28 15:14:00,M,20~29,office,seoul,1,0,0,0,10,0,0,45,0,0,completed
13290,U3291,2025-06-29 11:09:00,2025-06-29 11:11:00,M,30~39,office,seoul,1,0,0,0,3,0,0,70,0,0,completed
13291,U3292,2025-01-31 09:10:00,2025-01-31 09:15:00,F,30~39,office,seoul,0,0,0,0,10,0,0,51,0,0,completed
13292,U3293,2025-07-16 16:13:00,2025-07-16 16:16:00,F,20~29,office,seoul,0,0,0,0,9,0,0,77,0,0,completed
13293,U3294,2025-03-07 17:53:00,2025-03-07 18:00:00,M,30~39,office,seoul,0,0,0,0,13,0,0,63,0,0,abandoned
13294,U3295,2025-02-16 09:25:00,2025-02-16 09:31:00,M,30~39,office,seoul,1,0,0,0,24,0,0,54,0,0,completed
13295,U3296,2025-02-26 15:47:00,2025-02-26 15:52:00,F,40~49,office,seoul,0,0,0,0,6,0,0,35,0,0,abandoned
13296,U3297,2025-09-24 11:39:00,2025-09-24 11:41:00,M,20~29,office,seoul,0,0,0,0,6,0,0,78,0,0,abandoned
13297,U3298,2025-06-21 09:18:00,2025-06-21 09:23:00,F,30~39,office,seoul,1,0,0,0,28,0,0,41,0,0,completed
13298,U3299,2025-12-12 13:51:00,2025-12-12 13:56:00,F,50+,office,seoul,0,0,0,0,12,0,0,36,0,0,completed
13299,U3300,2025-11-24 08:54:00,2025-11-24 08:57:00,M,40~49,office,seoul,0,0,0,0,7,0,0,51,0,0,completed
13300,U3301,2025-09-02 21:45:00,2025-09-02 21:51:00,M,20~29,office,seoul,0,0,0,0,29,0,0,61,0,0,completed
13301,U3302,2025-11-23 14:50:00,2025-11-23 14:53:00,F,30~39,office,seoul,1,0,0,0,14,0,0,62,0,0,completed
13302,U3303,2025-08-08 15:23:00,2025-08-08 15:27:00,F,50+,office,seoul,0,0,0,0,26,0,0,63,0,0,completed
13303,U3304,2025-04-07 15:12:00,2025-04-07 15:15:00,F,50+,office,seoul,0,0,0,0,2,0,0,38,0,0,completed
13304,U3305,2025-03-07 21:30:00,2025-03-07 21:35:00,M,20~29,office,seoul,0,0,0,0,17,0,0,69,0,0,completed
13305,U3306,2025-06-08 21:42:00,2025-06-08 21:45:00,F,30~39,office,seoul,1,0,0,0,23,0,0,64,0,0,completed
13306,U3307,2025-11-03 13:42:00,2025-11-03 13:46:00,F,40~49,office,seoul,0,0,0,0,10,0,0,56,0,0,completed
13307,U3308,2025-11-24 08:31:00,2025-11-24 08:33:00,F,50+,office,seoul,0,0,0,0,16,0,0,78,1,0,completed
13308,U3309,2025-10-02 18:40:00,2025-10-02 18:46:00,M,50+,office,seoul,0,0,0,0,12,0,0,49,0,0,completed
13309,U3310,2025-03-30 15:04:00,2025-03-30 15:11:00,F,30~39,office,seoul,1,0,0,0,18,0,0,34,0,0,completed
13310,U3311,2025-02-19 18:33:00,2025-02-19 18:37:00,M,30~39,office,seoul,0,0,0,0,6,0,0,50,0,0,completed
13311,U3312,2025-05-01 16:23:00,2025-05-01 16:30:00,M,30~39,office,seoul,0,0,0,0,23,0,0,47,0,0,completed
13312,U3313,2025-05-27 18:54:00,2025-05-27 18:59:00,F,30~39,office,seoul,0,0,0,0,1,0,0,39,0,0,abandoned
13313,U3314,2025-12-29 14:25:00,2025-12-29 14:27:00,M,30~39,office,seoul,0,0,0,0,11,0,0,13,0,0,completed
13314,U3315,2025-03-04 19:54:00,2025-03-04 19:56:00,M,30~39,office,seoul,0,0,0,0,19,0,0,76,0,0,completed
13315,U3316,2025-12-06 13:52:00,2025-12-06 13:57:00,M,30~39,office,seoul,1,0,0,0,24,0,0,41,0,0,completed
13316,U3317,2025-07-12 16:32:00,2025-07-12 16:37:00,M,30~39,office,seoul,1,0,0,0,21,0,0,23,0,0,completed
13317,U3318,2025-11-23 11:12:00,2025-11-23 11:15:00,F,40~49,office,seoul,1,0,0,0,15,0,0,38,0,0,completed
13318,U3319,2025-03-04 16:08:00,2025-03-04 16:15:00,M,40~49,office,seoul,0,0,0,0,18,0,0,62,0,0,completed
13319,U3320,2025-06-05 17:13:00,2025-06-05 17:17:00,M,30~39,office,seoul,0,0,0,0,13,0,0,76,0,0,completed
13320,U3321,2025-11-01 14:36:00,2025-11-01 14:38:00,M,20~29,office,seoul,1,0,0,0,25,0,0,45,0,0,completed
13321,U3322,2025-04-13 12:25:00,2025-04-13 12:30:00,F,20~29,office,seoul,1,0,0,0,26,0,0,16,0,0,completed
13322,U3323,2025-03-14 15:26:00,2025-03-14 15:33:00,F,30~39,office,seoul,0,0,0,0,26,0,0,71,0,0,completed
13323,U3324,2025-02-24 21:14:00,2025-02-24 21:18:00,F,30~39,office,seoul,0,0,0,0,26,0,0,12,0,0,completed
13324,U3325,2025-01-08 09:50:00,2025-01-08 09:55:00,M,50+,office,seoul,0,0,0,0,1,0,0,21,0,0,completed
13325,U3326,2025-06-16 19:16:00,2025-06-16 19:18:00,F,40~49,office,seoul,0,0,0,0,22,0,0,73,0,0,completed
13326,U3327,2025-07-06 17:12:00,2025-07-06 17:15:00,F,20~29,office,seoul,1,0,0,0,8,0,0,12,0,0,completed
13327,U3328,2025-05-14 16:06:00,2025-05-14 16:13:00,F,30~39,office,seoul,0,0,0,0,9,0,0,34,0,0,completed
13328,U3329,2025-02-09 12:00:00,2025-02-09 12:03:00,M,20~29,office,seoul,1,0,0,0,4,0,0,76,0,0,completed
13329,U3330,2025-11-19 16:45:00,2025-11-19 16:51:00,M,20~29,office,seoul,0,0,0,0,20,0,0,21,0,0,completed
13330,U3331,2025-03-19 07:31:00,2025-03-19 07:34:00,F,30~39,office,seoul,0,0,0,0,6,0,0,74,0,0,completed
13331,U3332,2025-11-25 16:58:00,2025-11-25 17:01:00,M,20~29,office,seoul,0,0,0,0,20,0,0,24,0,0,completed
13332,U3333,2025-01-11 19:35:00,2025-01-11 19:38:00,F,30~39,office,seoul,1,0,0,0,2,0,0,64,0,0,completed
13333,U3334,2025-11-19 11:34:00,2025-11-19 11:37:00,M,20~29,office,seoul,0,0,0,0,9,0,0,23,0,0,completed
13334,U3335,2025-08-25 08:24:00,2025-08-25 08:28:00,F,30~39,office,seoul,0,0,0,0,29,0,0,44,0,0,completed
13335,U3336,2025-07-12 12:27:00,2025-07-12 12:32:00,M,20~29,office,seoul,1,0,0,0,24,0,0,49,0,0,completed
13336,U3337,2025-09-27 09:42:00,2025-09-27 09:44:00,F,30~39,office,seoul,1,0,0,0,3,0,0,29,0,0,completed
13337,U3338,2025-05-03 19:20:00,2025-05-03 19:27:00,F,40~49,office,seoul,1,0,0,0,6,0,0,26,0,0,completed
13338,U3339,2025-10-04 18:34:00,2025-10-04 18:38:00,M,30~39,office,seoul,1,0,0,0,5,0,0,33,0,0,completed
13339,U3340,2025-04-03 12:56:00,2025-04-03 13:01:00,F,40~49,office,seoul,0,0,0,0,29,0,0,10,0,0,completed
13340,U3341,2025-07-11 20:42:00,2025-07-11 20:47:00,M,20~29,office,seoul,0,0,0,0,22,0,0,28,0,0,completed
13341,U3342,2025-05-30 07:50:00,2025-05-30 07:53:00,F,30~39,office,seoul,0,0,0,0,7,0,0,24,0,0,completed
13342,U3343,2025-02-20 07:27:00,2025-02-20 07:34:00,F,20~29,office,seoul,0,0,0,0,25,0,0,18,0,0,completed
13343,U3344,2025-08-24 19:21:00,2025-08-24 19:28:00,F,40~49,office,seoul,1,0,0,0,7,0,0,37,0,0,completed
13344,U3345,2025-10-25 13:39:00,2025-10-25 13:41:00,F,40~49,office,seoul,1,0,0,0,16,0,0,46,0,0,completed
13345,U3346,2025-11-18 12:31:00,2025-11-18 12:35:00,F,30~39,office,seoul,0,0,0,0,15,0,0,70,0,0,completed
13346,U3347,2025-03-14 07:02:00,2025-03-14 07:08:00,M,40~49,office,seoul,0,0,0,0,6,0,0,63,0,0,completed
13347,U3348,2025-06-28 15:26:00,2025-06-28 15:31:00,M,30~39,office,seoul,1,0,0,0,11,0,0,75,0,0,completed
13348,U3349,2025-05-15 08:02:00,2025-05-15 08:04:00,F,40~49,office,seoul,0,0,0,0,10,0,0,21,0,0,completed
13349,U3350,2025-01-11 18:27:00,2025-01-11 18:29:00,F,30~39,office,seoul,1,0,0,0,23,0,0,75,0,0,completed
13350,U3351,2025-06-07 08:42:00,2025-06-07 08:44:00,F,20~29,office,seoul,1,0,0,0,14,0,0,33,0,0,completed
13351,U3352,2025-11-18 15:40:00,2025-11-18 15:47:00,F,30~39,office,seoul,0,0,0,0,3,0,0,58,0,0,error
13352,U3353,2025-09-13 16:53:00,2025-09-13 16:59:00,F,30~39,office,seoul,1,0,0,0,24,0,0,63,0,0,completed
13353,U3354,2025-05-19 14:48:00,2025-05-19 14:51:00,M,20~29,office,seoul,0,0,0,0,27,0,0,58,0,0,completed
13354,U3355,2025-10-06 11:57:00,2025-10-06 12:03:00,F,40~49,office,seoul,0,0,0,0,19,0,0,30,0,0,abandoned
13355,U3356,2025-06-03 16:24:00,2025-06-03 16:28:00,M,20~29,office,seoul,0,0,0,0,22,0,0,71,0,0,completed
13356,U3357,2025-08-04 12:05:00,2025-08-04 12:09:00,M,40~49,office,seoul,0,0,0,0,8,0,0,30,0,0,completed
13357,U3358,2025-10-15 16:49:00,2025-10-15 16:56:00,M,20~29,office,seoul,0,0,0,0,7,0,0,61,0,0,completed
13358,U3359,2025-03-28 16:08:00,2025-03-28 16:13:00,M,30~39,office,seoul,0,0,0,0,13,0,0,27,0,0,completed
13359,U3360,2025-08-05 11:15:00,2025-08-05 11:19:00,M,30~39,office,seoul,0,0,0,0,26,0,0,58,0,0,completed
13360,U3361,2025-01-24 11:46:00,2025-01-24 11:52:00,M,20~29,office,seoul,0,0,0,0,28,0,0,65,0,0,completed
13361,U3362,2025-08-07 12:34:00,2025-08-07 12:38:00,M,50+,office,seoul,0,0,0,0,16,0,0,61,0,0,completed
13362,U3363,2025-04-30 20:18:00,2025-04-30 20:23:00,F,50+,office,seoul,0,0,0,0,8,0,0,27,0,0,completed
13363,U3364,2025-06-20 15:24:00,2025-06-20 15:29:00,M,50+,office,seoul,0,0,0,0,5,0,0,40,0,0,timeout
13364,U3365,2025-05-10 08:19:00,2025-05-10 08:24:00,F,30~39,office,seoul,1,0,0,0,9,0,0,27,0,0,completed
13365,U3366,2025-02-20 13:58:00,2025-02-20 14:01:00,M,20~29,office,seoul,0,0,0,0,17,0,0,58,0,0,completed
13366,U3367,2025-10-31 14:18:00,2025-10-31 14:21:00,F,30~39,office,seoul,0,0,0,0,8,0,0,77,0,0,completed
13367,U3368,2025-09-30 20:00:00,2025-09-30 20:07:00,M,30~39,office,seoul,0,0,0,0,14,0,0,10,0,0,completed
13368,U3369,2025-01-27 08:57:00,2025-01-27 08:59:00,M,20~29,office,seoul,0,0,0,0,22,0,0,34,0,0,completed
13369,U3370,2025-05-13 13:06:00,2025-05-13 13:08:00,F,30~39,office,seoul,0,0,0,0,12,0,0,26,0,0,completed
13370,U3371,2025-11-10 20:25:00,2025-11-10 20:32:00,M,30~39,office,seoul,0,0,0,0,19,0,0,39,0,0,completed
13371,U3372,2025-01-22 09:02:00,2025-01-22 09:09:00,F,50+,office,seoul,0,0,0,0,26,0,0,52,0,0,completed
13372,U3373,2025-11-29 17:39:00,2025-11-29 17:41:00,F,20~29,office,seoul,1,0,0,0,9,0,0,60,0,0,completed
13373,U3374,2025-12-25 15:17:00,2025-12-25 15:19:00,F,40~49,office,seoul,0,0,0,0,25,0,0,39,0,0,completed
13374,U3375,2025-01-29 09:20:00,2025-01-29 09:24:00,F,50+,office,seoul,0,0,0,0,27,0,0,50,0,0,completed
13375,U3376,2025-06-08 09:07:00,2025-06-08 09:12:00,F,20~29,office,seoul,1,0,0,0,26,0,0,21,0,0,completed
13376,U3377,2025-06-16 15:34:00,2025-06-16 15:37:00,F,20~29,office,seoul,0,0,0,0,8,0,0,14,0,0,completed
13377,U3378,2025-07-13 19:35:00,2025-07-13 19:40:00,F,40~49,office,seoul,1,0,0,0,8,0,0,43,0,0,completed
13378,U3379,2025-02-25 15:12:00,2025-02-25 15:19:00,F,20~29,office,seoul,0,0,0,0,15,0,0,25,0,0,completed
13379,U3380,2025-02-12 13:48:00,2025-02-12 13:50:00,F,30~39,office,seoul,0,0,0,0,4,0,0,77,0,0,completed
13380,U3381,2025-08-03 18:34:00,2025-08-03 18:37:00,M,30~39,office,seoul,1,0,0,0,9,0,0,41,0,0,completed
13381,U3382,2025-04-24 16:55:00,2025-04-24 16:58:00,F,20~29,office,seoul,0,0,0,0,18,0,0,78,0,0,completed
13382,U3383,2025-03-09 14:25:00,2025-03-09 14:28:00,F,20~29,office,seoul,1,0,0,0,14,0,0,57,0,0,completed
13383,U3384,2025-11-18 09:11:00,2025-11-18 09:13:00,M,40~49,office,seoul,0,0,0,0,15,0,0,59,0,0,completed
13384,U3385,2025-01-08 19:39:00,2025-01-08 19:42:00,M,30~39,office,seoul,0,0,0,0,28,0,0,68,0,0,completed
13385,U3386,2025-11-23 14:42:00,2025-11-23 14:46:00,M,20~29,office,seoul,1,0,0,0,10,0,0,60,0,0,completed
13386,U3387,2025-09-03 16:41:00,2025-09-03 16:45:00,F,20~29,office,seoul,0,0,0,0,27,0,0,56,0,0,completed
13387,U3388,2025-08-16 08:10:00,2025-08-16 08:16:00,F,50+,office,seoul,1,0,0,0,13,0,0,51,0,0,abandoned
13388,U3389,2025-07-26 18:55:00,2025-07-26 19:00:00,M,20~29,office,seoul,1,0,0,0,19,0,0,30,0,0,abandoned
13389,U3390,2025-07-01 15:25:00,2025-07-01 15:27:00,F,20~29,office,seoul,0,0,0,0,4,0,0,55,0,0,abandoned
13390,U3391,2025-02-13 11:53:00,2025-02-13 11:56:00,F,50+,office,seoul,0,0,0,0,24,0,0,71,0,0,completed
13391,U3392,2025-04-27 12:35:00,2025-04-27 12:37:00,M,20~29,office,seoul,1,0,0,0,21,0,0,15,0,0,completed
13392,U3393,2025-10-20 07:12:00,2025-10-20 07:17:00,F,40~49,office,seoul,0,0,0,0,28,0,0,31,0,0,completed
13393,U3394,2025-07-02 09:43:00,2025-07-02 09:49:00,F,20~29,office,seoul,0,0,0,0,11,0,0,34,0,0,completed
13394,U3395,2025-06-03 14:27:00,2025-06-03 14:31:00,F,50+,office,seoul,0,0,0,0,20,0,0,70,0,0,completed
13395,U3396,2025-04-12 15:00:00,2025-04-12 15:03:00,F,30~39,office,seoul,1,0,0,0,7,0,0,42,0,0,completed
13396,U3397,2025-06-20 13:09:00,2025-06-20 13:11:00,M,40~49,office,seoul,0,0,0,0,16,0,0,22,0,1,abandoned
13397,U3398,2025-01-29 16:10:00,2025-01-29 16:12:00,F,20~29,office,seoul,0,0,0,0,11,0,0,37,0,0,completed
13398,U3399,2025-09-17 12:53:00,2025-09-17 12:58:00,F,40~49,office,seoul,0,0,0,0,27,0,0,49,0,0,completed
13399,U3400,2025-02-18 08:12:00,2025-02-18 08:18:00,F,20~29,office,seoul,0,0,0,0,22,0,0,72,0,0,completed
13400,U3401,2025-09-19 12:59:00,2025-09-19 13:03:00,F,20~29,office,seoul,0,0,0,0,17,0,0,54,0,0,completed
13401,U3402,2025-09-28 08:59:00,2025-09-28 09:06:00,F,30~39,office,seoul,1,0,0,0,23,0,0,34,0,0,completed
13402,U3403,2025-06-30 15:57:00,2025-06-30 15:59:00,M,30~39,office,seoul,0,0,0,0,9,0,0,33,0,0,completed
13403,U3404,2025-09-03 20:30:00,2025-09-03 20:37:00,M,50+,office,seoul,0,0,0,0,6,0,0,70,0,0,abandoned
13404,U3405,2025-10-10 08:49:00,2025-10-10 08:54:00,F,20~29,office,seoul,0,0,0,0,10,0,0,56,0,0,abandoned
13405,U3406,2025-02-26 09:15:00,2025-02-26 09:22:00,F,50+,office,seoul,0,0,0,0,11,0,0,46,0,0,completed
13406,U3407,2025-03-11 09:29:00,2025-03-11 09:34:00,F,40~49,office,seoul,0,0,0,0,5,0,0,45,0,0,error
13407,U3408,2025-11-16 19:50:00,2025-11-16 19:55:00,M,40~49,office,seoul,1,0,0,0,3,0,0,62,0,1,completed
13408,U3409,2025-12-06 19:30:00,2025-12-06 19:32:00,M,40~49,office,seoul,1,0,0,0,29,0,0,39,0,0,completed
13409,U3410,2025-12-26 15:15:00,2025-12-26 15:19:00,F,20~29,office,seoul,0,0,0,0,22,0,0,35,0,0,completed
13410,U3411,2025-01-27 08:32:00,2025-01-27 08:37:00,M,30~39,office,seoul,0,0,0,0,26,0,0,15,0,0,completed
13411,U3412,2025-02-16 22:21:00,2025-02-16 22:28:00,F,30~39,office,seoul,1,0,0,0,25,0,0,25,0,0,completed
13412,U3413,2025-09-19 13:18:00,2025-09-19 13:24:00,F,50+,office,seoul,0,0,0,0,14,0,0,71,0,0,completed
13413,U3414,2025-05-17 15:00:00,2025-05-17 15:06:00,F,20~29,office,seoul,1,0,0,0,13,0,0,56,0,0,completed
13414,U3415,2025-08-07 11:42:00,2025-08-07 11:48:00,M,30~39,office,seoul,0,0,0,0,16,0,0,51,0,0,completed
13415,U3416,2025-10-04 09:15:00,2025-10-04 09:17:00,M,50+,office,seoul,1,0,0,0,8,0,0,68,0,0,completed
13416,U3417,2025-08-01 07:14:00,2025-08-01 07:18:00,M,20~29,office,seoul,0,0,0,0,4,0,0,35,0,0,completed
13417,U3418,2025-07-14 12:48:00,2025-07-14 12:54:00,F,30~39,office,seoul,0,0,0,0,14,0,0,70,0,0,completed
13418,U3419,2025-05-23 17:09:00,2025-05-23 17:11:00,M,50+,office,seoul,0,0,0,0,13,0,0,48,0,0,completed
13419,U3420,2025-02-12 19:41:00,2025-02-12 19:44:00,F,30~39,office,seoul,0,0,0,0,28,0,0,67,0,0,completed
13420,U3421,2025-08-11 15:20:00,2025-08-11 15:25:00,M,30~39,office,seoul,0,0,0,0,9,0,0,16,0,0,timeout
13421,U3422,2025-07-22 17:30:00,2025-07-22 17:36:00,F,40~49,office,seoul,0,0,0,0,28,0,0,78,0,0,completed
13422,U3423,2025-10-10 19:02:00,2025-10-10 19:06:00,M,30~39,office,seoul,0,0,0,0,21,0,0,63,0,0,completed
13423,U3424,2025-10-14 08:10:00,2025-10-14 08:13:00,M,50+,office,seoul,0,0,0,0,13,0,0,35,0,0,completed
13424,U3425,2025-02-20 15:17:00,2025-02-20 15:23:00,M,30~39,office,seoul,0,0,0,0,10,0,0,67,0,0,completed
13425,U3426,2025-09-05 13:41:00,2025-09-05 13:44:00,F,30~39,office,seoul,0,0,0,0,28,0,0,30,0,0,completed
13426,U3427,2025-03-28 13:16:00,2025-03-28 13:18:00,F,40~49,office,seoul,0,0,0,0,22,0,0,15,0,0,completed
13427,U3428,2025-10-02 15:17:00,2025-10-02 15:24:00,M,30~39,office,seoul,0,0,0,0,10,0,0,65,0,0,completed
13428,U3429,2025-03-17 21:34:00,2025-03-17 21:40:00,F,50+,office,seoul,0,0,0,0,17,0,0,36,0,0,completed
13429,U3430,2025-12-10 14:12:00,2025-12-10 14:14:00,M,20~29,office,seoul,0,0,0,0,18,0,0,28,0,0,completed
13430,U3431,2025-03-24 08:24:00,2025-03-24 08:26:00,F,40~49,office,seoul,0,0,0,0,12,0,0,25,0,0,completed
13431,U3432,2025-09-05 07:26:00,2025-09-05 07:30:00,M,50+,office,seoul,0,0,0,0,15,0,0,62,1,0,error
13432,U3433,2025-12-25 18:37:00,2025-12-25 18:39:00,M,40~49,office,seoul,0,0,0,0,29,0,0,25,1,0,completed
13433,U3434,2025-06-15 22:42:00,2025-06-15 22:48:00,M,20~29,office,seoul,1,0,0,0,10,0,0,30,0,0,completed
13434,U3435,2025-11-20 15:26:00,2025-11-20 15:29:00,F,40~49,office,seoul,0,0,0,0,4,0,0,64,0,0,completed
13435,U3436,2025-11-06 13:02:00,2025-11-06 13:06:00,M,30~39,office,seoul,0,0,0,0,6,0,0,13,0,0,completed
13436,U3437,2025-07-03 20:54:00,2025-07-03 20:56:00,M,50+,office,seoul,0,0,0,0,7,0,0,33,0,0,completed
13437,U3438,2025-05-05 14:25:00,2025-05-05 14:30:00,M,20~29,office,seoul,0,0,0,0,29,0,0,73,0,0,abandoned
13438,U3439,2025-08-15 11:12:00,2025-08-15 11:18:00,F,30~39,office,seoul,0,0,0,0,16,0,0,11,0,0,abandoned
13439,U3440,2025-11-30 20:03:00,2025-11-30 20:07:00,M,30~39,office,seoul,1,0,0,0,24,0,0,12,0,0,completed
13440,U3441,2025-09-14 20:25:00,2025-09-14 20:32:00,F,20~29,office,seoul,1,0,0,0,27,0,0,24,0,0,completed
13441,U3442,2025-06-25 14:30:00,2025-06-25 14:34:00,F,30~39,office,seoul,0,0,0,0,18,0,0,37,0,0,completed
13442,U3443,2025-09-20 11:47:00,2025-09-20 11:49:00,F,20~29,office,seoul,1,0,0,0,7,0,0,52,0,0,completed
13443,U3444,2025-11-30 12:03:00,2025-11-30 12:08:00,F,20~29,office,seoul,1,0,0,0,26,0,0,35,0,0,completed
13444,U3445,2025-01-11 08:35:00,2025-01-11 08:42:00,F,40~49,office,seoul,1,0,0,0,14,0,0,50,0,0,completed
13445,U3446,2025-02-18 16:48:00,2025-02-18 16:51:00,F,20~29,office,seoul,0,0,0,0,13,0,0,53,0,0,completed
13446,U3447,2025-08-05 09:01:00,2025-08-05 09:06:00,M,40~49,office,seoul,0,0,0,0,6,0,0,43,0,0,completed
13447,U3448,2025-03-26 12:50:00,2025-03-26 12:53:00,F,30~39,office,seoul,0,0,0,0,28,0,0,42,0,0,completed
13448,U3449,2025-11-06 07:13:00,2025-11-06 07:15:00,M,50+,office,seoul,0,0,0,0,14,0,0,59,0,0,completed
13449,U3450,2025-12-01 14:36:00,2025-12-01 14:42:00,F,40~49,office,seoul,0,0,0,0,6,0,0,69,0,0,completed
13450,U3451,2025-10-26 15:29:00,2025-10-26 15:33:00,M,20~29,office,seoul,1,0,0,0,20,0,0,51,0,0,completed
13451,U3452,2025-08-03 15:11:00,2025-08-03 15:13:00,F,30~39,office,seoul,1,0,0,0,5,0,0,50,0,0,completed
13452,U3453,2025-06-01 20:23:00,2025-06-01 20:25:00,F,40~49,office,seoul,1,0,0,0,20,0,0,76,0,0,timeout
13453,U3454,2025-04-07 15:05:00,2025-04-07 15:08:00,M,30~39,office,seoul,0,0,0,0,14,0,0,27,0,0,completed
13454,U3455,2025-03-20 14:48:00,2025-03-20 14:53:00,F,50+,office,seoul,0,0,0,0,15,0,0,43,0,0,completed
13455,U3456,2025-06-05 14:21:00,2025-06-05 14:27:00,F,30~39,office,seoul,0,0,0,0,17,0,0,77,0,0,abandoned
13456,U3457,2025-04-11 19:01:00,2025-04-11 19:05:00,M,30~39,office,seoul,0,0,0,0,29,0,0,12,0,0,completed
13457,U3458,2025-05-20 15:52:00,2025-05-20 15:55:00,M,50+,office,seoul,0,0,0,0,16,0,0,48,0,0,completed
13458,U3459,2025-09-24 18:52:00,2025-09-24 18:55:00,F,20~29,office,seoul,0,0,0,0,3,0,0,59,0,0,completed
13459,U3460,2025-10-23 20:06:00,2025-10-23 20:11:00,M,20~29,office,seoul,0,0,0,0,20,0,0,53,0,0,completed
13460,U3461,2025-09-26 07:32:00,2025-09-26 07:36:00,F,30~39,office,seoul,0,0,0,0,23,0,0,54,1,0,completed
13461,U3462,2025-01-02 07:11:00,2025-01-02 07:18:00,M,20~29,office,seoul,0,0,0,0,24,0,0,34,0,0,completed
13462,U3463,2025-03-27 08:21:00,2025-03-27 08:26:00,F,40~49,office,seoul,0,0,0,0,27,0,0,55,0,0,abandoned
13463,U3464,2025-01-06 16:33:00,2025-01-06 16:36:00,M,30~39,office,seoul,0,0,0,0,15,0,0,51,0,0,completed
13464,U3465,2025-08-28 16:26:00,2025-08-28 16:31:00,F,50+,office,seoul,0,0,0,0,20,0,0,19,0,0,completed
13465,U3466,2025-09-26 16:00:00,2025-09-26 16:06:00,M,30~39,office,seoul,0,0,0,0,24,0,0,47,0,0,completed
13466,U3467,2025-03-17 16:26:00,2025-03-17 16:30:00,M,30~39,office,seoul,0,0,0,0,18,0,0,72,0,0,completed
13467,U3468,2025-04-20 22:01:00,2025-04-20 22:06:00,F,20~29,office,seoul,1,0,0,0,27,0,0,62,0,0,completed
13468,U3469,2025-04-16 08:50:00,2025-04-16 08:53:00,F,20~29,office,seoul,0,0,0,0,10,0,0,72,0,0,completed
13469,U3470,2025-07-08 08:54:00,2025-07-08 08:57:00,F,20~29,office,seoul,0,0,0,0,16,0,0,65,0,0,abandoned
13470,U3471,2025-07-26 12:41:00,2025-07-26 12:46:00,M,20~29,office,seoul,1,0,0,0,2,0,0,23,0,0,completed
13471,U3472,2025-11-23 07:29:00,2025-11-23 07:34:00,F,40~49,office,seoul,1,0,0,0,23,0,0,48,0,0,completed
13472,U3473,2025-11-14 07:19:00,2025-11-14 07:25:00,F,20~29,office,seoul,0,0,0,0,2,0,0,65,0,0,completed
13473,U3474,2025-02-02 13:15:00,2025-02-02 13:22:00,F,30~39,office,seoul,1,0,0,0,8,0,0,65,0,0,completed
13474,U3475,2025-08-06 11:17:00,2025-08-06 11:21:00,M,20~29,office,seoul,0,0,0,0,14,0,0,19,0,0,completed
13475,U3476,2025-02-16 18:34:00,2025-02-16 18:39:00,F,50+,office,seoul,1,0,0,0,8,0,0,45,0,0,completed
13476,U3477,2025-11-24 09:52:00,2025-11-24 09:57:00,F,30~39,office,seoul,0,0,0,0,6,0,0,20,0,0,completed
13477,U3478,2025-10-27 14:17:00,2025-10-27 14:24:00,F,50+,office,seoul,0,0,0,0,17,0,0,76,0,0,completed
13478,U3479,2025-09-09 12:22:00,2025-09-09 12:29:00,M,50+,office,seoul,0,0,0,0,13,0,0,78,0,0,completed
13479,U3480,2025-01-06 07:09:00,2025-01-06 07:14:00,F,30~39,office,seoul,0,0,0,0,4,0,0,77,0,0,abandoned
13480,U3481,2025-01-09 16:16:00,2025-01-09 16:23:00,M,20~29,office,seoul,0,0,0,0,0,0,0,46,0,0,completed
13481,U3482,2025-10-09 11:55:00,2025-10-09 11:57:00,M,30~39,office,seoul,0,0,0,0,19,0,0,75,0,0,completed
13482,U3483,2025-04-08 12:39:00,2025-04-08 12:46:00,F,30~39,office,seoul,0,0,0,0,2,0,0,75,0,0,timeout
13483,U3484,2025-09-18 11:35:00,2025-09-18 11:41:00,F,40~49,office,seoul,0,0,0,0,7,0,0,16,1,0,completed
13484,U3485,2025-03-27 12:26:00,2025-03-27 12:33:00,F,40~49,office,seoul,0,0,0,0,27,0,0,17,0,0,completed
13485,U3486,2025-08-07 11:28:00,2025-08-07 11:32:00,F,20~29,office,seoul,0,0,0,0,11,0,0,72,0,0,completed
13486,U3487,2025-05-14 13:27:00,2025-05-14 13:33:00,M,40~49,office,seoul,0,0,0,0,3,0,0,19,0,0,completed
13487,U3488,2025-11-11 21:36:00,2025-11-11 21:42:00,F,50+,office,seoul,0,0,0,0,19,0,0,52,0,0,completed
13488,U3489,2025-11-23 15:48:00,2025-11-23 15:53:00,F,30~39,office,seoul,1,0,0,0,12,0,0,29,0,0,completed
13489,U3490,2025-06-24 17:06:00,2025-06-24 17:12:00,M,20~29,office,seoul,0,0,0,0,16,0,0,13,0,0,completed
13490,U3491,2025-05-08 13:56:00,2025-05-08 14:00:00,M,40~49,office,seoul,0,0,0,0,23,0,0,46,0,0,completed
13491,U3492,2025-06-15 11:17:00,2025-06-15 11:23:00,M,40~49,office,seoul,1,0,0,0,20,0,0,53,0,0,completed
13492,U3493,2025-02-13 20:04:00,2025-02-13 20:07:00,F,40~49,office,seoul,0,0,0,0,5,0,0,74,0,0,completed
13493,U3494,2025-06-29 09:06:00,2025-06-29 09:12:00,M,20~29,office,seoul,1,0,0,0,23,0,0,54,0,0,completed
13494,U3495,2025-11-22 11:29:00,2025-11-22 11:35:00,M,20~29,office,seoul,1,0,0,0,7,0,0,45,0,0,completed
13495,U3496,2025-05-29 09:03:00,2025-05-29 09:10:00,F,40~49,office,seoul,0,0,0,0,27,0,0,10,1,0,completed
13496,U3497,2025-12-27 08:54:00,2025-12-27 08:57:00,F,30~39,office,seoul,1,0,0,0,24,0,0,11,0,0,completed
13497,U3498,2025-12-13 09:18:00,2025-12-13 09:24:00,F,50+,office,seoul,1,0,0,0,12,0,0,30,0,0,completed
13498,U3499,2025-03-27 09:03:00,2025-03-27 09:09:00,F,30~39,office,seoul,0,0,0,0,15,0,0,26,0,0,abandoned
13499,U3500,2025-07-10 15:23:00,2025-07-10 15:27:00,M,20~29,office,seoul,0,0,0,0,24,0,0,13,0,0,completed
13500,U3501,2025-08-08 19:36:00,2025-08-08 19:43:00,F,50+,office,seoul,0,0,0,0,2,0,0,26,0,0,completed
13501,U3502,2025-08-19 18:13:00,2025-08-19 18:18:00,M,40~49,office,seoul,0,0,0,0,5,0,0,29,0,0,completed
13502,U3503,2025-05-16 13:17:00,2025-05-16 13:24:00,F,30~39,office,seoul,0,0,0,0,2,0,0,69,0,0,completed
13503,U3504,2025-11-10 17:07:00,2025-11-10 17:12:00,M,30~39,office,seoul,0,0,0,0,18,0,0,47,0,0,completed
13504,U3505,2025-06-28 16:36:00,2025-06-28 16:43:00,F,30~39,office,seoul,1,0,0,0,6,0,0,58,0,0,completed
13505,U3506,2025-05-12 14:24:00,2025-05-12 14:28:00,F,40~49,office,seoul,0,0,0,0,10,0,0,79,0,0,completed
13506,U3507,2025-02-20 09:47:00,2025-02-20 09:52:00,M,20~29,office,seoul,0,0,0,0,6,0,0,69,0,0,completed
13507,U3508,2025-08-05 07:10:00,2025-08-05 07:14:00,F,30~39,office,seoul,0,0,0,0,7,0,0,45,0,0,completed
13508,U3509,2025-05-04 16:22:00,2025-05-04 16:24:00,F,30~39,office,seoul,1,0,0,0,6,0,0,55,0,0,completed
13509,U3510,2025-10-18 08:41:00,2025-10-18 08:44:00,F,40~49,office,seoul,1,0,0,0,20,0,0,44,0,0,completed
13510,U3511,2025-06-14 09:05:00,2025-06-14 09:08:00,M,20~29,office,seoul,1,0,0,0,15,0,0,23,0,0,completed
13511,U3512,2025-07-20 09:55:00,2025-07-20 10:02:00,M,30~39,office,seoul,1,0,0,0,22,0,0,17,0,0,completed
13512,U3513,2025-09-12 08:58:00,2025-09-12 09:05:00,M,20~29,office,seoul,0,0,0,0,13,0,0,63,0,0,completed
13513,U3514,2025-05-17 08:36:00,2025-05-17 08:39:00,F,40~49,office,seoul,1,0,0,0,0,0,0,42,0,0,completed
13514,U3515,2025-06-21 18:58:00,2025-06-21 19:02:00,F,20~29,office,seoul,1,0,0,0,9,0,0,53,0,0,completed
13515,U3516,2025-03-02 14:40:00,2025-03-02 14:44:00,M,20~29,office,seoul,1,0,0,0,25,0,0,12,0,0,completed
13516,U3517,2025-08-17 19:19:00,2025-08-17 19:23:00,F,40~49,office,seoul,1,0,0,0,18,0,0,15,0,0,completed
13517,U3518,2025-05-29 13:05:00,2025-05-29 13:12:00,F,20~29,office,seoul,0,0,0,0,13,0,0,61,0,0,completed
13518,U3519,2025-03-30 14:24:00,2025-03-30 14:27:00,M,20~29,office,seoul,1,0,0,0,3,0,0,53,0,0,completed
13519,U3520,2025-04-01 15:41:00,2025-04-01 15:44:00,F,20~29,office,seoul,0,0,0,0,11,0,0,39,0,0,completed
13520,U3521,2025-12-26 15:24:00,2025-12-26 15:26:00,M,40~49,office,seoul,0,0,0,0,10,0,0,31,0,0,completed
13521,U3522,2025-01-11 08:53:00,2025-01-11 08:56:00,F,30~39,office,seoul,1,0,0,0,10,0,0,35,0,0,completed
13522,U3523,2025-04-13 14:44:00,2025-04-13 14:48:00,F,20~29,office,seoul,1,0,0,0,16,0,0,77,0,0,completed
13523,U3524,2025-11-06 16:07:00,2025-11-06 16:09:00,F,40~49,office,seoul,0,0,0,0,25,0,0,32,0,1,completed
13524,U3525,2025-06-01 19:24:00,2025-06-01 19:30:00,M,30~39,office,seoul,1,0,0,0,27,0,0,12,0,0,completed
13525,U3526,2025-10-11 15:55:00,2025-10-11 16:01:00,F,50+,office,seoul,1,0,0,0,25,0,0,67,0,0,completed
13526,U3527,2025-12-12 15:02:00,2025-12-12 15:08:00,F,50+,office,seoul,0,0,0,0,15,0,0,37,0,1,completed
13527,U3528,2025-02-07 09:27:00,2025-02-07 09:30:00,F,20~29,office,seoul,0,0,0,0,27,0,0,49,0,0,completed
13528,U3529,2025-01-02 14:52:00,2025-01-02 14:55:00,M,20~29,office,seoul,0,0,0,0,20,0,0,15,0,0,completed
13529,U3530,2025-08-03 12:03:00,2025-08-03 12:10:00,F,40~49,office,seoul,1,0,0,0,23,0,0,55,0,0,completed
13530,U3531,2025-06-07 15:26:00,2025-06-07 15:29:00,F,50+,office,seoul,1,0,0,0,28,0,0,57,0,0,abandoned
13531,U3532,2025-04-06 16:46:00,2025-04-06 16:50:00,F,40~49,office,seoul,1,0,0,0,22,0,0,27,0,0,completed
13532,U3533,2025-10-16 08:33:00,2025-10-16 08:35:00,M,30~39,office,seoul,0,0,0,0,23,0,0,65,0,0,completed
13533,U3534,2025-12-13 18:03:00,2025-12-13 18:09:00,F,30~39,office,seoul,1,0,0,0,29,0,0,35,0,0,completed
13534,U3535,2025-08-31 07:48:00,2025-08-31 07:51:00,F,20~29,office,seoul,1,0,0,0,0,0,0,26,0,0,completed
13535,U3536,2025-05-23 22:06:00,2025-05-23 22:11:00,F,30~39,office,seoul,0,0,0,0,28,0,0,15,0,0,completed
13536,U3537,2025-01-10 15:48:00,2025-01-10 15:53:00,M,20~29,office,seoul,0,0,0,0,21,0,0,65,0,0,completed
13537,U3538,2025-03-02 09:41:00,2025-03-02 09:43:00,F,50+,office,seoul,1,0,0,0,21,0,0,20,0,0,completed
13538,U3539,2025-05-14 16:59:00,2025-05-14 17:05:00,F,20~29,office,seoul,0,0,0,0,17,0,0,45,0,0,completed
13539,U3540,2025-03-21 12:09:00,2025-03-21 12:16:00,F,30~39,office,seoul,0,0,0,0,15,0,0,76,0,0,completed
13540,U3541,2025-03-31 22:02:00,2025-03-31 22:09:00,M,40~49,office,seoul,0,0,0,0,29,0,0,30,0,0,timeout
13541,U3542,2025-01-15 16:13:00,2025-01-15 16:20:00,F,30~39,office,seoul,0,0,0,0,28,0,0,13,0,0,completed
13542,U3543,2025-04-07 20:42:00,2025-04-07 20:48:00,M,40~49,office,seoul,0,0,0,0,25,0,0,40,0,0,completed
13543,U3544,2025-11-25 20:01:00,2025-11-25 20:03:00,M,50+,office,seoul,0,0,0,0,22,0,0,36,0,0,completed
13544,U3545,2025-05-29 13:38:00,2025-05-29 13:40:00,F,20~29,office,seoul,0,0,0,0,2,0,0,20,0,0,completed
13545,U3546,2025-11-10 08:34:00,2025-11-10 08:41:00,F,30~39,office,seoul,0,0,0,0,27,0,0,73,0,0,completed
13546,U3547,2025-07-12 12:40:00,2025-07-12 12:45:00,F,50+,office,seoul,1,0,0,0,25,0,0,65,0,0,completed
13547,U3548,2025-10-20 11:23:00,2025-10-20 11:30:00,M,50+,office,seoul,0,0,0,0,1,0,0,65,0,0,completed
13548,U3549,2025-10-07 15:33:00,2025-10-07 15:39:00,F,30~39,office,seoul,0,0,0,0,8,0,0,44,0,0,completed
13549,U3550,2025-03-08 08:18:00,2025-03-08 08:23:00,M,30~39,office,seoul,1,0,0,0,25,0,0,50,0,0,abandoned
13550,U3551,2025-03-04 15:56:00,2025-03-04 16:01:00,M,40~49,office,seoul,0,0,0,0,21,0,0,74,0,0,completed
13551,U3552,2025-05-25 16:07:00,2025-05-25 16:10:00,F,40~49,office,seoul,1,0,0,0,13,0,0,41,0,0,completed
13552,U3553,2025-12-06 11:19:00,2025-12-06 11:25:00,M,20~29,office,seoul,1,0,0,0,25,0,0,33,0,0,completed
13553,U3554,2025-05-30 15:04:00,2025-05-30 15:09:00,M,40~49,office,seoul,0,0,0,0,21,0,0,38,0,0,completed
13554,U3555,2025-03-14 18:00:00,2025-03-14 18:06:00,M,30~39,office,seoul,0,0,0,0,8,0,0,49,0,0,completed
13555,U3556,2025-07-14 13:26:00,2025-07-14 13:28:00,M,20~29,office,seoul,0,0,0,0,23,0,0,74,0,0,completed
13556,U3557,2025-06-05 09:11:00,2025-06-05 09:15:00,M,20~29,office,seoul,0,0,0,0,13,0,0,23,0,0,completed
13557,U3558,2025-12-10 12:11:00,2025-12-10 12:17:00,F,30~39,office,seoul,0,0,0,0,20,0,0,53,0,0,completed
13558,U3559,2025-04-21 15:24:00,2025-04-21 15:28:00,M,20~29,office,seoul,0,0,0,0,1,0,0,71,0,0,completed
13559,U3560,2025-04-26 12:23:00,2025-04-26 12:28:00,F,20~29,office,seoul,1,0,0,0,11,0,0,62,0,0,completed
13560,U3561,2025-12-14 08:43:00,2025-12-14 08:46:00,M,20~29,office,seoul,1,0,0,0,26,0,0,41,1,0,completed
13561,U3562,2025-07-05 18:44:00,2025-07-05 18:47:00,F,30~39,office,seoul,1,0,0,0,22,0,0,73,0,0,completed
13562,U3563,2025-07-28 17:59:00,2025-07-28 18:04:00,M,30~39,office,seoul,0,0,0,0,10,0,0,74,0,0,error
13563,U3564,2025-03-26 14:23:00,2025-03-26 14:29:00,M,50+,office,seoul,0,0,0,0,25,0,0,25,0,0,completed
13564,U3565,2025-06-09 12:10:00,2025-06-09 12:17:00,M,50+,office,seoul,0,0,0,0,26,0,0,73,0,0,abandoned
13565,U3566,2025-04-26 16:00:00,2025-04-26 16:06:00,F,50+,office,seoul,1,0,0,0,13,0,0,78,0,1,completed
13566,U3567,2025-06-12 16:55:00,2025-06-12 17:01:00,M,40~49,office,seoul,0,0,0,0,13,0,0,33,0,0,completed
13567,U3568,2025-07-22 21:48:00,2025-07-22 21:51:00,M,30~39,office,seoul,0,0,0,0,5,0,0,51,0,0,completed
13568,U3569,2025-11-28 18:04:00,2025-11-28 18:11:00,M,30~39,office,seoul,0,0,0,0,21,0,0,36,0,0,completed
13569,U3570,2025-05-04 08:53:00,2025-05-04 08:58:00,M,50+,office,seoul,1,0,0,0,19,0,0,67,0,0,completed
13570,U3571,2025-10-23 20:02:00,2025-10-23 20:09:00,F,30~39,office,seoul,0,0,0,0,10,0,0,12,0,0,completed
13571,U3572,2025-08-31 20:06:00,2025-08-31 20:13:00,M,20~29,office,seoul,1,0,0,0,4,0,0,78,0,0,completed
13572,U3573,2025-05-03 08:59:00,2025-05-03 09:03:00,F,20~29,office,seoul,1,0,0,0,12,0,0,22,0,0,completed
13573,U3574,2025-04-19 17:46:00,2025-04-19 17:50:00,M,30~39,office,seoul,1,0,0,0,7,0,0,16,0,0,completed
13574,U3575,2025-10-17 14:29:00,2025-10-17 14:31:00,M,30~39,office,seoul,0,0,0,0,19,0,0,44,0,0,completed
13575,U3576,2025-12-17 15:07:00,2025-12-17 15:09:00,M,20~29,office,seoul,0,0,0,0,6,0,0,16,0,1,completed
13576,U3577,2025-01-14 14:13:00,2025-01-14 14:15:00,F,40~49,office,seoul,0,0,0,0,9,0,0,60,0,0,completed
13577,U3578,2025-12-25 11:20:00,2025-12-25 11:24:00,F,40~49,office,seoul,0,0,0,0,4,0,0,36,0,0,completed
13578,U3579,2025-06-16 09:57:00,2025-06-16 10:03:00,F,20~29,office,seoul,0,0,0,0,2,0,0,58,0,0,abandoned
13579,U3580,2025-05-13 09:16:00,2025-05-13 09:20:00,F,50+,office,seoul,0,0,0,0,0,0,0,43,0,0,completed
13580,U3581,2025-12-08 09:25:00,2025-12-08 09:30:00,F,20~29,office,seoul,0,0,0,0,22,0,0,30,0,0,completed
13581,U3582,2025-03-25 09:08:00,2025-03-25 09:10:00,F,40~49,office,seoul,0,0,0,0,16,0,0,24,0,0,completed
13582,U3583,2025-11-29 16:58:00,2025-11-29 17:01:00,M,40~49,office,seoul,1,0,0,0,16,0,0,51,0,0,completed
13583,U3584,2025-10-24 20:37:00,2025-10-24 20:42:00,M,20~29,office,seoul,0,0,0,0,17,0,0,16,0,0,abandoned
13584,U3585,2025-09-10 11:29:00,2025-09-10 11:31:00,M,50+,office,seoul,0,0,0,0,15,0,0,54,0,0,completed
13585,U3586,2025-08-14 13:10:00,2025-08-14 13:15:00,F,20~29,office,seoul,0,0,0,0,5,0,0,13,0,0,completed
13586,U3587,2025-07-14 07:28:00,2025-07-14 07:31:00,F,20~29,office,seoul,0,0,0,0,1,0,0,11,0,0,completed
13587,U3588,2025-05-01 22:46:00,2025-05-01 22:52:00,F,30~39,office,seoul,0,0,0,0,25,0,0,10,0,0,abandoned
13588,U3589,2025-05-17 22:23:00,2025-05-17 22:28:00,M,30~39,office,seoul,1,0,0,0,14,0,0,49,0,0,completed
13589,U3590,2025-04-11 22:37:00,2025-04-11 22:42:00,F,40~49,office,seoul,0,0,0,0,3,0,0,72,0,0,completed
13590,U3591,2025-12-18 09:58:00,2025-12-18 10:04:00,M,20~29,office,seoul,0,0,0,0,20,0,0,73,0,0,completed
13591,U3592,2025-12-06 09:33:00,2025-12-06 09:35:00,F,20~29,office,seoul,1,0,0,0,27,0,0,21,0,0,completed
13592,U3593,2025-09-08 15:37:00,2025-09-08 15:44:00,F,30~39,office,seoul,0,0,0,0,16,0,0,56,0,0,completed
13593,U3594,2025-10-03 09:43:00,2025-10-03 09:48:00,M,50+,office,seoul,0,0,0,0,28,0,0,47,0,0,completed
13594,U3595,2025-05-08 18:10:00,2025-05-08 18:15:00,F,30~39,office,seoul,0,0,0,0,21,0,0,53,0,0,completed
13595,U3596,2025-01-17 09:00:00,2025-01-17 09:02:00,M,30~39,office,seoul,0,0,0,0,8,0,0,38,0,0,completed
13596,U3597,2025-08-30 11:58:00,2025-08-30 12:03:00,M,20~29,office,seoul,1,0,0,0,3,0,0,56,0,0,completed
13597,U3598,2025-08-09 15:38:00,2025-08-09 15:43:00,F,20~29,office,seoul,1,0,0,0,16,0,0,38,0,0,completed
13598,U3599,2025-08-09 11:19:00,2025-08-09 11:21:00,F,40~49,office,seoul,1,0,0,0,19,0,0,44,0,0,completed
13599,U3600,2025-04-27 12:32:00,2025-04-27 12:36:00,M,20~29,office,seoul,1,0,0,0,24,0,0,25,0,0,completed
13600,U3601,2025-08-08 15:58:00,2025-08-08 16:05:00,F,30~39,office,seoul,0,0,0,0,21,0,0,62,0,0,completed
13601,U3602,2025-02-26 09:34:00,2025-02-26 09:41:00,F,30~39,office,seoul,0,0,0,0,20,0,0,39,0,0,completed
13602,U3603,2025-12-08 12:44:00,2025-12-08 12:51:00,F,30~39,office,seoul,0,0,0,0,11,0,0,29,0,0,timeout
13603,U3604,2025-02-17 15:35:00,2025-02-17 15:39:00,F,50+,office,seoul,0,0,0,0,23,0,0,45,0,0,completed
13604,U3605,2025-07-11 18:37:00,2025-07-11 18:43:00,M,30~39,office,seoul,0,0,0,0,17,0,0,57,0,0,completed
13605,U3606,2025-01-16 08:27:00,2025-01-16 08:31:00,M,20~29,office,seoul,0,0,0,0,5,0,0,44,0,0,completed
13606,U3607,2025-11-30 20:27:00,2025-11-30 20:31:00,F,40~49,office,seoul,1,0,0,0,22,0,0,48,0,0,completed
13607,U3608,2025-12-27 13:21:00,2025-12-27 13:27:00,M,20~29,office,seoul,1,0,0,0,4,0,0,52,0,0,completed
13608,U3609,2025-04-02 18:52:00,2025-04-02 18:59:00,F,30~39,office,seoul,0,0,0,0,11,0,0,11,0,0,completed
13609,U3610,2025-02-26 13:13:00,2025-02-26 13:15:00,F,20~29,office,seoul,0,0,0,0,9,0,0,53,1,0,completed
13610,U3611,2025-06-14 11:37:00,2025-06-14 11:44:00,M,50+,office,seoul,1,0,0,0,15,0,0,31,0,0,completed
13611,U3612,2025-12-22 13:09:00,2025-12-22 13:12:00,M,40~49,office,seoul,0,0,0,0,0,0,0,58,0,0,completed
13612,U3613,2025-09-11 11:47:00,2025-09-11 11:51:00,M,20~29,office,seoul,0,0,0,0,6,0,0,26,0,0,completed
13613,U3614,2025-07-19 15:49:00,2025-07-19 15:56:00,M,20~29,office,seoul,1,0,0,0,16,0,0,32,0,0,abandoned
13614,U3615,2025-03-17 09:08:00,2025-03-17 09:10:00,F,50+,office,seoul,0,0,0,0,3,0,0,76,0,0,completed
13615,U3616,2025-12-22 19:48:00,2025-12-22 19:51:00,M,30~39,office,seoul,0,0,0,0,5,0,0,44,0,0,completed
13616,U3617,2025-09-29 18:13:00,2025-09-29 18:17:00,F,40~49,office,seoul,0,0,0,0,23,0,0,11,0,0,completed
13617,U3618,2025-01-20 15:18:00,2025-01-20 15:23:00,F,40~49,office,seoul,0,0,0,0,20,0,0,39,0,0,abandoned
13618,U3619,2025-07-29 12:37:00,2025-07-29 12:43:00,F,50+,office,seoul,0,0,0,0,2,0,0,33,0,0,timeout
13619,U3620,2025-07-25 15:14:00,2025-07-25 15:20:00,F,50+,office,seoul,0,0,0,0,17,0,0,37,0,0,completed
13620,U3621,2025-02-06 17:41:00,2025-02-06 17:45:00,M,40~49,office,seoul,0,0,0,0,3,0,0,26,0,0,abandoned
13621,U3622,2025-07-11 18:40:00,2025-07-11 18:42:00,F,30~39,office,seoul,0,0,0,0,11,0,0,45,0,0,timeout
13622,U3623,2025-10-05 14:32:00,2025-10-05 14:37:00,F,30~39,office,seoul,1,0,0,0,13,0,0,70,0,0,abandoned
13623,U3624,2025-12-21 16:41:00,2025-12-21 16:48:00,F,30~39,office,seoul,1,0,0,0,21,0,0,11,0,0,completed
13624,U3625,2025-11-29 07:11:00,2025-11-29 07:17:00,F,20~29,office,seoul,1,0,0,0,2,0,0,34,0,0,completed
13625,U3626,2025-01-18 09:17:00,2025-01-18 09:19:00,F,30~39,office,seoul,1,0,0,0,20,0,0,78,0,0,completed
13626,U3627,2025-01-26 20:13:00,2025-01-26 20:15:00,F,40~49,office,seoul,1,0,0,0,14,0,0,42,0,0,completed
13627,U3628,2025-10-20 13:02:00,2025-10-20 13:04:00,F,20~29,office,seoul,0,0,0,0,9,0,0,29,0,0,completed
13628,U3629,2025-01-24 12:05:00,2025-01-24 12:09:00,M,50+,office,seoul,0,0,0,0,4,0,0,21,0,0,completed
13629,U3630,2025-01-27 17:06:00,2025-01-27 17:11:00,M,50+,office,seoul,0,0,0,0,9,0,0,34,0,0,completed
13630,U3631,2025-09-17 13:11:00,2025-09-17 13:18:00,F,30~39,office,seoul,0,0,0,0,5,0,0,60,0,0,completed
13631,U3632,2025-10-21 20:22:00,2025-10-21 20:27:00,F,20~29,office,seoul,0,0,0,0,1,0,0,20,0,0,completed
13632,U3633,2025-07-18 15:51:00,2025-07-18 15:57:00,F,40~49,office,seoul,0,0,0,0,29,0,0,32,0,0,completed
13633,U3634,2025-02-04 13:36:00,2025-02-04 13:42:00,F,20~29,office,seoul,0,0,0,0,19,0,0,23,0,0,completed
13634,U3635,2025-12-17 16:03:00,2025-12-17 16:07:00,F,20~29,office,seoul,0,0,0,0,13,0,0,35,0,0,abandoned
13635,U3636,2025-05-07 19:58:00,2025-05-07 20:03:00,F,20~29,office,seoul,0,0,0,0,20,0,0,47,0,0,completed
13636,U3637,2025-06-07 07:56:00,2025-06-07 08:03:00,F,40~49,office,seoul,1,0,0,0,14,0,0,33,0,0,completed
13637,U3638,2025-04-19 22:02:00,2025-04-19 22:07:00,F,20~29,office,seoul,1,0,0,0,27,0,0,61,0,0,completed
13638,U3639,2025-01-25 16:53:00,2025-01-25 16:57:00,M,20~29,office,seoul,1,0,0,0,5,0,0,43,0,0,completed
13639,U3640,2025-11-10 11:13:00,2025-11-10 11:17:00,F,50+,office,seoul,0,0,0,0,1,0,0,38,0,0,completed
13640,U3641,2025-12-25 15:47:00,2025-12-25 15:50:00,M,20~29,office,seoul,0,0,0,0,9,0,0,24,0,0,completed
13641,U3642,2025-11-03 16:54:00,2025-11-03 16:58:00,M,40~49,office,seoul,0,0,0,0,21,0,0,64,0,0,completed
13642,U3643,2025-05-26 13:22:00,2025-05-26 13:29:00,M,50+,office,seoul,0,0,0,0,14,0,0,78,0,0,completed
13643,U3644,2025-04-09 08:17:00,2025-04-09 08:21:00,M,40~49,office,seoul,0,0,0,0,3,0,0,47,0,0,error
13644,U3645,2025-09-23 12:09:00,2025-09-23 12:13:00,M,20~29,office,seoul,0,0,0,0,6,0,0,14,0,0,completed
13645,U3646,2025-08-05 07:40:00,2025-08-05 07:45:00,M,50+,office,seoul,0,0,0,0,17,0,0,27,0,0,completed
13646,U3647,2025-08-08 08:37:00,2025-08-08 08:43:00,F,20~29,office,seoul,0,0,0,0,8,0,0,44,0,0,completed
13647,U3648,2025-09-15 16:54:00,2025-09-15 16:57:00,M,30~39,office,seoul,0,0,0,0,6,0,0,40,0,0,abandoned
13648,U3649,2025-02-02 18:41:00,2025-02-02 18:47:00,F,20~29,office,seoul,1,0,0,0,16,0,0,62,0,0,abandoned
13649,U3650,2025-04-19 11:13:00,2025-04-19 11:16:00,F,40~49,office,seoul,1,0,0,0,10,0,0,63,0,0,completed
13650,U3651,2025-08-05 11:43:00,2025-08-05 11:47:00,F,20~29,office,seoul,0,0,0,0,2,0,0,32,0,0,completed
13651,U3652,2025-04-25 16:00:00,2025-04-25 16:02:00,M,20~29,office,seoul,0,0,0,0,5,0,0,33,0,0,abandoned
13652,U3653,2025-10-28 12:13:00,2025-10-28 12:19:00,F,50+,office,seoul,0,0,0,0,0,0,0,30,0,0,completed
13653,U3654,2025-11-08 12:32:00,2025-11-08 12:37:00,F,20~29,office,seoul,1,0,0,0,17,0,0,76,0,0,completed
13654,U3655,2025-08-30 15:40:00,2025-08-30 15:45:00,F,20~29,office,seoul,1,0,0,0,9,0,0,12,0,0,completed
13655,U3656,2025-05-05 12:59:00,2025-05-05 13:03:00,F,30~39,office,seoul,0,0,0,0,23,0,0,14,0,0,completed
13656,U3657,2025-03-15 22:22:00,2025-03-15 22:25:00,F,40~49,office,seoul,1,0,0,0,22,0,0,36,0,0,completed
13657,U3658,2025-10-29 11:12:00,2025-10-29 11:16:00,F,30~39,office,seoul,0,0,0,0,27,0,0,50,0,0,completed
13658,U3659,2025-08-12 12:06:00,2025-08-12 12:13:00,M,20~29,office,seoul,0,0,0,0,21,0,0,35,0,0,completed
13659,U3660,2025-11-19 12:08:00,2025-11-19 12:13:00,F,20~29,office,seoul,0,0,0,0,2,0,0,59,0,0,completed
13660,U3661,2025-08-28 19:11:00,2025-08-28 19:15:00,M,30~39,office,seoul,0,0,0,0,1,0,0,46,0,0,abandoned
13661,U3662,2025-09-05 09:04:00,2025-09-05 09:07:00,M,50+,office,seoul,0,0,0,0,12,0,0,58,0,0,completed
13662,U3663,2025-07-25 08:08:00,2025-07-25 08:15:00,F,30~39,office,seoul,0,0,0,0,6,0,0,27,0,0,completed
13663,U3664,2025-05-18 14:05:00,2025-05-18 14:10:00,F,40~49,office,seoul,1,0,0,0,18,0,0,77,0,0,completed
13664,U3665,2025-07-23 17:11:00,2025-07-23 17:15:00,F,50+,office,seoul,0,0,0,0,7,0,0,73,0,0,completed
13665,U3666,2025-06-27 20:46:00,2025-06-27 20:51:00,M,20~29,office,seoul,0,0,0,0,27,0,0,33,0,0,completed
13666,U3667,2025-07-23 14:32:00,2025-07-23 14:34:00,F,20~29,office,seoul,0,0,0,0,0,0,0,63,0,0,completed
13667,U3668,2025-08-10 15:14:00,2025-08-10 15:20:00,F,20~29,office,seoul,1,0,0,0,3,0,0,57,0,0,completed
13668,U3669,2025-12-26 07:10:00,2025-12-26 07:17:00,M,20~29,office,seoul,0,0,0,0,25,0,0,30,0,0,completed
13669,U3670,2025-06-06 21:23:00,2025-06-06 21:29:00,M,30~39,office,seoul,0,0,0,0,22,0,0,37,0,0,completed
13670,U3671,2025-12-24 13:57:00,2025-12-24 14:03:00,F,20~29,office,seoul,0,0,0,0,5,0,0,49,0,0,completed
13671,U3672,2025-03-22 08:16:00,2025-03-22 08:20:00,M,20~29,office,seoul,1,0,0,0,6,0,0,68,0,0,completed
13672,U3673,2025-02-01 08:20:00,2025-02-01 08:25:00,F,20~29,office,seoul,1,0,0,0,14,0,0,59,0,0,completed
13673,U3674,2025-07-12 16:54:00,2025-07-12 17:00:00,M,20~29,office,seoul,1,0,0,0,26,0,0,67,0,0,completed
13674,U3675,2025-03-11 15:41:00,2025-03-11 15:47:00,F,20~29,office,seoul,0,0,0,0,26,0,0,15,0,0,completed
13675,U3676,2025-12-18 20:44:00,2025-12-18 20:48:00,M,20~29,office,seoul,0,0,0,0,25,0,0,70,0,0,completed
13676,U3677,2025-05-19 14:51:00,2025-05-19 14:53:00,M,20~29,office,seoul,0,0,0,0,24,0,0,41,0,0,completed
13677,U3678,2025-11-10 08:17:00,2025-11-10 08:24:00,F,40~49,office,seoul,0,0,0,0,25,0,0,36,0,0,completed
13678,U3679,2025-12-20 12:57:00,2025-12-20 13:00:00,F,40~49,office,seoul,1,0,0,0,22,0,0,62,0,0,completed
13679,U3680,2025-07-22 19:30:00,2025-07-22 19:35:00,F,50+,office,seoul,0,0,0,0,12,0,0,76,0,0,completed
13680,U3681,2025-02-20 13:53:00,2025-02-20 13:57:00,M,20~29,office,seoul,0,0,0,0,19,0,0,69,0,0,completed
13681,U3682,2025-08-11 08:48:00,2025-08-11 08:54:00,M,30~39,office,seoul,0,0,0,0,13,0,0,65,0,0,completed
13682,U3683,2025-07-16 13:25:00,2025-07-16 13:32:00,M,50+,office,seoul,0,0,0,0,15,0,0,27,0,0,completed
13683,U3684,2025-09-30 14:08:00,2025-09-30 14:11:00,F,40~49,office,seoul,0,0,0,0,3,0,0,29,0,0,completed
13684,U3685,2025-06-21 11:28:00,2025-06-21 11:33:00,M,30~39,office,seoul,1,0,0,0,17,0,0,50,0,0,completed
13685,U3686,2025-05-01 13:20:00,2025-05-01 13:27:00,F,30~39,office,seoul,0,0,0,0,2,0,0,67,0,0,abandoned
13686,U3687,2025-08-05 17:02:00,2025-08-05 17:07:00,F,50+,office,seoul,0,0,0,0,20,0,0,54,0,0,completed
13687,U3688,2025-01-07 22:14:00,2025-01-07 22:18:00,M,50+,office,seoul,0,0,0,0,19,0,0,76,0,0,completed
13688,U3689,2025-07-22 09:44:00,2025-07-22 09:48:00,F,30~39,office,seoul,0,0,0,0,4,0,0,40,0,0,completed
13689,U3690,2025-12-03 09:02:00,2025-12-03 09:06:00,F,30~39,office,seoul,0,0,0,0,5,0,0,33,0,0,completed
13690,U3691,2025-03-08 12:30:00,2025-03-08 12:37:00,F,30~39,office,seoul,1,0,0,0,29,0,0,56,0,0,completed
13691,U3692,2025-02-12 14:09:00,2025-02-12 14:14:00,F,40~49,office,seoul,0,0,0,0,14,0,0,40,0,0,completed
13692,U3693,2025-06-01 08:08:00,2025-06-01 08:13:00,F,30~39,office,seoul,1,0,0,0,17,0,0,26,0,0,abandoned
13693,U3694,2025-04-22 11:38:00,2025-04-22 11:41:00,M,50+,office,seoul,0,0,0,0,1,0,0,62,1,0,completed
13694,U3695,2025-09-06 09:28:00,2025-09-06 09:34:00,M,20~29,office,seoul,1,0,0,0,21,0,0,54,0,0,completed
13695,U3696,2025-01-07 08:15:00,2025-01-07 08:18:00,F,20~29,office,seoul,0,0,0,0,12,0,0,16,0,0,completed
13696,U3697,2025-05-13 07:06:00,2025-05-13 07:12:00,F,50+,office,seoul,0,0,0,0,29,0,0,36,1,0,completed
13697,U3698,2025-01-14 15:53:00,2025-01-14 15:58:00,F,50+,office,seoul,0,0,0,0,23,0,0,34,0,0,timeout
13698,U3699,2025-09-11 11:33:00,2025-09-11 11:40:00,M,20~29,office,seoul,0,0,0,0,15,0,0,40,0,0,completed
13699,U3700,2025-10-01 14:21:00,2025-10-01 14:23:00,F,40~49,office,seoul,0,0,0,0,6,0,0,17,0,0,completed
13700,U3701,2025-08-07 22:55:00,2025-08-07 23:00:00,F,30~39,office,seoul,0,0,0,0,9,0,0,43,0,0,completed
13701,U3702,2025-11-26 13:18:00,2025-11-26 13:23:00,M,20~29,office,seoul,0,0,0,0,20,0,0,65,0,0,completed
13702,U3703,2025-09-09 21:22:00,2025-09-09 21:27:00,M,40~49,office,seoul,0,0,0,0,24,0,0,10,0,0,completed
13703,U3704,2025-02-28 15:09:00,2025-02-28 15:13:00,M,40~49,office,seoul,0,0,0,0,26,0,0,50,0,0,timeout
13704,U3705,2025-04-25 22:38:00,2025-04-25 22:43:00,F,30~39,office,seoul,0,0,0,0,0,0,0,59,0,0,completed
13705,U3706,2025-03-13 16:08:00,2025-03-13 16:13:00,M,30~39,office,seoul,0,0,0,0,10,0,0,71,0,0,completed
13706,U3707,2025-09-16 08:53:00,2025-09-16 09:00:00,F,30~39,office,seoul,0,0,0,0,26,0,0,28,0,0,completed
13707,U3708,2025-03-03 12:21:00,2025-03-03 12:25:00,M,30~39,office,seoul,0,0,0,0,29,0,0,27,0,0,completed
13708,U3709,2025-05-06 15:17:00,2025-05-06 15:19:00,F,20~29,office,seoul,0,0,0,0,16,0,0,56,0,0,completed
13709,U3710,2025-09-03 07:43:00,2025-09-03 07:46:00,F,40~49,office,seoul,0,0,0,0,1,0,0,46,0,0,completed
13710,U3711,2025-07-25 15:55:00,2025-07-25 16:02:00,M,20~29,office,seoul,0,0,0,0,22,0,0,26,0,0,abandoned
13711,U3712,2025-10-11 09:16:00,2025-10-11 09:18:00,F,30~39,office,seoul,1,0,0,0,27,0,0,67,0,0,completed
13712,U3713,2025-11-01 19:26:00,2025-11-01 19:29:00,M,20~29,office,seoul,1,0,0,0,18,0,0,73,0,0,timeout
13713,U3714,2025-04-21 07:50:00,2025-04-21 07:52:00,M,30~39,office,seoul,0,0,0,0,13,0,0,38,0,0,completed
13714,U3715,2025-08-22 15:59:00,2025-08-22 16:03:00,M,30~39,office,seoul,0,0,0,0,21,0,0,58,0,0,completed
13715,U3716,2025-09-30 16:24:00,2025-09-30 16:26:00,F,40~49,office,seoul,0,0,0,0,4,0,0,64,0,0,completed
13716,U3717,2025-07-31 17:33:00,2025-07-31 17:37:00,F,20~29,office,seoul,0,0,0,0,28,0,0,13,0,0,completed
13717,U3718,2025-06-23 14:25:00,2025-06-23 14:31:00,M,20~29,office,seoul,0,0,0,0,11,0,0,79,0,0,completed
13718,U3719,2025-05-27 09:00:00,2025-05-27 09:02:00,F,20~29,office,seoul,0,0,0,0,14,0,0,67,0,0,completed
13719,U3720,2025-01-15 15:15:00,2025-01-15 15:19:00,F,20~29,office,seoul,0,0,0,0,15,0,0,14,0,0,completed
13720,U3721,2025-07-20 08:27:00,2025-07-20 08:29:00,M,20~29,office,seoul,1,0,0,0,2,0,0,43,0,1,completed
13721,U3722,2025-07-22 17:04:00,2025-07-22 17:08:00,F,30~39,office,seoul,0,0,0,0,10,0,0,55,0,0,completed
13722,U3723,2025-05-20 12:26:00,2025-05-20 12:33:00,F,50+,office,seoul,0,0,0,0,21,0,0,77,0,0,completed
13723,U3724,2025-08-12 18:58:00,2025-08-12 19:00:00,F,50+,office,seoul,0,0,0,0,25,0,0,30,0,0,completed
13724,U3725,2025-09-06 22:25:00,2025-09-06 22:30:00,M,30~39,office,seoul,1,0,0,0,9,0,0,26,0,0,completed
13725,U3726,2025-01-05 18:36:00,2025-01-05 18:38:00,M,40~49,office,seoul,1,0,0,0,22,0,0,71,1,0,completed
13726,U3727,2025-12-01 12:31:00,2025-12-01 12:33:00,M,30~39,office,seoul,0,0,0,0,0,0,0,32,0,0,completed
13727,U3728,2025-05-26 20:38:00,2025-05-26 20:42:00,M,20~29,office,seoul,0,0,0,0,1,0,0,40,0,0,completed
13728,U3729,2025-02-06 08:52:00,2025-02-06 08:57:00,F,20~29,office,seoul,0,0,0,0,24,0,0,30,0,0,completed
13729,U3730,2025-08-02 11:54:00,2025-08-02 11:58:00,M,30~39,office,seoul,1,0,0,0,28,0,0,56,0,0,completed
13730,U3731,2025-04-01 12:51:00,2025-04-01 12:55:00,F,50+,office,seoul,0,0,0,0,0,0,0,45,0,0,completed
13731,U3732,2025-03-04 16:27:00,2025-03-04 16:31:00,M,30~39,office,seoul,0,0,0,0,8,0,0,15,0,0,error
13732,U3733,2025-12-27 08:56:00,2025-12-27 08:58:00,F,40~49,office,seoul,1,0,0,0,27,0,0,13,0,0,completed
13733,U3734,2025-04-02 15:51:00,2025-04-02 15:55:00,M,20~29,office,seoul,0,0,0,0,4,0,0,57,0,0,abandoned
13734,U3735,2025-08-14 16:41:00,2025-08-14 16:44:00,F,50+,office,seoul,0,0,0,0,5,0,0,18,0,0,completed
13735,U3736,2025-07-29 09:08:00,2025-07-29 09:14:00,M,30~39,office,seoul,0,0,0,0,19,0,0,78,0,0,completed
13736,U3737,2025-03-16 16:17:00,2025-03-16 16:19:00,M,20~29,office,seoul,1,0,0,0,2,0,0,58,0,0,completed
13737,U3738,2025-11-05 07:54:00,2025-11-05 07:59:00,F,20~29,office,seoul,0,0,0,0,26,0,0,65,0,0,completed
13738,U3739,2025-07-05 08:22:00,2025-07-05 08:27:00,M,50+,office,seoul,1,0,0,0,26,0,0,39,0,1,abandoned
13739,U3740,2025-09-11 19:45:00,2025-09-11 19:47:00,F,20~29,office,seoul,0,0,0,0,18,0,0,15,0,0,completed
13740,U3741,2025-04-16 17:38:00,2025-04-16 17:42:00,F,40~49,office,seoul,0,0,0,0,20,0,0,20,0,0,completed
13741,U3742,2025-06-14 16:30:00,2025-06-14 16:36:00,F,40~49,office,seoul,1,0,0,0,4,0,0,13,0,0,completed
13742,U3743,2025-05-19 16:46:00,2025-05-19 16:53:00,F,40~49,office,seoul,0,0,0,0,6,0,0,14,0,0,completed
13743,U3744,2025-09-26 12:01:00,2025-09-26 12:07:00,M,40~49,office,seoul,0,0,0,0,8,0,0,33,0,0,completed
13744,U3745,2025-06-13 20:38:00,2025-06-13 20:45:00,M,50+,office,seoul,0,0,0,0,23,0,0,58,0,1,completed
13745,U3746,2025-10-25 17:18:00,2025-10-25 17:22:00,F,40~49,office,seoul,1,0,0,0,8,0,0,79,0,0,completed
13746,U3747,2025-02-18 17:42:00,2025-02-18 17:47:00,F,20~29,office,seoul,0,0,0,0,27,0,0,43,0,0,completed
13747,U3748,2025-02-01 15:22:00,2025-02-01 15:26:00,F,20~29,office,seoul,1,0,0,0,20,0,0,42,0,0,completed
13748,U3749,2025-02-04 12:29:00,2025-02-04 12:33:00,M,20~29,office,seoul,0,0,0,0,15,0,0,50,0,0,completed
13749,U3750,2025-10-04 17:53:00,2025-10-04 18:00:00,M,40~49,office,seoul,1,0,0,0,5,0,0,61,0,0,completed
13750,U3751,2025-01-10 20:30:00,2025-01-10 20:35:00,M,30~39,office,seoul,0,0,0,0,29,0,0,48,0,0,completed
13751,U3752,2025-02-24 08:23:00,2025-02-24 08:25:00,F,20~29,office,seoul,0,0,0,0,20,0,0,17,0,0,completed
13752,U3753,2025-01-05 18:10:00,2025-01-05 18:12:00,F,30~39,office,seoul,1,0,0,0,2,0,0,45,0,0,error
13753,U3754,2025-08-25 13:18:00,2025-08-25 13:25:00,F,50+,office,seoul,0,0,0,0,13,0,0,44,0,0,completed
13754,U3755,2025-11-21 12:49:00,2025-11-21 12:55:00,F,50+,office,seoul,0,0,0,0,10,0,0,16,1,0,completed
13755,U3756,2025-01-22 11:48:00,2025-01-22 11:54:00,F,30~39,office,seoul,0,0,0,0,7,0,0,55,0,0,completed
13756,U3757,2025-07-13 20:16:00,2025-07-13 20:19:00,M,20~29,office,seoul,1,0,0,0,8,0,0,77,0,0,completed
13757,U3758,2025-04-13 16:46:00,2025-04-13 16:52:00,F,40~49,office,seoul,1,0,0,0,13,0,0,78,0,0,completed
13758,U3759,2025-12-02 12:13:00,2025-12-02 12:17:00,M,50+,office,seoul,0,0,0,0,9,0,0,31,0,0,completed
13759,U3760,2025-10-08 15:57:00,2025-10-08 16:01:00,F,20~29,office,seoul,0,0,0,0,10,0,0,25,0,0,completed
13760,U3761,2025-07-27 12:30:00,2025-07-27 12:32:00,F,30~39,office,seoul,1,0,0,0,15,0,0,10,0,0,timeout
13761,U3762,2025-03-03 11:00:00,2025-03-03 11:07:00,F,40~49,office,seoul,0,0,0,0,18,0,0,56,0,0,completed
13762,U3763,2025-11-01 15:35:00,2025-11-01 15:41:00,F,50+,office,seoul,1,0,0,0,10,0,0,74,0,0,completed
13763,U3764,2025-06-03 16:16:00,2025-06-03 16:20:00,M,20~29,office,seoul,0,0,0,0,5,0,0,50,0,0,completed
13764,U3765,2025-08-14 15:10:00,2025-08-14 15:17:00,F,30~39,office,seoul,0,0,0,0,8,0,0,57,0,0,completed
13765,U3766,2025-05-31 22:04:00,2025-05-31 22:11:00,F,40~49,office,seoul,1,0,0,0,26,0,0,63,0,0,abandoned
13766,U3767,2025-11-14 16:44:00,2025-11-14 16:51:00,F,20~29,office,seoul,0,0,0,0,19,0,0,19,0,0,completed
13767,U3768,2025-07-21 14:34:00,2025-07-21 14:38:00,M,20~29,office,seoul,0,0,0,0,6,0,0,18,0,0,completed
13768,U3769,2025-07-22 09:01:00,2025-07-22 09:07:00,F,30~39,office,seoul,0,0,0,0,12,0,0,44,0,0,completed
13769,U3770,2025-11-22 16:33:00,2025-11-22 16:36:00,F,20~29,office,seoul,1,0,0,0,19,0,0,28,0,0,abandoned
13770,U3771,2025-09-20 14:24:00,2025-09-20 14:26:00,F,40~49,office,seoul,1,0,0,0,0,0,0,60,0,1,completed
13771,U3772,2025-03-10 16:39:00,2025-03-10 16:46:00,F,20~29,office,seoul,0,0,0,0,9,0,0,54,0,1,completed
13772,U3773,2025-08-06 08:41:00,2025-08-06 08:46:00,F,20~29,office,seoul,0,0,0,0,13,0,0,79,0,0,completed
13773,U3774,2025-11-17 19:30:00,2025-11-17 19:33:00,F,50+,office,seoul,0,0,0,0,13,0,0,61,0,0,completed
13774,U3775,2025-01-08 07:33:00,2025-01-08 07:40:00,M,20~29,office,seoul,0,0,0,0,11,0,0,40,0,0,completed
13775,U3776,2025-01-20 11:19:00,2025-01-20 11:26:00,M,20~29,office,seoul,0,0,0,0,22,0,0,14,0,0,completed
13776,U3777,2025-07-12 08:15:00,2025-07-12 08:18:00,M,40~49,office,seoul,1,0,0,0,29,0,0,47,0,0,completed
13777,U3778,2025-09-11 14:21:00,2025-09-11 14:23:00,M,40~49,office,seoul,0,0,0,0,28,0,0,66,0,0,error
13778,U3779,2025-09-09 12:24:00,2025-09-09 12:26:00,F,20~29,office,seoul,0,0,0,0,4,0,0,71,0,0,completed
13779,U3780,2025-05-28 22:03:00,2025-05-28 22:07:00,F,40~49,office,seoul,0,0,0,0,24,0,0,79,0,0,completed
13780,U3781,2025-03-31 07:44:00,2025-03-31 07:50:00,F,20~29,office,seoul,0,0,0,0,6,0,0,78,0,0,completed
13781,U3782,2025-10-11 09:14:00,2025-10-11 09:20:00,F,30~39,office,seoul,1,0,0,0,0,0,0,28,0,0,completed
13782,U3783,2025-06-20 14:08:00,2025-06-20 14:12:00,M,20~29,office,seoul,0,0,0,0,5,0,0,22,0,0,abandoned
13783,U3784,2025-04-07 15:18:00,2025-04-07 15:24:00,M,50+,office,seoul,0,0,0,0,25,0,0,66,0,0,completed
13784,U3785,2025-11-06 18:17:00,2025-11-06 18:23:00,M,50+,office,seoul,0,0,0,0,7,0,0,77,0,0,completed
13785,U3786,2025-03-30 13:03:00,2025-03-30 13:05:00,M,50+,office,seoul,1,0,0,0,29,0,0,21,0,0,completed
13786,U3787,2025-02-26 12:08:00,2025-02-26 12:11:00,M,40~49,office,seoul,0,0,0,0,21,0,0,20,0,0,completed
13787,U3788,2025-04-16 13:17:00,2025-04-16 13:23:00,F,50+,office,seoul,0,0,0,0,5,0,0,45,0,0,completed
13788,U3789,2025-08-23 11:13:00,2025-08-23 11:20:00,F,20~29,office,seoul,1,0,0,0,12,0,0,51,0,0,completed
13789,U3790,2025-04-27 08:19:00,2025-04-27 08:23:00,F,40~49,office,seoul,1,0,0,0,10,0,0,73,0,0,completed
13790,U3791,2025-03-16 14:41:00,2025-03-16 14:45:00,F,30~39,office,seoul,1,0,0,0,11,0,0,43,0,0,abandoned
13791,U3792,2025-04-18 16:24:00,2025-04-18 16:29:00,F,50+,office,seoul,0,0,0,0,23,0,0,43,0,0,completed
13792,U3793,2025-07-18 15:26:00,2025-07-18 15:28:00,F,20~29,office,seoul,0,0,0,0,20,0,0,68,0,0,completed
13793,U3794,2025-12-30 15:54:00,2025-12-30 15:58:00,F,30~39,office,seoul,0,0,0,0,1,0,0,66,0,0,completed
13794,U3795,2025-10-10 11:37:00,2025-10-10 11:39:00,F,30~39,office,seoul,0,0,0,0,25,0,0,66,0,0,completed
13795,U3796,2025-05-03 14:29:00,2025-05-03 14:36:00,M,20~29,office,seoul,1,0,0,0,3,0,0,36,0,0,completed
13796,U3797,2025-04-12 09:27:00,2025-04-12 09:31:00,F,30~39,office,seoul,1,0,0,0,8,0,0,36,0,0,completed
13797,U3798,2025-08-29 14:24:00,2025-08-29 14:29:00,F,30~39,office,seoul,0,0,0,0,24,0,0,19,0,0,timeout
13798,U3799,2025-06-23 12:19:00,2025-06-23 12:24:00,F,40~49,office,seoul,0,0,0,0,5,0,0,49,0,0,completed
13799,U3800,2025-02-24 11:30:00,2025-02-24 11:34:00,F,30~39,office,seoul,0,0,0,0,23,0,0,45,0,0,completed
13800,U3801,2025-02-18 08:51:00,2025-02-18 08:56:00,M,30~39,office,seoul,0,0,0,0,23,0,0,76,0,0,completed
13801,U3802,2025-07-04 16:17:00,2025-07-04 16:24:00,M,40~49,office,seoul,0,0,0,0,13,0,0,15,0,0,completed
13802,U3803,2025-03-24 15:35:00,2025-03-24 15:42:00,F,30~39,office,seoul,0,0,0,0,5,0,0,25,0,0,completed
13803,U3804,2025-11-14 16:45:00,2025-11-14 16:50:00,F,20~29,office,seoul,0,0,0,0,23,0,0,56,0,0,completed
13804,U3805,2025-11-29 13:24:00,2025-11-29 13:30:00,F,20~29,office,seoul,1,0,0,0,24,0,0,65,0,0,completed
13805,U3806,2025-02-02 12:47:00,2025-02-02 12:53:00,M,40~49,office,seoul,1,0,0,0,15,0,0,10,0,0,completed
13806,U3807,2025-07-16 15:59:00,2025-07-16 16:06:00,M,50+,office,seoul,0,0,0,0,8,0,0,49,0,0,completed
13807,U3808,2025-09-12 15:39:00,2025-09-12 15:41:00,F,40~49,office,seoul,0,0,0,0,11,0,0,38,0,0,completed
13808,U3809,2025-08-11 07:58:00,2025-08-11 08:01:00,M,40~49,office,seoul,0,0,0,0,1,0,0,75,0,0,abandoned
13809,U3810,2025-01-10 15:39:00,2025-01-10 15:43:00,M,20~29,office,seoul,0,0,0,0,24,0,0,39,0,0,completed
13810,U3811,2025-11-02 07:29:00,2025-11-02 07:36:00,F,20~29,office,seoul,1,0,0,0,15,0,0,61,0,0,completed
13811,U3812,2025-11-14 15:11:00,2025-11-14 15:13:00,F,20~29,office,seoul,0,0,0,0,14,0,0,11,0,0,completed
13812,U3813,2025-10-31 18:39:00,2025-10-31 18:43:00,M,30~39,office,seoul,0,0,0,0,28,0,0,10,0,0,completed
13813,U3814,2025-08-26 08:20:00,2025-08-26 08:24:00,M,50+,office,seoul,0,0,0,0,21,0,0,69,1,0,completed
13814,U3815,2025-06-12 16:51:00,2025-06-12 16:55:00,M,40~49,office,seoul,0,0,0,0,21,0,0,19,0,0,completed
13815,U3816,2025-09-15 07:39:00,2025-09-15 07:45:00,M,50+,office,seoul,0,0,0,0,2,0,0,49,0,0,completed
13816,U3817,2025-08-11 17:42:00,2025-08-11 17:48:00,F,50+,office,seoul,0,0,0,0,19,0,0,25,0,0,completed
13817,U3818,2025-04-26 09:59:00,2025-04-26 10:03:00,F,30~39,office,seoul,1,0,0,0,27,0,0,54,0,0,completed
13818,U3819,2025-03-28 16:27:00,2025-03-28 16:31:00,F,50+,office,seoul,0,0,0,0,16,0,0,63,0,0,completed
13819,U3820,2025-04-26 11:59:00,2025-04-26 12:04:00,F,20~29,office,seoul,1,0,0,0,27,0,0,18,0,0,completed
13820,U3821,2025-03-26 18:58:00,2025-03-26 19:01:00,F,50+,office,seoul,0,0,0,0,25,0,0,43,0,0,completed
13821,U3822,2025-02-28 12:17:00,2025-02-28 12:23:00,F,20~29,office,seoul,0,0,0,0,16,0,0,74,0,1,completed
13822,U3823,2025-10-17 14:20:00,2025-10-17 14:23:00,F,30~39,office,seoul,0,0,0,0,29,0,0,10,0,0,completed
13823,U3824,2025-05-18 08:26:00,2025-05-18 08:33:00,F,20~29,office,seoul,1,0,0,0,29,0,0,71,0,0,completed
13824,U3825,2025-07-24 16:37:00,2025-07-24 16:41:00,M,50+,office,seoul,0,0,0,0,19,0,0,70,0,0,completed
13825,U3826,2025-05-08 11:47:00,2025-05-08 11:50:00,F,20~29,office,seoul,0,0,0,0,23,0,0,62,0,0,completed
13826,U3827,2025-02-18 20:06:00,2025-02-18 20:10:00,F,30~39,office,seoul,0,0,0,0,12,0,0,43,0,0,completed
13827,U3828,2025-01-12 13:43:00,2025-01-12 13:46:00,M,20~29,office,seoul,1,0,0,0,0,0,0,14,0,0,completed
13828,U3829,2025-08-24 15:25:00,2025-08-24 15:29:00,M,30~39,office,seoul,1,0,0,0,3,0,0,40,0,0,completed
13829,U3830,2025-11-06 15:18:00,2025-11-06 15:24:00,M,50+,office,seoul,0,0,0,0,10,0,0,69,0,0,completed
13830,U3831,2025-09-30 16:16:00,2025-09-30 16:21:00,F,30~39,office,seoul,0,0,0,0,11,0,0,69,0,0,completed
13831,U3832,2025-04-26 14:54:00,2025-04-26 14:56:00,F,40~49,office,seoul,1,0,0,0,14,0,0,30,0,0,completed
13832,U3833,2025-05-11 16:43:00,2025-05-11 16:50:00,M,30~39,office,seoul,1,0,0,0,17,0,0,61,0,0,completed
13833,U3834,2025-02-18 08:05:00,2025-02-18 08:07:00,F,40~49,office,seoul,0,0,0,0,28,0,0,20,0,0,completed
13834,U3835,2025-02-03 17:06:00,2025-02-03 17:11:00,M,40~49,office,seoul,0,0,0,0,1,0,0,63,0,0,completed
13835,U3836,2025-11-23 12:27:00,2025-11-23 12:33:00,M,40~49,office,seoul,1,0,0,0,14,0,0,55,0,0,completed
13836,U3837,2025-09-04 11:09:00,2025-09-04 11:14:00,M,30~39,office,seoul,0,0,0,0,6,0,0,79,0,0,completed
13837,U3838,2025-04-03 16:41:00,2025-04-03 16:43:00,M,20~29,office,seoul,0,0,0,0,15,0,0,79,0,0,completed
13838,U3839,2025-05-16 13:08:00,2025-05-16 13:14:00,F,50+,office,seoul,0,0,0,0,29,0,0,40,0,0,completed
13839,U3840,2025-04-06 13:08:00,2025-04-06 13:13:00,F,40~49,office,seoul,1,0,0,0,5,0,0,30,0,0,completed
13840,U3841,2025-11-20 15:29:00,2025-11-20 15:31:00,M,30~39,office,seoul,0,0,0,0,1,0,0,60,0,0,completed
13841,U3842,2025-01-26 13:06:00,2025-01-26 13:11:00,M,30~39,office,seoul,1,0,0,0,27,0,0,62,0,0,completed
13842,U3843,2025-01-04 17:33:00,2025-01-04 17:36:00,F,40~49,office,seoul,1,0,0,0,14,0,0,41,0,0,abandoned
13843,U3844,2025-09-16 18:09:00,2025-09-16 18:15:00,F,30~39,office,seoul,0,0,0,0,26,0,0,27,1,0,completed
13844,U3845,2025-11-04 11:31:00,2025-11-04 11:35:00,M,20~29,office,seoul,0,0,0,0,20,0,0,44,0,0,completed
13845,U3846,2025-03-12 07:45:00,2025-03-12 07:52:00,F,30~39,office,seoul,0,0,0,0,9,0,0,46,0,0,completed
13846,U3847,2025-12-18 15:50:00,2025-12-18 15:52:00,F,30~39,office,seoul,0,0,0,0,5,0,0,15,0,0,completed
13847,U3848,2025-08-27 07:19:00,2025-08-27 07:24:00,F,50+,office,seoul,0,0,0,0,0,0,0,11,0,0,completed
13848,U3849,2025-08-13 20:49:00,2025-08-13 20:56:00,M,50+,office,seoul,0,0,0,0,3,0,0,15,0,0,timeout
13849,U3850,2025-03-18 08:15:00,2025-03-18 08:18:00,M,40~49,office,seoul,0,0,0,0,12,0,0,49,0,0,completed
13850,U3851,2025-10-12 11:50:00,2025-10-12 11:56:00,M,40~49,office,seoul,1,0,0,0,16,0,0,16,0,0,abandoned
13851,U3852,2025-12-22 16:19:00,2025-12-22 16:21:00,M,30~39,office,seoul,0,0,0,0,12,0,0,42,0,0,completed
13852,U3853,2025-12-02 16:18:00,2025-12-02 16:25:00,F,20~29,office,seoul,0,0,0,0,23,0,0,71,0,0,completed
13853,U3854,2025-04-11 08:19:00,2025-04-11 08:25:00,M,20~29,office,seoul,0,0,0,0,18,0,0,31,0,0,completed
13854,U3855,2025-03-26 15:43:00,2025-03-26 15:46:00,M,20~29,office,seoul,0,0,0,0,6,0,0,28,0,0,completed
13855,U3856,2025-01-07 15:54:00,2025-01-07 15:58:00,M,50+,office,seoul,0,0,0,0,9,0,0,66,1,0,completed
13856,U3857,2025-06-14 14:56:00,2025-06-14 15:00:00,M,40~49,office,seoul,1,0,0,0,26,0,0,48,0,0,completed
13857,U3858,2025-12-16 14:55:00,2025-12-16 14:57:00,M,50+,office,seoul,0,0,0,0,23,0,0,46,0,0,completed
13858,U3859,2025-08-13 07:46:00,2025-08-13 07:48:00,M,20~29,office,seoul,0,0,0,0,21,0,0,49,0,0,completed
13859,U3860,2025-08-17 14:25:00,2025-08-17 14:31:00,M,20~29,office,seoul,1,0,0,0,18,0,0,76,0,0,completed
13860,U3861,2025-01-02 09:17:00,2025-01-02 09:19:00,F,20~29,office,seoul,0,0,0,0,19,0,0,44,0,0,completed
13861,U3862,2025-01-31 16:29:00,2025-01-31 16:31:00,M,30~39,office,seoul,0,0,0,0,16,0,0,11,0,0,completed
13862,U3863,2025-07-20 15:12:00,2025-07-20 15:16:00,M,40~49,office,seoul,1,0,0,0,20,0,0,37,0,0,error
13863,U3864,2025-02-05 16:22:00,2025-02-05 16:28:00,F,50+,office,seoul,0,0,0,0,23,0,0,51,0,0,completed
13864,U3865,2025-12-21 15:03:00,2025-12-21 15:10:00,F,30~39,office,seoul,1,0,0,0,6,0,0,29,0,0,abandoned
13865,U3866,2025-01-07 15:48:00,2025-01-07 15:50:00,M,30~39,office,seoul,0,0,0,0,15,0,0,79,0,0,completed
13866,U3867,2025-08-29 16:56:00,2025-08-29 17:03:00,F,40~49,office,seoul,0,0,0,0,26,0,0,32,0,0,completed
13867,U3868,2025-06-25 13:30:00,2025-06-25 13:37:00,M,20~29,office,seoul,0,0,0,0,21,0,0,38,0,0,completed
13868,U3869,2025-01-19 16:14:00,2025-01-19 16:19:00,F,50+,office,seoul,1,0,0,0,1,0,0,13,0,0,completed
13869,U3870,2025-05-03 21:55:00,2025-05-03 22:02:00,M,40~49,office,seoul,1,0,0,0,3,0,0,49,0,0,abandoned
13870,U3871,2025-02-12 07:44:00,2025-02-12 07:49:00,M,50+,office,seoul,0,0,0,0,21,0,0,19,0,0,completed
13871,U3872,2025-04-07 17:45:00,2025-04-07 17:51:00,F,50+,office,seoul,0,0,0,0,18,0,0,74,1,0,abandoned
13872,U3873,2025-08-12 15:28:00,2025-08-12 15:33:00,F,20~29,office,seoul,0,0,0,0,6,0,0,16,0,0,completed
13873,U3874,2025-03-11 14:43:00,2025-03-11 14:45:00,F,30~39,office,seoul,0,0,0,0,24,0,0,16,0,0,completed
13874,U3875,2025-01-08 15:42:00,2025-01-08 15:45:00,F,40~49,office,seoul,0,0,0,0,25,0,0,67,0,0,completed
13875,U3876,2025-10-27 07:13:00,2025-10-27 07:17:00,F,30~39,office,seoul,0,0,0,0,8,0,0,17,0,0,completed
13876,U3877,2025-12-18 20:17:00,2025-12-18 20:20:00,M,20~29,office,seoul,0,0,0,0,9,0,0,33,1,0,completed
13877,U3878,2025-02-28 11:14:00,2025-02-28 11:20:00,M,30~39,office,seoul,0,0,0,0,9,0,0,46,0,0,completed
13878,U3879,2025-02-09 15:58:00,2025-02-09 16:04:00,F,50+,office,seoul,1,0,0,0,3,0,0,65,0,0,completed
13879,U3880,2025-10-20 17:26:00,2025-10-20 17:29:00,F,50+,office,seoul,0,0,0,0,12,0,0,73,0,0,completed
13880,U3881,2025-02-28 09:35:00,2025-02-28 09:41:00,F,20~29,office,seoul,0,0,0,0,18,0,0,44,0,0,completed
13881,U3882,2025-12-04 09:28:00,2025-12-04 09:34:00,F,50+,office,seoul,0,0,0,0,22,0,0,27,0,0,completed
13882,U3883,2025-03-02 08:48:00,2025-03-02 08:55:00,F,30~39,office,seoul,1,0,0,0,17,0,0,37,0,0,completed
13883,U3884,2025-11-14 09:24:00,2025-11-14 09:30:00,F,20~29,office,seoul,0,0,0,0,13,0,0,72,0,0,completed
13884,U3885,2025-08-11 16:23:00,2025-08-11 16:27:00,F,50+,office,seoul,0,0,0,0,13,0,0,76,0,0,completed
13885,U3886,2025-05-30 09:46:00,2025-05-30 09:48:00,F,50+,office,seoul,0,0,0,0,16,0,0,76,0,0,completed
13886,U3887,2025-06-17 11:10:00,2025-06-17 11:14:00,M,40~49,office,seoul,0,0,0,0,18,0,0,74,0,0,completed
13887,U3888,2025-03-22 17:34:00,2025-03-22 17:37:00,M,40~49,office,seoul,1,0,0,0,21,0,0,65,0,0,completed
13888,U3889,2025-01-21 09:53:00,2025-01-21 09:55:00,M,20~29,office,seoul,0,0,0,0,0,0,0,37,0,0,completed
13889,U3890,2025-09-13 11:47:00,2025-09-13 11:51:00,F,30~39,office,seoul,1,0,0,0,28,0,0,45,0,0,completed
13890,U3891,2025-07-09 21:06:00,2025-07-09 21:11:00,F,20~29,office,seoul,0,0,0,0,26,0,0,31,0,0,completed
13891,U3892,2025-06-02 17:48:00,2025-06-02 17:53:00,F,40~49,office,seoul,0,0,0,0,8,0,0,21,0,0,completed
13892,U3893,2025-03-08 14:57:00,2025-03-08 14:59:00,M,20~29,office,seoul,1,0,0,0,22,0,0,48,0,0,completed
13893,U3894,2025-07-03 12:24:00,2025-07-03 12:30:00,M,20~29,office,seoul,0,0,0,0,7,0,0,32,0,0,completed
13894,U3895,2025-12-18 12:07:00,2025-12-18 12:14:00,F,30~39,office,seoul,0,0,0,0,17,0,0,77,0,0,completed
13895,U3896,2025-09-13 08:44:00,2025-09-13 08:48:00,M,20~29,office,seoul,1,0,0,0,20,0,0,72,0,0,completed
13896,U3897,2025-03-21 09:10:00,2025-03-21 09:17:00,M,40~49,office,seoul,0,0,0,0,7,0,0,61,0,0,completed
13897,U3898,2025-07-16 07:38:00,2025-07-16 07:42:00,M,50+,office,seoul,0,0,0,0,3,0,0,56,0,0,completed
13898,U3899,2025-02-03 18:20:00,2025-02-03 18:22:00,F,30~39,office,seoul,0,0,0,0,5,0,0,42,0,0,completed
13899,U3900,2025-07-24 11:59:00,2025-07-24 12:03:00,M,30~39,office,seoul,0,0,0,0,0,0,0,25,0,0,completed
13900,U3901,2025-02-17 11:27:00,2025-02-17 11:29:00,F,20~29,office,seoul,0,0,0,0,26,0,0,72,0,0,completed
13901,U3902,2025-07-29 20:42:00,2025-07-29 20:44:00,F,50+,office,seoul,0,0,0,0,26,0,0,77,0,0,completed
13902,U3903,2025-06-02 21:31:00,2025-06-02 21:37:00,F,20~29,office,seoul,0,0,0,0,10,0,0,78,0,0,completed
13903,U3904,2025-10-29 11:17:00,2025-10-29 11:23:00,F,20~29,office,seoul,0,0,0,0,6,0,0,44,0,0,completed
13904,U3905,2025-04-21 13:36:00,2025-04-21 13:40:00,M,40~49,office,seoul,0,0,0,0,5,0,0,51,0,0,error
13905,U3906,2025-04-24 08:13:00,2025-04-24 08:18:00,F,20~29,office,seoul,0,0,0,0,4,0,0,73,0,0,completed
13906,U3907,2025-04-20 21:03:00,2025-04-20 21:09:00,M,40~49,office,seoul,1,0,0,0,2,0,0,61,0,0,completed
13907,U3908,2025-08-31 08:33:00,2025-08-31 08:37:00,F,30~39,office,seoul,1,0,0,0,19,0,0,56,0,0,completed
13908,U3909,2025-03-15 13:29:00,2025-03-15 13:32:00,M,40~49,office,seoul,1,0,0,0,14,0,0,30,0,0,completed
13909,U3910,2025-09-10 17:57:00,2025-09-10 18:04:00,M,50+,office,seoul,0,0,0,0,25,0,0,48,0,0,completed
13910,U3911,2025-12-31 19:45:00,2025-12-31 19:52:00,F,20~29,office,seoul,0,0,0,0,3,0,0,29,0,0,completed
13911,U3912,2025-10-03 15:06:00,2025-10-03 15:11:00,F,50+,office,seoul,0,0,0,0,1,0,0,60,0,0,completed
13912,U3913,2025-03-10 12:30:00,2025-03-10 12:37:00,F,20~29,office,seoul,0,0,0,0,8,0,0,11,0,0,completed
13913,U3914,2025-11-23 12:39:00,2025-11-23 12:44:00,M,30~39,office,seoul,1,0,0,0,22,0,0,72,0,0,timeout
13914,U3915,2025-08-27 20:36:00,2025-08-27 20:42:00,F,50+,office,seoul,0,0,0,0,19,0,0,39,0,0,completed
13915,U3916,2025-04-19 18:07:00,2025-04-19 18:13:00,M,20~29,office,seoul,1,0,0,0,14,0,0,47,0,0,completed
13916,U3917,2025-03-07 12:05:00,2025-03-07 12:10:00,F,20~29,office,seoul,0,0,0,0,9,0,0,78,0,0,abandoned
13917,U3918,2025-07-04 11:45:00,2025-07-04 11:51:00,F,30~39,office,seoul,0,0,0,0,8,0,0,41,0,0,completed
13918,U3919,2025-07-20 15:11:00,2025-07-20 15:13:00,M,20~29,office,seoul,1,0,0,0,11,0,0,60,0,0,abandoned
13919,U3920,2025-09-14 09:44:00,2025-09-14 09:49:00,F,40~49,office,seoul,1,0,0,0,2,0,0,32,0,0,completed
13920,U3921,2025-02-02 11:19:00,2025-02-02 11:23:00,M,30~39,office,seoul,1,0,0,0,6,0,0,33,0,0,completed
13921,U3922,2025-07-07 22:24:00,2025-07-07 22:29:00,F,30~39,office,seoul,0,0,0,0,11,0,0,75,0,0,completed
13922,U3923,2025-06-22 13:29:00,2025-06-22 13:32:00,M,20~29,office,seoul,1,0,0,0,24,0,0,55,0,0,abandoned
13923,U3924,2025-04-09 13:27:00,2025-04-09 13:32:00,M,20~29,office,seoul,0,0,0,0,11,0,0,72,0,0,completed
13924,U3925,2025-10-11 14:27:00,2025-10-11 14:29:00,M,30~39,office,seoul,1,0,0,0,16,0,0,12,0,0,completed
13925,U3926,2025-11-18 09:06:00,2025-11-18 09:13:00,M,40~49,office,seoul,0,0,0,0,29,0,0,45,0,0,completed
13926,U3927,2025-05-23 19:42:00,2025-05-23 19:46:00,F,20~29,office,seoul,0,0,0,0,15,0,0,26,0,0,completed
13927,U3928,2025-10-23 19:20:00,2025-10-23 19:23:00,F,50+,office,seoul,0,0,0,0,9,0,0,40,0,0,completed
13928,U3929,2025-04-07 15:45:00,2025-04-07 15:50:00,M,40~49,office,seoul,0,0,0,0,2,0,0,69,0,0,completed
13929,U3930,2025-11-06 13:45:00,2025-11-06 13:48:00,F,20~29,office,seoul,0,0,0,0,0,0,0,23,0,0,completed
13930,U3931,2025-10-02 13:24:00,2025-10-02 13:30:00,M,30~39,office,seoul,0,0,0,0,21,0,0,52,0,0,completed
13931,U3932,2025-01-31 20:10:00,2025-01-31 20:12:00,F,20~29,office,seoul,0,0,0,0,20,0,0,13,0,0,completed
13932,U3933,2025-10-22 12:40:00,2025-10-22 12:42:00,F,20~29,office,seoul,0,0,0,0,19,0,0,76,0,0,completed
13933,U3934,2025-03-22 22:49:00,2025-03-22 22:55:00,M,50+,office,seoul,1,0,0,0,23,0,0,16,1,0,completed
13934,U3935,2025-08-11 08:27:00,2025-08-11 08:34:00,F,30~39,office,seoul,0,0,0,0,12,0,0,68,0,0,completed
13935,U3936,2025-04-08 07:46:00,2025-04-08 07:53:00,M,20~29,office,seoul,0,0,0,0,24,0,0,20,0,0,completed
13936,U3937,2025-04-25 13:34:00,2025-04-25 13:38:00,M,20~29,office,seoul,0,0,0,0,27,0,0,78,0,0,completed
13937,U3938,2025-10-09 13:28:00,2025-10-09 13:35:00,M,20~29,office,seoul,0,0,0,0,23,0,0,15,0,0,completed
13938,U3939,2025-06-12 07:27:00,2025-06-12 07:33:00,M,30~39,office,seoul,0,0,0,0,15,0,0,79,0,0,completed
13939,U3940,2025-05-29 13:32:00,2025-05-29 13:37:00,F,40~49,office,seoul,0,0,0,0,27,0,0,50,0,0,completed
13940,U3941,2025-02-08 09:57:00,2025-02-08 10:02:00,F,40~49,office,seoul,1,0,0,0,10,0,0,66,0,0,completed
13941,U3942,2025-06-02 20:44:00,2025-06-02 20:46:00,F,20~29,office,seoul,0,0,0,0,2,0,0,57,0,0,completed
13942,U3943,2025-01-14 12:24:00,2025-01-14 12:26:00,F,40~49,office,seoul,0,0,0,0,17,0,0,64,0,0,completed
13943,U3944,2025-12-19 18:47:00,2025-12-19 18:53:00,F,20~29,office,seoul,0,0,0,0,28,0,0,29,0,0,abandoned
13944,U3945,2025-07-11 09:37:00,2025-07-11 09:43:00,F,50+,office,seoul,0,0,0,0,22,0,0,71,0,0,completed
13945,U3946,2025-01-14 20:29:00,2025-01-14 20:33:00,M,30~39,office,seoul,0,0,0,0,1,0,0,27,0,0,completed
13946,U3947,2025-04-01 12:45:00,2025-04-01 12:52:00,M,20~29,office,seoul,0,0,0,0,24,0,0,71,0,0,abandoned
13947,U3948,2025-05-04 13:04:00,2025-05-04 13:11:00,F,50+,office,seoul,1,0,0,0,17,0,0,16,0,0,completed
13948,U3949,2025-09-14 14:16:00,2025-09-14 14:22:00,M,20~29,office,seoul,1,0,0,0,5,0,0,70,0,0,completed
13949,U3950,2025-09-26 19:44:00,2025-09-26 19:47:00,F,40~49,office,seoul,0,0,0,0,6,0,0,32,0,0,completed
13950,U3951,2025-04-21 19:44:00,2025-04-21 19:47:00,M,20~29,office,seoul,0,0,0,0,21,0,0,76,0,0,abandoned
13951,U3952,2025-07-27 16:17:00,2025-07-27 16:21:00,F,20~29,office,seoul,1,0,0,0,22,0,0,43,0,0,completed
13952,U3953,2025-12-22 14:17:00,2025-12-22 14:19:00,F,20~29,office,seoul,0,0,0,0,29,0,0,56,0,0,completed
13953,U3954,2025-08-27 17:00:00,2025-08-27 17:05:00,F,20~29,office,seoul,0,0,0,0,16,0,0,41,0,0,completed
13954,U3955,2025-10-20 14:43:00,2025-10-20 14:46:00,M,20~29,office,seoul,0,0,0,0,21,0,0,63,0,0,abandoned
13955,U3956,2025-04-04 14:54:00,2025-04-04 15:00:00,M,30~39,office,seoul,0,0,0,0,19,0,0,50,0,0,completed
13956,U3957,2025-12-09 20:47:00,2025-12-09 20:53:00,F,30~39,office,seoul,0,0,0,0,22,0,0,14,0,0,completed
13957,U3958,2025-03-12 17:01:00,2025-03-12 17:05:00,F,50+,office,seoul,0,0,0,0,14,0,0,33,0,0,completed
13958,U3959,2025-08-19 11:11:00,2025-08-19 11:13:00,M,20~29,office,seoul,0,0,0,0,1,0,0,74,0,0,completed
13959,U3960,2025-02-16 09:34:00,2025-02-16 09:39:00,F,30~39,office,seoul,1,0,0,0,0,0,0,38,0,0,completed
13960,U3961,2025-05-03 11:04:00,2025-05-03 11:11:00,F,30~39,office,seoul,1,0,0,0,20,0,0,40,0,0,completed
13961,U3962,2025-02-28 11:56:00,2025-02-28 12:02:00,M,30~39,office,seoul,0,0,0,0,5,0,0,14,0,0,completed
13962,U3963,2025-12-08 22:40:00,2025-12-08 22:47:00,M,20~29,office,seoul,0,0,0,0,21,0,0,27,0,0,completed
13963,U3964,2025-05-31 22:49:00,2025-05-31 22:52:00,F,50+,office,seoul,1,0,0,0,25,0,0,74,0,1,completed
13964,U3965,2025-05-07 13:55:00,2025-05-07 14:00:00,M,40~49,office,seoul,0,0,0,0,1,0,0,59,0,0,completed
13965,U3966,2025-08-01 14:33:00,2025-08-01 14:40:00,F,40~49,office,seoul,0,0,0,0,25,0,0,41,0,0,completed
13966,U3967,2025-10-15 15:56:00,2025-10-15 15:59:00,F,40~49,office,seoul,0,0,0,0,7,0,0,55,0,0,completed
13967,U3968,2025-10-24 13:40:00,2025-10-24 13:47:00,M,40~49,office,seoul,0,0,0,0,7,0,0,70,0,0,completed
13968,U3969,2025-11-15 07:27:00,2025-11-15 07:31:00,M,30~39,office,seoul,1,0,0,0,24,0,0,32,0,0,completed
13969,U3970,2025-10-14 12:09:00,2025-10-14 12:11:00,M,50+,office,seoul,0,0,0,0,16,0,0,78,1,0,completed
13970,U3971,2025-04-29 12:23:00,2025-04-29 12:26:00,M,50+,office,seoul,0,0,0,0,16,0,0,76,0,0,completed
13971,U3972,2025-08-31 07:26:00,2025-08-31 07:28:00,M,20~29,office,seoul,1,0,0,0,18,0,0,14,0,0,completed
13972,U3973,2025-10-15 13:13:00,2025-10-15 13:16:00,M,20~29,office,seoul,0,0,0,0,23,0,0,70,0,0,completed
13973,U3974,2025-01-07 17:13:00,2025-01-07 17:15:00,F,20~29,office,seoul,0,0,0,0,21,0,0,12,0,0,completed
13974,U3975,2025-05-05 20:02:00,2025-05-05 20:04:00,F,30~39,office,seoul,0,0,0,0,11,0,0,31,0,0,completed
13975,U3976,2025-07-01 14:23:00,2025-07-01 14:28:00,M,50+,office,seoul,0,0,0,0,9,0,0,40,0,0,completed
13976,U3977,2025-05-09 16:22:00,2025-05-09 16:26:00,F,20~29,office,seoul,0,0,0,0,24,0,0,64,0,0,completed
13977,U3978,2025-07-20 14:54:00,2025-07-20 15:00:00,M,20~29,office,seoul,1,0,0,0,4,0,0,64,0,0,completed
13978,U3979,2025-08-04 15:57:00,2025-08-04 16:03:00,M,50+,office,seoul,0,0,0,0,7,0,0,22,0,0,completed
13979,U3980,2025-08-22 07:12:00,2025-08-22 07:16:00,M,50+,office,seoul,0,0,0,0,2,0,0,37,0,0,completed
13980,U3981,2025-10-15 14:38:00,2025-10-15 14:40:00,M,20~29,office,seoul,0,0,0,0,14,0,0,55,0,0,completed
13981,U3982,2025-03-09 12:28:00,2025-03-09 12:34:00,F,50+,office,seoul,1,0,0,0,28,0,0,45,0,0,completed
13982,U3983,2025-05-28 18:38:00,2025-05-28 18:44:00,F,40~49,office,seoul,0,0,0,0,13,0,0,34,0,0,completed
13983,U3984,2025-04-20 15:27:00,2025-04-20 15:30:00,F,30~39,office,seoul,1,0,0,0,4,0,0,61,0,0,completed
13984,U3985,2025-05-27 12:26:00,2025-05-27 12:29:00,M,20~29,office,seoul,0,0,0,0,1,0,0,52,0,0,completed
13985,U3986,2025-08-31 17:37:00,2025-08-31 17:42:00,M,20~29,office,seoul,1,0,0,0,29,0,0,37,0,0,completed
13986,U3987,2025-08-11 19:05:00,2025-08-11 19:11:00,M,40~49,office,seoul,0,0,0,0,18,0,0,29,0,0,completed
13987,U3988,2025-12-12 07:25:00,2025-12-12 07:29:00,F,20~29,office,seoul,0,0,0,0,24,0,0,51,0,0,completed
13988,U3989,2025-11-10 12:04:00,2025-11-10 12:11:00,F,20~29,office,seoul,0,0,0,0,0,0,0,79,0,0,completed
13989,U3990,2025-10-08 09:02:00,2025-10-08 09:08:00,F,40~49,office,seoul,0,0,0,0,1,0,0,67,0,0,abandoned
13990,U3991,2025-03-27 08:20:00,2025-03-27 08:23:00,F,20~29,office,seoul,0,0,0,0,27,0,0,43,0,0,completed
13991,U3992,2025-02-06 09:38:00,2025-02-06 09:42:00,F,20~29,office,seoul,0,0,0,0,12,0,0,36,0,0,completed
13992,U3993,2025-04-19 09:13:00,2025-04-19 09:17:00,M,20~29,office,seoul,1,0,0,0,8,0,0,17,0,0,completed
13993,U3994,2025-08-12 09:07:00,2025-08-12 09:09:00,F,40~49,office,seoul,0,0,0,0,9,0,0,68,0,0,completed
13994,U3995,2025-01-06 15:19:00,2025-01-06 15:24:00,F,20~29,office,seoul,0,0,0,0,5,0,0,30,0,0,completed
13995,U3996,2025-07-13 08:28:00,2025-07-13 08:35:00,F,30~39,office,seoul,1,0,0,0,24,0,0,53,0,0,completed
13996,U3997,2025-06-18 14:37:00,2025-06-18 14:44:00,F,20~29,office,seoul,0,0,0,0,26,0,0,21,0,0,completed
13997,U3998,2025-12-25 15:33:00,2025-12-25 15:39:00,F,30~39,office,seoul,0,0,0,0,16,0,0,19,0,0,completed
13998,U3999,2025-05-08 18:01:00,2025-05-08 18:05:00,M,20~29,office,seoul,0,0,0,0,23,0,0,70,0,0,completed
13999,U4000,2025-01-16 16:22:00,2025-01-16 16:27:00,F,30~39,office,seoul,0,0,0,0,14,0,0,75,0,0,completed
14000,U4001,2025-12-18 07:40:00,2025-12-18 07:43:00,M,20~29,office,seoul,0,0,0,0,18,0,0,26,0,0,completed
14001,U4002,2025-03-27 11:42:00,2025-03-27 11:49:00,M,20~29,office,seoul,0,0,0,0,25,0,0,20,0,0,completed
14002,U4003,2025-11-25 16:21:00,2025-11-25 16:23:00,M,40~49,office,seoul,0,0,0,0,6,0,0,61,0,0,completed
14003,U4004,2025-09-09 19:16:00,2025-09-09 19:20:00,M,30~39,office,seoul,0,0,0,0,21,0,0,46,0,0,completed
14004,U4005,2025-04-28 17:32:00,2025-04-28 17:39:00,F,20~29,office,seoul,0,0,0,0,15,0,0,33,0,0,completed
14005,U4006,2025-08-19 09:19:00,2025-08-19 09:22:00,M,40~49,office,seoul,0,0,0,0,10,0,0,37,0,0,completed
14006,U4007,2025-01-11 14:16:00,2025-01-11 14:20:00,F,20~29,office,seoul,1,0,0,0,23,0,0,60,0,0,completed
14007,U4008,2025-09-06 15:39:00,2025-09-06 15:45:00,M,40~49,office,seoul,1,0,0,0,26,0,0,63,0,0,completed
14008,U4009,2025-01-07 12:35:00,2025-01-07 12:42:00,F,20~29,office,seoul,0,0,0,0,13,0,0,61,0,0,completed
14009,U4010,2025-10-07 21:06:00,2025-10-07 21:10:00,F,30~39,office,seoul,0,0,0,0,6,0,0,26,0,0,completed
14010,U4011,2025-10-16 15:28:00,2025-10-16 15:30:00,F,50+,office,seoul,0,0,0,0,26,0,0,31,1,0,completed
14011,U4012,2025-09-08 09:22:00,2025-09-08 09:27:00,F,30~39,office,seoul,0,0,0,0,6,0,0,50,0,0,completed
14012,U4013,2025-06-19 12:58:00,2025-06-19 13:01:00,M,30~39,office,seoul,0,0,0,0,15,0,0,15,0,0,completed
14013,U4014,2025-11-23 14:22:00,2025-11-23 14:29:00,M,50+,office,seoul,1,0,0,0,28,0,0,56,1,0,completed
14014,U4015,2025-07-10 09:35:00,2025-07-10 09:42:00,F,40~49,office,seoul,0,0,0,0,25,0,0,23,0,0,completed
14015,U4016,2025-07-04 11:42:00,2025-07-04 11:46:00,F,20~29,office,seoul,0,0,0,0,11,0,0,14,0,0,abandoned
14016,U4017,2025-01-17 15:37:00,2025-01-17 15:44:00,F,30~39,office,seoul,0,0,0,0,16,0,0,71,0,0,completed
14017,U4018,2025-03-23 08:14:00,2025-03-23 08:17:00,F,30~39,office,seoul,1,0,0,0,8,0,0,40,0,0,completed
14018,U4019,2025-04-03 12:57:00,2025-04-03 13:04:00,M,50+,office,seoul,0,0,0,0,22,0,0,64,0,0,timeout
14019,U4020,2025-04-30 16:21:00,2025-04-30 16:26:00,F,20~29,office,seoul,0,0,0,0,7,0,0,52,0,0,error
14020,U4021,2025-07-22 12:59:00,2025-07-22 13:04:00,F,30~39,office,seoul,0,0,0,0,12,0,0,55,0,0,completed
14021,U4022,2025-07-29 20:24:00,2025-07-29 20:28:00,M,40~49,office,seoul,0,0,0,0,14,0,0,66,0,0,completed
14022,U4023,2025-04-10 13:47:00,2025-04-10 13:49:00,F,30~39,office,seoul,0,0,0,0,1,0,0,32,0,0,completed
14023,U4024,2025-05-31 15:30:00,2025-05-31 15:36:00,M,50+,office,seoul,1,0,0,0,26,0,0,63,0,0,abandoned
14024,U4025,2025-04-02 08:11:00,2025-04-02 08:15:00,F,20~29,office,seoul,0,0,0,0,4,0,0,26,0,1,timeout
14025,U4026,2025-07-17 11:22:00,2025-07-17 11:26:00,F,20~29,office,seoul,0,0,0,0,0,0,0,53,0,0,timeout
14026,U4027,2025-09-07 14:37:00,2025-09-07 14:41:00,M,40~49,office,seoul,1,0,0,0,9,0,0,52,0,0,completed
14027,U4028,2025-11-13 14:01:00,2025-11-13 14:04:00,F,20~29,office,seoul,0,0,0,0,14,0,0,49,0,0,completed
14028,U4029,2025-05-27 20:16:00,2025-05-27 20:19:00,F,20~29,office,seoul,0,0,0,0,11,0,0,72,0,0,completed
14029,U4030,2025-04-26 13:40:00,2025-04-26 13:42:00,M,30~39,office,seoul,1,0,0,0,19,0,0,59,0,0,completed
14030,U4031,2025-02-02 12:12:00,2025-02-02 12:14:00,F,20~29,office,seoul,1,0,0,0,6,0,0,47,0,0,completed
14031,U4032,2025-09-26 13:52:00,2025-09-26 13:56:00,F,40~49,office,seoul,0,0,0,0,3,0,0,55,0,0,completed
14032,U4033,2025-10-12 13:34:00,2025-10-12 13:39:00,F,30~39,office,seoul,1,0,0,0,24,0,0,16,0,0,completed
14033,U4034,2025-04-04 16:32:00,2025-04-04 16:34:00,M,30~39,office,seoul,0,0,0,0,21,0,0,48,0,0,completed
14034,U4035,2025-08-26 13:56:00,2025-08-26 13:59:00,M,40~49,office,seoul,0,0,0,0,25,0,0,28,0,0,completed
14035,U4036,2025-04-10 11:28:00,2025-04-10 11:33:00,M,20~29,office,seoul,0,0,0,0,9,0,0,57,0,0,completed
14036,U4037,2025-07-20 12:32:00,2025-07-20 12:38:00,M,30~39,office,seoul,1,0,0,0,1,0,0,23,0,0,completed
14037,U4038,2025-11-26 13:02:00,2025-11-26 13:06:00,M,30~39,office,seoul,0,0,0,0,0,0,0,54,0,0,completed
14038,U4039,2025-02-18 13:48:00,2025-02-18 13:51:00,F,40~49,office,seoul,0,0,0,0,25,0,0,49,0,1,timeout
14039,U4040,2025-08-16 19:52:00,2025-08-16 19:54:00,M,20~29,office,seoul,1,0,0,0,24,0,0,70,0,0,completed
14040,U4041,2025-05-12 15:49:00,2025-05-12 15:55:00,F,30~39,office,seoul,0,0,0,0,9,0,0,31,0,0,completed
14041,U4042,2025-08-25 15:06:00,2025-08-25 15:09:00,M,20~29,office,seoul,0,0,0,0,17,0,0,77,0,0,completed
14042,U4043,2025-09-03 14:03:00,2025-09-03 14:07:00,F,20~29,office,seoul,0,0,0,0,1,0,0,67,0,0,completed
14043,U4044,2025-08-28 18:34:00,2025-08-28 18:36:00,F,30~39,office,seoul,0,0,0,0,5,0,0,49,0,0,completed
14044,U4045,2025-12-24 15:48:00,2025-12-24 15:50:00,F,30~39,office,seoul,0,0,0,0,16,0,0,56,0,0,completed
14045,U4046,2025-03-29 16:36:00,2025-03-29 16:43:00,M,30~39,office,seoul,1,0,0,0,6,0,0,63,0,0,completed
14046,U4047,2025-04-29 11:14:00,2025-04-29 11:21:00,F,30~39,office,seoul,0,0,0,0,27,0,0,15,0,0,completed
14047,U4048,2025-04-26 15:11:00,2025-04-26 15:13:00,M,30~39,office,seoul,1,0,0,0,27,0,0,23,0,0,completed
14048,U4049,2025-03-18 12:03:00,2025-03-18 12:06:00,F,50+,office,seoul,0,0,0,0,26,0,0,30,1,0,completed
14049,U4050,2025-04-12 12:52:00,2025-04-12 12:58:00,F,20~29,office,seoul,1,0,0,0,2,0,0,33,0,0,completed
14050,U4051,2025-07-01 09:35:00,2025-07-01 09:40:00,M,40~49,office,seoul,0,0,0,0,13,0,0,72,0,0,completed
14051,U4052,2025-12-15 09:52:00,2025-12-15 09:57:00,M,50+,office,seoul,0,0,0,0,9,0,0,39,0,0,completed
14052,U4053,2025-05-20 16:01:00,2025-05-20 16:08:00,F,20~29,office,seoul,0,0,0,0,26,0,0,60,0,0,completed
14053,U4054,2025-04-10 16:32:00,2025-04-10 16:34:00,M,20~29,office,seoul,0,0,0,0,8,0,0,72,0,0,error
14054,U4055,2025-04-05 19:25:00,2025-04-05 19:29:00,M,20~29,office,seoul,1,0,0,0,12,0,0,14,0,0,completed
14055,U4056,2025-04-27 21:57:00,2025-04-27 21:59:00,M,40~49,office,seoul,1,0,0,0,2,0,0,64,0,0,completed
14056,U4057,2025-10-03 15:26:00,2025-10-03 15:30:00,F,30~39,office,seoul,0,0,0,0,17,0,0,76,0,0,completed
14057,U4058,2025-07-16 12:16:00,2025-07-16 12:21:00,F,20~29,office,seoul,0,0,0,0,16,0,0,38,0,0,completed
14058,U4059,2025-02-18 08:42:00,2025-02-18 08:47:00,F,50+,office,seoul,0,0,0,0,9,0,0,46,0,0,completed
14059,U4060,2025-01-20 14:52:00,2025-01-20 14:58:00,F,30~39,office,seoul,0,0,0,0,10,0,0,70,0,0,completed
14060,U4061,2025-10-01 21:24:00,2025-10-01 21:31:00,F,30~39,office,seoul,0,0,0,0,27,0,0,59,0,0,completed
14061,U4062,2025-06-19 12:09:00,2025-06-19 12:12:00,M,20~29,office,seoul,0,0,0,0,20,0,0,66,1,0,completed
14062,U4063,2025-07-23 09:42:00,2025-07-23 09:45:00,M,20~29,office,seoul,0,0,0,0,14,0,0,40,0,0,completed
14063,U4064,2025-04-27 16:15:00,2025-04-27 16:21:00,F,40~49,office,seoul,1,0,0,0,22,0,0,45,0,1,completed
14064,U4065,2025-07-25 17:22:00,2025-07-25 17:28:00,F,40~49,office,seoul,0,0,0,0,13,0,0,23,0,0,completed
14065,U4066,2025-12-11 08:58:00,2025-12-11 09:05:00,F,40~49,office,seoul,0,0,0,0,1,0,0,38,1,0,completed
14066,U4067,2025-11-12 15:11:00,2025-11-12 15:15:00,M,30~39,office,seoul,0,0,0,0,1,0,0,68,0,0,completed
14067,U4068,2025-05-19 15:56:00,2025-05-19 15:59:00,M,40~49,office,seoul,0,0,0,0,18,0,0,74,0,0,completed
14068,U4069,2025-07-12 16:47:00,2025-07-12 16:50:00,M,20~29,office,seoul,1,0,0,0,24,0,0,47,0,0,completed
14069,U4070,2025-04-30 07:03:00,2025-04-30 07:06:00,M,50+,office,seoul,0,0,0,0,1,0,0,69,0,1,completed
14070,U4071,2025-10-18 08:46:00,2025-10-18 08:52:00,F,20~29,office,seoul,1,0,0,0,15,0,0,16,0,0,timeout
14071,U4072,2025-02-22 15:40:00,2025-02-22 15:43:00,F,20~29,office,seoul,1,0,0,0,6,0,0,78,0,0,completed
14072,U4073,2025-03-02 16:51:00,2025-03-02 16:54:00,F,20~29,office,seoul,1,0,0,0,20,0,0,26,0,0,abandoned
14073,U4074,2025-11-01 13:31:00,2025-11-01 13:38:00,F,30~39,office,seoul,1,0,0,0,3,0,0,43,0,0,completed
14074,U4075,2025-03-25 09:59:00,2025-03-25 10:05:00,F,20~29,office,seoul,0,0,0,0,7,0,0,29,0,0,completed
14075,U4076,2025-08-15 11:11:00,2025-08-15 11:14:00,F,30~39,office,seoul,0,0,0,0,13,0,0,76,0,0,completed
14076,U4077,2025-05-28 07:05:00,2025-05-28 07:10:00,M,20~29,office,seoul,0,0,0,0,23,0,0,67,0,0,completed
14077,U4078,2025-04-15 08:54:00,2025-04-15 09:01:00,F,50+,office,seoul,0,0,0,0,19,0,0,55,0,0,completed
14078,U4079,2025-09-29 17:46:00,2025-09-29 17:48:00,F,30~39,office,seoul,0,0,0,0,4,0,0,20,0,0,completed
14079,U4080,2025-11-13 13:31:00,2025-11-13 13:34:00,F,30~39,office,seoul,0,0,0,0,1,0,0,47,0,0,abandoned
14080,U4081,2025-11-09 16:44:00,2025-11-09 16:49:00,M,30~39,office,seoul,1,0,0,0,7,0,0,28,0,0,completed
14081,U4082,2025-01-21 17:34:00,2025-01-21 17:38:00,F,20~29,office,seoul,0,0,0,0,8,0,0,13,0,0,completed
14082,U4083,2025-03-12 15:24:00,2025-03-12 15:31:00,F,30~39,office,seoul,0,0,0,0,18,0,0,43,0,0,completed
14083,U4084,2025-05-04 18:52:00,2025-05-04 18:57:00,M,20~29,office,seoul,1,0,0,0,17,0,0,32,0,0,abandoned
14084,U4085,2025-01-21 13:58:00,2025-01-21 14:00:00,M,30~39,office,seoul,0,0,0,0,8,0,0,54,0,0,abandoned
14085,U4086,2025-09-17 11:10:00,2025-09-17 11:15:00,F,30~39,office,seoul,0,0,0,0,8,0,0,20,0,0,abandoned
14086,U4087,2025-10-06 09:26:00,2025-10-06 09:31:00,F,40~49,office,seoul,0,0,0,0,20,0,0,67,0,0,abandoned
14087,U4088,2025-12-31 19:10:00,2025-12-31 19:14:00,M,30~39,office,seoul,0,0,0,0,5,0,0,49,0,0,completed
14088,U4089,2025-09-07 12:28:00,2025-09-07 12:34:00,F,20~29,office,seoul,1,0,0,0,28,0,0,69,0,0,completed
14089,U4090,2025-12-13 13:21:00,2025-12-13 13:26:00,M,20~29,office,seoul,1,0,0,0,16,0,0,32,0,0,completed
14090,U4091,2025-09-06 13:58:00,2025-09-06 14:05:00,F,30~39,office,seoul,1,0,0,0,29,0,0,30,0,0,completed
14091,U4092,2025-05-29 12:00:00,2025-05-29 12:02:00,F,40~49,office,seoul,0,0,0,0,26,0,0,63,0,0,completed
14092,U4093,2025-05-28 20:21:00,2025-05-28 20:26:00,F,20~29,office,seoul,0,0,0,0,7,0,0,77,0,0,completed
14093,U4094,2025-06-27 09:17:00,2025-06-27 09:20:00,M,40~49,office,seoul,0,0,0,0,0,0,0,18,0,0,completed
14094,U4095,2025-08-24 12:33:00,2025-08-24 12:36:00,M,30~39,office,seoul,1,0,0,0,15,0,0,50,0,0,abandoned
14095,U4096,2025-05-15 17:24:00,2025-05-15 17:31:00,M,30~39,office,seoul,0,0,0,0,11,0,0,30,0,0,completed
14096,U4097,2025-01-04 16:14:00,2025-01-04 16:16:00,F,40~49,office,seoul,1,0,0,0,18,0,0,47,0,0,completed
14097,U4098,2025-02-11 09:23:00,2025-02-11 09:26:00,M,50+,office,seoul,0,0,0,0,7,0,0,73,0,0,completed
14098,U4099,2025-03-24 22:14:00,2025-03-24 22:19:00,F,50+,office,seoul,0,0,0,0,0,0,0,63,1,0,completed
14099,U4100,2025-11-20 18:46:00,2025-11-20 18:49:00,F,30~39,office,seoul,0,0,0,0,9,0,0,16,0,0,timeout
14100,U4101,2025-08-15 12:47:00,2025-08-15 12:51:00,F,20~29,office,seoul,0,0,0,0,14,0,0,26,0,0,completed
14101,U4102,2025-10-17 13:59:00,2025-10-17 14:04:00,M,30~39,office,seoul,0,0,0,0,21,0,0,63,0,0,completed
14102,U4103,2025-05-09 12:45:00,2025-05-09 12:51:00,F,20~29,office,seoul,0,0,0,0,19,0,0,36,0,0,completed
14103,U4104,2025-07-30 09:24:00,2025-07-30 09:27:00,F,30~39,office,seoul,0,0,0,0,15,0,0,58,0,0,completed
14104,U4105,2025-11-06 14:16:00,2025-11-06 14:22:00,M,30~39,office,seoul,0,0,0,0,15,0,0,54,0,0,completed
14105,U4106,2025-11-21 19:58:00,2025-11-21 20:03:00,F,30~39,office,seoul,0,0,0,0,3,0,0,55,0,0,completed
14106,U4107,2025-05-24 21:17:00,2025-05-24 21:21:00,F,50+,office,seoul,1,0,0,0,27,0,0,58,0,1,completed
14107,U4108,2025-01-29 07:09:00,2025-01-29 07:15:00,F,40~49,office,seoul,0,0,0,0,11,0,0,36,0,0,completed
14108,U4109,2025-02-20 15:51:00,2025-02-20 15:54:00,F,20~29,office,seoul,0,0,0,0,11,0,0,10,0,0,completed
14109,U4110,2025-11-25 12:30:00,2025-11-25 12:34:00,F,20~29,office,seoul,0,0,0,0,17,0,0,73,0,0,completed
14110,U4111,2025-01-18 09:43:00,2025-01-18 09:50:00,F,40~49,office,seoul,1,0,0,0,6,0,0,58,0,0,completed
14111,U4112,2025-01-15 13:51:00,2025-01-15 13:55:00,M,20~29,office,seoul,0,0,0,0,10,0,0,50,0,0,completed
14112,U4113,2025-11-07 16:01:00,2025-11-07 16:04:00,F,20~29,office,seoul,0,0,0,0,11,0,0,73,0,0,completed
14113,U4114,2025-06-13 13:23:00,2025-06-13 13:30:00,F,30~39,office,seoul,0,0,0,0,6,0,0,10,0,0,completed
14114,U4115,2025-01-09 12:25:00,2025-01-09 12:27:00,F,30~39,office,seoul,0,0,0,0,17,0,0,52,0,0,completed
14115,U4116,2025-11-30 13:06:00,2025-11-30 13:10:00,M,20~29,office,seoul,1,0,0,0,26,0,0,30,0,0,abandoned
14116,U4117,2025-09-14 15:15:00,2025-09-14 15:22:00,F,20~29,office,seoul,1,0,0,0,15,0,0,27,0,0,completed
14117,U4118,2025-02-02 09:38:00,2025-02-02 09:44:00,M,40~49,office,seoul,1,0,0,0,2,0,0,29,0,0,completed
14118,U4119,2025-06-22 21:27:00,2025-06-22 21:30:00,F,30~39,office,seoul,1,0,0,0,22,0,0,33,0,0,completed
14119,U4120,2025-10-08 15:02:00,2025-10-08 15:09:00,M,50+,office,seoul,0,0,0,0,6,0,0,26,0,0,completed
14120,U4121,2025-10-05 12:11:00,2025-10-05 12:17:00,M,50+,office,seoul,1,0,0,0,18,0,0,29,0,0,completed
14121,U4122,2025-01-20 14:33:00,2025-01-20 14:36:00,F,40~49,office,seoul,0,0,0,0,12,0,0,38,0,0,completed
14122,U4123,2025-10-06 20:35:00,2025-10-06 20:42:00,F,20~29,office,seoul,0,0,0,0,18,0,0,72,0,0,completed
14123,U4124,2025-07-18 18:01:00,2025-07-18 18:06:00,M,50+,office,seoul,0,0,0,0,15,0,0,41,0,0,abandoned
14124,U4125,2025-07-02 20:37:00,2025-07-02 20:41:00,F,20~29,office,seoul,0,0,0,0,25,0,0,16,0,0,completed
14125,U4126,2025-12-28 15:59:00,2025-12-28 16:03:00,M,40~49,office,seoul,1,0,0,0,24,0,0,30,0,0,completed
14126,U4127,2025-02-14 17:04:00,2025-02-14 17:07:00,M,20~29,office,seoul,0,0,0,0,8,0,0,34,0,0,abandoned
14127,U4128,2025-02-16 20:10:00,2025-02-16 20:17:00,M,20~29,office,seoul,1,0,0,0,0,0,0,50,0,0,completed
14128,U4129,2025-07-05 14:01:00,2025-07-05 14:08:00,M,30~39,office,seoul,1,0,0,0,16,0,0,45,0,0,completed
14129,U4130,2025-10-15 09:03:00,2025-10-15 09:07:00,M,20~29,office,seoul,0,0,0,0,27,0,0,32,0,0,completed
14130,U4131,2025-09-28 09:42:00,2025-09-28 09:46:00,F,50+,office,seoul,1,0,0,0,16,0,0,64,0,0,completed
14131,U4132,2025-11-11 15:26:00,2025-11-11 15:29:00,F,40~49,office,seoul,0,0,0,0,7,0,0,62,0,0,completed
14132,U4133,2025-12-04 13:38:00,2025-12-04 13:45:00,M,30~39,office,seoul,0,0,0,0,19,0,0,25,0,0,completed
14133,U4134,2025-12-23 19:08:00,2025-12-23 19:13:00,F,30~39,office,seoul,0,0,0,0,26,0,0,70,0,0,completed
14134,U4135,2025-09-03 16:46:00,2025-09-03 16:50:00,F,30~39,office,seoul,0,0,0,0,14,0,0,68,0,0,completed
14135,U4136,2025-01-14 07:50:00,2025-01-14 07:55:00,M,50+,office,seoul,0,0,0,0,1,0,0,76,0,0,abandoned
14136,U4137,2025-09-18 14:18:00,2025-09-18 14:24:00,M,30~39,office,seoul,0,0,0,0,16,0,0,27,0,0,completed
14137,U4138,2025-11-08 12:52:00,2025-11-08 12:54:00,M,20~29,office,seoul,1,0,0,0,23,0,0,64,0,0,completed
14138,U4139,2025-08-10 16:09:00,2025-08-10 16:16:00,F,40~49,office,seoul,1,0,0,0,1,0,0,12,0,0,completed
14139,U4140,2025-08-24 12:57:00,2025-08-24 13:03:00,M,20~29,office,seoul,1,0,0,0,25,0,0,54,0,0,completed
14140,U4141,2025-06-24 15:24:00,2025-06-24 15:31:00,F,40~49,office,seoul,0,0,0,0,29,0,0,46,0,0,completed
14141,U4142,2025-01-06 11:36:00,2025-01-06 11:40:00,M,50+,office,seoul,0,0,0,0,22,0,0,47,0,0,completed
14142,U4143,2025-01-31 13:40:00,2025-01-31 13:42:00,M,20~29,office,seoul,0,0,0,0,18,0,0,59,0,0,completed
14143,U4144,2025-05-30 14:05:00,2025-05-30 14:09:00,F,30~39,office,seoul,0,0,0,0,1,0,0,12,0,0,completed
14144,U4145,2025-06-05 16:36:00,2025-06-05 16:43:00,F,20~29,office,seoul,0,0,0,0,26,0,0,75,0,0,completed
14145,U4146,2025-09-18 17:27:00,2025-09-18 17:30:00,M,40~49,office,seoul,0,0,0,0,12,0,0,74,0,0,abandoned
14146,U4147,2025-08-27 17:11:00,2025-08-27 17:18:00,M,30~39,office,seoul,0,0,0,0,16,0,0,37,0,0,completed
14147,U4148,2025-06-20 11:35:00,2025-06-20 11:40:00,M,20~29,office,seoul,0,0,0,0,28,0,0,11,0,0,completed
14148,U4149,2025-03-20 13:58:00,2025-03-20 14:05:00,F,30~39,office,seoul,0,0,0,0,18,0,0,69,0,0,completed
14149,U4150,2025-11-25 08:09:00,2025-11-25 08:13:00,F,20~29,office,seoul,0,0,0,0,21,0,0,54,0,0,completed
14150,U4151,2025-02-03 15:10:00,2025-02-03 15:15:00,M,30~39,office,seoul,0,0,0,0,22,0,0,57,0,0,completed
14151,U4152,2025-01-05 19:06:00,2025-01-05 19:08:00,F,50+,office,seoul,1,0,0,0,20,0,0,79,0,0,completed
14152,U4153,2025-10-01 14:32:00,2025-10-01 14:38:00,F,20~29,office,seoul,0,0,0,0,5,0,0,11,0,0,completed
14153,U4154,2025-12-27 09:34:00,2025-12-27 09:38:00,F,30~39,office,seoul,1,0,0,0,20,0,0,40,0,0,completed
14154,U4155,2025-01-05 19:41:00,2025-01-05 19:43:00,F,20~29,office,seoul,1,0,0,0,19,0,0,64,0,0,completed
14155,U4156,2025-06-15 14:31:00,2025-06-15 14:37:00,F,40~49,office,seoul,1,0,0,0,29,0,0,60,0,0,timeout
14156,U4157,2025-01-29 07:59:00,2025-01-29 08:04:00,F,50+,office,seoul,0,0,0,0,26,0,0,67,0,0,completed
14157,U4158,2025-06-17 15:00:00,2025-06-17 15:03:00,F,40~49,office,seoul,0,0,0,0,25,0,0,20,0,0,completed
14158,U4159,2025-09-23 09:41:00,2025-09-23 09:46:00,M,20~29,office,seoul,0,0,0,0,13,0,0,67,0,0,completed
14159,U4160,2025-11-20 18:23:00,2025-11-20 18:30:00,M,30~39,office,seoul,0,0,0,0,17,0,0,42,0,0,completed
14160,U4161,2025-05-01 12:08:00,2025-05-01 12:15:00,M,20~29,office,seoul,0,0,0,0,2,0,0,78,0,0,completed
14161,U4162,2025-01-16 11:16:00,2025-01-16 11:23:00,M,20~29,office,seoul,0,0,0,0,1,0,0,39,0,0,completed
14162,U4163,2025-06-05 08:04:00,2025-06-05 08:11:00,M,20~29,office,seoul,0,0,0,0,11,0,0,59,0,0,completed
14163,U4164,2025-08-13 20:43:00,2025-08-13 20:45:00,M,30~39,office,seoul,0,0,0,0,1,0,0,10,0,0,completed
14164,U4165,2025-01-16 14:35:00,2025-01-16 14:41:00,F,50+,office,seoul,0,0,0,0,0,0,0,67,0,1,completed
14165,U4166,2025-10-30 14:46:00,2025-10-30 14:48:00,F,50+,office,seoul,0,0,0,0,19,0,0,20,1,0,completed
14166,U4167,2025-03-13 16:27:00,2025-03-13 16:29:00,F,20~29,office,seoul,0,0,0,0,22,0,0,27,0,0,completed
14167,U4168,2025-05-12 14:54:00,2025-05-12 14:59:00,F,20~29,office,seoul,0,0,0,0,8,0,0,56,0,0,completed
14168,U4169,2025-09-05 09:42:00,2025-09-05 09:45:00,F,20~29,office,seoul,0,0,0,0,29,0,0,10,0,0,completed
14169,U4170,2025-06-26 07:10:00,2025-06-26 07:15:00,M,30~39,office,seoul,0,0,0,0,25,0,0,18,0,0,completed
14170,U4171,2025-01-02 15:28:00,2025-01-02 15:33:00,M,20~29,office,seoul,0,0,0,0,20,0,0,51,0,0,completed
14171,U4172,2025-05-13 19:32:00,2025-05-13 19:38:00,F,30~39,office,seoul,0,0,0,0,19,0,0,64,0,0,completed
14172,U4173,2025-08-03 16:13:00,2025-08-03 16:20:00,F,30~39,office,seoul,1,0,0,0,11,0,0,59,0,0,completed
14173,U4174,2025-09-17 11:09:00,2025-09-17 11:14:00,M,30~39,office,seoul,0,0,0,0,11,0,0,43,0,0,completed
14174,U4175,2025-01-23 07:52:00,2025-01-23 07:56:00,M,20~29,office,seoul,0,0,0,0,12,0,0,25,0,0,completed
14175,U4176,2025-03-02 17:46:00,2025-03-02 17:51:00,F,30~39,office,seoul,1,0,0,0,28,0,0,42,0,0,completed
14176,U4177,2025-05-16 09:36:00,2025-05-16 09:39:00,M,20~29,office,seoul,0,0,0,0,4,0,0,72,0,0,completed
14177,U4178,2025-07-02 13:22:00,2025-07-02 13:28:00,M,20~29,office,seoul,0,0,0,0,9,0,0,63,0,0,completed
14178,U4179,2025-06-13 07:57:00,2025-06-13 07:59:00,M,30~39,office,seoul,0,0,0,0,7,0,0,48,0,0,completed
14179,U4180,2025-10-10 18:35:00,2025-10-10 18:37:00,M,30~39,office,seoul,0,0,0,0,24,0,0,47,0,0,completed
14180,U4181,2025-11-16 09:36:00,2025-11-16 09:42:00,M,20~29,office,seoul,1,0,0,0,17,0,0,30,0,0,completed
14181,U4182,2025-01-28 15:10:00,2025-01-28 15:14:00,F,30~39,office,seoul,0,0,0,0,18,0,0,12,0,0,timeout
14182,U4183,2025-11-23 12:13:00,2025-11-23 12:17:00,F,50+,office,seoul,1,0,0,0,16,0,0,20,0,1,completed
14183,U4184,2025-05-29 07:28:00,2025-05-29 07:33:00,M,20~29,office,seoul,0,0,0,0,3,0,0,25,0,0,completed
14184,U4185,2025-07-23 19:11:00,2025-07-23 19:15:00,F,30~39,office,seoul,0,0,0,0,0,0,0,65,0,0,completed
14185,U4186,2025-10-19 18:46:00,2025-10-19 18:52:00,M,50+,office,seoul,1,0,0,0,3,0,0,27,0,0,completed
14186,U4187,2025-08-08 13:10:00,2025-08-08 13:15:00,F,40~49,office,seoul,0,0,0,0,0,0,0,66,0,0,completed
14187,U4188,2025-08-04 15:40:00,2025-08-04 15:45:00,F,50+,office,seoul,0,0,0,0,8,0,0,25,0,0,completed
14188,U4189,2025-10-01 17:09:00,2025-10-01 17:15:00,F,50+,office,seoul,0,0,0,0,15,0,0,33,0,0,completed
14189,U4190,2025-07-16 08:39:00,2025-07-16 08:41:00,M,30~39,office,seoul,0,0,0,0,0,0,0,10,0,0,completed
14190,U4191,2025-03-16 12:44:00,2025-03-16 12:49:00,M,50+,office,seoul,1,0,0,0,5,0,0,62,1,0,completed
14191,U4192,2025-07-07 14:34:00,2025-07-07 14:37:00,M,20~29,office,seoul,0,0,0,0,24,0,0,33,1,0,completed
14192,U4193,2025-06-03 15:48:00,2025-06-03 15:55:00,M,20~29,office,seoul,0,0,0,0,28,0,0,21,0,0,completed
14193,U4194,2025-12-19 21:01:00,2025-12-19 21:04:00,M,20~29,office,seoul,0,0,0,0,29,0,0,48,0,0,completed
14194,U4195,2025-09-10 08:20:00,2025-09-10 08:24:00,M,30~39,office,seoul,0,0,0,0,8,0,0,66,0,0,completed
14195,U4196,2025-10-25 15:20:00,2025-10-25 15:26:00,F,30~39,office,seoul,1,0,0,0,7,0,0,71,0,0,completed
14196,U4197,2025-01-13 15:06:00,2025-01-13 15:10:00,F,30~39,office,seoul,0,0,0,0,17,0,0,46,0,0,completed
14197,U4198,2025-07-05 08:45:00,2025-07-05 08:51:00,F,20~29,office,seoul,1,0,0,0,27,0,0,11,0,0,completed
14198,U4199,2025-01-13 14:26:00,2025-01-13 14:28:00,F,40~49,office,seoul,0,0,0,0,10,0,0,36,0,0,completed
14199,U4200,2025-03-23 21:42:00,2025-03-23 21:48:00,F,50+,office,seoul,1,0,0,0,16,0,0,45,0,1,completed
14200,U4201,2025-08-11 07:04:00,2025-08-11 07:09:00,F,20~29,office,seoul,0,0,0,0,14,0,0,40,0,0,completed
14201,U4202,2025-01-14 19:28:00,2025-01-14 19:35:00,M,50+,office,seoul,0,0,0,0,12,0,0,54,0,0,completed
14202,U4203,2025-03-22 11:56:00,2025-03-22 12:00:00,M,40~49,office,seoul,1,0,0,0,2,0,0,29,0,0,completed
14203,U4204,2025-09-15 16:02:00,2025-09-15 16:09:00,F,20~29,office,seoul,0,0,0,0,17,0,0,30,0,0,completed
14204,U4205,2025-11-10 18:56:00,2025-11-10 18:59:00,M,30~39,office,seoul,0,0,0,0,12,0,0,39,0,0,completed
14205,U4206,2025-02-07 11:56:00,2025-02-07 12:00:00,F,50+,office,seoul,0,0,0,0,23,0,0,37,0,0,completed
14206,U4207,2025-08-01 22:56:00,2025-08-01 22:59:00,M,20~29,office,seoul,0,0,0,0,28,0,0,26,0,0,completed
14207,U4208,2025-09-26 15:54:00,2025-09-26 16:00:00,F,20~29,office,seoul,0,0,0,0,18,0,0,67,0,0,completed
14208,U4209,2025-10-18 12:31:00,2025-10-18 12:35:00,M,50+,office,seoul,1,0,0,0,0,0,0,73,0,0,completed
14209,U4210,2025-08-31 12:23:00,2025-08-31 12:27:00,F,20~29,office,seoul,1,0,0,0,1,0,0,40,0,0,completed
14210,U4211,2025-06-08 20:11:00,2025-06-08 20:16:00,F,30~39,office,seoul,1,0,0,0,2,0,0,72,0,0,completed
14211,U4212,2025-02-28 15:22:00,2025-02-28 15:29:00,F,30~39,office,seoul,0,0,0,0,0,0,0,24,0,0,completed
14212,U4213,2025-04-30 18:16:00,2025-04-30 18:20:00,F,40~49,office,seoul,0,0,0,0,13,0,0,22,0,0,completed
14213,U4214,2025-12-11 13:47:00,2025-12-11 13:51:00,F,30~39,office,seoul,0,0,0,0,27,0,0,46,1,0,completed
14214,U4215,2025-03-11 17:56:00,2025-03-11 17:59:00,M,50+,office,seoul,0,0,0,0,0,0,0,53,0,0,completed
14215,U4216,2025-04-02 13:52:00,2025-04-02 13:57:00,F,30~39,office,seoul,0,0,0,0,23,0,0,58,0,1,completed
14216,U4217,2025-07-24 19:09:00,2025-07-24 19:16:00,F,40~49,office,seoul,0,0,0,0,19,0,0,76,0,0,completed
14217,U4218,2025-06-27 09:53:00,2025-06-27 09:55:00,F,30~39,office,seoul,0,0,0,0,22,0,0,48,0,0,completed
14218,U4219,2025-11-03 13:58:00,2025-11-03 14:02:00,M,30~39,office,seoul,0,0,0,0,26,0,0,48,0,0,completed
14219,U4220,2025-01-23 09:15:00,2025-01-23 09:18:00,F,30~39,office,seoul,0,0,0,0,28,0,0,72,0,0,completed
14220,U4221,2025-01-28 14:19:00,2025-01-28 14:26:00,F,40~49,office,seoul,0,0,0,0,26,0,0,73,0,0,error
14221,U4222,2025-12-06 09:21:00,2025-12-06 09:27:00,F,30~39,office,seoul,1,0,0,0,1,0,0,27,0,0,completed
14222,U4223,2025-10-28 15:48:00,2025-10-28 15:53:00,M,50+,office,seoul,0,0,0,0,26,0,0,52,0,1,completed
14223,U4224,2025-07-18 17:02:00,2025-07-18 17:08:00,F,20~29,office,seoul,0,0,0,0,27,0,0,38,0,0,completed
14224,U4225,2025-08-21 08:16:00,2025-08-21 08:22:00,F,30~39,office,seoul,0,0,0,0,28,0,0,21,0,0,completed
14225,U4226,2025-07-23 13:43:00,2025-07-23 13:46:00,F,20~29,office,seoul,0,0,0,0,15,0,0,36,0,0,completed
14226,U4227,2025-12-01 16:58:00,2025-12-01 17:04:00,M,30~39,office,seoul,0,0,0,0,24,0,0,76,0,0,completed
14227,U4228,2025-01-03 07:23:00,2025-01-03 07:29:00,F,40~49,office,seoul,0,0,0,0,21,0,0,41,0,0,completed
14228,U4229,2025-04-22 09:33:00,2025-04-22 09:38:00,M,30~39,office,seoul,0,0,0,0,23,0,0,46,0,0,completed
14229,U4230,2025-03-17 14:47:00,2025-03-17 14:50:00,F,30~39,office,seoul,0,0,0,0,22,0,0,38,0,0,completed
14230,U4231,2025-06-15 11:36:00,2025-06-15 11:43:00,F,30~39,office,seoul,1,0,0,0,15,0,0,41,0,0,completed
14231,U4232,2025-12-17 11:52:00,2025-12-17 11:57:00,F,40~49,office,seoul,0,0,0,0,1,0,0,67,1,0,timeout
14232,U4233,2025-07-24 08:07:00,2025-07-24 08:11:00,M,50+,office,seoul,0,0,0,0,7,0,0,75,0,0,completed
14233,U4234,2025-10-22 14:25:00,2025-10-22 14:30:00,F,50+,office,seoul,0,0,0,0,19,0,0,79,0,0,completed
14234,U4235,2025-01-05 13:48:00,2025-01-05 13:50:00,F,50+,office,seoul,1,0,0,0,9,0,0,63,0,0,completed
14235,U4236,2025-10-12 16:01:00,2025-10-12 16:03:00,F,20~29,office,seoul,1,0,0,0,18,0,0,13,0,0,completed
14236,U4237,2025-05-08 16:14:00,2025-05-08 16:16:00,F,20~29,office,seoul,0,0,0,0,22,0,0,70,0,0,completed
14237,U4238,2025-07-12 13:44:00,2025-07-12 13:49:00,M,50+,office,seoul,1,0,0,0,15,0,0,17,0,0,completed
14238,U4239,2025-08-25 12:35:00,2025-08-25 12:37:00,M,50+,office,seoul,0,0,0,0,15,0,0,48,0,0,completed
14239,U4240,2025-09-03 16:55:00,2025-09-03 16:57:00,F,40~49,office,seoul,0,0,0,0,7,0,0,56,0,0,completed
14240,U4241,2025-09-17 16:44:00,2025-09-17 16:47:00,F,30~39,office,seoul,0,0,0,0,9,0,0,72,0,0,completed
14241,U4242,2025-05-17 20:34:00,2025-05-17 20:37:00,F,50+,office,seoul,1,0,0,0,1,0,0,70,0,0,completed
14242,U4243,2025-03-16 19:15:00,2025-03-16 19:20:00,M,20~29,office,seoul,1,0,0,0,18,0,0,65,0,0,completed
14243,U4244,2025-09-27 07:05:00,2025-09-27 07:11:00,M,40~49,office,seoul,1,0,0,0,20,0,0,76,0,0,completed
14244,U4245,2025-04-08 15:36:00,2025-04-08 15:41:00,M,30~39,office,seoul,0,0,0,0,2,0,0,62,0,0,completed
14245,U4246,2025-07-06 12:13:00,2025-07-06 12:19:00,M,30~39,office,seoul,1,0,0,0,28,0,0,49,0,0,completed
14246,U4247,2025-09-29 12:11:00,2025-09-29 12:18:00,M,40~49,office,seoul,0,0,0,0,4,0,0,62,1,0,completed
14247,U4248,2025-05-09 16:17:00,2025-05-09 16:23:00,M,30~39,office,seoul,0,0,0,0,11,0,0,17,0,0,completed
14248,U4249,2025-03-08 19:10:00,2025-03-08 19:13:00,F,20~29,office,seoul,1,0,0,0,19,0,0,53,0,0,completed
14249,U4250,2025-05-17 08:48:00,2025-05-17 08:54:00,M,30~39,office,seoul,1,0,0,0,29,0,0,50,0,0,completed
14250,U4251,2025-07-17 14:57:00,2025-07-17 15:02:00,M,40~49,office,seoul,0,0,0,0,23,0,0,48,0,0,completed
14251,U4252,2025-11-11 19:33:00,2025-11-11 19:40:00,F,40~49,office,seoul,0,0,0,0,8,0,0,51,0,0,completed
14252,U4253,2025-09-22 12:12:00,2025-09-22 12:14:00,M,20~29,office,seoul,0,0,0,0,3,0,0,24,0,0,error
14253,U4254,2025-06-07 15:18:00,2025-06-07 15:21:00,F,20~29,office,seoul,1,0,0,0,12,0,0,46,0,0,completed
14254,U4255,2025-11-13 16:45:00,2025-11-13 16:51:00,F,20~29,office,seoul,0,0,0,0,13,0,0,45,0,0,completed
14255,U4256,2025-04-22 12:49:00,2025-04-22 12:55:00,F,50+,office,seoul,0,0,0,0,5,0,0,11,0,1,completed
14256,U4257,2025-01-03 15:38:00,2025-01-03 15:41:00,M,50+,office,seoul,0,0,0,0,3,0,0,64,0,0,completed
14257,U4258,2025-06-04 08:13:00,2025-06-04 08:17:00,F,50+,office,seoul,0,0,0,0,29,0,0,66,0,0,completed
14258,U4259,2025-05-03 07:45:00,2025-05-03 07:47:00,F,40~49,office,seoul,1,0,0,0,3,0,0,38,0,0,completed
14259,U4260,2025-07-30 08:41:00,2025-07-30 08:47:00,M,30~39,office,seoul,0,0,0,0,27,0,0,41,0,0,completed
14260,U4261,2025-04-11 20:34:00,2025-04-11 20:38:00,F,50+,office,seoul,0,0,0,0,9,0,0,68,0,0,completed
14261,U4262,2025-11-21 13:45:00,2025-11-21 13:50:00,F,20~29,office,seoul,0,0,0,0,22,0,0,31,0,0,completed
14262,U4263,2025-04-26 18:59:00,2025-04-26 19:01:00,M,40~49,office,seoul,1,0,0,0,13,0,0,59,0,0,completed
14263,U4264,2025-10-03 14:51:00,2025-10-03 14:54:00,F,30~39,office,seoul,0,0,0,0,28,0,0,56,0,0,abandoned
14264,U4265,2025-07-10 15:10:00,2025-07-10 15:16:00,M,40~49,office,seoul,0,0,0,0,13,0,0,25,0,0,error
14265,U4266,2025-06-06 12:37:00,2025-06-06 12:43:00,F,20~29,office,seoul,0,0,0,0,3,0,0,18,0,0,completed
14266,U4267,2025-04-05 08:45:00,2025-04-05 08:50:00,F,40~49,office,seoul,1,0,0,0,4,0,0,71,0,0,completed
14267,U4268,2025-12-04 15:17:00,2025-12-04 15:19:00,M,40~49,office,seoul,0,0,0,0,3,0,0,13,0,0,completed
14268,U4269,2025-05-23 09:02:00,2025-05-23 09:09:00,M,30~39,office,seoul,0,0,0,0,27,0,0,11,0,0,completed
14269,U4270,2025-05-31 12:32:00,2025-05-31 12:38:00,M,30~39,office,seoul,1,0,0,0,10,0,0,65,0,0,completed
14270,U4271,2025-07-25 13:06:00,2025-07-25 13:11:00,M,30~39,office,seoul,0,0,0,0,6,0,0,43,0,0,completed
14271,U4272,2025-09-18 17:33:00,2025-09-18 17:38:00,F,20~29,office,seoul,0,0,0,0,5,0,0,24,0,0,completed
14272,U4273,2025-02-01 15:07:00,2025-02-01 15:10:00,F,40~49,office,seoul,1,0,0,0,23,0,0,61,1,0,completed
14273,U4274,2025-05-08 09:12:00,2025-05-08 09:16:00,F,30~39,office,seoul,0,0,0,0,14,0,0,62,0,0,timeout
14274,U4275,2025-01-25 14:34:00,2025-01-25 14:40:00,F,30~39,office,seoul,1,0,0,0,9,0,0,28,0,0,completed
14275,U4276,2025-09-27 15:12:00,2025-09-27 15:15:00,M,50+,office,seoul,1,0,0,0,24,0,0,38,0,0,completed
14276,U4277,2025-10-20 14:51:00,2025-10-20 14:55:00,F,20~29,office,seoul,0,0,0,0,2,0,0,25,0,0,completed
14277,U4278,2025-03-29 09:06:00,2025-03-29 09:13:00,M,40~49,office,seoul,1,0,0,0,18,0,0,47,0,0,completed
14278,U4279,2025-04-01 20:27:00,2025-04-01 20:31:00,F,40~49,office,seoul,0,0,0,0,2,0,0,55,0,0,completed
14279,U4280,2025-03-17 13:34:00,2025-03-17 13:36:00,F,50+,office,seoul,0,0,0,0,11,0,0,44,0,0,timeout
14280,U4281,2025-11-17 15:19:00,2025-11-17 15:25:00,F,20~29,office,seoul,0,0,0,0,18,0,0,28,0,0,completed
14281,U4282,2025-02-07 14:03:00,2025-02-07 14:10:00,F,20~29,office,seoul,0,0,0,0,16,0,0,27,0,0,completed
14282,U4283,2025-08-15 12:39:00,2025-08-15 12:44:00,M,50+,office,seoul,0,0,0,0,4,0,0,61,0,1,completed
14283,U4284,2025-04-19 08:42:00,2025-04-19 08:47:00,M,20~29,office,seoul,1,0,0,0,8,0,0,19,0,0,completed
14284,U4285,2025-06-04 14:46:00,2025-06-04 14:51:00,M,30~39,office,seoul,0,0,0,0,0,0,0,12,0,0,completed
14285,U4286,2025-09-08 09:52:00,2025-09-08 09:56:00,F,20~29,office,seoul,0,0,0,0,16,0,0,30,0,0,completed
14286,U4287,2025-05-22 11:26:00,2025-05-22 11:31:00,M,30~39,office,seoul,0,0,0,0,26,0,0,30,0,0,completed
14287,U4288,2025-07-19 18:21:00,2025-07-19 18:23:00,F,50+,office,seoul,1,0,0,0,2,0,0,77,0,0,completed
14288,U4289,2025-09-23 09:25:00,2025-09-23 09:30:00,F,20~29,office,seoul,0,0,0,0,16,0,0,72,0,0,completed
14289,U4290,2025-04-13 12:24:00,2025-04-13 12:28:00,F,50+,office,seoul,1,0,0,0,25,0,0,34,1,0,completed
14290,U4291,2025-03-25 08:05:00,2025-03-25 08:11:00,M,30~39,office,seoul,0,0,0,0,22,0,0,35,0,0,abandoned
14291,U4292,2025-01-09 17:41:00,2025-01-09 17:47:00,M,30~39,office,seoul,0,0,0,0,14,0,0,58,0,0,completed
14292,U4293,2025-03-24 14:30:00,2025-03-24 14:33:00,M,50+,office,seoul,0,0,0,0,4,0,0,40,0,0,completed
14293,U4294,2025-08-21 21:41:00,2025-08-21 21:48:00,M,20~29,office,seoul,0,0,0,0,12,0,0,45,0,0,completed
14294,U4295,2025-08-12 09:35:00,2025-08-12 09:41:00,M,30~39,office,seoul,0,0,0,0,25,0,0,13,0,0,completed
14295,U4296,2025-11-10 17:56:00,2025-11-10 18:02:00,F,20~29,office,seoul,0,0,0,0,24,0,0,61,0,0,completed
14296,U4297,2025-09-17 15:06:00,2025-09-17 15:09:00,F,50+,office,seoul,0,0,0,0,22,0,0,51,0,0,completed
14297,U4298,2025-08-14 12:15:00,2025-08-14 12:19:00,M,40~49,office,seoul,0,0,0,0,2,0,0,49,0,0,completed
14298,U4299,2025-10-19 11:54:00,2025-10-19 11:57:00,M,50+,office,seoul,1,0,0,0,29,0,0,49,0,0,completed
14299,U4300,2025-02-01 17:04:00,2025-02-01 17:08:00,F,20~29,office,seoul,1,0,0,0,0,0,0,40,0,0,error
14300,U4301,2025-04-15 15:49:00,2025-04-15 15:54:00,F,50+,office,seoul,0,0,0,0,22,0,0,11,0,0,completed
14301,U4302,2025-04-04 17:42:00,2025-04-04 17:49:00,F,50+,office,seoul,0,0,0,0,1,0,0,34,0,0,completed
14302,U4303,2025-04-07 14:08:00,2025-04-07 14:15:00,M,30~39,office,seoul,0,0,0,0,9,0,0,41,0,0,completed
14303,U4304,2025-06-12 17:17:00,2025-06-12 17:21:00,F,20~29,office,seoul,0,0,0,0,28,0,0,65,0,0,abandoned
14304,U4305,2025-07-23 16:13:00,2025-07-23 16:18:00,F,20~29,office,seoul,0,0,0,0,8,0,0,29,0,0,completed
14305,U4306,2025-04-22 12:45:00,2025-04-22 12:52:00,F,20~29,office,seoul,0,0,0,0,13,0,0,63,0,0,completed
14306,U4307,2025-07-10 15:50:00,2025-07-10 15:53:00,F,40~49,office,seoul,0,0,0,0,20,0,0,77,0,0,completed
14307,U4308,2025-03-09 20:43:00,2025-03-09 20:47:00,F,50+,office,seoul,1,0,0,0,4,0,0,49,0,0,error
14308,U4309,2025-06-06 18:17:00,2025-06-06 18:24:00,M,30~39,office,seoul,0,0,0,0,13,0,0,41,0,0,completed
14309,U4310,2025-07-03 13:27:00,2025-07-03 13:29:00,F,50+,office,seoul,0,0,0,0,18,0,0,18,0,0,completed
14310,U4311,2025-09-04 15:45:00,2025-09-04 15:49:00,F,20~29,office,seoul,0,0,0,0,5,0,0,47,0,0,completed
14311,U4312,2025-08-01 09:39:00,2025-08-01 09:44:00,F,20~29,office,seoul,0,0,0,0,19,0,0,21,0,0,completed
14312,U4313,2025-09-26 13:07:00,2025-09-26 13:13:00,F,30~39,office,seoul,0,0,0,0,7,0,0,75,1,0,completed
14313,U4314,2025-07-30 11:10:00,2025-07-30 11:16:00,F,40~49,office,seoul,0,0,0,0,26,0,0,37,0,0,completed
14314,U4315,2025-07-16 14:52:00,2025-07-16 14:57:00,F,40~49,office,seoul,0,0,0,0,8,0,0,47,0,0,completed
14315,U4316,2025-04-23 18:43:00,2025-04-23 18:48:00,F,20~29,office,seoul,0,0,0,0,3,0,0,54,0,0,completed
14316,U4317,2025-12-17 12:21:00,2025-12-17 12:25:00,F,20~29,office,seoul,0,0,0,0,2,0,0,73,0,0,completed
14317,U4318,2025-06-19 15:57:00,2025-06-19 16:01:00,F,40~49,office,seoul,0,0,0,0,1,0,0,45,0,0,completed
14318,U4319,2025-01-15 11:51:00,2025-01-15 11:57:00,M,20~29,office,seoul,0,0,0,0,9,0,0,67,0,0,abandoned
14319,U4320,2025-06-09 08:20:00,2025-06-09 08:25:00,M,20~29,office,seoul,0,0,0,0,16,0,0,67,0,0,completed
14320,U4321,2025-08-01 15:32:00,2025-08-01 15:35:00,F,40~49,office,seoul,0,0,0,0,22,0,0,12,0,0,completed
14321,U4322,2025-03-25 13:49:00,2025-03-25 13:53:00,F,20~29,office,seoul,0,0,0,0,14,0,0,49,0,0,completed
14322,U4323,2025-09-28 15:14:00,2025-09-28 15:20:00,F,20~29,office,seoul,1,0,0,0,0,0,0,47,0,0,completed
14323,U4324,2025-10-29 09:03:00,2025-10-29 09:06:00,M,30~39,office,seoul,0,0,0,0,13,0,0,62,0,0,abandoned
14324,U4325,2025-08-15 19:22:00,2025-08-15 19:28:00,F,20~29,office,seoul,0,0,0,0,20,0,0,74,0,0,completed
14325,U4326,2025-08-31 09:00:00,2025-08-31 09:07:00,F,20~29,office,seoul,1,0,0,0,7,0,0,67,0,0,completed
14326,U4327,2025-01-23 18:18:00,2025-01-23 18:24:00,F,50+,office,seoul,0,0,0,0,1,0,0,62,0,0,completed
14327,U4328,2025-06-09 13:55:00,2025-06-09 13:59:00,M,20~29,office,seoul,0,0,0,0,1,0,0,25,0,1,completed
14328,U4329,2025-12-04 17:36:00,2025-12-04 17:38:00,F,30~39,office,seoul,0,0,0,0,2,0,0,22,0,0,completed
14329,U4330,2025-02-26 17:49:00,2025-02-26 17:56:00,M,40~49,office,seoul,0,0,0,0,20,0,0,20,0,0,completed
14330,U4331,2025-04-19 12:08:00,2025-04-19 12:15:00,F,20~29,office,seoul,1,0,0,0,5,0,0,58,0,0,completed
14331,U4332,2025-04-17 12:27:00,2025-04-17 12:34:00,F,40~49,office,seoul,0,0,0,0,5,0,0,23,0,0,completed
14332,U4333,2025-03-16 16:25:00,2025-03-16 16:32:00,F,50+,office,seoul,1,0,0,0,22,0,0,12,1,0,completed
14333,U4334,2025-09-20 15:49:00,2025-09-20 15:51:00,F,30~39,office,seoul,1,0,0,0,16,0,0,18,0,0,completed
14334,U4335,2025-06-10 16:02:00,2025-06-10 16:08:00,M,40~49,office,seoul,0,0,0,0,29,0,0,41,0,0,completed
14335,U4336,2025-07-16 17:07:00,2025-07-16 17:10:00,F,50+,office,seoul,0,0,0,0,4,0,0,58,0,0,completed
14336,U4337,2025-11-15 18:10:00,2025-11-15 18:14:00,F,20~29,office,seoul,1,0,0,0,6,0,0,30,0,0,completed
14337,U4338,2025-06-13 14:17:00,2025-06-13 14:20:00,F,20~29,office,seoul,0,0,0,0,26,0,0,43,0,0,completed
14338,U4339,2025-05-15 21:10:00,2025-05-15 21:16:00,M,20~29,office,seoul,0,0,0,0,8,0,0,74,0,0,completed
14339,U4340,2025-03-05 13:15:00,2025-03-05 13:19:00,M,30~39,office,seoul,0,0,0,0,10,0,0,47,0,0,completed
14340,U4341,2025-08-30 09:18:00,2025-08-30 09:24:00,F,20~29,office,seoul,1,0,0,0,26,0,0,65,0,0,completed
14341,U4342,2025-04-02 20:38:00,2025-04-02 20:43:00,M,20~29,office,seoul,0,0,0,0,5,0,0,42,0,0,completed
14342,U4343,2025-08-24 22:07:00,2025-08-24 22:13:00,F,20~29,office,seoul,1,0,0,0,21,0,0,47,0,0,completed
14343,U4344,2025-11-23 13:04:00,2025-11-23 13:07:00,F,30~39,office,seoul,1,0,0,0,8,0,0,28,0,0,completed
14344,U4345,2025-02-09 15:11:00,2025-02-09 15:17:00,F,40~49,office,seoul,1,0,0,0,14,0,0,44,0,0,completed
14345,U4346,2025-05-10 17:17:00,2025-05-10 17:23:00,F,20~29,office,seoul,1,0,0,0,1,0,0,25,0,0,completed
14346,U4347,2025-05-01 14:17:00,2025-05-01 14:21:00,F,30~39,office,seoul,0,0,0,0,28,0,0,27,0,0,completed
14347,U4348,2025-08-18 12:17:00,2025-08-18 12:21:00,F,20~29,office,seoul,0,0,0,0,0,0,0,61,0,0,completed
14348,U4349,2025-04-01 12:00:00,2025-04-01 12:04:00,F,30~39,office,seoul,0,0,0,0,28,0,0,31,0,0,completed
14349,U4350,2025-10-06 09:39:00,2025-10-06 09:44:00,M,20~29,office,seoul,0,0,0,0,28,0,0,46,0,0,completed
14350,U4351,2025-02-05 13:33:00,2025-02-05 13:39:00,F,40~49,office,seoul,0,0,0,0,2,0,0,50,0,0,completed
14351,U4352,2025-05-21 09:38:00,2025-05-21 09:42:00,F,30~39,office,seoul,0,0,0,0,4,0,0,26,0,0,error
14352,U4353,2025-11-27 17:40:00,2025-11-27 17:45:00,F,40~49,office,seoul,0,0,0,0,13,0,0,67,0,0,abandoned
14353,U4354,2025-08-21 14:54:00,2025-08-21 15:01:00,F,30~39,office,seoul,0,0,0,0,14,0,0,37,0,0,completed
14354,U4355,2025-06-29 13:03:00,2025-06-29 13:05:00,F,20~29,office,seoul,1,0,0,0,15,0,0,43,0,0,completed
14355,U4356,2025-10-17 14:07:00,2025-10-17 14:12:00,F,30~39,office,seoul,0,0,0,0,28,0,0,22,0,0,completed
14356,U4357,2025-01-25 09:14:00,2025-01-25 09:19:00,M,30~39,office,seoul,1,0,0,0,12,0,0,37,0,0,error
14357,U4358,2025-06-13 16:39:00,2025-06-13 16:43:00,F,30~39,office,seoul,0,0,0,0,8,0,0,13,0,0,completed
14358,U4359,2025-01-20 19:47:00,2025-01-20 19:54:00,M,30~39,office,seoul,0,0,0,0,6,0,0,13,0,0,completed
14359,U4360,2025-01-11 08:16:00,2025-01-11 08:20:00,F,40~49,office,seoul,1,0,0,0,9,0,0,51,0,0,error
14360,U4361,2025-11-26 09:47:00,2025-11-26 09:52:00,F,20~29,office,seoul,0,0,0,0,25,0,0,34,0,0,completed
14361,U4362,2025-04-29 07:05:00,2025-04-29 07:09:00,M,40~49,office,seoul,0,0,0,0,16,0,0,71,0,0,completed
14362,U4363,2025-01-14 08:40:00,2025-01-14 08:42:00,F,30~39,office,seoul,0,0,0,0,15,0,0,70,0,0,completed
14363,U4364,2025-12-14 13:48:00,2025-12-14 13:52:00,F,30~39,office,seoul,1,0,0,0,12,0,0,55,0,0,completed
14364,U4365,2025-12-18 20:15:00,2025-12-18 20:22:00,F,40~49,office,seoul,0,0,0,0,1,0,0,21,0,0,completed
14365,U4366,2025-10-25 13:29:00,2025-10-25 13:36:00,M,30~39,office,seoul,1,0,0,0,26,0,0,74,0,0,completed
14366,U4367,2025-04-27 17:08:00,2025-04-27 17:15:00,F,20~29,office,seoul,1,0,0,0,19,0,0,57,0,0,completed
14367,U4368,2025-10-13 13:32:00,2025-10-13 13:35:00,F,30~39,office,seoul,0,0,0,0,22,0,0,57,0,0,completed
14368,U4369,2025-01-21 14:11:00,2025-01-21 14:13:00,F,20~29,office,seoul,0,0,0,0,3,0,0,51,0,0,completed
14369,U4370,2025-06-27 18:19:00,2025-06-27 18:22:00,F,30~39,office,seoul,0,0,0,0,23,0,0,54,0,0,completed
14370,U4371,2025-03-21 09:56:00,2025-03-21 10:02:00,F,20~29,office,seoul,0,0,0,0,7,0,0,54,0,0,completed
14371,U4372,2025-04-17 13:14:00,2025-04-17 13:18:00,M,40~49,office,seoul,0,0,0,0,5,0,0,28,0,0,completed
14372,U4373,2025-06-07 16:56:00,2025-06-07 17:02:00,F,30~39,office,seoul,1,0,0,0,24,0,0,46,0,0,completed
14373,U4374,2025-11-25 13:31:00,2025-11-25 13:33:00,F,50+,office,seoul,0,0,0,0,29,0,0,54,0,0,timeout
14374,U4375,2025-03-17 13:03:00,2025-03-17 13:07:00,M,50+,office,seoul,0,0,0,0,15,0,0,36,0,0,completed
14375,U4376,2025-08-02 13:02:00,2025-08-02 13:04:00,M,40~49,office,seoul,1,0,0,0,17,0,0,78,0,0,error
14376,U4377,2025-08-13 13:17:00,2025-08-13 13:23:00,F,20~29,office,seoul,0,0,0,0,1,0,0,74,0,0,completed
14377,U4378,2025-06-13 14:37:00,2025-06-13 14:39:00,M,30~39,office,seoul,0,0,0,0,6,0,0,25,0,0,completed
14378,U4379,2025-12-09 08:12:00,2025-12-09 08:15:00,M,20~29,office,seoul,0,0,0,0,22,0,0,44,0,0,completed
14379,U4380,2025-05-16 18:01:00,2025-05-16 18:03:00,F,30~39,office,seoul,0,0,0,0,17,0,0,50,0,0,completed
14380,U4381,2025-01-28 21:57:00,2025-01-28 21:59:00,M,40~49,office,seoul,0,0,0,0,5,0,0,75,0,0,completed
14381,U4382,2025-11-19 13:59:00,2025-11-19 14:04:00,F,20~29,office,seoul,0,0,0,0,9,0,0,12,0,0,completed
14382,U4383,2025-12-01 22:05:00,2025-12-01 22:11:00,F,30~39,office,seoul,0,0,0,0,26,0,0,45,0,0,completed
14383,U4384,2025-01-13 07:00:00,2025-01-13 07:02:00,F,50+,office,seoul,0,0,0,0,8,0,0,48,0,0,completed
14384,U4385,2025-09-12 13:27:00,2025-09-12 13:32:00,M,40~49,office,seoul,0,0,0,0,8,0,0,60,0,0,completed
14385,U4386,2025-10-30 11:32:00,2025-10-30 11:35:00,F,20~29,office,seoul,0,0,0,0,26,0,0,42,0,0,completed
14386,U4387,2025-06-05 14:53:00,2025-06-05 15:00:00,M,30~39,office,seoul,0,0,0,0,4,0,0,57,0,0,completed
14387,U4388,2025-10-25 14:36:00,2025-10-25 14:43:00,M,20~29,office,seoul,1,0,0,0,15,0,0,22,0,0,abandoned
14388,U4389,2025-12-08 19:18:00,2025-12-08 19:24:00,F,20~29,office,seoul,0,0,0,0,2,0,0,73,0,0,completed
14389,U4390,2025-02-03 14:39:00,2025-02-03 14:45:00,F,20~29,office,seoul,0,0,0,0,18,0,0,65,0,0,completed
14390,U4391,2025-08-26 20:19:00,2025-08-26 20:24:00,F,30~39,office,seoul,0,0,0,0,25,0,0,53,0,0,completed
14391,U4392,2025-06-15 15:04:00,2025-06-15 15:07:00,M,40~49,office,seoul,1,0,0,0,2,0,0,57,0,0,completed
14392,U4393,2025-12-02 20:46:00,2025-12-02 20:51:00,F,20~29,office,seoul,0,0,0,0,29,0,0,51,0,0,completed
14393,U4394,2025-07-01 19:21:00,2025-07-01 19:24:00,M,30~39,office,seoul,0,0,0,0,16,0,0,23,0,0,completed
14394,U4395,2025-07-06 07:20:00,2025-07-06 07:27:00,M,30~39,office,seoul,1,0,0,0,12,0,0,39,0,0,completed
14395,U4396,2025-02-04 07:02:00,2025-02-04 07:09:00,M,20~29,office,seoul,0,0,0,0,8,0,0,65,0,0,completed
14396,U4397,2025-06-24 15:49:00,2025-06-24 15:56:00,M,20~29,office,seoul,0,0,0,0,14,0,0,31,0,0,abandoned
14397,U4398,2025-10-25 12:07:00,2025-10-25 12:13:00,M,30~39,office,seoul,1,0,0,0,3,0,0,23,1,0,completed
14398,U4399,2025-04-24 14:29:00,2025-04-24 14:34:00,F,30~39,office,seoul,0,0,0,0,4,0,0,19,0,0,completed
14399,U4400,2025-07-29 19:07:00,2025-07-29 19:10:00,M,50+,office,seoul,0,0,0,0,20,0,0,33,0,0,completed
14400,U4401,2025-06-22 15:54:00,2025-06-22 16:00:00,F,40~49,office,seoul,1,0,0,0,23,0,0,23,0,0,abandoned
14401,U4402,2025-12-04 08:38:00,2025-12-04 08:42:00,F,50+,office,seoul,0,0,0,0,21,0,0,63,0,0,completed
14402,U4403,2025-01-06 09:15:00,2025-01-06 09:21:00,M,50+,office,seoul,0,0,0,0,18,0,0,77,0,0,completed
14403,U4404,2025-09-23 08:11:00,2025-09-23 08:15:00,F,50+,office,seoul,0,0,0,0,1,0,0,75,0,0,completed
14404,U4405,2025-03-24 18:31:00,2025-03-24 18:38:00,F,50+,office,seoul,0,0,0,0,20,0,0,74,0,1,completed
14405,U4406,2025-05-08 22:39:00,2025-05-08 22:43:00,M,20~29,office,seoul,0,0,0,0,26,0,0,63,0,0,completed
14406,U4407,2025-02-25 07:45:00,2025-02-25 07:50:00,M,40~49,office,seoul,0,0,0,0,19,0,0,16,0,0,completed
14407,U4408,2025-10-16 18:36:00,2025-10-16 18:38:00,M,20~29,office,seoul,0,0,0,0,20,0,0,30,0,0,completed
14408,U4409,2025-11-08 12:34:00,2025-11-08 12:40:00,F,40~49,office,seoul,1,0,0,0,15,0,0,22,0,0,completed
14409,U4410,2025-05-30 17:11:00,2025-05-30 17:15:00,M,40~49,office,seoul,0,0,0,0,21,0,0,73,0,0,completed
14410,U4411,2025-11-02 13:30:00,2025-11-02 13:32:00,F,30~39,office,seoul,1,0,0,0,6,0,0,11,0,0,abandoned
14411,U4412,2025-12-30 12:24:00,2025-12-30 12:28:00,M,40~49,office,seoul,0,0,0,0,6,0,0,72,0,0,completed
14412,U4413,2025-10-11 13:36:00,2025-10-11 13:43:00,M,40~49,office,seoul,1,0,0,0,22,0,0,62,0,0,completed
14413,U4414,2025-04-07 12:14:00,2025-04-07 12:18:00,F,40~49,office,seoul,0,0,0,0,11,0,0,75,0,0,completed
14414,U4415,2025-12-09 16:23:00,2025-12-09 16:27:00,F,20~29,office,seoul,0,0,0,0,8,0,0,54,1,0,completed
14415,U4416,2025-08-05 13:05:00,2025-08-05 13:08:00,M,50+,office,seoul,0,0,0,0,21,0,0,44,0,0,timeout
14416,U4417,2025-06-14 16:40:00,2025-06-14 16:46:00,F,40~49,office,seoul,1,0,0,0,19,0,0,30,0,0,completed
14417,U4418,2025-02-27 18:03:00,2025-02-27 18:09:00,M,30~39,office,seoul,0,0,0,0,11,0,0,79,0,0,completed
14418,U4419,2025-01-31 15:42:00,2025-01-31 15:48:00,M,50+,office,seoul,0,0,0,0,14,0,0,38,0,0,completed
14419,U4420,2025-05-17 20:22:00,2025-05-17 20:29:00,F,30~39,office,seoul,1,0,0,0,15,0,0,77,0,0,error
14420,U4421,2025-02-15 15:56:00,2025-02-15 16:00:00,F,20~29,office,seoul,1,0,0,0,0,0,0,56,0,0,completed
14421,U4422,2025-06-20 21:24:00,2025-06-20 21:28:00,F,30~39,office,seoul,0,0,0,0,20,0,0,38,0,0,completed
14422,U4423,2025-03-23 16:59:00,2025-03-23 17:04:00,F,20~29,office,seoul,1,0,0,0,16,0,0,34,0,0,abandoned
14423,U4424,2025-03-12 11:32:00,2025-03-12 11:34:00,M,40~49,office,seoul,0,0,0,0,20,0,0,63,0,0,completed
14424,U4425,2025-07-30 07:25:00,2025-07-30 07:27:00,F,20~29,office,seoul,0,0,0,0,3,0,0,57,0,0,completed
14425,U4426,2025-09-11 14:26:00,2025-09-11 14:28:00,M,40~49,office,seoul,0,0,0,0,17,0,0,69,0,0,abandoned
14426,U4427,2025-12-12 11:13:00,2025-12-12 11:20:00,F,30~39,office,seoul,0,0,0,0,9,0,0,29,0,0,completed
14427,U4428,2025-09-15 14:54:00,2025-09-15 14:59:00,M,20~29,office,seoul,0,0,0,0,22,0,0,43,0,0,completed
14428,U4429,2025-11-20 07:14:00,2025-11-20 07:20:00,F,30~39,office,seoul,0,0,0,0,29,0,0,53,0,0,abandoned
14429,U4430,2025-07-27 14:13:00,2025-07-27 14:17:00,M,20~29,office,seoul,1,0,0,0,10,0,0,34,0,0,error
14430,U4431,2025-03-30 08:41:00,2025-03-30 08:45:00,F,30~39,office,seoul,1,0,0,0,15,0,0,72,0,0,completed
14431,U4432,2025-12-12 17:37:00,2025-12-12 17:44:00,F,50+,office,seoul,0,0,0,0,26,0,0,24,1,0,completed
14432,U4433,2025-10-11 12:51:00,2025-10-11 12:58:00,F,40~49,office,seoul,1,0,0,0,17,0,0,42,0,0,completed
14433,U4434,2025-09-08 16:02:00,2025-09-08 16:05:00,F,50+,office,seoul,0,0,0,0,26,0,0,61,0,0,completed
14434,U4435,2025-11-01 09:57:00,2025-11-01 10:03:00,M,30~39,office,seoul,1,0,0,0,15,0,0,45,0,0,completed
14435,U4436,2025-04-06 17:14:00,2025-04-06 17:19:00,F,40~49,office,seoul,1,0,0,0,9,0,0,57,0,0,completed
14436,U4437,2025-10-05 15:14:00,2025-10-05 15:19:00,M,30~39,office,seoul,1,0,0,0,19,0,0,69,0,0,completed
14437,U4438,2025-07-03 15:02:00,2025-07-03 15:06:00,M,50+,office,seoul,0,0,0,0,1,0,0,10,0,1,completed
14438,U4439,2025-10-07 12:25:00,2025-10-07 12:28:00,F,30~39,office,seoul,0,0,0,0,20,0,0,79,0,0,completed
14439,U4440,2025-04-29 17:53:00,2025-04-29 17:55:00,F,50+,office,seoul,0,0,0,0,11,0,0,22,0,1,completed
14440,U4441,2025-03-24 14:44:00,2025-03-24 14:49:00,F,20~29,office,seoul,0,0,0,0,4,0,0,33,0,0,completed
14441,U4442,2025-12-06 21:07:00,2025-12-06 21:14:00,F,30~39,office,seoul,1,0,0,0,25,0,0,56,1,0,completed
14442,U4443,2025-07-02 18:22:00,2025-07-02 18:25:00,F,50+,office,seoul,0,0,0,0,22,0,0,39,0,0,completed
14443,U4444,2025-12-13 15:13:00,2025-12-13 15:16:00,M,30~39,office,seoul,1,0,0,0,4,0,0,66,0,0,completed
14444,U4445,2025-04-12 15:53:00,2025-04-12 15:59:00,F,30~39,office,seoul,1,0,0,0,9,0,0,34,0,0,completed
14445,U4446,2025-03-29 09:44:00,2025-03-29 09:50:00,F,50+,office,seoul,1,0,0,0,2,0,0,23,0,0,completed
14446,U4447,2025-03-09 08:30:00,2025-03-09 08:37:00,M,30~39,office,seoul,1,0,0,0,27,0,0,14,0,0,completed
14447,U4448,2025-09-09 15:12:00,2025-09-09 15:15:00,M,30~39,office,seoul,0,0,0,0,15,0,0,57,0,0,completed
14448,U4449,2025-09-15 07:50:00,2025-09-15 07:55:00,M,30~39,office,seoul,0,0,0,0,26,0,0,65,0,0,completed
14449,U4450,2025-05-11 12:34:00,2025-05-11 12:37:00,M,30~39,office,seoul,1,0,0,0,11,0,0,49,0,0,completed
14450,U4451,2025-04-21 17:41:00,2025-04-21 17:45:00,M,30~39,office,seoul,0,0,0,0,5,0,0,47,0,0,completed
14451,U4452,2025-06-02 12:08:00,2025-06-02 12:11:00,M,30~39,office,seoul,0,0,0,0,7,0,0,25,0,0,completed
14452,U4453,2025-01-03 12:13:00,2025-01-03 12:18:00,M,20~29,office,seoul,0,0,0,0,15,0,0,24,0,0,completed
14453,U4454,2025-07-14 15:06:00,2025-07-14 15:12:00,M,30~39,office,seoul,0,0,0,0,22,0,0,79,0,0,completed
14454,U4455,2025-05-28 13:41:00,2025-05-28 13:46:00,M,20~29,office,seoul,0,0,0,0,9,0,0,34,0,0,timeout
14455,U4456,2025-06-16 12:57:00,2025-06-16 13:02:00,F,20~29,office,seoul,0,0,0,0,24,0,0,68,0,0,completed
14456,U4457,2025-07-03 09:41:00,2025-07-03 09:44:00,F,40~49,office,seoul,0,0,0,0,17,0,0,33,0,0,completed
14457,U4458,2025-04-22 13:53:00,2025-04-22 13:58:00,F,50+,office,seoul,0,0,0,0,22,0,0,51,0,0,timeout
14458,U4459,2025-10-05 19:31:00,2025-10-05 19:37:00,M,40~49,office,seoul,1,0,0,0,5,0,0,64,0,0,completed
14459,U4460,2025-07-17 14:37:00,2025-07-17 14:41:00,F,20~29,office,seoul,0,0,0,0,7,0,0,68,0,0,completed
14460,U4461,2025-07-30 15:13:00,2025-07-30 15:16:00,F,30~39,office,seoul,0,0,0,0,27,0,0,14,0,0,completed
14461,U4462,2025-05-18 15:46:00,2025-05-18 15:51:00,F,20~29,office,seoul,1,0,0,0,17,0,0,58,0,0,completed
14462,U4463,2025-08-04 15:21:00,2025-08-04 15:23:00,F,20~29,office,seoul,0,0,0,0,29,0,0,63,0,0,completed
14463,U4464,2025-04-22 07:16:00,2025-04-22 07:22:00,M,30~39,office,seoul,0,0,0,0,3,0,0,27,0,0,completed
14464,U4465,2025-03-14 15:04:00,2025-03-14 15:06:00,M,40~49,office,seoul,0,0,0,0,6,0,0,22,0,0,completed
14465,U4466,2025-11-21 09:47:00,2025-11-21 09:54:00,F,30~39,office,seoul,0,0,0,0,0,0,0,51,0,0,completed
14466,U4467,2025-07-23 12:28:00,2025-07-23 12:33:00,M,50+,office,seoul,0,0,0,0,28,0,0,66,0,0,error
14467,U4468,2025-11-23 21:26:00,2025-11-23 21:28:00,F,30~39,office,seoul,1,0,0,0,26,0,0,75,0,0,completed
14468,U4469,2025-10-08 17:36:00,2025-10-08 17:42:00,M,20~29,office,seoul,0,0,0,0,11,0,0,40,0,0,completed
14469,U4470,2025-08-17 18:06:00,2025-08-17 18:12:00,M,20~29,office,seoul,1,0,0,0,1,0,0,37,0,0,abandoned
14470,U4471,2025-06-07 12:21:00,2025-06-07 12:24:00,M,40~49,office,seoul,1,0,0,0,0,0,0,22,1,0,completed
14471,U4472,2025-03-03 13:55:00,2025-03-03 14:01:00,M,30~39,office,seoul,0,0,0,0,11,0,0,58,0,0,completed
14472,U4473,2025-06-27 20:58:00,2025-06-27 21:05:00,F,40~49,office,seoul,0,0,0,0,27,0,0,71,0,0,completed
14473,U4474,2025-10-17 18:24:00,2025-10-17 18:30:00,M,30~39,office,seoul,0,0,0,0,29,0,0,23,0,0,completed
14474,U4475,2025-05-19 22:52:00,2025-05-19 22:57:00,F,20~29,office,seoul,0,0,0,0,11,0,0,76,0,0,completed
14475,U4476,2025-02-26 19:04:00,2025-02-26 19:08:00,F,40~49,office,seoul,0,0,0,0,10,0,0,49,0,0,completed
14476,U4477,2025-12-10 14:52:00,2025-12-10 14:56:00,F,40~49,office,seoul,0,0,0,0,18,0,0,35,0,0,completed
14477,U4478,2025-11-11 20:03:00,2025-11-11 20:10:00,M,40~49,office,seoul,0,0,0,0,1,0,0,76,0,0,completed
14478,U4479,2025-11-02 14:51:00,2025-11-02 14:54:00,F,50+,office,seoul,1,0,0,0,1,0,0,56,0,0,completed
14479,U4480,2025-09-28 09:23:00,2025-09-28 09:29:00,M,50+,office,seoul,1,0,0,0,6,0,0,11,0,0,completed
14480,U4481,2025-03-16 08:02:00,2025-03-16 08:08:00,F,40~49,office,seoul,1,0,0,0,24,0,0,76,0,0,completed
14481,U4482,2025-10-18 19:06:00,2025-10-18 19:12:00,M,20~29,office,seoul,1,0,0,0,18,0,0,65,0,0,completed
14482,U4483,2025-06-02 11:58:00,2025-06-02 12:01:00,F,20~29,office,seoul,0,0,0,0,13,0,0,22,0,0,completed
14483,U4484,2025-02-15 15:02:00,2025-02-15 15:07:00,F,20~29,office,seoul,1,0,0,0,11,0,0,15,0,0,completed
14484,U4485,2025-12-22 08:27:00,2025-12-22 08:30:00,F,50+,office,seoul,0,0,0,0,23,0,0,36,0,0,completed
14485,U4486,2025-06-23 12:52:00,2025-06-23 12:55:00,M,30~39,office,seoul,0,0,0,0,25,0,0,57,0,0,abandoned
14486,U4487,2025-09-11 18:26:00,2025-09-11 18:29:00,F,20~29,office,seoul,0,0,0,0,16,0,0,47,0,0,completed
14487,U4488,2025-12-28 07:40:00,2025-12-28 07:46:00,M,20~29,office,seoul,1,0,0,0,24,0,0,18,0,0,completed
14488,U4489,2025-12-17 14:56:00,2025-12-17 15:02:00,F,20~29,office,seoul,0,0,0,0,25,0,0,51,0,0,completed
14489,U4490,2025-05-22 09:40:00,2025-05-22 09:42:00,F,30~39,office,seoul,0,0,0,0,13,0,0,27,0,0,completed
14490,U4491,2025-01-15 20:45:00,2025-01-15 20:48:00,F,30~39,office,seoul,0,0,0,0,18,0,0,66,0,0,completed
14491,U4492,2025-06-25 09:50:00,2025-06-25 09:54:00,F,30~39,office,seoul,0,0,0,0,14,0,0,56,0,0,completed
14492,U4493,2025-09-29 11:23:00,2025-09-29 11:27:00,F,20~29,office,seoul,0,0,0,0,7,0,0,39,0,0,completed
14493,U4494,2025-03-22 13:43:00,2025-03-22 13:49:00,F,30~39,office,seoul,1,0,0,0,2,0,0,63,0,0,completed
14494,U4495,2025-02-27 08:07:00,2025-02-27 08:11:00,F,20~29,office,seoul,0,0,0,0,27,0,0,47,0,0,completed
14495,U4496,2025-03-09 19:10:00,2025-03-09 19:12:00,F,50+,office,seoul,1,0,0,0,26,0,0,51,0,0,timeout
14496,U4497,2025-12-25 13:33:00,2025-12-25 13:37:00,M,40~49,office,seoul,0,0,0,0,23,0,0,62,0,0,completed
14497,U4498,2025-09-02 11:27:00,2025-09-02 11:34:00,M,30~39,office,seoul,0,0,0,0,23,0,0,21,0,0,completed
14498,U4499,2025-12-11 14:45:00,2025-12-11 14:48:00,F,20~29,office,seoul,0,0,0,0,1,0,0,32,0,0,completed
14499,U4500,2025-05-24 17:00:00,2025-05-24 17:03:00,M,20~29,office,seoul,1,0,0,0,5,0,0,26,0,0,completed
14500,U4501,2025-10-04 09:27:00,2025-10-04 09:30:00,F,20~29,office,seoul,1,0,0,0,23,0,0,62,0,0,completed
14501,U4502,2025-08-16 11:34:00,2025-08-16 11:41:00,M,30~39,office,seoul,1,0,0,0,19,0,0,34,0,0,completed
14502,U4503,2025-06-25 15:33:00,2025-06-25 15:38:00,M,30~39,office,seoul,0,0,0,0,10,0,0,32,0,0,completed
14503,U4504,2025-03-14 14:10:00,2025-03-14 14:17:00,F,20~29,office,seoul,0,0,0,0,28,0,0,41,0,0,completed
14504,U4505,2025-11-24 18:21:00,2025-11-24 18:24:00,F,50+,office,seoul,0,0,0,0,15,0,0,56,0,0,completed
14505,U4506,2025-11-04 15:01:00,2025-11-04 15:05:00,M,30~39,office,seoul,0,0,0,0,14,0,0,27,0,0,completed
14506,U4507,2025-09-19 20:27:00,2025-09-19 20:32:00,M,50+,office,seoul,0,0,0,0,19,0,0,48,0,0,completed
14507,U4508,2025-01-14 19:04:00,2025-01-14 19:08:00,M,20~29,office,seoul,0,0,0,0,2,0,0,13,0,0,completed
14508,U4509,2025-05-13 13:02:00,2025-05-13 13:05:00,M,20~29,office,seoul,0,0,0,0,14,0,0,74,0,0,completed
14509,U4510,2025-04-03 18:44:00,2025-04-03 18:50:00,M,30~39,office,seoul,0,0,0,0,19,0,0,13,0,0,completed
14510,U4511,2025-01-20 16:07:00,2025-01-20 16:12:00,M,30~39,office,seoul,0,0,0,0,19,0,0,64,0,1,completed
14511,U4512,2025-03-14 15:08:00,2025-03-14 15:11:00,F,30~39,office,seoul,0,0,0,0,5,0,0,67,0,0,completed
14512,U4513,2025-03-15 21:42:00,2025-03-15 21:45:00,F,30~39,office,seoul,1,0,0,0,10,0,0,71,0,0,completed
14513,U4514,2025-12-04 11:24:00,2025-12-04 11:26:00,F,30~39,office,seoul,0,0,0,0,21,0,0,28,0,0,completed
14514,U4515,2025-11-29 08:42:00,2025-11-29 08:44:00,M,20~29,office,seoul,1,0,0,0,9,0,0,71,0,0,completed
14515,U4516,2025-11-06 16:39:00,2025-11-06 16:41:00,M,30~39,office,seoul,0,0,0,0,10,0,0,38,0,0,completed
14516,U4517,2025-11-24 14:15:00,2025-11-24 14:20:00,M,20~29,office,seoul,0,0,0,0,29,0,0,36,0,1,completed
14517,U4518,2025-10-18 16:53:00,2025-10-18 16:56:00,F,40~49,office,seoul,1,0,0,0,8,0,0,17,0,0,completed
14518,U4519,2025-11-23 09:15:00,2025-11-23 09:22:00,F,30~39,office,seoul,1,0,0,0,19,0,0,67,0,0,completed
14519,U4520,2025-11-28 15:49:00,2025-11-28 15:51:00,M,20~29,office,seoul,0,0,0,0,13,0,0,56,0,0,abandoned
14520,U4521,2025-07-13 17:29:00,2025-07-13 17:36:00,F,50+,office,seoul,1,0,0,0,10,0,0,25,0,0,abandoned
14521,U4522,2025-12-01 09:54:00,2025-12-01 09:59:00,M,20~29,office,seoul,0,0,0,0,3,0,0,61,0,0,completed
14522,U4523,2025-11-07 14:40:00,2025-11-07 14:45:00,F,50+,office,seoul,0,0,0,0,9,0,0,63,1,0,completed
14523,U4524,2025-02-17 08:01:00,2025-02-17 08:04:00,F,50+,office,seoul,0,0,0,0,20,0,0,58,0,0,completed
14524,U4525,2025-05-14 17:26:00,2025-05-14 17:33:00,F,40~49,office,seoul,0,0,0,0,20,0,0,22,0,0,abandoned
14525,U4526,2025-08-06 18:39:00,2025-08-06 18:46:00,M,40~49,office,seoul,0,0,0,0,26,0,0,18,0,0,completed
14526,U4527,2025-03-26 13:46:00,2025-03-26 13:50:00,M,40~49,office,seoul,0,0,0,0,19,0,0,38,0,0,completed
14527,U4528,2025-02-06 07:44:00,2025-02-06 07:50:00,M,20~29,office,seoul,0,0,0,0,23,0,0,26,0,0,timeout
14528,U4529,2025-03-08 14:55:00,2025-03-08 15:01:00,F,20~29,office,seoul,1,0,0,0,16,0,0,58,0,0,completed
14529,U4530,2025-11-28 13:26:00,2025-11-28 13:33:00,M,30~39,office,seoul,0,0,0,0,8,0,0,57,1,0,abandoned
14530,U4531,2025-12-16 14:12:00,2025-12-16 14:15:00,F,20~29,office,seoul,0,0,0,0,11,0,0,69,0,0,timeout
14531,U4532,2025-09-13 16:43:00,2025-09-13 16:50:00,M,50+,office,seoul,1,0,0,0,1,0,0,17,0,0,completed
14532,U4533,2025-10-06 08:29:00,2025-10-06 08:34:00,M,50+,office,seoul,0,0,0,0,25,0,0,40,0,0,completed
14533,U4534,2025-02-22 19:52:00,2025-02-22 19:57:00,F,50+,office,seoul,1,0,0,0,7,0,0,23,0,0,completed
14534,U4535,2025-11-20 17:34:00,2025-11-20 17:38:00,F,40~49,office,seoul,0,0,0,0,19,0,0,77,0,0,completed
14535,U4536,2025-07-15 16:55:00,2025-07-15 17:02:00,F,20~29,office,seoul,0,0,0,0,18,0,0,79,1,0,completed
14536,U4537,2025-05-14 08:32:00,2025-05-14 08:38:00,M,30~39,office,seoul,0,0,0,0,8,0,0,45,0,0,completed
14537,U4538,2025-01-24 17:50:00,2025-01-24 17:53:00,M,20~29,office,seoul,0,0,0,0,5,0,0,55,0,0,completed
14538,U4539,2025-09-06 14:00:00,2025-09-06 14:03:00,M,40~49,office,seoul,1,0,0,0,22,0,0,13,0,0,abandoned
14539,U4540,2025-10-06 14:11:00,2025-10-06 14:17:00,F,30~39,office,seoul,0,0,0,0,28,0,0,30,0,0,completed
14540,U4541,2025-08-08 21:48:00,2025-08-08 21:54:00,F,20~29,office,seoul,0,0,0,0,20,0,0,32,0,1,completed
14541,U4542,2025-07-02 12:59:00,2025-07-02 13:06:00,M,20~29,office,seoul,0,0,0,0,8,0,0,61,0,0,completed
14542,U4543,2025-12-24 21:06:00,2025-12-24 21:13:00,F,40~49,office,seoul,0,0,0,0,22,0,0,43,0,0,completed
14543,U4544,2025-06-16 16:44:00,2025-06-16 16:46:00,M,20~29,office,seoul,0,0,0,0,19,0,0,20,0,0,abandoned
14544,U4545,2025-12-16 14:01:00,2025-12-16 14:04:00,M,30~39,office,seoul,0,0,0,0,13,0,0,35,0,0,completed
14545,U4546,2025-10-13 11:06:00,2025-10-13 11:10:00,F,30~39,office,seoul,0,0,0,0,4,0,0,55,0,0,completed
14546,U4547,2025-01-12 15:09:00,2025-01-12 15:11:00,M,30~39,office,seoul,1,0,0,0,20,0,0,55,0,0,completed
14547,U4548,2025-04-10 20:37:00,2025-04-10 20:43:00,M,30~39,office,seoul,0,0,0,0,17,0,0,29,0,0,completed
14548,U4549,2025-12-09 16:07:00,2025-12-09 16:13:00,F,20~29,office,seoul,0,0,0,0,6,0,0,70,0,0,completed
14549,U4550,2025-07-15 14:27:00,2025-07-15 14:33:00,F,40~49,office,seoul,0,0,0,0,6,0,0,29,0,0,completed
14550,U4551,2025-11-12 15:42:00,2025-11-12 15:48:00,M,50+,office,seoul,0,0,0,0,5,0,0,34,0,0,completed
14551,U4552,2025-06-24 15:40:00,2025-06-24 15:46:00,F,50+,office,seoul,0,0,0,0,29,0,0,32,0,0,completed
14552,U4553,2025-06-27 13:15:00,2025-06-27 13:19:00,M,20~29,office,seoul,0,0,0,0,1,0,0,62,0,0,completed
14553,U4554,2025-11-02 12:32:00,2025-11-02 12:36:00,F,30~39,office,seoul,1,0,0,0,6,0,0,28,0,0,completed
14554,U4555,2025-09-20 16:27:00,2025-09-20 16:34:00,F,30~39,office,seoul,1,0,0,0,0,0,0,21,0,0,completed
14555,U4556,2025-01-03 07:52:00,2025-01-03 07:54:00,M,20~29,office,seoul,0,0,0,0,26,0,0,79,0,0,completed
14556,U4557,2025-11-23 09:50:00,2025-11-23 09:56:00,F,40~49,office,seoul,1,0,0,0,2,0,0,79,0,0,completed
14557,U4558,2025-05-14 13:53:00,2025-05-14 13:56:00,M,30~39,office,seoul,0,0,0,0,8,0,0,56,0,0,completed
14558,U4559,2025-09-27 11:05:00,2025-09-27 11:11:00,F,30~39,office,seoul,1,0,0,0,26,0,0,63,0,0,completed
14559,U4560,2025-01-29 18:43:00,2025-01-29 18:49:00,F,50+,office,seoul,0,0,0,0,24,0,0,54,0,0,completed
14560,U4561,2025-06-29 08:49:00,2025-06-29 08:52:00,F,30~39,office,seoul,1,0,0,0,15,0,0,76,0,0,abandoned
14561,U4562,2025-01-09 07:09:00,2025-01-09 07:13:00,M,40~49,office,seoul,0,0,0,0,17,0,0,48,0,0,completed
14562,U4563,2025-03-19 22:13:00,2025-03-19 22:15:00,M,20~29,office,seoul,0,0,0,0,25,0,0,33,0,0,completed
14563,U4564,2025-08-24 12:43:00,2025-08-24 12:45:00,F,30~39,office,seoul,1,0,0,0,25,0,0,18,0,0,completed
14564,U4565,2025-01-13 07:48:00,2025-01-13 07:54:00,M,50+,office,seoul,0,0,0,0,13,0,0,19,0,0,completed
14565,U4566,2025-02-11 16:33:00,2025-02-11 16:37:00,M,40~49,office,seoul,0,0,0,0,5,0,0,49,0,1,completed
14566,U4567,2025-10-06 12:53:00,2025-10-06 12:56:00,M,40~49,office,seoul,0,0,0,0,19,0,0,15,0,1,completed
14567,U4568,2025-08-26 11:23:00,2025-08-26 11:25:00,F,30~39,office,seoul,0,0,0,0,6,0,0,31,0,0,completed
14568,U4569,2025-04-08 09:05:00,2025-04-08 09:10:00,F,40~49,office,seoul,0,0,0,0,8,0,0,16,0,0,completed
14569,U4570,2025-09-01 09:15:00,2025-09-01 09:17:00,F,40~49,office,seoul,0,0,0,0,0,0,0,66,0,0,completed
14570,U4571,2025-01-29 14:32:00,2025-01-29 14:39:00,F,20~29,office,seoul,0,0,0,0,22,0,0,26,0,0,completed
14571,U4572,2025-12-06 16:22:00,2025-12-06 16:24:00,F,30~39,office,seoul,1,0,0,0,12,0,0,28,0,0,completed
14572,U4573,2025-03-07 11:54:00,2025-03-07 12:00:00,M,50+,office,seoul,0,0,0,0,2,0,0,33,0,0,completed
14573,U4574,2025-08-24 14:33:00,2025-08-24 14:36:00,F,30~39,office,seoul,1,0,0,0,9,0,0,75,0,0,completed
14574,U4575,2025-03-12 18:04:00,2025-03-12 18:06:00,F,40~49,office,seoul,0,0,0,0,26,0,0,24,0,0,completed
14575,U4576,2025-10-12 09:04:00,2025-10-12 09:08:00,F,30~39,office,seoul,1,0,0,0,24,0,0,29,0,0,completed
14576,U4577,2025-03-05 11:29:00,2025-03-05 11:35:00,F,30~39,office,seoul,0,0,0,0,27,0,0,57,1,0,abandoned
14577,U4578,2025-11-29 14:29:00,2025-11-29 14:35:00,F,20~29,office,seoul,1,0,0,0,4,0,0,50,0,0,completed
14578,U4579,2025-07-22 15:04:00,2025-07-22 15:06:00,F,20~29,office,seoul,0,0,0,0,21,0,0,12,0,0,completed
14579,U4580,2025-05-12 12:43:00,2025-05-12 12:48:00,M,20~29,office,seoul,0,0,0,0,23,0,0,59,0,0,completed
14580,U4581,2025-10-31 14:54:00,2025-10-31 14:58:00,M,30~39,office,seoul,0,0,0,0,27,0,0,78,0,0,completed
14581,U4582,2025-07-22 19:53:00,2025-07-22 19:55:00,M,40~49,office,seoul,0,0,0,0,16,0,0,53,0,0,completed
14582,U4583,2025-05-03 13:44:00,2025-05-03 13:51:00,F,40~49,office,seoul,1,0,0,0,20,0,0,34,0,0,completed
14583,U4584,2025-10-11 15:10:00,2025-10-11 15:14:00,M,20~29,office,seoul,1,0,0,0,24,0,0,64,0,0,completed
14584,U4585,2025-02-07 12:52:00,2025-02-07 12:59:00,F,30~39,office,seoul,0,0,0,0,24,0,0,54,0,0,completed
14585,U4586,2025-09-07 15:56:00,2025-09-07 16:01:00,F,50+,office,seoul,1,0,0,0,3,0,0,28,0,0,completed
14586,U4587,2025-01-25 16:01:00,2025-01-25 16:06:00,M,20~29,office,seoul,1,0,0,0,14,0,0,32,0,0,timeout
14587,U4588,2025-04-24 16:28:00,2025-04-24 16:33:00,F,40~49,office,seoul,0,0,0,0,15,0,0,69,0,0,completed
14588,U4589,2025-02-20 08:27:00,2025-02-20 08:30:00,F,30~39,office,seoul,0,0,0,0,16,0,0,33,0,1,completed
14589,U4590,2025-03-01 12:01:00,2025-03-01 12:07:00,M,30~39,office,seoul,1,0,0,0,11,0,0,78,0,0,completed
14590,U4591,2025-07-01 20:16:00,2025-07-01 20:19:00,M,30~39,office,seoul,0,0,0,0,22,0,0,19,0,0,abandoned
14591,U4592,2025-02-26 16:56:00,2025-02-26 16:59:00,M,30~39,office,seoul,0,0,0,0,9,0,0,29,0,0,completed
14592,U4593,2025-11-20 17:03:00,2025-11-20 17:10:00,F,40~49,office,seoul,0,0,0,0,22,0,0,34,0,0,completed
14593,U4594,2025-05-30 12:27:00,2025-05-30 12:32:00,F,50+,office,seoul,0,0,0,0,6,0,0,16,1,1,completed
14594,U4595,2025-12-31 17:03:00,2025-12-31 17:08:00,F,20~29,office,seoul,0,0,0,0,3,0,0,14,0,0,error
14595,U4596,2025-09-03 15:51:00,2025-09-03 15:53:00,F,30~39,office,seoul,0,0,0,0,9,0,0,43,0,0,completed
14596,U4597,2025-02-21 22:33:00,2025-02-21 22:40:00,M,20~29,office,seoul,0,0,0,0,10,0,0,36,0,0,completed
14597,U4598,2025-02-03 18:43:00,2025-02-03 18:48:00,M,30~39,office,seoul,0,0,0,0,5,0,0,74,0,0,completed
14598,U4599,2025-09-13 18:43:00,2025-09-13 18:49:00,F,50+,office,seoul,1,0,0,0,3,0,0,21,0,0,completed
14599,U4600,2025-09-29 13:42:00,2025-09-29 13:44:00,F,40~49,office,seoul,0,0,0,0,18,0,0,11,0,0,completed
14600,U4601,2025-03-26 15:52:00,2025-03-26 15:58:00,M,40~49,office,seoul,0,0,0,0,29,0,0,44,0,0,completed
14601,U4602,2025-11-18 17:44:00,2025-11-18 17:50:00,F,50+,office,seoul,0,0,0,0,20,0,0,24,1,0,completed
14602,U4603,2025-09-06 12:22:00,2025-09-06 12:25:00,M,20~29,office,seoul,1,0,0,0,29,0,0,60,0,0,completed
14603,U4604,2025-10-30 16:12:00,2025-10-30 16:18:00,M,30~39,office,seoul,0,0,0,0,7,0,0,67,0,0,timeout
14604,U4605,2025-10-04 07:45:00,2025-10-04 07:48:00,F,50+,office,seoul,1,0,0,0,15,0,0,22,1,0,completed
14605,U4606,2025-07-11 17:57:00,2025-07-11 18:01:00,F,40~49,office,seoul,0,0,0,0,25,0,0,24,0,0,completed
14606,U4607,2025-09-05 21:38:00,2025-09-05 21:42:00,M,20~29,office,seoul,0,0,0,0,21,0,0,77,0,0,completed
14607,U4608,2025-10-21 16:13:00,2025-10-21 16:18:00,F,30~39,office,seoul,0,0,0,0,7,0,0,73,0,0,completed
14608,U4609,2025-10-01 08:59:00,2025-10-01 09:04:00,F,20~29,office,seoul,0,0,0,0,21,0,0,54,0,0,completed
14609,U4610,2025-08-12 17:21:00,2025-08-12 17:24:00,M,30~39,office,seoul,0,0,0,0,12,0,0,37,0,0,completed
14610,U4611,2025-07-24 14:34:00,2025-07-24 14:40:00,F,40~49,office,seoul,0,0,0,0,6,0,0,35,0,0,completed
14611,U4612,2025-04-27 14:43:00,2025-04-27 14:48:00,F,30~39,office,seoul,1,0,0,0,18,0,0,55,0,0,completed
14612,U4613,2025-02-02 07:17:00,2025-02-02 07:23:00,M,30~39,office,seoul,1,0,0,0,4,0,0,38,0,0,completed
14613,U4614,2025-04-07 17:28:00,2025-04-07 17:35:00,M,40~49,office,seoul,0,0,0,0,22,0,0,55,0,0,completed
14614,U4615,2025-11-07 08:39:00,2025-11-07 08:44:00,M,40~49,office,seoul,0,0,0,0,2,0,0,54,0,0,completed
14615,U4616,2025-10-28 12:12:00,2025-10-28 12:16:00,M,20~29,office,seoul,0,0,0,0,18,0,0,29,0,0,completed
14616,U4617,2025-09-24 12:26:00,2025-09-24 12:30:00,M,20~29,office,seoul,0,0,0,0,5,0,0,15,0,0,completed
14617,U4618,2025-05-02 15:31:00,2025-05-02 15:38:00,M,50+,office,seoul,0,0,0,0,19,0,0,73,0,1,abandoned
14618,U4619,2025-07-20 16:55:00,2025-07-20 16:57:00,M,20~29,office,seoul,1,0,0,0,22,0,0,57,0,0,completed
14619,U4620,2025-01-05 16:44:00,2025-01-05 16:48:00,F,40~49,office,seoul,1,0,0,0,16,0,0,17,0,0,completed
14620,U4621,2025-05-15 08:27:00,2025-05-15 08:33:00,M,30~39,office,seoul,0,0,0,0,15,0,0,71,0,0,completed
14621,U4622,2025-04-17 12:13:00,2025-04-17 12:16:00,F,50+,office,seoul,0,0,0,0,26,0,0,24,0,0,completed
14622,U4623,2025-10-25 14:25:00,2025-10-25 14:31:00,M,50+,office,seoul,1,0,0,0,27,0,0,65,0,0,completed
14623,U4624,2025-07-05 19:44:00,2025-07-05 19:49:00,F,30~39,office,seoul,1,0,0,0,9,0,0,64,0,0,timeout
14624,U4625,2025-01-09 14:07:00,2025-01-09 14:13:00,F,30~39,office,seoul,0,0,0,0,27,0,0,78,0,0,completed
14625,U4626,2025-11-07 15:59:00,2025-11-07 16:01:00,F,40~49,office,seoul,0,0,0,0,12,0,0,74,0,0,completed
14626,U4627,2025-01-14 11:27:00,2025-01-14 11:31:00,F,40~49,office,seoul,0,0,0,0,10,0,0,46,0,0,completed
14627,U4628,2025-01-29 14:53:00,2025-01-29 14:57:00,M,40~49,office,seoul,0,0,0,0,2,0,0,64,0,0,completed
14628,U4629,2025-07-08 20:21:00,2025-07-08 20:24:00,F,20~29,office,seoul,0,0,0,0,10,0,0,65,0,0,error
14629,U4630,2025-01-11 09:55:00,2025-01-11 09:57:00,M,20~29,office,seoul,1,0,0,0,0,0,0,61,0,0,completed
14630,U4631,2025-11-18 12:53:00,2025-11-18 12:55:00,M,50+,office,seoul,0,0,0,0,3,0,0,63,0,0,completed
14631,U4632,2025-01-30 13:56:00,2025-01-30 14:03:00,F,20~29,office,seoul,0,0,0,0,0,0,0,79,0,0,completed
14632,U4633,2025-10-31 07:30:00,2025-10-31 07:32:00,M,30~39,office,seoul,0,0,0,0,21,0,0,22,0,0,completed
14633,U4634,2025-03-10 07:18:00,2025-03-10 07:24:00,F,40~49,office,seoul,0,0,0,0,22,0,0,39,0,0,completed
14634,U4635,2025-05-26 12:23:00,2025-05-26 12:27:00,F,20~29,office,seoul,0,0,0,0,28,0,0,77,0,0,completed
14635,U4636,2025-12-06 17:40:00,2025-12-06 17:47:00,F,20~29,office,seoul,1,0,0,0,1,0,0,38,0,0,completed
14636,U4637,2025-04-12 08:31:00,2025-04-12 08:33:00,F,30~39,office,seoul,1,0,0,0,10,0,0,48,0,0,completed
14637,U4638,2025-10-28 16:03:00,2025-10-28 16:09:00,F,40~49,office,seoul,0,0,0,0,22,0,0,10,0,0,timeout
14638,U4639,2025-08-02 19:56:00,2025-08-02 20:00:00,M,40~49,office,seoul,1,0,0,0,12,0,0,18,0,0,completed
14639,U4640,2025-10-14 12:27:00,2025-10-14 12:32:00,M,20~29,office,seoul,0,0,0,0,6,0,0,19,0,0,completed
14640,U4641,2025-01-17 14:12:00,2025-01-17 14:15:00,M,30~39,office,seoul,0,0,0,0,5,0,0,35,0,0,completed
14641,U4642,2025-07-02 13:22:00,2025-07-02 13:24:00,M,50+,office,seoul,0,0,0,0,20,0,0,18,0,0,completed
14642,U4643,2025-12-09 09:16:00,2025-12-09 09:20:00,M,50+,office,seoul,0,0,0,0,11,0,0,19,0,0,completed
14643,U4644,2025-04-06 11:00:00,2025-04-06 11:07:00,F,30~39,office,seoul,1,0,0,0,11,0,0,26,0,0,completed
14644,U4645,2025-07-18 17:41:00,2025-07-18 17:43:00,F,30~39,office,seoul,0,0,0,0,20,0,0,22,0,0,completed
14645,U4646,2025-01-26 20:38:00,2025-01-26 20:43:00,F,20~29,office,seoul,1,0,0,0,9,0,0,65,0,0,abandoned
14646,U4647,2025-08-09 13:00:00,2025-08-09 13:04:00,F,20~29,office,seoul,1,0,0,0,27,0,0,39,0,0,completed
14647,U4648,2025-04-30 15:20:00,2025-04-30 15:24:00,F,20~29,office,seoul,0,0,0,0,16,0,0,42,0,0,completed
14648,U4649,2025-10-21 12:48:00,2025-10-21 12:51:00,M,50+,office,seoul,0,0,0,0,26,0,0,49,0,0,completed
14649,U4650,2025-10-10 13:13:00,2025-10-10 13:20:00,M,40~49,office,seoul,0,0,0,0,5,0,0,75,0,0,completed
14650,U4651,2025-03-09 16:01:00,2025-03-09 16:05:00,M,50+,office,seoul,1,0,0,0,5,0,0,15,0,0,completed
14651,U4652,2025-04-09 12:50:00,2025-04-09 12:55:00,F,20~29,office,seoul,0,0,0,0,7,0,0,50,0,0,abandoned
14652,U4653,2025-06-25 13:53:00,2025-06-25 13:59:00,F,20~29,office,seoul,0,0,0,0,16,0,0,43,0,0,completed
14653,U4654,2025-09-28 09:54:00,2025-09-28 09:59:00,M,40~49,office,seoul,1,0,0,0,3,0,0,50,0,0,abandoned
14654,U4655,2025-02-26 08:42:00,2025-02-26 08:49:00,M,20~29,office,seoul,0,0,0,0,12,0,0,78,0,0,completed
14655,U4656,2025-07-12 15:52:00,2025-07-12 15:55:00,F,20~29,office,seoul,1,0,0,0,11,0,0,51,0,0,completed
14656,U4657,2025-02-16 15:43:00,2025-02-16 15:45:00,F,40~49,office,seoul,1,0,0,0,3,0,0,39,0,0,abandoned
14657,U4658,2025-10-16 13:47:00,2025-10-16 13:52:00,F,30~39,office,seoul,0,0,0,0,16,0,0,49,0,0,completed
14658,U4659,2025-02-04 09:13:00,2025-02-04 09:20:00,M,20~29,office,seoul,0,0,0,0,7,0,0,54,0,0,completed
14659,U4660,2025-10-10 13:46:00,2025-10-10 13:51:00,F,20~29,office,seoul,0,0,0,0,22,0,0,66,0,0,completed
14660,U4661,2025-01-18 17:33:00,2025-01-18 17:39:00,M,30~39,office,seoul,1,0,0,0,16,0,0,49,0,0,completed
14661,U4662,2025-07-13 18:41:00,2025-07-13 18:48:00,F,40~49,office,seoul,1,0,0,0,21,0,0,48,0,0,completed
14662,U4663,2025-05-02 13:29:00,2025-05-02 13:36:00,F,40~49,office,seoul,0,0,0,0,24,0,0,11,0,0,completed
14663,U4664,2025-05-29 08:14:00,2025-05-29 08:21:00,M,20~29,office,seoul,0,0,0,0,5,0,0,46,0,0,completed
14664,U4665,2025-03-09 18:39:00,2025-03-09 18:42:00,M,40~49,office,seoul,1,0,0,0,1,0,0,64,0,0,completed
14665,U4666,2025-02-25 12:05:00,2025-02-25 12:10:00,M,20~29,office,seoul,0,0,0,0,29,0,0,22,0,0,completed
14666,U4667,2025-07-17 14:57:00,2025-07-17 15:04:00,M,20~29,office,seoul,0,0,0,0,9,0,0,16,0,0,completed
14667,U4668,2025-08-20 19:02:00,2025-08-20 19:05:00,F,20~29,office,seoul,0,0,0,0,18,0,0,71,0,0,timeout
14668,U4669,2025-07-18 08:19:00,2025-07-18 08:25:00,F,40~49,office,seoul,0,0,0,0,13,0,0,44,0,0,completed
14669,U4670,2025-07-13 07:58:00,2025-07-13 08:04:00,F,30~39,office,seoul,1,0,0,0,17,0,0,28,0,0,abandoned
14670,U4671,2025-07-11 20:06:00,2025-07-11 20:11:00,F,30~39,office,seoul,0,0,0,0,11,0,0,49,0,0,completed
14671,U4672,2025-11-02 07:40:00,2025-11-02 07:44:00,M,30~39,office,seoul,1,0,0,0,28,0,0,62,0,0,completed
14672,U4673,2025-03-25 13:58:00,2025-03-25 14:02:00,F,30~39,office,seoul,0,0,0,0,13,0,0,32,0,0,completed
14673,U4674,2025-06-27 08:51:00,2025-06-27 08:58:00,F,20~29,office,seoul,0,0,0,0,5,0,0,76,0,0,completed
14674,U4675,2025-11-21 19:30:00,2025-11-21 19:35:00,F,40~49,office,seoul,0,0,0,0,0,0,0,17,0,0,completed
14675,U4676,2025-09-06 13:26:00,2025-09-06 13:33:00,F,40~49,office,seoul,1,0,0,0,20,0,0,49,0,0,completed
14676,U4677,2025-12-13 07:12:00,2025-12-13 07:16:00,F,40~49,office,seoul,1,0,0,0,27,0,0,19,0,0,completed
14677,U4678,2025-05-09 15:25:00,2025-05-09 15:31:00,F,30~39,office,seoul,0,0,0,0,6,0,0,29,0,0,abandoned
14678,U4679,2025-07-12 14:28:00,2025-07-12 14:32:00,F,30~39,office,seoul,1,0,0,0,11,0,0,33,0,0,completed
14679,U4680,2025-02-10 14:45:00,2025-02-10 14:52:00,F,40~49,office,seoul,0,0,0,0,6,0,0,39,0,0,completed
14680,U4681,2025-08-19 09:28:00,2025-08-19 09:35:00,F,20~29,office,seoul,0,0,0,0,19,0,0,36,0,0,completed
14681,U4682,2025-07-10 16:10:00,2025-07-10 16:12:00,M,30~39,office,seoul,0,0,0,0,6,0,0,71,0,0,completed
14682,U4683,2025-10-10 16:54:00,2025-10-10 16:58:00,M,40~49,office,seoul,0,0,0,0,21,0,0,19,0,0,completed
14683,U4684,2025-12-25 14:48:00,2025-12-25 14:51:00,F,40~49,office,seoul,0,0,0,0,18,0,0,18,0,0,completed
14684,U4685,2025-10-19 14:09:00,2025-10-19 14:16:00,F,20~29,office,seoul,1,0,0,0,25,0,0,79,0,0,completed
14685,U4686,2025-12-09 22:20:00,2025-12-09 22:24:00,M,20~29,office,seoul,0,0,0,0,19,0,0,14,0,0,completed
14686,U4687,2025-03-12 12:00:00,2025-03-12 12:05:00,F,30~39,office,seoul,0,0,0,0,3,0,0,49,0,0,completed
14687,U4688,2025-01-19 07:53:00,2025-01-19 08:00:00,M,30~39,office,seoul,1,0,0,0,4,0,0,74,0,0,completed
14688,U4689,2025-08-04 18:15:00,2025-08-04 18:17:00,M,40~49,office,seoul,0,0,0,0,5,0,0,57,0,0,completed
14689,U4690,2025-02-23 15:33:00,2025-02-23 15:39:00,F,20~29,office,seoul,1,0,0,0,0,0,0,39,0,0,completed
14690,U4691,2025-06-06 17:28:00,2025-06-06 17:31:00,M,30~39,office,seoul,0,0,0,0,20,0,0,33,0,0,completed
14691,U4692,2025-01-05 17:38:00,2025-01-05 17:40:00,M,30~39,office,seoul,1,0,0,0,23,0,0,74,0,0,completed
14692,U4693,2025-05-06 11:48:00,2025-05-06 11:50:00,M,30~39,office,seoul,0,0,0,0,28,0,0,72,0,0,completed
14693,U4694,2025-03-25 12:00:00,2025-03-25 12:06:00,M,20~29,office,seoul,0,0,0,0,6,0,0,51,0,0,completed
14694,U4695,2025-11-23 18:42:00,2025-11-23 18:49:00,M,30~39,office,seoul,1,0,0,0,17,0,0,58,0,0,completed
14695,U4696,2025-02-24 17:58:00,2025-02-24 18:05:00,M,20~29,office,seoul,0,0,0,0,21,0,0,35,0,0,completed
14696,U4697,2025-05-24 14:57:00,2025-05-24 15:00:00,F,30~39,office,seoul,1,0,0,0,10,0,0,11,0,0,completed
14697,U4698,2025-09-03 11:30:00,2025-09-03 11:36:00,M,50+,office,seoul,0,0,0,0,18,0,0,21,0,0,completed
14698,U4699,2025-08-19 13:19:00,2025-08-19 13:26:00,F,50+,office,seoul,0,0,0,0,8,0,0,68,0,0,completed
14699,U4700,2025-02-14 13:28:00,2025-02-14 13:30:00,M,20~29,office,seoul,0,0,0,0,11,0,0,59,0,0,completed
14700,U4701,2025-07-21 12:59:00,2025-07-21 13:02:00,M,20~29,office,seoul,0,0,0,0,24,0,0,17,0,0,completed
14701,U4702,2025-05-20 13:18:00,2025-05-20 13:21:00,F,30~39,office,seoul,0,0,0,0,4,0,0,61,0,0,completed
14702,U4703,2025-04-08 08:16:00,2025-04-08 08:22:00,F,20~29,office,seoul,0,0,0,0,4,0,0,23,0,0,completed
14703,U4704,2025-11-02 09:24:00,2025-11-02 09:29:00,F,20~29,office,seoul,1,0,0,0,27,0,0,77,0,0,completed
14704,U4705,2025-08-31 09:24:00,2025-08-31 09:30:00,F,40~49,office,seoul,1,0,0,0,14,0,0,58,0,0,completed
14705,U4706,2025-04-02 12:30:00,2025-04-02 12:33:00,M,20~29,office,seoul,0,0,0,0,19,0,0,29,0,0,completed
14706,U4707,2025-05-11 15:58:00,2025-05-11 16:02:00,F,20~29,office,seoul,1,0,0,0,14,0,0,17,0,0,completed
14707,U4708,2025-10-07 13:32:00,2025-10-07 13:38:00,F,30~39,office,seoul,0,0,0,0,20,0,0,10,0,0,completed
14708,U4709,2025-06-14 12:27:00,2025-06-14 12:31:00,M,30~39,office,seoul,1,0,0,0,3,0,0,11,0,0,completed
14709,U4710,2025-10-08 09:50:00,2025-10-08 09:53:00,M,40~49,office,seoul,0,0,0,0,20,0,0,26,0,0,completed
14710,U4711,2025-12-27 07:03:00,2025-12-27 07:10:00,F,50+,office,seoul,1,0,0,0,28,0,0,67,0,0,completed
14711,U4712,2025-03-01 11:31:00,2025-03-01 11:38:00,M,30~39,office,seoul,1,0,0,0,1,0,0,47,0,0,completed
14712,U4713,2025-01-13 11:33:00,2025-01-13 11:35:00,M,20~29,office,seoul,0,0,0,0,18,0,0,53,1,0,completed
14713,U4714,2025-09-13 11:59:00,2025-09-13 12:01:00,M,50+,office,seoul,1,0,0,0,13,0,0,73,0,0,completed
14714,U4715,2025-04-10 12:59:00,2025-04-10 13:05:00,M,20~29,office,seoul,0,0,0,0,7,0,0,58,0,0,completed
14715,U4716,2025-04-28 11:38:00,2025-04-28 11:44:00,F,20~29,office,seoul,0,0,0,0,2,0,0,74,0,0,completed
14716,U4717,2025-04-21 11:21:00,2025-04-21 11:24:00,F,20~29,office,seoul,0,0,0,0,17,0,0,45,0,0,completed
14717,U4718,2025-01-20 14:26:00,2025-01-20 14:31:00,M,50+,office,seoul,0,0,0,0,9,0,0,70,0,0,completed
14718,U4719,2025-10-23 17:31:00,2025-10-23 17:37:00,M,20~29,office,seoul,0,0,0,0,20,0,0,62,0,0,completed
14719,U4720,2025-04-11 15:11:00,2025-04-11 15:18:00,M,20~29,office,seoul,0,0,0,0,27,0,0,15,0,0,completed
14720,U4721,2025-03-07 12:03:00,2025-03-07 12:06:00,M,50+,office,seoul,0,0,0,0,8,0,0,17,0,0,abandoned
14721,U4722,2025-07-28 15:11:00,2025-07-28 15:16:00,F,20~29,office,seoul,0,0,0,0,3,0,0,45,0,0,completed
14722,U4723,2025-03-07 09:41:00,2025-03-07 09:47:00,M,50+,office,seoul,0,0,0,0,3,0,0,62,1,0,completed
14723,U4724,2025-07-15 15:10:00,2025-07-15 15:16:00,M,20~29,office,seoul,0,0,0,0,24,0,0,78,0,0,completed
14724,U4725,2025-06-18 22:04:00,2025-06-18 22:10:00,F,30~39,office,seoul,0,0,0,0,24,0,0,76,0,0,timeout
14725,U4726,2025-11-01 16:19:00,2025-11-01 16:24:00,M,20~29,office,seoul,1,0,0,0,8,0,0,64,0,0,completed
14726,U4727,2025-05-10 13:34:00,2025-05-10 13:39:00,F,20~29,office,seoul,1,0,0,0,5,0,0,39,0,0,abandoned
14727,U4728,2025-11-30 12:42:00,2025-11-30 12:45:00,F,40~49,office,seoul,1,0,0,0,7,0,0,78,0,0,completed
14728,U4729,2025-08-08 15:39:00,2025-08-08 15:41:00,F,20~29,office,seoul,0,0,0,0,22,0,0,13,0,0,completed
14729,U4730,2025-06-15 19:52:00,2025-06-15 19:59:00,M,30~39,office,seoul,1,0,0,0,29,0,0,38,0,0,abandoned
14730,U4731,2025-11-18 09:01:00,2025-11-18 09:05:00,M,20~29,office,seoul,0,0,0,0,25,0,0,55,0,0,completed
14731,U4732,2025-06-14 15:03:00,2025-06-14 15:09:00,M,30~39,office,seoul,1,0,0,0,6,0,0,20,0,0,completed
14732,U4733,2025-08-23 14:02:00,2025-08-23 14:06:00,M,30~39,office,seoul,1,0,0,0,11,0,0,45,0,0,error
14733,U4734,2025-02-11 18:16:00,2025-02-11 18:19:00,F,40~49,office,seoul,0,0,0,0,23,0,0,53,0,0,completed
14734,U4735,2025-05-23 09:25:00,2025-05-23 09:29:00,M,30~39,office,seoul,0,0,0,0,2,0,0,18,0,0,completed
14735,U4736,2025-12-28 21:31:00,2025-12-28 21:36:00,F,20~29,office,seoul,1,0,0,0,1,0,0,38,0,0,completed
14736,U4737,2025-02-28 09:11:00,2025-02-28 09:14:00,F,40~49,office,seoul,0,0,0,0,29,0,0,45,0,0,completed
14737,U4738,2025-12-27 19:23:00,2025-12-27 19:27:00,F,30~39,office,seoul,1,0,0,0,16,0,0,76,0,0,completed
14738,U4739,2025-09-14 14:22:00,2025-09-14 14:29:00,M,50+,office,seoul,1,0,0,0,22,0,0,39,0,0,completed
14739,U4740,2025-04-02 13:20:00,2025-04-02 13:27:00,F,30~39,office,seoul,0,0,0,0,26,0,0,53,0,0,completed
14740,U4741,2025-05-30 09:57:00,2025-05-30 10:03:00,F,40~49,office,seoul,0,0,0,0,28,0,0,31,0,0,timeout
14741,U4742,2025-04-17 07:09:00,2025-04-17 07:13:00,F,30~39,office,seoul,0,0,0,0,6,0,0,17,0,0,completed
14742,U4743,2025-10-13 08:29:00,2025-10-13 08:33:00,F,40~49,office,seoul,0,0,0,0,24,0,0,13,0,0,completed
14743,U4744,2025-07-09 22:50:00,2025-07-09 22:52:00,M,50+,office,seoul,0,0,0,0,25,0,0,12,1,0,completed
14744,U4745,2025-02-16 07:27:00,2025-02-16 07:32:00,F,40~49,office,seoul,1,0,0,0,0,0,0,75,0,0,completed
14745,U4746,2025-07-03 08:34:00,2025-07-03 08:37:00,F,20~29,office,seoul,0,0,0,0,19,0,0,34,0,0,completed
14746,U4747,2025-08-30 18:30:00,2025-08-30 18:37:00,F,30~39,office,seoul,1,0,0,0,8,0,0,32,0,0,completed
14747,U4748,2025-11-21 15:14:00,2025-11-21 15:16:00,M,40~49,office,seoul,0,0,0,0,19,0,0,30,0,0,completed
14748,U4749,2025-03-06 12:14:00,2025-03-06 12:16:00,M,30~39,office,seoul,0,0,0,0,26,0,0,68,0,0,completed
14749,U4750,2025-08-28 16:02:00,2025-08-28 16:07:00,M,20~29,office,seoul,0,0,0,0,10,0,0,70,0,0,completed
14750,U4751,2025-07-23 08:47:00,2025-07-23 08:51:00,M,50+,office,seoul,0,0,0,0,17,0,0,12,0,0,completed
14751,U4752,2025-10-17 17:18:00,2025-10-17 17:23:00,M,30~39,office,seoul,0,0,0,0,1,0,0,58,0,0,error
14752,U4753,2025-03-02 09:56:00,2025-03-02 10:00:00,F,50+,office,seoul,1,0,0,0,25,0,0,42,1,0,completed
14753,U4754,2025-02-18 14:26:00,2025-02-18 14:30:00,M,20~29,office,seoul,0,0,0,0,6,0,0,37,0,0,completed
14754,U4755,2025-04-11 16:36:00,2025-04-11 16:42:00,F,20~29,office,seoul,0,0,0,0,8,0,0,12,0,0,completed
14755,U4756,2025-05-16 19:24:00,2025-05-16 19:27:00,F,30~39,office,seoul,0,0,0,0,8,0,0,49,0,0,completed
14756,U4757,2025-07-09 12:05:00,2025-07-09 12:10:00,F,30~39,office,seoul,0,0,0,0,5,0,0,31,0,0,completed
14757,U4758,2025-12-02 16:08:00,2025-12-02 16:13:00,F,40~49,office,seoul,0,0,0,0,16,0,0,38,0,0,completed
14758,U4759,2025-07-03 13:56:00,2025-07-03 14:02:00,F,30~39,office,seoul,0,0,0,0,15,0,0,26,0,0,completed
14759,U4760,2025-09-20 16:50:00,2025-09-20 16:52:00,F,30~39,office,seoul,1,0,0,0,20,0,0,63,0,0,abandoned
14760,U4761,2025-11-21 15:38:00,2025-11-21 15:40:00,F,40~49,office,seoul,0,0,0,0,27,0,0,27,0,0,abandoned
14761,U4762,2025-11-22 09:10:00,2025-11-22 09:12:00,F,20~29,office,seoul,1,0,0,0,13,0,0,45,0,0,completed
14762,U4763,2025-11-14 12:24:00,2025-11-14 12:27:00,M,30~39,office,seoul,0,0,0,0,5,0,0,16,0,0,completed
14763,U4764,2025-08-03 15:17:00,2025-08-03 15:23:00,F,40~49,office,seoul,1,0,0,0,11,0,0,65,0,0,completed
14764,U4765,2025-08-28 12:29:00,2025-08-28 12:32:00,M,30~39,office,seoul,0,0,0,0,19,0,0,24,0,0,completed
14765,U4766,2025-08-04 09:18:00,2025-08-04 09:22:00,F,20~29,office,seoul,0,0,0,0,24,0,0,43,0,0,completed
14766,U4767,2025-03-22 07:15:00,2025-03-22 07:18:00,F,40~49,office,seoul,1,0,0,0,3,0,0,41,0,0,completed
14767,U4768,2025-11-15 13:45:00,2025-11-15 13:51:00,M,40~49,office,seoul,1,0,0,0,11,0,0,29,0,0,completed
14768,U4769,2025-04-01 13:28:00,2025-04-01 13:35:00,F,30~39,office,seoul,0,0,0,0,29,0,0,68,0,0,completed
14769,U4770,2025-03-30 14:43:00,2025-03-30 14:47:00,F,20~29,office,seoul,1,0,0,0,9,0,0,20,0,0,completed
14770,U4771,2025-04-25 15:27:00,2025-04-25 15:33:00,M,40~49,office,seoul,0,0,0,0,26,0,0,31,0,0,completed
14771,U4772,2025-02-28 08:01:00,2025-02-28 08:05:00,F,20~29,office,seoul,0,0,0,0,22,0,0,73,0,0,completed
14772,U4773,2025-09-15 15:55:00,2025-09-15 15:58:00,M,20~29,office,seoul,0,0,0,0,9,0,0,71,0,0,completed
14773,U4774,2025-09-20 13:47:00,2025-09-20 13:50:00,M,30~39,office,seoul,1,0,0,0,27,0,0,42,0,0,completed
14774,U4775,2025-07-27 11:17:00,2025-07-27 11:20:00,M,40~49,office,seoul,1,0,0,0,23,0,0,24,0,0,completed
14775,U4776,2025-04-02 08:41:00,2025-04-02 08:45:00,F,20~29,office,seoul,0,0,0,0,10,0,0,79,0,0,abandoned
14776,U4777,2025-04-10 08:33:00,2025-04-10 08:38:00,F,20~29,office,seoul,0,0,0,0,11,0,0,68,0,0,completed
14777,U4778,2025-07-13 12:05:00,2025-07-13 12:10:00,M,30~39,office,seoul,1,0,0,0,20,0,0,73,0,0,completed
14778,U4779,2025-01-31 12:17:00,2025-01-31 12:24:00,M,20~29,office,seoul,0,0,0,0,12,0,0,66,0,0,completed
14779,U4780,2025-07-21 16:52:00,2025-07-21 16:58:00,F,30~39,office,seoul,0,0,0,0,28,0,0,77,0,0,completed
14780,U4781,2025-10-12 22:47:00,2025-10-12 22:52:00,M,30~39,office,seoul,1,0,0,0,16,0,0,10,0,0,completed
14781,U4782,2025-06-14 18:18:00,2025-06-14 18:21:00,M,30~39,office,seoul,1,0,0,0,4,0,0,50,0,0,completed
14782,U4783,2025-01-30 09:39:00,2025-01-30 09:42:00,M,20~29,office,seoul,0,0,0,0,23,0,0,19,0,0,completed
14783,U4784,2025-03-03 22:25:00,2025-03-03 22:32:00,F,20~29,office,seoul,0,0,0,0,1,0,0,43,0,0,completed
14784,U4785,2025-08-11 15:20:00,2025-08-11 15:27:00,F,40~49,office,seoul,0,0,0,0,27,0,0,37,0,0,abandoned
14785,U4786,2025-07-06 15:52:00,2025-07-06 15:54:00,F,50+,office,seoul,1,0,0,0,13,0,0,12,0,0,completed
14786,U4787,2025-06-17 12:11:00,2025-06-17 12:14:00,F,20~29,office,seoul,0,0,0,0,11,0,0,45,0,0,completed
14787,U4788,2025-11-17 08:32:00,2025-11-17 08:37:00,M,50+,office,seoul,0,0,0,0,10,0,0,70,1,0,completed
14788,U4789,2025-08-01 18:31:00,2025-08-01 18:36:00,F,20~29,office,seoul,0,0,0,0,27,0,0,26,0,0,abandoned
14789,U4790,2025-03-15 12:48:00,2025-03-15 12:51:00,M,50+,office,seoul,1,0,0,0,10,0,0,58,0,0,completed
14790,U4791,2025-12-30 20:41:00,2025-12-30 20:48:00,F,30~39,office,seoul,0,0,0,0,16,0,0,41,0,0,completed
14791,U4792,2025-03-19 14:22:00,2025-03-19 14:26:00,M,30~39,office,seoul,0,0,0,0,7,0,0,63,0,0,completed
14792,U4793,2025-01-22 15:41:00,2025-01-22 15:44:00,M,30~39,office,seoul,0,0,0,0,17,0,0,73,0,0,completed
14793,U4794,2025-06-21 17:38:00,2025-06-21 17:45:00,M,50+,office,seoul,1,0,0,0,20,0,0,74,0,1,abandoned
14794,U4795,2025-11-11 09:08:00,2025-11-11 09:14:00,F,30~39,office,seoul,0,0,0,0,1,0,0,36,0,0,completed
14795,U4796,2025-01-04 11:46:00,2025-01-04 11:50:00,M,40~49,office,seoul,1,0,0,0,2,0,0,12,0,0,completed
14796,U4797,2025-10-31 13:04:00,2025-10-31 13:09:00,F,20~29,office,seoul,0,0,0,0,21,0,0,64,0,0,completed
14797,U4798,2025-07-28 22:46:00,2025-07-28 22:50:00,M,20~29,office,seoul,0,0,0,0,19,0,0,61,1,0,completed
14798,U4799,2025-06-19 13:13:00,2025-06-19 13:17:00,F,30~39,office,seoul,0,0,0,0,15,0,0,21,0,0,completed
14799,U4800,2025-09-28 11:08:00,2025-09-28 11:13:00,F,40~49,office,seoul,1,0,0,0,13,0,0,42,0,0,completed
14800,U4801,2025-03-07 08:58:00,2025-03-07 09:00:00,F,50+,office,seoul,0,0,0,0,3,0,0,28,0,0,completed
14801,U4802,2025-01-03 11:58:00,2025-01-03 12:00:00,M,40~49,office,seoul,0,0,0,0,24,0,0,40,0,0,completed
14802,U4803,2025-04-17 21:51:00,2025-04-17 21:55:00,F,20~29,office,seoul,0,0,0,0,6,0,0,25,0,0,completed
14803,U4804,2025-06-17 09:15:00,2025-06-17 09:18:00,M,40~49,office,seoul,0,0,0,0,12,0,0,47,0,0,completed
14804,U4805,2025-05-25 13:23:00,2025-05-25 13:28:00,M,20~29,office,seoul,1,0,0,0,21,0,0,53,0,0,completed
14805,U4806,2025-12-16 15:19:00,2025-12-16 15:25:00,F,40~49,office,seoul,0,0,0,0,11,0,0,78,0,0,completed
14806,U4807,2025-02-18 17:54:00,2025-02-18 17:58:00,F,50+,office,seoul,0,0,0,0,18,0,0,15,0,0,completed
14807,U4808,2025-06-10 15:25:00,2025-06-10 15:31:00,M,30~39,office,seoul,0,0,0,0,6,0,0,69,0,0,completed
14808,U4809,2025-11-23 13:04:00,2025-11-23 13:09:00,M,20~29,office,seoul,1,0,0,0,1,0,0,64,0,0,completed
14809,U4810,2025-10-26 08:12:00,2025-10-26 08:15:00,F,40~49,office,seoul,1,0,0,0,27,0,0,19,0,0,completed
14810,U4811,2025-01-07 19:54:00,2025-01-07 20:00:00,F,30~39,office,seoul,0,0,0,0,26,0,0,71,0,0,abandoned
14811,U4812,2025-03-14 08:39:00,2025-03-14 08:41:00,M,50+,office,seoul,0,0,0,0,21,0,0,39,0,0,completed
14812,U4813,2025-09-23 09:48:00,2025-09-23 09:53:00,F,40~49,office,seoul,0,0,0,0,26,0,0,46,0,0,completed
14813,U4814,2025-10-28 09:35:00,2025-10-28 09:37:00,M,30~39,office,seoul,0,0,0,0,27,0,0,67,0,0,abandoned
14814,U4815,2025-10-21 14:37:00,2025-10-21 14:41:00,M,20~29,office,seoul,0,0,0,0,13,0,0,59,0,0,completed
14815,U4816,2025-08-05 14:17:00,2025-08-05 14:24:00,F,20~29,office,seoul,0,0,0,0,20,0,0,46,0,0,timeout
14816,U4817,2025-08-17 12:49:00,2025-08-17 12:56:00,M,40~49,office,seoul,1,0,0,0,7,0,0,57,0,0,completed
14817,U4818,2025-09-06 09:24:00,2025-09-06 09:28:00,M,30~39,office,seoul,1,0,0,0,4,0,0,30,0,0,completed
14818,U4819,2025-10-14 08:52:00,2025-10-14 08:55:00,M,30~39,office,seoul,0,0,0,0,17,0,0,29,0,0,completed
14819,U4820,2025-01-14 15:13:00,2025-01-14 15:17:00,F,20~29,office,seoul,0,0,0,0,14,0,0,14,0,0,completed
14820,U4821,2025-11-24 13:35:00,2025-11-24 13:41:00,F,50+,office,seoul,0,0,0,0,8,0,0,25,0,0,completed
14821,U4822,2025-04-21 12:13:00,2025-04-21 12:18:00,F,20~29,office,seoul,0,0,0,0,5,0,0,31,0,0,completed
14822,U4823,2025-01-31 12:20:00,2025-01-31 12:26:00,F,50+,office,seoul,0,0,0,0,18,0,0,74,0,0,completed
14823,U4824,2025-11-27 12:32:00,2025-11-27 12:37:00,M,30~39,office,seoul,0,0,0,0,29,0,0,14,0,0,completed
14824,U4825,2025-10-25 15:45:00,2025-10-25 15:48:00,F,20~29,office,seoul,1,0,0,0,4,0,0,22,0,0,completed
14825,U4826,2025-05-21 14:41:00,2025-05-21 14:47:00,F,30~39,office,seoul,0,0,0,0,1,0,0,36,0,0,completed
14826,U4827,2025-07-25 13:28:00,2025-07-25 13:32:00,F,30~39,office,seoul,0,0,0,0,4,0,0,69,0,0,abandoned
14827,U4828,2025-11-18 15:58:00,2025-11-18 16:01:00,M,40~49,office,seoul,0,0,0,0,18,0,0,32,0,0,completed
14828,U4829,2025-06-05 19:01:00,2025-06-05 19:06:00,F,30~39,office,seoul,0,0,0,0,28,0,0,26,0,0,completed
14829,U4830,2025-04-07 15:33:00,2025-04-07 15:40:00,F,30~39,office,seoul,0,0,0,0,9,0,0,56,0,0,completed
14830,U4831,2025-11-28 21:57:00,2025-11-28 22:03:00,F,50+,office,seoul,0,0,0,0,10,0,0,37,0,0,abandoned
14831,U4832,2025-04-27 15:11:00,2025-04-27 15:14:00,F,40~49,office,seoul,1,0,0,0,24,0,0,69,0,0,completed
14832,U4833,2025-12-01 15:34:00,2025-12-01 15:38:00,M,30~39,office,seoul,0,0,0,0,5,0,0,34,0,0,completed
14833,U4834,2025-04-19 13:42:00,2025-04-19 13:49:00,M,30~39,office,seoul,1,0,0,0,23,0,0,16,0,0,completed
14834,U4835,2025-06-19 11:49:00,2025-06-19 11:52:00,F,40~49,office,seoul,0,0,0,0,16,0,0,23,0,0,completed
14835,U4836,2025-03-17 12:24:00,2025-03-17 12:26:00,F,30~39,office,seoul,0,0,0,0,18,0,0,55,0,0,completed
14836,U4837,2025-06-22 15:47:00,2025-06-22 15:53:00,F,20~29,office,seoul,1,0,0,0,27,0,0,52,0,0,completed
14837,U4838,2025-08-26 09:15:00,2025-08-26 09:19:00,M,20~29,office,seoul,0,0,0,0,11,0,0,39,0,0,completed
14838,U4839,2025-12-17 18:11:00,2025-12-17 18:18:00,M,30~39,office,seoul,0,0,0,0,20,0,0,11,0,0,completed
14839,U4840,2025-03-09 17:17:00,2025-03-09 17:22:00,M,40~49,office,seoul,1,0,0,0,5,0,0,57,0,0,timeout
14840,U4841,2025-10-24 19:28:00,2025-10-24 19:35:00,F,40~49,office,seoul,0,0,0,0,6,0,0,31,0,0,completed
14841,U4842,2025-04-11 12:56:00,2025-04-11 13:01:00,F,20~29,office,seoul,0,0,0,0,15,0,0,38,0,0,completed
14842,U4843,2025-10-18 09:15:00,2025-10-18 09:17:00,F,20~29,office,seoul,1,0,0,0,12,0,0,43,0,0,completed
14843,U4844,2025-01-28 09:23:00,2025-01-28 09:29:00,M,50+,office,seoul,0,0,0,0,21,0,0,13,0,1,completed
14844,U4845,2025-04-18 18:31:00,2025-04-18 18:33:00,M,30~39,office,seoul,0,0,0,0,24,0,0,79,0,0,completed
14845,U4846,2025-03-10 07:55:00,2025-03-10 07:57:00,F,50+,office,seoul,0,0,0,0,17,0,0,31,0,0,completed
14846,U4847,2025-01-28 14:00:00,2025-01-28 14:06:00,F,20~29,office,seoul,0,0,0,0,11,0,0,53,0,0,completed
14847,U4848,2025-07-16 16:02:00,2025-07-16 16:08:00,M,30~39,office,seoul,0,0,0,0,15,0,0,62,0,0,completed
14848,U4849,2025-10-17 12:37:00,2025-10-17 12:42:00,F,30~39,office,seoul,0,0,0,0,3,0,0,30,0,1,completed
14849,U4850,2025-11-05 19:11:00,2025-11-05 19:15:00,F,20~29,office,seoul,0,0,0,0,28,0,0,30,0,0,completed
14850,U4851,2025-05-19 15:26:00,2025-05-19 15:33:00,F,50+,office,seoul,0,0,0,0,15,0,0,35,0,0,abandoned
14851,U4852,2025-03-30 16:22:00,2025-03-30 16:25:00,M,40~49,office,seoul,1,0,0,0,24,0,0,71,0,0,completed
14852,U4853,2025-05-04 08:28:00,2025-05-04 08:32:00,M,30~39,office,seoul,1,0,0,0,5,0,0,36,0,0,completed
14853,U4854,2025-08-11 12:49:00,2025-08-11 12:56:00,M,40~49,office,seoul,0,0,0,0,13,0,0,28,0,0,abandoned
14854,U4855,2025-11-14 17:39:00,2025-11-14 17:46:00,F,30~39,office,seoul,0,0,0,0,7,0,0,13,0,0,completed
14855,U4856,2025-12-01 16:08:00,2025-12-01 16:15:00,F,30~39,office,seoul,0,0,0,0,8,0,0,50,0,0,completed
14856,U4857,2025-04-12 08:28:00,2025-04-12 08:35:00,M,30~39,office,seoul,1,0,0,0,15,0,0,28,0,0,completed
14857,U4858,2025-12-06 15:27:00,2025-12-06 15:29:00,M,20~29,office,seoul,1,0,0,0,7,0,0,67,0,0,completed
14858,U4859,2025-08-27 12:25:00,2025-08-27 12:30:00,F,30~39,office,seoul,0,0,0,0,18,0,0,53,0,0,completed
14859,U4860,2025-04-06 09:42:00,2025-04-06 09:45:00,F,30~39,office,seoul,1,0,0,0,2,0,0,31,0,0,completed
14860,U4861,2025-01-09 16:51:00,2025-01-09 16:55:00,F,20~29,office,seoul,0,0,0,0,24,0,0,44,0,0,completed
14861,U4862,2025-01-04 21:44:00,2025-01-04 21:51:00,F,20~29,office,seoul,1,0,0,0,9,0,0,27,0,0,completed
14862,U4863,2025-12-12 15:39:00,2025-12-12 15:45:00,F,30~39,office,seoul,0,0,0,0,19,0,0,17,0,0,completed
14863,U4864,2025-10-26 13:13:00,2025-10-26 13:17:00,F,20~29,office,seoul,1,0,0,0,0,0,0,60,0,0,abandoned
14864,U4865,2025-07-29 15:37:00,2025-07-29 15:40:00,F,30~39,office,seoul,0,0,0,0,13,0,0,24,0,0,completed
14865,U4866,2025-08-18 11:06:00,2025-08-18 11:13:00,M,40~49,office,seoul,0,0,0,0,15,0,0,29,0,0,completed
14866,U4867,2025-05-04 18:35:00,2025-05-04 18:39:00,M,30~39,office,seoul,1,0,0,0,11,0,0,14,0,0,completed
14867,U4868,2025-06-21 12:01:00,2025-06-21 12:04:00,F,40~49,office,seoul,1,0,0,0,22,0,0,75,0,0,completed
14868,U4869,2025-09-30 20:37:00,2025-09-30 20:41:00,M,20~29,office,seoul,0,0,0,0,0,0,0,59,0,0,completed
14869,U4870,2025-02-01 14:37:00,2025-02-01 14:44:00,F,20~29,office,seoul,1,0,0,0,1,0,0,57,0,0,completed
14870,U4871,2025-11-04 22:16:00,2025-11-04 22:18:00,F,20~29,office,seoul,0,0,0,0,20,0,0,70,0,0,completed
14871,U4872,2025-08-03 19:34:00,2025-08-03 19:40:00,F,40~49,office,seoul,1,0,0,0,14,0,0,13,0,0,completed
14872,U4873,2025-09-15 15:37:00,2025-09-15 15:41:00,M,20~29,office,seoul,0,0,0,0,20,0,0,67,0,0,completed
14873,U4874,2025-10-05 12:33:00,2025-10-05 12:38:00,F,40~49,office,seoul,1,0,0,0,1,0,0,64,0,0,completed
14874,U4875,2025-06-04 14:50:00,2025-06-04 14:57:00,F,50+,office,seoul,0,0,0,0,7,0,0,10,0,0,completed
14875,U4876,2025-12-26 08:52:00,2025-12-26 08:57:00,M,30~39,office,seoul,0,0,0,0,8,0,0,24,0,0,completed
14876,U4877,2025-07-14 16:11:00,2025-07-14 16:14:00,F,30~39,office,seoul,0,0,0,0,26,0,0,58,0,0,completed
14877,U4878,2025-02-08 21:27:00,2025-02-08 21:31:00,M,30~39,office,seoul,1,0,0,0,21,0,0,78,0,0,completed
14878,U4879,2025-01-11 14:44:00,2025-01-11 14:46:00,F,20~29,office,seoul,1,0,0,0,21,0,0,15,0,0,completed
14879,U4880,2025-03-16 17:32:00,2025-03-16 17:39:00,F,30~39,office,seoul,1,0,0,0,27,0,0,23,0,0,completed
14880,U4881,2025-08-14 17:34:00,2025-08-14 17:39:00,M,20~29,office,seoul,0,0,0,0,9,0,0,22,0,0,completed
14881,U4882,2025-12-26 22:04:00,2025-12-26 22:10:00,F,30~39,office,seoul,0,0,0,0,17,0,0,23,0,0,completed
14882,U4883,2025-02-14 17:23:00,2025-02-14 17:28:00,F,20~29,office,seoul,0,0,0,0,10,0,0,48,0,0,completed
14883,U4884,2025-06-09 09:41:00,2025-06-09 09:48:00,F,20~29,office,seoul,0,0,0,0,13,0,0,28,0,0,completed
14884,U4885,2025-02-02 07:50:00,2025-02-02 07:55:00,M,30~39,office,seoul,1,0,0,0,7,0,0,78,0,0,completed
14885,U4886,2025-04-06 07:39:00,2025-04-06 07:42:00,F,30~39,office,seoul,1,0,0,0,18,0,0,64,0,0,completed
14886,U4887,2025-01-02 17:51:00,2025-01-02 17:56:00,M,40~49,office,seoul,0,0,0,0,27,0,0,47,0,0,completed
14887,U4888,2025-07-17 13:30:00,2025-07-17 13:37:00,F,40~49,office,seoul,0,0,0,0,29,0,0,41,0,0,timeout
14888,U4889,2025-09-30 12:16:00,2025-09-30 12:23:00,F,20~29,office,seoul,0,0,0,0,9,0,0,28,0,0,completed
14889,U4890,2025-12-25 14:30:00,2025-12-25 14:32:00,M,30~39,office,seoul,0,0,0,0,14,0,0,55,0,0,completed
14890,U4891,2025-06-07 14:18:00,2025-06-07 14:25:00,M,30~39,office,seoul,1,0,0,0,11,0,0,61,0,0,completed
14891,U4892,2025-04-01 08:37:00,2025-04-01 08:42:00,F,20~29,office,seoul,0,0,0,0,29,0,0,74,0,0,completed
14892,U4893,2025-09-14 14:06:00,2025-09-14 14:13:00,M,30~39,office,seoul,1,0,0,0,17,0,0,31,0,0,completed
14893,U4894,2025-07-31 17:48:00,2025-07-31 17:50:00,F,20~29,office,seoul,0,0,0,0,14,0,0,41,0,0,completed
14894,U4895,2025-09-24 19:45:00,2025-09-24 19:50:00,F,30~39,office,seoul,0,0,0,0,14,0,0,55,0,0,completed
14895,U4896,2025-01-15 22:11:00,2025-01-15 22:15:00,M,20~29,office,seoul,0,0,0,0,9,0,0,79,0,0,completed
14896,U4897,2025-06-05 12:20:00,2025-06-05 12:23:00,M,30~39,office,seoul,0,0,0,0,5,0,0,16,0,0,completed
14897,U4898,2025-04-16 13:35:00,2025-04-16 13:39:00,F,20~29,office,seoul,0,0,0,0,29,0,0,71,0,0,completed
14898,U4899,2025-06-05 09:16:00,2025-06-05 09:19:00,M,50+,office,seoul,0,0,0,0,18,0,0,59,0,0,completed
14899,U4900,2025-01-12 12:17:00,2025-01-12 12:19:00,M,30~39,office,seoul,1,0,0,0,23,0,0,18,0,0,completed
14900,U4901,2025-10-26 16:15:00,2025-10-26 16:19:00,F,20~29,office,seoul,1,0,0,0,17,0,0,66,0,0,completed
14901,U4902,2025-11-08 18:35:00,2025-11-08 18:41:00,F,40~49,office,seoul,1,0,0,0,5,0,0,71,0,0,completed
14902,U4903,2025-02-05 18:35:00,2025-02-05 18:42:00,M,40~49,office,seoul,0,0,0,0,14,0,0,17,0,0,completed
14903,U4904,2025-02-07 17:48:00,2025-02-07 17:55:00,F,40~49,office,seoul,0,0,0,0,25,0,0,54,0,0,completed
14904,U4905,2025-08-08 15:18:00,2025-08-08 15:25:00,M,20~29,office,seoul,0,0,0,0,20,0,0,51,0,0,completed
14905,U4906,2025-09-23 15:25:00,2025-09-23 15:30:00,F,20~29,office,seoul,0,0,0,0,24,0,0,13,0,0,completed
14906,U4907,2025-10-24 16:34:00,2025-10-24 16:39:00,F,20~29,office,seoul,0,0,0,0,14,0,0,28,0,0,completed
14907,U4908,2025-08-10 17:44:00,2025-08-10 17:48:00,M,30~39,office,seoul,1,0,0,0,4,0,0,42,0,0,completed
14908,U4909,2025-08-06 14:55:00,2025-08-06 15:01:00,F,40~49,office,seoul,0,0,0,0,6,0,0,76,0,0,timeout
14909,U4910,2025-06-05 08:50:00,2025-06-05 08:57:00,F,50+,office,seoul,0,0,0,0,26,0,0,17,0,0,completed
14910,U4911,2025-02-23 16:34:00,2025-02-23 16:37:00,F,30~39,office,seoul,1,0,0,0,12,0,0,26,0,0,timeout
14911,U4912,2025-09-11 09:09:00,2025-09-11 09:16:00,M,20~29,office,seoul,0,0,0,0,20,0,0,58,0,0,abandoned
14912,U4913,2025-08-25 19:00:00,2025-08-25 19:06:00,F,20~29,office,seoul,0,0,0,0,22,0,0,61,0,0,completed
14913,U4914,2025-06-13 08:27:00,2025-06-13 08:31:00,M,20~29,office,seoul,0,0,0,0,20,0,0,34,0,0,error
14914,U4915,2025-06-22 08:59:00,2025-06-22 09:02:00,F,50+,office,seoul,1,0,0,0,2,0,0,38,0,0,abandoned
14915,U4916,2025-10-08 13:24:00,2025-10-08 13:27:00,F,40~49,office,seoul,0,0,0,0,26,0,0,28,0,0,completed
14916,U4917,2025-02-23 16:30:00,2025-02-23 16:37:00,F,20~29,office,seoul,1,0,0,0,25,0,0,26,0,0,completed
14917,U4918,2025-08-21 16:12:00,2025-08-21 16:18:00,M,50+,office,seoul,0,0,0,0,25,0,0,38,0,0,completed
14918,U4919,2025-06-03 17:58:00,2025-06-03 18:01:00,M,20~29,office,seoul,0,0,0,0,21,0,0,45,0,0,completed
14919,U4920,2025-07-17 08:03:00,2025-07-17 08:06:00,M,30~39,office,seoul,0,0,0,0,14,0,0,36,0,0,completed
14920,U4921,2025-10-29 14:58:00,2025-10-29 15:01:00,F,50+,office,seoul,0,0,0,0,25,0,0,30,0,0,completed
14921,U4922,2025-10-02 20:20:00,2025-10-02 20:27:00,F,30~39,office,seoul,0,0,0,0,8,0,0,61,0,0,completed
14922,U4923,2025-09-26 09:21:00,2025-09-26 09:27:00,F,20~29,office,seoul,0,0,0,0,26,0,0,50,0,0,completed
14923,U4924,2025-02-04 16:37:00,2025-02-04 16:42:00,F,20~29,office,seoul,0,0,0,0,6,0,0,79,0,0,completed
14924,U4925,2025-03-10 08:21:00,2025-03-10 08:26:00,M,40~49,office,seoul,0,0,0,0,6,0,0,68,0,0,completed
14925,U4926,2025-09-26 19:50:00,2025-09-26 19:57:00,F,30~39,office,seoul,0,0,0,0,15,0,0,72,0,0,completed
14926,U4927,2025-07-25 15:10:00,2025-07-25 15:15:00,F,20~29,office,seoul,0,0,0,0,12,0,0,54,0,0,completed
14927,U4928,2025-11-10 15:08:00,2025-11-10 15:14:00,F,30~39,office,seoul,0,0,0,0,8,0,0,21,0,0,completed
14928,U4929,2025-12-18 14:16:00,2025-12-18 14:23:00,M,20~29,office,seoul,0,0,0,0,20,0,0,48,0,0,completed
14929,U4930,2025-12-18 16:25:00,2025-12-18 16:31:00,M,20~29,office,seoul,0,0,0,0,13,0,0,78,0,0,completed
14930,U4931,2025-01-27 20:51:00,2025-01-27 20:58:00,F,50+,office,seoul,0,0,0,0,12,0,0,16,0,0,completed
14931,U4932,2025-01-29 08:04:00,2025-01-29 08:07:00,M,20~29,office,seoul,0,0,0,0,4,0,0,63,0,0,completed
14932,U4933,2025-04-22 07:32:00,2025-04-22 07:36:00,M,20~29,office,seoul,0,0,0,0,6,0,0,39,1,0,completed
14933,U4934,2025-04-14 21:10:00,2025-04-14 21:15:00,F,30~39,office,seoul,0,0,0,0,17,0,0,51,0,0,timeout
14934,U4935,2025-09-22 12:50:00,2025-09-22 12:56:00,F,20~29,office,seoul,0,0,0,0,8,0,0,23,0,0,completed
14935,U4936,2025-07-02 16:12:00,2025-07-02 16:19:00,M,20~29,office,seoul,0,0,0,0,21,0,0,69,0,0,completed
14936,U4937,2025-08-18 16:01:00,2025-08-18 16:07:00,M,30~39,office,seoul,0,0,0,0,5,0,0,13,0,0,completed
14937,U4938,2025-02-01 09:52:00,2025-02-01 09:56:00,F,20~29,office,seoul,1,0,0,0,27,0,0,31,0,0,completed
14938,U4939,2025-02-25 12:20:00,2025-02-25 12:23:00,F,40~49,office,seoul,0,0,0,0,8,0,0,75,0,0,completed
14939,U4940,2025-02-07 14:57:00,2025-02-07 15:02:00,M,30~39,office,seoul,0,0,0,0,14,0,0,46,0,0,completed
14940,U4941,2025-12-30 14:24:00,2025-12-30 14:29:00,F,30~39,office,seoul,0,0,0,0,28,0,0,15,0,0,abandoned
14941,U4942,2025-12-09 19:33:00,2025-12-09 19:38:00,F,30~39,office,seoul,0,0,0,0,17,0,0,24,0,0,completed
14942,U4943,2025-05-24 13:34:00,2025-05-24 13:39:00,F,20~29,office,seoul,1,0,0,0,20,0,0,70,0,0,completed
14943,U4944,2025-04-26 09:46:00,2025-04-26 09:53:00,F,20~29,office,seoul,1,0,0,0,15,0,0,17,0,0,completed
14944,U4945,2025-09-12 11:59:00,2025-09-12 12:04:00,F,20~29,office,seoul,0,0,0,0,9,0,0,76,0,0,completed
14945,U4946,2025-12-18 15:16:00,2025-12-18 15:23:00,M,40~49,office,seoul,0,0,0,0,17,0,0,44,0,0,completed
14946,U4947,2025-05-20 11:40:00,2025-05-20 11:47:00,M,30~39,office,seoul,0,0,0,0,10,0,0,48,0,0,abandoned
14947,U4948,2025-10-15 21:34:00,2025-10-15 21:39:00,M,30~39,office,seoul,0,0,0,0,19,0,0,78,0,0,completed
14948,U4949,2025-12-10 15:45:00,2025-12-10 15:51:00,M,50+,office,seoul,0,0,0,0,17,0,0,77,0,0,completed
14949,U4950,2025-10-09 07:34:00,2025-10-09 07:37:00,F,20~29,office,seoul,0,0,0,0,1,0,0,71,0,0,completed
14950,U4951,2025-03-12 11:40:00,2025-03-12 11:47:00,M,30~39,office,seoul,0,0,0,0,3,0,0,45,0,0,completed
14951,U4952,2025-07-30 17:38:00,2025-07-30 17:40:00,F,30~39,office,seoul,0,0,0,0,16,0,0,77,0,0,error
14952,U4953,2025-09-18 09:02:00,2025-09-18 09:09:00,F,40~49,office,seoul,0,0,0,0,7,0,0,11,0,0,completed
14953,U4954,2025-04-24 11:33:00,2025-04-24 11:40:00,F,20~29,office,seoul,0,0,0,0,14,0,0,78,0,0,completed
14954,U4955,2025-07-12 09:51:00,2025-07-12 09:53:00,F,20~29,office,seoul,1,0,0,0,17,0,0,20,0,0,completed
14955,U4956,2025-12-17 08:33:00,2025-12-17 08:36:00,F,20~29,office,seoul,0,0,0,0,2,0,0,52,0,0,completed
14956,U4957,2025-05-23 07:44:00,2025-05-23 07:46:00,F,30~39,office,seoul,0,0,0,0,24,0,0,33,0,0,completed
14957,U4958,2025-09-06 13:21:00,2025-09-06 13:24:00,M,50+,office,seoul,1,0,0,0,17,0,0,32,0,0,completed
14958,U4959,2025-11-02 16:56:00,2025-11-02 17:03:00,F,20~29,office,seoul,1,0,0,0,26,0,0,69,0,0,completed
14959,U4960,2025-06-06 13:21:00,2025-06-06 13:25:00,M,20~29,office,seoul,0,0,0,0,29,0,0,71,0,0,completed
14960,U4961,2025-05-25 08:08:00,2025-05-25 08:15:00,F,40~49,office,seoul,1,0,0,0,10,0,0,59,0,0,completed
14961,U4962,2025-02-14 15:27:00,2025-02-14 15:34:00,F,40~49,office,seoul,0,0,0,0,28,0,0,46,0,0,completed
14962,U4963,2025-03-31 09:30:00,2025-03-31 09:35:00,F,40~49,office,seoul,0,0,0,0,5,0,0,32,0,0,completed
14963,U4964,2025-03-03 17:01:00,2025-03-03 17:04:00,M,50+,office,seoul,0,0,0,0,14,0,0,48,0,0,completed
14964,U4965,2025-06-08 09:57:00,2025-06-08 09:59:00,F,20~29,office,seoul,1,0,0,0,4,0,0,15,0,0,completed
14965,U4966,2025-07-13 15:03:00,2025-07-13 15:08:00,F,30~39,office,seoul,1,0,0,0,12,0,0,62,0,0,completed
14966,U4967,2025-12-12 14:52:00,2025-12-12 14:59:00,M,30~39,office,seoul,0,0,0,0,3,0,0,23,0,0,completed
14967,U4968,2025-07-23 13:50:00,2025-07-23 13:57:00,F,30~39,office,seoul,0,0,0,0,1,0,0,18,0,0,completed
14968,U4969,2025-04-11 16:29:00,2025-04-11 16:36:00,M,50+,office,seoul,0,0,0,0,25,0,0,62,0,0,completed
14969,U4970,2025-08-28 22:20:00,2025-08-28 22:27:00,F,40~49,office,seoul,0,0,0,0,24,0,0,64,0,0,completed
14970,U4971,2025-03-24 17:41:00,2025-03-24 17:44:00,F,20~29,office,seoul,0,0,0,0,25,0,0,43,0,0,completed
14971,U4972,2025-06-09 12:42:00,2025-06-09 12:46:00,F,20~29,office,seoul,0,0,0,0,8,0,0,51,0,0,completed
14972,U4973,2025-07-11 11:57:00,2025-07-11 11:59:00,M,20~29,office,seoul,0,0,0,0,12,0,0,51,0,0,completed
14973,U4974,2025-05-09 15:27:00,2025-05-09 15:32:00,F,20~29,office,seoul,0,0,0,0,14,0,0,53,0,0,completed
14974,U4975,2025-11-14 08:43:00,2025-11-14 08:48:00,F,50+,office,seoul,0,0,0,0,0,0,0,76,0,0,completed
14975,U4976,2025-07-04 15:06:00,2025-07-04 15:08:00,M,40~49,office,seoul,0,0,0,0,4,0,0,16,0,1,completed
14976,U4977,2025-09-17 07:29:00,2025-09-17 07:34:00,F,50+,office,seoul,0,0,0,0,1,0,0,68,0,0,completed
14977,U4978,2025-01-21 14:30:00,2025-01-21 14:34:00,F,30~39,office,seoul,0,0,0,0,21,0,0,50,0,0,completed
14978,U4979,2025-10-05 13:24:00,2025-10-05 13:26:00,F,20~29,office,seoul,1,0,0,0,24,0,0,60,0,0,completed
14979,U4980,2025-12-20 08:43:00,2025-12-20 08:49:00,M,20~29,office,seoul,1,0,0,0,13,0,0,73,0,0,abandoned
14980,U4981,2025-09-15 12:44:00,2025-09-15 12:50:00,F,20~29,office,seoul,0,0,0,0,17,0,0,47,0,0,completed
14981,U4982,2025-06-05 14:01:00,2025-06-05 14:03:00,M,20~29,office,seoul,0,0,0,0,4,0,0,68,0,0,completed
14982,U4983,2025-01-25 19:21:00,2025-01-25 19:25:00,F,30~39,office,seoul,1,0,0,0,19,0,0,71,0,0,completed
14983,U4984,2025-10-12 15:25:00,2025-10-12 15:27:00,M,40~49,office,seoul,1,0,0,0,6,0,0,69,1,0,completed
14984,U4985,2025-07-15 13:05:00,2025-07-15 13:08:00,M,20~29,office,seoul,0,0,0,0,9,0,0,54,0,0,abandoned
14985,U4986,2025-08-11 12:59:00,2025-08-11 13:02:00,M,30~39,office,seoul,0,0,0,0,25,0,0,36,0,0,completed
14986,U4987,2025-05-28 13:18:00,2025-05-28 13:23:00,F,30~39,office,seoul,0,0,0,0,27,0,0,41,0,0,completed
14987,U4988,2025-03-30 09:15:00,2025-03-30 09:21:00,M,50+,office,seoul,1,0,0,0,29,0,0,13,0,0,completed
14988,U4989,2025-06-20 15:58:00,2025-06-20 16:03:00,F,30~39,office,seoul,0,0,0,0,24,0,0,60,0,0,completed
14989,U4990,2025-05-06 17:21:00,2025-05-06 17:25:00,F,40~49,office,seoul,0,0,0,0,20,0,0,29,0,0,completed
14990,U4991,2025-08-30 17:32:00,2025-08-30 17:34:00,M,30~39,office,seoul,1,0,0,0,24,0,0,55,0,0,completed
14991,U4992,2025-08-20 12:57:00,2025-08-20 13:02:00,F,40~49,office,seoul,0,0,0,0,13,0,0,47,0,0,completed
14992,U4993,2025-01-04 13:49:00,2025-01-04 13:53:00,F,20~29,office,seoul,1,0,0,0,0,0,0,16,0,0,completed
14993,U4994,2025-03-14 16:50:00,2025-03-14 16:55:00,F,30~39,office,seoul,0,0,0,0,8,0,0,79,0,0,completed
14994,U4995,2025-01-12 16:26:00,2025-01-12 16:33:00,M,30~39,office,seoul,1,0,0,0,0,0,0,22,0,0,completed
14995,U4996,2025-05-12 17:19:00,2025-05-12 17:23:00,M,20~29,office,seoul,0,0,0,0,18,0,0,66,0,0,error
14996,U4997,2025-05-05 14:55:00,2025-05-05 15:00:00,F,30~39,office,seoul,0,0,0,0,18,0,0,17,0,0,completed
14997,U4998,2025-09-06 11:42:00,2025-09-06 11:49:00,F,50+,office,seoul,1,0,0,0,20,0,0,51,0,0,completed
14998,U4999,2025-03-11 08:11:00,2025-03-11 08:18:00,F,20~29,office,seoul,0,0,0,0,20,0,0,55,0,0,completed
14999,U5000,2025-01-07 15:02:00,2025-01-07 15:05:00,F,30~39,office,seoul,0,0,0,0,10,0,0,48,0,0,timeout
15000,U5001,2025-03-23 13:34:00,2025-03-23 13:40:00,F,20~29,office,seoul,1,0,0,0,15,0,0,61,0,0,completed
15001,U5002,2025-02-27 09:55:00,2025-02-27 09:59:00,M,40~49,office,seoul,0,0,0,0,22,0,0,49,0,0,completed
15002,U5003,2025-06-02 13:16:00,2025-06-02 13:21:00,F,20~29,office,seoul,0,0,0,0,15,0,0,29,0,0,completed
15003,U5004,2025-05-31 11:31:00,2025-05-31 11:33:00,F,50+,office,seoul,1,0,0,0,10,0,0,34,0,0,completed
15004,U5005,2025-02-24 13:34:00,2025-02-24 13:38:00,M,50+,office,seoul,0,0,0,0,23,0,0,50,0,0,completed
15005,U5006,2025-10-08 21:24:00,2025-10-08 21:28:00,M,20~29,office,seoul,0,0,0,0,13,0,0,30,0,0,completed
15006,U5007,2025-01-28 20:36:00,2025-01-28 20:39:00,M,20~29,office,seoul,0,0,0,0,15,0,0,77,0,0,completed
15007,U5008,2025-06-18 07:26:00,2025-06-18 07:30:00,F,40~49,office,seoul,0,0,0,0,0,0,0,41,0,0,completed
15008,U5009,2025-06-25 16:02:00,2025-06-25 16:09:00,M,50+,office,seoul,0,0,0,0,8,0,0,20,0,0,completed
15009,U5010,2025-07-22 18:49:00,2025-07-22 18:51:00,M,30~39,office,seoul,0,0,0,0,27,0,0,56,0,0,abandoned
15010,U5011,2025-06-03 19:54:00,2025-06-03 19:58:00,F,40~49,office,seoul,0,0,0,0,18,0,0,64,0,0,error
15011,U5012,2025-05-14 15:43:00,2025-05-14 15:45:00,F,30~39,office,seoul,0,0,0,0,26,0,0,70,0,0,completed
15012,U5013,2025-08-30 17:39:00,2025-08-30 17:42:00,F,50+,office,seoul,1,0,0,0,3,0,0,66,0,0,completed
15013,U5014,2025-05-27 21:44:00,2025-05-27 21:50:00,F,20~29,office,seoul,0,0,0,0,1,0,0,22,0,0,completed
15014,U5015,2025-11-02 14:55:00,2025-11-02 15:01:00,F,30~39,office,seoul,1,0,0,0,22,0,0,15,0,0,completed
15015,U5016,2025-10-17 12:49:00,2025-10-17 12:52:00,M,40~49,office,seoul,0,0,0,0,5,0,0,32,0,0,completed
15016,U5017,2025-09-25 12:57:00,2025-09-25 13:01:00,M,40~49,office,seoul,0,0,0,0,27,0,0,63,0,0,completed
15017,U5018,2025-10-13 13:42:00,2025-10-13 13:49:00,F,20~29,office,seoul,0,0,0,0,4,0,0,68,0,0,completed
15018,U5019,2025-01-27 14:06:00,2025-01-27 14:12:00,M,50+,office,seoul,0,0,0,0,5,0,0,23,0,0,completed
15019,U5020,2025-09-28 09:14:00,2025-09-28 09:21:00,M,50+,office,seoul,1,0,0,0,6,0,0,44,1,0,completed
15020,U5021,2025-11-25 13:27:00,2025-11-25 13:33:00,F,50+,office,seoul,0,0,0,0,15,0,0,52,0,0,completed
15021,U5022,2025-07-17 07:48:00,2025-07-17 07:53:00,F,40~49,office,seoul,0,0,0,0,5,0,0,70,0,0,timeout
15022,U5023,2025-11-13 20:47:00,2025-11-13 20:49:00,M,40~49,office,seoul,0,0,0,0,16,0,0,25,0,0,completed
15023,U5024,2025-09-07 14:42:00,2025-09-07 14:47:00,M,20~29,office,seoul,1,0,0,0,6,0,0,21,0,0,completed
15024,U5025,2025-01-17 16:24:00,2025-01-17 16:31:00,M,30~39,office,seoul,0,0,0,0,24,0,0,63,0,0,completed
15025,U5026,2025-09-28 09:55:00,2025-09-28 10:01:00,M,20~29,office,seoul,1,0,0,0,13,0,0,61,0,0,completed
15026,U5027,2025-11-27 14:41:00,2025-11-27 14:43:00,F,20~29,office,seoul,0,0,0,0,10,0,0,49,0,0,completed
15027,U5028,2025-08-04 14:13:00,2025-08-04 14:19:00,F,20~29,office,seoul,0,0,0,0,23,0,0,33,0,0,completed
15028,U5029,2025-12-28 09:17:00,2025-12-28 09:19:00,F,30~39,office,seoul,1,0,0,0,19,0,0,52,0,0,timeout
15029,U5030,2025-03-15 15:20:00,2025-03-15 15:22:00,F,50+,office,seoul,1,0,0,0,22,0,0,77,0,0,completed
15030,U5031,2025-02-02 09:01:00,2025-02-02 09:04:00,M,40~49,office,seoul,1,0,0,0,4,0,0,16,0,0,completed
15031,U5032,2025-06-16 11:14:00,2025-06-16 11:19:00,F,20~29,office,seoul,0,0,0,0,28,0,0,59,0,0,completed
15032,U5033,2025-01-11 17:04:00,2025-01-11 17:11:00,F,20~29,office,seoul,1,0,0,0,21,0,0,40,0,0,error
15033,U5034,2025-02-07 12:02:00,2025-02-07 12:07:00,M,50+,office,seoul,0,0,0,0,29,0,0,66,0,0,completed
15034,U5035,2025-07-04 09:48:00,2025-07-04 09:52:00,M,30~39,office,seoul,0,0,0,0,24,0,0,42,0,0,completed
15035,U5036,2025-09-23 16:38:00,2025-09-23 16:45:00,M,20~29,office,seoul,0,0,0,0,29,0,0,65,0,0,abandoned
15036,U5037,2025-12-11 20:46:00,2025-12-11 20:52:00,M,20~29,office,seoul,0,0,0,0,23,0,0,49,0,0,completed
15037,U5038,2025-05-12 08:12:00,2025-05-12 08:17:00,F,20~29,office,seoul,0,0,0,0,12,0,0,39,0,0,completed
15038,U5039,2025-12-06 09:45:00,2025-12-06 09:52:00,F,20~29,office,seoul,1,0,0,0,15,0,0,20,0,0,abandoned
15039,U5040,2025-01-04 15:21:00,2025-01-04 15:24:00,F,30~39,office,seoul,1,0,0,0,25,0,0,71,0,0,completed
15040,U5041,2025-12-13 21:24:00,2025-12-13 21:28:00,F,20~29,office,seoul,1,0,0,0,21,0,0,42,0,0,completed
15041,U5042,2025-02-19 21:13:00,2025-02-19 21:19:00,M,50+,office,seoul,0,0,0,0,16,0,0,63,0,0,completed
15042,U5043,2025-03-08 14:35:00,2025-03-08 14:39:00,M,30~39,office,seoul,1,0,0,0,3,0,0,61,0,0,completed
15043,U5044,2025-12-02 15:37:00,2025-12-02 15:39:00,M,50+,office,seoul,0,0,0,0,29,0,0,43,0,0,completed
15044,U5045,2025-01-23 15:02:00,2025-01-23 15:05:00,F,50+,office,seoul,0,0,0,0,8,0,0,40,0,0,completed
15045,U5046,2025-04-28 19:13:00,2025-04-28 19:18:00,F,20~29,office,seoul,0,0,0,0,16,0,0,67,0,0,completed
15046,U5047,2025-05-10 09:52:00,2025-05-10 09:54:00,M,20~29,office,seoul,1,0,0,0,22,0,0,26,0,0,completed
15047,U5048,2025-03-21 09:23:00,2025-03-21 09:29:00,F,40~49,office,seoul,0,0,0,0,11,0,0,16,0,0,completed
15048,U5049,2025-06-02 15:01:00,2025-06-02 15:06:00,F,30~39,office,seoul,0,0,0,0,3,0,0,37,0,0,completed
15049,U5050,2025-07-29 16:39:00,2025-07-29 16:46:00,F,50+,office,seoul,0,0,0,0,23,0,0,33,0,0,completed
15050,U5051,2025-04-14 16:17:00,2025-04-14 16:23:00,M,40~49,office,seoul,0,0,0,0,21,0,0,10,0,0,completed
15051,U5052,2025-11-24 15:19:00,2025-11-24 15:24:00,F,30~39,office,seoul,0,0,0,0,15,0,0,61,0,0,completed
15052,U5053,2025-12-01 16:16:00,2025-12-01 16:21:00,F,20~29,office,seoul,0,0,0,0,1,0,0,23,0,0,completed
15053,U5054,2025-05-25 20:35:00,2025-05-25 20:40:00,F,40~49,office,seoul,1,0,0,0,21,0,0,61,0,0,completed
15054,U5055,2025-09-06 21:25:00,2025-09-06 21:28:00,F,30~39,office,seoul,1,0,0,0,23,0,0,41,0,0,completed
15055,U5056,2025-02-13 12:25:00,2025-02-13 12:31:00,F,30~39,office,seoul,0,0,0,0,18,0,0,25,0,0,completed
15056,U5057,2025-09-30 18:40:00,2025-09-30 18:45:00,F,30~39,office,seoul,0,0,0,0,21,0,0,65,0,0,completed
15057,U5058,2025-03-26 09:01:00,2025-03-26 09:03:00,F,20~29,office,seoul,0,0,0,0,19,0,0,21,0,0,completed
15058,U5059,2025-02-26 08:17:00,2025-02-26 08:19:00,F,40~49,office,seoul,0,0,0,0,4,0,0,61,0,0,completed
15059,U5060,2025-12-20 13:49:00,2025-12-20 13:51:00,F,20~29,office,seoul,1,0,0,0,15,0,0,44,0,0,abandoned
15060,U5061,2025-02-02 08:08:00,2025-02-02 08:13:00,M,30~39,office,seoul,1,0,0,0,29,0,0,54,0,0,completed
15061,U5062,2025-11-29 17:12:00,2025-11-29 17:16:00,M,40~49,office,seoul,1,0,0,0,9,0,0,24,0,0,completed
15062,U5063,2025-11-09 09:33:00,2025-11-09 09:40:00,M,30~39,office,seoul,1,0,0,0,12,0,0,34,0,0,completed
15063,U5064,2025-05-31 12:16:00,2025-05-31 12:23:00,F,30~39,office,seoul,1,0,0,0,6,0,0,26,0,0,completed
15064,U5065,2025-09-28 13:02:00,2025-09-28 13:08:00,F,20~29,office,seoul,1,0,0,0,0,0,0,25,0,0,completed
15065,U5066,2025-12-24 13:30:00,2025-12-24 13:37:00,M,50+,office,seoul,0,0,0,0,19,0,0,50,0,0,completed
15066,U5067,2025-07-31 09:57:00,2025-07-31 10:04:00,F,40~49,office,seoul,0,0,0,0,1,0,0,33,0,0,completed
15067,U5068,2025-04-13 09:04:00,2025-04-13 09:07:00,F,30~39,office,seoul,1,0,0,0,11,0,0,48,0,0,completed
15068,U5069,2025-10-12 09:08:00,2025-10-12 09:14:00,F,30~39,office,seoul,1,0,0,0,21,0,0,10,0,0,completed
15069,U5070,2025-07-05 14:40:00,2025-07-05 14:42:00,M,30~39,office,seoul,1,0,0,0,16,0,0,62,0,0,completed
15070,U5071,2025-09-21 12:30:00,2025-09-21 12:32:00,F,20~29,office,seoul,1,0,0,0,5,0,0,37,0,0,completed
15071,U5072,2025-10-09 13:15:00,2025-10-09 13:22:00,F,40~49,office,seoul,0,0,0,0,23,0,0,15,0,0,error
15072,U5073,2025-05-10 08:19:00,2025-05-10 08:26:00,F,20~29,office,seoul,1,0,0,0,25,0,0,67,0,0,completed
15073,U5074,2025-01-15 18:36:00,2025-01-15 18:41:00,F,40~49,office,seoul,0,0,0,0,11,0,0,72,0,0,completed
15074,U5075,2025-01-19 07:14:00,2025-01-19 07:16:00,F,20~29,office,seoul,1,0,0,0,28,0,0,76,0,0,abandoned
15075,U5076,2025-08-22 15:26:00,2025-08-22 15:33:00,F,20~29,office,seoul,0,0,0,0,2,0,0,28,0,0,completed
15076,U5077,2025-09-29 17:32:00,2025-09-29 17:39:00,F,20~29,office,seoul,0,0,0,0,27,0,0,30,0,0,completed
15077,U5078,2025-10-07 19:34:00,2025-10-07 19:36:00,F,30~39,office,seoul,0,0,0,0,22,0,0,41,0,0,completed
15078,U5079,2025-07-29 19:54:00,2025-07-29 20:00:00,F,50+,office,seoul,0,0,0,0,25,0,0,38,0,0,completed
15079,U5080,2025-02-04 11:05:00,2025-02-04 11:12:00,M,20~29,office,seoul,0,0,0,0,11,0,0,17,0,0,completed
15080,U5081,2025-01-12 13:44:00,2025-01-12 13:46:00,F,30~39,office,seoul,1,0,0,0,20,0,0,14,0,1,abandoned
15081,U5082,2025-05-02 08:59:00,2025-05-02 09:02:00,F,40~49,office,seoul,0,0,0,0,16,0,0,27,0,0,completed
15082,U5083,2025-04-11 14:32:00,2025-04-11 14:38:00,M,30~39,office,seoul,0,0,0,0,10,0,0,30,0,0,completed
15083,U5084,2025-12-30 12:39:00,2025-12-30 12:45:00,F,30~39,office,seoul,0,0,0,0,27,0,0,46,0,0,completed
15084,U5085,2025-06-06 12:40:00,2025-06-06 12:45:00,M,50+,office,seoul,0,0,0,0,2,0,0,34,0,0,completed
15085,U5086,2025-06-14 15:53:00,2025-06-14 15:59:00,M,30~39,office,seoul,1,0,0,0,17,0,0,66,0,0,completed
15086,U5087,2025-03-29 11:17:00,2025-03-29 11:20:00,F,20~29,office,seoul,1,0,0,0,22,0,0,23,0,0,completed
15087,U5088,2025-06-24 12:54:00,2025-06-24 12:58:00,F,20~29,office,seoul,0,0,0,0,4,0,0,18,0,0,completed
15088,U5089,2025-01-15 12:21:00,2025-01-15 12:23:00,F,50+,office,seoul,0,0,0,0,5,0,0,57,1,0,completed
15089,U5090,2025-03-06 13:43:00,2025-03-06 13:45:00,M,50+,office,seoul,0,0,0,0,20,0,0,45,1,0,completed
15090,U5091,2025-11-21 12:48:00,2025-11-21 12:52:00,F,30~39,office,seoul,0,0,0,0,18,0,0,24,0,0,completed
15091,U5092,2025-04-04 15:02:00,2025-04-04 15:09:00,F,40~49,office,seoul,0,0,0,0,20,0,0,69,0,0,completed
15092,U5093,2025-08-27 18:20:00,2025-08-27 18:25:00,F,20~29,office,seoul,0,0,0,0,23,0,0,12,0,0,completed
15093,U5094,2025-12-04 11:23:00,2025-12-04 11:29:00,F,20~29,office,seoul,0,0,0,0,28,0,0,26,0,0,completed
15094,U5095,2025-06-09 08:44:00,2025-06-09 08:46:00,F,20~29,office,seoul,0,0,0,0,8,0,0,78,0,0,completed
15095,U5096,2025-10-07 12:45:00,2025-10-07 12:49:00,F,40~49,office,seoul,0,0,0,0,24,0,0,50,0,0,abandoned
15096,U5097,2025-03-11 08:15:00,2025-03-11 08:17:00,F,30~39,office,seoul,0,0,0,0,4,0,0,67,0,0,completed
15097,U5098,2025-05-01 15:18:00,2025-05-01 15:24:00,F,30~39,office,seoul,0,0,0,0,22,0,0,25,0,0,completed
15098,U5099,2025-11-24 19:01:00,2025-11-24 19:03:00,F,50+,office,seoul,0,0,0,0,4,0,0,48,0,0,completed
15099,U5100,2025-08-29 07:37:00,2025-08-29 07:42:00,M,20~29,office,seoul,0,0,0,0,23,0,0,60,0,0,completed
15100,U5101,2025-12-10 09:43:00,2025-12-10 09:48:00,F,30~39,office,seoul,0,0,0,0,13,0,0,43,0,0,completed
15101,U5102,2025-07-08 14:34:00,2025-07-08 14:41:00,F,20~29,office,seoul,0,0,0,0,5,0,0,62,0,0,completed
15102,U5103,2025-02-09 14:01:00,2025-02-09 14:03:00,M,20~29,office,seoul,1,0,0,0,6,0,0,28,0,0,completed
15103,U5104,2025-08-17 16:44:00,2025-08-17 16:49:00,F,20~29,office,seoul,1,0,0,0,4,0,0,52,0,0,completed
15104,U5105,2025-02-01 11:07:00,2025-02-01 11:14:00,F,50+,office,seoul,1,0,0,0,26,0,0,48,1,0,completed
15105,U5106,2025-12-03 20:08:00,2025-12-03 20:11:00,M,20~29,office,seoul,0,0,0,0,5,0,0,77,0,0,completed
15106,U5107,2025-10-22 12:59:00,2025-10-22 13:01:00,F,20~29,office,seoul,0,0,0,0,11,0,0,51,0,0,completed
15107,U5108,2025-01-14 12:16:00,2025-01-14 12:21:00,M,20~29,office,seoul,0,0,0,0,19,0,0,75,0,0,completed
15108,U5109,2025-02-20 17:15:00,2025-02-20 17:20:00,F,30~39,office,seoul,0,0,0,0,5,0,0,77,0,0,completed
15109,U5110,2025-07-08 18:55:00,2025-07-08 18:59:00,M,30~39,office,seoul,0,0,0,0,5,0,0,26,0,0,timeout
15110,U5111,2025-04-29 07:33:00,2025-04-29 07:35:00,F,30~39,office,seoul,0,0,0,0,22,0,0,25,0,0,completed
15111,U5112,2025-07-28 13:06:00,2025-07-28 13:11:00,M,30~39,office,seoul,0,0,0,0,5,0,0,62,1,0,completed
15112,U5113,2025-10-04 15:40:00,2025-10-04 15:42:00,F,20~29,office,seoul,1,0,0,0,18,0,0,57,0,0,error
15113,U5114,2025-06-26 09:27:00,2025-06-26 09:34:00,F,20~29,office,seoul,0,0,0,0,21,0,0,44,0,0,completed
15114,U5115,2025-02-04 18:22:00,2025-02-04 18:28:00,F,30~39,office,seoul,0,0,0,0,23,0,0,74,0,0,completed
15115,U5116,2025-07-21 15:30:00,2025-07-21 15:33:00,M,30~39,office,seoul,0,0,0,0,29,0,0,22,0,0,completed
15116,U5117,2025-08-02 20:44:00,2025-08-02 20:47:00,F,40~49,office,seoul,1,0,0,0,20,0,0,75,0,0,completed
15117,U5118,2025-05-10 09:15:00,2025-05-10 09:18:00,F,30~39,office,seoul,1,0,0,0,15,0,0,56,0,0,completed
15118,U5119,2025-03-05 07:10:00,2025-03-05 07:15:00,F,20~29,office,seoul,0,0,0,0,4,0,0,24,0,0,completed
15119,U5120,2025-12-05 13:07:00,2025-12-05 13:13:00,M,30~39,office,seoul,0,0,0,0,0,0,0,10,0,0,completed
15120,U5121,2025-03-27 21:42:00,2025-03-27 21:44:00,F,30~39,office,seoul,0,0,0,0,8,0,0,57,0,0,completed
15121,U5122,2025-03-04 09:58:00,2025-03-04 10:02:00,M,30~39,office,seoul,0,0,0,0,12,0,0,58,0,0,completed
15122,U5123,2025-04-21 08:40:00,2025-04-21 08:44:00,F,20~29,office,seoul,0,0,0,0,3,0,0,17,0,0,completed
15123,U5124,2025-08-25 14:52:00,2025-08-25 14:59:00,F,40~49,office,seoul,0,0,0,0,10,0,0,47,0,0,completed
15124,U5125,2025-09-20 18:05:00,2025-09-20 18:12:00,F,20~29,office,seoul,1,0,0,0,28,0,0,20,0,0,completed
15125,U5126,2025-05-19 15:32:00,2025-05-19 15:36:00,M,20~29,office,seoul,0,0,0,0,18,0,0,74,0,0,completed
15126,U5127,2025-11-12 11:50:00,2025-11-12 11:56:00,M,50+,office,seoul,0,0,0,0,2,0,0,34,0,0,abandoned
15127,U5128,2025-07-25 12:47:00,2025-07-25 12:51:00,F,20~29,office,seoul,0,0,0,0,18,0,0,78,0,0,completed
15128,U5129,2025-08-15 18:23:00,2025-08-15 18:29:00,M,20~29,office,seoul,0,0,0,0,5,0,0,35,0,0,completed
15129,U5130,2025-12-18 08:18:00,2025-12-18 08:20:00,M,30~39,office,seoul,0,0,0,0,10,0,0,47,0,0,completed
15130,U5131,2025-01-08 07:50:00,2025-01-08 07:57:00,M,40~49,office,seoul,0,0,0,0,25,0,0,43,0,0,completed
15131,U5132,2025-04-20 15:52:00,2025-04-20 15:54:00,M,30~39,office,seoul,1,0,0,0,21,0,0,14,0,0,completed
15132,U5133,2025-08-01 17:59:00,2025-08-01 18:03:00,F,20~29,office,seoul,0,0,0,0,0,0,0,29,0,0,completed
15133,U5134,2025-01-19 19:33:00,2025-01-19 19:38:00,M,20~29,office,seoul,1,0,0,0,19,0,0,20,0,0,completed
15134,U5135,2025-01-11 11:21:00,2025-01-11 11:25:00,M,40~49,office,seoul,1,0,0,0,14,0,0,62,0,0,completed
15135,U5136,2025-07-01 09:52:00,2025-07-01 09:57:00,F,30~39,office,seoul,0,0,0,0,6,0,0,73,0,0,completed
15136,U5137,2025-10-07 15:41:00,2025-10-07 15:45:00,M,20~29,office,seoul,0,0,0,0,19,0,0,26,0,0,timeout
15137,U5138,2025-11-11 15:04:00,2025-11-11 15:08:00,M,20~29,office,seoul,0,0,0,0,19,0,0,27,0,0,completed
15138,U5139,2025-01-16 15:23:00,2025-01-16 15:28:00,F,50+,office,seoul,0,0,0,0,3,0,0,38,0,0,completed
15139,U5140,2025-07-24 16:18:00,2025-07-24 16:23:00,M,20~29,office,seoul,0,0,0,0,2,0,0,55,0,0,completed
15140,U5141,2025-07-19 15:50:00,2025-07-19 15:57:00,F,30~39,office,seoul,1,0,0,0,27,0,0,48,0,0,completed
15141,U5142,2025-10-14 17:10:00,2025-10-14 17:17:00,M,30~39,office,seoul,0,0,0,0,29,0,0,12,0,0,completed
15142,U5143,2025-03-29 16:35:00,2025-03-29 16:40:00,F,50+,office,seoul,1,0,0,0,22,0,0,62,0,0,completed
15143,U5144,2025-09-19 22:13:00,2025-09-19 22:16:00,F,40~49,office,seoul,0,0,0,0,22,0,0,35,1,0,timeout
15144,U5145,2025-07-08 22:42:00,2025-07-08 22:47:00,M,30~39,office,seoul,0,0,0,0,3,0,0,13,0,0,timeout
15145,U5146,2025-03-01 16:25:00,2025-03-01 16:29:00,F,20~29,office,seoul,1,0,0,0,26,0,0,65,0,0,completed
15146,U5147,2025-02-13 22:10:00,2025-02-13 22:12:00,M,50+,office,seoul,0,0,0,0,12,0,0,43,0,1,completed
15147,U5148,2025-03-29 14:37:00,2025-03-29 14:42:00,M,50+,office,seoul,1,0,0,0,10,0,0,35,0,0,completed
15148,U5149,2025-09-28 13:24:00,2025-09-28 13:31:00,M,50+,office,seoul,1,0,0,0,1,0,0,58,0,0,completed
15149,U5150,2025-05-24 14:45:00,2025-05-24 14:51:00,F,20~29,office,seoul,1,0,0,0,3,0,0,52,0,0,completed
15150,U5151,2025-02-24 07:53:00,2025-02-24 07:56:00,F,50+,office,seoul,0,0,0,0,3,0,0,59,0,0,completed
15151,U5152,2025-08-06 11:45:00,2025-08-06 11:51:00,M,20~29,office,seoul,0,0,0,0,28,0,0,18,0,0,completed
15152,U5153,2025-02-13 08:25:00,2025-02-13 08:27:00,M,30~39,office,seoul,0,0,0,0,11,0,0,57,0,0,completed
15153,U5154,2025-09-28 15:53:00,2025-09-28 16:00:00,M,20~29,office,seoul,1,0,0,0,8,0,0,13,0,0,completed
15154,U5155,2025-02-18 11:23:00,2025-02-18 11:25:00,M,20~29,office,seoul,0,0,0,0,29,0,0,52,0,0,completed
15155,U5156,2025-03-28 15:55:00,2025-03-28 15:57:00,F,50+,office,seoul,0,0,0,0,1,0,0,34,0,0,completed
15156,U5157,2025-07-27 13:53:00,2025-07-27 13:55:00,M,30~39,office,seoul,1,0,0,0,28,0,0,50,0,0,completed
15157,U5158,2025-12-04 19:25:00,2025-12-04 19:31:00,F,40~49,office,seoul,0,0,0,0,1,0,0,48,0,0,completed
15158,U5159,2025-07-11 16:25:00,2025-07-11 16:30:00,M,30~39,office,seoul,0,0,0,0,27,0,0,17,0,0,completed
15159,U5160,2025-01-06 17:03:00,2025-01-06 17:10:00,F,40~49,office,seoul,0,0,0,0,10,0,0,77,0,0,completed
15160,U5161,2025-05-20 13:13:00,2025-05-20 13:19:00,M,20~29,office,seoul,0,0,0,0,9,0,0,18,0,0,completed
15161,U5162,2025-06-29 15:27:00,2025-06-29 15:33:00,F,50+,office,seoul,1,0,0,0,19,0,0,26,0,0,completed
15162,U5163,2025-06-27 12:38:00,2025-06-27 12:42:00,F,50+,office,seoul,0,0,0,0,8,0,0,17,0,0,completed
15163,U5164,2025-10-04 14:44:00,2025-10-04 14:49:00,F,30~39,office,seoul,1,0,0,0,10,0,0,78,0,0,completed
15164,U5165,2025-03-19 17:35:00,2025-03-19 17:38:00,F,50+,office,seoul,0,0,0,0,14,0,0,16,1,0,completed
15165,U5166,2025-01-04 16:36:00,2025-01-04 16:41:00,F,20~29,office,seoul,1,0,0,0,7,0,0,79,0,0,completed
15166,U5167,2025-06-10 17:24:00,2025-06-10 17:31:00,F,20~29,office,seoul,0,0,0,0,10,0,0,42,0,0,completed
15167,U5168,2025-10-23 08:02:00,2025-10-23 08:08:00,M,50+,office,seoul,0,0,0,0,25,0,0,65,0,0,completed
15168,U5169,2025-05-24 09:42:00,2025-05-24 09:48:00,F,30~39,office,seoul,1,0,0,0,24,0,0,60,0,0,completed
15169,U5170,2025-07-12 08:56:00,2025-07-12 08:59:00,M,40~49,office,seoul,1,0,0,0,9,0,0,67,0,0,completed
15170,U5171,2025-01-31 08:35:00,2025-01-31 08:39:00,F,20~29,office,seoul,0,0,0,0,26,0,0,74,0,0,completed
15171,U5172,2025-11-19 16:10:00,2025-11-19 16:15:00,F,50+,office,seoul,0,0,0,0,23,0,0,35,0,1,completed
15172,U5173,2025-10-06 14:25:00,2025-10-06 14:30:00,F,20~29,office,seoul,0,0,0,0,20,0,0,63,0,0,completed
15173,U5174,2025-10-10 09:36:00,2025-10-10 09:41:00,F,20~29,office,seoul,0,0,0,0,15,0,0,31,0,0,completed
15174,U5175,2025-05-09 11:06:00,2025-05-09 11:08:00,M,30~39,office,seoul,0,0,0,0,14,0,0,23,0,0,completed
15175,U5176,2025-12-18 15:19:00,2025-12-18 15:25:00,F,40~49,office,seoul,0,0,0,0,4,0,0,70,0,0,completed
15176,U5177,2025-02-25 14:18:00,2025-02-25 14:20:00,M,30~39,office,seoul,0,0,0,0,17,0,0,11,0,0,completed
15177,U5178,2025-10-31 07:49:00,2025-10-31 07:54:00,M,40~49,office,seoul,0,0,0,0,23,0,0,15,0,0,completed
15178,U5179,2025-05-16 18:13:00,2025-05-16 18:16:00,F,20~29,office,seoul,0,0,0,0,29,0,0,68,0,0,completed
15179,U5180,2025-10-30 18:41:00,2025-10-30 18:43:00,M,20~29,office,seoul,0,0,0,0,19,0,0,17,0,0,completed
15180,U5181,2025-12-05 08:29:00,2025-12-05 08:33:00,M,40~49,office,seoul,0,0,0,0,0,0,0,75,0,0,completed
15181,U5182,2025-01-23 18:05:00,2025-01-23 18:07:00,M,20~29,office,seoul,0,0,0,0,20,0,0,65,0,0,completed
15182,U5183,2025-08-03 08:20:00,2025-08-03 08:27:00,F,30~39,office,seoul,1,0,0,0,11,0,0,76,0,0,completed
15183,U5184,2025-02-14 20:19:00,2025-02-14 20:21:00,F,50+,office,seoul,0,0,0,0,0,0,0,70,0,0,completed
15184,U5185,2025-04-04 14:28:00,2025-04-04 14:34:00,F,30~39,office,seoul,0,0,0,0,0,0,0,54,0,0,abandoned
15185,U5186,2025-04-19 20:57:00,2025-04-19 21:04:00,F,30~39,office,seoul,1,0,0,0,5,0,0,35,0,0,completed
15186,U5187,2025-12-12 16:18:00,2025-12-12 16:22:00,M,20~29,office,seoul,0,0,0,0,5,0,0,37,0,0,completed
15187,U5188,2025-07-28 15:39:00,2025-07-28 15:41:00,M,20~29,office,seoul,0,0,0,0,24,0,0,26,0,0,completed
15188,U5189,2025-03-17 09:54:00,2025-03-17 10:01:00,F,20~29,office,seoul,0,0,0,0,21,0,0,52,0,0,completed
15189,U5190,2025-04-08 19:27:00,2025-04-08 19:29:00,M,50+,office,seoul,0,0,0,0,15,0,0,52,0,1,completed
15190,U5191,2025-04-15 19:14:00,2025-04-15 19:20:00,F,30~39,office,seoul,0,0,0,0,23,0,0,61,0,0,completed
15191,U5192,2025-11-03 12:20:00,2025-11-03 12:22:00,M,30~39,office,seoul,0,0,0,0,10,0,0,42,0,0,completed
15192,U5193,2025-09-08 14:31:00,2025-09-08 14:38:00,F,30~39,office,seoul,0,0,0,0,0,0,0,31,0,0,completed
15193,U5194,2025-10-07 14:15:00,2025-10-07 14:18:00,F,20~29,office,seoul,0,0,0,0,19,0,0,73,0,0,completed
15194,U5195,2025-10-19 15:05:00,2025-10-19 15:11:00,F,20~29,office,seoul,1,0,0,0,21,0,0,79,0,0,completed
15195,U5196,2025-09-04 13:44:00,2025-09-04 13:46:00,F,20~29,office,seoul,0,0,0,0,21,0,0,52,0,0,timeout
15196,U5197,2025-06-17 16:49:00,2025-06-17 16:51:00,F,50+,office,seoul,0,0,0,0,15,0,0,78,0,0,completed
15197,U5198,2025-07-15 13:24:00,2025-07-15 13:28:00,F,20~29,office,seoul,0,0,0,0,14,0,0,32,0,0,completed
15198,U5199,2025-02-04 14:46:00,2025-02-04 14:48:00,F,40~49,office,seoul,0,0,0,0,23,0,0,78,0,0,completed
15199,U5200,2025-03-30 14:09:00,2025-03-30 14:13:00,M,20~29,office,seoul,1,0,0,0,15,0,0,40,0,0,completed
15200,U5201,2025-11-13 13:14:00,2025-11-13 13:16:00,F,20~29,office,seoul,0,0,0,0,3,0,0,47,0,0,completed
15201,U5202,2025-09-23 12:19:00,2025-09-23 12:21:00,F,20~29,office,seoul,0,0,0,0,10,0,0,35,0,0,completed
15202,U5203,2025-01-28 09:45:00,2025-01-28 09:52:00,M,50+,office,seoul,0,0,0,0,19,0,0,70,0,0,completed
15203,U5204,2025-09-28 20:51:00,2025-09-28 20:58:00,F,50+,office,seoul,1,0,0,0,18,0,0,53,0,0,completed
15204,U5205,2025-11-24 19:59:00,2025-11-24 20:03:00,F,40~49,office,seoul,0,0,0,0,27,0,0,30,0,0,completed
15205,U5206,2025-07-19 17:20:00,2025-07-19 17:26:00,F,50+,office,seoul,1,0,0,0,3,0,0,62,1,0,completed
15206,U5207,2025-10-23 14:41:00,2025-10-23 14:46:00,F,50+,office,seoul,0,0,0,0,17,0,0,79,0,0,completed
15207,U5208,2025-11-27 15:45:00,2025-11-27 15:48:00,M,30~39,office,seoul,0,0,0,0,28,0,0,37,0,0,completed
15208,U5209,2025-07-05 09:29:00,2025-07-05 09:33:00,F,40~49,office,seoul,1,0,0,0,20,0,0,11,0,0,completed
15209,U5210,2025-12-29 14:34:00,2025-12-29 14:41:00,M,20~29,office,seoul,0,0,0,0,9,0,0,18,0,0,completed
15210,U5211,2025-09-26 09:48:00,2025-09-26 09:54:00,F,20~29,office,seoul,0,0,0,0,24,0,0,53,0,0,completed
15211,U5212,2025-07-19 09:39:00,2025-07-19 09:43:00,M,20~29,office,seoul,1,0,0,0,1,0,0,26,0,0,completed
15212,U5213,2025-01-29 14:29:00,2025-01-29 14:32:00,M,40~49,office,seoul,0,0,0,0,7,0,0,42,0,0,completed
15213,U5214,2025-12-19 14:51:00,2025-12-19 14:57:00,F,30~39,office,seoul,0,0,0,0,5,0,0,63,0,0,completed
15214,U5215,2025-12-09 08:23:00,2025-12-09 08:27:00,F,30~39,office,seoul,0,0,0,0,8,0,0,37,0,0,timeout
15215,U5216,2025-10-11 14:48:00,2025-10-11 14:54:00,M,50+,office,seoul,1,0,0,0,12,0,0,78,0,0,completed
15216,U5217,2025-01-10 17:16:00,2025-01-10 17:21:00,F,30~39,office,seoul,0,0,0,0,27,0,0,25,0,0,completed
15217,U5218,2025-03-08 09:18:00,2025-03-08 09:24:00,M,20~29,office,seoul,1,0,0,0,20,0,0,22,0,0,completed
15218,U5219,2025-11-22 20:17:00,2025-11-22 20:19:00,M,20~29,office,seoul,1,0,0,0,1,0,0,74,0,0,timeout
15219,U5220,2025-05-03 11:04:00,2025-05-03 11:07:00,F,20~29,office,seoul,1,0,0,0,22,0,0,23,0,0,completed
15220,U5221,2025-01-26 11:53:00,2025-01-26 12:00:00,F,20~29,office,seoul,1,0,0,0,23,0,0,13,0,0,completed
15221,U5222,2025-04-06 12:49:00,2025-04-06 12:52:00,F,20~29,office,seoul,1,0,0,0,23,0,0,22,1,0,completed
15222,U5223,2025-12-20 12:15:00,2025-12-20 12:17:00,M,40~49,office,seoul,1,0,0,0,4,0,0,22,0,0,completed
15223,U5224,2025-05-27 12:25:00,2025-05-27 12:29:00,F,40~49,office,seoul,0,0,0,0,27,0,0,28,0,0,completed
15224,U5225,2025-08-22 18:25:00,2025-08-22 18:29:00,F,20~29,office,seoul,0,0,0,0,21,0,0,64,0,0,completed
15225,U5226,2025-02-19 11:20:00,2025-02-19 11:27:00,F,20~29,office,seoul,0,0,0,0,3,0,0,33,0,0,error
15226,U5227,2025-07-11 19:36:00,2025-07-11 19:43:00,M,40~49,office,seoul,0,0,0,0,28,0,0,76,0,0,completed
15227,U5228,2025-01-29 12:15:00,2025-01-29 12:20:00,M,30~39,office,seoul,0,0,0,0,28,0,0,72,0,0,abandoned
15228,U5229,2025-09-20 11:17:00,2025-09-20 11:24:00,F,20~29,office,seoul,1,0,0,0,25,0,0,76,0,0,completed
15229,U5230,2025-04-16 15:08:00,2025-04-16 15:14:00,F,40~49,office,seoul,0,0,0,0,8,0,0,62,0,0,completed
15230,U5231,2025-08-08 07:23:00,2025-08-08 07:30:00,F,40~49,office,seoul,0,0,0,0,25,0,0,63,0,0,completed
15231,U5232,2025-12-14 13:08:00,2025-12-14 13:10:00,F,30~39,office,seoul,1,0,0,0,14,0,0,40,0,0,completed
15232,U5233,2025-11-26 16:56:00,2025-11-26 17:02:00,M,40~49,office,seoul,0,0,0,0,12,0,0,37,0,0,completed
15233,U5234,2025-02-14 17:21:00,2025-02-14 17:25:00,F,30~39,office,seoul,0,0,0,0,14,0,0,29,0,0,completed
15234,U5235,2025-02-19 16:15:00,2025-02-19 16:20:00,F,20~29,office,seoul,0,0,0,0,13,0,0,40,0,0,completed
15235,U5236,2025-12-19 09:12:00,2025-12-19 09:17:00,F,20~29,office,seoul,0,0,0,0,6,0,0,42,0,0,completed
15236,U5237,2025-03-19 17:25:00,2025-03-19 17:29:00,F,40~49,office,seoul,0,0,0,0,1,0,0,46,1,0,completed
15237,U5238,2025-03-11 13:38:00,2025-03-11 13:45:00,M,20~29,office,seoul,0,0,0,0,1,0,0,37,0,0,timeout
15238,U5239,2025-04-04 17:09:00,2025-04-04 17:16:00,F,30~39,office,seoul,0,0,0,0,19,0,0,77,0,0,completed
15239,U5240,2025-06-14 13:27:00,2025-06-14 13:32:00,M,30~39,office,seoul,1,0,0,0,28,0,0,24,0,0,completed
15240,U5241,2025-12-13 21:35:00,2025-12-13 21:40:00,M,20~29,office,seoul,1,0,0,0,10,0,0,52,0,0,completed
15241,U5242,2025-12-15 07:30:00,2025-12-15 07:35:00,M,20~29,office,seoul,0,0,0,0,6,0,0,12,0,0,completed
15242,U5243,2025-08-12 18:06:00,2025-08-12 18:13:00,M,30~39,office,seoul,0,0,0,0,25,0,0,23,0,0,completed
15243,U5244,2025-03-07 11:42:00,2025-03-07 11:45:00,F,20~29,office,seoul,0,0,0,0,27,0,0,53,0,0,completed
15244,U5245,2025-02-17 13:55:00,2025-02-17 14:02:00,F,30~39,office,seoul,0,0,0,0,7,0,0,20,0,0,completed
15245,U5246,2025-09-17 15:26:00,2025-09-17 15:29:00,F,20~29,office,seoul,0,0,0,0,29,0,0,19,0,0,completed
15246,U5247,2025-08-04 07:02:00,2025-08-04 07:08:00,F,20~29,office,seoul,0,0,0,0,21,0,0,39,0,0,completed
15247,U5248,2025-02-20 12:55:00,2025-02-20 12:59:00,M,30~39,office,seoul,0,0,0,0,26,0,0,25,0,0,completed
15248,U5249,2025-05-21 11:07:00,2025-05-21 11:11:00,F,50+,office,seoul,0,0,0,0,20,0,0,62,0,0,completed
15249,U5250,2025-01-09 08:15:00,2025-01-09 08:20:00,F,20~29,office,seoul,0,0,0,0,8,0,0,15,0,0,completed
15250,U5251,2025-06-24 13:40:00,2025-06-24 13:45:00,F,40~49,office,seoul,0,0,0,0,15,0,0,31,0,0,completed
15251,U5252,2025-11-21 08:17:00,2025-11-21 08:23:00,M,40~49,office,seoul,0,0,0,0,17,0,0,49,0,0,abandoned
15252,U5253,2025-08-25 13:38:00,2025-08-25 13:41:00,F,20~29,office,seoul,0,0,0,0,4,0,0,45,0,0,completed
15253,U5254,2025-07-04 09:08:00,2025-07-04 09:14:00,M,30~39,office,seoul,0,0,0,0,10,0,0,25,0,0,completed
15254,U5255,2025-02-01 14:55:00,2025-02-01 14:58:00,F,40~49,office,seoul,1,0,0,0,29,0,0,56,0,0,completed
15255,U5256,2025-07-19 19:43:00,2025-07-19 19:50:00,F,40~49,office,seoul,1,0,0,0,7,0,0,20,0,0,completed
15256,U5257,2025-12-30 14:10:00,2025-12-30 14:17:00,M,20~29,office,seoul,0,0,0,0,3,0,0,63,0,0,completed
15257,U5258,2025-04-29 07:58:00,2025-04-29 08:01:00,F,40~49,office,seoul,0,0,0,0,11,0,0,12,0,0,completed
15258,U5259,2025-04-15 09:28:00,2025-04-15 09:34:00,M,50+,office,seoul,0,0,0,0,19,0,0,22,0,0,completed
15259,U5260,2025-01-08 08:57:00,2025-01-08 09:00:00,F,40~49,office,seoul,0,0,0,0,10,0,0,48,0,0,completed
15260,U5261,2025-06-26 16:26:00,2025-06-26 16:31:00,F,30~39,office,seoul,0,0,0,0,19,0,0,61,0,0,completed
15261,U5262,2025-12-26 09:19:00,2025-12-26 09:25:00,F,30~39,office,seoul,0,0,0,0,19,0,0,66,0,0,completed
15262,U5263,2025-12-01 13:13:00,2025-12-01 13:18:00,M,30~39,office,seoul,0,0,0,0,15,0,0,25,0,0,error
15263,U5264,2025-02-07 15:22:00,2025-02-07 15:27:00,M,30~39,office,seoul,0,0,0,0,26,0,0,79,0,0,completed
15264,U5265,2025-01-29 11:40:00,2025-01-29 11:44:00,F,30~39,office,seoul,0,0,0,0,11,0,0,39,1,0,completed
15265,U5266,2025-03-05 13:21:00,2025-03-05 13:28:00,M,30~39,office,seoul,0,0,0,0,28,0,0,75,0,0,completed
15266,U5267,2025-12-10 09:18:00,2025-12-10 09:22:00,F,20~29,office,seoul,0,0,0,0,26,0,0,67,0,0,completed
15267,U5268,2025-07-05 17:33:00,2025-07-05 17:35:00,F,30~39,office,seoul,1,0,0,0,21,0,0,66,0,0,completed
15268,U5269,2025-04-20 21:28:00,2025-04-20 21:30:00,F,30~39,office,seoul,1,0,0,0,15,0,0,72,0,0,completed
15269,U5270,2025-05-20 11:15:00,2025-05-20 11:21:00,M,50+,office,seoul,0,0,0,0,3,0,0,19,0,0,completed
15270,U5271,2025-01-22 15:03:00,2025-01-22 15:08:00,F,20~29,office,seoul,0,0,0,0,11,0,0,76,0,0,completed
15271,U5272,2025-01-20 20:43:00,2025-01-20 20:46:00,M,20~29,office,seoul,0,0,0,0,21,0,0,40,0,0,error
15272,U5273,2025-12-04 12:34:00,2025-12-04 12:39:00,F,40~49,office,seoul,0,0,0,0,21,0,0,57,0,0,completed
15273,U5274,2025-03-09 16:12:00,2025-03-09 16:19:00,F,20~29,office,seoul,1,0,0,0,6,0,0,52,0,0,completed
15274,U5275,2025-08-21 17:11:00,2025-08-21 17:16:00,M,20~29,office,seoul,0,0,0,0,16,0,0,45,0,0,completed
15275,U5276,2025-12-26 11:06:00,2025-12-26 11:12:00,M,30~39,office,seoul,0,0,0,0,9,0,0,14,0,0,completed
15276,U5277,2025-10-14 13:28:00,2025-10-14 13:32:00,F,40~49,office,seoul,0,0,0,0,10,0,0,55,0,0,completed
15277,U5278,2025-02-28 15:47:00,2025-02-28 15:49:00,F,20~29,office,seoul,0,0,0,0,28,0,0,13,0,0,completed
15278,U5279,2025-12-13 12:44:00,2025-12-13 12:49:00,F,20~29,office,seoul,1,0,0,0,0,0,0,72,0,0,completed
15279,U5280,2025-03-25 09:27:00,2025-03-25 09:31:00,M,40~49,office,seoul,0,0,0,0,23,0,0,69,0,0,completed
15280,U5281,2025-02-14 15:22:00,2025-02-14 15:27:00,M,20~29,office,seoul,0,0,0,0,15,0,0,66,0,0,completed
15281,U5282,2025-08-09 14:30:00,2025-08-09 14:37:00,F,20~29,office,seoul,1,0,0,0,4,0,0,12,0,0,completed
15282,U5283,2025-11-18 18:54:00,2025-11-18 19:01:00,M,20~29,office,seoul,0,0,0,0,8,0,0,27,0,0,completed
15283,U5284,2025-08-08 17:17:00,2025-08-08 17:21:00,M,30~39,office,seoul,0,0,0,0,8,0,0,64,0,0,completed
15284,U5285,2025-05-26 17:41:00,2025-05-26 17:46:00,M,40~49,office,seoul,0,0,0,0,2,0,0,40,0,0,completed
15285,U5286,2025-11-01 18:34:00,2025-11-01 18:40:00,F,50+,office,seoul,1,0,0,0,2,0,0,55,0,1,completed
15286,U5287,2025-08-19 12:24:00,2025-08-19 12:31:00,F,50+,office,seoul,0,0,0,0,8,0,0,66,0,0,completed
15287,U5288,2025-05-15 21:56:00,2025-05-15 21:58:00,M,20~29,office,seoul,0,0,0,0,2,0,0,23,0,0,completed
15288,U5289,2025-12-12 16:37:00,2025-12-12 16:44:00,M,40~49,office,seoul,0,0,0,0,10,0,0,77,0,0,completed
15289,U5290,2025-06-18 12:42:00,2025-06-18 12:45:00,M,40~49,office,seoul,0,0,0,0,15,0,0,71,0,0,completed
15290,U5291,2025-03-29 09:28:00,2025-03-29 09:34:00,M,50+,office,seoul,1,0,0,0,23,0,0,52,0,0,completed
15291,U5292,2025-08-17 16:12:00,2025-08-17 16:16:00,M,30~39,office,seoul,1,0,0,0,19,0,0,27,0,0,completed
15292,U5293,2025-01-17 15:57:00,2025-01-17 16:01:00,F,20~29,office,seoul,0,0,0,0,4,0,0,41,0,0,completed
15293,U5294,2025-06-14 08:22:00,2025-06-14 08:26:00,F,40~49,office,seoul,1,0,0,0,20,0,0,59,0,0,abandoned
15294,U5295,2025-12-23 12:24:00,2025-12-23 12:31:00,F,50+,office,seoul,0,0,0,0,1,0,0,74,0,0,completed
15295,U5296,2025-03-17 11:51:00,2025-03-17 11:55:00,F,30~39,office,seoul,0,0,0,0,16,0,0,73,0,0,completed
15296,U5297,2025-05-02 16:32:00,2025-05-02 16:38:00,M,40~49,office,seoul,0,0,0,0,4,0,0,14,0,0,completed
15297,U5298,2025-10-22 17:17:00,2025-10-22 17:23:00,F,30~39,office,seoul,0,0,0,0,26,0,0,67,0,0,completed
15298,U5299,2025-07-30 15:40:00,2025-07-30 15:45:00,F,20~29,office,seoul,0,0,0,0,10,0,0,10,0,0,completed
15299,U5300,2025-05-15 08:23:00,2025-05-15 08:29:00,F,50+,office,seoul,0,0,0,0,17,0,0,39,0,0,abandoned
15300,U5301,2025-04-13 12:56:00,2025-04-13 12:59:00,F,40~49,office,seoul,1,0,0,0,17,0,0,29,0,0,completed
15301,U5302,2025-10-18 08:32:00,2025-10-18 08:36:00,M,20~29,office,seoul,1,0,0,0,26,0,0,73,0,0,completed
15302,U5303,2025-12-09 08:15:00,2025-12-09 08:17:00,M,50+,office,seoul,0,0,0,0,18,0,0,36,1,0,completed
15303,U5304,2025-11-09 15:21:00,2025-11-09 15:27:00,M,20~29,office,seoul,1,0,0,0,14,0,0,35,0,0,completed
15304,U5305,2025-07-02 15:04:00,2025-07-02 15:06:00,F,30~39,office,seoul,0,0,0,0,27,0,0,53,0,0,completed
15305,U5306,2025-09-07 15:36:00,2025-09-07 15:42:00,F,20~29,office,seoul,1,0,0,0,7,0,0,14,0,0,completed
15306,U5307,2025-04-20 13:46:00,2025-04-20 13:50:00,F,20~29,office,seoul,1,0,0,0,13,0,0,53,0,0,completed
15307,U5308,2025-02-12 21:11:00,2025-02-12 21:14:00,F,20~29,office,seoul,0,0,0,0,0,0,0,43,0,0,completed
15308,U5309,2025-04-26 16:32:00,2025-04-26 16:37:00,F,40~49,office,seoul,1,0,0,0,1,0,0,33,0,0,completed
15309,U5310,2025-02-11 11:20:00,2025-02-11 11:25:00,M,30~39,office,seoul,0,0,0,0,3,0,0,48,0,0,completed
15310,U5311,2025-10-17 07:34:00,2025-10-17 07:41:00,F,40~49,office,seoul,0,0,0,0,11,0,0,49,0,0,completed
15311,U5312,2025-01-31 19:45:00,2025-01-31 19:47:00,F,20~29,office,seoul,0,0,0,0,3,0,0,72,0,0,completed
15312,U5313,2025-02-26 08:46:00,2025-02-26 08:52:00,M,30~39,office,seoul,0,0,0,0,0,0,0,29,0,0,completed
15313,U5314,2025-01-02 19:46:00,2025-01-02 19:48:00,M,50+,office,seoul,0,0,0,0,28,0,0,37,0,0,completed
15314,U5315,2025-06-28 19:41:00,2025-06-28 19:45:00,F,40~49,office,seoul,1,0,0,0,9,0,0,57,1,0,completed
15315,U5316,2025-02-17 14:28:00,2025-02-17 14:32:00,F,40~49,office,seoul,0,0,0,0,0,0,0,79,0,0,completed
15316,U5317,2025-01-22 19:45:00,2025-01-22 19:52:00,F,30~39,office,seoul,0,0,0,0,4,0,0,54,0,0,completed
15317,U5318,2025-12-13 09:46:00,2025-12-13 09:52:00,F,20~29,office,seoul,1,0,0,0,18,0,0,16,0,0,completed
15318,U5319,2025-08-06 13:24:00,2025-08-06 13:26:00,M,30~39,office,seoul,0,0,0,0,26,0,0,15,0,0,abandoned
15319,U5320,2025-12-17 08:58:00,2025-12-17 09:01:00,M,20~29,office,seoul,0,0,0,0,17,0,0,59,0,0,completed
15320,U5321,2025-11-10 16:53:00,2025-11-10 16:56:00,F,50+,office,seoul,0,0,0,0,11,0,0,73,0,0,timeout
15321,U5322,2025-07-05 16:19:00,2025-07-05 16:23:00,F,50+,office,seoul,1,0,0,0,26,0,0,78,0,0,completed
15322,U5323,2025-03-20 09:00:00,2025-03-20 09:03:00,F,30~39,office,seoul,0,0,0,0,20,0,0,22,0,0,completed
15323,U5324,2025-08-26 21:06:00,2025-08-26 21:08:00,F,40~49,office,seoul,0,0,0,0,16,0,0,11,0,0,completed
15324,U5325,2025-11-12 19:29:00,2025-11-12 19:33:00,F,40~49,office,seoul,0,0,0,0,13,0,0,18,0,0,completed
15325,U5326,2025-03-30 09:39:00,2025-03-30 09:46:00,M,40~49,office,seoul,1,0,0,0,10,0,0,13,0,0,timeout
15326,U5327,2025-06-19 18:19:00,2025-06-19 18:24:00,F,30~39,office,seoul,0,0,0,0,4,0,0,21,0,0,completed
15327,U5328,2025-12-08 07:39:00,2025-12-08 07:44:00,F,50+,office,seoul,0,0,0,0,13,0,0,63,0,0,completed
15328,U5329,2025-04-08 09:00:00,2025-04-08 09:07:00,F,30~39,office,seoul,0,0,0,0,16,0,0,12,0,0,completed
15329,U5330,2025-12-27 16:03:00,2025-12-27 16:05:00,F,30~39,office,seoul,1,0,0,0,28,0,0,53,0,0,completed
15330,U5331,2025-03-21 17:25:00,2025-03-21 17:27:00,M,50+,office,seoul,0,0,0,0,13,0,0,74,0,0,completed
15331,U5332,2025-11-10 08:25:00,2025-11-10 08:27:00,F,30~39,office,seoul,0,0,0,0,27,0,0,55,0,0,completed
15332,U5333,2025-02-06 09:53:00,2025-02-06 09:56:00,F,20~29,office,seoul,0,0,0,0,0,0,0,33,0,0,completed
15333,U5334,2025-03-23 12:37:00,2025-03-23 12:44:00,F,50+,office,seoul,1,0,0,0,6,0,0,74,0,0,completed
15334,U5335,2025-09-29 18:35:00,2025-09-29 18:37:00,M,30~39,office,seoul,0,0,0,0,21,0,0,52,0,0,timeout
15335,U5336,2025-05-17 09:29:00,2025-05-17 09:32:00,M,50+,office,seoul,1,0,0,0,14,0,0,28,0,0,completed
15336,U5337,2025-07-25 09:31:00,2025-07-25 09:35:00,F,30~39,office,seoul,0,0,0,0,1,0,0,76,0,0,completed
15337,U5338,2025-09-25 07:59:00,2025-09-25 08:01:00,F,20~29,office,seoul,0,0,0,0,18,0,0,62,0,0,timeout
15338,U5339,2025-11-21 16:12:00,2025-11-21 16:14:00,F,20~29,office,seoul,0,0,0,0,1,0,0,62,0,0,completed
15339,U5340,2025-07-14 17:46:00,2025-07-14 17:50:00,F,30~39,office,seoul,0,0,0,0,11,0,0,73,0,0,completed
15340,U5341,2025-01-05 11:22:00,2025-01-05 11:27:00,F,20~29,office,seoul,1,0,0,0,29,0,0,24,0,0,abandoned
15341,U5342,2025-02-15 15:58:00,2025-02-15 16:03:00,M,20~29,office,seoul,1,0,0,0,15,0,0,28,0,0,completed
15342,U5343,2025-10-03 12:45:00,2025-10-03 12:51:00,F,40~49,office,seoul,0,0,0,0,22,0,0,70,0,0,completed
15343,U5344,2025-02-04 21:55:00,2025-02-04 21:57:00,F,20~29,office,seoul,0,0,0,0,3,0,0,70,0,0,completed
15344,U5345,2025-10-07 11:00:00,2025-10-07 11:07:00,F,30~39,office,seoul,0,0,0,0,24,0,0,42,0,0,completed
15345,U5346,2025-04-10 15:47:00,2025-04-10 15:52:00,M,20~29,office,seoul,0,0,0,0,28,0,0,52,0,0,abandoned
15346,U5347,2025-03-11 13:49:00,2025-03-11 13:54:00,F,30~39,office,seoul,0,0,0,0,11,0,0,66,0,0,abandoned
15347,U5348,2025-04-15 16:30:00,2025-04-15 16:36:00,M,30~39,office,seoul,0,0,0,0,2,0,0,25,0,0,completed
15348,U5349,2025-04-28 09:00:00,2025-04-28 09:06:00,F,40~49,office,seoul,0,0,0,0,1,0,0,16,0,0,completed
15349,U5350,2025-10-28 12:16:00,2025-10-28 12:23:00,M,30~39,office,seoul,0,0,0,0,20,0,0,79,0,0,completed
15350,U5351,2025-02-09 15:50:00,2025-02-09 15:55:00,M,20~29,office,seoul,1,0,0,0,11,0,0,67,0,0,completed
15351,U5352,2025-06-14 08:30:00,2025-06-14 08:34:00,F,20~29,office,seoul,1,0,0,0,0,0,0,41,0,0,completed
15352,U5353,2025-04-24 08:37:00,2025-04-24 08:41:00,F,20~29,office,seoul,0,0,0,0,0,0,0,25,0,0,completed
15353,U5354,2025-01-02 16:57:00,2025-01-02 17:03:00,F,20~29,office,seoul,0,0,0,0,7,0,0,22,0,0,completed
15354,U5355,2025-08-20 12:13:00,2025-08-20 12:19:00,F,20~29,office,seoul,0,0,0,0,15,0,0,54,0,0,completed
15355,U5356,2025-06-22 12:28:00,2025-06-22 12:34:00,F,40~49,office,seoul,1,0,0,0,18,0,0,13,0,0,completed
15356,U5357,2025-05-27 16:33:00,2025-05-27 16:37:00,F,20~29,office,seoul,0,0,0,0,19,0,0,50,0,0,abandoned
15357,U5358,2025-12-11 20:41:00,2025-12-11 20:43:00,F,40~49,office,seoul,0,0,0,0,1,0,0,39,0,0,completed
15358,U5359,2025-06-18 18:28:00,2025-06-18 18:34:00,F,20~29,office,seoul,0,0,0,0,18,0,0,49,0,0,completed
15359,U5360,2025-09-02 20:11:00,2025-09-02 20:16:00,M,40~49,office,seoul,0,0,0,0,2,0,0,22,0,0,completed
15360,U5361,2025-05-02 12:01:00,2025-05-02 12:06:00,M,30~39,office,seoul,0,0,0,0,22,0,0,40,0,0,completed
15361,U5362,2025-08-22 15:56:00,2025-08-22 15:59:00,F,30~39,office,seoul,0,0,0,0,27,0,0,79,0,0,completed
15362,U5363,2025-12-24 07:47:00,2025-12-24 07:54:00,M,40~49,office,seoul,0,0,0,0,20,0,0,77,0,0,completed
15363,U5364,2025-09-19 12:37:00,2025-09-19 12:41:00,F,50+,office,seoul,0,0,0,0,7,0,0,40,0,0,completed
15364,U5365,2025-12-10 08:56:00,2025-12-10 08:58:00,M,40~49,office,seoul,0,0,0,0,11,0,0,46,0,0,completed
15365,U5366,2025-06-17 09:09:00,2025-06-17 09:13:00,M,20~29,office,seoul,0,0,0,0,28,0,0,32,0,0,completed
15366,U5367,2025-12-27 20:56:00,2025-12-27 21:03:00,M,30~39,office,seoul,1,0,0,0,21,0,0,73,0,0,completed
15367,U5368,2025-04-06 17:42:00,2025-04-06 17:45:00,F,20~29,office,seoul,1,0,0,0,10,0,0,66,0,0,completed
15368,U5369,2025-07-05 08:32:00,2025-07-05 08:37:00,M,30~39,office,seoul,1,0,0,0,17,0,0,15,0,0,completed
15369,U5370,2025-03-31 15:51:00,2025-03-31 15:57:00,F,20~29,office,seoul,0,0,0,0,18,0,0,63,0,0,completed
15370,U5371,2025-03-23 07:39:00,2025-03-23 07:43:00,F,20~29,office,seoul,1,0,0,0,21,0,0,24,0,0,completed
15371,U5372,2025-07-16 13:30:00,2025-07-16 13:34:00,F,30~39,office,seoul,0,0,0,0,28,0,0,71,0,0,completed
15372,U5373,2025-08-02 20:37:00,2025-08-02 20:44:00,F,20~29,office,seoul,1,0,0,0,13,0,0,42,0,0,completed
15373,U5374,2025-10-10 07:19:00,2025-10-10 07:23:00,M,30~39,office,seoul,0,0,0,0,11,0,0,17,0,0,completed
15374,U5375,2025-02-08 15:34:00,2025-02-08 15:40:00,M,30~39,office,seoul,1,0,0,0,2,0,0,66,0,0,completed
15375,U5376,2025-08-16 19:22:00,2025-08-16 19:26:00,M,20~29,office,seoul,1,0,0,0,16,0,0,41,0,0,completed
15376,U5377,2025-01-17 11:50:00,2025-01-17 11:57:00,F,20~29,office,seoul,0,0,0,0,2,0,0,65,0,0,completed
15377,U5378,2025-10-20 19:40:00,2025-10-20 19:44:00,F,40~49,office,seoul,0,0,0,0,29,0,0,38,0,0,completed
15378,U5379,2025-06-15 22:57:00,2025-06-15 23:04:00,F,40~49,office,seoul,1,0,0,0,11,0,0,43,0,0,completed
15379,U5380,2025-01-08 09:07:00,2025-01-08 09:14:00,F,20~29,office,seoul,0,0,0,0,22,0,0,63,0,0,completed
15380,U5381,2025-02-27 14:31:00,2025-02-27 14:33:00,F,20~29,office,seoul,0,0,0,0,9,0,0,58,0,0,completed
15381,U5382,2025-08-22 09:15:00,2025-08-22 09:17:00,M,50+,office,seoul,0,0,0,0,7,0,0,52,0,0,completed
15382,U5383,2025-05-02 14:32:00,2025-05-02 14:38:00,F,20~29,office,seoul,0,0,0,0,14,0,0,58,0,0,completed
15383,U5384,2025-08-29 17:34:00,2025-08-29 17:40:00,F,20~29,office,seoul,0,0,0,0,13,0,0,63,0,0,abandoned
15384,U5385,2025-07-30 13:38:00,2025-07-30 13:43:00,M,30~39,office,seoul,0,0,0,0,17,0,0,58,0,0,completed
15385,U5386,2025-02-14 11:02:00,2025-02-14 11:07:00,F,40~49,office,seoul,0,0,0,0,1,0,0,10,0,0,completed
15386,U5387,2025-07-21 17:04:00,2025-07-21 17:09:00,F,50+,office,seoul,0,0,0,0,6,0,0,28,0,0,completed
15387,U5388,2025-05-20 12:05:00,2025-05-20 12:10:00,M,50+,office,seoul,0,0,0,0,25,0,0,15,1,0,completed
15388,U5389,2025-09-30 19:23:00,2025-09-30 19:25:00,M,20~29,office,seoul,0,0,0,0,9,0,0,61,1,0,completed
15389,U5390,2025-08-20 09:34:00,2025-08-20 09:36:00,F,40~49,office,seoul,0,0,0,0,15,0,0,77,0,0,completed
15390,U5391,2025-12-01 17:17:00,2025-12-01 17:19:00,F,50+,office,seoul,0,0,0,0,8,0,0,78,0,0,completed
15391,U5392,2025-06-30 21:04:00,2025-06-30 21:07:00,M,20~29,office,seoul,0,0,0,0,16,0,0,52,0,0,error
15392,U5393,2025-01-30 15:14:00,2025-01-30 15:19:00,M,20~29,office,seoul,0,0,0,0,15,0,0,59,0,0,completed
15393,U5394,2025-02-14 11:15:00,2025-02-14 11:21:00,F,30~39,office,seoul,0,0,0,0,15,0,0,63,0,0,completed
15394,U5395,2025-12-20 12:27:00,2025-12-20 12:29:00,F,30~39,office,seoul,1,0,0,0,7,0,0,51,0,0,completed
15395,U5396,2025-04-23 12:03:00,2025-04-23 12:05:00,M,30~39,office,seoul,0,0,0,0,7,0,0,68,0,0,completed
15396,U5397,2025-01-17 20:26:00,2025-01-17 20:30:00,F,20~29,office,seoul,0,0,0,0,13,0,0,13,0,0,completed
15397,U5398,2025-04-07 17:31:00,2025-04-07 17:36:00,F,50+,office,seoul,0,0,0,0,9,0,0,79,0,0,completed
15398,U5399,2025-08-17 12:45:00,2025-08-17 12:52:00,M,40~49,office,seoul,1,0,0,0,2,0,0,59,0,0,completed
15399,U5400,2025-05-13 12:49:00,2025-05-13 12:51:00,M,20~29,office,seoul,0,0,0,0,9,0,0,77,0,0,completed
15400,U5401,2025-09-16 14:12:00,2025-09-16 14:17:00,M,40~49,office,seoul,0,0,0,0,1,0,0,78,0,0,completed
15401,U5402,2025-06-09 17:35:00,2025-06-09 17:42:00,F,40~49,office,seoul,0,0,0,0,9,0,0,72,0,0,error
15402,U5403,2025-05-11 16:32:00,2025-05-11 16:37:00,M,50+,office,seoul,1,0,0,0,29,0,0,72,0,0,completed
15403,U5404,2025-02-18 09:17:00,2025-02-18 09:21:00,F,30~39,office,seoul,0,0,0,0,11,0,0,27,0,0,completed
15404,U5405,2025-01-30 15:01:00,2025-01-30 15:08:00,M,50+,office,seoul,0,0,0,0,9,0,0,74,0,0,completed
15405,U5406,2025-05-10 09:41:00,2025-05-10 09:48:00,M,20~29,office,seoul,1,0,0,0,5,0,0,46,0,0,completed
15406,U5407,2025-10-10 17:24:00,2025-10-10 17:29:00,M,50+,office,seoul,0,0,0,0,3,0,0,69,0,0,completed
15407,U5408,2025-06-27 16:27:00,2025-06-27 16:29:00,M,50+,office,seoul,0,0,0,0,11,0,0,12,1,0,completed
15408,U5409,2025-02-17 17:26:00,2025-02-17 17:31:00,F,20~29,office,seoul,0,0,0,0,4,0,0,32,1,0,completed
15409,U5410,2025-02-08 11:33:00,2025-02-08 11:40:00,F,30~39,office,seoul,1,0,0,0,15,0,0,71,0,0,error
15410,U5411,2025-11-14 09:37:00,2025-11-14 09:43:00,F,20~29,office,seoul,0,0,0,0,9,0,0,61,0,0,completed
15411,U5412,2025-08-28 14:30:00,2025-08-28 14:34:00,F,50+,office,seoul,0,0,0,0,16,0,0,14,0,0,completed
15412,U5413,2025-08-10 15:55:00,2025-08-10 16:00:00,F,20~29,office,seoul,1,0,0,0,13,0,0,68,0,0,completed
15413,U5414,2025-10-13 12:02:00,2025-10-13 12:04:00,F,20~29,office,seoul,0,0,0,0,8,0,0,35,0,0,completed
15414,U5415,2025-01-23 16:51:00,2025-01-23 16:55:00,F,30~39,office,seoul,0,0,0,0,24,0,0,56,0,0,completed
15415,U5416,2025-08-08 07:29:00,2025-08-08 07:32:00,M,20~29,office,seoul,0,0,0,0,28,0,0,65,0,0,completed
15416,U5417,2025-10-06 12:29:00,2025-10-06 12:31:00,F,20~29,office,seoul,0,0,0,0,5,0,0,46,0,0,completed
15417,U5418,2025-06-09 13:05:00,2025-06-09 13:08:00,M,40~49,office,seoul,0,0,0,0,20,0,0,76,0,0,completed
15418,U5419,2025-07-24 19:56:00,2025-07-24 20:03:00,M,30~39,office,seoul,0,0,0,0,24,0,0,60,0,0,completed
15419,U5420,2025-04-18 15:41:00,2025-04-18 15:43:00,M,50+,office,seoul,0,0,0,0,21,0,0,40,0,0,completed
15420,U5421,2025-10-29 18:09:00,2025-10-29 18:13:00,F,30~39,office,seoul,0,0,0,0,15,0,0,53,0,0,completed
15421,U5422,2025-09-04 16:36:00,2025-09-04 16:43:00,M,20~29,office,seoul,0,0,0,0,16,0,0,17,0,0,completed
15422,U5423,2025-06-07 16:54:00,2025-06-07 16:58:00,F,20~29,office,seoul,1,0,0,0,10,0,0,79,0,0,completed
15423,U5424,2025-02-27 12:28:00,2025-02-27 12:32:00,M,20~29,office,seoul,0,0,0,0,27,0,0,27,0,0,completed
15424,U5425,2025-08-26 13:01:00,2025-08-26 13:07:00,F,20~29,office,seoul,0,0,0,0,1,0,0,11,0,0,completed
15425,U5426,2025-04-24 12:56:00,2025-04-24 13:01:00,F,40~49,office,seoul,0,0,0,0,8,0,0,32,0,0,completed
15426,U5427,2025-02-05 21:40:00,2025-02-05 21:42:00,M,30~39,office,seoul,0,0,0,0,21,0,0,71,0,0,completed
15427,U5428,2025-04-02 16:28:00,2025-04-02 16:32:00,F,20~29,office,seoul,0,0,0,0,4,0,0,40,0,0,completed
15428,U5429,2025-03-24 20:29:00,2025-03-24 20:31:00,F,30~39,office,seoul,0,0,0,0,10,0,0,35,0,0,completed
15429,U5430,2025-01-09 15:25:00,2025-01-09 15:32:00,M,30~39,office,seoul,0,0,0,0,16,0,0,22,0,0,completed
15430,U5431,2025-06-27 08:39:00,2025-06-27 08:45:00,M,20~29,office,seoul,0,0,0,0,5,0,0,20,0,0,completed
15431,U5432,2025-01-21 13:08:00,2025-01-21 13:13:00,F,30~39,office,seoul,0,0,0,0,13,0,0,25,0,0,completed
15432,U5433,2025-12-13 16:25:00,2025-12-13 16:32:00,F,30~39,office,seoul,1,0,0,0,29,0,0,77,0,0,completed
15433,U5434,2025-05-02 18:58:00,2025-05-02 19:00:00,M,20~29,office,seoul,0,0,0,0,5,0,0,27,0,0,completed
15434,U5435,2025-04-14 17:19:00,2025-04-14 17:21:00,F,30~39,office,seoul,0,0,0,0,7,0,0,10,0,0,completed
15435,U5436,2025-02-28 15:21:00,2025-02-28 15:28:00,F,20~29,office,seoul,0,0,0,0,11,0,0,47,0,0,completed
15436,U5437,2025-03-16 19:38:00,2025-03-16 19:41:00,F,20~29,office,seoul,1,0,0,0,29,0,0,72,0,0,completed
15437,U5438,2025-09-21 14:16:00,2025-09-21 14:22:00,M,50+,office,seoul,1,0,0,0,7,0,0,66,0,0,completed
15438,U5439,2025-10-08 17:03:00,2025-10-08 17:08:00,F,20~29,office,seoul,0,0,0,0,14,0,0,14,0,0,completed
15439,U5440,2025-07-25 13:16:00,2025-07-25 13:19:00,M,30~39,office,seoul,0,0,0,0,23,0,0,75,0,0,completed
15440,U5441,2025-12-26 12:08:00,2025-12-26 12:14:00,F,20~29,office,seoul,0,0,0,0,12,0,0,51,0,0,completed
15441,U5442,2025-03-17 07:14:00,2025-03-17 07:18:00,F,40~49,office,seoul,0,0,0,0,26,0,0,49,0,0,completed
15442,U5443,2025-12-20 09:20:00,2025-12-20 09:22:00,F,20~29,office,seoul,1,0,0,0,6,0,0,69,0,0,completed
15443,U5444,2025-04-14 17:37:00,2025-04-14 17:41:00,M,30~39,office,seoul,0,0,0,0,10,0,0,34,0,0,completed
15444,U5445,2025-12-01 11:53:00,2025-12-01 12:00:00,F,50+,office,seoul,0,0,0,0,3,0,0,25,0,0,completed
15445,U5446,2025-01-10 09:16:00,2025-01-10 09:23:00,F,30~39,office,seoul,0,0,0,0,9,0,0,62,0,0,completed
15446,U5447,2025-04-15 11:25:00,2025-04-15 11:28:00,F,40~49,office,seoul,0,0,0,0,25,0,0,53,0,0,completed
15447,U5448,2025-07-01 13:19:00,2025-07-01 13:25:00,M,30~39,office,seoul,0,0,0,0,4,0,0,71,0,0,completed
15448,U5449,2025-01-14 12:18:00,2025-01-14 12:20:00,F,50+,office,seoul,0,0,0,0,22,0,0,27,0,1,completed
15449,U5450,2025-07-15 15:03:00,2025-07-15 15:09:00,M,50+,office,seoul,0,0,0,0,19,0,0,74,0,0,completed
15450,U5451,2025-09-14 19:57:00,2025-09-14 20:00:00,F,40~49,office,seoul,1,0,0,0,8,0,0,37,0,0,completed
15451,U5452,2025-05-09 12:18:00,2025-05-09 12:24:00,M,20~29,office,seoul,0,0,0,0,29,0,0,16,0,0,completed
15452,U5453,2025-10-12 16:41:00,2025-10-12 16:48:00,F,30~39,office,seoul,1,0,0,0,25,0,0,26,0,0,completed
15453,U5454,2025-09-27 17:29:00,2025-09-27 17:35:00,M,20~29,office,seoul,1,0,0,0,20,0,0,32,0,0,completed
15454,U5455,2025-03-12 19:16:00,2025-03-12 19:19:00,M,20~29,office,seoul,0,0,0,0,4,0,0,36,0,0,error
15455,U5456,2025-10-28 13:34:00,2025-10-28 13:37:00,F,20~29,office,seoul,0,0,0,0,20,0,0,62,0,0,completed
15456,U5457,2025-12-01 12:34:00,2025-12-01 12:39:00,F,40~49,office,seoul,0,0,0,0,28,0,0,67,0,0,completed
15457,U5458,2025-02-05 20:57:00,2025-02-05 21:03:00,F,20~29,office,seoul,0,0,0,0,10,0,0,15,0,0,completed
15458,U5459,2025-05-29 16:53:00,2025-05-29 16:56:00,F,40~49,office,seoul,0,0,0,0,18,0,0,20,0,0,completed
15459,U5460,2025-11-28 17:02:00,2025-11-28 17:07:00,M,20~29,office,seoul,0,0,0,0,1,0,0,75,0,0,completed
15460,U5461,2025-08-08 14:16:00,2025-08-08 14:20:00,M,30~39,office,seoul,0,0,0,0,9,0,0,76,0,0,completed
15461,U5462,2025-01-09 12:57:00,2025-01-09 13:01:00,M,30~39,office,seoul,0,0,0,0,20,0,0,23,0,0,completed
15462,U5463,2025-08-15 19:09:00,2025-08-15 19:14:00,F,20~29,office,seoul,0,0,0,0,10,0,0,66,0,0,completed
15463,U5464,2025-12-01 15:23:00,2025-12-01 15:26:00,F,30~39,office,seoul,0,0,0,0,17,0,0,18,0,0,completed
15464,U5465,2025-08-18 11:07:00,2025-08-18 11:14:00,M,30~39,office,seoul,0,0,0,0,24,0,0,49,0,0,completed
15465,U5466,2025-08-22 20:56:00,2025-08-22 21:01:00,F,50+,office,seoul,0,0,0,0,25,0,0,33,0,0,completed
15466,U5467,2025-08-12 19:25:00,2025-08-12 19:32:00,M,40~49,office,seoul,0,0,0,0,2,0,0,34,0,0,completed
15467,U5468,2025-09-16 17:43:00,2025-09-16 17:45:00,M,30~39,office,seoul,0,0,0,0,27,0,0,12,0,0,completed
15468,U5469,2025-07-27 18:42:00,2025-07-27 18:47:00,M,50+,office,seoul,1,0,0,0,29,0,0,62,0,0,completed
15469,U5470,2025-03-04 22:19:00,2025-03-04 22:24:00,F,30~39,office,seoul,0,0,0,0,26,0,0,43,0,0,completed
15470,U5471,2025-11-01 13:44:00,2025-11-01 13:48:00,F,50+,office,seoul,1,0,0,0,27,0,0,43,0,0,completed
15471,U5472,2025-12-25 14:06:00,2025-12-25 14:08:00,F,30~39,office,seoul,0,0,0,0,23,0,0,37,0,0,completed
15472,U5473,2025-12-26 15:26:00,2025-12-26 15:33:00,M,50+,office,seoul,0,0,0,0,22,0,0,46,0,0,completed
15473,U5474,2025-07-07 14:46:00,2025-07-07 14:52:00,F,30~39,office,seoul,0,0,0,0,5,0,0,58,0,0,completed
15474,U5475,2025-09-12 11:12:00,2025-09-12 11:14:00,F,40~49,office,seoul,0,0,0,0,13,0,0,28,0,0,completed
15475,U5476,2025-08-03 13:13:00,2025-08-03 13:18:00,F,20~29,office,seoul,1,0,0,0,24,0,0,39,0,0,completed
15476,U5477,2025-04-10 14:29:00,2025-04-10 14:34:00,M,40~49,office,seoul,0,0,0,0,12,0,0,30,0,0,completed
15477,U5478,2025-05-16 11:49:00,2025-05-16 11:56:00,F,30~39,office,seoul,0,0,0,0,22,0,0,27,0,0,completed
15478,U5479,2025-09-02 18:40:00,2025-09-02 18:44:00,F,20~29,office,seoul,0,0,0,0,14,0,0,22,0,0,completed
15479,U5480,2025-08-08 15:06:00,2025-08-08 15:08:00,M,50+,office,seoul,0,0,0,0,26,0,0,19,0,0,completed
15480,U5481,2025-08-25 16:11:00,2025-08-25 16:16:00,F,20~29,office,seoul,0,0,0,0,27,0,0,69,0,0,completed
15481,U5482,2025-01-21 14:40:00,2025-01-21 14:46:00,M,30~39,office,seoul,0,0,0,0,14,0,0,79,0,0,completed
15482,U5483,2025-01-19 07:02:00,2025-01-19 07:08:00,M,20~29,office,seoul,1,0,0,0,6,0,0,33,0,0,completed
15483,U5484,2025-01-01 14:28:00,2025-01-01 14:33:00,M,40~49,office,seoul,0,0,0,0,23,0,0,55,1,0,completed
15484,U5485,2025-08-21 17:22:00,2025-08-21 17:28:00,F,40~49,office,seoul,0,0,0,0,22,0,0,63,0,0,completed
15485,U5486,2025-04-22 11:58:00,2025-04-22 12:02:00,F,40~49,office,seoul,0,0,0,0,7,0,0,16,0,0,completed
15486,U5487,2025-10-03 17:13:00,2025-10-03 17:16:00,F,30~39,office,seoul,0,0,0,0,24,0,0,43,0,0,completed
15487,U5488,2025-01-29 09:04:00,2025-01-29 09:08:00,M,30~39,office,seoul,0,0,0,0,8,0,0,54,0,0,completed
15488,U5489,2025-12-25 16:31:00,2025-12-25 16:33:00,F,50+,office,seoul,0,0,0,0,28,0,0,24,0,0,timeout
15489,U5490,2025-12-20 11:05:00,2025-12-20 11:12:00,F,50+,office,seoul,1,0,0,0,29,0,0,67,0,0,completed
15490,U5491,2025-09-02 12:14:00,2025-09-02 12:21:00,M,30~39,office,seoul,0,0,0,0,1,0,0,51,0,0,completed
15491,U5492,2025-10-10 14:30:00,2025-10-10 14:33:00,M,30~39,office,seoul,0,0,0,0,5,0,0,23,0,0,completed
15492,U5493,2025-10-21 16:59:00,2025-10-21 17:01:00,M,20~29,office,seoul,0,0,0,0,21,0,0,62,0,0,completed
15493,U5494,2025-08-25 12:05:00,2025-08-25 12:07:00,M,20~29,office,seoul,0,0,0,0,21,0,0,34,0,0,completed
15494,U5495,2025-10-13 16:04:00,2025-10-13 16:08:00,F,30~39,office,seoul,0,0,0,0,12,0,0,35,0,0,completed
15495,U5496,2025-06-28 08:43:00,2025-06-28 08:46:00,F,50+,office,seoul,1,0,0,0,4,0,0,30,1,0,completed
15496,U5497,2025-08-14 15:01:00,2025-08-14 15:06:00,M,20~29,office,seoul,0,0,0,0,5,0,0,78,0,0,completed
15497,U5498,2025-02-18 13:58:00,2025-02-18 14:04:00,F,20~29,office,seoul,0,0,0,0,15,0,0,39,0,0,abandoned
15498,U5499,2025-04-22 12:28:00,2025-04-22 12:34:00,F,40~49,office,seoul,0,0,0,0,2,0,0,64,0,0,completed
15499,U5500,2025-10-12 07:59:00,2025-10-12 08:02:00,F,20~29,office,seoul,1,0,0,0,22,0,0,69,0,0,completed
15500,U5501,2025-03-21 08:09:00,2025-03-21 08:15:00,F,40~49,office,seoul,0,0,0,0,23,0,0,25,0,0,completed
15501,U5502,2025-07-31 11:47:00,2025-07-31 11:51:00,F,20~29,office,seoul,0,0,0,0,25,0,0,42,0,0,completed
15502,U5503,2025-01-12 09:35:00,2025-01-12 09:40:00,F,30~39,office,seoul,1,0,0,0,10,0,0,25,0,0,completed
15503,U5504,2025-05-25 15:58:00,2025-05-25 16:05:00,M,50+,office,seoul,1,0,0,0,25,0,0,63,0,1,completed
15504,U5505,2025-08-23 18:21:00,2025-08-23 18:23:00,F,20~29,office,seoul,1,0,0,0,0,0,0,76,0,0,completed
15505,U5506,2025-04-02 14:29:00,2025-04-02 14:36:00,M,50+,office,seoul,0,0,0,0,14,0,0,67,0,0,abandoned
15506,U5507,2025-03-04 15:48:00,2025-03-04 15:50:00,F,20~29,office,seoul,0,0,0,0,8,0,0,61,0,0,completed
15507,U5508,2025-10-10 09:41:00,2025-10-10 09:43:00,M,20~29,office,seoul,0,0,0,0,8,0,0,41,0,0,completed
15508,U5509,2025-08-25 07:33:00,2025-08-25 07:37:00,F,30~39,office,seoul,0,0,0,0,10,0,0,64,0,0,completed
15509,U5510,2025-07-14 08:14:00,2025-07-14 08:18:00,M,30~39,office,seoul,0,0,0,0,18,0,0,77,0,0,completed
15510,U5511,2025-02-07 15:49:00,2025-02-07 15:54:00,M,30~39,office,seoul,0,0,0,0,27,0,0,25,0,0,completed
15511,U5512,2025-09-20 16:15:00,2025-09-20 16:17:00,F,40~49,office,seoul,1,0,0,0,10,0,0,40,0,0,completed
15512,U5513,2025-05-10 12:30:00,2025-05-10 12:33:00,F,40~49,office,seoul,1,0,0,0,19,0,0,34,1,0,completed
15513,U5514,2025-01-26 14:27:00,2025-01-26 14:33:00,F,30~39,office,seoul,1,0,0,0,11,0,0,23,0,0,completed
15514,U5515,2025-08-14 15:59:00,2025-08-14 16:03:00,F,30~39,office,seoul,0,0,0,0,2,0,0,18,0,0,completed
15515,U5516,2025-04-10 16:30:00,2025-04-10 16:34:00,M,40~49,office,seoul,0,0,0,0,16,0,0,48,0,0,completed
15516,U5517,2025-12-03 13:28:00,2025-12-03 13:34:00,M,40~49,office,seoul,0,0,0,0,16,0,0,53,0,0,completed
15517,U5518,2025-07-27 17:39:00,2025-07-27 17:42:00,M,40~49,office,seoul,1,0,0,0,18,0,0,52,0,0,completed
15518,U5519,2025-10-18 11:06:00,2025-10-18 11:10:00,F,50+,office,seoul,1,0,0,0,3,0,0,51,0,0,completed
15519,U5520,2025-01-23 19:15:00,2025-01-23 19:20:00,F,20~29,office,seoul,0,0,0,0,7,0,0,56,0,0,completed
15520,U5521,2025-04-05 12:38:00,2025-04-05 12:44:00,M,20~29,office,seoul,1,0,0,0,18,0,0,21,0,0,completed
15521,U5522,2025-10-26 19:15:00,2025-10-26 19:21:00,F,20~29,office,seoul,1,0,0,0,14,0,0,73,0,0,completed
15522,U5523,2025-06-25 14:54:00,2025-06-25 15:00:00,F,20~29,office,seoul,0,0,0,0,2,0,0,15,0,0,completed
15523,U5524,2025-04-08 16:05:00,2025-04-08 16:09:00,F,20~29,office,seoul,0,0,0,0,16,0,0,46,0,0,completed
15524,U5525,2025-02-19 19:00:00,2025-02-19 19:05:00,F,20~29,office,seoul,0,0,0,0,20,0,0,48,0,0,completed
15525,U5526,2025-03-16 12:17:00,2025-03-16 12:24:00,F,20~29,office,seoul,1,0,0,0,14,0,0,38,0,0,completed
15526,U5527,2025-10-16 13:06:00,2025-10-16 13:08:00,F,40~49,office,seoul,0,0,0,0,15,0,0,50,1,0,completed
15527,U5528,2025-06-07 12:32:00,2025-06-07 12:37:00,M,50+,office,seoul,1,0,0,0,8,0,0,76,0,0,completed
15528,U5529,2025-09-02 14:54:00,2025-09-02 14:56:00,F,30~39,office,seoul,0,0,0,0,26,0,0,45,0,0,timeout
15529,U5530,2025-06-12 09:33:00,2025-06-12 09:36:00,F,20~29,office,seoul,0,0,0,0,28,0,0,37,0,0,completed
15530,U5531,2025-11-09 17:57:00,2025-11-09 18:04:00,F,40~49,office,seoul,1,0,0,0,21,0,0,56,0,0,completed
15531,U5532,2025-02-18 12:41:00,2025-02-18 12:47:00,F,50+,office,seoul,0,0,0,0,14,0,0,58,0,0,completed
15532,U5533,2025-09-18 12:57:00,2025-09-18 13:03:00,M,30~39,office,seoul,0,0,0,0,15,0,0,22,0,0,completed
15533,U5534,2025-11-20 14:23:00,2025-11-20 14:26:00,F,50+,office,seoul,0,0,0,0,1,0,0,43,0,0,completed
15534,U5535,2025-11-09 09:42:00,2025-11-09 09:44:00,F,20~29,office,seoul,1,0,0,0,0,0,0,79,0,0,completed
15535,U5536,2025-10-18 09:02:00,2025-10-18 09:07:00,M,50+,office,seoul,1,0,0,0,2,0,0,47,0,0,completed
15536,U5537,2025-11-25 17:08:00,2025-11-25 17:15:00,M,20~29,office,seoul,0,0,0,0,3,0,0,12,0,0,completed
15537,U5538,2025-11-03 15:40:00,2025-11-03 15:46:00,M,30~39,office,seoul,0,0,0,0,20,0,0,41,0,0,completed
15538,U5539,2025-08-30 17:57:00,2025-08-30 18:01:00,M,20~29,office,seoul,1,0,0,0,12,0,0,18,0,0,abandoned
15539,U5540,2025-01-02 14:17:00,2025-01-02 14:24:00,F,20~29,office,seoul,0,0,0,0,5,0,0,59,0,0,abandoned
15540,U5541,2025-04-16 22:59:00,2025-04-16 23:03:00,M,30~39,office,seoul,0,0,0,0,18,0,0,43,0,0,completed
15541,U5542,2025-07-11 12:33:00,2025-07-11 12:35:00,F,20~29,office,seoul,0,0,0,0,15,0,0,65,0,0,completed
15542,U5543,2025-02-02 20:30:00,2025-02-02 20:36:00,F,40~49,office,seoul,1,0,0,0,16,0,0,32,0,0,completed
15543,U5544,2025-02-12 09:42:00,2025-02-12 09:45:00,F,50+,office,seoul,0,0,0,0,7,0,0,31,0,0,completed
15544,U5545,2025-12-31 11:32:00,2025-12-31 11:37:00,F,20~29,office,seoul,0,0,0,0,25,0,0,61,0,0,abandoned
15545,U5546,2025-03-25 16:43:00,2025-03-25 16:49:00,M,20~29,office,seoul,0,0,0,0,17,0,0,25,0,0,completed
15546,U5547,2025-08-30 20:15:00,2025-08-30 20:18:00,F,30~39,office,seoul,1,0,0,0,15,0,0,67,0,0,completed
15547,U5548,2025-05-11 16:32:00,2025-05-11 16:38:00,M,30~39,office,seoul,1,0,0,0,18,0,0,56,0,0,abandoned
15548,U5549,2025-07-09 22:08:00,2025-07-09 22:12:00,M,20~29,office,seoul,0,0,0,0,5,0,0,75,1,0,completed
15549,U5550,2025-11-18 17:28:00,2025-11-18 17:34:00,F,20~29,office,seoul,0,0,0,0,14,0,0,71,0,0,completed
15550,U5551,2025-06-06 14:03:00,2025-06-06 14:09:00,F,40~49,office,seoul,0,0,0,0,21,0,0,36,0,0,completed
15551,U5552,2025-06-27 12:04:00,2025-06-27 12:11:00,F,40~49,office,seoul,0,0,0,0,27,0,0,54,0,1,completed
15552,U5553,2025-01-03 07:13:00,2025-01-03 07:17:00,F,20~29,office,seoul,0,0,0,0,26,0,0,16,0,0,timeout
15553,U5554,2025-08-20 07:06:00,2025-08-20 07:11:00,F,50+,office,seoul,0,0,0,0,11,0,0,50,0,0,completed
15554,U5555,2025-11-11 08:23:00,2025-11-11 08:30:00,F,30~39,office,seoul,0,0,0,0,2,0,0,23,0,0,completed
15555,U5556,2025-02-28 09:28:00,2025-02-28 09:31:00,M,40~49,office,seoul,0,0,0,0,27,0,0,11,0,0,completed
15556,U5557,2025-07-16 13:01:00,2025-07-16 13:04:00,F,20~29,office,seoul,0,0,0,0,27,0,0,74,0,0,completed
15557,U5558,2025-07-13 12:06:00,2025-07-13 12:10:00,F,40~49,office,seoul,1,0,0,0,20,0,0,69,0,0,completed
15558,U5559,2025-11-11 14:40:00,2025-11-11 14:47:00,M,20~29,office,seoul,0,0,0,0,4,0,0,32,0,0,completed
15559,U5560,2025-02-27 12:43:00,2025-02-27 12:50:00,F,20~29,office,seoul,0,0,0,0,5,0,0,70,1,0,completed
15560,U5561,2025-09-28 15:03:00,2025-09-28 15:06:00,F,50+,office,seoul,1,0,0,0,26,0,0,66,0,0,completed
15561,U5562,2025-12-08 15:34:00,2025-12-08 15:40:00,M,20~29,office,seoul,0,0,0,0,2,0,0,64,0,0,abandoned
15562,U5563,2025-02-23 07:59:00,2025-02-23 08:02:00,F,30~39,office,seoul,1,0,0,0,18,0,0,36,0,0,completed
15563,U5564,2025-09-25 20:12:00,2025-09-25 20:19:00,M,40~49,office,seoul,0,0,0,0,25,0,0,30,0,0,completed
15564,U5565,2025-04-01 15:01:00,2025-04-01 15:07:00,M,40~49,office,seoul,0,0,0,0,24,0,0,64,0,0,completed
15565,U5566,2025-04-20 20:31:00,2025-04-20 20:38:00,F,20~29,office,seoul,1,0,0,0,3,0,0,43,0,0,completed
15566,U5567,2025-12-12 15:40:00,2025-12-12 15:47:00,F,40~49,office,seoul,0,0,0,0,1,0,0,60,0,0,completed
15567,U5568,2025-01-12 08:01:00,2025-01-12 08:06:00,M,30~39,office,seoul,1,0,0,0,22,0,0,47,0,0,completed
15568,U5569,2025-08-18 12:45:00,2025-08-18 12:51:00,F,30~39,office,seoul,0,0,0,0,15,0,0,67,0,0,error
15569,U5570,2025-07-10 12:54:00,2025-07-10 12:57:00,F,40~49,office,seoul,0,0,0,0,22,0,0,42,0,0,completed
15570,U5571,2025-01-13 17:07:00,2025-01-13 17:12:00,F,40~49,office,seoul,0,0,0,0,19,0,0,22,0,0,completed
15571,U5572,2025-09-10 20:00:00,2025-09-10 20:06:00,F,30~39,office,seoul,0,0,0,0,15,0,0,68,0,0,completed
15572,U5573,2025-05-01 16:23:00,2025-05-01 16:28:00,F,20~29,office,seoul,0,0,0,0,9,0,0,15,0,0,completed
15573,U5574,2025-10-11 09:23:00,2025-10-11 09:26:00,F,40~49,office,seoul,1,0,0,0,13,0,0,14,0,0,error
15574,U5575,2025-02-19 07:04:00,2025-02-19 07:09:00,M,20~29,office,seoul,0,0,0,0,26,0,0,20,0,0,completed
15575,U5576,2025-12-19 08:08:00,2025-12-19 08:15:00,F,40~49,office,seoul,0,0,0,0,24,0,0,21,0,0,completed
15576,U5577,2025-04-18 16:52:00,2025-04-18 16:57:00,M,30~39,office,seoul,0,0,0,0,20,0,0,66,0,1,completed
15577,U5578,2025-03-14 16:47:00,2025-03-14 16:54:00,F,20~29,office,seoul,0,0,0,0,29,0,0,56,0,0,completed
15578,U5579,2025-01-31 11:08:00,2025-01-31 11:14:00,M,40~49,office,seoul,0,0,0,0,21,0,0,76,0,0,completed
15579,U5580,2025-04-22 08:49:00,2025-04-22 08:52:00,M,20~29,office,seoul,0,0,0,0,1,0,0,28,0,0,completed
15580,U5581,2025-02-27 08:08:00,2025-02-27 08:15:00,F,20~29,office,seoul,0,0,0,0,24,0,0,60,1,0,completed
15581,U5582,2025-08-06 14:15:00,2025-08-06 14:20:00,F,20~29,office,seoul,0,0,0,0,8,0,0,65,0,0,completed
15582,U5583,2025-06-01 13:34:00,2025-06-01 13:39:00,F,30~39,office,seoul,1,0,0,0,24,0,0,18,0,0,completed
15583,U5584,2025-10-10 14:33:00,2025-10-10 14:36:00,F,30~39,office,seoul,0,0,0,0,5,0,0,28,0,0,error
15584,U5585,2025-04-06 08:41:00,2025-04-06 08:46:00,F,20~29,office,seoul,1,0,0,0,27,0,0,57,0,0,completed
15585,U5586,2025-03-06 18:17:00,2025-03-06 18:22:00,M,20~29,office,seoul,0,0,0,0,19,0,0,60,0,0,completed
15586,U5587,2025-05-25 12:10:00,2025-05-25 12:15:00,M,20~29,office,seoul,1,0,0,0,8,0,0,47,0,0,abandoned
15587,U5588,2025-09-28 15:46:00,2025-09-28 15:52:00,F,30~39,office,seoul,1,0,0,0,25,0,0,58,0,0,completed
15588,U5589,2025-01-17 11:11:00,2025-01-17 11:17:00,M,30~39,office,seoul,0,0,0,0,26,0,0,45,0,0,completed
15589,U5590,2025-07-03 09:27:00,2025-07-03 09:30:00,M,20~29,office,seoul,0,0,0,0,23,0,0,78,0,0,completed
15590,U5591,2025-09-22 14:31:00,2025-09-22 14:36:00,F,40~49,office,seoul,0,0,0,0,16,0,0,63,0,0,completed
15591,U5592,2025-08-08 15:32:00,2025-08-08 15:34:00,M,20~29,office,seoul,0,0,0,0,6,0,0,56,0,0,completed
15592,U5593,2025-09-20 22:57:00,2025-09-20 23:00:00,M,20~29,office,seoul,1,0,0,0,6,0,0,27,0,0,completed
15593,U5594,2025-12-07 08:50:00,2025-12-07 08:53:00,F,20~29,office,seoul,1,0,0,0,25,0,0,56,0,0,completed
15594,U5595,2025-11-02 14:40:00,2025-11-02 14:47:00,F,40~49,office,seoul,1,0,0,0,5,0,0,12,0,0,abandoned
15595,U5596,2025-09-06 18:54:00,2025-09-06 19:00:00,F,30~39,office,seoul,1,0,0,0,9,0,0,43,0,0,completed
15596,U5597,2025-12-22 07:05:00,2025-12-22 07:11:00,F,30~39,office,seoul,0,0,0,0,1,0,0,62,0,0,abandoned
15597,U5598,2025-08-18 14:19:00,2025-08-18 14:22:00,F,20~29,office,seoul,0,0,0,0,27,0,0,70,0,0,error
15598,U5599,2025-07-09 08:14:00,2025-07-09 08:20:00,M,30~39,office,seoul,0,0,0,0,16,0,0,50,0,0,completed
15599,U5600,2025-05-27 15:50:00,2025-05-27 15:57:00,F,40~49,office,seoul,0,0,0,0,2,0,0,27,0,0,completed
15600,U5601,2025-02-04 15:53:00,2025-02-04 15:55:00,M,50+,office,seoul,0,0,0,0,11,0,0,54,0,0,completed
15601,U5602,2025-05-10 15:21:00,2025-05-10 15:23:00,M,50+,office,seoul,1,0,0,0,13,0,0,22,1,0,completed
15602,U5603,2025-10-26 09:34:00,2025-10-26 09:37:00,M,50+,office,seoul,1,0,0,0,14,0,0,68,0,0,completed
15603,U5604,2025-03-09 08:31:00,2025-03-09 08:34:00,F,20~29,office,seoul,1,0,0,0,9,0,0,43,0,0,completed
15604,U5605,2025-11-02 18:01:00,2025-11-02 18:05:00,M,30~39,office,seoul,1,0,0,0,3,0,0,77,0,0,completed
15605,U5606,2025-07-25 16:30:00,2025-07-25 16:35:00,F,30~39,office,seoul,0,0,0,0,9,0,0,53,0,0,completed
15606,U5607,2025-11-10 08:00:00,2025-11-10 08:05:00,F,20~29,office,seoul,0,0,0,0,21,0,0,33,1,0,completed
15607,U5608,2025-06-10 09:34:00,2025-06-10 09:39:00,M,30~39,office,seoul,0,0,0,0,21,0,0,45,0,0,completed
15608,U5609,2025-11-25 16:31:00,2025-11-25 16:37:00,F,30~39,office,seoul,0,0,0,0,17,0,0,54,0,0,completed
15609,U5610,2025-11-17 17:56:00,2025-11-17 18:00:00,F,30~39,office,seoul,0,0,0,0,3,0,0,21,0,0,completed
15610,U5611,2025-02-10 16:55:00,2025-02-10 16:59:00,F,20~29,office,seoul,0,0,0,0,18,0,0,78,0,0,completed
15611,U5612,2025-06-03 09:42:00,2025-06-03 09:46:00,F,40~49,office,seoul,0,0,0,0,20,0,0,42,1,0,completed
15612,U5613,2025-10-17 12:07:00,2025-10-17 12:12:00,F,50+,office,seoul,0,0,0,0,5,0,0,53,0,0,completed
15613,U5614,2025-07-21 16:47:00,2025-07-21 16:50:00,M,20~29,office,seoul,0,0,0,0,16,0,0,19,0,0,completed
15614,U5615,2025-02-19 08:38:00,2025-02-19 08:42:00,M,40~49,office,seoul,0,0,0,0,27,0,0,56,0,0,completed
15615,U5616,2025-04-26 08:29:00,2025-04-26 08:33:00,F,20~29,office,seoul,1,0,0,0,22,0,0,32,0,0,completed
15616,U5617,2025-08-01 16:47:00,2025-08-01 16:53:00,M,20~29,office,seoul,0,0,0,0,19,0,0,13,0,0,completed
15617,U5618,2025-09-09 15:36:00,2025-09-09 15:39:00,F,30~39,office,seoul,0,0,0,0,1,0,0,43,0,0,completed
15618,U5619,2025-11-09 18:14:00,2025-11-09 18:17:00,M,30~39,office,seoul,1,0,0,0,14,0,0,75,0,0,completed
15619,U5620,2025-10-17 12:51:00,2025-10-17 12:58:00,F,30~39,office,seoul,0,0,0,0,20,0,0,34,0,0,timeout
15620,U5621,2025-09-23 13:51:00,2025-09-23 13:54:00,F,40~49,office,seoul,0,0,0,0,11,0,0,79,0,0,completed
15621,U5622,2025-10-07 15:51:00,2025-10-07 15:56:00,F,20~29,office,seoul,0,0,0,0,4,0,0,21,0,0,completed
15622,U5623,2025-01-12 21:48:00,2025-01-12 21:50:00,M,30~39,office,seoul,1,0,0,0,27,0,0,49,0,0,abandoned
15623,U5624,2025-08-27 18:49:00,2025-08-27 18:55:00,M,30~39,office,seoul,0,0,0,0,7,0,0,25,0,0,completed
15624,U5625,2025-07-14 11:54:00,2025-07-14 12:00:00,F,20~29,office,seoul,0,0,0,0,12,0,0,60,0,0,completed
15625,U5626,2025-08-11 17:41:00,2025-08-11 17:46:00,M,20~29,office,seoul,0,0,0,0,3,0,0,46,0,0,completed
15626,U5627,2025-07-30 13:26:00,2025-07-30 13:32:00,F,40~49,office,seoul,0,0,0,0,26,0,0,74,0,0,abandoned
15627,U5628,2025-04-26 12:41:00,2025-04-26 12:46:00,F,50+,office,seoul,1,0,0,0,4,0,0,23,0,0,completed
15628,U5629,2025-02-19 20:43:00,2025-02-19 20:47:00,M,20~29,office,seoul,0,0,0,0,21,0,0,55,0,0,completed
15629,U5630,2025-10-05 19:37:00,2025-10-05 19:43:00,M,30~39,office,seoul,1,0,0,0,11,0,0,48,0,0,completed
15630,U5631,2025-04-25 22:26:00,2025-04-25 22:28:00,M,50+,office,seoul,0,0,0,0,23,0,0,53,0,0,abandoned
15631,U5632,2025-09-14 14:05:00,2025-09-14 14:11:00,M,20~29,office,seoul,1,0,0,0,14,0,0,45,0,0,completed
15632,U5633,2025-03-02 22:10:00,2025-03-02 22:12:00,F,30~39,office,seoul,1,0,0,0,22,0,0,44,0,0,completed
15633,U5634,2025-09-14 17:32:00,2025-09-14 17:36:00,F,40~49,office,seoul,1,0,0,0,19,0,0,64,0,0,completed
15634,U5635,2025-12-27 16:49:00,2025-12-27 16:51:00,M,30~39,office,seoul,1,0,0,0,17,0,0,34,0,0,completed
15635,U5636,2025-05-01 09:26:00,2025-05-01 09:32:00,M,40~49,office,seoul,0,0,0,0,13,0,0,60,0,0,completed
15636,U5637,2025-10-20 19:54:00,2025-10-20 19:58:00,F,20~29,office,seoul,0,0,0,0,10,0,0,70,0,0,completed
15637,U5638,2025-04-15 20:50:00,2025-04-15 20:56:00,F,50+,office,seoul,0,0,0,0,1,0,0,41,0,1,completed
15638,U5639,2025-01-05 07:24:00,2025-01-05 07:26:00,F,40~49,office,seoul,1,0,0,0,11,0,0,56,0,0,completed
15639,U5640,2025-08-11 11:50:00,2025-08-11 11:56:00,M,20~29,office,seoul,0,0,0,0,8,0,0,25,0,0,abandoned
15640,U5641,2025-07-24 17:39:00,2025-07-24 17:41:00,M,30~39,office,seoul,0,0,0,0,22,0,0,17,0,0,completed
15641,U5642,2025-05-24 11:08:00,2025-05-24 11:13:00,F,50+,office,seoul,1,0,0,0,8,0,0,64,1,0,completed
15642,U5643,2025-02-05 08:44:00,2025-02-05 08:50:00,F,30~39,office,seoul,0,0,0,0,17,0,0,76,0,0,completed
15643,U5644,2025-03-01 12:00:00,2025-03-01 12:07:00,F,20~29,office,seoul,1,0,0,0,26,0,0,65,0,0,completed
15644,U5645,2025-08-22 17:57:00,2025-08-22 18:03:00,F,40~49,office,seoul,0,0,0,0,22,0,0,16,0,0,completed
15645,U5646,2025-05-03 18:41:00,2025-05-03 18:47:00,M,30~39,office,seoul,1,0,0,0,27,0,0,40,0,0,completed
15646,U5647,2025-03-26 11:13:00,2025-03-26 11:17:00,F,20~29,office,seoul,0,0,0,0,23,0,0,63,0,0,completed
15647,U5648,2025-10-07 15:03:00,2025-10-07 15:07:00,F,20~29,office,seoul,0,0,0,0,20,0,0,57,0,0,completed
15648,U5649,2025-01-19 11:46:00,2025-01-19 11:53:00,M,20~29,office,seoul,1,0,0,0,14,0,0,60,0,0,completed
15649,U5650,2025-08-05 07:22:00,2025-08-05 07:28:00,M,50+,office,seoul,0,0,0,0,23,0,0,23,0,0,completed
15650,U5651,2025-10-02 14:38:00,2025-10-02 14:43:00,F,40~49,office,seoul,0,0,0,0,1,0,0,65,0,0,completed
15651,U5652,2025-07-28 08:11:00,2025-07-28 08:15:00,F,30~39,office,seoul,0,0,0,0,2,0,0,28,0,0,completed
15652,U5653,2025-07-05 12:15:00,2025-07-05 12:21:00,M,20~29,office,seoul,1,0,0,0,18,0,0,63,0,0,completed
15653,U5654,2025-08-31 16:38:00,2025-08-31 16:41:00,M,30~39,office,seoul,1,0,0,0,16,0,0,24,0,0,completed
15654,U5655,2025-11-26 14:23:00,2025-11-26 14:29:00,F,40~49,office,seoul,0,0,0,0,27,0,0,42,0,0,abandoned
15655,U5656,2025-04-16 08:31:00,2025-04-16 08:34:00,M,50+,office,seoul,0,0,0,0,7,0,0,66,0,0,completed
15656,U5657,2025-09-06 08:53:00,2025-09-06 09:00:00,F,40~49,office,seoul,1,0,0,0,24,0,0,20,0,0,completed
15657,U5658,2025-06-17 20:11:00,2025-06-17 20:13:00,F,50+,office,seoul,0,0,0,0,18,0,0,75,0,0,completed
15658,U5659,2025-04-28 19:11:00,2025-04-28 19:18:00,M,40~49,office,seoul,0,0,0,0,21,0,0,48,0,0,completed
15659,U5660,2025-12-21 13:47:00,2025-12-21 13:50:00,F,50+,office,seoul,1,0,0,0,6,0,0,69,0,1,abandoned
15660,U5661,2025-04-27 11:35:00,2025-04-27 11:41:00,F,20~29,office,seoul,1,0,0,0,14,0,0,33,0,0,completed
15661,U5662,2025-04-13 09:56:00,2025-04-13 10:02:00,M,30~39,office,seoul,1,0,0,0,9,0,0,33,0,0,completed
15662,U5663,2025-04-29 17:16:00,2025-04-29 17:19:00,F,20~29,office,seoul,0,0,0,0,10,0,0,72,0,0,completed
15663,U5664,2025-09-02 12:43:00,2025-09-02 12:48:00,F,40~49,office,seoul,0,0,0,0,20,0,0,16,0,0,completed
15664,U5665,2025-12-08 09:13:00,2025-12-08 09:15:00,F,50+,office,seoul,0,0,0,0,18,0,0,58,0,0,completed
15665,U5666,2025-05-13 13:19:00,2025-05-13 13:25:00,F,40~49,office,seoul,0,0,0,0,1,0,0,78,0,0,completed
15666,U5667,2025-05-12 14:17:00,2025-05-12 14:24:00,F,40~49,office,seoul,0,0,0,0,8,0,0,15,0,0,completed
15667,U5668,2025-03-14 13:10:00,2025-03-14 13:13:00,F,20~29,office,seoul,0,0,0,0,9,0,0,43,0,0,completed
15668,U5669,2025-03-20 12:40:00,2025-03-20 12:44:00,M,30~39,office,seoul,0,0,0,0,11,0,0,46,0,0,timeout
15669,U5670,2025-03-15 20:17:00,2025-03-15 20:19:00,F,40~49,office,seoul,1,0,0,0,27,0,0,23,0,0,completed
15670,U5671,2025-07-07 16:34:00,2025-07-07 16:40:00,F,20~29,office,seoul,0,0,0,0,28,0,0,72,0,0,timeout
15671,U5672,2025-10-12 15:04:00,2025-10-12 15:07:00,F,30~39,office,seoul,1,0,0,0,25,0,0,30,0,0,completed
15672,U5673,2025-09-18 14:44:00,2025-09-18 14:51:00,F,30~39,office,seoul,0,0,0,0,0,0,0,47,0,0,completed
15673,U5674,2025-07-08 13:36:00,2025-07-08 13:40:00,F,40~49,office,seoul,0,0,0,0,22,0,0,49,0,0,completed
15674,U5675,2025-03-10 09:57:00,2025-03-10 10:04:00,M,20~29,office,seoul,0,0,0,0,8,0,0,24,0,0,completed
15675,U5676,2025-01-18 13:27:00,2025-01-18 13:31:00,F,50+,office,seoul,1,0,0,0,17,0,0,53,0,0,completed
15676,U5677,2025-08-05 22:22:00,2025-08-05 22:24:00,F,30~39,office,seoul,0,0,0,0,8,0,0,26,0,1,completed
15677,U5678,2025-04-30 21:01:00,2025-04-30 21:03:00,M,20~29,office,seoul,0,0,0,0,18,0,0,70,0,0,error
15678,U5679,2025-04-24 21:11:00,2025-04-24 21:15:00,F,30~39,office,seoul,0,0,0,0,19,0,0,73,0,0,completed
15679,U5680,2025-09-14 18:54:00,2025-09-14 18:59:00,F,20~29,office,seoul,1,0,0,0,3,0,0,18,0,0,completed
15680,U5681,2025-06-02 14:01:00,2025-06-02 14:08:00,M,20~29,office,seoul,0,0,0,0,25,0,0,49,0,0,completed
15681,U5682,2025-03-13 13:27:00,2025-03-13 13:33:00,M,20~29,office,seoul,0,0,0,0,12,0,0,19,0,0,completed
15682,U5683,2025-11-28 12:45:00,2025-11-28 12:49:00,M,20~29,office,seoul,0,0,0,0,27,0,0,27,0,0,completed
15683,U5684,2025-01-12 18:13:00,2025-01-12 18:18:00,F,40~49,office,seoul,1,0,0,0,27,0,0,27,0,0,completed
15684,U5685,2025-08-19 13:47:00,2025-08-19 13:50:00,F,30~39,office,seoul,0,0,0,0,9,0,0,17,0,0,completed
15685,U5686,2025-08-29 17:47:00,2025-08-29 17:53:00,M,20~29,office,seoul,0,0,0,0,19,0,0,24,0,0,abandoned
15686,U5687,2025-03-15 15:32:00,2025-03-15 15:35:00,M,50+,office,seoul,1,0,0,0,4,0,0,60,0,0,completed
15687,U5688,2025-04-08 13:21:00,2025-04-08 13:25:00,F,50+,office,seoul,0,0,0,0,2,0,0,16,0,0,completed
15688,U5689,2025-07-06 21:20:00,2025-07-06 21:25:00,F,20~29,office,seoul,1,0,0,0,10,0,0,63,0,0,completed
15689,U5690,2025-09-02 12:12:00,2025-09-02 12:15:00,F,30~39,office,seoul,0,0,0,0,14,0,0,26,0,0,completed
15690,U5691,2025-03-01 13:15:00,2025-03-01 13:22:00,M,40~49,office,seoul,1,0,0,0,0,0,0,19,0,0,completed
15691,U5692,2025-07-12 16:58:00,2025-07-12 17:05:00,F,50+,office,seoul,1,0,0,0,2,0,0,51,0,0,completed
15692,U5693,2025-12-31 13:02:00,2025-12-31 13:06:00,M,30~39,office,seoul,0,0,0,0,27,0,0,22,0,0,completed
15693,U5694,2025-12-05 08:33:00,2025-12-05 08:36:00,F,30~39,office,seoul,0,0,0,0,14,0,0,34,0,0,completed
15694,U5695,2025-09-10 12:14:00,2025-09-10 12:21:00,M,50+,office,seoul,0,0,0,0,3,0,0,51,0,0,completed
15695,U5696,2025-12-04 15:55:00,2025-12-04 16:00:00,F,40~49,office,seoul,0,0,0,0,26,0,0,14,0,0,completed
15696,U5697,2025-01-02 17:36:00,2025-01-02 17:42:00,M,20~29,office,seoul,0,0,0,0,27,0,0,79,0,0,completed
15697,U5698,2025-09-20 21:27:00,2025-09-20 21:30:00,F,30~39,office,seoul,1,0,0,0,9,0,0,79,0,0,completed
15698,U5699,2025-03-25 18:02:00,2025-03-25 18:04:00,M,40~49,office,seoul,0,0,0,0,18,0,0,50,0,0,completed
15699,U5700,2025-04-20 12:34:00,2025-04-20 12:39:00,M,30~39,office,seoul,1,0,0,0,2,0,0,56,0,0,completed
15700,U5701,2025-08-15 19:00:00,2025-08-15 19:07:00,F,30~39,office,seoul,0,0,0,0,4,0,0,16,0,0,completed
15701,U5702,2025-08-27 12:49:00,2025-08-27 12:51:00,F,20~29,office,seoul,0,0,0,0,12,0,0,33,0,0,abandoned
15702,U5703,2025-11-02 22:48:00,2025-11-02 22:51:00,F,30~39,office,seoul,1,0,0,0,11,0,0,77,0,0,completed
15703,U5704,2025-02-08 13:56:00,2025-02-08 13:58:00,M,20~29,office,seoul,1,0,0,0,20,0,0,52,0,0,abandoned
15704,U5705,2025-12-21 20:33:00,2025-12-21 20:40:00,F,30~39,office,seoul,1,0,0,0,20,0,0,65,0,0,completed
15705,U5706,2025-03-05 15:14:00,2025-03-05 15:17:00,F,30~39,office,seoul,0,0,0,0,26,0,0,70,0,0,completed
15706,U5707,2025-12-19 16:41:00,2025-12-19 16:47:00,F,50+,office,seoul,0,0,0,0,19,0,0,54,0,0,completed
15707,U5708,2025-12-05 20:41:00,2025-12-05 20:45:00,M,50+,office,seoul,0,0,0,0,18,0,0,60,0,0,completed
15708,U5709,2025-05-29 14:51:00,2025-05-29 14:53:00,F,20~29,office,seoul,0,0,0,0,18,0,0,24,0,0,completed
15709,U5710,2025-04-18 07:03:00,2025-04-18 07:06:00,M,20~29,office,seoul,0,0,0,0,16,0,0,25,0,0,completed
15710,U5711,2025-10-05 11:29:00,2025-10-05 11:35:00,F,40~49,office,seoul,1,0,0,0,10,0,0,24,0,0,completed
15711,U5712,2025-09-27 18:54:00,2025-09-27 18:56:00,F,30~39,office,seoul,1,0,0,0,21,0,0,69,0,0,completed
15712,U5713,2025-05-12 16:04:00,2025-05-12 16:08:00,F,40~49,office,seoul,0,0,0,0,1,0,0,74,0,0,completed
15713,U5714,2025-12-23 09:45:00,2025-12-23 09:50:00,M,20~29,office,seoul,0,0,0,0,24,0,0,70,0,0,completed
15714,U5715,2025-09-25 15:13:00,2025-09-25 15:19:00,M,30~39,office,seoul,0,0,0,0,26,0,0,25,0,0,completed
15715,U5716,2025-02-04 13:38:00,2025-02-04 13:45:00,F,30~39,office,seoul,0,0,0,0,12,0,0,55,0,0,abandoned
15716,U5717,2025-10-11 17:08:00,2025-10-11 17:12:00,M,50+,office,seoul,1,0,0,0,9,0,0,43,0,0,completed
15717,U5718,2025-09-16 20:02:00,2025-09-16 20:04:00,M,50+,office,seoul,0,0,0,0,13,0,0,63,0,0,completed
15718,U5719,2025-08-10 12:13:00,2025-08-10 12:15:00,F,20~29,office,seoul,1,0,0,0,25,0,0,58,0,0,completed
15719,U5720,2025-11-10 12:08:00,2025-11-10 12:15:00,F,40~49,office,seoul,0,0,0,0,0,0,0,22,0,0,completed
15720,U5721,2025-11-24 09:06:00,2025-11-24 09:13:00,M,30~39,office,seoul,0,0,0,0,7,0,0,57,0,0,completed
15721,U5722,2025-01-01 15:42:00,2025-01-01 15:49:00,F,40~49,office,seoul,0,0,0,0,26,0,0,25,0,0,completed
15722,U5723,2025-07-04 17:50:00,2025-07-04 17:52:00,F,30~39,office,seoul,0,0,0,0,25,0,0,76,0,0,completed
15723,U5724,2025-08-30 15:00:00,2025-08-30 15:02:00,M,30~39,office,seoul,1,0,0,0,23,0,0,65,0,0,completed
15724,U5725,2025-01-28 11:49:00,2025-01-28 11:53:00,M,40~49,office,seoul,0,0,0,0,3,0,0,72,0,0,abandoned
15725,U5726,2025-07-11 13:05:00,2025-07-11 13:10:00,M,40~49,office,seoul,0,0,0,0,4,0,0,65,0,0,completed
15726,U5727,2025-05-23 14:39:00,2025-05-23 14:43:00,M,50+,office,seoul,0,0,0,0,17,0,0,46,1,0,completed
15727,U5728,2025-04-15 13:29:00,2025-04-15 13:34:00,M,30~39,office,seoul,0,0,0,0,29,0,0,57,0,0,timeout
15728,U5729,2025-09-20 15:41:00,2025-09-20 15:46:00,F,20~29,office,seoul,1,0,0,0,24,0,0,32,0,0,completed
15729,U5730,2025-07-15 09:38:00,2025-07-15 09:45:00,F,30~39,office,seoul,0,0,0,0,27,0,0,12,0,0,abandoned
15730,U5731,2025-05-12 08:29:00,2025-05-12 08:35:00,F,30~39,office,seoul,0,0,0,0,11,0,0,46,0,0,completed
15731,U5732,2025-04-21 09:00:00,2025-04-21 09:07:00,F,30~39,office,seoul,0,0,0,0,10,0,0,31,0,0,abandoned
15732,U5733,2025-10-11 19:37:00,2025-10-11 19:40:00,M,20~29,office,seoul,1,0,0,0,5,0,0,70,0,0,completed
15733,U5734,2025-08-31 14:25:00,2025-08-31 14:29:00,F,30~39,office,seoul,1,0,0,0,7,0,0,45,0,0,completed
15734,U5735,2025-12-15 15:39:00,2025-12-15 15:45:00,F,40~49,office,seoul,0,0,0,0,22,0,0,71,0,0,completed
15735,U5736,2025-05-07 08:56:00,2025-05-07 08:58:00,F,20~29,office,seoul,0,0,0,0,17,0,0,71,0,0,completed
15736,U5737,2025-11-12 14:42:00,2025-11-12 14:48:00,M,20~29,office,seoul,0,0,0,0,10,0,0,65,0,0,completed
15737,U5738,2025-01-01 13:55:00,2025-01-01 14:02:00,M,20~29,office,seoul,0,0,0,0,20,0,0,74,0,0,completed
15738,U5739,2025-01-02 07:22:00,2025-01-02 07:29:00,F,20~29,office,seoul,0,0,0,0,12,0,0,10,0,0,completed
15739,U5740,2025-12-15 18:18:00,2025-12-15 18:20:00,F,30~39,office,seoul,0,0,0,0,8,0,0,76,0,0,completed
15740,U5741,2025-12-11 13:00:00,2025-12-11 13:06:00,M,30~39,office,seoul,0,0,0,0,8,0,0,79,0,0,completed
15741,U5742,2025-08-13 15:34:00,2025-08-13 15:37:00,F,30~39,office,seoul,0,0,0,0,15,0,0,16,0,0,completed
15742,U5743,2025-12-12 16:58:00,2025-12-12 17:05:00,F,50+,office,seoul,0,0,0,0,18,0,0,65,1,0,completed
15743,U5744,2025-03-23 15:05:00,2025-03-23 15:07:00,M,20~29,office,seoul,1,0,0,0,10,0,0,25,0,0,completed
15744,U5745,2025-10-28 17:23:00,2025-10-28 17:25:00,M,50+,office,seoul,0,0,0,0,10,0,0,37,0,0,completed
15745,U5746,2025-08-25 09:17:00,2025-08-25 09:19:00,F,50+,office,seoul,0,0,0,0,15,0,0,64,0,0,completed
15746,U5747,2025-07-13 12:15:00,2025-07-13 12:17:00,M,20~29,office,seoul,1,0,0,0,22,0,0,48,0,0,completed
15747,U5748,2025-05-18 15:17:00,2025-05-18 15:20:00,M,30~39,office,seoul,1,0,0,0,8,0,0,16,0,0,completed
15748,U5749,2025-03-24 19:29:00,2025-03-24 19:33:00,F,40~49,office,seoul,0,0,0,0,4,0,0,57,0,0,completed
15749,U5750,2025-11-02 15:40:00,2025-11-02 15:47:00,F,30~39,office,seoul,1,0,0,0,20,0,0,66,0,0,completed
15750,U5751,2025-07-27 14:17:00,2025-07-27 14:22:00,M,50+,office,seoul,1,0,0,0,10,0,0,57,0,0,completed
15751,U5752,2025-04-10 16:02:00,2025-04-10 16:08:00,F,30~39,office,seoul,0,0,0,0,2,0,0,25,0,0,completed
15752,U5753,2025-01-02 19:18:00,2025-01-02 19:23:00,F,50+,office,seoul,0,0,0,0,19,0,0,16,1,0,completed
15753,U5754,2025-09-03 13:21:00,2025-09-03 13:23:00,F,20~29,office,seoul,0,0,0,0,28,0,0,11,0,0,completed
15754,U5755,2025-10-06 14:13:00,2025-10-06 14:15:00,F,20~29,office,seoul,0,0,0,0,9,0,0,68,0,0,completed
15755,U5756,2025-09-23 20:28:00,2025-09-23 20:33:00,M,40~49,office,seoul,0,0,0,0,24,0,0,46,0,0,completed
15756,U5757,2025-04-08 21:39:00,2025-04-08 21:43:00,F,20~29,office,seoul,0,0,0,0,12,0,0,45,0,0,completed
15757,U5758,2025-08-20 13:09:00,2025-08-20 13:11:00,F,20~29,office,seoul,0,0,0,0,26,0,0,26,0,0,completed
15758,U5759,2025-01-31 16:19:00,2025-01-31 16:22:00,F,50+,office,seoul,0,0,0,0,3,0,0,74,0,0,completed
15759,U5760,2025-01-22 21:01:00,2025-01-22 21:08:00,F,40~49,office,seoul,0,0,0,0,16,0,0,51,0,0,completed
15760,U5761,2025-09-21 19:22:00,2025-09-21 19:24:00,F,20~29,office,seoul,1,0,0,0,3,0,0,15,0,0,completed
15761,U5762,2025-04-03 15:18:00,2025-04-03 15:25:00,F,20~29,office,seoul,0,0,0,0,27,0,0,24,0,0,completed
15762,U5763,2025-08-30 21:46:00,2025-08-30 21:49:00,M,20~29,office,seoul,1,0,0,0,12,0,0,75,0,0,completed
15763,U5764,2025-07-15 16:57:00,2025-07-15 16:59:00,F,40~49,office,seoul,0,0,0,0,10,0,0,48,0,0,completed
15764,U5765,2025-05-27 12:15:00,2025-05-27 12:20:00,F,50+,office,seoul,0,0,0,0,7,0,0,15,0,0,abandoned
15765,U5766,2025-08-14 19:38:00,2025-08-14 19:45:00,F,20~29,office,seoul,0,0,0,0,22,0,0,12,0,0,abandoned
15766,U5767,2025-04-12 19:43:00,2025-04-12 19:49:00,F,30~39,office,seoul,1,0,0,0,7,0,0,59,0,0,completed
15767,U5768,2025-01-01 12:42:00,2025-01-01 12:46:00,M,20~29,office,seoul,0,0,0,0,20,0,0,56,0,0,completed
15768,U5769,2025-08-25 19:15:00,2025-08-25 19:18:00,F,20~29,office,seoul,0,0,0,0,28,0,0,41,0,0,completed
15769,U5770,2025-04-04 18:08:00,2025-04-04 18:13:00,F,20~29,office,seoul,0,0,0,0,9,0,0,68,0,0,completed
15770,U5771,2025-04-07 17:49:00,2025-04-07 17:53:00,F,30~39,office,seoul,0,0,0,0,18,0,0,41,0,0,completed
15771,U5772,2025-05-16 16:55:00,2025-05-16 17:01:00,F,20~29,office,seoul,0,0,0,0,1,0,0,74,0,0,completed
15772,U5773,2025-05-21 12:57:00,2025-05-21 13:03:00,F,20~29,office,seoul,0,0,0,0,6,0,0,28,0,0,completed
15773,U5774,2025-07-01 15:08:00,2025-07-01 15:10:00,F,50+,office,seoul,0,0,0,0,23,0,0,62,0,0,completed
15774,U5775,2025-06-27 12:17:00,2025-06-27 12:19:00,M,20~29,office,seoul,0,0,0,0,25,0,0,25,0,0,completed
15775,U5776,2025-12-23 08:20:00,2025-12-23 08:27:00,M,30~39,office,seoul,0,0,0,0,13,0,0,62,0,0,completed
15776,U5777,2025-12-23 13:11:00,2025-12-23 13:15:00,F,20~29,office,seoul,0,0,0,0,26,0,0,74,0,0,completed
15777,U5778,2025-02-22 20:04:00,2025-02-22 20:09:00,M,30~39,office,seoul,1,0,0,0,15,0,0,57,0,0,completed
15778,U5779,2025-04-19 11:38:00,2025-04-19 11:40:00,F,20~29,office,seoul,1,0,0,0,0,0,0,27,0,0,completed
15779,U5780,2025-12-11 16:36:00,2025-12-11 16:38:00,F,40~49,office,seoul,0,0,0,0,29,0,0,36,0,0,completed
15780,U5781,2025-07-20 08:16:00,2025-07-20 08:21:00,M,40~49,office,seoul,1,0,0,0,12,0,0,64,0,0,error
15781,U5782,2025-02-09 14:47:00,2025-02-09 14:54:00,F,30~39,office,seoul,1,0,0,0,2,0,0,56,0,0,completed
15782,U5783,2025-07-27 20:00:00,2025-07-27 20:07:00,F,30~39,office,seoul,1,0,0,0,4,0,0,36,0,0,completed
15783,U5784,2025-07-09 11:35:00,2025-07-09 11:41:00,M,20~29,office,seoul,0,0,0,0,11,0,0,24,0,0,completed
15784,U5785,2025-09-13 11:31:00,2025-09-13 11:34:00,F,40~49,office,seoul,1,0,0,0,0,0,0,73,0,0,completed
15785,U5786,2025-10-16 12:14:00,2025-10-16 12:18:00,M,30~39,office,seoul,0,0,0,0,21,0,0,10,0,0,error
15786,U5787,2025-08-17 14:08:00,2025-08-17 14:10:00,F,30~39,office,seoul,1,0,0,0,10,0,0,54,0,0,completed
15787,U5788,2025-01-17 15:05:00,2025-01-17 15:10:00,M,40~49,office,seoul,0,0,0,0,7,0,0,56,0,0,completed
15788,U5789,2025-05-07 08:32:00,2025-05-07 08:35:00,F,30~39,office,seoul,0,0,0,0,14,0,0,25,0,0,completed
15789,U5790,2025-11-07 12:29:00,2025-11-07 12:34:00,M,20~29,office,seoul,0,0,0,0,21,0,0,42,0,0,error
15790,U5791,2025-09-22 18:26:00,2025-09-22 18:29:00,F,20~29,office,seoul,0,0,0,0,26,0,0,27,0,0,completed
15791,U5792,2025-01-22 18:01:00,2025-01-22 18:04:00,F,20~29,office,seoul,0,0,0,0,14,0,0,48,0,0,completed
15792,U5793,2025-10-16 13:39:00,2025-10-16 13:45:00,F,30~39,office,seoul,0,0,0,0,13,0,0,71,0,0,completed
15793,U5794,2025-12-16 15:32:00,2025-12-16 15:36:00,F,20~29,office,seoul,0,0,0,0,28,0,0,76,0,0,completed
15794,U5795,2025-12-19 18:59:00,2025-12-19 19:01:00,M,20~29,office,seoul,0,0,0,0,6,0,0,45,0,0,completed
15795,U5796,2025-10-05 08:13:00,2025-10-05 08:16:00,F,30~39,office,seoul,1,0,0,0,2,0,0,52,0,0,error
15796,U5797,2025-08-07 09:57:00,2025-08-07 10:04:00,F,20~29,office,seoul,0,0,0,0,7,0,0,60,0,0,completed
15797,U5798,2025-06-22 18:11:00,2025-06-22 18:15:00,F,40~49,office,seoul,1,0,0,0,28,0,0,45,0,0,completed
15798,U5799,2025-10-02 22:13:00,2025-10-02 22:20:00,M,30~39,office,seoul,0,0,0,0,29,0,0,79,0,0,completed
15799,U5800,2025-06-06 13:54:00,2025-06-06 13:59:00,M,30~39,office,seoul,0,0,0,0,21,0,0,78,0,0,completed
15800,U5801,2025-03-18 18:09:00,2025-03-18 18:11:00,F,30~39,office,seoul,0,0,0,0,7,0,0,21,0,0,abandoned
15801,U5802,2025-01-14 13:12:00,2025-01-14 13:15:00,M,30~39,office,seoul,0,0,0,0,17,0,0,35,0,0,completed
15802,U5803,2025-10-25 20:40:00,2025-10-25 20:45:00,F,40~49,office,seoul,1,0,0,0,27,0,0,25,0,0,completed
15803,U5804,2025-09-29 09:42:00,2025-09-29 09:46:00,M,20~29,office,seoul,0,0,0,0,26,0,0,15,0,1,abandoned
15804,U5805,2025-12-06 16:18:00,2025-12-06 16:21:00,F,30~39,office,seoul,1,0,0,0,21,0,0,15,0,0,abandoned
15805,U5806,2025-10-28 20:46:00,2025-10-28 20:53:00,M,50+,office,seoul,0,0,0,0,27,0,0,13,0,0,abandoned
15806,U5807,2025-06-06 15:14:00,2025-06-06 15:19:00,F,20~29,office,seoul,0,0,0,0,2,0,0,77,0,0,completed
15807,U5808,2025-04-01 07:03:00,2025-04-01 07:06:00,F,20~29,office,seoul,0,0,0,0,12,0,0,68,0,0,completed
15808,U5809,2025-10-24 11:22:00,2025-10-24 11:24:00,F,30~39,office,seoul,0,0,0,0,17,0,0,37,0,0,completed
15809,U5810,2025-03-09 09:28:00,2025-03-09 09:35:00,M,50+,office,seoul,1,0,0,0,19,0,0,50,0,0,completed
15810,U5811,2025-11-18 15:53:00,2025-11-18 15:58:00,F,30~39,office,seoul,0,0,0,0,27,0,0,73,0,0,completed
15811,U5812,2025-05-30 20:42:00,2025-05-30 20:46:00,M,20~29,office,seoul,0,0,0,0,0,0,0,51,0,0,completed
15812,U5813,2025-09-08 07:36:00,2025-09-08 07:41:00,M,40~49,office,seoul,0,0,0,0,19,0,0,63,0,0,completed
15813,U5814,2025-01-21 20:21:00,2025-01-21 20:27:00,F,20~29,office,seoul,0,0,0,0,1,0,0,43,1,0,completed
15814,U5815,2025-09-03 18:38:00,2025-09-03 18:42:00,F,50+,office,seoul,0,0,0,0,7,0,0,43,0,0,abandoned
15815,U5816,2025-09-07 15:13:00,2025-09-07 15:17:00,M,40~49,office,seoul,1,0,0,0,26,0,0,20,0,0,completed
15816,U5817,2025-02-25 12:05:00,2025-02-25 12:07:00,F,20~29,office,seoul,0,0,0,0,18,0,0,55,1,0,completed
15817,U5818,2025-07-15 18:07:00,2025-07-15 18:11:00,F,20~29,office,seoul,0,0,0,0,9,0,0,12,0,0,completed
15818,U5819,2025-05-29 16:49:00,2025-05-29 16:56:00,F,30~39,office,seoul,0,0,0,0,17,0,0,60,1,0,completed
15819,U5820,2025-09-16 18:54:00,2025-09-16 19:01:00,M,50+,office,seoul,0,0,0,0,14,0,0,25,0,0,completed
15820,U5821,2025-11-24 14:22:00,2025-11-24 14:28:00,M,30~39,office,seoul,0,0,0,0,18,0,0,66,0,0,completed
15821,U5822,2025-11-23 21:20:00,2025-11-23 21:27:00,F,30~39,office,seoul,1,0,0,0,1,0,0,55,0,0,abandoned
15822,U5823,2025-12-28 21:50:00,2025-12-28 21:54:00,M,20~29,office,seoul,1,0,0,0,9,0,0,62,0,0,completed
15823,U5824,2025-02-05 13:39:00,2025-02-05 13:46:00,F,20~29,office,seoul,0,0,0,0,17,0,0,55,0,0,completed
15824,U5825,2025-03-01 14:15:00,2025-03-01 14:18:00,F,40~49,office,seoul,1,0,0,0,18,0,0,24,0,0,completed
15825,U5826,2025-09-30 20:11:00,2025-09-30 20:16:00,F,20~29,office,seoul,0,0,0,0,8,0,0,63,0,0,completed
15826,U5827,2025-04-29 16:56:00,2025-04-29 17:02:00,M,50+,office,seoul,0,0,0,0,9,0,0,43,0,0,completed
15827,U5828,2025-05-19 17:42:00,2025-05-19 17:44:00,F,30~39,office,seoul,0,0,0,0,9,0,0,20,0,0,completed
15828,U5829,2025-11-24 14:08:00,2025-11-24 14:11:00,M,40~49,office,seoul,0,0,0,0,13,0,0,48,1,0,completed
15829,U5830,2025-02-05 12:58:00,2025-02-05 13:04:00,F,20~29,office,seoul,0,0,0,0,0,0,0,66,0,0,completed
15830,U5831,2025-12-30 17:13:00,2025-12-30 17:18:00,M,20~29,office,seoul,0,0,0,0,29,0,0,13,0,0,completed
15831,U5832,2025-02-09 08:43:00,2025-02-09 08:50:00,F,30~39,office,seoul,1,0,0,0,3,0,0,16,0,0,completed
15832,U5833,2025-01-21 12:45:00,2025-01-21 12:50:00,F,30~39,office,seoul,0,0,0,0,4,0,0,11,0,0,completed
15833,U5834,2025-07-14 17:07:00,2025-07-14 17:12:00,F,40~49,office,seoul,0,0,0,0,6,0,0,41,0,0,completed
15834,U5835,2025-03-30 20:45:00,2025-03-30 20:50:00,F,20~29,office,seoul,1,0,0,0,6,0,0,73,0,0,completed
15835,U5836,2025-05-19 12:41:00,2025-05-19 12:45:00,F,30~39,office,seoul,0,0,0,0,10,0,0,57,1,0,completed
15836,U5837,2025-09-28 19:45:00,2025-09-28 19:52:00,F,20~29,office,seoul,1,0,0,0,15,0,0,46,0,0,completed
15837,U5838,2025-10-12 15:28:00,2025-10-12 15:33:00,F,20~29,office,seoul,1,0,0,0,21,0,0,40,0,0,completed
15838,U5839,2025-05-02 16:53:00,2025-05-02 16:59:00,F,50+,office,seoul,0,0,0,0,19,0,0,54,0,0,completed
15839,U5840,2025-02-05 11:24:00,2025-02-05 11:27:00,F,50+,office,seoul,0,0,0,0,27,0,0,57,0,0,completed
15840,U5841,2025-06-01 16:16:00,2025-06-01 16:23:00,M,50+,office,seoul,1,0,0,0,25,0,0,67,0,0,completed
15841,U5842,2025-03-11 16:15:00,2025-03-11 16:17:00,M,30~39,office,seoul,0,0,0,0,19,0,0,36,0,0,completed
15842,U5843,2025-05-30 08:03:00,2025-05-30 08:10:00,M,40~49,office,seoul,0,0,0,0,25,0,0,77,0,0,completed
15843,U5844,2025-11-25 18:12:00,2025-11-25 18:17:00,F,20~29,office,seoul,0,0,0,0,4,0,0,69,0,0,completed
15844,U5845,2025-11-10 20:28:00,2025-11-10 20:34:00,M,50+,office,seoul,0,0,0,0,20,0,0,27,1,1,completed
15845,U5846,2025-06-23 16:10:00,2025-06-23 16:17:00,M,30~39,office,seoul,0,0,0,0,25,0,0,42,1,0,completed
15846,U5847,2025-04-29 16:36:00,2025-04-29 16:43:00,F,20~29,office,seoul,0,0,0,0,0,0,0,75,0,0,completed
15847,U5848,2025-09-20 15:39:00,2025-09-20 15:43:00,M,20~29,office,seoul,1,0,0,0,6,0,0,57,0,0,abandoned
15848,U5849,2025-01-10 09:18:00,2025-01-10 09:24:00,M,50+,office,seoul,0,0,0,0,27,0,0,39,0,0,completed
15849,U5850,2025-01-22 18:40:00,2025-01-22 18:42:00,F,20~29,office,seoul,0,0,0,0,22,0,0,10,0,0,completed
15850,U5851,2025-06-26 14:15:00,2025-06-26 14:17:00,F,40~49,office,seoul,0,0,0,0,12,0,0,65,0,0,completed
15851,U5852,2025-09-03 15:41:00,2025-09-03 15:45:00,F,30~39,office,seoul,0,0,0,0,28,0,0,52,0,0,completed
15852,U5853,2025-10-29 07:03:00,2025-10-29 07:09:00,M,20~29,office,seoul,0,0,0,0,9,0,0,76,0,0,completed
15853,U5854,2025-08-09 15:22:00,2025-08-09 15:26:00,F,30~39,office,seoul,1,0,0,0,25,0,0,53,0,0,completed
15854,U5855,2025-03-03 18:20:00,2025-03-03 18:25:00,M,20~29,office,seoul,0,0,0,0,24,0,0,51,0,0,abandoned
15855,U5856,2025-03-26 08:02:00,2025-03-26 08:08:00,F,20~29,office,seoul,0,0,0,0,12,0,0,14,0,0,completed
15856,U5857,2025-09-23 14:26:00,2025-09-23 14:28:00,F,30~39,office,seoul,0,0,0,0,25,0,0,18,0,0,completed
15857,U5858,2025-06-19 09:41:00,2025-06-19 09:47:00,M,50+,office,seoul,0,0,0,0,5,0,0,71,0,0,completed
15858,U5859,2025-12-23 14:03:00,2025-12-23 14:08:00,F,30~39,office,seoul,0,0,0,0,29,0,0,41,0,0,completed
15859,U5860,2025-03-23 07:24:00,2025-03-23 07:30:00,F,30~39,office,seoul,1,0,0,0,5,0,0,16,0,0,completed
15860,U5861,2025-12-15 09:34:00,2025-12-15 09:40:00,F,20~29,office,seoul,0,0,0,0,14,0,0,73,0,0,completed
15861,U5862,2025-03-30 09:59:00,2025-03-30 10:06:00,F,30~39,office,seoul,1,0,0,0,5,0,0,13,0,0,completed
15862,U5863,2025-01-15 19:32:00,2025-01-15 19:34:00,F,30~39,office,seoul,0,0,0,0,5,0,0,51,0,0,completed
15863,U5864,2025-03-13 17:43:00,2025-03-13 17:45:00,F,30~39,office,seoul,0,0,0,0,11,0,0,51,0,0,completed
15864,U5865,2025-06-22 12:24:00,2025-06-22 12:26:00,M,20~29,office,seoul,1,0,0,0,18,0,0,56,0,0,completed
15865,U5866,2025-05-16 09:28:00,2025-05-16 09:35:00,F,30~39,office,seoul,0,0,0,0,26,0,0,68,0,0,abandoned
15866,U5867,2025-05-01 15:37:00,2025-05-01 15:44:00,M,30~39,office,seoul,0,0,0,0,15,0,0,45,0,0,completed
15867,U5868,2025-06-15 09:58:00,2025-06-15 10:05:00,M,20~29,office,seoul,1,0,0,0,10,0,0,23,0,0,completed
15868,U5869,2025-11-19 15:14:00,2025-11-19 15:16:00,F,40~49,office,seoul,0,0,0,0,13,0,0,78,0,0,completed
15869,U5870,2025-11-21 08:10:00,2025-11-21 08:12:00,M,20~29,office,seoul,0,0,0,0,10,0,0,55,0,0,error
15870,U5871,2025-06-24 17:13:00,2025-06-24 17:18:00,F,20~29,office,seoul,0,0,0,0,24,0,0,34,0,0,completed
15871,U5872,2025-09-22 15:21:00,2025-09-22 15:23:00,F,50+,office,seoul,0,0,0,0,8,0,0,38,0,0,completed
15872,U5873,2025-07-12 20:59:00,2025-07-12 21:03:00,M,20~29,office,seoul,1,0,0,0,17,0,0,14,0,0,completed
15873,U5874,2025-07-10 13:46:00,2025-07-10 13:53:00,F,40~49,office,seoul,0,0,0,0,14,0,0,11,0,0,timeout
15874,U5875,2025-12-23 17:57:00,2025-12-23 17:59:00,F,20~29,office,seoul,0,0,0,0,16,0,0,34,0,0,completed
15875,U5876,2025-04-30 09:57:00,2025-04-30 09:59:00,M,20~29,office,seoul,0,0,0,0,21,0,0,61,0,0,completed
15876,U5877,2025-06-05 08:22:00,2025-06-05 08:29:00,M,20~29,office,seoul,0,0,0,0,11,0,0,36,0,0,completed
15877,U5878,2025-08-18 09:13:00,2025-08-18 09:17:00,F,50+,office,seoul,0,0,0,0,22,0,0,65,0,0,completed
15878,U5879,2025-01-05 15:27:00,2025-01-05 15:30:00,F,20~29,office,seoul,1,0,0,0,8,0,0,27,0,0,abandoned
15879,U5880,2025-09-29 19:27:00,2025-09-29 19:33:00,F,30~39,office,seoul,0,0,0,0,16,0,0,50,0,0,completed
15880,U5881,2025-12-30 15:06:00,2025-12-30 15:12:00,F,20~29,office,seoul,0,0,0,0,26,0,0,30,0,0,completed
15881,U5882,2025-12-21 15:48:00,2025-12-21 15:51:00,F,40~49,office,seoul,1,0,0,0,5,0,0,19,0,0,completed
15882,U5883,2025-03-04 07:39:00,2025-03-04 07:42:00,F,20~29,office,seoul,0,0,0,0,27,0,0,12,1,0,completed
15883,U5884,2025-09-12 16:21:00,2025-09-12 16:27:00,M,30~39,office,seoul,0,0,0,0,26,0,0,39,0,0,abandoned
15884,U5885,2025-10-25 18:06:00,2025-10-25 18:08:00,F,40~49,office,seoul,1,0,0,0,21,0,0,47,0,0,completed
15885,U5886,2025-12-25 16:29:00,2025-12-25 16:35:00,F,50+,office,seoul,0,0,0,0,10,0,0,70,0,0,completed
15886,U5887,2025-09-08 13:08:00,2025-09-08 13:11:00,M,40~49,office,seoul,0,0,0,0,22,0,0,15,0,0,completed
15887,U5888,2025-08-21 08:26:00,2025-08-21 08:30:00,M,20~29,office,seoul,0,0,0,0,18,0,0,21,0,0,completed
15888,U5889,2025-01-18 14:31:00,2025-01-18 14:38:00,M,30~39,office,seoul,1,0,0,0,19,0,0,28,0,0,completed
15889,U5890,2025-10-21 14:08:00,2025-10-21 14:11:00,F,30~39,office,seoul,0,0,0,0,14,0,0,13,0,0,completed
15890,U5891,2025-03-24 17:39:00,2025-03-24 17:41:00,M,30~39,office,seoul,0,0,0,0,17,0,0,62,0,0,completed
15891,U5892,2025-03-04 11:39:00,2025-03-04 11:45:00,M,50+,office,seoul,0,0,0,0,8,0,0,41,0,1,completed
15892,U5893,2025-04-04 14:14:00,2025-04-04 14:20:00,M,40~49,office,seoul,0,0,0,0,12,0,0,14,0,0,completed
15893,U5894,2025-04-29 20:55:00,2025-04-29 21:02:00,F,30~39,office,seoul,0,0,0,0,9,0,0,15,0,0,completed
15894,U5895,2025-10-30 08:56:00,2025-10-30 08:59:00,M,40~49,office,seoul,0,0,0,0,27,0,0,23,0,0,completed
15895,U5896,2025-11-09 16:19:00,2025-11-09 16:22:00,M,50+,office,seoul,1,0,0,0,14,0,0,55,0,0,completed
15896,U5897,2025-09-24 18:08:00,2025-09-24 18:11:00,M,50+,office,seoul,0,0,0,0,5,0,0,77,0,1,completed
15897,U5898,2025-03-24 14:50:00,2025-03-24 14:57:00,F,30~39,office,seoul,0,0,0,0,14,0,0,35,0,0,completed
15898,U5899,2025-02-07 09:34:00,2025-02-07 09:36:00,M,50+,office,seoul,0,0,0,0,2,0,0,24,0,0,completed
15899,U5900,2025-01-04 13:23:00,2025-01-04 13:29:00,F,30~39,office,seoul,1,0,0,0,1,0,0,62,0,0,completed
15900,U5901,2025-09-04 07:43:00,2025-09-04 07:47:00,M,40~49,office,seoul,0,0,0,0,4,0,0,75,0,0,completed
15901,U5902,2025-08-22 19:05:00,2025-08-22 19:11:00,M,50+,office,seoul,0,0,0,0,26,0,0,78,0,0,abandoned
15902,U5903,2025-07-25 09:54:00,2025-07-25 10:00:00,F,20~29,office,seoul,0,0,0,0,0,0,0,54,0,0,completed
15903,U5904,2025-12-31 09:53:00,2025-12-31 09:56:00,F,20~29,office,seoul,0,0,0,0,0,0,0,58,0,0,completed
15904,U5905,2025-12-04 13:49:00,2025-12-04 13:55:00,M,20~29,office,seoul,0,0,0,0,4,0,0,53,0,0,completed
15905,U5906,2025-09-22 18:06:00,2025-09-22 18:08:00,M,50+,office,seoul,0,0,0,0,3,0,0,75,0,0,abandoned
15906,U5907,2025-05-01 17:45:00,2025-05-01 17:49:00,M,30~39,office,seoul,0,0,0,0,9,0,0,59,0,0,completed
15907,U5908,2025-03-09 12:54:00,2025-03-09 13:01:00,M,40~49,office,seoul,1,0,0,0,21,0,0,51,0,0,completed
15908,U5909,2025-07-26 20:23:00,2025-07-26 20:27:00,M,50+,office,seoul,1,0,0,0,11,0,0,76,0,0,completed
15909,U5910,2025-01-05 21:57:00,2025-01-05 22:03:00,F,40~49,office,seoul,1,0,0,0,22,0,0,69,0,0,completed
15910,U5911,2025-07-10 09:35:00,2025-07-10 09:41:00,F,20~29,office,seoul,0,0,0,0,2,0,0,64,0,0,completed
15911,U5912,2025-06-10 17:37:00,2025-06-10 17:44:00,M,40~49,office,seoul,0,0,0,0,4,0,0,59,0,0,completed
15912,U5913,2025-09-20 13:25:00,2025-09-20 13:31:00,F,50+,office,seoul,1,0,0,0,14,0,0,76,0,0,completed
15913,U5914,2025-09-29 11:01:00,2025-09-29 11:03:00,F,20~29,office,seoul,0,0,0,0,7,0,0,39,0,0,completed
15914,U5915,2025-02-15 09:20:00,2025-02-15 09:24:00,M,30~39,office,seoul,1,0,0,0,14,0,0,41,0,0,completed
15915,U5916,2025-03-28 17:10:00,2025-03-28 17:15:00,M,30~39,office,seoul,0,0,0,0,15,0,0,53,0,0,completed
15916,U5917,2025-11-16 15:48:00,2025-11-16 15:53:00,F,20~29,office,seoul,1,0,0,0,28,0,0,76,0,0,completed
15917,U5918,2025-04-02 09:03:00,2025-04-02 09:06:00,M,20~29,office,seoul,0,0,0,0,12,0,0,49,0,0,completed
15918,U5919,2025-05-16 15:05:00,2025-05-16 15:07:00,F,40~49,office,seoul,0,0,0,0,17,0,0,10,0,0,completed
15919,U5920,2025-03-25 12:33:00,2025-03-25 12:36:00,F,20~29,office,seoul,0,0,0,0,14,0,0,49,0,0,completed
15920,U5921,2025-02-24 15:33:00,2025-02-24 15:38:00,M,30~39,office,seoul,0,0,0,0,24,0,0,33,0,0,completed
15921,U5922,2025-01-23 09:03:00,2025-01-23 09:07:00,F,40~49,office,seoul,0,0,0,0,1,0,0,75,0,0,completed
15922,U5923,2025-01-28 12:20:00,2025-01-28 12:26:00,M,30~39,office,seoul,0,0,0,0,14,0,0,19,0,0,completed
15923,U5924,2025-02-13 15:52:00,2025-02-13 15:59:00,M,50+,office,seoul,0,0,0,0,27,0,0,60,0,0,abandoned
15924,U5925,2025-06-23 16:06:00,2025-06-23 16:09:00,F,40~49,office,seoul,0,0,0,0,12,0,0,57,0,0,completed
15925,U5926,2025-05-06 11:28:00,2025-05-06 11:34:00,M,40~49,office,seoul,0,0,0,0,29,0,0,77,0,0,completed
15926,U5927,2025-01-22 07:27:00,2025-01-22 07:29:00,M,20~29,office,seoul,0,0,0,0,13,0,0,29,0,0,completed
15927,U5928,2025-09-10 18:38:00,2025-09-10 18:45:00,M,20~29,office,seoul,0,0,0,0,14,0,0,30,0,0,completed
15928,U5929,2025-06-29 17:31:00,2025-06-29 17:34:00,M,20~29,office,seoul,1,0,0,0,27,0,0,21,0,0,completed
15929,U5930,2025-08-23 07:45:00,2025-08-23 07:51:00,M,20~29,office,seoul,1,0,0,0,24,0,0,65,1,0,completed
15930,U5931,2025-09-30 13:39:00,2025-09-30 13:44:00,F,40~49,office,seoul,0,0,0,0,1,0,0,39,0,0,completed
15931,U5932,2025-08-06 17:51:00,2025-08-06 17:53:00,M,50+,office,seoul,0,0,0,0,4,0,0,23,0,0,completed
15932,U5933,2025-02-26 11:05:00,2025-02-26 11:08:00,F,30~39,office,seoul,0,0,0,0,13,0,0,28,0,0,completed
15933,U5934,2025-12-25 14:17:00,2025-12-25 14:20:00,M,20~29,office,seoul,0,0,0,0,4,0,0,19,0,0,completed
15934,U5935,2025-07-26 18:14:00,2025-07-26 18:19:00,M,40~49,office,seoul,1,0,0,0,23,0,0,11,0,0,completed
15935,U5936,2025-02-19 08:50:00,2025-02-19 08:56:00,F,30~39,office,seoul,0,0,0,0,24,0,0,67,0,0,completed
15936,U5937,2025-05-16 21:45:00,2025-05-16 21:50:00,F,30~39,office,seoul,0,0,0,0,28,0,0,60,0,0,completed
15937,U5938,2025-01-29 18:27:00,2025-01-29 18:29:00,M,30~39,office,seoul,0,0,0,0,18,0,0,12,0,0,completed
15938,U5939,2025-12-06 11:24:00,2025-12-06 11:30:00,M,30~39,office,seoul,1,0,0,0,26,0,0,37,0,0,completed
15939,U5940,2025-07-27 12:11:00,2025-07-27 12:15:00,M,20~29,office,seoul,1,0,0,0,3,0,0,39,0,0,completed
15940,U5941,2025-11-29 13:30:00,2025-11-29 13:36:00,M,20~29,office,seoul,1,0,0,0,10,0,0,18,0,0,error
15941,U5942,2025-08-29 20:04:00,2025-08-29 20:08:00,F,30~39,office,seoul,0,0,0,0,25,0,0,72,0,0,completed
15942,U5943,2025-07-14 08:56:00,2025-07-14 09:02:00,F,20~29,office,seoul,0,0,0,0,16,0,0,56,0,0,completed
15943,U5944,2025-07-24 11:21:00,2025-07-24 11:23:00,F,40~49,office,seoul,0,0,0,0,11,0,0,42,1,0,completed
15944,U5945,2025-12-28 11:42:00,2025-12-28 11:46:00,M,40~49,office,seoul,1,0,0,0,3,0,0,25,0,0,completed
15945,U5946,2025-05-04 19:20:00,2025-05-04 19:27:00,F,20~29,office,seoul,1,0,0,0,9,0,0,66,0,0,completed
15946,U5947,2025-06-06 20:24:00,2025-06-06 20:29:00,F,40~49,office,seoul,0,0,0,0,22,0,0,66,1,0,completed
15947,U5948,2025-01-20 19:27:00,2025-01-20 19:34:00,F,30~39,office,seoul,0,0,0,0,15,0,0,74,0,0,completed
15948,U5949,2025-07-31 08:49:00,2025-07-31 08:56:00,M,20~29,office,seoul,0,0,0,0,12,0,0,38,0,0,completed
15949,U5950,2025-06-01 13:09:00,2025-06-01 13:15:00,F,20~29,office,seoul,1,0,0,0,23,0,0,65,0,0,abandoned
15950,U5951,2025-10-31 11:05:00,2025-10-31 11:11:00,M,50+,office,seoul,0,0,0,0,10,0,0,16,0,0,abandoned
15951,U5952,2025-12-16 16:40:00,2025-12-16 16:43:00,F,30~39,office,seoul,0,0,0,0,22,0,0,13,0,0,completed
15952,U5953,2025-01-21 16:11:00,2025-01-21 16:13:00,M,20~29,office,seoul,0,0,0,0,24,0,0,68,0,0,completed
15953,U5954,2025-03-14 11:46:00,2025-03-14 11:52:00,M,40~49,office,seoul,0,0,0,0,6,0,0,23,0,0,completed
15954,U5955,2025-03-27 17:18:00,2025-03-27 17:22:00,F,20~29,office,seoul,0,0,0,0,15,0,0,49,0,0,completed
15955,U5956,2025-05-27 15:07:00,2025-05-27 15:10:00,M,20~29,office,seoul,0,0,0,0,14,0,0,66,0,0,completed
15956,U5957,2025-12-20 13:36:00,2025-12-20 13:38:00,F,20~29,office,seoul,1,0,0,0,26,0,0,15,0,0,completed
15957,U5958,2025-06-29 09:18:00,2025-06-29 09:23:00,M,30~39,office,seoul,1,0,0,0,27,0,0,69,0,1,completed
15958,U5959,2025-03-27 18:54:00,2025-03-27 18:56:00,F,50+,office,seoul,0,0,0,0,19,0,0,29,0,0,completed
15959,U5960,2025-08-12 14:24:00,2025-08-12 14:28:00,F,20~29,office,seoul,0,0,0,0,1,0,0,47,0,0,completed
15960,U5961,2025-01-15 07:35:00,2025-01-15 07:37:00,F,20~29,office,seoul,0,0,0,0,24,0,0,56,0,0,completed
15961,U5962,2025-01-15 19:09:00,2025-01-15 19:12:00,F,50+,office,seoul,0,0,0,0,24,0,0,71,0,0,timeout
15962,U5963,2025-06-14 15:40:00,2025-06-14 15:47:00,F,20~29,office,seoul,1,0,0,0,4,0,0,18,0,0,completed
15963,U5964,2025-06-30 08:03:00,2025-06-30 08:07:00,M,40~49,office,seoul,0,0,0,0,1,0,0,78,0,0,completed
15964,U5965,2025-05-02 08:41:00,2025-05-02 08:48:00,F,30~39,office,seoul,0,0,0,0,21,0,0,29,0,0,completed
15965,U5966,2025-02-09 15:57:00,2025-02-09 16:01:00,F,20~29,office,seoul,1,0,0,0,20,0,0,73,0,0,completed
15966,U5967,2025-09-22 19:10:00,2025-09-22 19:12:00,M,30~39,office,seoul,0,0,0,0,27,0,0,31,0,0,completed
15967,U5968,2025-01-06 17:57:00,2025-01-06 18:02:00,F,30~39,office,seoul,0,0,0,0,21,0,0,31,0,0,abandoned
15968,U5969,2025-06-04 12:33:00,2025-06-04 12:35:00,M,40~49,office,seoul,0,0,0,0,7,0,0,48,0,0,completed
15969,U5970,2025-08-03 08:50:00,2025-08-03 08:54:00,F,50+,office,seoul,1,0,0,0,29,0,0,56,0,0,completed
15970,U5971,2025-01-19 08:01:00,2025-01-19 08:04:00,F,20~29,office,seoul,1,0,0,0,7,0,0,56,0,0,completed
15971,U5972,2025-05-29 12:14:00,2025-05-29 12:17:00,F,20~29,office,seoul,0,0,0,0,19,0,0,23,0,0,completed
15972,U5973,2025-03-31 08:15:00,2025-03-31 08:21:00,F,20~29,office,seoul,0,0,0,0,17,0,0,11,0,0,abandoned
15973,U5974,2025-10-11 18:31:00,2025-10-11 18:36:00,F,30~39,office,seoul,1,0,0,0,21,0,0,25,0,0,timeout
15974,U5975,2025-06-19 07:38:00,2025-06-19 07:42:00,M,50+,office,seoul,0,0,0,0,6,0,0,56,0,0,completed
15975,U5976,2025-08-06 17:21:00,2025-08-06 17:28:00,M,50+,office,seoul,0,0,0,0,8,0,0,29,0,0,completed
15976,U5977,2025-10-27 12:53:00,2025-10-27 12:58:00,F,40~49,office,seoul,0,0,0,0,18,0,0,40,0,0,completed
15977,U5978,2025-08-04 17:45:00,2025-08-04 17:51:00,F,30~39,office,seoul,0,0,0,0,15,0,0,74,0,0,completed
15978,U5979,2025-04-24 14:29:00,2025-04-24 14:33:00,F,40~49,office,seoul,0,0,0,0,29,0,0,19,0,0,completed
15979,U5980,2025-05-08 18:26:00,2025-05-08 18:29:00,F,40~49,office,seoul,0,0,0,0,5,0,0,36,0,0,abandoned
15980,U5981,2025-07-30 12:47:00,2025-07-30 12:51:00,M,40~49,office,seoul,0,0,0,0,6,0,0,71,0,0,abandoned
15981,U5982,2025-07-28 19:24:00,2025-07-28 19:26:00,F,20~29,office,seoul,0,0,0,0,19,0,0,47,0,0,error
15982,U5983,2025-01-27 12:08:00,2025-01-27 12:14:00,M,30~39,office,seoul,0,0,0,0,5,0,0,74,0,0,completed
15983,U5984,2025-07-19 08:48:00,2025-07-19 08:53:00,M,20~29,office,seoul,1,0,0,0,18,0,0,62,0,0,completed
15984,U5985,2025-02-08 16:56:00,2025-02-08 17:00:00,M,40~49,office,seoul,1,0,0,0,2,0,0,33,0,0,abandoned
15985,U5986,2025-04-22 12:04:00,2025-04-22 12:07:00,M,40~49,office,seoul,0,0,0,0,3,0,0,39,0,1,completed
15986,U5987,2025-07-04 14:05:00,2025-07-04 14:12:00,F,40~49,office,seoul,0,0,0,0,6,0,0,17,0,0,completed
15987,U5988,2025-03-25 17:11:00,2025-03-25 17:14:00,M,30~39,office,seoul,0,0,0,0,9,0,0,27,0,0,completed
15988,U5989,2025-02-07 12:07:00,2025-02-07 12:14:00,F,30~39,office,seoul,0,0,0,0,7,0,0,69,0,0,completed
15989,U5990,2025-12-06 12:38:00,2025-12-06 12:41:00,F,30~39,office,seoul,1,0,0,0,18,0,0,32,0,0,completed
15990,U5991,2025-04-30 09:53:00,2025-04-30 09:55:00,F,30~39,office,seoul,0,0,0,0,16,0,0,52,0,0,completed
15991,U5992,2025-03-19 16:48:00,2025-03-19 16:50:00,F,50+,office,seoul,0,0,0,0,15,0,0,46,0,0,completed
15992,U5993,2025-06-10 13:02:00,2025-06-10 13:04:00,M,20~29,office,seoul,0,0,0,0,10,0,0,56,0,0,completed
15993,U5994,2025-04-28 09:38:00,2025-04-28 09:43:00,M,20~29,office,seoul,0,0,0,0,29,0,0,18,0,0,abandoned
15994,U5995,2025-11-27 07:53:00,2025-11-27 07:55:00,F,40~49,office,seoul,0,0,0,0,14,0,0,60,0,0,completed
15995,U5996,2025-01-22 17:49:00,2025-01-22 17:53:00,M,20~29,office,seoul,0,0,0,0,10,0,0,70,0,0,completed
15996,U5997,2025-05-03 11:46:00,2025-05-03 11:52:00,F,40~49,office,seoul,1,0,0,0,1,0,0,65,0,0,completed
15997,U5998,2025-05-20 07:49:00,2025-05-20 07:55:00,F,20~29,office,seoul,0,0,0,0,0,0,0,70,0,0,completed
15998,U5999,2025-03-09 19:31:00,2025-03-09 19:36:00,F,50+,office,seoul,1,0,0,0,0,0,0,72,0,0,abandoned
15999,U6000,2025-11-19 12:17:00,2025-11-19 12:23:00,M,30~39,office,seoul,0,0,0,0,7,0,0,10,0,0,completed
16000,U6001,2025-02-13 08:19:00,2025-02-13 08:24:00,M,20~29,office,seoul,0,0,0,0,9,0,0,19,0,0,completed
16001,U6002,2025-02-03 14:43:00,2025-02-03 14:50:00,M,50+,office,seoul,0,0,0,0,8,0,0,63,0,0,completed
16002,U6003,2025-05-30 09:35:00,2025-05-30 09:40:00,F,30~39,office,seoul,0,0,0,0,29,0,0,71,0,0,completed
16003,U6004,2025-09-22 08:40:00,2025-09-22 08:46:00,M,20~29,office,seoul,0,0,0,0,0,0,0,10,0,0,completed
16004,U6005,2025-09-07 13:29:00,2025-09-07 13:33:00,M,30~39,office,seoul,1,0,0,0,2,0,0,30,0,0,completed
16005,U6006,2025-08-07 18:08:00,2025-08-07 18:12:00,F,40~49,office,seoul,0,0,0,0,9,0,0,36,1,0,completed
16006,U6007,2025-06-03 08:24:00,2025-06-03 08:29:00,M,30~39,office,seoul,0,0,0,0,23,0,0,16,0,0,completed
16007,U6008,2025-08-06 09:36:00,2025-08-06 09:40:00,M,20~29,office,seoul,0,0,0,0,22,0,0,28,0,0,completed
16008,U6009,2025-11-30 16:43:00,2025-11-30 16:49:00,F,30~39,office,seoul,1,0,0,0,5,0,0,43,0,0,completed
16009,U6010,2025-02-21 15:18:00,2025-02-21 15:22:00,F,30~39,office,seoul,0,0,0,0,27,0,0,20,0,0,completed
16010,U6011,2025-01-01 11:10:00,2025-01-01 11:17:00,F,20~29,office,seoul,0,0,0,0,9,0,0,60,0,0,completed
16011,U6012,2025-07-04 15:41:00,2025-07-04 15:46:00,F,50+,office,seoul,0,0,0,0,3,0,0,73,0,0,completed
16012,U6013,2025-10-11 14:53:00,2025-10-11 14:55:00,M,20~29,office,seoul,1,0,0,0,12,0,0,15,0,0,completed
16013,U6014,2025-09-03 18:10:00,2025-09-03 18:14:00,F,30~39,office,seoul,0,0,0,0,20,0,0,31,0,0,completed
16014,U6015,2025-03-04 20:04:00,2025-03-04 20:09:00,F,30~39,office,seoul,0,0,0,0,4,0,0,24,0,0,completed
16015,U6016,2025-08-18 09:59:00,2025-08-18 10:01:00,F,20~29,office,seoul,0,0,0,0,4,0,0,70,0,0,completed
16016,U6017,2025-02-05 09:02:00,2025-02-05 09:09:00,F,20~29,office,seoul,0,0,0,0,23,0,0,66,0,0,completed
16017,U6018,2025-06-25 21:29:00,2025-06-25 21:33:00,M,20~29,office,seoul,0,0,0,0,2,0,0,48,0,0,completed
16018,U6019,2025-02-03 08:18:00,2025-02-03 08:21:00,F,20~29,office,seoul,0,0,0,0,5,0,0,14,0,0,completed
16019,U6020,2025-03-11 19:57:00,2025-03-11 20:02:00,F,30~39,office,seoul,0,0,0,0,24,0,0,56,0,0,completed
16020,U6021,2025-09-08 13:49:00,2025-09-08 13:56:00,F,30~39,office,seoul,0,0,0,0,5,0,0,76,0,0,completed
16021,U6022,2025-09-18 17:40:00,2025-09-18 17:46:00,M,50+,office,seoul,0,0,0,0,7,0,0,36,0,0,completed
16022,U6023,2025-12-30 12:24:00,2025-12-30 12:30:00,F,40~49,office,seoul,0,0,0,0,21,0,0,33,0,0,completed
16023,U6024,2025-03-25 13:22:00,2025-03-25 13:29:00,F,50+,office,seoul,0,0,0,0,16,0,0,18,0,0,completed
16024,U6025,2025-10-31 22:07:00,2025-10-31 22:13:00,F,20~29,office,seoul,0,0,0,0,23,0,0,69,0,0,completed
16025,U6026,2025-07-01 09:36:00,2025-07-01 09:39:00,F,30~39,office,seoul,0,0,0,0,17,0,0,20,0,0,completed
16026,U6027,2025-12-24 20:49:00,2025-12-24 20:56:00,M,40~49,office,seoul,0,0,0,0,22,0,0,29,0,0,completed
16027,U6028,2025-10-31 08:13:00,2025-10-31 08:18:00,F,30~39,office,seoul,0,0,0,0,13,0,0,75,0,0,completed
16028,U6029,2025-09-11 12:07:00,2025-09-11 12:10:00,F,30~39,office,seoul,0,0,0,0,7,0,0,40,0,0,completed
16029,U6030,2025-11-26 16:19:00,2025-11-26 16:25:00,F,30~39,office,seoul,0,0,0,0,1,0,0,37,0,0,completed
16030,U6031,2025-09-17 16:58:00,2025-09-17 17:04:00,F,50+,office,seoul,0,0,0,0,4,0,0,20,1,0,completed
16031,U6032,2025-08-24 09:15:00,2025-08-24 09:19:00,F,20~29,office,seoul,1,0,0,0,15,0,0,11,0,0,completed
16032,U6033,2025-10-20 09:39:00,2025-10-20 09:42:00,M,20~29,office,seoul,0,0,0,0,21,0,0,60,0,0,completed
16033,U6034,2025-01-05 14:19:00,2025-01-05 14:21:00,F,20~29,office,seoul,1,0,0,0,27,0,0,79,0,0,completed
16034,U6035,2025-10-08 15:57:00,2025-10-08 15:59:00,M,30~39,office,seoul,0,0,0,0,5,0,0,66,0,0,completed
16035,U6036,2025-10-16 08:24:00,2025-10-16 08:26:00,F,30~39,office,seoul,0,0,0,0,15,0,0,48,0,0,completed
16036,U6037,2025-03-22 21:09:00,2025-03-22 21:11:00,F,20~29,office,seoul,1,0,0,0,16,0,0,41,0,0,completed
16037,U6038,2025-12-09 17:23:00,2025-12-09 17:27:00,F,40~49,office,seoul,0,0,0,0,13,0,0,19,0,0,completed
16038,U6039,2025-11-02 22:27:00,2025-11-02 22:31:00,F,40~49,office,seoul,1,0,0,0,26,0,0,59,1,0,error
16039,U6040,2025-05-29 15:45:00,2025-05-29 15:49:00,M,40~49,office,seoul,0,0,0,0,17,0,0,11,0,0,completed
16040,U6041,2025-05-22 09:06:00,2025-05-22 09:11:00,M,20~29,office,seoul,0,0,0,0,8,0,0,47,0,0,completed
16041,U6042,2025-06-25 16:58:00,2025-06-25 17:01:00,F,30~39,office,seoul,0,0,0,0,17,0,0,22,0,0,completed
16042,U6043,2025-08-20 15:06:00,2025-08-20 15:11:00,M,50+,office,seoul,0,0,0,0,7,0,0,59,0,0,completed
16043,U6044,2025-05-28 14:24:00,2025-05-28 14:29:00,M,20~29,office,seoul,0,0,0,0,4,0,0,43,0,0,timeout
16044,U6045,2025-07-23 09:24:00,2025-07-23 09:29:00,M,20~29,office,seoul,0,0,0,0,29,0,0,24,0,0,completed
16045,U6046,2025-03-20 13:59:00,2025-03-20 14:01:00,F,50+,office,seoul,0,0,0,0,15,0,0,49,1,0,completed
16046,U6047,2025-02-23 09:04:00,2025-02-23 09:11:00,F,30~39,office,seoul,1,0,0,0,24,0,0,27,0,0,completed
16047,U6048,2025-01-31 18:59:00,2025-01-31 19:04:00,F,40~49,office,seoul,0,0,0,0,16,0,0,72,0,0,completed
16048,U6049,2025-06-19 22:44:00,2025-06-19 22:46:00,M,20~29,office,seoul,0,0,0,0,1,0,0,66,0,0,completed
16049,U6050,2025-05-05 12:13:00,2025-05-05 12:15:00,F,30~39,office,seoul,0,0,0,0,11,0,0,20,1,0,completed
16050,U6051,2025-06-26 09:43:00,2025-06-26 09:45:00,F,50+,office,seoul,0,0,0,0,1,0,0,22,0,0,completed
16051,U6052,2025-12-23 15:25:00,2025-12-23 15:28:00,M,40~49,office,seoul,0,0,0,0,13,0,0,59,0,0,completed
16052,U6053,2025-08-06 14:18:00,2025-08-06 14:20:00,F,20~29,office,seoul,0,0,0,0,18,0,0,70,0,0,completed
16053,U6054,2025-08-17 16:18:00,2025-08-17 16:20:00,F,50+,office,seoul,1,0,0,0,21,0,0,42,0,0,completed
16054,U6055,2025-06-21 18:44:00,2025-06-21 18:50:00,F,40~49,office,seoul,1,0,0,0,28,0,0,57,0,0,completed
16055,U6056,2025-07-30 12:48:00,2025-07-30 12:50:00,M,20~29,office,seoul,0,0,0,0,6,0,0,30,0,0,abandoned
16056,U6057,2025-04-28 16:41:00,2025-04-28 16:43:00,M,20~29,office,seoul,0,0,0,0,24,0,0,13,0,0,completed
16057,U6058,2025-07-23 18:11:00,2025-07-23 18:17:00,F,20~29,office,seoul,0,0,0,0,1,0,0,40,0,0,completed
16058,U6059,2025-04-27 16:57:00,2025-04-27 17:04:00,F,30~39,office,seoul,1,0,0,0,13,0,0,51,0,0,completed
16059,U6060,2025-04-05 08:54:00,2025-04-05 08:58:00,M,20~29,office,seoul,1,0,0,0,16,0,0,54,0,0,abandoned
16060,U6061,2025-09-22 11:53:00,2025-09-22 11:59:00,F,50+,office,seoul,0,0,0,0,3,0,0,29,0,0,completed
16061,U6062,2025-03-31 19:24:00,2025-03-31 19:26:00,F,40~49,office,seoul,0,0,0,0,23,0,0,26,0,0,completed
16062,U6063,2025-06-20 15:59:00,2025-06-20 16:02:00,F,20~29,office,seoul,0,0,0,0,10,0,0,16,0,0,completed
16063,U6064,2025-11-29 12:21:00,2025-11-29 12:25:00,M,30~39,office,seoul,1,0,0,0,3,0,0,53,0,0,completed
16064,U6065,2025-08-02 15:26:00,2025-08-02 15:32:00,M,30~39,office,seoul,1,0,0,0,0,0,0,33,0,0,completed
16065,U6066,2025-05-14 11:44:00,2025-05-14 11:47:00,F,20~29,office,seoul,0,0,0,0,10,0,0,58,0,0,completed
16066,U6067,2025-03-16 13:25:00,2025-03-16 13:29:00,M,30~39,office,seoul,1,0,0,0,23,0,0,29,0,0,completed
16067,U6068,2025-06-27 11:50:00,2025-06-27 11:53:00,F,50+,office,seoul,0,0,0,0,14,0,0,60,0,0,completed
16068,U6069,2025-02-13 12:41:00,2025-02-13 12:44:00,F,20~29,office,seoul,0,0,0,0,19,0,0,16,0,0,completed
16069,U6070,2025-02-21 08:56:00,2025-02-21 09:00:00,F,20~29,office,seoul,0,0,0,0,11,0,0,18,0,0,completed
16070,U6071,2025-05-05 18:08:00,2025-05-05 18:10:00,F,20~29,office,seoul,0,0,0,0,12,0,0,60,0,0,completed
16071,U6072,2025-11-11 16:47:00,2025-11-11 16:54:00,F,50+,office,seoul,0,0,0,0,2,0,0,33,1,0,timeout
16072,U6073,2025-06-20 22:36:00,2025-06-20 22:40:00,F,30~39,office,seoul,0,0,0,0,28,0,0,50,0,0,timeout
16073,U6074,2025-11-14 08:33:00,2025-11-14 08:35:00,F,20~29,office,seoul,0,0,0,0,19,0,0,17,0,0,completed
16074,U6075,2025-01-13 13:58:00,2025-01-13 14:01:00,M,20~29,office,seoul,0,0,0,0,20,0,0,75,0,0,completed
16075,U6076,2025-02-01 20:09:00,2025-02-01 20:12:00,F,30~39,office,seoul,1,0,0,0,22,0,0,35,0,0,completed
16076,U6077,2025-12-24 18:38:00,2025-12-24 18:40:00,F,20~29,office,seoul,0,0,0,0,16,0,0,64,0,0,abandoned
16077,U6078,2025-09-11 15:38:00,2025-09-11 15:42:00,M,20~29,office,seoul,0,0,0,0,11,0,0,69,0,0,completed
16078,U6079,2025-06-29 07:48:00,2025-06-29 07:52:00,M,40~49,office,seoul,1,0,0,0,0,0,0,73,0,0,completed
16079,U6080,2025-10-20 09:06:00,2025-10-20 09:08:00,F,20~29,office,seoul,0,0,0,0,7,0,0,27,0,0,completed
16080,U6081,2025-09-23 15:27:00,2025-09-23 15:34:00,F,50+,office,seoul,0,0,0,0,24,0,0,24,0,0,abandoned
16081,U6082,2025-12-24 11:28:00,2025-12-24 11:32:00,M,20~29,office,seoul,0,0,0,0,14,0,0,77,0,0,completed
16082,U6083,2025-02-16 13:21:00,2025-02-16 13:28:00,M,40~49,office,seoul,1,0,0,0,8,0,0,54,0,0,completed
16083,U6084,2025-09-17 15:44:00,2025-09-17 15:51:00,M,50+,office,seoul,0,0,0,0,2,0,0,44,0,0,completed
16084,U6085,2025-12-17 13:47:00,2025-12-17 13:53:00,M,30~39,office,seoul,0,0,0,0,21,0,0,24,0,0,completed
16085,U6086,2025-09-11 08:55:00,2025-09-11 08:59:00,F,50+,office,seoul,0,0,0,0,9,0,0,30,0,0,completed
16086,U6087,2025-06-22 07:00:00,2025-06-22 07:03:00,F,40~49,office,seoul,1,0,0,0,21,0,0,61,0,0,completed
16087,U6088,2025-05-23 14:18:00,2025-05-23 14:23:00,M,40~49,office,seoul,0,0,0,0,21,0,0,50,0,0,completed
16088,U6089,2025-09-30 19:12:00,2025-09-30 19:19:00,F,40~49,office,seoul,0,0,0,0,10,0,0,36,0,0,completed
16089,U6090,2025-07-18 08:02:00,2025-07-18 08:05:00,M,20~29,office,seoul,0,0,0,0,20,0,0,19,0,0,completed
16090,U6091,2025-09-08 19:16:00,2025-09-08 19:21:00,M,20~29,office,seoul,0,0,0,0,29,0,0,76,0,0,completed
16091,U6092,2025-06-21 20:04:00,2025-06-21 20:10:00,M,50+,office,seoul,1,0,0,0,9,0,0,70,1,0,completed
16092,U6093,2025-10-11 20:19:00,2025-10-11 20:24:00,F,20~29,office,seoul,1,0,0,0,3,0,0,52,0,0,abandoned
16093,U6094,2025-07-08 08:45:00,2025-07-08 08:52:00,F,50+,office,seoul,0,0,0,0,25,0,0,58,0,0,completed
16094,U6095,2025-08-27 14:06:00,2025-08-27 14:10:00,M,40~49,office,seoul,0,0,0,0,14,0,0,60,0,0,completed
16095,U6096,2025-01-02 07:48:00,2025-01-02 07:52:00,M,20~29,office,seoul,0,0,0,0,29,0,0,50,0,0,completed
16096,U6097,2025-05-16 12:33:00,2025-05-16 12:38:00,F,20~29,office,seoul,0,0,0,0,1,0,0,20,0,0,completed
16097,U6098,2025-03-15 17:58:00,2025-03-15 18:04:00,F,20~29,office,seoul,1,0,0,0,29,0,0,33,0,0,completed
16098,U6099,2025-07-05 11:57:00,2025-07-05 12:02:00,F,30~39,office,seoul,1,0,0,0,13,0,0,50,0,0,completed
16099,U6100,2025-07-12 09:22:00,2025-07-12 09:25:00,M,40~49,office,seoul,1,0,0,0,28,0,0,47,0,0,completed
16100,U6101,2025-04-20 17:01:00,2025-04-20 17:08:00,F,20~29,office,seoul,1,0,0,0,2,0,0,22,0,0,completed
16101,U6102,2025-04-24 16:26:00,2025-04-24 16:28:00,F,50+,office,seoul,0,0,0,0,20,0,0,31,0,0,completed
16102,U6103,2025-10-29 15:10:00,2025-10-29 15:14:00,M,20~29,office,seoul,0,0,0,0,5,0,0,40,0,0,completed
16103,U6104,2025-02-25 14:48:00,2025-02-25 14:54:00,F,50+,office,seoul,0,0,0,0,5,0,0,67,0,0,completed
16104,U6105,2025-10-15 09:14:00,2025-10-15 09:21:00,M,20~29,office,seoul,0,0,0,0,12,0,0,62,0,0,completed
16105,U6106,2025-08-14 13:40:00,2025-08-14 13:44:00,F,30~39,office,seoul,0,0,0,0,28,0,0,72,0,0,completed
16106,U6107,2025-09-18 08:47:00,2025-09-18 08:51:00,F,20~29,office,seoul,0,0,0,0,7,0,0,14,0,0,completed
16107,U6108,2025-03-27 09:04:00,2025-03-27 09:08:00,M,30~39,office,seoul,0,0,0,0,6,0,0,77,0,0,completed
16108,U6109,2025-11-25 13:30:00,2025-11-25 13:36:00,F,30~39,office,seoul,0,0,0,0,18,0,0,36,0,0,completed
16109,U6110,2025-07-03 17:02:00,2025-07-03 17:05:00,F,20~29,office,seoul,0,0,0,0,5,0,0,72,0,0,completed
16110,U6111,2025-03-11 16:27:00,2025-03-11 16:31:00,F,20~29,office,seoul,0,0,0,0,15,0,0,40,0,0,completed
16111,U6112,2025-06-18 17:18:00,2025-06-18 17:23:00,F,40~49,office,seoul,0,0,0,0,16,0,0,20,0,0,completed
16112,U6113,2025-09-05 07:38:00,2025-09-05 07:41:00,F,40~49,office,seoul,0,0,0,0,18,0,0,78,0,0,completed
16113,U6114,2025-05-23 16:58:00,2025-05-23 17:03:00,M,30~39,office,seoul,0,0,0,0,10,0,0,24,0,0,completed
16114,U6115,2025-05-12 08:45:00,2025-05-12 08:51:00,F,30~39,office,seoul,0,0,0,0,8,0,0,34,0,0,completed
16115,U6116,2025-07-12 15:47:00,2025-07-12 15:51:00,F,30~39,office,seoul,1,0,0,0,28,0,0,32,0,0,completed
16116,U6117,2025-11-20 13:57:00,2025-11-20 14:01:00,F,50+,office,seoul,0,0,0,0,16,0,0,61,0,0,completed
16117,U6118,2025-09-22 13:24:00,2025-09-22 13:30:00,F,40~49,office,seoul,0,0,0,0,14,0,0,68,0,0,completed
16118,U6119,2025-12-19 11:06:00,2025-12-19 11:11:00,M,40~49,office,seoul,0,0,0,0,4,0,0,79,0,0,completed
16119,U6120,2025-03-14 09:42:00,2025-03-14 09:45:00,F,20~29,office,seoul,0,0,0,0,6,0,0,53,0,0,completed
16120,U6121,2025-12-16 19:21:00,2025-12-16 19:25:00,F,30~39,office,seoul,0,0,0,0,0,0,0,45,0,0,abandoned
16121,U6122,2025-12-17 12:38:00,2025-12-17 12:41:00,F,50+,office,seoul,0,0,0,0,22,0,0,74,0,0,completed
16122,U6123,2025-04-22 20:26:00,2025-04-22 20:30:00,M,50+,office,seoul,0,0,0,0,8,0,0,73,0,0,completed
16123,U6124,2025-05-26 07:10:00,2025-05-26 07:14:00,M,20~29,office,seoul,0,0,0,0,19,0,0,14,0,0,completed
16124,U6125,2025-08-09 17:53:00,2025-08-09 17:57:00,F,20~29,office,seoul,1,0,0,0,9,0,0,52,0,0,completed
16125,U6126,2025-07-16 08:48:00,2025-07-16 08:51:00,F,20~29,office,seoul,0,0,0,0,5,0,0,28,0,0,completed
16126,U6127,2025-10-17 15:04:00,2025-10-17 15:07:00,F,50+,office,seoul,0,0,0,0,29,0,0,53,0,0,completed
16127,U6128,2025-08-14 22:37:00,2025-08-14 22:44:00,M,50+,office,seoul,0,0,0,0,12,0,0,44,0,0,timeout
16128,U6129,2025-10-19 11:40:00,2025-10-19 11:45:00,F,40~49,office,seoul,1,0,0,0,12,0,0,42,0,0,completed
16129,U6130,2025-07-28 19:35:00,2025-07-28 19:38:00,F,40~49,office,seoul,0,0,0,0,25,0,0,63,0,0,completed
16130,U6131,2025-06-01 22:50:00,2025-06-01 22:52:00,F,30~39,office,seoul,1,0,0,0,22,0,0,55,0,0,abandoned
16131,U6132,2025-04-13 08:49:00,2025-04-13 08:55:00,F,30~39,office,seoul,1,0,0,0,25,0,0,57,0,0,abandoned
16132,U6133,2025-11-01 09:03:00,2025-11-01 09:09:00,F,50+,office,seoul,1,0,0,0,28,0,0,79,0,0,completed
16133,U6134,2025-04-10 22:58:00,2025-04-10 23:03:00,M,50+,office,seoul,0,0,0,0,28,0,0,64,0,0,completed
16134,U6135,2025-02-06 09:32:00,2025-02-06 09:35:00,F,50+,office,seoul,0,0,0,0,17,0,0,10,0,1,completed
16135,U6136,2025-10-27 11:51:00,2025-10-27 11:57:00,F,30~39,office,seoul,0,0,0,0,26,0,0,63,0,0,completed
16136,U6137,2025-12-12 09:17:00,2025-12-12 09:20:00,F,50+,office,seoul,0,0,0,0,14,0,0,36,0,0,completed
16137,U6138,2025-01-20 19:50:00,2025-01-20 19:57:00,F,20~29,office,seoul,0,0,0,0,10,0,0,19,0,0,completed
16138,U6139,2025-08-15 08:05:00,2025-08-15 08:10:00,F,20~29,office,seoul,0,0,0,0,20,0,0,41,0,0,completed
16139,U6140,2025-08-12 21:33:00,2025-08-12 21:39:00,F,50+,office,seoul,0,0,0,0,6,0,0,75,0,0,completed
16140,U6141,2025-01-06 16:55:00,2025-01-06 17:01:00,F,30~39,office,seoul,0,0,0,0,19,0,0,42,0,0,completed
16141,U6142,2025-09-15 14:36:00,2025-09-15 14:40:00,F,50+,office,seoul,0,0,0,0,6,0,0,38,0,0,completed
16142,U6143,2025-04-23 13:37:00,2025-04-23 13:43:00,F,30~39,office,seoul,0,0,0,0,23,0,0,15,0,0,abandoned
16143,U6144,2025-03-15 12:11:00,2025-03-15 12:15:00,F,20~29,office,seoul,1,0,0,0,23,0,0,44,0,0,completed
16144,U6145,2025-04-19 14:49:00,2025-04-19 14:52:00,F,30~39,office,seoul,1,0,0,0,2,0,0,54,0,0,completed
16145,U6146,2025-02-26 12:58:00,2025-02-26 13:03:00,M,40~49,office,seoul,0,0,0,0,27,0,0,40,0,0,completed
16146,U6147,2025-02-18 16:55:00,2025-02-18 16:59:00,F,20~29,office,seoul,0,0,0,0,16,0,0,63,0,0,completed
16147,U6148,2025-08-23 12:49:00,2025-08-23 12:51:00,F,30~39,office,seoul,1,0,0,0,21,0,0,30,0,0,completed
16148,U6149,2025-05-25 21:56:00,2025-05-25 22:01:00,F,20~29,office,seoul,1,0,0,0,28,0,0,75,0,0,completed
16149,U6150,2025-04-20 08:36:00,2025-04-20 08:42:00,M,30~39,office,seoul,1,0,0,0,20,0,0,32,0,0,completed
16150,U6151,2025-09-14 08:44:00,2025-09-14 08:47:00,F,40~49,office,seoul,1,0,0,0,10,0,0,18,0,0,completed
16151,U6152,2025-12-01 16:23:00,2025-12-01 16:25:00,F,20~29,office,seoul,0,0,0,0,28,0,0,51,0,0,completed
16152,U6153,2025-05-03 15:23:00,2025-05-03 15:28:00,M,20~29,office,seoul,1,0,0,0,17,0,0,38,0,0,completed
16153,U6154,2025-10-23 07:01:00,2025-10-23 07:08:00,F,20~29,office,seoul,0,0,0,0,29,0,0,71,0,0,timeout
16154,U6155,2025-03-16 11:12:00,2025-03-16 11:17:00,M,50+,office,seoul,1,0,0,0,22,0,0,27,0,0,completed
16155,U6156,2025-11-11 12:35:00,2025-11-11 12:37:00,F,30~39,office,seoul,0,0,0,0,28,0,0,53,0,0,timeout
16156,U6157,2025-05-06 13:10:00,2025-05-06 13:13:00,F,20~29,office,seoul,0,0,0,0,27,0,0,54,0,0,completed
16157,U6158,2025-05-09 17:52:00,2025-05-09 17:57:00,F,20~29,office,seoul,0,0,0,0,19,0,0,61,0,0,completed
16158,U6159,2025-12-26 20:50:00,2025-12-26 20:52:00,F,30~39,office,seoul,0,0,0,0,27,0,0,52,0,0,completed
16159,U6160,2025-11-04 16:26:00,2025-11-04 16:33:00,F,30~39,office,seoul,0,0,0,0,27,0,0,26,0,0,completed
16160,U6161,2025-04-05 16:48:00,2025-04-05 16:54:00,M,20~29,office,seoul,1,0,0,0,10,0,0,16,0,0,completed
16161,U6162,2025-07-18 15:23:00,2025-07-18 15:26:00,F,30~39,office,seoul,0,0,0,0,28,0,0,77,0,0,completed
16162,U6163,2025-05-09 18:08:00,2025-05-09 18:12:00,M,20~29,office,seoul,0,0,0,0,29,0,0,29,0,0,completed
16163,U6164,2025-05-21 09:42:00,2025-05-21 09:44:00,F,20~29,office,seoul,0,0,0,0,1,0,0,19,0,0,completed
16164,U6165,2025-07-11 09:30:00,2025-07-11 09:33:00,F,30~39,office,seoul,0,0,0,0,6,0,0,65,0,0,completed
16165,U6166,2025-06-10 14:44:00,2025-06-10 14:46:00,M,30~39,office,seoul,0,0,0,0,10,0,0,24,0,0,completed
16166,U6167,2025-01-22 13:15:00,2025-01-22 13:19:00,M,20~29,office,seoul,0,0,0,0,21,0,0,62,0,0,completed
16167,U6168,2025-02-11 15:15:00,2025-02-11 15:19:00,M,20~29,office,seoul,0,0,0,0,2,0,0,66,0,0,completed
16168,U6169,2025-05-10 16:20:00,2025-05-10 16:25:00,F,50+,office,seoul,1,0,0,0,29,0,0,21,0,0,completed
16169,U6170,2025-11-21 11:26:00,2025-11-21 11:30:00,M,20~29,office,seoul,0,0,0,0,18,0,0,74,0,0,completed
16170,U6171,2025-06-28 11:40:00,2025-06-28 11:43:00,M,30~39,office,seoul,1,0,0,0,1,0,0,23,1,0,completed
16171,U6172,2025-10-10 08:11:00,2025-10-10 08:17:00,M,20~29,office,seoul,0,0,0,0,28,0,0,11,0,0,completed
16172,U6173,2025-02-18 17:45:00,2025-02-18 17:50:00,F,20~29,office,seoul,0,0,0,0,4,0,0,23,0,0,abandoned
16173,U6174,2025-05-25 15:41:00,2025-05-25 15:46:00,M,30~39,office,seoul,1,0,0,0,6,0,0,40,0,0,completed
16174,U6175,2025-05-13 07:35:00,2025-05-13 07:42:00,F,20~29,office,seoul,0,0,0,0,21,0,0,75,0,0,completed
16175,U6176,2025-08-24 16:56:00,2025-08-24 17:01:00,F,20~29,office,seoul,1,0,0,0,11,0,0,23,0,0,completed
16176,U6177,2025-11-03 18:19:00,2025-11-03 18:23:00,M,20~29,office,seoul,0,0,0,0,8,0,0,10,0,0,completed
16177,U6178,2025-08-15 18:58:00,2025-08-15 19:03:00,M,50+,office,seoul,0,0,0,0,22,0,0,34,0,0,completed
16178,U6179,2025-02-03 15:16:00,2025-02-03 15:20:00,F,50+,office,seoul,0,0,0,0,29,0,0,54,0,0,completed
16179,U6180,2025-02-28 12:14:00,2025-02-28 12:20:00,F,50+,office,seoul,0,0,0,0,5,0,0,55,0,0,completed
16180,U6181,2025-07-05 07:55:00,2025-07-05 07:57:00,F,50+,office,seoul,1,0,0,0,24,0,0,67,0,0,completed
16181,U6182,2025-09-08 15:32:00,2025-09-08 15:39:00,F,40~49,office,seoul,0,0,0,0,15,0,0,76,0,0,completed
16182,U6183,2025-05-29 16:42:00,2025-05-29 16:44:00,F,30~39,office,seoul,0,0,0,0,2,0,0,28,0,0,completed
16183,U6184,2025-01-01 15:43:00,2025-01-01 15:47:00,F,50+,office,seoul,0,0,0,0,24,0,0,76,0,0,completed
16184,U6185,2025-04-27 15:16:00,2025-04-27 15:19:00,F,20~29,office,seoul,1,0,0,0,26,0,0,54,0,0,completed
16185,U6186,2025-03-20 19:45:00,2025-03-20 19:52:00,M,30~39,office,seoul,0,0,0,0,19,0,0,19,0,0,abandoned
16186,U6187,2025-01-22 15:53:00,2025-01-22 15:55:00,F,40~49,office,seoul,0,0,0,0,9,0,0,74,0,0,completed
16187,U6188,2025-06-28 08:22:00,2025-06-28 08:28:00,F,40~49,office,seoul,1,0,0,0,17,0,0,33,1,0,completed
16188,U6189,2025-10-24 12:40:00,2025-10-24 12:46:00,M,20~29,office,seoul,0,0,0,0,18,0,0,36,0,0,completed
16189,U6190,2025-04-30 15:26:00,2025-04-30 15:31:00,F,20~29,office,seoul,0,0,0,0,3,0,0,72,0,0,completed
16190,U6191,2025-07-04 09:30:00,2025-07-04 09:32:00,F,30~39,office,seoul,0,0,0,0,29,0,0,33,0,0,completed
16191,U6192,2025-10-14 12:34:00,2025-10-14 12:38:00,M,20~29,office,seoul,0,0,0,0,22,0,0,67,0,0,completed
16192,U6193,2025-03-13 11:23:00,2025-03-13 11:28:00,M,40~49,office,seoul,0,0,0,0,20,0,0,28,0,0,completed
16193,U6194,2025-12-15 14:07:00,2025-12-15 14:09:00,F,30~39,office,seoul,0,0,0,0,23,0,0,26,0,0,completed
16194,U6195,2025-03-22 15:37:00,2025-03-22 15:44:00,F,20~29,office,seoul,1,0,0,0,24,0,0,13,0,0,completed
16195,U6196,2025-09-06 12:57:00,2025-09-06 13:03:00,M,30~39,office,seoul,1,0,0,0,29,0,0,18,0,0,completed
16196,U6197,2025-07-12 18:12:00,2025-07-12 18:18:00,M,20~29,office,seoul,1,0,0,0,14,0,0,44,0,0,completed
16197,U6198,2025-12-28 17:53:00,2025-12-28 17:57:00,F,50+,office,seoul,1,0,0,0,3,0,0,73,0,0,completed
16198,U6199,2025-09-07 21:23:00,2025-09-07 21:28:00,F,20~29,office,seoul,1,0,0,0,10,0,0,68,0,0,abandoned
16199,U6200,2025-05-05 20:57:00,2025-05-05 20:59:00,F,30~39,office,seoul,0,0,0,0,14,0,0,56,0,0,completed
16200,U6201,2025-10-30 15:17:00,2025-10-30 15:19:00,M,20~29,office,seoul,0,0,0,0,12,0,0,41,0,0,completed
16201,U6202,2025-07-23 08:03:00,2025-07-23 08:07:00,F,30~39,office,seoul,0,0,0,0,7,0,0,52,0,0,completed
16202,U6203,2025-08-13 15:26:00,2025-08-13 15:33:00,F,20~29,office,seoul,0,0,0,0,2,0,0,78,0,0,completed
16203,U6204,2025-05-26 19:42:00,2025-05-26 19:46:00,F,30~39,office,seoul,0,0,0,0,24,0,0,52,0,0,completed
16204,U6205,2025-04-11 15:08:00,2025-04-11 15:13:00,M,40~49,office,seoul,0,0,0,0,25,0,0,73,0,1,completed
16205,U6206,2025-12-26 14:26:00,2025-12-26 14:31:00,F,20~29,office,seoul,0,0,0,0,29,0,0,74,0,0,error
16206,U6207,2025-03-28 15:05:00,2025-03-28 15:10:00,F,40~49,office,seoul,0,0,0,0,7,0,0,58,0,0,completed
16207,U6208,2025-08-29 14:37:00,2025-08-29 14:39:00,F,30~39,office,seoul,0,0,0,0,17,0,0,15,0,0,completed
16208,U6209,2025-03-11 07:45:00,2025-03-11 07:50:00,F,30~39,office,seoul,0,0,0,0,28,0,0,45,0,0,completed
16209,U6210,2025-10-08 07:52:00,2025-10-08 07:57:00,F,40~49,office,seoul,0,0,0,0,26,0,0,60,0,0,completed
16210,U6211,2025-11-28 08:06:00,2025-11-28 08:09:00,F,50+,office,seoul,0,0,0,0,23,0,0,66,0,0,completed
16211,U6212,2025-12-19 13:25:00,2025-12-19 13:29:00,F,20~29,office,seoul,0,0,0,0,1,0,0,20,0,0,completed
16212,U6213,2025-04-30 11:22:00,2025-04-30 11:29:00,F,50+,office,seoul,0,0,0,0,19,0,0,38,0,0,completed
16213,U6214,2025-03-21 14:16:00,2025-03-21 14:21:00,F,40~49,office,seoul,0,0,0,0,25,0,0,50,0,0,completed
16214,U6215,2025-03-29 14:16:00,2025-03-29 14:19:00,M,50+,office,seoul,1,0,0,0,3,0,0,21,0,0,completed
16215,U6216,2025-10-14 14:39:00,2025-10-14 14:43:00,M,20~29,office,seoul,0,0,0,0,1,0,0,42,0,0,completed
16216,U6217,2025-03-26 13:25:00,2025-03-26 13:29:00,M,30~39,office,seoul,0,0,0,0,21,0,0,15,0,0,abandoned
16217,U6218,2025-02-18 14:11:00,2025-02-18 14:14:00,M,20~29,office,seoul,0,0,0,0,1,0,0,53,0,0,completed
16218,U6219,2025-06-13 09:29:00,2025-06-13 09:36:00,F,30~39,office,seoul,0,0,0,0,28,0,0,10,0,0,completed
16219,U6220,2025-01-17 20:01:00,2025-01-17 20:08:00,F,40~49,office,seoul,0,0,0,0,0,0,0,77,0,0,completed
16220,U6221,2025-03-03 09:33:00,2025-03-03 09:40:00,F,20~29,office,seoul,0,0,0,0,13,0,0,18,0,0,completed
16221,U6222,2025-09-29 07:46:00,2025-09-29 07:48:00,M,40~49,office,seoul,0,0,0,0,20,0,0,24,0,0,completed
16222,U6223,2025-07-15 19:32:00,2025-07-15 19:36:00,F,50+,office,seoul,0,0,0,0,26,0,0,33,0,0,completed
16223,U6224,2025-04-02 20:52:00,2025-04-02 20:57:00,F,50+,office,seoul,0,0,0,0,16,0,0,66,0,0,completed
16224,U6225,2025-09-14 12:21:00,2025-09-14 12:24:00,F,20~29,office,seoul,1,0,0,0,20,0,0,55,0,0,completed
16225,U6226,2025-02-25 16:49:00,2025-02-25 16:56:00,M,50+,office,seoul,0,0,0,0,17,0,0,49,0,0,completed
16226,U6227,2025-01-03 09:09:00,2025-01-03 09:13:00,F,50+,office,seoul,0,0,0,0,22,0,0,73,0,0,completed
16227,U6228,2025-02-15 12:31:00,2025-02-15 12:38:00,M,30~39,office,seoul,1,0,0,0,25,0,0,28,0,0,completed
16228,U6229,2025-03-25 14:48:00,2025-03-25 14:51:00,M,40~49,office,seoul,0,0,0,0,16,0,0,71,0,0,completed
16229,U6230,2025-11-06 16:20:00,2025-11-06 16:26:00,F,30~39,office,seoul,0,0,0,0,25,0,0,74,0,0,completed
16230,U6231,2025-05-13 19:21:00,2025-05-13 19:24:00,F,30~39,office,seoul,0,0,0,0,19,0,0,47,0,0,completed
16231,U6232,2025-09-27 15:00:00,2025-09-27 15:02:00,F,40~49,office,seoul,1,0,0,0,8,0,0,66,0,0,completed
16232,U6233,2025-12-30 18:40:00,2025-12-30 18:45:00,F,30~39,office,seoul,0,0,0,0,18,0,0,72,0,0,timeout
16233,U6234,2025-09-30 12:57:00,2025-09-30 13:02:00,M,30~39,office,seoul,0,0,0,0,22,0,0,29,0,0,completed
16234,U6235,2025-11-13 14:31:00,2025-11-13 14:38:00,F,20~29,office,seoul,0,0,0,0,3,0,0,64,0,0,completed
16235,U6236,2025-12-21 09:18:00,2025-12-21 09:21:00,M,20~29,office,seoul,1,0,0,0,8,0,0,64,0,0,completed
16236,U6237,2025-10-14 08:39:00,2025-10-14 08:43:00,M,30~39,office,seoul,0,0,0,0,14,0,0,75,0,0,completed
16237,U6238,2025-01-25 09:55:00,2025-01-25 10:02:00,F,50+,office,seoul,1,0,0,0,19,0,0,23,0,0,completed
16238,U6239,2025-01-01 11:16:00,2025-01-01 11:18:00,F,30~39,office,seoul,0,0,0,0,10,0,0,48,0,0,completed
16239,U6240,2025-02-21 11:37:00,2025-02-21 11:39:00,F,40~49,office,seoul,0,0,0,0,24,0,0,63,0,0,completed
16240,U6241,2025-07-26 13:54:00,2025-07-26 13:56:00,F,50+,office,seoul,1,0,0,0,6,0,0,35,0,1,completed
16241,U6242,2025-02-12 17:38:00,2025-02-12 17:44:00,F,20~29,office,seoul,0,0,0,0,26,0,0,27,0,0,completed
16242,U6243,2025-06-16 07:25:00,2025-06-16 07:29:00,M,30~39,office,seoul,0,0,0,0,12,0,0,37,0,0,completed
16243,U6244,2025-11-27 15:43:00,2025-11-27 15:45:00,F,40~49,office,seoul,0,0,0,0,18,0,0,47,0,0,completed
16244,U6245,2025-10-13 16:35:00,2025-10-13 16:37:00,F,40~49,office,seoul,0,0,0,0,16,0,0,13,0,0,completed
16245,U6246,2025-05-11 15:50:00,2025-05-11 15:57:00,F,30~39,office,seoul,1,0,0,0,7,0,0,61,0,0,completed
16246,U6247,2025-09-29 15:09:00,2025-09-29 15:16:00,F,30~39,office,seoul,0,0,0,0,27,0,0,54,0,0,abandoned
16247,U6248,2025-08-24 13:19:00,2025-08-24 13:21:00,F,30~39,office,seoul,1,0,0,0,19,0,0,68,0,0,completed
16248,U6249,2025-06-24 22:12:00,2025-06-24 22:19:00,M,40~49,office,seoul,0,0,0,0,27,0,0,17,0,0,completed
16249,U6250,2025-11-15 17:21:00,2025-11-15 17:28:00,F,20~29,office,seoul,1,0,0,0,14,0,0,19,0,0,completed
16250,U6251,2025-09-14 08:11:00,2025-09-14 08:13:00,F,20~29,office,seoul,1,0,0,0,25,0,0,17,0,0,completed
16251,U6252,2025-03-17 11:16:00,2025-03-17 11:20:00,M,20~29,office,seoul,0,0,0,0,13,0,0,16,0,0,completed
16252,U6253,2025-01-23 16:15:00,2025-01-23 16:18:00,F,50+,office,seoul,0,0,0,0,20,0,0,32,0,0,completed
16253,U6254,2025-05-08 09:36:00,2025-05-08 09:43:00,F,30~39,office,seoul,0,0,0,0,26,0,0,61,0,0,completed
16254,U6255,2025-07-15 13:43:00,2025-07-15 13:49:00,F,40~49,office,seoul,0,0,0,0,13,0,0,37,0,0,completed
16255,U6256,2025-11-18 16:22:00,2025-11-18 16:29:00,M,40~49,office,seoul,0,0,0,0,24,0,0,47,0,0,completed
16256,U6257,2025-04-12 16:29:00,2025-04-12 16:32:00,M,30~39,office,seoul,1,0,0,0,4,0,0,50,0,0,completed
16257,U6258,2025-04-15 16:33:00,2025-04-15 16:40:00,M,30~39,office,seoul,0,0,0,0,24,0,0,23,0,0,completed
16258,U6259,2025-11-03 08:28:00,2025-11-03 08:30:00,F,20~29,office,seoul,0,0,0,0,1,0,0,43,0,0,completed
16259,U6260,2025-08-16 09:01:00,2025-08-16 09:08:00,F,30~39,office,seoul,1,0,0,0,15,0,0,62,0,0,completed
16260,U6261,2025-12-04 09:17:00,2025-12-04 09:21:00,F,30~39,office,seoul,0,0,0,0,19,0,0,54,0,0,completed
16261,U6262,2025-07-14 16:09:00,2025-07-14 16:16:00,M,50+,office,seoul,0,0,0,0,8,0,0,72,0,0,completed
16262,U6263,2025-01-18 16:27:00,2025-01-18 16:29:00,M,50+,office,seoul,1,0,0,0,9,0,0,14,0,0,completed
16263,U6264,2025-05-27 14:23:00,2025-05-27 14:27:00,M,40~49,office,seoul,0,0,0,0,5,0,0,13,0,0,completed
16264,U6265,2025-04-12 14:31:00,2025-04-12 14:35:00,M,20~29,office,seoul,1,0,0,0,1,0,0,72,0,0,completed
16265,U6266,2025-03-01 12:05:00,2025-03-01 12:09:00,M,50+,office,seoul,1,0,0,0,24,0,0,33,0,0,abandoned
16266,U6267,2025-09-24 15:25:00,2025-09-24 15:31:00,F,40~49,office,seoul,0,0,0,0,21,0,0,22,0,0,completed
16267,U6268,2025-10-03 14:56:00,2025-10-03 15:03:00,F,20~29,office,seoul,0,0,0,0,23,0,0,70,0,0,completed
16268,U6269,2025-01-27 11:34:00,2025-01-27 11:40:00,M,30~39,office,seoul,0,0,0,0,21,0,0,51,0,0,completed
16269,U6270,2025-03-26 07:40:00,2025-03-26 07:44:00,F,40~49,office,seoul,0,0,0,0,20,0,0,34,0,0,completed
16270,U6271,2025-05-18 20:13:00,2025-05-18 20:17:00,F,50+,office,seoul,1,0,0,0,3,0,0,17,1,0,completed
16271,U6272,2025-10-04 12:14:00,2025-10-04 12:21:00,M,40~49,office,seoul,1,0,0,0,2,0,0,19,0,0,completed
16272,U6273,2025-10-28 12:27:00,2025-10-28 12:30:00,F,50+,office,seoul,0,0,0,0,5,0,0,20,0,0,completed
16273,U6274,2025-03-04 14:15:00,2025-03-04 14:21:00,F,20~29,office,seoul,0,0,0,0,22,0,0,50,0,0,completed
16274,U6275,2025-12-15 16:30:00,2025-12-15 16:33:00,M,40~49,office,seoul,0,0,0,0,6,0,0,42,0,0,abandoned
16275,U6276,2025-07-20 14:13:00,2025-07-20 14:20:00,M,40~49,office,seoul,1,0,0,0,10,0,0,70,0,0,completed
16276,U6277,2025-04-27 22:50:00,2025-04-27 22:56:00,M,40~49,office,seoul,1,0,0,0,14,0,0,67,0,0,completed
16277,U6278,2025-06-28 12:36:00,2025-06-28 12:41:00,F,30~39,office,seoul,1,0,0,0,17,0,0,49,0,0,completed
16278,U6279,2025-05-12 14:32:00,2025-05-12 14:37:00,F,30~39,office,seoul,0,0,0,0,28,0,0,13,0,0,completed
16279,U6280,2025-11-13 09:25:00,2025-11-13 09:32:00,M,50+,office,seoul,0,0,0,0,6,0,0,34,0,0,completed
16280,U6281,2025-08-19 18:03:00,2025-08-19 18:05:00,M,50+,office,seoul,0,0,0,0,19,0,0,10,0,0,completed
16281,U6282,2025-11-05 09:34:00,2025-11-05 09:37:00,M,20~29,office,seoul,0,0,0,0,8,0,0,28,0,0,completed
16282,U6283,2025-03-29 13:29:00,2025-03-29 13:34:00,M,40~49,office,seoul,1,0,0,0,15,0,0,33,0,0,completed
16283,U6284,2025-12-31 18:31:00,2025-12-31 18:34:00,M,30~39,office,seoul,0,0,0,0,14,0,0,79,0,0,completed
16284,U6285,2025-08-31 11:01:00,2025-08-31 11:05:00,M,20~29,office,seoul,1,0,0,0,0,0,0,77,0,0,timeout
16285,U6286,2025-05-18 09:54:00,2025-05-18 09:57:00,M,40~49,office,seoul,1,0,0,0,7,0,0,59,1,0,abandoned
16286,U6287,2025-12-01 18:01:00,2025-12-01 18:06:00,M,20~29,office,seoul,0,0,0,0,1,0,0,47,0,0,completed
16287,U6288,2025-09-02 12:42:00,2025-09-02 12:48:00,F,30~39,office,seoul,0,0,0,0,18,0,0,66,0,0,completed
16288,U6289,2025-03-28 16:18:00,2025-03-28 16:22:00,M,30~39,office,seoul,0,0,0,0,2,0,0,17,0,0,completed
16289,U6290,2025-06-08 09:16:00,2025-06-08 09:23:00,M,40~49,office,seoul,1,0,0,0,25,0,0,48,0,0,completed
16290,U6291,2025-01-22 12:44:00,2025-01-22 12:51:00,M,40~49,office,seoul,0,0,0,0,2,0,0,73,0,0,completed
16291,U6292,2025-05-22 21:51:00,2025-05-22 21:55:00,F,50+,office,seoul,0,0,0,0,26,0,0,50,1,0,completed
16292,U6293,2025-09-18 14:03:00,2025-09-18 14:10:00,M,30~39,office,seoul,0,0,0,0,27,0,0,53,0,0,completed
16293,U6294,2025-03-27 16:32:00,2025-03-27 16:36:00,M,20~29,office,seoul,0,0,0,0,4,0,0,72,0,0,abandoned
16294,U6295,2025-06-13 14:52:00,2025-06-13 14:57:00,M,20~29,office,seoul,0,0,0,0,11,0,0,72,0,0,completed
16295,U6296,2025-05-27 16:13:00,2025-05-27 16:17:00,F,20~29,office,seoul,0,0,0,0,21,0,0,43,0,0,completed
16296,U6297,2025-06-29 13:11:00,2025-06-29 13:18:00,M,20~29,office,seoul,1,0,0,0,19,0,0,25,0,0,completed
16297,U6298,2025-07-23 11:02:00,2025-07-23 11:04:00,F,40~49,office,seoul,0,0,0,0,17,0,0,39,0,0,completed
16298,U6299,2025-03-06 16:51:00,2025-03-06 16:58:00,F,50+,office,seoul,0,0,0,0,0,0,0,41,0,0,completed
16299,U6300,2025-07-19 13:09:00,2025-07-19 13:15:00,F,50+,office,seoul,1,0,0,0,11,0,0,61,0,0,completed
16300,U6301,2025-10-21 15:04:00,2025-10-21 15:09:00,F,50+,office,seoul,0,0,0,0,16,0,0,12,0,0,completed
16301,U6302,2025-09-26 08:07:00,2025-09-26 08:13:00,M,50+,office,seoul,0,0,0,0,28,0,0,36,0,0,completed
16302,U6303,2025-07-02 08:55:00,2025-07-02 09:00:00,M,30~39,office,seoul,0,0,0,0,22,0,0,70,0,0,completed
16303,U6304,2025-12-20 18:49:00,2025-12-20 18:54:00,F,20~29,office,seoul,1,0,0,0,2,0,0,72,0,0,completed
16304,U6305,2025-02-25 08:09:00,2025-02-25 08:11:00,F,50+,office,seoul,0,0,0,0,10,0,0,74,0,0,abandoned
16305,U6306,2025-08-20 12:55:00,2025-08-20 12:57:00,F,30~39,office,seoul,0,0,0,0,15,0,0,47,0,0,timeout
16306,U6307,2025-03-15 08:01:00,2025-03-15 08:03:00,F,20~29,office,seoul,1,0,0,0,28,0,0,73,0,0,completed
16307,U6308,2025-06-05 19:36:00,2025-06-05 19:42:00,F,50+,office,seoul,0,0,0,0,2,0,0,74,1,0,completed
16308,U6309,2025-09-02 11:57:00,2025-09-02 12:04:00,M,20~29,office,seoul,0,0,0,0,21,0,0,64,0,0,completed
16309,U6310,2025-11-13 17:38:00,2025-11-13 17:45:00,F,20~29,office,seoul,0,0,0,0,15,0,0,35,0,0,completed
16310,U6311,2025-07-28 09:09:00,2025-07-28 09:11:00,F,40~49,office,seoul,0,0,0,0,15,0,0,30,0,0,completed
16311,U6312,2025-02-19 20:57:00,2025-02-19 20:59:00,M,30~39,office,seoul,0,0,0,0,27,0,0,67,0,0,completed
16312,U6313,2025-08-08 11:28:00,2025-08-08 11:32:00,M,20~29,office,seoul,0,0,0,0,9,0,0,18,0,0,error
16313,U6314,2025-07-29 15:07:00,2025-07-29 15:11:00,F,30~39,office,seoul,0,0,0,0,0,0,0,21,0,0,completed
16314,U6315,2025-06-20 11:48:00,2025-06-20 11:51:00,F,40~49,office,seoul,0,0,0,0,15,0,0,51,0,0,completed
16315,U6316,2025-06-17 21:53:00,2025-06-17 21:55:00,F,20~29,office,seoul,0,0,0,0,24,0,0,74,0,0,completed
16316,U6317,2025-12-28 15:49:00,2025-12-28 15:55:00,F,30~39,office,seoul,1,0,0,0,10,0,0,77,1,0,completed
16317,U6318,2025-05-24 13:06:00,2025-05-24 13:11:00,F,40~49,office,seoul,1,0,0,0,0,0,0,35,0,0,completed
16318,U6319,2025-04-29 20:59:00,2025-04-29 21:02:00,M,30~39,office,seoul,0,0,0,0,2,0,0,59,0,0,completed
16319,U6320,2025-04-09 17:05:00,2025-04-09 17:12:00,F,30~39,office,seoul,0,0,0,0,28,0,0,37,0,0,completed
16320,U6321,2025-06-22 08:29:00,2025-06-22 08:34:00,F,30~39,office,seoul,1,0,0,0,20,0,0,55,0,0,completed
16321,U6322,2025-06-30 18:27:00,2025-06-30 18:32:00,F,20~29,office,seoul,0,0,0,0,18,0,0,75,0,0,completed
16322,U6323,2025-09-15 11:22:00,2025-09-15 11:28:00,F,30~39,office,seoul,0,0,0,0,10,0,0,37,1,0,completed
16323,U6324,2025-10-24 16:25:00,2025-10-24 16:28:00,F,30~39,office,seoul,0,0,0,0,3,0,0,59,0,0,completed
16324,U6325,2025-03-28 11:05:00,2025-03-28 11:11:00,F,40~49,office,seoul,0,0,0,0,12,0,0,36,0,0,completed
16325,U6326,2025-01-07 15:32:00,2025-01-07 15:38:00,F,30~39,office,seoul,0,0,0,0,12,0,0,14,0,0,completed
16326,U6327,2025-09-02 20:48:00,2025-09-02 20:55:00,M,20~29,office,seoul,0,0,0,0,15,0,0,42,0,0,completed
16327,U6328,2025-09-23 11:29:00,2025-09-23 11:31:00,F,50+,office,seoul,0,0,0,0,20,0,0,44,0,0,completed
16328,U6329,2025-02-17 12:38:00,2025-02-17 12:43:00,F,20~29,office,seoul,0,0,0,0,28,0,0,35,0,0,completed
16329,U6330,2025-03-31 15:55:00,2025-03-31 15:59:00,M,20~29,office,seoul,0,0,0,0,13,0,0,42,0,0,completed
16330,U6331,2025-11-02 12:25:00,2025-11-02 12:30:00,F,40~49,office,seoul,1,0,0,0,14,0,0,72,0,0,completed
16331,U6332,2025-10-31 12:50:00,2025-10-31 12:56:00,F,30~39,office,seoul,0,0,0,0,8,0,0,21,0,0,completed
16332,U6333,2025-11-15 17:59:00,2025-11-15 18:01:00,F,50+,office,seoul,1,0,0,0,17,0,0,56,0,0,completed
16333,U6334,2025-08-03 15:16:00,2025-08-03 15:19:00,F,20~29,office,seoul,1,0,0,0,9,0,0,18,0,0,completed
16334,U6335,2025-11-06 15:52:00,2025-11-06 15:56:00,M,40~49,office,seoul,0,0,0,0,23,0,0,14,0,0,completed
16335,U6336,2025-02-19 19:42:00,2025-02-19 19:49:00,F,40~49,office,seoul,0,0,0,0,22,0,0,69,0,0,completed
16336,U6337,2025-02-13 21:12:00,2025-02-13 21:18:00,F,20~29,office,seoul,0,0,0,0,20,0,0,33,0,0,completed
16337,U6338,2025-01-19 12:36:00,2025-01-19 12:39:00,M,20~29,office,seoul,1,0,0,0,13,0,0,74,0,0,completed
16338,U6339,2025-04-29 09:15:00,2025-04-29 09:17:00,M,20~29,office,seoul,0,0,0,0,3,0,0,45,0,0,completed
16339,U6340,2025-12-29 13:46:00,2025-12-29 13:51:00,F,40~49,office,seoul,0,0,0,0,2,0,0,37,0,0,completed
16340,U6341,2025-12-05 12:26:00,2025-12-05 12:28:00,M,30~39,office,seoul,0,0,0,0,10,0,0,52,0,0,error
16341,U6342,2025-07-29 20:25:00,2025-07-29 20:31:00,F,30~39,office,seoul,0,0,0,0,1,0,0,21,0,0,completed
16342,U6343,2025-06-30 09:29:00,2025-06-30 09:33:00,M,30~39,office,seoul,0,0,0,0,20,0,0,47,0,0,completed
16343,U6344,2025-10-05 22:02:00,2025-10-05 22:07:00,F,50+,office,seoul,1,0,0,0,27,0,0,33,0,0,completed
16344,U6345,2025-04-15 07:56:00,2025-04-15 07:59:00,F,30~39,office,seoul,0,0,0,0,8,0,0,20,0,0,completed
16345,U6346,2025-08-26 12:43:00,2025-08-26 12:48:00,F,20~29,office,seoul,0,0,0,0,25,0,0,15,0,0,abandoned
16346,U6347,2025-03-12 15:10:00,2025-03-12 15:12:00,M,30~39,office,seoul,0,0,0,0,10,0,0,68,0,0,completed
16347,U6348,2025-12-18 12:57:00,2025-12-18 12:59:00,F,40~49,office,seoul,0,0,0,0,20,0,0,65,0,0,completed
16348,U6349,2025-07-31 13:55:00,2025-07-31 13:57:00,F,20~29,office,seoul,0,0,0,0,17,0,0,25,0,0,completed
16349,U6350,2025-03-20 07:35:00,2025-03-20 07:38:00,F,20~29,office,seoul,0,0,0,0,18,0,0,13,0,0,abandoned
16350,U6351,2025-07-21 17:53:00,2025-07-21 17:58:00,F,20~29,office,seoul,0,0,0,0,14,0,0,72,0,0,completed
16351,U6352,2025-04-11 11:36:00,2025-04-11 11:39:00,F,50+,office,seoul,0,0,0,0,12,0,0,17,1,0,completed
16352,U6353,2025-09-17 18:57:00,2025-09-17 19:04:00,F,30~39,office,seoul,0,0,0,0,15,0,0,63,0,0,completed
16353,U6354,2025-12-12 17:42:00,2025-12-12 17:46:00,F,40~49,office,seoul,0,0,0,0,5,0,0,37,0,0,completed
16354,U6355,2025-09-23 09:30:00,2025-09-23 09:32:00,F,40~49,office,seoul,0,0,0,0,19,0,0,32,0,0,completed
16355,U6356,2025-08-05 12:31:00,2025-08-05 12:38:00,M,30~39,office,seoul,0,0,0,0,15,0,0,51,1,0,completed
16356,U6357,2025-07-24 07:18:00,2025-07-24 07:24:00,F,30~39,office,seoul,0,0,0,0,0,0,0,24,0,0,completed
16357,U6358,2025-02-11 15:58:00,2025-02-11 16:04:00,F,20~29,office,seoul,0,0,0,0,13,0,0,75,0,0,completed
16358,U6359,2025-03-29 09:39:00,2025-03-29 09:45:00,M,30~39,office,seoul,1,0,0,0,7,0,0,31,0,0,completed
16359,U6360,2025-05-22 08:40:00,2025-05-22 08:43:00,F,30~39,office,seoul,0,0,0,0,11,0,0,18,0,0,completed
16360,U6361,2025-10-25 12:09:00,2025-10-25 12:13:00,M,40~49,office,seoul,1,0,0,0,13,0,0,36,0,0,completed
16361,U6362,2025-01-06 09:42:00,2025-01-06 09:46:00,M,40~49,office,seoul,0,0,0,0,22,0,0,31,0,0,completed
16362,U6363,2025-04-05 22:20:00,2025-04-05 22:26:00,F,40~49,office,seoul,1,0,0,0,14,0,0,32,0,0,completed
16363,U6364,2025-02-15 14:53:00,2025-02-15 14:57:00,F,30~39,office,seoul,1,0,0,0,13,0,0,77,0,0,completed
16364,U6365,2025-01-10 09:57:00,2025-01-10 10:02:00,F,50+,office,seoul,0,0,0,0,3,0,0,16,0,0,completed
16365,U6366,2025-01-10 20:07:00,2025-01-10 20:14:00,M,20~29,office,seoul,0,0,0,0,16,0,0,66,0,0,completed
16366,U6367,2025-06-13 12:42:00,2025-06-13 12:44:00,F,50+,office,seoul,0,0,0,0,29,0,0,57,1,0,completed
16367,U6368,2025-09-20 15:02:00,2025-09-20 15:08:00,F,30~39,office,seoul,1,0,0,0,14,0,0,64,0,0,completed
16368,U6369,2025-03-12 21:04:00,2025-03-12 21:11:00,F,20~29,office,seoul,0,0,0,0,23,0,0,37,0,0,completed
16369,U6370,2025-06-16 16:22:00,2025-06-16 16:27:00,M,20~29,office,seoul,0,0,0,0,14,0,0,34,0,0,completed
16370,U6371,2025-01-23 07:06:00,2025-01-23 07:10:00,F,20~29,office,seoul,0,0,0,0,9,0,0,17,0,0,completed
16371,U6372,2025-03-29 13:11:00,2025-03-29 13:14:00,F,20~29,office,seoul,1,0,0,0,28,0,0,53,0,0,completed
16372,U6373,2025-02-27 15:55:00,2025-02-27 15:58:00,F,30~39,office,seoul,0,0,0,0,6,0,0,53,0,0,completed
16373,U6374,2025-03-08 11:48:00,2025-03-08 11:53:00,F,20~29,office,seoul,1,0,0,0,24,0,0,77,0,0,completed
16374,U6375,2025-06-09 13:29:00,2025-06-09 13:33:00,F,30~39,office,seoul,0,0,0,0,8,0,0,24,0,0,completed
16375,U6376,2025-02-24 14:17:00,2025-02-24 14:23:00,M,40~49,office,seoul,0,0,0,0,7,0,0,69,0,0,completed
16376,U6377,2025-03-11 20:18:00,2025-03-11 20:21:00,M,30~39,office,seoul,0,0,0,0,23,0,0,71,0,0,completed
16377,U6378,2025-12-12 11:20:00,2025-12-12 11:23:00,M,50+,office,seoul,0,0,0,0,19,0,0,79,0,1,completed
16378,U6379,2025-11-01 22:44:00,2025-11-01 22:50:00,F,20~29,office,seoul,1,0,0,0,23,0,0,72,0,0,completed
16379,U6380,2025-04-08 14:43:00,2025-04-08 14:46:00,F,30~39,office,seoul,0,0,0,0,4,0,0,48,0,0,completed
16380,U6381,2025-03-23 07:11:00,2025-03-23 07:15:00,F,30~39,office,seoul,1,0,0,0,16,0,0,47,0,0,completed
16381,U6382,2025-11-18 08:41:00,2025-11-18 08:43:00,F,30~39,office,seoul,0,0,0,0,7,0,0,26,0,0,completed
16382,U6383,2025-12-02 16:26:00,2025-12-02 16:32:00,M,40~49,office,seoul,0,0,0,0,11,0,0,77,0,0,completed
16383,U6384,2025-02-21 20:49:00,2025-02-21 20:51:00,F,50+,office,seoul,0,0,0,0,8,0,0,12,0,0,completed
16384,U6385,2025-11-25 14:39:00,2025-11-25 14:41:00,M,30~39,office,seoul,0,0,0,0,2,0,0,60,0,0,completed
16385,U6386,2025-03-28 19:56:00,2025-03-28 20:01:00,F,20~29,office,seoul,0,0,0,0,15,0,0,76,0,0,completed
16386,U6387,2025-05-16 22:50:00,2025-05-16 22:52:00,M,20~29,office,seoul,0,0,0,0,29,0,0,66,0,0,completed
16387,U6388,2025-01-31 11:07:00,2025-01-31 11:12:00,F,20~29,office,seoul,0,0,0,0,6,0,0,60,0,0,abandoned
16388,U6389,2025-05-06 09:53:00,2025-05-06 09:56:00,F,30~39,office,seoul,0,0,0,0,23,0,0,34,0,0,completed
16389,U6390,2025-05-16 16:23:00,2025-05-16 16:30:00,M,20~29,office,seoul,0,0,0,0,4,0,0,51,1,0,completed
16390,U6391,2025-01-05 20:33:00,2025-01-05 20:38:00,F,50+,office,seoul,1,0,0,0,11,0,0,30,0,0,completed
16391,U6392,2025-02-01 16:08:00,2025-02-01 16:13:00,F,50+,office,seoul,1,0,0,0,1,0,0,76,1,0,completed
16392,U6393,2025-12-18 11:09:00,2025-12-18 11:14:00,F,20~29,office,seoul,0,0,0,0,8,0,0,49,0,0,completed
16393,U6394,2025-01-30 17:41:00,2025-01-30 17:43:00,M,30~39,office,seoul,0,0,0,0,16,0,0,66,0,0,completed
16394,U6395,2025-06-17 16:25:00,2025-06-17 16:32:00,M,40~49,office,seoul,0,0,0,0,17,0,0,27,0,0,completed
16395,U6396,2025-06-06 22:31:00,2025-06-06 22:35:00,M,50+,office,seoul,0,0,0,0,19,0,0,47,0,0,completed
16396,U6397,2025-01-27 09:11:00,2025-01-27 09:18:00,F,30~39,office,seoul,0,0,0,0,22,0,0,73,0,0,completed
16397,U6398,2025-09-29 07:00:00,2025-09-29 07:04:00,M,20~29,office,seoul,0,0,0,0,8,0,0,41,0,0,completed
16398,U6399,2025-04-20 14:37:00,2025-04-20 14:39:00,F,30~39,office,seoul,1,0,0,0,20,0,0,28,0,0,completed
16399,U6400,2025-01-09 12:58:00,2025-01-09 13:03:00,M,30~39,office,seoul,0,0,0,0,11,0,0,16,0,0,completed
16400,U6401,2025-09-21 08:13:00,2025-09-21 08:19:00,F,40~49,office,seoul,1,0,0,0,7,0,0,11,0,0,completed
16401,U6402,2025-02-14 12:53:00,2025-02-14 12:59:00,M,20~29,office,seoul,0,0,0,0,16,0,0,29,0,0,completed
16402,U6403,2025-08-22 07:47:00,2025-08-22 07:51:00,F,50+,office,seoul,0,0,0,0,29,0,0,36,0,0,timeout
16403,U6404,2025-03-12 15:27:00,2025-03-12 15:31:00,F,30~39,office,seoul,0,0,0,0,6,0,0,15,0,0,completed
16404,U6405,2025-04-21 14:08:00,2025-04-21 14:11:00,F,40~49,office,seoul,0,0,0,0,13,0,0,77,1,0,completed
16405,U6406,2025-03-27 07:18:00,2025-03-27 07:20:00,M,20~29,office,seoul,0,0,0,0,14,0,0,23,0,0,completed
16406,U6407,2025-04-15 20:12:00,2025-04-15 20:17:00,F,50+,office,seoul,0,0,0,0,14,0,0,68,0,0,completed
16407,U6408,2025-11-01 19:01:00,2025-11-01 19:04:00,F,40~49,office,seoul,1,0,0,0,18,0,0,62,0,1,completed
16408,U6409,2025-08-24 17:49:00,2025-08-24 17:53:00,F,30~39,office,seoul,1,0,0,0,3,0,0,23,0,0,completed
16409,U6410,2025-05-04 14:55:00,2025-05-04 15:02:00,M,30~39,office,seoul,1,0,0,0,2,0,0,11,0,0,completed
16410,U6411,2025-12-28 12:51:00,2025-12-28 12:54:00,F,30~39,office,seoul,1,0,0,0,26,0,0,41,0,0,completed
16411,U6412,2025-06-27 08:39:00,2025-06-27 08:46:00,M,20~29,office,seoul,0,0,0,0,16,0,0,27,0,0,completed
16412,U6413,2025-12-18 09:39:00,2025-12-18 09:42:00,F,30~39,office,seoul,0,0,0,0,24,0,0,27,0,0,completed
16413,U6414,2025-07-28 09:29:00,2025-07-28 09:36:00,F,50+,office,seoul,0,0,0,0,12,0,0,71,0,0,completed
16414,U6415,2025-09-16 12:32:00,2025-09-16 12:36:00,M,30~39,office,seoul,0,0,0,0,29,0,0,21,0,0,completed
16415,U6416,2025-02-04 22:11:00,2025-02-04 22:16:00,F,30~39,office,seoul,0,0,0,0,17,0,0,71,0,0,completed
16416,U6417,2025-11-07 13:59:00,2025-11-07 14:05:00,M,40~49,office,seoul,0,0,0,0,2,0,0,75,0,0,completed
16417,U6418,2025-07-04 07:23:00,2025-07-04 07:30:00,F,30~39,office,seoul,0,0,0,0,2,0,0,71,0,0,completed
16418,U6419,2025-03-25 09:19:00,2025-03-25 09:24:00,M,20~29,office,seoul,0,0,0,0,13,0,0,15,0,0,completed
16419,U6420,2025-01-03 22:41:00,2025-01-03 22:46:00,M,50+,office,seoul,0,0,0,0,0,0,0,19,0,0,completed
16420,U6421,2025-05-03 07:06:00,2025-05-03 07:08:00,M,50+,office,seoul,1,0,0,0,9,0,0,31,0,1,completed
16421,U6422,2025-09-05 08:41:00,2025-09-05 08:48:00,F,20~29,office,seoul,0,0,0,0,17,0,0,39,0,0,completed
16422,U6423,2025-09-23 15:21:00,2025-09-23 15:24:00,F,30~39,office,seoul,0,0,0,0,28,0,0,19,0,0,completed
16423,U6424,2025-07-25 18:20:00,2025-07-25 18:24:00,M,20~29,office,seoul,0,0,0,0,14,0,0,56,0,0,completed
16424,U6425,2025-04-04 08:15:00,2025-04-04 08:21:00,M,30~39,office,seoul,0,0,0,0,15,0,0,57,0,0,completed
16425,U6426,2025-04-30 12:16:00,2025-04-30 12:20:00,M,20~29,office,seoul,0,0,0,0,4,0,0,26,0,0,completed
16426,U6427,2025-05-19 14:52:00,2025-05-19 14:59:00,F,20~29,office,seoul,0,0,0,0,23,0,0,35,0,0,completed
16427,U6428,2025-08-05 12:18:00,2025-08-05 12:24:00,M,50+,office,seoul,0,0,0,0,19,0,0,52,0,0,completed
16428,U6429,2025-07-24 16:17:00,2025-07-24 16:23:00,M,30~39,office,seoul,0,0,0,0,20,0,0,25,0,0,completed
16429,U6430,2025-06-17 17:40:00,2025-06-17 17:45:00,M,50+,office,seoul,0,0,0,0,16,0,0,51,0,0,completed
16430,U6431,2025-07-19 13:38:00,2025-07-19 13:45:00,F,20~29,office,seoul,1,0,0,0,18,0,0,58,0,0,completed
16431,U6432,2025-11-18 09:43:00,2025-11-18 09:45:00,F,20~29,office,seoul,0,0,0,0,4,0,0,43,0,0,completed
16432,U6433,2025-09-05 12:27:00,2025-09-05 12:30:00,M,40~49,office,seoul,0,0,0,0,8,0,0,17,0,0,completed
16433,U6434,2025-01-26 16:31:00,2025-01-26 16:38:00,F,20~29,office,seoul,1,0,0,0,19,0,0,70,0,0,completed
16434,U6435,2025-09-14 13:51:00,2025-09-14 13:55:00,F,50+,office,seoul,1,0,0,0,6,0,0,21,0,0,completed
16435,U6436,2025-08-12 09:15:00,2025-08-12 09:18:00,M,40~49,office,seoul,0,0,0,0,12,0,0,54,0,0,completed
16436,U6437,2025-12-23 13:58:00,2025-12-23 14:02:00,F,30~39,office,seoul,0,0,0,0,17,0,0,31,0,0,completed
16437,U6438,2025-02-17 09:41:00,2025-02-17 09:44:00,F,30~39,office,seoul,0,0,0,0,26,0,0,18,0,0,completed
16438,U6439,2025-05-24 20:30:00,2025-05-24 20:36:00,M,30~39,office,seoul,1,0,0,0,2,0,0,77,0,0,completed
16439,U6440,2025-10-18 15:01:00,2025-10-18 15:08:00,M,40~49,office,seoul,1,0,0,0,9,0,0,78,0,0,completed
16440,U6441,2025-11-20 08:04:00,2025-11-20 08:11:00,F,40~49,office,seoul,0,0,0,0,10,0,0,47,0,0,completed
16441,U6442,2025-12-30 18:19:00,2025-12-30 18:26:00,M,30~39,office,seoul,0,0,0,0,24,0,0,52,0,0,completed
16442,U6443,2025-05-21 12:52:00,2025-05-21 12:57:00,M,30~39,office,seoul,0,0,0,0,22,0,0,24,0,0,completed
16443,U6444,2025-09-15 12:57:00,2025-09-15 13:01:00,F,20~29,office,seoul,0,0,0,0,2,0,0,52,0,0,completed
16444,U6445,2025-05-04 20:55:00,2025-05-04 21:02:00,F,20~29,office,seoul,1,0,0,0,18,0,0,16,0,0,abandoned
16445,U6446,2025-11-14 14:58:00,2025-11-14 15:05:00,M,50+,office,seoul,0,0,0,0,14,0,0,54,0,0,completed
16446,U6447,2025-03-09 12:08:00,2025-03-09 12:14:00,F,20~29,office,seoul,1,0,0,0,4,0,0,25,0,0,completed
16447,U6448,2025-09-17 15:05:00,2025-09-17 15:09:00,M,30~39,office,seoul,0,0,0,0,23,0,0,30,0,0,completed
16448,U6449,2025-10-22 17:23:00,2025-10-22 17:29:00,M,20~29,office,seoul,0,0,0,0,11,0,0,78,0,0,completed
16449,U6450,2025-05-02 20:45:00,2025-05-02 20:52:00,F,20~29,office,seoul,0,0,0,0,18,0,0,36,0,0,completed
16450,U6451,2025-06-10 08:57:00,2025-06-10 09:01:00,M,20~29,office,seoul,0,0,0,0,25,0,0,56,0,0,completed
16451,U6452,2025-10-21 13:03:00,2025-10-21 13:06:00,M,20~29,office,seoul,0,0,0,0,26,0,0,39,0,0,completed
16452,U6453,2025-03-10 12:51:00,2025-03-10 12:56:00,M,20~29,office,seoul,0,0,0,0,19,0,0,19,0,0,completed
16453,U6454,2025-10-17 12:10:00,2025-10-17 12:13:00,F,20~29,office,seoul,0,0,0,0,20,0,0,26,0,0,abandoned
16454,U6455,2025-06-08 16:00:00,2025-06-08 16:05:00,M,30~39,office,seoul,1,0,0,0,4,0,0,14,0,0,abandoned
16455,U6456,2025-02-01 11:09:00,2025-02-01 11:15:00,M,40~49,office,seoul,1,0,0,0,29,0,0,44,0,0,completed
16456,U6457,2025-04-05 15:56:00,2025-04-05 16:00:00,M,30~39,office,seoul,1,0,0,0,8,0,0,70,0,0,completed
16457,U6458,2025-09-22 12:09:00,2025-09-22 12:15:00,M,20~29,office,seoul,0,0,0,0,29,0,0,77,0,0,completed
16458,U6459,2025-09-18 16:45:00,2025-09-18 16:51:00,F,40~49,office,seoul,0,0,0,0,9,0,0,76,0,0,completed
16459,U6460,2025-11-20 17:24:00,2025-11-20 17:31:00,M,30~39,office,seoul,0,0,0,0,18,0,0,30,0,0,completed
16460,U6461,2025-10-03 14:01:00,2025-10-03 14:08:00,F,40~49,office,seoul,0,0,0,0,17,0,0,25,0,0,completed
16461,U6462,2025-05-14 07:40:00,2025-05-14 07:47:00,M,30~39,office,seoul,0,0,0,0,5,0,0,44,0,0,completed
16462,U6463,2025-10-23 15:32:00,2025-10-23 15:39:00,M,50+,office,seoul,0,0,0,0,4,0,0,71,1,0,completed
16463,U6464,2025-07-29 18:14:00,2025-07-29 18:19:00,F,20~29,office,seoul,0,0,0,0,23,0,0,42,0,0,completed
16464,U6465,2025-10-18 12:38:00,2025-10-18 12:44:00,F,30~39,office,seoul,1,0,0,0,28,0,0,13,0,0,completed
16465,U6466,2025-06-19 16:03:00,2025-06-19 16:10:00,F,20~29,office,seoul,0,0,0,0,21,0,0,41,0,0,completed
16466,U6467,2025-03-16 08:47:00,2025-03-16 08:49:00,M,50+,office,seoul,1,0,0,0,18,0,0,26,0,0,completed
16467,U6468,2025-12-27 19:47:00,2025-12-27 19:51:00,F,30~39,office,seoul,1,0,0,0,10,0,0,61,0,0,completed
16468,U6469,2025-08-20 16:57:00,2025-08-20 17:01:00,F,20~29,office,seoul,0,0,0,0,10,0,0,65,0,0,completed
16469,U6470,2025-04-26 19:55:00,2025-04-26 19:58:00,M,30~39,office,seoul,1,0,0,0,1,0,0,62,0,0,completed
16470,U6471,2025-01-09 16:32:00,2025-01-09 16:39:00,M,30~39,office,seoul,0,0,0,0,13,0,0,64,0,0,completed
16471,U6472,2025-08-01 12:57:00,2025-08-01 13:01:00,M,40~49,office,seoul,0,0,0,0,26,0,0,19,0,0,abandoned
16472,U6473,2025-10-01 12:25:00,2025-10-01 12:30:00,M,40~49,office,seoul,0,0,0,0,28,0,0,40,0,0,completed
16473,U6474,2025-08-29 09:53:00,2025-08-29 09:57:00,F,40~49,office,seoul,0,0,0,0,4,0,0,24,0,0,completed
16474,U6475,2025-10-30 12:29:00,2025-10-30 12:33:00,M,40~49,office,seoul,0,0,0,0,13,0,0,27,0,0,completed
16475,U6476,2025-02-05 18:02:00,2025-02-05 18:06:00,F,50+,office,seoul,0,0,0,0,5,0,0,12,1,0,completed
16476,U6477,2025-04-14 15:02:00,2025-04-14 15:05:00,F,40~49,office,seoul,0,0,0,0,29,0,0,37,0,0,completed
16477,U6478,2025-04-08 12:26:00,2025-04-08 12:32:00,F,30~39,office,seoul,0,0,0,0,6,0,0,61,0,0,completed
16478,U6479,2025-03-04 21:12:00,2025-03-04 21:17:00,F,20~29,office,seoul,0,0,0,0,29,0,0,54,0,0,completed
16479,U6480,2025-05-17 14:25:00,2025-05-17 14:32:00,F,20~29,office,seoul,1,0,0,0,7,0,0,67,0,0,completed
16480,U6481,2025-08-23 08:45:00,2025-08-23 08:49:00,F,40~49,office,seoul,1,0,0,0,16,0,0,57,0,0,completed
16481,U6482,2025-05-18 13:57:00,2025-05-18 14:02:00,M,50+,office,seoul,1,0,0,0,22,0,0,49,0,0,timeout
16482,U6483,2025-07-22 11:03:00,2025-07-22 11:08:00,F,50+,office,seoul,0,0,0,0,2,0,0,21,1,0,completed
16483,U6484,2025-02-23 17:09:00,2025-02-23 17:13:00,M,50+,office,seoul,1,0,0,0,15,0,0,56,0,0,completed
16484,U6485,2025-02-02 16:12:00,2025-02-02 16:17:00,M,50+,office,seoul,1,0,0,0,21,0,0,27,0,0,completed
16485,U6486,2025-04-08 11:35:00,2025-04-08 11:40:00,F,40~49,office,seoul,0,0,0,0,7,0,0,47,0,0,error
16486,U6487,2025-02-15 08:20:00,2025-02-15 08:26:00,F,20~29,office,seoul,1,0,0,0,0,0,0,76,0,0,completed
16487,U6488,2025-06-13 13:04:00,2025-06-13 13:06:00,F,30~39,office,seoul,0,0,0,0,22,0,0,33,0,0,completed
16488,U6489,2025-06-22 07:45:00,2025-06-22 07:49:00,F,50+,office,seoul,1,0,0,0,1,0,0,16,0,0,completed
16489,U6490,2025-05-04 09:45:00,2025-05-04 09:51:00,M,30~39,office,seoul,1,0,0,0,7,0,0,41,0,0,completed
16490,U6491,2025-01-05 17:39:00,2025-01-05 17:41:00,M,30~39,office,seoul,1,0,0,0,23,0,0,55,0,0,completed
16491,U6492,2025-01-28 18:00:00,2025-01-28 18:07:00,M,30~39,office,seoul,0,0,0,0,22,0,0,28,0,0,completed
16492,U6493,2025-06-19 11:18:00,2025-06-19 11:23:00,F,20~29,office,seoul,0,0,0,0,20,0,0,53,0,0,completed
16493,U6494,2025-11-02 08:12:00,2025-11-02 08:17:00,F,20~29,office,seoul,1,0,0,0,25,0,0,64,0,0,completed
16494,U6495,2025-11-26 14:12:00,2025-11-26 14:18:00,M,20~29,office,seoul,0,0,0,0,0,0,0,38,0,0,completed
16495,U6496,2025-04-30 17:44:00,2025-04-30 17:49:00,F,40~49,office,seoul,0,0,0,0,0,0,0,24,0,0,completed
16496,U6497,2025-12-16 13:55:00,2025-12-16 13:59:00,F,20~29,office,seoul,0,0,0,0,11,0,0,46,0,0,completed
16497,U6498,2025-11-20 20:17:00,2025-11-20 20:21:00,F,30~39,office,seoul,0,0,0,0,2,0,0,12,0,0,completed
16498,U6499,2025-05-31 17:46:00,2025-05-31 17:48:00,F,20~29,office,seoul,1,0,0,0,21,0,0,27,0,0,completed
16499,U6500,2025-11-02 16:02:00,2025-11-02 16:09:00,F,40~49,office,seoul,1,0,0,0,15,0,0,66,0,0,completed
16500,U6501,2025-12-20 17:25:00,2025-12-20 17:31:00,F,20~29,office,seoul,1,0,0,0,11,0,0,14,0,0,completed
16501,U6502,2025-01-15 11:12:00,2025-01-15 11:15:00,M,30~39,office,seoul,0,0,0,0,29,0,0,73,0,0,completed
16502,U6503,2025-10-27 17:39:00,2025-10-27 17:44:00,M,20~29,office,seoul,0,0,0,0,26,0,0,34,0,0,completed
16503,U6504,2025-02-27 13:38:00,2025-02-27 13:43:00,M,20~29,office,seoul,0,0,0,0,3,0,0,31,0,0,abandoned
16504,U6505,2025-05-16 09:59:00,2025-05-16 10:03:00,F,20~29,office,seoul,0,0,0,0,24,0,0,10,0,0,completed
16505,U6506,2025-11-21 12:17:00,2025-11-21 12:23:00,M,30~39,office,seoul,0,0,0,0,7,0,0,58,0,0,completed
16506,U6507,2025-03-16 12:05:00,2025-03-16 12:12:00,F,40~49,office,seoul,1,0,0,0,19,0,0,15,0,0,completed
16507,U6508,2025-06-24 20:53:00,2025-06-24 20:56:00,F,20~29,office,seoul,0,0,0,0,8,0,0,23,0,0,completed
16508,U6509,2025-10-31 08:01:00,2025-10-31 08:03:00,F,20~29,office,seoul,0,0,0,0,28,0,0,46,0,0,completed
16509,U6510,2025-01-18 14:02:00,2025-01-18 14:09:00,F,30~39,office,seoul,1,0,0,0,16,0,0,70,0,0,completed
16510,U6511,2025-01-25 16:26:00,2025-01-25 16:32:00,F,40~49,office,seoul,1,0,0,0,14,0,0,15,0,0,abandoned
16511,U6512,2025-03-04 19:44:00,2025-03-04 19:49:00,M,40~49,office,seoul,0,0,0,0,17,0,0,79,0,0,completed
16512,U6513,2025-08-27 18:55:00,2025-08-27 18:59:00,M,30~39,office,seoul,0,0,0,0,27,0,0,15,0,0,completed
16513,U6514,2025-11-25 11:00:00,2025-11-25 11:07:00,M,20~29,office,seoul,0,0,0,0,22,0,0,72,0,0,completed
16514,U6515,2025-08-18 15:21:00,2025-08-18 15:24:00,M,20~29,office,seoul,0,0,0,0,10,0,0,48,0,0,abandoned
16515,U6516,2025-09-20 15:09:00,2025-09-20 15:16:00,F,40~49,office,seoul,1,0,0,0,21,0,0,50,0,0,completed
16516,U6517,2025-04-27 17:44:00,2025-04-27 17:47:00,M,30~39,office,seoul,1,0,0,0,8,0,0,77,0,0,completed
16517,U6518,2025-08-02 17:55:00,2025-08-02 17:58:00,M,20~29,office,seoul,1,0,0,0,12,0,0,60,0,0,completed
16518,U6519,2025-12-11 18:06:00,2025-12-11 18:10:00,M,30~39,office,seoul,0,0,0,0,20,0,0,46,0,0,completed
16519,U6520,2025-12-16 13:29:00,2025-12-16 13:33:00,F,20~29,office,seoul,0,0,0,0,0,0,0,48,0,0,completed
16520,U6521,2025-07-30 16:44:00,2025-07-30 16:48:00,F,20~29,office,seoul,0,0,0,0,27,0,0,79,0,0,completed
16521,U6522,2025-04-15 21:50:00,2025-04-15 21:52:00,F,30~39,office,seoul,0,0,0,0,29,0,0,78,0,0,timeout
16522,U6523,2025-01-29 08:46:00,2025-01-29 08:53:00,F,30~39,office,seoul,0,0,0,0,2,0,0,54,0,0,completed
16523,U6524,2025-04-19 19:16:00,2025-04-19 19:21:00,F,40~49,office,seoul,1,0,0,0,15,0,0,73,0,0,completed
16524,U6525,2025-04-01 15:49:00,2025-04-01 15:53:00,M,40~49,office,seoul,0,0,0,0,26,0,0,27,0,0,completed
16525,U6526,2025-12-12 14:23:00,2025-12-12 14:28:00,M,40~49,office,seoul,0,0,0,0,4,0,0,13,0,0,completed
16526,U6527,2025-11-06 11:31:00,2025-11-06 11:34:00,M,50+,office,seoul,0,0,0,0,21,0,0,43,0,0,abandoned
16527,U6528,2025-02-16 14:58:00,2025-02-16 15:04:00,M,20~29,office,seoul,1,0,0,0,27,0,0,58,0,0,abandoned
16528,U6529,2025-11-22 09:11:00,2025-11-22 09:18:00,F,30~39,office,seoul,1,0,0,0,2,0,0,55,0,0,abandoned
16529,U6530,2025-03-12 12:46:00,2025-03-12 12:51:00,M,20~29,office,seoul,0,0,0,0,2,0,0,16,0,0,completed
16530,U6531,2025-08-17 13:25:00,2025-08-17 13:32:00,F,40~49,office,seoul,1,0,0,0,21,0,0,44,0,0,completed
16531,U6532,2025-10-24 15:07:00,2025-10-24 15:09:00,F,20~29,office,seoul,0,0,0,0,28,0,0,69,0,0,completed
16532,U6533,2025-09-04 13:08:00,2025-09-04 13:14:00,F,50+,office,seoul,0,0,0,0,12,0,0,76,0,0,abandoned
16533,U6534,2025-09-06 17:25:00,2025-09-06 17:28:00,F,20~29,office,seoul,1,0,0,0,13,0,0,32,0,0,completed
16534,U6535,2025-04-12 08:57:00,2025-04-12 09:04:00,M,20~29,office,seoul,1,0,0,0,19,0,0,77,0,0,abandoned
16535,U6536,2025-02-12 07:38:00,2025-02-12 07:44:00,F,20~29,office,seoul,0,0,0,0,7,0,0,61,0,0,completed
16536,U6537,2025-12-29 21:54:00,2025-12-29 21:56:00,F,20~29,office,seoul,0,0,0,0,29,0,0,21,0,0,completed
16537,U6538,2025-06-02 13:49:00,2025-06-02 13:54:00,F,20~29,office,seoul,0,0,0,0,17,0,0,68,0,0,completed
16538,U6539,2025-11-18 22:01:00,2025-11-18 22:08:00,M,30~39,office,seoul,0,0,0,0,17,0,0,11,0,0,completed
16539,U6540,2025-01-17 07:26:00,2025-01-17 07:29:00,M,20~29,office,seoul,0,0,0,0,25,0,0,51,0,0,abandoned
16540,U6541,2025-01-20 22:21:00,2025-01-20 22:28:00,F,40~49,office,seoul,0,0,0,0,17,0,0,77,0,0,error
16541,U6542,2025-08-14 11:02:00,2025-08-14 11:06:00,F,30~39,office,seoul,0,0,0,0,29,0,0,50,0,0,completed
16542,U6543,2025-05-22 19:57:00,2025-05-22 20:01:00,M,40~49,office,seoul,0,0,0,0,8,0,0,48,0,0,completed
16543,U6544,2025-11-01 12:32:00,2025-11-01 12:35:00,M,30~39,office,seoul,1,0,0,0,26,0,0,77,1,0,completed
16544,U6545,2025-02-08 08:45:00,2025-02-08 08:48:00,F,30~39,office,seoul,1,0,0,0,6,0,0,26,0,0,completed
16545,U6546,2025-01-25 16:36:00,2025-01-25 16:43:00,F,40~49,office,seoul,1,0,0,0,4,0,0,21,0,0,abandoned
16546,U6547,2025-06-24 07:21:00,2025-06-24 07:24:00,F,50+,office,seoul,0,0,0,0,19,0,0,71,0,0,completed
16547,U6548,2025-12-17 15:02:00,2025-12-17 15:08:00,F,20~29,office,seoul,0,0,0,0,28,0,0,44,0,0,completed
16548,U6549,2025-08-27 12:31:00,2025-08-27 12:38:00,F,20~29,office,seoul,0,0,0,0,6,0,0,65,0,0,completed
16549,U6550,2025-04-26 15:44:00,2025-04-26 15:46:00,M,30~39,office,seoul,1,0,0,0,15,0,0,67,0,0,completed
16550,U6551,2025-12-30 15:43:00,2025-12-30 15:46:00,F,50+,office,seoul,0,0,0,0,26,0,0,32,0,0,completed
16551,U6552,2025-05-12 15:53:00,2025-05-12 15:59:00,M,20~29,office,seoul,0,0,0,0,16,0,0,68,0,0,completed
16552,U6553,2025-07-13 08:25:00,2025-07-13 08:32:00,F,20~29,office,seoul,1,0,0,0,19,0,0,69,0,0,completed
16553,U6554,2025-11-16 12:50:00,2025-11-16 12:55:00,M,30~39,office,seoul,1,0,0,0,28,0,0,76,0,0,completed
16554,U6555,2025-08-02 13:17:00,2025-08-02 13:22:00,F,30~39,office,seoul,1,0,0,0,19,0,0,73,0,0,completed
16555,U6556,2025-02-16 16:29:00,2025-02-16 16:36:00,M,20~29,office,seoul,1,0,0,0,9,0,0,42,0,0,completed
16556,U6557,2025-01-09 15:23:00,2025-01-09 15:28:00,M,30~39,office,seoul,0,0,0,0,23,0,0,35,0,0,completed
16557,U6558,2025-06-16 12:10:00,2025-06-16 12:12:00,M,30~39,office,seoul,0,0,0,0,6,0,0,39,0,0,abandoned
16558,U6559,2025-04-07 12:02:00,2025-04-07 12:09:00,F,50+,office,seoul,0,0,0,0,11,0,0,15,1,0,completed
16559,U6560,2025-09-13 13:31:00,2025-09-13 13:37:00,F,20~29,office,seoul,1,0,0,0,9,0,0,11,0,0,completed
16560,U6561,2025-08-18 16:08:00,2025-08-18 16:12:00,F,20~29,office,seoul,0,0,0,0,0,0,0,79,0,0,abandoned
16561,U6562,2025-10-10 18:14:00,2025-10-10 18:18:00,F,50+,office,seoul,0,0,0,0,20,0,0,26,0,0,completed
16562,U6563,2025-11-02 12:01:00,2025-11-02 12:04:00,M,20~29,office,seoul,1,0,0,0,12,0,0,40,0,0,completed
16563,U6564,2025-08-24 16:09:00,2025-08-24 16:11:00,F,50+,office,seoul,1,0,0,0,22,0,0,12,0,0,completed
16564,U6565,2025-01-19 15:19:00,2025-01-19 15:24:00,F,40~49,office,seoul,1,0,0,0,1,0,0,14,1,0,completed
16565,U6566,2025-03-08 08:38:00,2025-03-08 08:40:00,F,30~39,office,seoul,1,0,0,0,17,0,0,50,0,0,completed
16566,U6567,2025-12-22 09:10:00,2025-12-22 09:16:00,F,20~29,office,seoul,0,0,0,0,1,0,0,66,0,0,completed
16567,U6568,2025-03-14 13:32:00,2025-03-14 13:39:00,F,20~29,office,seoul,0,0,0,0,16,0,0,65,0,0,completed
16568,U6569,2025-02-12 12:58:00,2025-02-12 13:01:00,M,20~29,office,seoul,0,0,0,0,23,0,0,58,0,0,completed
16569,U6570,2025-05-12 16:59:00,2025-05-12 17:05:00,F,50+,office,seoul,0,0,0,0,11,0,0,69,1,0,completed
16570,U6571,2025-04-30 15:08:00,2025-04-30 15:12:00,F,50+,office,seoul,0,0,0,0,19,0,0,38,0,0,completed
16571,U6572,2025-08-13 13:03:00,2025-08-13 13:10:00,M,50+,office,seoul,0,0,0,0,29,0,0,64,0,0,abandoned
16572,U6573,2025-12-23 13:35:00,2025-12-23 13:37:00,M,50+,office,seoul,0,0,0,0,22,0,0,40,0,0,completed
16573,U6574,2025-10-06 17:20:00,2025-10-06 17:23:00,F,50+,office,seoul,0,0,0,0,12,0,0,32,0,0,completed
16574,U6575,2025-01-26 09:45:00,2025-01-26 09:51:00,F,20~29,office,seoul,1,0,0,0,9,0,0,71,0,0,completed
16575,U6576,2025-11-16 19:02:00,2025-11-16 19:05:00,M,20~29,office,seoul,1,0,0,0,21,0,0,53,0,0,completed
16576,U6577,2025-01-20 19:45:00,2025-01-20 19:51:00,F,40~49,office,seoul,0,0,0,0,23,0,0,75,0,0,completed
16577,U6578,2025-11-17 22:20:00,2025-11-17 22:22:00,F,20~29,office,seoul,0,0,0,0,7,0,0,68,0,0,completed
16578,U6579,2025-12-31 09:55:00,2025-12-31 10:02:00,F,30~39,office,seoul,0,0,0,0,26,0,0,79,0,0,completed
16579,U6580,2025-12-09 08:35:00,2025-12-09 08:39:00,F,50+,office,seoul,0,0,0,0,27,0,0,29,0,1,completed
16580,U6581,2025-12-17 14:48:00,2025-12-17 14:52:00,F,20~29,office,seoul,0,0,0,0,1,0,0,40,0,0,timeout
16581,U6582,2025-02-24 15:34:00,2025-02-24 15:36:00,M,20~29,office,seoul,0,0,0,0,7,0,0,62,0,0,completed
16582,U6583,2025-12-02 12:35:00,2025-12-02 12:41:00,M,20~29,office,seoul,0,0,0,0,2,0,0,50,0,0,completed
16583,U6584,2025-06-03 09:18:00,2025-06-03 09:22:00,F,30~39,office,seoul,0,0,0,0,23,0,0,64,0,0,abandoned
16584,U6585,2025-10-12 07:52:00,2025-10-12 07:58:00,F,40~49,office,seoul,1,0,0,0,24,0,0,69,0,0,completed
16585,U6586,2025-05-15 07:35:00,2025-05-15 07:39:00,M,20~29,office,seoul,0,0,0,0,7,0,0,79,0,0,completed
16586,U6587,2025-05-09 16:24:00,2025-05-09 16:28:00,F,40~49,office,seoul,0,0,0,0,0,0,0,59,0,0,completed
16587,U6588,2025-05-02 13:11:00,2025-05-02 13:14:00,F,30~39,office,seoul,0,0,0,0,1,0,0,59,0,0,completed
16588,U6589,2025-03-04 21:18:00,2025-03-04 21:21:00,F,20~29,office,seoul,0,0,0,0,27,0,0,37,0,0,completed
16589,U6590,2025-09-20 14:34:00,2025-09-20 14:40:00,M,20~29,office,seoul,1,0,0,0,28,0,0,25,0,0,completed
16590,U6591,2025-06-07 12:32:00,2025-06-07 12:36:00,M,40~49,office,seoul,1,0,0,0,14,0,0,70,0,0,completed
16591,U6592,2025-05-28 19:31:00,2025-05-28 19:35:00,M,20~29,office,seoul,0,0,0,0,21,0,0,51,0,0,completed
16592,U6593,2025-12-02 08:20:00,2025-12-02 08:24:00,F,30~39,office,seoul,0,0,0,0,24,0,0,27,0,0,completed
16593,U6594,2025-11-30 17:12:00,2025-11-30 17:18:00,M,50+,office,seoul,1,0,0,0,14,0,0,30,0,0,completed
16594,U6595,2025-03-08 12:03:00,2025-03-08 12:07:00,F,30~39,office,seoul,1,0,0,0,17,0,0,71,0,0,completed
16595,U6596,2025-08-09 21:23:00,2025-08-09 21:30:00,F,20~29,office,seoul,1,0,0,0,11,0,0,20,0,0,completed
16596,U6597,2025-06-16 22:12:00,2025-06-16 22:15:00,F,40~49,office,seoul,0,0,0,0,3,0,0,66,0,0,completed
16597,U6598,2025-04-22 18:29:00,2025-04-22 18:36:00,F,40~49,office,seoul,0,0,0,0,21,0,0,28,0,0,completed
16598,U6599,2025-08-01 08:57:00,2025-08-01 09:00:00,M,30~39,office,seoul,0,0,0,0,1,0,0,29,0,0,completed
16599,U6600,2025-03-13 19:23:00,2025-03-13 19:26:00,F,20~29,office,seoul,0,0,0,0,25,0,0,73,0,0,completed
16600,U6601,2025-01-17 17:56:00,2025-01-17 18:03:00,F,20~29,office,seoul,0,0,0,0,23,0,0,20,0,0,completed
16601,U6602,2025-05-19 07:22:00,2025-05-19 07:25:00,F,40~49,office,seoul,0,0,0,0,3,0,0,58,0,0,completed
16602,U6603,2025-05-10 15:48:00,2025-05-10 15:55:00,F,30~39,office,seoul,1,0,0,0,22,0,0,15,0,0,completed
16603,U6604,2025-12-17 14:19:00,2025-12-17 14:21:00,F,50+,office,seoul,0,0,0,0,7,0,0,52,0,0,completed
16604,U6605,2025-11-27 11:28:00,2025-11-27 11:30:00,M,30~39,office,seoul,0,0,0,0,10,0,0,69,0,0,completed
16605,U6606,2025-12-06 12:46:00,2025-12-06 12:53:00,F,20~29,office,seoul,1,0,0,0,17,0,0,23,0,0,error
16606,U6607,2025-08-27 07:21:00,2025-08-27 07:25:00,M,20~29,office,seoul,0,0,0,0,27,0,0,54,0,0,completed
16607,U6608,2025-09-21 15:11:00,2025-09-21 15:14:00,M,30~39,office,seoul,1,0,0,0,6,0,0,73,0,0,completed
16608,U6609,2025-06-25 15:53:00,2025-06-25 15:55:00,M,30~39,office,seoul,0,0,0,0,5,0,0,54,0,0,completed
16609,U6610,2025-02-23 18:50:00,2025-02-23 18:52:00,F,30~39,office,seoul,1,0,0,0,12,0,0,20,0,0,abandoned
16610,U6611,2025-10-26 12:37:00,2025-10-26 12:39:00,M,20~29,office,seoul,1,0,0,0,19,0,0,65,0,0,completed
16611,U6612,2025-02-10 21:02:00,2025-02-10 21:07:00,M,30~39,office,seoul,0,0,0,0,19,0,0,16,0,0,completed
16612,U6613,2025-01-26 09:12:00,2025-01-26 09:16:00,F,20~29,office,seoul,1,0,0,0,0,0,0,49,0,0,completed
16613,U6614,2025-01-20 17:56:00,2025-01-20 17:58:00,F,50+,office,seoul,0,0,0,0,0,0,0,23,0,0,completed
16614,U6615,2025-06-02 07:54:00,2025-06-02 08:01:00,F,50+,office,seoul,0,0,0,0,15,0,0,56,0,0,completed
16615,U6616,2025-09-12 14:42:00,2025-09-12 14:47:00,F,20~29,office,seoul,0,0,0,0,6,0,0,39,0,0,completed
16616,U6617,2025-05-06 14:49:00,2025-05-06 14:56:00,M,30~39,office,seoul,0,0,0,0,13,0,0,35,0,0,completed
16617,U6618,2025-12-05 12:03:00,2025-12-05 12:10:00,M,30~39,office,seoul,0,0,0,0,7,0,0,65,0,0,completed
16618,U6619,2025-01-14 17:38:00,2025-01-14 17:42:00,F,30~39,office,seoul,0,0,0,0,26,0,0,40,0,0,completed
16619,U6620,2025-02-28 14:01:00,2025-02-28 14:08:00,F,30~39,office,seoul,0,0,0,0,17,0,0,20,0,0,completed
16620,U6621,2025-11-22 13:45:00,2025-11-22 13:50:00,M,40~49,office,seoul,1,0,0,0,25,0,0,65,0,0,completed
16621,U6622,2025-08-19 13:21:00,2025-08-19 13:25:00,F,30~39,office,seoul,0,0,0,0,21,0,0,14,0,0,completed
16622,U6623,2025-09-18 15:13:00,2025-09-18 15:18:00,F,20~29,office,seoul,0,0,0,0,24,0,0,22,0,0,completed
16623,U6624,2025-03-17 09:16:00,2025-03-17 09:20:00,M,40~49,office,seoul,0,0,0,0,6,0,0,19,0,0,completed
16624,U6625,2025-12-06 18:39:00,2025-12-06 18:43:00,M,20~29,office,seoul,1,0,0,0,27,0,0,68,1,0,completed
16625,U6626,2025-01-11 11:15:00,2025-01-11 11:21:00,M,40~49,office,seoul,1,0,0,0,5,0,0,46,0,0,completed
16626,U6627,2025-02-14 14:19:00,2025-02-14 14:21:00,M,40~49,office,seoul,0,0,0,0,8,0,0,18,0,0,completed
16627,U6628,2025-07-17 19:41:00,2025-07-17 19:44:00,M,40~49,office,seoul,0,0,0,0,1,0,0,74,0,0,completed
16628,U6629,2025-09-23 08:46:00,2025-09-23 08:51:00,M,30~39,office,seoul,0,0,0,0,5,0,0,63,0,0,completed
16629,U6630,2025-05-20 21:16:00,2025-05-20 21:23:00,M,40~49,office,seoul,0,0,0,0,22,0,0,63,0,0,completed
16630,U6631,2025-07-31 11:43:00,2025-07-31 11:49:00,F,50+,office,seoul,0,0,0,0,14,0,0,38,0,0,completed
16631,U6632,2025-03-23 07:29:00,2025-03-23 07:36:00,F,20~29,office,seoul,1,0,0,0,21,0,0,74,0,0,completed
16632,U6633,2025-07-23 09:28:00,2025-07-23 09:32:00,M,50+,office,seoul,0,0,0,0,24,0,0,24,0,0,completed
16633,U6634,2025-10-19 09:19:00,2025-10-19 09:22:00,M,40~49,office,seoul,1,0,0,0,1,0,0,20,0,0,completed
16634,U6635,2025-07-18 12:38:00,2025-07-18 12:40:00,M,50+,office,seoul,0,0,0,0,18,0,0,45,1,0,timeout
16635,U6636,2025-03-14 15:01:00,2025-03-14 15:03:00,F,30~39,office,seoul,0,0,0,0,1,0,0,20,0,0,completed
16636,U6637,2025-03-03 07:58:00,2025-03-03 08:01:00,F,30~39,office,seoul,0,0,0,0,19,0,0,44,0,0,completed
16637,U6638,2025-11-27 17:24:00,2025-11-27 17:27:00,F,20~29,office,seoul,0,0,0,0,8,0,0,37,0,0,completed
16638,U6639,2025-09-24 09:41:00,2025-09-24 09:43:00,F,20~29,office,seoul,0,0,0,0,0,0,0,44,0,0,completed
16639,U6640,2025-08-23 09:53:00,2025-08-23 09:57:00,F,20~29,office,seoul,1,0,0,0,27,0,0,52,0,0,completed
16640,U6641,2025-08-08 22:16:00,2025-08-08 22:22:00,F,20~29,office,seoul,0,0,0,0,14,0,0,35,0,0,completed
16641,U6642,2025-01-06 09:15:00,2025-01-06 09:19:00,F,30~39,office,seoul,0,0,0,0,11,0,0,14,0,0,timeout
16642,U6643,2025-10-28 14:39:00,2025-10-28 14:45:00,M,20~29,office,seoul,0,0,0,0,7,0,0,79,0,0,completed
16643,U6644,2025-12-05 13:05:00,2025-12-05 13:09:00,M,20~29,office,seoul,0,0,0,0,16,0,0,72,0,0,abandoned
16644,U6645,2025-03-17 17:00:00,2025-03-17 17:07:00,M,30~39,office,seoul,0,0,0,0,21,0,0,35,0,0,completed
16645,U6646,2025-06-26 12:35:00,2025-06-26 12:42:00,F,30~39,office,seoul,0,0,0,0,18,0,0,52,0,0,completed
16646,U6647,2025-01-19 09:00:00,2025-01-19 09:02:00,M,50+,office,seoul,1,0,0,0,2,0,0,59,0,0,completed
16647,U6648,2025-12-13 18:37:00,2025-12-13 18:43:00,M,20~29,office,seoul,1,0,0,0,24,0,0,24,0,0,completed
16648,U6649,2025-12-30 18:33:00,2025-12-30 18:39:00,M,20~29,office,seoul,0,0,0,0,22,0,0,37,0,0,completed
16649,U6650,2025-04-15 17:54:00,2025-04-15 18:01:00,M,40~49,office,seoul,0,0,0,0,17,0,0,79,0,0,completed
16650,U6651,2025-07-01 15:21:00,2025-07-01 15:28:00,M,40~49,office,seoul,0,0,0,0,16,0,0,18,0,0,completed
16651,U6652,2025-06-26 17:42:00,2025-06-26 17:45:00,F,30~39,office,seoul,0,0,0,0,7,0,0,31,0,0,completed
16652,U6653,2025-12-30 16:15:00,2025-12-30 16:19:00,F,30~39,office,seoul,0,0,0,0,2,0,0,25,0,0,error
16653,U6654,2025-04-19 08:53:00,2025-04-19 08:58:00,F,40~49,office,seoul,1,0,0,0,6,0,0,56,0,0,completed
16654,U6655,2025-05-06 11:05:00,2025-05-06 11:08:00,M,20~29,office,seoul,0,0,0,0,3,0,0,69,0,0,completed
16655,U6656,2025-11-04 16:49:00,2025-11-04 16:55:00,M,30~39,office,seoul,0,0,0,0,9,0,0,12,0,0,completed
16656,U6657,2025-12-09 14:31:00,2025-12-09 14:35:00,F,20~29,office,seoul,0,0,0,0,16,0,0,19,0,0,completed
16657,U6658,2025-10-14 17:33:00,2025-10-14 17:36:00,F,50+,office,seoul,0,0,0,0,20,0,0,74,0,0,completed
16658,U6659,2025-08-03 07:10:00,2025-08-03 07:12:00,M,30~39,office,seoul,1,0,0,0,6,0,0,25,0,0,completed
16659,U6660,2025-12-27 15:06:00,2025-12-27 15:10:00,M,30~39,office,seoul,1,0,0,0,14,0,0,49,0,0,completed
16660,U6661,2025-09-13 09:27:00,2025-09-13 09:29:00,F,20~29,office,seoul,1,0,0,0,16,0,0,31,0,0,completed
16661,U6662,2025-03-23 15:53:00,2025-03-23 15:57:00,F,20~29,office,seoul,1,0,0,0,5,0,0,41,0,0,completed
16662,U6663,2025-01-01 12:31:00,2025-01-01 12:34:00,F,30~39,office,seoul,0,0,0,0,3,0,0,14,0,0,completed
16663,U6664,2025-08-23 13:17:00,2025-08-23 13:21:00,F,40~49,office,seoul,1,0,0,0,25,0,0,64,0,0,timeout
16664,U6665,2025-10-09 16:50:00,2025-10-09 16:53:00,M,20~29,office,seoul,0,0,0,0,21,0,0,55,0,0,completed
16665,U6666,2025-10-25 12:55:00,2025-10-25 12:57:00,F,50+,office,seoul,1,0,0,0,6,0,0,50,0,0,completed
16666,U6667,2025-12-23 09:01:00,2025-12-23 09:04:00,M,40~49,office,seoul,0,0,0,0,9,0,0,72,0,0,abandoned
16667,U6668,2025-02-09 08:24:00,2025-02-09 08:29:00,F,30~39,office,seoul,1,0,0,0,22,0,0,41,0,0,completed
16668,U6669,2025-12-10 07:18:00,2025-12-10 07:22:00,M,20~29,office,seoul,0,0,0,0,22,0,0,37,0,0,completed
16669,U6670,2025-10-27 15:51:00,2025-10-27 15:56:00,M,20~29,office,seoul,0,0,0,0,10,0,0,34,1,0,completed
16670,U6671,2025-01-02 17:41:00,2025-01-02 17:48:00,M,20~29,office,seoul,0,0,0,0,12,0,0,31,0,0,completed
16671,U6672,2025-02-18 07:10:00,2025-02-18 07:16:00,F,50+,office,seoul,0,0,0,0,11,0,0,51,0,0,completed
16672,U6673,2025-12-10 17:41:00,2025-12-10 17:44:00,M,30~39,office,seoul,0,0,0,0,10,0,0,58,0,0,completed
16673,U6674,2025-09-23 12:08:00,2025-09-23 12:10:00,F,50+,office,seoul,0,0,0,0,11,0,0,34,0,0,error
16674,U6675,2025-09-08 12:34:00,2025-09-08 12:37:00,M,20~29,office,seoul,0,0,0,0,21,0,0,40,0,0,completed
16675,U6676,2025-06-09 12:24:00,2025-06-09 12:26:00,F,50+,office,seoul,0,0,0,0,8,0,0,15,0,0,completed
16676,U6677,2025-07-24 14:23:00,2025-07-24 14:29:00,M,40~49,office,seoul,0,0,0,0,3,0,0,44,0,0,abandoned
16677,U6678,2025-09-26 14:19:00,2025-09-26 14:25:00,F,20~29,office,seoul,0,0,0,0,1,0,0,53,0,0,completed
16678,U6679,2025-11-08 09:22:00,2025-11-08 09:26:00,F,40~49,office,seoul,1,0,0,0,27,0,0,38,0,0,completed
16679,U6680,2025-10-23 08:59:00,2025-10-23 09:03:00,F,30~39,office,seoul,0,0,0,0,16,0,0,51,0,0,timeout
16680,U6681,2025-06-22 15:32:00,2025-06-22 15:36:00,F,20~29,office,seoul,1,0,0,0,22,0,0,37,0,0,completed
16681,U6682,2025-06-07 14:03:00,2025-06-07 14:06:00,F,40~49,office,seoul,1,0,0,0,29,0,0,44,0,0,completed
16682,U6683,2025-05-19 14:35:00,2025-05-19 14:37:00,F,20~29,office,seoul,0,0,0,0,2,0,0,11,0,0,completed
16683,U6684,2025-01-02 18:05:00,2025-01-02 18:10:00,F,30~39,office,seoul,0,0,0,0,21,0,0,32,0,0,completed
16684,U6685,2025-06-21 21:42:00,2025-06-21 21:44:00,M,40~49,office,seoul,1,0,0,0,19,0,0,33,0,0,completed
16685,U6686,2025-07-27 18:57:00,2025-07-27 18:59:00,M,40~49,office,seoul,1,0,0,0,28,0,0,25,0,0,completed
16686,U6687,2025-04-20 12:25:00,2025-04-20 12:32:00,F,50+,office,seoul,1,0,0,0,28,0,0,36,0,1,completed
16687,U6688,2025-11-26 15:03:00,2025-11-26 15:06:00,M,30~39,office,seoul,0,0,0,0,21,0,0,20,0,0,completed
16688,U6689,2025-07-28 20:48:00,2025-07-28 20:55:00,F,20~29,office,seoul,0,0,0,0,10,0,0,29,0,0,abandoned
16689,U6690,2025-01-10 12:25:00,2025-01-10 12:28:00,M,30~39,office,seoul,0,0,0,0,24,0,0,77,0,0,completed
16690,U6691,2025-04-19 12:59:00,2025-04-19 13:06:00,F,20~29,office,seoul,1,0,0,0,26,0,0,70,0,0,completed
16691,U6692,2025-07-29 12:35:00,2025-07-29 12:37:00,F,40~49,office,seoul,0,0,0,0,20,0,0,24,0,0,completed
16692,U6693,2025-12-24 22:06:00,2025-12-24 22:10:00,F,20~29,office,seoul,0,0,0,0,14,0,0,32,0,0,error
16693,U6694,2025-12-05 07:20:00,2025-12-05 07:22:00,F,50+,office,seoul,0,0,0,0,17,0,0,57,0,0,completed
16694,U6695,2025-11-01 18:32:00,2025-11-01 18:37:00,F,20~29,office,seoul,1,0,0,0,9,0,0,10,0,0,timeout
16695,U6696,2025-01-23 13:57:00,2025-01-23 14:02:00,M,30~39,office,seoul,0,0,0,0,20,0,0,13,1,0,completed
16696,U6697,2025-06-05 20:38:00,2025-06-05 20:42:00,M,20~29,office,seoul,0,0,0,0,21,0,0,13,0,0,completed
16697,U6698,2025-02-16 08:17:00,2025-02-16 08:22:00,M,30~39,office,seoul,1,0,0,0,28,0,0,63,0,0,completed
16698,U6699,2025-09-08 15:39:00,2025-09-08 15:41:00,M,40~49,office,seoul,0,0,0,0,21,0,0,41,0,0,completed
16699,U6700,2025-04-25 14:57:00,2025-04-25 15:04:00,F,20~29,office,seoul,0,0,0,0,28,0,0,66,0,0,completed
16700,U6701,2025-12-15 08:01:00,2025-12-15 08:06:00,F,30~39,office,seoul,0,0,0,0,22,0,0,67,0,0,completed
16701,U6702,2025-11-10 20:54:00,2025-11-10 21:01:00,F,20~29,office,seoul,0,0,0,0,7,0,0,78,0,0,abandoned
16702,U6703,2025-03-22 09:28:00,2025-03-22 09:34:00,F,40~49,office,seoul,1,0,0,0,24,0,0,27,0,0,completed
16703,U6704,2025-11-20 14:05:00,2025-11-20 14:11:00,F,20~29,office,seoul,0,0,0,0,1,0,0,40,1,0,completed
16704,U6705,2025-04-21 12:08:00,2025-04-21 12:12:00,F,20~29,office,seoul,0,0,0,0,4,0,0,44,0,0,completed
16705,U6706,2025-06-07 12:07:00,2025-06-07 12:14:00,M,20~29,office,seoul,1,0,0,0,11,0,0,70,0,0,completed
16706,U6707,2025-11-15 09:42:00,2025-11-15 09:47:00,F,20~29,office,seoul,1,0,0,0,17,0,0,15,0,0,completed
16707,U6708,2025-01-14 22:51:00,2025-01-14 22:58:00,F,40~49,office,seoul,0,0,0,0,5,0,0,18,0,0,completed
16708,U6709,2025-03-15 12:30:00,2025-03-15 12:37:00,M,30~39,office,seoul,1,0,0,0,10,0,0,63,0,0,timeout
16709,U6710,2025-03-08 16:38:00,2025-03-08 16:42:00,M,20~29,office,seoul,1,0,0,0,13,0,0,24,0,0,completed
16710,U6711,2025-07-30 17:50:00,2025-07-30 17:52:00,M,30~39,office,seoul,0,0,0,0,10,0,0,68,0,0,completed
16711,U6712,2025-03-19 09:12:00,2025-03-19 09:16:00,M,40~49,office,seoul,0,0,0,0,6,0,0,61,0,0,completed
16712,U6713,2025-03-23 15:41:00,2025-03-23 15:45:00,F,20~29,office,seoul,1,0,0,0,27,0,0,43,0,0,completed
16713,U6714,2025-09-20 19:10:00,2025-09-20 19:13:00,M,20~29,office,seoul,1,0,0,0,24,0,0,11,0,0,completed
16714,U6715,2025-12-06 07:24:00,2025-12-06 07:28:00,M,40~49,office,seoul,1,0,0,0,28,0,0,18,0,0,abandoned
16715,U6716,2025-12-02 19:14:00,2025-12-02 19:17:00,M,50+,office,seoul,0,0,0,0,11,0,0,51,0,0,completed
16716,U6717,2025-07-14 07:31:00,2025-07-14 07:36:00,F,30~39,office,seoul,0,0,0,0,11,0,0,66,0,0,completed
16717,U6718,2025-08-22 13:18:00,2025-08-22 13:24:00,F,50+,office,seoul,0,0,0,0,0,0,0,79,0,1,completed
16718,U6719,2025-08-12 07:37:00,2025-08-12 07:39:00,F,40~49,office,seoul,0,0,0,0,7,0,0,67,0,0,completed
16719,U6720,2025-05-12 07:54:00,2025-05-12 07:56:00,F,20~29,office,seoul,0,0,0,0,23,0,0,12,0,0,completed
16720,U6721,2025-02-16 12:31:00,2025-02-16 12:33:00,F,30~39,office,seoul,1,0,0,0,29,0,0,35,0,0,completed
16721,U6722,2025-04-16 09:13:00,2025-04-16 09:19:00,F,40~49,office,seoul,0,0,0,0,4,0,0,22,0,0,completed
16722,U6723,2025-06-08 14:47:00,2025-06-08 14:54:00,M,20~29,office,seoul,1,0,0,0,9,0,0,76,0,0,completed
16723,U6724,2025-05-30 14:39:00,2025-05-30 14:45:00,F,30~39,office,seoul,0,0,0,0,24,0,0,77,0,0,completed
16724,U6725,2025-11-29 09:01:00,2025-11-29 09:06:00,M,20~29,office,seoul,1,0,0,0,27,0,0,75,0,0,abandoned
16725,U6726,2025-08-06 15:16:00,2025-08-06 15:21:00,F,50+,office,seoul,0,0,0,0,5,0,0,58,1,0,completed
16726,U6727,2025-12-18 21:08:00,2025-12-18 21:11:00,M,20~29,office,seoul,0,0,0,0,29,0,0,42,0,0,completed
16727,U6728,2025-11-03 11:38:00,2025-11-03 11:42:00,F,30~39,office,seoul,0,0,0,0,1,0,0,46,1,0,completed
16728,U6729,2025-06-06 21:24:00,2025-06-06 21:26:00,M,50+,office,seoul,0,0,0,0,16,0,0,19,0,0,completed
16729,U6730,2025-07-30 21:34:00,2025-07-30 21:36:00,F,50+,office,seoul,0,0,0,0,22,0,0,43,0,0,completed
16730,U6731,2025-01-28 17:28:00,2025-01-28 17:32:00,M,20~29,office,seoul,0,0,0,0,8,0,0,41,0,0,completed
16731,U6732,2025-03-29 18:07:00,2025-03-29 18:10:00,F,30~39,office,seoul,1,0,0,0,3,0,0,37,0,0,completed
16732,U6733,2025-06-08 16:38:00,2025-06-08 16:42:00,M,30~39,office,seoul,1,0,0,0,7,0,0,68,0,0,completed
16733,U6734,2025-09-04 15:42:00,2025-09-04 15:49:00,M,50+,office,seoul,0,0,0,0,15,0,0,39,0,0,completed
16734,U6735,2025-03-07 11:32:00,2025-03-07 11:39:00,F,30~39,office,seoul,0,0,0,0,5,0,0,72,0,0,completed
16735,U6736,2025-12-29 12:07:00,2025-12-29 12:14:00,F,20~29,office,seoul,0,0,0,0,2,0,0,51,0,0,completed
16736,U6737,2025-11-26 18:54:00,2025-11-26 18:59:00,F,30~39,office,seoul,0,0,0,0,1,0,0,22,0,0,completed
16737,U6738,2025-07-08 09:43:00,2025-07-08 09:46:00,M,50+,office,seoul,0,0,0,0,19,0,0,21,0,0,completed
16738,U6739,2025-01-16 11:35:00,2025-01-16 11:38:00,F,40~49,office,seoul,0,0,0,0,1,0,0,48,0,0,completed
16739,U6740,2025-06-08 21:24:00,2025-06-08 21:30:00,F,20~29,office,seoul,1,0,0,0,16,0,0,66,0,0,completed
16740,U6741,2025-10-28 15:59:00,2025-10-28 16:02:00,M,40~49,office,seoul,0,0,0,0,17,0,0,22,0,0,completed
16741,U6742,2025-11-05 11:32:00,2025-11-05 11:34:00,F,30~39,office,seoul,0,0,0,0,27,0,0,57,0,0,completed
16742,U6743,2025-07-18 08:36:00,2025-07-18 08:43:00,M,30~39,office,seoul,0,0,0,0,0,0,0,12,0,0,completed
16743,U6744,2025-08-26 17:41:00,2025-08-26 17:48:00,M,20~29,office,seoul,0,0,0,0,7,0,0,74,0,0,completed
16744,U6745,2025-12-10 14:46:00,2025-12-10 14:48:00,M,30~39,office,seoul,0,0,0,0,27,0,0,39,0,0,completed
16745,U6746,2025-06-14 12:39:00,2025-06-14 12:42:00,M,20~29,office,seoul,1,0,0,0,21,0,0,60,0,0,completed
16746,U6747,2025-11-02 14:22:00,2025-11-02 14:28:00,M,40~49,office,seoul,1,0,0,0,19,0,0,31,0,0,completed
16747,U6748,2025-11-05 11:03:00,2025-11-05 11:05:00,F,30~39,office,seoul,0,0,0,0,16,0,0,49,0,0,completed
16748,U6749,2025-09-04 12:27:00,2025-09-04 12:29:00,F,50+,office,seoul,0,0,0,0,14,0,0,16,0,0,completed
16749,U6750,2025-12-29 15:40:00,2025-12-29 15:45:00,M,20~29,office,seoul,0,0,0,0,7,0,0,64,0,0,completed
16750,U6751,2025-09-08 12:37:00,2025-09-08 12:39:00,F,20~29,office,seoul,0,0,0,0,13,0,0,26,0,0,completed
16751,U6752,2025-11-20 07:17:00,2025-11-20 07:22:00,M,20~29,office,seoul,0,0,0,0,27,0,0,56,0,0,completed
16752,U6753,2025-09-04 08:32:00,2025-09-04 08:37:00,F,40~49,office,seoul,0,0,0,0,28,0,0,20,0,0,completed
16753,U6754,2025-12-19 19:08:00,2025-12-19 19:13:00,M,40~49,office,seoul,0,0,0,0,23,0,0,38,0,0,abandoned
16754,U6755,2025-10-28 09:16:00,2025-10-28 09:19:00,M,50+,office,seoul,0,0,0,0,26,0,0,62,0,0,completed
16755,U6756,2025-10-06 08:02:00,2025-10-06 08:08:00,M,30~39,office,seoul,0,0,0,0,10,0,0,55,0,0,abandoned
16756,U6757,2025-01-12 09:54:00,2025-01-12 10:00:00,M,40~49,office,seoul,1,0,0,0,27,0,0,77,0,0,completed
16757,U6758,2025-02-06 13:10:00,2025-02-06 13:13:00,F,40~49,office,seoul,0,0,0,0,26,0,0,50,0,0,completed
16758,U6759,2025-01-19 07:26:00,2025-01-19 07:31:00,F,40~49,office,seoul,1,0,0,0,0,0,0,13,0,0,completed
16759,U6760,2025-07-12 15:18:00,2025-07-12 15:21:00,M,50+,office,seoul,1,0,0,0,23,0,0,72,0,0,completed
16760,U6761,2025-08-19 18:42:00,2025-08-19 18:48:00,F,20~29,office,seoul,0,0,0,0,8,0,0,31,0,0,timeout
16761,U6762,2025-12-02 15:13:00,2025-12-02 15:20:00,F,40~49,office,seoul,0,0,0,0,0,0,0,54,0,0,completed
16762,U6763,2025-05-08 19:37:00,2025-05-08 19:41:00,F,20~29,office,seoul,0,0,0,0,21,0,0,39,0,0,completed
16763,U6764,2025-05-24 13:53:00,2025-05-24 13:56:00,F,40~49,office,seoul,1,0,0,0,20,0,0,46,0,0,completed
16764,U6765,2025-09-03 20:37:00,2025-09-03 20:42:00,M,20~29,office,seoul,0,0,0,0,25,0,0,11,0,0,completed
16765,U6766,2025-05-31 19:07:00,2025-05-31 19:12:00,M,30~39,office,seoul,1,0,0,0,3,0,0,32,0,0,completed
16766,U6767,2025-12-17 12:40:00,2025-12-17 12:44:00,F,30~39,office,seoul,0,0,0,0,22,0,0,46,0,0,completed
16767,U6768,2025-08-09 14:56:00,2025-08-09 14:58:00,F,50+,office,seoul,1,0,0,0,25,0,0,61,0,0,completed
16768,U6769,2025-07-24 18:00:00,2025-07-24 18:05:00,M,20~29,office,seoul,0,0,0,0,1,0,0,69,0,0,completed
16769,U6770,2025-04-19 20:11:00,2025-04-19 20:17:00,F,50+,office,seoul,1,0,0,0,18,0,0,26,0,0,completed
16770,U6771,2025-05-05 15:12:00,2025-05-05 15:18:00,M,50+,office,seoul,0,0,0,0,17,0,0,71,0,0,abandoned
16771,U6772,2025-12-05 16:15:00,2025-12-05 16:19:00,M,20~29,office,seoul,0,0,0,0,21,0,0,42,0,0,completed
16772,U6773,2025-02-25 11:16:00,2025-02-25 11:20:00,M,50+,office,seoul,0,0,0,0,28,0,0,17,0,0,completed
16773,U6774,2025-04-10 12:37:00,2025-04-10 12:44:00,M,30~39,office,seoul,0,0,0,0,16,0,0,38,0,0,completed
16774,U6775,2025-11-25 17:58:00,2025-11-25 18:04:00,F,50+,office,seoul,0,0,0,0,28,0,0,20,0,0,completed
16775,U6776,2025-07-20 09:42:00,2025-07-20 09:46:00,F,40~49,office,seoul,1,0,0,0,15,0,0,64,0,0,completed
16776,U6777,2025-11-16 17:43:00,2025-11-16 17:49:00,F,20~29,office,seoul,1,0,0,0,23,0,0,12,0,0,completed
16777,U6778,2025-01-21 08:19:00,2025-01-21 08:22:00,F,20~29,office,seoul,0,0,0,0,22,0,0,33,0,0,completed
16778,U6779,2025-01-09 07:34:00,2025-01-09 07:37:00,F,20~29,office,seoul,0,0,0,0,2,0,0,32,0,0,completed
16779,U6780,2025-02-20 09:11:00,2025-02-20 09:14:00,M,20~29,office,seoul,0,0,0,0,23,0,0,48,0,0,completed
16780,U6781,2025-06-22 14:08:00,2025-06-22 14:12:00,F,30~39,office,seoul,1,0,0,0,12,0,0,69,0,0,abandoned
16781,U6782,2025-10-10 12:06:00,2025-10-10 12:12:00,F,20~29,office,seoul,0,0,0,0,4,0,0,50,0,0,completed
16782,U6783,2025-02-07 09:50:00,2025-02-07 09:53:00,F,20~29,office,seoul,0,0,0,0,10,0,0,13,0,0,completed
16783,U6784,2025-02-22 19:26:00,2025-02-22 19:31:00,F,20~29,office,seoul,1,0,0,0,13,0,0,48,0,0,completed
16784,U6785,2025-02-09 20:43:00,2025-02-09 20:50:00,M,20~29,office,seoul,1,0,0,0,11,0,0,39,0,0,completed
16785,U6786,2025-10-16 13:35:00,2025-10-16 13:37:00,F,20~29,office,seoul,0,0,0,0,15,0,0,44,0,0,completed
16786,U6787,2025-12-24 16:53:00,2025-12-24 16:57:00,F,40~49,office,seoul,0,0,0,0,9,0,0,73,0,0,completed
16787,U6788,2025-11-07 07:45:00,2025-11-07 07:47:00,F,30~39,office,seoul,0,0,0,0,18,0,0,51,0,0,completed
16788,U6789,2025-10-05 18:13:00,2025-10-05 18:19:00,F,30~39,office,seoul,1,0,0,0,26,0,0,47,0,0,timeout
16789,U6790,2025-03-22 09:47:00,2025-03-22 09:51:00,M,30~39,office,seoul,1,0,0,0,9,0,0,66,0,0,completed
16790,U6791,2025-10-28 08:13:00,2025-10-28 08:20:00,M,20~29,office,seoul,0,0,0,0,29,0,0,19,0,0,completed
16791,U6792,2025-05-25 09:06:00,2025-05-25 09:12:00,F,40~49,office,seoul,1,0,0,0,9,0,0,56,0,0,completed
16792,U6793,2025-10-10 17:57:00,2025-10-10 18:00:00,F,20~29,office,seoul,0,0,0,0,3,0,0,49,0,0,error
16793,U6794,2025-08-28 16:15:00,2025-08-28 16:17:00,F,50+,office,seoul,0,0,0,0,22,0,0,17,0,0,completed
16794,U6795,2025-12-17 17:21:00,2025-12-17 17:23:00,F,30~39,office,seoul,0,0,0,0,17,0,0,30,0,0,completed
16795,U6796,2025-07-21 20:56:00,2025-07-21 21:01:00,M,20~29,office,seoul,0,0,0,0,3,0,0,13,0,0,completed
16796,U6797,2025-02-08 14:11:00,2025-02-08 14:17:00,F,20~29,office,seoul,1,0,0,0,1,0,0,21,0,0,completed
16797,U6798,2025-03-15 08:08:00,2025-03-15 08:15:00,F,20~29,office,seoul,1,0,0,0,12,0,0,11,0,0,completed
16798,U6799,2025-04-08 07:44:00,2025-04-08 07:51:00,F,20~29,office,seoul,0,0,0,0,22,0,0,58,0,0,error
16799,U6800,2025-09-26 11:29:00,2025-09-26 11:31:00,F,20~29,office,seoul,0,0,0,0,29,0,0,71,0,0,completed
16800,U6801,2025-12-24 16:15:00,2025-12-24 16:20:00,M,40~49,office,seoul,0,0,0,0,12,0,0,74,0,0,completed
16801,U6802,2025-10-10 15:27:00,2025-10-10 15:32:00,M,30~39,office,seoul,0,0,0,0,3,0,0,20,0,0,completed
16802,U6803,2025-08-30 08:49:00,2025-08-30 08:55:00,M,30~39,office,seoul,1,0,0,0,22,0,0,71,0,0,completed
16803,U6804,2025-04-16 17:34:00,2025-04-16 17:37:00,F,40~49,office,seoul,0,0,0,0,3,0,0,36,0,0,error
16804,U6805,2025-11-21 19:52:00,2025-11-21 19:55:00,F,30~39,office,seoul,0,0,0,0,2,0,0,39,0,0,completed
16805,U6806,2025-12-11 16:20:00,2025-12-11 16:26:00,F,20~29,office,seoul,0,0,0,0,3,0,0,79,0,0,completed
16806,U6807,2025-11-03 19:54:00,2025-11-03 19:56:00,F,50+,office,seoul,0,0,0,0,20,0,0,34,1,0,completed
16807,U6808,2025-07-20 12:57:00,2025-07-20 13:03:00,F,50+,office,seoul,1,0,0,0,12,0,0,55,0,0,completed
16808,U6809,2025-10-22 19:31:00,2025-10-22 19:34:00,M,30~39,office,seoul,0,0,0,0,8,0,0,70,0,0,completed
16809,U6810,2025-10-03 18:57:00,2025-10-03 19:01:00,F,50+,office,seoul,0,0,0,0,10,0,0,34,0,0,completed
16810,U6811,2025-10-22 07:13:00,2025-10-22 07:20:00,M,20~29,office,seoul,0,0,0,0,19,0,0,67,0,0,completed
16811,U6812,2025-02-17 18:22:00,2025-02-17 18:29:00,M,40~49,office,seoul,0,0,0,0,18,0,0,46,0,0,abandoned
16812,U6813,2025-05-03 16:54:00,2025-05-03 16:58:00,M,50+,office,seoul,1,0,0,0,28,0,0,23,0,0,completed
16813,U6814,2025-07-25 09:35:00,2025-07-25 09:39:00,F,20~29,office,seoul,0,0,0,0,0,0,0,60,0,0,completed
16814,U6815,2025-07-29 18:10:00,2025-07-29 18:14:00,F,40~49,office,seoul,0,0,0,0,27,0,0,34,0,0,completed
16815,U6816,2025-08-24 12:01:00,2025-08-24 12:04:00,F,30~39,office,seoul,1,0,0,0,11,0,0,74,0,0,completed
16816,U6817,2025-08-04 17:11:00,2025-08-04 17:16:00,M,20~29,office,seoul,0,0,0,0,24,0,0,62,0,0,completed
16817,U6818,2025-11-13 13:03:00,2025-11-13 13:05:00,F,20~29,office,seoul,0,0,0,0,3,0,0,74,0,0,abandoned
16818,U6819,2025-04-20 07:33:00,2025-04-20 07:37:00,M,20~29,office,seoul,1,0,0,0,13,0,0,16,0,0,completed
16819,U6820,2025-05-02 14:43:00,2025-05-02 14:45:00,F,20~29,office,seoul,0,0,0,0,29,0,0,75,0,0,completed
16820,U6821,2025-06-28 08:26:00,2025-06-28 08:30:00,F,30~39,office,seoul,1,0,0,0,16,0,0,41,0,0,completed
16821,U6822,2025-04-11 07:53:00,2025-04-11 07:56:00,M,50+,office,seoul,0,0,0,0,17,0,0,47,1,0,completed
16822,U6823,2025-06-25 16:42:00,2025-06-25 16:48:00,F,40~49,office,seoul,0,0,0,0,18,0,0,27,0,0,completed
16823,U6824,2025-06-13 12:43:00,2025-06-13 12:49:00,F,20~29,office,seoul,0,0,0,0,2,0,0,61,0,0,completed
16824,U6825,2025-08-24 12:41:00,2025-08-24 12:46:00,F,20~29,office,seoul,1,0,0,0,15,0,0,61,0,0,completed
16825,U6826,2025-10-22 12:37:00,2025-10-22 12:40:00,F,40~49,office,seoul,0,0,0,0,4,0,0,69,0,0,completed
16826,U6827,2025-01-03 12:21:00,2025-01-03 12:24:00,M,30~39,office,seoul,0,0,0,0,20,0,0,45,0,0,completed
16827,U6828,2025-06-07 08:32:00,2025-06-07 08:38:00,F,30~39,office,seoul,1,0,0,0,28,0,0,46,0,0,completed
16828,U6829,2025-03-04 09:29:00,2025-03-04 09:31:00,M,30~39,office,seoul,0,0,0,0,1,0,0,33,0,0,completed
16829,U6830,2025-07-12 15:56:00,2025-07-12 16:01:00,F,40~49,office,seoul,1,0,0,0,10,0,0,45,0,0,completed
16830,U6831,2025-04-18 15:15:00,2025-04-18 15:17:00,M,50+,office,seoul,0,0,0,0,3,0,0,65,0,0,completed
16831,U6832,2025-06-18 16:06:00,2025-06-18 16:10:00,M,40~49,office,seoul,0,0,0,0,15,0,0,13,1,0,completed
16832,U6833,2025-01-16 12:18:00,2025-01-16 12:21:00,M,30~39,office,seoul,0,0,0,0,12,0,0,53,0,0,completed
16833,U6834,2025-07-17 17:33:00,2025-07-17 17:38:00,F,20~29,office,seoul,0,0,0,0,18,0,0,63,0,0,abandoned
16834,U6835,2025-07-10 11:33:00,2025-07-10 11:39:00,M,20~29,office,seoul,0,0,0,0,15,0,0,65,0,0,completed
16835,U6836,2025-11-01 09:41:00,2025-11-01 09:45:00,F,40~49,office,seoul,1,0,0,0,11,0,0,33,0,0,completed
16836,U6837,2025-06-04 16:17:00,2025-06-04 16:22:00,F,40~49,office,seoul,0,0,0,0,14,0,0,76,0,0,abandoned
16837,U6838,2025-07-27 13:39:00,2025-07-27 13:46:00,F,30~39,office,seoul,1,0,0,0,4,0,0,29,0,0,completed
16838,U6839,2025-05-27 16:54:00,2025-05-27 17:00:00,M,50+,office,seoul,0,0,0,0,26,0,0,13,1,0,completed
16839,U6840,2025-08-04 20:56:00,2025-08-04 21:01:00,F,20~29,office,seoul,0,0,0,0,1,0,0,56,0,0,completed
16840,U6841,2025-11-27 16:35:00,2025-11-27 16:41:00,M,50+,office,seoul,0,0,0,0,4,0,0,64,0,0,completed
16841,U6842,2025-10-02 12:47:00,2025-10-02 12:54:00,M,20~29,office,seoul,0,0,0,0,26,0,0,70,0,0,completed
16842,U6843,2025-10-29 11:09:00,2025-10-29 11:14:00,F,50+,office,seoul,0,0,0,0,23,0,0,79,0,0,completed
16843,U6844,2025-03-20 20:50:00,2025-03-20 20:57:00,M,20~29,office,seoul,0,0,0,0,24,0,0,24,0,0,completed
16844,U6845,2025-05-26 15:00:00,2025-05-26 15:05:00,F,20~29,office,seoul,0,0,0,0,7,0,0,59,0,0,abandoned
16845,U6846,2025-04-27 07:15:00,2025-04-27 07:21:00,F,50+,office,seoul,1,0,0,0,1,0,0,72,0,0,completed
16846,U6847,2025-08-08 12:22:00,2025-08-08 12:25:00,M,20~29,office,seoul,0,0,0,0,5,0,0,67,0,0,completed
16847,U6848,2025-09-07 12:20:00,2025-09-07 12:26:00,M,30~39,office,seoul,1,0,0,0,29,0,0,13,0,0,completed
16848,U6849,2025-10-26 09:27:00,2025-10-26 09:32:00,F,30~39,office,seoul,1,0,0,0,29,0,0,11,0,0,timeout
16849,U6850,2025-05-19 07:34:00,2025-05-19 07:38:00,F,20~29,office,seoul,0,0,0,0,22,0,0,59,0,0,completed
16850,U6851,2025-12-10 09:40:00,2025-12-10 09:42:00,M,30~39,office,seoul,0,0,0,0,15,0,0,27,0,0,error
16851,U6852,2025-08-29 17:49:00,2025-08-29 17:55:00,F,20~29,office,seoul,0,0,0,0,12,0,0,53,0,0,completed
16852,U6853,2025-01-07 16:42:00,2025-01-07 16:47:00,F,20~29,office,seoul,0,0,0,0,21,0,0,46,0,0,abandoned
16853,U6854,2025-12-21 11:53:00,2025-12-21 11:58:00,F,30~39,office,seoul,1,0,0,0,13,0,0,65,0,0,completed
16854,U6855,2025-07-22 13:47:00,2025-07-22 13:52:00,F,40~49,office,seoul,0,0,0,0,5,0,0,43,0,0,completed
16855,U6856,2025-07-21 12:49:00,2025-07-21 12:53:00,M,20~29,office,seoul,0,0,0,0,2,0,0,12,0,0,completed
16856,U6857,2025-02-11 20:50:00,2025-02-11 20:55:00,M,20~29,office,seoul,0,0,0,0,8,0,0,51,0,0,completed
16857,U6858,2025-01-13 11:18:00,2025-01-13 11:22:00,F,30~39,office,seoul,0,0,0,0,22,0,0,66,0,0,completed
16858,U6859,2025-05-21 11:57:00,2025-05-21 12:01:00,F,30~39,office,seoul,0,0,0,0,18,0,0,29,0,0,completed
16859,U6860,2025-07-25 15:51:00,2025-07-25 15:58:00,F,50+,office,seoul,0,0,0,0,17,0,0,13,0,0,completed
16860,U6861,2025-09-12 15:04:00,2025-09-12 15:08:00,F,50+,office,seoul,0,0,0,0,26,0,0,24,0,0,completed
16861,U6862,2025-04-30 15:12:00,2025-04-30 15:14:00,F,40~49,office,seoul,0,0,0,0,26,0,0,46,0,0,abandoned
16862,U6863,2025-02-01 19:01:00,2025-02-01 19:08:00,M,30~39,office,seoul,1,0,0,0,2,0,0,32,0,0,abandoned
16863,U6864,2025-02-28 18:17:00,2025-02-28 18:24:00,F,50+,office,seoul,0,0,0,0,15,0,0,45,0,0,completed
16864,U6865,2025-02-08 15:22:00,2025-02-08 15:29:00,M,50+,office,seoul,1,0,0,0,11,0,0,13,0,0,completed
16865,U6866,2025-05-13 11:46:00,2025-05-13 11:53:00,F,30~39,office,seoul,0,0,0,0,3,0,0,64,0,0,completed
16866,U6867,2025-03-05 13:30:00,2025-03-05 13:32:00,F,30~39,office,seoul,0,0,0,0,12,0,0,46,0,0,completed
16867,U6868,2025-09-28 11:38:00,2025-09-28 11:40:00,F,50+,office,seoul,1,0,0,0,26,0,0,64,0,0,timeout
16868,U6869,2025-02-14 13:41:00,2025-02-14 13:44:00,F,30~39,office,seoul,0,0,0,0,17,0,0,33,0,0,completed
16869,U6870,2025-10-19 09:49:00,2025-10-19 09:54:00,M,30~39,office,seoul,1,0,0,0,11,0,0,35,0,0,completed
16870,U6871,2025-06-09 08:25:00,2025-06-09 08:30:00,F,40~49,office,seoul,0,0,0,0,19,0,0,63,0,0,completed
16871,U6872,2025-06-12 22:33:00,2025-06-12 22:38:00,F,20~29,office,seoul,0,0,0,0,17,0,0,74,0,0,completed
16872,U6873,2025-12-05 18:51:00,2025-12-05 18:54:00,M,30~39,office,seoul,0,0,0,0,18,0,0,66,0,0,completed
16873,U6874,2025-07-27 15:41:00,2025-07-27 15:44:00,M,30~39,office,seoul,1,0,0,0,3,0,0,14,0,0,completed
16874,U6875,2025-03-24 14:26:00,2025-03-24 14:29:00,F,20~29,office,seoul,0,0,0,0,1,0,0,34,0,0,completed
16875,U6876,2025-09-03 15:31:00,2025-09-03 15:38:00,M,30~39,office,seoul,0,0,0,0,20,0,0,56,0,0,abandoned
16876,U6877,2025-08-26 11:41:00,2025-08-26 11:47:00,F,40~49,office,seoul,0,0,0,0,5,0,0,65,0,0,completed
16877,U6878,2025-07-14 14:23:00,2025-07-14 14:26:00,M,50+,office,seoul,0,0,0,0,11,0,0,73,0,0,completed
16878,U6879,2025-08-17 15:46:00,2025-08-17 15:49:00,F,30~39,office,seoul,1,0,0,0,13,0,0,28,0,0,completed
16879,U6880,2025-03-08 18:38:00,2025-03-08 18:40:00,F,40~49,office,seoul,1,0,0,0,27,0,0,30,0,0,completed
16880,U6881,2025-11-30 20:12:00,2025-11-30 20:14:00,F,50+,office,seoul,1,0,0,0,13,0,0,22,0,0,completed
16881,U6882,2025-09-20 13:48:00,2025-09-20 13:55:00,F,20~29,office,seoul,1,0,0,0,2,0,0,63,0,0,timeout
16882,U6883,2025-02-17 17:18:00,2025-02-17 17:22:00,F,50+,office,seoul,0,0,0,0,18,0,0,24,0,0,completed
16883,U6884,2025-09-10 15:43:00,2025-09-10 15:45:00,M,20~29,office,seoul,0,0,0,0,23,0,0,73,0,0,completed
16884,U6885,2025-07-07 09:37:00,2025-07-07 09:42:00,F,20~29,office,seoul,0,0,0,0,28,0,0,43,0,0,completed
16885,U6886,2025-01-16 18:58:00,2025-01-16 19:02:00,F,30~39,office,seoul,0,0,0,0,4,0,0,45,0,0,completed
16886,U6887,2025-07-18 11:00:00,2025-07-18 11:02:00,F,20~29,office,seoul,0,0,0,0,26,0,0,34,0,0,completed
16887,U6888,2025-11-05 15:08:00,2025-11-05 15:15:00,F,50+,office,seoul,0,0,0,0,18,0,0,46,0,0,completed
16888,U6889,2025-07-23 07:26:00,2025-07-23 07:29:00,M,40~49,office,seoul,0,0,0,0,17,0,0,79,0,0,abandoned
16889,U6890,2025-10-09 15:14:00,2025-10-09 15:18:00,M,30~39,office,seoul,0,0,0,0,11,0,0,16,0,0,completed
16890,U6891,2025-07-06 11:02:00,2025-07-06 11:07:00,M,20~29,office,seoul,1,0,0,0,26,0,0,65,0,0,completed
16891,U6892,2025-02-19 13:25:00,2025-02-19 13:31:00,F,20~29,office,seoul,0,0,0,0,7,0,0,30,0,0,completed
16892,U6893,2025-11-20 12:18:00,2025-11-20 12:25:00,M,40~49,office,seoul,0,0,0,0,2,0,0,29,0,0,completed
16893,U6894,2025-11-09 20:00:00,2025-11-09 20:05:00,F,30~39,office,seoul,1,0,0,0,11,0,0,40,0,0,completed
16894,U6895,2025-12-13 14:30:00,2025-12-13 14:32:00,F,20~29,office,seoul,1,0,0,0,8,0,0,13,0,0,completed
16895,U6896,2025-08-22 11:25:00,2025-08-22 11:29:00,F,20~29,office,seoul,0,0,0,0,25,0,0,55,0,0,completed
16896,U6897,2025-01-28 08:46:00,2025-01-28 08:52:00,F,20~29,office,seoul,0,0,0,0,6,0,0,71,0,0,completed
16897,U6898,2025-05-10 18:06:00,2025-05-10 18:09:00,M,50+,office,seoul,1,0,0,0,14,0,0,56,0,0,timeout
16898,U6899,2025-06-29 15:49:00,2025-06-29 15:52:00,M,30~39,office,seoul,1,0,0,0,8,0,0,10,0,0,completed
16899,U6900,2025-11-23 16:57:00,2025-11-23 17:04:00,F,50+,office,seoul,1,0,0,0,10,0,0,30,0,0,completed
16900,U6901,2025-04-08 16:02:00,2025-04-08 16:09:00,F,30~39,office,seoul,0,0,0,0,16,0,0,31,0,0,completed
16901,U6902,2025-10-12 11:10:00,2025-10-12 11:14:00,M,50+,office,seoul,1,0,0,0,28,0,0,28,0,0,abandoned
16902,U6903,2025-11-27 17:46:00,2025-11-27 17:52:00,F,30~39,office,seoul,0,0,0,0,4,0,0,59,0,0,abandoned
16903,U6904,2025-12-31 09:53:00,2025-12-31 09:59:00,M,50+,office,seoul,0,0,0,0,21,0,0,45,0,0,completed
16904,U6905,2025-01-24 22:54:00,2025-01-24 23:00:00,F,50+,office,seoul,0,0,0,0,6,0,0,65,0,0,abandoned
16905,U6906,2025-09-15 17:02:00,2025-09-15 17:05:00,F,20~29,office,seoul,0,0,0,0,18,0,0,75,0,0,completed
16906,U6907,2025-09-15 14:26:00,2025-09-15 14:32:00,F,30~39,office,seoul,0,0,0,0,28,0,0,16,0,0,completed
16907,U6908,2025-01-13 13:22:00,2025-01-13 13:26:00,F,30~39,office,seoul,0,0,0,0,17,0,0,79,0,0,completed
16908,U6909,2025-08-30 18:11:00,2025-08-30 18:15:00,M,30~39,office,seoul,1,0,0,0,19,0,0,35,0,0,completed
16909,U6910,2025-12-04 20:25:00,2025-12-04 20:27:00,F,30~39,office,seoul,0,0,0,0,28,0,0,39,0,0,completed
16910,U6911,2025-06-04 12:45:00,2025-06-04 12:49:00,F,40~49,office,seoul,0,0,0,0,29,0,0,42,0,0,completed
16911,U6912,2025-06-11 08:18:00,2025-06-11 08:25:00,F,20~29,office,seoul,0,0,0,0,17,0,0,23,0,0,completed
16912,U6913,2025-03-05 17:52:00,2025-03-05 17:58:00,F,20~29,office,seoul,0,0,0,0,12,0,0,12,0,0,completed
16913,U6914,2025-08-27 12:22:00,2025-08-27 12:29:00,M,30~39,office,seoul,0,0,0,0,9,0,0,25,0,0,error
16914,U6915,2025-04-26 12:26:00,2025-04-26 12:33:00,F,20~29,office,seoul,1,0,0,0,4,0,0,38,0,0,completed
16915,U6916,2025-07-26 09:59:00,2025-07-26 10:05:00,F,30~39,office,seoul,1,0,0,0,25,0,0,28,0,0,completed
16916,U6917,2025-07-02 17:28:00,2025-07-02 17:35:00,F,50+,office,seoul,0,0,0,0,19,0,0,66,0,0,completed
16917,U6918,2025-12-26 11:23:00,2025-12-26 11:26:00,M,50+,office,seoul,0,0,0,0,7,0,0,51,1,0,completed
16918,U6919,2025-08-22 11:58:00,2025-08-22 12:01:00,M,40~49,office,seoul,0,0,0,0,27,0,0,20,0,0,completed
16919,U6920,2025-12-16 13:33:00,2025-12-16 13:35:00,F,50+,office,seoul,0,0,0,0,17,0,0,78,0,0,completed
16920,U6921,2025-07-23 13:00:00,2025-07-23 13:06:00,F,30~39,office,seoul,0,0,0,0,12,0,0,28,0,0,completed
16921,U6922,2025-07-04 12:58:00,2025-07-04 13:02:00,F,50+,office,seoul,0,0,0,0,15,0,0,59,0,0,completed
16922,U6923,2025-01-18 08:11:00,2025-01-18 08:17:00,F,20~29,office,seoul,1,0,0,0,18,0,0,60,0,0,completed
16923,U6924,2025-12-01 22:56:00,2025-12-01 23:02:00,F,20~29,office,seoul,0,0,0,0,10,0,0,63,0,0,abandoned
16924,U6925,2025-04-12 14:38:00,2025-04-12 14:41:00,F,30~39,office,seoul,1,0,0,0,13,0,0,16,0,0,completed
16925,U6926,2025-12-15 12:45:00,2025-12-15 12:49:00,M,20~29,office,seoul,0,0,0,0,18,0,0,77,0,0,completed
16926,U6927,2025-10-19 18:13:00,2025-10-19 18:19:00,F,20~29,office,seoul,1,0,0,0,18,0,0,48,0,0,completed
16927,U6928,2025-07-12 18:41:00,2025-07-12 18:45:00,F,40~49,office,seoul,1,0,0,0,6,0,0,29,0,0,completed
16928,U6929,2025-06-10 18:41:00,2025-06-10 18:45:00,F,50+,office,seoul,0,0,0,0,17,0,0,12,0,0,completed
16929,U6930,2025-01-03 14:54:00,2025-01-03 14:57:00,M,50+,office,seoul,0,0,0,0,21,0,0,22,1,0,completed
16930,U6931,2025-11-26 15:16:00,2025-11-26 15:23:00,M,20~29,office,seoul,0,0,0,0,24,0,0,46,0,0,completed
16931,U6932,2025-11-05 15:43:00,2025-11-05 15:49:00,M,40~49,office,seoul,0,0,0,0,27,0,0,23,0,0,abandoned
16932,U6933,2025-11-25 09:51:00,2025-11-25 09:54:00,M,20~29,office,seoul,0,0,0,0,20,0,0,77,0,0,completed
16933,U6934,2025-06-12 17:16:00,2025-06-12 17:21:00,M,40~49,office,seoul,0,0,0,0,2,0,0,69,0,0,completed
16934,U6935,2025-07-30 12:39:00,2025-07-30 12:41:00,F,30~39,office,seoul,0,0,0,0,18,0,0,38,0,0,completed
16935,U6936,2025-08-16 15:26:00,2025-08-16 15:29:00,M,20~29,office,seoul,1,0,0,0,11,0,0,75,0,0,completed
16936,U6937,2025-02-20 14:16:00,2025-02-20 14:18:00,F,30~39,office,seoul,0,0,0,0,18,0,0,74,0,0,timeout
16937,U6938,2025-10-15 16:08:00,2025-10-15 16:15:00,F,20~29,office,seoul,0,0,0,0,13,0,0,47,0,0,completed
16938,U6939,2025-12-31 12:19:00,2025-12-31 12:24:00,M,50+,office,seoul,0,0,0,0,1,0,0,72,1,0,completed
16939,U6940,2025-10-21 09:11:00,2025-10-21 09:16:00,M,20~29,office,seoul,0,0,0,0,14,0,0,48,0,0,completed
16940,U6941,2025-02-10 14:13:00,2025-02-10 14:19:00,F,20~29,office,seoul,0,0,0,0,29,0,0,39,0,0,completed
16941,U6942,2025-03-10 12:45:00,2025-03-10 12:47:00,F,20~29,office,seoul,0,0,0,0,11,0,0,44,0,0,completed
16942,U6943,2025-12-13 18:02:00,2025-12-13 18:04:00,F,30~39,office,seoul,1,0,0,0,10,0,0,52,0,0,error
16943,U6944,2025-08-18 09:43:00,2025-08-18 09:46:00,M,50+,office,seoul,0,0,0,0,4,0,0,73,0,0,completed
16944,U6945,2025-09-16 12:11:00,2025-09-16 12:17:00,M,40~49,office,seoul,0,0,0,0,4,0,0,57,0,0,completed
16945,U6946,2025-11-04 16:12:00,2025-11-04 16:18:00,F,20~29,office,seoul,0,0,0,0,2,0,0,67,0,0,completed
16946,U6947,2025-03-26 09:28:00,2025-03-26 09:34:00,F,20~29,office,seoul,0,0,0,0,4,0,0,57,0,0,completed
16947,U6948,2025-02-02 19:18:00,2025-02-02 19:25:00,M,20~29,office,seoul,1,0,0,0,26,0,0,69,0,0,completed
16948,U6949,2025-07-05 20:03:00,2025-07-05 20:08:00,F,40~49,office,seoul,1,0,0,0,25,0,0,70,0,0,completed
16949,U6950,2025-12-10 11:54:00,2025-12-10 12:01:00,F,50+,office,seoul,0,0,0,0,12,0,0,59,0,0,completed
16950,U6951,2025-06-20 09:46:00,2025-06-20 09:51:00,M,20~29,office,seoul,0,0,0,0,21,0,0,25,0,0,completed
16951,U6952,2025-08-09 07:53:00,2025-08-09 07:57:00,M,40~49,office,seoul,1,0,0,0,29,0,0,73,0,0,completed
16952,U6953,2025-08-27 16:31:00,2025-08-27 16:34:00,M,20~29,office,seoul,0,0,0,0,18,0,0,29,0,0,completed
16953,U6954,2025-12-03 16:48:00,2025-12-03 16:52:00,F,50+,office,seoul,0,0,0,0,22,0,0,51,0,0,completed
16954,U6955,2025-07-25 17:45:00,2025-07-25 17:52:00,M,20~29,office,seoul,0,0,0,0,14,0,0,61,0,0,abandoned
16955,U6956,2025-04-14 20:25:00,2025-04-14 20:32:00,M,20~29,office,seoul,0,0,0,0,12,0,0,57,0,0,completed
16956,U6957,2025-07-07 15:04:00,2025-07-07 15:07:00,F,20~29,office,seoul,0,0,0,0,7,0,0,71,0,0,completed
16957,U6958,2025-02-07 08:42:00,2025-02-07 08:44:00,F,20~29,office,seoul,0,0,0,0,7,0,0,15,0,0,timeout
16958,U6959,2025-04-30 08:51:00,2025-04-30 08:57:00,M,20~29,office,seoul,0,0,0,0,9,0,0,58,0,0,completed
16959,U6960,2025-11-19 11:01:00,2025-11-19 11:08:00,M,50+,office,seoul,0,0,0,0,15,0,0,29,0,1,completed
16960,U6961,2025-05-14 15:54:00,2025-05-14 15:57:00,M,30~39,office,seoul,0,0,0,0,16,0,0,49,0,0,completed
16961,U6962,2025-06-11 12:29:00,2025-06-11 12:35:00,F,30~39,office,seoul,0,0,0,0,25,0,0,44,0,0,completed
16962,U6963,2025-01-30 16:34:00,2025-01-30 16:36:00,F,40~49,office,seoul,0,0,0,0,6,0,0,31,0,0,completed
16963,U6964,2025-10-30 12:43:00,2025-10-30 12:48:00,F,30~39,office,seoul,0,0,0,0,11,0,0,29,0,0,completed
16964,U6965,2025-05-07 12:07:00,2025-05-07 12:14:00,F,20~29,office,seoul,0,0,0,0,9,0,0,47,0,0,completed
16965,U6966,2025-09-25 13:51:00,2025-09-25 13:55:00,F,50+,office,seoul,0,0,0,0,6,0,0,62,0,0,completed
16966,U6967,2025-10-10 17:22:00,2025-10-10 17:27:00,F,30~39,office,seoul,0,0,0,0,4,0,0,72,0,0,completed
16967,U6968,2025-10-14 16:09:00,2025-10-14 16:15:00,M,30~39,office,seoul,0,0,0,0,10,0,0,34,0,0,abandoned
16968,U6969,2025-01-29 09:16:00,2025-01-29 09:21:00,M,30~39,office,seoul,0,0,0,0,14,0,0,25,0,0,abandoned
16969,U6970,2025-05-28 18:31:00,2025-05-28 18:37:00,F,40~49,office,seoul,0,0,0,0,2,0,0,17,0,0,completed
16970,U6971,2025-02-25 12:46:00,2025-02-25 12:48:00,M,30~39,office,seoul,0,0,0,0,28,0,0,51,1,0,completed
16971,U6972,2025-02-17 16:42:00,2025-02-17 16:45:00,M,20~29,office,seoul,0,0,0,0,21,0,0,72,0,0,completed
16972,U6973,2025-02-28 14:51:00,2025-02-28 14:56:00,F,20~29,office,seoul,0,0,0,0,23,0,0,18,0,0,completed
16973,U6974,2025-05-19 18:31:00,2025-05-19 18:37:00,F,20~29,office,seoul,0,0,0,0,16,0,0,59,0,0,abandoned
16974,U6975,2025-05-03 09:41:00,2025-05-03 09:48:00,F,40~49,office,seoul,1,0,0,0,10,0,0,42,0,0,completed
16975,U6976,2025-06-16 12:57:00,2025-06-16 13:00:00,F,30~39,office,seoul,0,0,0,0,1,0,0,69,0,0,completed
16976,U6977,2025-08-27 18:50:00,2025-08-27 18:55:00,M,30~39,office,seoul,0,0,0,0,9,0,0,31,0,0,completed
16977,U6978,2025-09-07 11:13:00,2025-09-07 11:15:00,F,30~39,office,seoul,1,0,0,0,7,0,0,49,0,1,completed
16978,U6979,2025-05-25 15:51:00,2025-05-25 15:55:00,M,30~39,office,seoul,1,0,0,0,18,0,0,71,0,0,completed
16979,U6980,2025-07-08 08:44:00,2025-07-08 08:46:00,M,30~39,office,seoul,0,0,0,0,20,0,0,10,0,0,completed
16980,U6981,2025-06-05 07:56:00,2025-06-05 08:00:00,M,40~49,office,seoul,0,0,0,0,8,0,0,75,0,0,completed
16981,U6982,2025-03-15 18:07:00,2025-03-15 18:12:00,F,30~39,office,seoul,1,0,0,0,5,0,0,48,0,0,completed
16982,U6983,2025-10-18 19:55:00,2025-10-18 20:00:00,M,30~39,office,seoul,1,0,0,0,29,0,0,25,0,0,completed
16983,U6984,2025-01-10 14:34:00,2025-01-10 14:37:00,F,40~49,office,seoul,0,0,0,0,15,0,0,39,0,0,completed
16984,U6985,2025-04-10 15:00:00,2025-04-10 15:05:00,F,40~49,office,seoul,0,0,0,0,28,0,0,53,0,0,completed
16985,U6986,2025-09-21 16:27:00,2025-09-21 16:34:00,F,20~29,office,seoul,1,0,0,0,16,0,0,74,0,0,completed
16986,U6987,2025-12-25 14:36:00,2025-12-25 14:39:00,F,20~29,office,seoul,0,0,0,0,1,0,0,25,0,0,completed
16987,U6988,2025-11-03 08:48:00,2025-11-03 08:51:00,M,30~39,office,seoul,0,0,0,0,15,0,0,67,0,0,completed
16988,U6989,2025-10-07 16:45:00,2025-10-07 16:49:00,F,30~39,office,seoul,0,0,0,0,5,0,0,54,0,0,completed
16989,U6990,2025-09-16 17:41:00,2025-09-16 17:44:00,F,40~49,office,seoul,0,0,0,0,27,0,0,47,0,0,completed
16990,U6991,2025-11-05 15:56:00,2025-11-05 15:58:00,F,30~39,office,seoul,0,0,0,0,1,0,0,36,0,0,completed
16991,U6992,2025-04-16 17:37:00,2025-04-16 17:42:00,F,30~39,office,seoul,0,0,0,0,27,0,0,76,0,0,completed
16992,U6993,2025-12-12 07:52:00,2025-12-12 07:56:00,M,50+,office,seoul,0,0,0,0,7,0,0,27,0,0,completed
16993,U6994,2025-12-03 14:28:00,2025-12-03 14:34:00,F,40~49,office,seoul,0,0,0,0,11,0,0,74,0,0,completed
16994,U6995,2025-01-12 15:57:00,2025-01-12 16:04:00,M,30~39,office,seoul,1,0,0,0,5,0,0,13,0,0,completed
16995,U6996,2025-01-05 15:03:00,2025-01-05 15:07:00,F,20~29,office,seoul,1,0,0,0,15,0,0,23,0,0,completed
16996,U6997,2025-04-24 09:11:00,2025-04-24 09:13:00,F,40~49,office,seoul,0,0,0,0,28,0,0,37,0,0,completed
16997,U6998,2025-05-14 14:42:00,2025-05-14 14:44:00,F,30~39,office,seoul,0,0,0,0,8,0,0,56,0,0,completed
16998,U6999,2025-04-22 19:30:00,2025-04-22 19:35:00,F,20~29,office,seoul,0,0,0,0,0,0,0,34,0,0,abandoned
16999,U7000,2025-12-21 18:39:00,2025-12-21 18:45:00,F,30~39,office,seoul,1,0,0,0,9,0,0,70,0,0,completed
17000,U7001,2025-04-05 20:41:00,2025-04-05 20:43:00,F,40~49,office,seoul,1,0,0,0,26,0,0,14,0,0,completed
17001,U7002,2025-05-23 15:12:00,2025-05-23 15:16:00,M,30~39,office,seoul,0,0,0,0,1,0,0,68,0,0,completed
17002,U7003,2025-12-07 09:24:00,2025-12-07 09:31:00,F,20~29,office,seoul,1,0,0,0,19,0,0,27,0,0,completed
17003,U7004,2025-08-27 22:34:00,2025-08-27 22:38:00,M,50+,office,seoul,0,0,0,0,9,0,0,10,0,0,completed
17004,U7005,2025-07-20 16:30:00,2025-07-20 16:37:00,F,50+,office,seoul,1,0,0,0,20,0,0,11,0,0,completed
17005,U7006,2025-10-16 20:44:00,2025-10-16 20:50:00,M,40~49,office,seoul,0,0,0,0,21,0,0,77,0,0,completed
17006,U7007,2025-03-11 14:04:00,2025-03-11 14:10:00,F,20~29,office,seoul,0,0,0,0,12,0,0,26,0,0,error
17007,U7008,2025-11-25 16:37:00,2025-11-25 16:40:00,M,40~49,office,seoul,0,0,0,0,15,0,0,60,0,0,completed
17008,U7009,2025-06-12 21:08:00,2025-06-12 21:10:00,F,30~39,office,seoul,0,0,0,0,29,0,0,33,0,0,completed
17009,U7010,2025-12-16 18:31:00,2025-12-16 18:36:00,M,40~49,office,seoul,0,0,0,0,16,0,0,44,0,0,completed
17010,U7011,2025-12-03 15:51:00,2025-12-03 15:55:00,M,20~29,office,seoul,0,0,0,0,5,0,0,63,0,0,completed
17011,U7012,2025-05-14 13:56:00,2025-05-14 14:00:00,F,50+,office,seoul,0,0,0,0,21,0,0,74,0,0,completed
17012,U7013,2025-09-25 07:19:00,2025-09-25 07:22:00,M,50+,office,seoul,0,0,0,0,13,0,0,61,0,1,completed
17013,U7014,2025-01-13 13:17:00,2025-01-13 13:21:00,F,20~29,office,seoul,0,0,0,0,7,0,0,67,0,0,completed
17014,U7015,2025-04-30 18:10:00,2025-04-30 18:12:00,M,50+,office,seoul,0,0,0,0,22,0,0,62,0,0,completed
17015,U7016,2025-03-17 07:41:00,2025-03-17 07:46:00,M,40~49,office,seoul,0,0,0,0,6,0,0,41,0,0,timeout
17016,U7017,2025-03-29 13:09:00,2025-03-29 13:15:00,F,20~29,office,seoul,1,0,0,0,28,0,0,48,1,0,abandoned
17017,U7018,2025-09-08 15:20:00,2025-09-08 15:27:00,F,50+,office,seoul,0,0,0,0,5,0,0,74,0,0,completed
17018,U7019,2025-03-11 17:36:00,2025-03-11 17:43:00,F,50+,office,seoul,0,0,0,0,29,0,0,56,0,0,completed
17019,U7020,2025-04-28 21:35:00,2025-04-28 21:37:00,F,40~49,office,seoul,0,0,0,0,5,0,0,60,0,0,completed
17020,U7021,2025-02-14 20:18:00,2025-02-14 20:24:00,M,20~29,office,seoul,0,0,0,0,11,0,0,52,0,0,completed
17021,U7022,2025-07-27 07:59:00,2025-07-27 08:02:00,F,30~39,office,seoul,1,0,0,0,8,0,0,33,0,0,completed
17022,U7023,2025-11-24 15:32:00,2025-11-24 15:39:00,F,30~39,office,seoul,0,0,0,0,17,0,0,78,0,0,completed
17023,U7024,2025-12-29 07:03:00,2025-12-29 07:05:00,M,20~29,office,seoul,0,0,0,0,18,0,0,54,0,0,completed
17024,U7025,2025-06-23 09:35:00,2025-06-23 09:40:00,F,50+,office,seoul,0,0,0,0,11,0,0,31,1,0,completed
17025,U7026,2025-04-05 11:58:00,2025-04-05 12:05:00,F,20~29,office,seoul,1,0,0,0,2,0,0,49,0,0,completed
17026,U7027,2025-03-29 12:01:00,2025-03-29 12:04:00,F,20~29,office,seoul,1,0,0,0,14,0,0,44,0,0,completed
17027,U7028,2025-12-28 13:49:00,2025-12-28 13:55:00,M,30~39,office,seoul,1,0,0,0,13,0,0,77,0,0,completed
17028,U7029,2025-11-03 14:24:00,2025-11-03 14:26:00,F,20~29,office,seoul,0,0,0,0,7,0,0,29,0,0,completed
17029,U7030,2025-09-11 14:44:00,2025-09-11 14:46:00,M,20~29,office,seoul,0,0,0,0,29,0,0,73,0,0,completed
17030,U7031,2025-01-06 08:38:00,2025-01-06 08:42:00,M,20~29,office,seoul,0,0,0,0,28,0,0,49,0,0,completed
17031,U7032,2025-08-04 15:48:00,2025-08-04 15:55:00,F,40~49,office,seoul,0,0,0,0,26,0,0,79,0,0,completed
17032,U7033,2025-05-02 14:09:00,2025-05-02 14:16:00,F,40~49,office,seoul,0,0,0,0,0,0,0,21,0,0,completed
17033,U7034,2025-02-23 15:42:00,2025-02-23 15:44:00,F,40~49,office,seoul,1,0,0,0,20,0,0,36,0,0,completed
17034,U7035,2025-07-25 12:32:00,2025-07-25 12:37:00,M,30~39,office,seoul,0,0,0,0,22,0,0,19,0,0,completed
17035,U7036,2025-07-26 15:54:00,2025-07-26 16:00:00,M,50+,office,seoul,1,0,0,0,3,0,0,27,0,0,completed
17036,U7037,2025-05-22 17:10:00,2025-05-22 17:17:00,M,30~39,office,seoul,0,0,0,0,7,0,0,16,0,0,completed
17037,U7038,2025-04-09 17:30:00,2025-04-09 17:37:00,M,20~29,office,seoul,0,0,0,0,25,0,0,52,0,0,completed
17038,U7039,2025-06-01 18:27:00,2025-06-01 18:30:00,F,30~39,office,seoul,1,0,0,0,15,0,0,78,1,0,completed
17039,U7040,2025-03-06 07:23:00,2025-03-06 07:25:00,M,30~39,office,seoul,0,0,0,0,16,0,0,54,0,0,completed
17040,U7041,2025-09-07 07:49:00,2025-09-07 07:55:00,M,30~39,office,seoul,1,0,0,0,8,0,0,31,0,0,completed
17041,U7042,2025-04-01 15:08:00,2025-04-01 15:10:00,M,30~39,office,seoul,0,0,0,0,4,0,0,13,0,0,completed
17042,U7043,2025-08-26 18:10:00,2025-08-26 18:15:00,M,50+,office,seoul,0,0,0,0,2,0,0,38,0,0,completed
17043,U7044,2025-08-06 12:31:00,2025-08-06 12:34:00,F,40~49,office,seoul,0,0,0,0,10,0,0,36,0,0,completed
17044,U7045,2025-02-19 14:00:00,2025-02-19 14:02:00,M,50+,office,seoul,0,0,0,0,3,0,0,62,0,0,completed
17045,U7046,2025-04-12 19:36:00,2025-04-12 19:43:00,F,40~49,office,seoul,1,0,0,0,7,0,0,10,0,0,completed
17046,U7047,2025-07-15 14:28:00,2025-07-15 14:32:00,F,20~29,office,seoul,0,0,0,0,24,0,0,37,0,0,completed
17047,U7048,2025-05-27 20:38:00,2025-05-27 20:45:00,M,50+,office,seoul,0,0,0,0,19,0,0,43,0,0,timeout
17048,U7049,2025-02-12 08:23:00,2025-02-12 08:28:00,M,30~39,office,seoul,0,0,0,0,15,0,0,79,0,0,completed
17049,U7050,2025-09-23 11:21:00,2025-09-23 11:27:00,F,40~49,office,seoul,0,0,0,0,14,0,0,50,0,0,completed
17050,U7051,2025-10-12 15:42:00,2025-10-12 15:44:00,M,20~29,office,seoul,1,0,0,0,14,0,0,76,0,0,completed
17051,U7052,2025-09-07 16:30:00,2025-09-07 16:34:00,F,20~29,office,seoul,1,0,0,0,13,0,0,48,0,0,completed
17052,U7053,2025-06-29 16:54:00,2025-06-29 16:56:00,M,30~39,office,seoul,1,0,0,0,1,0,0,31,0,0,completed
17053,U7054,2025-09-07 07:28:00,2025-09-07 07:32:00,M,20~29,office,seoul,1,0,0,0,11,0,0,75,0,0,completed
17054,U7055,2025-01-23 21:53:00,2025-01-23 21:59:00,M,30~39,office,seoul,0,0,0,0,20,0,0,41,0,0,abandoned
17055,U7056,2025-05-09 08:06:00,2025-05-09 08:12:00,F,50+,office,seoul,0,0,0,0,11,0,0,24,0,1,completed
17056,U7057,2025-12-15 15:24:00,2025-12-15 15:31:00,M,20~29,office,seoul,0,0,0,0,12,0,0,43,0,0,completed
17057,U7058,2025-09-11 16:57:00,2025-09-11 16:59:00,F,20~29,office,seoul,0,0,0,0,19,0,0,22,0,0,completed
17058,U7059,2025-08-20 19:57:00,2025-08-20 20:03:00,F,30~39,office,seoul,0,0,0,0,14,0,0,55,0,0,completed
17059,U7060,2025-01-15 08:44:00,2025-01-15 08:46:00,M,20~29,office,seoul,0,0,0,0,19,0,0,36,0,0,completed
17060,U7061,2025-06-28 15:29:00,2025-06-28 15:32:00,M,20~29,office,seoul,1,0,0,0,26,0,0,41,0,0,completed
17061,U7062,2025-10-10 14:45:00,2025-10-10 14:48:00,M,30~39,office,seoul,0,0,0,0,0,0,0,47,0,0,completed
17062,U7063,2025-11-12 18:00:00,2025-11-12 18:06:00,M,30~39,office,seoul,0,0,0,0,13,0,0,62,0,0,completed
17063,U7064,2025-05-16 09:48:00,2025-05-16 09:52:00,M,30~39,office,seoul,0,0,0,0,26,0,0,73,0,0,completed
17064,U7065,2025-05-03 16:39:00,2025-05-03 16:45:00,M,20~29,office,seoul,1,0,0,0,0,0,0,65,0,0,abandoned
17065,U7066,2025-04-03 08:30:00,2025-04-03 08:32:00,M,30~39,office,seoul,0,0,0,0,8,0,0,16,0,0,completed
17066,U7067,2025-12-29 21:57:00,2025-12-29 22:03:00,F,20~29,office,seoul,0,0,0,0,9,0,0,34,0,0,completed
17067,U7068,2025-11-12 13:19:00,2025-11-12 13:21:00,F,20~29,office,seoul,0,0,0,0,19,0,0,26,0,0,completed
17068,U7069,2025-03-21 13:02:00,2025-03-21 13:08:00,F,40~49,office,seoul,0,0,0,0,10,0,0,73,0,0,completed
17069,U7070,2025-06-11 18:48:00,2025-06-11 18:53:00,M,40~49,office,seoul,0,0,0,0,19,0,0,46,0,0,completed
17070,U7071,2025-11-05 12:48:00,2025-11-05 12:51:00,M,30~39,office,seoul,0,0,0,0,4,0,0,70,0,0,completed
17071,U7072,2025-05-10 11:22:00,2025-05-10 11:25:00,F,30~39,office,seoul,1,0,0,0,2,0,0,10,0,0,completed
17072,U7073,2025-09-02 16:19:00,2025-09-02 16:24:00,M,30~39,office,seoul,0,0,0,0,25,0,0,55,0,0,completed
17073,U7074,2025-04-08 07:14:00,2025-04-08 07:20:00,M,50+,office,seoul,0,0,0,0,5,0,0,72,0,0,completed
17074,U7075,2025-01-12 07:54:00,2025-01-12 07:59:00,M,50+,office,seoul,1,0,0,0,17,0,0,13,0,0,completed
17075,U7076,2025-07-14 15:36:00,2025-07-14 15:38:00,F,40~49,office,seoul,0,0,0,0,0,0,0,66,0,0,abandoned
17076,U7077,2025-02-05 08:16:00,2025-02-05 08:19:00,F,30~39,office,seoul,0,0,0,0,9,0,0,56,0,0,completed
17077,U7078,2025-10-27 12:04:00,2025-10-27 12:11:00,M,30~39,office,seoul,0,0,0,0,8,0,0,42,1,0,completed
17078,U7079,2025-11-05 11:03:00,2025-11-05 11:06:00,F,20~29,office,seoul,0,0,0,0,15,0,0,23,0,0,completed
17079,U7080,2025-01-24 15:49:00,2025-01-24 15:56:00,F,30~39,office,seoul,0,0,0,0,8,0,0,27,0,0,completed
17080,U7081,2025-03-15 11:27:00,2025-03-15 11:32:00,F,50+,office,seoul,1,0,0,0,11,0,0,17,0,0,completed
17081,U7082,2025-02-15 09:06:00,2025-02-15 09:10:00,F,20~29,office,seoul,1,0,0,0,18,0,0,64,0,0,completed
17082,U7083,2025-09-29 16:01:00,2025-09-29 16:03:00,F,20~29,office,seoul,0,0,0,0,29,0,0,53,1,0,completed
17083,U7084,2025-03-19 16:09:00,2025-03-19 16:14:00,M,20~29,office,seoul,0,0,0,0,2,0,0,70,0,0,abandoned
17084,U7085,2025-02-26 18:04:00,2025-02-26 18:09:00,M,20~29,office,seoul,0,0,0,0,12,0,0,69,0,0,completed
17085,U7086,2025-03-23 14:50:00,2025-03-23 14:56:00,M,20~29,office,seoul,1,0,0,0,10,0,0,75,0,0,completed
17086,U7087,2025-07-08 14:58:00,2025-07-08 15:04:00,F,20~29,office,seoul,0,0,0,0,27,0,0,33,0,0,completed
17087,U7088,2025-11-13 12:53:00,2025-11-13 12:59:00,F,40~49,office,seoul,0,0,0,0,23,0,0,29,0,0,completed
17088,U7089,2025-05-02 13:45:00,2025-05-02 13:52:00,M,30~39,office,seoul,0,0,0,0,29,0,0,51,0,0,completed
17089,U7090,2025-10-03 12:53:00,2025-10-03 12:57:00,F,20~29,office,seoul,0,0,0,0,6,0,0,77,0,0,completed
17090,U7091,2025-08-13 15:40:00,2025-08-13 15:47:00,F,20~29,office,seoul,0,0,0,0,29,0,0,12,0,0,completed
17091,U7092,2025-03-13 07:31:00,2025-03-13 07:38:00,M,20~29,office,seoul,0,0,0,0,4,0,0,57,0,0,completed
17092,U7093,2025-07-06 08:16:00,2025-07-06 08:19:00,M,50+,office,seoul,1,0,0,0,27,0,0,11,0,0,completed
17093,U7094,2025-02-16 19:00:00,2025-02-16 19:07:00,F,30~39,office,seoul,1,0,0,0,14,0,0,75,0,0,completed
17094,U7095,2025-02-22 16:50:00,2025-02-22 16:57:00,M,30~39,office,seoul,1,0,0,0,8,0,0,42,0,0,completed
17095,U7096,2025-12-01 21:44:00,2025-12-01 21:51:00,F,20~29,office,seoul,0,0,0,0,20,0,0,70,0,0,completed
17096,U7097,2025-09-17 16:31:00,2025-09-17 16:37:00,F,20~29,office,seoul,0,0,0,0,19,0,0,52,0,0,error
17097,U7098,2025-09-18 09:46:00,2025-09-18 09:49:00,F,20~29,office,seoul,0,0,0,0,12,0,0,24,0,0,completed
17098,U7099,2025-11-18 12:48:00,2025-11-18 12:53:00,M,30~39,office,seoul,0,0,0,0,23,0,0,32,0,0,completed
17099,U7100,2025-12-22 12:24:00,2025-12-22 12:26:00,F,20~29,office,seoul,0,0,0,0,22,0,0,16,0,0,completed
17100,U7101,2025-11-30 08:56:00,2025-11-30 09:01:00,F,20~29,office,seoul,1,0,0,0,28,0,0,66,0,0,completed
17101,U7102,2025-06-12 08:03:00,2025-06-12 08:07:00,M,20~29,office,seoul,0,0,0,0,11,0,0,14,0,0,timeout
17102,U7103,2025-02-23 21:36:00,2025-02-23 21:42:00,F,30~39,office,seoul,1,0,0,0,17,0,0,44,0,0,completed
17103,U7104,2025-05-14 08:32:00,2025-05-14 08:35:00,F,40~49,office,seoul,0,0,0,0,9,0,0,49,0,0,completed
17104,U7105,2025-03-12 15:02:00,2025-03-12 15:05:00,F,20~29,office,seoul,0,0,0,0,7,0,0,74,0,0,completed
17105,U7106,2025-12-06 17:47:00,2025-12-06 17:54:00,M,20~29,office,seoul,1,0,0,0,1,0,0,31,0,0,error
17106,U7107,2025-01-11 18:24:00,2025-01-11 18:26:00,M,20~29,office,seoul,1,0,0,0,28,0,0,27,1,0,completed
17107,U7108,2025-09-03 17:16:00,2025-09-03 17:20:00,M,20~29,office,seoul,0,0,0,0,28,0,0,45,0,0,completed
17108,U7109,2025-09-24 16:00:00,2025-09-24 16:04:00,F,30~39,office,seoul,0,0,0,0,16,0,0,17,0,0,completed
17109,U7110,2025-03-06 09:19:00,2025-03-06 09:23:00,F,30~39,office,seoul,0,0,0,0,8,0,0,60,0,0,completed
17110,U7111,2025-06-07 13:34:00,2025-06-07 13:40:00,M,20~29,office,seoul,1,0,0,0,1,0,0,70,0,0,completed
17111,U7112,2025-08-25 13:53:00,2025-08-25 13:55:00,F,50+,office,seoul,0,0,0,0,13,0,0,78,0,0,completed
17112,U7113,2025-02-28 20:44:00,2025-02-28 20:51:00,M,30~39,office,seoul,0,0,0,0,27,0,0,33,0,0,completed
17113,U7114,2025-08-27 11:59:00,2025-08-27 12:02:00,F,20~29,office,seoul,0,0,0,0,5,0,0,62,0,0,completed
17114,U7115,2025-03-27 12:33:00,2025-03-27 12:35:00,M,20~29,office,seoul,0,0,0,0,29,0,0,18,0,0,completed
17115,U7116,2025-04-30 09:47:00,2025-04-30 09:49:00,F,20~29,office,seoul,0,0,0,0,3,0,0,54,0,0,completed
17116,U7117,2025-02-27 09:43:00,2025-02-27 09:45:00,M,20~29,office,seoul,0,0,0,0,19,0,0,57,0,0,completed
17117,U7118,2025-05-11 15:39:00,2025-05-11 15:45:00,F,30~39,office,seoul,1,0,0,0,1,0,0,71,0,0,completed
17118,U7119,2025-07-30 12:31:00,2025-07-30 12:34:00,M,20~29,office,seoul,0,0,0,0,12,0,0,26,0,0,completed
17119,U7120,2025-03-04 12:36:00,2025-03-04 12:38:00,M,30~39,office,seoul,0,0,0,0,10,0,0,55,0,0,completed
17120,U7121,2025-05-19 15:59:00,2025-05-19 16:03:00,M,20~29,office,seoul,0,0,0,0,8,0,0,57,0,0,completed
17121,U7122,2025-01-26 15:15:00,2025-01-26 15:18:00,M,20~29,office,seoul,1,0,0,0,11,0,0,22,0,0,completed
17122,U7123,2025-06-27 15:27:00,2025-06-27 15:30:00,F,20~29,office,seoul,0,0,0,0,17,0,0,60,0,0,completed
17123,U7124,2025-04-28 15:58:00,2025-04-28 16:00:00,M,30~39,office,seoul,0,0,0,0,16,0,0,77,0,0,completed
17124,U7125,2025-12-27 09:19:00,2025-12-27 09:22:00,M,20~29,office,seoul,1,0,0,0,26,0,0,65,0,0,abandoned
17125,U7126,2025-04-09 12:12:00,2025-04-09 12:15:00,F,30~39,office,seoul,0,0,0,0,19,0,0,15,0,0,error
17126,U7127,2025-07-17 17:41:00,2025-07-17 17:43:00,F,40~49,office,seoul,0,0,0,0,20,0,0,26,0,0,completed
17127,U7128,2025-08-01 18:50:00,2025-08-01 18:53:00,M,50+,office,seoul,0,0,0,0,13,0,0,16,1,0,completed
17128,U7129,2025-03-17 11:01:00,2025-03-17 11:06:00,M,40~49,office,seoul,0,0,0,0,17,0,0,26,0,0,completed
17129,U7130,2025-08-15 18:56:00,2025-08-15 18:59:00,M,30~39,office,seoul,0,0,0,0,15,0,0,20,0,0,completed
17130,U7131,2025-09-27 16:54:00,2025-09-27 17:01:00,F,20~29,office,seoul,1,0,0,0,29,0,0,19,0,0,completed
17131,U7132,2025-11-08 20:55:00,2025-11-08 20:59:00,F,30~39,office,seoul,1,0,0,0,29,0,0,10,0,0,completed
17132,U7133,2025-12-28 15:46:00,2025-12-28 15:53:00,F,20~29,office,seoul,1,0,0,0,16,0,0,41,0,0,completed
17133,U7134,2025-09-25 13:49:00,2025-09-25 13:54:00,F,40~49,office,seoul,0,0,0,0,6,0,0,26,0,0,completed
17134,U7135,2025-08-25 12:38:00,2025-08-25 12:43:00,F,30~39,office,seoul,0,0,0,0,7,0,0,76,0,0,error
17135,U7136,2025-01-07 19:16:00,2025-01-07 19:20:00,F,20~29,office,seoul,0,0,0,0,1,0,0,65,0,0,completed
17136,U7137,2025-01-27 14:08:00,2025-01-27 14:10:00,M,20~29,office,seoul,0,0,0,0,26,0,0,48,0,0,completed
17137,U7138,2025-04-22 15:49:00,2025-04-22 15:51:00,F,20~29,office,seoul,0,0,0,0,25,0,0,68,0,0,timeout
17138,U7139,2025-11-24 12:55:00,2025-11-24 13:01:00,F,20~29,office,seoul,0,0,0,0,6,0,0,24,0,0,completed
17139,U7140,2025-06-18 15:24:00,2025-06-18 15:28:00,F,50+,office,seoul,0,0,0,0,27,0,0,14,0,0,abandoned
17140,U7141,2025-04-25 16:32:00,2025-04-25 16:38:00,F,20~29,office,seoul,0,0,0,0,24,0,0,19,0,0,completed
17141,U7142,2025-11-27 13:46:00,2025-11-27 13:51:00,M,30~39,office,seoul,0,0,0,0,4,0,0,16,0,0,completed
17142,U7143,2025-09-02 09:29:00,2025-09-02 09:32:00,F,30~39,office,seoul,0,0,0,0,28,0,0,13,0,0,completed
17143,U7144,2025-01-11 15:59:00,2025-01-11 16:03:00,M,20~29,office,seoul,1,0,0,0,17,0,0,53,0,0,completed
17144,U7145,2025-09-04 21:13:00,2025-09-04 21:19:00,M,40~49,office,seoul,0,0,0,0,5,0,0,76,0,0,completed
17145,U7146,2025-05-31 13:04:00,2025-05-31 13:08:00,M,20~29,office,seoul,1,0,0,0,10,0,0,39,0,0,error
17146,U7147,2025-11-08 15:44:00,2025-11-08 15:47:00,F,50+,office,seoul,1,0,0,0,4,0,0,69,0,0,completed
17147,U7148,2025-06-13 19:46:00,2025-06-13 19:50:00,M,20~29,office,seoul,0,0,0,0,3,0,0,13,0,0,completed
17148,U7149,2025-07-13 09:48:00,2025-07-13 09:55:00,M,20~29,office,seoul,1,0,0,0,6,0,0,12,0,0,timeout
17149,U7150,2025-02-27 18:19:00,2025-02-27 18:26:00,F,20~29,office,seoul,0,0,0,0,17,0,0,78,0,0,completed
17150,U7151,2025-01-18 12:59:00,2025-01-18 13:06:00,M,30~39,office,seoul,1,0,0,0,16,0,0,51,0,0,completed
17151,U7152,2025-03-09 18:45:00,2025-03-09 18:48:00,M,20~29,office,seoul,1,0,0,0,10,0,0,69,0,0,completed
17152,U7153,2025-04-30 08:38:00,2025-04-30 08:40:00,M,30~39,office,seoul,0,0,0,0,9,0,0,71,0,0,completed
17153,U7154,2025-09-14 17:29:00,2025-09-14 17:34:00,F,40~49,office,seoul,1,0,0,0,3,0,0,33,0,0,completed
17154,U7155,2025-07-23 14:46:00,2025-07-23 14:49:00,M,40~49,office,seoul,0,0,0,0,17,0,0,53,0,0,completed
17155,U7156,2025-11-16 15:10:00,2025-11-16 15:16:00,M,20~29,office,seoul,1,0,0,0,11,0,0,14,0,0,error
17156,U7157,2025-03-19 15:31:00,2025-03-19 15:36:00,M,40~49,office,seoul,0,0,0,0,7,0,0,59,0,0,completed
17157,U7158,2025-09-17 13:53:00,2025-09-17 13:57:00,M,50+,office,seoul,0,0,0,0,12,0,0,72,0,0,completed
17158,U7159,2025-01-08 14:51:00,2025-01-08 14:56:00,M,40~49,office,seoul,0,0,0,0,6,0,0,66,0,0,completed
17159,U7160,2025-08-09 11:00:00,2025-08-09 11:03:00,F,30~39,office,seoul,1,0,0,0,14,0,0,62,0,0,completed
17160,U7161,2025-11-11 15:38:00,2025-11-11 15:41:00,F,50+,office,seoul,0,0,0,0,28,0,0,65,0,0,abandoned
17161,U7162,2025-04-27 11:16:00,2025-04-27 11:22:00,M,30~39,office,seoul,1,0,0,0,1,0,0,44,0,0,completed
17162,U7163,2025-08-16 15:23:00,2025-08-16 15:26:00,F,50+,office,seoul,1,0,0,0,3,0,0,77,0,0,completed
17163,U7164,2025-02-14 12:44:00,2025-02-14 12:48:00,F,30~39,office,seoul,0,0,0,0,24,0,0,29,0,0,abandoned
17164,U7165,2025-10-27 17:35:00,2025-10-27 17:42:00,F,20~29,office,seoul,0,0,0,0,12,0,0,68,0,0,completed
17165,U7166,2025-04-22 08:16:00,2025-04-22 08:19:00,F,20~29,office,seoul,0,0,0,0,3,0,0,75,0,0,completed
17166,U7167,2025-12-02 11:10:00,2025-12-02 11:16:00,M,40~49,office,seoul,0,0,0,0,12,0,0,56,0,0,timeout
17167,U7168,2025-10-13 16:08:00,2025-10-13 16:12:00,F,20~29,office,seoul,0,0,0,0,6,0,0,76,0,0,completed
17168,U7169,2025-03-04 21:07:00,2025-03-04 21:11:00,F,40~49,office,seoul,0,0,0,0,12,0,0,68,0,0,completed
17169,U7170,2025-12-12 16:55:00,2025-12-12 16:57:00,M,50+,office,seoul,0,0,0,0,27,0,0,62,0,0,timeout
17170,U7171,2025-12-30 18:02:00,2025-12-30 18:06:00,F,20~29,office,seoul,0,0,0,0,29,0,0,73,0,0,completed
17171,U7172,2025-01-11 15:30:00,2025-01-11 15:33:00,M,30~39,office,seoul,1,0,0,0,10,0,0,72,0,0,completed
17172,U7173,2025-09-07 20:39:00,2025-09-07 20:44:00,F,20~29,office,seoul,1,0,0,0,28,0,0,49,0,0,completed
17173,U7174,2025-04-23 15:19:00,2025-04-23 15:24:00,M,30~39,office,seoul,0,0,0,0,11,0,0,34,0,0,completed
17174,U7175,2025-11-06 09:16:00,2025-11-06 09:22:00,M,30~39,office,seoul,0,0,0,0,7,0,0,23,0,0,completed
17175,U7176,2025-01-22 19:13:00,2025-01-22 19:16:00,M,20~29,office,seoul,0,0,0,0,1,0,0,48,0,0,completed
17176,U7177,2025-07-13 09:05:00,2025-07-13 09:11:00,F,30~39,office,seoul,1,0,0,0,13,0,0,18,0,0,completed
17177,U7178,2025-10-07 14:44:00,2025-10-07 14:49:00,M,30~39,office,seoul,0,0,0,0,24,0,0,77,0,0,error
17178,U7179,2025-09-05 08:47:00,2025-09-05 08:52:00,F,40~49,office,seoul,0,0,0,0,17,0,0,34,0,0,error
17179,U7180,2025-02-16 19:59:00,2025-02-16 20:02:00,F,40~49,office,seoul,1,0,0,0,4,0,0,45,0,0,completed
17180,U7181,2025-05-01 16:07:00,2025-05-01 16:09:00,M,20~29,office,seoul,0,0,0,0,10,0,0,55,0,0,completed
17181,U7182,2025-09-14 16:18:00,2025-09-14 16:25:00,M,20~29,office,seoul,1,0,0,0,9,0,0,29,0,0,timeout
17182,U7183,2025-03-22 09:53:00,2025-03-22 10:00:00,M,20~29,office,seoul,1,0,0,0,10,0,0,12,0,0,completed
17183,U7184,2025-04-04 19:36:00,2025-04-04 19:40:00,M,20~29,office,seoul,0,0,0,0,24,0,0,22,0,0,completed
17184,U7185,2025-01-01 17:59:00,2025-01-01 18:05:00,F,50+,office,seoul,0,0,0,0,26,0,0,32,0,0,completed
17185,U7186,2025-10-22 07:02:00,2025-10-22 07:04:00,M,50+,office,seoul,0,0,0,0,2,0,0,29,0,0,completed
17186,U7187,2025-09-09 16:12:00,2025-09-09 16:19:00,F,50+,office,seoul,0,0,0,0,25,0,0,37,0,0,abandoned
17187,U7188,2025-02-04 07:23:00,2025-02-04 07:28:00,M,40~49,office,seoul,0,0,0,0,0,0,0,72,0,0,completed
17188,U7189,2025-08-16 11:28:00,2025-08-16 11:34:00,F,20~29,office,seoul,1,0,0,0,3,0,0,18,0,0,abandoned
17189,U7190,2025-09-26 08:15:00,2025-09-26 08:22:00,M,30~39,office,seoul,0,0,0,0,25,0,0,17,0,0,completed
17190,U7191,2025-02-05 20:31:00,2025-02-05 20:38:00,F,20~29,office,seoul,0,0,0,0,24,0,0,79,0,0,completed
17191,U7192,2025-12-09 19:28:00,2025-12-09 19:35:00,M,30~39,office,seoul,0,0,0,0,27,0,0,59,1,1,completed
17192,U7193,2025-02-23 18:02:00,2025-02-23 18:04:00,M,30~39,office,seoul,1,0,0,0,20,0,0,46,0,0,error
17193,U7194,2025-12-17 08:56:00,2025-12-17 09:03:00,M,30~39,office,seoul,0,0,0,0,8,0,0,69,0,0,completed
17194,U7195,2025-05-04 08:55:00,2025-05-04 09:02:00,F,30~39,office,seoul,1,0,0,0,5,0,0,56,0,0,timeout
17195,U7196,2025-12-14 22:28:00,2025-12-14 22:30:00,F,50+,office,seoul,1,0,0,0,1,0,0,75,0,1,completed
17196,U7197,2025-08-14 20:47:00,2025-08-14 20:54:00,M,50+,office,seoul,0,0,0,0,18,0,0,73,0,0,completed
17197,U7198,2025-04-22 17:36:00,2025-04-22 17:40:00,F,50+,office,seoul,0,0,0,0,13,0,0,62,0,0,completed
17198,U7199,2025-08-18 12:19:00,2025-08-18 12:25:00,M,20~29,office,seoul,0,0,0,0,14,0,0,65,0,0,completed
17199,U7200,2025-06-22 17:47:00,2025-06-22 17:53:00,F,30~39,office,seoul,1,0,0,0,18,0,0,29,0,0,completed
17200,U7201,2025-01-20 13:07:00,2025-01-20 13:14:00,M,20~29,office,seoul,0,0,0,0,23,0,0,36,0,0,completed
17201,U7202,2025-10-26 08:29:00,2025-10-26 08:32:00,F,50+,office,seoul,1,0,0,0,4,0,0,54,0,0,completed
17202,U7203,2025-06-04 13:01:00,2025-06-04 13:07:00,F,20~29,office,seoul,0,0,0,0,5,0,0,71,0,0,completed
17203,U7204,2025-10-10 13:27:00,2025-10-10 13:32:00,F,20~29,office,seoul,0,0,0,0,28,0,0,11,0,0,completed
17204,U7205,2025-02-28 12:17:00,2025-02-28 12:22:00,F,50+,office,seoul,0,0,0,0,10,0,0,19,0,0,completed
17205,U7206,2025-08-14 15:52:00,2025-08-14 15:59:00,F,30~39,office,seoul,0,0,0,0,13,0,0,36,0,0,completed
17206,U7207,2025-12-01 13:58:00,2025-12-01 14:02:00,M,20~29,office,seoul,0,0,0,0,29,0,0,38,0,0,completed
17207,U7208,2025-01-05 11:31:00,2025-01-05 11:37:00,F,30~39,office,seoul,1,0,0,0,20,0,0,11,0,0,completed
17208,U7209,2025-04-26 15:51:00,2025-04-26 15:55:00,F,40~49,office,seoul,1,0,0,0,14,0,0,51,0,0,completed
17209,U7210,2025-06-07 14:29:00,2025-06-07 14:36:00,F,40~49,office,seoul,1,0,0,0,0,0,0,17,1,0,completed
17210,U7211,2025-03-02 11:21:00,2025-03-02 11:28:00,F,20~29,office,seoul,1,0,0,0,29,0,0,25,0,0,completed
17211,U7212,2025-12-02 14:41:00,2025-12-02 14:44:00,F,50+,office,seoul,0,0,0,0,1,0,0,53,0,0,completed
17212,U7213,2025-07-18 17:32:00,2025-07-18 17:38:00,F,30~39,office,seoul,0,0,0,0,16,0,0,43,0,0,completed
17213,U7214,2025-07-12 07:55:00,2025-07-12 07:59:00,F,50+,office,seoul,1,0,0,0,6,0,0,59,0,0,completed
17214,U7215,2025-07-31 18:29:00,2025-07-31 18:32:00,F,20~29,office,seoul,0,0,0,0,15,0,0,27,0,0,completed
17215,U7216,2025-10-23 15:31:00,2025-10-23 15:35:00,F,40~49,office,seoul,0,0,0,0,13,0,0,34,0,0,completed
17216,U7217,2025-09-04 12:38:00,2025-09-04 12:40:00,F,40~49,office,seoul,0,0,0,0,19,0,0,26,0,0,completed
17217,U7218,2025-11-20 09:39:00,2025-11-20 09:44:00,F,20~29,office,seoul,0,0,0,0,9,0,0,65,0,0,completed
17218,U7219,2025-10-06 09:02:00,2025-10-06 09:06:00,F,40~49,office,seoul,0,0,0,0,23,0,0,17,0,0,completed
17219,U7220,2025-03-08 17:41:00,2025-03-08 17:43:00,F,20~29,office,seoul,1,0,0,0,2,0,0,68,0,0,abandoned
17220,U7221,2025-07-02 14:22:00,2025-07-02 14:28:00,M,30~39,office,seoul,0,0,0,0,2,0,0,42,0,0,completed
17221,U7222,2025-06-05 11:14:00,2025-06-05 11:17:00,M,20~29,office,seoul,0,0,0,0,9,0,0,43,0,0,completed
17222,U7223,2025-01-26 13:01:00,2025-01-26 13:08:00,F,20~29,office,seoul,1,0,0,0,7,0,0,18,0,0,completed
17223,U7224,2025-05-24 12:47:00,2025-05-24 12:53:00,F,30~39,office,seoul,1,0,0,0,3,0,0,31,0,0,completed
17224,U7225,2025-11-13 08:34:00,2025-11-13 08:40:00,F,50+,office,seoul,0,0,0,0,14,0,0,12,0,0,completed
17225,U7226,2025-12-26 09:13:00,2025-12-26 09:19:00,F,30~39,office,seoul,0,0,0,0,15,0,0,74,0,0,completed
17226,U7227,2025-07-16 20:54:00,2025-07-16 20:56:00,F,50+,office,seoul,0,0,0,0,5,0,0,29,0,0,completed
17227,U7228,2025-03-22 14:56:00,2025-03-22 15:03:00,M,20~29,office,seoul,1,0,0,0,25,0,0,74,0,0,completed
17228,U7229,2025-07-18 15:20:00,2025-07-18 15:25:00,M,30~39,office,seoul,0,0,0,0,11,0,0,23,0,0,completed
17229,U7230,2025-05-31 17:44:00,2025-05-31 17:50:00,F,20~29,office,seoul,1,0,0,0,18,0,0,50,0,0,timeout
17230,U7231,2025-04-25 12:22:00,2025-04-25 12:29:00,F,30~39,office,seoul,0,0,0,0,26,0,0,68,0,0,completed
17231,U7232,2025-06-12 16:02:00,2025-06-12 16:09:00,M,20~29,office,seoul,0,0,0,0,28,0,0,26,0,0,completed
17232,U7233,2025-01-01 14:30:00,2025-01-01 14:34:00,F,30~39,office,seoul,0,0,0,0,1,0,0,58,0,0,completed
17233,U7234,2025-07-14 21:36:00,2025-07-14 21:40:00,F,30~39,office,seoul,0,0,0,0,14,0,0,71,0,0,completed
17234,U7235,2025-01-01 14:48:00,2025-01-01 14:51:00,M,20~29,office,seoul,0,0,0,0,25,0,0,55,0,0,completed
17235,U7236,2025-06-26 14:47:00,2025-06-26 14:54:00,F,30~39,office,seoul,0,0,0,0,28,0,0,24,0,0,completed
17236,U7237,2025-11-09 16:54:00,2025-11-09 16:57:00,M,40~49,office,seoul,1,0,0,0,11,0,0,14,0,0,completed
17237,U7238,2025-06-09 08:44:00,2025-06-09 08:47:00,F,30~39,office,seoul,0,0,0,0,12,0,0,18,0,0,completed
17238,U7239,2025-04-05 15:36:00,2025-04-05 15:43:00,M,50+,office,seoul,1,0,0,0,19,0,0,25,0,0,completed
17239,U7240,2025-12-30 20:41:00,2025-12-30 20:46:00,F,50+,office,seoul,0,0,0,0,24,0,0,57,0,0,completed
17240,U7241,2025-05-19 18:04:00,2025-05-19 18:06:00,M,20~29,office,seoul,0,0,0,0,28,0,0,61,0,0,completed
17241,U7242,2025-10-06 07:44:00,2025-10-06 07:48:00,M,20~29,office,seoul,0,0,0,0,17,0,0,71,0,0,completed
17242,U7243,2025-11-05 17:20:00,2025-11-05 17:27:00,F,20~29,office,seoul,0,0,0,0,8,0,0,21,0,0,completed
17243,U7244,2025-12-11 12:08:00,2025-12-11 12:13:00,F,40~49,office,seoul,0,0,0,0,8,0,0,57,0,0,completed
17244,U7245,2025-12-15 14:58:00,2025-12-15 15:00:00,F,20~29,office,seoul,0,0,0,0,29,0,0,65,0,0,completed
17245,U7246,2025-06-16 08:33:00,2025-06-16 08:37:00,M,20~29,office,seoul,0,0,0,0,29,0,0,14,0,0,completed
17246,U7247,2025-08-08 16:49:00,2025-08-08 16:52:00,F,20~29,office,seoul,0,0,0,0,27,0,0,59,0,0,completed
17247,U7248,2025-05-13 09:50:00,2025-05-13 09:56:00,F,40~49,office,seoul,0,0,0,0,21,0,0,28,0,0,abandoned
17248,U7249,2025-10-14 15:13:00,2025-10-14 15:20:00,M,30~39,office,seoul,0,0,0,0,24,0,0,78,0,0,completed
17249,U7250,2025-02-06 16:57:00,2025-02-06 17:04:00,M,50+,office,seoul,0,0,0,0,7,0,0,42,0,0,timeout
17250,U7251,2025-08-26 08:40:00,2025-08-26 08:43:00,M,30~39,office,seoul,0,0,0,0,4,0,0,53,0,0,completed
17251,U7252,2025-07-14 11:56:00,2025-07-14 12:00:00,F,30~39,office,seoul,0,0,0,0,0,0,0,37,0,0,completed
17252,U7253,2025-07-08 13:02:00,2025-07-08 13:05:00,F,20~29,office,seoul,0,0,0,0,13,0,0,44,0,0,completed
17253,U7254,2025-06-09 09:10:00,2025-06-09 09:17:00,F,30~39,office,seoul,0,0,0,0,5,0,0,47,0,0,abandoned
17254,U7255,2025-08-12 22:39:00,2025-08-12 22:45:00,F,20~29,office,seoul,0,0,0,0,18,0,0,64,0,0,completed
17255,U7256,2025-12-02 14:04:00,2025-12-02 14:07:00,F,40~49,office,seoul,0,0,0,0,20,0,0,35,0,0,completed
17256,U7257,2025-02-28 15:12:00,2025-02-28 15:16:00,F,20~29,office,seoul,0,0,0,0,14,0,0,77,0,0,completed
17257,U7258,2025-10-04 20:22:00,2025-10-04 20:24:00,M,20~29,office,seoul,1,0,0,0,0,0,0,41,0,1,completed
17258,U7259,2025-02-14 08:54:00,2025-02-14 09:00:00,M,30~39,office,seoul,0,0,0,0,1,0,0,24,0,0,timeout
17259,U7260,2025-07-22 17:05:00,2025-07-22 17:11:00,F,50+,office,seoul,0,0,0,0,11,0,0,70,0,0,timeout
17260,U7261,2025-11-01 17:39:00,2025-11-01 17:41:00,M,20~29,office,seoul,1,0,0,0,5,0,0,24,0,0,completed
17261,U7262,2025-12-16 07:03:00,2025-12-16 07:10:00,F,30~39,office,seoul,0,0,0,0,18,0,0,40,0,0,completed
17262,U7263,2025-01-06 17:54:00,2025-01-06 18:01:00,F,20~29,office,seoul,0,0,0,0,26,0,0,28,0,0,completed
17263,U7264,2025-05-08 12:44:00,2025-05-08 12:49:00,M,50+,office,seoul,0,0,0,0,12,0,0,11,0,0,completed
17264,U7265,2025-04-23 15:45:00,2025-04-23 15:47:00,F,20~29,office,seoul,0,0,0,0,17,0,0,49,0,0,completed
17265,U7266,2025-09-30 09:17:00,2025-09-30 09:20:00,F,40~49,office,seoul,0,0,0,0,27,0,0,14,0,0,completed
17266,U7267,2025-11-25 18:44:00,2025-11-25 18:50:00,F,30~39,office,seoul,0,0,0,0,11,0,0,13,0,0,completed
17267,U7268,2025-03-07 13:35:00,2025-03-07 13:40:00,F,20~29,office,seoul,0,0,0,0,21,0,0,20,0,0,completed
17268,U7269,2025-06-26 07:53:00,2025-06-26 07:55:00,F,40~49,office,seoul,0,0,0,0,23,0,0,40,0,0,completed
17269,U7270,2025-12-23 14:42:00,2025-12-23 14:46:00,M,20~29,office,seoul,0,0,0,0,18,0,0,64,0,0,completed
17270,U7271,2025-11-12 08:21:00,2025-11-12 08:23:00,F,20~29,office,seoul,0,0,0,0,1,0,0,61,0,0,completed
17271,U7272,2025-03-27 13:48:00,2025-03-27 13:55:00,F,20~29,office,seoul,0,0,0,0,12,0,0,59,0,0,completed
17272,U7273,2025-07-12 07:37:00,2025-07-12 07:39:00,F,40~49,office,seoul,1,0,0,0,9,0,0,69,0,0,completed
17273,U7274,2025-10-30 08:42:00,2025-10-30 08:44:00,M,20~29,office,seoul,0,0,0,0,2,0,0,49,0,0,completed
17274,U7275,2025-07-10 13:44:00,2025-07-10 13:49:00,M,50+,office,seoul,0,0,0,0,10,0,0,19,0,0,completed
17275,U7276,2025-01-11 09:25:00,2025-01-11 09:30:00,M,30~39,office,seoul,1,0,0,0,13,0,0,66,0,0,completed
17276,U7277,2025-11-13 08:00:00,2025-11-13 08:04:00,M,40~49,office,seoul,0,0,0,0,2,0,0,42,0,0,completed
17277,U7278,2025-09-14 16:40:00,2025-09-14 16:43:00,F,30~39,office,seoul,1,0,0,0,3,0,0,60,0,0,completed
17278,U7279,2025-04-30 09:43:00,2025-04-30 09:46:00,M,20~29,office,seoul,0,0,0,0,29,0,0,61,0,0,completed
17279,U7280,2025-09-24 16:32:00,2025-09-24 16:37:00,F,40~49,office,seoul,0,0,0,0,2,0,0,38,0,0,timeout
17280,U7281,2025-07-13 12:26:00,2025-07-13 12:31:00,F,20~29,office,seoul,1,0,0,0,11,0,0,60,0,0,abandoned
17281,U7282,2025-09-16 08:20:00,2025-09-16 08:27:00,M,40~49,office,seoul,0,0,0,0,2,0,0,76,0,0,completed
17282,U7283,2025-12-28 18:49:00,2025-12-28 18:53:00,F,30~39,office,seoul,1,0,0,0,19,0,0,39,0,0,completed
17283,U7284,2025-03-14 20:36:00,2025-03-14 20:39:00,M,20~29,office,seoul,0,0,0,0,1,0,0,50,0,0,completed
17284,U7285,2025-04-25 16:56:00,2025-04-25 17:02:00,F,40~49,office,seoul,0,0,0,0,7,0,0,34,0,0,completed
17285,U7286,2025-07-13 15:50:00,2025-07-13 15:54:00,M,20~29,office,seoul,1,0,0,0,1,0,0,65,0,0,completed
17286,U7287,2025-11-15 13:48:00,2025-11-15 13:54:00,F,40~49,office,seoul,1,0,0,0,27,0,0,37,0,0,completed
17287,U7288,2025-11-08 13:20:00,2025-11-08 13:26:00,M,30~39,office,seoul,1,0,0,0,28,0,0,13,0,0,completed
17288,U7289,2025-02-25 21:56:00,2025-02-25 22:01:00,M,20~29,office,seoul,0,0,0,0,10,0,0,25,0,0,completed
17289,U7290,2025-02-10 13:26:00,2025-02-10 13:30:00,M,30~39,office,seoul,0,0,0,0,19,0,0,62,0,0,completed
17290,U7291,2025-01-08 16:10:00,2025-01-08 16:12:00,F,40~49,office,seoul,0,0,0,0,1,0,0,49,0,0,completed
17291,U7292,2025-03-14 12:23:00,2025-03-14 12:25:00,F,40~49,office,seoul,0,0,0,0,10,0,0,35,0,0,completed
17292,U7293,2025-02-27 20:52:00,2025-02-27 20:55:00,F,40~49,office,seoul,0,0,0,0,29,0,0,21,0,0,completed
17293,U7294,2025-04-26 09:08:00,2025-04-26 09:10:00,M,30~39,office,seoul,1,0,0,0,15,0,0,79,0,0,timeout
17294,U7295,2025-10-07 14:25:00,2025-10-07 14:32:00,F,30~39,office,seoul,0,0,0,0,5,0,0,67,0,0,abandoned
17295,U7296,2025-05-10 18:11:00,2025-05-10 18:18:00,M,30~39,office,seoul,1,0,0,0,26,0,0,23,0,0,completed
17296,U7297,2025-09-23 16:11:00,2025-09-23 16:18:00,F,30~39,office,seoul,0,0,0,0,8,0,0,39,0,0,completed
17297,U7298,2025-10-14 16:43:00,2025-10-14 16:46:00,F,20~29,office,seoul,0,0,0,0,0,0,0,52,0,0,completed
17298,U7299,2025-09-22 08:38:00,2025-09-22 08:42:00,F,40~49,office,seoul,0,0,0,0,6,0,0,71,0,0,completed
17299,U7300,2025-07-17 08:24:00,2025-07-17 08:26:00,M,40~49,office,seoul,0,0,0,0,15,0,0,68,0,0,completed
17300,U7301,2025-09-01 16:29:00,2025-09-01 16:34:00,F,20~29,office,seoul,0,0,0,0,23,0,0,48,0,0,completed
17301,U7302,2025-05-03 13:01:00,2025-05-03 13:03:00,M,30~39,office,seoul,1,0,0,0,11,0,0,26,0,0,completed
17302,U7303,2025-11-18 15:31:00,2025-11-18 15:36:00,F,30~39,office,seoul,0,0,0,0,18,0,0,40,0,0,completed
17303,U7304,2025-05-05 11:45:00,2025-05-05 11:52:00,M,30~39,office,seoul,0,0,0,0,18,0,0,46,0,0,completed
17304,U7305,2025-05-31 17:00:00,2025-05-31 17:04:00,F,20~29,office,seoul,1,0,0,0,10,0,0,21,0,0,completed
17305,U7306,2025-09-02 20:49:00,2025-09-02 20:51:00,F,30~39,office,seoul,0,0,0,0,14,0,0,59,0,0,completed
17306,U7307,2025-12-01 13:58:00,2025-12-01 14:03:00,M,20~29,office,seoul,0,0,0,0,25,0,0,74,1,0,completed
17307,U7308,2025-05-28 09:32:00,2025-05-28 09:39:00,F,40~49,office,seoul,0,0,0,0,5,0,0,44,0,0,completed
17308,U7309,2025-02-08 09:26:00,2025-02-08 09:30:00,M,50+,office,seoul,1,0,0,0,28,0,0,76,0,0,completed
17309,U7310,2025-07-10 08:24:00,2025-07-10 08:28:00,F,20~29,office,seoul,0,0,0,0,29,0,0,65,0,0,completed
17310,U7311,2025-09-03 07:53:00,2025-09-03 07:58:00,F,40~49,office,seoul,0,0,0,0,0,0,0,71,0,0,completed
17311,U7312,2025-11-15 16:42:00,2025-11-15 16:45:00,F,30~39,office,seoul,1,0,0,0,16,0,0,52,0,0,completed
17312,U7313,2025-02-02 18:56:00,2025-02-02 19:02:00,M,30~39,office,seoul,1,0,0,0,28,0,0,55,0,0,completed
17313,U7314,2025-04-02 08:45:00,2025-04-02 08:48:00,F,20~29,office,seoul,0,0,0,0,7,0,0,34,0,0,completed
17314,U7315,2025-01-06 18:37:00,2025-01-06 18:42:00,F,20~29,office,seoul,0,0,0,0,5,0,0,37,0,0,completed
17315,U7316,2025-12-28 14:21:00,2025-12-28 14:27:00,F,20~29,office,seoul,1,0,0,0,15,0,0,17,0,0,completed
17316,U7317,2025-01-09 19:00:00,2025-01-09 19:05:00,M,20~29,office,seoul,0,0,0,0,16,0,0,58,0,0,timeout
17317,U7318,2025-05-28 14:55:00,2025-05-28 14:59:00,M,40~49,office,seoul,0,0,0,0,27,0,0,35,0,0,completed
17318,U7319,2025-05-05 19:01:00,2025-05-05 19:03:00,F,30~39,office,seoul,0,0,0,0,12,0,0,58,0,0,completed
17319,U7320,2025-06-26 18:34:00,2025-06-26 18:41:00,M,50+,office,seoul,0,0,0,0,2,0,0,79,0,0,completed
17320,U7321,2025-02-06 15:50:00,2025-02-06 15:52:00,F,40~49,office,seoul,0,0,0,0,14,0,0,10,0,0,completed
17321,U7322,2025-03-22 11:25:00,2025-03-22 11:31:00,F,20~29,office,seoul,1,0,0,0,26,0,0,77,0,0,completed
17322,U7323,2025-10-04 15:32:00,2025-10-04 15:38:00,F,20~29,office,seoul,1,0,0,0,9,0,0,59,0,0,completed
17323,U7324,2025-01-29 17:06:00,2025-01-29 17:12:00,M,30~39,office,seoul,0,0,0,0,19,0,0,12,0,0,completed
17324,U7325,2025-04-24 22:10:00,2025-04-24 22:13:00,F,40~49,office,seoul,0,0,0,0,18,0,0,46,0,0,completed
17325,U7326,2025-09-15 15:06:00,2025-09-15 15:08:00,M,50+,office,seoul,0,0,0,0,8,0,0,61,1,1,completed
17326,U7327,2025-07-08 15:22:00,2025-07-08 15:24:00,M,20~29,office,seoul,0,0,0,0,6,0,0,13,0,0,completed
17327,U7328,2025-03-01 15:54:00,2025-03-01 15:58:00,F,30~39,office,seoul,1,0,0,0,15,0,0,74,0,0,completed
17328,U7329,2025-05-12 11:58:00,2025-05-12 12:00:00,F,20~29,office,seoul,0,0,0,0,16,0,0,51,0,0,abandoned
17329,U7330,2025-10-11 07:50:00,2025-10-11 07:56:00,M,40~49,office,seoul,1,0,0,0,15,0,0,27,0,0,completed
17330,U7331,2025-01-24 22:51:00,2025-01-24 22:55:00,F,30~39,office,seoul,0,0,0,0,8,0,0,23,0,0,completed
17331,U7332,2025-03-20 08:59:00,2025-03-20 09:02:00,M,50+,office,seoul,0,0,0,0,25,0,0,47,0,0,completed
17332,U7333,2025-10-01 12:13:00,2025-10-01 12:16:00,F,30~39,office,seoul,0,0,0,0,14,0,0,22,0,0,completed
17333,U7334,2025-01-16 07:24:00,2025-01-16 07:28:00,F,30~39,office,seoul,0,0,0,0,16,0,0,13,0,0,completed
17334,U7335,2025-03-05 17:10:00,2025-03-05 17:13:00,F,20~29,office,seoul,0,0,0,0,16,0,0,45,0,0,completed
17335,U7336,2025-12-21 18:22:00,2025-12-21 18:28:00,F,20~29,office,seoul,1,0,0,0,13,0,0,61,0,0,completed
17336,U7337,2025-09-22 14:59:00,2025-09-22 15:04:00,F,40~49,office,seoul,0,0,0,0,15,0,0,73,0,0,completed
17337,U7338,2025-04-18 11:29:00,2025-04-18 11:32:00,M,20~29,office,seoul,0,0,0,0,14,0,0,47,0,0,completed
17338,U7339,2025-08-25 13:35:00,2025-08-25 13:38:00,M,50+,office,seoul,0,0,0,0,21,0,0,63,0,1,completed
17339,U7340,2025-10-31 15:31:00,2025-10-31 15:35:00,M,20~29,office,seoul,0,0,0,0,2,0,0,56,0,0,completed
17340,U7341,2025-12-01 08:32:00,2025-12-01 08:39:00,F,20~29,office,seoul,0,0,0,0,12,0,0,52,0,0,completed
17341,U7342,2025-07-09 13:26:00,2025-07-09 13:29:00,M,50+,office,seoul,0,0,0,0,21,0,0,34,0,0,completed
17342,U7343,2025-03-09 15:13:00,2025-03-09 15:20:00,F,50+,office,seoul,1,0,0,0,13,0,0,59,1,0,completed
17343,U7344,2025-03-09 12:00:00,2025-03-09 12:06:00,F,20~29,office,seoul,1,0,0,0,14,0,0,13,0,0,completed
17344,U7345,2025-08-21 09:15:00,2025-08-21 09:20:00,M,40~49,office,seoul,0,0,0,0,29,0,0,72,0,0,abandoned
17345,U7346,2025-05-05 11:48:00,2025-05-05 11:54:00,F,40~49,office,seoul,0,0,0,0,16,0,0,37,0,0,completed
17346,U7347,2025-09-01 13:48:00,2025-09-01 13:51:00,F,50+,office,seoul,0,0,0,0,4,0,0,25,0,0,completed
17347,U7348,2025-05-31 18:01:00,2025-05-31 18:07:00,F,20~29,office,seoul,1,0,0,0,9,0,0,37,0,0,completed
17348,U7349,2025-04-04 18:09:00,2025-04-04 18:11:00,M,30~39,office,seoul,0,0,0,0,7,0,0,51,0,0,completed
17349,U7350,2025-09-12 22:37:00,2025-09-12 22:43:00,F,20~29,office,seoul,0,0,0,0,15,0,0,57,0,0,completed
17350,U7351,2025-01-25 14:06:00,2025-01-25 14:08:00,F,20~29,office,seoul,1,0,0,0,3,0,0,34,0,0,completed
17351,U7352,2025-07-21 15:13:00,2025-07-21 15:17:00,F,50+,office,seoul,0,0,0,0,14,0,0,32,0,0,completed
17352,U7353,2025-06-15 18:09:00,2025-06-15 18:16:00,F,30~39,office,seoul,1,0,0,0,14,0,0,56,0,0,abandoned
17353,U7354,2025-09-07 09:24:00,2025-09-07 09:31:00,M,30~39,office,seoul,1,0,0,0,21,0,0,55,0,0,completed
17354,U7355,2025-06-04 16:14:00,2025-06-04 16:19:00,M,30~39,office,seoul,0,0,0,0,4,0,0,50,0,0,completed
17355,U7356,2025-05-05 17:24:00,2025-05-05 17:30:00,M,20~29,office,seoul,0,0,0,0,16,0,0,42,0,0,completed
17356,U7357,2025-05-03 13:36:00,2025-05-03 13:38:00,M,20~29,office,seoul,1,0,0,0,11,0,0,39,0,0,completed
17357,U7358,2025-09-28 15:35:00,2025-09-28 15:40:00,M,20~29,office,seoul,1,0,0,0,16,0,0,37,0,0,completed
17358,U7359,2025-10-22 18:50:00,2025-10-22 18:56:00,F,40~49,office,seoul,0,0,0,0,26,0,0,38,0,0,completed
17359,U7360,2025-04-20 13:40:00,2025-04-20 13:45:00,F,20~29,office,seoul,1,0,0,0,19,0,0,14,0,0,completed
17360,U7361,2025-01-04 17:11:00,2025-01-04 17:14:00,F,40~49,office,seoul,1,0,0,0,23,0,0,55,0,0,completed
17361,U7362,2025-04-13 14:33:00,2025-04-13 14:40:00,M,30~39,office,seoul,1,0,0,0,8,0,0,50,0,0,completed
17362,U7363,2025-10-16 12:24:00,2025-10-16 12:28:00,F,40~49,office,seoul,0,0,0,0,2,0,0,77,0,0,completed
17363,U7364,2025-08-15 17:34:00,2025-08-15 17:41:00,M,20~29,office,seoul,0,0,0,0,18,0,0,20,0,0,completed
17364,U7365,2025-10-22 16:37:00,2025-10-22 16:43:00,F,40~49,office,seoul,0,0,0,0,4,0,0,68,0,0,completed
17365,U7366,2025-08-23 08:05:00,2025-08-23 08:12:00,F,20~29,office,seoul,1,0,0,0,14,0,0,78,0,0,completed
17366,U7367,2025-02-12 17:48:00,2025-02-12 17:55:00,F,20~29,office,seoul,0,0,0,0,6,0,0,69,0,0,completed
17367,U7368,2025-09-25 07:59:00,2025-09-25 08:05:00,F,50+,office,seoul,0,0,0,0,5,0,0,48,0,0,completed
17368,U7369,2025-12-25 14:17:00,2025-12-25 14:21:00,F,20~29,office,seoul,0,0,0,0,9,0,0,47,0,0,timeout
17369,U7370,2025-10-22 17:45:00,2025-10-22 17:51:00,F,20~29,office,seoul,0,0,0,0,21,0,0,21,0,0,completed
17370,U7371,2025-01-04 18:39:00,2025-01-04 18:45:00,F,40~49,office,seoul,1,0,0,0,25,0,0,27,0,0,abandoned
17371,U7372,2025-05-07 13:26:00,2025-05-07 13:28:00,F,30~39,office,seoul,0,0,0,0,28,0,0,30,0,0,completed
17372,U7373,2025-02-25 11:44:00,2025-02-25 11:51:00,F,30~39,office,seoul,0,0,0,0,16,0,0,30,0,0,error
17373,U7374,2025-06-29 17:50:00,2025-06-29 17:55:00,M,20~29,office,seoul,1,0,0,0,13,0,0,33,0,0,completed
17374,U7375,2025-05-10 08:48:00,2025-05-10 08:50:00,F,20~29,office,seoul,1,0,0,0,6,0,0,75,0,0,completed
17375,U7376,2025-01-01 17:11:00,2025-01-01 17:14:00,F,40~49,office,seoul,0,0,0,0,8,0,0,70,0,0,completed
17376,U7377,2025-04-15 18:48:00,2025-04-15 18:50:00,M,40~49,office,seoul,0,0,0,0,16,0,0,57,0,0,timeout
17377,U7378,2025-04-27 13:03:00,2025-04-27 13:10:00,F,50+,office,seoul,1,0,0,0,5,0,0,40,0,0,completed
17378,U7379,2025-05-29 22:40:00,2025-05-29 22:42:00,M,20~29,office,seoul,0,0,0,0,28,0,0,64,0,0,completed
17379,U7380,2025-03-03 09:19:00,2025-03-03 09:22:00,F,20~29,office,seoul,0,0,0,0,25,0,0,47,0,0,abandoned
17380,U7381,2025-07-24 09:39:00,2025-07-24 09:41:00,M,20~29,office,seoul,0,0,0,0,7,0,0,68,0,0,completed
17381,U7382,2025-07-17 12:33:00,2025-07-17 12:36:00,F,30~39,office,seoul,0,0,0,0,20,0,0,32,0,0,completed
17382,U7383,2025-07-21 09:07:00,2025-07-21 09:13:00,M,20~29,office,seoul,0,0,0,0,25,0,0,79,0,0,completed
17383,U7384,2025-01-09 09:37:00,2025-01-09 09:40:00,F,30~39,office,seoul,0,0,0,0,4,0,0,26,0,0,timeout
17384,U7385,2025-12-19 20:57:00,2025-12-19 21:02:00,M,40~49,office,seoul,0,0,0,0,13,0,0,37,0,0,completed
17385,U7386,2025-06-28 16:37:00,2025-06-28 16:40:00,F,40~49,office,seoul,1,0,0,0,18,0,0,47,0,0,completed
17386,U7387,2025-02-15 09:38:00,2025-02-15 09:40:00,F,20~29,office,seoul,1,0,0,0,1,0,0,19,1,0,completed
17387,U7388,2025-05-05 07:17:00,2025-05-05 07:21:00,F,20~29,office,seoul,0,0,0,0,3,0,0,44,0,0,completed
17388,U7389,2025-02-22 09:42:00,2025-02-22 09:44:00,F,20~29,office,seoul,1,0,0,0,25,0,0,27,0,0,abandoned
17389,U7390,2025-09-08 09:41:00,2025-09-08 09:44:00,F,20~29,office,seoul,0,0,0,0,0,0,0,48,0,0,completed
17390,U7391,2025-05-01 14:10:00,2025-05-01 14:17:00,F,20~29,office,seoul,0,0,0,0,8,0,0,28,0,0,completed
17391,U7392,2025-04-13 12:35:00,2025-04-13 12:40:00,M,20~29,office,seoul,1,0,0,0,19,0,0,10,0,0,completed
17392,U7393,2025-11-27 16:58:00,2025-11-27 17:00:00,M,30~39,office,seoul,0,0,0,0,24,0,0,63,0,0,abandoned
17393,U7394,2025-05-16 19:58:00,2025-05-16 20:05:00,F,50+,office,seoul,0,0,0,0,0,0,0,63,0,0,abandoned
17394,U7395,2025-06-30 13:15:00,2025-06-30 13:20:00,M,30~39,office,seoul,0,0,0,0,17,0,0,29,0,0,completed
17395,U7396,2025-12-20 22:30:00,2025-12-20 22:34:00,M,30~39,office,seoul,1,0,0,0,15,0,0,14,0,0,completed
17396,U7397,2025-02-05 16:24:00,2025-02-05 16:30:00,F,20~29,office,seoul,0,0,0,0,12,0,0,21,0,0,completed
17397,U7398,2025-06-02 18:21:00,2025-06-02 18:28:00,M,20~29,office,seoul,0,0,0,0,7,0,0,76,0,0,completed
17398,U7399,2025-06-07 17:42:00,2025-06-07 17:49:00,M,50+,office,seoul,1,0,0,0,0,0,0,37,0,1,completed
17399,U7400,2025-12-19 08:29:00,2025-12-19 08:32:00,M,30~39,office,seoul,0,0,0,0,4,0,0,79,0,0,completed
17400,U7401,2025-07-29 12:05:00,2025-07-29 12:10:00,F,30~39,office,seoul,0,0,0,0,15,0,0,51,0,0,completed
17401,U7402,2025-04-01 15:11:00,2025-04-01 15:18:00,M,50+,office,seoul,0,0,0,0,0,0,0,63,0,0,completed
17402,U7403,2025-12-31 12:37:00,2025-12-31 12:41:00,F,30~39,office,seoul,0,0,0,0,6,0,0,44,0,0,completed
17403,U7404,2025-02-01 13:58:00,2025-02-01 14:05:00,M,40~49,office,seoul,1,0,0,0,13,0,0,71,0,0,completed
17404,U7405,2025-08-09 17:53:00,2025-08-09 17:59:00,M,50+,office,seoul,1,0,0,0,0,0,0,48,1,0,completed
17405,U7406,2025-09-26 09:20:00,2025-09-26 09:27:00,F,40~49,office,seoul,0,0,0,0,16,0,0,55,0,0,completed
17406,U7407,2025-06-07 17:35:00,2025-06-07 17:39:00,F,30~39,office,seoul,1,0,0,0,13,0,0,66,0,0,completed
17407,U7408,2025-12-05 19:22:00,2025-12-05 19:25:00,F,40~49,office,seoul,0,0,0,0,13,0,0,17,0,0,completed
17408,U7409,2025-07-15 19:26:00,2025-07-15 19:29:00,F,20~29,office,seoul,0,0,0,0,21,0,0,20,0,0,abandoned
17409,U7410,2025-11-01 17:31:00,2025-11-01 17:37:00,M,20~29,office,seoul,1,0,0,0,7,0,0,32,0,0,completed
17410,U7411,2025-01-28 15:06:00,2025-01-28 15:13:00,F,20~29,office,seoul,0,0,0,0,21,0,0,46,0,0,completed
17411,U7412,2025-04-22 08:41:00,2025-04-22 08:48:00,F,30~39,office,seoul,0,0,0,0,27,0,0,33,0,0,completed
17412,U7413,2025-12-19 16:51:00,2025-12-19 16:56:00,M,40~49,office,seoul,0,0,0,0,16,0,0,49,0,0,completed
17413,U7414,2025-07-19 11:50:00,2025-07-19 11:54:00,F,20~29,office,seoul,1,0,0,0,6,0,0,74,0,0,completed
17414,U7415,2025-07-06 15:28:00,2025-07-06 15:34:00,M,40~49,office,seoul,1,0,0,0,2,0,0,41,0,0,completed
17415,U7416,2025-03-07 13:04:00,2025-03-07 13:09:00,M,40~49,office,seoul,0,0,0,0,21,0,0,72,0,0,completed
17416,U7417,2025-06-07 12:26:00,2025-06-07 12:32:00,F,30~39,office,seoul,1,0,0,0,13,0,0,29,0,0,abandoned
17417,U7418,2025-06-05 18:53:00,2025-06-05 18:58:00,F,30~39,office,seoul,0,0,0,0,7,0,0,14,0,0,completed
17418,U7419,2025-04-26 19:51:00,2025-04-26 19:55:00,M,30~39,office,seoul,1,0,0,0,23,0,0,61,0,0,error
17419,U7420,2025-05-27 14:54:00,2025-05-27 14:57:00,F,20~29,office,seoul,0,0,0,0,0,0,0,79,0,1,completed
17420,U7421,2025-08-12 07:02:00,2025-08-12 07:06:00,M,30~39,office,seoul,0,0,0,0,27,0,0,18,0,0,completed
17421,U7422,2025-06-17 08:36:00,2025-06-17 08:40:00,F,40~49,office,seoul,0,0,0,0,9,0,0,66,0,0,completed
17422,U7423,2025-07-01 16:58:00,2025-07-01 17:05:00,F,30~39,office,seoul,0,0,0,0,17,0,0,32,0,0,abandoned
17423,U7424,2025-02-01 15:16:00,2025-02-01 15:20:00,M,20~29,office,seoul,1,0,0,0,8,0,0,75,0,0,abandoned
17424,U7425,2025-09-13 08:26:00,2025-09-13 08:33:00,F,20~29,office,seoul,1,0,0,0,28,0,0,45,0,0,completed
17425,U7426,2025-02-06 12:30:00,2025-02-06 12:35:00,M,40~49,office,seoul,0,0,0,0,5,0,0,20,0,0,completed
17426,U7427,2025-07-06 12:41:00,2025-07-06 12:48:00,M,30~39,office,seoul,1,0,0,0,8,0,0,37,0,0,completed
17427,U7428,2025-11-11 17:22:00,2025-11-11 17:29:00,F,20~29,office,seoul,0,0,0,0,23,0,0,49,0,0,completed
17428,U7429,2025-12-30 16:59:00,2025-12-30 17:06:00,F,30~39,office,seoul,0,0,0,0,20,0,0,76,0,0,completed
17429,U7430,2025-02-05 14:52:00,2025-02-05 14:54:00,F,50+,office,seoul,0,0,0,0,1,0,0,63,0,0,completed
17430,U7431,2025-04-21 16:59:00,2025-04-21 17:04:00,M,30~39,office,seoul,0,0,0,0,0,0,0,65,0,0,completed
17431,U7432,2025-03-16 14:06:00,2025-03-16 14:10:00,F,20~29,office,seoul,1,0,0,0,15,0,0,70,0,0,completed
17432,U7433,2025-06-24 19:57:00,2025-06-24 20:02:00,F,30~39,office,seoul,0,0,0,0,21,0,0,17,0,0,completed
17433,U7434,2025-08-13 12:56:00,2025-08-13 12:58:00,M,30~39,office,seoul,0,0,0,0,23,0,0,49,0,0,completed
17434,U7435,2025-09-22 17:48:00,2025-09-22 17:50:00,M,30~39,office,seoul,0,0,0,0,10,0,0,61,0,0,completed
17435,U7436,2025-03-09 14:11:00,2025-03-09 14:15:00,F,20~29,office,seoul,1,0,0,0,29,0,0,55,0,0,completed
17436,U7437,2025-06-25 18:11:00,2025-06-25 18:15:00,M,40~49,office,seoul,0,0,0,0,2,0,0,28,0,0,completed
17437,U7438,2025-02-18 12:29:00,2025-02-18 12:33:00,F,50+,office,seoul,0,0,0,0,22,0,0,33,0,0,completed
17438,U7439,2025-02-10 17:28:00,2025-02-10 17:31:00,F,20~29,office,seoul,0,0,0,0,17,0,0,10,0,0,completed
17439,U7440,2025-08-04 15:58:00,2025-08-04 16:02:00,M,50+,office,seoul,0,0,0,0,6,0,0,18,1,0,completed
17440,U7441,2025-08-29 16:25:00,2025-08-29 16:30:00,M,20~29,office,seoul,0,0,0,0,18,0,0,73,0,0,completed
17441,U7442,2025-12-24 07:46:00,2025-12-24 07:50:00,F,20~29,office,seoul,0,0,0,0,18,0,0,78,0,0,completed
17442,U7443,2025-04-05 16:45:00,2025-04-05 16:50:00,M,20~29,office,seoul,1,0,0,0,21,0,0,73,0,0,timeout
17443,U7444,2025-03-05 13:40:00,2025-03-05 13:43:00,F,30~39,office,seoul,0,0,0,0,23,0,0,20,0,0,completed
17444,U7445,2025-06-16 19:27:00,2025-06-16 19:32:00,F,30~39,office,seoul,0,0,0,0,2,0,0,25,0,0,completed
17445,U7446,2025-05-06 12:11:00,2025-05-06 12:15:00,F,20~29,office,seoul,0,0,0,0,4,0,0,12,0,0,completed
17446,U7447,2025-10-27 08:52:00,2025-10-27 08:59:00,M,20~29,office,seoul,0,0,0,0,2,0,0,16,0,0,completed
17447,U7448,2025-11-14 19:58:00,2025-11-14 20:01:00,M,40~49,office,seoul,0,0,0,0,20,0,0,37,0,0,error
17448,U7449,2025-10-07 15:39:00,2025-10-07 15:43:00,F,20~29,office,seoul,0,0,0,0,25,0,0,44,0,0,completed
17449,U7450,2025-09-07 17:10:00,2025-09-07 17:13:00,M,30~39,office,seoul,1,0,0,0,25,0,0,31,0,0,completed
17450,U7451,2025-11-19 07:58:00,2025-11-19 08:01:00,F,30~39,office,seoul,0,0,0,0,9,0,0,46,0,0,completed
17451,U7452,2025-10-29 14:46:00,2025-10-29 14:52:00,F,30~39,office,seoul,0,0,0,0,1,0,0,35,0,0,completed
17452,U7453,2025-02-18 17:37:00,2025-02-18 17:44:00,F,30~39,office,seoul,0,0,0,0,23,0,0,56,0,0,completed
17453,U7454,2025-02-11 19:16:00,2025-02-11 19:20:00,M,20~29,office,seoul,0,0,0,0,23,0,0,59,0,0,timeout
17454,U7455,2025-09-17 14:53:00,2025-09-17 15:00:00,M,20~29,office,seoul,0,0,0,0,4,0,0,15,0,0,completed
17455,U7456,2025-02-09 15:27:00,2025-02-09 15:32:00,F,20~29,office,seoul,1,0,0,0,8,0,0,62,1,0,completed
17456,U7457,2025-04-09 08:50:00,2025-04-09 08:52:00,M,30~39,office,seoul,0,0,0,0,14,0,0,17,0,0,abandoned
17457,U7458,2025-05-01 13:12:00,2025-05-01 13:16:00,F,20~29,office,seoul,0,0,0,0,0,0,0,65,0,0,completed
17458,U7459,2025-07-02 19:49:00,2025-07-02 19:56:00,M,30~39,office,seoul,0,0,0,0,28,0,0,36,0,0,completed
17459,U7460,2025-03-27 17:06:00,2025-03-27 17:13:00,M,50+,office,seoul,0,0,0,0,16,0,0,19,0,0,completed
17460,U7461,2025-03-16 07:25:00,2025-03-16 07:27:00,F,30~39,office,seoul,1,0,0,0,3,0,0,17,0,0,completed
17461,U7462,2025-11-12 18:56:00,2025-11-12 18:59:00,M,20~29,office,seoul,0,0,0,0,15,0,0,70,0,0,abandoned
17462,U7463,2025-08-19 15:03:00,2025-08-19 15:08:00,M,30~39,office,seoul,0,0,0,0,20,0,0,33,0,0,completed
17463,U7464,2025-07-20 16:16:00,2025-07-20 16:20:00,M,40~49,office,seoul,1,0,0,0,1,0,0,40,1,0,completed
17464,U7465,2025-02-21 13:35:00,2025-02-21 13:42:00,F,30~39,office,seoul,0,0,0,0,16,0,0,70,0,0,completed
17465,U7466,2025-04-08 17:20:00,2025-04-08 17:24:00,M,30~39,office,seoul,0,0,0,0,4,0,0,26,0,0,completed
17466,U7467,2025-10-12 20:37:00,2025-10-12 20:41:00,M,40~49,office,seoul,1,0,0,0,21,0,0,39,0,0,completed
17467,U7468,2025-01-13 11:37:00,2025-01-13 11:40:00,M,30~39,office,seoul,0,0,0,0,7,0,0,68,0,0,completed
17468,U7469,2025-10-30 09:00:00,2025-10-30 09:06:00,M,20~29,office,seoul,0,0,0,0,3,0,0,76,0,0,completed
17469,U7470,2025-06-29 12:24:00,2025-06-29 12:28:00,F,20~29,office,seoul,1,0,0,0,2,0,0,20,0,0,completed
17470,U7471,2025-08-24 16:02:00,2025-08-24 16:09:00,F,50+,office,seoul,1,0,0,0,0,0,0,63,1,0,completed
17471,U7472,2025-12-22 17:18:00,2025-12-22 17:22:00,M,30~39,office,seoul,0,0,0,0,15,0,0,51,0,0,completed
17472,U7473,2025-10-31 07:48:00,2025-10-31 07:54:00,M,40~49,office,seoul,0,0,0,0,26,0,0,17,0,0,completed
17473,U7474,2025-08-20 12:12:00,2025-08-20 12:15:00,M,50+,office,seoul,0,0,0,0,29,0,0,77,0,0,completed
17474,U7475,2025-12-17 14:19:00,2025-12-17 14:26:00,M,20~29,office,seoul,0,0,0,0,8,0,0,42,1,0,completed
17475,U7476,2025-11-09 12:14:00,2025-11-09 12:18:00,F,30~39,office,seoul,1,0,0,0,24,0,0,25,0,0,completed
17476,U7477,2025-05-01 11:46:00,2025-05-01 11:48:00,M,50+,office,seoul,0,0,0,0,20,0,0,58,1,0,completed
17477,U7478,2025-05-16 07:04:00,2025-05-16 07:10:00,M,30~39,office,seoul,0,0,0,0,5,0,0,28,0,0,completed
17478,U7479,2025-05-11 14:09:00,2025-05-11 14:11:00,M,30~39,office,seoul,1,0,0,0,27,0,0,75,0,0,error
17479,U7480,2025-07-15 08:06:00,2025-07-15 08:12:00,F,30~39,office,seoul,0,0,0,0,2,0,0,51,0,0,completed
17480,U7481,2025-01-24 13:26:00,2025-01-24 13:29:00,M,20~29,office,seoul,0,0,0,0,5,0,0,23,0,0,completed
17481,U7482,2025-08-14 13:13:00,2025-08-14 13:15:00,F,50+,office,seoul,0,0,0,0,25,0,0,52,0,0,completed
17482,U7483,2025-02-10 08:07:00,2025-02-10 08:10:00,F,20~29,office,seoul,0,0,0,0,16,0,0,52,0,0,completed
17483,U7484,2025-06-27 08:38:00,2025-06-27 08:43:00,F,20~29,office,seoul,0,0,0,0,1,0,0,43,0,0,completed
17484,U7485,2025-02-01 09:11:00,2025-02-01 09:15:00,F,30~39,office,seoul,1,0,0,0,15,0,0,25,0,0,abandoned
17485,U7486,2025-10-25 13:33:00,2025-10-25 13:36:00,M,30~39,office,seoul,1,0,0,0,24,0,0,18,0,0,completed
17486,U7487,2025-10-19 17:42:00,2025-10-19 17:44:00,F,30~39,office,seoul,1,0,0,0,2,0,0,49,0,0,completed
17487,U7488,2025-10-10 13:50:00,2025-10-10 13:52:00,M,40~49,office,seoul,0,0,0,0,4,0,0,34,0,0,completed
17488,U7489,2025-06-04 14:54:00,2025-06-04 14:59:00,F,40~49,office,seoul,0,0,0,0,10,0,0,37,0,0,completed
17489,U7490,2025-01-11 22:07:00,2025-01-11 22:13:00,F,30~39,office,seoul,1,0,0,0,10,0,0,26,0,0,completed
17490,U7491,2025-01-30 22:05:00,2025-01-30 22:08:00,M,20~29,office,seoul,0,0,0,0,5,0,0,42,0,0,completed
17491,U7492,2025-08-28 08:38:00,2025-08-28 08:41:00,M,20~29,office,seoul,0,0,0,0,2,0,0,26,0,0,completed
17492,U7493,2025-08-02 08:24:00,2025-08-02 08:31:00,F,30~39,office,seoul,1,0,0,0,20,0,0,15,0,0,completed
17493,U7494,2025-09-20 18:03:00,2025-09-20 18:10:00,M,40~49,office,seoul,1,0,0,0,29,0,0,25,0,0,completed
17494,U7495,2025-05-14 20:48:00,2025-05-14 20:55:00,F,40~49,office,seoul,0,0,0,0,25,0,0,54,0,0,completed
17495,U7496,2025-03-06 09:30:00,2025-03-06 09:34:00,M,30~39,office,seoul,0,0,0,0,20,0,0,73,0,0,abandoned
17496,U7497,2025-11-11 08:21:00,2025-11-11 08:27:00,F,20~29,office,seoul,0,0,0,0,25,0,0,13,0,0,completed
17497,U7498,2025-11-15 08:04:00,2025-11-15 08:09:00,M,20~29,office,seoul,1,0,0,0,24,0,0,78,0,0,completed
17498,U7499,2025-09-30 12:35:00,2025-09-30 12:41:00,F,20~29,office,seoul,0,0,0,0,11,0,0,48,0,0,completed
17499,U7500,2025-10-05 19:40:00,2025-10-05 19:43:00,M,40~49,office,seoul,1,0,0,0,5,0,0,63,0,0,completed
17500,U7501,2025-05-16 09:13:00,2025-05-16 09:19:00,F,20~29,office,seoul,0,0,0,0,26,0,0,30,0,0,completed
17501,U7502,2025-08-09 12:09:00,2025-08-09 12:16:00,F,50+,office,seoul,1,0,0,0,15,0,0,32,0,0,completed
17502,U7503,2025-12-05 11:53:00,2025-12-05 12:00:00,M,50+,office,seoul,0,0,0,0,28,0,0,69,0,0,timeout
17503,U7504,2025-11-15 07:45:00,2025-11-15 07:49:00,F,30~39,office,seoul,1,0,0,0,7,0,0,34,0,0,completed
17504,U7505,2025-08-20 17:30:00,2025-08-20 17:35:00,M,40~49,office,seoul,0,0,0,0,9,0,0,31,0,0,completed
17505,U7506,2025-04-10 18:42:00,2025-04-10 18:46:00,M,20~29,office,seoul,0,0,0,0,12,0,0,10,0,0,completed
17506,U7507,2025-01-06 11:22:00,2025-01-06 11:25:00,M,40~49,office,seoul,0,0,0,0,17,0,0,61,0,0,completed
17507,U7508,2025-01-07 19:12:00,2025-01-07 19:17:00,F,50+,office,seoul,0,0,0,0,23,0,0,43,0,0,completed
17508,U7509,2025-06-19 17:00:00,2025-06-19 17:02:00,F,20~29,office,seoul,0,0,0,0,25,0,0,30,0,0,completed
17509,U7510,2025-12-31 11:52:00,2025-12-31 11:57:00,M,20~29,office,seoul,0,0,0,0,25,0,0,50,0,0,completed
17510,U7511,2025-04-26 13:39:00,2025-04-26 13:41:00,F,40~49,office,seoul,1,0,0,0,7,0,0,45,0,0,completed
17511,U7512,2025-12-25 14:53:00,2025-12-25 14:56:00,M,30~39,office,seoul,0,0,0,0,0,0,0,29,0,0,completed
17512,U7513,2025-10-01 12:23:00,2025-10-01 12:25:00,F,30~39,office,seoul,0,0,0,0,6,0,0,19,0,0,completed
17513,U7514,2025-12-30 19:30:00,2025-12-30 19:36:00,M,30~39,office,seoul,0,0,0,0,26,0,0,78,0,0,completed
17514,U7515,2025-11-26 07:38:00,2025-11-26 07:40:00,F,40~49,office,seoul,0,0,0,0,24,0,0,12,0,0,completed
17515,U7516,2025-08-08 19:14:00,2025-08-08 19:21:00,M,20~29,office,seoul,0,0,0,0,29,0,0,54,0,0,completed
17516,U7517,2025-11-03 09:43:00,2025-11-03 09:45:00,F,30~39,office,seoul,0,0,0,0,22,0,0,51,0,0,completed
17517,U7518,2025-02-09 13:33:00,2025-02-09 13:37:00,F,30~39,office,seoul,1,0,0,0,0,0,0,63,0,0,completed
17518,U7519,2025-08-17 12:55:00,2025-08-17 13:01:00,F,20~29,office,seoul,1,0,0,0,14,0,0,48,0,0,completed
17519,U7520,2025-05-21 15:36:00,2025-05-21 15:39:00,F,20~29,office,seoul,0,0,0,0,18,0,0,70,0,0,completed
17520,U7521,2025-05-26 15:14:00,2025-05-26 15:18:00,F,40~49,office,seoul,0,0,0,0,7,0,0,24,0,0,completed
17521,U7522,2025-08-22 12:43:00,2025-08-22 12:47:00,M,30~39,office,seoul,0,0,0,0,17,0,0,25,0,0,abandoned
17522,U7523,2025-12-24 15:12:00,2025-12-24 15:17:00,M,40~49,office,seoul,0,0,0,0,23,0,0,30,0,0,completed
17523,U7524,2025-11-11 18:32:00,2025-11-11 18:34:00,F,50+,office,seoul,0,0,0,0,25,0,0,51,0,0,completed
17524,U7525,2025-07-22 20:50:00,2025-07-22 20:56:00,F,30~39,office,seoul,0,0,0,0,12,0,0,10,0,0,completed
17525,U7526,2025-02-09 17:48:00,2025-02-09 17:52:00,F,40~49,office,seoul,1,0,0,0,16,0,0,68,0,0,abandoned
17526,U7527,2025-04-20 08:33:00,2025-04-20 08:37:00,F,30~39,office,seoul,1,0,0,0,11,0,0,22,0,0,completed
17527,U7528,2025-12-17 07:54:00,2025-12-17 07:56:00,M,30~39,office,seoul,0,0,0,0,12,0,0,68,0,0,error
17528,U7529,2025-11-03 20:13:00,2025-11-03 20:20:00,F,30~39,office,seoul,0,0,0,0,1,0,0,60,0,0,completed
17529,U7530,2025-05-11 12:55:00,2025-05-11 12:58:00,M,30~39,office,seoul,1,0,0,0,11,0,0,30,0,0,completed
17530,U7531,2025-03-10 17:35:00,2025-03-10 17:42:00,F,30~39,office,seoul,0,0,0,0,27,0,0,47,0,0,completed
17531,U7532,2025-08-07 09:37:00,2025-08-07 09:39:00,F,40~49,office,seoul,0,0,0,0,8,0,0,38,0,0,completed
17532,U7533,2025-08-24 14:11:00,2025-08-24 14:18:00,F,20~29,office,seoul,1,0,0,0,25,0,0,61,0,0,completed
17533,U7534,2025-10-28 08:36:00,2025-10-28 08:39:00,M,20~29,office,seoul,0,0,0,0,23,0,0,19,0,0,completed
17534,U7535,2025-03-01 17:08:00,2025-03-01 17:12:00,F,50+,office,seoul,1,0,0,0,1,0,0,39,0,0,abandoned
17535,U7536,2025-06-07 15:53:00,2025-06-07 16:00:00,F,20~29,office,seoul,1,0,0,0,3,0,0,71,0,0,completed
17536,U7537,2025-09-21 17:00:00,2025-09-21 17:02:00,M,30~39,office,seoul,1,0,0,0,19,0,0,14,0,0,completed
17537,U7538,2025-12-09 08:48:00,2025-12-09 08:53:00,M,20~29,office,seoul,0,0,0,0,3,0,0,45,0,0,completed
17538,U7539,2025-07-18 13:27:00,2025-07-18 13:34:00,M,20~29,office,seoul,0,0,0,0,20,0,0,30,0,0,completed
17539,U7540,2025-05-17 16:21:00,2025-05-17 16:24:00,M,30~39,office,seoul,1,0,0,0,21,0,0,76,0,0,completed
17540,U7541,2025-11-19 08:34:00,2025-11-19 08:37:00,M,20~29,office,seoul,0,0,0,0,8,0,0,62,0,0,completed
17541,U7542,2025-02-26 09:06:00,2025-02-26 09:10:00,F,30~39,office,seoul,0,0,0,0,4,0,0,70,0,0,completed
17542,U7543,2025-08-04 12:26:00,2025-08-04 12:28:00,F,50+,office,seoul,0,0,0,0,0,0,0,42,1,1,completed
17543,U7544,2025-06-07 19:13:00,2025-06-07 19:19:00,F,30~39,office,seoul,1,0,0,0,1,0,0,43,0,0,timeout
17544,U7545,2025-03-09 11:53:00,2025-03-09 11:57:00,F,20~29,office,seoul,1,0,0,0,16,0,0,75,0,0,completed
17545,U7546,2025-08-27 08:17:00,2025-08-27 08:20:00,F,50+,office,seoul,0,0,0,0,4,0,0,39,0,0,completed
17546,U7547,2025-11-23 18:20:00,2025-11-23 18:23:00,M,30~39,office,seoul,1,0,0,0,20,0,0,43,0,0,completed
17547,U7548,2025-07-13 15:28:00,2025-07-13 15:31:00,F,50+,office,seoul,1,0,0,0,8,0,0,20,1,0,completed
17548,U7549,2025-08-07 08:06:00,2025-08-07 08:12:00,F,20~29,office,seoul,0,0,0,0,19,0,0,59,0,0,completed
17549,U7550,2025-11-15 19:38:00,2025-11-15 19:43:00,F,40~49,office,seoul,1,0,0,0,6,0,0,46,0,0,completed
17550,U7551,2025-05-04 08:45:00,2025-05-04 08:49:00,M,40~49,office,seoul,1,0,0,0,12,0,0,10,0,0,completed
17551,U7552,2025-10-09 21:11:00,2025-10-09 21:16:00,M,20~29,office,seoul,0,0,0,0,6,0,0,69,0,0,completed
17552,U7553,2025-10-02 15:25:00,2025-10-02 15:29:00,M,20~29,office,seoul,0,0,0,0,27,0,0,15,0,0,completed
17553,U7554,2025-11-26 18:22:00,2025-11-26 18:28:00,M,30~39,office,seoul,0,0,0,0,5,0,0,56,0,0,completed
17554,U7555,2025-10-25 09:39:00,2025-10-25 09:42:00,F,30~39,office,seoul,1,0,0,0,18,0,0,66,0,0,completed
17555,U7556,2025-04-07 18:49:00,2025-04-07 18:52:00,F,30~39,office,seoul,0,0,0,0,15,0,0,48,0,0,completed
17556,U7557,2025-04-26 11:10:00,2025-04-26 11:12:00,F,20~29,office,seoul,1,0,0,0,0,0,0,50,0,0,completed
17557,U7558,2025-10-01 07:01:00,2025-10-01 07:07:00,F,20~29,office,seoul,0,0,0,0,24,0,0,44,0,0,completed
17558,U7559,2025-11-22 08:59:00,2025-11-22 09:04:00,F,30~39,office,seoul,1,0,0,0,21,0,0,54,0,0,completed
17559,U7560,2025-06-17 13:49:00,2025-06-17 13:52:00,F,20~29,office,seoul,0,0,0,0,27,0,0,42,0,0,completed
17560,U7561,2025-02-03 12:14:00,2025-02-03 12:18:00,F,50+,office,seoul,0,0,0,0,16,0,0,26,0,0,abandoned
17561,U7562,2025-08-14 17:27:00,2025-08-14 17:34:00,M,30~39,office,seoul,0,0,0,0,17,0,0,72,0,0,abandoned
17562,U7563,2025-02-08 12:41:00,2025-02-08 12:47:00,F,20~29,office,seoul,1,0,0,0,19,0,0,14,0,0,completed
17563,U7564,2025-10-19 15:56:00,2025-10-19 16:02:00,F,40~49,office,seoul,1,0,0,0,12,0,0,45,0,0,completed
17564,U7565,2025-05-09 12:14:00,2025-05-09 12:19:00,F,30~39,office,seoul,0,0,0,0,2,0,0,34,0,0,completed
17565,U7566,2025-04-16 14:58:00,2025-04-16 15:05:00,F,20~29,office,seoul,0,0,0,0,23,0,0,11,0,0,completed
17566,U7567,2025-01-07 15:36:00,2025-01-07 15:43:00,M,20~29,office,seoul,0,0,0,0,13,0,0,26,0,0,completed
17567,U7568,2025-09-26 09:17:00,2025-09-26 09:23:00,M,20~29,office,seoul,0,0,0,0,29,0,0,78,0,0,timeout
17568,U7569,2025-10-03 16:48:00,2025-10-03 16:55:00,F,20~29,office,seoul,0,0,0,0,5,0,0,41,0,0,completed
17569,U7570,2025-11-05 14:51:00,2025-11-05 14:54:00,M,30~39,office,seoul,0,0,0,0,24,0,0,69,0,0,completed
17570,U7571,2025-03-12 16:35:00,2025-03-12 16:37:00,F,30~39,office,seoul,0,0,0,0,20,0,0,52,0,0,completed
17571,U7572,2025-06-11 14:02:00,2025-06-11 14:04:00,M,30~39,office,seoul,0,0,0,0,19,0,0,10,0,0,completed
17572,U7573,2025-06-11 19:21:00,2025-06-11 19:28:00,M,20~29,office,seoul,0,0,0,0,14,0,0,58,0,0,completed
17573,U7574,2025-06-08 11:59:00,2025-06-08 12:06:00,M,30~39,office,seoul,1,0,0,0,25,0,0,44,1,0,completed
17574,U7575,2025-12-20 09:35:00,2025-12-20 09:41:00,M,40~49,office,seoul,1,0,0,0,21,0,0,10,0,0,completed
17575,U7576,2025-04-30 12:55:00,2025-04-30 13:02:00,M,20~29,office,seoul,0,0,0,0,28,0,0,13,0,0,completed
17576,U7577,2025-08-07 18:39:00,2025-08-07 18:41:00,F,20~29,office,seoul,0,0,0,0,9,0,0,65,0,0,completed
17577,U7578,2025-10-20 15:14:00,2025-10-20 15:18:00,M,30~39,office,seoul,0,0,0,0,4,0,0,55,0,0,timeout
17578,U7579,2025-01-04 16:56:00,2025-01-04 16:59:00,F,40~49,office,seoul,1,0,0,0,14,0,0,17,0,0,abandoned
17579,U7580,2025-01-20 16:51:00,2025-01-20 16:54:00,M,30~39,office,seoul,0,0,0,0,23,0,0,14,0,0,completed
17580,U7581,2025-08-01 07:47:00,2025-08-01 07:50:00,F,20~29,office,seoul,0,0,0,0,1,0,0,37,0,0,abandoned
17581,U7582,2025-08-18 08:54:00,2025-08-18 09:00:00,F,20~29,office,seoul,0,0,0,0,8,0,0,14,0,0,completed
17582,U7583,2025-02-15 12:50:00,2025-02-15 12:55:00,F,20~29,office,seoul,1,0,0,0,20,0,0,70,0,0,completed
17583,U7584,2025-12-28 12:26:00,2025-12-28 12:30:00,M,30~39,office,seoul,1,0,0,0,7,0,0,32,0,0,completed
17584,U7585,2025-08-06 21:13:00,2025-08-06 21:17:00,M,40~49,office,seoul,0,0,0,0,21,0,0,37,1,0,completed
17585,U7586,2025-01-03 15:28:00,2025-01-03 15:31:00,M,50+,office,seoul,0,0,0,0,15,0,0,74,0,0,completed
17586,U7587,2025-08-06 16:23:00,2025-08-06 16:30:00,F,20~29,office,seoul,0,0,0,0,11,0,0,56,0,0,abandoned
17587,U7588,2025-10-04 15:46:00,2025-10-04 15:51:00,F,30~39,office,seoul,1,0,0,0,26,0,0,45,0,0,completed
17588,U7589,2025-11-29 16:27:00,2025-11-29 16:34:00,M,50+,office,seoul,1,0,0,0,12,0,0,50,1,0,completed
17589,U7590,2025-01-27 14:56:00,2025-01-27 15:03:00,F,30~39,office,seoul,0,0,0,0,9,0,0,38,0,0,completed
17590,U7591,2025-02-22 07:23:00,2025-02-22 07:30:00,M,30~39,office,seoul,1,0,0,0,25,0,0,33,0,0,completed
17591,U7592,2025-05-11 21:22:00,2025-05-11 21:29:00,F,30~39,office,seoul,1,0,0,0,11,0,0,13,0,0,completed
17592,U7593,2025-07-13 14:32:00,2025-07-13 14:39:00,F,20~29,office,seoul,1,0,0,0,26,0,0,43,0,0,completed
17593,U7594,2025-07-02 15:03:00,2025-07-02 15:07:00,F,20~29,office,seoul,0,0,0,0,12,0,0,14,0,0,completed
17594,U7595,2025-08-06 17:45:00,2025-08-06 17:47:00,F,40~49,office,seoul,0,0,0,0,24,0,0,78,0,0,timeout
17595,U7596,2025-08-05 12:51:00,2025-08-05 12:54:00,F,30~39,office,seoul,0,0,0,0,16,0,0,72,0,0,abandoned
17596,U7597,2025-10-28 12:59:00,2025-10-28 13:06:00,M,20~29,office,seoul,0,0,0,0,24,0,0,54,0,0,completed
17597,U7598,2025-07-10 20:16:00,2025-07-10 20:21:00,M,30~39,office,seoul,0,0,0,0,15,0,0,28,0,0,completed
17598,U7599,2025-04-28 15:10:00,2025-04-28 15:14:00,F,50+,office,seoul,0,0,0,0,17,0,0,65,0,0,completed
17599,U7600,2025-03-27 17:48:00,2025-03-27 17:55:00,M,30~39,office,seoul,0,0,0,0,6,0,0,60,0,0,completed
17600,U7601,2025-08-29 15:01:00,2025-08-29 15:07:00,F,40~49,office,seoul,0,0,0,0,0,0,0,45,0,0,completed
17601,U7602,2025-11-16 13:39:00,2025-11-16 13:45:00,F,20~29,office,seoul,1,0,0,0,12,0,0,13,0,0,completed
17602,U7603,2025-05-12 15:33:00,2025-05-12 15:40:00,M,40~49,office,seoul,0,0,0,0,18,0,0,32,0,0,abandoned
17603,U7604,2025-05-24 15:20:00,2025-05-24 15:26:00,M,50+,office,seoul,1,0,0,0,3,0,0,73,0,1,completed
17604,U7605,2025-09-23 14:23:00,2025-09-23 14:30:00,F,20~29,office,seoul,0,0,0,0,28,0,0,36,0,0,completed
17605,U7606,2025-02-24 07:06:00,2025-02-24 07:11:00,F,20~29,office,seoul,0,0,0,0,6,0,0,49,0,0,completed
17606,U7607,2025-03-11 09:51:00,2025-03-11 09:58:00,M,40~49,office,seoul,0,0,0,0,2,0,0,77,0,0,completed
17607,U7608,2025-02-16 17:19:00,2025-02-16 17:23:00,M,50+,office,seoul,1,0,0,0,17,0,0,75,0,1,completed
17608,U7609,2025-06-29 15:18:00,2025-06-29 15:23:00,F,40~49,office,seoul,1,0,0,0,6,0,0,79,0,0,completed
17609,U7610,2025-01-11 16:35:00,2025-01-11 16:38:00,F,50+,office,seoul,1,0,0,0,14,0,0,31,0,1,completed
17610,U7611,2025-12-20 19:09:00,2025-12-20 19:15:00,F,40~49,office,seoul,1,0,0,0,16,0,0,33,0,0,completed
17611,U7612,2025-10-29 09:57:00,2025-10-29 10:04:00,F,30~39,office,seoul,0,0,0,0,10,0,0,57,0,0,completed
17612,U7613,2025-04-18 07:54:00,2025-04-18 08:01:00,F,20~29,office,seoul,0,0,0,0,2,0,0,43,0,0,completed
17613,U7614,2025-04-09 08:30:00,2025-04-09 08:32:00,M,20~29,office,seoul,0,0,0,0,3,0,0,10,0,0,completed
17614,U7615,2025-05-24 13:02:00,2025-05-24 13:06:00,F,30~39,office,seoul,1,0,0,0,19,0,0,53,0,0,completed
17615,U7616,2025-08-25 22:20:00,2025-08-25 22:26:00,F,30~39,office,seoul,0,0,0,0,24,0,0,50,0,0,completed
17616,U7617,2025-04-19 09:52:00,2025-04-19 09:56:00,F,20~29,office,seoul,1,0,0,0,8,0,0,75,0,0,completed
17617,U7618,2025-11-13 13:35:00,2025-11-13 13:37:00,M,30~39,office,seoul,0,0,0,0,16,0,0,28,0,0,completed
17618,U7619,2025-11-24 09:22:00,2025-11-24 09:24:00,F,30~39,office,seoul,0,0,0,0,13,0,0,14,0,0,completed
17619,U7620,2025-08-17 18:16:00,2025-08-17 18:19:00,M,30~39,office,seoul,1,0,0,0,2,0,0,43,0,0,completed
17620,U7621,2025-06-20 21:28:00,2025-06-20 21:32:00,M,40~49,office,seoul,0,0,0,0,16,0,0,26,0,0,completed
17621,U7622,2025-02-23 11:42:00,2025-02-23 11:48:00,F,20~29,office,seoul,1,0,0,0,19,0,0,59,0,0,completed
17622,U7623,2025-08-08 15:41:00,2025-08-08 15:44:00,F,20~29,office,seoul,0,0,0,0,29,0,0,18,0,0,completed
17623,U7624,2025-10-08 12:45:00,2025-10-08 12:50:00,F,20~29,office,seoul,0,0,0,0,26,0,0,38,0,0,completed
17624,U7625,2025-10-14 12:50:00,2025-10-14 12:54:00,M,20~29,office,seoul,0,0,0,0,17,0,0,48,0,0,completed
17625,U7626,2025-12-27 18:15:00,2025-12-27 18:17:00,F,20~29,office,seoul,1,0,0,0,6,0,0,22,0,0,completed
17626,U7627,2025-08-17 09:45:00,2025-08-17 09:52:00,F,20~29,office,seoul,1,0,0,0,28,0,0,42,0,0,completed
17627,U7628,2025-01-01 15:43:00,2025-01-01 15:47:00,M,50+,office,seoul,0,0,0,0,18,0,0,48,0,0,completed
17628,U7629,2025-08-21 18:04:00,2025-08-21 18:08:00,F,40~49,office,seoul,0,0,0,0,17,0,0,51,0,1,completed
17629,U7630,2025-03-22 15:59:00,2025-03-22 16:06:00,M,20~29,office,seoul,1,0,0,0,6,0,0,76,0,0,completed
17630,U7631,2025-04-18 17:15:00,2025-04-18 17:18:00,F,20~29,office,seoul,0,0,0,0,12,0,0,66,0,0,completed
17631,U7632,2025-11-24 20:42:00,2025-11-24 20:47:00,F,40~49,office,seoul,0,0,0,0,27,0,0,35,0,0,completed
17632,U7633,2025-02-20 08:14:00,2025-02-20 08:21:00,F,50+,office,seoul,0,0,0,0,20,0,0,55,0,0,completed
17633,U7634,2025-01-17 21:08:00,2025-01-17 21:12:00,F,20~29,office,seoul,0,0,0,0,18,0,0,29,0,0,completed
17634,U7635,2025-08-24 18:19:00,2025-08-24 18:26:00,M,50+,office,seoul,1,0,0,0,4,0,0,75,0,0,completed
17635,U7636,2025-04-15 11:45:00,2025-04-15 11:48:00,M,30~39,office,seoul,0,0,0,0,5,0,0,38,0,0,completed
17636,U7637,2025-08-10 14:40:00,2025-08-10 14:43:00,F,20~29,office,seoul,1,0,0,0,14,0,0,74,0,0,abandoned
17637,U7638,2025-08-02 19:00:00,2025-08-02 19:06:00,M,30~39,office,seoul,1,0,0,0,13,0,0,31,0,0,completed
17638,U7639,2025-08-23 16:48:00,2025-08-23 16:54:00,M,40~49,office,seoul,1,0,0,0,22,0,0,40,0,0,completed
17639,U7640,2025-11-11 19:18:00,2025-11-11 19:25:00,M,30~39,office,seoul,0,0,0,0,3,0,0,11,0,0,completed
17640,U7641,2025-02-16 12:26:00,2025-02-16 12:30:00,M,20~29,office,seoul,1,0,0,0,27,0,0,56,0,0,completed
17641,U7642,2025-01-04 13:24:00,2025-01-04 13:29:00,F,50+,office,seoul,1,0,0,0,27,0,0,14,0,0,completed
17642,U7643,2025-02-15 18:36:00,2025-02-15 18:43:00,F,40~49,office,seoul,1,0,0,0,26,0,0,51,0,0,completed
17643,U7644,2025-01-01 15:12:00,2025-01-01 15:18:00,M,50+,office,seoul,0,0,0,0,20,0,0,46,0,0,completed
17644,U7645,2025-11-03 22:56:00,2025-11-03 23:00:00,F,20~29,office,seoul,0,0,0,0,16,0,0,33,0,0,completed
17645,U7646,2025-05-16 13:42:00,2025-05-16 13:46:00,M,40~49,office,seoul,0,0,0,0,26,0,0,73,0,0,completed
17646,U7647,2025-03-11 21:18:00,2025-03-11 21:25:00,F,30~39,office,seoul,0,0,0,0,15,0,0,58,0,0,completed
17647,U7648,2025-11-24 08:53:00,2025-11-24 08:55:00,M,30~39,office,seoul,0,0,0,0,29,0,0,26,0,0,completed
17648,U7649,2025-03-29 18:44:00,2025-03-29 18:51:00,F,30~39,office,seoul,1,0,0,0,19,0,0,31,0,0,completed
17649,U7650,2025-05-30 16:22:00,2025-05-30 16:26:00,M,50+,office,seoul,0,0,0,0,15,0,0,65,0,0,completed
17650,U7651,2025-07-09 09:46:00,2025-07-09 09:53:00,F,50+,office,seoul,0,0,0,0,0,0,0,79,0,0,completed
17651,U7652,2025-06-19 09:37:00,2025-06-19 09:41:00,F,50+,office,seoul,0,0,0,0,2,0,0,32,0,0,completed
17652,U7653,2025-07-02 18:13:00,2025-07-02 18:20:00,F,20~29,office,seoul,0,0,0,0,5,0,0,31,0,0,completed
17653,U7654,2025-09-12 20:06:00,2025-09-12 20:08:00,M,20~29,office,seoul,0,0,0,0,20,0,0,68,0,0,completed
17654,U7655,2025-10-29 18:14:00,2025-10-29 18:19:00,F,30~39,office,seoul,0,0,0,0,21,0,0,29,0,0,completed
17655,U7656,2025-06-18 08:10:00,2025-06-18 08:15:00,F,40~49,office,seoul,0,0,0,0,19,0,0,49,0,0,completed
17656,U7657,2025-10-11 11:36:00,2025-10-11 11:41:00,F,40~49,office,seoul,1,0,0,0,24,0,0,27,0,0,completed
17657,U7658,2025-11-08 11:01:00,2025-11-08 11:06:00,F,40~49,office,seoul,1,0,0,0,13,0,0,29,0,0,completed
17658,U7659,2025-01-19 17:59:00,2025-01-19 18:04:00,M,20~29,office,seoul,1,0,0,0,6,0,0,18,0,0,completed
17659,U7660,2025-09-11 14:18:00,2025-09-11 14:25:00,F,40~49,office,seoul,0,0,0,0,15,0,0,20,0,0,completed
17660,U7661,2025-12-11 12:49:00,2025-12-11 12:54:00,F,20~29,office,seoul,0,0,0,0,29,0,0,53,0,0,completed
17661,U7662,2025-06-29 16:17:00,2025-06-29 16:20:00,F,40~49,office,seoul,1,0,0,0,14,0,0,46,0,0,completed
17662,U7663,2025-06-05 11:43:00,2025-06-05 11:47:00,M,30~39,office,seoul,0,0,0,0,1,0,0,27,0,0,completed
17663,U7664,2025-07-06 12:36:00,2025-07-06 12:43:00,F,50+,office,seoul,1,0,0,0,3,0,0,77,0,0,completed
17664,U7665,2025-01-04 11:44:00,2025-01-04 11:49:00,F,20~29,office,seoul,1,0,0,0,8,0,0,70,0,0,completed
17665,U7666,2025-09-25 18:36:00,2025-09-25 18:39:00,F,20~29,office,seoul,0,0,0,0,27,0,0,63,0,0,completed
17666,U7667,2025-02-09 12:09:00,2025-02-09 12:14:00,M,20~29,office,seoul,1,0,0,0,4,0,0,36,0,0,completed
17667,U7668,2025-03-28 17:44:00,2025-03-28 17:51:00,F,30~39,office,seoul,0,0,0,0,2,0,0,49,0,0,completed
17668,U7669,2025-07-11 13:47:00,2025-07-11 13:51:00,M,40~49,office,seoul,0,0,0,0,10,0,0,31,0,0,completed
17669,U7670,2025-09-14 16:44:00,2025-09-14 16:47:00,F,20~29,office,seoul,1,0,0,0,24,0,0,10,0,0,completed
17670,U7671,2025-04-05 12:38:00,2025-04-05 12:43:00,F,50+,office,seoul,1,0,0,0,23,0,0,24,0,0,completed
17671,U7672,2025-04-21 16:38:00,2025-04-21 16:41:00,F,30~39,office,seoul,0,0,0,0,17,0,0,17,0,0,completed
17672,U7673,2025-09-14 14:00:00,2025-09-14 14:04:00,M,50+,office,seoul,1,0,0,0,25,0,0,42,0,0,completed
17673,U7674,2025-12-10 18:23:00,2025-12-10 18:27:00,F,30~39,office,seoul,0,0,0,0,5,0,0,76,0,0,completed
17674,U7675,2025-09-18 13:41:00,2025-09-18 13:44:00,F,50+,office,seoul,0,0,0,0,12,0,0,13,1,0,completed
17675,U7676,2025-01-23 20:21:00,2025-01-23 20:28:00,M,40~49,office,seoul,0,0,0,0,29,0,0,75,0,0,completed
17676,U7677,2025-05-18 07:11:00,2025-05-18 07:16:00,F,30~39,office,seoul,1,0,0,0,7,0,0,33,0,0,completed
17677,U7678,2025-07-25 08:41:00,2025-07-25 08:44:00,M,30~39,office,seoul,0,0,0,0,28,0,0,42,0,0,abandoned
17678,U7679,2025-05-16 16:49:00,2025-05-16 16:51:00,M,50+,office,seoul,0,0,0,0,19,0,0,36,0,0,completed
17679,U7680,2025-09-17 11:29:00,2025-09-17 11:31:00,F,30~39,office,seoul,0,0,0,0,2,0,0,45,0,0,completed
17680,U7681,2025-08-18 12:04:00,2025-08-18 12:06:00,M,50+,office,seoul,0,0,0,0,9,0,0,29,0,0,completed
17681,U7682,2025-07-27 14:12:00,2025-07-27 14:19:00,F,40~49,office,seoul,1,0,0,0,26,0,0,75,0,0,completed
17682,U7683,2025-12-25 14:24:00,2025-12-25 14:26:00,F,50+,office,seoul,0,0,0,0,23,0,0,68,1,0,completed
17683,U7684,2025-12-08 12:02:00,2025-12-08 12:08:00,F,40~49,office,seoul,0,0,0,0,17,0,0,35,0,0,completed
17684,U7685,2025-05-09 19:16:00,2025-05-09 19:20:00,F,30~39,office,seoul,0,0,0,0,28,0,0,50,0,0,completed
17685,U7686,2025-03-07 08:02:00,2025-03-07 08:07:00,F,20~29,office,seoul,0,0,0,0,10,0,0,70,0,0,completed
17686,U7687,2025-09-24 11:19:00,2025-09-24 11:22:00,M,30~39,office,seoul,0,0,0,0,14,0,0,29,0,0,completed
17687,U7688,2025-07-30 16:40:00,2025-07-30 16:45:00,F,30~39,office,seoul,0,0,0,0,9,0,0,27,0,0,completed
17688,U7689,2025-05-16 08:30:00,2025-05-16 08:35:00,M,30~39,office,seoul,0,0,0,0,3,0,0,77,0,0,completed
17689,U7690,2025-04-16 18:11:00,2025-04-16 18:14:00,F,20~29,office,seoul,0,0,0,0,11,0,0,30,0,0,completed
17690,U7691,2025-05-02 21:58:00,2025-05-02 22:05:00,F,30~39,office,seoul,0,0,0,0,19,0,0,11,0,0,completed
17691,U7692,2025-09-16 15:29:00,2025-09-16 15:31:00,M,20~29,office,seoul,0,0,0,0,14,0,0,30,0,0,completed
17692,U7693,2025-08-23 07:59:00,2025-08-23 08:05:00,F,20~29,office,seoul,1,0,0,0,24,0,0,39,0,0,completed
17693,U7694,2025-05-18 12:05:00,2025-05-18 12:09:00,M,40~49,office,seoul,1,0,0,0,14,0,0,19,0,0,completed
17694,U7695,2025-01-15 18:27:00,2025-01-15 18:34:00,F,20~29,office,seoul,0,0,0,0,24,0,0,61,0,0,completed
17695,U7696,2025-12-14 07:44:00,2025-12-14 07:51:00,F,30~39,office,seoul,1,0,0,0,9,0,0,57,0,0,completed
17696,U7697,2025-06-26 16:40:00,2025-06-26 16:43:00,F,20~29,office,seoul,0,0,0,0,10,0,0,54,0,0,completed
17697,U7698,2025-05-14 18:27:00,2025-05-14 18:34:00,M,30~39,office,seoul,0,0,0,0,11,0,0,39,0,0,completed
17698,U7699,2025-06-02 09:53:00,2025-06-02 09:55:00,M,30~39,office,seoul,0,0,0,0,13,0,0,60,0,0,completed
17699,U7700,2025-01-08 08:55:00,2025-01-08 08:58:00,F,20~29,office,seoul,0,0,0,0,15,0,0,35,0,0,completed
17700,U7701,2025-02-28 16:47:00,2025-02-28 16:54:00,M,20~29,office,seoul,0,0,0,0,27,0,0,66,0,0,completed
17701,U7702,2025-10-12 09:29:00,2025-10-12 09:36:00,F,40~49,office,seoul,1,0,0,0,6,0,0,35,0,0,abandoned
17702,U7703,2025-12-17 15:22:00,2025-12-17 15:28:00,M,30~39,office,seoul,0,0,0,0,18,0,0,25,0,0,completed
17703,U7704,2025-12-21 09:31:00,2025-12-21 09:34:00,M,20~29,office,seoul,1,0,0,0,22,0,0,51,0,0,completed
17704,U7705,2025-07-16 14:08:00,2025-07-16 14:15:00,F,20~29,office,seoul,0,0,0,0,20,0,0,55,0,0,timeout
17705,U7706,2025-08-23 15:26:00,2025-08-23 15:31:00,M,40~49,office,seoul,1,0,0,0,8,0,0,72,0,0,completed
17706,U7707,2025-08-10 13:33:00,2025-08-10 13:36:00,M,30~39,office,seoul,1,0,0,0,20,0,0,27,0,0,completed
17707,U7708,2025-09-26 15:55:00,2025-09-26 15:57:00,M,20~29,office,seoul,0,0,0,0,5,0,0,56,0,0,completed
17708,U7709,2025-11-12 09:10:00,2025-11-12 09:13:00,F,30~39,office,seoul,0,0,0,0,15,0,0,34,0,0,completed
17709,U7710,2025-11-19 07:30:00,2025-11-19 07:34:00,F,20~29,office,seoul,0,0,0,0,27,0,0,26,0,0,completed
17710,U7711,2025-06-28 19:34:00,2025-06-28 19:41:00,F,30~39,office,seoul,1,0,0,0,13,0,0,51,0,0,completed
17711,U7712,2025-10-29 22:09:00,2025-10-29 22:13:00,F,30~39,office,seoul,0,0,0,0,21,0,0,63,0,0,completed
17712,U7713,2025-11-25 11:19:00,2025-11-25 11:23:00,F,30~39,office,seoul,0,0,0,0,29,0,0,66,0,0,completed
17713,U7714,2025-11-30 11:30:00,2025-11-30 11:35:00,F,20~29,office,seoul,1,0,0,0,3,0,0,26,0,0,completed
17714,U7715,2025-05-16 16:27:00,2025-05-16 16:33:00,M,50+,office,seoul,0,0,0,0,8,0,0,59,0,0,completed
17715,U7716,2025-06-28 07:09:00,2025-06-28 07:13:00,F,20~29,office,seoul,1,0,0,0,21,0,0,54,0,0,completed
17716,U7717,2025-06-21 13:28:00,2025-06-21 13:34:00,F,40~49,office,seoul,1,0,0,0,16,0,0,75,0,0,completed
17717,U7718,2025-06-04 13:01:00,2025-06-04 13:05:00,F,30~39,office,seoul,0,0,0,0,18,0,0,72,0,0,completed
17718,U7719,2025-04-05 08:44:00,2025-04-05 08:50:00,F,20~29,office,seoul,1,0,0,0,3,0,0,38,0,0,completed
17719,U7720,2025-06-07 16:10:00,2025-06-07 16:13:00,M,30~39,office,seoul,1,0,0,0,28,0,0,64,0,0,completed
17720,U7721,2025-04-01 18:28:00,2025-04-01 18:34:00,M,30~39,office,seoul,0,0,0,0,12,0,0,38,0,0,completed
17721,U7722,2025-10-02 19:51:00,2025-10-02 19:56:00,F,30~39,office,seoul,0,0,0,0,12,0,0,47,0,0,completed
17722,U7723,2025-07-14 15:22:00,2025-07-14 15:29:00,F,20~29,office,seoul,0,0,0,0,9,0,0,56,0,0,completed
17723,U7724,2025-10-31 17:32:00,2025-10-31 17:34:00,F,20~29,office,seoul,0,0,0,0,2,0,0,70,0,0,completed
17724,U7725,2025-11-25 15:15:00,2025-11-25 15:18:00,F,50+,office,seoul,0,0,0,0,21,0,0,50,0,0,error
17725,U7726,2025-10-30 20:41:00,2025-10-30 20:45:00,M,30~39,office,seoul,0,0,0,0,18,0,0,67,1,0,completed
17726,U7727,2025-09-09 17:22:00,2025-09-09 17:29:00,F,20~29,office,seoul,0,0,0,0,12,0,0,18,0,0,completed
17727,U7728,2025-05-15 15:11:00,2025-05-15 15:15:00,F,40~49,office,seoul,0,0,0,0,9,0,0,78,0,0,completed
17728,U7729,2025-11-08 12:14:00,2025-11-08 12:19:00,F,20~29,office,seoul,1,0,0,0,13,0,0,78,0,0,completed
17729,U7730,2025-07-20 08:21:00,2025-07-20 08:25:00,F,40~49,office,seoul,1,0,0,0,5,0,0,71,0,0,completed
17730,U7731,2025-08-13 12:00:00,2025-08-13 12:03:00,F,20~29,office,seoul,0,0,0,0,28,0,0,31,0,0,completed
17731,U7732,2025-03-10 17:47:00,2025-03-10 17:49:00,F,50+,office,seoul,0,0,0,0,19,0,0,26,0,0,completed
17732,U7733,2025-09-20 16:24:00,2025-09-20 16:26:00,F,20~29,office,seoul,1,0,0,0,4,0,0,36,0,0,completed
17733,U7734,2025-05-03 09:52:00,2025-05-03 09:55:00,M,50+,office,seoul,1,0,0,0,11,0,0,71,0,0,completed
17734,U7735,2025-11-09 15:32:00,2025-11-09 15:38:00,F,40~49,office,seoul,1,0,0,0,8,0,0,60,0,0,completed
17735,U7736,2025-09-09 08:39:00,2025-09-09 08:46:00,M,40~49,office,seoul,0,0,0,0,0,0,0,43,0,0,completed
17736,U7737,2025-10-29 08:10:00,2025-10-29 08:14:00,M,50+,office,seoul,0,0,0,0,1,0,0,79,0,0,completed
17737,U7738,2025-11-19 22:17:00,2025-11-19 22:21:00,F,50+,office,seoul,0,0,0,0,24,0,0,27,0,0,completed
17738,U7739,2025-04-01 08:34:00,2025-04-01 08:40:00,M,20~29,office,seoul,0,0,0,0,6,0,0,10,0,0,completed
17739,U7740,2025-03-04 15:56:00,2025-03-04 15:59:00,M,30~39,office,seoul,0,0,0,0,27,0,0,37,0,0,abandoned
17740,U7741,2025-09-17 13:44:00,2025-09-17 13:50:00,F,30~39,office,seoul,0,0,0,0,16,0,0,44,0,0,completed
17741,U7742,2025-12-30 13:52:00,2025-12-30 13:57:00,F,40~49,office,seoul,0,0,0,0,11,0,0,46,0,0,completed
17742,U7743,2025-02-13 22:34:00,2025-02-13 22:36:00,F,30~39,office,seoul,0,0,0,0,13,0,0,66,0,0,completed
17743,U7744,2025-07-17 14:59:00,2025-07-17 15:02:00,M,40~49,office,seoul,0,0,0,0,20,0,0,60,0,0,error
17744,U7745,2025-06-01 11:57:00,2025-06-01 12:01:00,F,50+,office,seoul,1,0,0,0,27,0,0,40,0,0,completed
17745,U7746,2025-12-28 18:09:00,2025-12-28 18:13:00,F,20~29,office,seoul,1,0,0,0,28,0,0,46,0,0,error
17746,U7747,2025-08-23 16:12:00,2025-08-23 16:14:00,F,20~29,office,seoul,1,0,0,0,3,0,0,57,0,0,completed
17747,U7748,2025-12-07 09:05:00,2025-12-07 09:08:00,F,40~49,office,seoul,1,0,0,0,3,0,0,36,0,0,completed
17748,U7749,2025-07-17 16:02:00,2025-07-17 16:06:00,F,20~29,office,seoul,0,0,0,0,0,0,0,42,0,0,completed
17749,U7750,2025-06-04 16:27:00,2025-06-04 16:34:00,M,40~49,office,seoul,0,0,0,0,3,0,0,50,0,0,completed
17750,U7751,2025-09-27 12:05:00,2025-09-27 12:12:00,F,20~29,office,seoul,1,0,0,0,6,0,0,31,0,0,completed
17751,U7752,2025-10-03 08:30:00,2025-10-03 08:37:00,M,40~49,office,seoul,0,0,0,0,21,0,0,10,0,0,completed
17752,U7753,2025-10-29 18:42:00,2025-10-29 18:48:00,F,20~29,office,seoul,0,0,0,0,15,0,0,50,0,0,abandoned
17753,U7754,2025-12-18 15:12:00,2025-12-18 15:14:00,M,30~39,office,seoul,0,0,0,0,4,0,0,72,0,0,completed
17754,U7755,2025-05-29 18:17:00,2025-05-29 18:23:00,F,20~29,office,seoul,0,0,0,0,11,0,0,49,0,0,completed
17755,U7756,2025-02-16 15:14:00,2025-02-16 15:21:00,F,30~39,office,seoul,1,0,0,0,2,0,0,23,0,0,completed
17756,U7757,2025-10-09 16:10:00,2025-10-09 16:12:00,M,30~39,office,seoul,0,0,0,0,7,0,0,31,0,0,completed
17757,U7758,2025-04-08 09:54:00,2025-04-08 10:00:00,F,40~49,office,seoul,0,0,0,0,20,0,0,67,0,0,error
17758,U7759,2025-09-10 18:39:00,2025-09-10 18:45:00,M,50+,office,seoul,0,0,0,0,25,0,0,20,0,0,completed
17759,U7760,2025-10-14 14:04:00,2025-10-14 14:07:00,F,20~29,office,seoul,0,0,0,0,15,0,0,14,0,0,completed
17760,U7761,2025-06-21 09:20:00,2025-06-21 09:25:00,M,20~29,office,seoul,1,0,0,0,3,0,0,41,0,0,completed
17761,U7762,2025-05-14 22:52:00,2025-05-14 22:57:00,F,20~29,office,seoul,0,0,0,0,16,0,0,58,0,0,completed
17762,U7763,2025-09-08 12:05:00,2025-09-08 12:07:00,F,30~39,office,seoul,0,0,0,0,3,0,0,46,0,0,completed
17763,U7764,2025-05-06 20:48:00,2025-05-06 20:52:00,F,20~29,office,seoul,0,0,0,0,12,0,0,11,0,0,completed
17764,U7765,2025-11-20 20:31:00,2025-11-20 20:37:00,M,20~29,office,seoul,0,0,0,0,15,0,0,18,0,0,completed
17765,U7766,2025-05-25 15:22:00,2025-05-25 15:28:00,M,40~49,office,seoul,1,0,0,0,23,0,0,15,0,0,completed
17766,U7767,2025-07-23 14:51:00,2025-07-23 14:58:00,F,30~39,office,seoul,0,0,0,0,1,0,0,44,0,0,completed
17767,U7768,2025-10-21 15:56:00,2025-10-21 16:00:00,F,20~29,office,seoul,0,0,0,0,29,0,0,14,0,0,completed
17768,U7769,2025-09-11 17:38:00,2025-09-11 17:43:00,M,30~39,office,seoul,0,0,0,0,12,0,0,29,1,0,completed
17769,U7770,2025-08-14 18:29:00,2025-08-14 18:36:00,F,40~49,office,seoul,0,0,0,0,21,0,0,20,0,0,completed
17770,U7771,2025-09-16 11:00:00,2025-09-16 11:03:00,M,20~29,office,seoul,0,0,0,0,10,0,0,29,0,0,completed
17771,U7772,2025-05-31 20:08:00,2025-05-31 20:11:00,F,20~29,office,seoul,1,0,0,0,4,0,0,26,0,0,completed
17772,U7773,2025-06-14 14:26:00,2025-06-14 14:31:00,F,40~49,office,seoul,1,0,0,0,20,0,0,23,0,0,completed
17773,U7774,2025-05-16 08:42:00,2025-05-16 08:46:00,M,50+,office,seoul,0,0,0,0,24,0,0,23,0,0,completed
17774,U7775,2025-04-28 09:16:00,2025-04-28 09:19:00,F,20~29,office,seoul,0,0,0,0,2,0,0,62,0,0,completed
17775,U7776,2025-12-10 20:15:00,2025-12-10 20:18:00,F,30~39,office,seoul,0,0,0,0,18,0,0,17,0,0,completed
17776,U7777,2025-04-18 18:23:00,2025-04-18 18:26:00,F,30~39,office,seoul,0,0,0,0,11,0,0,22,0,0,completed
17777,U7778,2025-12-06 12:12:00,2025-12-06 12:17:00,F,30~39,office,seoul,1,0,0,0,12,0,0,25,0,0,completed
17778,U7779,2025-07-07 09:40:00,2025-07-07 09:46:00,M,40~49,office,seoul,0,0,0,0,19,0,0,53,0,0,completed
17779,U7780,2025-01-23 12:51:00,2025-01-23 12:56:00,F,40~49,office,seoul,0,0,0,0,0,0,0,76,0,0,completed
17780,U7781,2025-02-26 19:38:00,2025-02-26 19:43:00,F,40~49,office,seoul,0,0,0,0,3,0,0,48,0,0,completed
17781,U7782,2025-08-10 14:20:00,2025-08-10 14:22:00,F,30~39,office,seoul,1,0,0,0,14,0,0,45,0,0,completed
17782,U7783,2025-06-28 14:34:00,2025-06-28 14:41:00,M,50+,office,seoul,1,0,0,0,25,0,0,51,0,0,completed
17783,U7784,2025-06-26 17:28:00,2025-06-26 17:35:00,F,30~39,office,seoul,0,0,0,0,23,0,0,44,0,0,abandoned
17784,U7785,2025-01-02 14:34:00,2025-01-02 14:40:00,F,30~39,office,seoul,0,0,0,0,24,0,0,65,0,0,completed
17785,U7786,2025-11-03 16:34:00,2025-11-03 16:38:00,F,30~39,office,seoul,0,0,0,0,14,0,0,72,0,0,completed
17786,U7787,2025-05-31 16:02:00,2025-05-31 16:09:00,F,30~39,office,seoul,1,0,0,0,20,0,0,36,0,0,completed
17787,U7788,2025-07-10 08:40:00,2025-07-10 08:47:00,M,40~49,office,seoul,0,0,0,0,2,0,0,31,0,0,completed
17788,U7789,2025-09-08 16:28:00,2025-09-08 16:35:00,M,40~49,office,seoul,0,0,0,0,1,0,0,31,0,0,completed
17789,U7790,2025-08-29 12:30:00,2025-08-29 12:34:00,F,20~29,office,seoul,0,0,0,0,20,0,0,57,0,0,completed
17790,U7791,2025-01-01 11:07:00,2025-01-01 11:11:00,M,20~29,office,seoul,0,0,0,0,6,0,0,36,0,0,completed
17791,U7792,2025-07-15 16:30:00,2025-07-15 16:37:00,M,40~49,office,seoul,0,0,0,0,7,0,0,60,0,0,completed
17792,U7793,2025-05-10 13:14:00,2025-05-10 13:20:00,M,20~29,office,seoul,1,0,0,0,18,0,0,46,0,0,completed
17793,U7794,2025-05-29 18:03:00,2025-05-29 18:07:00,M,50+,office,seoul,0,0,0,0,25,0,0,20,0,0,completed
17794,U7795,2025-11-21 08:41:00,2025-11-21 08:46:00,M,20~29,office,seoul,0,0,0,0,6,0,0,42,0,0,completed
17795,U7796,2025-01-28 18:28:00,2025-01-28 18:30:00,M,50+,office,seoul,0,0,0,0,4,0,0,25,0,0,completed
17796,U7797,2025-11-12 07:41:00,2025-11-12 07:44:00,F,20~29,office,seoul,0,0,0,0,13,0,0,27,0,0,completed
17797,U7798,2025-03-06 20:00:00,2025-03-06 20:03:00,F,50+,office,seoul,0,0,0,0,20,0,0,51,1,0,completed
17798,U7799,2025-11-19 11:46:00,2025-11-19 11:52:00,F,30~39,office,seoul,0,0,0,0,21,0,0,10,0,0,abandoned
17799,U7800,2025-11-05 18:28:00,2025-11-05 18:31:00,F,30~39,office,seoul,0,0,0,0,17,0,0,28,0,0,completed
17800,U7801,2025-08-26 15:17:00,2025-08-26 15:21:00,M,30~39,office,seoul,0,0,0,0,21,0,0,20,0,0,completed
17801,U7802,2025-10-07 14:44:00,2025-10-07 14:47:00,F,30~39,office,seoul,0,0,0,0,18,0,0,34,0,0,completed
17802,U7803,2025-06-02 12:51:00,2025-06-02 12:53:00,F,30~39,office,seoul,0,0,0,0,13,0,0,19,0,0,abandoned
17803,U7804,2025-01-28 09:25:00,2025-01-28 09:28:00,M,50+,office,seoul,0,0,0,0,8,0,0,16,1,0,completed
17804,U7805,2025-04-04 22:48:00,2025-04-04 22:51:00,M,50+,office,seoul,0,0,0,0,13,0,0,27,0,0,completed
17805,U7806,2025-09-24 18:30:00,2025-09-24 18:36:00,F,30~39,office,seoul,0,0,0,0,6,0,0,34,0,0,completed
17806,U7807,2025-01-16 12:24:00,2025-01-16 12:30:00,M,30~39,office,seoul,0,0,0,0,17,0,0,40,0,0,completed
17807,U7808,2025-10-24 19:36:00,2025-10-24 19:43:00,F,50+,office,seoul,0,0,0,0,15,0,0,43,0,0,completed
17808,U7809,2025-10-18 12:47:00,2025-10-18 12:54:00,M,30~39,office,seoul,1,0,0,0,18,0,0,40,0,0,completed
17809,U7810,2025-06-01 12:25:00,2025-06-01 12:28:00,F,20~29,office,seoul,1,0,0,0,3,0,0,54,0,0,completed
17810,U7811,2025-05-31 15:26:00,2025-05-31 15:30:00,F,50+,office,seoul,1,0,0,0,5,0,0,59,0,0,timeout
17811,U7812,2025-05-10 16:01:00,2025-05-10 16:06:00,M,20~29,office,seoul,1,0,0,0,18,0,0,73,0,0,completed
17812,U7813,2025-12-17 09:35:00,2025-12-17 09:41:00,F,40~49,office,seoul,0,0,0,0,18,0,0,24,0,0,completed
17813,U7814,2025-08-10 11:04:00,2025-08-10 11:08:00,F,40~49,office,seoul,1,0,0,0,0,0,0,59,0,0,completed
17814,U7815,2025-07-06 11:04:00,2025-07-06 11:11:00,M,20~29,office,seoul,1,0,0,0,18,0,0,50,0,0,completed
17815,U7816,2025-04-28 11:50:00,2025-04-28 11:56:00,F,20~29,office,seoul,0,0,0,0,9,0,0,27,0,0,completed
17816,U7817,2025-09-09 18:27:00,2025-09-09 18:32:00,F,40~49,office,seoul,0,0,0,0,11,0,0,12,0,0,completed
17817,U7818,2025-07-04 09:42:00,2025-07-04 09:47:00,M,30~39,office,seoul,0,0,0,0,29,0,0,33,0,0,abandoned
17818,U7819,2025-08-22 12:18:00,2025-08-22 12:23:00,F,20~29,office,seoul,0,0,0,0,16,0,0,19,0,0,completed
17819,U7820,2025-07-20 22:43:00,2025-07-20 22:45:00,M,50+,office,seoul,1,0,0,0,2,0,0,24,0,0,completed
17820,U7821,2025-02-17 15:50:00,2025-02-17 15:53:00,M,20~29,office,seoul,0,0,0,0,4,0,0,58,0,0,completed
17821,U7822,2025-05-26 07:54:00,2025-05-26 07:57:00,M,30~39,office,seoul,0,0,0,0,6,0,0,13,0,0,completed
17822,U7823,2025-08-18 12:25:00,2025-08-18 12:29:00,M,20~29,office,seoul,0,0,0,0,21,0,0,43,0,0,completed
17823,U7824,2025-03-03 12:38:00,2025-03-03 12:42:00,F,40~49,office,seoul,0,0,0,0,25,0,0,29,0,0,completed
17824,U7825,2025-08-01 20:48:00,2025-08-01 20:51:00,F,20~29,office,seoul,0,0,0,0,10,0,0,43,0,0,completed
17825,U7826,2025-06-15 14:47:00,2025-06-15 14:50:00,M,40~49,office,seoul,1,0,0,0,8,0,0,65,0,0,completed
17826,U7827,2025-08-29 13:47:00,2025-08-29 13:54:00,M,50+,office,seoul,0,0,0,0,21,0,0,10,0,0,completed
17827,U7828,2025-12-20 20:31:00,2025-12-20 20:37:00,F,40~49,office,seoul,1,0,0,0,15,0,0,77,1,0,completed
17828,U7829,2025-03-30 14:57:00,2025-03-30 15:00:00,M,40~49,office,seoul,1,0,0,0,3,0,0,22,0,0,completed
17829,U7830,2025-07-30 15:31:00,2025-07-30 15:36:00,M,50+,office,seoul,0,0,0,0,12,0,0,40,0,0,abandoned
17830,U7831,2025-01-30 15:22:00,2025-01-30 15:24:00,M,20~29,office,seoul,0,0,0,0,24,0,0,50,0,0,completed
17831,U7832,2025-10-18 08:53:00,2025-10-18 08:56:00,F,20~29,office,seoul,1,0,0,0,1,0,0,23,0,0,completed
17832,U7833,2025-12-23 13:58:00,2025-12-23 14:04:00,F,50+,office,seoul,0,0,0,0,5,0,0,22,0,0,completed
17833,U7834,2025-11-27 20:12:00,2025-11-27 20:14:00,F,30~39,office,seoul,0,0,0,0,22,0,0,46,0,1,completed
17834,U7835,2025-02-01 12:48:00,2025-02-01 12:51:00,M,40~49,office,seoul,1,0,0,0,7,0,0,45,0,0,completed
17835,U7836,2025-12-05 20:19:00,2025-12-05 20:21:00,M,20~29,office,seoul,0,0,0,0,3,0,0,71,0,0,completed
17836,U7837,2025-03-20 16:01:00,2025-03-20 16:05:00,M,20~29,office,seoul,0,0,0,0,4,0,0,30,0,0,completed
17837,U7838,2025-02-03 20:29:00,2025-02-03 20:36:00,F,40~49,office,seoul,0,0,0,0,3,0,0,16,0,0,abandoned
17838,U7839,2025-11-15 19:43:00,2025-11-15 19:47:00,M,50+,office,seoul,1,0,0,0,21,0,0,10,0,0,completed
17839,U7840,2025-04-16 14:49:00,2025-04-16 14:55:00,F,20~29,office,seoul,0,0,0,0,29,0,0,52,0,0,completed
17840,U7841,2025-02-10 12:38:00,2025-02-10 12:40:00,M,50+,office,seoul,0,0,0,0,28,0,0,11,0,0,completed
17841,U7842,2025-07-11 15:55:00,2025-07-11 16:01:00,M,20~29,office,seoul,0,0,0,0,14,0,0,35,0,0,completed
17842,U7843,2025-06-05 09:58:00,2025-06-05 10:00:00,F,30~39,office,seoul,0,0,0,0,0,0,0,53,0,0,completed
17843,U7844,2025-12-22 15:36:00,2025-12-22 15:41:00,F,20~29,office,seoul,0,0,0,0,0,0,0,52,0,0,completed
17844,U7845,2025-04-21 15:17:00,2025-04-21 15:21:00,M,40~49,office,seoul,0,0,0,0,2,0,0,20,0,0,completed
17845,U7846,2025-08-30 07:26:00,2025-08-30 07:30:00,F,50+,office,seoul,1,0,0,0,17,0,0,43,1,0,completed
17846,U7847,2025-03-17 15:46:00,2025-03-17 15:52:00,F,30~39,office,seoul,0,0,0,0,26,0,0,79,0,0,completed
17847,U7848,2025-06-23 09:11:00,2025-06-23 09:13:00,M,40~49,office,seoul,0,0,0,0,22,0,0,75,0,0,completed
17848,U7849,2025-01-08 17:57:00,2025-01-08 17:59:00,F,20~29,office,seoul,0,0,0,0,4,0,0,55,1,0,completed
17849,U7850,2025-08-05 18:10:00,2025-08-05 18:12:00,F,50+,office,seoul,0,0,0,0,3,0,0,45,0,0,error
17850,U7851,2025-11-27 16:35:00,2025-11-27 16:37:00,F,20~29,office,seoul,0,0,0,0,27,0,0,15,0,0,completed
17851,U7852,2025-07-05 17:46:00,2025-07-05 17:50:00,F,50+,office,seoul,1,0,0,0,5,0,0,49,0,0,completed
17852,U7853,2025-09-27 15:14:00,2025-09-27 15:21:00,M,20~29,office,seoul,1,0,0,0,12,0,0,41,0,0,completed
17853,U7854,2025-06-02 16:32:00,2025-06-02 16:37:00,M,40~49,office,seoul,0,0,0,0,5,0,0,67,0,0,completed
17854,U7855,2025-04-05 15:14:00,2025-04-05 15:19:00,F,40~49,office,seoul,1,0,0,0,1,0,0,32,0,0,completed
17855,U7856,2025-02-10 11:42:00,2025-02-10 11:45:00,F,40~49,office,seoul,0,0,0,0,14,0,0,33,0,0,completed
17856,U7857,2025-05-18 16:43:00,2025-05-18 16:47:00,F,20~29,office,seoul,1,0,0,0,26,0,0,10,0,0,completed
17857,U7858,2025-07-01 11:39:00,2025-07-01 11:46:00,M,20~29,office,seoul,0,0,0,0,27,0,0,66,0,0,completed
17858,U7859,2025-08-08 12:26:00,2025-08-08 12:28:00,F,30~39,office,seoul,0,0,0,0,2,0,0,20,0,0,completed
17859,U7860,2025-10-31 19:03:00,2025-10-31 19:07:00,M,50+,office,seoul,0,0,0,0,7,0,0,46,0,0,completed
17860,U7861,2025-02-18 16:35:00,2025-02-18 16:38:00,F,30~39,office,seoul,0,0,0,0,5,0,0,70,0,0,error
17861,U7862,2025-04-10 19:55:00,2025-04-10 19:57:00,M,40~49,office,seoul,0,0,0,0,28,0,0,44,0,0,completed
17862,U7863,2025-08-04 18:23:00,2025-08-04 18:29:00,F,40~49,office,seoul,0,0,0,0,22,0,0,37,0,0,completed
17863,U7864,2025-05-21 13:03:00,2025-05-21 13:07:00,M,40~49,office,seoul,0,0,0,0,15,0,0,48,0,0,completed
17864,U7865,2025-07-14 16:52:00,2025-07-14 16:56:00,M,20~29,office,seoul,0,0,0,0,2,0,0,19,0,0,completed
17865,U7866,2025-04-01 11:32:00,2025-04-01 11:36:00,F,30~39,office,seoul,0,0,0,0,18,0,0,58,0,0,completed
17866,U7867,2025-09-03 14:29:00,2025-09-03 14:31:00,F,50+,office,seoul,0,0,0,0,7,0,0,23,0,0,completed
17867,U7868,2025-12-31 17:42:00,2025-12-31 17:49:00,M,30~39,office,seoul,0,0,0,0,9,0,0,26,0,0,completed
17868,U7869,2025-03-29 13:01:00,2025-03-29 13:04:00,M,20~29,office,seoul,1,0,0,0,28,0,0,70,0,0,completed
17869,U7870,2025-06-22 13:38:00,2025-06-22 13:45:00,F,50+,office,seoul,1,0,0,0,0,0,0,29,0,1,completed
17870,U7871,2025-07-15 09:43:00,2025-07-15 09:47:00,M,40~49,office,seoul,0,0,0,0,13,0,0,67,0,0,completed
17871,U7872,2025-12-08 17:22:00,2025-12-08 17:24:00,F,40~49,office,seoul,0,0,0,0,17,0,0,58,0,0,completed
17872,U7873,2025-10-14 14:19:00,2025-10-14 14:22:00,F,50+,office,seoul,0,0,0,0,15,0,0,69,0,0,completed
17873,U7874,2025-11-03 15:04:00,2025-11-03 15:10:00,M,20~29,office,seoul,0,0,0,0,7,0,0,38,0,0,completed
17874,U7875,2025-05-20 19:13:00,2025-05-20 19:17:00,M,40~49,office,seoul,0,0,0,0,5,0,0,74,0,0,completed
17875,U7876,2025-01-10 11:30:00,2025-01-10 11:35:00,M,30~39,office,seoul,0,0,0,0,15,0,0,49,0,0,completed
17876,U7877,2025-05-27 08:58:00,2025-05-27 09:01:00,F,50+,office,seoul,0,0,0,0,13,0,0,29,0,1,completed
17877,U7878,2025-07-28 18:37:00,2025-07-28 18:40:00,F,30~39,office,seoul,0,0,0,0,3,0,0,32,0,0,completed
17878,U7879,2025-10-20 07:02:00,2025-10-20 07:04:00,M,40~49,office,seoul,0,0,0,0,12,0,0,71,0,0,abandoned
17879,U7880,2025-04-13 08:51:00,2025-04-13 08:56:00,M,30~39,office,seoul,1,0,0,0,21,0,0,69,0,0,completed
17880,U7881,2025-06-01 16:34:00,2025-06-01 16:37:00,F,40~49,office,seoul,1,0,0,0,19,0,0,74,0,0,completed
17881,U7882,2025-06-04 14:55:00,2025-06-04 14:58:00,M,20~29,office,seoul,0,0,0,0,24,0,0,68,0,0,completed
17882,U7883,2025-06-23 14:55:00,2025-06-23 15:02:00,F,40~49,office,seoul,0,0,0,0,24,0,0,15,0,0,completed
17883,U7884,2025-04-22 15:00:00,2025-04-22 15:07:00,M,50+,office,seoul,0,0,0,0,19,0,0,57,0,0,completed
17884,U7885,2025-12-16 08:01:00,2025-12-16 08:08:00,F,30~39,office,seoul,0,0,0,0,26,0,0,43,0,0,completed
17885,U7886,2025-12-26 12:50:00,2025-12-26 12:54:00,M,20~29,office,seoul,0,0,0,0,16,0,0,52,0,0,completed
17886,U7887,2025-01-07 17:22:00,2025-01-07 17:24:00,M,20~29,office,seoul,0,0,0,0,13,0,0,11,0,0,completed
17887,U7888,2025-07-03 19:04:00,2025-07-03 19:11:00,M,20~29,office,seoul,0,0,0,0,4,0,0,77,0,0,completed
17888,U7889,2025-03-02 12:31:00,2025-03-02 12:35:00,F,20~29,office,seoul,1,0,0,0,22,0,0,56,0,1,completed
17889,U7890,2025-06-13 13:05:00,2025-06-13 13:07:00,F,20~29,office,seoul,0,0,0,0,24,0,0,40,0,0,completed
17890,U7891,2025-12-01 15:06:00,2025-12-01 15:09:00,F,30~39,office,seoul,0,0,0,0,1,0,0,25,0,0,completed
17891,U7892,2025-09-15 15:19:00,2025-09-15 15:25:00,M,20~29,office,seoul,0,0,0,0,17,0,0,46,0,0,abandoned
17892,U7893,2025-01-20 08:23:00,2025-01-20 08:25:00,M,30~39,office,seoul,0,0,0,0,20,0,0,74,0,0,completed
17893,U7894,2025-04-08 11:25:00,2025-04-08 11:32:00,M,50+,office,seoul,0,0,0,0,17,0,0,35,0,0,completed
17894,U7895,2025-06-09 18:53:00,2025-06-09 18:57:00,M,20~29,office,seoul,0,0,0,0,24,0,0,22,1,0,completed
17895,U7896,2025-07-24 08:15:00,2025-07-24 08:20:00,F,30~39,office,seoul,0,0,0,0,0,0,0,48,0,0,completed
17896,U7897,2025-11-19 16:13:00,2025-11-19 16:15:00,M,50+,office,seoul,0,0,0,0,13,0,0,73,0,0,completed
17897,U7898,2025-02-28 12:24:00,2025-02-28 12:27:00,F,20~29,office,seoul,0,0,0,0,21,0,0,14,0,0,timeout
17898,U7899,2025-12-16 13:19:00,2025-12-16 13:22:00,M,50+,office,seoul,0,0,0,0,0,0,0,51,0,0,completed
17899,U7900,2025-01-07 08:05:00,2025-01-07 08:11:00,M,30~39,office,seoul,0,0,0,0,25,0,0,36,0,0,completed
17900,U7901,2025-04-13 09:11:00,2025-04-13 09:18:00,F,30~39,office,seoul,1,0,0,0,14,0,0,58,0,0,completed
17901,U7902,2025-09-08 12:08:00,2025-09-08 12:14:00,M,40~49,office,seoul,0,0,0,0,12,0,0,10,0,0,completed
17902,U7903,2025-05-02 07:14:00,2025-05-02 07:21:00,F,50+,office,seoul,0,0,0,0,28,0,0,27,0,0,completed
17903,U7904,2025-12-20 08:43:00,2025-12-20 08:46:00,F,50+,office,seoul,1,0,0,0,18,0,0,56,0,0,completed
17904,U7905,2025-12-06 17:51:00,2025-12-06 17:57:00,M,20~29,office,seoul,1,0,0,0,9,0,0,21,0,0,completed
17905,U7906,2025-01-01 07:16:00,2025-01-01 07:19:00,F,30~39,office,seoul,0,0,0,0,25,0,0,34,0,0,abandoned
17906,U7907,2025-12-27 12:49:00,2025-12-27 12:51:00,F,30~39,office,seoul,1,0,0,0,25,0,0,55,0,0,completed
17907,U7908,2025-07-18 08:06:00,2025-07-18 08:12:00,F,20~29,office,seoul,0,0,0,0,29,0,0,36,0,0,completed
17908,U7909,2025-03-06 14:55:00,2025-03-06 14:59:00,F,30~39,office,seoul,0,0,0,0,10,0,0,27,0,0,completed
17909,U7910,2025-01-28 17:23:00,2025-01-28 17:29:00,M,30~39,office,seoul,0,0,0,0,26,0,0,22,0,0,completed
17910,U7911,2025-03-26 15:45:00,2025-03-26 15:48:00,F,40~49,office,seoul,0,0,0,0,21,0,0,34,0,1,completed
17911,U7912,2025-11-07 09:18:00,2025-11-07 09:21:00,F,30~39,office,seoul,0,0,0,0,28,0,0,28,0,0,abandoned
17912,U7913,2025-05-21 09:40:00,2025-05-21 09:43:00,M,40~49,office,seoul,0,0,0,0,4,0,0,11,0,0,completed
17913,U7914,2025-05-22 08:16:00,2025-05-22 08:20:00,F,20~29,office,seoul,0,0,0,0,8,0,0,69,0,0,completed
17914,U7915,2025-04-28 09:50:00,2025-04-28 09:53:00,M,20~29,office,seoul,0,0,0,0,1,0,0,15,0,0,completed
17915,U7916,2025-10-04 12:48:00,2025-10-04 12:54:00,F,50+,office,seoul,1,0,0,0,27,0,0,63,0,0,completed
17916,U7917,2025-11-29 15:01:00,2025-11-29 15:03:00,M,20~29,office,seoul,1,0,0,0,7,0,0,10,0,0,completed
17917,U7918,2025-11-11 12:19:00,2025-11-11 12:26:00,F,40~49,office,seoul,0,0,0,0,7,0,0,37,0,0,completed
17918,U7919,2025-12-09 17:14:00,2025-12-09 17:16:00,F,50+,office,seoul,0,0,0,0,21,0,0,64,1,0,completed
17919,U7920,2025-09-02 08:55:00,2025-09-02 08:57:00,M,20~29,office,seoul,0,0,0,0,6,0,0,13,0,0,completed
17920,U7921,2025-08-22 08:01:00,2025-08-22 08:04:00,M,40~49,office,seoul,0,0,0,0,2,0,0,23,0,0,completed
17921,U7922,2025-06-22 12:56:00,2025-06-22 12:59:00,M,20~29,office,seoul,1,0,0,0,8,0,0,48,0,0,completed
17922,U7923,2025-10-19 09:38:00,2025-10-19 09:40:00,F,30~39,office,seoul,1,0,0,0,22,0,0,34,0,0,completed
17923,U7924,2025-07-13 09:55:00,2025-07-13 10:02:00,M,20~29,office,seoul,1,0,0,0,17,0,0,41,0,0,completed
17924,U7925,2025-02-22 09:35:00,2025-02-22 09:40:00,M,30~39,office,seoul,1,0,0,0,7,0,0,24,0,0,completed
17925,U7926,2025-10-12 15:27:00,2025-10-12 15:33:00,F,20~29,office,seoul,1,0,0,0,27,0,0,78,0,0,completed
17926,U7927,2025-11-24 07:51:00,2025-11-24 07:55:00,F,30~39,office,seoul,0,0,0,0,16,0,0,47,0,0,completed
17927,U7928,2025-11-13 13:30:00,2025-11-13 13:33:00,M,20~29,office,seoul,0,0,0,0,19,0,0,36,1,0,completed
17928,U7929,2025-05-02 12:33:00,2025-05-02 12:35:00,F,30~39,office,seoul,0,0,0,0,10,0,0,50,0,0,abandoned
17929,U7930,2025-03-16 08:36:00,2025-03-16 08:40:00,M,50+,office,seoul,1,0,0,0,21,0,0,71,0,1,completed
17930,U7931,2025-01-02 15:33:00,2025-01-02 15:40:00,M,30~39,office,seoul,0,0,0,0,27,0,0,56,0,0,completed
17931,U7932,2025-02-08 09:56:00,2025-02-08 09:58:00,F,40~49,office,seoul,1,0,0,0,10,0,0,25,0,0,completed
17932,U7933,2025-08-26 15:29:00,2025-08-26 15:35:00,M,40~49,office,seoul,0,0,0,0,21,0,0,79,0,0,completed
17933,U7934,2025-05-23 15:52:00,2025-05-23 15:55:00,F,50+,office,seoul,0,0,0,0,5,0,0,37,0,1,completed
17934,U7935,2025-01-07 09:59:00,2025-01-07 10:05:00,M,30~39,office,seoul,0,0,0,0,18,0,0,44,0,0,timeout
17935,U7936,2025-01-06 22:05:00,2025-01-06 22:07:00,F,20~29,office,seoul,0,0,0,0,26,0,0,79,0,0,completed
17936,U7937,2025-06-06 14:07:00,2025-06-06 14:09:00,M,20~29,office,seoul,0,0,0,0,7,0,0,69,0,0,completed
17937,U7938,2025-06-22 19:04:00,2025-06-22 19:07:00,F,40~49,office,seoul,1,0,0,0,28,0,0,48,0,0,completed
17938,U7939,2025-04-06 11:38:00,2025-04-06 11:44:00,F,30~39,office,seoul,1,0,0,0,1,0,0,67,0,0,completed
17939,U7940,2025-09-11 07:42:00,2025-09-11 07:45:00,F,20~29,office,seoul,0,0,0,0,18,0,0,10,0,0,completed
17940,U7941,2025-06-15 16:14:00,2025-06-15 16:20:00,M,30~39,office,seoul,1,0,0,0,15,0,0,22,0,0,completed
17941,U7942,2025-05-12 13:18:00,2025-05-12 13:24:00,M,30~39,office,seoul,0,0,0,0,29,0,0,30,0,0,completed
17942,U7943,2025-10-07 19:02:00,2025-10-07 19:08:00,M,50+,office,seoul,0,0,0,0,17,0,0,38,0,0,completed
17943,U7944,2025-04-24 17:26:00,2025-04-24 17:32:00,F,40~49,office,seoul,0,0,0,0,13,0,0,74,0,0,completed
17944,U7945,2025-05-02 11:09:00,2025-05-02 11:14:00,F,40~49,office,seoul,0,0,0,0,7,0,0,33,0,0,completed
17945,U7946,2025-04-24 17:37:00,2025-04-24 17:43:00,F,30~39,office,seoul,0,0,0,0,4,0,0,15,0,0,completed
17946,U7947,2025-04-18 07:23:00,2025-04-18 07:26:00,M,20~29,office,seoul,0,0,0,0,21,0,0,79,0,0,completed
17947,U7948,2025-06-04 22:04:00,2025-06-04 22:06:00,F,40~49,office,seoul,0,0,0,0,9,0,0,33,0,0,completed
17948,U7949,2025-02-03 17:32:00,2025-02-03 17:36:00,M,20~29,office,seoul,0,0,0,0,23,0,0,37,0,0,completed
17949,U7950,2025-08-26 08:30:00,2025-08-26 08:36:00,F,30~39,office,seoul,0,0,0,0,26,0,0,12,0,0,completed
17950,U7951,2025-05-24 16:17:00,2025-05-24 16:23:00,F,30~39,office,seoul,1,0,0,0,13,0,0,35,0,0,completed
17951,U7952,2025-07-01 15:36:00,2025-07-01 15:40:00,M,20~29,office,seoul,0,0,0,0,1,0,0,63,0,0,completed
17952,U7953,2025-12-22 13:51:00,2025-12-22 13:54:00,F,40~49,office,seoul,0,0,0,0,3,0,0,42,0,0,completed
17953,U7954,2025-01-18 15:54:00,2025-01-18 16:01:00,F,20~29,office,seoul,1,0,0,0,0,0,0,39,0,0,completed
17954,U7955,2025-11-18 11:29:00,2025-11-18 11:34:00,M,50+,office,seoul,0,0,0,0,8,0,0,74,1,0,completed
17955,U7956,2025-08-17 09:43:00,2025-08-17 09:46:00,F,20~29,office,seoul,1,0,0,0,29,0,0,75,0,0,completed
17956,U7957,2025-08-25 15:39:00,2025-08-25 15:43:00,M,40~49,office,seoul,0,0,0,0,23,0,0,60,0,0,completed
17957,U7958,2025-11-28 16:14:00,2025-11-28 16:19:00,F,20~29,office,seoul,0,0,0,0,21,0,0,24,0,0,timeout
17958,U7959,2025-10-03 09:13:00,2025-10-03 09:18:00,M,30~39,office,seoul,0,0,0,0,13,0,0,18,0,0,completed
17959,U7960,2025-05-09 21:32:00,2025-05-09 21:39:00,F,40~49,office,seoul,0,0,0,0,5,0,0,52,0,0,completed
17960,U7961,2025-06-17 16:09:00,2025-06-17 16:14:00,F,20~29,office,seoul,0,0,0,0,11,0,0,58,0,0,abandoned
17961,U7962,2025-11-01 21:16:00,2025-11-01 21:23:00,F,20~29,office,seoul,1,0,0,0,16,0,0,65,0,0,completed
17962,U7963,2025-06-08 19:10:00,2025-06-08 19:13:00,M,20~29,office,seoul,1,0,0,0,21,0,0,30,0,0,completed
17963,U7964,2025-12-08 19:21:00,2025-12-08 19:23:00,F,30~39,office,seoul,0,0,0,0,2,0,0,64,0,0,completed
17964,U7965,2025-02-10 09:50:00,2025-02-10 09:52:00,F,30~39,office,seoul,0,0,0,0,24,0,0,43,0,0,completed
17965,U7966,2025-10-29 22:28:00,2025-10-29 22:33:00,M,50+,office,seoul,0,0,0,0,24,0,0,15,0,0,completed
17966,U7967,2025-02-03 14:07:00,2025-02-03 14:10:00,F,40~49,office,seoul,0,0,0,0,2,0,0,24,0,0,completed
17967,U7968,2025-04-11 11:48:00,2025-04-11 11:52:00,F,50+,office,seoul,0,0,0,0,28,0,0,17,0,0,completed
17968,U7969,2025-07-05 16:16:00,2025-07-05 16:23:00,F,30~39,office,seoul,1,0,0,0,19,0,0,35,0,0,completed
17969,U7970,2025-03-24 15:41:00,2025-03-24 15:44:00,F,30~39,office,seoul,0,0,0,0,18,0,0,65,0,0,completed
17970,U7971,2025-06-05 16:11:00,2025-06-05 16:17:00,M,20~29,office,seoul,0,0,0,0,6,0,0,48,0,0,completed
17971,U7972,2025-05-26 17:12:00,2025-05-26 17:16:00,F,30~39,office,seoul,0,0,0,0,12,0,0,23,0,0,completed
17972,U7973,2025-10-07 19:31:00,2025-10-07 19:33:00,M,40~49,office,seoul,0,0,0,0,8,0,0,65,0,0,timeout
17973,U7974,2025-11-30 12:55:00,2025-11-30 12:59:00,M,50+,office,seoul,1,0,0,0,3,0,0,77,0,1,completed
17974,U7975,2025-07-29 12:24:00,2025-07-29 12:27:00,F,20~29,office,seoul,0,0,0,0,6,0,0,68,0,0,completed
17975,U7976,2025-04-12 13:42:00,2025-04-12 13:48:00,F,20~29,office,seoul,1,0,0,0,5,0,0,64,0,0,completed
17976,U7977,2025-01-22 13:28:00,2025-01-22 13:31:00,F,30~39,office,seoul,0,0,0,0,2,0,0,23,0,0,completed
17977,U7978,2025-02-11 09:34:00,2025-02-11 09:36:00,M,30~39,office,seoul,0,0,0,0,23,0,0,44,0,0,completed
17978,U7979,2025-12-21 09:46:00,2025-12-21 09:53:00,F,30~39,office,seoul,1,0,0,0,19,0,0,35,0,0,completed
17979,U7980,2025-04-07 09:40:00,2025-04-07 09:46:00,F,30~39,office,seoul,0,0,0,0,12,0,0,73,1,0,completed
17980,U7981,2025-02-11 16:13:00,2025-02-11 16:17:00,F,30~39,office,seoul,0,0,0,0,4,0,0,79,0,0,completed
17981,U7982,2025-03-13 13:43:00,2025-03-13 13:46:00,F,30~39,office,seoul,0,0,0,0,0,0,0,50,0,0,completed
17982,U7983,2025-10-21 15:00:00,2025-10-21 15:03:00,M,30~39,office,seoul,0,0,0,0,8,0,0,51,0,0,completed
17983,U7984,2025-12-21 07:04:00,2025-12-21 07:10:00,F,50+,office,seoul,1,0,0,0,29,0,0,70,0,0,completed
17984,U7985,2025-02-27 19:57:00,2025-02-27 20:00:00,M,30~39,office,seoul,0,0,0,0,10,0,0,33,0,0,completed
17985,U7986,2025-10-09 12:01:00,2025-10-09 12:03:00,M,20~29,office,seoul,0,0,0,0,23,0,0,45,0,0,completed
17986,U7987,2025-12-17 15:20:00,2025-12-17 15:27:00,M,30~39,office,seoul,0,0,0,0,10,0,0,39,0,0,completed
17987,U7988,2025-12-11 15:39:00,2025-12-11 15:46:00,F,50+,office,seoul,0,0,0,0,18,0,0,74,0,0,completed
17988,U7989,2025-10-24 12:05:00,2025-10-24 12:11:00,F,40~49,office,seoul,0,0,0,0,16,0,0,74,0,0,completed
17989,U7990,2025-06-03 11:56:00,2025-06-03 12:03:00,F,40~49,office,seoul,0,0,0,0,22,0,0,11,0,0,completed
17990,U7991,2025-04-08 20:10:00,2025-04-08 20:14:00,F,20~29,office,seoul,0,0,0,0,22,0,0,32,0,0,completed
17991,U7992,2025-04-20 11:28:00,2025-04-20 11:30:00,F,30~39,office,seoul,1,0,0,0,12,0,0,32,0,0,completed
17992,U7993,2025-03-07 17:41:00,2025-03-07 17:44:00,F,30~39,office,seoul,0,0,0,0,11,0,0,59,0,0,completed
17993,U7994,2025-12-30 15:23:00,2025-12-30 15:28:00,M,20~29,office,seoul,0,0,0,0,15,0,0,64,0,0,completed
17994,U7995,2025-05-25 08:49:00,2025-05-25 08:56:00,M,40~49,office,seoul,1,0,0,0,7,0,0,21,0,0,completed
17995,U7996,2025-06-14 12:34:00,2025-06-14 12:37:00,F,40~49,office,seoul,1,0,0,0,11,0,0,75,0,0,completed
17996,U7997,2025-10-28 09:54:00,2025-10-28 09:56:00,F,20~29,office,seoul,0,0,0,0,6,0,0,73,0,0,completed
17997,U7998,2025-08-04 17:33:00,2025-08-04 17:38:00,M,30~39,office,seoul,0,0,0,0,26,0,0,53,0,0,completed
17998,U7999,2025-07-20 07:15:00,2025-07-20 07:17:00,M,40~49,office,seoul,1,0,0,0,12,0,0,66,0,0,completed
17999,U8000,2025-08-02 15:01:00,2025-08-02 15:03:00,F,40~49,office,seoul,1,0,0,0,16,0,0,23,0,0,completed
18000,U8001,2025-09-16 17:46:00,2025-09-16 17:52:00,M,20~29,office,seoul,0,0,0,0,0,0,0,69,0,0,timeout
18001,U8002,2025-10-03 15:02:00,2025-10-03 15:06:00,M,20~29,office,seoul,0,0,0,0,10,0,0,43,0,0,completed
18002,U8003,2025-12-11 15:58:00,2025-12-11 16:00:00,M,50+,office,seoul,0,0,0,0,6,0,0,62,0,0,completed
18003,U8004,2025-02-11 11:10:00,2025-02-11 11:12:00,F,40~49,office,seoul,0,0,0,0,20,0,0,64,0,0,completed
18004,U8005,2025-12-02 15:24:00,2025-12-02 15:29:00,F,50+,office,seoul,0,0,0,0,27,0,0,36,1,0,abandoned
18005,U8006,2025-07-09 08:29:00,2025-07-09 08:35:00,F,20~29,office,seoul,0,0,0,0,19,0,0,18,0,0,completed
18006,U8007,2025-05-05 18:33:00,2025-05-05 18:35:00,M,40~49,office,seoul,0,0,0,0,19,0,0,14,0,0,completed
18007,U8008,2025-03-15 19:57:00,2025-03-15 20:00:00,F,40~49,office,seoul,1,0,0,0,26,0,0,27,0,0,completed
18008,U8009,2025-08-18 12:12:00,2025-08-18 12:17:00,M,20~29,office,seoul,0,0,0,0,28,0,0,50,0,0,completed
18009,U8010,2025-05-22 08:40:00,2025-05-22 08:42:00,F,30~39,office,seoul,0,0,0,0,10,0,0,74,0,0,completed
18010,U8011,2025-06-30 14:01:00,2025-06-30 14:03:00,F,50+,office,seoul,0,0,0,0,23,0,0,14,0,0,completed
18011,U8012,2025-11-02 15:51:00,2025-11-02 15:57:00,M,30~39,office,seoul,1,0,0,0,4,0,0,50,0,0,completed
18012,U8013,2025-05-03 15:59:00,2025-05-03 16:05:00,M,50+,office,seoul,1,0,0,0,13,0,0,48,0,0,completed
18013,U8014,2025-04-23 14:30:00,2025-04-23 14:36:00,F,50+,office,seoul,0,0,0,0,26,0,0,65,0,0,completed
18014,U8015,2025-02-09 12:26:00,2025-02-09 12:30:00,F,40~49,office,seoul,1,0,0,0,7,0,0,70,0,0,completed
18015,U8016,2025-06-06 08:20:00,2025-06-06 08:24:00,M,20~29,office,seoul,0,0,0,0,14,0,0,30,0,0,completed
18016,U8017,2025-05-21 09:13:00,2025-05-21 09:15:00,M,20~29,office,seoul,0,0,0,0,19,0,0,18,0,0,completed
18017,U8018,2025-08-24 16:13:00,2025-08-24 16:20:00,F,20~29,office,seoul,1,0,0,0,3,0,0,59,0,0,completed
18018,U8019,2025-11-08 12:49:00,2025-11-08 12:52:00,M,30~39,office,seoul,1,0,0,0,6,0,0,41,0,0,completed
18019,U8020,2025-02-14 09:51:00,2025-02-14 09:56:00,F,30~39,office,seoul,0,0,0,0,25,0,0,35,0,0,completed
18020,U8021,2025-08-03 16:08:00,2025-08-03 16:12:00,M,30~39,office,seoul,1,0,0,0,18,0,0,20,0,0,completed
18021,U8022,2025-11-19 14:13:00,2025-11-19 14:19:00,F,30~39,office,seoul,0,0,0,0,3,0,0,41,0,0,completed
18022,U8023,2025-07-17 09:43:00,2025-07-17 09:48:00,F,30~39,office,seoul,0,0,0,0,21,0,0,46,0,0,completed
18023,U8024,2025-03-14 14:23:00,2025-03-14 14:26:00,M,30~39,office,seoul,0,0,0,0,4,0,0,11,0,0,completed
18024,U8025,2025-11-28 19:27:00,2025-11-28 19:34:00,M,20~29,office,seoul,0,0,0,0,17,0,0,10,0,0,completed
18025,U8026,2025-09-06 15:27:00,2025-09-06 15:31:00,M,50+,office,seoul,1,0,0,0,5,0,0,25,0,0,completed
18026,U8027,2025-11-13 14:31:00,2025-11-13 14:33:00,F,20~29,office,seoul,0,0,0,0,24,0,0,26,0,0,completed
18027,U8028,2025-07-18 09:24:00,2025-07-18 09:26:00,F,20~29,office,seoul,0,0,0,0,28,0,0,79,0,0,completed
18028,U8029,2025-01-12 21:32:00,2025-01-12 21:36:00,M,30~39,office,seoul,1,0,0,0,12,0,0,75,0,0,completed
18029,U8030,2025-11-14 20:49:00,2025-11-14 20:52:00,M,40~49,office,seoul,0,0,0,0,27,0,0,32,0,1,completed
18030,U8031,2025-02-08 13:29:00,2025-02-08 13:31:00,F,40~49,office,seoul,1,0,0,0,26,0,0,71,0,0,abandoned
18031,U8032,2025-05-20 07:54:00,2025-05-20 08:01:00,F,20~29,office,seoul,0,0,0,0,3,0,0,48,0,0,completed
18032,U8033,2025-06-27 09:44:00,2025-06-27 09:46:00,M,20~29,office,seoul,0,0,0,0,23,0,0,65,0,0,completed
18033,U8034,2025-04-05 19:12:00,2025-04-05 19:16:00,M,30~39,office,seoul,1,0,0,0,8,0,0,32,0,0,completed
18034,U8035,2025-03-09 14:47:00,2025-03-09 14:51:00,F,40~49,office,seoul,1,0,0,0,1,0,0,12,0,0,completed
18035,U8036,2025-03-17 15:59:00,2025-03-17 16:01:00,F,20~29,office,seoul,0,0,0,0,29,0,0,12,0,0,completed
18036,U8037,2025-10-14 17:55:00,2025-10-14 18:01:00,M,40~49,office,seoul,0,0,0,0,13,0,0,43,0,0,completed
18037,U8038,2025-11-30 18:01:00,2025-11-30 18:06:00,F,20~29,office,seoul,1,0,0,0,13,0,0,13,0,0,completed
18038,U8039,2025-12-08 08:42:00,2025-12-08 08:44:00,M,30~39,office,seoul,0,0,0,0,5,0,0,24,0,0,completed
18039,U8040,2025-07-30 13:13:00,2025-07-30 13:15:00,F,20~29,office,seoul,0,0,0,0,4,0,0,33,0,0,completed
18040,U8041,2025-06-11 17:39:00,2025-06-11 17:45:00,M,50+,office,seoul,0,0,0,0,3,0,0,17,0,0,error
18041,U8042,2025-12-22 13:08:00,2025-12-22 13:10:00,M,40~49,office,seoul,0,0,0,0,7,0,0,74,0,0,completed
18042,U8043,2025-12-30 19:48:00,2025-12-30 19:51:00,M,20~29,office,seoul,0,0,0,0,0,0,0,18,0,0,completed
18043,U8044,2025-04-11 11:01:00,2025-04-11 11:07:00,M,30~39,office,seoul,0,0,0,0,4,0,0,65,0,0,completed
18044,U8045,2025-12-13 22:45:00,2025-12-13 22:51:00,F,20~29,office,seoul,1,0,0,0,12,0,0,12,0,0,completed
18045,U8046,2025-07-13 15:01:00,2025-07-13 15:03:00,M,50+,office,seoul,1,0,0,0,12,0,0,55,0,0,completed
18046,U8047,2025-03-21 07:38:00,2025-03-21 07:40:00,F,50+,office,seoul,0,0,0,0,3,0,0,69,0,0,completed
18047,U8048,2025-07-20 09:28:00,2025-07-20 09:32:00,M,30~39,office,seoul,1,0,0,0,20,0,0,73,0,0,completed
18048,U8049,2025-11-06 18:09:00,2025-11-06 18:14:00,M,20~29,office,seoul,0,0,0,0,10,0,0,26,0,0,completed
18049,U8050,2025-05-02 11:30:00,2025-05-02 11:33:00,F,30~39,office,seoul,0,0,0,0,22,0,0,41,0,0,completed
18050,U8051,2025-01-12 11:03:00,2025-01-12 11:06:00,M,30~39,office,seoul,1,0,0,0,18,0,0,72,0,0,completed
18051,U8052,2025-11-20 09:45:00,2025-11-20 09:48:00,M,30~39,office,seoul,0,0,0,0,7,0,0,33,0,0,completed
18052,U8053,2025-01-28 15:29:00,2025-01-28 15:35:00,F,30~39,office,seoul,0,0,0,0,6,0,0,62,0,0,completed
18053,U8054,2025-12-24 15:45:00,2025-12-24 15:49:00,F,40~49,office,seoul,0,0,0,0,16,0,0,49,0,0,completed
18054,U8055,2025-02-20 09:48:00,2025-02-20 09:51:00,F,20~29,office,seoul,0,0,0,0,3,0,0,69,0,0,completed
18055,U8056,2025-02-09 08:02:00,2025-02-09 08:07:00,F,20~29,office,seoul,1,0,0,0,19,0,0,18,0,0,completed
18056,U8057,2025-10-15 20:22:00,2025-10-15 20:24:00,F,20~29,office,seoul,0,0,0,0,27,0,0,47,0,0,abandoned
18057,U8058,2025-05-06 15:07:00,2025-05-06 15:09:00,F,30~39,office,seoul,0,0,0,0,3,0,0,24,0,0,abandoned
18058,U8059,2025-02-07 12:17:00,2025-02-07 12:19:00,M,40~49,office,seoul,0,0,0,0,16,0,0,55,0,0,abandoned
18059,U8060,2025-04-10 13:53:00,2025-04-10 13:58:00,F,20~29,office,seoul,0,0,0,0,9,0,0,30,0,0,abandoned
18060,U8061,2025-11-15 15:15:00,2025-11-15 15:22:00,M,50+,office,seoul,1,0,0,0,13,0,0,55,0,0,error
18061,U8062,2025-03-11 17:03:00,2025-03-11 17:10:00,M,50+,office,seoul,0,0,0,0,17,0,0,68,0,1,completed
18062,U8063,2025-02-06 11:07:00,2025-02-06 11:14:00,F,30~39,office,seoul,0,0,0,0,13,0,0,71,0,0,completed
18063,U8064,2025-04-04 08:53:00,2025-04-04 08:58:00,M,20~29,office,seoul,0,0,0,0,19,0,0,75,0,0,completed
18064,U8065,2025-03-26 07:32:00,2025-03-26 07:38:00,F,40~49,office,seoul,0,0,0,0,26,0,0,76,0,0,completed
18065,U8066,2025-02-06 22:03:00,2025-02-06 22:10:00,F,40~49,office,seoul,0,0,0,0,2,0,0,65,0,0,completed
18066,U8067,2025-12-02 09:29:00,2025-12-02 09:32:00,M,40~49,office,seoul,0,0,0,0,11,0,0,13,0,0,completed
18067,U8068,2025-12-03 22:41:00,2025-12-03 22:45:00,F,40~49,office,seoul,0,0,0,0,8,0,0,79,0,0,completed
18068,U8069,2025-08-20 08:55:00,2025-08-20 09:01:00,F,20~29,office,seoul,0,0,0,0,0,0,0,27,0,0,abandoned
18069,U8070,2025-03-09 08:19:00,2025-03-09 08:25:00,F,20~29,office,seoul,1,0,0,0,4,0,0,28,0,0,completed
18070,U8071,2025-07-30 09:13:00,2025-07-30 09:18:00,F,30~39,office,seoul,0,0,0,0,4,0,0,28,0,0,completed
18071,U8072,2025-04-21 11:02:00,2025-04-21 11:08:00,F,50+,office,seoul,0,0,0,0,14,0,0,73,1,0,completed
18072,U8073,2025-04-14 07:53:00,2025-04-14 07:57:00,M,20~29,office,seoul,0,0,0,0,29,0,0,36,0,0,completed
18073,U8074,2025-01-19 19:50:00,2025-01-19 19:56:00,F,30~39,office,seoul,1,0,0,0,22,0,0,56,0,0,completed
18074,U8075,2025-11-15 15:07:00,2025-11-15 15:14:00,M,40~49,office,seoul,1,0,0,0,12,0,0,59,0,0,abandoned
18075,U8076,2025-06-27 09:20:00,2025-06-27 09:26:00,M,30~39,office,seoul,0,0,0,0,7,0,0,41,0,0,abandoned
18076,U8077,2025-10-14 13:55:00,2025-10-14 13:57:00,F,30~39,office,seoul,0,0,0,0,19,0,0,25,0,0,completed
18077,U8078,2025-04-09 14:06:00,2025-04-09 14:13:00,F,30~39,office,seoul,0,0,0,0,26,0,0,54,0,0,completed
18078,U8079,2025-03-26 16:05:00,2025-03-26 16:09:00,F,20~29,office,seoul,0,0,0,0,2,0,0,69,0,0,timeout
18079,U8080,2025-07-30 20:27:00,2025-07-30 20:33:00,M,30~39,office,seoul,0,0,0,0,10,0,0,55,0,0,completed
18080,U8081,2025-06-20 15:23:00,2025-06-20 15:26:00,M,30~39,office,seoul,0,0,0,0,2,0,0,25,0,0,completed
18081,U8082,2025-11-09 18:40:00,2025-11-09 18:42:00,M,20~29,office,seoul,1,0,0,0,9,0,0,34,0,0,completed
18082,U8083,2025-03-30 19:05:00,2025-03-30 19:11:00,F,20~29,office,seoul,1,0,0,0,22,0,0,26,0,0,completed
18083,U8084,2025-12-29 18:53:00,2025-12-29 18:57:00,F,20~29,office,seoul,0,0,0,0,19,0,0,23,0,0,completed
18084,U8085,2025-08-24 16:10:00,2025-08-24 16:17:00,F,30~39,office,seoul,1,0,0,0,7,0,0,30,0,0,completed
18085,U8086,2025-07-23 15:51:00,2025-07-23 15:56:00,F,30~39,office,seoul,0,0,0,0,21,0,0,45,0,0,completed
18086,U8087,2025-02-04 19:32:00,2025-02-04 19:38:00,F,20~29,office,seoul,0,0,0,0,24,0,0,59,0,0,completed
18087,U8088,2025-12-07 17:04:00,2025-12-07 17:11:00,F,30~39,office,seoul,1,0,0,0,4,0,0,27,0,0,completed
18088,U8089,2025-03-13 18:08:00,2025-03-13 18:13:00,F,20~29,office,seoul,0,0,0,0,25,0,0,39,0,0,completed
18089,U8090,2025-10-09 18:20:00,2025-10-09 18:25:00,F,50+,office,seoul,0,0,0,0,5,0,0,61,0,0,completed
18090,U8091,2025-04-10 09:40:00,2025-04-10 09:44:00,F,30~39,office,seoul,0,0,0,0,25,0,0,75,0,0,completed
18091,U8092,2025-08-31 18:36:00,2025-08-31 18:39:00,M,20~29,office,seoul,1,0,0,0,12,0,0,66,0,0,completed
18092,U8093,2025-09-20 13:26:00,2025-09-20 13:32:00,M,20~29,office,seoul,1,0,0,0,22,0,0,71,0,0,abandoned
18093,U8094,2025-09-17 18:56:00,2025-09-17 18:59:00,M,30~39,office,seoul,0,0,0,0,24,0,0,78,0,0,completed
18094,U8095,2025-12-09 16:16:00,2025-12-09 16:23:00,F,50+,office,seoul,0,0,0,0,2,0,0,55,0,0,timeout
18095,U8096,2025-08-15 16:55:00,2025-08-15 17:01:00,F,30~39,office,seoul,0,0,0,0,0,0,0,15,0,0,completed
18096,U8097,2025-10-10 18:39:00,2025-10-10 18:45:00,F,40~49,office,seoul,0,0,0,0,1,0,0,37,0,0,completed
18097,U8098,2025-10-28 09:46:00,2025-10-28 09:53:00,M,50+,office,seoul,0,0,0,0,1,0,0,10,0,0,completed
18098,U8099,2025-03-28 08:14:00,2025-03-28 08:17:00,M,20~29,office,seoul,0,0,0,0,3,0,0,48,0,0,abandoned
18099,U8100,2025-01-26 20:29:00,2025-01-26 20:35:00,F,30~39,office,seoul,1,0,0,0,27,0,0,37,0,0,abandoned
18100,U8101,2025-01-31 18:01:00,2025-01-31 18:06:00,F,20~29,office,seoul,0,0,0,0,0,0,0,49,0,0,abandoned
18101,U8102,2025-11-21 08:38:00,2025-11-21 08:45:00,F,30~39,office,seoul,0,0,0,0,17,0,0,49,0,0,completed
18102,U8103,2025-11-12 16:25:00,2025-11-12 16:31:00,F,50+,office,seoul,0,0,0,0,11,0,0,71,0,0,abandoned
18103,U8104,2025-11-22 19:01:00,2025-11-22 19:04:00,M,20~29,office,seoul,1,0,0,0,26,0,0,77,0,0,completed
18104,U8105,2025-06-29 17:34:00,2025-06-29 17:36:00,F,40~49,office,seoul,1,0,0,0,26,0,0,68,0,0,completed
18105,U8106,2025-09-03 12:12:00,2025-09-03 12:19:00,M,20~29,office,seoul,0,0,0,0,0,0,0,20,0,0,completed
18106,U8107,2025-05-31 20:40:00,2025-05-31 20:47:00,F,40~49,office,seoul,1,0,0,0,19,0,0,53,0,0,completed
18107,U8108,2025-06-15 20:04:00,2025-06-15 20:08:00,M,20~29,office,seoul,1,0,0,0,26,0,0,37,0,0,timeout
18108,U8109,2025-12-27 19:38:00,2025-12-27 19:45:00,M,40~49,office,seoul,1,0,0,0,8,0,0,21,0,0,completed
18109,U8110,2025-03-29 09:47:00,2025-03-29 09:53:00,F,30~39,office,seoul,1,0,0,0,29,0,0,23,0,0,completed
18110,U8111,2025-11-22 12:49:00,2025-11-22 12:52:00,F,20~29,office,seoul,1,0,0,0,16,0,0,69,0,0,completed
18111,U8112,2025-08-15 19:50:00,2025-08-15 19:52:00,F,30~39,office,seoul,0,0,0,0,28,0,0,39,0,1,completed
18112,U8113,2025-02-16 14:02:00,2025-02-16 14:09:00,M,50+,office,seoul,1,0,0,0,12,0,0,75,0,0,completed
18113,U8114,2025-03-11 19:22:00,2025-03-11 19:28:00,M,40~49,office,seoul,0,0,0,0,16,0,0,37,0,0,completed
18114,U8115,2025-07-26 07:54:00,2025-07-26 08:01:00,M,50+,office,seoul,1,0,0,0,16,0,0,65,0,0,completed
18115,U8116,2025-10-27 08:43:00,2025-10-27 08:46:00,M,40~49,office,seoul,0,0,0,0,15,0,0,41,0,0,completed
18116,U8117,2025-02-10 09:19:00,2025-02-10 09:21:00,F,20~29,office,seoul,0,0,0,0,20,0,0,44,0,0,completed
18117,U8118,2025-03-05 16:39:00,2025-03-05 16:46:00,F,30~39,office,seoul,0,0,0,0,9,0,0,78,0,0,completed
18118,U8119,2025-12-30 18:18:00,2025-12-30 18:21:00,M,50+,office,seoul,0,0,0,0,16,0,0,51,0,0,completed
18119,U8120,2025-07-15 07:30:00,2025-07-15 07:36:00,M,20~29,office,seoul,0,0,0,0,26,0,0,15,0,0,completed
18120,U8121,2025-07-04 15:05:00,2025-07-04 15:08:00,F,20~29,office,seoul,0,0,0,0,13,0,0,64,1,0,completed
18121,U8122,2025-06-28 16:09:00,2025-06-28 16:12:00,F,40~49,office,seoul,1,0,0,0,16,0,0,64,0,0,completed
18122,U8123,2025-01-11 18:35:00,2025-01-11 18:41:00,M,50+,office,seoul,1,0,0,0,16,0,0,36,0,0,completed
18123,U8124,2025-08-29 12:50:00,2025-08-29 12:57:00,M,50+,office,seoul,0,0,0,0,22,0,0,60,0,0,completed
18124,U8125,2025-01-27 15:46:00,2025-01-27 15:50:00,M,30~39,office,seoul,0,0,0,0,29,0,0,75,0,0,completed
18125,U8126,2025-07-04 12:24:00,2025-07-04 12:27:00,M,20~29,office,seoul,0,0,0,0,22,0,0,40,0,0,completed
18126,U8127,2025-10-10 15:36:00,2025-10-10 15:42:00,M,40~49,office,seoul,0,0,0,0,19,0,0,73,0,0,completed
18127,U8128,2025-03-28 17:01:00,2025-03-28 17:04:00,F,30~39,office,seoul,0,0,0,0,14,0,0,51,0,0,completed
18128,U8129,2025-12-31 18:46:00,2025-12-31 18:49:00,M,50+,office,seoul,0,0,0,0,26,0,0,71,0,0,completed
18129,U8130,2025-02-14 12:44:00,2025-02-14 12:49:00,M,20~29,office,seoul,0,0,0,0,28,0,0,45,0,0,completed
18130,U8131,2025-11-16 13:30:00,2025-11-16 13:37:00,F,20~29,office,seoul,1,0,0,0,1,0,0,67,0,0,abandoned
18131,U8132,2025-11-02 17:01:00,2025-11-02 17:06:00,M,40~49,office,seoul,1,0,0,0,19,0,0,51,0,1,timeout
18132,U8133,2025-07-26 16:08:00,2025-07-26 16:15:00,F,20~29,office,seoul,1,0,0,0,1,0,0,45,0,0,completed
18133,U8134,2025-07-14 17:00:00,2025-07-14 17:04:00,F,30~39,office,seoul,0,0,0,0,26,0,0,44,0,0,completed
18134,U8135,2025-09-17 11:45:00,2025-09-17 11:48:00,F,40~49,office,seoul,0,0,0,0,25,0,0,14,0,0,completed
18135,U8136,2025-08-28 08:42:00,2025-08-28 08:48:00,F,40~49,office,seoul,0,0,0,0,10,0,0,77,0,0,completed
18136,U8137,2025-07-01 17:59:00,2025-07-01 18:03:00,M,40~49,office,seoul,0,0,0,0,6,0,0,15,0,0,completed
18137,U8138,2025-07-16 15:58:00,2025-07-16 16:05:00,F,30~39,office,seoul,0,0,0,0,22,0,0,40,0,0,completed
18138,U8139,2025-06-29 12:53:00,2025-06-29 12:56:00,F,30~39,office,seoul,1,0,0,0,13,0,0,48,0,0,timeout
18139,U8140,2025-10-02 08:56:00,2025-10-02 08:59:00,F,20~29,office,seoul,0,0,0,0,17,0,0,43,0,0,completed
18140,U8141,2025-05-17 18:56:00,2025-05-17 18:58:00,M,40~49,office,seoul,1,0,0,0,11,0,0,66,0,0,completed
18141,U8142,2025-10-03 11:40:00,2025-10-03 11:44:00,M,50+,office,seoul,0,0,0,0,1,0,0,70,0,0,completed
18142,U8143,2025-09-20 22:44:00,2025-09-20 22:48:00,F,50+,office,seoul,1,0,0,0,28,0,0,74,0,0,completed
18143,U8144,2025-10-31 18:09:00,2025-10-31 18:15:00,F,30~39,office,seoul,0,0,0,0,10,0,0,58,0,0,completed
18144,U8145,2025-04-26 12:11:00,2025-04-26 12:17:00,F,20~29,office,seoul,1,0,0,0,29,0,0,42,0,0,completed
18145,U8146,2025-08-04 11:14:00,2025-08-04 11:19:00,F,20~29,office,seoul,0,0,0,0,2,0,0,20,0,0,completed
18146,U8147,2025-12-29 17:43:00,2025-12-29 17:47:00,F,50+,office,seoul,0,0,0,0,6,0,0,23,0,0,completed
18147,U8148,2025-07-04 14:58:00,2025-07-04 15:02:00,M,50+,office,seoul,0,0,0,0,10,0,0,78,0,1,completed
18148,U8149,2025-12-24 08:35:00,2025-12-24 08:40:00,M,30~39,office,seoul,0,0,0,0,16,0,0,63,0,0,completed
18149,U8150,2025-06-18 18:45:00,2025-06-18 18:51:00,M,40~49,office,seoul,0,0,0,0,2,0,0,59,0,0,completed
18150,U8151,2025-05-29 18:03:00,2025-05-29 18:07:00,F,30~39,office,seoul,0,0,0,0,3,0,0,34,0,0,completed
18151,U8152,2025-09-07 13:56:00,2025-09-07 14:02:00,F,50+,office,seoul,1,0,0,0,28,0,0,53,1,0,completed
18152,U8153,2025-12-02 16:39:00,2025-12-02 16:44:00,F,30~39,office,seoul,0,0,0,0,6,0,0,57,0,0,completed
18153,U8154,2025-02-04 18:51:00,2025-02-04 18:54:00,M,50+,office,seoul,0,0,0,0,24,0,0,50,0,0,completed
18154,U8155,2025-06-21 13:10:00,2025-06-21 13:14:00,F,20~29,office,seoul,1,0,0,0,4,0,0,73,0,0,completed
18155,U8156,2025-07-14 15:50:00,2025-07-14 15:54:00,F,20~29,office,seoul,0,0,0,0,29,0,0,58,0,0,completed
18156,U8157,2025-03-04 12:12:00,2025-03-04 12:16:00,M,20~29,office,seoul,0,0,0,0,26,0,0,75,0,0,completed
18157,U8158,2025-01-01 11:16:00,2025-01-01 11:18:00,F,30~39,office,seoul,0,0,0,0,2,0,0,24,0,0,completed
18158,U8159,2025-09-21 14:23:00,2025-09-21 14:30:00,M,50+,office,seoul,1,0,0,0,18,0,0,12,0,0,completed
18159,U8160,2025-04-20 12:10:00,2025-04-20 12:15:00,F,30~39,office,seoul,1,0,0,0,26,0,0,37,0,0,completed
18160,U8161,2025-03-23 07:33:00,2025-03-23 07:35:00,F,20~29,office,seoul,1,0,0,0,3,0,0,27,0,0,completed
18161,U8162,2025-11-21 08:14:00,2025-11-21 08:19:00,F,20~29,office,seoul,0,0,0,0,16,0,0,47,0,0,completed
18162,U8163,2025-05-09 12:25:00,2025-05-09 12:29:00,F,50+,office,seoul,0,0,0,0,12,0,0,15,0,0,completed
18163,U8164,2025-02-02 16:39:00,2025-02-02 16:44:00,M,20~29,office,seoul,1,0,0,0,9,0,0,34,0,0,completed
18164,U8165,2025-12-06 16:08:00,2025-12-06 16:11:00,M,40~49,office,seoul,1,0,0,0,9,0,0,52,1,0,completed
18165,U8166,2025-07-05 21:19:00,2025-07-05 21:25:00,F,20~29,office,seoul,1,0,0,0,19,0,0,42,0,0,completed
18166,U8167,2025-09-03 08:04:00,2025-09-03 08:09:00,F,50+,office,seoul,0,0,0,0,18,0,0,68,0,0,completed
18167,U8168,2025-04-04 08:26:00,2025-04-04 08:33:00,M,20~29,office,seoul,0,0,0,0,17,0,0,10,0,0,completed
18168,U8169,2025-05-31 14:37:00,2025-05-31 14:40:00,M,20~29,office,seoul,1,0,0,0,22,0,0,72,0,0,completed
18169,U8170,2025-12-31 17:13:00,2025-12-31 17:15:00,F,20~29,office,seoul,0,0,0,0,11,0,0,13,0,0,completed
18170,U8171,2025-04-20 14:19:00,2025-04-20 14:25:00,M,50+,office,seoul,1,0,0,0,3,0,0,71,0,0,completed
18171,U8172,2025-02-17 08:51:00,2025-02-17 08:58:00,F,20~29,office,seoul,0,0,0,0,16,0,0,76,0,0,completed
18172,U8173,2025-08-13 18:06:00,2025-08-13 18:11:00,M,30~39,office,seoul,0,0,0,0,2,0,0,35,0,0,completed
18173,U8174,2025-10-09 13:34:00,2025-10-09 13:41:00,F,30~39,office,seoul,0,0,0,0,9,0,0,11,0,0,completed
18174,U8175,2025-08-11 12:09:00,2025-08-11 12:13:00,M,30~39,office,seoul,0,0,0,0,13,0,0,45,0,0,completed
18175,U8176,2025-04-24 11:17:00,2025-04-24 11:23:00,F,50+,office,seoul,0,0,0,0,9,0,0,64,0,0,completed
18176,U8177,2025-08-27 19:55:00,2025-08-27 19:58:00,F,20~29,office,seoul,0,0,0,0,11,0,0,52,0,0,completed
18177,U8178,2025-07-06 18:33:00,2025-07-06 18:37:00,F,20~29,office,seoul,1,0,0,0,16,0,0,75,0,0,completed
18178,U8179,2025-10-19 19:00:00,2025-10-19 19:04:00,F,20~29,office,seoul,1,0,0,0,11,0,0,77,0,0,completed
18179,U8180,2025-01-06 07:30:00,2025-01-06 07:36:00,F,30~39,office,seoul,0,0,0,0,20,0,0,41,0,0,completed
18180,U8181,2025-01-03 11:00:00,2025-01-03 11:06:00,M,50+,office,seoul,0,0,0,0,29,0,0,69,0,1,completed
18181,U8182,2025-05-16 18:52:00,2025-05-16 18:59:00,F,40~49,office,seoul,0,0,0,0,20,0,0,77,0,0,completed
18182,U8183,2025-11-26 08:15:00,2025-11-26 08:22:00,F,30~39,office,seoul,0,0,0,0,29,0,0,75,0,0,completed
18183,U8184,2025-09-27 11:41:00,2025-09-27 11:45:00,M,30~39,office,seoul,1,0,0,0,19,0,0,39,0,0,completed
18184,U8185,2025-12-08 15:52:00,2025-12-08 15:56:00,M,20~29,office,seoul,0,0,0,0,7,0,0,75,0,0,completed
18185,U8186,2025-03-26 14:48:00,2025-03-26 14:50:00,F,20~29,office,seoul,0,0,0,0,0,0,0,52,0,0,completed
18186,U8187,2025-02-09 12:54:00,2025-02-09 12:57:00,M,20~29,office,seoul,1,0,0,0,20,0,0,67,0,0,completed
18187,U8188,2025-10-27 07:09:00,2025-10-27 07:15:00,M,20~29,office,seoul,0,0,0,0,27,0,0,53,0,0,completed
18188,U8189,2025-12-14 08:57:00,2025-12-14 09:04:00,F,30~39,office,seoul,1,0,0,0,29,0,0,41,0,0,completed
18189,U8190,2025-05-11 08:15:00,2025-05-11 08:22:00,M,30~39,office,seoul,1,0,0,0,29,0,0,26,0,0,completed
18190,U8191,2025-06-21 09:52:00,2025-06-21 09:54:00,F,20~29,office,seoul,1,0,0,0,2,0,0,20,0,0,error
18191,U8192,2025-12-26 12:20:00,2025-12-26 12:25:00,F,40~49,office,seoul,0,0,0,0,14,0,0,75,0,0,timeout
18192,U8193,2025-05-02 20:35:00,2025-05-02 20:42:00,F,40~49,office,seoul,0,0,0,0,2,0,0,46,0,0,completed
18193,U8194,2025-02-18 08:33:00,2025-02-18 08:37:00,M,30~39,office,seoul,0,0,0,0,28,0,0,30,0,0,completed
18194,U8195,2025-05-02 16:56:00,2025-05-02 17:03:00,M,40~49,office,seoul,0,0,0,0,13,0,0,41,0,1,completed
18195,U8196,2025-07-25 08:57:00,2025-07-25 08:59:00,F,50+,office,seoul,0,0,0,0,11,0,0,11,0,0,abandoned
18196,U8197,2025-05-23 14:33:00,2025-05-23 14:39:00,M,40~49,office,seoul,0,0,0,0,2,0,0,49,0,0,completed
18197,U8198,2025-06-16 08:16:00,2025-06-16 08:23:00,F,30~39,office,seoul,0,0,0,0,13,0,0,54,0,0,completed
18198,U8199,2025-06-13 13:41:00,2025-06-13 13:44:00,F,30~39,office,seoul,0,0,0,0,21,0,0,61,0,0,completed
18199,U8200,2025-10-15 09:38:00,2025-10-15 09:43:00,M,30~39,office,seoul,0,0,0,0,20,0,0,10,0,0,completed
18200,U8201,2025-07-21 19:39:00,2025-07-21 19:45:00,M,40~49,office,seoul,0,0,0,0,15,0,0,62,0,0,completed
18201,U8202,2025-05-30 14:05:00,2025-05-30 14:10:00,M,50+,office,seoul,0,0,0,0,28,0,0,32,0,0,abandoned
18202,U8203,2025-10-24 15:58:00,2025-10-24 16:02:00,M,30~39,office,seoul,0,0,0,0,1,0,0,24,0,0,completed
18203,U8204,2025-07-16 09:44:00,2025-07-16 09:51:00,F,20~29,office,seoul,0,0,0,0,27,0,0,37,0,0,completed
18204,U8205,2025-01-27 07:24:00,2025-01-27 07:28:00,M,30~39,office,seoul,0,0,0,0,28,0,0,35,0,0,completed
18205,U8206,2025-08-02 09:23:00,2025-08-02 09:26:00,F,20~29,office,seoul,1,0,0,0,24,0,0,21,0,0,completed
18206,U8207,2025-02-17 11:49:00,2025-02-17 11:51:00,F,20~29,office,seoul,0,0,0,0,26,0,0,53,0,0,completed
18207,U8208,2025-09-05 14:09:00,2025-09-05 14:14:00,F,30~39,office,seoul,0,0,0,0,29,0,0,66,0,0,completed
18208,U8209,2025-12-23 11:49:00,2025-12-23 11:55:00,F,40~49,office,seoul,0,0,0,0,14,0,0,24,0,0,abandoned
18209,U8210,2025-12-06 18:39:00,2025-12-06 18:44:00,F,30~39,office,seoul,1,0,0,0,29,0,0,60,0,0,completed
18210,U8211,2025-01-05 15:50:00,2025-01-05 15:54:00,F,50+,office,seoul,1,0,0,0,3,0,0,31,0,0,completed
18211,U8212,2025-12-12 18:20:00,2025-12-12 18:27:00,M,30~39,office,seoul,0,0,0,0,26,0,0,33,0,0,completed
18212,U8213,2025-01-06 09:27:00,2025-01-06 09:29:00,M,30~39,office,seoul,0,0,0,0,29,0,0,13,0,0,abandoned
18213,U8214,2025-11-20 09:38:00,2025-11-20 09:44:00,F,40~49,office,seoul,0,0,0,0,8,0,0,44,0,0,completed
18214,U8215,2025-08-08 09:59:00,2025-08-08 10:02:00,F,20~29,office,seoul,0,0,0,0,10,0,0,21,0,0,error
18215,U8216,2025-10-27 14:20:00,2025-10-27 14:25:00,M,20~29,office,seoul,0,0,0,0,18,0,0,34,0,0,completed
18216,U8217,2025-12-04 15:45:00,2025-12-04 15:47:00,F,40~49,office,seoul,0,0,0,0,18,0,0,67,0,0,completed
18217,U8218,2025-12-27 17:26:00,2025-12-27 17:32:00,M,20~29,office,seoul,1,0,0,0,19,0,0,38,0,0,completed
18218,U8219,2025-07-23 11:50:00,2025-07-23 11:54:00,M,50+,office,seoul,0,0,0,0,10,0,0,37,1,0,completed
18219,U8220,2025-12-06 13:06:00,2025-12-06 13:13:00,M,30~39,office,seoul,1,0,0,0,27,0,0,40,0,0,completed
18220,U8221,2025-04-25 15:07:00,2025-04-25 15:14:00,F,20~29,office,seoul,0,0,0,0,11,0,0,53,0,0,completed
18221,U8222,2025-11-18 18:17:00,2025-11-18 18:22:00,F,50+,office,seoul,0,0,0,0,22,0,0,23,0,0,completed
18222,U8223,2025-05-28 20:05:00,2025-05-28 20:11:00,M,30~39,office,seoul,0,0,0,0,4,0,0,27,0,0,completed
18223,U8224,2025-11-30 12:06:00,2025-11-30 12:11:00,M,30~39,office,seoul,1,0,0,0,2,0,0,15,0,0,completed
18224,U8225,2025-11-01 19:10:00,2025-11-01 19:15:00,F,30~39,office,seoul,1,0,0,0,3,0,0,50,0,0,completed
18225,U8226,2025-09-08 14:11:00,2025-09-08 14:16:00,M,20~29,office,seoul,0,0,0,0,25,0,0,21,0,0,completed
18226,U8227,2025-01-12 18:00:00,2025-01-12 18:04:00,F,20~29,office,seoul,1,0,0,0,10,0,0,76,0,0,abandoned
18227,U8228,2025-02-27 18:36:00,2025-02-27 18:39:00,M,50+,office,seoul,0,0,0,0,1,0,0,77,0,1,error
18228,U8229,2025-12-14 11:35:00,2025-12-14 11:42:00,F,30~39,office,seoul,1,0,0,0,24,0,0,41,0,0,completed
18229,U8230,2025-10-28 20:12:00,2025-10-28 20:14:00,M,30~39,office,seoul,0,0,0,0,23,0,0,76,0,0,completed
18230,U8231,2025-10-14 12:19:00,2025-10-14 12:26:00,F,30~39,office,seoul,0,0,0,0,27,0,0,43,0,0,completed
18231,U8232,2025-12-17 22:34:00,2025-12-17 22:37:00,M,20~29,office,seoul,0,0,0,0,18,0,0,66,0,0,completed
18232,U8233,2025-07-08 21:55:00,2025-07-08 21:58:00,M,20~29,office,seoul,0,0,0,0,0,0,0,24,0,0,completed
18233,U8234,2025-12-07 15:44:00,2025-12-07 15:51:00,M,20~29,office,seoul,1,0,0,0,29,0,0,63,0,0,completed
18234,U8235,2025-10-21 20:52:00,2025-10-21 20:55:00,M,30~39,office,seoul,0,0,0,0,6,0,0,27,0,0,abandoned
18235,U8236,2025-03-24 07:51:00,2025-03-24 07:58:00,F,40~49,office,seoul,0,0,0,0,13,0,0,39,0,0,completed
18236,U8237,2025-09-05 08:21:00,2025-09-05 08:24:00,F,20~29,office,seoul,0,0,0,0,0,0,0,45,0,0,completed
18237,U8238,2025-05-26 12:07:00,2025-05-26 12:10:00,F,40~49,office,seoul,0,0,0,0,9,0,0,78,0,0,completed
18238,U8239,2025-02-24 14:09:00,2025-02-24 14:16:00,F,50+,office,seoul,0,0,0,0,24,0,0,51,0,0,completed
18239,U8240,2025-12-04 08:05:00,2025-12-04 08:11:00,F,50+,office,seoul,0,0,0,0,12,0,0,77,0,0,completed
18240,U8241,2025-02-03 08:47:00,2025-02-03 08:53:00,M,20~29,office,seoul,0,0,0,0,20,0,0,61,0,0,completed
18241,U8242,2025-10-06 15:48:00,2025-10-06 15:54:00,F,50+,office,seoul,0,0,0,0,14,0,0,38,0,0,completed
18242,U8243,2025-06-13 22:05:00,2025-06-13 22:11:00,F,40~49,office,seoul,0,0,0,0,12,0,0,42,0,0,completed
18243,U8244,2025-05-02 15:58:00,2025-05-02 16:02:00,M,30~39,office,seoul,0,0,0,0,20,0,0,43,0,0,abandoned
18244,U8245,2025-09-26 14:34:00,2025-09-26 14:37:00,M,30~39,office,seoul,0,0,0,0,8,0,0,64,0,0,completed
18245,U8246,2025-07-13 14:09:00,2025-07-13 14:13:00,M,50+,office,seoul,1,0,0,0,8,0,0,50,1,0,completed
18246,U8247,2025-01-24 15:58:00,2025-01-24 16:03:00,F,40~49,office,seoul,0,0,0,0,18,0,0,54,0,0,completed
18247,U8248,2025-12-14 16:30:00,2025-12-14 16:33:00,F,30~39,office,seoul,1,0,0,0,12,0,0,29,0,0,completed
18248,U8249,2025-06-22 19:26:00,2025-06-22 19:31:00,F,40~49,office,seoul,1,0,0,0,6,0,0,26,0,0,error
18249,U8250,2025-07-23 11:20:00,2025-07-23 11:25:00,F,30~39,office,seoul,0,0,0,0,18,0,0,49,0,0,completed
18250,U8251,2025-09-13 19:15:00,2025-09-13 19:17:00,F,40~49,office,seoul,1,0,0,0,0,0,0,72,0,0,completed
18251,U8252,2025-12-02 19:32:00,2025-12-02 19:35:00,F,30~39,office,seoul,0,0,0,0,23,0,0,14,0,0,abandoned
18252,U8253,2025-02-02 14:05:00,2025-02-02 14:09:00,F,20~29,office,seoul,1,0,0,0,9,0,0,74,0,0,completed
18253,U8254,2025-11-15 12:24:00,2025-11-15 12:26:00,F,50+,office,seoul,1,0,0,0,7,0,0,20,0,0,completed
18254,U8255,2025-07-30 15:25:00,2025-07-30 15:32:00,F,40~49,office,seoul,0,0,0,0,10,0,0,21,0,1,completed
18255,U8256,2025-03-17 14:31:00,2025-03-17 14:36:00,M,20~29,office,seoul,0,0,0,0,14,0,0,20,0,0,completed
18256,U8257,2025-07-22 16:45:00,2025-07-22 16:50:00,F,50+,office,seoul,0,0,0,0,22,0,0,75,0,0,completed
18257,U8258,2025-12-08 14:31:00,2025-12-08 14:33:00,M,50+,office,seoul,0,0,0,0,4,0,0,37,0,1,completed
18258,U8259,2025-09-10 18:56:00,2025-09-10 19:03:00,F,20~29,office,seoul,0,0,0,0,25,0,0,49,0,0,completed
18259,U8260,2025-11-06 08:58:00,2025-11-06 09:04:00,F,50+,office,seoul,0,0,0,0,21,0,0,21,0,0,completed
18260,U8261,2025-08-18 09:36:00,2025-08-18 09:41:00,M,20~29,office,seoul,0,0,0,0,8,0,0,34,0,0,completed
18261,U8262,2025-04-29 14:40:00,2025-04-29 14:44:00,F,30~39,office,seoul,0,0,0,0,19,0,0,46,0,0,completed
18262,U8263,2025-08-03 19:02:00,2025-08-03 19:06:00,M,20~29,office,seoul,1,0,0,0,21,0,0,63,0,0,completed
18263,U8264,2025-03-03 18:13:00,2025-03-03 18:16:00,M,30~39,office,seoul,0,0,0,0,29,0,0,68,0,0,completed
18264,U8265,2025-09-12 09:48:00,2025-09-12 09:55:00,M,50+,office,seoul,0,0,0,0,7,0,0,50,0,0,completed
18265,U8266,2025-03-05 09:22:00,2025-03-05 09:25:00,M,20~29,office,seoul,0,0,0,0,0,0,0,16,0,0,completed
18266,U8267,2025-02-07 07:21:00,2025-02-07 07:27:00,M,40~49,office,seoul,0,0,0,0,27,0,0,49,0,0,completed
18267,U8268,2025-06-11 07:19:00,2025-06-11 07:25:00,F,30~39,office,seoul,0,0,0,0,8,0,0,20,0,0,completed
18268,U8269,2025-12-11 15:36:00,2025-12-11 15:43:00,M,30~39,office,seoul,0,0,0,0,1,0,0,61,0,0,completed
18269,U8270,2025-06-29 11:35:00,2025-06-29 11:38:00,F,50+,office,seoul,1,0,0,0,24,0,0,53,0,0,completed
18270,U8271,2025-03-23 17:31:00,2025-03-23 17:35:00,M,30~39,office,seoul,1,0,0,0,6,0,0,78,0,0,completed
18271,U8272,2025-02-10 13:13:00,2025-02-10 13:19:00,F,30~39,office,seoul,0,0,0,0,3,0,0,40,0,0,completed
18272,U8273,2025-12-19 17:02:00,2025-12-19 17:09:00,M,20~29,office,seoul,0,0,0,0,21,0,0,25,0,0,timeout
18273,U8274,2025-11-03 21:29:00,2025-11-03 21:32:00,F,50+,office,seoul,0,0,0,0,10,0,0,58,0,0,completed
18274,U8275,2025-08-07 13:31:00,2025-08-07 13:38:00,F,30~39,office,seoul,0,0,0,0,4,0,0,75,0,0,error
18275,U8276,2025-10-24 18:58:00,2025-10-24 19:04:00,F,50+,office,seoul,0,0,0,0,29,0,0,58,0,0,completed
18276,U8277,2025-01-08 15:14:00,2025-01-08 15:16:00,F,50+,office,seoul,0,0,0,0,4,0,0,65,0,0,completed
18277,U8278,2025-05-09 17:57:00,2025-05-09 18:04:00,M,30~39,office,seoul,0,0,0,0,28,0,0,79,0,0,abandoned
18278,U8279,2025-10-12 17:00:00,2025-10-12 17:03:00,F,30~39,office,seoul,1,0,0,0,6,0,0,15,0,0,abandoned
18279,U8280,2025-08-30 16:53:00,2025-08-30 16:57:00,M,20~29,office,seoul,1,0,0,0,29,0,0,38,0,1,completed
18280,U8281,2025-05-04 09:57:00,2025-05-04 10:03:00,F,20~29,office,seoul,1,0,0,0,7,0,0,55,0,0,completed
18281,U8282,2025-04-24 16:08:00,2025-04-24 16:10:00,F,30~39,office,seoul,0,0,0,0,18,0,0,78,1,0,completed
18282,U8283,2025-10-04 16:10:00,2025-10-04 16:12:00,M,40~49,office,seoul,1,0,0,0,18,0,0,29,0,0,completed
18283,U8284,2025-04-09 08:06:00,2025-04-09 08:10:00,M,20~29,office,seoul,0,0,0,0,19,0,0,30,1,0,completed
18284,U8285,2025-07-13 14:59:00,2025-07-13 15:01:00,M,40~49,office,seoul,1,0,0,0,5,0,0,40,0,0,completed
18285,U8286,2025-12-05 12:13:00,2025-12-05 12:16:00,F,20~29,office,seoul,0,0,0,0,12,0,0,63,0,0,completed
18286,U8287,2025-09-25 08:15:00,2025-09-25 08:20:00,M,40~49,office,seoul,0,0,0,0,15,0,0,65,0,0,completed
18287,U8288,2025-05-05 07:47:00,2025-05-05 07:53:00,F,30~39,office,seoul,0,0,0,0,13,0,0,66,0,0,completed
18288,U8289,2025-01-26 16:31:00,2025-01-26 16:33:00,M,40~49,office,seoul,1,0,0,0,6,0,0,29,0,0,completed
18289,U8290,2025-05-19 20:35:00,2025-05-19 20:42:00,M,40~49,office,seoul,0,0,0,0,25,0,0,28,0,0,completed
18290,U8291,2025-11-10 14:34:00,2025-11-10 14:39:00,F,50+,office,seoul,0,0,0,0,27,0,0,60,0,0,completed
18291,U8292,2025-01-16 11:36:00,2025-01-16 11:38:00,M,20~29,office,seoul,0,0,0,0,13,0,0,55,0,0,error
18292,U8293,2025-05-27 08:35:00,2025-05-27 08:39:00,F,30~39,office,seoul,0,0,0,0,13,0,0,52,0,0,completed
18293,U8294,2025-11-21 12:49:00,2025-11-21 12:53:00,M,30~39,office,seoul,0,0,0,0,24,0,0,40,0,0,completed
18294,U8295,2025-11-15 16:59:00,2025-11-15 17:04:00,F,20~29,office,seoul,1,0,0,0,5,0,0,31,0,0,completed
18295,U8296,2025-06-17 17:57:00,2025-06-17 18:03:00,F,20~29,office,seoul,0,0,0,0,16,0,0,49,0,0,completed
18296,U8297,2025-06-23 08:17:00,2025-06-23 08:24:00,F,40~49,office,seoul,0,0,0,0,8,0,0,32,0,0,completed
18297,U8298,2025-10-24 18:43:00,2025-10-24 18:46:00,M,30~39,office,seoul,0,0,0,0,25,0,0,36,0,0,completed
18298,U8299,2025-08-29 12:17:00,2025-08-29 12:20:00,F,40~49,office,seoul,0,0,0,0,6,0,0,26,0,0,timeout
18299,U8300,2025-12-07 07:41:00,2025-12-07 07:44:00,M,40~49,office,seoul,1,0,0,0,21,0,0,63,0,1,completed
18300,U8301,2025-11-05 19:13:00,2025-11-05 19:19:00,M,30~39,office,seoul,0,0,0,0,25,0,0,40,0,0,timeout
18301,U8302,2025-10-18 21:42:00,2025-10-18 21:46:00,F,40~49,office,seoul,1,0,0,0,21,0,0,64,0,0,completed
18302,U8303,2025-05-31 13:53:00,2025-05-31 13:59:00,M,50+,office,seoul,1,0,0,0,12,0,0,50,0,0,completed
18303,U8304,2025-03-29 12:16:00,2025-03-29 12:21:00,F,20~29,office,seoul,1,0,0,0,2,0,0,30,0,0,completed
18304,U8305,2025-03-20 22:00:00,2025-03-20 22:04:00,F,20~29,office,seoul,0,0,0,0,25,0,0,68,0,0,completed
18305,U8306,2025-11-23 16:37:00,2025-11-23 16:44:00,F,30~39,office,seoul,1,0,0,0,9,0,0,79,0,0,completed
18306,U8307,2025-09-17 22:20:00,2025-09-17 22:26:00,M,20~29,office,seoul,0,0,0,0,8,0,0,37,0,0,completed
18307,U8308,2025-08-20 13:48:00,2025-08-20 13:52:00,F,40~49,office,seoul,0,0,0,0,3,0,0,20,0,0,completed
18308,U8309,2025-09-29 09:03:00,2025-09-29 09:06:00,F,30~39,office,seoul,0,0,0,0,23,0,0,67,0,0,completed
18309,U8310,2025-05-01 12:28:00,2025-05-01 12:33:00,F,30~39,office,seoul,0,0,0,0,14,0,0,71,0,0,completed
18310,U8311,2025-09-08 20:56:00,2025-09-08 21:00:00,M,40~49,office,seoul,0,0,0,0,29,0,0,62,0,0,completed
18311,U8312,2025-10-04 14:05:00,2025-10-04 14:10:00,F,20~29,office,seoul,1,0,0,0,19,0,0,43,0,0,error
18312,U8313,2025-03-24 13:22:00,2025-03-24 13:24:00,M,30~39,office,seoul,0,0,0,0,8,0,0,74,0,0,completed
18313,U8314,2025-05-12 11:23:00,2025-05-12 11:25:00,F,40~49,office,seoul,0,0,0,0,7,0,0,63,0,0,completed
18314,U8315,2025-03-31 20:22:00,2025-03-31 20:24:00,F,40~49,office,seoul,0,0,0,0,6,0,0,22,0,0,completed
18315,U8316,2025-04-18 15:59:00,2025-04-18 16:03:00,M,40~49,office,seoul,0,0,0,0,6,0,0,77,0,0,completed
18316,U8317,2025-08-08 12:56:00,2025-08-08 13:02:00,F,20~29,office,seoul,0,0,0,0,15,0,0,48,0,0,completed
18317,U8318,2025-11-15 17:33:00,2025-11-15 17:35:00,M,30~39,office,seoul,1,0,0,0,16,0,0,79,0,0,completed
18318,U8319,2025-03-31 20:15:00,2025-03-31 20:19:00,F,20~29,office,seoul,0,0,0,0,16,0,0,68,0,0,completed
18319,U8320,2025-10-13 08:08:00,2025-10-13 08:10:00,M,30~39,office,seoul,0,0,0,0,17,0,0,56,0,0,completed
18320,U8321,2025-08-11 17:44:00,2025-08-11 17:51:00,F,20~29,office,seoul,0,0,0,0,1,0,0,71,0,0,completed
18321,U8322,2025-04-29 11:13:00,2025-04-29 11:18:00,M,20~29,office,seoul,0,0,0,0,18,0,0,42,0,0,completed
18322,U8323,2025-04-23 15:44:00,2025-04-23 15:47:00,F,30~39,office,seoul,0,0,0,0,27,0,0,77,0,0,completed
18323,U8324,2025-07-28 08:07:00,2025-07-28 08:10:00,F,50+,office,seoul,0,0,0,0,25,0,0,69,0,1,completed
18324,U8325,2025-04-14 09:06:00,2025-04-14 09:08:00,M,20~29,office,seoul,0,0,0,0,20,0,0,35,0,0,completed
18325,U8326,2025-04-12 21:28:00,2025-04-12 21:30:00,F,50+,office,seoul,1,0,0,0,23,0,0,32,1,0,completed
18326,U8327,2025-06-29 17:46:00,2025-06-29 17:49:00,F,20~29,office,seoul,1,0,0,0,11,0,0,10,0,0,completed
18327,U8328,2025-04-22 12:45:00,2025-04-22 12:47:00,F,40~49,office,seoul,0,0,0,0,5,0,0,15,0,0,completed
18328,U8329,2025-08-10 18:13:00,2025-08-10 18:17:00,M,40~49,office,seoul,1,0,0,0,1,0,0,43,0,0,completed
18329,U8330,2025-01-30 21:27:00,2025-01-30 21:30:00,F,20~29,office,seoul,0,0,0,0,21,0,0,68,0,0,completed
18330,U8331,2025-02-22 16:28:00,2025-02-22 16:32:00,M,20~29,office,seoul,1,0,0,0,28,0,0,10,0,0,abandoned
18331,U8332,2025-08-28 16:59:00,2025-08-28 17:06:00,F,30~39,office,seoul,0,0,0,0,21,0,0,66,0,0,timeout
18332,U8333,2025-11-28 14:44:00,2025-11-28 14:49:00,F,40~49,office,seoul,0,0,0,0,5,0,0,72,0,0,completed
18333,U8334,2025-09-21 19:19:00,2025-09-21 19:24:00,F,50+,office,seoul,1,0,0,0,25,0,0,58,0,0,completed
18334,U8335,2025-07-27 15:02:00,2025-07-27 15:05:00,F,30~39,office,seoul,1,0,0,0,10,0,0,59,0,0,completed
18335,U8336,2025-05-03 17:42:00,2025-05-03 17:47:00,F,20~29,office,seoul,1,0,0,0,22,0,0,52,0,0,completed
18336,U8337,2025-07-16 09:40:00,2025-07-16 09:43:00,M,40~49,office,seoul,0,0,0,0,1,0,0,73,0,0,completed
18337,U8338,2025-02-07 16:28:00,2025-02-07 16:33:00,F,30~39,office,seoul,0,0,0,0,5,0,0,53,0,0,completed
18338,U8339,2025-11-27 16:36:00,2025-11-27 16:38:00,F,20~29,office,seoul,0,0,0,0,9,0,0,62,0,0,abandoned
18339,U8340,2025-04-07 15:34:00,2025-04-07 15:37:00,F,30~39,office,seoul,0,0,0,0,11,0,0,39,0,0,completed
18340,U8341,2025-02-02 12:33:00,2025-02-02 12:37:00,M,30~39,office,seoul,1,0,0,0,19,0,0,51,0,0,completed
18341,U8342,2025-04-21 14:11:00,2025-04-21 14:15:00,F,50+,office,seoul,0,0,0,0,28,0,0,16,0,0,completed
18342,U8343,2025-07-09 07:59:00,2025-07-09 08:06:00,F,40~49,office,seoul,0,0,0,0,9,0,0,72,0,0,timeout
18343,U8344,2025-11-24 09:14:00,2025-11-24 09:16:00,F,20~29,office,seoul,0,0,0,0,16,0,0,26,0,0,completed
18344,U8345,2025-06-23 17:28:00,2025-06-23 17:34:00,M,30~39,office,seoul,0,0,0,0,9,0,0,28,0,0,completed
18345,U8346,2025-05-31 16:41:00,2025-05-31 16:43:00,F,30~39,office,seoul,1,0,0,0,11,0,0,15,0,0,abandoned
18346,U8347,2025-02-19 08:53:00,2025-02-19 08:57:00,M,50+,office,seoul,0,0,0,0,24,0,0,67,0,0,completed
18347,U8348,2025-08-27 13:38:00,2025-08-27 13:44:00,M,30~39,office,seoul,0,0,0,0,21,0,0,31,0,0,completed
18348,U8349,2025-05-16 15:47:00,2025-05-16 15:53:00,F,30~39,office,seoul,0,0,0,0,9,0,0,14,0,0,completed
18349,U8350,2025-03-25 12:04:00,2025-03-25 12:10:00,M,20~29,office,seoul,0,0,0,0,2,0,0,19,0,0,abandoned
18350,U8351,2025-05-02 19:09:00,2025-05-02 19:12:00,M,30~39,office,seoul,0,0,0,0,20,0,0,15,0,0,completed
18351,U8352,2025-01-04 08:07:00,2025-01-04 08:10:00,F,40~49,office,seoul,1,0,0,0,22,0,0,12,0,0,completed
18352,U8353,2025-04-08 07:04:00,2025-04-08 07:11:00,F,30~39,office,seoul,0,0,0,0,26,0,0,53,0,0,abandoned
18353,U8354,2025-10-15 16:25:00,2025-10-15 16:27:00,F,30~39,office,seoul,0,0,0,0,12,0,0,31,0,0,completed
18354,U8355,2025-04-20 11:33:00,2025-04-20 11:38:00,F,20~29,office,seoul,1,0,0,0,4,0,0,30,0,0,error
18355,U8356,2025-11-13 16:12:00,2025-11-13 16:15:00,F,50+,office,seoul,0,0,0,0,11,0,0,77,1,0,completed
18356,U8357,2025-02-13 12:43:00,2025-02-13 12:48:00,M,30~39,office,seoul,0,0,0,0,4,0,0,10,0,0,completed
18357,U8358,2025-01-25 17:54:00,2025-01-25 18:01:00,F,40~49,office,seoul,1,0,0,0,14,0,0,37,0,0,completed
18358,U8359,2025-06-07 15:43:00,2025-06-07 15:50:00,F,20~29,office,seoul,1,0,0,0,10,0,0,73,0,0,abandoned
18359,U8360,2025-04-06 17:35:00,2025-04-06 17:38:00,M,50+,office,seoul,1,0,0,0,25,0,0,41,0,0,completed
18360,U8361,2025-11-25 07:47:00,2025-11-25 07:52:00,M,50+,office,seoul,0,0,0,0,26,0,0,65,0,0,completed
18361,U8362,2025-08-05 09:34:00,2025-08-05 09:38:00,F,20~29,office,seoul,0,0,0,0,15,0,0,55,0,0,abandoned
18362,U8363,2025-06-13 14:22:00,2025-06-13 14:28:00,M,40~49,office,seoul,0,0,0,0,25,0,0,37,0,0,completed
18363,U8364,2025-08-27 18:50:00,2025-08-27 18:56:00,F,50+,office,seoul,0,0,0,0,12,0,0,31,0,0,completed
18364,U8365,2025-05-25 12:45:00,2025-05-25 12:51:00,M,30~39,office,seoul,1,0,0,0,22,0,0,69,0,0,completed
18365,U8366,2025-06-10 14:59:00,2025-06-10 15:03:00,F,40~49,office,seoul,0,0,0,0,9,0,0,51,1,0,completed
18366,U8367,2025-01-08 13:22:00,2025-01-08 13:28:00,M,40~49,office,seoul,0,0,0,0,27,0,0,43,0,0,abandoned
18367,U8368,2025-09-20 14:02:00,2025-09-20 14:09:00,F,50+,office,seoul,1,0,0,0,19,0,0,33,0,0,completed
18368,U8369,2025-09-20 20:39:00,2025-09-20 20:42:00,M,20~29,office,seoul,1,0,0,0,20,0,0,57,0,0,timeout
18369,U8370,2025-09-18 09:47:00,2025-09-18 09:53:00,F,30~39,office,seoul,0,0,0,0,2,0,0,46,0,0,completed
18370,U8371,2025-10-17 07:51:00,2025-10-17 07:58:00,M,40~49,office,seoul,0,0,0,0,11,0,0,17,0,0,completed
18371,U8372,2025-09-28 19:21:00,2025-09-28 19:24:00,F,30~39,office,seoul,1,0,0,0,8,0,0,67,0,0,abandoned
18372,U8373,2025-12-25 09:42:00,2025-12-25 09:44:00,F,30~39,office,seoul,0,0,0,0,11,0,0,75,0,0,abandoned
18373,U8374,2025-11-13 13:46:00,2025-11-13 13:52:00,M,20~29,office,seoul,0,0,0,0,7,0,0,19,0,0,completed
18374,U8375,2025-08-15 15:49:00,2025-08-15 15:53:00,F,20~29,office,seoul,0,0,0,0,19,0,0,63,0,0,completed
18375,U8376,2025-11-23 12:14:00,2025-11-23 12:17:00,M,20~29,office,seoul,1,0,0,0,19,0,0,56,0,0,completed
18376,U8377,2025-10-22 21:19:00,2025-10-22 21:25:00,M,20~29,office,seoul,0,0,0,0,2,0,0,33,0,0,completed
18377,U8378,2025-07-18 15:34:00,2025-07-18 15:36:00,F,40~49,office,seoul,0,0,0,0,5,0,0,31,0,0,completed
18378,U8379,2025-03-16 16:33:00,2025-03-16 16:35:00,M,30~39,office,seoul,1,0,0,0,5,0,0,65,0,0,completed
18379,U8380,2025-12-27 20:50:00,2025-12-27 20:55:00,M,20~29,office,seoul,1,0,0,0,20,0,0,61,0,0,completed
18380,U8381,2025-02-26 14:42:00,2025-02-26 14:49:00,F,20~29,office,seoul,0,0,0,0,26,0,0,53,0,0,completed
18381,U8382,2025-09-22 11:13:00,2025-09-22 11:19:00,M,50+,office,seoul,0,0,0,0,20,0,0,18,0,0,completed
18382,U8383,2025-02-19 08:59:00,2025-02-19 09:04:00,F,20~29,office,seoul,0,0,0,0,14,0,0,66,0,0,completed
18383,U8384,2025-12-20 18:04:00,2025-12-20 18:08:00,F,50+,office,seoul,1,0,0,0,2,0,0,12,0,1,completed
18384,U8385,2025-01-10 08:05:00,2025-01-10 08:08:00,M,30~39,office,seoul,0,0,0,0,29,0,0,19,0,0,completed
18385,U8386,2025-02-12 17:28:00,2025-02-12 17:33:00,M,50+,office,seoul,0,0,0,0,21,0,0,43,1,0,completed
18386,U8387,2025-05-20 18:01:00,2025-05-20 18:04:00,F,20~29,office,seoul,0,0,0,0,22,0,0,73,0,0,completed
18387,U8388,2025-04-06 20:43:00,2025-04-06 20:46:00,F,30~39,office,seoul,1,0,0,0,16,0,0,50,0,0,completed
18388,U8389,2025-06-13 09:16:00,2025-06-13 09:21:00,F,50+,office,seoul,0,0,0,0,11,0,0,48,1,0,completed
18389,U8390,2025-05-09 08:58:00,2025-05-09 09:01:00,F,50+,office,seoul,0,0,0,0,7,0,0,49,0,0,completed
18390,U8391,2025-07-01 20:06:00,2025-07-01 20:08:00,F,40~49,office,seoul,0,0,0,0,10,0,0,78,0,0,completed
18391,U8392,2025-06-09 14:58:00,2025-06-09 15:01:00,M,30~39,office,seoul,0,0,0,0,7,0,0,42,0,0,completed
18392,U8393,2025-08-28 18:54:00,2025-08-28 18:58:00,F,30~39,office,seoul,0,0,0,0,12,0,0,29,0,0,completed
18393,U8394,2025-02-24 15:20:00,2025-02-24 15:27:00,F,50+,office,seoul,0,0,0,0,22,0,0,68,0,0,completed
18394,U8395,2025-11-03 08:01:00,2025-11-03 08:03:00,F,30~39,office,seoul,0,0,0,0,12,0,0,53,0,0,completed
18395,U8396,2025-07-03 22:14:00,2025-07-03 22:18:00,M,20~29,office,seoul,0,0,0,0,24,0,0,69,0,0,completed
18396,U8397,2025-01-25 15:36:00,2025-01-25 15:43:00,F,20~29,office,seoul,1,0,0,0,2,0,0,31,0,0,completed
18397,U8398,2025-01-08 08:13:00,2025-01-08 08:19:00,F,30~39,office,seoul,0,0,0,0,27,0,0,43,0,0,abandoned
18398,U8399,2025-10-02 19:42:00,2025-10-02 19:45:00,M,50+,office,seoul,0,0,0,0,27,0,0,47,0,0,completed
18399,U8400,2025-12-28 17:35:00,2025-12-28 17:40:00,F,30~39,office,seoul,1,0,0,0,2,0,0,23,0,0,completed
18400,U8401,2025-09-09 11:43:00,2025-09-09 11:45:00,M,40~49,office,seoul,0,0,0,0,22,0,0,36,0,0,completed
18401,U8402,2025-11-14 22:26:00,2025-11-14 22:30:00,F,40~49,office,seoul,0,0,0,0,7,0,0,71,0,0,completed
18402,U8403,2025-01-19 08:25:00,2025-01-19 08:29:00,M,30~39,office,seoul,1,0,0,0,28,0,0,61,0,0,completed
18403,U8404,2025-07-15 09:31:00,2025-07-15 09:35:00,M,40~49,office,seoul,0,0,0,0,4,0,0,69,0,0,completed
18404,U8405,2025-09-22 16:06:00,2025-09-22 16:12:00,M,20~29,office,seoul,0,0,0,0,3,0,0,25,0,0,timeout
18405,U8406,2025-05-12 14:23:00,2025-05-12 14:27:00,F,20~29,office,seoul,0,0,0,0,9,0,0,48,0,0,completed
18406,U8407,2025-07-01 19:01:00,2025-07-01 19:03:00,F,30~39,office,seoul,0,0,0,0,10,0,0,45,0,0,error
18407,U8408,2025-03-04 08:42:00,2025-03-04 08:47:00,F,30~39,office,seoul,0,0,0,0,1,0,0,33,0,0,error
18408,U8409,2025-08-11 12:12:00,2025-08-11 12:15:00,F,40~49,office,seoul,0,0,0,0,3,0,0,41,0,0,completed
18409,U8410,2025-03-30 12:51:00,2025-03-30 12:53:00,M,40~49,office,seoul,1,0,0,0,15,0,0,49,1,0,completed
18410,U8411,2025-08-26 18:38:00,2025-08-26 18:45:00,F,20~29,office,seoul,0,0,0,0,11,0,0,59,0,0,completed
18411,U8412,2025-03-14 09:56:00,2025-03-14 10:03:00,M,50+,office,seoul,0,0,0,0,19,0,0,43,0,0,completed
18412,U8413,2025-10-07 20:59:00,2025-10-07 21:06:00,F,50+,office,seoul,0,0,0,0,13,0,0,49,0,0,completed
18413,U8414,2025-02-21 14:19:00,2025-02-21 14:24:00,M,40~49,office,seoul,0,0,0,0,1,0,0,24,0,0,abandoned
18414,U8415,2025-10-21 08:00:00,2025-10-21 08:06:00,F,30~39,office,seoul,0,0,0,0,4,0,0,53,0,0,completed
18415,U8416,2025-07-04 13:50:00,2025-07-04 13:54:00,F,50+,office,seoul,0,0,0,0,26,0,0,79,1,0,completed
18416,U8417,2025-06-07 09:55:00,2025-06-07 09:57:00,M,30~39,office,seoul,1,0,0,0,1,0,0,68,0,0,completed
18417,U8418,2025-04-09 14:23:00,2025-04-09 14:27:00,F,50+,office,seoul,0,0,0,0,2,0,0,49,1,0,completed
18418,U8419,2025-09-17 14:27:00,2025-09-17 14:29:00,M,40~49,office,seoul,0,0,0,0,10,0,0,43,0,0,abandoned
18419,U8420,2025-01-12 09:19:00,2025-01-12 09:26:00,F,30~39,office,seoul,1,0,0,0,28,0,0,68,0,0,abandoned
18420,U8421,2025-04-02 14:43:00,2025-04-02 14:47:00,M,20~29,office,seoul,0,0,0,0,6,0,0,30,0,0,completed
18421,U8422,2025-04-14 12:13:00,2025-04-14 12:15:00,F,50+,office,seoul,0,0,0,0,1,0,0,23,1,0,completed
18422,U8423,2025-02-02 18:01:00,2025-02-02 18:05:00,F,30~39,office,seoul,1,0,0,0,16,0,0,56,0,0,abandoned
18423,U8424,2025-03-07 18:20:00,2025-03-07 18:22:00,F,20~29,office,seoul,0,0,0,0,22,0,0,54,1,0,completed
18424,U8425,2025-10-13 18:49:00,2025-10-13 18:52:00,M,20~29,office,seoul,0,0,0,0,20,0,0,22,0,0,completed
18425,U8426,2025-10-13 16:24:00,2025-10-13 16:27:00,M,20~29,office,seoul,0,0,0,0,26,0,0,38,0,0,timeout
18426,U8427,2025-12-09 16:07:00,2025-12-09 16:13:00,F,30~39,office,seoul,0,0,0,0,3,0,0,19,0,0,completed
18427,U8428,2025-04-01 11:51:00,2025-04-01 11:55:00,M,30~39,office,seoul,0,0,0,0,29,0,0,27,0,0,completed
18428,U8429,2025-09-06 17:47:00,2025-09-06 17:50:00,F,20~29,office,seoul,1,0,0,0,22,0,0,10,0,0,abandoned
18429,U8430,2025-12-02 09:30:00,2025-12-02 09:37:00,M,30~39,office,seoul,0,0,0,0,22,0,0,10,0,0,timeout
18430,U8431,2025-09-13 11:12:00,2025-09-13 11:14:00,M,30~39,office,seoul,1,0,0,0,1,0,0,55,0,0,completed
18431,U8432,2025-07-12 13:49:00,2025-07-12 13:52:00,M,30~39,office,seoul,1,0,0,0,2,0,0,11,0,0,completed
18432,U8433,2025-07-05 15:28:00,2025-07-05 15:35:00,M,40~49,office,seoul,1,0,0,0,0,0,0,78,0,0,completed
18433,U8434,2025-10-16 08:06:00,2025-10-16 08:13:00,M,20~29,office,seoul,0,0,0,0,17,0,0,22,0,0,completed
18434,U8435,2025-12-22 08:34:00,2025-12-22 08:37:00,F,20~29,office,seoul,0,0,0,0,25,0,0,52,0,0,error
18435,U8436,2025-02-23 13:21:00,2025-02-23 13:24:00,F,20~29,office,seoul,1,0,0,0,10,0,0,66,0,0,abandoned
18436,U8437,2025-04-11 08:29:00,2025-04-11 08:32:00,F,40~49,office,seoul,0,0,0,0,28,0,0,44,0,0,completed
18437,U8438,2025-12-02 14:00:00,2025-12-02 14:06:00,M,50+,office,seoul,0,0,0,0,17,0,0,53,0,0,completed
18438,U8439,2025-03-19 17:50:00,2025-03-19 17:55:00,F,20~29,office,seoul,0,0,0,0,10,0,0,49,0,0,completed
18439,U8440,2025-02-19 11:49:00,2025-02-19 11:54:00,M,40~49,office,seoul,0,0,0,0,0,0,0,67,0,0,completed
18440,U8441,2025-05-12 08:43:00,2025-05-12 08:46:00,F,30~39,office,seoul,0,0,0,0,16,0,0,54,0,0,completed
18441,U8442,2025-09-07 13:43:00,2025-09-07 13:46:00,F,30~39,office,seoul,1,0,0,0,24,0,0,60,0,0,completed
18442,U8443,2025-09-02 16:54:00,2025-09-02 16:59:00,M,30~39,office,seoul,0,0,0,0,11,0,0,46,0,0,completed
18443,U8444,2025-03-24 18:09:00,2025-03-24 18:11:00,M,40~49,office,seoul,0,0,0,0,2,0,0,10,0,0,completed
18444,U8445,2025-12-27 15:12:00,2025-12-27 15:18:00,M,30~39,office,seoul,1,0,0,0,1,0,0,24,0,0,completed
18445,U8446,2025-02-16 15:31:00,2025-02-16 15:33:00,M,20~29,office,seoul,1,0,0,0,7,0,0,46,0,0,completed
18446,U8447,2025-11-12 15:35:00,2025-11-12 15:42:00,M,30~39,office,seoul,0,0,0,0,26,0,0,30,0,0,timeout
18447,U8448,2025-06-20 09:06:00,2025-06-20 09:12:00,M,40~49,office,seoul,0,0,0,0,24,0,0,73,0,0,completed
18448,U8449,2025-03-05 11:28:00,2025-03-05 11:34:00,M,20~29,office,seoul,0,0,0,0,19,0,0,40,0,0,completed
18449,U8450,2025-06-26 22:30:00,2025-06-26 22:36:00,M,50+,office,seoul,0,0,0,0,16,0,0,12,0,0,completed
18450,U8451,2025-06-21 09:18:00,2025-06-21 09:20:00,M,40~49,office,seoul,1,0,0,0,15,0,0,39,0,0,completed
18451,U8452,2025-02-22 12:47:00,2025-02-22 12:54:00,F,20~29,office,seoul,1,0,0,0,29,0,0,72,0,0,completed
18452,U8453,2025-03-18 08:36:00,2025-03-18 08:40:00,M,20~29,office,seoul,0,0,0,0,25,0,0,19,0,0,completed
18453,U8454,2025-12-07 20:57:00,2025-12-07 20:59:00,F,20~29,office,seoul,1,0,0,0,17,0,0,37,0,0,completed
18454,U8455,2025-03-27 09:29:00,2025-03-27 09:32:00,F,50+,office,seoul,0,0,0,0,20,0,0,54,0,0,completed
18455,U8456,2025-02-27 11:54:00,2025-02-27 12:00:00,M,20~29,office,seoul,0,0,0,0,2,0,0,64,0,0,completed
18456,U8457,2025-06-28 11:45:00,2025-06-28 11:52:00,M,40~49,office,seoul,1,0,0,0,8,0,0,76,0,0,completed
18457,U8458,2025-07-15 11:03:00,2025-07-15 11:07:00,F,20~29,office,seoul,0,0,0,0,21,0,0,63,0,0,completed
18458,U8459,2025-08-13 18:04:00,2025-08-13 18:09:00,M,20~29,office,seoul,0,0,0,0,21,0,0,47,1,0,completed
18459,U8460,2025-08-04 14:37:00,2025-08-04 14:44:00,F,30~39,office,seoul,0,0,0,0,27,0,0,29,0,0,completed
18460,U8461,2025-08-23 22:12:00,2025-08-23 22:15:00,M,30~39,office,seoul,1,0,0,0,26,0,0,71,0,0,completed
18461,U8462,2025-06-19 16:00:00,2025-06-19 16:07:00,F,40~49,office,seoul,0,0,0,0,12,0,0,33,0,0,completed
18462,U8463,2025-05-30 17:57:00,2025-05-30 18:00:00,M,40~49,office,seoul,0,0,0,0,0,0,0,21,0,0,completed
18463,U8464,2025-05-01 13:37:00,2025-05-01 13:39:00,F,30~39,office,seoul,0,0,0,0,4,0,0,64,0,0,completed
18464,U8465,2025-09-16 15:14:00,2025-09-16 15:20:00,F,30~39,office,seoul,0,0,0,0,18,0,0,62,0,0,completed
18465,U8466,2025-11-24 15:52:00,2025-11-24 15:54:00,M,20~29,office,seoul,0,0,0,0,29,0,0,56,0,0,completed
18466,U8467,2025-12-03 09:01:00,2025-12-03 09:07:00,F,20~29,office,seoul,0,0,0,0,26,0,0,37,0,0,completed
18467,U8468,2025-02-28 12:30:00,2025-02-28 12:37:00,M,40~49,office,seoul,0,0,0,0,2,0,0,37,0,0,completed
18468,U8469,2025-05-04 14:20:00,2025-05-04 14:26:00,F,20~29,office,seoul,1,0,0,0,4,0,0,29,0,0,abandoned
18469,U8470,2025-05-02 12:27:00,2025-05-02 12:29:00,F,50+,office,seoul,0,0,0,0,2,0,0,78,0,0,completed
18470,U8471,2025-03-26 12:36:00,2025-03-26 12:43:00,M,20~29,office,seoul,0,0,0,0,3,0,0,49,0,0,completed
18471,U8472,2025-02-23 12:56:00,2025-02-23 12:58:00,M,30~39,office,seoul,1,0,0,0,6,0,0,66,0,0,completed
18472,U8473,2025-09-11 15:28:00,2025-09-11 15:34:00,F,20~29,office,seoul,0,0,0,0,15,0,0,79,0,0,completed
18473,U8474,2025-04-05 12:19:00,2025-04-05 12:26:00,F,30~39,office,seoul,1,0,0,0,3,0,0,74,0,0,completed
18474,U8475,2025-02-17 07:13:00,2025-02-17 07:18:00,F,30~39,office,seoul,0,0,0,0,21,0,0,76,0,0,completed
18475,U8476,2025-06-06 14:56:00,2025-06-06 14:58:00,M,40~49,office,seoul,0,0,0,0,8,0,0,13,0,0,completed
18476,U8477,2025-04-02 12:36:00,2025-04-02 12:39:00,F,40~49,office,seoul,0,0,0,0,22,0,0,63,0,0,completed
18477,U8478,2025-07-30 18:33:00,2025-07-30 18:37:00,F,40~49,office,seoul,0,0,0,0,14,0,0,54,0,1,completed
18478,U8479,2025-04-12 15:58:00,2025-04-12 16:00:00,M,40~49,office,seoul,1,0,0,0,28,0,0,10,0,0,completed
18479,U8480,2025-08-11 15:12:00,2025-08-11 15:17:00,M,20~29,office,seoul,0,0,0,0,20,0,0,30,0,0,completed
18480,U8481,2025-04-09 08:31:00,2025-04-09 08:38:00,M,30~39,office,seoul,0,0,0,0,21,0,0,17,0,0,completed
18481,U8482,2025-05-01 15:43:00,2025-05-01 15:49:00,F,20~29,office,seoul,0,0,0,0,19,0,0,71,0,1,completed
18482,U8483,2025-08-31 12:26:00,2025-08-31 12:30:00,M,20~29,office,seoul,1,0,0,0,18,0,0,15,0,0,completed
18483,U8484,2025-02-16 09:20:00,2025-02-16 09:26:00,M,20~29,office,seoul,1,0,0,0,3,0,0,49,0,0,completed
18484,U8485,2025-06-26 20:24:00,2025-06-26 20:27:00,F,50+,office,seoul,0,0,0,0,15,0,0,25,1,0,completed
18485,U8486,2025-05-19 14:54:00,2025-05-19 14:56:00,F,30~39,office,seoul,0,0,0,0,8,0,0,46,0,0,completed
18486,U8487,2025-01-15 17:51:00,2025-01-15 17:54:00,F,20~29,office,seoul,0,0,0,0,14,0,0,66,0,0,completed
18487,U8488,2025-08-19 12:57:00,2025-08-19 13:04:00,M,20~29,office,seoul,0,0,0,0,22,0,0,21,1,0,completed
18488,U8489,2025-07-31 07:25:00,2025-07-31 07:28:00,F,20~29,office,seoul,0,0,0,0,16,0,0,44,0,0,completed
18489,U8490,2025-02-17 20:09:00,2025-02-17 20:15:00,F,20~29,office,seoul,0,0,0,0,26,0,0,76,0,0,completed
18490,U8491,2025-10-14 14:56:00,2025-10-14 14:58:00,F,40~49,office,seoul,0,0,0,0,14,0,0,21,1,0,completed
18491,U8492,2025-04-18 16:05:00,2025-04-18 16:10:00,F,20~29,office,seoul,0,0,0,0,2,0,0,67,0,0,completed
18492,U8493,2025-05-19 12:47:00,2025-05-19 12:51:00,F,30~39,office,seoul,0,0,0,0,27,0,0,17,0,0,completed
18493,U8494,2025-06-10 17:52:00,2025-06-10 17:55:00,M,20~29,office,seoul,0,0,0,0,1,0,0,24,0,0,completed
18494,U8495,2025-03-04 08:54:00,2025-03-04 08:57:00,M,20~29,office,seoul,0,0,0,0,8,0,0,38,0,0,completed
18495,U8496,2025-07-24 21:07:00,2025-07-24 21:13:00,F,40~49,office,seoul,0,0,0,0,16,0,0,72,1,0,completed
18496,U8497,2025-01-08 12:57:00,2025-01-08 13:03:00,F,50+,office,seoul,0,0,0,0,25,0,0,59,0,1,completed
18497,U8498,2025-01-01 14:33:00,2025-01-01 14:40:00,M,20~29,office,seoul,0,0,0,0,25,0,0,71,0,0,completed
18498,U8499,2025-03-29 16:15:00,2025-03-29 16:18:00,M,30~39,office,seoul,1,0,0,0,0,0,0,48,0,0,completed
18499,U8500,2025-08-27 16:57:00,2025-08-27 17:00:00,M,40~49,office,seoul,0,0,0,0,1,0,0,76,0,0,timeout
18500,U8501,2025-02-03 17:02:00,2025-02-03 17:08:00,M,30~39,office,seoul,0,0,0,0,23,0,0,69,0,0,completed
18501,U8502,2025-07-01 15:17:00,2025-07-01 15:24:00,M,20~29,office,seoul,0,0,0,0,21,0,0,45,0,0,completed
18502,U8503,2025-04-02 16:53:00,2025-04-02 16:56:00,M,20~29,office,seoul,0,0,0,0,26,0,0,51,0,0,completed
18503,U8504,2025-06-23 08:28:00,2025-06-23 08:31:00,F,20~29,office,seoul,0,0,0,0,9,0,0,59,0,0,completed
18504,U8505,2025-10-21 15:55:00,2025-10-21 15:59:00,F,50+,office,seoul,0,0,0,0,22,0,0,25,0,0,abandoned
18505,U8506,2025-03-23 13:21:00,2025-03-23 13:28:00,F,30~39,office,seoul,1,0,0,0,21,0,0,20,0,0,completed
18506,U8507,2025-01-30 18:38:00,2025-01-30 18:43:00,F,50+,office,seoul,0,0,0,0,25,0,0,66,0,0,completed
18507,U8508,2025-08-28 21:00:00,2025-08-28 21:02:00,M,30~39,office,seoul,0,0,0,0,0,0,0,78,0,0,completed
18508,U8509,2025-11-19 19:27:00,2025-11-19 19:33:00,M,30~39,office,seoul,0,0,0,0,2,0,0,47,0,0,completed
18509,U8510,2025-04-22 20:37:00,2025-04-22 20:41:00,F,20~29,office,seoul,0,0,0,0,7,0,0,50,0,0,abandoned
18510,U8511,2025-12-13 08:27:00,2025-12-13 08:34:00,F,50+,office,seoul,1,0,0,0,11,0,0,19,0,0,timeout
18511,U8512,2025-12-30 17:50:00,2025-12-30 17:55:00,F,50+,office,seoul,0,0,0,0,18,0,0,16,1,0,completed
18512,U8513,2025-03-03 13:45:00,2025-03-03 13:50:00,M,30~39,office,seoul,0,0,0,0,22,0,0,68,0,0,completed
18513,U8514,2025-08-04 18:39:00,2025-08-04 18:46:00,F,40~49,office,seoul,0,0,0,0,6,0,0,52,0,0,completed
18514,U8515,2025-12-18 09:47:00,2025-12-18 09:54:00,M,30~39,office,seoul,0,0,0,0,13,0,0,11,0,0,completed
18515,U8516,2025-05-09 16:47:00,2025-05-09 16:53:00,M,30~39,office,seoul,0,0,0,0,9,0,0,59,0,0,completed
18516,U8517,2025-11-25 08:06:00,2025-11-25 08:12:00,M,40~49,office,seoul,0,0,0,0,3,0,0,25,0,0,completed
18517,U8518,2025-03-02 17:39:00,2025-03-02 17:42:00,F,20~29,office,seoul,1,0,0,0,7,0,0,75,0,0,completed
18518,U8519,2025-05-01 16:05:00,2025-05-01 16:12:00,M,40~49,office,seoul,0,0,0,0,14,0,0,40,0,0,abandoned
18519,U8520,2025-09-08 14:21:00,2025-09-08 14:27:00,F,20~29,office,seoul,0,0,0,0,5,0,0,74,0,0,completed
18520,U8521,2025-04-18 17:02:00,2025-04-18 17:09:00,F,20~29,office,seoul,0,0,0,0,5,0,0,29,0,0,abandoned
18521,U8522,2025-09-11 17:07:00,2025-09-11 17:09:00,F,40~49,office,seoul,0,0,0,0,18,0,0,27,0,0,completed
18522,U8523,2025-07-01 09:20:00,2025-07-01 09:22:00,M,40~49,office,seoul,0,0,0,0,7,0,0,55,0,0,completed
18523,U8524,2025-02-22 07:30:00,2025-02-22 07:32:00,F,20~29,office,seoul,1,0,0,0,2,0,0,45,0,0,abandoned
18524,U8525,2025-05-29 16:42:00,2025-05-29 16:47:00,M,20~29,office,seoul,0,0,0,0,28,0,0,59,0,0,completed
18525,U8526,2025-10-21 18:38:00,2025-10-21 18:40:00,F,20~29,office,seoul,0,0,0,0,27,0,0,74,0,0,error
18526,U8527,2025-01-09 18:12:00,2025-01-09 18:17:00,F,30~39,office,seoul,0,0,0,0,22,0,0,21,0,0,completed
18527,U8528,2025-10-03 15:45:00,2025-10-03 15:51:00,F,30~39,office,seoul,0,0,0,0,29,0,0,70,0,0,completed
18528,U8529,2025-02-27 16:25:00,2025-02-27 16:28:00,F,30~39,office,seoul,0,0,0,0,23,0,0,51,0,0,completed
18529,U8530,2025-06-17 14:31:00,2025-06-17 14:37:00,F,30~39,office,seoul,0,0,0,0,16,0,0,31,0,0,completed
18530,U8531,2025-09-15 09:18:00,2025-09-15 09:24:00,M,30~39,office,seoul,0,0,0,0,18,0,0,36,0,0,completed
18531,U8532,2025-01-19 14:23:00,2025-01-19 14:30:00,F,40~49,office,seoul,1,0,0,0,19,0,0,59,0,0,completed
18532,U8533,2025-10-08 12:09:00,2025-10-08 12:16:00,M,30~39,office,seoul,0,0,0,0,14,0,0,26,0,0,completed
18533,U8534,2025-05-13 14:16:00,2025-05-13 14:18:00,F,20~29,office,seoul,0,0,0,0,10,0,0,60,0,0,completed
18534,U8535,2025-07-22 15:44:00,2025-07-22 15:50:00,M,30~39,office,seoul,0,0,0,0,3,0,0,58,0,0,completed
18535,U8536,2025-11-28 21:11:00,2025-11-28 21:16:00,M,40~49,office,seoul,0,0,0,0,18,0,0,48,0,0,completed
18536,U8537,2025-10-26 12:23:00,2025-10-26 12:25:00,M,30~39,office,seoul,1,0,0,0,4,0,0,77,0,0,completed
18537,U8538,2025-03-24 12:37:00,2025-03-24 12:43:00,M,20~29,office,seoul,0,0,0,0,29,0,0,61,0,0,completed
18538,U8539,2025-10-29 09:01:00,2025-10-29 09:03:00,F,40~49,office,seoul,0,0,0,0,28,0,0,52,0,0,completed
18539,U8540,2025-01-31 07:26:00,2025-01-31 07:29:00,F,30~39,office,seoul,0,0,0,0,25,0,0,35,0,0,completed
18540,U8541,2025-07-18 19:56:00,2025-07-18 20:02:00,F,40~49,office,seoul,0,0,0,0,16,0,0,74,0,1,completed
18541,U8542,2025-05-29 07:38:00,2025-05-29 07:41:00,M,20~29,office,seoul,0,0,0,0,21,0,0,53,0,0,completed
18542,U8543,2025-05-31 13:20:00,2025-05-31 13:24:00,F,30~39,office,seoul,1,0,0,0,13,0,0,70,0,0,completed
18543,U8544,2025-06-19 11:41:00,2025-06-19 11:44:00,M,50+,office,seoul,0,0,0,0,20,0,0,14,1,0,completed
18544,U8545,2025-10-12 15:30:00,2025-10-12 15:37:00,F,20~29,office,seoul,1,0,0,0,2,0,0,62,0,0,completed
18545,U8546,2025-09-09 09:26:00,2025-09-09 09:33:00,F,30~39,office,seoul,0,0,0,0,18,0,0,75,0,0,completed
18546,U8547,2025-04-10 12:17:00,2025-04-10 12:21:00,M,20~29,office,seoul,0,0,0,0,1,0,0,75,0,0,completed
18547,U8548,2025-02-07 12:19:00,2025-02-07 12:21:00,F,30~39,office,seoul,0,0,0,0,11,0,0,65,0,0,completed
18548,U8549,2025-06-04 16:49:00,2025-06-04 16:54:00,F,30~39,office,seoul,0,0,0,0,29,0,0,30,0,0,completed
18549,U8550,2025-10-11 09:52:00,2025-10-11 09:54:00,M,20~29,office,seoul,1,0,0,0,0,0,0,77,0,0,completed
18550,U8551,2025-03-03 13:28:00,2025-03-03 13:33:00,F,20~29,office,seoul,0,0,0,0,25,0,0,39,0,0,completed
18551,U8552,2025-11-15 08:41:00,2025-11-15 08:45:00,M,50+,office,seoul,1,0,0,0,16,0,0,31,0,0,completed
18552,U8553,2025-03-10 18:27:00,2025-03-10 18:29:00,M,40~49,office,seoul,0,0,0,0,8,0,0,13,0,0,completed
18553,U8554,2025-10-31 18:37:00,2025-10-31 18:43:00,M,40~49,office,seoul,0,0,0,0,14,0,0,42,0,0,completed
18554,U8555,2025-03-02 09:21:00,2025-03-02 09:27:00,F,20~29,office,seoul,1,0,0,0,14,0,0,23,0,0,completed
18555,U8556,2025-01-11 11:59:00,2025-01-11 12:03:00,F,20~29,office,seoul,1,0,0,0,3,0,0,43,0,0,timeout
18556,U8557,2025-06-09 12:31:00,2025-06-09 12:35:00,M,50+,office,seoul,0,0,0,0,4,0,0,25,0,1,timeout
18557,U8558,2025-04-12 18:21:00,2025-04-12 18:27:00,F,40~49,office,seoul,1,0,0,0,25,0,0,50,1,0,completed
18558,U8559,2025-01-29 12:38:00,2025-01-29 12:40:00,M,20~29,office,seoul,0,0,0,0,15,0,0,43,0,0,completed
18559,U8560,2025-12-08 17:04:00,2025-12-08 17:08:00,F,50+,office,seoul,0,0,0,0,23,0,0,52,0,0,completed
18560,U8561,2025-09-21 17:20:00,2025-09-21 17:26:00,F,40~49,office,seoul,1,0,0,0,26,0,0,20,0,0,completed
18561,U8562,2025-10-09 12:21:00,2025-10-09 12:24:00,F,20~29,office,seoul,0,0,0,0,10,0,0,35,0,0,completed
18562,U8563,2025-05-08 12:02:00,2025-05-08 12:04:00,M,20~29,office,seoul,0,0,0,0,28,0,0,71,0,0,completed
18563,U8564,2025-07-25 17:14:00,2025-07-25 17:17:00,F,20~29,office,seoul,0,0,0,0,27,0,0,30,0,0,completed
18564,U8565,2025-08-19 14:45:00,2025-08-19 14:50:00,F,20~29,office,seoul,0,0,0,0,13,0,0,43,0,0,completed
18565,U8566,2025-05-26 13:38:00,2025-05-26 13:42:00,F,50+,office,seoul,0,0,0,0,23,0,0,35,0,0,completed
18566,U8567,2025-04-26 18:52:00,2025-04-26 18:55:00,F,50+,office,seoul,1,0,0,0,24,0,0,27,0,0,completed
18567,U8568,2025-01-13 16:17:00,2025-01-13 16:24:00,M,40~49,office,seoul,0,0,0,0,20,0,0,71,0,0,completed
18568,U8569,2025-12-29 15:56:00,2025-12-29 15:59:00,F,20~29,office,seoul,0,0,0,0,29,0,0,25,0,0,completed
18569,U8570,2025-03-25 15:01:00,2025-03-25 15:06:00,F,20~29,office,seoul,0,0,0,0,16,0,0,44,0,0,completed
18570,U8571,2025-10-01 09:46:00,2025-10-01 09:53:00,F,50+,office,seoul,0,0,0,0,20,0,0,24,0,0,completed
18571,U8572,2025-03-17 11:22:00,2025-03-17 11:29:00,M,30~39,office,seoul,0,0,0,0,2,0,0,10,0,0,completed
18572,U8573,2025-01-02 09:47:00,2025-01-02 09:52:00,F,30~39,office,seoul,0,0,0,0,24,0,0,17,0,0,completed
18573,U8574,2025-12-09 18:19:00,2025-12-09 18:24:00,F,40~49,office,seoul,0,0,0,0,26,0,0,39,0,0,completed
18574,U8575,2025-09-02 21:14:00,2025-09-02 21:21:00,F,20~29,office,seoul,0,0,0,0,19,0,0,79,0,0,completed
18575,U8576,2025-11-13 18:23:00,2025-11-13 18:30:00,M,30~39,office,seoul,0,0,0,0,8,0,0,33,0,0,completed
18576,U8577,2025-04-29 22:17:00,2025-04-29 22:22:00,M,30~39,office,seoul,0,0,0,0,10,0,0,79,0,0,completed
18577,U8578,2025-11-30 14:20:00,2025-11-30 14:22:00,F,40~49,office,seoul,1,0,0,0,10,0,0,66,0,0,completed
18578,U8579,2025-07-14 12:31:00,2025-07-14 12:33:00,F,40~49,office,seoul,0,0,0,0,8,0,0,24,0,0,completed
18579,U8580,2025-08-12 08:09:00,2025-08-12 08:14:00,M,30~39,office,seoul,0,0,0,0,28,0,0,71,0,0,completed
18580,U8581,2025-06-06 14:44:00,2025-06-06 14:48:00,M,30~39,office,seoul,0,0,0,0,18,0,0,29,0,0,completed
18581,U8582,2025-08-06 07:16:00,2025-08-06 07:21:00,F,20~29,office,seoul,0,0,0,0,10,0,0,12,0,0,completed
18582,U8583,2025-01-10 14:47:00,2025-01-10 14:54:00,M,50+,office,seoul,0,0,0,0,8,0,0,56,0,0,completed
18583,U8584,2025-04-01 16:10:00,2025-04-01 16:14:00,M,30~39,office,seoul,0,0,0,0,24,0,0,19,0,0,abandoned
18584,U8585,2025-04-05 13:44:00,2025-04-05 13:51:00,M,20~29,office,seoul,1,0,0,0,13,0,0,79,0,0,completed
18585,U8586,2025-08-24 16:16:00,2025-08-24 16:23:00,M,50+,office,seoul,1,0,0,0,26,0,0,61,1,0,completed
18586,U8587,2025-04-07 08:27:00,2025-04-07 08:31:00,F,50+,office,seoul,0,0,0,0,29,0,0,70,0,1,abandoned
18587,U8588,2025-05-22 13:49:00,2025-05-22 13:56:00,M,30~39,office,seoul,0,0,0,0,22,0,0,39,0,0,completed
18588,U8589,2025-05-29 18:17:00,2025-05-29 18:24:00,F,20~29,office,seoul,0,0,0,0,16,0,0,16,0,0,completed
18589,U8590,2025-03-24 12:02:00,2025-03-24 12:06:00,F,30~39,office,seoul,0,0,0,0,2,0,0,26,0,0,completed
18590,U8591,2025-04-03 14:29:00,2025-04-03 14:34:00,F,20~29,office,seoul,0,0,0,0,5,0,0,77,0,0,completed
18591,U8592,2025-09-25 09:17:00,2025-09-25 09:23:00,F,30~39,office,seoul,0,0,0,0,0,0,0,31,0,0,completed
18592,U8593,2025-06-27 15:55:00,2025-06-27 16:00:00,F,20~29,office,seoul,0,0,0,0,22,0,0,53,0,0,abandoned
18593,U8594,2025-12-26 08:46:00,2025-12-26 08:48:00,F,40~49,office,seoul,0,0,0,0,14,0,0,26,0,0,completed
18594,U8595,2025-04-05 08:14:00,2025-04-05 08:17:00,M,30~39,office,seoul,1,0,0,0,9,0,0,59,0,0,completed
18595,U8596,2025-06-12 14:00:00,2025-06-12 14:05:00,M,30~39,office,seoul,0,0,0,0,5,0,0,29,0,0,timeout
18596,U8597,2025-12-19 08:26:00,2025-12-19 08:29:00,F,40~49,office,seoul,0,0,0,0,5,0,0,49,0,0,completed
18597,U8598,2025-02-27 14:57:00,2025-02-27 15:01:00,F,30~39,office,seoul,0,0,0,0,9,0,0,73,0,0,completed
18598,U8599,2025-12-03 07:35:00,2025-12-03 07:41:00,M,30~39,office,seoul,0,0,0,0,24,0,0,35,0,0,completed
18599,U8600,2025-11-30 13:19:00,2025-11-30 13:24:00,F,50+,office,seoul,1,0,0,0,8,0,0,38,0,1,abandoned
18600,U8601,2025-10-10 17:41:00,2025-10-10 17:44:00,F,50+,office,seoul,0,0,0,0,4,0,0,41,0,0,error
18601,U8602,2025-04-27 18:19:00,2025-04-27 18:23:00,M,40~49,office,seoul,1,0,0,0,22,0,0,24,0,0,completed
18602,U8603,2025-04-12 08:08:00,2025-04-12 08:11:00,M,30~39,office,seoul,1,0,0,0,28,0,0,44,0,0,completed
18603,U8604,2025-10-14 15:38:00,2025-10-14 15:41:00,F,40~49,office,seoul,0,0,0,0,24,0,0,63,0,0,completed
18604,U8605,2025-04-05 13:36:00,2025-04-05 13:38:00,F,40~49,office,seoul,1,0,0,0,27,0,0,43,0,0,completed
18605,U8606,2025-03-13 12:37:00,2025-03-13 12:40:00,M,30~39,office,seoul,0,0,0,0,16,0,0,14,0,0,completed
18606,U8607,2025-11-25 12:15:00,2025-11-25 12:21:00,M,20~29,office,seoul,0,0,0,0,21,0,0,12,0,0,completed
18607,U8608,2025-10-06 07:39:00,2025-10-06 07:41:00,F,50+,office,seoul,0,0,0,0,10,0,0,66,0,0,completed
18608,U8609,2025-05-27 13:17:00,2025-05-27 13:19:00,M,50+,office,seoul,0,0,0,0,17,0,0,71,0,0,error
18609,U8610,2025-12-20 11:43:00,2025-12-20 11:49:00,M,30~39,office,seoul,1,0,0,0,13,0,0,63,0,0,completed
18610,U8611,2025-02-28 17:54:00,2025-02-28 17:58:00,F,50+,office,seoul,0,0,0,0,7,0,0,13,0,0,completed
18611,U8612,2025-04-19 16:32:00,2025-04-19 16:36:00,F,50+,office,seoul,1,0,0,0,18,0,0,78,0,0,timeout
18612,U8613,2025-01-23 18:55:00,2025-01-23 19:00:00,F,20~29,office,seoul,0,0,0,0,3,0,0,49,0,0,abandoned
18613,U8614,2025-11-12 16:32:00,2025-11-12 16:35:00,M,30~39,office,seoul,0,0,0,0,17,0,0,42,0,0,completed
18614,U8615,2025-06-19 11:36:00,2025-06-19 11:40:00,F,20~29,office,seoul,0,0,0,0,8,0,0,27,0,0,error
18615,U8616,2025-12-10 15:57:00,2025-12-10 16:01:00,F,50+,office,seoul,0,0,0,0,13,0,0,62,0,0,abandoned
18616,U8617,2025-02-11 08:37:00,2025-02-11 08:40:00,F,50+,office,seoul,0,0,0,0,29,0,0,62,0,0,completed
18617,U8618,2025-04-01 15:24:00,2025-04-01 15:28:00,M,20~29,office,seoul,0,0,0,0,25,0,0,16,0,0,completed
18618,U8619,2025-08-08 20:45:00,2025-08-08 20:47:00,F,30~39,office,seoul,0,0,0,0,24,0,0,54,0,0,completed
18619,U8620,2025-04-05 12:48:00,2025-04-05 12:52:00,F,50+,office,seoul,1,0,0,0,0,0,0,65,0,0,completed
18620,U8621,2025-03-05 20:00:00,2025-03-05 20:04:00,M,40~49,office,seoul,0,0,0,0,28,0,0,31,0,0,completed
18621,U8622,2025-03-19 20:08:00,2025-03-19 20:12:00,M,40~49,office,seoul,0,0,0,0,17,0,0,61,0,0,completed
18622,U8623,2025-11-04 19:35:00,2025-11-04 19:41:00,M,50+,office,seoul,0,0,0,0,14,0,0,36,0,0,completed
18623,U8624,2025-09-30 12:36:00,2025-09-30 12:38:00,F,40~49,office,seoul,0,0,0,0,28,0,0,76,0,0,completed
18624,U8625,2025-05-04 15:36:00,2025-05-04 15:41:00,M,40~49,office,seoul,1,0,0,0,4,0,0,66,0,0,completed
18625,U8626,2025-10-18 09:46:00,2025-10-18 09:51:00,F,40~49,office,seoul,1,0,0,0,18,0,0,18,0,0,completed
18626,U8627,2025-08-01 12:24:00,2025-08-01 12:26:00,F,20~29,office,seoul,0,0,0,0,2,0,0,33,0,0,timeout
18627,U8628,2025-10-25 07:28:00,2025-10-25 07:35:00,F,20~29,office,seoul,1,0,0,0,24,0,0,66,0,0,completed
18628,U8629,2025-08-30 09:54:00,2025-08-30 09:56:00,F,20~29,office,seoul,1,0,0,0,15,0,0,55,0,0,completed
18629,U8630,2025-04-13 16:21:00,2025-04-13 16:24:00,M,20~29,office,seoul,1,0,0,0,23,0,0,72,0,0,completed
18630,U8631,2025-08-05 17:18:00,2025-08-05 17:20:00,F,50+,office,seoul,0,0,0,0,25,0,0,36,0,0,completed
18631,U8632,2025-01-16 11:25:00,2025-01-16 11:28:00,F,30~39,office,seoul,0,0,0,0,28,0,0,78,0,0,abandoned
18632,U8633,2025-09-11 15:56:00,2025-09-11 15:59:00,F,30~39,office,seoul,0,0,0,0,22,0,0,67,0,0,completed
18633,U8634,2025-02-26 09:58:00,2025-02-26 10:05:00,F,20~29,office,seoul,0,0,0,0,17,0,0,38,0,0,completed
18634,U8635,2025-10-13 13:58:00,2025-10-13 14:03:00,F,20~29,office,seoul,0,0,0,0,29,0,0,34,0,0,completed
18635,U8636,2025-11-23 15:37:00,2025-11-23 15:41:00,F,50+,office,seoul,1,0,0,0,18,0,0,24,0,0,completed
18636,U8637,2025-12-21 08:25:00,2025-12-21 08:28:00,F,30~39,office,seoul,1,0,0,0,5,0,0,71,0,0,completed
18637,U8638,2025-10-09 15:35:00,2025-10-09 15:42:00,M,30~39,office,seoul,0,0,0,0,27,0,0,62,0,0,completed
18638,U8639,2025-07-18 09:00:00,2025-07-18 09:07:00,M,30~39,office,seoul,0,0,0,0,4,0,0,57,0,0,abandoned
18639,U8640,2025-11-06 14:35:00,2025-11-06 14:42:00,F,20~29,office,seoul,0,0,0,0,25,0,0,31,0,0,completed
18640,U8641,2025-02-28 17:58:00,2025-02-28 18:04:00,F,40~49,office,seoul,0,0,0,0,16,0,0,36,0,0,completed
18641,U8642,2025-08-10 08:27:00,2025-08-10 08:34:00,F,40~49,office,seoul,1,0,0,0,20,0,0,55,0,0,completed
18642,U8643,2025-02-14 19:29:00,2025-02-14 19:35:00,M,40~49,office,seoul,0,0,0,0,9,0,0,57,0,0,completed
18643,U8644,2025-04-09 21:11:00,2025-04-09 21:18:00,M,20~29,office,seoul,0,0,0,0,5,0,0,38,0,0,completed
18644,U8645,2025-07-20 12:52:00,2025-07-20 12:54:00,M,20~29,office,seoul,1,0,0,0,18,0,0,23,0,0,completed
18645,U8646,2025-05-03 09:02:00,2025-05-03 09:09:00,F,20~29,office,seoul,1,0,0,0,24,0,0,63,0,0,completed
18646,U8647,2025-08-24 07:52:00,2025-08-24 07:55:00,F,50+,office,seoul,1,0,0,0,7,0,0,51,0,0,abandoned
18647,U8648,2025-06-04 17:02:00,2025-06-04 17:05:00,M,50+,office,seoul,0,0,0,0,26,0,0,31,0,0,completed
18648,U8649,2025-09-08 09:01:00,2025-09-08 09:08:00,F,40~49,office,seoul,0,0,0,0,5,0,0,47,0,0,completed
18649,U8650,2025-04-13 12:14:00,2025-04-13 12:17:00,F,50+,office,seoul,1,0,0,0,3,0,0,48,0,0,completed
18650,U8651,2025-04-03 13:53:00,2025-04-03 13:58:00,M,40~49,office,seoul,0,0,0,0,29,0,0,58,0,0,completed
18651,U8652,2025-02-13 11:49:00,2025-02-13 11:52:00,M,30~39,office,seoul,0,0,0,0,7,0,0,71,0,0,completed
18652,U8653,2025-12-07 07:01:00,2025-12-07 07:03:00,F,30~39,office,seoul,1,0,0,0,7,0,0,13,0,0,completed
18653,U8654,2025-08-12 14:21:00,2025-08-12 14:24:00,F,20~29,office,seoul,0,0,0,0,6,0,0,62,0,0,completed
18654,U8655,2025-02-26 19:55:00,2025-02-26 19:57:00,M,50+,office,seoul,0,0,0,0,17,0,0,32,0,0,completed
18655,U8656,2025-11-01 15:39:00,2025-11-01 15:46:00,F,20~29,office,seoul,1,0,0,0,25,0,0,72,0,0,completed
18656,U8657,2025-09-15 17:13:00,2025-09-15 17:20:00,F,40~49,office,seoul,0,0,0,0,16,0,0,16,0,0,completed
18657,U8658,2025-10-29 16:46:00,2025-10-29 16:50:00,F,40~49,office,seoul,0,0,0,0,28,0,0,31,0,0,completed
18658,U8659,2025-11-26 12:58:00,2025-11-26 13:05:00,F,40~49,office,seoul,0,0,0,0,28,0,0,61,1,0,completed
18659,U8660,2025-10-02 18:29:00,2025-10-02 18:33:00,F,30~39,office,seoul,0,0,0,0,17,0,0,23,0,0,completed
18660,U8661,2025-05-11 09:34:00,2025-05-11 09:37:00,F,30~39,office,seoul,1,0,0,0,19,0,0,39,0,0,completed
18661,U8662,2025-07-10 15:59:00,2025-07-10 16:01:00,M,30~39,office,seoul,0,0,0,0,9,0,0,39,0,0,timeout
18662,U8663,2025-10-18 14:10:00,2025-10-18 14:13:00,M,30~39,office,seoul,1,0,0,0,11,0,0,46,1,0,completed
18663,U8664,2025-11-10 17:31:00,2025-11-10 17:34:00,M,40~49,office,seoul,0,0,0,0,27,0,0,74,0,0,completed
18664,U8665,2025-06-06 11:45:00,2025-06-06 11:50:00,M,50+,office,seoul,0,0,0,0,27,0,0,30,0,0,completed
18665,U8666,2025-09-07 14:41:00,2025-09-07 14:47:00,F,20~29,office,seoul,1,0,0,0,10,0,0,43,0,0,completed
18666,U8667,2025-02-05 09:14:00,2025-02-05 09:16:00,F,30~39,office,seoul,0,0,0,0,21,0,0,44,0,0,abandoned
18667,U8668,2025-06-14 12:01:00,2025-06-14 12:03:00,F,20~29,office,seoul,1,0,0,0,6,0,0,79,0,0,completed
18668,U8669,2025-06-30 19:26:00,2025-06-30 19:31:00,F,30~39,office,seoul,0,0,0,0,23,0,0,72,0,0,completed
18669,U8670,2025-05-14 09:39:00,2025-05-14 09:43:00,M,30~39,office,seoul,0,0,0,0,5,0,0,79,0,0,completed
18670,U8671,2025-12-21 17:02:00,2025-12-21 17:07:00,F,40~49,office,seoul,1,0,0,0,2,0,0,34,0,0,abandoned
18671,U8672,2025-11-23 11:42:00,2025-11-23 11:47:00,F,30~39,office,seoul,1,0,0,0,24,0,0,22,0,0,completed
18672,U8673,2025-05-17 15:06:00,2025-05-17 15:10:00,M,30~39,office,seoul,1,0,0,0,8,0,0,23,0,0,completed
18673,U8674,2025-01-21 16:04:00,2025-01-21 16:11:00,F,50+,office,seoul,0,0,0,0,17,0,0,35,0,0,completed
18674,U8675,2025-11-20 19:11:00,2025-11-20 19:14:00,M,20~29,office,seoul,0,0,0,0,10,0,0,66,0,0,completed
18675,U8676,2025-06-27 15:21:00,2025-06-27 15:28:00,F,30~39,office,seoul,0,0,0,0,8,0,0,42,0,0,completed
18676,U8677,2025-04-08 14:14:00,2025-04-08 14:21:00,M,30~39,office,seoul,0,0,0,0,20,0,0,21,0,0,completed
18677,U8678,2025-04-30 15:14:00,2025-04-30 15:19:00,F,40~49,office,seoul,0,0,0,0,25,0,0,43,0,0,completed
18678,U8679,2025-10-12 15:45:00,2025-10-12 15:52:00,F,20~29,office,seoul,1,0,0,0,11,0,0,78,0,0,completed
18679,U8680,2025-08-20 15:40:00,2025-08-20 15:42:00,M,30~39,office,seoul,0,0,0,0,2,0,0,15,0,0,completed
18680,U8681,2025-07-24 16:29:00,2025-07-24 16:31:00,F,50+,office,seoul,0,0,0,0,19,0,0,20,0,1,completed
18681,U8682,2025-11-11 15:06:00,2025-11-11 15:08:00,M,50+,office,seoul,0,0,0,0,10,0,0,28,0,0,error
18682,U8683,2025-04-29 12:12:00,2025-04-29 12:16:00,M,20~29,office,seoul,0,0,0,0,5,0,0,45,0,0,completed
18683,U8684,2025-06-11 11:25:00,2025-06-11 11:29:00,F,20~29,office,seoul,0,0,0,0,28,0,0,37,0,0,completed
18684,U8685,2025-08-21 17:58:00,2025-08-21 18:01:00,F,20~29,office,seoul,0,0,0,0,11,0,0,18,0,0,completed
18685,U8686,2025-05-12 08:31:00,2025-05-12 08:36:00,M,20~29,office,seoul,0,0,0,0,6,0,0,22,0,0,completed
18686,U8687,2025-02-08 19:42:00,2025-02-08 19:48:00,M,30~39,office,seoul,1,0,0,0,22,0,0,20,0,0,completed
18687,U8688,2025-07-15 12:42:00,2025-07-15 12:48:00,M,40~49,office,seoul,0,0,0,0,5,0,0,44,0,0,completed
18688,U8689,2025-10-13 07:05:00,2025-10-13 07:09:00,F,40~49,office,seoul,0,0,0,0,5,0,0,49,0,0,completed
18689,U8690,2025-12-23 09:21:00,2025-12-23 09:26:00,F,40~49,office,seoul,0,0,0,0,14,0,0,12,0,0,completed
18690,U8691,2025-01-23 22:45:00,2025-01-23 22:50:00,M,20~29,office,seoul,0,0,0,0,8,0,0,28,0,0,completed
18691,U8692,2025-10-19 17:52:00,2025-10-19 17:57:00,F,20~29,office,seoul,1,0,0,0,11,0,0,14,0,0,completed
18692,U8693,2025-08-02 15:41:00,2025-08-02 15:44:00,F,20~29,office,seoul,1,0,0,0,2,0,0,56,0,0,abandoned
18693,U8694,2025-06-11 11:15:00,2025-06-11 11:18:00,F,40~49,office,seoul,0,0,0,0,17,0,0,78,0,0,completed
18694,U8695,2025-03-15 20:05:00,2025-03-15 20:11:00,M,40~49,office,seoul,1,0,0,0,23,0,0,60,1,0,completed
18695,U8696,2025-02-14 15:33:00,2025-02-14 15:36:00,M,50+,office,seoul,0,0,0,0,17,0,0,32,0,0,completed
18696,U8697,2025-03-18 15:20:00,2025-03-18 15:23:00,M,40~49,office,seoul,0,0,0,0,2,0,0,33,0,0,completed
18697,U8698,2025-07-16 13:06:00,2025-07-16 13:12:00,F,30~39,office,seoul,0,0,0,0,4,0,0,22,0,0,completed
18698,U8699,2025-09-18 07:26:00,2025-09-18 07:31:00,M,20~29,office,seoul,0,0,0,0,17,0,0,27,0,0,completed
18699,U8700,2025-08-31 21:55:00,2025-08-31 22:01:00,F,20~29,office,seoul,1,0,0,0,10,0,0,75,0,0,completed
18700,U8701,2025-07-15 20:52:00,2025-07-15 20:54:00,M,20~29,office,seoul,0,0,0,0,23,0,0,77,0,0,completed
18701,U8702,2025-06-09 15:02:00,2025-06-09 15:06:00,F,20~29,office,seoul,0,0,0,0,11,0,0,10,0,0,completed
18702,U8703,2025-10-10 11:53:00,2025-10-10 11:56:00,F,20~29,office,seoul,0,0,0,0,8,0,0,21,0,0,abandoned
18703,U8704,2025-07-26 09:25:00,2025-07-26 09:32:00,F,20~29,office,seoul,1,0,0,0,5,0,0,42,0,0,completed
18704,U8705,2025-11-03 17:56:00,2025-11-03 18:02:00,F,30~39,office,seoul,0,0,0,0,21,0,0,12,0,0,completed
18705,U8706,2025-09-13 20:04:00,2025-09-13 20:07:00,F,40~49,office,seoul,1,0,0,0,11,0,0,44,0,0,completed
18706,U8707,2025-11-28 19:34:00,2025-11-28 19:37:00,M,30~39,office,seoul,0,0,0,0,28,0,0,76,0,0,completed
18707,U8708,2025-01-09 21:03:00,2025-01-09 21:07:00,M,50+,office,seoul,0,0,0,0,24,0,0,13,0,0,completed
18708,U8709,2025-08-10 16:23:00,2025-08-10 16:25:00,F,30~39,office,seoul,1,0,0,0,20,0,0,76,0,0,completed
18709,U8710,2025-06-23 11:07:00,2025-06-23 11:09:00,M,50+,office,seoul,0,0,0,0,25,0,0,59,0,0,completed
18710,U8711,2025-03-02 14:35:00,2025-03-02 14:42:00,M,20~29,office,seoul,1,0,0,0,8,0,0,63,0,0,completed
18711,U8712,2025-08-21 12:06:00,2025-08-21 12:11:00,F,40~49,office,seoul,0,0,0,0,11,0,0,50,0,0,timeout
18712,U8713,2025-06-12 14:52:00,2025-06-12 14:57:00,M,50+,office,seoul,0,0,0,0,14,0,0,18,0,0,completed
18713,U8714,2025-05-19 18:33:00,2025-05-19 18:38:00,M,50+,office,seoul,0,0,0,0,7,0,0,28,0,0,completed
18714,U8715,2025-11-22 11:20:00,2025-11-22 11:25:00,M,30~39,office,seoul,1,0,0,0,13,0,0,33,0,0,completed
18715,U8716,2025-07-02 17:29:00,2025-07-02 17:36:00,M,30~39,office,seoul,0,0,0,0,16,0,0,79,0,0,completed
18716,U8717,2025-09-05 08:02:00,2025-09-05 08:04:00,M,20~29,office,seoul,0,0,0,0,13,0,0,24,0,0,completed
18717,U8718,2025-10-05 12:26:00,2025-10-05 12:29:00,F,20~29,office,seoul,1,0,0,0,20,0,0,43,0,0,completed
18718,U8719,2025-08-08 18:03:00,2025-08-08 18:07:00,M,30~39,office,seoul,0,0,0,0,3,0,0,74,0,0,completed
18719,U8720,2025-06-11 15:23:00,2025-06-11 15:26:00,M,20~29,office,seoul,0,0,0,0,13,0,0,58,0,0,completed
18720,U8721,2025-04-29 16:26:00,2025-04-29 16:29:00,M,30~39,office,seoul,0,0,0,0,23,0,0,72,0,0,completed
18721,U8722,2025-08-22 15:05:00,2025-08-22 15:10:00,M,40~49,office,seoul,0,0,0,0,11,0,0,65,1,0,completed
18722,U8723,2025-10-02 11:25:00,2025-10-02 11:30:00,F,20~29,office,seoul,0,0,0,0,4,0,0,56,0,0,completed
18723,U8724,2025-09-15 12:56:00,2025-09-15 12:58:00,F,20~29,office,seoul,0,0,0,0,23,0,0,48,0,0,completed
18724,U8725,2025-03-18 13:45:00,2025-03-18 13:50:00,M,20~29,office,seoul,0,0,0,0,2,0,0,77,0,0,completed
18725,U8726,2025-06-02 13:48:00,2025-06-02 13:53:00,F,30~39,office,seoul,0,0,0,0,22,0,0,74,0,0,completed
18726,U8727,2025-04-04 08:39:00,2025-04-04 08:44:00,F,20~29,office,seoul,0,0,0,0,25,0,0,69,0,0,completed
18727,U8728,2025-03-31 22:15:00,2025-03-31 22:21:00,F,30~39,office,seoul,0,0,0,0,15,0,0,42,0,1,completed
18728,U8729,2025-07-04 14:45:00,2025-07-04 14:50:00,M,40~49,office,seoul,0,0,0,0,4,0,0,66,0,0,completed
18729,U8730,2025-04-28 14:13:00,2025-04-28 14:19:00,F,40~49,office,seoul,0,0,0,0,13,0,0,31,0,0,completed
18730,U8731,2025-02-13 20:55:00,2025-02-13 21:00:00,M,50+,office,seoul,0,0,0,0,18,0,0,14,0,0,completed
18731,U8732,2025-06-16 13:26:00,2025-06-16 13:31:00,M,40~49,office,seoul,0,0,0,0,0,0,0,15,0,0,completed
18732,U8733,2025-02-16 17:52:00,2025-02-16 17:57:00,M,20~29,office,seoul,1,0,0,0,8,0,0,20,0,0,completed
18733,U8734,2025-03-03 14:13:00,2025-03-03 14:19:00,M,40~49,office,seoul,0,0,0,0,28,0,0,22,0,0,completed
18734,U8735,2025-12-03 15:29:00,2025-12-03 15:34:00,M,30~39,office,seoul,0,0,0,0,25,0,0,20,0,0,completed
18735,U8736,2025-01-14 18:19:00,2025-01-14 18:24:00,M,40~49,office,seoul,0,0,0,0,1,0,0,60,0,0,completed
18736,U8737,2025-05-28 18:24:00,2025-05-28 18:30:00,M,50+,office,seoul,0,0,0,0,10,0,0,54,0,0,abandoned
18737,U8738,2025-05-05 19:43:00,2025-05-05 19:50:00,M,30~39,office,seoul,0,0,0,0,11,0,0,58,0,0,completed
18738,U8739,2025-03-06 08:10:00,2025-03-06 08:15:00,F,20~29,office,seoul,0,0,0,0,14,0,0,31,0,0,completed
18739,U8740,2025-03-06 12:34:00,2025-03-06 12:38:00,F,30~39,office,seoul,0,0,0,0,3,0,0,58,0,0,completed
18740,U8741,2025-08-10 18:53:00,2025-08-10 18:57:00,F,30~39,office,seoul,1,0,0,0,9,0,0,63,0,0,completed
18741,U8742,2025-07-29 17:15:00,2025-07-29 17:17:00,F,20~29,office,seoul,0,0,0,0,4,0,0,50,0,0,completed
18742,U8743,2025-01-24 12:28:00,2025-01-24 12:32:00,M,50+,office,seoul,0,0,0,0,11,0,0,65,0,0,completed
18743,U8744,2025-03-05 14:08:00,2025-03-05 14:12:00,F,30~39,office,seoul,0,0,0,0,14,0,0,59,0,0,completed
18744,U8745,2025-12-19 17:59:00,2025-12-19 18:03:00,M,30~39,office,seoul,0,0,0,0,29,0,0,19,0,0,completed
18745,U8746,2025-12-23 14:35:00,2025-12-23 14:41:00,F,20~29,office,seoul,0,0,0,0,23,0,0,65,0,0,completed
18746,U8747,2025-08-18 16:41:00,2025-08-18 16:43:00,F,20~29,office,seoul,0,0,0,0,22,0,0,47,0,0,completed
18747,U8748,2025-01-11 13:15:00,2025-01-11 13:20:00,M,50+,office,seoul,1,0,0,0,27,0,0,14,0,0,completed
18748,U8749,2025-05-04 08:32:00,2025-05-04 08:38:00,M,50+,office,seoul,1,0,0,0,22,0,0,75,1,0,completed
18749,U8750,2025-03-23 22:29:00,2025-03-23 22:31:00,F,50+,office,seoul,1,0,0,0,17,0,0,79,0,1,completed
18750,U8751,2025-02-20 22:25:00,2025-02-20 22:30:00,M,50+,office,seoul,0,0,0,0,4,0,0,61,0,0,completed
18751,U8752,2025-06-13 09:24:00,2025-06-13 09:27:00,M,20~29,office,seoul,0,0,0,0,23,0,0,57,0,0,timeout
18752,U8753,2025-03-11 07:20:00,2025-03-11 07:23:00,F,50+,office,seoul,0,0,0,0,8,0,0,79,1,0,completed
18753,U8754,2025-01-29 08:56:00,2025-01-29 09:03:00,F,40~49,office,seoul,0,0,0,0,10,0,0,62,0,0,completed
18754,U8755,2025-12-19 13:34:00,2025-12-19 13:41:00,M,20~29,office,seoul,0,0,0,0,8,0,0,19,0,0,completed
18755,U8756,2025-11-12 21:08:00,2025-11-12 21:13:00,F,30~39,office,seoul,0,0,0,0,7,0,0,12,0,0,completed
18756,U8757,2025-11-17 17:08:00,2025-11-17 17:14:00,F,50+,office,seoul,0,0,0,0,7,0,0,33,0,0,completed
18757,U8758,2025-06-24 14:08:00,2025-06-24 14:14:00,F,20~29,office,seoul,0,0,0,0,6,0,0,68,0,0,completed
18758,U8759,2025-07-12 16:06:00,2025-07-12 16:09:00,M,30~39,office,seoul,1,0,0,0,15,0,0,14,0,0,completed
18759,U8760,2025-08-28 07:33:00,2025-08-28 07:39:00,F,40~49,office,seoul,0,0,0,0,12,0,0,53,0,0,completed
18760,U8761,2025-12-15 15:53:00,2025-12-15 15:58:00,F,40~49,office,seoul,0,0,0,0,7,0,0,26,0,1,completed
18761,U8762,2025-05-24 22:54:00,2025-05-24 22:58:00,F,40~49,office,seoul,1,0,0,0,15,0,0,10,1,0,timeout
18762,U8763,2025-02-05 08:15:00,2025-02-05 08:21:00,F,30~39,office,seoul,0,0,0,0,11,0,0,17,0,0,abandoned
18763,U8764,2025-02-13 19:36:00,2025-02-13 19:40:00,F,20~29,office,seoul,0,0,0,0,17,0,0,54,1,0,completed
18764,U8765,2025-01-01 14:27:00,2025-01-01 14:34:00,M,30~39,office,seoul,0,0,0,0,7,0,0,31,0,0,timeout
18765,U8766,2025-02-15 15:04:00,2025-02-15 15:07:00,F,20~29,office,seoul,1,0,0,0,25,0,0,11,0,0,completed
18766,U8767,2025-08-14 17:36:00,2025-08-14 17:43:00,M,40~49,office,seoul,0,0,0,0,1,0,0,51,0,0,completed
18767,U8768,2025-03-17 14:31:00,2025-03-17 14:36:00,F,30~39,office,seoul,0,0,0,0,9,0,0,31,0,0,completed
18768,U8769,2025-02-24 15:39:00,2025-02-24 15:42:00,F,20~29,office,seoul,0,0,0,0,4,0,0,78,0,0,error
18769,U8770,2025-04-06 12:43:00,2025-04-06 12:47:00,M,20~29,office,seoul,1,0,0,0,7,0,0,25,0,0,abandoned
18770,U8771,2025-09-14 08:14:00,2025-09-14 08:20:00,F,20~29,office,seoul,1,0,0,0,28,0,0,22,0,0,completed
18771,U8772,2025-06-03 17:35:00,2025-06-03 17:39:00,F,40~49,office,seoul,0,0,0,0,26,0,0,47,0,0,abandoned
18772,U8773,2025-09-02 09:24:00,2025-09-02 09:26:00,F,40~49,office,seoul,0,0,0,0,29,0,0,53,0,0,abandoned
18773,U8774,2025-08-06 18:30:00,2025-08-06 18:33:00,F,20~29,office,seoul,0,0,0,0,26,0,0,48,0,0,completed
18774,U8775,2025-10-29 13:26:00,2025-10-29 13:32:00,M,50+,office,seoul,0,0,0,0,3,0,0,26,0,0,completed
18775,U8776,2025-03-18 12:32:00,2025-03-18 12:36:00,F,30~39,office,seoul,0,0,0,0,29,0,0,72,0,0,completed
18776,U8777,2025-08-09 09:14:00,2025-08-09 09:21:00,M,30~39,office,seoul,1,0,0,0,17,0,0,17,1,0,completed
18777,U8778,2025-06-10 09:56:00,2025-06-10 09:59:00,M,30~39,office,seoul,0,0,0,0,5,0,0,28,0,0,completed
18778,U8779,2025-03-12 16:54:00,2025-03-12 17:01:00,M,30~39,office,seoul,0,0,0,0,9,0,0,57,0,0,completed
18779,U8780,2025-09-08 20:02:00,2025-09-08 20:09:00,M,20~29,office,seoul,0,0,0,0,10,0,0,52,0,0,completed
18780,U8781,2025-11-08 14:37:00,2025-11-08 14:39:00,M,30~39,office,seoul,1,0,0,0,16,0,0,27,0,0,completed
18781,U8782,2025-04-20 20:03:00,2025-04-20 20:10:00,F,20~29,office,seoul,1,0,0,0,16,0,0,31,0,0,completed
18782,U8783,2025-05-15 09:35:00,2025-05-15 09:40:00,M,30~39,office,seoul,0,0,0,0,29,0,0,54,0,0,completed
18783,U8784,2025-01-10 12:49:00,2025-01-10 12:55:00,F,50+,office,seoul,0,0,0,0,4,0,0,76,0,0,completed
18784,U8785,2025-12-18 21:56:00,2025-12-18 22:02:00,M,50+,office,seoul,0,0,0,0,28,0,0,21,0,0,completed
18785,U8786,2025-01-12 16:11:00,2025-01-12 16:18:00,M,20~29,office,seoul,1,0,0,0,10,0,0,57,0,0,completed
18786,U8787,2025-11-22 08:31:00,2025-11-22 08:37:00,M,50+,office,seoul,1,0,0,0,14,0,0,62,0,0,completed
18787,U8788,2025-02-11 15:35:00,2025-02-11 15:38:00,M,30~39,office,seoul,0,0,0,0,24,0,0,47,0,0,completed
18788,U8789,2025-09-12 08:08:00,2025-09-12 08:11:00,M,20~29,office,seoul,0,0,0,0,1,0,0,10,0,0,timeout
18789,U8790,2025-02-27 15:19:00,2025-02-27 15:21:00,F,30~39,office,seoul,0,0,0,0,8,0,0,74,0,0,completed
18790,U8791,2025-08-19 15:40:00,2025-08-19 15:44:00,F,20~29,office,seoul,0,0,0,0,24,0,0,36,0,0,completed
18791,U8792,2025-07-21 12:52:00,2025-07-21 12:54:00,M,20~29,office,seoul,0,0,0,0,12,0,0,69,0,0,completed
18792,U8793,2025-01-05 12:20:00,2025-01-05 12:22:00,M,20~29,office,seoul,1,0,0,0,3,0,0,79,0,0,abandoned
18793,U8794,2025-05-21 09:48:00,2025-05-21 09:50:00,M,20~29,office,seoul,0,0,0,0,12,0,0,20,0,0,completed
18794,U8795,2025-02-12 09:24:00,2025-02-12 09:27:00,F,20~29,office,seoul,0,0,0,0,6,0,0,30,0,0,completed
18795,U8796,2025-07-19 09:40:00,2025-07-19 09:42:00,F,20~29,office,seoul,1,0,0,0,9,0,0,51,0,0,abandoned
18796,U8797,2025-07-22 08:34:00,2025-07-22 08:37:00,M,50+,office,seoul,0,0,0,0,4,0,0,59,0,0,abandoned
18797,U8798,2025-08-31 19:57:00,2025-08-31 20:03:00,F,20~29,office,seoul,1,0,0,0,0,0,0,32,0,0,completed
18798,U8799,2025-04-09 09:16:00,2025-04-09 09:19:00,M,30~39,office,seoul,0,0,0,0,14,0,0,18,0,0,completed
18799,U8800,2025-11-27 16:54:00,2025-11-27 17:00:00,M,40~49,office,seoul,0,0,0,0,26,0,0,12,0,0,completed
18800,U8801,2025-03-23 12:03:00,2025-03-23 12:07:00,F,20~29,office,seoul,1,0,0,0,14,0,0,69,0,0,completed
18801,U8802,2025-02-22 08:28:00,2025-02-22 08:31:00,F,40~49,office,seoul,1,0,0,0,2,0,0,54,0,0,abandoned
18802,U8803,2025-03-22 16:10:00,2025-03-22 16:16:00,F,30~39,office,seoul,1,0,0,0,10,0,0,64,0,0,completed
18803,U8804,2025-12-13 13:31:00,2025-12-13 13:34:00,F,20~29,office,seoul,1,0,0,0,14,0,0,13,1,0,completed
18804,U8805,2025-08-18 09:47:00,2025-08-18 09:53:00,M,30~39,office,seoul,0,0,0,0,19,0,0,51,0,0,completed
18805,U8806,2025-06-11 19:17:00,2025-06-11 19:22:00,M,30~39,office,seoul,0,0,0,0,29,0,0,54,0,0,completed
18806,U8807,2025-07-18 07:25:00,2025-07-18 07:31:00,F,30~39,office,seoul,0,0,0,0,21,0,0,60,0,0,completed
18807,U8808,2025-11-21 07:13:00,2025-11-21 07:18:00,M,40~49,office,seoul,0,0,0,0,16,0,0,15,0,0,completed
18808,U8809,2025-12-20 12:36:00,2025-12-20 12:42:00,F,30~39,office,seoul,1,0,0,0,18,0,0,10,0,0,completed
18809,U8810,2025-06-04 13:34:00,2025-06-04 13:37:00,F,40~49,office,seoul,0,0,0,0,18,0,0,15,0,0,completed
18810,U8811,2025-12-05 13:04:00,2025-12-05 13:10:00,M,40~49,office,seoul,0,0,0,0,1,0,0,41,0,0,timeout
18811,U8812,2025-06-26 22:33:00,2025-06-26 22:38:00,F,20~29,office,seoul,0,0,0,0,26,0,0,70,0,0,completed
18812,U8813,2025-01-15 17:24:00,2025-01-15 17:31:00,F,40~49,office,seoul,0,0,0,0,20,0,0,63,0,0,completed
18813,U8814,2025-07-30 09:46:00,2025-07-30 09:48:00,M,20~29,office,seoul,0,0,0,0,17,0,0,45,0,0,completed
18814,U8815,2025-07-19 20:39:00,2025-07-19 20:43:00,M,20~29,office,seoul,1,0,0,0,26,0,0,61,0,0,completed
18815,U8816,2025-01-20 13:58:00,2025-01-20 14:01:00,M,20~29,office,seoul,0,0,0,0,0,0,0,22,0,0,completed
18816,U8817,2025-12-06 14:09:00,2025-12-06 14:13:00,F,40~49,office,seoul,1,0,0,0,3,0,0,21,0,0,completed
18817,U8818,2025-05-23 20:57:00,2025-05-23 21:01:00,F,40~49,office,seoul,0,0,0,0,21,0,0,47,0,1,completed
18818,U8819,2025-08-31 12:50:00,2025-08-31 12:54:00,F,20~29,office,seoul,1,0,0,0,22,0,0,60,0,0,completed
18819,U8820,2025-01-08 15:25:00,2025-01-08 15:27:00,F,20~29,office,seoul,0,0,0,0,14,0,0,12,0,0,abandoned
18820,U8821,2025-08-20 19:42:00,2025-08-20 19:46:00,F,20~29,office,seoul,0,0,0,0,0,0,0,33,0,0,completed
18821,U8822,2025-08-12 16:38:00,2025-08-12 16:41:00,M,20~29,office,seoul,0,0,0,0,6,0,0,61,0,0,completed
18822,U8823,2025-09-25 18:21:00,2025-09-25 18:25:00,M,40~49,office,seoul,0,0,0,0,15,0,0,54,0,0,completed
18823,U8824,2025-08-26 21:05:00,2025-08-26 21:08:00,F,30~39,office,seoul,0,0,0,0,6,0,0,42,0,0,completed
18824,U8825,2025-10-16 15:41:00,2025-10-16 15:46:00,M,40~49,office,seoul,0,0,0,0,12,0,0,61,0,0,completed
18825,U8826,2025-09-07 09:57:00,2025-09-07 10:00:00,M,20~29,office,seoul,1,0,0,0,1,0,0,55,0,0,completed
18826,U8827,2025-05-19 19:47:00,2025-05-19 19:50:00,F,40~49,office,seoul,0,0,0,0,2,0,0,73,0,0,completed
18827,U8828,2025-05-12 11:58:00,2025-05-12 12:02:00,F,20~29,office,seoul,0,0,0,0,21,0,0,24,0,0,completed
18828,U8829,2025-06-27 07:11:00,2025-06-27 07:16:00,F,50+,office,seoul,0,0,0,0,17,0,0,52,1,0,completed
18829,U8830,2025-05-07 20:45:00,2025-05-07 20:51:00,F,40~49,office,seoul,0,0,0,0,25,0,0,13,0,0,completed
18830,U8831,2025-01-14 14:14:00,2025-01-14 14:21:00,F,30~39,office,seoul,0,0,0,0,11,0,0,41,0,0,completed
18831,U8832,2025-09-16 09:58:00,2025-09-16 10:00:00,F,30~39,office,seoul,0,0,0,0,1,0,0,22,0,0,completed
18832,U8833,2025-02-24 08:51:00,2025-02-24 08:55:00,M,30~39,office,seoul,0,0,0,0,29,0,0,14,0,0,completed
18833,U8834,2025-04-02 07:42:00,2025-04-02 07:48:00,F,40~49,office,seoul,0,0,0,0,18,0,0,62,0,0,completed
18834,U8835,2025-10-07 09:49:00,2025-10-07 09:55:00,M,30~39,office,seoul,0,0,0,0,24,0,0,29,0,0,completed
18835,U8836,2025-11-23 13:22:00,2025-11-23 13:24:00,M,30~39,office,seoul,1,0,0,0,5,0,0,69,0,0,completed
18836,U8837,2025-03-22 13:36:00,2025-03-22 13:39:00,M,20~29,office,seoul,1,0,0,0,23,0,0,62,0,0,completed
18837,U8838,2025-04-24 18:19:00,2025-04-24 18:21:00,M,30~39,office,seoul,0,0,0,0,6,0,0,50,0,0,completed
18838,U8839,2025-04-28 15:47:00,2025-04-28 15:54:00,F,30~39,office,seoul,0,0,0,0,3,0,0,34,0,0,completed
18839,U8840,2025-10-16 11:47:00,2025-10-16 11:51:00,M,50+,office,seoul,0,0,0,0,22,0,0,51,0,1,completed
18840,U8841,2025-02-22 09:46:00,2025-02-22 09:51:00,M,30~39,office,seoul,1,0,0,0,25,0,0,22,0,0,completed
18841,U8842,2025-05-24 11:12:00,2025-05-24 11:19:00,F,30~39,office,seoul,1,0,0,0,5,0,0,47,0,0,completed
18842,U8843,2025-01-18 08:51:00,2025-01-18 08:54:00,M,30~39,office,seoul,1,0,0,0,10,0,0,54,0,0,timeout
18843,U8844,2025-07-23 19:27:00,2025-07-23 19:29:00,F,40~49,office,seoul,0,0,0,0,3,0,0,24,0,0,completed
18844,U8845,2025-10-01 18:13:00,2025-10-01 18:16:00,F,20~29,office,seoul,0,0,0,0,3,0,0,66,0,0,abandoned
18845,U8846,2025-03-13 18:03:00,2025-03-13 18:06:00,M,50+,office,seoul,0,0,0,0,18,0,0,15,1,0,completed
18846,U8847,2025-09-12 21:25:00,2025-09-12 21:29:00,F,50+,office,seoul,0,0,0,0,13,0,0,68,0,0,completed
18847,U8848,2025-01-09 11:55:00,2025-01-09 12:01:00,M,50+,office,seoul,0,0,0,0,5,0,0,38,0,0,abandoned
18848,U8849,2025-09-29 17:10:00,2025-09-29 17:14:00,F,30~39,office,seoul,0,0,0,0,15,0,0,73,0,0,completed
18849,U8850,2025-04-12 22:12:00,2025-04-12 22:18:00,M,20~29,office,seoul,1,0,0,0,21,0,0,21,0,0,completed
18850,U8851,2025-12-06 17:47:00,2025-12-06 17:53:00,F,50+,office,seoul,1,0,0,0,6,0,0,71,0,0,completed
18851,U8852,2025-09-10 14:22:00,2025-09-10 14:28:00,F,40~49,office,seoul,0,0,0,0,22,0,0,76,0,0,completed
18852,U8853,2025-08-22 07:38:00,2025-08-22 07:43:00,M,20~29,office,seoul,0,0,0,0,18,0,0,14,0,0,abandoned
18853,U8854,2025-12-28 12:08:00,2025-12-28 12:15:00,F,20~29,office,seoul,1,0,0,0,20,0,0,37,0,0,error
18854,U8855,2025-01-20 16:02:00,2025-01-20 16:08:00,M,50+,office,seoul,0,0,0,0,11,0,0,21,0,0,completed
18855,U8856,2025-09-25 16:04:00,2025-09-25 16:09:00,F,30~39,office,seoul,0,0,0,0,7,0,0,35,0,0,completed
18856,U8857,2025-06-01 12:17:00,2025-06-01 12:23:00,M,20~29,office,seoul,1,0,0,0,18,0,0,60,0,0,completed
18857,U8858,2025-04-06 12:57:00,2025-04-06 13:03:00,F,50+,office,seoul,1,0,0,0,2,0,0,66,0,0,completed
18858,U8859,2025-12-04 07:23:00,2025-12-04 07:27:00,M,20~29,office,seoul,0,0,0,0,27,0,0,44,0,0,completed
18859,U8860,2025-05-02 16:23:00,2025-05-02 16:28:00,F,20~29,office,seoul,0,0,0,0,6,0,0,55,0,0,completed
18860,U8861,2025-03-26 17:23:00,2025-03-26 17:29:00,F,20~29,office,seoul,0,0,0,0,21,0,0,12,0,0,completed
18861,U8862,2025-04-26 18:56:00,2025-04-26 19:00:00,F,30~39,office,seoul,1,0,0,0,0,0,0,11,0,0,timeout
18862,U8863,2025-05-22 15:50:00,2025-05-22 15:56:00,M,30~39,office,seoul,0,0,0,0,6,0,0,46,0,0,completed
18863,U8864,2025-08-19 09:45:00,2025-08-19 09:47:00,M,50+,office,seoul,0,0,0,0,23,0,0,40,0,0,completed
18864,U8865,2025-02-05 17:08:00,2025-02-05 17:13:00,M,20~29,office,seoul,0,0,0,0,16,0,0,48,0,0,completed
18865,U8866,2025-07-13 13:24:00,2025-07-13 13:29:00,M,30~39,office,seoul,1,0,0,0,26,0,0,47,0,0,completed
18866,U8867,2025-03-02 14:59:00,2025-03-02 15:02:00,M,50+,office,seoul,1,0,0,0,2,0,0,76,0,0,abandoned
18867,U8868,2025-08-08 14:45:00,2025-08-08 14:51:00,F,20~29,office,seoul,0,0,0,0,20,0,0,64,0,0,completed
18868,U8869,2025-04-26 18:24:00,2025-04-26 18:31:00,M,40~49,office,seoul,1,0,0,0,28,0,0,72,0,0,completed
18869,U8870,2025-03-10 09:32:00,2025-03-10 09:36:00,M,20~29,office,seoul,0,0,0,0,14,0,0,46,0,0,completed
18870,U8871,2025-01-30 17:09:00,2025-01-30 17:15:00,F,20~29,office,seoul,0,0,0,0,0,0,0,67,0,0,completed
18871,U8872,2025-05-17 07:54:00,2025-05-17 08:00:00,F,40~49,office,seoul,1,0,0,0,0,0,0,51,0,0,abandoned
18872,U8873,2025-12-26 08:46:00,2025-12-26 08:48:00,F,30~39,office,seoul,0,0,0,0,9,0,0,75,0,0,completed
18873,U8874,2025-02-08 20:24:00,2025-02-08 20:26:00,M,20~29,office,seoul,1,0,0,0,5,0,0,11,0,0,completed
18874,U8875,2025-10-25 13:27:00,2025-10-25 13:29:00,M,30~39,office,seoul,1,0,0,0,0,0,0,77,0,0,completed
18875,U8876,2025-03-21 09:38:00,2025-03-21 09:43:00,F,20~29,office,seoul,0,0,0,0,2,0,0,22,0,0,completed
18876,U8877,2025-08-30 09:17:00,2025-08-30 09:19:00,F,20~29,office,seoul,1,0,0,0,25,0,0,16,0,0,completed
18877,U8878,2025-09-15 11:04:00,2025-09-15 11:07:00,M,40~49,office,seoul,0,0,0,0,12,0,0,45,0,0,completed
18878,U8879,2025-12-27 15:20:00,2025-12-27 15:25:00,M,40~49,office,seoul,1,0,0,0,19,0,0,42,0,0,completed
18879,U8880,2025-10-09 17:14:00,2025-10-09 17:17:00,F,40~49,office,seoul,0,0,0,0,26,0,0,59,0,0,completed
18880,U8881,2025-10-10 12:55:00,2025-10-10 13:01:00,M,40~49,office,seoul,0,0,0,0,29,0,0,73,0,0,completed
18881,U8882,2025-07-17 15:09:00,2025-07-17 15:12:00,F,20~29,office,seoul,0,0,0,0,8,0,0,28,0,0,completed
18882,U8883,2025-11-18 17:21:00,2025-11-18 17:24:00,F,40~49,office,seoul,0,0,0,0,7,0,0,40,0,0,completed
18883,U8884,2025-05-28 08:32:00,2025-05-28 08:39:00,F,20~29,office,seoul,0,0,0,0,24,0,0,31,0,0,completed
18884,U8885,2025-11-23 13:20:00,2025-11-23 13:23:00,M,30~39,office,seoul,1,0,0,0,8,0,0,22,0,0,completed
18885,U8886,2025-08-10 16:45:00,2025-08-10 16:49:00,M,20~29,office,seoul,1,0,0,0,20,0,0,18,0,0,abandoned
18886,U8887,2025-04-20 15:41:00,2025-04-20 15:48:00,F,30~39,office,seoul,1,0,0,0,13,0,0,51,0,0,completed
18887,U8888,2025-08-17 08:11:00,2025-08-17 08:18:00,M,20~29,office,seoul,1,0,0,0,11,0,0,14,0,0,completed
18888,U8889,2025-12-03 19:38:00,2025-12-03 19:41:00,F,30~39,office,seoul,0,0,0,0,18,0,0,77,0,0,completed
18889,U8890,2025-06-18 12:11:00,2025-06-18 12:13:00,F,40~49,office,seoul,0,0,0,0,12,0,0,32,0,0,completed
18890,U8891,2025-09-16 07:45:00,2025-09-16 07:51:00,F,30~39,office,seoul,0,0,0,0,10,0,0,13,0,0,completed
18891,U8892,2025-02-12 12:15:00,2025-02-12 12:18:00,F,20~29,office,seoul,0,0,0,0,22,0,0,36,0,0,completed
18892,U8893,2025-07-21 14:13:00,2025-07-21 14:18:00,F,50+,office,seoul,0,0,0,0,13,0,0,19,0,0,completed
18893,U8894,2025-06-08 13:35:00,2025-06-08 13:40:00,M,20~29,office,seoul,1,0,0,0,7,0,0,67,0,0,completed
18894,U8895,2025-11-04 08:03:00,2025-11-04 08:07:00,M,50+,office,seoul,0,0,0,0,11,0,0,34,0,0,completed
18895,U8896,2025-10-27 13:41:00,2025-10-27 13:44:00,F,20~29,office,seoul,0,0,0,0,1,0,0,52,0,0,completed
18896,U8897,2025-10-06 21:28:00,2025-10-06 21:35:00,F,50+,office,seoul,0,0,0,0,7,0,0,34,1,0,timeout
18897,U8898,2025-04-16 19:33:00,2025-04-16 19:38:00,F,20~29,office,seoul,0,0,0,0,21,0,0,33,0,0,completed
18898,U8899,2025-04-08 15:12:00,2025-04-08 15:15:00,F,30~39,office,seoul,0,0,0,0,8,0,0,40,0,0,completed
18899,U8900,2025-04-27 15:39:00,2025-04-27 15:43:00,F,50+,office,seoul,1,0,0,0,4,0,0,55,1,0,completed
18900,U8901,2025-08-30 12:54:00,2025-08-30 12:58:00,F,50+,office,seoul,1,0,0,0,20,0,0,53,0,0,abandoned
18901,U8902,2025-10-21 09:33:00,2025-10-21 09:35:00,F,20~29,office,seoul,0,0,0,0,16,0,0,76,0,0,completed
18902,U8903,2025-06-09 15:59:00,2025-06-09 16:03:00,M,50+,office,seoul,0,0,0,0,13,0,0,57,0,0,completed
18903,U8904,2025-01-13 11:11:00,2025-01-13 11:16:00,F,40~49,office,seoul,0,0,0,0,13,0,0,20,0,0,completed
18904,U8905,2025-03-07 09:17:00,2025-03-07 09:24:00,F,30~39,office,seoul,0,0,0,0,18,0,0,61,0,0,completed
18905,U8906,2025-07-31 12:01:00,2025-07-31 12:05:00,M,30~39,office,seoul,0,0,0,0,3,0,0,61,0,0,completed
18906,U8907,2025-06-06 19:30:00,2025-06-06 19:33:00,M,40~49,office,seoul,0,0,0,0,24,0,0,11,1,0,completed
18907,U8908,2025-07-09 12:32:00,2025-07-09 12:35:00,M,40~49,office,seoul,0,0,0,0,12,0,0,44,0,0,completed
18908,U8909,2025-07-04 14:39:00,2025-07-04 14:45:00,M,40~49,office,seoul,0,0,0,0,12,0,0,60,1,0,completed
18909,U8910,2025-01-31 19:47:00,2025-01-31 19:54:00,F,40~49,office,seoul,0,0,0,0,18,0,0,54,1,0,completed
18910,U8911,2025-07-03 11:00:00,2025-07-03 11:02:00,F,30~39,office,seoul,0,0,0,0,18,0,0,29,0,0,completed
18911,U8912,2025-11-06 12:42:00,2025-11-06 12:45:00,M,30~39,office,seoul,0,0,0,0,27,0,0,47,0,0,completed
18912,U8913,2025-07-04 12:37:00,2025-07-04 12:39:00,F,30~39,office,seoul,0,0,0,0,22,0,0,79,0,0,completed
18913,U8914,2025-04-13 11:44:00,2025-04-13 11:49:00,F,20~29,office,seoul,1,0,0,0,6,0,0,33,0,0,completed
18914,U8915,2025-03-16 17:33:00,2025-03-16 17:38:00,M,20~29,office,seoul,1,0,0,0,23,0,0,79,0,0,completed
18915,U8916,2025-09-15 12:28:00,2025-09-15 12:33:00,F,50+,office,seoul,0,0,0,0,6,0,0,37,0,0,completed
18916,U8917,2025-02-02 14:04:00,2025-02-02 14:11:00,M,40~49,office,seoul,1,0,0,0,20,0,0,59,0,0,completed
18917,U8918,2025-03-24 17:36:00,2025-03-24 17:39:00,F,30~39,office,seoul,0,0,0,0,7,0,0,27,0,0,completed
18918,U8919,2025-06-13 08:17:00,2025-06-13 08:20:00,M,50+,office,seoul,0,0,0,0,19,0,0,22,0,0,completed
18919,U8920,2025-08-22 21:12:00,2025-08-22 21:17:00,F,40~49,office,seoul,0,0,0,0,15,0,0,14,0,0,completed
18920,U8921,2025-09-22 09:54:00,2025-09-22 09:57:00,M,30~39,office,seoul,0,0,0,0,10,0,0,64,0,0,abandoned
18921,U8922,2025-10-19 08:29:00,2025-10-19 08:31:00,M,30~39,office,seoul,1,0,0,0,17,0,0,55,0,0,completed
18922,U8923,2025-07-20 11:22:00,2025-07-20 11:25:00,M,20~29,office,seoul,1,0,0,0,9,0,0,75,0,0,completed
18923,U8924,2025-02-20 13:00:00,2025-02-20 13:07:00,M,40~49,office,seoul,0,0,0,0,25,0,0,57,0,0,completed
18924,U8925,2025-10-19 15:02:00,2025-10-19 15:07:00,F,30~39,office,seoul,1,0,0,0,2,0,0,49,0,0,completed
18925,U8926,2025-03-17 11:37:00,2025-03-17 11:43:00,F,30~39,office,seoul,0,0,0,0,7,0,0,35,0,0,completed
18926,U8927,2025-07-12 18:01:00,2025-07-12 18:06:00,F,20~29,office,seoul,1,0,0,0,25,0,0,28,0,0,abandoned
18927,U8928,2025-09-29 19:47:00,2025-09-29 19:52:00,M,40~49,office,seoul,0,0,0,0,10,0,0,12,0,0,completed
18928,U8929,2025-01-28 21:12:00,2025-01-28 21:19:00,M,20~29,office,seoul,0,0,0,0,21,0,0,44,0,0,completed
18929,U8930,2025-06-30 19:20:00,2025-06-30 19:22:00,F,20~29,office,seoul,0,0,0,0,0,0,0,51,0,0,completed
18930,U8931,2025-02-15 12:20:00,2025-02-15 12:24:00,F,30~39,office,seoul,1,0,0,0,13,0,0,34,0,0,completed
18931,U8932,2025-11-17 13:56:00,2025-11-17 13:58:00,M,20~29,office,seoul,0,0,0,0,12,0,0,42,1,0,completed
18932,U8933,2025-02-14 13:30:00,2025-02-14 13:33:00,F,40~49,office,seoul,0,0,0,0,26,0,0,67,0,0,completed
18933,U8934,2025-04-18 12:08:00,2025-04-18 12:14:00,M,50+,office,seoul,0,0,0,0,0,0,0,16,0,0,completed
18934,U8935,2025-10-13 08:01:00,2025-10-13 08:03:00,F,40~49,office,seoul,0,0,0,0,24,0,0,36,0,0,completed
18935,U8936,2025-05-10 15:28:00,2025-05-10 15:31:00,M,20~29,office,seoul,1,0,0,0,6,0,0,69,0,0,completed
18936,U8937,2025-05-20 13:58:00,2025-05-20 14:01:00,M,20~29,office,seoul,0,0,0,0,9,0,0,44,0,0,completed
18937,U8938,2025-08-28 14:57:00,2025-08-28 15:02:00,F,20~29,office,seoul,0,0,0,0,11,0,0,11,0,0,abandoned
18938,U8939,2025-09-26 12:11:00,2025-09-26 12:18:00,M,40~49,office,seoul,0,0,0,0,2,0,0,20,0,0,completed
18939,U8940,2025-12-05 16:21:00,2025-12-05 16:27:00,F,20~29,office,seoul,0,0,0,0,17,0,0,12,0,0,error
18940,U8941,2025-02-26 13:25:00,2025-02-26 13:32:00,F,40~49,office,seoul,0,0,0,0,24,0,0,33,0,0,completed
18941,U8942,2025-01-12 17:39:00,2025-01-12 17:41:00,F,50+,office,seoul,1,0,0,0,14,0,0,36,0,0,completed
18942,U8943,2025-01-04 15:52:00,2025-01-04 15:54:00,F,20~29,office,seoul,1,0,0,0,2,0,0,24,0,0,completed
18943,U8944,2025-05-19 15:01:00,2025-05-19 15:08:00,F,50+,office,seoul,0,0,0,0,13,0,0,53,0,0,completed
18944,U8945,2025-01-18 13:29:00,2025-01-18 13:34:00,F,30~39,office,seoul,1,0,0,0,12,0,0,27,0,0,completed
18945,U8946,2025-07-28 09:02:00,2025-07-28 09:07:00,M,30~39,office,seoul,0,0,0,0,13,0,0,23,0,0,completed
18946,U8947,2025-07-26 17:10:00,2025-07-26 17:16:00,M,30~39,office,seoul,1,0,0,0,17,0,0,38,0,0,completed
18947,U8948,2025-03-15 11:57:00,2025-03-15 12:00:00,M,20~29,office,seoul,1,0,0,0,5,0,0,53,0,0,completed
18948,U8949,2025-03-01 09:46:00,2025-03-01 09:52:00,F,20~29,office,seoul,1,0,0,0,7,0,0,70,0,0,completed
18949,U8950,2025-08-17 07:26:00,2025-08-17 07:32:00,F,20~29,office,seoul,1,0,0,0,14,0,0,36,0,0,completed
18950,U8951,2025-02-22 12:47:00,2025-02-22 12:50:00,M,20~29,office,seoul,1,0,0,0,27,0,0,30,0,0,completed
18951,U8952,2025-07-19 16:26:00,2025-07-19 16:31:00,M,30~39,office,seoul,1,0,0,0,25,0,0,44,0,0,completed
18952,U8953,2025-05-12 16:34:00,2025-05-12 16:38:00,F,50+,office,seoul,0,0,0,0,1,0,0,23,0,0,completed
18953,U8954,2025-04-27 13:17:00,2025-04-27 13:19:00,M,30~39,office,seoul,1,0,0,0,19,0,0,76,0,0,completed
18954,U8955,2025-05-05 19:06:00,2025-05-05 19:09:00,F,50+,office,seoul,0,0,0,0,11,0,0,38,0,1,completed
18955,U8956,2025-04-15 11:44:00,2025-04-15 11:48:00,M,30~39,office,seoul,0,0,0,0,0,0,0,63,0,0,completed
18956,U8957,2025-07-19 12:51:00,2025-07-19 12:58:00,F,20~29,office,seoul,1,0,0,0,13,0,0,11,0,0,abandoned
18957,U8958,2025-03-09 09:51:00,2025-03-09 09:55:00,F,50+,office,seoul,1,0,0,0,16,0,0,37,0,0,completed
18958,U8959,2025-03-23 19:13:00,2025-03-23 19:19:00,M,50+,office,seoul,1,0,0,0,29,0,0,75,0,0,completed
18959,U8960,2025-05-18 15:15:00,2025-05-18 15:19:00,M,20~29,office,seoul,1,0,0,0,11,0,0,17,0,0,completed
18960,U8961,2025-09-26 12:18:00,2025-09-26 12:22:00,M,30~39,office,seoul,0,0,0,0,11,0,0,65,0,0,completed
18961,U8962,2025-01-25 19:13:00,2025-01-25 19:18:00,M,20~29,office,seoul,1,0,0,0,9,0,0,75,0,0,abandoned
18962,U8963,2025-10-20 08:05:00,2025-10-20 08:10:00,F,50+,office,seoul,0,0,0,0,29,0,0,64,0,0,abandoned
18963,U8964,2025-05-20 14:44:00,2025-05-20 14:48:00,M,50+,office,seoul,0,0,0,0,3,0,0,14,0,1,completed
18964,U8965,2025-03-03 16:34:00,2025-03-03 16:38:00,F,40~49,office,seoul,0,0,0,0,12,0,0,47,0,0,completed
18965,U8966,2025-10-25 11:45:00,2025-10-25 11:51:00,M,30~39,office,seoul,1,0,0,0,25,0,0,13,0,0,completed
18966,U8967,2025-11-29 21:33:00,2025-11-29 21:39:00,F,30~39,office,seoul,1,0,0,0,5,0,0,64,0,0,completed
18967,U8968,2025-06-09 09:13:00,2025-06-09 09:19:00,F,20~29,office,seoul,0,0,0,0,1,0,0,79,0,0,completed
18968,U8969,2025-01-26 16:53:00,2025-01-26 16:56:00,F,30~39,office,seoul,1,0,0,0,29,0,0,70,0,0,completed
18969,U8970,2025-03-20 13:43:00,2025-03-20 13:48:00,F,40~49,office,seoul,0,0,0,0,9,0,0,63,0,0,completed
18970,U8971,2025-09-23 07:08:00,2025-09-23 07:15:00,F,40~49,office,seoul,0,0,0,0,10,0,0,27,1,0,completed
18971,U8972,2025-08-13 13:51:00,2025-08-13 13:58:00,M,50+,office,seoul,0,0,0,0,12,0,0,64,0,0,timeout
18972,U8973,2025-11-16 11:19:00,2025-11-16 11:22:00,M,50+,office,seoul,1,0,0,0,11,0,0,58,0,0,completed
18973,U8974,2025-05-15 09:32:00,2025-05-15 09:37:00,F,30~39,office,seoul,0,0,0,0,6,0,0,34,0,0,completed
18974,U8975,2025-05-22 13:25:00,2025-05-22 13:32:00,F,40~49,office,seoul,0,0,0,0,16,0,0,16,0,0,completed
18975,U8976,2025-10-15 08:40:00,2025-10-15 08:47:00,F,50+,office,seoul,0,0,0,0,0,0,0,40,0,0,completed
18976,U8977,2025-05-02 09:22:00,2025-05-02 09:25:00,M,20~29,office,seoul,0,0,0,0,23,0,0,36,0,0,completed
18977,U8978,2025-11-22 18:09:00,2025-11-22 18:15:00,M,30~39,office,seoul,1,0,0,0,25,0,0,21,0,0,completed
18978,U8979,2025-11-22 18:49:00,2025-11-22 18:52:00,M,30~39,office,seoul,1,0,0,0,23,0,0,72,0,0,completed
18979,U8980,2025-12-06 17:48:00,2025-12-06 17:55:00,M,40~49,office,seoul,1,0,0,0,24,0,0,28,0,1,completed
18980,U8981,2025-06-14 18:36:00,2025-06-14 18:42:00,M,30~39,office,seoul,1,0,0,0,7,0,0,74,0,0,completed
18981,U8982,2025-09-15 12:52:00,2025-09-15 12:57:00,F,30~39,office,seoul,0,0,0,0,16,0,0,59,0,0,completed
18982,U8983,2025-06-02 15:11:00,2025-06-02 15:17:00,F,40~49,office,seoul,0,0,0,0,7,0,0,18,0,0,completed
18983,U8984,2025-12-08 19:37:00,2025-12-08 19:39:00,F,50+,office,seoul,0,0,0,0,26,0,0,13,0,1,completed
18984,U8985,2025-01-03 09:17:00,2025-01-03 09:23:00,F,40~49,office,seoul,0,0,0,0,18,0,0,56,0,0,completed
18985,U8986,2025-01-26 16:12:00,2025-01-26 16:16:00,F,50+,office,seoul,1,0,0,0,0,0,0,29,0,0,completed
18986,U8987,2025-06-15 15:50:00,2025-06-15 15:56:00,F,20~29,office,seoul,1,0,0,0,28,0,0,49,0,0,completed
18987,U8988,2025-09-06 19:46:00,2025-09-06 19:52:00,M,30~39,office,seoul,1,0,0,0,14,0,0,19,0,0,completed
18988,U8989,2025-02-25 12:47:00,2025-02-25 12:49:00,F,50+,office,seoul,0,0,0,0,23,0,0,33,0,0,completed
18989,U8990,2025-04-10 12:11:00,2025-04-10 12:16:00,M,20~29,office,seoul,0,0,0,0,0,0,0,19,0,0,completed
18990,U8991,2025-04-03 19:09:00,2025-04-03 19:11:00,F,20~29,office,seoul,0,0,0,0,29,0,0,17,0,0,completed
18991,U8992,2025-03-11 16:32:00,2025-03-11 16:34:00,F,30~39,office,seoul,0,0,0,0,5,0,0,19,0,0,completed
18992,U8993,2025-12-15 17:14:00,2025-12-15 17:21:00,M,30~39,office,seoul,0,0,0,0,29,0,0,55,0,0,completed
18993,U8994,2025-03-10 09:26:00,2025-03-10 09:32:00,F,50+,office,seoul,0,0,0,0,14,0,0,32,0,0,completed
18994,U8995,2025-01-17 19:15:00,2025-01-17 19:21:00,M,20~29,office,seoul,0,0,0,0,23,0,0,60,0,0,timeout
18995,U8996,2025-03-29 19:02:00,2025-03-29 19:09:00,F,50+,office,seoul,1,0,0,0,0,0,0,13,0,0,completed
18996,U8997,2025-01-07 18:51:00,2025-01-07 18:53:00,F,30~39,office,seoul,0,0,0,0,0,0,0,26,0,0,completed
18997,U8998,2025-04-24 11:22:00,2025-04-24 11:26:00,M,40~49,office,seoul,0,0,0,0,28,0,0,35,0,0,timeout
18998,U8999,2025-07-27 14:08:00,2025-07-27 14:12:00,F,30~39,office,seoul,1,0,0,0,15,0,0,24,0,0,completed
18999,U9000,2025-12-10 15:14:00,2025-12-10 15:17:00,M,30~39,office,seoul,0,0,0,0,20,0,0,69,0,0,completed
19000,U9001,2025-02-11 09:27:00,2025-02-11 09:31:00,M,50+,office,seoul,0,0,0,0,22,0,0,61,0,0,completed
19001,U9002,2025-06-11 13:27:00,2025-06-11 13:33:00,M,20~29,office,seoul,0,0,0,0,8,0,0,62,0,0,completed
19002,U9003,2025-05-25 19:15:00,2025-05-25 19:17:00,M,40~49,office,seoul,1,0,0,0,4,0,0,31,0,0,completed
19003,U9004,2025-12-07 19:08:00,2025-12-07 19:15:00,M,30~39,office,seoul,1,0,0,0,3,0,0,31,0,0,completed
19004,U9005,2025-02-19 11:06:00,2025-02-19 11:09:00,M,30~39,office,seoul,0,0,0,0,2,0,0,53,0,0,completed
19005,U9006,2025-09-05 19:26:00,2025-09-05 19:32:00,F,20~29,office,seoul,0,0,0,0,25,0,0,15,0,0,completed
19006,U9007,2025-08-08 13:10:00,2025-08-08 13:17:00,F,40~49,office,seoul,0,0,0,0,19,0,0,68,0,0,completed
19007,U9008,2025-01-06 08:46:00,2025-01-06 08:52:00,F,50+,office,seoul,0,0,0,0,10,0,0,29,0,0,completed
19008,U9009,2025-01-06 14:57:00,2025-01-06 14:59:00,M,30~39,office,seoul,0,0,0,0,15,0,0,44,0,0,completed
19009,U9010,2025-06-17 14:03:00,2025-06-17 14:07:00,M,30~39,office,seoul,0,0,0,0,24,0,0,23,0,0,completed
19010,U9011,2025-12-30 19:25:00,2025-12-30 19:27:00,M,30~39,office,seoul,0,0,0,0,24,0,0,60,0,0,completed
19011,U9012,2025-05-14 18:30:00,2025-05-14 18:34:00,F,50+,office,seoul,0,0,0,0,23,0,0,78,0,0,abandoned
19012,U9013,2025-05-01 07:04:00,2025-05-01 07:08:00,M,50+,office,seoul,0,0,0,0,20,0,0,26,0,1,completed
19013,U9014,2025-05-09 12:58:00,2025-05-09 13:01:00,F,40~49,office,seoul,0,0,0,0,14,0,0,29,0,0,completed
19014,U9015,2025-01-09 16:15:00,2025-01-09 16:18:00,M,20~29,office,seoul,0,0,0,0,24,0,0,45,0,0,completed
19015,U9016,2025-01-09 09:40:00,2025-01-09 09:47:00,M,30~39,office,seoul,0,0,0,0,16,0,0,68,0,0,completed
19016,U9017,2025-02-10 16:32:00,2025-02-10 16:34:00,M,50+,office,seoul,0,0,0,0,27,0,0,46,0,0,completed
19017,U9018,2025-03-05 18:12:00,2025-03-05 18:15:00,F,20~29,office,seoul,0,0,0,0,24,0,0,43,0,0,completed
19018,U9019,2025-04-25 09:13:00,2025-04-25 09:19:00,F,30~39,office,seoul,0,0,0,0,29,0,0,77,0,0,completed
19019,U9020,2025-04-26 18:31:00,2025-04-26 18:35:00,F,20~29,office,seoul,1,0,0,0,12,0,0,74,0,1,timeout
19020,U9021,2025-03-22 08:20:00,2025-03-22 08:23:00,M,20~29,office,seoul,1,0,0,0,0,0,0,55,0,0,completed
19021,U9022,2025-08-01 20:27:00,2025-08-01 20:31:00,F,30~39,office,seoul,0,0,0,0,12,0,0,50,0,0,completed
19022,U9023,2025-05-02 13:41:00,2025-05-02 13:43:00,M,40~49,office,seoul,0,0,0,0,12,0,0,38,0,0,completed
19023,U9024,2025-11-25 14:02:00,2025-11-25 14:09:00,F,30~39,office,seoul,0,0,0,0,28,0,0,77,0,0,timeout
19024,U9025,2025-11-05 15:28:00,2025-11-05 15:30:00,F,20~29,office,seoul,0,0,0,0,24,0,0,22,0,0,completed
19025,U9026,2025-12-28 09:15:00,2025-12-28 09:21:00,M,20~29,office,seoul,1,0,0,0,19,0,0,31,0,0,completed
19026,U9027,2025-01-15 13:47:00,2025-01-15 13:50:00,F,30~39,office,seoul,0,0,0,0,1,0,0,76,0,0,completed
19027,U9028,2025-04-05 17:24:00,2025-04-05 17:28:00,M,20~29,office,seoul,1,0,0,0,23,0,0,70,0,0,completed
19028,U9029,2025-05-19 17:44:00,2025-05-19 17:49:00,M,40~49,office,seoul,0,0,0,0,15,0,0,17,0,0,completed
19029,U9030,2025-12-07 12:25:00,2025-12-07 12:29:00,F,40~49,office,seoul,1,0,0,0,14,0,0,28,0,0,completed
19030,U9031,2025-11-24 08:17:00,2025-11-24 08:20:00,M,30~39,office,seoul,0,0,0,0,25,0,0,23,0,0,completed
19031,U9032,2025-05-26 14:33:00,2025-05-26 14:37:00,M,20~29,office,seoul,0,0,0,0,13,0,0,14,0,0,completed
19032,U9033,2025-07-08 17:30:00,2025-07-08 17:34:00,F,20~29,office,seoul,0,0,0,0,4,0,0,66,0,0,completed
19033,U9034,2025-12-01 21:22:00,2025-12-01 21:26:00,F,50+,office,seoul,0,0,0,0,15,0,0,77,1,0,completed
19034,U9035,2025-03-25 08:07:00,2025-03-25 08:11:00,F,30~39,office,seoul,0,0,0,0,18,0,0,62,0,0,completed
19035,U9036,2025-10-07 20:09:00,2025-10-07 20:11:00,M,40~49,office,seoul,0,0,0,0,17,0,0,61,0,0,completed
19036,U9037,2025-05-01 09:38:00,2025-05-01 09:43:00,M,20~29,office,seoul,0,0,0,0,19,0,0,79,0,0,completed
19037,U9038,2025-08-10 14:50:00,2025-08-10 14:55:00,F,40~49,office,seoul,1,0,0,0,14,0,0,70,0,0,completed
19038,U9039,2025-02-07 08:18:00,2025-02-07 08:22:00,M,20~29,office,seoul,0,0,0,0,7,0,0,56,0,0,completed
19039,U9040,2025-07-30 21:38:00,2025-07-30 21:40:00,F,20~29,office,seoul,0,0,0,0,28,0,0,60,0,0,completed
19040,U9041,2025-01-15 13:39:00,2025-01-15 13:44:00,F,40~49,office,seoul,0,0,0,0,11,0,0,53,0,0,completed
19041,U9042,2025-01-24 15:06:00,2025-01-24 15:10:00,M,20~29,office,seoul,0,0,0,0,4,0,0,37,0,0,completed
19042,U9043,2025-11-05 07:27:00,2025-11-05 07:31:00,M,20~29,office,seoul,0,0,0,0,21,0,0,18,0,0,completed
19043,U9044,2025-03-22 18:11:00,2025-03-22 18:17:00,F,20~29,office,seoul,1,0,0,0,12,0,0,11,0,0,completed
19044,U9045,2025-05-02 12:15:00,2025-05-02 12:18:00,M,20~29,office,seoul,0,0,0,0,10,0,0,79,0,0,completed
19045,U9046,2025-11-06 16:42:00,2025-11-06 16:46:00,M,20~29,office,seoul,0,0,0,0,21,0,0,11,0,0,completed
19046,U9047,2025-01-10 07:44:00,2025-01-10 07:48:00,M,40~49,office,seoul,0,0,0,0,20,0,0,53,0,0,completed
19047,U9048,2025-03-14 19:01:00,2025-03-14 19:05:00,M,30~39,office,seoul,0,0,0,0,12,0,0,17,0,0,completed
19048,U9049,2025-10-17 11:13:00,2025-10-17 11:18:00,M,40~49,office,seoul,0,0,0,0,23,0,0,60,1,0,completed
19049,U9050,2025-09-20 15:28:00,2025-09-20 15:34:00,M,20~29,office,seoul,1,0,0,0,11,0,0,67,0,0,completed
19050,U9051,2025-05-05 08:13:00,2025-05-05 08:16:00,F,40~49,office,seoul,0,0,0,0,11,0,0,59,0,0,completed
19051,U9052,2025-08-14 18:37:00,2025-08-14 18:42:00,M,20~29,office,seoul,0,0,0,0,1,0,0,50,0,0,completed
19052,U9053,2025-10-09 21:51:00,2025-10-09 21:54:00,M,40~49,office,seoul,0,0,0,0,29,0,0,65,0,0,abandoned
19053,U9054,2025-06-29 16:58:00,2025-06-29 17:04:00,M,20~29,office,seoul,1,0,0,0,20,0,0,20,0,0,completed
19054,U9055,2025-04-07 09:37:00,2025-04-07 09:44:00,F,30~39,office,seoul,0,0,0,0,29,0,0,35,0,0,completed
19055,U9056,2025-02-05 12:34:00,2025-02-05 12:39:00,F,30~39,office,seoul,0,0,0,0,3,0,0,66,0,0,completed
19056,U9057,2025-03-05 21:25:00,2025-03-05 21:30:00,M,20~29,office,seoul,0,0,0,0,6,0,0,70,0,0,completed
19057,U9058,2025-12-29 16:53:00,2025-12-29 16:57:00,M,30~39,office,seoul,0,0,0,0,0,0,0,15,0,1,completed
19058,U9059,2025-09-11 14:58:00,2025-09-11 15:02:00,M,20~29,office,seoul,0,0,0,0,22,0,0,40,0,0,abandoned
19059,U9060,2025-02-20 11:21:00,2025-02-20 11:28:00,F,40~49,office,seoul,0,0,0,0,0,0,0,68,0,1,completed
19060,U9061,2025-02-28 07:02:00,2025-02-28 07:09:00,M,30~39,office,seoul,0,0,0,0,10,0,0,33,0,0,completed
19061,U9062,2025-12-07 16:36:00,2025-12-07 16:38:00,M,30~39,office,seoul,1,0,0,0,27,0,0,61,0,0,completed
19062,U9063,2025-09-22 12:28:00,2025-09-22 12:32:00,F,50+,office,seoul,0,0,0,0,13,0,0,56,0,0,completed
19063,U9064,2025-01-19 17:03:00,2025-01-19 17:08:00,M,30~39,office,seoul,1,0,0,0,25,0,0,63,0,0,completed
19064,U9065,2025-11-06 15:32:00,2025-11-06 15:38:00,F,20~29,office,seoul,0,0,0,0,19,0,0,63,0,0,completed
19065,U9066,2025-06-24 14:19:00,2025-06-24 14:25:00,F,20~29,office,seoul,0,0,0,0,0,0,0,70,0,0,completed
19066,U9067,2025-05-24 08:32:00,2025-05-24 08:35:00,M,40~49,office,seoul,1,0,0,0,29,0,0,51,0,0,completed
19067,U9068,2025-07-12 12:38:00,2025-07-12 12:40:00,M,20~29,office,seoul,1,0,0,0,15,0,0,21,0,0,completed
19068,U9069,2025-01-22 11:37:00,2025-01-22 11:39:00,F,30~39,office,seoul,0,0,0,0,27,0,0,67,0,0,completed
19069,U9070,2025-05-13 19:27:00,2025-05-13 19:31:00,F,20~29,office,seoul,0,0,0,0,19,0,0,35,0,0,completed
19070,U9071,2025-10-10 22:03:00,2025-10-10 22:09:00,F,20~29,office,seoul,0,0,0,0,21,0,0,31,0,0,completed
19071,U9072,2025-07-30 12:39:00,2025-07-30 12:43:00,M,50+,office,seoul,0,0,0,0,12,0,0,46,0,0,completed
19072,U9073,2025-02-25 21:49:00,2025-02-25 21:54:00,F,20~29,office,seoul,0,0,0,0,18,0,0,35,0,0,completed
19073,U9074,2025-06-18 09:07:00,2025-06-18 09:11:00,F,40~49,office,seoul,0,0,0,0,24,0,0,21,0,0,completed
19074,U9075,2025-10-08 12:25:00,2025-10-08 12:32:00,M,40~49,office,seoul,0,0,0,0,25,0,0,50,0,0,completed
19075,U9076,2025-05-10 13:25:00,2025-05-10 13:28:00,M,20~29,office,seoul,1,0,0,0,3,0,0,36,0,0,completed
19076,U9077,2025-12-30 21:16:00,2025-12-30 21:23:00,F,50+,office,seoul,0,0,0,0,26,0,0,35,0,0,completed
19077,U9078,2025-11-19 21:34:00,2025-11-19 21:41:00,M,50+,office,seoul,0,0,0,0,3,0,0,17,0,0,completed
19078,U9079,2025-08-05 16:52:00,2025-08-05 16:57:00,F,30~39,office,seoul,0,0,0,0,13,0,0,39,0,0,completed
19079,U9080,2025-01-26 17:43:00,2025-01-26 17:47:00,M,30~39,office,seoul,1,0,0,0,4,0,0,15,0,1,completed
19080,U9081,2025-12-10 19:36:00,2025-12-10 19:38:00,F,20~29,office,seoul,0,0,0,0,1,0,0,21,0,0,completed
19081,U9082,2025-12-30 13:17:00,2025-12-30 13:20:00,M,30~39,office,seoul,0,0,0,0,13,0,0,15,0,0,completed
19082,U9083,2025-01-14 11:05:00,2025-01-14 11:07:00,M,30~39,office,seoul,0,0,0,0,13,0,0,40,0,0,completed
19083,U9084,2025-06-13 13:08:00,2025-06-13 13:11:00,M,30~39,office,seoul,0,0,0,0,8,0,0,62,0,0,completed
19084,U9085,2025-05-11 11:26:00,2025-05-11 11:29:00,F,50+,office,seoul,1,0,0,0,7,0,0,54,0,0,completed
19085,U9086,2025-04-16 07:03:00,2025-04-16 07:10:00,F,50+,office,seoul,0,0,0,0,12,0,0,37,0,0,completed
19086,U9087,2025-06-12 18:28:00,2025-06-12 18:30:00,M,20~29,office,seoul,0,0,0,0,8,0,0,59,0,0,completed
19087,U9088,2025-07-21 08:29:00,2025-07-21 08:33:00,M,20~29,office,seoul,0,0,0,0,20,0,0,37,0,0,completed
19088,U9089,2025-05-01 19:54:00,2025-05-01 19:58:00,M,30~39,office,seoul,0,0,0,0,5,0,0,22,0,0,completed
19089,U9090,2025-11-06 12:51:00,2025-11-06 12:53:00,M,30~39,office,seoul,0,0,0,0,28,0,0,64,0,0,completed
19090,U9091,2025-12-07 15:17:00,2025-12-07 15:23:00,F,30~39,office,seoul,1,0,0,0,9,0,0,75,0,0,completed
19091,U9092,2025-04-29 08:17:00,2025-04-29 08:22:00,F,20~29,office,seoul,0,0,0,0,7,0,0,65,0,0,completed
19092,U9093,2025-04-25 15:42:00,2025-04-25 15:48:00,M,40~49,office,seoul,0,0,0,0,4,0,0,42,0,1,completed
19093,U9094,2025-01-28 12:38:00,2025-01-28 12:42:00,F,30~39,office,seoul,0,0,0,0,22,0,0,29,0,0,completed
19094,U9095,2025-04-12 15:33:00,2025-04-12 15:38:00,M,30~39,office,seoul,1,0,0,0,26,0,0,29,0,0,completed
19095,U9096,2025-08-11 16:57:00,2025-08-11 17:03:00,F,30~39,office,seoul,0,0,0,0,20,0,0,31,0,0,completed
19096,U9097,2025-01-18 18:30:00,2025-01-18 18:32:00,F,20~29,office,seoul,1,0,0,0,17,0,0,29,0,0,completed
19097,U9098,2025-03-27 22:00:00,2025-03-27 22:02:00,F,30~39,office,seoul,0,0,0,0,15,0,0,56,0,0,abandoned
19098,U9099,2025-08-17 19:55:00,2025-08-17 19:59:00,M,20~29,office,seoul,1,0,0,0,24,0,0,77,0,0,completed
19099,U9100,2025-09-21 20:04:00,2025-09-21 20:09:00,F,50+,office,seoul,1,0,0,0,21,0,0,53,0,0,completed
19100,U9101,2025-05-19 16:55:00,2025-05-19 16:58:00,F,50+,office,seoul,0,0,0,0,15,0,0,11,0,0,completed
19101,U9102,2025-06-12 17:13:00,2025-06-12 17:15:00,M,30~39,office,seoul,0,0,0,0,3,0,0,48,0,0,completed
19102,U9103,2025-10-27 09:33:00,2025-10-27 09:35:00,M,30~39,office,seoul,0,0,0,0,3,0,0,29,0,0,completed
19103,U9104,2025-06-01 14:49:00,2025-06-01 14:56:00,M,30~39,office,seoul,1,0,0,0,21,0,0,52,0,0,completed
19104,U9105,2025-12-30 11:53:00,2025-12-30 11:59:00,F,50+,office,seoul,0,0,0,0,17,0,0,75,0,0,completed
19105,U9106,2025-02-08 15:20:00,2025-02-08 15:25:00,M,20~29,office,seoul,1,0,0,0,9,0,0,56,0,0,completed
19106,U9107,2025-04-02 13:38:00,2025-04-02 13:41:00,M,50+,office,seoul,0,0,0,0,20,0,0,51,0,0,abandoned
19107,U9108,2025-01-14 08:23:00,2025-01-14 08:27:00,F,40~49,office,seoul,0,0,0,0,7,0,0,77,0,0,completed
19108,U9109,2025-11-22 08:15:00,2025-11-22 08:19:00,M,40~49,office,seoul,1,0,0,0,20,0,0,56,0,0,completed
19109,U9110,2025-07-22 13:29:00,2025-07-22 13:32:00,F,30~39,office,seoul,0,0,0,0,28,0,0,45,0,0,completed
19110,U9111,2025-02-05 18:35:00,2025-02-05 18:38:00,M,20~29,office,seoul,0,0,0,0,13,0,0,33,0,0,completed
19111,U9112,2025-08-30 14:28:00,2025-08-30 14:35:00,F,30~39,office,seoul,1,0,0,0,13,0,0,30,0,0,completed
19112,U9113,2025-10-08 15:57:00,2025-10-08 16:03:00,M,20~29,office,seoul,0,0,0,0,17,0,0,12,1,0,completed
19113,U9114,2025-01-01 14:22:00,2025-01-01 14:27:00,M,20~29,office,seoul,0,0,0,0,4,0,0,38,0,0,timeout
19114,U9115,2025-08-18 09:36:00,2025-08-18 09:43:00,F,20~29,office,seoul,0,0,0,0,4,0,0,50,0,0,completed
19115,U9116,2025-08-15 08:46:00,2025-08-15 08:49:00,M,30~39,office,seoul,0,0,0,0,9,0,0,52,0,0,completed
19116,U9117,2025-08-07 14:40:00,2025-08-07 14:47:00,F,50+,office,seoul,0,0,0,0,25,0,0,16,0,0,timeout
19117,U9118,2025-03-06 19:35:00,2025-03-06 19:37:00,F,20~29,office,seoul,0,0,0,0,28,0,0,53,0,0,completed
19118,U9119,2025-04-04 14:45:00,2025-04-04 14:49:00,F,40~49,office,seoul,0,0,0,0,21,0,0,71,1,0,completed
19119,U9120,2025-08-31 09:35:00,2025-08-31 09:39:00,F,20~29,office,seoul,1,0,0,0,10,0,0,12,0,0,completed
19120,U9121,2025-11-19 22:46:00,2025-11-19 22:53:00,F,40~49,office,seoul,0,0,0,0,10,0,0,65,0,0,abandoned
19121,U9122,2025-01-02 16:39:00,2025-01-02 16:45:00,F,20~29,office,seoul,0,0,0,0,23,0,0,20,0,0,completed
19122,U9123,2025-09-03 15:18:00,2025-09-03 15:20:00,M,20~29,office,seoul,0,0,0,0,1,0,0,71,0,0,completed
19123,U9124,2025-09-06 08:38:00,2025-09-06 08:44:00,M,30~39,office,seoul,1,0,0,0,24,0,0,78,0,0,completed
19124,U9125,2025-12-25 21:52:00,2025-12-25 21:57:00,M,20~29,office,seoul,0,0,0,0,13,0,0,16,0,0,completed
19125,U9126,2025-01-09 11:26:00,2025-01-09 11:32:00,M,50+,office,seoul,0,0,0,0,5,0,0,60,0,0,completed
19126,U9127,2025-02-28 09:33:00,2025-02-28 09:40:00,F,50+,office,seoul,0,0,0,0,5,0,0,62,0,0,completed
19127,U9128,2025-12-12 08:48:00,2025-12-12 08:53:00,M,20~29,office,seoul,0,0,0,0,0,0,0,50,0,0,completed
19128,U9129,2025-09-04 18:12:00,2025-09-04 18:18:00,F,30~39,office,seoul,0,0,0,0,0,0,0,29,0,0,completed
19129,U9130,2025-03-15 08:55:00,2025-03-15 09:00:00,F,40~49,office,seoul,1,0,0,0,8,0,0,52,0,1,completed
19130,U9131,2025-04-09 18:31:00,2025-04-09 18:34:00,M,50+,office,seoul,0,0,0,0,0,0,0,79,0,0,completed
19131,U9132,2025-05-09 21:55:00,2025-05-09 22:00:00,M,50+,office,seoul,0,0,0,0,0,0,0,17,0,0,completed
19132,U9133,2025-07-20 15:37:00,2025-07-20 15:39:00,M,20~29,office,seoul,1,0,0,0,3,0,0,38,0,0,completed
19133,U9134,2025-02-11 21:19:00,2025-02-11 21:21:00,M,20~29,office,seoul,0,0,0,0,11,0,0,19,0,0,completed
19134,U9135,2025-09-27 08:26:00,2025-09-27 08:32:00,F,20~29,office,seoul,1,0,0,0,0,0,0,17,0,0,completed
19135,U9136,2025-09-05 20:03:00,2025-09-05 20:05:00,M,20~29,office,seoul,0,0,0,0,9,0,0,37,0,0,completed
19136,U9137,2025-03-22 09:38:00,2025-03-22 09:43:00,F,20~29,office,seoul,1,0,0,0,17,0,0,14,0,0,abandoned
19137,U9138,2025-01-30 18:03:00,2025-01-30 18:05:00,F,30~39,office,seoul,0,0,0,0,28,0,0,60,0,0,completed
19138,U9139,2025-05-01 15:36:00,2025-05-01 15:41:00,F,20~29,office,seoul,0,0,0,0,9,0,0,19,0,0,completed
19139,U9140,2025-03-30 18:34:00,2025-03-30 18:39:00,F,20~29,office,seoul,1,0,0,0,13,0,0,18,0,0,completed
19140,U9141,2025-02-17 14:38:00,2025-02-17 14:44:00,F,40~49,office,seoul,0,0,0,0,18,0,0,61,0,0,completed
19141,U9142,2025-07-29 09:33:00,2025-07-29 09:39:00,F,20~29,office,seoul,0,0,0,0,16,0,0,35,0,0,completed
19142,U9143,2025-08-07 15:49:00,2025-08-07 15:54:00,F,20~29,office,seoul,0,0,0,0,9,0,0,65,0,0,completed
19143,U9144,2025-05-06 19:29:00,2025-05-06 19:34:00,F,20~29,office,seoul,0,0,0,0,15,0,0,40,0,0,completed
19144,U9145,2025-08-07 08:10:00,2025-08-07 08:16:00,F,50+,office,seoul,0,0,0,0,21,0,0,58,0,0,completed
19145,U9146,2025-01-06 15:47:00,2025-01-06 15:54:00,M,20~29,office,seoul,0,0,0,0,19,0,0,69,0,0,completed
19146,U9147,2025-02-17 08:12:00,2025-02-17 08:15:00,F,50+,office,seoul,0,0,0,0,11,0,0,36,0,0,completed
19147,U9148,2025-04-04 17:37:00,2025-04-04 17:43:00,F,30~39,office,seoul,0,0,0,0,5,0,0,63,0,0,completed
19148,U9149,2025-04-05 09:32:00,2025-04-05 09:38:00,F,20~29,office,seoul,1,0,0,0,21,0,0,76,0,0,completed
19149,U9150,2025-03-22 19:01:00,2025-03-22 19:04:00,F,20~29,office,seoul,1,0,0,0,10,0,0,65,0,0,completed
19150,U9151,2025-06-01 09:35:00,2025-06-01 09:41:00,F,20~29,office,seoul,1,0,0,0,25,0,0,13,0,0,completed
19151,U9152,2025-03-24 09:31:00,2025-03-24 09:38:00,M,30~39,office,seoul,0,0,0,0,10,0,0,50,0,0,completed
19152,U9153,2025-01-15 12:35:00,2025-01-15 12:38:00,M,30~39,office,seoul,0,0,0,0,15,0,0,63,0,0,completed
19153,U9154,2025-08-16 15:02:00,2025-08-16 15:09:00,F,20~29,office,seoul,1,0,0,0,20,0,0,64,0,0,completed
19154,U9155,2025-07-20 16:09:00,2025-07-20 16:12:00,M,50+,office,seoul,1,0,0,0,20,0,0,65,0,0,completed
19155,U9156,2025-07-18 12:00:00,2025-07-18 12:06:00,F,40~49,office,seoul,0,0,0,0,2,0,0,67,0,0,completed
19156,U9157,2025-06-13 18:32:00,2025-06-13 18:38:00,F,20~29,office,seoul,0,0,0,0,14,0,0,39,0,0,completed
19157,U9158,2025-03-13 18:04:00,2025-03-13 18:06:00,F,20~29,office,seoul,0,0,0,0,2,0,0,65,0,0,completed
19158,U9159,2025-09-25 20:39:00,2025-09-25 20:41:00,M,50+,office,seoul,0,0,0,0,1,0,0,76,0,0,completed
19159,U9160,2025-05-14 16:55:00,2025-05-14 17:00:00,F,40~49,office,seoul,0,0,0,0,22,0,0,36,0,0,completed
19160,U9161,2025-06-01 18:18:00,2025-06-01 18:21:00,F,20~29,office,seoul,1,0,0,0,28,0,0,33,0,0,completed
19161,U9162,2025-11-06 08:01:00,2025-11-06 08:07:00,F,30~39,office,seoul,0,0,0,0,5,0,0,15,0,0,abandoned
19162,U9163,2025-05-26 17:18:00,2025-05-26 17:23:00,F,20~29,office,seoul,0,0,0,0,11,0,0,53,0,0,error
19163,U9164,2025-12-21 13:13:00,2025-12-21 13:18:00,F,40~49,office,seoul,1,0,0,0,26,0,0,78,0,0,completed
19164,U9165,2025-06-18 18:32:00,2025-06-18 18:34:00,M,20~29,office,seoul,0,0,0,0,18,0,0,33,0,0,error
19165,U9166,2025-06-19 13:48:00,2025-06-19 13:55:00,F,20~29,office,seoul,0,0,0,0,22,0,0,67,0,0,completed
19166,U9167,2025-03-10 08:12:00,2025-03-10 08:17:00,F,40~49,office,seoul,0,0,0,0,12,0,0,41,0,0,completed
19167,U9168,2025-03-31 17:49:00,2025-03-31 17:53:00,M,50+,office,seoul,0,0,0,0,22,0,0,68,0,0,completed
19168,U9169,2025-06-24 08:14:00,2025-06-24 08:21:00,F,20~29,office,seoul,0,0,0,0,22,0,0,16,0,0,completed
19169,U9170,2025-11-06 16:06:00,2025-11-06 16:08:00,F,40~49,office,seoul,0,0,0,0,25,0,0,37,0,0,completed
19170,U9171,2025-03-19 16:43:00,2025-03-19 16:48:00,F,30~39,office,seoul,0,0,0,0,4,0,0,33,0,0,completed
19171,U9172,2025-08-05 20:12:00,2025-08-05 20:17:00,F,20~29,office,seoul,0,0,0,0,12,0,0,36,0,0,completed
19172,U9173,2025-01-18 18:20:00,2025-01-18 18:26:00,F,30~39,office,seoul,1,0,0,0,5,0,0,13,0,0,completed
19173,U9174,2025-05-04 14:38:00,2025-05-04 14:40:00,M,30~39,office,seoul,1,0,0,0,29,0,0,76,0,0,completed
19174,U9175,2025-05-05 09:17:00,2025-05-05 09:22:00,M,20~29,office,seoul,0,0,0,0,27,0,0,21,0,1,completed
19175,U9176,2025-08-24 16:02:00,2025-08-24 16:05:00,M,30~39,office,seoul,1,0,0,0,17,0,0,21,0,0,completed
19176,U9177,2025-07-03 14:35:00,2025-07-03 14:37:00,M,30~39,office,seoul,0,0,0,0,23,0,0,46,0,0,completed
19177,U9178,2025-10-18 15:47:00,2025-10-18 15:51:00,F,30~39,office,seoul,1,0,0,0,22,0,0,25,1,0,completed
19178,U9179,2025-12-17 15:52:00,2025-12-17 15:55:00,M,20~29,office,seoul,0,0,0,0,7,0,0,41,0,0,completed
19179,U9180,2025-05-08 17:18:00,2025-05-08 17:25:00,M,20~29,office,seoul,0,0,0,0,22,0,0,38,0,0,completed
19180,U9181,2025-11-11 15:11:00,2025-11-11 15:18:00,F,40~49,office,seoul,0,0,0,0,3,0,0,36,0,0,completed
19181,U9182,2025-01-02 09:57:00,2025-01-02 10:04:00,F,40~49,office,seoul,0,0,0,0,24,0,0,78,0,0,completed
19182,U9183,2025-02-16 09:28:00,2025-02-16 09:30:00,M,20~29,office,seoul,1,0,0,0,20,0,0,75,0,0,completed
19183,U9184,2025-03-19 20:58:00,2025-03-19 21:00:00,M,50+,office,seoul,0,0,0,0,26,0,0,58,0,0,completed
19184,U9185,2025-05-02 14:45:00,2025-05-02 14:48:00,F,30~39,office,seoul,0,0,0,0,5,0,0,31,0,0,completed
19185,U9186,2025-12-10 12:37:00,2025-12-10 12:39:00,M,30~39,office,seoul,0,0,0,0,25,0,0,14,0,0,completed
19186,U9187,2025-06-13 16:09:00,2025-06-13 16:13:00,F,20~29,office,seoul,0,0,0,0,20,0,0,41,0,1,completed
19187,U9188,2025-05-08 11:36:00,2025-05-08 11:40:00,F,30~39,office,seoul,0,0,0,0,1,0,0,44,0,0,completed
19188,U9189,2025-11-22 08:29:00,2025-11-22 08:33:00,M,30~39,office,seoul,1,0,0,0,8,0,0,30,0,0,completed
19189,U9190,2025-08-11 20:20:00,2025-08-11 20:23:00,F,40~49,office,seoul,0,0,0,0,11,0,0,56,0,0,completed
19190,U9191,2025-10-10 18:29:00,2025-10-10 18:36:00,M,50+,office,seoul,0,0,0,0,14,0,0,72,0,0,completed
19191,U9192,2025-07-18 13:54:00,2025-07-18 14:00:00,F,30~39,office,seoul,0,0,0,0,16,0,0,25,0,0,completed
19192,U9193,2025-06-06 14:50:00,2025-06-06 14:55:00,M,30~39,office,seoul,0,0,0,0,16,0,0,58,0,0,completed
19193,U9194,2025-08-14 12:23:00,2025-08-14 12:25:00,F,40~49,office,seoul,0,0,0,0,28,0,0,23,0,0,completed
19194,U9195,2025-05-29 17:22:00,2025-05-29 17:27:00,F,40~49,office,seoul,0,0,0,0,5,0,0,23,0,0,completed
19195,U9196,2025-05-01 17:35:00,2025-05-01 17:37:00,F,40~49,office,seoul,0,0,0,0,6,0,0,79,0,0,completed
19196,U9197,2025-05-01 14:11:00,2025-05-01 14:13:00,F,20~29,office,seoul,0,0,0,0,17,0,0,43,0,0,completed
19197,U9198,2025-10-31 13:06:00,2025-10-31 13:12:00,F,20~29,office,seoul,0,0,0,0,8,0,0,39,0,0,completed
19198,U9199,2025-06-01 13:53:00,2025-06-01 13:59:00,F,40~49,office,seoul,1,0,0,0,7,0,0,46,0,0,completed
19199,U9200,2025-09-24 19:46:00,2025-09-24 19:51:00,F,40~49,office,seoul,0,0,0,0,11,0,0,42,1,0,completed
19200,U9201,2025-02-19 11:11:00,2025-02-19 11:16:00,F,40~49,office,seoul,0,0,0,0,16,0,0,67,0,0,completed
19201,U9202,2025-06-01 11:19:00,2025-06-01 11:21:00,F,30~39,office,seoul,1,0,0,0,12,0,0,27,0,0,completed
19202,U9203,2025-04-23 07:33:00,2025-04-23 07:38:00,F,30~39,office,seoul,0,0,0,0,24,0,0,40,0,0,completed
19203,U9204,2025-12-07 22:38:00,2025-12-07 22:45:00,M,20~29,office,seoul,1,0,0,0,22,0,0,36,0,0,completed
19204,U9205,2025-07-12 17:20:00,2025-07-12 17:24:00,F,30~39,office,seoul,1,0,0,0,2,0,0,44,1,0,completed
19205,U9206,2025-09-07 17:47:00,2025-09-07 17:50:00,M,30~39,office,seoul,1,0,0,0,17,0,0,53,0,0,completed
19206,U9207,2025-02-27 17:22:00,2025-02-27 17:26:00,M,40~49,office,seoul,0,0,0,0,26,0,0,28,0,0,completed
19207,U9208,2025-08-25 17:46:00,2025-08-25 17:53:00,F,30~39,office,seoul,0,0,0,0,20,0,0,65,0,0,completed
19208,U9209,2025-03-31 08:18:00,2025-03-31 08:24:00,M,20~29,office,seoul,0,0,0,0,14,0,0,28,0,0,completed
19209,U9210,2025-07-31 07:37:00,2025-07-31 07:44:00,F,30~39,office,seoul,0,0,0,0,13,0,0,27,0,0,completed
19210,U9211,2025-08-16 16:12:00,2025-08-16 16:19:00,M,40~49,office,seoul,1,0,0,0,28,0,0,30,0,0,completed
19211,U9212,2025-12-14 09:00:00,2025-12-14 09:02:00,F,40~49,office,seoul,1,0,0,0,7,0,0,62,0,0,completed
19212,U9213,2025-04-28 16:09:00,2025-04-28 16:15:00,F,20~29,office,seoul,0,0,0,0,9,0,0,35,0,0,error
19213,U9214,2025-06-21 14:04:00,2025-06-21 14:10:00,F,40~49,office,seoul,1,0,0,0,13,0,0,53,0,0,completed
19214,U9215,2025-11-27 14:51:00,2025-11-27 14:54:00,F,30~39,office,seoul,0,0,0,0,18,0,0,29,0,0,completed
19215,U9216,2025-11-21 13:59:00,2025-11-21 14:02:00,F,20~29,office,seoul,0,0,0,0,22,0,0,19,0,0,completed
19216,U9217,2025-03-20 12:16:00,2025-03-20 12:18:00,F,30~39,office,seoul,0,0,0,0,8,0,0,29,0,0,completed
19217,U9218,2025-04-02 09:51:00,2025-04-02 09:58:00,M,50+,office,seoul,0,0,0,0,25,0,0,49,0,1,completed
19218,U9219,2025-09-21 14:46:00,2025-09-21 14:48:00,M,30~39,office,seoul,1,0,0,0,2,0,0,74,0,0,completed
19219,U9220,2025-06-18 09:56:00,2025-06-18 09:59:00,M,30~39,office,seoul,0,0,0,0,29,0,0,61,0,0,completed
19220,U9221,2025-01-15 14:27:00,2025-01-15 14:33:00,M,30~39,office,seoul,0,0,0,0,0,0,0,76,0,0,completed
19221,U9222,2025-01-31 13:46:00,2025-01-31 13:51:00,M,50+,office,seoul,0,0,0,0,3,0,0,13,0,0,abandoned
19222,U9223,2025-01-04 09:11:00,2025-01-04 09:18:00,M,20~29,office,seoul,1,0,0,0,22,0,0,72,0,0,completed
19223,U9224,2025-04-12 12:24:00,2025-04-12 12:30:00,F,40~49,office,seoul,1,0,0,0,12,0,0,58,0,0,completed
19224,U9225,2025-02-22 18:35:00,2025-02-22 18:37:00,M,30~39,office,seoul,1,0,0,0,13,0,0,30,0,0,completed
19225,U9226,2025-11-07 09:44:00,2025-11-07 09:50:00,M,30~39,office,seoul,0,0,0,0,0,0,0,53,0,0,completed
19226,U9227,2025-05-25 21:40:00,2025-05-25 21:45:00,F,20~29,office,seoul,1,0,0,0,0,0,0,72,0,0,completed
19227,U9228,2025-05-24 11:36:00,2025-05-24 11:42:00,F,40~49,office,seoul,1,0,0,0,10,0,0,66,0,0,completed
19228,U9229,2025-07-21 15:21:00,2025-07-21 15:23:00,F,20~29,office,seoul,0,0,0,0,22,0,0,27,0,0,completed
19229,U9230,2025-04-13 17:54:00,2025-04-13 17:57:00,F,50+,office,seoul,1,0,0,0,29,0,0,33,0,0,completed
19230,U9231,2025-01-17 12:03:00,2025-01-17 12:10:00,F,20~29,office,seoul,0,0,0,0,21,0,0,68,0,0,timeout
19231,U9232,2025-04-04 08:01:00,2025-04-04 08:06:00,F,30~39,office,seoul,0,0,0,0,15,0,0,61,0,0,completed
19232,U9233,2025-07-17 08:10:00,2025-07-17 08:15:00,M,40~49,office,seoul,0,0,0,0,26,0,0,40,1,0,completed
19233,U9234,2025-08-30 16:39:00,2025-08-30 16:45:00,F,20~29,office,seoul,1,0,0,0,9,0,0,71,0,0,completed
19234,U9235,2025-02-10 21:25:00,2025-02-10 21:32:00,M,30~39,office,seoul,0,0,0,0,1,0,0,76,0,0,completed
19235,U9236,2025-01-22 15:14:00,2025-01-22 15:16:00,F,50+,office,seoul,0,0,0,0,17,0,0,25,0,1,completed
19236,U9237,2025-06-12 18:46:00,2025-06-12 18:50:00,F,40~49,office,seoul,0,0,0,0,8,0,0,48,0,0,completed
19237,U9238,2025-02-06 18:40:00,2025-02-06 18:45:00,M,20~29,office,seoul,0,0,0,0,20,0,0,12,0,0,completed
19238,U9239,2025-11-08 09:17:00,2025-11-08 09:22:00,M,50+,office,seoul,1,0,0,0,26,0,0,11,0,0,completed
19239,U9240,2025-05-02 13:37:00,2025-05-02 13:44:00,M,50+,office,seoul,0,0,0,0,18,0,0,15,0,0,completed
19240,U9241,2025-06-15 13:46:00,2025-06-15 13:51:00,M,30~39,office,seoul,1,0,0,0,17,0,0,24,0,0,completed
19241,U9242,2025-09-09 13:17:00,2025-09-09 13:23:00,F,50+,office,seoul,0,0,0,0,23,0,0,32,0,0,completed
19242,U9243,2025-02-25 18:23:00,2025-02-25 18:29:00,F,50+,office,seoul,0,0,0,0,11,0,0,19,0,0,completed
19243,U9244,2025-01-16 13:29:00,2025-01-16 13:34:00,F,50+,office,seoul,0,0,0,0,25,0,0,30,1,0,completed
19244,U9245,2025-02-09 12:02:00,2025-02-09 12:08:00,F,30~39,office,seoul,1,0,0,0,17,0,0,20,0,0,completed
19245,U9246,2025-01-21 21:42:00,2025-01-21 21:46:00,F,30~39,office,seoul,0,0,0,0,24,0,0,36,0,0,completed
19246,U9247,2025-09-29 08:57:00,2025-09-29 09:02:00,F,20~29,office,seoul,0,0,0,0,29,0,0,76,0,0,completed
19247,U9248,2025-06-18 20:02:00,2025-06-18 20:04:00,M,30~39,office,seoul,0,0,0,0,29,0,0,29,0,0,completed
19248,U9249,2025-07-30 07:12:00,2025-07-30 07:16:00,M,20~29,office,seoul,0,0,0,0,18,0,0,65,0,0,completed
19249,U9250,2025-01-15 20:00:00,2025-01-15 20:03:00,F,40~49,office,seoul,0,0,0,0,2,0,0,11,0,0,completed
19250,U9251,2025-08-22 14:49:00,2025-08-22 14:54:00,F,20~29,office,seoul,0,0,0,0,15,0,0,30,0,0,completed
19251,U9252,2025-01-27 07:10:00,2025-01-27 07:16:00,F,20~29,office,seoul,0,0,0,0,12,0,0,51,0,0,completed
19252,U9253,2025-10-14 15:10:00,2025-10-14 15:12:00,M,30~39,office,seoul,0,0,0,0,12,0,0,73,0,0,completed
19253,U9254,2025-06-12 13:55:00,2025-06-12 13:57:00,M,30~39,office,seoul,0,0,0,0,12,0,0,66,0,0,completed
19254,U9255,2025-12-03 13:24:00,2025-12-03 13:27:00,F,30~39,office,seoul,0,0,0,0,28,0,0,52,0,0,completed
19255,U9256,2025-08-05 13:18:00,2025-08-05 13:20:00,F,20~29,office,seoul,0,0,0,0,7,0,0,25,0,0,completed
19256,U9257,2025-11-28 19:59:00,2025-11-28 20:02:00,M,20~29,office,seoul,0,0,0,0,27,0,0,67,0,0,completed
19257,U9258,2025-07-12 17:24:00,2025-07-12 17:27:00,F,30~39,office,seoul,1,0,0,0,4,0,0,40,0,0,completed
19258,U9259,2025-08-28 18:54:00,2025-08-28 18:58:00,F,30~39,office,seoul,0,0,0,0,0,0,0,30,0,0,completed
19259,U9260,2025-05-25 15:57:00,2025-05-25 16:00:00,M,20~29,office,seoul,1,0,0,0,8,0,0,38,0,0,completed
19260,U9261,2025-07-16 14:04:00,2025-07-16 14:10:00,M,40~49,office,seoul,0,0,0,0,19,0,0,42,0,0,abandoned
19261,U9262,2025-12-05 20:23:00,2025-12-05 20:25:00,M,20~29,office,seoul,0,0,0,0,27,0,0,50,0,0,completed
19262,U9263,2025-12-19 14:05:00,2025-12-19 14:11:00,F,40~49,office,seoul,0,0,0,0,12,0,0,46,0,0,completed
19263,U9264,2025-05-18 19:01:00,2025-05-18 19:04:00,F,20~29,office,seoul,1,0,0,0,13,0,0,76,0,0,completed
19264,U9265,2025-08-03 09:48:00,2025-08-03 09:50:00,M,20~29,office,seoul,1,0,0,0,17,0,0,72,0,0,completed
19265,U9266,2025-09-18 13:55:00,2025-09-18 13:59:00,F,30~39,office,seoul,0,0,0,0,7,0,0,58,0,0,completed
19266,U9267,2025-01-27 14:39:00,2025-01-27 14:45:00,F,30~39,office,seoul,0,0,0,0,28,0,0,45,0,0,completed
19267,U9268,2025-07-14 11:30:00,2025-07-14 11:34:00,M,30~39,office,seoul,0,0,0,0,10,0,0,64,0,0,completed
19268,U9269,2025-02-27 18:54:00,2025-02-27 19:01:00,M,30~39,office,seoul,0,0,0,0,19,0,0,41,0,0,completed
19269,U9270,2025-07-19 14:18:00,2025-07-19 14:25:00,M,30~39,office,seoul,1,0,0,0,8,0,0,19,0,0,completed
19270,U9271,2025-12-20 09:48:00,2025-12-20 09:55:00,F,50+,office,seoul,1,0,0,0,10,0,0,71,0,0,completed
19271,U9272,2025-06-13 09:27:00,2025-06-13 09:30:00,F,40~49,office,seoul,0,0,0,0,17,0,0,75,0,0,completed
19272,U9273,2025-12-15 20:59:00,2025-12-15 21:02:00,F,20~29,office,seoul,0,0,0,0,9,0,0,66,0,0,completed
19273,U9274,2025-01-09 09:36:00,2025-01-09 09:41:00,M,50+,office,seoul,0,0,0,0,27,0,0,39,1,0,completed
19274,U9275,2025-02-24 08:55:00,2025-02-24 09:00:00,F,40~49,office,seoul,0,0,0,0,16,0,0,60,0,0,completed
19275,U9276,2025-12-19 12:44:00,2025-12-19 12:50:00,F,20~29,office,seoul,0,0,0,0,2,0,0,14,0,0,completed
19276,U9277,2025-04-22 20:16:00,2025-04-22 20:23:00,F,30~39,office,seoul,0,0,0,0,10,0,0,54,0,0,completed
19277,U9278,2025-10-17 12:37:00,2025-10-17 12:39:00,F,20~29,office,seoul,0,0,0,0,14,0,0,76,0,0,completed
19278,U9279,2025-12-22 12:38:00,2025-12-22 12:43:00,M,20~29,office,seoul,0,0,0,0,11,0,0,72,0,0,completed
19279,U9280,2025-05-01 12:59:00,2025-05-01 13:01:00,M,50+,office,seoul,0,0,0,0,3,0,0,35,0,0,completed
19280,U9281,2025-06-09 16:22:00,2025-06-09 16:24:00,F,30~39,office,seoul,0,0,0,0,6,0,0,76,0,0,completed
19281,U9282,2025-03-16 12:56:00,2025-03-16 12:58:00,F,50+,office,seoul,1,0,0,0,21,0,0,70,0,0,completed
19282,U9283,2025-02-08 16:12:00,2025-02-08 16:19:00,M,40~49,office,seoul,1,0,0,0,2,0,0,28,0,0,completed
19283,U9284,2025-11-01 12:30:00,2025-11-01 12:33:00,M,30~39,office,seoul,1,0,0,0,12,0,0,73,0,0,completed
19284,U9285,2025-08-12 19:11:00,2025-08-12 19:15:00,M,30~39,office,seoul,0,0,0,0,22,0,0,43,0,0,completed
19285,U9286,2025-04-28 09:47:00,2025-04-28 09:54:00,M,40~49,office,seoul,0,0,0,0,12,0,0,34,0,0,completed
19286,U9287,2025-08-25 16:41:00,2025-08-25 16:43:00,M,30~39,office,seoul,0,0,0,0,21,0,0,53,0,0,completed
19287,U9288,2025-04-12 16:58:00,2025-04-12 17:00:00,F,50+,office,seoul,1,0,0,0,28,0,0,25,0,0,abandoned
19288,U9289,2025-04-13 15:03:00,2025-04-13 15:10:00,F,40~49,office,seoul,1,0,0,0,4,0,0,37,0,0,completed
19289,U9290,2025-07-17 17:49:00,2025-07-17 17:56:00,M,30~39,office,seoul,0,0,0,0,1,0,0,40,0,0,completed
19290,U9291,2025-05-21 16:38:00,2025-05-21 16:44:00,F,20~29,office,seoul,0,0,0,0,17,0,0,23,0,0,abandoned
19291,U9292,2025-01-28 19:18:00,2025-01-28 19:22:00,M,50+,office,seoul,0,0,0,0,28,0,0,65,0,0,completed
19292,U9293,2025-10-16 19:15:00,2025-10-16 19:19:00,M,30~39,office,seoul,0,0,0,0,18,0,0,75,1,0,completed
19293,U9294,2025-05-03 15:27:00,2025-05-03 15:29:00,F,30~39,office,seoul,1,0,0,0,26,0,0,60,0,0,completed
19294,U9295,2025-01-18 14:09:00,2025-01-18 14:14:00,M,30~39,office,seoul,1,0,0,0,23,0,0,37,0,0,completed
19295,U9296,2025-09-19 15:36:00,2025-09-19 15:40:00,F,50+,office,seoul,0,0,0,0,9,0,0,15,0,0,completed
19296,U9297,2025-06-25 09:47:00,2025-06-25 09:49:00,M,20~29,office,seoul,0,0,0,0,9,0,0,50,0,0,completed
19297,U9298,2025-02-07 18:11:00,2025-02-07 18:15:00,F,30~39,office,seoul,0,0,0,0,9,0,0,31,0,0,completed
19298,U9299,2025-07-16 15:43:00,2025-07-16 15:46:00,F,20~29,office,seoul,0,0,0,0,12,0,0,30,0,0,completed
19299,U9300,2025-04-28 20:25:00,2025-04-28 20:27:00,M,40~49,office,seoul,0,0,0,0,0,0,0,62,0,0,timeout
19300,U9301,2025-10-07 15:10:00,2025-10-07 15:16:00,F,20~29,office,seoul,0,0,0,0,5,0,0,78,0,0,completed
19301,U9302,2025-11-20 08:11:00,2025-11-20 08:18:00,F,30~39,office,seoul,0,0,0,0,5,0,0,45,0,0,completed
19302,U9303,2025-04-17 16:00:00,2025-04-17 16:02:00,F,40~49,office,seoul,0,0,0,0,19,0,0,14,0,0,completed
19303,U9304,2025-04-26 14:37:00,2025-04-26 14:44:00,M,40~49,office,seoul,1,0,0,0,7,0,0,57,1,0,completed
19304,U9305,2025-07-01 09:01:00,2025-07-01 09:06:00,M,40~49,office,seoul,0,0,0,0,20,0,0,17,0,0,completed
19305,U9306,2025-03-15 16:51:00,2025-03-15 16:58:00,F,50+,office,seoul,1,0,0,0,11,0,0,41,0,0,completed
19306,U9307,2025-04-04 12:48:00,2025-04-04 12:55:00,F,20~29,office,seoul,0,0,0,0,3,0,0,24,0,0,completed
19307,U9308,2025-10-13 18:41:00,2025-10-13 18:48:00,F,20~29,office,seoul,0,0,0,0,16,0,0,34,0,0,completed
19308,U9309,2025-07-24 14:02:00,2025-07-24 14:06:00,M,30~39,office,seoul,0,0,0,0,27,0,0,22,0,0,completed
19309,U9310,2025-09-08 07:21:00,2025-09-08 07:26:00,F,30~39,office,seoul,0,0,0,0,3,0,0,35,1,0,completed
19310,U9311,2025-08-19 15:52:00,2025-08-19 15:58:00,F,20~29,office,seoul,0,0,0,0,0,0,0,17,0,0,completed
19311,U9312,2025-04-21 15:55:00,2025-04-21 16:01:00,F,20~29,office,seoul,0,0,0,0,5,0,0,35,0,0,completed
19312,U9313,2025-03-19 15:58:00,2025-03-19 16:01:00,F,20~29,office,seoul,0,0,0,0,25,0,0,29,0,0,completed
19313,U9314,2025-09-25 13:23:00,2025-09-25 13:25:00,F,20~29,office,seoul,0,0,0,0,19,0,0,14,0,0,completed
19314,U9315,2025-04-08 16:49:00,2025-04-08 16:53:00,F,30~39,office,seoul,0,0,0,0,13,0,0,25,0,0,abandoned
19315,U9316,2025-11-28 09:30:00,2025-11-28 09:35:00,F,20~29,office,seoul,0,0,0,0,17,0,0,57,0,0,completed
19316,U9317,2025-01-17 16:18:00,2025-01-17 16:21:00,M,30~39,office,seoul,0,0,0,0,20,0,0,54,0,0,abandoned
19317,U9318,2025-10-23 09:20:00,2025-10-23 09:23:00,M,40~49,office,seoul,0,0,0,0,5,0,0,70,0,0,abandoned
19318,U9319,2025-10-06 11:19:00,2025-10-06 11:24:00,F,50+,office,seoul,0,0,0,0,25,0,0,56,0,0,completed
19319,U9320,2025-07-09 12:51:00,2025-07-09 12:55:00,F,30~39,office,seoul,0,0,0,0,3,0,0,48,0,0,completed
19320,U9321,2025-06-04 09:06:00,2025-06-04 09:08:00,F,20~29,office,seoul,0,0,0,0,24,0,0,49,0,0,completed
19321,U9322,2025-01-31 17:44:00,2025-01-31 17:51:00,F,20~29,office,seoul,0,0,0,0,25,0,0,51,0,0,completed
19322,U9323,2025-07-06 15:15:00,2025-07-06 15:18:00,M,30~39,office,seoul,1,0,0,0,7,0,0,12,0,0,completed
19323,U9324,2025-10-11 15:18:00,2025-10-11 15:22:00,M,20~29,office,seoul,1,0,0,0,2,0,0,52,0,0,timeout
19324,U9325,2025-04-08 20:08:00,2025-04-08 20:12:00,F,30~39,office,seoul,0,0,0,0,22,0,0,65,0,0,completed
19325,U9326,2025-11-18 12:27:00,2025-11-18 12:33:00,F,30~39,office,seoul,0,0,0,0,12,0,0,42,0,0,completed
19326,U9327,2025-06-26 15:33:00,2025-06-26 15:37:00,M,50+,office,seoul,0,0,0,0,7,0,0,76,0,0,completed
19327,U9328,2025-04-15 15:46:00,2025-04-15 15:51:00,M,30~39,office,seoul,0,0,0,0,10,0,0,55,0,0,completed
19328,U9329,2025-10-20 14:37:00,2025-10-20 14:40:00,F,20~29,office,seoul,0,0,0,0,3,0,0,58,0,0,completed
19329,U9330,2025-09-03 13:29:00,2025-09-03 13:32:00,M,30~39,office,seoul,0,0,0,0,11,0,0,13,0,0,completed
19330,U9331,2025-07-08 14:59:00,2025-07-08 15:04:00,M,30~39,office,seoul,0,0,0,0,5,0,0,45,1,0,completed
19331,U9332,2025-05-30 11:46:00,2025-05-30 11:50:00,F,30~39,office,seoul,0,0,0,0,8,0,0,38,0,0,completed
19332,U9333,2025-05-24 14:54:00,2025-05-24 15:00:00,F,50+,office,seoul,1,0,0,0,28,0,0,69,0,0,completed
19333,U9334,2025-03-30 19:30:00,2025-03-30 19:37:00,F,20~29,office,seoul,1,0,0,0,7,0,0,16,0,0,completed
19334,U9335,2025-02-18 14:27:00,2025-02-18 14:34:00,F,30~39,office,seoul,0,0,0,0,8,0,0,14,0,0,completed
19335,U9336,2025-11-15 18:06:00,2025-11-15 18:13:00,M,30~39,office,seoul,1,0,0,0,15,0,0,48,1,0,completed
19336,U9337,2025-06-30 18:52:00,2025-06-30 18:57:00,F,50+,office,seoul,0,0,0,0,4,0,0,54,0,0,completed
19337,U9338,2025-06-18 13:04:00,2025-06-18 13:10:00,M,50+,office,seoul,0,0,0,0,9,0,0,66,0,0,completed
19338,U9339,2025-08-13 07:11:00,2025-08-13 07:17:00,F,40~49,office,seoul,0,0,0,0,16,0,0,76,0,0,completed
19339,U9340,2025-12-17 19:15:00,2025-12-17 19:20:00,F,20~29,office,seoul,0,0,0,0,22,0,0,38,0,0,completed
19340,U9341,2025-01-31 15:13:00,2025-01-31 15:16:00,F,50+,office,seoul,0,0,0,0,1,0,0,12,0,0,abandoned
19341,U9342,2025-05-12 07:47:00,2025-05-12 07:49:00,F,40~49,office,seoul,0,0,0,0,23,0,0,76,0,0,abandoned
19342,U9343,2025-07-18 07:43:00,2025-07-18 07:49:00,F,40~49,office,seoul,0,0,0,0,2,0,0,10,0,0,completed
19343,U9344,2025-10-01 08:45:00,2025-10-01 08:50:00,F,30~39,office,seoul,0,0,0,0,22,0,0,48,0,0,completed
19344,U9345,2025-02-21 15:01:00,2025-02-21 15:03:00,F,20~29,office,seoul,0,0,0,0,22,0,0,72,0,0,completed
19345,U9346,2025-01-23 08:54:00,2025-01-23 08:56:00,M,50+,office,seoul,0,0,0,0,6,0,0,11,0,0,completed
19346,U9347,2025-03-28 19:58:00,2025-03-28 20:03:00,M,20~29,office,seoul,0,0,0,0,13,0,0,23,0,0,timeout
19347,U9348,2025-03-04 15:52:00,2025-03-04 15:56:00,F,40~49,office,seoul,0,0,0,0,1,0,0,42,0,0,completed
19348,U9349,2025-10-08 11:14:00,2025-10-08 11:20:00,M,20~29,office,seoul,0,0,0,0,6,0,0,78,0,0,completed
19349,U9350,2025-06-25 14:28:00,2025-06-25 14:30:00,F,40~49,office,seoul,0,0,0,0,7,0,0,62,0,0,completed
19350,U9351,2025-07-07 16:59:00,2025-07-07 17:06:00,F,50+,office,seoul,0,0,0,0,15,0,0,33,0,0,completed
19351,U9352,2025-04-30 19:49:00,2025-04-30 19:55:00,F,40~49,office,seoul,0,0,0,0,12,0,0,51,0,0,completed
19352,U9353,2025-03-08 16:03:00,2025-03-08 16:05:00,M,40~49,office,seoul,1,0,0,0,0,0,0,11,0,0,completed
19353,U9354,2025-06-01 14:36:00,2025-06-01 14:38:00,M,20~29,office,seoul,1,0,0,0,14,0,0,19,0,0,completed
19354,U9355,2025-11-30 16:41:00,2025-11-30 16:48:00,M,30~39,office,seoul,1,0,0,0,28,0,0,38,0,0,completed
19355,U9356,2025-03-10 08:17:00,2025-03-10 08:20:00,M,30~39,office,seoul,0,0,0,0,13,0,0,43,0,0,completed
19356,U9357,2025-08-20 09:23:00,2025-08-20 09:26:00,F,40~49,office,seoul,0,0,0,0,27,0,0,46,1,0,completed
19357,U9358,2025-05-21 16:36:00,2025-05-21 16:38:00,F,20~29,office,seoul,0,0,0,0,17,0,0,25,0,0,completed
19358,U9359,2025-05-30 07:28:00,2025-05-30 07:34:00,M,40~49,office,seoul,0,0,0,0,29,0,0,70,0,0,completed
19359,U9360,2025-12-03 09:09:00,2025-12-03 09:12:00,M,30~39,office,seoul,0,0,0,0,11,0,0,18,0,0,completed
19360,U9361,2025-04-13 09:37:00,2025-04-13 09:39:00,M,20~29,office,seoul,1,0,0,0,18,0,0,78,0,0,completed
19361,U9362,2025-10-01 15:42:00,2025-10-01 15:48:00,M,50+,office,seoul,0,0,0,0,22,0,0,73,0,0,completed
19362,U9363,2025-07-01 08:06:00,2025-07-01 08:08:00,F,20~29,office,seoul,0,0,0,0,26,0,0,66,0,0,completed
19363,U9364,2025-06-17 19:08:00,2025-06-17 19:14:00,F,20~29,office,seoul,0,0,0,0,27,0,0,41,0,0,timeout
19364,U9365,2025-07-04 12:08:00,2025-07-04 12:13:00,F,50+,office,seoul,0,0,0,0,26,0,0,35,0,0,completed
19365,U9366,2025-07-19 12:05:00,2025-07-19 12:10:00,M,20~29,office,seoul,1,0,0,0,29,0,0,48,1,0,completed
19366,U9367,2025-06-11 12:05:00,2025-06-11 12:09:00,F,40~49,office,seoul,0,0,0,0,2,0,0,67,0,0,completed
19367,U9368,2025-09-20 11:20:00,2025-09-20 11:23:00,F,40~49,office,seoul,1,0,0,0,19,0,0,37,0,0,completed
19368,U9369,2025-09-04 09:37:00,2025-09-04 09:42:00,M,30~39,office,seoul,0,0,0,0,1,0,0,13,0,0,completed
19369,U9370,2025-07-25 08:51:00,2025-07-25 08:55:00,M,50+,office,seoul,0,0,0,0,9,0,0,74,1,0,completed
19370,U9371,2025-08-31 18:20:00,2025-08-31 18:25:00,F,30~39,office,seoul,1,0,0,0,6,0,0,79,0,0,completed
19371,U9372,2025-05-06 09:22:00,2025-05-06 09:26:00,F,40~49,office,seoul,0,0,0,0,17,0,0,45,0,0,abandoned
19372,U9373,2025-07-30 14:33:00,2025-07-30 14:40:00,F,50+,office,seoul,0,0,0,0,11,0,0,10,0,1,completed
19373,U9374,2025-08-29 15:04:00,2025-08-29 15:08:00,M,20~29,office,seoul,0,0,0,0,27,0,0,75,0,0,completed
19374,U9375,2025-05-30 12:18:00,2025-05-30 12:24:00,F,50+,office,seoul,0,0,0,0,2,0,0,14,0,0,completed
19375,U9376,2025-05-01 07:51:00,2025-05-01 07:53:00,F,40~49,office,seoul,0,0,0,0,5,0,0,36,0,0,completed
19376,U9377,2025-05-29 18:38:00,2025-05-29 18:40:00,F,20~29,office,seoul,0,0,0,0,27,0,0,24,0,0,completed
19377,U9378,2025-10-26 16:39:00,2025-10-26 16:43:00,M,20~29,office,seoul,1,0,0,0,28,0,0,32,0,0,completed
19378,U9379,2025-12-09 07:49:00,2025-12-09 07:53:00,M,20~29,office,seoul,0,0,0,0,17,0,0,62,0,0,completed
19379,U9380,2025-04-01 15:54:00,2025-04-01 15:58:00,F,50+,office,seoul,0,0,0,0,23,0,0,20,0,0,completed
19380,U9381,2025-01-03 15:08:00,2025-01-03 15:14:00,F,20~29,office,seoul,0,0,0,0,11,0,0,31,0,0,completed
19381,U9382,2025-06-18 14:51:00,2025-06-18 14:56:00,F,30~39,office,seoul,0,0,0,0,17,0,0,12,0,0,completed
19382,U9383,2025-04-05 15:22:00,2025-04-05 15:25:00,M,50+,office,seoul,1,0,0,0,0,0,0,24,0,0,completed
19383,U9384,2025-12-11 14:45:00,2025-12-11 14:51:00,F,40~49,office,seoul,0,0,0,0,8,0,0,17,0,0,completed
19384,U9385,2025-07-23 13:11:00,2025-07-23 13:17:00,M,30~39,office,seoul,0,0,0,0,0,0,0,27,0,0,completed
19385,U9386,2025-09-16 09:39:00,2025-09-16 09:45:00,F,50+,office,seoul,0,0,0,0,14,0,0,58,0,0,completed
19386,U9387,2025-02-09 16:22:00,2025-02-09 16:27:00,F,20~29,office,seoul,1,0,0,0,4,0,0,10,0,0,completed
19387,U9388,2025-07-16 15:29:00,2025-07-16 15:31:00,M,40~49,office,seoul,0,0,0,0,4,0,0,14,0,0,completed
19388,U9389,2025-04-21 15:27:00,2025-04-21 15:29:00,F,20~29,office,seoul,0,0,0,0,26,0,0,35,0,0,completed
19389,U9390,2025-10-23 19:28:00,2025-10-23 19:34:00,M,40~49,office,seoul,0,0,0,0,4,0,0,42,0,0,completed
19390,U9391,2025-06-24 07:15:00,2025-06-24 07:21:00,F,50+,office,seoul,0,0,0,0,25,0,0,69,0,0,completed
19391,U9392,2025-04-22 15:50:00,2025-04-22 15:52:00,F,20~29,office,seoul,0,0,0,0,9,0,0,37,0,0,completed
19392,U9393,2025-09-07 14:22:00,2025-09-07 14:26:00,F,20~29,office,seoul,1,0,0,0,9,0,0,66,0,0,completed
19393,U9394,2025-12-09 18:37:00,2025-12-09 18:41:00,M,20~29,office,seoul,0,0,0,0,10,0,0,14,0,0,completed
19394,U9395,2025-12-02 22:21:00,2025-12-02 22:27:00,F,20~29,office,seoul,0,0,0,0,25,0,0,11,0,0,completed
19395,U9396,2025-10-05 15:18:00,2025-10-05 15:22:00,F,20~29,office,seoul,1,0,0,0,12,0,0,26,0,0,completed
19396,U9397,2025-10-27 11:02:00,2025-10-27 11:05:00,F,20~29,office,seoul,0,0,0,0,0,0,0,21,0,0,completed
19397,U9398,2025-09-29 08:14:00,2025-09-29 08:16:00,M,30~39,office,seoul,0,0,0,0,8,0,0,25,0,0,completed
19398,U9399,2025-02-16 09:33:00,2025-02-16 09:40:00,M,30~39,office,seoul,1,0,0,0,2,0,0,53,0,0,completed
19399,U9400,2025-07-16 13:58:00,2025-07-16 14:02:00,M,20~29,office,seoul,0,0,0,0,0,0,0,12,0,0,completed
19400,U9401,2025-10-01 14:33:00,2025-10-01 14:39:00,M,30~39,office,seoul,0,0,0,0,16,0,0,78,0,0,completed
19401,U9402,2025-04-19 13:22:00,2025-04-19 13:25:00,F,50+,office,seoul,1,0,0,0,18,0,0,49,1,0,completed
19402,U9403,2025-04-29 22:24:00,2025-04-29 22:27:00,M,40~49,office,seoul,0,0,0,0,16,0,0,15,0,0,completed
19403,U9404,2025-01-12 17:20:00,2025-01-12 17:24:00,M,50+,office,seoul,1,0,0,0,9,0,0,47,0,0,completed
19404,U9405,2025-10-31 22:01:00,2025-10-31 22:05:00,F,20~29,office,seoul,0,0,0,0,15,0,0,36,0,0,completed
19405,U9406,2025-09-07 07:58:00,2025-09-07 08:02:00,M,50+,office,seoul,1,0,0,0,11,0,0,34,0,0,completed
19406,U9407,2025-08-16 18:10:00,2025-08-16 18:15:00,F,40~49,office,seoul,1,0,0,0,1,0,0,67,0,0,completed
19407,U9408,2025-11-08 19:12:00,2025-11-08 19:19:00,F,20~29,office,seoul,1,0,0,0,13,0,0,73,0,0,completed
19408,U9409,2025-12-20 19:12:00,2025-12-20 19:14:00,F,30~39,office,seoul,1,0,0,0,14,0,0,78,0,0,timeout
19409,U9410,2025-06-15 18:25:00,2025-06-15 18:32:00,M,40~49,office,seoul,1,0,0,0,20,0,0,12,0,0,completed
19410,U9411,2025-02-18 13:10:00,2025-02-18 13:17:00,F,30~39,office,seoul,0,0,0,0,18,0,0,30,0,0,completed
19411,U9412,2025-04-08 09:48:00,2025-04-08 09:52:00,F,40~49,office,seoul,0,0,0,0,21,0,0,11,0,0,completed
19412,U9413,2025-02-18 15:12:00,2025-02-18 15:19:00,F,30~39,office,seoul,0,0,0,0,1,0,0,18,0,0,completed
19413,U9414,2025-05-01 09:36:00,2025-05-01 09:41:00,M,50+,office,seoul,0,0,0,0,21,0,0,16,0,0,completed
19414,U9415,2025-05-14 22:41:00,2025-05-14 22:45:00,M,50+,office,seoul,0,0,0,0,28,0,0,76,0,0,completed
19415,U9416,2025-01-17 12:57:00,2025-01-17 13:02:00,F,30~39,office,seoul,0,0,0,0,24,0,0,20,0,0,completed
19416,U9417,2025-02-03 20:15:00,2025-02-03 20:22:00,M,20~29,office,seoul,0,0,0,0,22,0,0,73,0,0,completed
19417,U9418,2025-05-10 14:05:00,2025-05-10 14:10:00,M,20~29,office,seoul,1,0,0,0,4,0,0,12,0,0,completed
19418,U9419,2025-11-20 14:20:00,2025-11-20 14:23:00,M,40~49,office,seoul,0,0,0,0,7,0,0,46,0,0,completed
19419,U9420,2025-10-26 09:49:00,2025-10-26 09:55:00,M,20~29,office,seoul,1,0,0,0,15,0,0,40,0,0,completed
19420,U9421,2025-10-09 09:37:00,2025-10-09 09:42:00,F,20~29,office,seoul,0,0,0,0,2,0,0,38,0,0,completed
19421,U9422,2025-11-18 16:12:00,2025-11-18 16:16:00,F,50+,office,seoul,0,0,0,0,17,0,0,32,0,0,completed
19422,U9423,2025-09-10 09:43:00,2025-09-10 09:45:00,M,20~29,office,seoul,0,0,0,0,3,0,0,48,0,0,completed
19423,U9424,2025-05-07 14:33:00,2025-05-07 14:37:00,F,20~29,office,seoul,0,0,0,0,29,0,0,22,0,0,abandoned
19424,U9425,2025-02-28 17:48:00,2025-02-28 17:51:00,M,50+,office,seoul,0,0,0,0,4,0,0,68,0,1,completed
19425,U9426,2025-08-14 17:38:00,2025-08-14 17:42:00,M,30~39,office,seoul,0,0,0,0,17,0,0,35,0,0,completed
19426,U9427,2025-05-31 16:36:00,2025-05-31 16:41:00,M,30~39,office,seoul,1,0,0,0,8,0,0,19,0,0,abandoned
19427,U9428,2025-07-10 09:59:00,2025-07-10 10:06:00,M,50+,office,seoul,0,0,0,0,13,0,0,35,0,0,completed
19428,U9429,2025-02-26 20:27:00,2025-02-26 20:31:00,M,20~29,office,seoul,0,0,0,0,10,0,0,63,0,0,completed
19429,U9430,2025-06-03 13:27:00,2025-06-03 13:31:00,F,50+,office,seoul,0,0,0,0,5,0,0,66,0,0,completed
19430,U9431,2025-02-18 16:51:00,2025-02-18 16:56:00,M,40~49,office,seoul,0,0,0,0,8,0,0,40,0,0,completed
19431,U9432,2025-10-25 13:30:00,2025-10-25 13:32:00,M,20~29,office,seoul,1,0,0,0,14,0,0,21,0,0,completed
19432,U9433,2025-03-18 14:54:00,2025-03-18 14:59:00,M,20~29,office,seoul,0,0,0,0,29,0,0,32,0,0,completed
19433,U9434,2025-07-24 16:09:00,2025-07-24 16:11:00,M,40~49,office,seoul,0,0,0,0,24,0,0,63,0,0,completed
19434,U9435,2025-01-23 11:22:00,2025-01-23 11:28:00,M,40~49,office,seoul,0,0,0,0,14,0,0,22,0,0,completed
19435,U9436,2025-08-15 13:50:00,2025-08-15 13:55:00,F,30~39,office,seoul,0,0,0,0,23,0,0,61,0,0,completed
19436,U9437,2025-04-08 15:41:00,2025-04-08 15:48:00,F,20~29,office,seoul,0,0,0,0,22,0,0,12,0,0,abandoned
19437,U9438,2025-09-10 09:44:00,2025-09-10 09:46:00,F,20~29,office,seoul,0,0,0,0,16,0,0,26,0,0,completed
19438,U9439,2025-03-01 12:36:00,2025-03-01 12:42:00,F,20~29,office,seoul,1,0,0,0,9,0,0,13,0,0,completed
19439,U9440,2025-11-17 15:32:00,2025-11-17 15:38:00,F,20~29,office,seoul,0,0,0,0,15,0,0,54,0,0,completed
19440,U9441,2025-04-09 12:42:00,2025-04-09 12:44:00,F,50+,office,seoul,0,0,0,0,10,0,0,69,0,0,completed
19441,U9442,2025-04-21 07:47:00,2025-04-21 07:49:00,M,30~39,office,seoul,0,0,0,0,15,0,0,68,0,0,completed
19442,U9443,2025-09-07 07:11:00,2025-09-07 07:13:00,F,30~39,office,seoul,1,0,0,0,21,0,0,38,0,0,completed
19443,U9444,2025-03-01 16:03:00,2025-03-01 16:08:00,M,30~39,office,seoul,1,0,0,0,9,0,0,30,0,0,completed
19444,U9445,2025-06-22 15:55:00,2025-06-22 15:58:00,M,50+,office,seoul,1,0,0,0,10,0,0,64,0,0,completed
19445,U9446,2025-07-31 17:06:00,2025-07-31 17:11:00,F,30~39,office,seoul,0,0,0,0,11,0,0,51,0,0,completed
19446,U9447,2025-10-29 12:21:00,2025-10-29 12:28:00,F,20~29,office,seoul,0,0,0,0,12,0,0,63,0,0,completed
19447,U9448,2025-10-20 18:36:00,2025-10-20 18:41:00,F,50+,office,seoul,0,0,0,0,9,0,0,45,1,0,completed
19448,U9449,2025-05-17 16:21:00,2025-05-17 16:25:00,M,20~29,office,seoul,1,0,0,0,14,0,0,72,0,0,completed
19449,U9450,2025-11-16 19:04:00,2025-11-16 19:07:00,M,30~39,office,seoul,1,0,0,0,28,0,0,28,0,0,completed
19450,U9451,2025-12-31 14:08:00,2025-12-31 14:14:00,F,40~49,office,seoul,0,0,0,0,17,0,0,40,0,0,completed
19451,U9452,2025-11-01 08:33:00,2025-11-01 08:38:00,F,30~39,office,seoul,1,0,0,0,1,0,0,50,0,0,completed
19452,U9453,2025-08-02 18:55:00,2025-08-02 19:02:00,F,40~49,office,seoul,1,0,0,0,27,0,0,42,1,0,completed
19453,U9454,2025-02-28 14:48:00,2025-02-28 14:54:00,F,30~39,office,seoul,0,0,0,0,7,0,0,66,0,0,completed
19454,U9455,2025-09-30 17:51:00,2025-09-30 17:56:00,F,30~39,office,seoul,0,0,0,0,8,0,0,28,0,0,completed
19455,U9456,2025-07-29 17:22:00,2025-07-29 17:29:00,M,30~39,office,seoul,0,0,0,0,0,0,0,35,0,0,completed
19456,U9457,2025-07-15 09:17:00,2025-07-15 09:23:00,M,20~29,office,seoul,0,0,0,0,21,0,0,78,0,0,error
19457,U9458,2025-02-09 09:18:00,2025-02-09 09:23:00,F,20~29,office,seoul,1,0,0,0,4,0,0,33,0,0,completed
19458,U9459,2025-04-23 13:00:00,2025-04-23 13:03:00,F,20~29,office,seoul,0,0,0,0,5,0,0,30,0,0,timeout
19459,U9460,2025-03-24 08:05:00,2025-03-24 08:07:00,F,50+,office,seoul,0,0,0,0,7,0,0,67,0,0,completed
19460,U9461,2025-06-04 12:50:00,2025-06-04 12:55:00,F,20~29,office,seoul,0,0,0,0,19,0,0,17,0,0,completed
19461,U9462,2025-08-24 12:19:00,2025-08-24 12:22:00,M,30~39,office,seoul,1,0,0,0,7,0,0,54,0,0,completed
19462,U9463,2025-09-13 14:36:00,2025-09-13 14:40:00,M,40~49,office,seoul,1,0,0,0,10,0,0,51,0,0,completed
19463,U9464,2025-08-27 09:46:00,2025-08-27 09:53:00,M,20~29,office,seoul,0,0,0,0,5,0,0,33,0,0,completed
19464,U9465,2025-05-06 15:22:00,2025-05-06 15:26:00,F,30~39,office,seoul,0,0,0,0,20,0,0,19,0,0,completed
19465,U9466,2025-10-02 09:41:00,2025-10-02 09:46:00,F,20~29,office,seoul,0,0,0,0,8,0,0,58,0,0,completed
19466,U9467,2025-06-07 14:21:00,2025-06-07 14:24:00,F,40~49,office,seoul,1,0,0,0,27,0,0,22,0,0,abandoned
19467,U9468,2025-08-03 12:32:00,2025-08-03 12:36:00,F,30~39,office,seoul,1,0,0,0,21,0,0,15,0,0,completed
19468,U9469,2025-10-22 20:45:00,2025-10-22 20:50:00,F,30~39,office,seoul,0,0,0,0,6,0,0,52,0,0,abandoned
19469,U9470,2025-04-11 08:36:00,2025-04-11 08:39:00,F,20~29,office,seoul,0,0,0,0,24,0,0,21,0,0,error
19470,U9471,2025-12-16 14:27:00,2025-12-16 14:33:00,M,20~29,office,seoul,0,0,0,0,20,0,0,77,0,0,completed
19471,U9472,2025-06-06 12:35:00,2025-06-06 12:41:00,F,20~29,office,seoul,0,0,0,0,22,0,0,51,0,0,error
19472,U9473,2025-05-30 08:03:00,2025-05-30 08:07:00,M,50+,office,seoul,0,0,0,0,12,0,0,45,0,0,completed
19473,U9474,2025-10-18 14:18:00,2025-10-18 14:22:00,F,40~49,office,seoul,1,0,0,0,28,0,0,16,0,0,completed
19474,U9475,2025-07-12 17:23:00,2025-07-12 17:26:00,F,50+,office,seoul,1,0,0,0,26,0,0,12,0,0,completed
19475,U9476,2025-01-06 07:58:00,2025-01-06 08:03:00,M,30~39,office,seoul,0,0,0,0,27,0,0,75,0,0,completed
19476,U9477,2025-06-14 15:05:00,2025-06-14 15:11:00,M,40~49,office,seoul,1,0,0,0,7,0,0,53,0,0,completed
19477,U9478,2025-09-15 09:04:00,2025-09-15 09:06:00,F,20~29,office,seoul,0,0,0,0,20,0,0,49,0,0,error
19478,U9479,2025-01-06 16:41:00,2025-01-06 16:45:00,M,30~39,office,seoul,0,0,0,0,5,0,0,38,1,0,completed
19479,U9480,2025-11-23 12:18:00,2025-11-23 12:24:00,F,40~49,office,seoul,1,0,0,0,10,0,0,52,0,0,abandoned
19480,U9481,2025-12-12 18:30:00,2025-12-12 18:36:00,M,50+,office,seoul,0,0,0,0,24,0,0,26,1,0,completed
19481,U9482,2025-10-30 09:07:00,2025-10-30 09:14:00,F,20~29,office,seoul,0,0,0,0,29,0,0,18,0,0,completed
19482,U9483,2025-06-21 08:04:00,2025-06-21 08:10:00,M,40~49,office,seoul,1,0,0,0,6,0,0,78,0,0,completed
19483,U9484,2025-09-27 12:16:00,2025-09-27 12:21:00,F,30~39,office,seoul,1,0,0,0,20,0,0,71,0,0,completed
19484,U9485,2025-09-14 08:28:00,2025-09-14 08:35:00,F,40~49,office,seoul,1,0,0,0,20,0,0,39,0,0,completed
19485,U9486,2025-02-16 17:03:00,2025-02-16 17:07:00,F,30~39,office,seoul,1,0,0,0,5,0,0,17,0,0,completed
19486,U9487,2025-03-12 11:31:00,2025-03-12 11:35:00,M,20~29,office,seoul,0,0,0,0,6,0,0,66,0,0,completed
19487,U9488,2025-02-20 12:36:00,2025-02-20 12:40:00,F,50+,office,seoul,0,0,0,0,3,0,0,39,0,0,timeout
19488,U9489,2025-05-13 13:42:00,2025-05-13 13:46:00,M,40~49,office,seoul,0,0,0,0,22,0,0,10,0,0,completed
19489,U9490,2025-01-29 15:47:00,2025-01-29 15:49:00,F,20~29,office,seoul,0,0,0,0,26,0,0,72,0,0,completed
19490,U9491,2025-08-29 15:31:00,2025-08-29 15:37:00,M,30~39,office,seoul,0,0,0,0,27,0,0,17,0,0,completed
19491,U9492,2025-12-06 09:42:00,2025-12-06 09:44:00,F,50+,office,seoul,1,0,0,0,3,0,0,57,0,0,completed
19492,U9493,2025-02-13 17:37:00,2025-02-13 17:41:00,M,40~49,office,seoul,0,0,0,0,14,0,0,74,0,0,abandoned
19493,U9494,2025-11-01 19:27:00,2025-11-01 19:29:00,F,20~29,office,seoul,1,0,0,0,18,0,0,62,0,0,completed
19494,U9495,2025-04-18 14:25:00,2025-04-18 14:28:00,M,40~49,office,seoul,0,0,0,0,11,0,0,60,0,0,completed
19495,U9496,2025-10-06 09:02:00,2025-10-06 09:09:00,M,20~29,office,seoul,0,0,0,0,25,0,0,14,0,0,completed
19496,U9497,2025-12-07 17:18:00,2025-12-07 17:24:00,M,20~29,office,seoul,1,0,0,0,12,0,0,21,1,0,completed
19497,U9498,2025-11-28 14:58:00,2025-11-28 15:02:00,M,30~39,office,seoul,0,0,0,0,25,0,0,60,0,0,completed
19498,U9499,2025-01-06 09:25:00,2025-01-06 09:29:00,M,20~29,office,seoul,0,0,0,0,21,0,0,44,0,0,completed
19499,U9500,2025-03-09 14:37:00,2025-03-09 14:40:00,F,20~29,office,seoul,1,0,0,0,11,0,0,15,0,0,completed
19500,U9501,2025-06-25 16:35:00,2025-06-25 16:40:00,F,20~29,office,seoul,0,0,0,0,15,0,0,19,0,0,abandoned
19501,U9502,2025-05-14 20:26:00,2025-05-14 20:29:00,F,30~39,office,seoul,0,0,0,0,29,0,0,64,0,0,completed
19502,U9503,2025-04-29 18:43:00,2025-04-29 18:46:00,M,50+,office,seoul,0,0,0,0,20,0,0,31,0,0,completed
19503,U9504,2025-02-04 15:48:00,2025-02-04 15:52:00,M,20~29,office,seoul,0,0,0,0,14,0,0,21,0,0,completed
19504,U9505,2025-12-07 16:44:00,2025-12-07 16:49:00,M,30~39,office,seoul,1,0,0,0,25,0,0,33,0,0,completed
19505,U9506,2025-10-18 09:44:00,2025-10-18 09:46:00,F,20~29,office,seoul,1,0,0,0,3,0,0,76,0,0,completed
19506,U9507,2025-12-07 08:28:00,2025-12-07 08:33:00,F,40~49,office,seoul,1,0,0,0,10,0,0,56,0,0,completed
19507,U9508,2025-02-12 21:19:00,2025-02-12 21:24:00,F,20~29,office,seoul,0,0,0,0,24,0,0,27,0,0,completed
19508,U9509,2025-12-13 08:42:00,2025-12-13 08:47:00,F,50+,office,seoul,1,0,0,0,10,0,0,21,0,0,completed
19509,U9510,2025-10-18 07:11:00,2025-10-18 07:13:00,F,30~39,office,seoul,1,0,0,0,5,0,0,63,0,0,timeout
19510,U9511,2025-04-30 21:06:00,2025-04-30 21:13:00,M,20~29,office,seoul,0,0,0,0,2,0,0,16,0,0,abandoned
19511,U9512,2025-12-04 08:33:00,2025-12-04 08:40:00,F,30~39,office,seoul,0,0,0,0,9,0,0,29,0,0,completed
19512,U9513,2025-09-11 12:04:00,2025-09-11 12:09:00,M,20~29,office,seoul,0,0,0,0,22,0,0,28,0,0,completed
19513,U9514,2025-09-10 15:20:00,2025-09-10 15:26:00,M,30~39,office,seoul,0,0,0,0,28,0,0,70,0,0,completed
19514,U9515,2025-03-10 15:45:00,2025-03-10 15:52:00,F,40~49,office,seoul,0,0,0,0,24,0,0,76,0,0,completed
19515,U9516,2025-05-27 16:44:00,2025-05-27 16:50:00,M,30~39,office,seoul,0,0,0,0,24,0,0,30,0,0,completed
19516,U9517,2025-08-29 20:01:00,2025-08-29 20:08:00,F,50+,office,seoul,0,0,0,0,6,0,0,11,0,0,completed
19517,U9518,2025-04-17 07:27:00,2025-04-17 07:34:00,M,30~39,office,seoul,0,0,0,0,1,0,0,28,0,0,completed
19518,U9519,2025-09-13 08:32:00,2025-09-13 08:37:00,M,40~49,office,seoul,1,0,0,0,22,0,0,37,1,0,completed
19519,U9520,2025-01-20 20:31:00,2025-01-20 20:37:00,F,40~49,office,seoul,0,0,0,0,8,0,0,46,0,0,completed
19520,U9521,2025-07-07 13:55:00,2025-07-07 13:57:00,M,40~49,office,seoul,0,0,0,0,21,0,0,36,0,0,completed
19521,U9522,2025-06-28 15:15:00,2025-06-28 15:22:00,F,20~29,office,seoul,1,0,0,0,10,0,0,61,0,0,completed
19522,U9523,2025-10-20 12:36:00,2025-10-20 12:42:00,M,40~49,office,seoul,0,0,0,0,6,0,0,66,0,0,completed
19523,U9524,2025-02-13 16:33:00,2025-02-13 16:36:00,M,20~29,office,seoul,0,0,0,0,12,0,0,79,0,0,completed
19524,U9525,2025-11-13 11:27:00,2025-11-13 11:30:00,F,30~39,office,seoul,0,0,0,0,29,0,0,48,0,0,completed
19525,U9526,2025-10-11 16:34:00,2025-10-11 16:38:00,M,50+,office,seoul,1,0,0,0,22,0,0,76,0,0,completed
19526,U9527,2025-08-24 13:05:00,2025-08-24 13:11:00,F,30~39,office,seoul,1,0,0,0,1,0,0,46,0,0,completed
19527,U9528,2025-11-13 17:43:00,2025-11-13 17:49:00,F,20~29,office,seoul,0,0,0,0,29,0,0,35,0,0,completed
19528,U9529,2025-09-12 16:46:00,2025-09-12 16:50:00,M,30~39,office,seoul,0,0,0,0,2,0,0,64,0,0,completed
19529,U9530,2025-08-11 12:57:00,2025-08-11 13:04:00,F,30~39,office,seoul,0,0,0,0,26,0,0,30,0,0,completed
19530,U9531,2025-10-12 20:37:00,2025-10-12 20:39:00,F,20~29,office,seoul,1,0,0,0,8,0,0,23,0,0,completed
19531,U9532,2025-06-04 07:50:00,2025-06-04 07:55:00,M,40~49,office,seoul,0,0,0,0,23,0,0,12,0,0,completed
19532,U9533,2025-11-22 18:57:00,2025-11-22 19:04:00,M,30~39,office,seoul,1,0,0,0,10,0,0,25,0,0,completed
19533,U9534,2025-12-09 11:24:00,2025-12-09 11:28:00,M,30~39,office,seoul,0,0,0,0,20,0,0,25,0,0,completed
19534,U9535,2025-09-05 21:50:00,2025-09-05 21:56:00,F,30~39,office,seoul,0,0,0,0,21,0,0,71,0,0,completed
19535,U9536,2025-10-22 22:59:00,2025-10-22 23:05:00,M,30~39,office,seoul,0,0,0,0,9,0,0,61,0,1,completed
19536,U9537,2025-08-30 14:32:00,2025-08-30 14:38:00,F,30~39,office,seoul,1,0,0,0,14,0,0,51,0,0,timeout
19537,U9538,2025-10-02 13:56:00,2025-10-02 14:03:00,M,30~39,office,seoul,0,0,0,0,6,0,0,61,0,0,completed
19538,U9539,2025-06-09 09:32:00,2025-06-09 09:39:00,M,50+,office,seoul,0,0,0,0,0,0,0,53,0,0,error
19539,U9540,2025-06-06 12:07:00,2025-06-06 12:13:00,F,20~29,office,seoul,0,0,0,0,7,0,0,33,0,0,completed
19540,U9541,2025-08-20 20:00:00,2025-08-20 20:04:00,F,50+,office,seoul,0,0,0,0,10,0,0,73,0,0,abandoned
19541,U9542,2025-01-26 15:15:00,2025-01-26 15:20:00,F,50+,office,seoul,1,0,0,0,1,0,0,26,0,0,completed
19542,U9543,2025-08-25 17:01:00,2025-08-25 17:06:00,F,30~39,office,seoul,0,0,0,0,28,0,0,44,0,0,completed
19543,U9544,2025-12-09 21:38:00,2025-12-09 21:45:00,F,30~39,office,seoul,0,0,0,0,11,0,0,36,0,0,completed
19544,U9545,2025-04-28 13:29:00,2025-04-28 13:32:00,F,30~39,office,seoul,0,0,0,0,22,0,0,24,0,0,abandoned
19545,U9546,2025-07-19 08:06:00,2025-07-19 08:10:00,M,30~39,office,seoul,1,0,0,0,20,0,0,68,0,0,abandoned
19546,U9547,2025-08-01 14:10:00,2025-08-01 14:12:00,M,20~29,office,seoul,0,0,0,0,29,0,0,67,0,0,completed
19547,U9548,2025-07-05 12:24:00,2025-07-05 12:27:00,F,40~49,office,seoul,1,0,0,0,23,0,0,16,0,0,completed
19548,U9549,2025-11-06 09:57:00,2025-11-06 09:59:00,F,40~49,office,seoul,0,0,0,0,27,0,0,69,0,0,completed
19549,U9550,2025-08-16 19:45:00,2025-08-16 19:49:00,F,40~49,office,seoul,1,0,0,0,10,0,0,12,0,1,completed
19550,U9551,2025-07-22 14:08:00,2025-07-22 14:14:00,F,30~39,office,seoul,0,0,0,0,16,0,0,15,0,0,completed
19551,U9552,2025-04-01 20:44:00,2025-04-01 20:47:00,F,20~29,office,seoul,0,0,0,0,1,0,0,10,0,0,completed
19552,U9553,2025-06-11 11:06:00,2025-06-11 11:11:00,F,20~29,office,seoul,0,0,0,0,23,0,0,16,0,0,completed
19553,U9554,2025-03-15 17:07:00,2025-03-15 17:09:00,F,40~49,office,seoul,1,0,0,0,5,0,0,52,0,0,completed
19554,U9555,2025-09-28 18:51:00,2025-09-28 18:53:00,M,30~39,office,seoul,1,0,0,0,8,0,0,23,0,0,abandoned
19555,U9556,2025-09-16 15:30:00,2025-09-16 15:35:00,M,30~39,office,seoul,0,0,0,0,11,0,0,56,0,0,completed
19556,U9557,2025-07-04 13:15:00,2025-07-04 13:17:00,M,50+,office,seoul,0,0,0,0,12,0,0,64,0,0,completed
19557,U9558,2025-11-17 08:38:00,2025-11-17 08:41:00,F,20~29,office,seoul,0,0,0,0,28,0,0,76,0,0,abandoned
19558,U9559,2025-12-08 12:44:00,2025-12-08 12:47:00,F,40~49,office,seoul,0,0,0,0,0,0,0,66,0,0,completed
19559,U9560,2025-10-10 19:53:00,2025-10-10 19:55:00,M,50+,office,seoul,0,0,0,0,20,0,0,14,0,0,abandoned
19560,U9561,2025-01-03 08:02:00,2025-01-03 08:05:00,F,20~29,office,seoul,0,0,0,0,8,0,0,21,0,0,completed
19561,U9562,2025-01-21 08:38:00,2025-01-21 08:45:00,M,40~49,office,seoul,0,0,0,0,21,0,0,51,0,0,completed
19562,U9563,2025-11-25 16:14:00,2025-11-25 16:17:00,M,50+,office,seoul,0,0,0,0,26,0,0,68,0,0,completed
19563,U9564,2025-07-02 08:17:00,2025-07-02 08:20:00,F,30~39,office,seoul,0,0,0,0,8,0,0,49,0,0,completed
19564,U9565,2025-03-24 16:46:00,2025-03-24 16:49:00,M,30~39,office,seoul,0,0,0,0,8,0,0,17,0,0,completed
19565,U9566,2025-07-03 09:10:00,2025-07-03 09:14:00,F,30~39,office,seoul,0,0,0,0,23,0,0,28,0,0,completed
19566,U9567,2025-09-21 12:55:00,2025-09-21 13:00:00,F,30~39,office,seoul,1,0,0,0,27,0,0,14,0,0,completed
19567,U9568,2025-06-04 12:08:00,2025-06-04 12:12:00,F,30~39,office,seoul,0,0,0,0,14,0,0,14,0,0,completed
19568,U9569,2025-08-31 09:26:00,2025-08-31 09:30:00,F,50+,office,seoul,1,0,0,0,2,0,0,40,0,0,completed
19569,U9570,2025-11-05 11:39:00,2025-11-05 11:46:00,M,20~29,office,seoul,0,0,0,0,19,0,0,12,0,0,completed
19570,U9571,2025-03-28 17:01:00,2025-03-28 17:03:00,M,30~39,office,seoul,0,0,0,0,14,0,0,36,0,0,completed
19571,U9572,2025-06-06 20:35:00,2025-06-06 20:42:00,F,50+,office,seoul,0,0,0,0,15,0,0,57,1,0,completed
19572,U9573,2025-08-28 18:24:00,2025-08-28 18:31:00,F,30~39,office,seoul,0,0,0,0,26,0,0,67,0,0,completed
19573,U9574,2025-12-24 16:43:00,2025-12-24 16:49:00,F,30~39,office,seoul,0,0,0,0,0,0,0,23,0,0,completed
19574,U9575,2025-10-30 13:02:00,2025-10-30 13:06:00,F,50+,office,seoul,0,0,0,0,10,0,0,40,1,0,completed
19575,U9576,2025-06-28 14:23:00,2025-06-28 14:28:00,F,50+,office,seoul,1,0,0,0,24,0,0,47,0,0,completed
19576,U9577,2025-04-19 11:10:00,2025-04-19 11:14:00,F,20~29,office,seoul,1,0,0,0,13,0,0,63,0,0,completed
19577,U9578,2025-03-19 07:19:00,2025-03-19 07:26:00,M,20~29,office,seoul,0,0,0,0,26,0,0,20,0,0,abandoned
19578,U9579,2025-04-22 09:14:00,2025-04-22 09:18:00,M,20~29,office,seoul,0,0,0,0,3,0,0,53,0,0,completed
19579,U9580,2025-04-25 09:58:00,2025-04-25 10:05:00,F,20~29,office,seoul,0,0,0,0,20,0,0,20,0,0,abandoned
19580,U9581,2025-06-15 16:03:00,2025-06-15 16:09:00,M,20~29,office,seoul,1,0,0,0,4,0,0,52,0,0,completed
19581,U9582,2025-05-29 07:25:00,2025-05-29 07:31:00,F,30~39,office,seoul,0,0,0,0,8,0,0,73,0,0,abandoned
19582,U9583,2025-02-01 14:25:00,2025-02-01 14:32:00,M,30~39,office,seoul,1,0,0,0,19,0,0,19,0,0,completed
19583,U9584,2025-03-08 14:24:00,2025-03-08 14:31:00,M,20~29,office,seoul,1,0,0,0,6,0,0,54,0,0,abandoned
19584,U9585,2025-08-01 14:07:00,2025-08-01 14:14:00,F,20~29,office,seoul,0,0,0,0,12,0,0,70,0,0,completed
19585,U9586,2025-07-06 07:11:00,2025-07-06 07:16:00,M,30~39,office,seoul,1,0,0,0,13,0,0,65,0,0,completed
19586,U9587,2025-12-05 22:59:00,2025-12-05 23:05:00,F,40~49,office,seoul,0,0,0,0,3,0,0,70,0,0,completed
19587,U9588,2025-05-17 16:06:00,2025-05-17 16:11:00,M,50+,office,seoul,1,0,0,0,19,0,0,31,0,0,completed
19588,U9589,2025-12-25 17:59:00,2025-12-25 18:01:00,F,20~29,office,seoul,0,0,0,0,2,0,0,59,0,0,completed
19589,U9590,2025-01-19 12:28:00,2025-01-19 12:34:00,M,30~39,office,seoul,1,0,0,0,18,0,0,59,0,0,completed
19590,U9591,2025-11-23 09:16:00,2025-11-23 09:18:00,F,40~49,office,seoul,1,0,0,0,6,0,0,29,0,0,completed
19591,U9592,2025-04-13 08:36:00,2025-04-13 08:41:00,M,40~49,office,seoul,1,0,0,0,28,0,0,56,0,0,completed
19592,U9593,2025-05-23 15:09:00,2025-05-23 15:16:00,M,20~29,office,seoul,0,0,0,0,10,0,0,76,0,0,completed
19593,U9594,2025-03-26 21:12:00,2025-03-26 21:19:00,F,50+,office,seoul,0,0,0,0,1,0,0,18,1,0,completed
19594,U9595,2025-05-07 07:42:00,2025-05-07 07:44:00,F,40~49,office,seoul,0,0,0,0,28,0,0,49,0,0,completed
19595,U9596,2025-08-20 13:06:00,2025-08-20 13:10:00,F,30~39,office,seoul,0,0,0,0,14,0,0,63,0,0,completed
19596,U9597,2025-01-07 14:47:00,2025-01-07 14:54:00,F,20~29,office,seoul,0,0,0,0,4,0,0,68,0,0,abandoned
19597,U9598,2025-07-25 12:20:00,2025-07-25 12:24:00,F,40~49,office,seoul,0,0,0,0,2,0,0,52,0,0,completed
19598,U9599,2025-02-08 12:21:00,2025-02-08 12:25:00,M,30~39,office,seoul,1,0,0,0,29,0,0,13,0,0,completed
19599,U9600,2025-02-05 09:25:00,2025-02-05 09:27:00,F,40~49,office,seoul,0,0,0,0,16,0,0,17,0,0,completed
19600,U9601,2025-01-30 17:29:00,2025-01-30 17:34:00,F,50+,office,seoul,0,0,0,0,27,0,0,44,0,0,timeout
19601,U9602,2025-09-14 11:25:00,2025-09-14 11:32:00,M,30~39,office,seoul,1,0,0,0,29,0,0,35,0,0,completed
19602,U9603,2025-10-09 11:28:00,2025-10-09 11:35:00,M,30~39,office,seoul,0,0,0,0,29,0,0,54,0,0,completed
19603,U9604,2025-05-11 15:02:00,2025-05-11 15:04:00,F,20~29,office,seoul,1,0,0,0,23,0,0,12,0,0,timeout
19604,U9605,2025-01-07 16:21:00,2025-01-07 16:26:00,M,50+,office,seoul,0,0,0,0,21,0,0,55,0,0,timeout
19605,U9606,2025-03-17 11:14:00,2025-03-17 11:19:00,M,50+,office,seoul,0,0,0,0,20,0,0,66,0,0,completed
19606,U9607,2025-11-13 19:59:00,2025-11-13 20:04:00,F,50+,office,seoul,0,0,0,0,18,0,0,55,0,0,completed
19607,U9608,2025-12-18 08:00:00,2025-12-18 08:05:00,M,40~49,office,seoul,0,0,0,0,16,0,0,66,0,0,completed
19608,U9609,2025-02-20 13:18:00,2025-02-20 13:24:00,F,30~39,office,seoul,0,0,0,0,28,0,0,46,0,0,abandoned
19609,U9610,2025-01-16 09:54:00,2025-01-16 09:58:00,F,30~39,office,seoul,0,0,0,0,10,0,0,48,0,0,completed
19610,U9611,2025-08-21 09:57:00,2025-08-21 10:00:00,F,30~39,office,seoul,0,0,0,0,23,0,0,21,0,0,completed
19611,U9612,2025-01-13 13:53:00,2025-01-13 13:55:00,M,40~49,office,seoul,0,0,0,0,5,0,0,66,0,1,abandoned
19612,U9613,2025-08-01 07:08:00,2025-08-01 07:15:00,M,30~39,office,seoul,0,0,0,0,3,0,0,54,0,0,completed
19613,U9614,2025-11-24 11:01:00,2025-11-24 11:03:00,M,20~29,office,seoul,0,0,0,0,12,0,0,29,0,0,timeout
19614,U9615,2025-09-21 19:36:00,2025-09-21 19:41:00,F,50+,office,seoul,1,0,0,0,18,0,0,54,0,0,completed
19615,U9616,2025-03-30 12:48:00,2025-03-30 12:54:00,F,30~39,office,seoul,1,0,0,0,9,0,0,49,0,0,completed
19616,U9617,2025-08-08 14:25:00,2025-08-08 14:28:00,M,20~29,office,seoul,0,0,0,0,5,0,0,49,0,0,completed
19617,U9618,2025-05-24 08:27:00,2025-05-24 08:29:00,M,30~39,office,seoul,1,0,0,0,5,0,0,66,0,0,completed
19618,U9619,2025-07-11 11:46:00,2025-07-11 11:52:00,M,40~49,office,seoul,0,0,0,0,24,0,0,26,0,0,completed
19619,U9620,2025-07-28 11:56:00,2025-07-28 12:02:00,M,20~29,office,seoul,0,0,0,0,11,0,0,48,0,0,completed
19620,U9621,2025-04-06 19:48:00,2025-04-06 19:53:00,F,40~49,office,seoul,1,0,0,0,25,0,0,49,0,0,completed
19621,U9622,2025-08-18 15:35:00,2025-08-18 15:38:00,M,30~39,office,seoul,0,0,0,0,7,0,0,61,0,0,completed
19622,U9623,2025-01-15 11:07:00,2025-01-15 11:14:00,F,30~39,office,seoul,0,0,0,0,21,0,0,20,0,0,completed
19623,U9624,2025-04-04 20:26:00,2025-04-04 20:31:00,M,40~49,office,seoul,0,0,0,0,24,0,0,63,0,0,completed
19624,U9625,2025-05-27 15:31:00,2025-05-27 15:33:00,F,30~39,office,seoul,0,0,0,0,8,0,0,58,0,0,completed
19625,U9626,2025-01-20 14:32:00,2025-01-20 14:38:00,F,30~39,office,seoul,0,0,0,0,11,0,0,20,0,0,timeout
19626,U9627,2025-02-05 21:38:00,2025-02-05 21:43:00,F,20~29,office,seoul,0,0,0,0,8,0,0,68,0,0,completed
19627,U9628,2025-01-27 15:23:00,2025-01-27 15:27:00,F,20~29,office,seoul,0,0,0,0,4,0,0,72,0,0,completed
19628,U9629,2025-02-28 12:17:00,2025-02-28 12:22:00,F,20~29,office,seoul,0,0,0,0,16,0,0,44,0,0,completed
19629,U9630,2025-11-03 22:32:00,2025-11-03 22:38:00,F,50+,office,seoul,0,0,0,0,18,0,0,68,0,1,completed
19630,U9631,2025-07-20 13:19:00,2025-07-20 13:24:00,M,40~49,office,seoul,1,0,0,0,21,0,0,44,0,0,abandoned
19631,U9632,2025-05-26 18:17:00,2025-05-26 18:20:00,M,20~29,office,seoul,0,0,0,0,17,0,0,45,0,0,completed
19632,U9633,2025-04-30 16:01:00,2025-04-30 16:05:00,F,30~39,office,seoul,0,0,0,0,9,0,0,49,0,0,completed
19633,U9634,2025-10-08 17:41:00,2025-10-08 17:46:00,M,30~39,office,seoul,0,0,0,0,14,0,0,62,0,0,completed
19634,U9635,2025-11-01 11:47:00,2025-11-01 11:49:00,F,50+,office,seoul,1,0,0,0,1,0,0,41,0,0,completed
19635,U9636,2025-12-14 16:15:00,2025-12-14 16:21:00,F,40~49,office,seoul,1,0,0,0,10,0,0,39,0,0,completed
19636,U9637,2025-10-31 07:16:00,2025-10-31 07:23:00,F,30~39,office,seoul,0,0,0,0,26,0,0,48,0,0,abandoned
19637,U9638,2025-09-25 15:46:00,2025-09-25 15:49:00,F,30~39,office,seoul,0,0,0,0,10,0,0,40,0,0,completed
19638,U9639,2025-08-31 16:46:00,2025-08-31 16:49:00,M,50+,office,seoul,1,0,0,0,28,0,0,30,0,0,completed
19639,U9640,2025-08-01 18:28:00,2025-08-01 18:35:00,M,20~29,office,seoul,0,0,0,0,23,0,0,12,0,0,completed
19640,U9641,2025-03-05 09:39:00,2025-03-05 09:41:00,F,30~39,office,seoul,0,0,0,0,8,0,0,49,0,0,completed
19641,U9642,2025-02-05 12:08:00,2025-02-05 12:10:00,F,20~29,office,seoul,0,0,0,0,28,0,0,21,0,0,completed
19642,U9643,2025-10-25 16:50:00,2025-10-25 16:52:00,F,50+,office,seoul,1,0,0,0,16,0,0,25,0,0,completed
19643,U9644,2025-10-18 14:43:00,2025-10-18 14:47:00,F,40~49,office,seoul,1,0,0,0,1,0,0,59,0,0,completed
19644,U9645,2025-12-21 09:08:00,2025-12-21 09:15:00,M,40~49,office,seoul,1,0,0,0,8,0,0,59,0,0,completed
19645,U9646,2025-03-02 09:42:00,2025-03-02 09:45:00,F,40~49,office,seoul,1,0,0,0,28,0,0,75,0,0,timeout
19646,U9647,2025-02-27 15:04:00,2025-02-27 15:11:00,F,20~29,office,seoul,0,0,0,0,22,0,0,37,0,0,completed
19647,U9648,2025-11-02 18:09:00,2025-11-02 18:16:00,M,30~39,office,seoul,1,0,0,0,20,0,0,72,1,0,completed
19648,U9649,2025-05-24 14:19:00,2025-05-24 14:23:00,F,30~39,office,seoul,1,0,0,0,0,0,0,29,0,0,completed
19649,U9650,2025-07-06 18:55:00,2025-07-06 19:02:00,F,40~49,office,seoul,1,0,0,0,21,0,0,26,0,0,completed
19650,U9651,2025-08-24 09:12:00,2025-08-24 09:14:00,F,20~29,office,seoul,1,0,0,0,18,0,0,50,0,0,completed
19651,U9652,2025-01-01 15:57:00,2025-01-01 16:03:00,F,30~39,office,seoul,0,0,0,0,27,0,0,49,0,0,completed
19652,U9653,2025-09-06 09:05:00,2025-09-06 09:10:00,F,50+,office,seoul,1,0,0,0,8,0,0,49,0,0,completed
19653,U9654,2025-06-17 12:17:00,2025-06-17 12:22:00,F,20~29,office,seoul,0,0,0,0,18,0,0,43,0,0,completed
19654,U9655,2025-11-17 16:47:00,2025-11-17 16:52:00,F,20~29,office,seoul,0,0,0,0,6,0,0,47,0,0,completed
19655,U9656,2025-09-01 12:29:00,2025-09-01 12:32:00,M,50+,office,seoul,0,0,0,0,23,0,0,11,0,0,completed
19656,U9657,2025-09-04 17:14:00,2025-09-04 17:16:00,F,50+,office,seoul,0,0,0,0,16,0,0,39,0,0,completed
19657,U9658,2025-02-08 13:20:00,2025-02-08 13:26:00,F,50+,office,seoul,1,0,0,0,19,0,0,62,0,0,completed
19658,U9659,2025-03-09 18:57:00,2025-03-09 19:00:00,M,20~29,office,seoul,1,0,0,0,17,0,0,24,0,0,completed
19659,U9660,2025-09-02 18:47:00,2025-09-02 18:49:00,M,40~49,office,seoul,0,0,0,0,21,0,0,57,0,0,completed
19660,U9661,2025-05-12 09:22:00,2025-05-12 09:24:00,F,20~29,office,seoul,0,0,0,0,22,0,0,67,0,0,abandoned
19661,U9662,2025-09-29 12:11:00,2025-09-29 12:15:00,F,30~39,office,seoul,0,0,0,0,1,0,0,64,0,0,completed
19662,U9663,2025-05-17 09:06:00,2025-05-17 09:08:00,M,20~29,office,seoul,1,0,0,0,13,0,0,19,0,0,completed
19663,U9664,2025-05-29 15:00:00,2025-05-29 15:06:00,M,40~49,office,seoul,0,0,0,0,7,0,0,71,0,0,completed
19664,U9665,2025-12-05 19:07:00,2025-12-05 19:12:00,M,40~49,office,seoul,0,0,0,0,0,0,0,30,0,0,completed
19665,U9666,2025-08-24 07:24:00,2025-08-24 07:28:00,F,40~49,office,seoul,1,0,0,0,28,0,0,70,0,0,completed
19666,U9667,2025-07-02 11:56:00,2025-07-02 11:59:00,F,30~39,office,seoul,0,0,0,0,10,0,0,32,0,0,completed
19667,U9668,2025-12-01 08:02:00,2025-12-01 08:04:00,M,20~29,office,seoul,0,0,0,0,7,0,0,26,0,0,completed
19668,U9669,2025-12-01 14:33:00,2025-12-01 14:37:00,F,20~29,office,seoul,0,0,0,0,20,0,0,23,0,0,abandoned
19669,U9670,2025-07-03 09:07:00,2025-07-03 09:10:00,F,20~29,office,seoul,0,0,0,0,10,0,0,72,0,0,error
19670,U9671,2025-10-13 12:36:00,2025-10-13 12:41:00,F,30~39,office,seoul,0,0,0,0,18,0,0,31,0,0,abandoned
19671,U9672,2025-01-23 13:08:00,2025-01-23 13:10:00,M,30~39,office,seoul,0,0,0,0,20,0,0,22,0,0,completed
19672,U9673,2025-08-30 14:47:00,2025-08-30 14:52:00,M,20~29,office,seoul,1,0,0,0,9,0,0,39,0,0,completed
19673,U9674,2025-12-14 13:00:00,2025-12-14 13:02:00,F,40~49,office,seoul,1,0,0,0,23,0,0,74,0,0,completed
19674,U9675,2025-12-17 12:06:00,2025-12-17 12:11:00,M,20~29,office,seoul,0,0,0,0,5,0,0,19,0,0,completed
19675,U9676,2025-01-28 20:40:00,2025-01-28 20:42:00,M,20~29,office,seoul,0,0,0,0,12,0,0,15,0,0,completed
19676,U9677,2025-01-12 13:14:00,2025-01-12 13:19:00,M,50+,office,seoul,1,0,0,0,7,0,0,72,0,0,completed
19677,U9678,2025-02-19 07:47:00,2025-02-19 07:53:00,F,40~49,office,seoul,0,0,0,0,18,0,0,41,0,0,completed
19678,U9679,2025-06-17 08:26:00,2025-06-17 08:28:00,F,20~29,office,seoul,0,0,0,0,24,0,0,65,0,0,completed
19679,U9680,2025-04-15 12:30:00,2025-04-15 12:34:00,M,20~29,office,seoul,0,0,0,0,23,0,0,71,0,0,completed
19680,U9681,2025-05-01 17:52:00,2025-05-01 17:58:00,F,20~29,office,seoul,0,0,0,0,10,0,0,58,0,0,completed
19681,U9682,2025-04-24 18:28:00,2025-04-24 18:31:00,F,20~29,office,seoul,0,0,0,0,22,0,0,48,0,0,completed
19682,U9683,2025-12-25 12:40:00,2025-12-25 12:45:00,M,20~29,office,seoul,0,0,0,0,11,0,0,28,0,0,completed
19683,U9684,2025-01-01 16:53:00,2025-01-01 16:58:00,M,20~29,office,seoul,0,0,0,0,15,0,0,39,0,0,completed
19684,U9685,2025-02-18 14:00:00,2025-02-18 14:05:00,M,30~39,office,seoul,0,0,0,0,21,0,0,19,1,0,completed
19685,U9686,2025-04-26 12:10:00,2025-04-26 12:14:00,F,30~39,office,seoul,1,0,0,0,28,0,0,66,0,0,completed
19686,U9687,2025-10-17 07:06:00,2025-10-17 07:11:00,F,30~39,office,seoul,0,0,0,0,22,0,0,63,0,0,completed
19687,U9688,2025-01-16 21:32:00,2025-01-16 21:35:00,M,30~39,office,seoul,0,0,0,0,26,0,0,73,0,0,completed
19688,U9689,2025-10-01 12:21:00,2025-10-01 12:25:00,F,20~29,office,seoul,0,0,0,0,2,0,0,26,0,0,completed
19689,U9690,2025-07-03 08:28:00,2025-07-03 08:32:00,F,20~29,office,seoul,0,0,0,0,28,0,0,77,0,0,completed
19690,U9691,2025-12-18 09:36:00,2025-12-18 09:41:00,F,30~39,office,seoul,0,0,0,0,4,0,0,19,0,0,timeout
19691,U9692,2025-09-10 08:10:00,2025-09-10 08:13:00,F,30~39,office,seoul,0,0,0,0,8,0,0,36,0,0,completed
19692,U9693,2025-07-24 07:21:00,2025-07-24 07:23:00,M,20~29,office,seoul,0,0,0,0,29,0,0,72,0,0,completed
19693,U9694,2025-12-24 18:33:00,2025-12-24 18:35:00,M,30~39,office,seoul,0,0,0,0,14,0,0,11,0,0,completed
19694,U9695,2025-07-05 13:47:00,2025-07-05 13:51:00,F,30~39,office,seoul,1,0,0,0,25,0,0,36,0,0,completed
19695,U9696,2025-05-05 07:36:00,2025-05-05 07:43:00,F,40~49,office,seoul,0,0,0,0,20,0,0,24,0,0,completed
19696,U9697,2025-05-08 13:35:00,2025-05-08 13:41:00,F,20~29,office,seoul,0,0,0,0,21,0,0,49,0,0,completed
19697,U9698,2025-01-31 13:13:00,2025-01-31 13:19:00,F,30~39,office,seoul,0,0,0,0,3,0,0,26,0,0,completed
19698,U9699,2025-03-03 09:11:00,2025-03-03 09:18:00,M,40~49,office,seoul,0,0,0,0,0,0,0,60,0,0,completed
19699,U9700,2025-07-11 13:43:00,2025-07-11 13:45:00,M,50+,office,seoul,0,0,0,0,20,0,0,38,0,0,completed
19700,U9701,2025-10-02 19:55:00,2025-10-02 19:59:00,M,40~49,office,seoul,0,0,0,0,2,0,0,47,0,0,completed
19701,U9702,2025-08-03 17:12:00,2025-08-03 17:18:00,M,20~29,office,seoul,1,0,0,0,20,0,0,14,0,0,abandoned
19702,U9703,2025-07-15 21:52:00,2025-07-15 21:59:00,F,20~29,office,seoul,0,0,0,0,29,0,0,35,0,0,error
19703,U9704,2025-01-05 08:12:00,2025-01-05 08:18:00,F,30~39,office,seoul,1,0,0,0,14,0,0,79,0,0,completed
19704,U9705,2025-10-06 15:16:00,2025-10-06 15:19:00,F,30~39,office,seoul,0,0,0,0,3,0,0,54,0,0,completed
19705,U9706,2025-07-03 20:27:00,2025-07-03 20:29:00,M,30~39,office,seoul,0,0,0,0,29,0,0,11,0,0,completed
19706,U9707,2025-01-23 09:32:00,2025-01-23 09:38:00,M,50+,office,seoul,0,0,0,0,28,0,0,67,0,0,completed
19707,U9708,2025-02-08 17:36:00,2025-02-08 17:41:00,F,30~39,office,seoul,1,0,0,0,8,0,0,18,0,0,completed
19708,U9709,2025-12-02 09:09:00,2025-12-02 09:12:00,F,30~39,office,seoul,0,0,0,0,5,0,0,24,0,0,completed
19709,U9710,2025-02-12 13:37:00,2025-02-12 13:39:00,M,30~39,office,seoul,0,0,0,0,17,0,0,45,0,0,completed
19710,U9711,2025-03-04 14:11:00,2025-03-04 14:15:00,F,30~39,office,seoul,0,0,0,0,3,0,0,20,0,0,completed
19711,U9712,2025-12-27 16:50:00,2025-12-27 16:57:00,F,30~39,office,seoul,1,0,0,0,21,0,0,63,0,0,completed
19712,U9713,2025-11-28 09:26:00,2025-11-28 09:28:00,F,20~29,office,seoul,0,0,0,0,14,0,0,49,0,0,timeout
19713,U9714,2025-05-02 13:05:00,2025-05-02 13:07:00,F,40~49,office,seoul,0,0,0,0,0,0,0,11,0,0,completed
19714,U9715,2025-11-25 09:14:00,2025-11-25 09:18:00,M,20~29,office,seoul,0,0,0,0,3,0,0,42,0,0,completed
19715,U9716,2025-12-17 19:42:00,2025-12-17 19:47:00,F,20~29,office,seoul,0,0,0,0,7,0,0,25,0,0,completed
19716,U9717,2025-05-12 13:09:00,2025-05-12 13:15:00,F,50+,office,seoul,0,0,0,0,26,0,0,45,0,0,completed
19717,U9718,2025-10-19 11:06:00,2025-10-19 11:11:00,F,50+,office,seoul,1,0,0,0,23,0,0,24,1,0,completed
19718,U9719,2025-10-23 09:27:00,2025-10-23 09:29:00,M,40~49,office,seoul,0,0,0,0,0,0,0,37,0,0,completed
19719,U9720,2025-04-11 09:10:00,2025-04-11 09:17:00,F,30~39,office,seoul,0,0,0,0,21,0,0,47,0,0,completed
19720,U9721,2025-03-17 07:25:00,2025-03-17 07:30:00,M,40~49,office,seoul,0,0,0,0,17,0,0,16,0,0,completed
19721,U9722,2025-03-16 07:36:00,2025-03-16 07:40:00,M,20~29,office,seoul,1,0,0,0,15,0,0,17,0,0,completed
19722,U9723,2025-07-15 14:23:00,2025-07-15 14:25:00,F,40~49,office,seoul,0,0,0,0,13,0,0,61,0,0,completed
19723,U9724,2025-05-08 18:05:00,2025-05-08 18:07:00,F,40~49,office,seoul,0,0,0,0,22,0,0,48,0,0,completed
19724,U9725,2025-02-19 12:21:00,2025-02-19 12:24:00,F,30~39,office,seoul,0,0,0,0,23,0,0,50,0,0,completed
19725,U9726,2025-06-20 09:34:00,2025-06-20 09:39:00,F,20~29,office,seoul,0,0,0,0,12,0,0,40,0,0,completed
19726,U9727,2025-04-11 07:40:00,2025-04-11 07:43:00,M,20~29,office,seoul,0,0,0,0,0,0,0,37,0,0,completed
19727,U9728,2025-05-28 12:10:00,2025-05-28 12:15:00,F,50+,office,seoul,0,0,0,0,6,0,0,41,0,0,completed
19728,U9729,2025-12-14 13:47:00,2025-12-14 13:49:00,M,30~39,office,seoul,1,0,0,0,20,0,0,42,0,0,completed
19729,U9730,2025-11-17 11:24:00,2025-11-17 11:26:00,F,40~49,office,seoul,0,0,0,0,28,0,0,61,0,0,completed
19730,U9731,2025-09-10 14:16:00,2025-09-10 14:23:00,M,20~29,office,seoul,0,0,0,0,3,0,0,48,0,0,completed
19731,U9732,2025-12-13 09:51:00,2025-12-13 09:54:00,F,20~29,office,seoul,1,0,0,0,12,0,0,67,0,0,completed
19732,U9733,2025-11-05 12:41:00,2025-11-05 12:46:00,F,50+,office,seoul,0,0,0,0,12,0,0,26,0,0,completed
19733,U9734,2025-03-11 09:53:00,2025-03-11 09:58:00,M,30~39,office,seoul,0,0,0,0,20,0,0,54,0,0,completed
19734,U9735,2025-07-17 19:45:00,2025-07-17 19:49:00,F,50+,office,seoul,0,0,0,0,4,0,0,18,1,0,completed
19735,U9736,2025-04-23 11:45:00,2025-04-23 11:50:00,F,50+,office,seoul,0,0,0,0,10,0,0,12,0,0,completed
19736,U9737,2025-08-12 13:32:00,2025-08-12 13:36:00,M,20~29,office,seoul,0,0,0,0,15,0,0,18,0,0,completed
19737,U9738,2025-12-19 08:31:00,2025-12-19 08:38:00,F,20~29,office,seoul,0,0,0,0,10,0,0,44,0,0,abandoned
19738,U9739,2025-10-20 21:53:00,2025-10-20 22:00:00,F,40~49,office,seoul,0,0,0,0,21,0,0,46,0,0,completed
19739,U9740,2025-05-02 14:16:00,2025-05-02 14:20:00,M,40~49,office,seoul,0,0,0,0,7,0,0,37,0,1,completed
19740,U9741,2025-06-22 20:46:00,2025-06-22 20:51:00,M,20~29,office,seoul,1,0,0,0,26,0,0,41,0,0,completed
19741,U9742,2025-04-10 16:10:00,2025-04-10 16:12:00,F,20~29,office,seoul,0,0,0,0,25,0,0,24,0,0,completed
19742,U9743,2025-08-08 14:26:00,2025-08-08 14:33:00,F,30~39,office,seoul,0,0,0,0,18,0,0,12,0,0,abandoned
19743,U9744,2025-10-17 13:45:00,2025-10-17 13:52:00,M,40~49,office,seoul,0,0,0,0,11,0,0,50,0,0,completed
19744,U9745,2025-07-20 15:11:00,2025-07-20 15:13:00,F,30~39,office,seoul,1,0,0,0,6,0,0,16,0,0,completed
19745,U9746,2025-04-09 09:00:00,2025-04-09 09:04:00,M,20~29,office,seoul,0,0,0,0,15,0,0,44,0,0,completed
19746,U9747,2025-06-28 20:00:00,2025-06-28 20:07:00,F,40~49,office,seoul,1,0,0,0,18,0,0,38,0,0,completed
19747,U9748,2025-09-12 16:19:00,2025-09-12 16:23:00,M,20~29,office,seoul,0,0,0,0,16,0,0,74,0,0,abandoned
19748,U9749,2025-02-11 09:17:00,2025-02-11 09:22:00,M,50+,office,seoul,0,0,0,0,15,0,0,27,0,0,completed
19749,U9750,2025-04-27 13:25:00,2025-04-27 13:30:00,F,20~29,office,seoul,1,0,0,0,8,0,0,28,0,0,completed
19750,U9751,2025-12-16 12:36:00,2025-12-16 12:40:00,M,20~29,office,seoul,0,0,0,0,10,0,0,51,0,0,completed
19751,U9752,2025-04-15 09:57:00,2025-04-15 10:04:00,F,20~29,office,seoul,0,0,0,0,8,0,0,37,0,0,completed
19752,U9753,2025-11-23 13:20:00,2025-11-23 13:25:00,M,20~29,office,seoul,1,0,0,0,29,0,0,37,0,0,completed
19753,U9754,2025-02-10 20:56:00,2025-02-10 20:59:00,F,30~39,office,seoul,0,0,0,0,10,0,0,58,0,0,completed
19754,U9755,2025-05-05 15:45:00,2025-05-05 15:47:00,M,20~29,office,seoul,0,0,0,0,2,0,0,70,0,0,completed
19755,U9756,2025-08-23 07:29:00,2025-08-23 07:35:00,F,30~39,office,seoul,1,0,0,0,2,0,0,35,0,0,completed
19756,U9757,2025-12-21 16:27:00,2025-12-21 16:30:00,M,50+,office,seoul,1,0,0,0,21,0,0,42,0,0,abandoned
19757,U9758,2025-11-29 08:03:00,2025-11-29 08:10:00,F,30~39,office,seoul,1,0,0,0,25,0,0,24,0,0,completed
19758,U9759,2025-01-14 16:30:00,2025-01-14 16:36:00,F,30~39,office,seoul,0,0,0,0,19,0,0,66,0,0,error
19759,U9760,2025-02-13 18:16:00,2025-02-13 18:23:00,F,30~39,office,seoul,0,0,0,0,14,0,0,37,0,0,completed
19760,U9761,2025-08-09 16:14:00,2025-08-09 16:16:00,F,30~39,office,seoul,1,0,0,0,21,0,0,35,0,0,completed
19761,U9762,2025-07-20 15:44:00,2025-07-20 15:50:00,F,40~49,office,seoul,1,0,0,0,8,0,0,77,0,0,completed
19762,U9763,2025-02-03 09:58:00,2025-02-03 10:03:00,M,20~29,office,seoul,0,0,0,0,10,0,0,48,0,0,completed
19763,U9764,2025-03-05 20:37:00,2025-03-05 20:40:00,F,30~39,office,seoul,0,0,0,0,6,0,0,19,0,0,error
19764,U9765,2025-09-08 12:19:00,2025-09-08 12:22:00,M,50+,office,seoul,0,0,0,0,25,0,0,59,1,0,completed
19765,U9766,2025-05-29 08:44:00,2025-05-29 08:47:00,M,40~49,office,seoul,0,0,0,0,19,0,0,18,0,0,completed
19766,U9767,2025-04-23 08:00:00,2025-04-23 08:07:00,F,30~39,office,seoul,0,0,0,0,8,0,0,39,0,0,timeout
19767,U9768,2025-10-30 08:31:00,2025-10-30 08:35:00,M,50+,office,seoul,0,0,0,0,4,0,0,50,1,0,completed
19768,U9769,2025-05-09 09:56:00,2025-05-09 10:01:00,M,20~29,office,seoul,0,0,0,0,19,0,0,30,0,0,completed
19769,U9770,2025-01-24 19:51:00,2025-01-24 19:57:00,M,40~49,office,seoul,0,0,0,0,23,0,0,65,0,0,abandoned
19770,U9771,2025-01-07 18:04:00,2025-01-07 18:11:00,F,30~39,office,seoul,0,0,0,0,23,0,0,42,0,0,completed
19771,U9772,2025-10-18 15:38:00,2025-10-18 15:42:00,F,40~49,office,seoul,1,0,0,0,7,0,0,33,0,0,completed
19772,U9773,2025-03-02 14:32:00,2025-03-02 14:39:00,F,20~29,office,seoul,1,0,0,0,17,0,0,57,0,0,abandoned
19773,U9774,2025-05-23 19:22:00,2025-05-23 19:26:00,M,30~39,office,seoul,0,0,0,0,17,0,0,43,0,0,completed
19774,U9775,2025-05-31 19:35:00,2025-05-31 19:40:00,F,40~49,office,seoul,1,0,0,0,16,0,0,43,0,0,completed
19775,U9776,2025-02-24 09:36:00,2025-02-24 09:40:00,F,50+,office,seoul,0,0,0,0,9,0,0,25,0,0,completed
19776,U9777,2025-10-25 18:59:00,2025-10-25 19:04:00,F,30~39,office,seoul,1,0,0,0,14,0,0,16,0,0,completed
19777,U9778,2025-09-09 15:14:00,2025-09-09 15:19:00,M,30~39,office,seoul,0,0,0,0,6,0,0,64,0,0,completed
19778,U9779,2025-02-26 16:03:00,2025-02-26 16:08:00,M,40~49,office,seoul,0,0,0,0,2,0,0,46,0,0,completed
19779,U9780,2025-12-07 16:28:00,2025-12-07 16:32:00,M,20~29,office,seoul,1,0,0,0,23,0,0,42,0,0,completed
19780,U9781,2025-09-06 16:58:00,2025-09-06 17:05:00,F,50+,office,seoul,1,0,0,0,6,0,0,13,0,0,completed
19781,U9782,2025-02-06 14:47:00,2025-02-06 14:51:00,F,40~49,office,seoul,0,0,0,0,5,0,0,75,0,0,completed
19782,U9783,2025-11-14 14:09:00,2025-11-14 14:16:00,F,50+,office,seoul,0,0,0,0,15,0,0,23,0,0,completed
19783,U9784,2025-01-09 18:22:00,2025-01-09 18:27:00,F,30~39,office,seoul,0,0,0,0,13,0,0,50,0,0,completed
19784,U9785,2025-08-30 07:13:00,2025-08-30 07:15:00,M,30~39,office,seoul,1,0,0,0,21,0,0,21,0,0,completed
19785,U9786,2025-08-23 19:00:00,2025-08-23 19:02:00,F,20~29,office,seoul,1,0,0,0,7,0,0,68,0,0,timeout
19786,U9787,2025-12-20 09:05:00,2025-12-20 09:11:00,F,40~49,office,seoul,1,0,0,0,13,0,0,67,0,0,completed
19787,U9788,2025-08-25 11:32:00,2025-08-25 11:37:00,M,30~39,office,seoul,0,0,0,0,16,0,0,39,0,0,completed
19788,U9789,2025-10-23 07:00:00,2025-10-23 07:04:00,M,40~49,office,seoul,0,0,0,0,5,0,0,52,0,0,completed
19789,U9790,2025-08-27 09:28:00,2025-08-27 09:33:00,M,30~39,office,seoul,0,0,0,0,15,0,0,10,0,0,abandoned
19790,U9791,2025-10-01 08:26:00,2025-10-01 08:30:00,M,50+,office,seoul,0,0,0,0,5,0,0,48,0,1,completed
19791,U9792,2025-01-26 15:02:00,2025-01-26 15:04:00,F,40~49,office,seoul,1,0,0,0,12,0,0,72,0,0,completed
19792,U9793,2025-04-09 17:32:00,2025-04-09 17:38:00,F,30~39,office,seoul,0,0,0,0,19,0,0,64,0,0,completed
19793,U9794,2025-04-17 17:54:00,2025-04-17 17:58:00,M,30~39,office,seoul,0,0,0,0,9,0,0,77,0,0,completed
19794,U9795,2025-02-23 08:12:00,2025-02-23 08:19:00,M,30~39,office,seoul,1,0,0,0,22,0,0,75,0,0,completed
19795,U9796,2025-10-22 08:47:00,2025-10-22 08:54:00,F,30~39,office,seoul,0,0,0,0,13,0,0,15,0,0,completed
19796,U9797,2025-09-11 20:34:00,2025-09-11 20:39:00,M,50+,office,seoul,0,0,0,0,10,0,0,10,0,0,completed
19797,U9798,2025-03-27 08:23:00,2025-03-27 08:29:00,M,30~39,office,seoul,0,0,0,0,21,0,0,78,0,0,completed
19798,U9799,2025-02-15 15:12:00,2025-02-15 15:17:00,M,20~29,office,seoul,1,0,0,0,4,0,0,69,0,0,completed
19799,U9800,2025-08-25 09:36:00,2025-08-25 09:41:00,M,20~29,office,seoul,0,0,0,0,28,0,0,77,0,0,completed
19800,U9801,2025-05-03 21:08:00,2025-05-03 21:12:00,F,30~39,office,seoul,1,0,0,0,14,0,0,63,0,0,completed
19801,U9802,2025-08-19 16:57:00,2025-08-19 17:04:00,F,30~39,office,seoul,0,0,0,0,4,0,0,58,0,0,completed
19802,U9803,2025-08-23 09:08:00,2025-08-23 09:10:00,M,30~39,office,seoul,1,0,0,0,18,0,0,70,0,0,completed
19803,U9804,2025-03-24 19:20:00,2025-03-24 19:23:00,M,30~39,office,seoul,0,0,0,0,29,0,0,34,0,0,completed
19804,U9805,2025-05-28 08:33:00,2025-05-28 08:36:00,F,20~29,office,seoul,0,0,0,0,19,0,0,42,0,0,completed
19805,U9806,2025-10-11 20:08:00,2025-10-11 20:10:00,F,30~39,office,seoul,1,0,0,0,29,0,0,26,1,0,completed
19806,U9807,2025-05-01 22:46:00,2025-05-01 22:51:00,F,20~29,office,seoul,0,0,0,0,17,0,0,35,0,1,completed
19807,U9808,2025-06-14 14:29:00,2025-06-14 14:32:00,M,50+,office,seoul,1,0,0,0,27,0,0,35,0,0,abandoned
19808,U9809,2025-07-02 09:19:00,2025-07-02 09:21:00,M,40~49,office,seoul,0,0,0,0,11,0,0,17,0,0,completed
19809,U9810,2025-07-06 11:41:00,2025-07-06 11:45:00,M,40~49,office,seoul,1,0,0,0,10,0,0,27,0,0,completed
19810,U9811,2025-10-03 13:56:00,2025-10-03 13:58:00,F,20~29,office,seoul,0,0,0,0,3,0,0,69,0,0,completed
19811,U9812,2025-07-14 12:23:00,2025-07-14 12:27:00,M,40~49,office,seoul,0,0,0,0,7,0,0,22,0,0,completed
19812,U9813,2025-09-28 07:54:00,2025-09-28 07:58:00,M,50+,office,seoul,1,0,0,0,12,0,0,50,0,0,completed
19813,U9814,2025-12-28 16:20:00,2025-12-28 16:27:00,F,30~39,office,seoul,1,0,0,0,5,0,0,75,0,0,completed
19814,U9815,2025-10-07 09:28:00,2025-10-07 09:30:00,F,20~29,office,seoul,0,0,0,0,0,0,0,28,1,0,completed
19815,U9816,2025-03-15 19:24:00,2025-03-15 19:26:00,F,50+,office,seoul,1,0,0,0,2,0,0,58,0,1,completed
19816,U9817,2025-10-28 12:56:00,2025-10-28 13:03:00,F,30~39,office,seoul,0,0,0,0,20,0,0,76,0,0,completed
19817,U9818,2025-03-15 16:01:00,2025-03-15 16:03:00,M,40~49,office,seoul,1,0,0,0,9,0,0,19,0,0,completed
19818,U9819,2025-06-09 19:15:00,2025-06-09 19:22:00,F,20~29,office,seoul,0,0,0,0,22,0,0,48,0,0,completed
19819,U9820,2025-06-23 14:08:00,2025-06-23 14:13:00,F,40~49,office,seoul,0,0,0,0,23,0,0,55,0,0,completed
19820,U9821,2025-07-24 13:01:00,2025-07-24 13:05:00,M,20~29,office,seoul,0,0,0,0,17,0,0,79,0,0,completed
19821,U9822,2025-03-31 09:46:00,2025-03-31 09:48:00,M,20~29,office,seoul,0,0,0,0,20,0,0,37,0,0,completed
19822,U9823,2025-05-29 09:50:00,2025-05-29 09:56:00,F,40~49,office,seoul,0,0,0,0,15,0,0,60,0,0,completed
19823,U9824,2025-06-29 08:41:00,2025-06-29 08:44:00,M,20~29,office,seoul,1,0,0,0,22,0,0,72,0,0,completed
19824,U9825,2025-05-13 12:17:00,2025-05-13 12:24:00,F,20~29,office,seoul,0,0,0,0,7,0,0,37,0,0,completed
19825,U9826,2025-01-14 12:05:00,2025-01-14 12:09:00,F,30~39,office,seoul,0,0,0,0,8,0,0,47,0,0,completed
19826,U9827,2025-02-09 17:02:00,2025-02-09 17:06:00,F,20~29,office,seoul,1,0,0,0,20,0,0,25,0,0,timeout
19827,U9828,2025-05-28 07:19:00,2025-05-28 07:25:00,F,50+,office,seoul,0,0,0,0,11,0,0,54,1,0,completed
19828,U9829,2025-05-17 18:19:00,2025-05-17 18:23:00,F,40~49,office,seoul,1,0,0,0,8,0,0,54,0,0,error
19829,U9830,2025-02-09 18:13:00,2025-02-09 18:19:00,F,40~49,office,seoul,1,0,0,0,18,0,0,26,0,0,completed
19830,U9831,2025-07-23 08:10:00,2025-07-23 08:17:00,M,20~29,office,seoul,0,0,0,0,15,0,0,26,0,0,completed
19831,U9832,2025-10-13 20:05:00,2025-10-13 20:07:00,F,20~29,office,seoul,0,0,0,0,4,0,0,27,0,0,completed
19832,U9833,2025-09-08 18:45:00,2025-09-08 18:49:00,F,20~29,office,seoul,0,0,0,0,14,0,0,25,0,0,completed
19833,U9834,2025-05-10 17:24:00,2025-05-10 17:27:00,F,40~49,office,seoul,1,0,0,0,2,0,0,24,0,0,completed
19834,U9835,2025-07-02 14:53:00,2025-07-02 14:57:00,M,40~49,office,seoul,0,0,0,0,22,0,0,47,0,0,completed
19835,U9836,2025-10-03 15:10:00,2025-10-03 15:17:00,F,30~39,office,seoul,0,0,0,0,29,0,0,17,0,0,abandoned
19836,U9837,2025-02-08 15:08:00,2025-02-08 15:10:00,M,30~39,office,seoul,1,0,0,0,28,0,0,62,0,0,completed
19837,U9838,2025-02-06 19:22:00,2025-02-06 19:28:00,M,40~49,office,seoul,0,0,0,0,15,0,0,69,0,0,completed
19838,U9839,2025-12-13 18:26:00,2025-12-13 18:33:00,M,20~29,office,seoul,1,0,0,0,29,0,0,57,0,0,completed
19839,U9840,2025-07-23 13:00:00,2025-07-23 13:07:00,F,50+,office,seoul,0,0,0,0,5,0,0,19,0,0,error
19840,U9841,2025-12-14 15:42:00,2025-12-14 15:45:00,F,20~29,office,seoul,1,0,0,0,6,0,0,53,0,0,completed
19841,U9842,2025-10-16 13:44:00,2025-10-16 13:46:00,M,40~49,office,seoul,0,0,0,0,12,0,0,72,0,0,error
19842,U9843,2025-09-26 09:23:00,2025-09-26 09:29:00,F,30~39,office,seoul,0,0,0,0,1,0,0,48,0,0,completed
19843,U9844,2025-01-20 15:27:00,2025-01-20 15:32:00,F,30~39,office,seoul,0,0,0,0,16,0,0,36,0,0,completed
19844,U9845,2025-03-16 16:57:00,2025-03-16 17:00:00,F,50+,office,seoul,1,0,0,0,21,0,0,33,0,0,completed
19845,U9846,2025-02-03 12:58:00,2025-02-03 13:03:00,F,20~29,office,seoul,0,0,0,0,11,0,0,27,0,0,completed
19846,U9847,2025-09-13 14:47:00,2025-09-13 14:54:00,F,50+,office,seoul,1,0,0,0,16,0,0,34,0,0,completed
19847,U9848,2025-11-27 18:15:00,2025-11-27 18:21:00,F,40~49,office,seoul,0,0,0,0,28,0,0,27,0,0,completed
19848,U9849,2025-11-14 22:19:00,2025-11-14 22:23:00,F,50+,office,seoul,0,0,0,0,14,0,0,46,0,1,completed
19849,U9850,2025-02-05 16:48:00,2025-02-05 16:51:00,F,40~49,office,seoul,0,0,0,0,10,0,0,25,0,0,completed
19850,U9851,2025-04-07 09:31:00,2025-04-07 09:34:00,M,50+,office,seoul,0,0,0,0,7,0,0,10,0,0,completed
19851,U9852,2025-10-28 09:17:00,2025-10-28 09:23:00,F,20~29,office,seoul,0,0,0,0,24,0,0,76,0,0,timeout
19852,U9853,2025-12-30 08:31:00,2025-12-30 08:34:00,F,30~39,office,seoul,0,0,0,0,18,0,0,79,0,0,completed
19853,U9854,2025-03-02 17:16:00,2025-03-02 17:21:00,F,40~49,office,seoul,1,0,0,0,26,0,0,74,0,0,completed
19854,U9855,2025-03-12 19:58:00,2025-03-12 20:03:00,M,30~39,office,seoul,0,0,0,0,20,0,0,76,0,0,completed
19855,U9856,2025-02-26 08:24:00,2025-02-26 08:29:00,F,20~29,office,seoul,0,0,0,0,9,0,0,69,0,0,completed
19856,U9857,2025-03-07 16:46:00,2025-03-07 16:48:00,F,40~49,office,seoul,0,0,0,0,0,0,0,12,0,0,completed
19857,U9858,2025-04-03 16:27:00,2025-04-03 16:30:00,M,40~49,office,seoul,0,0,0,0,7,0,0,75,0,0,completed
19858,U9859,2025-01-02 13:01:00,2025-01-02 13:03:00,F,50+,office,seoul,0,0,0,0,11,0,0,48,0,0,completed
19859,U9860,2025-07-05 09:52:00,2025-07-05 09:55:00,M,20~29,office,seoul,1,0,0,0,24,0,0,69,0,0,completed
19860,U9861,2025-08-22 09:26:00,2025-08-22 09:28:00,M,20~29,office,seoul,0,0,0,0,17,0,0,63,0,0,completed
19861,U9862,2025-01-19 19:04:00,2025-01-19 19:08:00,F,40~49,office,seoul,1,0,0,0,13,0,0,55,0,0,completed
19862,U9863,2025-11-30 15:19:00,2025-11-30 15:25:00,F,20~29,office,seoul,1,0,0,0,5,0,0,71,0,0,completed
19863,U9864,2025-02-16 15:56:00,2025-02-16 15:59:00,F,50+,office,seoul,1,0,0,0,6,0,0,41,0,1,completed
19864,U9865,2025-07-03 12:55:00,2025-07-03 13:01:00,F,30~39,office,seoul,0,0,0,0,6,0,0,64,0,0,completed
19865,U9866,2025-02-01 12:18:00,2025-02-01 12:23:00,F,40~49,office,seoul,1,0,0,0,19,0,0,48,0,0,completed
19866,U9867,2025-06-29 09:46:00,2025-06-29 09:50:00,M,40~49,office,seoul,1,0,0,0,10,0,0,68,0,0,completed
19867,U9868,2025-01-28 09:24:00,2025-01-28 09:26:00,F,30~39,office,seoul,0,0,0,0,23,0,0,59,0,0,completed
19868,U9869,2025-10-24 09:15:00,2025-10-24 09:17:00,M,30~39,office,seoul,0,0,0,0,26,0,0,30,0,0,completed
19869,U9870,2025-11-28 09:24:00,2025-11-28 09:30:00,F,40~49,office,seoul,0,0,0,0,11,0,0,25,0,0,completed
19870,U9871,2025-01-06 11:32:00,2025-01-06 11:37:00,F,20~29,office,seoul,0,0,0,0,1,0,0,55,0,0,completed
19871,U9872,2025-01-01 09:47:00,2025-01-01 09:54:00,F,20~29,office,seoul,0,0,0,0,28,0,0,54,0,0,completed
19872,U9873,2025-06-15 16:30:00,2025-06-15 16:32:00,F,20~29,office,seoul,1,0,0,0,1,0,0,30,0,0,timeout
19873,U9874,2025-09-12 15:47:00,2025-09-12 15:53:00,F,50+,office,seoul,0,0,0,0,23,0,0,57,0,0,error
19874,U9875,2025-08-18 07:37:00,2025-08-18 07:41:00,F,30~39,office,seoul,0,0,0,0,13,0,0,18,0,0,abandoned
19875,U9876,2025-09-16 16:00:00,2025-09-16 16:05:00,F,30~39,office,seoul,0,0,0,0,9,0,0,41,0,0,completed
19876,U9877,2025-11-01 18:12:00,2025-11-01 18:19:00,M,50+,office,seoul,1,0,0,0,2,0,0,23,0,0,completed
19877,U9878,2025-01-31 09:19:00,2025-01-31 09:26:00,M,20~29,office,seoul,0,0,0,0,25,0,0,72,0,0,completed
19878,U9879,2025-05-08 20:01:00,2025-05-08 20:07:00,F,30~39,office,seoul,0,0,0,0,24,0,0,26,0,0,completed
19879,U9880,2025-12-20 16:58:00,2025-12-20 17:03:00,F,20~29,office,seoul,1,0,0,0,9,0,0,27,0,0,completed
19880,U9881,2025-11-18 16:07:00,2025-11-18 16:14:00,M,30~39,office,seoul,0,0,0,0,10,0,0,62,0,0,completed
19881,U9882,2025-09-07 11:41:00,2025-09-07 11:44:00,F,50+,office,seoul,1,0,0,0,13,0,0,45,0,0,completed
19882,U9883,2025-07-09 08:24:00,2025-07-09 08:28:00,M,20~29,office,seoul,0,0,0,0,9,0,0,66,0,0,completed
19883,U9884,2025-05-10 12:45:00,2025-05-10 12:51:00,F,50+,office,seoul,1,0,0,0,20,0,0,77,0,0,completed
19884,U9885,2025-04-14 09:47:00,2025-04-14 09:50:00,F,20~29,office,seoul,0,0,0,0,22,0,0,18,0,0,completed
19885,U9886,2025-09-09 17:29:00,2025-09-09 17:36:00,M,50+,office,seoul,0,0,0,0,5,0,0,40,1,0,completed
19886,U9887,2025-01-08 15:09:00,2025-01-08 15:11:00,F,20~29,office,seoul,0,0,0,0,2,0,0,73,0,0,completed
19887,U9888,2025-11-21 19:43:00,2025-11-21 19:48:00,F,20~29,office,seoul,0,0,0,0,4,0,0,54,0,0,completed
19888,U9889,2025-01-23 12:47:00,2025-01-23 12:53:00,F,20~29,office,seoul,0,0,0,0,18,0,0,31,0,0,completed
19889,U9890,2025-01-16 07:26:00,2025-01-16 07:33:00,F,20~29,office,seoul,0,0,0,0,29,0,0,76,0,0,completed
19890,U9891,2025-03-09 14:20:00,2025-03-09 14:27:00,M,40~49,office,seoul,1,0,0,0,16,0,0,53,0,0,completed
19891,U9892,2025-03-08 08:13:00,2025-03-08 08:15:00,M,30~39,office,seoul,1,0,0,0,11,0,0,53,0,0,completed
19892,U9893,2025-03-21 09:54:00,2025-03-21 09:57:00,M,30~39,office,seoul,0,0,0,0,1,0,0,46,0,0,completed
19893,U9894,2025-08-30 19:29:00,2025-08-30 19:33:00,F,20~29,office,seoul,1,0,0,0,25,0,0,17,0,0,completed
19894,U9895,2025-05-29 17:08:00,2025-05-29 17:15:00,M,30~39,office,seoul,0,0,0,0,5,0,0,18,0,0,completed
19895,U9896,2025-05-28 14:58:00,2025-05-28 15:01:00,M,30~39,office,seoul,0,0,0,0,1,0,0,78,0,0,completed
19896,U9897,2025-05-15 17:18:00,2025-05-15 17:22:00,M,40~49,office,seoul,0,0,0,0,9,0,0,71,0,0,completed
19897,U9898,2025-09-06 13:34:00,2025-09-06 13:40:00,M,50+,office,seoul,1,0,0,0,5,0,0,11,0,0,completed
19898,U9899,2025-03-21 13:21:00,2025-03-21 13:25:00,F,20~29,office,seoul,0,0,0,0,13,0,0,69,0,0,completed
19899,U9900,2025-04-19 20:03:00,2025-04-19 20:06:00,F,20~29,office,seoul,1,0,0,0,6,0,0,77,0,0,completed
19900,U9901,2025-12-23 13:59:00,2025-12-23 14:02:00,F,20~29,office,seoul,0,0,0,0,25,0,0,38,0,0,completed
19901,U9902,2025-02-27 11:08:00,2025-02-27 11:10:00,F,30~39,office,seoul,0,0,0,0,15,0,0,43,0,0,completed
19902,U9903,2025-12-06 20:36:00,2025-12-06 20:39:00,F,30~39,office,seoul,1,0,0,0,15,0,0,19,0,0,completed
19903,U9904,2025-04-05 14:11:00,2025-04-05 14:13:00,F,30~39,office,seoul,1,0,0,0,20,0,0,60,0,0,timeout
19904,U9905,2025-10-08 22:11:00,2025-10-08 22:14:00,M,20~29,office,seoul,0,0,0,0,11,0,0,75,0,0,completed
19905,U9906,2025-01-09 18:17:00,2025-01-09 18:22:00,F,30~39,office,seoul,0,0,0,0,7,0,0,39,0,0,completed
19906,U9907,2025-06-13 14:04:00,2025-06-13 14:08:00,M,30~39,office,seoul,0,0,0,0,5,0,0,70,0,0,timeout
19907,U9908,2025-01-31 13:31:00,2025-01-31 13:34:00,F,30~39,office,seoul,0,0,0,0,15,0,0,47,0,0,completed
19908,U9909,2025-03-26 12:41:00,2025-03-26 12:48:00,M,40~49,office,seoul,0,0,0,0,26,0,0,79,0,0,completed
19909,U9910,2025-08-24 15:43:00,2025-08-24 15:46:00,F,50+,office,seoul,1,0,0,0,29,0,0,16,1,0,completed
19910,U9911,2025-10-10 18:12:00,2025-10-10 18:19:00,M,30~39,office,seoul,0,0,0,0,12,0,0,16,0,0,completed
19911,U9912,2025-02-21 07:59:00,2025-02-21 08:01:00,F,30~39,office,seoul,0,0,0,0,14,0,0,18,0,0,completed
19912,U9913,2025-04-15 19:27:00,2025-04-15 19:33:00,M,40~49,office,seoul,0,0,0,0,3,0,0,32,0,0,completed
19913,U9914,2025-11-15 08:24:00,2025-11-15 08:28:00,F,30~39,office,seoul,1,0,0,0,21,0,0,67,0,0,completed
19914,U9915,2025-11-04 13:51:00,2025-11-04 13:57:00,F,20~29,office,seoul,0,0,0,0,11,0,0,49,0,0,error
19915,U9916,2025-10-27 14:40:00,2025-10-27 14:42:00,F,30~39,office,seoul,0,0,0,0,19,0,0,75,1,0,completed
19916,U9917,2025-10-12 14:31:00,2025-10-12 14:38:00,M,30~39,office,seoul,1,0,0,0,10,0,0,16,0,0,completed
19917,U9918,2025-09-15 14:49:00,2025-09-15 14:56:00,M,30~39,office,seoul,0,0,0,0,14,0,0,14,0,0,completed
19918,U9919,2025-07-18 22:26:00,2025-07-18 22:33:00,M,30~39,office,seoul,0,0,0,0,17,0,0,49,0,0,completed
19919,U9920,2025-04-04 13:51:00,2025-04-04 13:58:00,M,30~39,office,seoul,0,0,0,0,26,0,0,77,0,0,completed
19920,U9921,2025-01-28 07:26:00,2025-01-28 07:30:00,F,20~29,office,seoul,0,0,0,0,18,0,0,32,0,0,abandoned
19921,U9922,2025-08-27 08:04:00,2025-08-27 08:11:00,F,40~49,office,seoul,0,0,0,0,14,0,0,71,0,0,completed
19922,U9923,2025-09-21 13:13:00,2025-09-21 13:19:00,M,50+,office,seoul,1,0,0,0,1,0,0,79,0,0,completed
19923,U9924,2025-05-26 07:21:00,2025-05-26 07:27:00,M,30~39,office,seoul,0,0,0,0,17,0,0,70,0,0,completed
19924,U9925,2025-06-01 08:53:00,2025-06-01 08:59:00,M,50+,office,seoul,1,0,0,0,24,0,0,58,1,0,completed
19925,U9926,2025-04-12 18:59:00,2025-04-12 19:02:00,M,20~29,office,seoul,1,0,0,0,5,0,0,61,0,0,completed
19926,U9927,2025-03-31 13:58:00,2025-03-31 14:00:00,M,30~39,office,seoul,0,0,0,0,19,0,0,69,0,0,completed
19927,U9928,2025-04-20 15:45:00,2025-04-20 15:48:00,F,30~39,office,seoul,1,0,0,0,15,0,0,33,0,0,completed
19928,U9929,2025-07-21 15:13:00,2025-07-21 15:18:00,M,20~29,office,seoul,0,0,0,0,25,0,0,30,0,0,abandoned
19929,U9930,2025-10-01 15:54:00,2025-10-01 15:57:00,M,40~49,office,seoul,0,0,0,0,23,0,0,50,0,0,completed
19930,U9931,2025-01-01 08:00:00,2025-01-01 08:05:00,F,40~49,office,seoul,0,0,0,0,7,0,0,69,0,0,completed
19931,U9932,2025-01-24 11:23:00,2025-01-24 11:25:00,M,30~39,office,seoul,0,0,0,0,24,0,0,24,0,0,abandoned
19932,U9933,2025-01-25 14:58:00,2025-01-25 15:01:00,F,50+,office,seoul,1,0,0,0,6,0,0,12,1,0,completed
19933,U9934,2025-03-13 19:01:00,2025-03-13 19:05:00,M,30~39,office,seoul,0,0,0,0,26,0,0,41,0,0,error
19934,U9935,2025-08-09 13:47:00,2025-08-09 13:53:00,M,40~49,office,seoul,1,0,0,0,8,0,0,55,0,0,timeout
19935,U9936,2025-12-07 13:51:00,2025-12-07 13:58:00,M,40~49,office,seoul,1,0,0,0,15,0,0,37,0,0,completed
19936,U9937,2025-06-02 20:15:00,2025-06-02 20:22:00,F,30~39,office,seoul,0,0,0,0,14,0,0,46,0,0,completed
19937,U9938,2025-03-10 18:42:00,2025-03-10 18:44:00,F,30~39,office,seoul,0,0,0,0,12,0,0,12,0,0,completed
19938,U9939,2025-06-01 09:57:00,2025-06-01 10:02:00,F,40~49,office,seoul,1,0,0,0,1,0,0,29,0,0,completed
19939,U9940,2025-07-09 22:57:00,2025-07-09 23:04:00,F,40~49,office,seoul,0,0,0,0,11,0,0,41,0,0,completed
19940,U9941,2025-03-30 09:49:00,2025-03-30 09:53:00,F,30~39,office,seoul,1,0,0,0,24,0,0,67,0,0,completed
19941,U9942,2025-10-04 08:07:00,2025-10-04 08:11:00,F,20~29,office,seoul,1,0,0,0,18,0,0,58,0,0,completed
19942,U9943,2025-03-13 12:18:00,2025-03-13 12:20:00,F,20~29,office,seoul,0,0,0,0,12,0,0,41,0,0,completed
19943,U9944,2025-03-05 08:39:00,2025-03-05 08:41:00,M,50+,office,seoul,0,0,0,0,12,0,0,59,1,0,completed
19944,U9945,2025-08-11 16:08:00,2025-08-11 16:15:00,M,40~49,office,seoul,0,0,0,0,0,0,0,21,0,0,completed
19945,U9946,2025-04-11 17:27:00,2025-04-11 17:33:00,M,30~39,office,seoul,0,0,0,0,5,0,0,59,0,0,abandoned
19946,U9947,2025-02-19 22:38:00,2025-02-19 22:45:00,F,50+,office,seoul,0,0,0,0,28,0,0,61,0,0,completed
19947,U9948,2025-07-23 17:23:00,2025-07-23 17:30:00,M,50+,office,seoul,0,0,0,0,27,0,0,32,0,0,completed
19948,U9949,2025-06-29 13:16:00,2025-06-29 13:22:00,F,20~29,office,seoul,1,0,0,0,27,0,0,40,0,0,completed
19949,U9950,2025-05-01 09:47:00,2025-05-01 09:51:00,F,20~29,office,seoul,0,0,0,0,6,0,0,48,0,0,completed
19950,U9951,2025-08-05 15:31:00,2025-08-05 15:38:00,F,30~39,office,seoul,0,0,0,0,3,0,0,47,0,0,completed
19951,U9952,2025-02-20 17:53:00,2025-02-20 17:57:00,F,30~39,office,seoul,0,0,0,0,27,0,0,34,0,0,timeout
19952,U9953,2025-05-10 14:06:00,2025-05-10 14:08:00,F,40~49,office,seoul,1,0,0,0,1,0,0,47,0,0,completed
19953,U9954,2025-05-30 08:56:00,2025-05-30 09:01:00,F,30~39,office,seoul,0,0,0,0,0,0,0,53,0,0,completed
19954,U9955,2025-10-09 08:11:00,2025-10-09 08:16:00,M,20~29,office,seoul,0,0,0,0,0,0,0,28,0,0,completed
19955,U9956,2025-09-03 14:52:00,2025-09-03 14:59:00,F,20~29,office,seoul,0,0,0,0,9,0,0,23,0,0,completed
19956,U9957,2025-12-01 12:27:00,2025-12-01 12:33:00,F,30~39,office,seoul,0,0,0,0,5,0,0,25,0,0,completed
19957,U9958,2025-11-12 07:05:00,2025-11-12 07:08:00,F,20~29,office,seoul,0,0,0,0,21,0,0,63,0,0,completed
19958,U9959,2025-04-26 16:03:00,2025-04-26 16:05:00,F,50+,office,seoul,1,0,0,0,26,0,0,22,0,0,completed
19959,U9960,2025-08-28 19:16:00,2025-08-28 19:22:00,F,30~39,office,seoul,0,0,0,0,29,0,0,44,0,0,completed
19960,U9961,2025-09-26 19:16:00,2025-09-26 19:23:00,F,40~49,office,seoul,0,0,0,0,12,0,0,45,0,0,completed
19961,U9962,2025-08-27 16:33:00,2025-08-27 16:35:00,F,20~29,office,seoul,0,0,0,0,20,0,0,32,0,0,timeout
19962,U9963,2025-01-25 16:08:00,2025-01-25 16:12:00,F,50+,office,seoul,1,0,0,0,19,0,0,65,0,0,completed
19963,U9964,2025-11-21 16:39:00,2025-11-21 16:42:00,F,30~39,office,seoul,0,0,0,0,8,0,0,37,0,0,abandoned
19964,U9965,2025-11-26 14:42:00,2025-11-26 14:49:00,F,30~39,office,seoul,0,0,0,0,21,0,0,28,0,0,completed
19965,U9966,2025-02-02 08:15:00,2025-02-02 08:19:00,F,30~39,office,seoul,1,0,0,0,29,0,0,56,0,0,completed
19966,U9967,2025-12-06 15:11:00,2025-12-06 15:15:00,M,30~39,office,seoul,1,0,0,0,10,0,0,66,0,0,completed
19967,U9968,2025-07-29 11:07:00,2025-07-29 11:13:00,F,40~49,office,seoul,0,0,0,0,4,0,0,79,0,0,completed
19968,U9969,2025-11-15 09:05:00,2025-11-15 09:08:00,M,20~29,office,seoul,1,0,0,0,8,0,0,59,0,0,completed
19969,U9970,2025-08-06 16:02:00,2025-08-06 16:08:00,M,20~29,office,seoul,0,0,0,0,6,0,0,13,0,0,completed
19970,U9971,2025-09-25 15:51:00,2025-09-25 15:57:00,F,30~39,office,seoul,0,0,0,0,17,0,0,21,0,0,completed
19971,U9972,2025-12-29 08:07:00,2025-12-29 08:12:00,F,20~29,office,seoul,0,0,0,0,21,0,0,35,0,0,completed
19972,U9973,2025-07-28 09:40:00,2025-07-28 09:42:00,F,30~39,office,seoul,0,0,0,0,5,0,0,52,0,0,completed
19973,U9974,2025-12-15 16:23:00,2025-12-15 16:28:00,F,40~49,office,seoul,0,0,0,0,5,0,0,44,0,0,completed
19974,U9975,2025-05-08 07:57:00,2025-05-08 08:03:00,F,40~49,office,seoul,0,0,0,0,25,0,0,33,0,0,completed
19975,U9976,2025-09-11 12:32:00,2025-09-11 12:34:00,F,30~39,office,seoul,0,0,0,0,6,0,0,34,0,0,completed
19976,U9977,2025-09-10 15:36:00,2025-09-10 15:43:00,F,30~39,office,seoul,0,0,0,0,11,0,0,58,0,0,completed
19977,U9978,2025-05-17 15:09:00,2025-05-17 15:16:00,F,20~29,office,seoul,1,0,0,0,18,0,0,61,0,0,completed
19978,U9979,2025-05-20 15:04:00,2025-05-20 15:11:00,F,20~29,office,seoul,0,0,0,0,3,0,0,32,0,0,completed
19979,U9980,2025-02-13 20:56:00,2025-02-13 21:01:00,F,40~49,office,seoul,0,0,0,0,6,0,0,36,0,0,completed
19980,U9981,2025-04-30 08:11:00,2025-04-30 08:17:00,M,50+,office,seoul,0,0,0,0,7,0,0,29,1,0,completed
19981,U9982,2025-10-10 18:21:00,2025-10-10 18:25:00,M,30~39,office,seoul,0,0,0,0,8,0,0,31,0,0,completed
19982,U9983,2025-06-08 07:35:00,2025-06-08 07:40:00,M,30~39,office,seoul,1,0,0,0,7,0,0,35,0,0,completed
19983,U9984,2025-03-06 08:59:00,2025-03-06 09:05:00,F,20~29,office,seoul,0,0,0,0,1,0,0,26,0,0,completed
19984,U9985,2025-12-08 09:09:00,2025-12-08 09:13:00,F,20~29,office,seoul,0,0,0,0,23,0,0,31,0,0,completed
19985,U9986,2025-04-01 13:48:00,2025-04-01 13:52:00,M,20~29,office,seoul,0,0,0,0,20,0,0,66,0,0,completed
19986,U9987,2025-03-02 17:11:00,2025-03-02 17:13:00,F,50+,office,seoul,1,0,0,0,2,0,0,37,1,0,abandoned
19987,U9988,2025-11-29 12:51:00,2025-11-29 12:56:00,M,40~49,office,seoul,1,0,0,0,3,0,0,53,0,0,completed
19988,U9989,2025-06-23 18:11:00,2025-06-23 18:17:00,F,50+,office,seoul,0,0,0,0,15,0,0,32,0,0,abandoned
19989,U9990,2025-09-18 17:09:00,2025-09-18 17:12:00,M,20~29,office,seoul,0,0,0,0,14,0,0,75,0,0,completed
19990,U9991,2025-01-26 22:17:00,2025-01-26 22:24:00,F,40~49,office,seoul,1,0,0,0,23,0,0,52,0,0,completed
19991,U9992,2025-10-03 08:07:00,2025-10-03 08:10:00,F,40~49,office,seoul,0,0,0,0,10,0,0,27,0,0,completed
19992,U9993,2025-11-29 20:38:00,2025-11-29 20:42:00,M,20~29,office,seoul,1,0,0,0,24,0,0,36,0,0,completed
19993,U9994,2025-12-11 13:07:00,2025-12-11 13:11:00,F,40~49,office,seoul,0,0,0,0,9,0,0,25,0,0,completed
19994,U9995,2025-12-01 09:00:00,2025-12-01 09:03:00,F,40~49,office,seoul,0,0,0,0,9,0,0,74,0,0,abandoned
19995,U9996,2025-09-21 15:15:00,2025-09-21 15:18:00,F,50+,office,seoul,1,0,0,0,28,0,0,57,0,0,completed
19996,U9997,2025-04-17 17:51:00,2025-04-17 17:55:00,F,20~29,office,seoul,0,0,0,0,5,0,0,45,0,0,completed
19997,U9998,2025-09-25 21:34:00,2025-09-25 21:37:00,M,40~49,office,seoul,0,0,0,0,29,0,0,72,0,0,completed
19998,U0000,2025-05-10 21:01:00,2025-05-10 21:05:00,M,20~29,office,seoul,1,0,0,0,16,0,0,37,0,0,completed
19999,U0001,2025-07-30 08:37:00,2025-07-30 08:41:00,M,40~49,office,seoul,0,0,0,0,27,0,0,75,0,0,completed
20000,U0002,2025-02-16 08:39:00,2025-02-16 08:43:00,F,20~29,office,seoul,1,0,0,0,12,0,0,51,0,0,completed
20001,U0003,2025-02-06 19:26:00,2025-02-06 19:29:00,F,30~39,office,seoul,0,0,0,0,15,0,0,35,0,0,completed
20002,U0004,2025-07-27 08:07:00,2025-07-27 08:10:00,F,30~39,office,seoul,1,0,0,0,3,0,0,75,0,0,completed
20003,U0005,2025-12-01 12:58:00,2025-12-01 13:01:00,M,50+,office,seoul,0,0,0,0,21,0,0,66,0,0,completed
20004,U0006,2025-08-13 14:03:00,2025-08-13 14:05:00,M,20~29,office,seoul,0,0,0,0,26,0,0,11,0,0,completed
20005,U0007,2025-09-29 11:05:00,2025-09-29 11:12:00,M,40~49,office,seoul,0,0,0,0,0,0,0,48,1,0,timeout
20006,U0008,2025-12-17 12:57:00,2025-12-17 13:02:00,F,40~49,office,seoul,0,0,0,0,26,0,0,25,0,0,completed
20007,U0009,2025-03-22 08:42:00,2025-03-22 08:46:00,M,40~49,office,seoul,1,0,0,0,2,0,0,31,0,0,completed
20008,U0010,2025-09-22 16:08:00,2025-09-22 16:13:00,F,50+,office,seoul,0,0,0,0,2,0,0,56,0,0,completed
20009,U0011,2025-07-31 17:28:00,2025-07-31 17:35:00,M,30~39,office,seoul,0,0,0,0,4,0,0,24,0,0,completed
20010,U0012,2025-01-11 07:08:00,2025-01-11 07:12:00,F,20~29,office,seoul,1,0,0,0,9,0,0,23,0,0,completed
20011,U0013,2025-01-29 11:32:00,2025-01-29 11:38:00,M,50+,office,seoul,0,0,0,0,18,0,0,74,1,0,completed
20012,U0014,2025-12-30 12:18:00,2025-12-30 12:21:00,F,50+,office,seoul,0,0,0,0,21,0,0,24,0,0,completed
20013,U0015,2025-10-17 08:45:00,2025-10-17 08:51:00,M,30~39,office,seoul,0,0,0,0,25,0,0,19,0,0,completed
20014,U0016,2025-02-08 17:29:00,2025-02-08 17:36:00,F,40~49,office,seoul,1,0,0,0,17,0,0,38,0,0,completed
20015,U0017,2025-06-27 15:07:00,2025-06-27 15:14:00,F,30~39,office,seoul,0,0,0,0,21,0,0,32,0,0,completed
20016,U0018,2025-03-31 13:34:00,2025-03-31 13:36:00,M,20~29,office,seoul,0,0,0,0,13,0,0,67,0,0,completed
20017,U0019,2025-07-22 16:32:00,2025-07-22 16:36:00,M,50+,office,seoul,0,0,0,0,22,0,0,28,0,0,completed
20018,U0020,2025-09-07 09:23:00,2025-09-07 09:25:00,F,50+,office,seoul,1,0,0,0,19,0,0,40,0,0,completed
20019,U0021,2025-05-06 17:20:00,2025-05-06 17:24:00,F,30~39,office,seoul,0,0,0,0,9,0,0,71,0,0,completed
20020,U0022,2025-12-27 09:22:00,2025-12-27 09:27:00,F,50+,office,seoul,1,0,0,0,11,0,0,54,0,0,completed
20021,U0023,2025-02-22 12:03:00,2025-02-22 12:06:00,M,40~49,office,seoul,1,0,0,0,14,0,0,60,0,0,completed
20022,U0024,2025-04-24 12:54:00,2025-04-24 13:01:00,F,30~39,office,seoul,0,0,0,0,4,0,0,44,0,0,completed
20023,U0025,2025-06-18 20:30:00,2025-06-18 20:37:00,M,30~39,office,seoul,0,0,0,0,0,0,0,11,0,0,completed
20024,U0026,2025-08-10 18:21:00,2025-08-10 18:28:00,F,40~49,office,seoul,1,0,0,0,8,0,0,25,0,0,abandoned
20025,U0027,2025-07-18 08:22:00,2025-07-18 08:24:00,M,30~39,office,seoul,0,0,0,0,0,0,0,33,0,0,completed
20026,U0028,2025-11-12 12:41:00,2025-11-12 12:45:00,M,40~49,office,seoul,0,0,0,0,17,0,0,58,0,0,completed
20027,U0029,2025-02-26 16:57:00,2025-02-26 17:00:00,F,20~29,office,seoul,0,0,0,0,17,0,0,79,0,0,completed
20028,U0030,2025-11-25 18:07:00,2025-11-25 18:11:00,F,30~39,office,seoul,0,0,0,0,24,0,0,50,0,0,completed
20029,U0031,2025-06-27 14:52:00,2025-06-27 14:57:00,F,30~39,office,seoul,0,0,0,0,26,0,0,68,0,0,completed
20030,U0032,2025-07-31 16:49:00,2025-07-31 16:56:00,M,50+,office,seoul,0,0,0,0,18,0,0,65,0,0,completed
20031,U0033,2025-10-25 11:23:00,2025-10-25 11:29:00,M,20~29,office,seoul,1,0,0,0,11,0,0,56,0,0,abandoned
20032,U0034,2025-06-04 17:19:00,2025-06-04 17:21:00,M,20~29,office,seoul,0,0,0,0,21,0,0,18,0,0,completed
20033,U0035,2025-02-08 07:51:00,2025-02-08 07:55:00,F,50+,office,seoul,1,0,0,0,7,0,0,27,0,0,completed
20034,U0036,2025-07-01 09:54:00,2025-07-01 09:57:00,F,50+,office,seoul,0,0,0,0,11,0,0,13,0,0,completed
20035,U0037,2025-08-14 13:04:00,2025-08-14 13:09:00,F,50+,office,seoul,0,0,0,0,8,0,0,52,0,0,completed
20036,U0038,2025-03-26 20:11:00,2025-03-26 20:16:00,F,20~29,office,seoul,0,0,0,0,25,0,0,30,0,0,completed
20037,U0039,2025-03-05 11:29:00,2025-03-05 11:31:00,F,20~29,office,seoul,0,0,0,0,14,0,0,76,0,0,error
20038,U0040,2025-09-18 20:30:00,2025-09-18 20:35:00,F,40~49,office,seoul,0,0,0,0,17,0,0,43,0,0,timeout
20039,U0041,2025-10-11 19:37:00,2025-10-11 19:42:00,F,30~39,office,seoul,1,0,0,0,14,0,0,28,0,0,completed
20040,U0042,2025-09-13 11:29:00,2025-09-13 11:31:00,M,20~29,office,seoul,1,0,0,0,27,0,0,62,0,0,error
20041,U0043,2025-10-15 15:37:00,2025-10-15 15:43:00,M,40~49,office,seoul,0,0,0,0,23,0,0,73,0,0,completed
20042,U0044,2025-05-30 14:51:00,2025-05-30 14:53:00,F,20~29,office,seoul,0,0,0,0,16,0,0,22,0,0,completed
20043,U0045,2025-12-21 12:46:00,2025-12-21 12:52:00,F,50+,office,seoul,1,0,0,0,26,0,0,33,0,0,completed
20044,U0046,2025-04-21 07:32:00,2025-04-21 07:35:00,F,40~49,office,seoul,0,0,0,0,2,0,0,29,0,0,completed
20045,U0047,2025-02-01 17:42:00,2025-02-01 17:48:00,F,20~29,office,seoul,1,0,0,0,14,0,0,66,0,0,completed
20046,U0048,2025-04-20 09:37:00,2025-04-20 09:44:00,F,40~49,office,seoul,1,0,0,0,17,0,0,18,0,0,completed
20047,U0049,2025-09-27 09:06:00,2025-09-27 09:10:00,M,30~39,office,seoul,1,0,0,0,11,0,0,50,0,0,completed
20048,U0050,2025-10-06 21:11:00,2025-10-06 21:18:00,M,20~29,office,seoul,0,0,0,0,26,0,0,14,0,0,completed
20049,U0051,2025-10-26 17:03:00,2025-10-26 17:05:00,F,40~49,office,seoul,1,0,0,0,0,0,0,19,0,0,completed
20050,U0052,2025-11-11 18:43:00,2025-11-11 18:47:00,F,50+,office,seoul,0,0,0,0,23,0,0,71,1,0,completed
20051,U0053,2025-01-06 14:45:00,2025-01-06 14:50:00,F,50+,office,seoul,0,0,0,0,14,0,0,25,0,0,completed
20052,U0054,2025-07-20 21:19:00,2025-07-20 21:23:00,F,50+,office,seoul,1,0,0,0,7,0,0,34,0,0,completed
20053,U0055,2025-06-26 22:57:00,2025-06-26 23:02:00,M,20~29,office,seoul,0,0,0,0,10,0,0,70,0,0,completed
20054,U0056,2025-06-22 16:45:00,2025-06-22 16:47:00,M,40~49,office,seoul,1,0,0,0,4,0,0,19,0,0,completed
20055,U0057,2025-09-22 16:18:00,2025-09-22 16:22:00,M,30~39,office,seoul,0,0,0,0,3,0,0,61,0,0,completed
20056,U0058,2025-03-27 20:17:00,2025-03-27 20:19:00,M,50+,office,seoul,0,0,0,0,7,0,0,48,0,0,abandoned
20057,U0059,2025-03-13 15:02:00,2025-03-13 15:07:00,F,30~39,office,seoul,0,0,0,0,29,0,0,60,0,0,completed
20058,U0060,2025-04-04 21:15:00,2025-04-04 21:21:00,M,50+,office,seoul,0,0,0,0,2,0,0,63,0,0,completed
20059,U0061,2025-01-28 21:12:00,2025-01-28 21:17:00,F,30~39,office,seoul,0,0,0,0,15,0,0,50,0,0,completed
20060,U0062,2025-07-18 17:14:00,2025-07-18 17:20:00,F,20~29,office,seoul,0,0,0,0,20,0,0,42,0,0,completed
20061,U0063,2025-02-22 17:06:00,2025-02-22 17:13:00,F,20~29,office,seoul,1,0,0,0,6,0,0,78,0,0,error
20062,U0064,2025-09-20 12:26:00,2025-09-20 12:32:00,F,30~39,office,seoul,1,0,0,0,26,0,0,10,0,0,error
20063,U0065,2025-02-14 17:48:00,2025-02-14 17:52:00,F,50+,office,seoul,0,0,0,0,9,0,0,55,0,0,completed
20064,U0066,2025-07-27 08:52:00,2025-07-27 08:55:00,F,40~49,office,seoul,1,0,0,0,16,0,0,78,0,0,timeout
20065,U0067,2025-06-18 16:13:00,2025-06-18 16:16:00,M,30~39,office,seoul,0,0,0,0,1,0,0,79,0,0,completed
20066,U0068,2025-12-05 08:50:00,2025-12-05 08:53:00,M,50+,office,seoul,0,0,0,0,8,0,0,30,0,0,completed
20067,U0069,2025-11-18 18:18:00,2025-11-18 18:24:00,M,50+,office,seoul,0,0,0,0,29,0,0,21,0,0,abandoned
20068,U0070,2025-12-29 12:44:00,2025-12-29 12:49:00,F,20~29,office,seoul,0,0,0,0,0,0,0,75,0,0,completed
20069,U0071,2025-10-29 14:20:00,2025-10-29 14:25:00,F,30~39,office,seoul,0,0,0,0,19,0,0,74,0,0,completed
20070,U0072,2025-09-18 07:30:00,2025-09-18 07:34:00,M,20~29,office,seoul,0,0,0,0,26,0,0,78,0,0,completed
20071,U0073,2025-02-20 14:22:00,2025-02-20 14:27:00,M,20~29,office,seoul,0,0,0,0,21,0,0,75,0,0,completed
20072,U0074,2025-01-23 13:34:00,2025-01-23 13:37:00,M,40~49,office,seoul,0,0,0,0,13,0,0,15,0,0,completed
20073,U0075,2025-11-26 16:40:00,2025-11-26 16:45:00,M,20~29,office,seoul,0,0,0,0,14,0,0,78,0,0,completed
20074,U0076,2025-05-28 12:00:00,2025-05-28 12:05:00,M,20~29,office,seoul,0,0,0,0,10,0,0,21,0,0,completed
20075,U0077,2025-11-26 16:04:00,2025-11-26 16:08:00,F,40~49,office,seoul,0,0,0,0,19,0,0,56,0,0,completed
20076,U0078,2025-12-21 14:04:00,2025-12-21 14:06:00,F,40~49,office,seoul,1,0,0,0,20,0,0,52,0,0,abandoned
20077,U0079,2025-04-22 11:09:00,2025-04-22 11:15:00,F,20~29,office,seoul,0,0,0,0,13,0,0,20,0,0,completed
20078,U0080,2025-06-28 14:57:00,2025-06-28 15:02:00,F,50+,office,seoul,1,0,0,0,21,0,0,60,0,0,completed
20079,U0081,2025-09-18 07:00:00,2025-09-18 07:04:00,F,50+,office,seoul,0,0,0,0,17,0,0,33,0,0,completed
20080,U0082,2025-03-01 12:47:00,2025-03-01 12:54:00,M,40~49,office,seoul,1,0,0,0,18,0,0,21,0,0,completed
20081,U0083,2025-08-16 14:21:00,2025-08-16 14:28:00,F,20~29,office,seoul,1,0,0,0,22,0,0,42,0,0,timeout
20082,U0084,2025-11-22 14:11:00,2025-11-22 14:18:00,M,20~29,office,seoul,1,0,0,0,6,0,0,49,0,0,completed
20083,U0085,2025-01-06 11:51:00,2025-01-06 11:57:00,F,30~39,office,seoul,0,0,0,0,7,0,0,38,0,0,completed
20084,U0086,2025-04-06 16:43:00,2025-04-06 16:49:00,F,40~49,office,seoul,1,0,0,0,10,0,0,35,0,0,completed
20085,U0087,2025-10-13 13:32:00,2025-10-13 13:36:00,M,50+,office,seoul,0,0,0,0,25,0,0,41,0,0,completed
20086,U0088,2025-12-07 16:41:00,2025-12-07 16:46:00,M,20~29,office,seoul,1,0,0,0,24,0,0,27,0,0,completed
20087,U0089,2025-03-31 12:52:00,2025-03-31 12:54:00,F,30~39,office,seoul,0,0,0,0,25,0,0,24,0,0,completed
20088,U0090,2025-01-22 08:18:00,2025-01-22 08:25:00,M,30~39,office,seoul,0,0,0,0,27,0,0,35,0,0,abandoned
20089,U0091,2025-10-19 14:37:00,2025-10-19 14:42:00,F,20~29,office,seoul,1,0,0,0,26,0,0,72,0,0,completed
20090,U0092,2025-03-27 14:28:00,2025-03-27 14:32:00,M,30~39,office,seoul,0,0,0,0,6,0,0,50,0,0,completed
20091,U0093,2025-01-30 08:26:00,2025-01-30 08:28:00,M,20~29,office,seoul,0,0,0,0,29,0,0,66,0,0,completed
20092,U0094,2025-06-27 18:12:00,2025-06-27 18:16:00,M,50+,office,seoul,0,0,0,0,25,0,0,53,0,1,completed
20093,U0095,2025-03-31 12:16:00,2025-03-31 12:23:00,F,30~39,office,seoul,0,0,0,0,14,0,0,58,0,0,completed
20094,U0096,2025-03-06 14:24:00,2025-03-06 14:26:00,M,50+,office,seoul,0,0,0,0,15,0,0,23,0,0,completed
20095,U0097,2025-08-11 08:53:00,2025-08-11 08:55:00,M,20~29,office,seoul,0,0,0,0,25,0,0,15,0,1,completed
20096,U0098,2025-11-21 15:42:00,2025-11-21 15:47:00,F,50+,office,seoul,0,0,0,0,14,0,0,62,0,0,completed
20097,U0099,2025-02-05 11:17:00,2025-02-05 11:20:00,F,50+,office,seoul,0,0,0,0,7,0,0,63,0,0,abandoned
20098,U0100,2025-04-28 09:31:00,2025-04-28 09:35:00,M,50+,office,seoul,0,0,0,0,26,0,0,70,0,0,completed
20099,U0101,2025-07-24 09:43:00,2025-07-24 09:45:00,M,40~49,office,seoul,0,0,0,0,7,0,0,48,0,0,completed
20100,U0102,2025-09-17 14:25:00,2025-09-17 14:28:00,F,30~39,office,seoul,0,0,0,0,0,0,0,11,0,0,completed
20101,U0103,2025-10-11 12:21:00,2025-10-11 12:24:00,F,20~29,office,seoul,1,0,0,0,5,0,0,14,0,0,completed
20102,U0104,2025-09-27 15:10:00,2025-09-27 15:17:00,F,40~49,office,seoul,1,0,0,0,26,0,0,62,0,0,completed
20103,U0105,2025-12-27 19:53:00,2025-12-27 19:55:00,F,30~39,office,seoul,1,0,0,0,18,0,0,47,0,0,completed
20104,U0106,2025-08-06 16:42:00,2025-08-06 16:49:00,F,30~39,office,seoul,0,0,0,0,29,0,0,35,0,0,completed
20105,U0107,2025-12-24 19:13:00,2025-12-24 19:18:00,M,20~29,office,seoul,0,0,0,0,17,0,0,29,0,1,completed
20106,U0108,2025-03-13 15:24:00,2025-03-13 15:28:00,M,20~29,office,seoul,0,0,0,0,24,0,0,23,0,0,abandoned
20107,U0109,2025-12-03 14:47:00,2025-12-03 14:49:00,F,40~49,office,seoul,0,0,0,0,16,0,0,33,0,0,completed
20108,U0110,2025-01-27 13:07:00,2025-01-27 13:11:00,F,20~29,office,seoul,0,0,0,0,1,0,0,16,0,0,completed
20109,U0111,2025-01-11 07:42:00,2025-01-11 07:45:00,F,40~49,office,seoul,1,0,0,0,18,0,0,73,0,0,completed
20110,U0112,2025-10-13 18:34:00,2025-10-13 18:38:00,M,40~49,office,seoul,0,0,0,0,26,0,0,62,0,0,completed
20111,U0113,2025-09-23 09:11:00,2025-09-23 09:17:00,F,20~29,office,seoul,0,0,0,0,26,0,0,38,0,0,completed
20112,U0114,2025-11-15 19:06:00,2025-11-15 19:09:00,F,30~39,office,seoul,1,0,0,0,25,0,0,55,0,0,completed
20113,U0115,2025-02-19 09:29:00,2025-02-19 09:33:00,M,20~29,office,seoul,0,0,0,0,21,0,0,29,0,0,completed
20114,U0116,2025-07-10 16:17:00,2025-07-10 16:22:00,F,20~29,office,seoul,0,0,0,0,9,0,0,33,0,0,completed
20115,U0117,2025-07-20 11:45:00,2025-07-20 11:48:00,M,20~29,office,seoul,1,0,0,0,28,0,0,21,0,0,completed
20116,U0118,2025-04-06 13:53:00,2025-04-06 13:59:00,M,30~39,office,seoul,1,0,0,0,12,0,0,57,0,0,completed
20117,U0119,2025-12-26 18:05:00,2025-12-26 18:10:00,F,50+,office,seoul,0,0,0,0,11,0,0,59,0,0,completed
20118,U0120,2025-12-17 09:12:00,2025-12-17 09:18:00,F,40~49,office,seoul,0,0,0,0,14,0,0,76,0,0,completed
20119,U0121,2025-07-21 09:08:00,2025-07-21 09:14:00,F,50+,office,seoul,0,0,0,0,8,0,0,62,0,0,completed
20120,U0122,2025-12-25 18:18:00,2025-12-25 18:21:00,M,20~29,office,seoul,0,0,0,0,23,0,0,26,0,0,completed
20121,U0123,2025-03-28 07:03:00,2025-03-28 07:06:00,M,20~29,office,seoul,0,0,0,0,24,0,0,40,0,0,completed
20122,U0124,2025-10-20 09:37:00,2025-10-20 09:40:00,F,30~39,office,seoul,0,0,0,0,8,0,0,15,0,0,completed
20123,U0125,2025-08-24 13:48:00,2025-08-24 13:52:00,F,20~29,office,seoul,1,0,0,0,16,0,0,35,0,0,completed
20124,U0126,2025-05-07 16:45:00,2025-05-07 16:47:00,F,20~29,office,seoul,0,0,0,0,26,0,0,16,0,0,completed
20125,U0127,2025-04-18 07:44:00,2025-04-18 07:50:00,M,50+,office,seoul,0,0,0,0,11,0,0,78,0,0,completed
20126,U0128,2025-03-03 22:23:00,2025-03-03 22:26:00,M,20~29,office,seoul,0,0,0,0,26,0,0,13,0,0,completed
20127,U0129,2025-08-23 15:13:00,2025-08-23 15:19:00,F,30~39,office,seoul,1,0,0,0,8,0,0,66,0,0,completed
20128,U0130,2025-06-23 15:57:00,2025-06-23 16:00:00,F,30~39,office,seoul,0,0,0,0,4,0,0,63,0,0,completed
20129,U0131,2025-07-30 16:16:00,2025-07-30 16:21:00,F,20~29,office,seoul,0,0,0,0,22,0,0,37,0,0,completed
20130,U0132,2025-11-21 14:30:00,2025-11-21 14:37:00,F,30~39,office,seoul,0,0,0,0,8,0,0,38,0,0,timeout
20131,U0133,2025-08-04 19:24:00,2025-08-04 19:28:00,F,50+,office,seoul,0,0,0,0,17,0,0,10,0,1,completed
20132,U0134,2025-01-14 09:57:00,2025-01-14 09:59:00,F,40~49,office,seoul,0,0,0,0,7,0,0,19,0,0,error
20133,U0135,2025-09-14 15:31:00,2025-09-14 15:37:00,F,20~29,office,seoul,1,0,0,0,23,0,0,23,0,0,completed
20134,U0136,2025-02-20 13:13:00,2025-02-20 13:20:00,F,20~29,office,seoul,0,0,0,0,19,0,0,38,0,0,completed
20135,U0137,2025-06-06 14:35:00,2025-06-06 14:39:00,F,50+,office,seoul,0,0,0,0,4,0,0,16,0,0,completed
20136,U0138,2025-08-12 15:42:00,2025-08-12 15:44:00,M,50+,office,seoul,0,0,0,0,20,0,0,68,0,0,completed
20137,U0139,2025-07-10 15:03:00,2025-07-10 15:09:00,F,20~29,office,seoul,0,0,0,0,20,0,0,47,0,0,completed
20138,U0140,2025-11-28 12:34:00,2025-11-28 12:41:00,F,30~39,office,seoul,0,0,0,0,5,0,0,30,0,0,completed
20139,U0141,2025-07-08 08:25:00,2025-07-08 08:30:00,F,50+,office,seoul,0,0,0,0,6,0,0,27,0,1,completed
20140,U0142,2025-01-28 12:46:00,2025-01-28 12:53:00,F,50+,office,seoul,0,0,0,0,21,0,0,39,0,0,completed
20141,U0143,2025-08-04 14:48:00,2025-08-04 14:52:00,M,20~29,office,seoul,0,0,0,0,23,0,0,62,0,0,completed
20142,U0144,2025-04-14 12:06:00,2025-04-14 12:08:00,M,30~39,office,seoul,0,0,0,0,2,0,0,23,0,0,completed
20143,U0145,2025-11-30 07:10:00,2025-11-30 07:16:00,M,20~29,office,seoul,1,0,0,0,0,0,0,35,0,0,completed
20144,U0146,2025-08-05 13:08:00,2025-08-05 13:13:00,F,20~29,office,seoul,0,0,0,0,2,0,0,29,0,0,completed
20145,U0147,2025-07-05 08:28:00,2025-07-05 08:35:00,F,20~29,office,seoul,1,0,0,0,2,0,0,36,0,0,completed
20146,U0148,2025-03-26 18:23:00,2025-03-26 18:29:00,F,50+,office,seoul,0,0,0,0,29,0,0,60,0,0,completed
20147,U0149,2025-06-17 19:00:00,2025-06-17 19:02:00,M,20~29,office,seoul,0,0,0,0,3,0,0,79,0,0,completed
20148,U0150,2025-01-29 13:33:00,2025-01-29 13:37:00,M,40~49,office,seoul,0,0,0,0,14,0,0,56,0,0,completed
20149,U0151,2025-03-18 13:47:00,2025-03-18 13:52:00,F,40~49,office,seoul,0,0,0,0,2,0,0,27,0,1,completed
20150,U0152,2025-01-08 12:09:00,2025-01-08 12:13:00,F,20~29,office,seoul,0,0,0,0,26,0,0,18,0,0,completed
20151,U0153,2025-02-12 16:43:00,2025-02-12 16:47:00,F,40~49,office,seoul,0,0,0,0,11,0,0,42,0,0,completed
20152,U0154,2025-06-07 18:12:00,2025-06-07 18:15:00,F,40~49,office,seoul,1,0,0,0,8,0,0,27,0,0,completed
20153,U0155,2025-08-11 21:25:00,2025-08-11 21:30:00,F,40~49,office,seoul,0,0,0,0,29,0,0,75,0,0,completed
20154,U0156,2025-10-04 12:22:00,2025-10-04 12:28:00,F,30~39,office,seoul,1,0,0,0,10,0,0,32,0,0,completed
20155,U0157,2025-11-18 17:43:00,2025-11-18 17:46:00,F,30~39,office,seoul,0,0,0,0,4,0,0,10,0,0,completed
20156,U0158,2025-01-09 09:59:00,2025-01-09 10:02:00,M,40~49,office,seoul,0,0,0,0,10,0,0,79,0,0,completed
20157,U0159,2025-12-14 12:06:00,2025-12-14 12:08:00,F,20~29,office,seoul,1,0,0,0,5,0,0,38,0,0,completed
20158,U0160,2025-02-20 15:37:00,2025-02-20 15:42:00,M,30~39,office,seoul,0,0,0,0,5,0,0,77,0,0,completed
20159,U0161,2025-05-31 08:56:00,2025-05-31 09:00:00,M,50+,office,seoul,1,0,0,0,16,0,0,78,0,0,completed
20160,U0162,2025-12-03 16:28:00,2025-12-03 16:34:00,F,50+,office,seoul,0,0,0,0,1,0,0,47,0,0,completed
20161,U0163,2025-03-02 18:54:00,2025-03-02 18:59:00,M,50+,office,seoul,1,0,0,0,19,0,0,43,0,0,completed
20162,U0164,2025-12-21 18:41:00,2025-12-21 18:44:00,F,30~39,office,seoul,1,0,0,0,23,0,0,31,0,0,completed
20163,U0165,2025-12-02 21:49:00,2025-12-02 21:55:00,M,30~39,office,seoul,0,0,0,0,0,0,0,65,0,0,completed
20164,U0166,2025-01-07 16:16:00,2025-01-07 16:21:00,F,20~29,office,seoul,0,0,0,0,21,0,0,56,0,0,completed
20165,U0167,2025-05-13 12:24:00,2025-05-13 12:29:00,M,20~29,office,seoul,0,0,0,0,3,0,0,31,0,0,completed
20166,U0168,2025-11-01 09:50:00,2025-11-01 09:53:00,M,40~49,office,seoul,1,0,0,0,6,0,0,25,0,0,completed
20167,U0169,2025-03-14 09:43:00,2025-03-14 09:49:00,M,30~39,office,seoul,0,0,0,0,8,0,0,60,0,1,completed
20168,U0170,2025-07-03 15:42:00,2025-07-03 15:46:00,F,40~49,office,seoul,0,0,0,0,12,0,0,50,0,0,completed
20169,U0171,2025-10-15 14:48:00,2025-10-15 14:54:00,M,40~49,office,seoul,0,0,0,0,3,0,0,73,0,0,completed
20170,U0172,2025-12-20 09:00:00,2025-12-20 09:03:00,M,50+,office,seoul,1,0,0,0,13,0,0,72,1,0,completed
20171,U0173,2025-12-15 14:23:00,2025-12-15 14:25:00,M,40~49,office,seoul,0,0,0,0,18,0,0,19,0,0,completed
20172,U0174,2025-10-05 12:04:00,2025-10-05 12:07:00,F,30~39,office,seoul,1,0,0,0,9,0,0,32,0,0,completed
20173,U0175,2025-05-05 18:47:00,2025-05-05 18:49:00,M,20~29,office,seoul,0,0,0,0,3,0,0,60,0,0,completed
20174,U0176,2025-11-03 09:15:00,2025-11-03 09:18:00,F,50+,office,seoul,0,0,0,0,3,0,0,46,0,0,completed
20175,U0177,2025-08-04 09:57:00,2025-08-04 10:00:00,F,30~39,office,seoul,0,0,0,0,10,0,0,36,0,0,completed
20176,U0178,2025-06-27 15:34:00,2025-06-27 15:36:00,F,40~49,office,seoul,0,0,0,0,23,0,0,41,0,0,abandoned
20177,U0179,2025-04-25 18:27:00,2025-04-25 18:30:00,M,30~39,office,seoul,0,0,0,0,3,0,0,48,0,0,completed
20178,U0180,2025-10-14 19:50:00,2025-10-14 19:56:00,F,50+,office,seoul,0,0,0,0,11,0,0,19,0,1,completed
20179,U0181,2025-11-12 08:26:00,2025-11-12 08:32:00,M,50+,office,seoul,0,0,0,0,26,0,0,17,0,0,completed
20180,U0182,2025-08-19 07:05:00,2025-08-19 07:08:00,M,40~49,office,seoul,0,0,0,0,26,0,0,79,0,0,completed
20181,U0183,2025-03-30 22:43:00,2025-03-30 22:46:00,F,20~29,office,seoul,1,0,0,0,19,0,0,59,0,0,completed
20182,U0184,2025-05-12 08:46:00,2025-05-12 08:53:00,F,30~39,office,seoul,0,0,0,0,18,0,0,23,0,0,completed
20183,U0185,2025-11-17 12:15:00,2025-11-17 12:20:00,M,20~29,office,seoul,0,0,0,0,28,0,0,22,0,0,completed
20184,U0186,2025-08-17 16:50:00,2025-08-17 16:53:00,M,30~39,office,seoul,1,0,0,0,3,0,0,73,0,0,completed
20185,U0187,2025-05-05 12:38:00,2025-05-05 12:40:00,F,30~39,office,seoul,0,0,0,0,21,0,0,11,0,0,completed
20186,U0188,2025-04-13 21:10:00,2025-04-13 21:15:00,F,20~29,office,seoul,1,0,0,0,27,0,0,20,0,0,completed
20187,U0189,2025-03-26 17:37:00,2025-03-26 17:42:00,M,30~39,office,seoul,0,0,0,0,19,0,0,61,0,0,completed
20188,U0190,2025-06-02 17:56:00,2025-06-02 18:01:00,F,20~29,office,seoul,0,0,0,0,22,0,0,57,0,0,completed
20189,U0191,2025-06-07 17:17:00,2025-06-07 17:24:00,F,30~39,office,seoul,1,0,0,0,16,0,0,55,0,0,completed
20190,U0192,2025-01-06 17:19:00,2025-01-06 17:21:00,M,30~39,office,seoul,0,0,0,0,5,0,0,30,0,0,completed
20191,U0193,2025-12-02 09:34:00,2025-12-02 09:40:00,M,20~29,office,seoul,0,0,0,0,21,0,0,36,0,0,completed
20192,U0194,2025-01-25 11:27:00,2025-01-25 11:30:00,M,50+,office,seoul,1,0,0,0,8,0,0,50,0,0,completed
20193,U0195,2025-02-01 19:03:00,2025-02-01 19:07:00,F,20~29,office,seoul,1,0,0,0,15,0,0,57,0,0,completed
20194,U0196,2025-05-25 15:22:00,2025-05-25 15:28:00,M,20~29,office,seoul,1,0,0,0,14,0,0,37,0,0,completed
20195,U0197,2025-12-31 20:41:00,2025-12-31 20:44:00,F,30~39,office,seoul,0,0,0,0,3,0,0,23,0,0,completed
20196,U0198,2025-12-02 17:00:00,2025-12-02 17:07:00,M,20~29,office,seoul,0,0,0,0,19,0,0,33,0,0,completed
20197,U0199,2025-05-13 09:10:00,2025-05-13 09:14:00,M,20~29,office,seoul,0,0,0,0,23,0,0,58,0,0,abandoned
20198,U0200,2025-09-27 12:54:00,2025-09-27 13:01:00,M,50+,office,seoul,1,0,0,0,2,0,0,68,0,0,abandoned
20199,U0201,2025-06-12 12:22:00,2025-06-12 12:27:00,M,50+,office,seoul,0,0,0,0,7,0,0,10,1,0,completed
20200,U0202,2025-12-04 08:33:00,2025-12-04 08:36:00,F,20~29,office,seoul,0,0,0,0,20,0,0,21,0,0,completed
20201,U0203,2025-04-27 15:39:00,2025-04-27 15:44:00,M,50+,office,seoul,1,0,0,0,7,0,0,77,0,0,abandoned
20202,U0204,2025-02-03 19:27:00,2025-02-03 19:32:00,M,40~49,office,seoul,0,0,0,0,11,0,0,25,0,0,completed
20203,U0205,2025-05-05 15:51:00,2025-05-05 15:56:00,F,40~49,office,seoul,0,0,0,0,8,0,0,35,0,0,completed
20204,U0206,2025-09-02 14:53:00,2025-09-02 14:58:00,M,50+,office,seoul,0,0,0,0,4,0,0,56,0,0,completed
20205,U0207,2025-03-17 07:29:00,2025-03-17 07:32:00,M,50+,office,seoul,0,0,0,0,11,0,0,60,1,0,completed
20206,U0208,2025-06-02 16:36:00,2025-06-02 16:41:00,F,50+,office,seoul,0,0,0,0,9,0,0,62,0,0,completed
20207,U0209,2025-03-27 11:06:00,2025-03-27 11:09:00,F,40~49,office,seoul,0,0,0,0,25,0,0,78,0,0,completed
20208,U0210,2025-12-30 08:11:00,2025-12-30 08:13:00,M,30~39,office,seoul,0,0,0,0,13,0,0,30,0,0,completed
20209,U0211,2025-12-27 22:33:00,2025-12-27 22:38:00,M,30~39,office,seoul,1,0,0,0,9,0,0,31,0,0,completed
20210,U0212,2025-08-30 09:22:00,2025-08-30 09:26:00,F,30~39,office,seoul,1,0,0,0,3,0,0,30,0,0,abandoned
20211,U0213,2025-06-27 13:33:00,2025-06-27 13:36:00,M,20~29,office,seoul,0,0,0,0,13,0,0,15,0,0,completed
20212,U0214,2025-04-10 12:27:00,2025-04-10 12:32:00,F,20~29,office,seoul,0,0,0,0,28,0,0,41,0,0,completed
20213,U0215,2025-01-23 12:34:00,2025-01-23 12:39:00,F,40~49,office,seoul,0,0,0,0,21,0,0,61,0,0,completed
20214,U0216,2025-12-28 07:21:00,2025-12-28 07:24:00,F,20~29,office,seoul,1,0,0,0,5,0,0,32,0,0,completed
20215,U0217,2025-08-11 12:31:00,2025-08-11 12:38:00,M,20~29,office,seoul,0,0,0,0,25,0,0,43,0,0,completed
20216,U0218,2025-09-08 16:21:00,2025-09-08 16:25:00,F,50+,office,seoul,0,0,0,0,5,0,0,48,1,1,completed
20217,U0219,2025-01-09 11:14:00,2025-01-09 11:17:00,M,20~29,office,seoul,0,0,0,0,8,0,0,13,0,0,error
20218,U0220,2025-10-01 21:50:00,2025-10-01 21:57:00,M,20~29,office,seoul,0,0,0,0,21,0,0,31,0,0,completed
20219,U0221,2025-01-19 08:16:00,2025-01-19 08:23:00,F,40~49,office,seoul,1,0,0,0,18,0,0,51,0,0,completed
20220,U0222,2025-03-09 17:53:00,2025-03-09 17:56:00,F,40~49,office,seoul,1,0,0,0,29,0,0,22,0,0,completed
20221,U0223,2025-03-25 12:49:00,2025-03-25 12:55:00,M,20~29,office,seoul,0,0,0,0,8,0,0,13,0,0,completed
20222,U0224,2025-05-07 19:28:00,2025-05-07 19:32:00,F,20~29,office,seoul,0,0,0,0,8,0,0,38,0,0,completed
20223,U0225,2025-08-08 13:11:00,2025-08-08 13:17:00,F,20~29,office,seoul,0,0,0,0,5,0,0,37,1,0,completed
20224,U0226,2025-04-21 15:59:00,2025-04-21 16:02:00,M,40~49,office,seoul,0,0,0,0,19,0,0,47,0,0,completed
20225,U0227,2025-03-23 17:48:00,2025-03-23 17:54:00,F,20~29,office,seoul,1,0,0,0,3,0,0,66,0,0,completed
20226,U0228,2025-06-10 09:53:00,2025-06-10 09:55:00,M,40~49,office,seoul,0,0,0,0,7,0,0,19,0,0,completed
20227,U0229,2025-04-14 13:59:00,2025-04-14 14:04:00,M,20~29,office,seoul,0,0,0,0,1,0,0,51,0,0,error
20228,U0230,2025-02-28 15:44:00,2025-02-28 15:46:00,M,30~39,office,seoul,0,0,0,0,14,0,0,22,0,0,completed
20229,U0231,2025-09-14 08:08:00,2025-09-14 08:10:00,F,50+,office,seoul,1,0,0,0,2,0,0,13,0,0,completed
20230,U0232,2025-06-13 08:47:00,2025-06-13 08:51:00,M,40~49,office,seoul,0,0,0,0,6,0,0,34,0,0,completed
20231,U0233,2025-03-30 19:33:00,2025-03-30 19:37:00,F,20~29,office,seoul,1,0,0,0,21,0,0,68,0,0,completed
20232,U0234,2025-07-15 22:28:00,2025-07-15 22:35:00,M,40~49,office,seoul,0,0,0,0,13,0,0,28,0,0,completed
20233,U0235,2025-01-24 12:27:00,2025-01-24 12:34:00,F,30~39,office,seoul,0,0,0,0,18,0,0,13,0,0,timeout
20234,U0236,2025-10-06 14:59:00,2025-10-06 15:04:00,F,20~29,office,seoul,0,0,0,0,28,0,0,75,0,0,abandoned
20235,U0237,2025-11-13 18:44:00,2025-11-13 18:51:00,F,20~29,office,seoul,0,0,0,0,19,0,0,37,0,0,completed
20236,U0238,2025-01-29 16:48:00,2025-01-29 16:55:00,F,50+,office,seoul,0,0,0,0,14,0,0,43,0,0,completed
20237,U0239,2025-01-01 09:55:00,2025-01-01 10:02:00,M,50+,office,seoul,0,0,0,0,10,0,0,59,0,0,abandoned
20238,U0240,2025-04-20 16:16:00,2025-04-20 16:19:00,F,50+,office,seoul,1,0,0,0,5,0,0,78,1,1,completed
20239,U0241,2025-06-15 12:54:00,2025-06-15 12:56:00,F,40~49,office,seoul,1,0,0,0,12,0,0,15,0,0,completed
20240,U0242,2025-04-03 20:27:00,2025-04-03 20:32:00,F,20~29,office,seoul,0,0,0,0,27,0,0,44,0,0,timeout
20241,U0243,2025-01-26 21:57:00,2025-01-26 22:04:00,F,20~29,office,seoul,1,0,0,0,23,0,0,18,0,0,completed
20242,U0244,2025-08-21 15:58:00,2025-08-21 16:02:00,F,30~39,office,seoul,0,0,0,0,18,0,0,37,0,0,completed
20243,U0245,2025-10-14 08:39:00,2025-10-14 08:43:00,F,20~29,office,seoul,0,0,0,0,23,0,0,21,0,0,completed
20244,U0246,2025-03-27 12:13:00,2025-03-27 12:20:00,M,40~49,office,seoul,0,0,0,0,1,0,0,24,1,0,completed
20245,U0247,2025-01-08 08:20:00,2025-01-08 08:23:00,F,20~29,office,seoul,0,0,0,0,7,0,0,65,0,0,completed
20246,U0248,2025-04-10 17:29:00,2025-04-10 17:31:00,M,20~29,office,seoul,0,0,0,0,28,0,0,31,0,0,completed
20247,U0249,2025-12-08 12:58:00,2025-12-08 13:02:00,M,20~29,office,seoul,0,0,0,0,13,0,0,36,0,0,completed
20248,U0250,2025-03-19 22:31:00,2025-03-19 22:33:00,M,20~29,office,seoul,0,0,0,0,6,0,0,10,0,0,completed
20249,U0251,2025-03-14 16:28:00,2025-03-14 16:30:00,F,40~49,office,seoul,0,0,0,0,14,0,0,20,0,0,completed
20250,U0252,2025-09-14 16:19:00,2025-09-14 16:23:00,F,30~39,office,seoul,1,0,0,0,13,0,0,65,0,0,completed
20251,U0253,2025-09-15 15:04:00,2025-09-15 15:09:00,F,40~49,office,seoul,0,0,0,0,26,0,0,61,0,0,completed
20252,U0254,2025-10-29 12:38:00,2025-10-29 12:40:00,F,20~29,office,seoul,0,0,0,0,15,0,0,68,0,0,completed
20253,U0255,2025-06-15 08:13:00,2025-06-15 08:17:00,F,20~29,office,seoul,1,0,0,0,27,0,0,38,0,0,completed
20254,U0256,2025-04-30 14:04:00,2025-04-30 14:10:00,M,50+,office,seoul,0,0,0,0,11,0,0,19,1,0,completed
20255,U0257,2025-08-25 07:49:00,2025-08-25 07:52:00,M,50+,office,seoul,0,0,0,0,2,0,0,28,0,0,completed
20256,U0258,2025-12-16 18:07:00,2025-12-16 18:09:00,F,20~29,office,seoul,0,0,0,0,21,0,0,13,0,0,completed
20257,U0259,2025-05-01 20:24:00,2025-05-01 20:30:00,M,20~29,office,seoul,0,0,0,0,26,0,0,23,0,0,abandoned
20258,U0260,2025-05-23 20:23:00,2025-05-23 20:27:00,F,50+,office,seoul,0,0,0,0,2,0,0,22,0,0,completed
20259,U0261,2025-06-30 12:15:00,2025-06-30 12:21:00,F,40~49,office,seoul,0,0,0,0,10,0,0,14,0,0,timeout
20260,U0262,2025-08-28 07:28:00,2025-08-28 07:34:00,M,20~29,office,seoul,0,0,0,0,15,0,0,59,0,0,completed
20261,U0263,2025-01-14 12:56:00,2025-01-14 12:59:00,F,30~39,office,seoul,0,0,0,0,27,0,0,19,0,0,completed
20262,U0264,2025-06-19 07:13:00,2025-06-19 07:20:00,M,20~29,office,seoul,0,0,0,0,2,0,0,27,0,0,completed
20263,U0265,2025-11-19 07:49:00,2025-11-19 07:56:00,M,20~29,office,seoul,0,0,0,0,15,0,0,74,0,0,completed
20264,U0266,2025-11-02 11:38:00,2025-11-02 11:44:00,M,30~39,office,seoul,1,0,0,0,6,0,0,51,0,0,completed
20265,U0267,2025-07-01 19:01:00,2025-07-01 19:04:00,M,20~29,office,seoul,0,0,0,0,20,0,0,48,0,0,completed
20266,U0268,2025-03-09 17:32:00,2025-03-09 17:39:00,F,30~39,office,seoul,1,0,0,0,10,0,0,73,0,0,completed
20267,U0269,2025-12-25 08:14:00,2025-12-25 08:17:00,F,20~29,office,seoul,0,0,0,0,18,0,0,71,0,0,completed
20268,U0270,2025-12-15 15:27:00,2025-12-15 15:33:00,M,20~29,office,seoul,0,0,0,0,26,0,0,26,0,0,completed
20269,U0271,2025-05-19 19:05:00,2025-05-19 19:07:00,F,20~29,office,seoul,0,0,0,0,11,0,0,69,0,0,completed
20270,U0272,2025-12-06 14:23:00,2025-12-06 14:28:00,M,30~39,office,seoul,1,0,0,0,6,0,0,18,0,0,completed
20271,U0273,2025-08-28 14:26:00,2025-08-28 14:30:00,F,20~29,office,seoul,0,0,0,0,21,0,0,11,0,0,completed
20272,U0274,2025-07-29 08:16:00,2025-07-29 08:18:00,F,30~39,office,seoul,0,0,0,0,4,0,0,76,0,0,completed
20273,U0275,2025-01-23 12:13:00,2025-01-23 12:17:00,M,20~29,office,seoul,0,0,0,0,22,0,0,72,0,1,completed
20274,U0276,2025-01-20 16:54:00,2025-01-20 16:56:00,M,20~29,office,seoul,0,0,0,0,1,0,0,73,0,0,timeout
20275,U0277,2025-02-18 09:15:00,2025-02-18 09:21:00,F,20~29,office,seoul,0,0,0,0,3,0,0,31,0,0,completed
20276,U0278,2025-10-17 12:45:00,2025-10-17 12:49:00,M,20~29,office,seoul,0,0,0,0,7,0,0,37,0,0,completed
20277,U0279,2025-01-18 12:33:00,2025-01-18 12:36:00,F,40~49,office,seoul,1,0,0,0,27,0,0,62,0,0,completed
20278,U0280,2025-02-20 11:26:00,2025-02-20 11:30:00,F,30~39,office,seoul,0,0,0,0,22,0,0,46,0,0,completed
20279,U0281,2025-06-16 07:32:00,2025-06-16 07:34:00,F,40~49,office,seoul,0,0,0,0,10,0,0,35,0,0,timeout
20280,U0282,2025-06-10 13:59:00,2025-06-10 14:01:00,M,50+,office,seoul,0,0,0,0,7,0,0,68,0,0,completed
20281,U0283,2025-03-25 21:05:00,2025-03-25 21:07:00,M,30~39,office,seoul,0,0,0,0,23,0,0,53,0,0,completed
20282,U0284,2025-10-02 14:00:00,2025-10-02 14:04:00,F,50+,office,seoul,0,0,0,0,15,0,0,58,0,0,completed
20283,U0285,2025-06-22 11:34:00,2025-06-22 11:39:00,M,30~39,office,seoul,1,0,0,0,5,0,0,74,0,0,completed
20284,U0286,2025-05-29 15:21:00,2025-05-29 15:27:00,F,30~39,office,seoul,0,0,0,0,23,0,0,58,0,0,completed
20285,U0287,2025-02-05 13:14:00,2025-02-05 13:18:00,M,20~29,office,seoul,0,0,0,0,5,0,0,15,0,0,completed
20286,U0288,2025-08-26 07:36:00,2025-08-26 07:39:00,M,20~29,office,seoul,0,0,0,0,26,0,0,24,0,0,completed
20287,U0289,2025-05-11 09:01:00,2025-05-11 09:06:00,F,20~29,office,seoul,1,0,0,0,20,0,0,24,0,0,timeout
20288,U0290,2025-06-17 12:03:00,2025-06-17 12:05:00,F,20~29,office,seoul,0,0,0,0,21,0,0,79,0,0,completed
20289,U0291,2025-06-30 15:49:00,2025-06-30 15:54:00,F,20~29,office,seoul,0,0,0,0,21,0,0,19,0,0,abandoned
20290,U0292,2025-10-23 19:27:00,2025-10-23 19:29:00,F,30~39,office,seoul,0,0,0,0,12,0,0,15,0,0,error
20291,U0293,2025-01-03 16:21:00,2025-01-03 16:28:00,M,40~49,office,seoul,0,0,0,0,10,0,0,79,0,0,completed
20292,U0294,2025-05-16 16:32:00,2025-05-16 16:35:00,F,20~29,office,seoul,0,0,0,0,17,0,0,72,0,0,completed
20293,U0295,2025-05-14 15:27:00,2025-05-14 15:30:00,F,20~29,office,seoul,0,0,0,0,24,0,0,19,0,0,completed
20294,U0296,2025-05-09 08:52:00,2025-05-09 08:57:00,F,30~39,office,seoul,0,0,0,0,11,0,0,62,0,0,completed
20295,U0297,2025-10-03 13:16:00,2025-10-03 13:20:00,M,50+,office,seoul,0,0,0,0,24,0,0,43,0,0,completed
20296,U0298,2025-04-10 09:34:00,2025-04-10 09:37:00,F,40~49,office,seoul,0,0,0,0,11,0,0,12,0,0,completed
20297,U0299,2025-10-07 11:27:00,2025-10-07 11:31:00,M,30~39,office,seoul,0,0,0,0,0,0,0,46,0,0,completed
20298,U0300,2025-06-27 14:08:00,2025-06-27 14:15:00,F,30~39,office,seoul,0,0,0,0,22,0,0,13,0,0,completed
20299,U0301,2025-04-23 13:10:00,2025-04-23 13:14:00,M,30~39,office,seoul,0,0,0,0,26,0,0,64,0,0,completed
20300,U0302,2025-01-29 18:34:00,2025-01-29 18:39:00,F,20~29,office,seoul,0,0,0,0,21,0,0,44,0,0,completed
20301,U0303,2025-04-20 11:50:00,2025-04-20 11:56:00,F,50+,office,seoul,1,0,0,0,8,0,0,75,1,0,completed
20302,U0304,2025-09-23 14:26:00,2025-09-23 14:32:00,M,50+,office,seoul,0,0,0,0,21,0,0,45,0,0,completed
20303,U0305,2025-05-23 13:33:00,2025-05-23 13:38:00,F,20~29,office,seoul,0,0,0,0,2,0,0,72,0,0,completed
20304,U0306,2025-04-29 08:14:00,2025-04-29 08:17:00,F,20~29,office,seoul,0,0,0,0,10,0,0,13,0,0,timeout
20305,U0307,2025-09-22 08:24:00,2025-09-22 08:27:00,F,40~49,office,seoul,0,0,0,0,24,0,0,43,0,0,completed
20306,U0308,2025-01-10 18:16:00,2025-01-10 18:21:00,F,50+,office,seoul,0,0,0,0,28,0,0,20,0,0,completed
20307,U0309,2025-01-19 12:27:00,2025-01-19 12:33:00,F,20~29,office,seoul,1,0,0,0,25,0,0,53,0,0,completed
20308,U0310,2025-07-04 14:26:00,2025-07-04 14:31:00,M,20~29,office,seoul,0,0,0,0,4,0,0,70,0,0,completed
20309,U0311,2025-07-18 16:30:00,2025-07-18 16:35:00,F,20~29,office,seoul,0,0,0,0,20,0,0,74,0,0,error
20310,U0312,2025-12-15 12:18:00,2025-12-15 12:23:00,M,20~29,office,seoul,0,0,0,0,20,0,0,18,0,0,timeout
20311,U0313,2025-10-04 14:41:00,2025-10-04 14:47:00,F,20~29,office,seoul,1,0,0,0,15,0,0,35,0,0,completed
20312,U0314,2025-09-20 17:37:00,2025-09-20 17:41:00,F,20~29,office,seoul,1,0,0,0,13,0,0,29,0,0,completed
20313,U0315,2025-08-13 09:31:00,2025-08-13 09:33:00,F,30~39,office,seoul,0,0,0,0,8,0,0,48,0,0,completed
20314,U0316,2025-10-06 19:03:00,2025-10-06 19:07:00,M,50+,office,seoul,0,0,0,0,2,0,0,44,0,0,completed
20315,U0317,2025-05-13 11:46:00,2025-05-13 11:53:00,F,40~49,office,seoul,0,0,0,0,25,0,0,63,0,0,completed
20316,U0318,2025-08-06 14:08:00,2025-08-06 14:12:00,F,30~39,office,seoul,0,0,0,0,27,0,0,27,0,0,completed
20317,U0319,2025-07-16 08:52:00,2025-07-16 08:56:00,F,30~39,office,seoul,0,0,0,0,22,0,0,35,0,0,completed
20318,U0320,2025-05-28 17:03:00,2025-05-28 17:06:00,M,20~29,office,seoul,0,0,0,0,16,0,0,14,0,0,completed
20319,U0321,2025-10-22 14:20:00,2025-10-22 14:22:00,F,50+,office,seoul,0,0,0,0,17,0,0,42,0,0,error
20320,U0322,2025-12-16 12:56:00,2025-12-16 13:00:00,F,20~29,office,seoul,0,0,0,0,26,0,0,33,0,0,completed
20321,U0323,2025-11-29 12:14:00,2025-11-29 12:16:00,F,30~39,office,seoul,1,0,0,0,11,0,0,34,0,0,completed
20322,U0324,2025-01-23 16:31:00,2025-01-23 16:34:00,F,50+,office,seoul,0,0,0,0,17,0,0,58,0,0,completed
20323,U0325,2025-02-02 17:00:00,2025-02-02 17:07:00,F,50+,office,seoul,1,0,0,0,25,0,0,14,0,0,completed
20324,U0326,2025-08-21 12:34:00,2025-08-21 12:39:00,F,20~29,office,seoul,0,0,0,0,17,0,0,72,0,0,completed
20325,U0327,2025-12-12 07:04:00,2025-12-12 07:06:00,M,20~29,office,seoul,0,0,0,0,20,0,0,78,0,0,completed
20326,U0328,2025-01-01 12:18:00,2025-01-01 12:20:00,M,50+,office,seoul,0,0,0,0,24,0,0,21,0,0,completed
20327,U0329,2025-04-23 18:59:00,2025-04-23 19:05:00,M,20~29,office,seoul,0,0,0,0,5,0,0,39,0,0,completed
20328,U0330,2025-10-20 18:54:00,2025-10-20 19:01:00,M,20~29,office,seoul,0,0,0,0,13,0,0,14,0,0,completed
20329,U0331,2025-04-01 14:46:00,2025-04-01 14:51:00,F,50+,office,seoul,0,0,0,0,2,0,0,50,0,0,completed
20330,U0332,2025-12-25 14:00:00,2025-12-25 14:03:00,F,30~39,office,seoul,0,0,0,0,28,0,0,15,0,0,timeout
20331,U0333,2025-02-20 07:32:00,2025-02-20 07:37:00,F,30~39,office,seoul,0,0,0,0,23,0,0,33,0,0,completed
20332,U0334,2025-10-14 15:01:00,2025-10-14 15:07:00,F,40~49,office,seoul,0,0,0,0,28,0,0,19,0,0,completed
20333,U0335,2025-10-14 17:54:00,2025-10-14 18:00:00,F,30~39,office,seoul,0,0,0,0,1,0,0,17,0,0,completed
20334,U0336,2025-09-18 09:00:00,2025-09-18 09:02:00,F,50+,office,seoul,0,0,0,0,29,0,0,47,0,0,completed
20335,U0337,2025-12-12 12:53:00,2025-12-12 12:57:00,M,20~29,office,seoul,0,0,0,0,20,0,0,62,0,0,completed
20336,U0338,2025-10-04 18:03:00,2025-10-04 18:09:00,F,20~29,office,seoul,1,0,0,0,25,0,0,47,0,0,error
20337,U0339,2025-04-05 15:06:00,2025-04-05 15:11:00,M,20~29,office,seoul,1,0,0,0,5,0,0,68,0,0,completed
20338,U0340,2025-09-04 17:03:00,2025-09-04 17:09:00,M,20~29,office,seoul,0,0,0,0,14,0,0,59,0,0,completed
20339,U0341,2025-02-03 12:13:00,2025-02-03 12:20:00,F,30~39,office,seoul,0,0,0,0,1,0,0,79,0,0,completed
20340,U0342,2025-05-31 14:25:00,2025-05-31 14:27:00,F,20~29,office,seoul,1,0,0,0,17,0,0,31,0,0,completed
20341,U0343,2025-04-01 16:17:00,2025-04-01 16:21:00,F,30~39,office,seoul,0,0,0,0,5,0,0,11,0,0,completed
20342,U0344,2025-12-19 18:01:00,2025-12-19 18:08:00,F,40~49,office,seoul,0,0,0,0,3,0,0,46,0,0,abandoned
20343,U0345,2025-12-25 16:56:00,2025-12-25 17:03:00,M,30~39,office,seoul,0,0,0,0,8,0,0,49,0,0,completed
20344,U0346,2025-11-25 21:08:00,2025-11-25 21:14:00,F,20~29,office,seoul,0,0,0,0,24,0,0,45,0,0,completed
20345,U0347,2025-05-05 16:30:00,2025-05-05 16:36:00,M,20~29,office,seoul,0,0,0,0,24,0,0,41,0,0,abandoned
20346,U0348,2025-08-01 07:05:00,2025-08-01 07:08:00,M,30~39,office,seoul,0,0,0,0,12,0,0,47,0,0,completed
20347,U0349,2025-02-11 12:52:00,2025-02-11 12:58:00,F,20~29,office,seoul,0,0,0,0,9,0,0,78,0,0,completed
20348,U0350,2025-09-21 18:10:00,2025-09-21 18:16:00,M,20~29,office,seoul,1,0,0,0,4,0,0,78,0,0,completed
20349,U0351,2025-08-27 17:55:00,2025-08-27 17:57:00,M,40~49,office,seoul,0,0,0,0,3,0,0,50,0,0,completed
20350,U0352,2025-11-16 09:58:00,2025-11-16 10:00:00,F,40~49,office,seoul,1,0,0,0,4,0,0,58,0,0,error
20351,U0353,2025-02-02 17:22:00,2025-02-02 17:27:00,F,40~49,office,seoul,1,0,0,0,25,0,0,48,0,0,completed
20352,U0354,2025-10-03 14:04:00,2025-10-03 14:08:00,M,40~49,office,seoul,0,0,0,0,29,0,0,11,0,0,completed
20353,U0355,2025-09-16 15:26:00,2025-09-16 15:33:00,F,20~29,office,seoul,0,0,0,0,28,0,0,68,0,0,abandoned
20354,U0356,2025-06-09 16:45:00,2025-06-09 16:48:00,M,20~29,office,seoul,0,0,0,0,28,0,0,21,0,0,completed
20355,U0357,2025-08-14 20:11:00,2025-08-14 20:15:00,F,30~39,office,seoul,0,0,0,0,11,0,0,24,0,0,completed
20356,U0358,2025-10-04 12:38:00,2025-10-04 12:41:00,F,50+,office,seoul,1,0,0,0,19,0,0,41,1,0,completed
20357,U0359,2025-05-02 16:27:00,2025-05-02 16:32:00,F,40~49,office,seoul,0,0,0,0,18,0,0,14,0,0,completed
20358,U0360,2025-06-04 09:13:00,2025-06-04 09:16:00,M,30~39,office,seoul,0,0,0,0,21,0,0,69,0,0,completed
20359,U0361,2025-01-09 15:14:00,2025-01-09 15:17:00,M,50+,office,seoul,0,0,0,0,1,0,0,67,0,0,completed
20360,U0362,2025-07-15 12:29:00,2025-07-15 12:33:00,F,50+,office,seoul,0,0,0,0,0,0,0,37,0,0,completed
20361,U0363,2025-05-25 17:19:00,2025-05-25 17:22:00,F,30~39,office,seoul,1,0,0,0,28,0,0,65,0,0,completed
20362,U0364,2025-03-04 09:15:00,2025-03-04 09:22:00,F,30~39,office,seoul,0,0,0,0,5,0,0,59,0,0,completed
20363,U0365,2025-05-12 19:41:00,2025-05-12 19:48:00,F,20~29,office,seoul,0,0,0,0,9,0,0,63,0,0,completed
20364,U0366,2025-09-07 16:00:00,2025-09-07 16:04:00,M,30~39,office,seoul,1,0,0,0,22,0,0,78,0,0,completed
20365,U0367,2025-10-24 15:41:00,2025-10-24 15:48:00,F,50+,office,seoul,0,0,0,0,13,0,0,30,0,0,completed
20366,U0368,2025-06-22 13:08:00,2025-06-22 13:14:00,F,40~49,office,seoul,1,0,0,0,28,0,0,69,0,0,completed
20367,U0369,2025-06-23 12:47:00,2025-06-23 12:52:00,M,30~39,office,seoul,0,0,0,0,10,0,0,60,0,0,completed
20368,U0370,2025-11-09 15:12:00,2025-11-09 15:19:00,F,30~39,office,seoul,1,0,0,0,4,0,0,57,0,0,completed
20369,U0371,2025-04-28 18:26:00,2025-04-28 18:31:00,F,20~29,office,seoul,0,0,0,0,28,0,0,16,0,0,completed
20370,U0372,2025-01-05 09:11:00,2025-01-05 09:13:00,F,40~49,office,seoul,1,0,0,0,12,0,0,32,0,0,completed
20371,U0373,2025-05-15 12:42:00,2025-05-15 12:48:00,M,30~39,office,seoul,0,0,0,0,29,0,0,26,0,0,completed
20372,U0374,2025-11-06 16:05:00,2025-11-06 16:07:00,F,30~39,office,seoul,0,0,0,0,12,0,0,16,0,0,completed
20373,U0375,2025-06-02 12:02:00,2025-06-02 12:06:00,M,50+,office,seoul,0,0,0,0,2,0,0,77,1,0,completed
20374,U0376,2025-03-21 09:52:00,2025-03-21 09:56:00,F,30~39,office,seoul,0,0,0,0,17,0,0,75,0,0,completed
20375,U0377,2025-07-26 19:58:00,2025-07-26 20:00:00,M,20~29,office,seoul,1,0,0,0,17,0,0,32,0,0,completed
20376,U0378,2025-09-20 19:21:00,2025-09-20 19:24:00,F,40~49,office,seoul,1,0,0,0,1,0,0,12,0,0,completed
20377,U0379,2025-08-17 12:41:00,2025-08-17 12:47:00,F,50+,office,seoul,1,0,0,0,4,0,0,70,0,1,completed
20378,U0380,2025-03-01 14:48:00,2025-03-01 14:54:00,F,30~39,office,seoul,1,0,0,0,15,0,0,28,0,0,completed
20379,U0381,2025-12-16 14:17:00,2025-12-16 14:23:00,M,40~49,office,seoul,0,0,0,0,18,0,0,79,0,0,error
20380,U0382,2025-03-21 09:56:00,2025-03-21 10:03:00,F,20~29,office,seoul,0,0,0,0,23,0,0,52,1,0,completed
20381,U0383,2025-02-13 15:27:00,2025-02-13 15:31:00,M,20~29,office,seoul,0,0,0,0,26,0,0,33,0,0,completed
20382,U0384,2025-05-26 13:50:00,2025-05-26 13:57:00,M,20~29,office,seoul,0,0,0,0,26,0,0,54,0,0,completed
20383,U0385,2025-02-10 12:43:00,2025-02-10 12:45:00,F,40~49,office,seoul,0,0,0,0,13,0,0,42,0,0,completed
20384,U0386,2025-02-12 18:03:00,2025-02-12 18:05:00,F,30~39,office,seoul,0,0,0,0,17,0,0,39,0,0,completed
20385,U0387,2025-07-12 15:46:00,2025-07-12 15:52:00,F,50+,office,seoul,1,0,0,0,13,0,0,16,0,0,completed
20386,U0388,2025-05-01 13:32:00,2025-05-01 13:35:00,M,50+,office,seoul,0,0,0,0,28,0,0,38,0,0,completed
20387,U0389,2025-11-22 17:09:00,2025-11-22 17:14:00,M,20~29,office,seoul,1,0,0,0,18,0,0,33,0,0,completed
20388,U0390,2025-03-25 08:56:00,2025-03-25 09:01:00,F,30~39,office,seoul,0,0,0,0,29,0,0,60,0,0,completed
20389,U0391,2025-11-09 21:13:00,2025-11-09 21:16:00,F,20~29,office,seoul,1,0,0,0,5,0,0,36,0,0,completed
20390,U0392,2025-04-24 09:25:00,2025-04-24 09:29:00,F,20~29,office,seoul,0,0,0,0,17,0,0,20,0,0,completed
20391,U0393,2025-04-23 16:03:00,2025-04-23 16:06:00,M,20~29,office,seoul,0,0,0,0,26,0,0,76,0,0,timeout
20392,U0394,2025-04-08 18:03:00,2025-04-08 18:08:00,M,20~29,office,seoul,0,0,0,0,4,0,0,14,0,0,completed
20393,U0395,2025-11-20 14:02:00,2025-11-20 14:04:00,F,40~49,office,seoul,0,0,0,0,12,0,0,14,1,0,completed
20394,U0396,2025-12-10 14:56:00,2025-12-10 14:59:00,F,20~29,office,seoul,0,0,0,0,2,0,0,32,0,0,completed
20395,U0397,2025-02-10 17:38:00,2025-02-10 17:43:00,F,50+,office,seoul,0,0,0,0,3,0,0,79,0,0,completed
20396,U0398,2025-08-29 13:48:00,2025-08-29 13:55:00,F,20~29,office,seoul,0,0,0,0,14,0,0,62,0,0,completed
20397,U0399,2025-08-04 20:47:00,2025-08-04 20:50:00,M,40~49,office,seoul,0,0,0,0,21,0,0,62,0,0,completed
20398,U0400,2025-01-28 13:28:00,2025-01-28 13:35:00,M,40~49,office,seoul,0,0,0,0,27,0,0,31,0,0,completed
20399,U0401,2025-07-15 17:01:00,2025-07-15 17:06:00,M,20~29,office,seoul,0,0,0,0,17,0,0,79,0,0,completed
20400,U0402,2025-12-19 18:14:00,2025-12-19 18:20:00,F,30~39,office,seoul,0,0,0,0,21,0,0,46,0,0,completed
20401,U0403,2025-03-19 22:43:00,2025-03-19 22:49:00,M,40~49,office,seoul,0,0,0,0,10,0,0,76,0,0,timeout
20402,U0404,2025-01-26 15:37:00,2025-01-26 15:40:00,M,40~49,office,seoul,1,0,0,0,0,0,0,59,0,1,completed
20403,U0405,2025-02-14 13:00:00,2025-02-14 13:06:00,M,50+,office,seoul,0,0,0,0,4,0,0,36,1,0,completed
20404,U0406,2025-12-19 13:48:00,2025-12-19 13:51:00,F,30~39,office,seoul,0,0,0,0,9,0,0,67,0,0,completed
20405,U0407,2025-02-01 12:59:00,2025-02-01 13:04:00,F,30~39,office,seoul,1,0,0,0,22,0,0,32,0,0,completed
20406,U0408,2025-04-11 09:23:00,2025-04-11 09:30:00,F,40~49,office,seoul,0,0,0,0,23,0,0,27,0,0,completed
20407,U0409,2025-11-29 15:22:00,2025-11-29 15:26:00,F,20~29,office,seoul,1,0,0,0,8,0,0,74,0,0,completed
20408,U0410,2025-08-13 07:15:00,2025-08-13 07:21:00,F,20~29,office,seoul,0,0,0,0,5,0,0,61,0,0,completed
20409,U0411,2025-08-01 19:12:00,2025-08-01 19:14:00,M,30~39,office,seoul,0,0,0,0,18,0,0,55,0,0,completed
20410,U0412,2025-09-12 16:48:00,2025-09-12 16:50:00,M,40~49,office,seoul,0,0,0,0,18,0,0,38,0,0,abandoned
20411,U0413,2025-07-26 16:44:00,2025-07-26 16:51:00,F,40~49,office,seoul,1,0,0,0,2,0,0,77,0,0,completed
20412,U0414,2025-11-25 08:08:00,2025-11-25 08:12:00,F,50+,office,seoul,0,0,0,0,26,0,0,18,1,0,completed
20413,U0415,2025-08-15 14:56:00,2025-08-15 15:01:00,F,20~29,office,seoul,0,0,0,0,22,0,0,74,0,0,completed
20414,U0416,2025-08-17 07:00:00,2025-08-17 07:06:00,M,20~29,office,seoul,1,0,0,0,27,0,0,66,0,0,completed
20415,U0417,2025-03-12 07:03:00,2025-03-12 07:09:00,F,40~49,office,seoul,0,0,0,0,13,0,0,25,0,0,completed
20416,U0418,2025-10-14 21:27:00,2025-10-14 21:31:00,M,30~39,office,seoul,0,0,0,0,3,0,0,13,0,0,completed
20417,U0419,2025-10-01 12:11:00,2025-10-01 12:13:00,M,30~39,office,seoul,0,0,0,0,1,0,0,47,0,0,completed
20418,U0420,2025-10-28 14:48:00,2025-10-28 14:50:00,F,20~29,office,seoul,0,0,0,0,17,0,0,48,0,0,completed
20419,U0421,2025-03-17 07:30:00,2025-03-17 07:33:00,F,20~29,office,seoul,0,0,0,0,20,0,0,46,0,0,completed
20420,U0422,2025-11-07 21:10:00,2025-11-07 21:13:00,F,50+,office,seoul,0,0,0,0,7,0,0,17,0,0,completed
20421,U0423,2025-10-10 07:10:00,2025-10-10 07:14:00,M,30~39,office,seoul,0,0,0,0,23,0,0,57,0,0,completed
20422,U0424,2025-05-01 08:00:00,2025-05-01 08:04:00,F,30~39,office,seoul,0,0,0,0,2,0,0,20,0,0,completed
20423,U0425,2025-10-29 15:12:00,2025-10-29 15:14:00,F,20~29,office,seoul,0,0,0,0,3,0,0,75,0,0,abandoned
20424,U0426,2025-08-27 12:10:00,2025-08-27 12:14:00,F,30~39,office,seoul,0,0,0,0,27,0,0,47,0,0,completed
20425,U0427,2025-03-04 15:56:00,2025-03-04 16:00:00,M,40~49,office,seoul,0,0,0,0,4,0,0,48,0,0,completed
20426,U0428,2025-04-26 15:35:00,2025-04-26 15:39:00,F,20~29,office,seoul,1,0,0,0,8,0,0,32,0,0,completed
20427,U0429,2025-12-14 14:22:00,2025-12-14 14:27:00,M,40~49,office,seoul,1,0,0,0,19,0,0,13,0,0,completed
20428,U0430,2025-04-23 12:58:00,2025-04-23 13:00:00,F,30~39,office,seoul,0,0,0,0,11,0,0,77,0,0,completed
20429,U0431,2025-02-21 08:42:00,2025-02-21 08:49:00,F,20~29,office,seoul,0,0,0,0,29,0,0,10,0,0,completed
20430,U0432,2025-07-26 08:22:00,2025-07-26 08:28:00,M,20~29,office,seoul,1,0,0,0,24,0,0,57,0,0,completed
20431,U0433,2025-09-01 14:20:00,2025-09-01 14:27:00,M,40~49,office,seoul,0,0,0,0,24,0,0,20,0,0,completed
20432,U0434,2025-04-18 12:57:00,2025-04-18 13:02:00,F,40~49,office,seoul,0,0,0,0,25,0,0,53,0,0,completed
20433,U0435,2025-05-11 14:40:00,2025-05-11 14:43:00,F,40~49,office,seoul,1,0,0,0,21,0,0,51,0,1,completed
20434,U0436,2025-04-25 09:40:00,2025-04-25 09:46:00,M,30~39,office,seoul,0,0,0,0,3,0,0,77,0,0,completed
20435,U0437,2025-07-15 12:29:00,2025-07-15 12:35:00,M,20~29,office,seoul,0,0,0,0,27,0,0,77,0,0,completed
20436,U0438,2025-11-29 18:50:00,2025-11-29 18:56:00,F,20~29,office,seoul,1,0,0,0,16,0,0,66,0,0,completed
20437,U0439,2025-07-18 19:12:00,2025-07-18 19:15:00,F,40~49,office,seoul,0,0,0,0,22,0,0,74,0,0,completed
20438,U0440,2025-04-19 14:06:00,2025-04-19 14:09:00,M,20~29,office,seoul,1,0,0,0,19,0,0,79,0,0,completed
20439,U0441,2025-06-27 17:13:00,2025-06-27 17:19:00,M,50+,office,seoul,0,0,0,0,27,0,0,47,0,0,completed
20440,U0442,2025-05-19 14:15:00,2025-05-19 14:22:00,M,20~29,office,seoul,0,0,0,0,23,0,0,53,0,0,completed
20441,U0443,2025-10-20 14:13:00,2025-10-20 14:19:00,M,30~39,office,seoul,0,0,0,0,11,0,0,57,0,0,error
20442,U0444,2025-05-12 20:41:00,2025-05-12 20:45:00,F,20~29,office,seoul,0,0,0,0,9,0,0,55,0,0,completed
20443,U0445,2025-03-09 13:32:00,2025-03-09 13:36:00,F,20~29,office,seoul,1,0,0,0,12,0,0,67,0,0,completed
20444,U0446,2025-09-06 12:22:00,2025-09-06 12:27:00,M,40~49,office,seoul,1,0,0,0,21,0,0,16,0,0,completed
20445,U0447,2025-04-08 17:52:00,2025-04-08 17:58:00,F,40~49,office,seoul,0,0,0,0,28,0,0,65,0,0,completed
20446,U0448,2025-06-14 12:55:00,2025-06-14 13:00:00,M,20~29,office,seoul,1,0,0,0,15,0,0,27,0,0,abandoned
20447,U0449,2025-09-22 12:46:00,2025-09-22 12:48:00,M,30~39,office,seoul,0,0,0,0,16,0,0,52,0,0,completed
20448,U0450,2025-01-21 07:11:00,2025-01-21 07:18:00,F,40~49,office,seoul,0,0,0,0,25,0,0,41,0,0,completed
20449,U0451,2025-11-08 16:18:00,2025-11-08 16:23:00,M,50+,office,seoul,1,0,0,0,5,0,0,17,0,0,completed
20450,U0452,2025-10-22 19:44:00,2025-10-22 19:47:00,F,40~49,office,seoul,0,0,0,0,16,0,0,35,0,0,completed
20451,U0453,2025-04-14 16:16:00,2025-04-14 16:19:00,M,20~29,office,seoul,0,0,0,0,14,0,0,47,0,0,completed
20452,U0454,2025-01-14 15:59:00,2025-01-14 16:04:00,F,30~39,office,seoul,0,0,0,0,21,0,0,48,0,0,completed
20453,U0455,2025-04-01 19:07:00,2025-04-01 19:14:00,F,20~29,office,seoul,0,0,0,0,7,0,0,25,0,0,completed
20454,U0456,2025-02-13 09:06:00,2025-02-13 09:11:00,M,30~39,office,seoul,0,0,0,0,11,0,0,44,0,0,completed
20455,U0457,2025-02-08 20:01:00,2025-02-08 20:04:00,F,30~39,office,seoul,1,0,0,0,6,0,0,13,0,0,completed
20456,U0458,2025-08-01 08:02:00,2025-08-01 08:09:00,M,20~29,office,seoul,0,0,0,0,11,0,0,77,0,0,completed
20457,U0459,2025-04-13 11:17:00,2025-04-13 11:20:00,M,40~49,office,seoul,1,0,0,0,11,0,0,27,0,0,completed
20458,U0460,2025-12-06 14:33:00,2025-12-06 14:39:00,F,40~49,office,seoul,1,0,0,0,10,0,0,34,0,0,completed
20459,U0461,2025-06-21 15:22:00,2025-06-21 15:25:00,F,40~49,office,seoul,1,0,0,0,2,0,0,37,0,0,error
20460,U0462,2025-07-12 12:55:00,2025-07-12 13:01:00,F,30~39,office,seoul,1,0,0,0,7,0,0,40,0,0,completed
20461,U0463,2025-02-25 15:33:00,2025-02-25 15:36:00,F,30~39,office,seoul,0,0,0,0,16,0,0,71,0,0,error
20462,U0464,2025-04-09 09:54:00,2025-04-09 10:00:00,F,30~39,office,seoul,0,0,0,0,8,0,0,24,0,0,completed
20463,U0465,2025-04-17 13:21:00,2025-04-17 13:25:00,M,50+,office,seoul,0,0,0,0,25,0,0,17,0,0,completed
20464,U0466,2025-02-14 13:09:00,2025-02-14 13:11:00,F,20~29,office,seoul,0,0,0,0,22,0,0,34,0,0,completed
20465,U0467,2025-11-16 19:58:00,2025-11-16 20:04:00,M,40~49,office,seoul,1,0,0,0,23,0,0,17,0,0,abandoned
20466,U0468,2025-01-13 13:20:00,2025-01-13 13:22:00,F,30~39,office,seoul,0,0,0,0,5,0,0,10,0,0,abandoned
20467,U0469,2025-04-23 14:07:00,2025-04-23 14:14:00,F,50+,office,seoul,0,0,0,0,10,0,0,24,0,0,completed
20468,U0470,2025-12-11 20:57:00,2025-12-11 21:02:00,M,50+,office,seoul,0,0,0,0,7,0,0,36,0,0,abandoned
20469,U0471,2025-09-18 14:04:00,2025-09-18 14:11:00,F,50+,office,seoul,0,0,0,0,13,0,0,41,0,0,completed
20470,U0472,2025-07-10 18:02:00,2025-07-10 18:09:00,M,40~49,office,seoul,0,0,0,0,22,0,0,22,0,0,completed
20471,U0473,2025-01-21 15:56:00,2025-01-21 15:58:00,M,50+,office,seoul,0,0,0,0,28,0,0,77,0,1,completed
20472,U0474,2025-11-09 14:42:00,2025-11-09 14:49:00,F,40~49,office,seoul,1,0,0,0,21,0,0,20,0,0,timeout
20473,U0475,2025-05-25 15:21:00,2025-05-25 15:27:00,F,50+,office,seoul,1,0,0,0,7,0,0,39,0,0,completed
20474,U0476,2025-08-14 13:43:00,2025-08-14 13:47:00,F,40~49,office,seoul,0,0,0,0,19,0,0,17,0,0,error
20475,U0477,2025-07-20 21:09:00,2025-07-20 21:12:00,M,40~49,office,seoul,1,0,0,0,22,0,0,22,0,0,completed
20476,U0478,2025-10-21 11:06:00,2025-10-21 11:09:00,F,20~29,office,seoul,0,0,0,0,21,0,0,37,0,0,completed
20477,U0479,2025-02-16 19:34:00,2025-02-16 19:38:00,F,30~39,office,seoul,1,0,0,0,6,0,0,34,0,0,completed
20478,U0480,2025-04-11 12:41:00,2025-04-11 12:48:00,F,20~29,office,seoul,0,0,0,0,18,0,0,36,0,0,completed
20479,U0481,2025-08-03 09:31:00,2025-08-03 09:37:00,M,20~29,office,seoul,1,0,0,0,24,0,0,45,0,0,completed
20480,U0482,2025-12-08 18:36:00,2025-12-08 18:40:00,F,40~49,office,seoul,0,0,0,0,13,0,0,74,0,0,completed
20481,U0483,2025-10-13 11:53:00,2025-10-13 11:55:00,M,40~49,office,seoul,0,0,0,0,26,0,0,15,0,0,completed
20482,U0484,2025-07-01 15:19:00,2025-07-01 15:23:00,F,30~39,office,seoul,0,0,0,0,9,0,0,79,0,1,completed
20483,U0485,2025-03-28 09:34:00,2025-03-28 09:39:00,M,50+,office,seoul,0,0,0,0,0,0,0,38,0,0,completed
20484,U0486,2025-01-20 13:45:00,2025-01-20 13:49:00,M,30~39,office,seoul,0,0,0,0,22,0,0,19,0,0,completed
20485,U0487,2025-04-16 13:58:00,2025-04-16 14:02:00,F,40~49,office,seoul,0,0,0,0,16,0,0,57,0,0,completed
20486,U0488,2025-06-28 15:14:00,2025-06-28 15:16:00,F,30~39,office,seoul,1,0,0,0,16,0,0,36,0,0,completed
20487,U0489,2025-09-11 12:03:00,2025-09-11 12:07:00,M,40~49,office,seoul,0,0,0,0,24,0,0,50,1,0,completed
20488,U0490,2025-03-03 16:34:00,2025-03-03 16:40:00,M,20~29,office,seoul,0,0,0,0,8,0,0,54,0,0,completed
20489,U0491,2025-07-15 09:22:00,2025-07-15 09:27:00,F,30~39,office,seoul,0,0,0,0,24,0,0,59,0,0,abandoned
20490,U0492,2025-05-17 15:35:00,2025-05-17 15:40:00,F,30~39,office,seoul,1,0,0,0,6,0,0,48,0,0,completed
20491,U0493,2025-06-17 15:46:00,2025-06-17 15:49:00,M,20~29,office,seoul,0,0,0,0,4,0,0,66,0,0,completed
20492,U0494,2025-07-27 15:03:00,2025-07-27 15:10:00,M,50+,office,seoul,1,0,0,0,9,0,0,27,0,0,completed
20493,U0495,2025-07-21 11:54:00,2025-07-21 11:58:00,F,40~49,office,seoul,0,0,0,0,9,0,0,24,0,0,timeout
20494,U0496,2025-06-09 08:20:00,2025-06-09 08:25:00,M,30~39,office,seoul,0,0,0,0,1,0,0,78,0,0,completed
20495,U0497,2025-04-13 13:11:00,2025-04-13 13:14:00,F,40~49,office,seoul,1,0,0,0,27,0,0,47,0,0,completed
20496,U0498,2025-07-06 16:02:00,2025-07-06 16:04:00,M,20~29,office,seoul,1,0,0,0,6,0,0,71,0,0,completed
20497,U0499,2025-09-08 16:08:00,2025-09-08 16:13:00,M,20~29,office,seoul,0,0,0,0,13,0,0,46,0,0,completed
20498,U0500,2025-12-16 07:54:00,2025-12-16 08:00:00,M,30~39,office,seoul,0,0,0,0,21,0,0,51,0,0,completed
20499,U0501,2025-06-07 13:07:00,2025-06-07 13:13:00,F,30~39,office,seoul,1,0,0,0,2,0,0,42,0,0,completed
20500,U0502,2025-03-16 08:05:00,2025-03-16 08:12:00,F,20~29,office,seoul,1,0,0,0,10,0,0,60,0,0,completed
20501,U0503,2025-04-24 19:28:00,2025-04-24 19:34:00,F,20~29,office,seoul,0,0,0,0,29,0,0,62,0,0,completed
20502,U0504,2025-01-05 16:35:00,2025-01-05 16:37:00,F,20~29,office,seoul,1,0,0,0,27,0,0,34,0,0,completed
20503,U0505,2025-06-07 09:23:00,2025-06-07 09:29:00,M,20~29,office,seoul,1,0,0,0,2,0,0,64,0,0,completed
20504,U0506,2025-11-30 15:37:00,2025-11-30 15:42:00,M,30~39,office,seoul,1,0,0,0,19,0,0,37,0,0,completed
20505,U0507,2025-10-06 17:58:00,2025-10-06 18:03:00,M,20~29,office,seoul,0,0,0,0,14,0,0,31,0,0,completed
20506,U0508,2025-05-23 19:48:00,2025-05-23 19:54:00,F,20~29,office,seoul,0,0,0,0,12,0,0,76,0,0,completed
20507,U0509,2025-06-21 21:06:00,2025-06-21 21:08:00,M,20~29,office,seoul,1,0,0,0,29,0,0,59,0,0,completed
20508,U0510,2025-03-17 12:38:00,2025-03-17 12:40:00,M,20~29,office,seoul,0,0,0,0,6,0,0,64,0,0,completed
20509,U0511,2025-04-21 08:13:00,2025-04-21 08:20:00,F,20~29,office,seoul,0,0,0,0,29,0,0,49,0,0,completed
20510,U0512,2025-07-17 12:00:00,2025-07-17 12:04:00,F,40~49,office,seoul,0,0,0,0,16,0,0,33,0,0,completed
20511,U0513,2025-10-25 17:29:00,2025-10-25 17:31:00,F,20~29,office,seoul,1,0,0,0,8,0,0,76,0,0,completed
20512,U0514,2025-07-24 12:59:00,2025-07-24 13:03:00,F,40~49,office,seoul,0,0,0,0,4,0,0,36,0,0,completed
20513,U0515,2025-01-23 17:25:00,2025-01-23 17:32:00,F,50+,office,seoul,0,0,0,0,20,0,0,64,0,0,completed
20514,U0516,2025-06-19 08:20:00,2025-06-19 08:22:00,F,20~29,office,seoul,0,0,0,0,26,0,0,42,0,0,completed
20515,U0517,2025-10-23 14:43:00,2025-10-23 14:49:00,M,30~39,office,seoul,0,0,0,0,25,0,0,21,0,0,timeout
20516,U0518,2025-11-23 08:37:00,2025-11-23 08:42:00,F,20~29,office,seoul,1,0,0,0,27,0,0,71,0,0,completed
20517,U0519,2025-11-28 09:33:00,2025-11-28 09:36:00,M,30~39,office,seoul,0,0,0,0,17,0,0,11,0,0,error
20518,U0520,2025-02-27 11:22:00,2025-02-27 11:28:00,F,30~39,office,seoul,0,0,0,0,0,0,0,62,0,0,completed
20519,U0521,2025-07-15 14:57:00,2025-07-15 15:01:00,F,20~29,office,seoul,0,0,0,0,21,0,0,58,0,0,completed
20520,U0522,2025-08-20 15:04:00,2025-08-20 15:07:00,M,50+,office,seoul,0,0,0,0,0,0,0,61,0,0,completed
20521,U0523,2025-09-27 11:54:00,2025-09-27 11:57:00,F,20~29,office,seoul,1,0,0,0,11,0,0,47,0,0,completed
20522,U0524,2025-05-17 18:56:00,2025-05-17 19:03:00,M,20~29,office,seoul,1,0,0,0,12,0,0,66,0,0,completed
20523,U0525,2025-06-23 09:39:00,2025-06-23 09:42:00,M,20~29,office,seoul,0,0,0,0,8,0,0,70,0,0,completed
20524,U0526,2025-05-10 11:17:00,2025-05-10 11:24:00,F,30~39,office,seoul,1,0,0,0,19,0,0,72,0,1,completed
20525,U0527,2025-03-04 14:16:00,2025-03-04 14:23:00,M,30~39,office,seoul,0,0,0,0,3,0,0,33,0,0,completed
20526,U0528,2025-07-17 09:23:00,2025-07-17 09:29:00,F,30~39,office,seoul,0,0,0,0,22,0,0,76,0,0,abandoned
20527,U0529,2025-06-26 17:05:00,2025-06-26 17:11:00,F,30~39,office,seoul,0,0,0,0,20,0,0,71,0,0,completed
20528,U0530,2025-10-02 16:12:00,2025-10-02 16:16:00,M,40~49,office,seoul,0,0,0,0,7,0,0,34,0,0,completed
20529,U0531,2025-10-26 17:51:00,2025-10-26 17:53:00,F,20~29,office,seoul,1,0,0,0,28,0,0,24,0,0,completed
20530,U0532,2025-09-29 08:46:00,2025-09-29 08:51:00,M,20~29,office,seoul,0,0,0,0,3,0,0,76,0,0,completed
20531,U0533,2025-02-25 19:35:00,2025-02-25 19:39:00,M,20~29,office,seoul,0,0,0,0,27,0,0,67,0,0,timeout
20532,U0534,2025-05-30 18:35:00,2025-05-30 18:38:00,F,20~29,office,seoul,0,0,0,0,20,0,0,51,1,0,completed
20533,U0535,2025-08-20 15:35:00,2025-08-20 15:38:00,M,20~29,office,seoul,0,0,0,0,11,0,0,73,1,0,abandoned
20534,U0536,2025-10-23 12:44:00,2025-10-23 12:51:00,M,30~39,office,seoul,0,0,0,0,10,0,0,18,0,0,error
20535,U0537,2025-01-02 11:09:00,2025-01-02 11:16:00,M,40~49,office,seoul,0,0,0,0,25,0,0,50,0,0,completed
20536,U0538,2025-07-05 15:12:00,2025-07-05 15:17:00,F,40~49,office,seoul,1,0,0,0,29,0,0,27,0,0,abandoned
20537,U0539,2025-12-16 08:50:00,2025-12-16 08:57:00,M,50+,office,seoul,0,0,0,0,10,0,0,16,0,1,completed
20538,U0540,2025-08-03 09:57:00,2025-08-03 10:00:00,F,30~39,office,seoul,1,0,0,0,8,0,0,26,0,0,completed
20539,U0541,2025-05-22 13:40:00,2025-05-22 13:46:00,M,40~49,office,seoul,0,0,0,0,15,0,0,44,0,0,error
20540,U0542,2025-12-18 15:25:00,2025-12-18 15:28:00,F,50+,office,seoul,0,0,0,0,14,0,0,26,0,0,completed
20541,U0543,2025-08-09 15:05:00,2025-08-09 15:09:00,M,20~29,office,seoul,1,0,0,0,15,0,0,61,0,0,completed
20542,U0544,2025-12-19 17:06:00,2025-12-19 17:12:00,M,20~29,office,seoul,0,0,0,0,8,0,0,35,0,0,completed
20543,U0545,2025-11-20 17:01:00,2025-11-20 17:05:00,M,20~29,office,seoul,0,0,0,0,7,0,0,57,0,0,completed
20544,U0546,2025-08-11 17:48:00,2025-08-11 17:52:00,F,20~29,office,seoul,0,0,0,0,29,0,0,46,0,0,completed
20545,U0547,2025-04-04 18:45:00,2025-04-04 18:51:00,F,50+,office,seoul,0,0,0,0,4,0,0,41,0,0,completed
20546,U0548,2025-11-27 15:02:00,2025-11-27 15:06:00,F,50+,office,seoul,0,0,0,0,22,0,0,55,1,0,timeout
20547,U0549,2025-11-20 16:23:00,2025-11-20 16:30:00,F,30~39,office,seoul,0,0,0,0,14,0,0,56,0,0,completed
20548,U0550,2025-05-24 18:20:00,2025-05-24 18:23:00,M,50+,office,seoul,1,0,0,0,29,0,0,66,0,0,completed
20549,U0551,2025-01-19 19:53:00,2025-01-19 19:57:00,F,20~29,office,seoul,1,0,0,0,10,0,0,23,0,0,completed
20550,U0552,2025-12-08 12:52:00,2025-12-08 12:58:00,M,50+,office,seoul,0,0,0,0,14,0,0,30,0,1,completed
20551,U0553,2025-08-19 17:19:00,2025-08-19 17:26:00,M,30~39,office,seoul,0,0,0,0,5,0,0,73,0,0,completed
20552,U0554,2025-12-26 09:06:00,2025-12-26 09:11:00,F,40~49,office,seoul,0,0,0,0,6,0,0,50,0,0,completed
20553,U0555,2025-12-19 16:31:00,2025-12-19 16:37:00,F,20~29,office,seoul,0,0,0,0,24,0,0,55,0,0,completed
20554,U0556,2025-04-10 14:43:00,2025-04-10 14:49:00,F,20~29,office,seoul,0,0,0,0,10,0,0,27,0,0,completed
20555,U0557,2025-12-18 18:28:00,2025-12-18 18:30:00,F,30~39,office,seoul,0,0,0,0,6,0,0,14,0,0,completed
20556,U0558,2025-12-17 16:03:00,2025-12-17 16:06:00,F,40~49,office,seoul,0,0,0,0,21,0,0,13,0,0,error
20557,U0559,2025-05-27 08:14:00,2025-05-27 08:16:00,M,30~39,office,seoul,0,0,0,0,6,0,0,75,0,0,completed
20558,U0560,2025-12-19 08:47:00,2025-12-19 08:50:00,F,20~29,office,seoul,0,0,0,0,16,0,0,66,0,0,error
20559,U0561,2025-03-23 20:09:00,2025-03-23 20:12:00,M,30~39,office,seoul,1,0,0,0,25,0,0,26,0,0,abandoned
20560,U0562,2025-12-07 07:34:00,2025-12-07 07:38:00,F,50+,office,seoul,1,0,0,0,26,0,0,54,0,0,completed
20561,U0563,2025-10-08 11:15:00,2025-10-08 11:18:00,M,20~29,office,seoul,0,0,0,0,17,0,0,67,0,0,completed
20562,U0564,2025-12-09 14:33:00,2025-12-09 14:35:00,M,20~29,office,seoul,0,0,0,0,26,0,0,74,0,0,abandoned
20563,U0565,2025-02-07 15:16:00,2025-02-07 15:18:00,M,20~29,office,seoul,0,0,0,0,27,0,0,34,0,0,completed
20564,U0566,2025-05-19 09:33:00,2025-05-19 09:37:00,F,30~39,office,seoul,0,0,0,0,15,0,0,78,0,0,completed
20565,U0567,2025-06-30 17:55:00,2025-06-30 17:58:00,M,40~49,office,seoul,0,0,0,0,0,0,0,40,0,0,completed
20566,U0568,2025-11-18 12:07:00,2025-11-18 12:12:00,M,40~49,office,seoul,0,0,0,0,17,0,0,28,0,0,completed
20567,U0569,2025-10-09 15:24:00,2025-10-09 15:26:00,F,40~49,office,seoul,0,0,0,0,0,0,0,74,0,0,completed
20568,U0570,2025-04-04 11:43:00,2025-04-04 11:47:00,M,20~29,office,seoul,0,0,0,0,0,0,0,37,1,0,completed
20569,U0571,2025-06-26 16:56:00,2025-06-26 17:00:00,F,20~29,office,seoul,0,0,0,0,28,0,0,17,0,0,completed
20570,U0572,2025-09-10 13:21:00,2025-09-10 13:26:00,M,30~39,office,seoul,0,0,0,0,23,0,0,31,0,0,completed
20571,U0573,2025-11-05 18:26:00,2025-11-05 18:32:00,F,30~39,office,seoul,0,0,0,0,10,0,0,11,0,0,timeout
20572,U0574,2025-06-22 20:13:00,2025-06-22 20:17:00,M,30~39,office,seoul,1,0,0,0,13,0,0,75,0,0,completed
20573,U0575,2025-08-17 12:16:00,2025-08-17 12:22:00,F,20~29,office,seoul,1,0,0,0,6,0,0,79,0,0,completed
20574,U0576,2025-05-23 12:07:00,2025-05-23 12:11:00,M,30~39,office,seoul,0,0,0,0,2,0,0,43,0,0,completed
20575,U0577,2025-04-28 07:40:00,2025-04-28 07:45:00,M,30~39,office,seoul,0,0,0,0,17,0,0,75,0,0,completed
20576,U0578,2025-09-25 13:10:00,2025-09-25 13:16:00,M,30~39,office,seoul,0,0,0,0,12,0,0,28,0,0,completed
20577,U0579,2025-07-02 17:07:00,2025-07-02 17:10:00,M,40~49,office,seoul,0,0,0,0,11,0,0,53,0,0,completed
20578,U0580,2025-01-06 14:07:00,2025-01-06 14:13:00,F,20~29,office,seoul,0,0,0,0,13,0,0,74,0,0,completed
20579,U0581,2025-06-24 11:53:00,2025-06-24 11:59:00,M,30~39,office,seoul,0,0,0,0,28,0,0,23,0,0,completed
20580,U0582,2025-10-16 07:34:00,2025-10-16 07:41:00,M,20~29,office,seoul,0,0,0,0,24,0,0,49,0,0,completed
20581,U0583,2025-01-16 16:02:00,2025-01-16 16:08:00,F,20~29,office,seoul,0,0,0,0,11,0,0,52,0,0,completed
20582,U0584,2025-01-04 08:09:00,2025-01-04 08:12:00,F,30~39,office,seoul,1,0,0,0,0,0,0,18,0,0,completed
20583,U0585,2025-11-01 12:20:00,2025-11-01 12:22:00,F,20~29,office,seoul,1,0,0,0,8,0,0,56,0,0,completed
20584,U0586,2025-04-02 11:28:00,2025-04-02 11:35:00,F,30~39,office,seoul,0,0,0,0,22,0,0,38,0,0,completed
20585,U0587,2025-02-21 16:14:00,2025-02-21 16:18:00,F,20~29,office,seoul,0,0,0,0,12,0,0,43,0,0,completed
20586,U0588,2025-01-29 16:17:00,2025-01-29 16:20:00,F,30~39,office,seoul,0,0,0,0,12,0,0,59,0,0,completed
20587,U0589,2025-06-19 22:00:00,2025-06-19 22:04:00,F,20~29,office,seoul,0,0,0,0,24,0,0,49,0,0,abandoned
20588,U0590,2025-02-21 16:09:00,2025-02-21 16:15:00,F,30~39,office,seoul,0,0,0,0,24,0,0,28,0,0,completed
20589,U0591,2025-03-22 16:44:00,2025-03-22 16:50:00,M,40~49,office,seoul,1,0,0,0,23,0,0,50,0,0,completed
20590,U0592,2025-08-28 07:39:00,2025-08-28 07:41:00,F,30~39,office,seoul,0,0,0,0,2,0,0,17,0,0,completed
20591,U0593,2025-12-29 16:31:00,2025-12-29 16:34:00,M,30~39,office,seoul,0,0,0,0,28,0,0,52,0,0,completed
20592,U0594,2025-09-28 12:48:00,2025-09-28 12:51:00,F,40~49,office,seoul,1,0,0,0,29,0,0,61,0,0,completed
20593,U0595,2025-09-14 12:06:00,2025-09-14 12:11:00,M,40~49,office,seoul,1,0,0,0,4,0,0,60,0,0,completed
20594,U0596,2025-08-24 07:39:00,2025-08-24 07:46:00,F,20~29,office,seoul,1,0,0,0,10,0,0,11,0,0,completed
20595,U0597,2025-02-03 14:59:00,2025-02-03 15:03:00,F,40~49,office,seoul,0,0,0,0,3,0,0,36,0,0,completed
20596,U0598,2025-09-12 15:08:00,2025-09-12 15:11:00,F,50+,office,seoul,0,0,0,0,15,0,0,36,0,0,completed
20597,U0599,2025-09-19 13:15:00,2025-09-19 13:18:00,M,50+,office,seoul,0,0,0,0,25,0,0,51,0,0,completed
20598,U0600,2025-07-16 18:21:00,2025-07-16 18:25:00,F,40~49,office,seoul,0,0,0,0,0,0,0,65,0,0,completed
20599,U0601,2025-12-20 15:21:00,2025-12-20 15:23:00,M,20~29,office,seoul,1,0,0,0,9,0,0,43,0,0,completed
20600,U0602,2025-09-26 07:28:00,2025-09-26 07:35:00,F,40~49,office,seoul,0,0,0,0,17,0,0,49,0,0,completed
20601,U0603,2025-05-07 15:04:00,2025-05-07 15:11:00,F,20~29,office,seoul,0,0,0,0,26,0,0,67,0,0,completed
20602,U0604,2025-01-14 20:42:00,2025-01-14 20:45:00,F,50+,office,seoul,0,0,0,0,5,0,0,21,0,0,completed
20603,U0605,2025-07-12 13:44:00,2025-07-12 13:51:00,F,30~39,office,seoul,1,0,0,0,9,0,0,19,0,0,completed
20604,U0606,2025-03-16 14:31:00,2025-03-16 14:33:00,M,20~29,office,seoul,1,0,0,0,18,0,0,49,0,0,completed
20605,U0607,2025-05-05 19:26:00,2025-05-05 19:29:00,F,50+,office,seoul,0,0,0,0,13,0,0,58,0,1,completed
20606,U0608,2025-12-29 19:17:00,2025-12-29 19:22:00,F,20~29,office,seoul,0,0,0,0,28,0,0,66,0,0,completed
20607,U0609,2025-07-01 13:27:00,2025-07-01 13:31:00,F,40~49,office,seoul,0,0,0,0,25,0,0,12,0,0,abandoned
20608,U0610,2025-03-06 09:03:00,2025-03-06 09:08:00,F,40~49,office,seoul,0,0,0,0,15,0,0,74,0,0,completed
20609,U0611,2025-03-05 21:18:00,2025-03-05 21:20:00,F,20~29,office,seoul,0,0,0,0,20,0,0,69,0,0,completed
20610,U0612,2025-03-20 12:40:00,2025-03-20 12:42:00,M,40~49,office,seoul,0,0,0,0,12,0,0,57,0,0,completed
20611,U0613,2025-10-11 11:52:00,2025-10-11 11:54:00,M,20~29,office,seoul,1,0,0,0,29,0,0,43,0,0,completed
20612,U0614,2025-09-08 17:56:00,2025-09-08 18:01:00,M,20~29,office,seoul,0,0,0,0,25,0,0,47,0,0,completed
20613,U0615,2025-02-14 11:50:00,2025-02-14 11:55:00,F,20~29,office,seoul,0,0,0,0,11,0,0,57,1,0,completed
20614,U0616,2025-07-11 15:58:00,2025-07-11 16:03:00,M,50+,office,seoul,0,0,0,0,0,0,0,78,0,0,completed
20615,U0617,2025-01-02 15:12:00,2025-01-02 15:19:00,F,20~29,office,seoul,0,0,0,0,24,0,0,11,0,0,completed
20616,U0618,2025-05-29 14:49:00,2025-05-29 14:55:00,F,20~29,office,seoul,0,0,0,0,24,0,0,60,0,0,abandoned
20617,U0619,2025-07-06 17:24:00,2025-07-06 17:26:00,F,20~29,office,seoul,1,0,0,0,7,0,0,66,0,0,completed
20618,U0620,2025-06-30 12:41:00,2025-06-30 12:48:00,F,40~49,office,seoul,0,0,0,0,19,0,0,62,0,0,completed
20619,U0621,2025-11-14 20:47:00,2025-11-14 20:53:00,M,30~39,office,seoul,0,0,0,0,0,0,0,26,0,0,abandoned
20620,U0622,2025-07-24 14:59:00,2025-07-24 15:04:00,F,40~49,office,seoul,0,0,0,0,4,0,0,34,0,0,completed
20621,U0623,2025-11-21 16:04:00,2025-11-21 16:09:00,F,30~39,office,seoul,0,0,0,0,13,0,0,38,0,0,completed
20622,U0624,2025-02-14 09:51:00,2025-02-14 09:57:00,F,50+,office,seoul,0,0,0,0,21,0,0,47,0,0,completed
20623,U0625,2025-10-19 20:45:00,2025-10-19 20:51:00,F,40~49,office,seoul,1,0,0,0,8,0,0,21,0,0,completed
20624,U0626,2025-02-09 17:49:00,2025-02-09 17:55:00,M,30~39,office,seoul,1,0,0,0,18,0,0,15,0,0,completed
20625,U0627,2025-12-29 12:33:00,2025-12-29 12:36:00,F,30~39,office,seoul,0,0,0,0,3,0,0,38,0,0,completed
20626,U0628,2025-10-15 07:56:00,2025-10-15 07:59:00,M,50+,office,seoul,0,0,0,0,8,0,0,28,0,0,completed
20627,U0629,2025-07-23 16:54:00,2025-07-23 17:01:00,M,50+,office,seoul,0,0,0,0,4,0,0,76,1,0,abandoned
20628,U0630,2025-02-28 09:41:00,2025-02-28 09:47:00,M,50+,office,seoul,0,0,0,0,4,0,0,26,0,0,completed
20629,U0631,2025-06-05 12:10:00,2025-06-05 12:15:00,M,50+,office,seoul,0,0,0,0,15,0,0,51,0,0,timeout
20630,U0632,2025-01-22 13:09:00,2025-01-22 13:14:00,F,40~49,office,seoul,0,0,0,0,0,0,0,64,0,0,timeout
20631,U0633,2025-03-15 17:58:00,2025-03-15 18:02:00,F,40~49,office,seoul,1,0,0,0,0,0,0,32,0,0,completed
20632,U0634,2025-05-26 11:51:00,2025-05-26 11:55:00,M,20~29,office,seoul,0,0,0,0,23,0,0,75,0,0,abandoned
20633,U0635,2025-06-08 11:27:00,2025-06-08 11:29:00,F,50+,office,seoul,1,0,0,0,0,0,0,68,0,0,completed
20634,U0636,2025-11-19 22:07:00,2025-11-19 22:10:00,F,50+,office,seoul,0,0,0,0,17,0,0,71,0,0,completed
20635,U0637,2025-02-25 14:57:00,2025-02-25 15:01:00,F,30~39,office,seoul,0,0,0,0,18,0,0,31,0,0,completed
20636,U0638,2025-09-13 20:29:00,2025-09-13 20:33:00,M,20~29,office,seoul,1,0,0,0,12,0,0,76,0,0,completed
20637,U0639,2025-09-24 08:17:00,2025-09-24 08:23:00,F,30~39,office,seoul,0,0,0,0,4,0,0,72,0,0,completed
20638,U0640,2025-02-18 13:45:00,2025-02-18 13:50:00,M,50+,office,seoul,0,0,0,0,20,0,0,40,0,0,completed
20639,U0641,2025-07-25 16:57:00,2025-07-25 17:03:00,F,30~39,office,seoul,0,0,0,0,6,0,0,22,0,0,completed
20640,U0642,2025-10-06 13:56:00,2025-10-06 14:03:00,F,40~49,office,seoul,0,0,0,0,29,0,0,53,0,0,completed
20641,U0643,2025-09-06 20:58:00,2025-09-06 21:04:00,F,30~39,office,seoul,1,0,0,0,12,0,0,21,0,0,completed
20642,U0644,2025-03-21 21:22:00,2025-03-21 21:28:00,F,30~39,office,seoul,0,0,0,0,27,0,0,58,0,0,completed
20643,U0645,2025-12-01 22:46:00,2025-12-01 22:50:00,F,40~49,office,seoul,0,0,0,0,5,0,0,33,0,0,completed
20644,U0646,2025-05-19 14:44:00,2025-05-19 14:51:00,F,30~39,office,seoul,0,0,0,0,4,0,0,47,0,0,completed
20645,U0647,2025-01-20 12:39:00,2025-01-20 12:43:00,F,40~49,office,seoul,0,0,0,0,12,0,0,63,0,0,completed
20646,U0648,2025-12-30 20:49:00,2025-12-30 20:55:00,F,20~29,office,seoul,0,0,0,0,7,0,0,29,0,0,completed
20647,U0649,2025-12-04 09:27:00,2025-12-04 09:32:00,M,50+,office,seoul,0,0,0,0,5,0,0,54,0,0,completed
20648,U0650,2025-02-28 14:14:00,2025-02-28 14:17:00,F,20~29,office,seoul,0,0,0,0,3,0,0,14,0,0,abandoned
20649,U0651,2025-12-30 18:21:00,2025-12-30 18:23:00,F,30~39,office,seoul,0,0,0,0,27,0,0,21,0,0,completed
20650,U0652,2025-08-13 18:10:00,2025-08-13 18:13:00,M,40~49,office,seoul,0,0,0,0,22,0,0,61,0,0,completed
20651,U0653,2025-04-12 18:44:00,2025-04-12 18:49:00,M,30~39,office,seoul,1,0,0,0,12,0,0,65,0,0,completed
20652,U0654,2025-02-06 14:24:00,2025-02-06 14:26:00,F,20~29,office,seoul,0,0,0,0,25,0,0,17,0,0,completed
20653,U0655,2025-10-15 09:41:00,2025-10-15 09:46:00,M,20~29,office,seoul,0,0,0,0,4,0,0,74,0,0,abandoned
20654,U0656,2025-11-26 16:23:00,2025-11-26 16:29:00,M,50+,office,seoul,0,0,0,0,1,0,0,26,0,0,completed
20655,U0657,2025-05-10 08:50:00,2025-05-10 08:54:00,M,50+,office,seoul,1,0,0,0,7,0,0,42,0,0,completed
20656,U0658,2025-04-12 12:07:00,2025-04-12 12:13:00,F,30~39,office,seoul,1,0,0,0,23,0,0,52,0,0,completed
20657,U0659,2025-08-01 09:28:00,2025-08-01 09:32:00,F,20~29,office,seoul,0,0,0,0,28,0,0,70,0,0,completed
20658,U0660,2025-07-28 14:32:00,2025-07-28 14:38:00,M,30~39,office,seoul,0,0,0,0,29,0,0,27,0,0,completed
20659,U0661,2025-03-22 15:15:00,2025-03-22 15:22:00,F,20~29,office,seoul,1,0,0,0,2,0,0,45,0,0,completed
20660,U0662,2025-04-01 17:54:00,2025-04-01 17:59:00,F,40~49,office,seoul,0,0,0,0,21,0,0,76,0,0,completed
20661,U0663,2025-08-29 19:48:00,2025-08-29 19:55:00,M,50+,office,seoul,0,0,0,0,3,0,0,10,0,0,completed
20662,U0664,2025-03-13 09:17:00,2025-03-13 09:24:00,M,30~39,office,seoul,0,0,0,0,6,0,0,54,0,0,abandoned
20663,U0665,2025-05-19 09:35:00,2025-05-19 09:38:00,F,40~49,office,seoul,0,0,0,0,15,0,0,74,0,0,completed
20664,U0666,2025-07-30 15:25:00,2025-07-30 15:28:00,M,20~29,office,seoul,0,0,0,0,25,0,0,27,0,0,completed
20665,U0667,2025-09-30 12:26:00,2025-09-30 12:32:00,M,30~39,office,seoul,0,0,0,0,25,0,0,74,0,0,completed
20666,U0668,2025-01-18 16:39:00,2025-01-18 16:45:00,F,30~39,office,seoul,1,0,0,0,18,0,0,79,0,0,completed
20667,U0669,2025-01-17 15:25:00,2025-01-17 15:29:00,F,40~49,office,seoul,0,0,0,0,4,0,0,45,0,0,completed
20668,U0670,2025-12-01 13:47:00,2025-12-01 13:54:00,F,40~49,office,seoul,0,0,0,0,22,0,0,48,0,0,completed
20669,U0671,2025-10-14 08:03:00,2025-10-14 08:06:00,M,20~29,office,seoul,0,0,0,0,27,0,0,58,0,0,abandoned
20670,U0672,2025-04-19 12:22:00,2025-04-19 12:24:00,M,20~29,office,seoul,1,0,0,0,28,0,0,19,1,0,completed
20671,U0673,2025-06-06 20:53:00,2025-06-06 20:59:00,M,30~39,office,seoul,0,0,0,0,18,0,0,54,0,0,completed
20672,U0674,2025-04-06 16:52:00,2025-04-06 16:59:00,F,40~49,office,seoul,1,0,0,0,9,0,0,67,0,0,completed
20673,U0675,2025-03-16 13:58:00,2025-03-16 14:05:00,M,50+,office,seoul,1,0,0,0,6,0,0,10,0,0,completed
20674,U0676,2025-05-17 18:25:00,2025-05-17 18:29:00,F,50+,office,seoul,1,0,0,0,29,0,0,14,0,0,completed
20675,U0677,2025-04-18 15:58:00,2025-04-18 16:05:00,M,40~49,office,seoul,0,0,0,0,17,0,0,75,1,0,timeout
20676,U0678,2025-02-10 08:54:00,2025-02-10 08:58:00,F,40~49,office,seoul,0,0,0,0,16,0,0,45,0,0,completed
20677,U0679,2025-09-21 09:02:00,2025-09-21 09:06:00,F,50+,office,seoul,1,0,0,0,20,0,0,55,0,0,completed
20678,U0680,2025-12-14 16:37:00,2025-12-14 16:44:00,F,30~39,office,seoul,1,0,0,0,0,0,0,53,0,0,completed
20679,U0681,2025-12-26 15:08:00,2025-12-26 15:13:00,F,50+,office,seoul,0,0,0,0,18,0,0,54,0,0,completed
20680,U0682,2025-03-02 12:57:00,2025-03-02 12:59:00,F,30~39,office,seoul,1,0,0,0,10,0,0,72,0,0,completed
20681,U0683,2025-07-03 16:47:00,2025-07-03 16:51:00,M,20~29,office,seoul,0,0,0,0,7,0,0,27,0,0,timeout
20682,U0684,2025-03-03 14:43:00,2025-03-03 14:47:00,F,20~29,office,seoul,0,0,0,0,7,0,0,59,0,0,completed
20683,U0685,2025-12-22 08:42:00,2025-12-22 08:48:00,F,40~49,office,seoul,0,0,0,0,6,0,0,10,0,0,completed
20684,U0686,2025-02-12 21:45:00,2025-02-12 21:50:00,F,30~39,office,seoul,0,0,0,0,9,0,0,63,0,0,completed
20685,U0687,2025-07-18 08:53:00,2025-07-18 08:56:00,M,40~49,office,seoul,0,0,0,0,26,0,0,58,0,0,completed
20686,U0688,2025-11-07 12:39:00,2025-11-07 12:43:00,F,30~39,office,seoul,0,0,0,0,23,0,0,41,0,0,completed
20687,U0689,2025-01-07 12:34:00,2025-01-07 12:36:00,F,30~39,office,seoul,0,0,0,0,5,0,0,54,0,0,completed
20688,U0690,2025-04-23 18:59:00,2025-04-23 19:02:00,M,30~39,office,seoul,0,0,0,0,4,0,0,34,0,0,completed
20689,U0691,2025-06-21 18:37:00,2025-06-21 18:43:00,F,20~29,office,seoul,1,0,0,0,2,0,0,66,0,0,completed
20690,U0692,2025-10-18 17:13:00,2025-10-18 17:17:00,F,30~39,office,seoul,1,0,0,0,7,0,0,57,0,0,completed
20691,U0693,2025-10-13 12:40:00,2025-10-13 12:45:00,F,30~39,office,seoul,0,0,0,0,26,0,0,49,0,0,completed
20692,U0694,2025-12-10 16:44:00,2025-12-10 16:49:00,M,20~29,office,seoul,0,0,0,0,13,0,0,12,0,0,completed
20693,U0695,2025-12-03 14:56:00,2025-12-03 15:00:00,F,30~39,office,seoul,0,0,0,0,5,0,0,35,0,0,completed
20694,U0696,2025-10-19 17:02:00,2025-10-19 17:08:00,M,40~49,office,seoul,1,0,0,0,24,0,0,52,0,1,completed
20695,U0697,2025-09-25 18:47:00,2025-09-25 18:52:00,F,20~29,office,seoul,0,0,0,0,24,0,0,41,0,0,completed
20696,U0698,2025-11-07 18:59:00,2025-11-07 19:05:00,M,20~29,office,seoul,0,0,0,0,28,0,0,72,0,0,completed
20697,U0699,2025-02-22 14:14:00,2025-02-22 14:18:00,M,30~39,office,seoul,1,0,0,0,0,0,0,22,0,0,completed
20698,U0700,2025-11-14 09:50:00,2025-11-14 09:52:00,M,20~29,office,seoul,0,0,0,0,11,0,0,32,0,0,completed
20699,U0701,2025-04-16 15:45:00,2025-04-16 15:51:00,M,30~39,office,seoul,0,0,0,0,1,0,0,36,0,0,completed
20700,U0702,2025-07-04 11:26:00,2025-07-04 11:30:00,F,30~39,office,seoul,0,0,0,0,13,0,0,12,0,0,completed
20701,U0703,2025-11-03 18:19:00,2025-11-03 18:22:00,M,30~39,office,seoul,0,0,0,0,20,0,0,67,0,0,completed
20702,U0704,2025-09-14 15:25:00,2025-09-14 15:29:00,F,30~39,office,seoul,1,0,0,0,27,0,0,64,0,0,completed
20703,U0705,2025-11-18 13:38:00,2025-11-18 13:41:00,M,50+,office,seoul,0,0,0,0,14,0,0,61,0,0,completed
20704,U0706,2025-01-21 13:20:00,2025-01-21 13:23:00,M,40~49,office,seoul,0,0,0,0,18,0,0,18,0,0,completed
20705,U0707,2025-05-17 13:19:00,2025-05-17 13:23:00,F,20~29,office,seoul,1,0,0,0,13,0,0,42,0,0,completed
20706,U0708,2025-09-10 18:36:00,2025-09-10 18:39:00,M,30~39,office,seoul,0,0,0,0,15,0,0,11,0,0,completed
20707,U0709,2025-06-09 16:32:00,2025-06-09 16:34:00,F,20~29,office,seoul,0,0,0,0,14,0,0,66,0,1,completed
20708,U0710,2025-05-02 14:01:00,2025-05-02 14:05:00,F,20~29,office,seoul,0,0,0,0,11,0,0,41,0,0,completed
20709,U0711,2025-06-09 12:37:00,2025-06-09 12:42:00,F,20~29,office,seoul,0,0,0,0,26,0,0,40,0,0,completed
20710,U0712,2025-04-27 15:52:00,2025-04-27 15:56:00,M,50+,office,seoul,1,0,0,0,20,0,0,24,0,0,completed
20711,U0713,2025-12-29 13:32:00,2025-12-29 13:34:00,M,40~49,office,seoul,0,0,0,0,0,0,0,74,0,0,completed
20712,U0714,2025-03-31 15:40:00,2025-03-31 15:46:00,F,40~49,office,seoul,0,0,0,0,6,0,0,28,0,0,completed
20713,U0715,2025-09-04 16:57:00,2025-09-04 17:04:00,M,40~49,office,seoul,0,0,0,0,7,0,0,32,0,0,completed
20714,U0716,2025-03-18 12:40:00,2025-03-18 12:44:00,M,50+,office,seoul,0,0,0,0,9,0,0,32,0,0,completed
20715,U0717,2025-09-27 07:55:00,2025-09-27 08:02:00,M,30~39,office,seoul,1,0,0,0,26,0,0,37,0,0,completed
20716,U0718,2025-10-29 11:41:00,2025-10-29 11:45:00,F,20~29,office,seoul,0,0,0,0,10,0,0,70,0,0,completed
20717,U0719,2025-10-23 15:36:00,2025-10-23 15:40:00,M,30~39,office,seoul,0,0,0,0,22,0,0,30,0,0,completed
20718,U0720,2025-02-28 19:43:00,2025-02-28 19:45:00,F,40~49,office,seoul,0,0,0,0,3,0,0,30,0,0,completed
20719,U0721,2025-08-05 12:15:00,2025-08-05 12:21:00,M,30~39,office,seoul,0,0,0,0,15,0,0,22,0,0,completed
20720,U0722,2025-12-20 13:49:00,2025-12-20 13:53:00,F,40~49,office,seoul,1,0,0,0,17,0,0,44,0,0,completed
20721,U0723,2025-04-28 11:22:00,2025-04-28 11:27:00,M,30~39,office,seoul,0,0,0,0,25,0,0,20,0,0,completed
20722,U0724,2025-12-20 11:23:00,2025-12-20 11:26:00,M,30~39,office,seoul,1,0,0,0,22,0,0,58,0,0,error
20723,U0725,2025-05-09 16:07:00,2025-05-09 16:14:00,F,40~49,office,seoul,0,0,0,0,29,0,0,29,0,0,completed
20724,U0726,2025-11-25 13:55:00,2025-11-25 13:57:00,F,30~39,office,seoul,0,0,0,0,25,0,0,51,0,0,timeout
20725,U0727,2025-08-10 16:27:00,2025-08-10 16:33:00,M,20~29,office,seoul,1,0,0,0,5,0,0,54,0,0,completed
20726,U0728,2025-08-19 20:30:00,2025-08-19 20:35:00,M,20~29,office,seoul,0,0,0,0,0,0,0,73,0,0,completed
20727,U0729,2025-08-28 16:42:00,2025-08-28 16:45:00,M,30~39,office,seoul,0,0,0,0,17,0,0,13,0,0,error
20728,U0730,2025-06-02 16:14:00,2025-06-02 16:21:00,F,20~29,office,seoul,0,0,0,0,4,0,0,30,0,0,completed
20729,U0731,2025-05-15 13:18:00,2025-05-15 13:23:00,F,20~29,office,seoul,0,0,0,0,29,0,0,67,0,0,completed
20730,U0732,2025-03-08 09:01:00,2025-03-08 09:06:00,M,40~49,office,seoul,1,0,0,0,3,0,0,32,0,0,completed
20731,U0733,2025-10-09 09:03:00,2025-10-09 09:05:00,F,30~39,office,seoul,0,0,0,0,0,0,0,67,0,0,completed
20732,U0734,2025-07-03 11:45:00,2025-07-03 11:50:00,F,30~39,office,seoul,0,0,0,0,16,0,0,77,0,0,completed
20733,U0735,2025-10-12 14:35:00,2025-10-12 14:40:00,F,40~49,office,seoul,1,0,0,0,16,0,0,40,0,0,completed
20734,U0736,2025-12-21 20:28:00,2025-12-21 20:30:00,M,50+,office,seoul,1,0,0,0,21,0,0,73,0,0,completed
20735,U0737,2025-03-13 16:14:00,2025-03-13 16:21:00,M,50+,office,seoul,0,0,0,0,22,0,0,29,0,0,completed
20736,U0738,2025-04-02 16:08:00,2025-04-02 16:12:00,F,20~29,office,seoul,0,0,0,0,8,0,0,79,0,0,abandoned
20737,U0739,2025-11-02 22:29:00,2025-11-02 22:31:00,M,50+,office,seoul,1,0,0,0,19,0,0,73,0,0,completed
20738,U0740,2025-01-10 17:36:00,2025-01-10 17:39:00,F,20~29,office,seoul,0,0,0,0,15,0,0,32,0,0,completed
20739,U0741,2025-05-28 17:40:00,2025-05-28 17:47:00,M,30~39,office,seoul,0,0,0,0,18,0,0,37,0,0,completed
20740,U0742,2025-02-27 07:15:00,2025-02-27 07:21:00,M,30~39,office,seoul,0,0,0,0,27,0,0,21,0,0,completed
20741,U0743,2025-05-01 09:07:00,2025-05-01 09:09:00,F,40~49,office,seoul,0,0,0,0,8,0,0,12,0,0,completed
20742,U0744,2025-08-17 19:10:00,2025-08-17 19:15:00,F,20~29,office,seoul,1,0,0,0,22,0,0,19,0,0,completed
20743,U0745,2025-04-16 15:03:00,2025-04-16 15:05:00,M,30~39,office,seoul,0,0,0,0,16,0,0,47,0,0,completed
20744,U0746,2025-06-28 17:38:00,2025-06-28 17:44:00,F,50+,office,seoul,1,0,0,0,13,0,0,20,0,0,completed
20745,U0747,2025-05-24 13:55:00,2025-05-24 14:01:00,F,20~29,office,seoul,1,0,0,0,5,0,0,62,0,0,completed
20746,U0748,2025-08-27 12:34:00,2025-08-27 12:37:00,F,50+,office,seoul,0,0,0,0,15,0,0,18,0,0,completed
20747,U0749,2025-04-26 11:46:00,2025-04-26 11:50:00,M,30~39,office,seoul,1,0,0,0,6,0,0,69,0,0,completed
20748,U0750,2025-08-07 07:11:00,2025-08-07 07:13:00,F,50+,office,seoul,0,0,0,0,12,0,0,19,0,0,completed
20749,U0751,2025-05-29 12:48:00,2025-05-29 12:55:00,M,50+,office,seoul,0,0,0,0,5,0,0,59,0,0,error
20750,U0752,2025-10-26 17:13:00,2025-10-26 17:18:00,F,50+,office,seoul,1,0,0,0,9,0,0,48,1,0,completed
20751,U0753,2025-07-25 12:15:00,2025-07-25 12:21:00,M,30~39,office,seoul,0,0,0,0,1,0,0,67,0,0,abandoned
20752,U0754,2025-12-22 13:54:00,2025-12-22 14:01:00,F,30~39,office,seoul,0,0,0,0,13,0,0,16,0,0,timeout
20753,U0755,2025-10-29 09:13:00,2025-10-29 09:18:00,F,20~29,office,seoul,0,0,0,0,22,0,0,70,0,0,completed
20754,U0756,2025-07-11 12:40:00,2025-07-11 12:45:00,F,40~49,office,seoul,0,0,0,0,10,0,0,47,0,0,completed
20755,U0757,2025-07-07 13:41:00,2025-07-07 13:44:00,F,30~39,office,seoul,0,0,0,0,24,0,0,36,0,0,completed
20756,U0758,2025-06-29 18:29:00,2025-06-29 18:33:00,M,30~39,office,seoul,1,0,0,0,12,0,0,50,0,0,completed
20757,U0759,2025-03-31 13:22:00,2025-03-31 13:28:00,F,50+,office,seoul,0,0,0,0,17,0,0,79,0,0,completed
20758,U0760,2025-07-29 09:40:00,2025-07-29 09:43:00,M,20~29,office,seoul,0,0,0,0,8,0,0,47,0,0,completed
20759,U0761,2025-02-16 20:59:00,2025-02-16 21:01:00,F,50+,office,seoul,1,0,0,0,1,0,0,64,0,0,completed
20760,U0762,2025-05-06 17:47:00,2025-05-06 17:53:00,M,40~49,office,seoul,0,0,0,0,15,0,0,40,0,0,completed
20761,U0763,2025-02-01 18:52:00,2025-02-01 18:56:00,F,50+,office,seoul,1,0,0,0,10,0,0,31,1,0,completed
20762,U0764,2025-10-26 11:00:00,2025-10-26 11:02:00,F,40~49,office,seoul,1,0,0,0,27,0,0,20,0,0,completed
20763,U0765,2025-01-03 15:28:00,2025-01-03 15:35:00,F,20~29,office,seoul,0,0,0,0,23,0,0,44,0,0,completed
20764,U0766,2025-04-24 13:02:00,2025-04-24 13:06:00,M,50+,office,seoul,0,0,0,0,16,0,0,35,1,0,completed
20765,U0767,2025-10-22 15:30:00,2025-10-22 15:36:00,F,20~29,office,seoul,0,0,0,0,6,0,0,70,0,0,abandoned
20766,U0768,2025-07-01 13:28:00,2025-07-01 13:33:00,M,30~39,office,seoul,0,0,0,0,25,0,0,37,0,0,completed
20767,U0769,2025-10-18 11:17:00,2025-10-18 11:23:00,M,40~49,office,seoul,1,0,0,0,8,0,0,52,0,0,completed
20768,U0770,2025-10-25 15:31:00,2025-10-25 15:33:00,M,50+,office,seoul,1,0,0,0,14,0,0,53,0,0,completed
20769,U0771,2025-07-13 07:07:00,2025-07-13 07:11:00,M,40~49,office,seoul,1,0,0,0,13,0,0,62,0,0,completed
20770,U0772,2025-01-19 14:45:00,2025-01-19 14:48:00,F,50+,office,seoul,1,0,0,0,7,0,0,26,0,0,completed
20771,U0773,2025-11-14 12:48:00,2025-11-14 12:55:00,F,20~29,office,seoul,0,0,0,0,7,0,0,19,0,0,completed
20772,U0774,2025-02-26 15:05:00,2025-02-26 15:12:00,F,40~49,office,seoul,0,0,0,0,11,0,0,79,0,0,abandoned
20773,U0775,2025-03-15 13:05:00,2025-03-15 13:09:00,M,30~39,office,seoul,1,0,0,0,21,0,0,74,0,0,completed
20774,U0776,2025-10-10 15:00:00,2025-10-10 15:05:00,M,50+,office,seoul,0,0,0,0,29,0,0,29,0,0,abandoned
20775,U0777,2025-10-01 07:02:00,2025-10-01 07:05:00,F,30~39,office,seoul,0,0,0,0,2,0,0,54,0,0,completed
20776,U0778,2025-01-31 21:10:00,2025-01-31 21:15:00,F,40~49,office,seoul,0,0,0,0,27,0,0,58,0,0,completed
20777,U0779,2025-12-13 12:57:00,2025-12-13 13:02:00,F,20~29,office,seoul,1,0,0,0,8,0,0,38,0,0,completed
20778,U0780,2025-08-08 17:57:00,2025-08-08 18:01:00,M,20~29,office,seoul,0,0,0,0,28,0,0,15,0,0,completed
20779,U0781,2025-10-10 19:15:00,2025-10-10 19:19:00,M,50+,office,seoul,0,0,0,0,19,0,0,12,0,0,completed
20780,U0782,2025-01-13 16:40:00,2025-01-13 16:43:00,M,30~39,office,seoul,0,0,0,0,11,0,0,11,0,0,completed
20781,U0783,2025-12-06 13:09:00,2025-12-06 13:14:00,M,30~39,office,seoul,1,0,0,0,20,0,0,38,0,0,abandoned
20782,U0784,2025-07-13 13:12:00,2025-07-13 13:15:00,F,30~39,office,seoul,1,0,0,0,28,0,0,27,0,0,completed
20783,U0785,2025-02-22 21:47:00,2025-02-22 21:54:00,M,20~29,office,seoul,1,0,0,0,20,0,0,75,0,0,completed
20784,U0786,2025-01-29 14:35:00,2025-01-29 14:42:00,F,30~39,office,seoul,0,0,0,0,23,0,0,45,0,0,timeout
20785,U0787,2025-05-16 07:13:00,2025-05-16 07:17:00,F,20~29,office,seoul,0,0,0,0,10,0,0,31,0,0,completed
20786,U0788,2025-11-02 14:41:00,2025-11-02 14:46:00,F,20~29,office,seoul,1,0,0,0,0,0,0,47,0,1,completed
20787,U0789,2025-08-16 07:26:00,2025-08-16 07:31:00,F,30~39,office,seoul,1,0,0,0,18,0,0,18,0,0,completed
20788,U0790,2025-05-10 08:38:00,2025-05-10 08:43:00,F,20~29,office,seoul,1,0,0,0,14,0,0,20,0,0,completed
20789,U0791,2025-01-04 20:24:00,2025-01-04 20:29:00,M,20~29,office,seoul,1,0,0,0,3,0,0,52,0,0,completed
20790,U0792,2025-08-08 18:06:00,2025-08-08 18:10:00,F,20~29,office,seoul,0,0,0,0,16,0,0,45,0,0,timeout
20791,U0793,2025-01-25 18:27:00,2025-01-25 18:31:00,F,50+,office,seoul,1,0,0,0,10,0,0,19,0,0,completed
20792,U0794,2025-07-07 07:02:00,2025-07-07 07:06:00,M,20~29,office,seoul,0,0,0,0,14,0,0,13,0,0,timeout
20793,U0795,2025-11-09 13:46:00,2025-11-09 13:49:00,F,30~39,office,seoul,1,0,0,0,7,0,0,35,0,0,completed
20794,U0796,2025-05-13 14:38:00,2025-05-13 14:43:00,F,30~39,office,seoul,0,0,0,0,1,0,0,45,0,0,completed
20795,U0797,2025-09-07 14:38:00,2025-09-07 14:43:00,M,30~39,office,seoul,1,0,0,0,17,0,0,51,0,0,completed
20796,U0798,2025-01-02 20:55:00,2025-01-02 20:57:00,M,40~49,office,seoul,0,0,0,0,28,0,0,20,0,0,completed
20797,U0799,2025-05-05 17:24:00,2025-05-05 17:27:00,F,40~49,office,seoul,0,0,0,0,12,0,0,59,0,0,completed
20798,U0800,2025-06-16 12:17:00,2025-06-16 12:24:00,F,20~29,office,seoul,0,0,0,0,11,0,0,36,0,0,completed
20799,U0801,2025-12-03 19:18:00,2025-12-03 19:21:00,F,30~39,office,seoul,0,0,0,0,7,0,0,19,0,0,completed
20800,U0802,2025-06-09 08:04:00,2025-06-09 08:11:00,M,30~39,office,seoul,0,0,0,0,11,0,0,63,0,0,completed
20801,U0803,2025-03-01 16:52:00,2025-03-01 16:55:00,F,40~49,office,seoul,1,0,0,0,14,0,0,20,0,0,completed
20802,U0804,2025-06-07 17:30:00,2025-06-07 17:34:00,F,30~39,office,seoul,1,0,0,0,0,0,0,38,0,0,completed
20803,U0805,2025-06-04 07:31:00,2025-06-04 07:36:00,M,40~49,office,seoul,0,0,0,0,12,0,0,77,0,0,completed
20804,U0806,2025-06-25 07:47:00,2025-06-25 07:51:00,M,30~39,office,seoul,0,0,0,0,7,0,0,55,0,0,completed
20805,U0807,2025-07-07 17:10:00,2025-07-07 17:17:00,M,30~39,office,seoul,0,0,0,0,22,0,0,50,1,0,completed
20806,U0808,2025-10-07 19:02:00,2025-10-07 19:09:00,F,30~39,office,seoul,0,0,0,0,20,0,0,52,0,0,completed
20807,U0809,2025-11-01 17:20:00,2025-11-01 17:22:00,M,30~39,office,seoul,1,0,0,0,12,0,0,34,0,0,completed
20808,U0810,2025-07-18 15:17:00,2025-07-18 15:23:00,M,20~29,office,seoul,0,0,0,0,25,0,0,77,0,0,completed
20809,U0811,2025-07-14 18:12:00,2025-07-14 18:18:00,M,20~29,office,seoul,0,0,0,0,26,0,0,51,0,0,completed
20810,U0812,2025-12-06 09:00:00,2025-12-06 09:07:00,M,30~39,office,seoul,1,0,0,0,24,0,0,34,0,0,abandoned
20811,U0813,2025-02-18 17:26:00,2025-02-18 17:31:00,F,50+,office,seoul,0,0,0,0,19,0,0,58,0,0,completed
20812,U0814,2025-06-22 15:14:00,2025-06-22 15:20:00,F,30~39,office,seoul,1,0,0,0,3,0,0,75,0,0,completed
20813,U0815,2025-05-10 19:54:00,2025-05-10 20:01:00,M,50+,office,seoul,1,0,0,0,13,0,0,36,0,1,completed
20814,U0816,2025-10-18 21:10:00,2025-10-18 21:12:00,F,30~39,office,seoul,1,0,0,0,22,0,0,43,0,0,completed
20815,U0817,2025-12-18 18:02:00,2025-12-18 18:09:00,M,40~49,office,seoul,0,0,0,0,23,0,0,30,0,0,completed
20816,U0818,2025-02-24 07:25:00,2025-02-24 07:27:00,F,20~29,office,seoul,0,0,0,0,19,0,0,56,0,0,completed
20817,U0819,2025-12-26 14:15:00,2025-12-26 14:19:00,M,30~39,office,seoul,0,0,0,0,25,0,0,27,0,0,completed
20818,U0820,2025-04-09 13:52:00,2025-04-09 13:54:00,F,40~49,office,seoul,0,0,0,0,7,0,0,60,0,0,completed
20819,U0821,2025-02-19 13:04:00,2025-02-19 13:09:00,F,30~39,office,seoul,0,0,0,0,18,0,0,76,0,0,completed
20820,U0822,2025-01-29 16:46:00,2025-01-29 16:50:00,F,30~39,office,seoul,0,0,0,0,16,0,0,68,0,0,completed
20821,U0823,2025-09-17 11:46:00,2025-09-17 11:52:00,M,20~29,office,seoul,0,0,0,0,8,0,0,16,0,0,completed
20822,U0824,2025-03-19 08:44:00,2025-03-19 08:46:00,F,20~29,office,seoul,0,0,0,0,23,0,0,37,1,0,completed
20823,U0825,2025-12-14 19:39:00,2025-12-14 19:45:00,F,40~49,office,seoul,1,0,0,0,14,0,0,20,0,0,completed
20824,U0826,2025-02-05 13:44:00,2025-02-05 13:50:00,M,20~29,office,seoul,0,0,0,0,3,0,0,34,0,0,completed
20825,U0827,2025-08-07 16:00:00,2025-08-07 16:07:00,F,20~29,office,seoul,0,0,0,0,4,0,0,25,0,0,completed
20826,U0828,2025-09-09 13:27:00,2025-09-09 13:33:00,M,40~49,office,seoul,0,0,0,0,25,0,0,59,1,0,completed
20827,U0829,2025-04-03 13:46:00,2025-04-03 13:49:00,M,30~39,office,seoul,0,0,0,0,26,0,0,77,0,0,completed
20828,U0830,2025-04-24 14:31:00,2025-04-24 14:34:00,M,20~29,office,seoul,0,0,0,0,18,0,0,43,0,0,completed
20829,U0831,2025-08-30 13:41:00,2025-08-30 13:48:00,F,30~39,office,seoul,1,0,0,0,6,0,0,75,0,0,completed
20830,U0832,2025-03-03 15:42:00,2025-03-03 15:46:00,M,40~49,office,seoul,0,0,0,0,24,0,0,58,0,0,completed
20831,U0833,2025-01-18 08:06:00,2025-01-18 08:13:00,M,40~49,office,seoul,1,0,0,0,2,0,0,53,0,0,completed
20832,U0834,2025-04-01 11:00:00,2025-04-01 11:05:00,M,30~39,office,seoul,0,0,0,0,1,0,0,72,0,0,completed
20833,U0835,2025-01-20 09:28:00,2025-01-20 09:32:00,F,20~29,office,seoul,0,0,0,0,3,0,0,39,0,0,completed
20834,U0836,2025-03-04 20:19:00,2025-03-04 20:21:00,F,20~29,office,seoul,0,0,0,0,25,0,0,65,0,0,completed
20835,U0837,2025-05-29 08:45:00,2025-05-29 08:48:00,M,20~29,office,seoul,0,0,0,0,21,0,0,31,0,0,completed
20836,U0838,2025-05-05 13:53:00,2025-05-05 14:00:00,F,40~49,office,seoul,0,0,0,0,14,0,0,49,0,0,abandoned
20837,U0839,2025-08-08 11:07:00,2025-08-08 11:09:00,M,50+,office,seoul,0,0,0,0,6,0,0,79,0,0,completed
20838,U0840,2025-12-26 20:50:00,2025-12-26 20:57:00,M,30~39,office,seoul,0,0,0,0,2,0,0,24,0,0,completed
20839,U0841,2025-05-29 11:24:00,2025-05-29 11:31:00,M,20~29,office,seoul,0,0,0,0,10,0,0,17,0,0,completed
20840,U0842,2025-03-21 08:28:00,2025-03-21 08:34:00,F,30~39,office,seoul,0,0,0,0,13,0,0,33,0,0,completed
20841,U0843,2025-05-08 09:22:00,2025-05-08 09:28:00,F,20~29,office,seoul,0,0,0,0,1,0,0,27,0,1,completed
20842,U0844,2025-12-06 11:39:00,2025-12-06 11:45:00,F,30~39,office,seoul,1,0,0,0,18,0,0,24,0,0,completed
20843,U0845,2025-11-16 14:12:00,2025-11-16 14:15:00,F,20~29,office,seoul,1,0,0,0,19,0,0,35,0,0,completed
20844,U0846,2025-04-22 14:04:00,2025-04-22 14:09:00,M,20~29,office,seoul,0,0,0,0,21,0,0,45,0,0,completed
20845,U0847,2025-10-04 08:49:00,2025-10-04 08:53:00,F,20~29,office,seoul,1,0,0,0,5,0,0,62,0,0,completed
20846,U0848,2025-11-12 14:54:00,2025-11-12 14:58:00,F,20~29,office,seoul,0,0,0,0,15,0,0,56,0,0,completed
20847,U0849,2025-02-07 09:23:00,2025-02-07 09:26:00,M,40~49,office,seoul,0,0,0,0,27,0,0,46,0,0,completed
20848,U0850,2025-04-03 13:26:00,2025-04-03 13:30:00,M,40~49,office,seoul,0,0,0,0,4,0,0,55,0,0,completed
20849,U0851,2025-07-01 16:42:00,2025-07-01 16:47:00,F,40~49,office,seoul,0,0,0,0,22,0,0,14,0,0,completed
20850,U0852,2025-05-07 15:16:00,2025-05-07 15:22:00,M,20~29,office,seoul,0,0,0,0,26,0,0,51,0,0,completed
20851,U0853,2025-02-14 09:11:00,2025-02-14 09:13:00,F,20~29,office,seoul,0,0,0,0,22,0,0,53,0,0,completed
20852,U0854,2025-04-25 14:48:00,2025-04-25 14:50:00,F,40~49,office,seoul,0,0,0,0,25,0,0,70,1,0,completed
20853,U0855,2025-12-08 18:32:00,2025-12-08 18:37:00,M,20~29,office,seoul,0,0,0,0,17,0,0,55,1,0,completed
20854,U0856,2025-06-14 12:37:00,2025-06-14 12:40:00,M,30~39,office,seoul,1,0,0,0,21,0,0,10,0,0,completed
20855,U0857,2025-12-20 14:37:00,2025-12-20 14:39:00,F,30~39,office,seoul,1,0,0,0,21,0,0,57,1,0,completed
20856,U0858,2025-10-26 09:32:00,2025-10-26 09:35:00,F,20~29,office,seoul,1,0,0,0,15,0,0,32,0,0,completed
20857,U0859,2025-10-26 12:49:00,2025-10-26 12:51:00,M,30~39,office,seoul,1,0,0,0,19,0,0,22,0,0,completed
20858,U0860,2025-04-13 18:12:00,2025-04-13 18:14:00,F,30~39,office,seoul,1,0,0,0,22,0,0,63,0,0,completed
20859,U0861,2025-01-27 11:47:00,2025-01-27 11:49:00,F,30~39,office,seoul,0,0,0,0,1,0,0,54,0,0,completed
20860,U0862,2025-03-12 20:31:00,2025-03-12 20:36:00,M,40~49,office,seoul,0,0,0,0,14,0,0,44,0,0,completed
20861,U0863,2025-05-05 16:27:00,2025-05-05 16:33:00,F,40~49,office,seoul,0,0,0,0,3,0,0,43,0,0,completed
20862,U0864,2025-06-24 18:28:00,2025-06-24 18:34:00,F,50+,office,seoul,0,0,0,0,20,0,0,49,1,0,completed
20863,U0865,2025-08-18 08:17:00,2025-08-18 08:20:00,F,40~49,office,seoul,0,0,0,0,19,0,0,69,0,0,completed
20864,U0866,2025-03-18 18:22:00,2025-03-18 18:25:00,F,30~39,office,seoul,0,0,0,0,26,0,0,18,0,0,completed
20865,U0867,2025-11-11 11:14:00,2025-11-11 11:16:00,M,20~29,office,seoul,0,0,0,0,15,0,0,43,0,0,completed
20866,U0868,2025-09-08 09:35:00,2025-09-08 09:39:00,M,20~29,office,seoul,0,0,0,0,28,0,0,78,0,0,completed
20867,U0869,2025-05-09 13:54:00,2025-05-09 13:58:00,F,50+,office,seoul,0,0,0,0,3,0,0,23,0,0,completed
20868,U0870,2025-05-23 19:03:00,2025-05-23 19:09:00,F,40~49,office,seoul,0,0,0,0,7,0,0,60,0,0,error
20869,U0871,2025-05-17 13:17:00,2025-05-17 13:21:00,F,20~29,office,seoul,1,0,0,0,1,0,0,27,0,0,completed
20870,U0872,2025-08-26 17:13:00,2025-08-26 17:18:00,F,30~39,office,seoul,0,0,0,0,12,0,0,50,0,0,completed
20871,U0873,2025-08-12 17:59:00,2025-08-12 18:01:00,M,40~49,office,seoul,0,0,0,0,12,0,0,53,0,0,completed
20872,U0874,2025-06-20 08:03:00,2025-06-20 08:05:00,M,30~39,office,seoul,0,0,0,0,2,0,0,59,0,0,completed
20873,U0875,2025-08-26 15:05:00,2025-08-26 15:08:00,F,20~29,office,seoul,0,0,0,0,15,0,0,36,0,0,error
20874,U0876,2025-01-17 09:35:00,2025-01-17 09:41:00,M,20~29,office,seoul,0,0,0,0,6,0,0,33,0,0,completed
20875,U0877,2025-10-31 15:43:00,2025-10-31 15:46:00,F,40~49,office,seoul,0,0,0,0,14,0,0,12,0,0,completed
20876,U0878,2025-04-01 12:32:00,2025-04-01 12:34:00,F,50+,office,seoul,0,0,0,0,0,0,0,19,0,0,completed
20877,U0879,2025-02-08 07:48:00,2025-02-08 07:51:00,F,20~29,office,seoul,1,0,0,0,25,0,0,75,0,0,abandoned
20878,U0880,2025-03-11 20:14:00,2025-03-11 20:21:00,M,20~29,office,seoul,0,0,0,0,13,0,0,73,0,0,completed
20879,U0881,2025-03-25 15:15:00,2025-03-25 15:19:00,M,20~29,office,seoul,0,0,0,0,3,0,0,55,0,0,completed
20880,U0882,2025-07-20 18:51:00,2025-07-20 18:57:00,F,20~29,office,seoul,1,0,0,0,3,0,0,53,0,0,abandoned
20881,U0883,2025-02-06 17:09:00,2025-02-06 17:11:00,F,20~29,office,seoul,0,0,0,0,13,0,0,61,0,0,completed
20882,U0884,2025-03-13 07:59:00,2025-03-13 08:05:00,M,20~29,office,seoul,0,0,0,0,21,0,0,38,0,0,abandoned
20883,U0885,2025-10-02 12:05:00,2025-10-02 12:09:00,F,30~39,office,seoul,0,0,0,0,20,0,0,65,0,0,completed
20884,U0886,2025-10-15 15:17:00,2025-10-15 15:20:00,M,50+,office,seoul,0,0,0,0,4,0,0,47,0,0,completed
20885,U0887,2025-10-07 18:11:00,2025-10-07 18:13:00,M,40~49,office,seoul,0,0,0,0,23,0,0,66,0,0,completed
20886,U0888,2025-05-18 18:22:00,2025-05-18 18:26:00,F,30~39,office,seoul,1,0,0,0,15,0,0,49,0,0,completed
20887,U0889,2025-04-03 19:04:00,2025-04-03 19:09:00,F,20~29,office,seoul,0,0,0,0,15,0,0,58,0,0,completed
20888,U0890,2025-10-01 11:58:00,2025-10-01 12:01:00,F,30~39,office,seoul,0,0,0,0,14,0,0,68,0,0,completed
20889,U0891,2025-08-20 17:41:00,2025-08-20 17:44:00,F,20~29,office,seoul,0,0,0,0,16,0,0,61,0,0,completed
20890,U0892,2025-09-30 15:18:00,2025-09-30 15:21:00,F,30~39,office,seoul,0,0,0,0,6,0,0,46,0,0,completed
20891,U0893,2025-10-28 12:30:00,2025-10-28 12:36:00,M,20~29,office,seoul,0,0,0,0,12,0,0,58,0,0,completed
20892,U0894,2025-03-17 16:45:00,2025-03-17 16:49:00,M,20~29,office,seoul,0,0,0,0,15,0,0,68,0,0,completed
20893,U0895,2025-11-01 08:55:00,2025-11-01 08:57:00,F,50+,office,seoul,1,0,0,0,8,0,0,42,0,0,completed
20894,U0896,2025-05-04 13:03:00,2025-05-04 13:07:00,F,20~29,office,seoul,1,0,0,0,28,0,0,30,0,0,completed
20895,U0897,2025-04-22 11:49:00,2025-04-22 11:56:00,M,40~49,office,seoul,0,0,0,0,24,0,0,50,0,0,completed
20896,U0898,2025-05-02 18:00:00,2025-05-02 18:07:00,M,30~39,office,seoul,0,0,0,0,4,0,0,15,0,0,completed
20897,U0899,2025-09-03 18:31:00,2025-09-03 18:37:00,F,30~39,office,seoul,0,0,0,0,26,0,0,49,0,0,completed
20898,U0900,2025-05-13 11:18:00,2025-05-13 11:25:00,F,40~49,office,seoul,0,0,0,0,16,0,0,61,0,0,completed
20899,U0901,2025-07-23 12:51:00,2025-07-23 12:53:00,F,20~29,office,seoul,0,0,0,0,14,0,0,64,0,0,completed
20900,U0902,2025-10-06 15:35:00,2025-10-06 15:38:00,M,50+,office,seoul,0,0,0,0,9,0,0,19,0,0,completed
20901,U0903,2025-01-30 14:51:00,2025-01-30 14:56:00,F,20~29,office,seoul,0,0,0,0,2,0,0,52,0,0,timeout
20902,U0904,2025-04-28 11:37:00,2025-04-28 11:41:00,F,30~39,office,seoul,0,0,0,0,23,0,0,67,0,0,completed
20903,U0905,2025-08-16 11:12:00,2025-08-16 11:17:00,M,20~29,office,seoul,1,0,0,0,14,0,0,77,0,0,completed
20904,U0906,2025-04-30 13:57:00,2025-04-30 14:02:00,F,30~39,office,seoul,0,0,0,0,14,0,0,18,0,0,completed
20905,U0907,2025-06-06 09:55:00,2025-06-06 10:01:00,F,30~39,office,seoul,0,0,0,0,22,0,0,30,0,0,completed
20906,U0908,2025-11-27 12:59:00,2025-11-27 13:05:00,M,50+,office,seoul,0,0,0,0,2,0,0,65,0,0,completed
20907,U0909,2025-12-12 09:03:00,2025-12-12 09:05:00,F,30~39,office,seoul,0,0,0,0,28,0,0,19,0,0,completed
20908,U0910,2025-05-15 08:09:00,2025-05-15 08:15:00,M,50+,office,seoul,0,0,0,0,11,0,0,45,0,0,completed
20909,U0911,2025-03-10 12:08:00,2025-03-10 12:14:00,F,30~39,office,seoul,0,0,0,0,0,0,0,52,0,0,completed
20910,U0912,2025-03-29 13:32:00,2025-03-29 13:39:00,F,40~49,office,seoul,1,0,0,0,16,0,0,61,0,0,completed
20911,U0913,2025-01-19 09:04:00,2025-01-19 09:08:00,M,30~39,office,seoul,1,0,0,0,21,0,0,15,0,0,completed
20912,U0914,2025-10-16 19:06:00,2025-10-16 19:12:00,F,20~29,office,seoul,0,0,0,0,6,0,0,59,1,0,completed
20913,U0915,2025-01-31 22:42:00,2025-01-31 22:49:00,M,40~49,office,seoul,0,0,0,0,3,0,0,48,1,0,completed
20914,U0916,2025-07-11 14:58:00,2025-07-11 15:04:00,F,50+,office,seoul,0,0,0,0,26,0,0,47,0,0,completed
20915,U0917,2025-11-19 08:22:00,2025-11-19 08:24:00,M,20~29,office,seoul,0,0,0,0,5,0,0,23,0,0,completed
20916,U0918,2025-07-18 09:54:00,2025-07-18 09:56:00,F,50+,office,seoul,0,0,0,0,20,0,0,24,0,0,timeout
20917,U0919,2025-05-07 13:12:00,2025-05-07 13:17:00,M,30~39,office,seoul,0,0,0,0,11,0,0,25,0,0,completed
20918,U0920,2025-05-29 17:24:00,2025-05-29 17:29:00,M,30~39,office,seoul,0,0,0,0,12,0,0,13,0,0,timeout
20919,U0921,2025-05-31 11:01:00,2025-05-31 11:08:00,M,20~29,office,seoul,1,0,0,0,24,0,0,25,0,0,completed
20920,U0922,2025-05-24 14:17:00,2025-05-24 14:20:00,F,40~49,office,seoul,1,0,0,0,27,0,0,69,0,0,completed
20921,U0923,2025-05-18 18:32:00,2025-05-18 18:36:00,M,30~39,office,seoul,1,0,0,0,26,0,0,79,0,0,completed
20922,U0924,2025-07-16 17:19:00,2025-07-16 17:26:00,M,40~49,office,seoul,0,0,0,0,8,0,0,60,0,0,abandoned
20923,U0925,2025-11-19 15:42:00,2025-11-19 15:44:00,F,50+,office,seoul,0,0,0,0,7,0,0,58,0,0,completed
20924,U0926,2025-06-08 08:10:00,2025-06-08 08:15:00,F,30~39,office,seoul,1,0,0,0,27,0,0,40,0,0,completed
20925,U0927,2025-12-19 13:02:00,2025-12-19 13:04:00,M,20~29,office,seoul,0,0,0,0,25,0,0,71,0,0,completed
20926,U0928,2025-05-10 08:16:00,2025-05-10 08:18:00,M,40~49,office,seoul,1,0,0,0,6,0,0,65,1,0,completed
20927,U0929,2025-08-04 16:52:00,2025-08-04 16:58:00,M,50+,office,seoul,0,0,0,0,18,0,0,44,0,0,completed
20928,U0930,2025-06-26 11:22:00,2025-06-26 11:29:00,M,40~49,office,seoul,0,0,0,0,4,0,0,29,0,0,completed
20929,U0931,2025-06-25 12:35:00,2025-06-25 12:40:00,M,40~49,office,seoul,0,0,0,0,12,0,0,36,0,0,completed
20930,U0932,2025-02-25 14:47:00,2025-02-25 14:54:00,F,40~49,office,seoul,0,0,0,0,1,0,0,56,0,0,timeout
20931,U0933,2025-10-23 16:57:00,2025-10-23 17:04:00,F,30~39,office,seoul,0,0,0,0,9,0,0,67,0,0,completed
20932,U0934,2025-02-15 08:11:00,2025-02-15 08:18:00,F,30~39,office,seoul,1,0,0,0,23,0,0,33,0,0,completed
20933,U0935,2025-03-19 09:35:00,2025-03-19 09:39:00,M,40~49,office,seoul,0,0,0,0,14,0,0,16,0,0,completed
20934,U0936,2025-07-24 16:42:00,2025-07-24 16:46:00,M,30~39,office,seoul,0,0,0,0,12,0,0,53,0,0,abandoned
20935,U0937,2025-04-23 16:29:00,2025-04-23 16:35:00,M,20~29,office,seoul,0,0,0,0,26,0,0,73,1,0,completed
20936,U0938,2025-04-11 07:53:00,2025-04-11 07:57:00,F,50+,office,seoul,0,0,0,0,20,0,0,21,0,0,completed
20937,U0939,2025-11-26 12:36:00,2025-11-26 12:39:00,F,30~39,office,seoul,0,0,0,0,14,0,0,73,0,0,completed
20938,U0940,2025-04-09 09:10:00,2025-04-09 09:13:00,M,30~39,office,seoul,0,0,0,0,17,0,0,65,0,0,completed
20939,U0941,2025-02-15 16:30:00,2025-02-15 16:36:00,M,30~39,office,seoul,1,0,0,0,13,0,0,48,0,0,completed
20940,U0942,2025-07-25 16:27:00,2025-07-25 16:31:00,F,20~29,office,seoul,0,0,0,0,23,0,0,36,0,0,abandoned
20941,U0943,2025-11-24 17:19:00,2025-11-24 17:22:00,M,20~29,office,seoul,0,0,0,0,22,0,0,21,0,0,completed
20942,U0944,2025-07-27 07:20:00,2025-07-27 07:23:00,F,20~29,office,seoul,1,0,0,0,24,0,0,32,0,0,completed
20943,U0945,2025-02-27 15:26:00,2025-02-27 15:28:00,F,40~49,office,seoul,0,0,0,0,1,0,0,41,0,0,abandoned
20944,U0946,2025-02-16 11:58:00,2025-02-16 12:03:00,M,20~29,office,seoul,1,0,0,0,20,0,0,70,0,0,completed
20945,U0947,2025-02-03 07:23:00,2025-02-03 07:30:00,M,30~39,office,seoul,0,0,0,0,5,0,0,43,0,0,completed
20946,U0948,2025-02-21 12:19:00,2025-02-21 12:22:00,M,50+,office,seoul,0,0,0,0,17,0,0,43,1,0,completed
20947,U0949,2025-11-18 13:21:00,2025-11-18 13:26:00,F,50+,office,seoul,0,0,0,0,0,0,0,49,0,0,timeout
20948,U0950,2025-08-03 12:15:00,2025-08-03 12:19:00,M,40~49,office,seoul,1,0,0,0,13,0,0,61,0,0,completed
20949,U0951,2025-09-24 09:06:00,2025-09-24 09:10:00,F,20~29,office,seoul,0,0,0,0,21,0,0,69,0,0,completed
20950,U0952,2025-08-22 17:08:00,2025-08-22 17:12:00,F,50+,office,seoul,0,0,0,0,0,0,0,48,0,0,completed
20951,U0953,2025-08-23 11:01:00,2025-08-23 11:07:00,M,20~29,office,seoul,1,0,0,0,11,0,0,61,0,0,completed
20952,U0954,2025-06-05 13:19:00,2025-06-05 13:22:00,M,20~29,office,seoul,0,0,0,0,1,0,0,76,0,0,completed
20953,U0955,2025-11-05 17:41:00,2025-11-05 17:48:00,F,40~49,office,seoul,0,0,0,0,3,0,0,59,1,0,completed
20954,U0956,2025-07-22 13:55:00,2025-07-22 14:01:00,F,20~29,office,seoul,0,0,0,0,14,0,0,49,0,0,completed
20955,U0957,2025-07-31 18:11:00,2025-07-31 18:18:00,M,20~29,office,seoul,0,0,0,0,15,0,0,11,0,0,completed
20956,U0958,2025-02-06 21:48:00,2025-02-06 21:51:00,F,30~39,office,seoul,0,0,0,0,8,0,0,25,0,0,completed
20957,U0959,2025-03-05 09:30:00,2025-03-05 09:33:00,M,30~39,office,seoul,0,0,0,0,16,0,0,57,0,0,completed
20958,U0960,2025-01-28 09:51:00,2025-01-28 09:57:00,M,40~49,office,seoul,0,0,0,0,1,0,0,23,0,0,completed
20959,U0961,2025-01-24 09:32:00,2025-01-24 09:34:00,F,20~29,office,seoul,0,0,0,0,11,0,0,36,0,0,completed
20960,U0962,2025-06-02 11:18:00,2025-06-02 11:23:00,M,50+,office,seoul,0,0,0,0,8,0,0,46,0,1,completed
20961,U0963,2025-08-11 08:25:00,2025-08-11 08:31:00,F,30~39,office,seoul,0,0,0,0,15,0,0,29,0,0,completed
20962,U0964,2025-06-04 12:29:00,2025-06-04 12:34:00,M,50+,office,seoul,0,0,0,0,12,0,0,36,0,0,completed
20963,U0965,2025-12-11 15:32:00,2025-12-11 15:35:00,F,50+,office,seoul,0,0,0,0,25,0,0,31,0,0,completed
20964,U0966,2025-12-15 08:17:00,2025-12-15 08:20:00,F,30~39,office,seoul,0,0,0,0,25,0,0,41,0,0,abandoned
20965,U0967,2025-01-25 13:50:00,2025-01-25 13:52:00,M,50+,office,seoul,1,0,0,0,26,0,0,21,0,0,error
20966,U0968,2025-06-30 18:36:00,2025-06-30 18:38:00,M,20~29,office,seoul,0,0,0,0,17,0,0,71,0,0,completed
20967,U0969,2025-08-10 14:51:00,2025-08-10 14:55:00,M,40~49,office,seoul,1,0,0,0,22,0,0,13,0,0,completed
20968,U0970,2025-04-30 13:48:00,2025-04-30 13:52:00,F,20~29,office,seoul,0,0,0,0,12,0,0,30,0,0,completed
20969,U0971,2025-07-02 15:19:00,2025-07-02 15:26:00,F,50+,office,seoul,0,0,0,0,14,0,0,30,0,0,completed
20970,U0972,2025-03-13 16:26:00,2025-03-13 16:33:00,F,20~29,office,seoul,0,0,0,0,0,0,0,44,0,0,completed
20971,U0973,2025-07-21 07:01:00,2025-07-21 07:08:00,M,20~29,office,seoul,0,0,0,0,5,0,0,49,0,0,completed
20972,U0974,2025-05-10 08:16:00,2025-05-10 08:18:00,F,20~29,office,seoul,1,0,0,0,23,0,0,43,0,0,completed
20973,U0975,2025-02-04 15:53:00,2025-02-04 15:56:00,M,40~49,office,seoul,0,0,0,0,18,0,0,20,0,0,completed
20974,U0976,2025-05-18 14:37:00,2025-05-18 14:44:00,F,40~49,office,seoul,1,0,0,0,22,0,0,19,0,0,completed
20975,U0977,2025-04-09 15:50:00,2025-04-09 15:55:00,F,40~49,office,seoul,0,0,0,0,17,0,0,20,0,1,completed
20976,U0978,2025-12-08 08:59:00,2025-12-08 09:05:00,F,30~39,office,seoul,0,0,0,0,23,0,0,46,0,0,abandoned
20977,U0979,2025-06-05 17:34:00,2025-06-05 17:38:00,F,20~29,office,seoul,0,0,0,0,28,0,0,68,0,0,completed
20978,U0980,2025-07-09 19:30:00,2025-07-09 19:36:00,F,20~29,office,seoul,0,0,0,0,18,0,0,18,0,0,completed
20979,U0981,2025-09-28 17:02:00,2025-09-28 17:07:00,F,30~39,office,seoul,1,0,0,0,2,0,0,33,0,0,completed
20980,U0982,2025-08-24 15:41:00,2025-08-24 15:46:00,M,30~39,office,seoul,1,0,0,0,3,0,0,48,0,0,completed
20981,U0983,2025-08-03 16:05:00,2025-08-03 16:08:00,F,30~39,office,seoul,1,0,0,0,14,0,0,60,0,0,completed
20982,U0984,2025-06-07 19:41:00,2025-06-07 19:46:00,M,20~29,office,seoul,1,0,0,0,20,0,0,38,0,0,completed
20983,U0985,2025-10-18 12:11:00,2025-10-18 12:18:00,M,50+,office,seoul,1,0,0,0,27,0,0,71,1,0,completed
20984,U0986,2025-08-25 15:12:00,2025-08-25 15:15:00,M,50+,office,seoul,0,0,0,0,27,0,0,16,0,0,completed
20985,U0987,2025-07-02 09:07:00,2025-07-02 09:13:00,M,20~29,office,seoul,0,0,0,0,11,0,0,58,0,0,completed
20986,U0988,2025-07-02 14:16:00,2025-07-02 14:18:00,M,30~39,office,seoul,0,0,0,0,6,0,0,72,0,0,completed
20987,U0989,2025-09-02 09:45:00,2025-09-02 09:51:00,F,40~49,office,seoul,0,0,0,0,1,0,0,67,0,0,completed
20988,U0990,2025-07-13 07:01:00,2025-07-13 07:04:00,F,30~39,office,seoul,1,0,0,0,5,0,0,75,0,0,completed
20989,U0991,2025-01-17 08:04:00,2025-01-17 08:09:00,F,30~39,office,seoul,0,0,0,0,16,0,0,40,0,0,completed
20990,U0992,2025-01-18 21:59:00,2025-01-18 22:06:00,F,20~29,office,seoul,1,0,0,0,14,0,0,47,0,0,completed
20991,U0993,2025-05-04 08:29:00,2025-05-04 08:31:00,F,30~39,office,seoul,1,0,0,0,0,0,0,56,0,0,completed
20992,U0994,2025-07-25 12:17:00,2025-07-25 12:20:00,F,20~29,office,seoul,0,0,0,0,23,0,0,71,0,0,completed
20993,U0995,2025-07-09 18:11:00,2025-07-09 18:13:00,F,20~29,office,seoul,0,0,0,0,7,0,0,29,0,0,timeout
20994,U0996,2025-04-30 14:41:00,2025-04-30 14:43:00,F,20~29,office,seoul,0,0,0,0,22,0,0,18,0,0,completed
20995,U0997,2025-03-25 12:04:00,2025-03-25 12:09:00,M,40~49,office,seoul,0,0,0,0,0,0,0,54,1,0,completed
20996,U0998,2025-07-26 08:44:00,2025-07-26 08:46:00,M,40~49,office,seoul,1,0,0,0,22,0,0,24,0,0,completed
20997,U0999,2025-08-23 15:55:00,2025-08-23 15:57:00,M,20~29,office,seoul,1,0,0,0,23,0,0,74,0,0,completed
20998,U1000,2025-04-10 13:00:00,2025-04-10 13:06:00,M,50+,office,seoul,0,0,0,0,8,0,0,37,0,0,completed
20999,U1001,2025-02-03 16:42:00,2025-02-03 16:48:00,F,30~39,office,seoul,0,0,0,0,12,0,0,11,0,0,completed
21000,U1002,2025-01-24 13:03:00,2025-01-24 13:07:00,M,50+,office,seoul,0,0,0,0,2,0,0,66,0,0,completed
21001,U1003,2025-07-06 19:40:00,2025-07-06 19:42:00,M,30~39,office,seoul,1,0,0,0,4,0,0,57,0,0,completed
21002,U1004,2025-06-09 19:59:00,2025-06-09 20:01:00,M,40~49,office,seoul,0,0,0,0,21,0,0,79,0,0,completed
21003,U1005,2025-02-06 15:20:00,2025-02-06 15:26:00,F,20~29,office,seoul,0,0,0,0,8,0,0,27,0,0,timeout
21004,U1006,2025-04-11 21:19:00,2025-04-11 21:21:00,M,40~49,office,seoul,0,0,0,0,8,0,0,68,0,0,completed
21005,U1007,2025-01-20 18:03:00,2025-01-20 18:08:00,F,20~29,office,seoul,0,0,0,0,29,0,0,69,0,0,completed
21006,U1008,2025-10-05 15:38:00,2025-10-05 15:41:00,F,50+,office,seoul,1,0,0,0,1,0,0,55,0,0,completed
21007,U1009,2025-08-25 15:59:00,2025-08-25 16:04:00,F,50+,office,seoul,0,0,0,0,13,0,0,21,0,0,completed
21008,U1010,2025-06-01 14:48:00,2025-06-01 14:52:00,M,30~39,office,seoul,1,0,0,0,13,0,0,70,0,0,completed
21009,U1011,2025-12-17 22:36:00,2025-12-17 22:41:00,M,40~49,office,seoul,0,0,0,0,17,0,0,55,0,0,completed
21010,U1012,2025-01-14 18:29:00,2025-01-14 18:35:00,F,30~39,office,seoul,0,0,0,0,22,0,0,51,0,0,completed
21011,U1013,2025-01-06 19:47:00,2025-01-06 19:54:00,M,30~39,office,seoul,0,0,0,0,16,0,0,18,0,0,completed
21012,U1014,2025-11-12 11:45:00,2025-11-12 11:48:00,M,30~39,office,seoul,0,0,0,0,3,0,0,36,0,0,completed
21013,U1015,2025-06-06 16:01:00,2025-06-06 16:07:00,M,30~39,office,seoul,0,0,0,0,21,0,0,66,1,0,completed
21014,U1016,2025-05-28 18:58:00,2025-05-28 19:01:00,F,50+,office,seoul,0,0,0,0,10,0,0,26,0,0,completed
21015,U1017,2025-05-22 11:27:00,2025-05-22 11:29:00,M,20~29,office,seoul,0,0,0,0,20,0,0,48,0,0,completed
21016,U1018,2025-02-21 19:17:00,2025-02-21 19:20:00,M,20~29,office,seoul,0,0,0,0,21,0,0,27,0,0,completed
21017,U1019,2025-06-05 08:38:00,2025-06-05 08:42:00,F,50+,office,seoul,0,0,0,0,23,0,0,50,0,0,completed
21018,U1020,2025-12-31 14:02:00,2025-12-31 14:08:00,F,20~29,office,seoul,0,0,0,0,24,0,0,57,0,0,completed
21019,U1021,2025-06-02 08:03:00,2025-06-02 08:07:00,F,20~29,office,seoul,0,0,0,0,16,0,0,42,0,0,completed
21020,U1022,2025-06-12 08:18:00,2025-06-12 08:20:00,M,20~29,office,seoul,0,0,0,0,1,0,0,51,0,0,completed
21021,U1023,2025-04-21 22:27:00,2025-04-21 22:29:00,F,20~29,office,seoul,0,0,0,0,7,0,0,33,0,0,completed
21022,U1024,2025-05-12 17:33:00,2025-05-12 17:36:00,F,20~29,office,seoul,0,0,0,0,27,0,0,20,0,0,completed
21023,U1025,2025-04-08 19:54:00,2025-04-08 19:56:00,F,30~39,office,seoul,0,0,0,0,15,0,0,24,0,0,completed
21024,U1026,2025-11-04 08:45:00,2025-11-04 08:48:00,F,40~49,office,seoul,0,0,0,0,23,0,0,63,0,0,completed
21025,U1027,2025-04-30 13:40:00,2025-04-30 13:42:00,F,50+,office,seoul,0,0,0,0,12,0,0,38,0,0,completed
21026,U1028,2025-04-20 17:04:00,2025-04-20 17:06:00,F,30~39,office,seoul,1,0,0,0,9,0,0,20,0,0,completed
21027,U1029,2025-08-16 13:52:00,2025-08-16 13:59:00,F,30~39,office,seoul,1,0,0,0,9,0,0,46,0,0,completed
21028,U1030,2025-10-13 15:10:00,2025-10-13 15:15:00,M,40~49,office,seoul,0,0,0,0,12,0,0,37,0,1,completed
21029,U1031,2025-10-18 08:53:00,2025-10-18 09:00:00,F,50+,office,seoul,1,0,0,0,14,0,0,60,0,1,timeout
21030,U1032,2025-02-26 18:31:00,2025-02-26 18:37:00,F,40~49,office,seoul,0,0,0,0,22,0,0,30,0,0,completed
21031,U1033,2025-12-30 07:21:00,2025-12-30 07:23:00,F,40~49,office,seoul,0,0,0,0,1,0,0,40,0,0,timeout
21032,U1034,2025-02-13 13:28:00,2025-02-13 13:32:00,M,30~39,office,seoul,0,0,0,0,9,0,0,24,0,0,completed
21033,U1035,2025-10-07 18:08:00,2025-10-07 18:10:00,M,40~49,office,seoul,0,0,0,0,3,0,0,56,0,0,completed
21034,U1036,2025-12-06 19:00:00,2025-12-06 19:04:00,F,20~29,office,seoul,1,0,0,0,3,0,0,76,0,0,error
21035,U1037,2025-09-14 08:46:00,2025-09-14 08:50:00,F,40~49,office,seoul,1,0,0,0,0,0,0,54,0,0,abandoned
21036,U1038,2025-05-12 14:05:00,2025-05-12 14:10:00,F,30~39,office,seoul,0,0,0,0,11,0,0,66,0,0,completed
21037,U1039,2025-07-01 11:46:00,2025-07-01 11:53:00,F,30~39,office,seoul,0,0,0,0,2,0,0,59,0,0,completed
21038,U1040,2025-05-31 08:25:00,2025-05-31 08:27:00,F,50+,office,seoul,1,0,0,0,9,0,0,41,0,0,completed
21039,U1041,2025-09-18 12:04:00,2025-09-18 12:07:00,M,40~49,office,seoul,0,0,0,0,2,0,0,40,0,0,completed
21040,U1042,2025-09-03 07:58:00,2025-09-03 08:01:00,F,20~29,office,seoul,0,0,0,0,21,0,0,14,0,0,completed
21041,U1043,2025-04-04 14:00:00,2025-04-04 14:03:00,M,30~39,office,seoul,0,0,0,0,4,0,0,27,0,0,abandoned
21042,U1044,2025-11-27 15:03:00,2025-11-27 15:10:00,F,20~29,office,seoul,0,0,0,0,26,0,0,78,0,0,completed
21043,U1045,2025-07-13 08:18:00,2025-07-13 08:21:00,M,20~29,office,seoul,1,0,0,0,19,0,0,37,0,0,completed
21044,U1046,2025-05-31 11:07:00,2025-05-31 11:14:00,M,20~29,office,seoul,1,0,0,0,10,0,0,62,0,0,completed
21045,U1047,2025-08-12 12:09:00,2025-08-12 12:11:00,M,50+,office,seoul,0,0,0,0,20,0,0,38,0,0,completed
21046,U1048,2025-11-27 12:39:00,2025-11-27 12:46:00,F,20~29,office,seoul,0,0,0,0,8,0,0,54,0,0,completed
21047,U1049,2025-12-14 15:01:00,2025-12-14 15:08:00,F,30~39,office,seoul,1,0,0,0,8,0,0,13,0,0,completed
21048,U1050,2025-03-15 14:25:00,2025-03-15 14:30:00,M,30~39,office,seoul,1,0,0,0,15,0,0,63,0,0,completed
21049,U1051,2025-01-29 11:57:00,2025-01-29 12:01:00,F,40~49,office,seoul,0,0,0,0,16,0,0,44,0,0,completed
21050,U1052,2025-03-30 13:35:00,2025-03-30 13:39:00,F,20~29,office,seoul,1,0,0,0,28,0,0,65,0,0,timeout
21051,U1053,2025-03-24 16:52:00,2025-03-24 16:58:00,M,40~49,office,seoul,0,0,0,0,24,0,0,79,0,0,completed
21052,U1054,2025-04-08 14:13:00,2025-04-08 14:17:00,F,20~29,office,seoul,0,0,0,0,19,0,0,46,0,0,completed
21053,U1055,2025-10-14 17:09:00,2025-10-14 17:15:00,F,30~39,office,seoul,0,0,0,0,12,0,0,49,0,0,completed
21054,U1056,2025-02-22 08:51:00,2025-02-22 08:58:00,F,30~39,office,seoul,1,0,0,0,20,0,0,22,0,0,completed
21055,U1057,2025-03-19 12:06:00,2025-03-19 12:10:00,M,50+,office,seoul,0,0,0,0,16,0,0,55,0,0,completed
21056,U1058,2025-08-17 21:51:00,2025-08-17 21:56:00,M,20~29,office,seoul,1,0,0,0,13,0,0,54,0,0,completed
21057,U1059,2025-09-30 08:03:00,2025-09-30 08:06:00,F,30~39,office,seoul,0,0,0,0,10,0,0,26,0,0,abandoned
21058,U1060,2025-11-29 09:36:00,2025-11-29 09:38:00,M,30~39,office,seoul,1,0,0,0,29,0,0,41,0,0,completed
21059,U1061,2025-03-08 08:46:00,2025-03-08 08:53:00,F,20~29,office,seoul,1,0,0,0,16,0,0,17,0,0,abandoned
21060,U1062,2025-02-13 09:56:00,2025-02-13 10:01:00,F,20~29,office,seoul,0,0,0,0,28,0,0,22,0,0,completed
21061,U1063,2025-12-09 15:28:00,2025-12-09 15:31:00,F,50+,office,seoul,0,0,0,0,22,0,0,65,0,0,completed
21062,U1064,2025-05-05 07:18:00,2025-05-05 07:22:00,F,20~29,office,seoul,0,0,0,0,7,0,0,77,0,0,completed
21063,U1065,2025-09-08 12:19:00,2025-09-08 12:22:00,M,20~29,office,seoul,0,0,0,0,20,0,0,22,0,0,completed
21064,U1066,2025-12-16 20:14:00,2025-12-16 20:17:00,F,40~49,office,seoul,0,0,0,0,26,0,0,16,1,0,completed
21065,U1067,2025-04-18 15:26:00,2025-04-18 15:29:00,M,30~39,office,seoul,0,0,0,0,17,0,0,22,0,0,completed
21066,U1068,2025-01-13 07:09:00,2025-01-13 07:13:00,F,50+,office,seoul,0,0,0,0,17,0,0,38,0,0,completed
21067,U1069,2025-08-20 12:59:00,2025-08-20 13:06:00,F,50+,office,seoul,0,0,0,0,14,0,0,36,0,0,completed
21068,U1070,2025-11-10 20:39:00,2025-11-10 20:45:00,M,50+,office,seoul,0,0,0,0,9,0,0,54,0,0,abandoned
21069,U1071,2025-10-20 09:32:00,2025-10-20 09:37:00,M,30~39,office,seoul,0,0,0,0,20,0,0,17,0,0,completed
21070,U1072,2025-11-14 09:40:00,2025-11-14 09:47:00,M,40~49,office,seoul,0,0,0,0,7,0,0,23,0,0,completed
21071,U1073,2025-11-29 09:33:00,2025-11-29 09:37:00,M,30~39,office,seoul,1,0,0,0,11,0,0,22,0,0,completed
21072,U1074,2025-04-03 07:49:00,2025-04-03 07:56:00,F,50+,office,seoul,0,0,0,0,4,0,0,75,0,0,completed
21073,U1075,2025-04-30 22:27:00,2025-04-30 22:31:00,M,30~39,office,seoul,0,0,0,0,20,0,0,23,0,0,completed
21074,U1076,2025-09-17 13:34:00,2025-09-17 13:36:00,F,30~39,office,seoul,0,0,0,0,20,0,0,31,0,0,completed
21075,U1077,2025-06-17 07:45:00,2025-06-17 07:49:00,F,50+,office,seoul,0,0,0,0,0,0,0,69,0,0,completed
21076,U1078,2025-08-31 14:26:00,2025-08-31 14:28:00,M,30~39,office,seoul,1,0,0,0,23,0,0,44,0,0,completed
21077,U1079,2025-06-22 12:35:00,2025-06-22 12:41:00,F,30~39,office,seoul,1,0,0,0,5,0,0,75,0,0,timeout
21078,U1080,2025-03-11 14:16:00,2025-03-11 14:23:00,M,20~29,office,seoul,0,0,0,0,22,0,0,10,0,0,abandoned
21079,U1081,2025-12-24 20:30:00,2025-12-24 20:32:00,M,30~39,office,seoul,0,0,0,0,24,0,0,30,0,0,abandoned
21080,U1082,2025-05-11 16:51:00,2025-05-11 16:53:00,M,30~39,office,seoul,1,0,0,0,3,0,0,58,0,0,completed
21081,U1083,2025-03-12 12:41:00,2025-03-12 12:45:00,M,20~29,office,seoul,0,0,0,0,4,0,0,53,0,0,completed
21082,U1084,2025-12-30 08:23:00,2025-12-30 08:30:00,M,20~29,office,seoul,0,0,0,0,4,0,0,41,0,1,completed
21083,U1085,2025-10-25 19:29:00,2025-10-25 19:31:00,F,30~39,office,seoul,1,0,0,0,6,0,0,35,0,0,completed
21084,U1086,2025-11-01 08:35:00,2025-11-01 08:42:00,F,30~39,office,seoul,1,0,0,0,18,0,0,66,0,0,completed
21085,U1087,2025-09-10 19:34:00,2025-09-10 19:39:00,M,20~29,office,seoul,0,0,0,0,9,0,0,34,0,0,completed
21086,U1088,2025-06-23 15:38:00,2025-06-23 15:41:00,F,40~49,office,seoul,0,0,0,0,21,0,0,42,0,0,completed
21087,U1089,2025-01-16 14:51:00,2025-01-16 14:57:00,F,30~39,office,seoul,0,0,0,0,26,0,0,75,0,0,completed
21088,U1090,2025-01-06 19:23:00,2025-01-06 19:30:00,M,30~39,office,seoul,0,0,0,0,18,0,0,63,0,0,completed
21089,U1091,2025-05-06 12:18:00,2025-05-06 12:21:00,F,30~39,office,seoul,0,0,0,0,4,0,0,64,0,0,completed
21090,U1092,2025-12-18 14:21:00,2025-12-18 14:27:00,M,30~39,office,seoul,0,0,0,0,17,0,0,56,0,0,completed
21091,U1093,2025-03-26 21:16:00,2025-03-26 21:19:00,F,20~29,office,seoul,0,0,0,0,22,0,0,65,0,0,completed
21092,U1094,2025-01-11 15:01:00,2025-01-11 15:04:00,M,40~49,office,seoul,1,0,0,0,8,0,0,72,0,1,completed
21093,U1095,2025-07-21 09:58:00,2025-07-21 10:02:00,F,20~29,office,seoul,0,0,0,0,23,0,0,44,0,0,completed
21094,U1096,2025-10-07 16:11:00,2025-10-07 16:14:00,F,50+,office,seoul,0,0,0,0,2,0,0,38,0,0,completed
21095,U1097,2025-02-09 16:00:00,2025-02-09 16:06:00,F,20~29,office,seoul,1,0,0,0,19,0,0,34,0,0,completed
21096,U1098,2025-11-06 07:52:00,2025-11-06 07:57:00,F,20~29,office,seoul,0,0,0,0,10,0,0,28,0,0,abandoned
21097,U1099,2025-02-27 12:32:00,2025-02-27 12:34:00,M,40~49,office,seoul,0,0,0,0,2,0,0,11,0,0,abandoned
21098,U1100,2025-11-25 08:35:00,2025-11-25 08:38:00,F,40~49,office,seoul,0,0,0,0,12,0,0,66,0,0,completed
21099,U1101,2025-08-12 14:34:00,2025-08-12 14:40:00,M,20~29,office,seoul,0,0,0,0,17,0,0,71,0,0,completed
21100,U1102,2025-10-05 16:53:00,2025-10-05 16:57:00,F,30~39,office,seoul,1,0,0,0,29,0,0,68,0,0,completed
21101,U1103,2025-03-23 09:47:00,2025-03-23 09:53:00,F,40~49,office,seoul,1,0,0,0,23,0,0,11,0,0,completed
21102,U1104,2025-04-30 20:38:00,2025-04-30 20:41:00,M,30~39,office,seoul,0,0,0,0,19,0,0,20,0,0,completed
21103,U1105,2025-12-04 21:22:00,2025-12-04 21:27:00,F,20~29,office,seoul,0,0,0,0,23,0,0,46,0,0,completed
21104,U1106,2025-10-26 12:43:00,2025-10-26 12:45:00,F,30~39,office,seoul,1,0,0,0,22,0,0,68,0,0,completed
21105,U1107,2025-11-12 09:53:00,2025-11-12 09:58:00,M,40~49,office,seoul,0,0,0,0,21,0,0,55,0,0,completed
21106,U1108,2025-06-27 12:05:00,2025-06-27 12:07:00,M,20~29,office,seoul,0,0,0,0,19,0,0,63,0,0,completed
21107,U1109,2025-10-17 17:06:00,2025-10-17 17:11:00,F,30~39,office,seoul,0,0,0,0,17,0,0,78,0,0,completed
21108,U1110,2025-12-08 14:00:00,2025-12-08 14:07:00,M,50+,office,seoul,0,0,0,0,28,0,0,34,0,0,completed
21109,U1111,2025-01-16 17:10:00,2025-01-16 17:17:00,F,30~39,office,seoul,0,0,0,0,27,0,0,18,0,0,completed
21110,U1112,2025-05-24 17:53:00,2025-05-24 18:00:00,F,30~39,office,seoul,1,0,0,0,3,0,0,67,0,0,completed
21111,U1113,2025-04-09 12:27:00,2025-04-09 12:30:00,F,20~29,office,seoul,0,0,0,0,14,0,0,63,0,0,completed
21112,U1114,2025-09-18 08:34:00,2025-09-18 08:40:00,M,20~29,office,seoul,0,0,0,0,3,0,0,77,0,0,completed
21113,U1115,2025-03-21 08:45:00,2025-03-21 08:50:00,F,40~49,office,seoul,0,0,0,0,27,0,0,18,0,0,completed
21114,U1116,2025-01-03 17:51:00,2025-01-03 17:55:00,F,50+,office,seoul,0,0,0,0,14,0,0,25,0,0,completed
21115,U1117,2025-03-20 09:32:00,2025-03-20 09:38:00,F,30~39,office,seoul,0,0,0,0,12,0,0,25,0,0,completed
21116,U1118,2025-12-30 16:15:00,2025-12-30 16:20:00,F,50+,office,seoul,0,0,0,0,9,0,0,66,0,1,completed
21117,U1119,2025-12-31 09:33:00,2025-12-31 09:36:00,F,30~39,office,seoul,0,0,0,0,21,0,0,19,0,0,completed
21118,U1120,2025-12-29 16:40:00,2025-12-29 16:44:00,F,20~29,office,seoul,0,0,0,0,10,0,0,52,0,0,completed
21119,U1121,2025-10-14 17:30:00,2025-10-14 17:35:00,F,50+,office,seoul,0,0,0,0,22,0,0,47,0,0,completed
21120,U1122,2025-01-13 14:13:00,2025-01-13 14:18:00,F,30~39,office,seoul,0,0,0,0,20,0,0,39,0,0,completed
21121,U1123,2025-11-13 17:17:00,2025-11-13 17:23:00,M,30~39,office,seoul,0,0,0,0,5,0,0,78,0,0,completed
21122,U1124,2025-12-31 09:34:00,2025-12-31 09:37:00,F,30~39,office,seoul,0,0,0,0,9,0,0,32,0,0,completed
21123,U1125,2025-02-05 13:21:00,2025-02-05 13:24:00,F,20~29,office,seoul,0,0,0,0,15,0,0,73,0,0,completed
21124,U1126,2025-10-31 12:11:00,2025-10-31 12:14:00,M,30~39,office,seoul,0,0,0,0,15,0,0,25,0,0,completed
21125,U1127,2025-08-19 13:49:00,2025-08-19 13:55:00,F,50+,office,seoul,0,0,0,0,25,0,0,24,0,0,completed
21126,U1128,2025-09-26 09:39:00,2025-09-26 09:43:00,F,30~39,office,seoul,0,0,0,0,19,0,0,53,0,0,completed
21127,U1129,2025-06-19 16:08:00,2025-06-19 16:12:00,F,30~39,office,seoul,0,0,0,0,19,0,0,25,0,0,completed
21128,U1130,2025-08-04 13:59:00,2025-08-04 14:06:00,F,50+,office,seoul,0,0,0,0,6,0,0,69,0,0,completed
21129,U1131,2025-05-18 12:27:00,2025-05-18 12:32:00,M,30~39,office,seoul,1,0,0,0,23,0,0,51,0,0,completed
21130,U1132,2025-09-24 18:21:00,2025-09-24 18:27:00,M,20~29,office,seoul,0,0,0,0,28,0,0,45,0,0,completed
21131,U1133,2025-01-04 14:00:00,2025-01-04 14:02:00,M,20~29,office,seoul,1,0,0,0,7,0,0,11,0,0,completed
21132,U1134,2025-08-11 13:46:00,2025-08-11 13:52:00,F,30~39,office,seoul,0,0,0,0,25,0,0,53,0,0,completed
21133,U1135,2025-10-30 20:45:00,2025-10-30 20:51:00,M,30~39,office,seoul,0,0,0,0,5,0,0,74,0,0,completed
21134,U1136,2025-11-07 12:12:00,2025-11-07 12:18:00,F,40~49,office,seoul,0,0,0,0,24,0,0,59,0,0,completed
21135,U1137,2025-12-05 18:04:00,2025-12-05 18:06:00,M,30~39,office,seoul,0,0,0,0,23,0,0,30,0,0,completed
21136,U1138,2025-03-09 14:10:00,2025-03-09 14:16:00,F,30~39,office,seoul,1,0,0,0,7,0,0,30,0,0,completed
21137,U1139,2025-08-13 17:31:00,2025-08-13 17:35:00,M,40~49,office,seoul,0,0,0,0,23,0,0,72,0,0,completed
21138,U1140,2025-03-02 09:50:00,2025-03-02 09:57:00,F,30~39,office,seoul,1,0,0,0,2,0,0,29,0,1,completed
21139,U1141,2025-02-15 12:53:00,2025-02-15 12:55:00,F,40~49,office,seoul,1,0,0,0,17,0,0,41,0,0,abandoned
21140,U1142,2025-09-13 12:09:00,2025-09-13 12:16:00,F,20~29,office,seoul,1,0,0,0,19,0,0,17,0,0,error
21141,U1143,2025-01-12 16:47:00,2025-01-12 16:49:00,F,40~49,office,seoul,1,0,0,0,18,0,0,43,0,0,completed
21142,U1144,2025-05-15 20:51:00,2025-05-15 20:58:00,F,40~49,office,seoul,0,0,0,0,6,0,0,29,0,0,completed
21143,U1145,2025-07-13 18:15:00,2025-07-13 18:17:00,M,20~29,office,seoul,1,0,0,0,18,0,0,30,0,0,timeout
21144,U1146,2025-04-12 16:18:00,2025-04-12 16:24:00,M,20~29,office,seoul,1,0,0,0,7,0,0,20,0,0,completed
21145,U1147,2025-12-02 17:21:00,2025-12-02 17:27:00,F,40~49,office,seoul,0,0,0,0,28,0,0,34,0,0,completed
21146,U1148,2025-12-14 07:54:00,2025-12-14 08:00:00,M,20~29,office,seoul,1,0,0,0,29,0,0,11,0,0,completed
21147,U1149,2025-08-25 15:42:00,2025-08-25 15:48:00,F,40~49,office,seoul,0,0,0,0,20,0,0,42,0,0,completed
21148,U1150,2025-04-09 16:52:00,2025-04-09 16:56:00,F,30~39,office,seoul,0,0,0,0,29,0,0,10,0,0,completed
21149,U1151,2025-07-13 16:14:00,2025-07-13 16:16:00,F,30~39,office,seoul,1,0,0,0,3,0,0,54,0,0,completed
21150,U1152,2025-11-12 12:39:00,2025-11-12 12:45:00,F,20~29,office,seoul,0,0,0,0,20,0,0,49,0,0,completed
21151,U1153,2025-01-16 18:36:00,2025-01-16 18:39:00,F,50+,office,seoul,0,0,0,0,23,0,0,32,0,0,completed
21152,U1154,2025-05-16 07:34:00,2025-05-16 07:41:00,F,30~39,office,seoul,0,0,0,0,6,0,0,60,0,0,completed
21153,U1155,2025-03-21 19:27:00,2025-03-21 19:33:00,M,30~39,office,seoul,0,0,0,0,18,0,0,23,0,0,error
21154,U1156,2025-08-21 15:06:00,2025-08-21 15:11:00,M,20~29,office,seoul,0,0,0,0,14,0,0,21,0,0,completed
21155,U1157,2025-09-26 07:33:00,2025-09-26 07:40:00,F,30~39,office,seoul,0,0,0,0,9,0,0,68,0,0,completed
21156,U1158,2025-07-04 13:09:00,2025-07-04 13:16:00,F,40~49,office,seoul,0,0,0,0,22,0,0,76,0,0,completed
21157,U1159,2025-03-09 14:22:00,2025-03-09 14:28:00,F,20~29,office,seoul,1,0,0,0,13,0,0,18,0,0,completed
21158,U1160,2025-03-16 22:07:00,2025-03-16 22:09:00,F,20~29,office,seoul,1,0,0,0,0,0,0,20,0,0,error
21159,U1161,2025-06-12 09:32:00,2025-06-12 09:37:00,F,30~39,office,seoul,0,0,0,0,12,0,0,43,0,0,completed
21160,U1162,2025-12-02 20:45:00,2025-12-02 20:48:00,M,50+,office,seoul,0,0,0,0,17,0,0,25,0,0,abandoned
21161,U1163,2025-12-22 18:10:00,2025-12-22 18:12:00,M,30~39,office,seoul,0,0,0,0,13,0,0,53,0,0,completed
21162,U1164,2025-01-31 17:52:00,2025-01-31 17:59:00,F,30~39,office,seoul,0,0,0,0,1,0,0,10,0,0,completed
21163,U1165,2025-08-20 13:35:00,2025-08-20 13:39:00,F,40~49,office,seoul,0,0,0,0,10,0,0,61,0,0,completed
21164,U1166,2025-04-21 19:54:00,2025-04-21 19:56:00,F,30~39,office,seoul,0,0,0,0,18,0,0,58,0,0,completed
21165,U1167,2025-11-04 13:54:00,2025-11-04 13:56:00,F,20~29,office,seoul,0,0,0,0,12,0,0,16,0,0,completed
21166,U1168,2025-07-13 15:02:00,2025-07-13 15:06:00,F,30~39,office,seoul,1,0,0,0,2,0,0,35,0,0,completed
21167,U1169,2025-03-31 16:57:00,2025-03-31 17:03:00,M,30~39,office,seoul,0,0,0,0,14,0,0,47,0,0,completed
21168,U1170,2025-08-15 20:15:00,2025-08-15 20:17:00,F,20~29,office,seoul,0,0,0,0,17,0,0,32,0,0,error
21169,U1171,2025-11-29 08:15:00,2025-11-29 08:20:00,F,20~29,office,seoul,1,0,0,0,10,0,0,49,0,0,completed
21170,U1172,2025-04-09 21:32:00,2025-04-09 21:39:00,M,20~29,office,seoul,0,0,0,0,27,0,0,24,0,0,completed
21171,U1173,2025-01-31 15:56:00,2025-01-31 16:00:00,M,50+,office,seoul,0,0,0,0,0,0,0,30,0,0,completed
21172,U1174,2025-09-10 16:33:00,2025-09-10 16:37:00,F,50+,office,seoul,0,0,0,0,28,0,0,61,0,0,abandoned
21173,U1175,2025-08-16 14:12:00,2025-08-16 14:19:00,M,30~39,office,seoul,1,0,0,0,7,0,0,37,0,0,completed
21174,U1176,2025-09-12 16:15:00,2025-09-12 16:18:00,F,50+,office,seoul,0,0,0,0,22,0,0,12,0,0,completed
21175,U1177,2025-01-15 14:21:00,2025-01-15 14:24:00,M,20~29,office,seoul,0,0,0,0,11,0,0,74,0,0,completed
21176,U1178,2025-07-14 09:15:00,2025-07-14 09:21:00,M,30~39,office,seoul,0,0,0,0,3,0,0,36,0,0,error
21177,U1179,2025-01-08 12:41:00,2025-01-08 12:45:00,M,20~29,office,seoul,0,0,0,0,1,0,0,63,0,0,completed
21178,U1180,2025-03-02 22:19:00,2025-03-02 22:26:00,F,30~39,office,seoul,1,0,0,0,19,0,0,44,0,0,abandoned
21179,U1181,2025-10-03 15:23:00,2025-10-03 15:30:00,F,50+,office,seoul,0,0,0,0,16,0,0,40,0,0,completed
21180,U1182,2025-03-28 14:13:00,2025-03-28 14:17:00,F,50+,office,seoul,0,0,0,0,0,0,0,10,0,1,completed
21181,U1183,2025-06-27 13:45:00,2025-06-27 13:50:00,F,20~29,office,seoul,0,0,0,0,19,0,0,29,0,0,completed
21182,U1184,2025-02-05 22:55:00,2025-02-05 22:57:00,F,50+,office,seoul,0,0,0,0,4,0,0,13,0,1,completed
21183,U1185,2025-02-23 09:32:00,2025-02-23 09:38:00,M,20~29,office,seoul,1,0,0,0,16,0,0,62,0,0,completed
21184,U1186,2025-08-14 07:30:00,2025-08-14 07:37:00,F,30~39,office,seoul,0,0,0,0,1,0,0,24,0,0,error
21185,U1187,2025-08-31 14:53:00,2025-08-31 14:58:00,F,40~49,office,seoul,1,0,0,0,4,0,0,35,0,0,completed
21186,U1188,2025-11-14 17:21:00,2025-11-14 17:28:00,F,50+,office,seoul,0,0,0,0,13,0,0,51,0,0,completed
21187,U1189,2025-07-19 08:52:00,2025-07-19 08:54:00,M,20~29,office,seoul,1,0,0,0,21,0,0,11,0,0,completed
21188,U1190,2025-01-10 09:38:00,2025-01-10 09:40:00,M,30~39,office,seoul,0,0,0,0,5,0,0,12,0,0,completed
21189,U1191,2025-05-26 13:09:00,2025-05-26 13:12:00,F,20~29,office,seoul,0,0,0,0,16,0,0,35,0,0,completed
21190,U1192,2025-02-10 22:25:00,2025-02-10 22:29:00,M,30~39,office,seoul,0,0,0,0,17,0,0,28,0,0,completed
21191,U1193,2025-04-10 13:12:00,2025-04-10 13:15:00,M,30~39,office,seoul,0,0,0,0,23,0,0,31,0,0,completed
21192,U1194,2025-04-15 09:33:00,2025-04-15 09:37:00,F,40~49,office,seoul,0,0,0,0,9,0,0,32,0,0,completed
21193,U1195,2025-01-22 17:26:00,2025-01-22 17:28:00,M,40~49,office,seoul,0,0,0,0,19,0,0,71,0,1,abandoned
21194,U1196,2025-11-22 19:14:00,2025-11-22 19:19:00,M,30~39,office,seoul,1,0,0,0,9,0,0,31,0,0,completed
21195,U1197,2025-05-20 07:39:00,2025-05-20 07:45:00,M,30~39,office,seoul,0,0,0,0,28,0,0,61,0,0,completed
21196,U1198,2025-01-07 15:01:00,2025-01-07 15:07:00,F,20~29,office,seoul,0,0,0,0,23,0,0,10,0,0,completed
21197,U1199,2025-09-28 12:28:00,2025-09-28 12:35:00,M,20~29,office,seoul,1,0,0,0,27,0,0,19,0,0,completed
21198,U1200,2025-09-20 18:57:00,2025-09-20 19:01:00,F,50+,office,seoul,1,0,0,0,7,0,0,54,0,0,abandoned
21199,U1201,2025-11-06 13:15:00,2025-11-06 13:21:00,M,50+,office,seoul,0,0,0,0,23,0,0,59,0,0,completed
21200,U1202,2025-10-14 21:08:00,2025-10-14 21:10:00,F,40~49,office,seoul,0,0,0,0,20,0,0,78,0,0,completed
21201,U1203,2025-11-21 12:49:00,2025-11-21 12:54:00,M,40~49,office,seoul,0,0,0,0,8,0,0,17,0,1,completed
21202,U1204,2025-09-18 15:06:00,2025-09-18 15:09:00,F,30~39,office,seoul,0,0,0,0,2,0,0,13,0,0,completed
21203,U1205,2025-08-20 12:25:00,2025-08-20 12:29:00,F,40~49,office,seoul,0,0,0,0,9,0,0,28,0,0,completed
21204,U1206,2025-01-25 13:09:00,2025-01-25 13:11:00,F,20~29,office,seoul,1,0,0,0,19,0,0,76,0,0,completed
21205,U1207,2025-02-12 08:50:00,2025-02-12 08:54:00,F,50+,office,seoul,0,0,0,0,14,0,0,15,0,0,completed
21206,U1208,2025-06-26 13:48:00,2025-06-26 13:53:00,M,20~29,office,seoul,0,0,0,0,13,0,0,31,0,0,completed
21207,U1209,2025-03-22 13:54:00,2025-03-22 13:58:00,F,30~39,office,seoul,1,0,0,0,11,0,0,54,0,0,completed
21208,U1210,2025-01-07 11:09:00,2025-01-07 11:16:00,F,40~49,office,seoul,0,0,0,0,27,0,0,18,0,0,completed
21209,U1211,2025-09-05 15:09:00,2025-09-05 15:13:00,M,50+,office,seoul,0,0,0,0,23,0,0,43,0,0,completed
21210,U1212,2025-08-27 12:11:00,2025-08-27 12:14:00,F,20~29,office,seoul,0,0,0,0,7,0,0,56,0,0,completed
21211,U1213,2025-10-22 16:06:00,2025-10-22 16:12:00,F,20~29,office,seoul,0,0,0,0,4,0,0,18,0,0,completed
21212,U1214,2025-03-03 13:28:00,2025-03-03 13:33:00,F,30~39,office,seoul,0,0,0,0,9,0,0,64,0,0,completed
21213,U1215,2025-02-02 12:21:00,2025-02-02 12:27:00,F,30~39,office,seoul,1,0,0,0,7,0,0,14,0,0,completed
21214,U1216,2025-01-08 13:13:00,2025-01-08 13:17:00,F,40~49,office,seoul,0,0,0,0,2,0,0,47,0,0,completed
21215,U1217,2025-06-17 14:07:00,2025-06-17 14:12:00,F,40~49,office,seoul,0,0,0,0,16,0,0,15,0,0,completed
21216,U1218,2025-07-31 17:21:00,2025-07-31 17:28:00,F,30~39,office,seoul,0,0,0,0,26,0,0,67,0,0,completed
21217,U1219,2025-09-02 18:58:00,2025-09-02 19:00:00,F,20~29,office,seoul,0,0,0,0,21,0,0,23,0,0,completed
21218,U1220,2025-08-23 12:13:00,2025-08-23 12:17:00,F,30~39,office,seoul,1,0,0,0,0,0,0,79,0,0,completed
21219,U1221,2025-07-03 18:32:00,2025-07-03 18:35:00,F,50+,office,seoul,0,0,0,0,28,0,0,64,0,1,completed
21220,U1222,2025-01-23 15:23:00,2025-01-23 15:26:00,F,20~29,office,seoul,0,0,0,0,8,0,0,41,0,0,completed
21221,U1223,2025-10-02 08:13:00,2025-10-02 08:18:00,M,40~49,office,seoul,0,0,0,0,19,0,0,77,0,0,completed
21222,U1224,2025-02-13 08:44:00,2025-02-13 08:50:00,F,30~39,office,seoul,0,0,0,0,2,0,0,14,0,0,completed
21223,U1225,2025-06-26 15:55:00,2025-06-26 15:59:00,F,20~29,office,seoul,0,0,0,0,18,0,0,17,0,0,completed
21224,U1226,2025-12-16 14:22:00,2025-12-16 14:29:00,M,30~39,office,seoul,0,0,0,0,16,0,0,30,0,0,completed
21225,U1227,2025-02-25 17:21:00,2025-02-25 17:23:00,M,20~29,office,seoul,0,0,0,0,24,0,0,33,0,0,completed
21226,U1228,2025-08-13 08:02:00,2025-08-13 08:09:00,F,40~49,office,seoul,0,0,0,0,18,0,0,45,1,0,completed
21227,U1229,2025-04-02 19:23:00,2025-04-02 19:28:00,F,30~39,office,seoul,0,0,0,0,13,0,0,15,1,0,completed
21228,U1230,2025-06-26 12:09:00,2025-06-26 12:14:00,M,50+,office,seoul,0,0,0,0,1,0,0,59,0,0,completed
21229,U1231,2025-11-04 14:18:00,2025-11-04 14:20:00,F,50+,office,seoul,0,0,0,0,15,0,0,78,0,0,completed
21230,U1232,2025-03-13 20:42:00,2025-03-13 20:47:00,F,30~39,office,seoul,0,0,0,0,11,0,0,31,0,0,completed
21231,U1233,2025-08-12 19:54:00,2025-08-12 19:57:00,M,40~49,office,seoul,0,0,0,0,9,0,0,38,0,0,completed
21232,U1234,2025-07-16 11:35:00,2025-07-16 11:39:00,F,30~39,office,seoul,0,0,0,0,27,0,0,65,0,0,completed
21233,U1235,2025-04-29 16:54:00,2025-04-29 16:57:00,F,30~39,office,seoul,0,0,0,0,7,0,0,77,0,0,abandoned
21234,U1236,2025-02-23 11:09:00,2025-02-23 11:15:00,F,20~29,office,seoul,1,0,0,0,11,0,0,29,0,0,completed
21235,U1237,2025-04-09 15:36:00,2025-04-09 15:39:00,M,30~39,office,seoul,0,0,0,0,15,0,0,25,0,0,completed
21236,U1238,2025-10-23 15:02:00,2025-10-23 15:09:00,F,30~39,office,seoul,0,0,0,0,0,0,0,64,0,0,completed
21237,U1239,2025-12-03 13:16:00,2025-12-03 13:23:00,M,30~39,office,seoul,0,0,0,0,1,0,0,31,0,0,completed
21238,U1240,2025-03-26 11:01:00,2025-03-26 11:05:00,M,50+,office,seoul,0,0,0,0,20,0,0,30,1,0,completed
21239,U1241,2025-01-18 18:33:00,2025-01-18 18:38:00,F,30~39,office,seoul,1,0,0,0,20,0,0,61,0,0,completed
21240,U1242,2025-08-25 15:05:00,2025-08-25 15:10:00,M,30~39,office,seoul,0,0,0,0,29,0,0,74,0,0,completed
21241,U1243,2025-11-11 13:32:00,2025-11-11 13:34:00,F,30~39,office,seoul,0,0,0,0,13,0,0,61,0,0,completed
21242,U1244,2025-06-06 19:33:00,2025-06-06 19:37:00,M,20~29,office,seoul,0,0,0,0,22,0,0,42,0,0,completed
21243,U1245,2025-04-18 13:31:00,2025-04-18 13:38:00,M,20~29,office,seoul,0,0,0,0,26,0,0,35,0,0,completed
21244,U1246,2025-11-16 18:21:00,2025-11-16 18:26:00,M,30~39,office,seoul,1,0,0,0,13,0,0,11,0,0,completed
21245,U1247,2025-04-13 13:37:00,2025-04-13 13:42:00,F,20~29,office,seoul,1,0,0,0,29,0,0,56,0,0,completed
21246,U1248,2025-10-12 09:53:00,2025-10-12 09:58:00,F,40~49,office,seoul,1,0,0,0,19,0,0,39,0,0,completed
21247,U1249,2025-03-16 13:30:00,2025-03-16 13:36:00,F,50+,office,seoul,1,0,0,0,15,0,0,25,0,0,abandoned
21248,U1250,2025-09-27 16:35:00,2025-09-27 16:38:00,F,20~29,office,seoul,1,0,0,0,25,0,0,55,0,0,completed
21249,U1251,2025-12-09 08:34:00,2025-12-09 08:37:00,F,20~29,office,seoul,0,0,0,0,21,0,0,16,0,0,completed
21250,U1252,2025-02-13 14:05:00,2025-02-13 14:09:00,F,20~29,office,seoul,0,0,0,0,15,0,0,58,0,0,completed
21251,U1253,2025-11-13 12:10:00,2025-11-13 12:15:00,M,40~49,office,seoul,0,0,0,0,19,0,0,27,0,0,completed
21252,U1254,2025-09-03 08:13:00,2025-09-03 08:18:00,M,40~49,office,seoul,0,0,0,0,5,0,0,45,0,0,completed
21253,U1255,2025-01-03 12:48:00,2025-01-03 12:51:00,M,30~39,office,seoul,0,0,0,0,7,0,0,55,0,0,completed
21254,U1256,2025-12-10 21:42:00,2025-12-10 21:48:00,F,50+,office,seoul,0,0,0,0,3,0,0,45,0,0,completed
21255,U1257,2025-05-14 17:51:00,2025-05-14 17:58:00,F,30~39,office,seoul,0,0,0,0,29,0,0,36,0,0,completed
21256,U1258,2025-09-08 18:37:00,2025-09-08 18:42:00,M,50+,office,seoul,0,0,0,0,16,0,0,32,1,0,completed
21257,U1259,2025-07-10 08:30:00,2025-07-10 08:35:00,M,30~39,office,seoul,0,0,0,0,9,0,0,14,0,0,completed
21258,U1260,2025-10-05 13:08:00,2025-10-05 13:10:00,M,20~29,office,seoul,1,0,0,0,22,0,0,26,0,0,completed
21259,U1261,2025-04-12 17:16:00,2025-04-12 17:21:00,F,30~39,office,seoul,1,0,0,0,15,0,0,55,0,0,completed
21260,U1262,2025-03-23 14:15:00,2025-03-23 14:17:00,M,40~49,office,seoul,1,0,0,0,15,0,0,20,0,0,completed
21261,U1263,2025-08-20 12:10:00,2025-08-20 12:14:00,F,40~49,office,seoul,0,0,0,0,28,0,0,46,0,0,completed
21262,U1264,2025-08-13 21:55:00,2025-08-13 22:00:00,F,30~39,office,seoul,0,0,0,0,22,0,0,51,0,0,completed
21263,U1265,2025-07-26 07:52:00,2025-07-26 07:58:00,F,20~29,office,seoul,1,0,0,0,10,0,0,57,0,0,timeout
21264,U1266,2025-12-26 11:32:00,2025-12-26 11:39:00,M,50+,office,seoul,0,0,0,0,27,0,0,11,0,0,completed
21265,U1267,2025-06-08 09:31:00,2025-06-08 09:35:00,M,20~29,office,seoul,1,0,0,0,5,0,0,78,0,0,completed
21266,U1268,2025-04-28 16:48:00,2025-04-28 16:53:00,F,50+,office,seoul,0,0,0,0,25,0,0,22,0,0,completed
21267,U1269,2025-02-14 09:59:00,2025-02-14 10:06:00,M,30~39,office,seoul,0,0,0,0,29,0,0,55,0,0,completed
21268,U1270,2025-04-15 11:34:00,2025-04-15 11:38:00,M,20~29,office,seoul,0,0,0,0,2,0,0,21,0,0,completed
21269,U1271,2025-12-23 14:21:00,2025-12-23 14:27:00,M,40~49,office,seoul,0,0,0,0,16,0,0,29,0,1,completed
21270,U1272,2025-12-07 18:17:00,2025-12-07 18:24:00,F,30~39,office,seoul,1,0,0,0,9,0,0,13,0,0,completed
21271,U1273,2025-08-10 09:26:00,2025-08-10 09:30:00,F,20~29,office,seoul,1,0,0,0,2,0,0,64,0,0,completed
21272,U1274,2025-07-29 12:36:00,2025-07-29 12:40:00,M,20~29,office,seoul,0,0,0,0,9,0,0,25,0,0,completed
21273,U1275,2025-04-05 13:08:00,2025-04-05 13:14:00,M,30~39,office,seoul,1,0,0,0,11,0,0,36,0,0,completed
21274,U1276,2025-09-06 20:44:00,2025-09-06 20:46:00,M,20~29,office,seoul,1,0,0,0,7,0,0,19,0,0,timeout
21275,U1277,2025-06-30 11:41:00,2025-06-30 11:46:00,M,30~39,office,seoul,0,0,0,0,25,0,0,79,0,0,completed
21276,U1278,2025-07-23 13:47:00,2025-07-23 13:50:00,M,30~39,office,seoul,0,0,0,0,9,0,0,50,0,0,completed
21277,U1279,2025-09-04 07:10:00,2025-09-04 07:13:00,M,30~39,office,seoul,0,0,0,0,13,0,0,35,0,0,completed
21278,U1280,2025-02-20 09:39:00,2025-02-20 09:43:00,M,40~49,office,seoul,0,0,0,0,10,0,0,79,0,0,completed
21279,U1281,2025-10-09 08:13:00,2025-10-09 08:17:00,F,20~29,office,seoul,0,0,0,0,17,0,0,35,0,0,completed
21280,U1282,2025-09-09 16:11:00,2025-09-09 16:14:00,M,40~49,office,seoul,0,0,0,0,12,0,0,28,0,1,completed
21281,U1283,2025-07-30 08:39:00,2025-07-30 08:42:00,F,30~39,office,seoul,0,0,0,0,7,0,0,52,0,0,completed
21282,U1284,2025-01-14 07:32:00,2025-01-14 07:35:00,F,20~29,office,seoul,0,0,0,0,20,0,0,34,0,0,completed
21283,U1285,2025-10-12 18:16:00,2025-10-12 18:18:00,F,20~29,office,seoul,1,0,0,0,24,0,0,17,0,0,completed
21284,U1286,2025-02-04 12:32:00,2025-02-04 12:38:00,M,20~29,office,seoul,0,0,0,0,9,0,0,49,0,0,completed
21285,U1287,2025-05-29 22:30:00,2025-05-29 22:34:00,M,30~39,office,seoul,0,0,0,0,24,0,0,61,0,0,completed
21286,U1288,2025-07-05 14:10:00,2025-07-05 14:12:00,F,40~49,office,seoul,1,0,0,0,7,0,0,16,0,0,completed
21287,U1289,2025-05-21 07:07:00,2025-05-21 07:14:00,F,40~49,office,seoul,0,0,0,0,8,0,0,17,0,0,completed
21288,U1290,2025-05-11 15:29:00,2025-05-11 15:36:00,M,30~39,office,seoul,1,0,0,0,29,0,0,60,0,0,completed
21289,U1291,2025-12-10 14:10:00,2025-12-10 14:12:00,M,20~29,office,seoul,0,0,0,0,9,0,0,57,0,0,completed
21290,U1292,2025-05-11 14:18:00,2025-05-11 14:25:00,F,30~39,office,seoul,1,0,0,0,29,0,0,43,0,0,completed
21291,U1293,2025-12-31 16:01:00,2025-12-31 16:03:00,M,40~49,office,seoul,0,0,0,0,5,0,0,69,0,0,completed
21292,U1294,2025-07-25 12:18:00,2025-07-25 12:21:00,M,30~39,office,seoul,0,0,0,0,0,0,0,32,0,0,completed
21293,U1295,2025-04-12 17:01:00,2025-04-12 17:07:00,M,30~39,office,seoul,1,0,0,0,15,0,0,58,0,0,completed
21294,U1296,2025-09-10 18:11:00,2025-09-10 18:13:00,F,20~29,office,seoul,0,0,0,0,16,0,0,66,0,0,error
21295,U1297,2025-09-12 18:33:00,2025-09-12 18:38:00,F,50+,office,seoul,0,0,0,0,20,0,0,77,0,0,completed
21296,U1298,2025-09-01 07:23:00,2025-09-01 07:29:00,M,20~29,office,seoul,0,0,0,0,18,0,0,51,0,0,completed
21297,U1299,2025-05-31 15:36:00,2025-05-31 15:38:00,F,30~39,office,seoul,1,0,0,0,1,0,0,13,0,0,completed
21298,U1300,2025-08-30 16:02:00,2025-08-30 16:09:00,F,30~39,office,seoul,1,0,0,0,15,0,0,15,0,0,completed
21299,U1301,2025-04-18 12:08:00,2025-04-18 12:14:00,F,30~39,office,seoul,0,0,0,0,9,0,0,19,0,0,completed
21300,U1302,2025-02-11 16:12:00,2025-02-11 16:14:00,M,30~39,office,seoul,0,0,0,0,22,0,0,22,0,0,completed
21301,U1303,2025-02-01 15:42:00,2025-02-01 15:45:00,M,20~29,office,seoul,1,0,0,0,22,0,0,18,0,0,completed
21302,U1304,2025-06-25 13:08:00,2025-06-25 13:15:00,F,20~29,office,seoul,0,0,0,0,7,0,0,28,0,0,completed
21303,U1305,2025-10-13 09:19:00,2025-10-13 09:22:00,F,20~29,office,seoul,0,0,0,0,6,0,0,47,0,0,completed
21304,U1306,2025-04-16 18:57:00,2025-04-16 19:02:00,F,20~29,office,seoul,0,0,0,0,13,0,0,41,0,0,completed
21305,U1307,2025-12-12 15:25:00,2025-12-12 15:28:00,F,40~49,office,seoul,0,0,0,0,28,0,0,48,0,0,completed
21306,U1308,2025-10-11 09:36:00,2025-10-11 09:41:00,F,50+,office,seoul,1,0,0,0,26,0,0,22,1,0,completed
21307,U1309,2025-03-03 22:41:00,2025-03-03 22:46:00,F,20~29,office,seoul,0,0,0,0,18,0,0,65,0,0,completed
21308,U1310,2025-06-06 18:17:00,2025-06-06 18:22:00,M,50+,office,seoul,0,0,0,0,14,0,0,36,0,0,abandoned
21309,U1311,2025-06-27 07:58:00,2025-06-27 08:01:00,M,20~29,office,seoul,0,0,0,0,11,0,0,68,0,0,completed
21310,U1312,2025-11-08 08:51:00,2025-11-08 08:57:00,M,50+,office,seoul,1,0,0,0,2,0,0,47,0,0,completed
21311,U1313,2025-03-31 21:51:00,2025-03-31 21:56:00,F,20~29,office,seoul,0,0,0,0,3,0,0,59,0,0,completed
21312,U1314,2025-06-16 12:34:00,2025-06-16 12:40:00,F,40~49,office,seoul,0,0,0,0,12,0,0,41,0,0,completed
21313,U1315,2025-11-25 17:12:00,2025-11-25 17:14:00,M,30~39,office,seoul,0,0,0,0,17,0,0,20,0,0,completed
21314,U1316,2025-08-16 13:19:00,2025-08-16 13:22:00,M,20~29,office,seoul,1,0,0,0,26,0,0,51,0,0,completed
21315,U1317,2025-12-06 15:13:00,2025-12-06 15:19:00,F,20~29,office,seoul,1,0,0,0,2,0,0,71,0,0,error
21316,U1318,2025-01-27 17:59:00,2025-01-27 18:06:00,M,30~39,office,seoul,0,0,0,0,11,0,0,42,0,0,completed
21317,U1319,2025-11-26 19:12:00,2025-11-26 19:18:00,F,20~29,office,seoul,0,0,0,0,20,0,0,24,0,0,completed
21318,U1320,2025-05-16 07:53:00,2025-05-16 07:56:00,M,40~49,office,seoul,0,0,0,0,1,0,0,24,0,0,completed
21319,U1321,2025-12-09 20:06:00,2025-12-09 20:12:00,F,30~39,office,seoul,0,0,0,0,1,0,0,44,0,0,completed
21320,U1322,2025-07-28 07:45:00,2025-07-28 07:49:00,F,50+,office,seoul,0,0,0,0,15,0,0,34,0,1,completed
21321,U1323,2025-03-25 16:40:00,2025-03-25 16:47:00,F,40~49,office,seoul,0,0,0,0,4,0,0,68,0,0,completed
21322,U1324,2025-10-03 07:32:00,2025-10-03 07:35:00,M,50+,office,seoul,0,0,0,0,2,0,0,67,0,0,completed
21323,U1325,2025-05-13 09:14:00,2025-05-13 09:17:00,F,20~29,office,seoul,0,0,0,0,29,0,0,37,0,0,completed
21324,U1326,2025-02-20 12:33:00,2025-02-20 12:36:00,F,40~49,office,seoul,0,0,0,0,15,0,0,19,0,0,completed
21325,U1327,2025-12-28 14:35:00,2025-12-28 14:38:00,F,40~49,office,seoul,1,0,0,0,19,0,0,16,0,0,completed
21326,U1328,2025-01-13 22:32:00,2025-01-13 22:39:00,F,20~29,office,seoul,0,0,0,0,12,0,0,20,0,0,error
21327,U1329,2025-06-21 08:05:00,2025-06-21 08:10:00,M,20~29,office,seoul,1,0,0,0,6,0,0,29,0,0,completed
21328,U1330,2025-09-25 14:05:00,2025-09-25 14:12:00,F,30~39,office,seoul,0,0,0,0,4,0,0,45,0,0,completed
21329,U1331,2025-07-13 18:50:00,2025-07-13 18:54:00,M,30~39,office,seoul,1,0,0,0,9,0,0,71,0,0,completed
21330,U1332,2025-04-12 15:59:00,2025-04-12 16:01:00,M,50+,office,seoul,1,0,0,0,9,0,0,60,0,0,completed
21331,U1333,2025-03-19 16:00:00,2025-03-19 16:04:00,M,30~39,office,seoul,0,0,0,0,25,0,0,58,0,0,completed
21332,U1334,2025-08-23 09:00:00,2025-08-23 09:06:00,M,20~29,office,seoul,1,0,0,0,29,0,0,33,0,0,completed
21333,U1335,2025-11-23 15:20:00,2025-11-23 15:26:00,F,30~39,office,seoul,1,0,0,0,24,0,0,48,0,0,completed
21334,U1336,2025-02-14 21:40:00,2025-02-14 21:43:00,M,20~29,office,seoul,0,0,0,0,4,0,0,18,0,0,completed
21335,U1337,2025-12-28 09:07:00,2025-12-28 09:13:00,M,20~29,office,seoul,1,0,0,0,0,0,0,14,0,0,abandoned
21336,U1338,2025-10-22 08:41:00,2025-10-22 08:44:00,F,40~49,office,seoul,0,0,0,0,10,0,0,26,0,0,timeout
21337,U1339,2025-05-25 12:52:00,2025-05-25 12:56:00,F,30~39,office,seoul,1,0,0,0,19,0,0,67,1,0,completed
21338,U1340,2025-10-12 11:04:00,2025-10-12 11:10:00,M,30~39,office,seoul,1,0,0,0,28,0,0,27,0,0,completed
21339,U1341,2025-05-27 15:30:00,2025-05-27 15:35:00,M,20~29,office,seoul,0,0,0,0,25,0,0,58,0,0,completed
21340,U1342,2025-07-11 07:23:00,2025-07-11 07:25:00,M,50+,office,seoul,0,0,0,0,19,0,0,49,0,0,timeout
21341,U1343,2025-04-15 20:45:00,2025-04-15 20:50:00,F,20~29,office,seoul,0,0,0,0,29,0,0,23,0,0,completed
21342,U1344,2025-08-16 15:12:00,2025-08-16 15:18:00,M,20~29,office,seoul,1,0,0,0,11,0,0,58,0,0,completed
21343,U1345,2025-08-08 12:16:00,2025-08-08 12:22:00,M,50+,office,seoul,0,0,0,0,21,0,0,42,0,0,error
21344,U1346,2025-12-22 22:51:00,2025-12-22 22:53:00,F,20~29,office,seoul,0,0,0,0,9,0,0,28,0,0,completed
21345,U1347,2025-12-09 17:26:00,2025-12-09 17:28:00,F,30~39,office,seoul,0,0,0,0,16,0,0,73,0,0,completed
21346,U1348,2025-01-24 07:34:00,2025-01-24 07:39:00,F,30~39,office,seoul,0,0,0,0,20,0,0,74,0,0,completed
21347,U1349,2025-03-31 17:10:00,2025-03-31 17:15:00,M,30~39,office,seoul,0,0,0,0,21,0,0,62,0,0,completed
21348,U1350,2025-05-20 12:15:00,2025-05-20 12:18:00,M,20~29,office,seoul,0,0,0,0,29,0,0,70,0,0,completed
21349,U1351,2025-07-11 09:32:00,2025-07-11 09:35:00,M,40~49,office,seoul,0,0,0,0,24,0,0,58,0,0,completed
21350,U1352,2025-04-18 16:34:00,2025-04-18 16:40:00,F,20~29,office,seoul,0,0,0,0,25,0,0,13,0,0,completed
21351,U1353,2025-01-20 13:29:00,2025-01-20 13:31:00,F,20~29,office,seoul,0,0,0,0,12,0,0,31,0,1,completed
21352,U1354,2025-12-26 17:50:00,2025-12-26 17:56:00,M,20~29,office,seoul,0,0,0,0,3,0,0,59,0,0,completed
21353,U1355,2025-09-22 15:23:00,2025-09-22 15:30:00,M,50+,office,seoul,0,0,0,0,0,0,0,18,0,1,completed
21354,U1356,2025-10-01 11:08:00,2025-10-01 11:15:00,F,20~29,office,seoul,0,0,0,0,14,0,0,29,0,0,completed
21355,U1357,2025-11-05 13:35:00,2025-11-05 13:37:00,F,30~39,office,seoul,0,0,0,0,15,0,0,24,0,0,completed
21356,U1358,2025-05-24 21:06:00,2025-05-24 21:11:00,F,50+,office,seoul,1,0,0,0,19,0,0,45,0,0,completed
21357,U1359,2025-05-14 12:23:00,2025-05-14 12:29:00,F,20~29,office,seoul,0,0,0,0,13,0,0,78,0,0,completed
21358,U1360,2025-09-19 15:11:00,2025-09-19 15:14:00,M,30~39,office,seoul,0,0,0,0,10,0,0,13,0,0,completed
21359,U1361,2025-02-09 15:25:00,2025-02-09 15:32:00,F,30~39,office,seoul,1,0,0,0,0,0,0,57,0,0,completed
21360,U1362,2025-08-02 15:36:00,2025-08-02 15:38:00,M,20~29,office,seoul,1,0,0,0,12,0,0,33,0,0,completed
21361,U1363,2025-03-06 16:25:00,2025-03-06 16:28:00,F,20~29,office,seoul,0,0,0,0,21,0,0,64,0,0,completed
21362,U1364,2025-11-22 16:19:00,2025-11-22 16:23:00,M,30~39,office,seoul,1,0,0,0,2,0,0,38,0,0,completed
21363,U1365,2025-06-25 16:38:00,2025-06-25 16:40:00,F,20~29,office,seoul,0,0,0,0,26,0,0,39,1,0,completed
21364,U1366,2025-07-23 07:44:00,2025-07-23 07:51:00,F,30~39,office,seoul,0,0,0,0,27,0,0,44,0,0,completed
21365,U1367,2025-09-22 12:30:00,2025-09-22 12:33:00,F,20~29,office,seoul,0,0,0,0,13,0,0,66,0,0,abandoned
21366,U1368,2025-04-15 16:04:00,2025-04-15 16:08:00,F,20~29,office,seoul,0,0,0,0,25,0,0,10,0,0,completed
21367,U1369,2025-08-06 15:03:00,2025-08-06 15:05:00,F,50+,office,seoul,0,0,0,0,24,0,0,19,0,0,completed
21368,U1370,2025-06-11 07:36:00,2025-06-11 07:42:00,F,50+,office,seoul,0,0,0,0,11,0,0,73,0,0,completed
21369,U1371,2025-03-21 07:36:00,2025-03-21 07:39:00,F,50+,office,seoul,0,0,0,0,27,0,0,32,0,0,completed
21370,U1372,2025-12-22 21:05:00,2025-12-22 21:12:00,F,40~49,office,seoul,0,0,0,0,22,0,0,12,0,0,completed
21371,U1373,2025-11-27 16:10:00,2025-11-27 16:15:00,M,20~29,office,seoul,0,0,0,0,7,0,0,36,0,0,completed
21372,U1374,2025-01-13 19:24:00,2025-01-13 19:26:00,F,20~29,office,seoul,0,0,0,0,18,0,0,50,0,0,abandoned
21373,U1375,2025-02-01 17:58:00,2025-02-01 18:02:00,F,30~39,office,seoul,1,0,0,0,9,0,0,57,0,0,completed
21374,U1376,2025-06-27 11:07:00,2025-06-27 11:09:00,F,50+,office,seoul,0,0,0,0,14,0,0,23,0,0,completed
21375,U1377,2025-02-25 13:45:00,2025-02-25 13:47:00,F,20~29,office,seoul,0,0,0,0,0,0,0,40,0,0,timeout
21376,U1378,2025-06-09 14:31:00,2025-06-09 14:35:00,F,40~49,office,seoul,0,0,0,0,27,0,0,71,0,0,completed
21377,U1379,2025-01-27 14:44:00,2025-01-27 14:48:00,F,30~39,office,seoul,0,0,0,0,10,0,0,44,0,0,completed
21378,U1380,2025-01-25 07:41:00,2025-01-25 07:45:00,M,30~39,office,seoul,1,0,0,0,25,0,0,23,0,0,completed
21379,U1381,2025-05-10 19:09:00,2025-05-10 19:16:00,F,50+,office,seoul,1,0,0,0,27,0,0,37,1,1,completed
21380,U1382,2025-09-29 20:03:00,2025-09-29 20:07:00,M,40~49,office,seoul,0,0,0,0,21,0,0,50,0,0,completed
21381,U1383,2025-09-07 09:43:00,2025-09-07 09:50:00,M,30~39,office,seoul,1,0,0,0,5,0,0,10,0,0,completed
21382,U1384,2025-06-27 12:12:00,2025-06-27 12:18:00,F,20~29,office,seoul,0,0,0,0,3,0,0,60,0,0,completed
21383,U1385,2025-04-08 11:42:00,2025-04-08 11:44:00,F,50+,office,seoul,0,0,0,0,22,0,0,79,1,0,completed
21384,U1386,2025-08-11 18:42:00,2025-08-11 18:45:00,F,50+,office,seoul,0,0,0,0,4,0,0,41,0,1,completed
21385,U1387,2025-08-14 19:29:00,2025-08-14 19:32:00,F,20~29,office,seoul,0,0,0,0,4,0,0,45,0,0,completed
21386,U1388,2025-01-31 20:06:00,2025-01-31 20:12:00,F,30~39,office,seoul,0,0,0,0,7,0,0,78,0,0,completed
21387,U1389,2025-05-23 15:18:00,2025-05-23 15:25:00,M,40~49,office,seoul,0,0,0,0,24,0,0,56,0,0,abandoned
21388,U1390,2025-08-16 17:12:00,2025-08-16 17:16:00,M,30~39,office,seoul,1,0,0,0,20,0,0,41,0,0,completed
21389,U1391,2025-06-28 08:32:00,2025-06-28 08:36:00,M,20~29,office,seoul,1,0,0,0,3,0,0,71,0,0,completed
21390,U1392,2025-01-08 15:25:00,2025-01-08 15:27:00,F,30~39,office,seoul,0,0,0,0,26,0,0,42,0,0,abandoned
21391,U1393,2025-03-31 13:31:00,2025-03-31 13:38:00,F,40~49,office,seoul,0,0,0,0,4,0,0,45,0,0,completed
21392,U1394,2025-04-08 12:50:00,2025-04-08 12:54:00,F,50+,office,seoul,0,0,0,0,24,0,0,57,0,0,completed
21393,U1395,2025-11-20 16:55:00,2025-11-20 17:00:00,F,20~29,office,seoul,0,0,0,0,17,0,0,64,0,0,completed
21394,U1396,2025-12-11 17:04:00,2025-12-11 17:08:00,M,50+,office,seoul,0,0,0,0,6,0,0,45,0,0,completed
21395,U1397,2025-05-07 15:34:00,2025-05-07 15:36:00,F,20~29,office,seoul,0,0,0,0,3,0,0,44,0,0,completed
21396,U1398,2025-04-16 08:01:00,2025-04-16 08:08:00,M,30~39,office,seoul,0,0,0,0,3,0,0,23,0,0,completed
21397,U1399,2025-03-20 12:50:00,2025-03-20 12:52:00,F,50+,office,seoul,0,0,0,0,23,0,0,14,0,0,completed
21398,U1400,2025-01-12 18:47:00,2025-01-12 18:49:00,F,40~49,office,seoul,1,0,0,0,9,0,0,61,0,1,completed
21399,U1401,2025-02-17 18:32:00,2025-02-17 18:36:00,M,50+,office,seoul,0,0,0,0,4,0,0,34,0,0,completed
21400,U1402,2025-09-06 15:15:00,2025-09-06 15:18:00,M,40~49,office,seoul,1,0,0,0,15,0,0,77,0,0,completed
21401,U1403,2025-06-17 12:43:00,2025-06-17 12:49:00,M,20~29,office,seoul,0,0,0,0,6,0,0,48,0,0,timeout
21402,U1404,2025-07-31 17:38:00,2025-07-31 17:43:00,F,50+,office,seoul,0,0,0,0,6,0,0,55,0,0,completed
21403,U1405,2025-08-02 18:29:00,2025-08-02 18:33:00,F,50+,office,seoul,1,0,0,0,1,0,0,51,0,0,completed
21404,U1406,2025-04-27 15:55:00,2025-04-27 15:57:00,M,20~29,office,seoul,1,0,0,0,15,0,0,18,0,0,completed
21405,U1407,2025-03-22 15:59:00,2025-03-22 16:03:00,F,40~49,office,seoul,1,0,0,0,6,0,0,20,0,0,completed
21406,U1408,2025-04-21 17:22:00,2025-04-21 17:26:00,F,50+,office,seoul,0,0,0,0,3,0,0,64,0,0,completed
21407,U1409,2025-04-22 17:57:00,2025-04-22 18:04:00,M,30~39,office,seoul,0,0,0,0,3,0,0,44,0,0,completed
21408,U1410,2025-01-07 15:46:00,2025-01-07 15:50:00,M,20~29,office,seoul,0,0,0,0,12,0,0,58,1,0,completed
21409,U1411,2025-01-20 13:49:00,2025-01-20 13:54:00,F,50+,office,seoul,0,0,0,0,3,0,0,25,0,0,abandoned
21410,U1412,2025-08-16 13:59:00,2025-08-16 14:06:00,M,20~29,office,seoul,1,0,0,0,8,0,0,38,0,0,completed
21411,U1413,2025-06-02 18:45:00,2025-06-02 18:50:00,F,20~29,office,seoul,0,0,0,0,27,0,0,21,0,0,completed
21412,U1414,2025-10-22 08:00:00,2025-10-22 08:06:00,F,30~39,office,seoul,0,0,0,0,16,0,0,17,0,0,completed
21413,U1415,2025-04-04 08:12:00,2025-04-04 08:15:00,F,40~49,office,seoul,0,0,0,0,17,0,0,46,0,0,completed
21414,U1416,2025-05-22 14:22:00,2025-05-22 14:27:00,F,40~49,office,seoul,0,0,0,0,24,0,0,23,0,0,completed
21415,U1417,2025-03-27 22:15:00,2025-03-27 22:21:00,F,50+,office,seoul,0,0,0,0,4,0,0,51,0,0,timeout
21416,U1418,2025-05-02 20:46:00,2025-05-02 20:53:00,M,20~29,office,seoul,0,0,0,0,9,0,0,46,0,0,completed
21417,U1419,2025-06-19 15:22:00,2025-06-19 15:24:00,M,20~29,office,seoul,0,0,0,0,24,0,0,34,0,0,timeout
21418,U1420,2025-08-31 07:54:00,2025-08-31 08:01:00,M,20~29,office,seoul,1,0,0,0,19,0,0,42,0,0,completed
21419,U1421,2025-06-12 18:49:00,2025-06-12 18:55:00,F,40~49,office,seoul,0,0,0,0,25,0,0,55,0,0,completed
21420,U1422,2025-07-23 12:45:00,2025-07-23 12:52:00,F,20~29,office,seoul,0,0,0,0,7,0,0,49,0,0,completed
21421,U1423,2025-06-04 12:29:00,2025-06-04 12:35:00,F,20~29,office,seoul,0,0,0,0,23,0,0,57,0,0,completed
21422,U1424,2025-07-31 09:01:00,2025-07-31 09:06:00,M,40~49,office,seoul,0,0,0,0,2,0,0,79,0,0,timeout
21423,U1425,2025-06-26 21:13:00,2025-06-26 21:18:00,M,40~49,office,seoul,0,0,0,0,18,0,0,14,0,0,completed
21424,U1426,2025-10-26 09:29:00,2025-10-26 09:34:00,M,20~29,office,seoul,1,0,0,0,9,0,0,35,0,0,completed
21425,U1427,2025-09-18 08:36:00,2025-09-18 08:38:00,M,30~39,office,seoul,0,0,0,0,4,0,0,76,0,0,completed
21426,U1428,2025-10-16 20:24:00,2025-10-16 20:29:00,F,30~39,office,seoul,0,0,0,0,3,0,0,29,0,0,completed
21427,U1429,2025-02-28 22:38:00,2025-02-28 22:40:00,M,40~49,office,seoul,0,0,0,0,10,0,0,55,0,0,completed
21428,U1430,2025-03-17 15:38:00,2025-03-17 15:42:00,M,40~49,office,seoul,0,0,0,0,19,0,0,74,0,0,completed
21429,U1431,2025-11-28 07:28:00,2025-11-28 07:32:00,M,30~39,office,seoul,0,0,0,0,1,0,0,79,0,0,completed
21430,U1432,2025-08-09 08:52:00,2025-08-09 08:59:00,M,20~29,office,seoul,1,0,0,0,12,0,0,44,0,0,completed
21431,U1433,2025-01-04 09:11:00,2025-01-04 09:14:00,F,20~29,office,seoul,1,0,0,0,8,0,0,36,0,0,completed
21432,U1434,2025-01-12 16:40:00,2025-01-12 16:44:00,M,40~49,office,seoul,1,0,0,0,7,0,0,75,0,0,completed
21433,U1435,2025-05-11 18:24:00,2025-05-11 18:27:00,F,30~39,office,seoul,1,0,0,0,15,0,0,27,0,0,completed
21434,U1436,2025-03-24 12:42:00,2025-03-24 12:44:00,M,20~29,office,seoul,0,0,0,0,8,0,0,64,0,0,completed
21435,U1437,2025-06-17 07:39:00,2025-06-17 07:43:00,F,20~29,office,seoul,0,0,0,0,26,0,0,18,0,0,completed
21436,U1438,2025-01-30 08:10:00,2025-01-30 08:17:00,M,20~29,office,seoul,0,0,0,0,29,0,0,69,0,0,completed
21437,U1439,2025-04-14 09:02:00,2025-04-14 09:09:00,F,40~49,office,seoul,0,0,0,0,23,0,0,29,0,0,completed
21438,U1440,2025-11-01 18:01:00,2025-11-01 18:04:00,F,30~39,office,seoul,1,0,0,0,29,0,0,15,0,0,completed
21439,U1441,2025-12-05 07:20:00,2025-12-05 07:24:00,F,30~39,office,seoul,0,0,0,0,7,0,0,32,0,0,abandoned
21440,U1442,2025-09-10 09:55:00,2025-09-10 10:02:00,F,20~29,office,seoul,0,0,0,0,28,0,0,58,0,0,completed
21441,U1443,2025-01-31 15:30:00,2025-01-31 15:34:00,M,20~29,office,seoul,0,0,0,0,3,0,0,36,0,0,completed
21442,U1444,2025-02-16 16:01:00,2025-02-16 16:03:00,M,50+,office,seoul,1,0,0,0,16,0,0,15,0,0,completed
21443,U1445,2025-01-13 09:17:00,2025-01-13 09:24:00,F,30~39,office,seoul,0,0,0,0,23,0,0,35,0,0,completed
21444,U1446,2025-08-07 08:47:00,2025-08-07 08:50:00,F,30~39,office,seoul,0,0,0,0,18,0,0,27,0,0,completed
21445,U1447,2025-06-10 14:11:00,2025-06-10 14:17:00,F,40~49,office,seoul,0,0,0,0,2,0,0,13,0,0,completed
21446,U1448,2025-02-18 13:35:00,2025-02-18 13:39:00,F,30~39,office,seoul,0,0,0,0,11,0,0,14,0,0,completed
21447,U1449,2025-03-06 09:21:00,2025-03-06 09:25:00,M,30~39,office,seoul,0,0,0,0,9,0,0,25,0,0,completed
21448,U1450,2025-06-17 09:57:00,2025-06-17 10:04:00,F,30~39,office,seoul,0,0,0,0,0,0,0,38,0,0,abandoned
21449,U1451,2025-03-10 12:19:00,2025-03-10 12:24:00,F,20~29,office,seoul,0,0,0,0,14,0,0,54,0,0,completed
21450,U1452,2025-05-06 13:33:00,2025-05-06 13:36:00,M,20~29,office,seoul,0,0,0,0,26,0,0,76,0,0,completed
21451,U1453,2025-02-17 16:19:00,2025-02-17 16:23:00,M,20~29,office,seoul,0,0,0,0,22,0,0,18,0,0,completed
21452,U1454,2025-09-29 18:49:00,2025-09-29 18:53:00,F,50+,office,seoul,0,0,0,0,21,0,0,16,0,0,completed
21453,U1455,2025-06-08 18:16:00,2025-06-08 18:20:00,F,30~39,office,seoul,1,0,0,0,0,0,0,39,0,0,error
21454,U1456,2025-10-25 11:21:00,2025-10-25 11:23:00,F,40~49,office,seoul,1,0,0,0,11,0,0,38,0,0,completed
21455,U1457,2025-09-13 13:00:00,2025-09-13 13:06:00,M,20~29,office,seoul,1,0,0,0,18,0,0,12,0,0,abandoned
21456,U1458,2025-06-20 08:00:00,2025-06-20 08:06:00,F,30~39,office,seoul,0,0,0,0,5,0,0,52,0,0,completed
21457,U1459,2025-01-14 12:48:00,2025-01-14 12:53:00,F,30~39,office,seoul,0,0,0,0,25,0,0,71,0,0,completed
21458,U1460,2025-10-18 15:05:00,2025-10-18 15:10:00,M,40~49,office,seoul,1,0,0,0,2,0,0,66,0,0,completed
21459,U1461,2025-01-05 17:39:00,2025-01-05 17:41:00,F,20~29,office,seoul,1,0,0,0,3,0,0,10,0,0,completed
21460,U1462,2025-08-12 08:18:00,2025-08-12 08:23:00,M,20~29,office,seoul,0,0,0,0,22,0,0,25,0,0,completed
21461,U1463,2025-09-09 09:28:00,2025-09-09 09:34:00,F,30~39,office,seoul,0,0,0,0,17,0,0,16,0,0,error
21462,U1464,2025-11-14 12:29:00,2025-11-14 12:33:00,F,40~49,office,seoul,0,0,0,0,2,0,0,27,0,0,completed
21463,U1465,2025-12-10 16:45:00,2025-12-10 16:48:00,F,40~49,office,seoul,0,0,0,0,0,0,0,58,0,0,completed
21464,U1466,2025-04-04 12:44:00,2025-04-04 12:49:00,M,30~39,office,seoul,0,0,0,0,8,0,0,17,0,0,completed
21465,U1467,2025-07-01 17:47:00,2025-07-01 17:51:00,F,50+,office,seoul,0,0,0,0,27,0,0,17,0,0,completed
21466,U1468,2025-12-21 15:19:00,2025-12-21 15:21:00,M,20~29,office,seoul,1,0,0,0,11,0,0,54,0,0,completed
21467,U1469,2025-11-08 18:03:00,2025-11-08 18:08:00,M,50+,office,seoul,1,0,0,0,23,0,0,49,0,0,completed
21468,U1470,2025-05-31 12:16:00,2025-05-31 12:18:00,M,50+,office,seoul,1,0,0,0,6,0,0,63,0,0,error
21469,U1471,2025-01-02 14:36:00,2025-01-02 14:41:00,M,20~29,office,seoul,0,0,0,0,17,0,0,44,0,0,completed
21470,U1472,2025-05-16 17:03:00,2025-05-16 17:09:00,M,20~29,office,seoul,0,0,0,0,13,0,0,76,0,0,abandoned
21471,U1473,2025-10-11 12:40:00,2025-10-11 12:46:00,M,20~29,office,seoul,1,0,0,0,14,0,0,55,0,0,completed
21472,U1474,2025-10-09 08:45:00,2025-10-09 08:50:00,M,40~49,office,seoul,0,0,0,0,20,0,0,52,0,0,completed
21473,U1475,2025-09-29 12:42:00,2025-09-29 12:45:00,F,30~39,office,seoul,0,0,0,0,2,0,0,43,0,0,completed
21474,U1476,2025-10-24 16:06:00,2025-10-24 16:12:00,F,40~49,office,seoul,0,0,0,0,28,0,0,27,0,0,completed
21475,U1477,2025-05-26 09:41:00,2025-05-26 09:47:00,F,40~49,office,seoul,0,0,0,0,16,0,0,36,0,1,completed
21476,U1478,2025-06-04 12:57:00,2025-06-04 13:02:00,M,20~29,office,seoul,0,0,0,0,27,0,0,67,0,0,completed
21477,U1479,2025-08-03 22:53:00,2025-08-03 22:59:00,M,20~29,office,seoul,1,0,0,0,6,0,0,68,0,0,completed
21478,U1480,2025-02-04 22:48:00,2025-02-04 22:55:00,F,40~49,office,seoul,0,0,0,0,13,0,0,11,0,0,completed
21479,U1481,2025-12-06 18:33:00,2025-12-06 18:36:00,F,20~29,office,seoul,1,0,0,0,16,0,0,21,0,0,completed
21480,U1482,2025-08-08 17:05:00,2025-08-08 17:07:00,M,20~29,office,seoul,0,0,0,0,21,0,0,33,0,0,completed
21481,U1483,2025-11-18 19:13:00,2025-11-18 19:17:00,M,20~29,office,seoul,0,0,0,0,6,0,0,71,0,0,completed
21482,U1484,2025-07-29 20:21:00,2025-07-29 20:23:00,F,50+,office,seoul,0,0,0,0,20,0,0,67,0,0,completed
21483,U1485,2025-07-23 19:49:00,2025-07-23 19:52:00,M,30~39,office,seoul,0,0,0,0,13,0,0,36,0,0,error
21484,U1486,2025-12-15 12:10:00,2025-12-15 12:15:00,F,50+,office,seoul,0,0,0,0,15,0,0,24,0,0,completed
21485,U1487,2025-07-14 17:19:00,2025-07-14 17:26:00,F,20~29,office,seoul,0,0,0,0,27,0,0,74,0,0,completed
21486,U1488,2025-07-17 08:36:00,2025-07-17 08:40:00,M,40~49,office,seoul,0,0,0,0,28,0,0,45,0,1,completed
21487,U1489,2025-08-07 14:08:00,2025-08-07 14:12:00,M,40~49,office,seoul,0,0,0,0,25,0,0,13,0,0,completed
21488,U1490,2025-04-08 13:06:00,2025-04-08 13:12:00,F,30~39,office,seoul,0,0,0,0,15,0,0,42,0,0,completed
21489,U1491,2025-06-22 08:10:00,2025-06-22 08:14:00,M,30~39,office,seoul,1,0,0,0,23,0,0,45,0,0,completed
21490,U1492,2025-07-18 20:03:00,2025-07-18 20:05:00,F,30~39,office,seoul,0,0,0,0,23,0,0,20,0,0,completed
21491,U1493,2025-10-30 13:02:00,2025-10-30 13:06:00,F,50+,office,seoul,0,0,0,0,7,0,0,59,0,0,completed
21492,U1494,2025-01-23 17:10:00,2025-01-23 17:17:00,M,30~39,office,seoul,0,0,0,0,23,0,0,35,0,0,completed
21493,U1495,2025-09-29 12:52:00,2025-09-29 12:58:00,F,40~49,office,seoul,0,0,0,0,16,0,0,64,0,1,completed
21494,U1496,2025-10-10 14:42:00,2025-10-10 14:48:00,F,30~39,office,seoul,0,0,0,0,8,0,0,33,0,0,completed
21495,U1497,2025-03-20 17:15:00,2025-03-20 17:19:00,M,30~39,office,seoul,0,0,0,0,1,0,0,53,0,0,completed
21496,U1498,2025-07-06 20:03:00,2025-07-06 20:09:00,F,50+,office,seoul,1,0,0,0,18,0,0,12,0,0,completed
21497,U1499,2025-08-12 13:24:00,2025-08-12 13:26:00,M,30~39,office,seoul,0,0,0,0,11,0,0,46,0,0,completed
21498,U1500,2025-08-05 17:36:00,2025-08-05 17:39:00,F,30~39,office,seoul,0,0,0,0,27,0,0,27,0,0,completed
21499,U1501,2025-04-11 16:56:00,2025-04-11 16:58:00,F,30~39,office,seoul,0,0,0,0,13,0,0,64,0,0,completed
21500,U1502,2025-02-25 08:27:00,2025-02-25 08:32:00,F,30~39,office,seoul,0,0,0,0,11,0,0,31,0,0,timeout
21501,U1503,2025-03-18 12:53:00,2025-03-18 12:58:00,M,20~29,office,seoul,0,0,0,0,14,0,0,13,0,0,completed
21502,U1504,2025-01-21 08:16:00,2025-01-21 08:19:00,F,20~29,office,seoul,0,0,0,0,0,0,0,57,0,0,timeout
21503,U1505,2025-09-21 07:43:00,2025-09-21 07:45:00,F,30~39,office,seoul,1,0,0,0,17,0,0,10,0,0,completed
21504,U1506,2025-03-30 16:46:00,2025-03-30 16:50:00,F,40~49,office,seoul,1,0,0,0,8,0,0,60,1,0,completed
21505,U1507,2025-01-25 12:08:00,2025-01-25 12:12:00,M,20~29,office,seoul,1,0,0,0,23,0,0,79,1,0,completed
21506,U1508,2025-02-11 17:43:00,2025-02-11 17:48:00,F,40~49,office,seoul,0,0,0,0,5,0,0,74,0,0,completed
21507,U1509,2025-07-04 14:39:00,2025-07-04 14:45:00,F,30~39,office,seoul,0,0,0,0,7,0,0,32,0,0,completed
21508,U1510,2025-11-24 15:47:00,2025-11-24 15:54:00,F,20~29,office,seoul,0,0,0,0,10,0,0,71,0,0,completed
21509,U1511,2025-03-04 12:15:00,2025-03-04 12:22:00,F,40~49,office,seoul,0,0,0,0,24,0,0,49,0,0,completed
21510,U1512,2025-04-19 15:07:00,2025-04-19 15:09:00,F,20~29,office,seoul,1,0,0,0,0,0,0,12,0,0,completed
21511,U1513,2025-05-20 15:43:00,2025-05-20 15:49:00,M,40~49,office,seoul,0,0,0,0,28,0,0,38,0,0,completed
21512,U1514,2025-11-13 16:31:00,2025-11-13 16:38:00,F,40~49,office,seoul,0,0,0,0,8,0,0,68,0,0,completed
21513,U1515,2025-11-03 18:45:00,2025-11-03 18:48:00,M,40~49,office,seoul,0,0,0,0,14,0,0,43,0,0,completed
21514,U1516,2025-05-14 19:27:00,2025-05-14 19:32:00,M,20~29,office,seoul,0,0,0,0,26,0,0,18,0,0,completed
21515,U1517,2025-03-11 18:13:00,2025-03-11 18:18:00,M,20~29,office,seoul,0,0,0,0,26,0,0,64,0,0,completed
21516,U1518,2025-06-21 19:03:00,2025-06-21 19:09:00,F,30~39,office,seoul,1,0,0,0,25,0,0,22,0,0,completed
21517,U1519,2025-01-21 15:32:00,2025-01-21 15:34:00,M,20~29,office,seoul,0,0,0,0,25,0,0,15,0,0,completed
21518,U1520,2025-09-30 17:51:00,2025-09-30 17:53:00,F,30~39,office,seoul,0,0,0,0,26,0,0,63,0,0,completed
21519,U1521,2025-04-14 11:17:00,2025-04-14 11:22:00,M,30~39,office,seoul,0,0,0,0,14,0,0,57,0,0,completed
21520,U1522,2025-10-05 21:48:00,2025-10-05 21:52:00,F,20~29,office,seoul,1,0,0,0,21,0,0,60,0,0,completed
21521,U1523,2025-10-10 08:47:00,2025-10-10 08:54:00,M,40~49,office,seoul,0,0,0,0,26,0,0,23,0,0,completed
21522,U1524,2025-03-19 15:03:00,2025-03-19 15:06:00,F,50+,office,seoul,0,0,0,0,10,0,0,23,0,0,completed
21523,U1525,2025-08-04 16:57:00,2025-08-04 16:59:00,F,30~39,office,seoul,0,0,0,0,15,0,0,41,0,0,timeout
21524,U1526,2025-01-03 09:22:00,2025-01-03 09:27:00,F,50+,office,seoul,0,0,0,0,16,0,0,73,0,0,completed
21525,U1527,2025-09-22 08:51:00,2025-09-22 08:54:00,F,30~39,office,seoul,0,0,0,0,19,0,0,47,0,0,completed
21526,U1528,2025-03-21 16:23:00,2025-03-21 16:30:00,M,50+,office,seoul,0,0,0,0,11,0,0,40,0,0,completed
21527,U1529,2025-12-17 16:57:00,2025-12-17 17:02:00,F,20~29,office,seoul,0,0,0,0,10,0,0,24,0,0,completed
21528,U1530,2025-08-18 11:20:00,2025-08-18 11:22:00,F,50+,office,seoul,0,0,0,0,14,0,0,40,0,1,completed
21529,U1531,2025-11-01 16:31:00,2025-11-01 16:37:00,F,40~49,office,seoul,1,0,0,0,22,0,0,22,1,0,completed
21530,U1532,2025-06-14 15:03:00,2025-06-14 15:08:00,M,40~49,office,seoul,1,0,0,0,6,0,0,43,0,0,completed
21531,U1533,2025-01-15 12:33:00,2025-01-15 12:37:00,M,20~29,office,seoul,0,0,0,0,26,0,0,78,0,0,completed
21532,U1534,2025-01-21 18:14:00,2025-01-21 18:16:00,M,40~49,office,seoul,0,0,0,0,28,0,0,52,0,0,completed
21533,U1535,2025-04-09 22:14:00,2025-04-09 22:16:00,F,20~29,office,seoul,0,0,0,0,21,0,0,38,0,0,completed
21534,U1536,2025-03-20 18:32:00,2025-03-20 18:38:00,F,50+,office,seoul,0,0,0,0,16,0,0,77,0,0,completed
21535,U1537,2025-06-19 18:05:00,2025-06-19 18:08:00,F,30~39,office,seoul,0,0,0,0,28,0,0,63,0,0,completed
21536,U1538,2025-07-18 20:00:00,2025-07-18 20:04:00,F,20~29,office,seoul,0,0,0,0,15,0,0,71,0,0,completed
21537,U1539,2025-04-23 12:42:00,2025-04-23 12:45:00,F,40~49,office,seoul,0,0,0,0,24,0,0,27,0,0,completed
21538,U1540,2025-08-03 16:02:00,2025-08-03 16:06:00,F,20~29,office,seoul,1,0,0,0,4,0,0,70,0,0,completed
21539,U1541,2025-06-26 11:48:00,2025-06-26 11:55:00,F,40~49,office,seoul,0,0,0,0,14,0,0,31,0,0,abandoned
21540,U1542,2025-01-22 16:42:00,2025-01-22 16:46:00,M,30~39,office,seoul,0,0,0,0,24,0,0,64,0,0,completed
21541,U1543,2025-11-26 15:29:00,2025-11-26 15:36:00,M,20~29,office,seoul,0,0,0,0,20,0,0,74,0,0,completed
21542,U1544,2025-02-05 19:02:00,2025-02-05 19:07:00,F,20~29,office,seoul,0,0,0,0,28,0,0,23,0,0,completed
21543,U1545,2025-02-23 12:36:00,2025-02-23 12:38:00,F,40~49,office,seoul,1,0,0,0,12,0,0,18,0,0,completed
21544,U1546,2025-02-16 08:06:00,2025-02-16 08:11:00,M,30~39,office,seoul,1,0,0,0,4,0,0,41,0,0,completed
21545,U1547,2025-05-06 07:59:00,2025-05-06 08:06:00,F,20~29,office,seoul,0,0,0,0,27,0,0,11,0,0,completed
21546,U1548,2025-10-30 15:21:00,2025-10-30 15:27:00,M,20~29,office,seoul,0,0,0,0,20,0,0,70,0,0,completed
21547,U1549,2025-02-27 12:47:00,2025-02-27 12:50:00,F,20~29,office,seoul,0,0,0,0,15,0,0,48,0,0,completed
21548,U1550,2025-03-16 19:05:00,2025-03-16 19:11:00,F,30~39,office,seoul,1,0,0,0,0,0,0,19,0,0,completed
21549,U1551,2025-04-21 17:10:00,2025-04-21 17:13:00,M,40~49,office,seoul,0,0,0,0,19,0,0,43,0,0,abandoned
21550,U1552,2025-06-22 22:33:00,2025-06-22 22:36:00,F,40~49,office,seoul,1,0,0,0,21,0,0,46,0,0,completed
21551,U1553,2025-08-10 07:17:00,2025-08-10 07:22:00,M,50+,office,seoul,1,0,0,0,20,0,0,27,0,0,completed
21552,U1554,2025-02-15 12:34:00,2025-02-15 12:41:00,F,30~39,office,seoul,1,0,0,0,11,0,0,65,0,0,completed
21553,U1555,2025-04-11 09:01:00,2025-04-11 09:07:00,M,30~39,office,seoul,0,0,0,0,12,0,0,48,0,0,completed
21554,U1556,2025-11-17 14:25:00,2025-11-17 14:31:00,F,20~29,office,seoul,0,0,0,0,18,0,0,29,0,0,completed
21555,U1557,2025-09-25 13:37:00,2025-09-25 13:44:00,M,30~39,office,seoul,0,0,0,0,6,0,0,15,0,0,completed
21556,U1558,2025-04-18 14:36:00,2025-04-18 14:41:00,M,50+,office,seoul,0,0,0,0,17,0,0,56,0,0,completed
21557,U1559,2025-06-06 16:32:00,2025-06-06 16:36:00,F,50+,office,seoul,0,0,0,0,2,0,0,78,0,0,completed
21558,U1560,2025-01-18 15:28:00,2025-01-18 15:31:00,M,20~29,office,seoul,1,0,0,0,11,0,0,18,0,0,error
21559,U1561,2025-08-25 15:47:00,2025-08-25 15:54:00,M,20~29,office,seoul,0,0,0,0,25,0,0,42,0,0,completed
21560,U1562,2025-03-05 17:22:00,2025-03-05 17:29:00,F,20~29,office,seoul,0,0,0,0,7,0,0,37,0,0,completed
21561,U1563,2025-05-24 19:25:00,2025-05-24 19:32:00,F,20~29,office,seoul,1,0,0,0,21,0,0,72,0,0,completed
21562,U1564,2025-09-11 16:37:00,2025-09-11 16:41:00,F,20~29,office,seoul,0,0,0,0,20,0,0,19,0,0,completed
21563,U1565,2025-11-04 14:39:00,2025-11-04 14:41:00,F,50+,office,seoul,0,0,0,0,12,0,0,15,0,0,completed
21564,U1566,2025-03-30 09:01:00,2025-03-30 09:04:00,F,20~29,office,seoul,1,0,0,0,23,0,0,26,0,0,completed
21565,U1567,2025-10-16 12:12:00,2025-10-16 12:14:00,F,50+,office,seoul,0,0,0,0,1,0,0,35,0,0,completed
21566,U1568,2025-02-06 07:06:00,2025-02-06 07:08:00,F,20~29,office,seoul,0,0,0,0,0,0,0,55,0,0,completed
21567,U1569,2025-01-17 15:06:00,2025-01-17 15:11:00,M,30~39,office,seoul,0,0,0,0,21,0,0,78,0,0,completed
21568,U1570,2025-08-18 14:43:00,2025-08-18 14:45:00,F,40~49,office,seoul,0,0,0,0,25,0,0,10,0,0,completed
21569,U1571,2025-12-10 17:08:00,2025-12-10 17:11:00,F,20~29,office,seoul,0,0,0,0,2,0,0,29,0,0,completed
21570,U1572,2025-09-19 12:40:00,2025-09-19 12:45:00,M,20~29,office,seoul,0,0,0,0,2,0,0,16,0,0,completed
21571,U1573,2025-08-28 07:16:00,2025-08-28 07:19:00,F,30~39,office,seoul,0,0,0,0,8,0,0,38,0,0,completed
21572,U1574,2025-06-16 12:04:00,2025-06-16 12:09:00,F,20~29,office,seoul,0,0,0,0,10,0,0,71,0,0,completed
21573,U1575,2025-01-12 15:18:00,2025-01-12 15:22:00,M,40~49,office,seoul,1,0,0,0,0,0,0,57,0,0,completed
21574,U1576,2025-09-08 13:08:00,2025-09-08 13:15:00,F,30~39,office,seoul,0,0,0,0,11,0,0,74,0,0,completed
21575,U1577,2025-09-21 18:19:00,2025-09-21 18:24:00,F,50+,office,seoul,1,0,0,0,14,0,0,51,0,0,completed
21576,U1578,2025-03-09 17:56:00,2025-03-09 18:00:00,F,20~29,office,seoul,1,0,0,0,9,0,0,42,0,0,completed
21577,U1579,2025-03-24 13:15:00,2025-03-24 13:20:00,F,50+,office,seoul,0,0,0,0,13,0,0,33,0,0,timeout
21578,U1580,2025-01-11 12:35:00,2025-01-11 12:40:00,F,30~39,office,seoul,1,0,0,0,11,0,0,52,0,0,completed
21579,U1581,2025-12-12 16:22:00,2025-12-12 16:28:00,F,40~49,office,seoul,0,0,0,0,21,0,0,71,0,0,completed
21580,U1582,2025-03-11 16:53:00,2025-03-11 16:56:00,F,50+,office,seoul,0,0,0,0,23,0,0,51,0,0,completed
21581,U1583,2025-11-03 16:37:00,2025-11-03 16:43:00,M,40~49,office,seoul,0,0,0,0,7,0,0,56,0,0,completed
21582,U1584,2025-09-01 14:59:00,2025-09-01 15:06:00,F,50+,office,seoul,0,0,0,0,29,0,0,18,0,0,completed
21583,U1585,2025-01-04 20:10:00,2025-01-04 20:14:00,M,30~39,office,seoul,1,0,0,0,18,0,0,66,0,0,completed
21584,U1586,2025-10-03 09:43:00,2025-10-03 09:48:00,M,50+,office,seoul,0,0,0,0,1,0,0,58,0,0,completed
21585,U1587,2025-08-04 14:01:00,2025-08-04 14:06:00,F,20~29,office,seoul,0,0,0,0,24,0,0,22,1,0,completed
21586,U1588,2025-03-16 15:19:00,2025-03-16 15:24:00,F,20~29,office,seoul,1,0,0,0,25,0,0,50,0,0,completed
21587,U1589,2025-03-19 17:49:00,2025-03-19 17:52:00,F,30~39,office,seoul,0,0,0,0,6,0,0,56,0,0,completed
21588,U1590,2025-03-30 12:44:00,2025-03-30 12:48:00,M,40~49,office,seoul,1,0,0,0,15,0,0,46,0,1,completed
21589,U1591,2025-10-21 12:03:00,2025-10-21 12:07:00,F,20~29,office,seoul,0,0,0,0,7,0,0,78,0,0,completed
21590,U1592,2025-01-26 15:47:00,2025-01-26 15:52:00,M,40~49,office,seoul,1,0,0,0,7,0,0,35,0,0,completed
21591,U1593,2025-07-05 16:31:00,2025-07-05 16:33:00,F,20~29,office,seoul,1,0,0,0,20,0,0,33,0,0,completed
21592,U1594,2025-02-28 14:46:00,2025-02-28 14:52:00,M,20~29,office,seoul,0,0,0,0,18,0,0,48,0,0,completed
21593,U1595,2025-02-06 16:15:00,2025-02-06 16:17:00,F,30~39,office,seoul,0,0,0,0,17,0,0,54,0,0,abandoned
21594,U1596,2025-01-22 20:08:00,2025-01-22 20:10:00,M,30~39,office,seoul,0,0,0,0,24,0,0,33,0,0,completed
21595,U1597,2025-10-08 20:37:00,2025-10-08 20:44:00,F,30~39,office,seoul,0,0,0,0,23,0,0,71,0,0,completed
21596,U1598,2025-10-19 12:13:00,2025-10-19 12:19:00,F,30~39,office,seoul,1,0,0,0,10,0,0,42,0,0,completed
21597,U1599,2025-07-06 19:34:00,2025-07-06 19:41:00,M,20~29,office,seoul,1,0,0,0,29,0,0,25,0,0,completed
21598,U1600,2025-07-12 15:29:00,2025-07-12 15:35:00,F,20~29,office,seoul,1,0,0,0,14,0,0,74,0,0,timeout
21599,U1601,2025-03-29 13:08:00,2025-03-29 13:11:00,F,20~29,office,seoul,1,0,0,0,24,0,0,30,0,0,completed
21600,U1602,2025-09-20 07:19:00,2025-09-20 07:24:00,F,20~29,office,seoul,1,0,0,0,20,0,0,70,0,0,completed
21601,U1603,2025-11-22 07:41:00,2025-11-22 07:44:00,F,50+,office,seoul,1,0,0,0,17,0,0,40,0,0,completed
21602,U1604,2025-02-18 18:20:00,2025-02-18 18:27:00,F,20~29,office,seoul,0,0,0,0,26,0,0,14,0,0,completed
21603,U1605,2025-02-18 21:19:00,2025-02-18 21:22:00,F,30~39,office,seoul,0,0,0,0,28,0,0,21,0,0,completed
21604,U1606,2025-11-08 16:18:00,2025-11-08 16:20:00,F,20~29,office,seoul,1,0,0,0,22,0,0,69,0,0,completed
21605,U1607,2025-02-09 11:26:00,2025-02-09 11:29:00,F,20~29,office,seoul,1,0,0,0,16,0,0,41,0,0,abandoned
21606,U1608,2025-10-02 11:55:00,2025-10-02 11:57:00,F,50+,office,seoul,0,0,0,0,21,0,0,70,1,0,completed
21607,U1609,2025-06-17 16:13:00,2025-06-17 16:17:00,F,30~39,office,seoul,0,0,0,0,2,0,0,43,0,0,completed
21608,U1610,2025-07-21 15:39:00,2025-07-21 15:41:00,M,30~39,office,seoul,0,0,0,0,10,0,0,29,0,0,completed
21609,U1611,2025-10-06 09:47:00,2025-10-06 09:52:00,F,40~49,office,seoul,0,0,0,0,17,0,0,50,0,0,completed
21610,U1612,2025-11-21 16:23:00,2025-11-21 16:29:00,M,30~39,office,seoul,0,0,0,0,24,0,0,29,0,0,completed
21611,U1613,2025-12-18 16:58:00,2025-12-18 17:05:00,M,30~39,office,seoul,0,0,0,0,5,0,0,58,0,0,completed
21612,U1614,2025-03-18 13:41:00,2025-03-18 13:44:00,M,20~29,office,seoul,0,0,0,0,25,0,0,58,0,0,completed
21613,U1615,2025-10-04 09:50:00,2025-10-04 09:52:00,F,50+,office,seoul,1,0,0,0,29,0,0,73,0,1,completed
21614,U1616,2025-05-15 09:24:00,2025-05-15 09:30:00,M,50+,office,seoul,0,0,0,0,28,0,0,73,0,1,completed
21615,U1617,2025-12-30 19:13:00,2025-12-30 19:16:00,F,30~39,office,seoul,0,0,0,0,16,0,0,42,0,0,error
21616,U1618,2025-07-01 17:29:00,2025-07-01 17:34:00,F,30~39,office,seoul,0,0,0,0,13,0,0,68,0,0,completed
21617,U1619,2025-01-31 09:59:00,2025-01-31 10:04:00,F,40~49,office,seoul,0,0,0,0,3,0,0,39,0,0,completed
21618,U1620,2025-05-30 18:47:00,2025-05-30 18:54:00,M,50+,office,seoul,0,0,0,0,8,0,0,57,0,0,completed
21619,U1621,2025-03-05 08:58:00,2025-03-05 09:00:00,F,50+,office,seoul,0,0,0,0,12,0,0,72,1,0,completed
21620,U1622,2025-02-06 15:40:00,2025-02-06 15:44:00,M,30~39,office,seoul,0,0,0,0,6,0,0,41,0,0,completed
21621,U1623,2025-12-30 08:20:00,2025-12-30 08:26:00,F,40~49,office,seoul,0,0,0,0,9,0,0,70,0,0,completed
21622,U1624,2025-05-29 15:28:00,2025-05-29 15:35:00,F,20~29,office,seoul,0,0,0,0,8,0,0,25,0,0,completed
21623,U1625,2025-03-18 07:16:00,2025-03-18 07:20:00,M,30~39,office,seoul,0,0,0,0,16,0,0,41,0,0,completed
21624,U1626,2025-12-18 09:17:00,2025-12-18 09:24:00,M,40~49,office,seoul,0,0,0,0,12,0,0,30,0,0,completed
21625,U1627,2025-03-24 09:25:00,2025-03-24 09:29:00,M,30~39,office,seoul,0,0,0,0,3,0,0,17,0,0,completed
21626,U1628,2025-01-20 08:52:00,2025-01-20 08:54:00,F,30~39,office,seoul,0,0,0,0,16,0,0,32,0,0,completed
21627,U1629,2025-11-21 09:26:00,2025-11-21 09:32:00,M,40~49,office,seoul,0,0,0,0,10,0,0,21,0,0,completed
21628,U1630,2025-09-30 19:44:00,2025-09-30 19:49:00,F,30~39,office,seoul,0,0,0,0,29,0,0,42,1,0,timeout
21629,U1631,2025-08-05 09:27:00,2025-08-05 09:31:00,F,20~29,office,seoul,0,0,0,0,18,0,0,48,0,0,completed
21630,U1632,2025-09-01 17:05:00,2025-09-01 17:10:00,F,20~29,office,seoul,0,0,0,0,29,0,0,71,0,0,completed
21631,U1633,2025-07-05 15:39:00,2025-07-05 15:42:00,M,40~49,office,seoul,1,0,0,0,25,0,0,12,0,0,completed
21632,U1634,2025-08-02 18:26:00,2025-08-02 18:30:00,F,40~49,office,seoul,1,0,0,0,7,0,0,69,0,0,completed
21633,U1635,2025-09-13 21:57:00,2025-09-13 22:04:00,F,30~39,office,seoul,1,0,0,0,10,0,0,69,0,0,abandoned
21634,U1636,2025-11-24 15:20:00,2025-11-24 15:23:00,M,20~29,office,seoul,0,0,0,0,20,0,0,58,0,0,completed
21635,U1637,2025-03-18 17:37:00,2025-03-18 17:41:00,F,30~39,office,seoul,0,0,0,0,25,0,0,47,0,0,completed
21636,U1638,2025-05-04 14:04:00,2025-05-04 14:08:00,F,30~39,office,seoul,1,0,0,0,3,0,0,78,0,0,completed
21637,U1639,2025-03-28 15:30:00,2025-03-28 15:34:00,F,30~39,office,seoul,0,0,0,0,16,0,0,33,0,0,completed
21638,U1640,2025-03-17 11:59:00,2025-03-17 12:04:00,F,20~29,office,seoul,0,0,0,0,27,0,0,43,0,0,error
21639,U1641,2025-07-23 16:43:00,2025-07-23 16:46:00,M,50+,office,seoul,0,0,0,0,3,0,0,12,0,1,completed
21640,U1642,2025-12-07 07:12:00,2025-12-07 07:17:00,M,30~39,office,seoul,1,0,0,0,18,0,0,40,0,0,completed
21641,U1643,2025-08-15 14:19:00,2025-08-15 14:26:00,M,30~39,office,seoul,0,0,0,0,18,0,0,59,0,0,completed
21642,U1644,2025-09-10 17:57:00,2025-09-10 18:03:00,F,40~49,office,seoul,0,0,0,0,24,0,0,13,0,0,completed
21643,U1645,2025-07-25 13:26:00,2025-07-25 13:29:00,F,40~49,office,seoul,0,0,0,0,28,0,0,34,1,0,completed
21644,U1646,2025-08-26 08:39:00,2025-08-26 08:45:00,M,30~39,office,seoul,0,0,0,0,15,0,0,45,0,0,abandoned
21645,U1647,2025-10-15 16:59:00,2025-10-15 17:05:00,M,40~49,office,seoul,0,0,0,0,27,0,0,29,0,0,completed
21646,U1648,2025-04-15 15:40:00,2025-04-15 15:43:00,F,30~39,office,seoul,0,0,0,0,22,0,0,48,0,0,completed
21647,U1649,2025-10-04 09:28:00,2025-10-04 09:34:00,M,20~29,office,seoul,1,0,0,0,29,0,0,29,0,0,completed
21648,U1650,2025-05-13 18:34:00,2025-05-13 18:36:00,F,40~49,office,seoul,0,0,0,0,18,0,0,40,0,0,completed
21649,U1651,2025-03-20 18:14:00,2025-03-20 18:16:00,M,30~39,office,seoul,0,0,0,0,28,0,0,71,0,0,completed
21650,U1652,2025-09-29 17:35:00,2025-09-29 17:39:00,F,40~49,office,seoul,0,0,0,0,27,0,0,44,0,0,completed
21651,U1653,2025-03-22 15:14:00,2025-03-22 15:18:00,M,50+,office,seoul,1,0,0,0,29,0,0,26,0,0,completed
21652,U1654,2025-11-17 18:52:00,2025-11-17 18:54:00,F,20~29,office,seoul,0,0,0,0,6,0,0,35,0,0,completed
21653,U1655,2025-05-11 15:00:00,2025-05-11 15:04:00,M,20~29,office,seoul,1,0,0,0,19,0,0,21,0,0,completed
21654,U1656,2025-07-09 09:25:00,2025-07-09 09:32:00,M,50+,office,seoul,0,0,0,0,21,0,0,56,0,0,completed
21655,U1657,2025-06-22 15:13:00,2025-06-22 15:17:00,F,20~29,office,seoul,1,0,0,0,25,0,0,38,0,0,completed
21656,U1658,2025-03-01 08:35:00,2025-03-01 08:38:00,F,50+,office,seoul,1,0,0,0,19,0,0,42,0,0,completed
21657,U1659,2025-06-01 13:41:00,2025-06-01 13:46:00,F,30~39,office,seoul,1,0,0,0,20,0,0,49,0,0,completed
21658,U1660,2025-07-31 19:33:00,2025-07-31 19:35:00,F,40~49,office,seoul,0,0,0,0,24,0,0,79,0,0,completed
21659,U1661,2025-04-10 17:26:00,2025-04-10 17:31:00,M,30~39,office,seoul,0,0,0,0,6,0,0,77,0,0,completed
21660,U1662,2025-07-23 08:04:00,2025-07-23 08:07:00,M,40~49,office,seoul,0,0,0,0,11,0,0,60,0,0,completed
21661,U1663,2025-04-18 08:42:00,2025-04-18 08:46:00,F,30~39,office,seoul,0,0,0,0,5,0,0,23,0,0,completed
21662,U1664,2025-03-31 09:58:00,2025-03-31 10:03:00,M,30~39,office,seoul,0,0,0,0,25,0,0,58,0,0,completed
21663,U1665,2025-07-15 17:30:00,2025-07-15 17:36:00,F,30~39,office,seoul,0,0,0,0,15,0,0,65,0,0,completed
21664,U1666,2025-08-20 11:19:00,2025-08-20 11:25:00,F,40~49,office,seoul,0,0,0,0,4,0,0,30,0,0,completed
21665,U1667,2025-05-05 20:32:00,2025-05-05 20:34:00,M,40~49,office,seoul,0,0,0,0,1,0,0,66,0,0,completed
21666,U1668,2025-02-17 16:17:00,2025-02-17 16:19:00,F,20~29,office,seoul,0,0,0,0,29,0,0,38,1,0,completed
21667,U1669,2025-11-21 07:24:00,2025-11-21 07:28:00,F,50+,office,seoul,0,0,0,0,20,0,0,41,0,0,completed
21668,U1670,2025-09-04 13:41:00,2025-09-04 13:46:00,F,40~49,office,seoul,0,0,0,0,14,0,0,26,0,0,completed
21669,U1671,2025-04-13 14:28:00,2025-04-13 14:32:00,F,20~29,office,seoul,1,0,0,0,4,0,0,46,0,0,completed
21670,U1672,2025-10-23 21:29:00,2025-10-23 21:34:00,M,50+,office,seoul,0,0,0,0,10,0,0,42,0,0,completed
21671,U1673,2025-05-14 17:21:00,2025-05-14 17:28:00,M,30~39,office,seoul,0,0,0,0,27,0,0,67,0,0,completed
21672,U1674,2025-01-24 22:01:00,2025-01-24 22:05:00,M,30~39,office,seoul,0,0,0,0,22,0,0,15,0,0,completed
21673,U1675,2025-09-21 07:47:00,2025-09-21 07:49:00,F,40~49,office,seoul,1,0,0,0,18,0,0,76,0,0,completed
21674,U1676,2025-02-15 21:18:00,2025-02-15 21:25:00,F,40~49,office,seoul,1,0,0,0,14,0,0,67,0,0,completed
21675,U1677,2025-10-24 20:33:00,2025-10-24 20:40:00,F,30~39,office,seoul,0,0,0,0,9,0,0,65,0,0,completed
21676,U1678,2025-01-31 16:30:00,2025-01-31 16:37:00,F,40~49,office,seoul,0,0,0,0,10,0,0,10,0,0,completed
21677,U1679,2025-10-21 16:23:00,2025-10-21 16:28:00,F,30~39,office,seoul,0,0,0,0,2,0,0,21,0,0,abandoned
21678,U1680,2025-12-30 13:31:00,2025-12-30 13:34:00,M,20~29,office,seoul,0,0,0,0,5,0,0,29,0,0,completed
21679,U1681,2025-12-05 08:37:00,2025-12-05 08:43:00,F,20~29,office,seoul,0,0,0,0,23,0,0,77,0,0,completed
21680,U1682,2025-06-29 12:10:00,2025-06-29 12:12:00,F,40~49,office,seoul,1,0,0,0,28,0,0,43,1,0,completed
21681,U1683,2025-02-26 15:41:00,2025-02-26 15:43:00,M,20~29,office,seoul,0,0,0,0,4,0,0,18,0,0,completed
21682,U1684,2025-07-08 19:45:00,2025-07-08 19:50:00,F,30~39,office,seoul,0,0,0,0,17,0,0,44,0,0,completed
21683,U1685,2025-09-22 13:08:00,2025-09-22 13:10:00,F,20~29,office,seoul,0,0,0,0,17,0,0,36,0,0,completed
21684,U1686,2025-01-05 16:42:00,2025-01-05 16:47:00,M,20~29,office,seoul,1,0,0,0,22,0,0,34,0,0,completed
21685,U1687,2025-09-04 18:13:00,2025-09-04 18:15:00,F,50+,office,seoul,0,0,0,0,20,0,0,50,0,1,completed
21686,U1688,2025-01-07 18:57:00,2025-01-07 19:03:00,F,20~29,office,seoul,0,0,0,0,26,0,0,72,0,0,completed
21687,U1689,2025-04-07 09:39:00,2025-04-07 09:45:00,M,20~29,office,seoul,0,0,0,0,9,0,0,20,0,0,completed
21688,U1690,2025-09-30 15:09:00,2025-09-30 15:15:00,F,40~49,office,seoul,0,0,0,0,28,0,0,14,0,0,completed
21689,U1691,2025-03-09 12:20:00,2025-03-09 12:22:00,F,50+,office,seoul,1,0,0,0,6,0,0,13,1,0,completed
21690,U1692,2025-06-16 15:24:00,2025-06-16 15:26:00,M,30~39,office,seoul,0,0,0,0,19,0,0,56,0,0,completed
21691,U1693,2025-06-27 15:25:00,2025-06-27 15:32:00,F,30~39,office,seoul,0,0,0,0,23,0,0,69,0,0,completed
21692,U1694,2025-08-20 20:28:00,2025-08-20 20:30:00,M,30~39,office,seoul,0,0,0,0,9,0,0,15,0,0,completed
21693,U1695,2025-08-18 17:37:00,2025-08-18 17:41:00,M,40~49,office,seoul,0,0,0,0,10,0,0,37,0,0,completed
21694,U1696,2025-11-26 13:10:00,2025-11-26 13:17:00,M,50+,office,seoul,0,0,0,0,21,0,0,71,0,0,completed
21695,U1697,2025-01-15 11:31:00,2025-01-15 11:34:00,F,30~39,office,seoul,0,0,0,0,21,0,0,65,0,0,completed
21696,U1698,2025-05-23 19:53:00,2025-05-23 19:58:00,F,20~29,office,seoul,0,0,0,0,15,0,0,12,0,0,completed
21697,U1699,2025-08-26 12:13:00,2025-08-26 12:17:00,F,40~49,office,seoul,0,0,0,0,12,0,0,57,0,0,completed
21698,U1700,2025-09-15 08:08:00,2025-09-15 08:13:00,F,20~29,office,seoul,0,0,0,0,8,0,0,67,0,0,completed
21699,U1701,2025-04-26 12:58:00,2025-04-26 13:01:00,F,30~39,office,seoul,1,0,0,0,5,0,0,49,0,0,completed
21700,U1702,2025-01-28 07:53:00,2025-01-28 07:59:00,F,40~49,office,seoul,0,0,0,0,3,0,0,15,1,0,completed
21701,U1703,2025-02-24 08:00:00,2025-02-24 08:05:00,M,40~49,office,seoul,0,0,0,0,16,0,0,43,0,0,completed
21702,U1704,2025-10-08 22:36:00,2025-10-08 22:41:00,F,20~29,office,seoul,0,0,0,0,25,0,0,36,1,0,abandoned
21703,U1705,2025-09-07 16:06:00,2025-09-07 16:11:00,F,30~39,office,seoul,1,0,0,0,6,0,0,53,0,0,completed
21704,U1706,2025-07-01 16:21:00,2025-07-01 16:25:00,F,20~29,office,seoul,0,0,0,0,28,0,0,31,0,0,completed
21705,U1707,2025-10-26 17:41:00,2025-10-26 17:43:00,F,20~29,office,seoul,1,0,0,0,24,0,0,52,0,0,completed
21706,U1708,2025-10-25 08:14:00,2025-10-25 08:18:00,F,20~29,office,seoul,1,0,0,0,24,0,0,74,0,0,completed
21707,U1709,2025-05-02 07:04:00,2025-05-02 07:10:00,M,40~49,office,seoul,0,0,0,0,24,0,0,54,0,0,completed
21708,U1710,2025-02-10 08:30:00,2025-02-10 08:32:00,F,20~29,office,seoul,0,0,0,0,15,0,0,36,0,0,completed
21709,U1711,2025-12-20 18:42:00,2025-12-20 18:46:00,F,30~39,office,seoul,1,0,0,0,7,0,0,51,0,0,completed
21710,U1712,2025-08-04 13:21:00,2025-08-04 13:28:00,F,30~39,office,seoul,0,0,0,0,15,0,0,18,0,0,completed
21711,U1713,2025-10-06 19:10:00,2025-10-06 19:12:00,F,20~29,office,seoul,0,0,0,0,16,0,0,78,0,0,completed
21712,U1714,2025-06-07 22:02:00,2025-06-07 22:08:00,M,30~39,office,seoul,1,0,0,0,29,0,0,74,0,0,completed
21713,U1715,2025-03-18 13:34:00,2025-03-18 13:40:00,F,50+,office,seoul,0,0,0,0,12,0,0,57,0,0,completed
21714,U1716,2025-11-13 09:42:00,2025-11-13 09:47:00,F,20~29,office,seoul,0,0,0,0,11,0,0,40,0,0,abandoned
21715,U1717,2025-07-20 08:27:00,2025-07-20 08:34:00,F,20~29,office,seoul,1,0,0,0,15,0,0,70,0,0,completed
21716,U1718,2025-07-05 16:25:00,2025-07-05 16:30:00,F,20~29,office,seoul,1,0,0,0,17,0,0,10,0,0,error
21717,U1719,2025-10-02 19:42:00,2025-10-02 19:46:00,M,20~29,office,seoul,0,0,0,0,19,0,0,17,0,0,abandoned
21718,U1720,2025-11-18 08:41:00,2025-11-18 08:46:00,F,50+,office,seoul,0,0,0,0,14,0,0,31,0,0,abandoned
21719,U1721,2025-09-10 08:07:00,2025-09-10 08:09:00,M,30~39,office,seoul,0,0,0,0,28,0,0,43,0,0,completed
21720,U1722,2025-12-19 22:30:00,2025-12-19 22:35:00,F,20~29,office,seoul,0,0,0,0,19,0,0,21,0,0,completed
21721,U1723,2025-05-19 14:02:00,2025-05-19 14:08:00,M,30~39,office,seoul,0,0,0,0,15,0,0,78,0,0,completed
21722,U1724,2025-05-13 14:54:00,2025-05-13 14:58:00,M,30~39,office,seoul,0,0,0,0,4,0,0,47,0,0,completed
21723,U1725,2025-11-03 22:48:00,2025-11-03 22:54:00,F,20~29,office,seoul,0,0,0,0,11,0,0,38,0,0,abandoned
21724,U1726,2025-10-28 12:17:00,2025-10-28 12:23:00,F,20~29,office,seoul,0,0,0,0,8,0,0,31,0,0,completed
21725,U1727,2025-04-12 18:02:00,2025-04-12 18:07:00,F,40~49,office,seoul,1,0,0,0,23,0,0,31,0,0,completed
21726,U1728,2025-08-25 11:19:00,2025-08-25 11:21:00,F,30~39,office,seoul,0,0,0,0,28,0,0,65,0,0,abandoned
21727,U1729,2025-02-25 16:37:00,2025-02-25 16:40:00,M,20~29,office,seoul,0,0,0,0,0,0,0,75,0,0,completed
21728,U1730,2025-10-05 17:26:00,2025-10-05 17:30:00,M,20~29,office,seoul,1,0,0,0,8,0,0,60,0,0,completed
21729,U1731,2025-09-27 12:07:00,2025-09-27 12:14:00,M,20~29,office,seoul,1,0,0,0,12,0,0,48,0,0,completed
21730,U1732,2025-09-01 11:47:00,2025-09-01 11:49:00,F,20~29,office,seoul,0,0,0,0,4,0,0,37,0,0,completed
21731,U1733,2025-12-26 14:24:00,2025-12-26 14:28:00,M,30~39,office,seoul,0,0,0,0,2,0,0,70,0,0,completed
21732,U1734,2025-10-20 12:23:00,2025-10-20 12:29:00,F,20~29,office,seoul,0,0,0,0,20,0,0,15,0,0,completed
21733,U1735,2025-09-14 14:56:00,2025-09-14 15:00:00,F,30~39,office,seoul,1,0,0,0,0,0,0,29,0,0,completed
21734,U1736,2025-07-23 11:31:00,2025-07-23 11:36:00,M,50+,office,seoul,0,0,0,0,2,0,0,52,0,0,abandoned
21735,U1737,2025-10-22 17:56:00,2025-10-22 17:59:00,F,40~49,office,seoul,0,0,0,0,0,0,0,46,0,0,completed
21736,U1738,2025-06-20 13:04:00,2025-06-20 13:08:00,F,40~49,office,seoul,0,0,0,0,13,0,0,52,0,0,completed
21737,U1739,2025-05-15 19:12:00,2025-05-15 19:17:00,F,40~49,office,seoul,0,0,0,0,19,0,0,28,0,0,completed
21738,U1740,2025-03-24 16:05:00,2025-03-24 16:10:00,M,30~39,office,seoul,0,0,0,0,0,0,0,64,0,0,completed
21739,U1741,2025-08-24 12:38:00,2025-08-24 12:41:00,F,50+,office,seoul,1,0,0,0,7,0,0,26,0,1,abandoned
21740,U1742,2025-03-14 15:35:00,2025-03-14 15:39:00,M,40~49,office,seoul,0,0,0,0,16,0,0,39,0,0,completed
21741,U1743,2025-09-18 12:54:00,2025-09-18 12:57:00,M,40~49,office,seoul,0,0,0,0,17,0,0,79,1,0,completed
21742,U1744,2025-05-08 16:43:00,2025-05-08 16:49:00,M,30~39,office,seoul,0,0,0,0,20,0,0,79,1,1,completed
21743,U1745,2025-07-26 09:59:00,2025-07-26 10:01:00,M,30~39,office,seoul,1,0,0,0,21,0,0,58,0,0,completed
21744,U1746,2025-01-27 12:26:00,2025-01-27 12:32:00,M,20~29,office,seoul,0,0,0,0,28,0,0,74,0,0,completed
21745,U1747,2025-12-31 12:07:00,2025-12-31 12:09:00,F,20~29,office,seoul,0,0,0,0,7,0,0,24,0,0,completed
21746,U1748,2025-03-21 14:48:00,2025-03-21 14:54:00,F,50+,office,seoul,0,0,0,0,7,0,0,53,0,0,completed
21747,U1749,2025-11-06 14:16:00,2025-11-06 14:20:00,F,30~39,office,seoul,0,0,0,0,28,0,0,60,0,0,completed
21748,U1750,2025-02-08 12:42:00,2025-02-08 12:45:00,F,20~29,office,seoul,1,0,0,0,20,0,0,20,0,0,abandoned
21749,U1751,2025-08-30 22:04:00,2025-08-30 22:09:00,F,30~39,office,seoul,1,0,0,0,28,0,0,71,0,0,completed
21750,U1752,2025-09-08 07:30:00,2025-09-08 07:32:00,M,20~29,office,seoul,0,0,0,0,29,0,0,35,0,0,completed
21751,U1753,2025-03-14 08:31:00,2025-03-14 08:37:00,M,30~39,office,seoul,0,0,0,0,15,0,0,34,0,0,completed
21752,U1754,2025-12-24 13:36:00,2025-12-24 13:42:00,M,40~49,office,seoul,0,0,0,0,1,0,0,40,0,0,completed
21753,U1755,2025-04-26 08:36:00,2025-04-26 08:42:00,M,40~49,office,seoul,1,0,0,0,10,0,0,44,0,0,timeout
21754,U1756,2025-06-07 12:19:00,2025-06-07 12:21:00,M,50+,office,seoul,1,0,0,0,20,0,0,62,0,0,completed
21755,U1757,2025-02-12 13:09:00,2025-02-12 13:13:00,F,30~39,office,seoul,0,0,0,0,22,0,0,17,0,0,completed
21756,U1758,2025-02-26 09:53:00,2025-02-26 10:00:00,F,30~39,office,seoul,0,0,0,0,5,0,0,58,0,0,completed
21757,U1759,2025-11-04 20:07:00,2025-11-04 20:11:00,M,30~39,office,seoul,0,0,0,0,6,0,0,73,0,0,completed
21758,U1760,2025-06-02 09:41:00,2025-06-02 09:46:00,M,40~49,office,seoul,0,0,0,0,22,0,0,43,1,0,completed
21759,U1761,2025-01-30 07:44:00,2025-01-30 07:49:00,F,40~49,office,seoul,0,0,0,0,21,0,0,64,0,0,completed
21760,U1762,2025-02-19 15:55:00,2025-02-19 15:59:00,F,30~39,office,seoul,0,0,0,0,29,0,0,43,0,0,completed
21761,U1763,2025-01-27 19:10:00,2025-01-27 19:17:00,F,40~49,office,seoul,0,0,0,0,3,0,0,58,0,0,completed
21762,U1764,2025-01-22 18:27:00,2025-01-22 18:34:00,M,40~49,office,seoul,0,0,0,0,22,0,0,43,0,0,completed
21763,U1765,2025-05-27 22:28:00,2025-05-27 22:35:00,M,30~39,office,seoul,0,0,0,0,9,0,0,39,0,0,error
21764,U1766,2025-09-28 17:45:00,2025-09-28 17:51:00,F,50+,office,seoul,1,0,0,0,25,0,0,35,0,0,completed
21765,U1767,2025-04-21 09:21:00,2025-04-21 09:27:00,F,50+,office,seoul,0,0,0,0,26,0,0,23,0,0,completed
21766,U1768,2025-01-16 11:40:00,2025-01-16 11:47:00,F,30~39,office,seoul,0,0,0,0,26,0,0,58,0,0,completed
21767,U1769,2025-12-10 15:18:00,2025-12-10 15:22:00,F,30~39,office,seoul,0,0,0,0,6,0,0,19,0,0,completed
21768,U1770,2025-12-21 11:27:00,2025-12-21 11:30:00,F,50+,office,seoul,1,0,0,0,0,0,0,78,0,0,completed
21769,U1771,2025-02-16 20:55:00,2025-02-16 20:57:00,M,50+,office,seoul,1,0,0,0,27,0,0,75,0,1,completed
21770,U1772,2025-05-29 15:48:00,2025-05-29 15:51:00,F,30~39,office,seoul,0,0,0,0,18,0,0,42,0,0,completed
21771,U1773,2025-10-09 07:01:00,2025-10-09 07:05:00,F,50+,office,seoul,0,0,0,0,6,0,0,68,0,0,completed
21772,U1774,2025-05-24 13:46:00,2025-05-24 13:48:00,M,50+,office,seoul,1,0,0,0,6,0,0,67,0,0,completed
21773,U1775,2025-04-20 09:20:00,2025-04-20 09:26:00,F,50+,office,seoul,1,0,0,0,17,0,0,51,0,0,completed
21774,U1776,2025-02-03 14:31:00,2025-02-03 14:38:00,M,40~49,office,seoul,0,0,0,0,8,0,0,55,0,0,completed
21775,U1777,2025-12-10 08:47:00,2025-12-10 08:50:00,F,50+,office,seoul,0,0,0,0,1,0,0,51,1,0,completed
21776,U1778,2025-07-18 09:27:00,2025-07-18 09:31:00,F,30~39,office,seoul,0,0,0,0,3,0,0,36,0,0,completed
21777,U1779,2025-04-18 15:28:00,2025-04-18 15:30:00,F,30~39,office,seoul,0,0,0,0,27,0,0,74,0,0,completed
21778,U1780,2025-10-23 19:50:00,2025-10-23 19:54:00,M,20~29,office,seoul,0,0,0,0,11,0,0,34,0,0,completed
21779,U1781,2025-12-13 08:48:00,2025-12-13 08:52:00,F,30~39,office,seoul,1,0,0,0,2,0,0,16,0,0,completed
21780,U1782,2025-02-08 13:05:00,2025-02-08 13:09:00,F,20~29,office,seoul,1,0,0,0,10,0,0,39,0,0,completed
21781,U1783,2025-08-21 13:54:00,2025-08-21 14:00:00,F,20~29,office,seoul,0,0,0,0,21,0,0,43,0,0,timeout
21782,U1784,2025-08-03 21:29:00,2025-08-03 21:33:00,F,30~39,office,seoul,1,0,0,0,23,0,0,69,0,0,abandoned
21783,U1785,2025-09-28 12:55:00,2025-09-28 12:57:00,M,20~29,office,seoul,1,0,0,0,21,0,0,33,0,0,completed
21784,U1786,2025-11-22 19:13:00,2025-11-22 19:20:00,M,30~39,office,seoul,1,0,0,0,11,0,0,20,0,0,completed
21785,U1787,2025-12-29 18:31:00,2025-12-29 18:38:00,F,30~39,office,seoul,0,0,0,0,19,0,0,62,0,0,completed
21786,U1788,2025-04-27 09:52:00,2025-04-27 09:54:00,F,20~29,office,seoul,1,0,0,0,2,0,0,37,0,0,completed
21787,U1789,2025-09-26 19:24:00,2025-09-26 19:29:00,F,20~29,office,seoul,0,0,0,0,6,0,0,54,0,0,completed
21788,U1790,2025-10-02 07:05:00,2025-10-02 07:11:00,F,20~29,office,seoul,0,0,0,0,21,0,0,76,0,0,completed
21789,U1791,2025-12-16 13:06:00,2025-12-16 13:11:00,F,50+,office,seoul,0,0,0,0,23,0,0,30,0,0,completed
21790,U1792,2025-05-03 22:50:00,2025-05-03 22:57:00,F,40~49,office,seoul,1,0,0,0,26,0,0,76,0,0,completed
21791,U1793,2025-04-02 09:50:00,2025-04-02 09:55:00,M,30~39,office,seoul,0,0,0,0,16,0,0,55,0,0,completed
21792,U1794,2025-02-03 07:45:00,2025-02-03 07:48:00,F,20~29,office,seoul,0,0,0,0,2,0,0,25,0,0,completed
21793,U1795,2025-05-11 11:31:00,2025-05-11 11:36:00,M,50+,office,seoul,1,0,0,0,8,0,0,76,0,0,completed
21794,U1796,2025-03-16 07:20:00,2025-03-16 07:26:00,F,20~29,office,seoul,1,0,0,0,23,0,0,24,0,0,abandoned
21795,U1797,2025-07-19 15:53:00,2025-07-19 15:56:00,M,50+,office,seoul,1,0,0,0,6,0,0,18,1,0,abandoned
21796,U1798,2025-05-11 12:26:00,2025-05-11 12:29:00,F,40~49,office,seoul,1,0,0,0,14,0,0,79,0,1,abandoned
21797,U1799,2025-08-16 15:19:00,2025-08-16 15:23:00,F,40~49,office,seoul,1,0,0,0,16,0,0,57,0,0,completed
21798,U1800,2025-09-14 15:12:00,2025-09-14 15:18:00,F,50+,office,seoul,1,0,0,0,18,0,0,76,0,0,completed
21799,U1801,2025-03-27 12:27:00,2025-03-27 12:32:00,F,50+,office,seoul,0,0,0,0,4,0,0,77,0,0,completed
21800,U1802,2025-12-12 09:43:00,2025-12-12 09:47:00,F,50+,office,seoul,0,0,0,0,19,0,0,23,0,0,completed
21801,U1803,2025-04-16 07:02:00,2025-04-16 07:09:00,F,30~39,office,seoul,0,0,0,0,25,0,0,15,0,0,completed
21802,U1804,2025-03-11 16:06:00,2025-03-11 16:09:00,M,20~29,office,seoul,0,0,0,0,13,0,0,60,0,0,completed
21803,U1805,2025-02-16 13:22:00,2025-02-16 13:25:00,F,20~29,office,seoul,1,0,0,0,2,0,0,17,1,0,completed
21804,U1806,2025-04-22 08:39:00,2025-04-22 08:42:00,F,40~49,office,seoul,0,0,0,0,22,0,0,52,0,0,completed
21805,U1807,2025-05-06 14:35:00,2025-05-06 14:39:00,M,30~39,office,seoul,0,0,0,0,22,0,0,10,0,0,abandoned
21806,U1808,2025-08-02 12:04:00,2025-08-02 12:10:00,M,50+,office,seoul,1,0,0,0,1,0,0,43,0,0,abandoned
21807,U1809,2025-09-30 22:38:00,2025-09-30 22:44:00,F,20~29,office,seoul,0,0,0,0,25,0,0,60,0,0,completed
21808,U1810,2025-02-23 13:32:00,2025-02-23 13:39:00,F,50+,office,seoul,1,0,0,0,27,0,0,58,0,0,completed
21809,U1811,2025-01-17 09:03:00,2025-01-17 09:06:00,F,50+,office,seoul,0,0,0,0,12,0,0,66,0,0,completed
21810,U1812,2025-09-25 18:09:00,2025-09-25 18:13:00,F,20~29,office,seoul,0,0,0,0,27,0,0,31,0,0,completed
21811,U1813,2025-09-13 07:08:00,2025-09-13 07:10:00,M,20~29,office,seoul,1,0,0,0,5,0,0,65,0,0,completed
21812,U1814,2025-07-06 19:52:00,2025-07-06 19:55:00,M,20~29,office,seoul,1,0,0,0,3,0,0,10,0,0,completed
21813,U1815,2025-04-04 12:41:00,2025-04-04 12:44:00,F,20~29,office,seoul,0,0,0,0,19,0,0,33,0,0,completed
21814,U1816,2025-11-27 15:23:00,2025-11-27 15:26:00,F,40~49,office,seoul,0,0,0,0,28,0,0,71,0,0,completed
21815,U1817,2025-10-16 13:24:00,2025-10-16 13:31:00,F,30~39,office,seoul,0,0,0,0,29,0,0,14,0,0,completed
21816,U1818,2025-10-25 14:35:00,2025-10-25 14:41:00,F,30~39,office,seoul,1,0,0,0,4,0,0,10,0,0,completed
21817,U1819,2025-11-01 14:43:00,2025-11-01 14:45:00,M,30~39,office,seoul,1,0,0,0,0,0,0,76,0,0,completed
21818,U1820,2025-07-23 19:55:00,2025-07-23 20:02:00,F,30~39,office,seoul,0,0,0,0,15,0,0,32,0,0,error
21819,U1821,2025-11-27 16:24:00,2025-11-27 16:30:00,F,30~39,office,seoul,0,0,0,0,1,0,0,22,0,0,completed
21820,U1822,2025-03-12 15:17:00,2025-03-12 15:19:00,M,40~49,office,seoul,0,0,0,0,29,0,0,51,0,0,completed
21821,U1823,2025-11-06 09:02:00,2025-11-06 09:08:00,M,20~29,office,seoul,0,0,0,0,7,0,0,74,0,0,completed
21822,U1824,2025-06-18 13:03:00,2025-06-18 13:09:00,M,40~49,office,seoul,0,0,0,0,28,0,0,50,0,0,completed
21823,U1825,2025-11-07 15:55:00,2025-11-07 16:02:00,F,30~39,office,seoul,0,0,0,0,7,0,0,28,0,0,completed
21824,U1826,2025-08-15 08:07:00,2025-08-15 08:14:00,M,50+,office,seoul,0,0,0,0,0,0,0,61,0,0,completed
21825,U1827,2025-03-08 20:25:00,2025-03-08 20:31:00,M,20~29,office,seoul,1,0,0,0,2,0,0,78,0,0,completed
21826,U1828,2025-05-17 18:51:00,2025-05-17 18:58:00,M,30~39,office,seoul,1,0,0,0,6,0,0,10,0,0,completed
21827,U1829,2025-08-22 07:00:00,2025-08-22 07:06:00,F,30~39,office,seoul,0,0,0,0,10,0,0,71,0,0,completed
21828,U1830,2025-08-29 12:30:00,2025-08-29 12:37:00,M,40~49,office,seoul,0,0,0,0,28,0,0,43,0,0,completed
21829,U1831,2025-07-20 07:21:00,2025-07-20 07:27:00,F,50+,office,seoul,1,0,0,0,28,0,0,14,0,0,completed
21830,U1832,2025-07-03 12:56:00,2025-07-03 13:02:00,F,40~49,office,seoul,0,0,0,0,19,0,0,10,0,0,completed
21831,U1833,2025-12-10 15:51:00,2025-12-10 15:53:00,F,20~29,office,seoul,0,0,0,0,24,0,0,63,0,0,completed
21832,U1834,2025-03-29 17:10:00,2025-03-29 17:15:00,F,50+,office,seoul,1,0,0,0,27,0,0,13,0,0,completed
21833,U1835,2025-08-25 18:09:00,2025-08-25 18:15:00,F,30~39,office,seoul,0,0,0,0,14,0,0,53,0,0,completed
21834,U1836,2025-03-08 11:55:00,2025-03-08 11:57:00,F,20~29,office,seoul,1,0,0,0,14,0,0,41,0,0,completed
21835,U1837,2025-01-30 08:18:00,2025-01-30 08:23:00,F,20~29,office,seoul,0,0,0,0,13,0,0,46,0,0,completed
21836,U1838,2025-12-14 09:43:00,2025-12-14 09:48:00,F,40~49,office,seoul,1,0,0,0,25,0,0,32,0,0,completed
21837,U1839,2025-06-25 14:04:00,2025-06-25 14:08:00,F,40~49,office,seoul,0,0,0,0,14,0,0,66,0,0,timeout
21838,U1840,2025-12-01 07:14:00,2025-12-01 07:21:00,F,30~39,office,seoul,0,0,0,0,9,0,0,16,1,0,completed
21839,U1841,2025-11-28 21:35:00,2025-11-28 21:42:00,M,50+,office,seoul,0,0,0,0,18,0,0,36,0,0,completed
21840,U1842,2025-07-27 09:17:00,2025-07-27 09:19:00,F,50+,office,seoul,1,0,0,0,15,0,0,19,0,0,completed
21841,U1843,2025-08-05 20:53:00,2025-08-05 20:57:00,M,30~39,office,seoul,0,0,0,0,12,0,0,12,0,0,completed
21842,U1844,2025-04-24 11:16:00,2025-04-24 11:18:00,F,20~29,office,seoul,0,0,0,0,12,0,0,21,0,0,completed
21843,U1845,2025-05-11 07:12:00,2025-05-11 07:15:00,F,40~49,office,seoul,1,0,0,0,8,0,0,77,0,0,completed
21844,U1846,2025-07-07 15:35:00,2025-07-07 15:38:00,M,40~49,office,seoul,0,0,0,0,0,0,0,75,0,0,completed
21845,U1847,2025-08-22 16:39:00,2025-08-22 16:42:00,F,30~39,office,seoul,0,0,0,0,15,0,0,20,0,0,completed
21846,U1848,2025-07-30 16:14:00,2025-07-30 16:18:00,M,30~39,office,seoul,0,0,0,0,25,0,0,22,0,0,completed
21847,U1849,2025-08-24 08:03:00,2025-08-24 08:06:00,F,20~29,office,seoul,1,0,0,0,26,0,0,55,0,0,completed
21848,U1850,2025-09-02 11:37:00,2025-09-02 11:40:00,M,30~39,office,seoul,0,0,0,0,3,0,0,53,0,0,completed
21849,U1851,2025-10-19 17:22:00,2025-10-19 17:29:00,F,20~29,office,seoul,1,0,0,0,20,0,0,26,0,0,completed
21850,U1852,2025-07-04 15:14:00,2025-07-04 15:19:00,F,20~29,office,seoul,0,0,0,0,15,0,0,70,0,0,completed
21851,U1853,2025-06-24 08:24:00,2025-06-24 08:27:00,M,20~29,office,seoul,0,0,0,0,20,0,0,55,0,0,abandoned
21852,U1854,2025-01-12 20:22:00,2025-01-12 20:29:00,M,30~39,office,seoul,1,0,0,0,29,0,0,46,0,0,completed
21853,U1855,2025-07-14 17:44:00,2025-07-14 17:48:00,M,30~39,office,seoul,0,0,0,0,24,0,0,71,0,0,completed
21854,U1856,2025-11-30 17:42:00,2025-11-30 17:49:00,F,20~29,office,seoul,1,0,0,0,19,0,0,37,0,0,completed
21855,U1857,2025-12-10 19:35:00,2025-12-10 19:37:00,M,30~39,office,seoul,0,0,0,0,24,0,0,21,0,0,completed
21856,U1858,2025-05-20 15:07:00,2025-05-20 15:09:00,F,50+,office,seoul,0,0,0,0,15,0,0,52,1,0,abandoned
21857,U1859,2025-01-07 18:35:00,2025-01-07 18:37:00,M,30~39,office,seoul,0,0,0,0,18,0,0,72,0,0,completed
21858,U1860,2025-03-01 08:58:00,2025-03-01 09:02:00,F,30~39,office,seoul,1,0,0,0,29,0,0,61,0,0,completed
21859,U1861,2025-11-10 17:42:00,2025-11-10 17:45:00,M,50+,office,seoul,0,0,0,0,13,0,0,46,0,0,completed
21860,U1862,2025-12-21 07:47:00,2025-12-21 07:50:00,M,30~39,office,seoul,1,0,0,0,4,0,0,44,0,0,error
21861,U1863,2025-05-03 12:10:00,2025-05-03 12:13:00,M,20~29,office,seoul,1,0,0,0,4,0,0,74,0,0,completed
21862,U1864,2025-12-27 18:26:00,2025-12-27 18:33:00,M,50+,office,seoul,1,0,0,0,23,0,0,35,0,0,abandoned
21863,U1865,2025-05-25 12:47:00,2025-05-25 12:52:00,M,40~49,office,seoul,1,0,0,0,23,0,0,74,0,0,completed
21864,U1866,2025-10-01 09:12:00,2025-10-01 09:16:00,M,30~39,office,seoul,0,0,0,0,28,0,0,54,1,0,completed
21865,U1867,2025-09-23 18:22:00,2025-09-23 18:26:00,F,20~29,office,seoul,0,0,0,0,8,0,0,71,1,0,completed
21866,U1868,2025-12-03 15:35:00,2025-12-03 15:37:00,M,20~29,office,seoul,0,0,0,0,2,0,0,54,0,0,completed
21867,U1869,2025-03-01 20:27:00,2025-03-01 20:29:00,M,20~29,office,seoul,1,0,0,0,14,0,0,73,0,0,completed
21868,U1870,2025-12-18 12:19:00,2025-12-18 12:26:00,F,30~39,office,seoul,0,0,0,0,24,0,0,50,0,0,completed
21869,U1871,2025-12-13 16:09:00,2025-12-13 16:14:00,F,20~29,office,seoul,1,0,0,0,1,0,0,54,0,0,abandoned
21870,U1872,2025-08-19 17:58:00,2025-08-19 18:05:00,F,30~39,office,seoul,0,0,0,0,10,0,0,15,0,0,completed
21871,U1873,2025-12-26 19:53:00,2025-12-26 19:57:00,M,30~39,office,seoul,0,0,0,0,13,0,0,71,0,0,completed
21872,U1874,2025-07-04 12:56:00,2025-07-04 12:58:00,F,30~39,office,seoul,0,0,0,0,3,0,0,55,0,0,completed
21873,U1875,2025-07-31 22:45:00,2025-07-31 22:47:00,F,30~39,office,seoul,0,0,0,0,11,0,0,16,0,0,completed
21874,U1876,2025-10-29 12:32:00,2025-10-29 12:35:00,M,40~49,office,seoul,0,0,0,0,4,0,0,52,0,0,completed
21875,U1877,2025-04-12 12:47:00,2025-04-12 12:49:00,M,20~29,office,seoul,1,0,0,0,18,0,0,78,0,0,completed
21876,U1878,2025-08-11 15:47:00,2025-08-11 15:53:00,M,20~29,office,seoul,0,0,0,0,17,0,0,35,0,0,error
21877,U1879,2025-08-28 12:24:00,2025-08-28 12:28:00,F,20~29,office,seoul,0,0,0,0,16,0,0,16,0,0,completed
21878,U1880,2025-01-31 22:59:00,2025-01-31 23:03:00,F,40~49,office,seoul,0,0,0,0,16,0,0,18,0,0,completed
21879,U1881,2025-02-26 14:05:00,2025-02-26 14:12:00,M,20~29,office,seoul,0,0,0,0,29,0,0,22,0,0,completed
21880,U1882,2025-02-12 18:01:00,2025-02-12 18:03:00,F,20~29,office,seoul,0,0,0,0,9,0,0,10,0,0,timeout
21881,U1883,2025-05-30 15:31:00,2025-05-30 15:36:00,F,30~39,office,seoul,0,0,0,0,17,0,0,62,0,0,completed
21882,U1884,2025-11-26 14:06:00,2025-11-26 14:13:00,F,40~49,office,seoul,0,0,0,0,19,0,0,51,0,0,completed
21883,U1885,2025-11-13 19:04:00,2025-11-13 19:09:00,M,20~29,office,seoul,0,0,0,0,0,0,0,16,0,0,completed
21884,U1886,2025-09-26 12:35:00,2025-09-26 12:39:00,M,40~49,office,seoul,0,0,0,0,26,0,0,30,0,0,completed
21885,U1887,2025-11-25 17:48:00,2025-11-25 17:51:00,M,20~29,office,seoul,0,0,0,0,20,0,0,29,0,0,completed
21886,U1888,2025-04-07 19:17:00,2025-04-07 19:22:00,F,50+,office,seoul,0,0,0,0,23,0,0,44,0,0,completed
21887,U1889,2025-03-27 14:31:00,2025-03-27 14:33:00,F,30~39,office,seoul,0,0,0,0,21,0,0,22,0,0,completed
21888,U1890,2025-03-30 14:42:00,2025-03-30 14:47:00,F,20~29,office,seoul,1,0,0,0,12,0,0,72,0,0,timeout
21889,U1891,2025-12-26 12:12:00,2025-12-26 12:14:00,F,30~39,office,seoul,0,0,0,0,19,0,0,23,0,0,completed
21890,U1892,2025-02-21 12:34:00,2025-02-21 12:39:00,F,40~49,office,seoul,0,0,0,0,7,0,0,15,0,0,completed
21891,U1893,2025-02-19 20:13:00,2025-02-19 20:17:00,F,20~29,office,seoul,0,0,0,0,7,0,0,76,0,0,completed
21892,U1894,2025-04-29 18:25:00,2025-04-29 18:28:00,F,50+,office,seoul,0,0,0,0,20,0,0,46,1,0,completed
21893,U1895,2025-06-20 12:34:00,2025-06-20 12:37:00,M,30~39,office,seoul,0,0,0,0,4,0,0,13,0,0,completed
21894,U1896,2025-10-01 12:28:00,2025-10-01 12:31:00,F,20~29,office,seoul,0,0,0,0,5,0,0,77,0,0,timeout
21895,U1897,2025-05-15 09:36:00,2025-05-15 09:39:00,F,40~49,office,seoul,0,0,0,0,20,0,0,39,0,1,completed
21896,U1898,2025-02-04 12:51:00,2025-02-04 12:56:00,F,20~29,office,seoul,0,0,0,0,22,0,0,77,0,0,completed
21897,U1899,2025-07-15 18:13:00,2025-07-15 18:17:00,F,30~39,office,seoul,0,0,0,0,7,0,0,17,0,0,completed
21898,U1900,2025-08-12 11:12:00,2025-08-12 11:16:00,F,20~29,office,seoul,0,0,0,0,22,0,0,30,0,0,completed
21899,U1901,2025-03-11 13:25:00,2025-03-11 13:30:00,F,50+,office,seoul,0,0,0,0,13,0,0,60,0,0,completed
21900,U1902,2025-09-22 15:40:00,2025-09-22 15:44:00,M,40~49,office,seoul,0,0,0,0,4,0,0,48,0,0,abandoned
21901,U1903,2025-09-21 16:33:00,2025-09-21 16:37:00,M,20~29,office,seoul,1,0,0,0,21,0,0,54,0,0,completed
21902,U1904,2025-07-31 22:35:00,2025-07-31 22:42:00,F,50+,office,seoul,0,0,0,0,24,0,0,74,0,0,completed
21903,U1905,2025-02-06 09:38:00,2025-02-06 09:44:00,M,20~29,office,seoul,0,0,0,0,2,0,0,48,0,0,completed
21904,U1906,2025-01-29 17:44:00,2025-01-29 17:47:00,F,20~29,office,seoul,0,0,0,0,28,0,0,51,0,0,completed
21905,U1907,2025-06-25 14:54:00,2025-06-25 14:59:00,M,20~29,office,seoul,0,0,0,0,18,0,0,59,0,0,completed
21906,U1908,2025-05-29 17:31:00,2025-05-29 17:36:00,F,50+,office,seoul,0,0,0,0,22,0,0,43,1,1,completed
21907,U1909,2025-10-14 15:47:00,2025-10-14 15:53:00,F,30~39,office,seoul,0,0,0,0,7,0,0,37,0,0,completed
21908,U1910,2025-11-02 08:40:00,2025-11-02 08:45:00,M,30~39,office,seoul,1,0,0,0,0,0,0,12,0,0,completed
21909,U1911,2025-09-20 09:07:00,2025-09-20 09:13:00,M,30~39,office,seoul,1,0,0,0,17,0,0,64,0,0,completed
21910,U1912,2025-05-26 16:34:00,2025-05-26 16:38:00,F,40~49,office,seoul,0,0,0,0,5,0,0,60,0,0,completed
21911,U1913,2025-03-08 09:47:00,2025-03-08 09:49:00,F,30~39,office,seoul,1,0,0,0,2,0,0,67,0,0,abandoned
21912,U1914,2025-03-06 13:38:00,2025-03-06 13:43:00,M,30~39,office,seoul,0,0,0,0,24,0,0,69,0,0,completed
21913,U1915,2025-02-02 08:09:00,2025-02-02 08:15:00,M,50+,office,seoul,1,0,0,0,3,0,0,75,0,1,completed
21914,U1916,2025-02-14 17:39:00,2025-02-14 17:46:00,F,20~29,office,seoul,0,0,0,0,9,0,0,34,0,0,completed
21915,U1917,2025-10-07 18:52:00,2025-10-07 18:58:00,M,50+,office,seoul,0,0,0,0,5,0,0,27,0,0,completed
21916,U1918,2025-08-09 15:22:00,2025-08-09 15:28:00,F,30~39,office,seoul,1,0,0,0,23,0,0,18,0,0,completed
21917,U1919,2025-11-23 12:14:00,2025-11-23 12:21:00,F,30~39,office,seoul,1,0,0,0,23,0,0,72,0,0,completed
21918,U1920,2025-03-18 21:23:00,2025-03-18 21:27:00,F,20~29,office,seoul,0,0,0,0,16,0,0,10,0,0,completed
21919,U1921,2025-08-09 21:18:00,2025-08-09 21:23:00,F,30~39,office,seoul,1,0,0,0,27,0,0,13,0,0,completed
21920,U1922,2025-07-07 15:00:00,2025-07-07 15:02:00,F,50+,office,seoul,0,0,0,0,9,0,0,43,0,0,completed
21921,U1923,2025-11-21 13:18:00,2025-11-21 13:25:00,F,30~39,office,seoul,0,0,0,0,16,0,0,78,0,0,completed
21922,U1924,2025-08-14 19:30:00,2025-08-14 19:34:00,F,20~29,office,seoul,0,0,0,0,13,0,0,72,0,0,completed
21923,U1925,2025-11-18 19:25:00,2025-11-18 19:32:00,F,40~49,office,seoul,0,0,0,0,18,0,0,17,0,0,completed
21924,U1926,2025-01-21 09:33:00,2025-01-21 09:37:00,F,50+,office,seoul,0,0,0,0,2,0,0,61,0,0,abandoned
21925,U1927,2025-09-28 08:17:00,2025-09-28 08:21:00,F,20~29,office,seoul,1,0,0,0,15,0,0,11,0,0,completed
21926,U1928,2025-10-12 12:35:00,2025-10-12 12:37:00,F,20~29,office,seoul,1,0,0,0,28,0,0,52,0,0,completed
21927,U1929,2025-07-20 09:04:00,2025-07-20 09:09:00,F,40~49,office,seoul,1,0,0,0,8,0,0,54,0,0,abandoned
21928,U1930,2025-06-18 16:10:00,2025-06-18 16:14:00,M,30~39,office,seoul,0,0,0,0,4,0,0,13,0,0,completed
21929,U1931,2025-12-02 08:25:00,2025-12-02 08:30:00,M,30~39,office,seoul,0,0,0,0,23,0,0,18,0,0,completed
21930,U1932,2025-08-12 20:41:00,2025-08-12 20:45:00,M,30~39,office,seoul,0,0,0,0,5,0,0,61,0,0,completed
21931,U1933,2025-02-20 14:02:00,2025-02-20 14:05:00,M,30~39,office,seoul,0,0,0,0,20,0,0,33,0,0,completed
21932,U1934,2025-05-14 11:20:00,2025-05-14 11:25:00,M,50+,office,seoul,0,0,0,0,5,0,0,24,0,1,completed
21933,U1935,2025-04-15 08:39:00,2025-04-15 08:42:00,M,50+,office,seoul,0,0,0,0,18,0,0,78,0,1,completed
21934,U1936,2025-10-09 14:05:00,2025-10-09 14:07:00,M,40~49,office,seoul,0,0,0,0,0,0,0,34,0,0,completed
21935,U1937,2025-09-23 15:58:00,2025-09-23 16:03:00,F,50+,office,seoul,0,0,0,0,16,0,0,52,0,0,completed
21936,U1938,2025-08-07 08:58:00,2025-08-07 09:04:00,M,30~39,office,seoul,0,0,0,0,27,0,0,57,0,0,error
21937,U1939,2025-02-08 18:55:00,2025-02-08 19:00:00,F,20~29,office,seoul,1,0,0,0,7,0,0,55,0,0,completed
21938,U1940,2025-05-04 18:36:00,2025-05-04 18:38:00,F,40~49,office,seoul,1,0,0,0,0,0,0,49,0,0,completed
21939,U1941,2025-10-18 12:23:00,2025-10-18 12:29:00,F,40~49,office,seoul,1,0,0,0,17,0,0,74,0,0,completed
21940,U1942,2025-06-08 14:37:00,2025-06-08 14:39:00,M,20~29,office,seoul,1,0,0,0,20,0,0,62,0,0,error
21941,U1943,2025-11-19 12:53:00,2025-11-19 13:00:00,F,20~29,office,seoul,0,0,0,0,4,0,0,46,0,0,completed
21942,U1944,2025-07-02 14:00:00,2025-07-02 14:02:00,M,30~39,office,seoul,0,0,0,0,3,0,0,46,0,0,completed
21943,U1945,2025-01-03 18:25:00,2025-01-03 18:28:00,F,30~39,office,seoul,0,0,0,0,29,0,0,63,0,0,completed
21944,U1946,2025-05-19 13:24:00,2025-05-19 13:27:00,F,30~39,office,seoul,0,0,0,0,28,0,0,57,0,0,completed
21945,U1947,2025-11-16 18:19:00,2025-11-16 18:26:00,M,50+,office,seoul,1,0,0,0,15,0,0,73,0,0,completed
21946,U1948,2025-03-04 20:11:00,2025-03-04 20:16:00,F,20~29,office,seoul,0,0,0,0,12,0,0,71,0,0,completed
21947,U1949,2025-07-07 07:21:00,2025-07-07 07:27:00,F,20~29,office,seoul,0,0,0,0,22,0,0,46,0,0,completed
21948,U1950,2025-01-15 09:54:00,2025-01-15 09:57:00,F,30~39,office,seoul,0,0,0,0,14,0,0,44,0,0,completed
21949,U1951,2025-07-04 07:47:00,2025-07-04 07:51:00,M,20~29,office,seoul,0,0,0,0,15,0,0,11,0,0,completed
21950,U1952,2025-06-28 15:06:00,2025-06-28 15:13:00,F,20~29,office,seoul,1,0,0,0,7,0,0,57,0,0,completed
21951,U1953,2025-07-03 07:03:00,2025-07-03 07:06:00,M,40~49,office,seoul,0,0,0,0,8,0,0,53,0,0,completed
21952,U1954,2025-01-22 20:42:00,2025-01-22 20:49:00,M,20~29,office,seoul,0,0,0,0,28,0,0,65,0,0,completed
21953,U1955,2025-02-02 11:20:00,2025-02-02 11:27:00,M,20~29,office,seoul,1,0,0,0,29,0,0,39,0,0,timeout
21954,U1956,2025-01-01 18:23:00,2025-01-01 18:26:00,M,30~39,office,seoul,0,0,0,0,19,0,0,17,0,0,completed
21955,U1957,2025-04-10 13:21:00,2025-04-10 13:27:00,F,40~49,office,seoul,0,0,0,0,21,0,0,73,0,0,completed
21956,U1958,2025-10-23 12:15:00,2025-10-23 12:18:00,M,20~29,office,seoul,0,0,0,0,1,0,0,73,0,0,completed
21957,U1959,2025-09-24 18:42:00,2025-09-24 18:45:00,F,30~39,office,seoul,0,0,0,0,12,0,0,19,0,0,abandoned
21958,U1960,2025-11-30 08:25:00,2025-11-30 08:31:00,M,40~49,office,seoul,1,0,0,0,28,0,0,22,0,0,completed
21959,U1961,2025-08-14 16:00:00,2025-08-14 16:04:00,M,30~39,office,seoul,0,0,0,0,9,0,0,34,0,0,completed
21960,U1962,2025-08-15 09:53:00,2025-08-15 09:57:00,M,40~49,office,seoul,0,0,0,0,19,0,0,11,0,0,abandoned
21961,U1963,2025-04-13 16:27:00,2025-04-13 16:30:00,F,40~49,office,seoul,1,0,0,0,0,0,0,14,0,0,completed
21962,U1964,2025-04-01 20:17:00,2025-04-01 20:20:00,F,40~49,office,seoul,0,0,0,0,21,0,0,32,0,0,abandoned
21963,U1965,2025-07-10 16:01:00,2025-07-10 16:07:00,M,20~29,office,seoul,0,0,0,0,29,0,0,14,0,0,completed
21964,U1966,2025-07-03 14:06:00,2025-07-03 14:11:00,F,20~29,office,seoul,0,0,0,0,12,0,0,40,0,0,completed
21965,U1967,2025-02-27 19:49:00,2025-02-27 19:53:00,M,40~49,office,seoul,0,0,0,0,12,0,0,52,0,0,completed
21966,U1968,2025-06-24 14:06:00,2025-06-24 14:08:00,F,40~49,office,seoul,0,0,0,0,24,0,0,22,0,0,completed
21967,U1969,2025-10-26 16:38:00,2025-10-26 16:43:00,M,20~29,office,seoul,1,0,0,0,9,0,0,78,0,0,completed
21968,U1970,2025-12-23 15:50:00,2025-12-23 15:52:00,F,50+,office,seoul,0,0,0,0,15,0,0,72,0,0,completed
21969,U1971,2025-06-07 12:51:00,2025-06-07 12:54:00,F,20~29,office,seoul,1,0,0,0,20,0,0,35,0,0,completed
21970,U1972,2025-05-16 11:20:00,2025-05-16 11:22:00,M,50+,office,seoul,0,0,0,0,27,0,0,66,0,0,completed
21971,U1973,2025-05-17 15:36:00,2025-05-17 15:42:00,F,30~39,office,seoul,1,0,0,0,26,0,0,22,0,0,completed
21972,U1974,2025-01-06 17:49:00,2025-01-06 17:54:00,M,30~39,office,seoul,0,0,0,0,7,0,0,18,0,0,completed
21973,U1975,2025-05-21 18:18:00,2025-05-21 18:21:00,F,30~39,office,seoul,0,0,0,0,16,0,0,49,0,0,abandoned
21974,U1976,2025-12-29 09:52:00,2025-12-29 09:58:00,M,20~29,office,seoul,0,0,0,0,9,0,0,33,0,0,completed
21975,U1977,2025-05-03 13:27:00,2025-05-03 13:30:00,F,20~29,office,seoul,1,0,0,0,5,0,0,19,0,0,completed
21976,U1978,2025-12-22 16:41:00,2025-12-22 16:47:00,M,20~29,office,seoul,0,0,0,0,17,0,0,62,0,0,completed
21977,U1979,2025-01-04 14:02:00,2025-01-04 14:06:00,F,30~39,office,seoul,1,0,0,0,17,0,0,62,0,0,completed
21978,U1980,2025-10-08 09:03:00,2025-10-08 09:06:00,M,50+,office,seoul,0,0,0,0,8,0,0,78,0,1,completed
21979,U1981,2025-07-08 14:58:00,2025-07-08 15:01:00,F,30~39,office,seoul,0,0,0,0,23,0,0,16,0,0,abandoned
21980,U1982,2025-07-03 09:18:00,2025-07-03 09:23:00,F,30~39,office,seoul,0,0,0,0,6,0,0,60,0,0,completed
21981,U1983,2025-06-25 12:35:00,2025-06-25 12:41:00,F,50+,office,seoul,0,0,0,0,4,0,0,65,0,0,completed
21982,U1984,2025-01-10 15:07:00,2025-01-10 15:14:00,F,40~49,office,seoul,0,0,0,0,24,0,0,20,0,0,completed
21983,U1985,2025-02-25 19:35:00,2025-02-25 19:37:00,M,30~39,office,seoul,0,0,0,0,20,0,0,69,0,0,completed
21984,U1986,2025-12-27 21:50:00,2025-12-27 21:55:00,F,20~29,office,seoul,1,0,0,0,14,0,0,53,0,0,completed
21985,U1987,2025-03-30 18:06:00,2025-03-30 18:08:00,F,20~29,office,seoul,1,0,0,0,27,0,0,49,0,0,completed
21986,U1988,2025-11-18 18:30:00,2025-11-18 18:32:00,F,50+,office,seoul,0,0,0,0,12,0,0,78,0,0,completed
21987,U1989,2025-02-03 14:33:00,2025-02-03 14:37:00,F,20~29,office,seoul,0,0,0,0,16,0,0,15,0,0,completed
21988,U1990,2025-09-13 18:33:00,2025-09-13 18:38:00,F,20~29,office,seoul,1,0,0,0,10,0,0,68,0,0,completed
21989,U1991,2025-02-08 09:07:00,2025-02-08 09:13:00,M,30~39,office,seoul,1,0,0,0,13,0,0,41,0,0,completed
21990,U1992,2025-10-10 08:10:00,2025-10-10 08:16:00,F,20~29,office,seoul,0,0,0,0,0,0,0,70,0,0,completed
21991,U1993,2025-05-27 14:28:00,2025-05-27 14:33:00,M,30~39,office,seoul,0,0,0,0,11,0,0,70,0,0,completed
21992,U1994,2025-09-19 13:04:00,2025-09-19 13:11:00,F,20~29,office,seoul,0,0,0,0,20,0,0,57,0,0,completed
21993,U1995,2025-11-24 17:11:00,2025-11-24 17:15:00,F,40~49,office,seoul,0,0,0,0,7,0,0,55,1,0,error
21994,U1996,2025-10-17 15:06:00,2025-10-17 15:08:00,M,40~49,office,seoul,0,0,0,0,10,0,0,16,0,0,abandoned
21995,U1997,2025-05-18 14:13:00,2025-05-18 14:19:00,M,30~39,office,seoul,1,0,0,0,29,0,0,65,0,0,completed
21996,U1998,2025-06-21 15:12:00,2025-06-21 15:19:00,F,20~29,office,seoul,1,0,0,0,13,0,0,36,0,0,completed
21997,U1999,2025-05-26 08:09:00,2025-05-26 08:16:00,M,40~49,office,seoul,0,0,0,0,17,0,0,12,0,0,completed
21998,U2000,2025-08-04 20:54:00,2025-08-04 21:00:00,F,40~49,office,seoul,0,0,0,0,29,0,0,52,0,0,completed
21999,U2001,2025-02-05 12:15:00,2025-02-05 12:17:00,F,30~39,office,seoul,0,0,0,0,7,0,0,55,0,0,completed
22000,U2002,2025-04-29 15:38:00,2025-04-29 15:42:00,F,20~29,office,seoul,0,0,0,0,12,0,0,43,0,0,completed
22001,U2003,2025-06-25 14:47:00,2025-06-25 14:50:00,F,20~29,office,seoul,0,0,0,0,27,0,0,16,0,0,completed
22002,U2004,2025-06-08 08:02:00,2025-06-08 08:08:00,F,20~29,office,seoul,1,0,0,0,9,0,0,31,0,0,completed
22003,U2005,2025-09-13 14:47:00,2025-09-13 14:49:00,M,30~39,office,seoul,1,0,0,0,26,0,0,46,0,0,completed
22004,U2006,2025-06-07 14:04:00,2025-06-07 14:09:00,M,20~29,office,seoul,1,0,0,0,10,0,0,53,0,0,completed
22005,U2007,2025-06-03 18:27:00,2025-06-03 18:33:00,F,20~29,office,seoul,0,0,0,0,18,0,0,31,0,0,completed
22006,U2008,2025-11-24 07:29:00,2025-11-24 07:33:00,F,30~39,office,seoul,0,0,0,0,24,0,0,77,0,0,abandoned
22007,U2009,2025-06-03 08:22:00,2025-06-03 08:25:00,M,40~49,office,seoul,0,0,0,0,22,0,0,47,1,0,completed
22008,U2010,2025-05-25 16:02:00,2025-05-25 16:05:00,F,30~39,office,seoul,1,0,0,0,10,0,0,35,0,0,completed
22009,U2011,2025-09-24 14:33:00,2025-09-24 14:36:00,F,30~39,office,seoul,0,0,0,0,6,0,0,17,0,0,completed
22010,U2012,2025-02-28 13:45:00,2025-02-28 13:48:00,M,20~29,office,seoul,0,0,0,0,13,0,0,43,0,1,timeout
22011,U2013,2025-02-14 09:36:00,2025-02-14 09:43:00,M,30~39,office,seoul,0,0,0,0,23,0,0,24,0,0,completed
22012,U2014,2025-04-08 09:01:00,2025-04-08 09:05:00,M,20~29,office,seoul,0,0,0,0,12,0,0,61,0,0,completed
22013,U2015,2025-04-18 15:19:00,2025-04-18 15:26:00,M,20~29,office,seoul,0,0,0,0,27,0,0,20,0,0,completed
22014,U2016,2025-01-16 21:35:00,2025-01-16 21:42:00,F,20~29,office,seoul,0,0,0,0,22,0,0,38,0,0,completed
22015,U2017,2025-11-11 11:31:00,2025-11-11 11:34:00,F,40~49,office,seoul,0,0,0,0,28,0,0,55,0,0,completed
22016,U2018,2025-10-05 15:32:00,2025-10-05 15:37:00,M,20~29,office,seoul,1,0,0,0,3,0,0,52,0,0,completed
22017,U2019,2025-03-18 12:18:00,2025-03-18 12:22:00,M,30~39,office,seoul,0,0,0,0,5,0,0,57,0,0,completed
22018,U2020,2025-02-13 16:51:00,2025-02-13 16:57:00,F,20~29,office,seoul,0,0,0,0,22,0,0,67,0,0,timeout
22019,U2021,2025-03-05 12:20:00,2025-03-05 12:26:00,F,30~39,office,seoul,0,0,0,0,4,0,0,17,0,0,completed
22020,U2022,2025-04-12 07:55:00,2025-04-12 08:02:00,F,30~39,office,seoul,1,0,0,0,1,0,0,14,0,0,completed
22021,U2023,2025-08-25 18:22:00,2025-08-25 18:27:00,F,20~29,office,seoul,0,0,0,0,28,0,0,59,0,0,completed
22022,U2024,2025-12-19 17:09:00,2025-12-19 17:14:00,F,30~39,office,seoul,0,0,0,0,16,0,0,23,0,0,completed
22023,U2025,2025-04-10 22:01:00,2025-04-10 22:04:00,M,50+,office,seoul,0,0,0,0,15,0,0,68,0,0,completed
22024,U2026,2025-04-17 07:14:00,2025-04-17 07:16:00,F,30~39,office,seoul,0,0,0,0,22,0,0,42,0,0,completed
22025,U2027,2025-11-01 09:38:00,2025-11-01 09:43:00,F,40~49,office,seoul,1,0,0,0,21,0,0,22,0,0,completed
22026,U2028,2025-05-14 19:10:00,2025-05-14 19:12:00,F,50+,office,seoul,0,0,0,0,14,0,0,67,0,0,completed
22027,U2029,2025-11-09 17:01:00,2025-11-09 17:03:00,F,30~39,office,seoul,1,0,0,0,5,0,0,18,0,0,completed
22028,U2030,2025-03-01 17:10:00,2025-03-01 17:17:00,M,40~49,office,seoul,1,0,0,0,0,0,0,12,0,0,completed
22029,U2031,2025-09-23 13:39:00,2025-09-23 13:44:00,F,50+,office,seoul,0,0,0,0,4,0,0,55,0,0,completed
22030,U2032,2025-08-08 18:22:00,2025-08-08 18:26:00,M,40~49,office,seoul,0,0,0,0,12,0,0,21,0,0,error
22031,U2033,2025-03-21 19:01:00,2025-03-21 19:05:00,M,20~29,office,seoul,0,0,0,0,29,0,0,38,0,0,completed
22032,U2034,2025-02-27 12:06:00,2025-02-27 12:13:00,F,20~29,office,seoul,0,0,0,0,19,0,0,46,0,0,completed
22033,U2035,2025-12-03 08:59:00,2025-12-03 09:05:00,F,20~29,office,seoul,0,0,0,0,15,0,0,57,0,0,completed
22034,U2036,2025-06-15 11:48:00,2025-06-15 11:50:00,F,50+,office,seoul,1,0,0,0,0,0,0,50,0,0,abandoned
22035,U2037,2025-08-04 20:27:00,2025-08-04 20:30:00,F,40~49,office,seoul,0,0,0,0,21,0,0,43,0,0,completed
22036,U2038,2025-03-30 13:24:00,2025-03-30 13:29:00,F,20~29,office,seoul,1,0,0,0,1,0,0,33,0,0,completed
22037,U2039,2025-01-09 15:21:00,2025-01-09 15:25:00,M,30~39,office,seoul,0,0,0,0,26,0,0,50,0,0,completed
22038,U2040,2025-11-19 14:08:00,2025-11-19 14:10:00,M,40~49,office,seoul,0,0,0,0,10,0,0,49,0,0,completed
22039,U2041,2025-06-04 14:58:00,2025-06-04 15:04:00,F,40~49,office,seoul,0,0,0,0,20,0,0,21,0,0,completed
22040,U2042,2025-09-01 07:59:00,2025-09-01 08:04:00,F,50+,office,seoul,0,0,0,0,14,0,0,22,0,0,completed
22041,U2043,2025-11-03 14:49:00,2025-11-03 14:52:00,M,30~39,office,seoul,0,0,0,0,28,0,0,15,0,0,abandoned
22042,U2044,2025-02-20 20:09:00,2025-02-20 20:12:00,F,40~49,office,seoul,0,0,0,0,6,0,0,38,0,0,completed
22043,U2045,2025-08-03 18:50:00,2025-08-03 18:52:00,F,50+,office,seoul,1,0,0,0,4,0,0,41,0,0,completed
22044,U2046,2025-02-23 09:36:00,2025-02-23 09:43:00,F,30~39,office,seoul,1,0,0,0,20,0,0,49,0,0,completed
22045,U2047,2025-12-17 17:53:00,2025-12-17 17:55:00,F,20~29,office,seoul,0,0,0,0,26,0,0,20,0,0,error
22046,U2048,2025-05-28 18:53:00,2025-05-28 18:56:00,F,20~29,office,seoul,0,0,0,0,24,0,0,19,0,0,completed
22047,U2049,2025-05-02 19:49:00,2025-05-02 19:55:00,F,50+,office,seoul,0,0,0,0,16,0,0,72,0,0,completed
22048,U2050,2025-08-27 13:17:00,2025-08-27 13:24:00,M,30~39,office,seoul,0,0,0,0,13,0,0,71,0,0,completed
22049,U2051,2025-08-11 12:27:00,2025-08-11 12:29:00,F,30~39,office,seoul,0,0,0,0,27,0,0,23,0,0,completed
22050,U2052,2025-08-29 09:02:00,2025-08-29 09:07:00,F,50+,office,seoul,0,0,0,0,22,0,0,18,0,0,completed
22051,U2053,2025-12-23 17:55:00,2025-12-23 18:02:00,F,50+,office,seoul,0,0,0,0,7,0,0,57,0,0,completed
22052,U2054,2025-01-16 19:24:00,2025-01-16 19:26:00,F,20~29,office,seoul,0,0,0,0,18,0,0,78,0,0,completed
22053,U2055,2025-04-25 07:53:00,2025-04-25 07:58:00,F,40~49,office,seoul,0,0,0,0,13,0,0,11,0,0,completed
22054,U2056,2025-12-28 08:04:00,2025-12-28 08:11:00,F,30~39,office,seoul,1,0,0,0,22,0,0,21,0,0,completed
22055,U2057,2025-12-08 12:09:00,2025-12-08 12:13:00,M,40~49,office,seoul,0,0,0,0,12,0,0,66,0,0,completed
22056,U2058,2025-05-11 16:18:00,2025-05-11 16:21:00,M,30~39,office,seoul,1,0,0,0,14,0,0,26,0,0,completed
22057,U2059,2025-10-08 20:33:00,2025-10-08 20:40:00,F,40~49,office,seoul,0,0,0,0,10,0,0,79,0,0,abandoned
22058,U2060,2025-10-19 14:25:00,2025-10-19 14:29:00,F,20~29,office,seoul,1,0,0,0,29,0,0,51,0,0,completed
22059,U2061,2025-07-18 19:22:00,2025-07-18 19:26:00,M,50+,office,seoul,0,0,0,0,28,0,0,19,0,0,completed
22060,U2062,2025-04-07 15:58:00,2025-04-07 16:04:00,F,20~29,office,seoul,0,0,0,0,14,0,0,52,0,0,completed
22061,U2063,2025-09-13 12:04:00,2025-09-13 12:08:00,F,30~39,office,seoul,1,0,0,0,27,0,0,47,0,0,completed
22062,U2064,2025-07-27 12:55:00,2025-07-27 13:00:00,M,30~39,office,seoul,1,0,0,0,21,0,0,28,0,0,completed
22063,U2065,2025-07-04 15:59:00,2025-07-04 16:03:00,F,50+,office,seoul,0,0,0,0,15,0,0,67,0,0,completed
22064,U2066,2025-01-26 16:02:00,2025-01-26 16:05:00,M,30~39,office,seoul,1,0,0,0,3,0,0,39,0,0,completed
22065,U2067,2025-07-11 20:53:00,2025-07-11 21:00:00,M,30~39,office,seoul,0,0,0,0,19,0,0,54,0,0,completed
22066,U2068,2025-12-08 08:06:00,2025-12-08 08:12:00,F,20~29,office,seoul,0,0,0,0,5,0,0,70,0,0,completed
22067,U2069,2025-07-26 08:49:00,2025-07-26 08:51:00,M,20~29,office,seoul,1,0,0,0,27,0,0,67,0,0,completed
22068,U2070,2025-11-30 14:29:00,2025-11-30 14:34:00,M,40~49,office,seoul,1,0,0,0,25,0,0,67,0,0,completed
22069,U2071,2025-07-17 15:11:00,2025-07-17 15:15:00,F,20~29,office,seoul,0,0,0,0,12,0,0,24,0,0,completed
22070,U2072,2025-10-07 09:22:00,2025-10-07 09:29:00,M,40~49,office,seoul,0,0,0,0,24,0,0,77,1,0,completed
22071,U2073,2025-02-03 16:16:00,2025-02-03 16:18:00,F,40~49,office,seoul,0,0,0,0,23,0,0,28,0,0,completed
22072,U2074,2025-10-11 11:14:00,2025-10-11 11:18:00,F,20~29,office,seoul,1,0,0,0,9,0,0,37,0,0,completed
22073,U2075,2025-08-13 12:24:00,2025-08-13 12:28:00,F,30~39,office,seoul,0,0,0,0,25,0,0,26,0,0,completed
22074,U2076,2025-04-30 14:03:00,2025-04-30 14:05:00,F,20~29,office,seoul,0,0,0,0,3,0,0,28,0,0,completed
22075,U2077,2025-09-29 22:51:00,2025-09-29 22:58:00,F,30~39,office,seoul,0,0,0,0,25,0,0,22,0,0,completed
22076,U2078,2025-03-26 11:54:00,2025-03-26 12:01:00,F,20~29,office,seoul,0,0,0,0,11,0,0,61,0,0,error
22077,U2079,2025-10-22 13:44:00,2025-10-22 13:46:00,M,50+,office,seoul,0,0,0,0,15,0,0,69,0,0,completed
22078,U2080,2025-06-27 13:50:00,2025-06-27 13:54:00,M,20~29,office,seoul,0,0,0,0,29,0,0,55,0,0,completed
22079,U2081,2025-05-13 12:22:00,2025-05-13 12:24:00,F,40~49,office,seoul,0,0,0,0,7,0,0,34,0,0,completed
22080,U2082,2025-12-11 14:28:00,2025-12-11 14:35:00,M,30~39,office,seoul,0,0,0,0,25,0,0,26,0,0,completed
22081,U2083,2025-08-09 13:26:00,2025-08-09 13:31:00,F,30~39,office,seoul,1,0,0,0,6,0,0,65,0,0,completed
22082,U2084,2025-06-23 16:14:00,2025-06-23 16:20:00,M,50+,office,seoul,0,0,0,0,22,0,0,40,0,1,completed
22083,U2085,2025-04-14 17:59:00,2025-04-14 18:06:00,F,40~49,office,seoul,0,0,0,0,2,0,0,62,0,0,completed
22084,U2086,2025-08-02 12:57:00,2025-08-02 13:01:00,M,50+,office,seoul,1,0,0,0,10,0,0,26,0,0,completed
22085,U2087,2025-08-12 09:23:00,2025-08-12 09:26:00,M,50+,office,seoul,0,0,0,0,14,0,0,20,0,0,completed
22086,U2088,2025-05-11 11:01:00,2025-05-11 11:08:00,F,50+,office,seoul,1,0,0,0,16,0,0,65,0,0,completed
22087,U2089,2025-10-19 09:53:00,2025-10-19 10:00:00,F,20~29,office,seoul,1,0,0,0,7,0,0,16,0,0,completed
22088,U2090,2025-01-12 14:18:00,2025-01-12 14:24:00,F,40~49,office,seoul,1,0,0,0,2,0,0,34,0,0,completed
22089,U2091,2025-06-24 15:07:00,2025-06-24 15:13:00,M,30~39,office,seoul,0,0,0,0,1,0,0,63,0,0,completed
22090,U2092,2025-02-20 22:07:00,2025-02-20 22:13:00,F,20~29,office,seoul,0,0,0,0,3,0,0,59,0,0,completed
22091,U2093,2025-08-26 12:50:00,2025-08-26 12:53:00,F,40~49,office,seoul,0,0,0,0,16,0,0,73,0,0,completed
22092,U2094,2025-01-03 13:23:00,2025-01-03 13:30:00,M,40~49,office,seoul,0,0,0,0,1,0,0,36,1,0,completed
22093,U2095,2025-03-26 14:27:00,2025-03-26 14:31:00,F,20~29,office,seoul,0,0,0,0,8,0,0,49,0,0,completed
22094,U2096,2025-02-04 13:28:00,2025-02-04 13:32:00,F,30~39,office,seoul,0,0,0,0,13,0,0,22,0,0,completed
22095,U2097,2025-10-06 17:29:00,2025-10-06 17:36:00,M,20~29,office,seoul,0,0,0,0,22,0,0,33,0,0,completed
22096,U2098,2025-07-30 09:21:00,2025-07-30 09:26:00,M,30~39,office,seoul,0,0,0,0,13,0,0,39,0,0,completed
22097,U2099,2025-08-31 15:34:00,2025-08-31 15:38:00,M,40~49,office,seoul,1,0,0,0,6,0,0,45,0,0,completed
22098,U2100,2025-03-28 19:38:00,2025-03-28 19:45:00,M,50+,office,seoul,0,0,0,0,0,0,0,46,0,0,completed
22099,U2101,2025-07-15 21:16:00,2025-07-15 21:21:00,M,50+,office,seoul,0,0,0,0,12,0,0,17,0,0,completed
22100,U2102,2025-04-29 16:16:00,2025-04-29 16:22:00,M,20~29,office,seoul,0,0,0,0,6,0,0,65,0,0,error
22101,U2103,2025-01-14 07:35:00,2025-01-14 07:40:00,M,20~29,office,seoul,0,0,0,0,8,0,0,41,0,0,completed
22102,U2104,2025-02-04 08:07:00,2025-02-04 08:14:00,F,20~29,office,seoul,0,0,0,0,16,0,0,32,0,0,completed
22103,U2105,2025-01-08 13:33:00,2025-01-08 13:39:00,F,20~29,office,seoul,0,0,0,0,26,0,0,51,0,0,completed
22104,U2106,2025-12-16 13:22:00,2025-12-16 13:26:00,M,30~39,office,seoul,0,0,0,0,17,0,0,17,0,0,completed
22105,U2107,2025-10-22 12:40:00,2025-10-22 12:44:00,M,30~39,office,seoul,0,0,0,0,6,0,0,71,0,0,completed
22106,U2108,2025-08-29 20:13:00,2025-08-29 20:19:00,M,20~29,office,seoul,0,0,0,0,1,0,0,61,0,0,completed
22107,U2109,2025-01-24 13:05:00,2025-01-24 13:07:00,F,50+,office,seoul,0,0,0,0,17,0,0,37,0,0,completed
22108,U2110,2025-09-04 07:22:00,2025-09-04 07:24:00,M,20~29,office,seoul,0,0,0,0,4,0,0,37,0,0,completed
22109,U2111,2025-02-17 09:07:00,2025-02-17 09:13:00,F,40~49,office,seoul,0,0,0,0,7,0,0,28,0,0,completed
22110,U2112,2025-08-16 13:53:00,2025-08-16 13:56:00,M,20~29,office,seoul,1,0,0,0,4,0,0,13,0,0,completed
22111,U2113,2025-04-23 08:25:00,2025-04-23 08:31:00,F,30~39,office,seoul,0,0,0,0,18,0,0,42,0,0,completed
22112,U2114,2025-03-14 09:38:00,2025-03-14 09:44:00,F,50+,office,seoul,0,0,0,0,10,0,0,66,0,0,completed
22113,U2115,2025-03-16 19:29:00,2025-03-16 19:35:00,F,30~39,office,seoul,1,0,0,0,2,0,0,50,0,0,completed
22114,U2116,2025-05-02 17:12:00,2025-05-02 17:16:00,M,20~29,office,seoul,0,0,0,0,2,0,0,69,0,0,completed
22115,U2117,2025-01-11 16:34:00,2025-01-11 16:37:00,F,40~49,office,seoul,1,0,0,0,6,0,0,38,0,0,completed
22116,U2118,2025-05-11 12:00:00,2025-05-11 12:03:00,M,50+,office,seoul,1,0,0,0,10,0,0,31,0,0,completed
22117,U2119,2025-01-31 13:07:00,2025-01-31 13:11:00,F,20~29,office,seoul,0,0,0,0,3,0,0,52,0,0,completed
22118,U2120,2025-02-11 18:19:00,2025-02-11 18:25:00,F,40~49,office,seoul,0,0,0,0,16,0,0,54,0,0,completed
22119,U2121,2025-09-11 16:39:00,2025-09-11 16:44:00,M,30~39,office,seoul,0,0,0,0,2,0,0,65,0,0,completed
22120,U2122,2025-02-05 15:46:00,2025-02-05 15:51:00,F,40~49,office,seoul,0,0,0,0,7,0,0,74,0,0,completed
22121,U2123,2025-05-13 07:40:00,2025-05-13 07:44:00,F,20~29,office,seoul,0,0,0,0,9,0,0,70,0,0,completed
22122,U2124,2025-04-12 09:52:00,2025-04-12 09:56:00,F,20~29,office,seoul,1,0,0,0,20,0,0,36,0,0,completed
22123,U2125,2025-03-27 08:05:00,2025-03-27 08:12:00,M,50+,office,seoul,0,0,0,0,18,0,0,76,0,1,completed
22124,U2126,2025-07-22 09:40:00,2025-07-22 09:46:00,F,50+,office,seoul,0,0,0,0,2,0,0,17,0,0,completed
22125,U2127,2025-02-13 18:13:00,2025-02-13 18:20:00,M,30~39,office,seoul,0,0,0,0,29,0,0,62,0,0,completed
22126,U2128,2025-04-12 08:47:00,2025-04-12 08:51:00,M,20~29,office,seoul,1,0,0,0,0,0,0,26,0,0,completed
22127,U2129,2025-06-13 15:15:00,2025-06-13 15:17:00,F,50+,office,seoul,0,0,0,0,28,0,0,11,0,0,completed
22128,U2130,2025-08-29 08:27:00,2025-08-29 08:34:00,M,30~39,office,seoul,0,0,0,0,7,0,0,23,0,0,completed
22129,U2131,2025-05-18 14:00:00,2025-05-18 14:06:00,F,30~39,office,seoul,1,0,0,0,8,0,0,75,0,0,error
22130,U2132,2025-04-28 16:42:00,2025-04-28 16:49:00,F,20~29,office,seoul,0,0,0,0,27,0,0,28,0,0,completed
22131,U2133,2025-01-20 19:22:00,2025-01-20 19:28:00,F,20~29,office,seoul,0,0,0,0,7,0,0,63,0,0,completed
22132,U2134,2025-03-24 08:35:00,2025-03-24 08:38:00,F,40~49,office,seoul,0,0,0,0,3,0,0,19,0,0,completed
22133,U2135,2025-01-09 20:48:00,2025-01-09 20:50:00,F,40~49,office,seoul,0,0,0,0,9,0,0,29,0,0,completed
22134,U2136,2025-08-25 07:50:00,2025-08-25 07:53:00,F,20~29,office,seoul,0,0,0,0,7,0,0,34,0,0,completed
22135,U2137,2025-02-12 19:45:00,2025-02-12 19:51:00,F,30~39,office,seoul,0,0,0,0,5,0,0,10,0,0,completed
22136,U2138,2025-11-17 08:08:00,2025-11-17 08:12:00,M,50+,office,seoul,0,0,0,0,4,0,0,54,0,0,completed
22137,U2139,2025-10-22 17:37:00,2025-10-22 17:41:00,M,20~29,office,seoul,0,0,0,0,20,0,0,11,0,0,completed
22138,U2140,2025-04-03 12:25:00,2025-04-03 12:30:00,M,50+,office,seoul,0,0,0,0,7,0,0,13,0,0,abandoned
22139,U2141,2025-08-31 12:32:00,2025-08-31 12:37:00,F,40~49,office,seoul,1,0,0,0,17,0,0,47,0,0,completed
22140,U2142,2025-04-19 15:52:00,2025-04-19 15:54:00,F,30~39,office,seoul,1,0,0,0,9,0,0,20,0,0,completed
22141,U2143,2025-01-31 13:33:00,2025-01-31 13:35:00,M,30~39,office,seoul,0,0,0,0,3,0,0,71,0,0,completed
22142,U2144,2025-03-21 18:09:00,2025-03-21 18:12:00,F,40~49,office,seoul,0,0,0,0,13,0,0,21,0,0,completed
22143,U2145,2025-11-29 08:34:00,2025-11-29 08:38:00,F,50+,office,seoul,1,0,0,0,14,0,0,64,0,0,abandoned
22144,U2146,2025-03-25 09:27:00,2025-03-25 09:34:00,F,20~29,office,seoul,0,0,0,0,1,0,0,53,0,0,completed
22145,U2147,2025-09-04 15:22:00,2025-09-04 15:28:00,M,40~49,office,seoul,0,0,0,0,22,0,0,21,0,0,completed
22146,U2148,2025-10-12 22:41:00,2025-10-12 22:48:00,F,30~39,office,seoul,1,0,0,0,7,0,0,52,0,0,completed
22147,U2149,2025-10-16 12:08:00,2025-10-16 12:13:00,F,20~29,office,seoul,0,0,0,0,9,0,0,22,0,0,completed
22148,U2150,2025-08-29 15:15:00,2025-08-29 15:21:00,M,30~39,office,seoul,0,0,0,0,23,0,0,64,0,0,timeout
22149,U2151,2025-02-07 18:41:00,2025-02-07 18:45:00,F,50+,office,seoul,0,0,0,0,20,0,0,14,1,0,completed
22150,U2152,2025-04-26 15:40:00,2025-04-26 15:47:00,F,20~29,office,seoul,1,0,0,0,25,0,0,24,0,0,completed
22151,U2153,2025-05-01 15:52:00,2025-05-01 15:55:00,M,20~29,office,seoul,0,0,0,0,23,0,0,17,0,0,completed
22152,U2154,2025-10-21 08:44:00,2025-10-21 08:47:00,M,50+,office,seoul,0,0,0,0,29,0,0,16,1,0,abandoned
22153,U2155,2025-12-14 17:14:00,2025-12-14 17:17:00,M,20~29,office,seoul,1,0,0,0,17,0,0,48,0,0,completed
22154,U2156,2025-04-10 11:27:00,2025-04-10 11:34:00,F,30~39,office,seoul,0,0,0,0,8,0,0,64,0,0,completed
22155,U2157,2025-04-23 16:49:00,2025-04-23 16:56:00,M,50+,office,seoul,0,0,0,0,8,0,0,42,0,1,completed
22156,U2158,2025-11-15 13:12:00,2025-11-15 13:15:00,M,30~39,office,seoul,1,0,0,0,12,0,0,64,0,0,completed
22157,U2159,2025-03-22 09:04:00,2025-03-22 09:10:00,M,40~49,office,seoul,1,0,0,0,29,0,0,73,0,0,abandoned
22158,U2160,2025-12-06 20:47:00,2025-12-06 20:51:00,F,20~29,office,seoul,1,0,0,0,11,0,0,45,0,0,completed
22159,U2161,2025-03-31 16:00:00,2025-03-31 16:02:00,M,40~49,office,seoul,0,0,0,0,23,0,0,62,0,1,abandoned
22160,U2162,2025-07-14 14:44:00,2025-07-14 14:51:00,F,30~39,office,seoul,0,0,0,0,11,0,0,40,0,0,timeout
22161,U2163,2025-07-12 09:45:00,2025-07-12 09:51:00,M,40~49,office,seoul,1,0,0,0,3,0,0,53,0,0,completed
22162,U2164,2025-10-28 15:44:00,2025-10-28 15:50:00,F,20~29,office,seoul,0,0,0,0,3,0,0,46,0,0,completed
22163,U2165,2025-07-07 21:37:00,2025-07-07 21:40:00,M,50+,office,seoul,0,0,0,0,18,0,0,49,0,0,completed
22164,U2166,2025-07-02 15:36:00,2025-07-02 15:42:00,M,30~39,office,seoul,0,0,0,0,22,0,0,38,0,0,completed
22165,U2167,2025-07-31 15:05:00,2025-07-31 15:10:00,M,30~39,office,seoul,0,0,0,0,18,0,0,31,0,0,completed
22166,U2168,2025-03-09 16:28:00,2025-03-09 16:30:00,F,20~29,office,seoul,1,0,0,0,22,0,0,23,0,0,timeout
22167,U2169,2025-06-01 12:38:00,2025-06-01 12:43:00,F,20~29,office,seoul,1,0,0,0,4,0,0,23,0,0,completed
22168,U2170,2025-09-16 19:04:00,2025-09-16 19:06:00,M,20~29,office,seoul,0,0,0,0,12,0,0,48,0,0,completed
22169,U2171,2025-03-10 18:41:00,2025-03-10 18:46:00,M,30~39,office,seoul,0,0,0,0,14,0,0,23,0,0,completed
22170,U2172,2025-11-26 16:10:00,2025-11-26 16:15:00,M,30~39,office,seoul,0,0,0,0,14,0,0,47,0,0,completed
22171,U2173,2025-12-17 15:00:00,2025-12-17 15:04:00,M,20~29,office,seoul,0,0,0,0,22,0,0,72,0,0,completed
22172,U2174,2025-02-05 12:43:00,2025-02-05 12:46:00,F,20~29,office,seoul,0,0,0,0,19,0,0,49,0,0,completed
22173,U2175,2025-02-01 16:31:00,2025-02-01 16:37:00,M,30~39,office,seoul,1,0,0,0,13,0,0,30,0,0,completed
22174,U2176,2025-06-14 16:56:00,2025-06-14 17:02:00,F,40~49,office,seoul,1,0,0,0,21,0,0,72,0,0,completed
22175,U2177,2025-10-24 07:36:00,2025-10-24 07:40:00,M,20~29,office,seoul,0,0,0,0,13,0,0,43,0,0,completed
22176,U2178,2025-01-08 18:36:00,2025-01-08 18:41:00,F,50+,office,seoul,0,0,0,0,23,0,0,24,0,1,completed
22177,U2179,2025-08-16 09:18:00,2025-08-16 09:21:00,M,50+,office,seoul,1,0,0,0,27,0,0,58,0,0,abandoned
22178,U2180,2025-06-09 12:02:00,2025-06-09 12:04:00,F,20~29,office,seoul,0,0,0,0,11,0,0,60,0,0,abandoned
22179,U2181,2025-10-05 22:31:00,2025-10-05 22:33:00,F,20~29,office,seoul,1,0,0,0,9,0,0,79,0,0,completed
22180,U2182,2025-01-12 13:09:00,2025-01-12 13:16:00,M,40~49,office,seoul,1,0,0,0,9,0,0,61,0,0,completed
22181,U2183,2025-08-28 17:36:00,2025-08-28 17:41:00,F,40~49,office,seoul,0,0,0,0,17,0,0,76,0,0,completed
22182,U2184,2025-12-24 11:33:00,2025-12-24 11:36:00,F,30~39,office,seoul,0,0,0,0,22,0,0,26,0,0,abandoned
22183,U2185,2025-05-27 16:14:00,2025-05-27 16:17:00,F,30~39,office,seoul,0,0,0,0,14,0,0,63,0,0,completed
22184,U2186,2025-03-27 08:15:00,2025-03-27 08:19:00,M,20~29,office,seoul,0,0,0,0,0,0,0,34,0,0,completed
22185,U2187,2025-10-14 13:45:00,2025-10-14 13:50:00,F,20~29,office,seoul,0,0,0,0,15,0,0,77,0,0,completed
22186,U2188,2025-06-21 12:04:00,2025-06-21 12:07:00,F,30~39,office,seoul,1,0,0,0,9,0,0,28,0,0,completed
22187,U2189,2025-10-17 07:51:00,2025-10-17 07:55:00,F,30~39,office,seoul,0,0,0,0,8,0,0,53,0,0,completed
22188,U2190,2025-03-15 08:56:00,2025-03-15 09:02:00,F,50+,office,seoul,1,0,0,0,9,0,0,52,0,0,completed
22189,U2191,2025-07-17 07:00:00,2025-07-17 07:07:00,M,30~39,office,seoul,0,0,0,0,12,0,0,45,0,0,completed
22190,U2192,2025-03-17 09:19:00,2025-03-17 09:26:00,F,50+,office,seoul,0,0,0,0,0,0,0,14,0,0,completed
22191,U2193,2025-04-05 09:49:00,2025-04-05 09:52:00,M,30~39,office,seoul,1,0,0,0,17,0,0,72,0,0,completed
22192,U2194,2025-01-30 17:47:00,2025-01-30 17:50:00,M,30~39,office,seoul,0,0,0,0,8,0,0,62,0,0,completed
22193,U2195,2025-08-23 17:28:00,2025-08-23 17:34:00,M,50+,office,seoul,1,0,0,0,8,0,0,59,0,0,completed
22194,U2196,2025-11-07 12:12:00,2025-11-07 12:18:00,F,20~29,office,seoul,0,0,0,0,2,0,0,14,0,0,completed
22195,U2197,2025-04-24 14:42:00,2025-04-24 14:49:00,F,30~39,office,seoul,0,0,0,0,0,0,0,60,0,0,completed
22196,U2198,2025-08-11 07:27:00,2025-08-11 07:29:00,M,30~39,office,seoul,0,0,0,0,16,0,0,76,0,0,completed
22197,U2199,2025-07-12 16:05:00,2025-07-12 16:09:00,M,20~29,office,seoul,1,0,0,0,21,0,0,53,0,0,completed
22198,U2200,2025-07-20 13:13:00,2025-07-20 13:16:00,F,40~49,office,seoul,1,0,0,0,1,0,0,38,0,0,completed
22199,U2201,2025-06-26 15:14:00,2025-06-26 15:17:00,F,50+,office,seoul,0,0,0,0,20,0,0,50,0,0,completed
22200,U2202,2025-04-22 13:02:00,2025-04-22 13:09:00,F,50+,office,seoul,0,0,0,0,22,0,0,45,1,0,completed
22201,U2203,2025-05-16 14:00:00,2025-05-16 14:03:00,F,20~29,office,seoul,0,0,0,0,4,0,0,65,0,0,completed
22202,U2204,2025-10-07 07:02:00,2025-10-07 07:07:00,M,20~29,office,seoul,0,0,0,0,28,0,0,39,0,0,completed
22203,U2205,2025-07-18 08:44:00,2025-07-18 08:47:00,M,30~39,office,seoul,0,0,0,0,23,0,0,29,0,0,completed
22204,U2206,2025-04-13 15:40:00,2025-04-13 15:43:00,M,50+,office,seoul,1,0,0,0,6,0,0,11,0,0,abandoned
22205,U2207,2025-09-13 08:54:00,2025-09-13 09:01:00,F,30~39,office,seoul,1,0,0,0,11,0,0,37,0,0,completed
22206,U2208,2025-05-04 14:26:00,2025-05-04 14:29:00,F,20~29,office,seoul,1,0,0,0,23,0,0,73,0,0,completed
22207,U2209,2025-02-18 16:25:00,2025-02-18 16:31:00,F,40~49,office,seoul,0,0,0,0,17,0,0,35,0,0,completed
22208,U2210,2025-03-03 11:35:00,2025-03-03 11:40:00,M,30~39,office,seoul,0,0,0,0,17,0,0,68,0,0,completed
22209,U2211,2025-07-21 14:34:00,2025-07-21 14:36:00,F,30~39,office,seoul,0,0,0,0,28,0,0,59,0,0,completed
22210,U2212,2025-06-30 08:57:00,2025-06-30 09:02:00,F,40~49,office,seoul,0,0,0,0,4,0,0,22,0,0,abandoned
22211,U2213,2025-12-19 21:09:00,2025-12-19 21:15:00,F,50+,office,seoul,0,0,0,0,25,0,0,73,1,0,completed
22212,U2214,2025-12-12 14:10:00,2025-12-12 14:17:00,F,20~29,office,seoul,0,0,0,0,22,0,0,72,0,0,completed
22213,U2215,2025-10-14 20:59:00,2025-10-14 21:06:00,M,50+,office,seoul,0,0,0,0,28,0,0,18,0,0,completed
22214,U2216,2025-08-07 11:56:00,2025-08-07 12:03:00,F,20~29,office,seoul,0,0,0,0,10,0,0,27,0,0,abandoned
22215,U2217,2025-11-17 08:31:00,2025-11-17 08:37:00,F,40~49,office,seoul,0,0,0,0,9,0,0,76,0,0,completed
22216,U2218,2025-11-13 14:52:00,2025-11-13 14:56:00,F,30~39,office,seoul,0,0,0,0,9,0,0,10,0,0,completed
22217,U2219,2025-06-17 11:26:00,2025-06-17 11:30:00,M,40~49,office,seoul,0,0,0,0,24,0,0,46,0,0,completed
22218,U2220,2025-11-13 16:59:00,2025-11-13 17:01:00,F,40~49,office,seoul,0,0,0,0,9,0,0,29,0,0,abandoned
22219,U2221,2025-07-28 11:52:00,2025-07-28 11:58:00,M,30~39,office,seoul,0,0,0,0,7,0,0,45,0,0,completed
22220,U2222,2025-10-19 16:47:00,2025-10-19 16:51:00,M,40~49,office,seoul,1,0,0,0,3,0,0,45,0,0,completed
22221,U2223,2025-07-16 08:34:00,2025-07-16 08:36:00,M,30~39,office,seoul,0,0,0,0,2,0,0,65,0,0,completed
22222,U2224,2025-01-25 19:21:00,2025-01-25 19:25:00,M,30~39,office,seoul,1,0,0,0,17,0,0,37,0,0,completed
22223,U2225,2025-04-11 16:09:00,2025-04-11 16:12:00,F,30~39,office,seoul,0,0,0,0,3,0,0,12,0,0,completed
22224,U2226,2025-09-04 07:28:00,2025-09-04 07:34:00,M,20~29,office,seoul,0,0,0,0,13,0,0,39,0,0,completed
22225,U2227,2025-11-29 18:48:00,2025-11-29 18:54:00,M,20~29,office,seoul,1,0,0,0,3,0,0,33,0,0,completed
22226,U2228,2025-11-13 11:08:00,2025-11-13 11:14:00,F,20~29,office,seoul,0,0,0,0,19,0,0,62,0,0,completed
22227,U2229,2025-12-26 12:07:00,2025-12-26 12:10:00,M,50+,office,seoul,0,0,0,0,12,0,0,69,0,0,completed
22228,U2230,2025-12-21 14:33:00,2025-12-21 14:36:00,F,30~39,office,seoul,1,0,0,0,17,0,0,46,0,0,completed
22229,U2231,2025-11-18 18:19:00,2025-11-18 18:22:00,M,30~39,office,seoul,0,0,0,0,12,0,0,14,0,0,completed
22230,U2232,2025-05-07 14:45:00,2025-05-07 14:51:00,M,40~49,office,seoul,0,0,0,0,17,0,0,39,0,0,completed
22231,U2233,2025-03-02 08:42:00,2025-03-02 08:44:00,F,30~39,office,seoul,1,0,0,0,16,0,0,54,0,0,abandoned
22232,U2234,2025-12-19 22:24:00,2025-12-19 22:28:00,F,50+,office,seoul,0,0,0,0,11,0,0,59,0,0,completed
22233,U2235,2025-08-27 09:33:00,2025-08-27 09:39:00,M,20~29,office,seoul,0,0,0,0,10,0,0,71,0,0,completed
22234,U2236,2025-06-10 08:18:00,2025-06-10 08:22:00,M,50+,office,seoul,0,0,0,0,9,0,0,69,0,0,completed
22235,U2237,2025-10-10 15:23:00,2025-10-10 15:27:00,M,50+,office,seoul,0,0,0,0,7,0,0,77,0,0,completed
22236,U2238,2025-06-07 16:08:00,2025-06-07 16:12:00,F,50+,office,seoul,1,0,0,0,26,0,0,62,0,0,timeout
22237,U2239,2025-04-14 07:53:00,2025-04-14 07:55:00,M,40~49,office,seoul,0,0,0,0,2,0,0,26,0,0,completed
22238,U2240,2025-01-27 15:43:00,2025-01-27 15:49:00,M,30~39,office,seoul,0,0,0,0,18,0,0,10,0,0,completed
22239,U2241,2025-02-14 14:45:00,2025-02-14 14:51:00,F,20~29,office,seoul,0,0,0,0,28,0,0,34,0,0,completed
22240,U2242,2025-01-29 18:30:00,2025-01-29 18:32:00,M,30~39,office,seoul,0,0,0,0,0,0,0,29,0,0,completed
22241,U2243,2025-01-02 07:12:00,2025-01-02 07:19:00,F,50+,office,seoul,0,0,0,0,15,0,0,38,0,0,completed
22242,U2244,2025-09-20 13:55:00,2025-09-20 13:59:00,M,20~29,office,seoul,1,0,0,0,18,0,0,72,0,0,completed
22243,U2245,2025-11-06 11:49:00,2025-11-06 11:52:00,F,20~29,office,seoul,0,0,0,0,16,0,0,49,0,0,completed
22244,U2246,2025-02-01 19:04:00,2025-02-01 19:07:00,M,50+,office,seoul,1,0,0,0,6,0,0,30,1,0,completed
22245,U2247,2025-10-13 16:50:00,2025-10-13 16:57:00,F,20~29,office,seoul,0,0,0,0,25,0,0,52,0,0,error
22246,U2248,2025-02-20 09:41:00,2025-02-20 09:48:00,M,40~49,office,seoul,0,0,0,0,11,0,0,37,1,0,completed
22247,U2249,2025-10-28 16:49:00,2025-10-28 16:56:00,F,40~49,office,seoul,0,0,0,0,2,0,0,69,0,0,completed
22248,U2250,2025-08-13 14:55:00,2025-08-13 14:59:00,F,20~29,office,seoul,0,0,0,0,15,0,0,29,0,0,completed
22249,U2251,2025-02-05 18:16:00,2025-02-05 18:19:00,M,20~29,office,seoul,0,0,0,0,24,0,0,54,0,0,completed
22250,U2252,2025-09-07 14:15:00,2025-09-07 14:18:00,F,30~39,office,seoul,1,0,0,0,23,0,0,74,0,0,completed
22251,U2253,2025-04-15 18:08:00,2025-04-15 18:13:00,F,20~29,office,seoul,0,0,0,0,27,0,0,31,0,0,completed
22252,U2254,2025-02-03 13:50:00,2025-02-03 13:53:00,F,40~49,office,seoul,0,0,0,0,26,0,0,24,0,0,completed
22253,U2255,2025-08-27 16:49:00,2025-08-27 16:54:00,F,50+,office,seoul,0,0,0,0,14,0,0,11,0,0,completed
22254,U2256,2025-11-22 08:47:00,2025-11-22 08:54:00,F,20~29,office,seoul,1,0,0,0,19,0,0,10,0,0,completed
22255,U2257,2025-11-09 11:11:00,2025-11-09 11:17:00,M,50+,office,seoul,1,0,0,0,13,0,0,68,0,0,completed
22256,U2258,2025-06-16 17:54:00,2025-06-16 17:59:00,F,30~39,office,seoul,0,0,0,0,18,0,0,24,0,0,completed
22257,U2259,2025-01-15 16:25:00,2025-01-15 16:28:00,F,30~39,office,seoul,0,0,0,0,29,0,0,63,0,0,completed
22258,U2260,2025-06-02 14:25:00,2025-06-02 14:30:00,F,50+,office,seoul,0,0,0,0,28,0,0,59,1,0,completed
22259,U2261,2025-10-21 18:23:00,2025-10-21 18:25:00,F,50+,office,seoul,0,0,0,0,2,0,0,50,1,0,timeout
22260,U2262,2025-02-25 16:28:00,2025-02-25 16:32:00,F,20~29,office,seoul,0,0,0,0,4,0,0,37,0,0,completed
22261,U2263,2025-11-21 18:53:00,2025-11-21 19:00:00,M,30~39,office,seoul,0,0,0,0,15,0,0,35,0,0,completed
22262,U2264,2025-10-15 07:47:00,2025-10-15 07:49:00,M,20~29,office,seoul,0,0,0,0,18,0,0,31,0,0,completed
22263,U2265,2025-12-02 14:36:00,2025-12-02 14:43:00,F,40~49,office,seoul,0,0,0,0,4,0,0,18,0,0,timeout
22264,U2266,2025-01-29 17:05:00,2025-01-29 17:09:00,M,20~29,office,seoul,0,0,0,0,10,0,0,26,0,0,completed
22265,U2267,2025-10-09 15:50:00,2025-10-09 15:55:00,F,50+,office,seoul,0,0,0,0,16,0,0,35,1,0,completed
22266,U2268,2025-05-02 14:04:00,2025-05-02 14:10:00,F,30~39,office,seoul,0,0,0,0,27,0,0,62,0,0,completed
22267,U2269,2025-01-19 21:33:00,2025-01-19 21:36:00,M,50+,office,seoul,1,0,0,0,28,0,0,76,0,0,completed
22268,U2270,2025-09-06 12:21:00,2025-09-06 12:28:00,M,40~49,office,seoul,1,0,0,0,27,0,0,16,0,0,completed
22269,U2271,2025-02-06 14:39:00,2025-02-06 14:43:00,F,40~49,office,seoul,0,0,0,0,19,0,0,53,1,1,completed
22270,U2272,2025-04-08 08:24:00,2025-04-08 08:28:00,F,20~29,office,seoul,0,0,0,0,9,0,0,51,0,0,completed
22271,U2273,2025-10-19 08:15:00,2025-10-19 08:19:00,M,40~49,office,seoul,1,0,0,0,23,0,0,67,0,0,completed
22272,U2274,2025-03-22 09:19:00,2025-03-22 09:23:00,M,20~29,office,seoul,1,0,0,0,23,0,0,16,0,0,completed
22273,U2275,2025-09-03 08:30:00,2025-09-03 08:37:00,F,30~39,office,seoul,0,0,0,0,15,0,0,18,0,0,completed
22274,U2276,2025-09-26 15:05:00,2025-09-26 15:10:00,M,30~39,office,seoul,0,0,0,0,5,0,0,37,0,0,completed
22275,U2277,2025-06-26 22:49:00,2025-06-26 22:55:00,F,30~39,office,seoul,0,0,0,0,23,0,0,48,0,0,completed
22276,U2278,2025-10-22 16:55:00,2025-10-22 16:58:00,M,20~29,office,seoul,0,0,0,0,20,0,0,22,0,0,completed
22277,U2279,2025-09-16 19:24:00,2025-09-16 19:28:00,M,40~49,office,seoul,0,0,0,0,15,0,0,51,0,0,completed
22278,U2280,2025-11-14 13:38:00,2025-11-14 13:43:00,M,30~39,office,seoul,0,0,0,0,5,0,0,61,0,0,completed
22279,U2281,2025-06-22 08:40:00,2025-06-22 08:45:00,M,20~29,office,seoul,1,0,0,0,22,0,0,39,0,0,completed
22280,U2282,2025-10-22 22:05:00,2025-10-22 22:10:00,M,50+,office,seoul,0,0,0,0,21,0,0,61,0,0,completed
22281,U2283,2025-05-03 08:28:00,2025-05-03 08:31:00,F,50+,office,seoul,1,0,0,0,28,0,0,21,0,1,completed
22282,U2284,2025-11-06 07:31:00,2025-11-06 07:34:00,M,30~39,office,seoul,0,0,0,0,24,0,0,24,0,0,abandoned
22283,U2285,2025-06-23 17:04:00,2025-06-23 17:06:00,F,30~39,office,seoul,0,0,0,0,24,0,0,58,0,0,completed
22284,U2286,2025-01-19 16:17:00,2025-01-19 16:19:00,F,40~49,office,seoul,1,0,0,0,10,0,0,44,0,0,completed
22285,U2287,2025-08-24 14:58:00,2025-08-24 15:04:00,F,40~49,office,seoul,1,0,0,0,11,0,0,75,0,0,error
22286,U2288,2025-03-31 07:01:00,2025-03-31 07:04:00,F,20~29,office,seoul,0,0,0,0,5,0,0,31,0,0,completed
22287,U2289,2025-04-05 19:08:00,2025-04-05 19:10:00,M,20~29,office,seoul,1,0,0,0,11,0,0,38,0,0,completed
22288,U2290,2025-02-26 12:12:00,2025-02-26 12:18:00,M,20~29,office,seoul,0,0,0,0,8,0,0,49,0,0,completed
22289,U2291,2025-09-03 12:52:00,2025-09-03 12:57:00,F,50+,office,seoul,0,0,0,0,22,0,0,26,0,0,completed
22290,U2292,2025-08-30 08:54:00,2025-08-30 08:57:00,F,20~29,office,seoul,1,0,0,0,10,0,0,32,0,0,completed
22291,U2293,2025-04-12 08:09:00,2025-04-12 08:11:00,F,20~29,office,seoul,1,0,0,0,9,0,0,65,0,0,completed
22292,U2294,2025-11-07 13:01:00,2025-11-07 13:07:00,M,20~29,office,seoul,0,0,0,0,20,0,0,26,0,0,completed
22293,U2295,2025-07-25 21:11:00,2025-07-25 21:17:00,M,40~49,office,seoul,0,0,0,0,11,0,0,11,0,1,completed
22294,U2296,2025-01-23 14:21:00,2025-01-23 14:24:00,F,20~29,office,seoul,0,0,0,0,15,0,0,22,0,0,completed
22295,U2297,2025-08-21 15:39:00,2025-08-21 15:46:00,F,40~49,office,seoul,0,0,0,0,24,0,0,72,0,0,completed
22296,U2298,2025-11-17 08:43:00,2025-11-17 08:48:00,F,20~29,office,seoul,0,0,0,0,1,0,0,21,0,0,completed
22297,U2299,2025-08-15 09:49:00,2025-08-15 09:54:00,M,30~39,office,seoul,0,0,0,0,21,0,0,69,0,0,completed
22298,U2300,2025-11-16 08:23:00,2025-11-16 08:29:00,F,20~29,office,seoul,1,0,0,0,2,0,0,24,0,0,completed
22299,U2301,2025-06-18 17:05:00,2025-06-18 17:07:00,F,20~29,office,seoul,0,0,0,0,0,0,0,11,0,0,abandoned
22300,U2302,2025-03-07 13:13:00,2025-03-07 13:20:00,F,20~29,office,seoul,0,0,0,0,16,0,0,10,0,0,completed
22301,U2303,2025-03-07 13:42:00,2025-03-07 13:44:00,F,20~29,office,seoul,0,0,0,0,14,0,0,75,0,0,completed
22302,U2304,2025-07-23 19:23:00,2025-07-23 19:29:00,M,20~29,office,seoul,0,0,0,0,7,0,0,21,0,0,completed
22303,U2305,2025-07-10 11:15:00,2025-07-10 11:19:00,F,50+,office,seoul,0,0,0,0,25,0,0,76,0,0,completed
22304,U2306,2025-05-31 08:05:00,2025-05-31 08:11:00,M,20~29,office,seoul,1,0,0,0,24,0,0,54,0,0,completed
22305,U2307,2025-04-02 09:30:00,2025-04-02 09:33:00,M,50+,office,seoul,0,0,0,0,0,0,0,41,1,0,completed
22306,U2308,2025-06-05 11:35:00,2025-06-05 11:40:00,F,20~29,office,seoul,0,0,0,0,28,0,0,30,0,0,completed
22307,U2309,2025-06-25 09:27:00,2025-06-25 09:33:00,F,20~29,office,seoul,0,0,0,0,15,0,0,42,0,0,completed
22308,U2310,2025-03-19 17:14:00,2025-03-19 17:16:00,M,50+,office,seoul,0,0,0,0,21,0,0,42,1,0,completed
22309,U2311,2025-02-22 08:21:00,2025-02-22 08:26:00,F,40~49,office,seoul,1,0,0,0,2,0,0,47,1,0,error
22310,U2312,2025-01-07 08:31:00,2025-01-07 08:35:00,F,40~49,office,seoul,0,0,0,0,25,0,0,70,0,0,completed
22311,U2313,2025-08-05 15:44:00,2025-08-05 15:51:00,F,30~39,office,seoul,0,0,0,0,8,0,0,49,0,0,completed
22312,U2314,2025-01-25 19:10:00,2025-01-25 19:12:00,M,50+,office,seoul,1,0,0,0,7,0,0,24,0,0,completed
22313,U2315,2025-11-05 18:56:00,2025-11-05 19:02:00,M,20~29,office,seoul,0,0,0,0,5,0,0,20,0,0,completed
22314,U2316,2025-07-08 15:44:00,2025-07-08 15:47:00,F,40~49,office,seoul,0,0,0,0,20,0,0,58,0,0,completed
22315,U2317,2025-01-07 11:30:00,2025-01-07 11:37:00,F,30~39,office,seoul,0,0,0,0,12,0,0,64,0,0,completed
22316,U2318,2025-03-21 19:01:00,2025-03-21 19:06:00,F,50+,office,seoul,0,0,0,0,1,0,0,48,0,0,completed
22317,U2319,2025-07-26 15:02:00,2025-07-26 15:08:00,F,40~49,office,seoul,1,0,0,0,16,0,0,73,0,0,completed
22318,U2320,2025-01-16 12:29:00,2025-01-16 12:36:00,F,50+,office,seoul,0,0,0,0,25,0,0,48,0,0,error
22319,U2321,2025-06-13 21:41:00,2025-06-13 21:48:00,F,20~29,office,seoul,0,0,0,0,23,0,0,70,0,0,completed
22320,U2322,2025-11-23 17:38:00,2025-11-23 17:43:00,F,20~29,office,seoul,1,0,0,0,15,0,0,32,0,0,completed
22321,U2323,2025-12-05 09:00:00,2025-12-05 09:06:00,F,50+,office,seoul,0,0,0,0,20,0,0,67,0,0,completed
22322,U2324,2025-02-03 12:17:00,2025-02-03 12:23:00,M,40~49,office,seoul,0,0,0,0,14,0,0,41,0,0,completed
22323,U2325,2025-09-29 09:14:00,2025-09-29 09:18:00,F,50+,office,seoul,0,0,0,0,12,0,0,19,0,1,completed
22324,U2326,2025-01-21 15:21:00,2025-01-21 15:27:00,F,30~39,office,seoul,0,0,0,0,19,0,0,78,0,0,completed
22325,U2327,2025-10-01 09:46:00,2025-10-01 09:52:00,F,30~39,office,seoul,0,0,0,0,21,0,0,21,0,0,timeout
22326,U2328,2025-09-13 07:03:00,2025-09-13 07:06:00,F,50+,office,seoul,1,0,0,0,22,0,0,64,0,0,timeout
22327,U2329,2025-09-10 22:10:00,2025-09-10 22:12:00,F,20~29,office,seoul,0,0,0,0,13,0,0,32,0,0,completed
22328,U2330,2025-06-16 16:52:00,2025-06-16 16:55:00,M,30~39,office,seoul,0,0,0,0,19,0,0,18,0,0,completed
22329,U2331,2025-01-13 09:13:00,2025-01-13 09:20:00,F,50+,office,seoul,0,0,0,0,16,0,0,43,0,0,completed
22330,U2332,2025-06-21 17:12:00,2025-06-21 17:14:00,F,50+,office,seoul,1,0,0,0,17,0,0,72,0,0,completed
22331,U2333,2025-08-26 15:13:00,2025-08-26 15:19:00,F,30~39,office,seoul,0,0,0,0,27,0,0,63,0,0,completed
22332,U2334,2025-10-12 07:25:00,2025-10-12 07:31:00,F,40~49,office,seoul,1,0,0,0,5,0,0,36,0,0,completed
22333,U2335,2025-05-05 08:18:00,2025-05-05 08:21:00,F,20~29,office,seoul,0,0,0,0,19,0,0,30,0,1,completed
22334,U2336,2025-06-28 15:49:00,2025-06-28 15:54:00,F,30~39,office,seoul,1,0,0,0,0,0,0,73,0,0,completed
22335,U2337,2025-02-21 17:58:00,2025-02-21 18:02:00,M,50+,office,seoul,0,0,0,0,4,0,0,78,0,0,completed
22336,U2338,2025-10-18 11:47:00,2025-10-18 11:51:00,M,40~49,office,seoul,1,0,0,0,19,0,0,27,0,0,abandoned
22337,U2339,2025-05-03 20:28:00,2025-05-03 20:30:00,F,50+,office,seoul,1,0,0,0,5,0,0,48,0,0,completed
22338,U2340,2025-10-08 12:06:00,2025-10-08 12:13:00,F,30~39,office,seoul,0,0,0,0,8,0,0,18,0,0,completed
22339,U2341,2025-09-17 13:43:00,2025-09-17 13:46:00,F,40~49,office,seoul,0,0,0,0,13,0,0,47,0,0,completed
22340,U2342,2025-09-09 09:46:00,2025-09-09 09:49:00,F,50+,office,seoul,0,0,0,0,19,0,0,27,0,0,completed
22341,U2343,2025-09-12 17:42:00,2025-09-12 17:44:00,F,30~39,office,seoul,0,0,0,0,28,0,0,76,0,0,completed
22342,U2344,2025-02-12 11:27:00,2025-02-12 11:34:00,F,20~29,office,seoul,0,0,0,0,28,0,0,79,0,0,completed
22343,U2345,2025-09-01 18:39:00,2025-09-01 18:45:00,M,20~29,office,seoul,0,0,0,0,7,0,0,39,0,0,completed
22344,U2346,2025-01-03 07:28:00,2025-01-03 07:30:00,F,50+,office,seoul,0,0,0,0,16,0,0,16,0,0,completed
22345,U2347,2025-04-23 09:29:00,2025-04-23 09:34:00,M,20~29,office,seoul,0,0,0,0,7,0,0,60,0,0,completed
22346,U2348,2025-10-09 15:54:00,2025-10-09 15:57:00,M,30~39,office,seoul,0,0,0,0,17,0,0,77,0,0,completed
22347,U2349,2025-04-25 09:34:00,2025-04-25 09:36:00,F,50+,office,seoul,0,0,0,0,1,0,0,19,0,1,completed
22348,U2350,2025-05-04 12:28:00,2025-05-04 12:35:00,F,20~29,office,seoul,1,0,0,0,6,0,0,24,0,0,completed
22349,U2351,2025-12-04 16:38:00,2025-12-04 16:41:00,F,40~49,office,seoul,0,0,0,0,25,0,0,19,0,0,error
22350,U2352,2025-08-12 16:55:00,2025-08-12 17:00:00,M,50+,office,seoul,0,0,0,0,18,0,0,15,0,0,abandoned
22351,U2353,2025-11-27 13:16:00,2025-11-27 13:18:00,F,40~49,office,seoul,0,0,0,0,27,0,0,44,0,0,completed
22352,U2354,2025-01-23 15:22:00,2025-01-23 15:24:00,F,20~29,office,seoul,0,0,0,0,18,0,0,57,0,0,completed
22353,U2355,2025-01-05 08:16:00,2025-01-05 08:22:00,M,20~29,office,seoul,1,0,0,0,17,0,0,54,0,0,completed
22354,U2356,2025-07-06 15:47:00,2025-07-06 15:53:00,F,30~39,office,seoul,1,0,0,0,11,0,0,57,0,0,completed
22355,U2357,2025-04-19 11:37:00,2025-04-19 11:40:00,M,50+,office,seoul,1,0,0,0,1,0,0,18,0,0,completed
22356,U2358,2025-01-05 07:58:00,2025-01-05 08:02:00,M,50+,office,seoul,1,0,0,0,16,0,0,79,0,0,completed
22357,U2359,2025-05-03 19:55:00,2025-05-03 20:01:00,F,40~49,office,seoul,1,0,0,0,9,0,0,26,0,0,completed
22358,U2360,2025-09-04 08:53:00,2025-09-04 08:59:00,M,30~39,office,seoul,0,0,0,0,17,0,0,63,0,0,completed
22359,U2361,2025-09-18 11:02:00,2025-09-18 11:05:00,F,30~39,office,seoul,0,0,0,0,28,0,0,22,0,0,abandoned
22360,U2362,2025-05-13 19:12:00,2025-05-13 19:17:00,F,20~29,office,seoul,0,0,0,0,13,0,0,46,0,0,completed
22361,U2363,2025-09-19 20:26:00,2025-09-19 20:33:00,F,30~39,office,seoul,0,0,0,0,21,0,0,63,0,0,completed
22362,U2364,2025-09-03 07:04:00,2025-09-03 07:10:00,M,30~39,office,seoul,0,0,0,0,19,0,0,60,0,0,completed
22363,U2365,2025-09-17 14:09:00,2025-09-17 14:14:00,M,30~39,office,seoul,0,0,0,0,0,0,0,64,0,0,completed
22364,U2366,2025-03-20 12:17:00,2025-03-20 12:19:00,M,20~29,office,seoul,0,0,0,0,14,0,0,28,0,0,completed
22365,U2367,2025-07-28 16:21:00,2025-07-28 16:26:00,F,50+,office,seoul,0,0,0,0,22,0,0,77,0,0,completed
22366,U2368,2025-09-18 17:34:00,2025-09-18 17:40:00,F,30~39,office,seoul,0,0,0,0,22,0,0,22,0,0,completed
22367,U2369,2025-01-26 08:06:00,2025-01-26 08:11:00,M,20~29,office,seoul,1,0,0,0,15,0,0,52,0,0,completed
22368,U2370,2025-11-17 19:04:00,2025-11-17 19:11:00,F,30~39,office,seoul,0,0,0,0,23,0,0,41,0,0,completed
22369,U2371,2025-02-16 09:42:00,2025-02-16 09:44:00,F,30~39,office,seoul,1,0,0,0,4,0,0,29,0,0,completed
22370,U2372,2025-08-23 14:32:00,2025-08-23 14:39:00,F,30~39,office,seoul,1,0,0,0,16,0,0,16,0,0,completed
22371,U2373,2025-07-28 13:34:00,2025-07-28 13:36:00,F,50+,office,seoul,0,0,0,0,24,0,0,46,0,0,completed
22372,U2374,2025-03-25 16:44:00,2025-03-25 16:50:00,M,20~29,office,seoul,0,0,0,0,27,0,0,38,0,0,abandoned
22373,U2375,2025-02-09 17:41:00,2025-02-09 17:46:00,M,30~39,office,seoul,1,0,0,0,5,0,0,79,0,0,completed
22374,U2376,2025-03-06 20:51:00,2025-03-06 20:53:00,F,20~29,office,seoul,0,0,0,0,15,0,0,51,0,0,completed
22375,U2377,2025-01-29 15:12:00,2025-01-29 15:14:00,F,30~39,office,seoul,0,0,0,0,24,0,0,69,0,0,completed
22376,U2378,2025-01-03 13:37:00,2025-01-03 13:39:00,M,40~49,office,seoul,0,0,0,0,24,0,0,42,0,0,completed
22377,U2379,2025-12-10 07:00:00,2025-12-10 07:04:00,M,30~39,office,seoul,0,0,0,0,0,0,0,41,0,0,completed
22378,U2380,2025-08-23 16:12:00,2025-08-23 16:17:00,M,20~29,office,seoul,1,0,0,0,1,0,0,14,0,0,completed
22379,U2381,2025-01-22 18:16:00,2025-01-22 18:23:00,F,30~39,office,seoul,0,0,0,0,10,0,0,35,0,0,completed
22380,U2382,2025-09-12 19:45:00,2025-09-12 19:52:00,M,30~39,office,seoul,0,0,0,0,15,0,0,30,0,0,completed
22381,U2383,2025-02-05 22:02:00,2025-02-05 22:09:00,F,20~29,office,seoul,0,0,0,0,16,0,0,66,0,0,completed
22382,U2384,2025-03-04 16:02:00,2025-03-04 16:09:00,F,30~39,office,seoul,0,0,0,0,12,0,0,44,0,0,completed
22383,U2385,2025-10-14 08:48:00,2025-10-14 08:53:00,M,50+,office,seoul,0,0,0,0,1,0,0,67,0,0,completed
22384,U2386,2025-03-08 19:07:00,2025-03-08 19:09:00,F,30~39,office,seoul,1,0,0,0,12,0,0,56,0,0,completed
22385,U2387,2025-06-16 08:25:00,2025-06-16 08:31:00,M,30~39,office,seoul,0,0,0,0,3,0,0,66,0,0,completed
22386,U2388,2025-05-21 15:28:00,2025-05-21 15:32:00,M,50+,office,seoul,0,0,0,0,13,0,0,41,0,0,completed
22387,U2389,2025-04-18 17:42:00,2025-04-18 17:45:00,F,20~29,office,seoul,0,0,0,0,10,0,0,76,0,0,completed
22388,U2390,2025-05-29 09:36:00,2025-05-29 09:38:00,M,20~29,office,seoul,0,0,0,0,20,0,0,72,0,0,completed
22389,U2391,2025-05-04 11:18:00,2025-05-04 11:20:00,F,50+,office,seoul,1,0,0,0,14,0,0,73,1,0,completed
22390,U2392,2025-01-13 16:41:00,2025-01-13 16:46:00,F,40~49,office,seoul,0,0,0,0,8,0,0,47,0,0,completed
22391,U2393,2025-05-25 12:55:00,2025-05-25 13:01:00,F,30~39,office,seoul,1,0,0,0,28,0,0,38,0,0,completed
22392,U2394,2025-10-20 11:52:00,2025-10-20 11:58:00,F,20~29,office,seoul,0,0,0,0,23,0,0,74,0,0,completed
22393,U2395,2025-01-08 14:14:00,2025-01-08 14:21:00,F,50+,office,seoul,0,0,0,0,1,0,0,68,0,0,completed
22394,U2396,2025-07-27 16:46:00,2025-07-27 16:52:00,F,20~29,office,seoul,1,0,0,0,22,0,0,78,0,0,completed
22395,U2397,2025-10-07 15:32:00,2025-10-07 15:38:00,F,40~49,office,seoul,0,0,0,0,28,0,0,56,0,0,completed
22396,U2398,2025-09-28 15:01:00,2025-09-28 15:07:00,F,20~29,office,seoul,1,0,0,0,1,0,0,72,0,0,completed
22397,U2399,2025-09-27 11:33:00,2025-09-27 11:36:00,M,40~49,office,seoul,1,0,0,0,10,0,0,49,0,0,completed
22398,U2400,2025-05-10 16:27:00,2025-05-10 16:34:00,M,30~39,office,seoul,1,0,0,0,26,0,0,33,0,0,completed
22399,U2401,2025-08-29 15:57:00,2025-08-29 16:02:00,F,40~49,office,seoul,0,0,0,0,29,0,0,13,0,0,completed
22400,U2402,2025-03-10 13:56:00,2025-03-10 14:03:00,F,30~39,office,seoul,0,0,0,0,9,0,0,26,0,0,completed
22401,U2403,2025-02-09 20:53:00,2025-02-09 20:58:00,F,40~49,office,seoul,1,0,0,0,0,0,0,22,0,0,abandoned
22402,U2404,2025-08-09 15:47:00,2025-08-09 15:52:00,M,30~39,office,seoul,1,0,0,0,12,0,0,59,0,0,completed
22403,U2405,2025-03-31 14:58:00,2025-03-31 15:01:00,M,20~29,office,seoul,0,0,0,0,9,0,0,68,0,0,completed
22404,U2406,2025-03-07 12:28:00,2025-03-07 12:34:00,F,20~29,office,seoul,0,0,0,0,6,0,0,53,0,0,completed
22405,U2407,2025-04-06 19:19:00,2025-04-06 19:24:00,F,40~49,office,seoul,1,0,0,0,22,0,0,53,0,0,completed
22406,U2408,2025-11-11 19:02:00,2025-11-11 19:07:00,M,20~29,office,seoul,0,0,0,0,26,0,0,33,0,0,completed
22407,U2409,2025-09-08 16:49:00,2025-09-08 16:53:00,M,40~49,office,seoul,0,0,0,0,19,0,0,51,0,0,completed
22408,U2410,2025-11-12 08:37:00,2025-11-12 08:42:00,M,20~29,office,seoul,0,0,0,0,12,0,0,72,0,0,completed
22409,U2411,2025-09-08 17:43:00,2025-09-08 17:49:00,M,30~39,office,seoul,0,0,0,0,4,0,0,30,0,0,completed
22410,U2412,2025-06-25 16:13:00,2025-06-25 16:19:00,F,50+,office,seoul,0,0,0,0,22,0,0,28,0,0,completed
22411,U2413,2025-12-18 17:10:00,2025-12-18 17:14:00,M,40~49,office,seoul,0,0,0,0,26,0,0,48,0,0,completed
22412,U2414,2025-11-26 12:39:00,2025-11-26 12:43:00,F,50+,office,seoul,0,0,0,0,22,0,0,26,0,0,completed
22413,U2415,2025-03-25 13:15:00,2025-03-25 13:22:00,M,30~39,office,seoul,0,0,0,0,13,0,0,62,0,0,completed
22414,U2416,2025-07-10 13:36:00,2025-07-10 13:39:00,M,50+,office,seoul,0,0,0,0,1,0,0,62,0,0,completed
22415,U2417,2025-01-14 16:07:00,2025-01-14 16:11:00,F,30~39,office,seoul,0,0,0,0,22,0,0,10,0,0,completed
22416,U2418,2025-02-19 15:55:00,2025-02-19 15:58:00,F,40~49,office,seoul,0,0,0,0,7,0,0,20,0,0,completed
22417,U2419,2025-06-09 12:32:00,2025-06-09 12:35:00,F,20~29,office,seoul,0,0,0,0,15,0,0,71,0,0,completed
22418,U2420,2025-04-04 20:59:00,2025-04-04 21:05:00,F,40~49,office,seoul,0,0,0,0,11,0,0,33,0,0,completed
22419,U2421,2025-03-11 17:56:00,2025-03-11 18:01:00,F,30~39,office,seoul,0,0,0,0,11,0,0,22,0,0,completed
22420,U2422,2025-03-30 13:26:00,2025-03-30 13:32:00,M,40~49,office,seoul,1,0,0,0,16,0,0,13,0,0,completed
22421,U2423,2025-09-14 08:02:00,2025-09-14 08:05:00,F,40~49,office,seoul,1,0,0,0,21,0,0,35,0,0,completed
22422,U2424,2025-09-29 18:41:00,2025-09-29 18:43:00,M,50+,office,seoul,0,0,0,0,26,0,0,77,0,0,completed
22423,U2425,2025-10-14 17:08:00,2025-10-14 17:11:00,M,30~39,office,seoul,0,0,0,0,24,0,0,75,0,0,completed
22424,U2426,2025-05-05 17:41:00,2025-05-05 17:47:00,M,30~39,office,seoul,0,0,0,0,5,0,0,45,0,0,completed
22425,U2427,2025-01-10 12:52:00,2025-01-10 12:56:00,F,50+,office,seoul,0,0,0,0,3,0,0,64,0,0,completed
22426,U2428,2025-05-29 17:27:00,2025-05-29 17:30:00,F,50+,office,seoul,0,0,0,0,7,0,0,33,0,0,completed
22427,U2429,2025-01-01 09:39:00,2025-01-01 09:41:00,F,20~29,office,seoul,0,0,0,0,21,0,0,11,0,0,completed
22428,U2430,2025-03-24 13:02:00,2025-03-24 13:07:00,F,40~49,office,seoul,0,0,0,0,8,0,0,58,1,0,completed
22429,U2431,2025-08-16 13:43:00,2025-08-16 13:45:00,M,20~29,office,seoul,1,0,0,0,17,0,0,14,0,0,completed
22430,U2432,2025-06-19 08:00:00,2025-06-19 08:05:00,F,40~49,office,seoul,0,0,0,0,24,0,0,57,0,0,completed
22431,U2433,2025-05-23 18:55:00,2025-05-23 19:02:00,M,30~39,office,seoul,0,0,0,0,27,0,0,13,0,0,completed
22432,U2434,2025-09-08 14:05:00,2025-09-08 14:11:00,F,50+,office,seoul,0,0,0,0,14,0,0,42,0,0,completed
22433,U2435,2025-11-25 19:44:00,2025-11-25 19:47:00,F,30~39,office,seoul,0,0,0,0,21,0,0,27,0,0,abandoned
22434,U2436,2025-05-29 20:32:00,2025-05-29 20:38:00,F,30~39,office,seoul,0,0,0,0,27,0,0,28,0,0,completed
22435,U2437,2025-08-25 08:09:00,2025-08-25 08:16:00,M,20~29,office,seoul,0,0,0,0,14,0,0,20,0,0,completed
22436,U2438,2025-03-31 16:19:00,2025-03-31 16:22:00,F,30~39,office,seoul,0,0,0,0,6,0,0,60,0,0,completed
22437,U2439,2025-01-30 14:05:00,2025-01-30 14:12:00,M,20~29,office,seoul,0,0,0,0,14,0,0,20,0,0,completed
22438,U2440,2025-08-11 13:17:00,2025-08-11 13:21:00,F,30~39,office,seoul,0,0,0,0,7,0,0,64,0,0,completed
22439,U2441,2025-08-25 17:12:00,2025-08-25 17:19:00,F,30~39,office,seoul,0,0,0,0,5,0,0,63,0,0,completed
22440,U2442,2025-10-16 15:47:00,2025-10-16 15:52:00,M,30~39,office,seoul,0,0,0,0,25,0,0,43,0,0,completed
22441,U2443,2025-11-17 09:15:00,2025-11-17 09:17:00,F,30~39,office,seoul,0,0,0,0,29,0,0,56,0,0,completed
22442,U2444,2025-06-24 11:49:00,2025-06-24 11:53:00,M,20~29,office,seoul,0,0,0,0,19,0,0,47,0,0,completed
22443,U2445,2025-09-22 15:48:00,2025-09-22 15:55:00,M,20~29,office,seoul,0,0,0,0,6,0,0,23,0,0,completed
22444,U2446,2025-01-18 13:54:00,2025-01-18 13:58:00,F,40~49,office,seoul,1,0,0,0,18,0,0,67,0,0,completed
22445,U2447,2025-07-24 20:22:00,2025-07-24 20:29:00,F,20~29,office,seoul,0,0,0,0,10,0,0,17,0,0,completed
22446,U2448,2025-09-17 18:30:00,2025-09-17 18:33:00,F,40~49,office,seoul,0,0,0,0,4,0,0,43,0,0,completed
22447,U2449,2025-04-09 12:08:00,2025-04-09 12:11:00,F,40~49,office,seoul,0,0,0,0,20,0,0,47,0,0,completed
22448,U2450,2025-01-09 12:39:00,2025-01-09 12:45:00,F,40~49,office,seoul,0,0,0,0,24,0,0,42,0,0,completed
22449,U2451,2025-12-10 12:37:00,2025-12-10 12:39:00,F,50+,office,seoul,0,0,0,0,25,0,0,68,1,1,completed
22450,U2452,2025-04-14 09:24:00,2025-04-14 09:29:00,M,40~49,office,seoul,0,0,0,0,21,0,0,45,0,1,completed
22451,U2453,2025-12-22 12:22:00,2025-12-22 12:28:00,F,40~49,office,seoul,0,0,0,0,11,0,0,13,0,0,completed
22452,U2454,2025-03-12 15:03:00,2025-03-12 15:05:00,M,40~49,office,seoul,0,0,0,0,13,0,0,65,0,0,error
22453,U2455,2025-01-19 17:29:00,2025-01-19 17:34:00,M,20~29,office,seoul,1,0,0,0,21,0,0,26,0,0,completed
22454,U2456,2025-06-24 14:22:00,2025-06-24 14:28:00,F,20~29,office,seoul,0,0,0,0,28,0,0,12,0,0,completed
22455,U2457,2025-06-02 13:18:00,2025-06-02 13:21:00,M,30~39,office,seoul,0,0,0,0,29,0,0,30,0,0,completed
22456,U2458,2025-08-28 20:45:00,2025-08-28 20:50:00,M,20~29,office,seoul,0,0,0,0,15,0,0,76,0,0,completed
22457,U2459,2025-06-18 08:53:00,2025-06-18 08:59:00,F,50+,office,seoul,0,0,0,0,4,0,0,25,0,0,completed
22458,U2460,2025-12-22 11:47:00,2025-12-22 11:54:00,F,30~39,office,seoul,0,0,0,0,4,0,0,66,0,0,completed
22459,U2461,2025-08-02 09:44:00,2025-08-02 09:48:00,F,40~49,office,seoul,1,0,0,0,13,0,0,32,0,0,abandoned
22460,U2462,2025-11-22 09:23:00,2025-11-22 09:29:00,F,20~29,office,seoul,1,0,0,0,5,0,0,33,0,0,completed
22461,U2463,2025-03-12 12:59:00,2025-03-12 13:02:00,F,30~39,office,seoul,0,0,0,0,26,0,0,55,0,0,completed
22462,U2464,2025-12-18 07:41:00,2025-12-18 07:48:00,M,50+,office,seoul,0,0,0,0,2,0,0,48,0,0,completed
22463,U2465,2025-07-16 22:51:00,2025-07-16 22:57:00,F,50+,office,seoul,0,0,0,0,10,0,0,77,0,0,abandoned
22464,U2466,2025-11-27 13:18:00,2025-11-27 13:23:00,F,30~39,office,seoul,0,0,0,0,11,0,0,34,0,0,completed
22465,U2467,2025-11-06 12:12:00,2025-11-06 12:17:00,M,30~39,office,seoul,0,0,0,0,22,0,0,10,0,0,error
22466,U2468,2025-08-11 13:43:00,2025-08-11 13:45:00,F,20~29,office,seoul,0,0,0,0,22,0,0,11,0,0,completed
22467,U2469,2025-11-11 12:37:00,2025-11-11 12:44:00,F,30~39,office,seoul,0,0,0,0,23,0,0,75,0,0,completed
22468,U2470,2025-07-13 21:47:00,2025-07-13 21:51:00,F,50+,office,seoul,1,0,0,0,6,0,0,46,1,0,abandoned
22469,U2471,2025-04-30 09:46:00,2025-04-30 09:52:00,F,20~29,office,seoul,0,0,0,0,10,0,0,22,0,0,completed
22470,U2472,2025-01-10 15:05:00,2025-01-10 15:08:00,F,30~39,office,seoul,0,0,0,0,15,0,0,27,0,0,completed
22471,U2473,2025-11-30 20:32:00,2025-11-30 20:34:00,F,40~49,office,seoul,1,0,0,0,9,0,0,21,0,0,abandoned
22472,U2474,2025-04-20 09:17:00,2025-04-20 09:23:00,F,50+,office,seoul,1,0,0,0,0,0,0,30,0,0,error
22473,U2475,2025-09-04 16:21:00,2025-09-04 16:27:00,F,30~39,office,seoul,0,0,0,0,15,0,0,16,0,0,completed
22474,U2476,2025-06-04 12:35:00,2025-06-04 12:39:00,M,40~49,office,seoul,0,0,0,0,6,0,0,54,0,0,completed
22475,U2477,2025-02-28 17:14:00,2025-02-28 17:19:00,M,40~49,office,seoul,0,0,0,0,21,0,0,23,0,0,completed
22476,U2478,2025-01-11 17:05:00,2025-01-11 17:11:00,F,30~39,office,seoul,1,0,0,0,28,0,0,24,0,0,completed
22477,U2479,2025-09-17 16:38:00,2025-09-17 16:44:00,F,40~49,office,seoul,0,0,0,0,5,0,0,25,0,0,completed
22478,U2480,2025-08-31 16:55:00,2025-08-31 17:02:00,M,30~39,office,seoul,1,0,0,0,23,0,0,63,0,0,completed
22479,U2481,2025-04-07 09:58:00,2025-04-07 10:02:00,F,20~29,office,seoul,0,0,0,0,5,0,0,45,0,0,completed
22480,U2482,2025-04-15 12:42:00,2025-04-15 12:44:00,F,20~29,office,seoul,0,0,0,0,22,0,0,64,0,0,completed
22481,U2483,2025-03-02 07:22:00,2025-03-02 07:27:00,M,40~49,office,seoul,1,0,0,0,28,0,0,18,0,0,completed
22482,U2484,2025-11-26 08:36:00,2025-11-26 08:41:00,F,40~49,office,seoul,0,0,0,0,16,0,0,78,0,0,completed
22483,U2485,2025-03-18 12:34:00,2025-03-18 12:40:00,F,30~39,office,seoul,0,0,0,0,15,0,0,14,0,0,timeout
22484,U2486,2025-09-04 17:57:00,2025-09-04 18:03:00,F,20~29,office,seoul,0,0,0,0,3,0,0,61,0,0,completed
22485,U2487,2025-06-26 14:06:00,2025-06-26 14:09:00,M,50+,office,seoul,0,0,0,0,1,0,0,28,0,0,completed
22486,U2488,2025-10-24 15:38:00,2025-10-24 15:42:00,F,40~49,office,seoul,0,0,0,0,8,0,0,50,0,0,error
22487,U2489,2025-10-28 12:18:00,2025-10-28 12:25:00,F,30~39,office,seoul,0,0,0,0,3,0,0,24,0,0,completed
22488,U2490,2025-01-19 11:40:00,2025-01-19 11:47:00,F,30~39,office,seoul,1,0,0,0,0,0,0,51,0,0,completed
22489,U2491,2025-01-31 15:15:00,2025-01-31 15:18:00,F,40~49,office,seoul,0,0,0,0,17,0,0,36,0,0,completed
22490,U2492,2025-09-24 08:48:00,2025-09-24 08:55:00,M,20~29,office,seoul,0,0,0,0,23,0,0,22,0,0,completed
22491,U2493,2025-12-06 12:50:00,2025-12-06 12:56:00,F,30~39,office,seoul,1,0,0,0,0,0,0,13,0,0,error
22492,U2494,2025-04-25 22:28:00,2025-04-25 22:34:00,F,40~49,office,seoul,0,0,0,0,8,0,0,27,0,0,completed
22493,U2495,2025-08-26 16:36:00,2025-08-26 16:41:00,F,20~29,office,seoul,0,0,0,0,20,0,0,58,0,0,completed
22494,U2496,2025-03-29 16:54:00,2025-03-29 16:58:00,F,40~49,office,seoul,1,0,0,0,1,0,0,14,0,1,completed
22495,U2497,2025-09-08 18:34:00,2025-09-08 18:36:00,F,20~29,office,seoul,0,0,0,0,13,0,0,69,0,0,completed
22496,U2498,2025-01-14 09:44:00,2025-01-14 09:49:00,F,30~39,office,seoul,0,0,0,0,0,0,0,76,0,0,completed
22497,U2499,2025-03-31 14:38:00,2025-03-31 14:45:00,M,30~39,office,seoul,0,0,0,0,24,0,0,34,0,0,completed
22498,U2500,2025-05-17 12:05:00,2025-05-17 12:10:00,M,40~49,office,seoul,1,0,0,0,24,0,0,71,0,0,completed
22499,U2501,2025-07-17 14:34:00,2025-07-17 14:38:00,M,20~29,office,seoul,0,0,0,0,15,0,0,26,0,0,completed
22500,U2502,2025-01-02 09:04:00,2025-01-02 09:07:00,F,50+,office,seoul,0,0,0,0,8,0,0,36,0,0,completed
22501,U2503,2025-12-30 11:07:00,2025-12-30 11:12:00,M,20~29,office,seoul,0,0,0,0,26,0,0,73,0,0,error
22502,U2504,2025-12-06 14:00:00,2025-12-06 14:03:00,F,30~39,office,seoul,1,0,0,0,9,0,0,59,0,0,completed
22503,U2505,2025-04-06 07:21:00,2025-04-06 07:27:00,F,40~49,office,seoul,1,0,0,0,9,0,0,73,0,0,completed
22504,U2506,2025-12-20 09:01:00,2025-12-20 09:07:00,F,40~49,office,seoul,1,0,0,0,23,0,0,78,0,0,completed
22505,U2507,2025-05-05 15:38:00,2025-05-05 15:42:00,F,20~29,office,seoul,0,0,0,0,0,0,0,47,0,0,completed
22506,U2508,2025-01-05 13:30:00,2025-01-05 13:35:00,M,20~29,office,seoul,1,0,0,0,1,0,0,33,0,0,completed
22507,U2509,2025-12-13 14:24:00,2025-12-13 14:27:00,M,20~29,office,seoul,1,0,0,0,25,0,0,76,0,0,completed
22508,U2510,2025-10-05 16:50:00,2025-10-05 16:56:00,F,20~29,office,seoul,1,0,0,0,4,0,0,24,0,0,completed
22509,U2511,2025-09-11 12:32:00,2025-09-11 12:35:00,F,40~49,office,seoul,0,0,0,0,13,0,0,45,0,0,completed
22510,U2512,2025-06-17 07:55:00,2025-06-17 08:02:00,M,40~49,office,seoul,0,0,0,0,19,0,0,49,0,0,timeout
22511,U2513,2025-12-12 16:00:00,2025-12-12 16:03:00,F,30~39,office,seoul,0,0,0,0,9,0,0,29,0,0,completed
22512,U2514,2025-04-21 21:21:00,2025-04-21 21:26:00,M,50+,office,seoul,0,0,0,0,19,0,0,30,0,0,completed
22513,U2515,2025-12-18 18:08:00,2025-12-18 18:10:00,F,20~29,office,seoul,0,0,0,0,22,0,0,46,0,0,timeout
22514,U2516,2025-11-10 12:46:00,2025-11-10 12:51:00,M,50+,office,seoul,0,0,0,0,9,0,0,18,0,0,completed
22515,U2517,2025-03-30 08:39:00,2025-03-30 08:43:00,M,50+,office,seoul,1,0,0,0,22,0,0,29,0,0,completed
22516,U2518,2025-03-31 12:09:00,2025-03-31 12:16:00,F,20~29,office,seoul,0,0,0,0,5,0,0,39,0,0,completed
22517,U2519,2025-02-03 15:34:00,2025-02-03 15:36:00,F,50+,office,seoul,0,0,0,0,28,0,0,79,0,0,completed
22518,U2520,2025-11-22 12:40:00,2025-11-22 12:47:00,M,40~49,office,seoul,1,0,0,0,4,0,0,65,0,0,completed
22519,U2521,2025-01-03 08:01:00,2025-01-03 08:03:00,F,30~39,office,seoul,0,0,0,0,20,0,0,46,0,0,completed
22520,U2522,2025-10-21 13:18:00,2025-10-21 13:24:00,F,40~49,office,seoul,0,0,0,0,1,0,0,60,1,0,completed
22521,U2523,2025-06-02 14:58:00,2025-06-02 15:05:00,M,30~39,office,seoul,0,0,0,0,8,0,0,76,0,0,completed
22522,U2524,2025-05-21 12:00:00,2025-05-21 12:05:00,F,20~29,office,seoul,0,0,0,0,18,0,0,55,0,0,completed
22523,U2525,2025-06-19 20:25:00,2025-06-19 20:27:00,F,20~29,office,seoul,0,0,0,0,13,0,0,36,0,0,completed
22524,U2526,2025-02-14 13:41:00,2025-02-14 13:44:00,M,20~29,office,seoul,0,0,0,0,26,0,0,54,0,0,completed
22525,U2527,2025-09-22 22:45:00,2025-09-22 22:47:00,M,20~29,office,seoul,0,0,0,0,27,0,0,10,0,0,completed
22526,U2528,2025-01-22 13:34:00,2025-01-22 13:40:00,M,40~49,office,seoul,0,0,0,0,11,0,0,56,0,0,completed
22527,U2529,2025-11-27 12:05:00,2025-11-27 12:11:00,M,30~39,office,seoul,0,0,0,0,28,0,0,57,0,0,completed
22528,U2530,2025-01-14 09:04:00,2025-01-14 09:06:00,F,20~29,office,seoul,0,0,0,0,10,0,0,28,1,0,completed
22529,U2531,2025-07-16 18:52:00,2025-07-16 18:57:00,M,20~29,office,seoul,0,0,0,0,16,0,0,47,0,0,completed
22530,U2532,2025-05-04 14:01:00,2025-05-04 14:06:00,F,40~49,office,seoul,1,0,0,0,2,0,0,29,0,0,abandoned
22531,U2533,2025-05-27 07:57:00,2025-05-27 08:00:00,F,20~29,office,seoul,0,0,0,0,24,0,0,42,0,0,abandoned
22532,U2534,2025-08-06 09:53:00,2025-08-06 09:58:00,F,30~39,office,seoul,0,0,0,0,13,0,0,45,0,0,completed
22533,U2535,2025-06-13 22:35:00,2025-06-13 22:40:00,F,30~39,office,seoul,0,0,0,0,15,0,0,64,0,0,completed
22534,U2536,2025-12-13 09:29:00,2025-12-13 09:36:00,F,50+,office,seoul,1,0,0,0,25,0,0,25,0,0,completed
22535,U2537,2025-09-06 08:24:00,2025-09-06 08:30:00,M,30~39,office,seoul,1,0,0,0,26,0,0,21,0,0,completed
22536,U2538,2025-10-23 08:42:00,2025-10-23 08:49:00,F,30~39,office,seoul,0,0,0,0,21,0,0,23,0,0,completed
22537,U2539,2025-10-31 07:41:00,2025-10-31 07:46:00,M,20~29,office,seoul,0,0,0,0,13,0,0,70,0,0,completed
22538,U2540,2025-08-02 13:31:00,2025-08-02 13:33:00,M,20~29,office,seoul,1,0,0,0,1,0,0,27,0,0,completed
22539,U2541,2025-06-18 09:55:00,2025-06-18 09:59:00,M,30~39,office,seoul,0,0,0,0,3,0,0,42,0,0,abandoned
22540,U2542,2025-08-05 15:30:00,2025-08-05 15:32:00,F,20~29,office,seoul,0,0,0,0,1,0,0,21,0,0,timeout
22541,U2543,2025-04-09 20:01:00,2025-04-09 20:05:00,F,20~29,office,seoul,0,0,0,0,6,0,0,13,0,0,completed
22542,U2544,2025-07-24 18:56:00,2025-07-24 18:58:00,F,20~29,office,seoul,0,0,0,0,23,0,0,10,0,0,completed
22543,U2545,2025-08-10 12:39:00,2025-08-10 12:43:00,M,50+,office,seoul,1,0,0,0,26,0,0,75,0,0,completed
22544,U2546,2025-01-09 11:30:00,2025-01-09 11:35:00,M,20~29,office,seoul,0,0,0,0,2,0,0,16,0,0,abandoned
22545,U2547,2025-06-29 18:09:00,2025-06-29 18:15:00,F,20~29,office,seoul,1,0,0,0,28,0,0,10,0,0,completed
22546,U2548,2025-08-23 12:12:00,2025-08-23 12:18:00,F,20~29,office,seoul,1,0,0,0,13,0,0,60,0,0,completed
22547,U2549,2025-11-27 15:35:00,2025-11-27 15:39:00,M,50+,office,seoul,0,0,0,0,7,0,0,28,0,0,completed
22548,U2550,2025-09-27 15:32:00,2025-09-27 15:37:00,M,30~39,office,seoul,1,0,0,0,28,0,0,76,0,0,completed
22549,U2551,2025-03-25 12:10:00,2025-03-25 12:12:00,M,30~39,office,seoul,0,0,0,0,16,0,0,51,0,0,completed
22550,U2552,2025-11-24 17:23:00,2025-11-24 17:27:00,M,30~39,office,seoul,0,0,0,0,4,0,0,41,0,0,completed
22551,U2553,2025-07-03 11:35:00,2025-07-03 11:37:00,F,50+,office,seoul,0,0,0,0,29,0,0,56,0,0,completed
22552,U2554,2025-03-20 16:18:00,2025-03-20 16:23:00,F,20~29,office,seoul,0,0,0,0,3,0,0,38,0,0,completed
22553,U2555,2025-07-27 09:39:00,2025-07-27 09:45:00,M,50+,office,seoul,1,0,0,0,19,0,0,46,0,0,timeout
22554,U2556,2025-09-22 15:05:00,2025-09-22 15:11:00,F,20~29,office,seoul,0,0,0,0,8,0,0,60,0,0,completed
22555,U2557,2025-03-29 16:54:00,2025-03-29 16:57:00,F,20~29,office,seoul,1,0,0,0,25,0,0,66,0,0,completed
22556,U2558,2025-06-26 18:33:00,2025-06-26 18:39:00,F,30~39,office,seoul,0,0,0,0,12,0,0,52,0,0,completed
22557,U2559,2025-04-22 08:59:00,2025-04-22 09:04:00,F,50+,office,seoul,0,0,0,0,16,0,0,47,0,0,error
22558,U2560,2025-09-25 11:20:00,2025-09-25 11:24:00,M,30~39,office,seoul,0,0,0,0,23,0,0,25,0,0,completed
22559,U2561,2025-08-05 13:15:00,2025-08-05 13:17:00,F,40~49,office,seoul,0,0,0,0,17,0,0,12,0,0,completed
22560,U2562,2025-06-24 21:49:00,2025-06-24 21:53:00,F,20~29,office,seoul,0,0,0,0,21,0,0,13,0,0,completed
22561,U2563,2025-05-27 15:17:00,2025-05-27 15:20:00,M,20~29,office,seoul,0,0,0,0,24,0,0,34,0,0,abandoned
22562,U2564,2025-05-24 16:56:00,2025-05-24 17:01:00,F,20~29,office,seoul,1,0,0,0,21,0,0,12,0,0,completed
22563,U2565,2025-08-03 09:45:00,2025-08-03 09:51:00,F,30~39,office,seoul,1,0,0,0,11,0,0,64,0,0,abandoned
22564,U2566,2025-05-03 07:08:00,2025-05-03 07:14:00,M,20~29,office,seoul,1,0,0,0,10,0,0,67,0,0,completed
22565,U2567,2025-06-12 18:36:00,2025-06-12 18:42:00,M,20~29,office,seoul,0,0,0,0,9,0,0,49,0,0,completed
22566,U2568,2025-01-27 15:16:00,2025-01-27 15:18:00,F,20~29,office,seoul,0,0,0,0,17,0,0,29,0,0,completed
22567,U2569,2025-08-27 19:41:00,2025-08-27 19:44:00,F,30~39,office,seoul,0,0,0,0,3,0,0,74,0,0,completed
22568,U2570,2025-08-20 20:46:00,2025-08-20 20:48:00,F,30~39,office,seoul,0,0,0,0,0,0,0,14,0,0,completed
22569,U2571,2025-04-20 15:27:00,2025-04-20 15:32:00,M,50+,office,seoul,1,0,0,0,12,0,0,70,0,1,completed
22570,U2572,2025-11-22 19:42:00,2025-11-22 19:48:00,M,50+,office,seoul,1,0,0,0,12,0,0,67,0,0,completed
22571,U2573,2025-04-27 08:15:00,2025-04-27 08:17:00,F,50+,office,seoul,1,0,0,0,22,0,0,43,0,0,completed
22572,U2574,2025-01-02 08:15:00,2025-01-02 08:20:00,F,40~49,office,seoul,0,0,0,0,0,0,0,19,0,0,completed
22573,U2575,2025-10-03 08:48:00,2025-10-03 08:54:00,M,20~29,office,seoul,0,0,0,0,5,0,0,25,0,0,abandoned
22574,U2576,2025-11-28 14:34:00,2025-11-28 14:36:00,F,30~39,office,seoul,0,0,0,0,0,0,0,56,0,0,completed
22575,U2577,2025-07-18 13:23:00,2025-07-18 13:28:00,F,40~49,office,seoul,0,0,0,0,26,0,0,27,0,0,completed
22576,U2578,2025-05-28 11:15:00,2025-05-28 11:20:00,F,50+,office,seoul,0,0,0,0,7,0,0,72,0,0,completed
22577,U2579,2025-07-21 17:32:00,2025-07-21 17:38:00,M,30~39,office,seoul,0,0,0,0,18,0,0,59,0,0,completed
22578,U2580,2025-01-05 16:30:00,2025-01-05 16:35:00,M,50+,office,seoul,1,0,0,0,15,0,0,12,1,0,completed
22579,U2581,2025-02-16 07:18:00,2025-02-16 07:22:00,F,30~39,office,seoul,1,0,0,0,7,0,0,78,0,0,completed
22580,U2582,2025-01-21 17:16:00,2025-01-21 17:23:00,F,20~29,office,seoul,0,0,0,0,14,0,0,72,0,0,completed
22581,U2583,2025-07-12 11:24:00,2025-07-12 11:30:00,F,20~29,office,seoul,1,0,0,0,24,0,0,24,0,0,completed
22582,U2584,2025-12-31 11:52:00,2025-12-31 11:58:00,M,20~29,office,seoul,0,0,0,0,7,0,0,56,0,0,abandoned
22583,U2585,2025-10-30 12:01:00,2025-10-30 12:04:00,F,50+,office,seoul,0,0,0,0,16,0,0,42,0,0,completed
22584,U2586,2025-12-15 14:27:00,2025-12-15 14:32:00,F,50+,office,seoul,0,0,0,0,11,0,0,64,0,0,completed
22585,U2587,2025-08-29 08:47:00,2025-08-29 08:50:00,F,20~29,office,seoul,0,0,0,0,20,0,0,56,0,0,completed
22586,U2588,2025-08-26 20:19:00,2025-08-26 20:26:00,F,20~29,office,seoul,0,0,0,0,10,0,0,44,0,0,completed
22587,U2589,2025-06-11 14:22:00,2025-06-11 14:26:00,F,40~49,office,seoul,0,0,0,0,18,0,0,62,0,0,completed
22588,U2590,2025-12-02 09:40:00,2025-12-02 09:47:00,F,30~39,office,seoul,0,0,0,0,13,0,0,47,0,0,completed
22589,U2591,2025-07-14 14:56:00,2025-07-14 15:00:00,F,50+,office,seoul,0,0,0,0,19,0,0,43,1,0,completed
22590,U2592,2025-03-14 16:35:00,2025-03-14 16:39:00,M,20~29,office,seoul,0,0,0,0,1,0,0,14,0,0,timeout
22591,U2593,2025-03-31 12:48:00,2025-03-31 12:53:00,F,20~29,office,seoul,0,0,0,0,28,0,0,22,0,0,completed
22592,U2594,2025-05-16 16:47:00,2025-05-16 16:51:00,F,40~49,office,seoul,0,0,0,0,25,0,0,72,0,0,completed
22593,U2595,2025-10-27 16:21:00,2025-10-27 16:28:00,F,30~39,office,seoul,0,0,0,0,18,0,0,68,0,0,completed
22594,U2596,2025-01-20 15:31:00,2025-01-20 15:34:00,F,30~39,office,seoul,0,0,0,0,12,0,0,50,0,0,completed
22595,U2597,2025-11-20 16:24:00,2025-11-20 16:29:00,F,40~49,office,seoul,0,0,0,0,7,0,0,52,0,0,abandoned
22596,U2598,2025-02-28 16:18:00,2025-02-28 16:23:00,M,20~29,office,seoul,0,0,0,0,18,0,0,16,0,0,completed
22597,U2599,2025-05-17 11:32:00,2025-05-17 11:37:00,M,30~39,office,seoul,1,0,0,0,12,0,0,31,0,0,completed
22598,U2600,2025-08-01 14:56:00,2025-08-01 14:59:00,M,20~29,office,seoul,0,0,0,0,4,0,0,29,0,0,completed
22599,U2601,2025-07-12 18:27:00,2025-07-12 18:29:00,M,20~29,office,seoul,1,0,0,0,23,0,0,49,0,0,completed
22600,U2602,2025-02-16 15:09:00,2025-02-16 15:15:00,M,50+,office,seoul,1,0,0,0,3,0,0,62,0,0,completed
22601,U2603,2025-09-14 14:44:00,2025-09-14 14:49:00,F,40~49,office,seoul,1,0,0,0,3,0,0,25,0,0,completed
22602,U2604,2025-12-23 08:32:00,2025-12-23 08:36:00,F,30~39,office,seoul,0,0,0,0,5,0,0,79,0,0,completed
22603,U2605,2025-05-02 17:15:00,2025-05-02 17:20:00,F,50+,office,seoul,0,0,0,0,19,0,0,14,0,0,completed
22604,U2606,2025-05-14 17:11:00,2025-05-14 17:15:00,F,40~49,office,seoul,0,0,0,0,26,0,0,59,0,0,completed
22605,U2607,2025-08-09 08:04:00,2025-08-09 08:10:00,F,40~49,office,seoul,1,0,0,0,28,0,0,78,0,0,completed
22606,U2608,2025-06-19 12:03:00,2025-06-19 12:09:00,M,30~39,office,seoul,0,0,0,0,6,0,0,72,0,0,completed
22607,U2609,2025-03-30 08:54:00,2025-03-30 09:01:00,F,30~39,office,seoul,1,0,0,0,16,0,0,23,0,0,completed
22608,U2610,2025-06-23 17:58:00,2025-06-23 18:00:00,F,20~29,office,seoul,0,0,0,0,13,0,0,30,0,0,completed
22609,U2611,2025-04-28 16:57:00,2025-04-28 17:00:00,F,20~29,office,seoul,0,0,0,0,5,0,0,64,0,0,completed
22610,U2612,2025-11-26 19:04:00,2025-11-26 19:06:00,M,20~29,office,seoul,0,0,0,0,27,0,0,32,0,0,completed
22611,U2613,2025-02-08 07:43:00,2025-02-08 07:49:00,M,30~39,office,seoul,1,0,0,0,12,0,0,56,0,0,completed
22612,U2614,2025-11-16 13:56:00,2025-11-16 14:01:00,F,50+,office,seoul,1,0,0,0,22,0,0,39,0,0,completed
22613,U2615,2025-09-05 15:34:00,2025-09-05 15:38:00,F,30~39,office,seoul,0,0,0,0,6,0,0,54,0,0,completed
22614,U2616,2025-12-28 12:51:00,2025-12-28 12:54:00,M,20~29,office,seoul,1,0,0,0,4,0,0,18,0,0,timeout
22615,U2617,2025-03-07 08:33:00,2025-03-07 08:39:00,M,50+,office,seoul,0,0,0,0,16,0,0,33,0,0,abandoned
22616,U2618,2025-05-23 11:52:00,2025-05-23 11:56:00,M,30~39,office,seoul,0,0,0,0,10,0,0,64,0,0,completed
22617,U2619,2025-06-06 07:14:00,2025-06-06 07:18:00,F,40~49,office,seoul,0,0,0,0,29,0,0,69,0,0,completed
22618,U2620,2025-03-03 07:53:00,2025-03-03 08:00:00,F,40~49,office,seoul,0,0,0,0,11,0,0,39,0,0,abandoned
22619,U2621,2025-01-25 17:16:00,2025-01-25 17:19:00,M,20~29,office,seoul,1,0,0,0,19,0,0,43,0,0,completed
22620,U2622,2025-10-23 20:48:00,2025-10-23 20:52:00,F,50+,office,seoul,0,0,0,0,13,0,0,70,0,0,completed
22621,U2623,2025-08-30 19:08:00,2025-08-30 19:15:00,F,40~49,office,seoul,1,0,0,0,6,0,0,37,0,0,completed
22622,U2624,2025-07-12 16:05:00,2025-07-12 16:12:00,F,20~29,office,seoul,1,0,0,0,5,0,0,16,0,0,completed
22623,U2625,2025-07-31 15:44:00,2025-07-31 15:51:00,M,20~29,office,seoul,0,0,0,0,24,0,0,53,0,0,completed
22624,U2626,2025-12-19 13:00:00,2025-12-19 13:04:00,F,20~29,office,seoul,0,0,0,0,20,0,0,11,0,0,abandoned
22625,U2627,2025-07-31 17:01:00,2025-07-31 17:04:00,F,30~39,office,seoul,0,0,0,0,19,0,0,62,0,0,completed
22626,U2628,2025-01-22 14:44:00,2025-01-22 14:51:00,M,30~39,office,seoul,0,0,0,0,21,0,0,34,0,0,completed
22627,U2629,2025-03-14 09:11:00,2025-03-14 09:16:00,M,50+,office,seoul,0,0,0,0,16,0,0,59,0,0,completed
22628,U2630,2025-10-17 14:47:00,2025-10-17 14:51:00,F,20~29,office,seoul,0,0,0,0,6,0,0,33,0,0,completed
22629,U2631,2025-01-15 17:27:00,2025-01-15 17:32:00,F,50+,office,seoul,0,0,0,0,12,0,0,10,0,0,completed
22630,U2632,2025-11-19 08:06:00,2025-11-19 08:13:00,F,20~29,office,seoul,0,0,0,0,27,0,0,30,0,0,completed
22631,U2633,2025-02-14 18:46:00,2025-02-14 18:51:00,M,20~29,office,seoul,0,0,0,0,12,0,0,12,0,0,completed
22632,U2634,2025-11-19 15:54:00,2025-11-19 15:58:00,F,20~29,office,seoul,0,0,0,0,10,0,0,17,0,0,completed
22633,U2635,2025-02-18 17:15:00,2025-02-18 17:20:00,F,50+,office,seoul,0,0,0,0,29,0,0,11,0,0,completed
22634,U2636,2025-10-05 14:07:00,2025-10-05 14:11:00,F,40~49,office,seoul,1,0,0,0,26,0,0,14,0,0,completed
22635,U2637,2025-01-17 19:06:00,2025-01-17 19:08:00,M,20~29,office,seoul,0,0,0,0,6,0,0,55,0,0,completed
22636,U2638,2025-04-08 14:35:00,2025-04-08 14:39:00,F,40~49,office,seoul,0,0,0,0,3,0,0,35,0,0,completed
22637,U2639,2025-05-10 16:51:00,2025-05-10 16:58:00,F,40~49,office,seoul,1,0,0,0,1,0,0,54,0,0,abandoned
22638,U2640,2025-09-17 08:36:00,2025-09-17 08:38:00,M,50+,office,seoul,0,0,0,0,16,0,0,61,0,0,abandoned
22639,U2641,2025-11-27 17:21:00,2025-11-27 17:26:00,M,50+,office,seoul,0,0,0,0,12,0,0,59,0,1,completed
22640,U2642,2025-10-30 08:07:00,2025-10-30 08:12:00,F,30~39,office,seoul,0,0,0,0,22,0,0,59,0,0,completed
22641,U2643,2025-07-03 19:46:00,2025-07-03 19:48:00,F,40~49,office,seoul,0,0,0,0,14,0,0,69,0,1,completed
22642,U2644,2025-07-25 18:49:00,2025-07-25 18:52:00,F,40~49,office,seoul,0,0,0,0,18,0,0,62,0,0,completed
22643,U2645,2025-06-23 12:03:00,2025-06-23 12:06:00,F,40~49,office,seoul,0,0,0,0,4,0,0,20,0,0,abandoned
22644,U2646,2025-06-16 15:40:00,2025-06-16 15:45:00,M,30~39,office,seoul,0,0,0,0,28,0,0,42,0,0,completed
22645,U2647,2025-12-09 12:39:00,2025-12-09 12:43:00,M,40~49,office,seoul,0,0,0,0,16,0,0,28,0,0,completed
22646,U2648,2025-03-06 20:42:00,2025-03-06 20:48:00,M,20~29,office,seoul,0,0,0,0,3,0,0,16,0,0,abandoned
22647,U2649,2025-08-15 19:22:00,2025-08-15 19:28:00,F,20~29,office,seoul,0,0,0,0,1,0,0,27,0,0,completed
22648,U2650,2025-05-02 16:55:00,2025-05-02 17:02:00,M,20~29,office,seoul,0,0,0,0,3,0,0,16,0,0,completed
22649,U2651,2025-08-19 12:03:00,2025-08-19 12:05:00,M,30~39,office,seoul,0,0,0,0,21,0,0,34,0,0,completed
22650,U2652,2025-09-17 16:53:00,2025-09-17 16:55:00,F,40~49,office,seoul,0,0,0,0,20,0,0,58,0,0,error
22651,U2653,2025-04-27 07:31:00,2025-04-27 07:37:00,M,30~39,office,seoul,1,0,0,0,23,0,0,25,0,0,completed
22652,U2654,2025-12-31 17:48:00,2025-12-31 17:53:00,F,50+,office,seoul,0,0,0,0,21,0,0,68,0,0,completed
22653,U2655,2025-04-13 13:23:00,2025-04-13 13:29:00,M,30~39,office,seoul,1,0,0,0,3,0,0,43,0,0,completed
22654,U2656,2025-11-26 11:35:00,2025-11-26 11:41:00,F,30~39,office,seoul,0,0,0,0,9,0,0,75,0,0,completed
22655,U2657,2025-05-28 13:32:00,2025-05-28 13:39:00,F,20~29,office,seoul,0,0,0,0,22,0,0,63,0,0,completed
22656,U2658,2025-09-09 22:02:00,2025-09-09 22:06:00,F,50+,office,seoul,0,0,0,0,29,0,0,10,0,0,completed
22657,U2659,2025-06-22 15:08:00,2025-06-22 15:15:00,M,20~29,office,seoul,1,0,0,0,18,0,0,33,0,0,completed
22658,U2660,2025-07-18 19:20:00,2025-07-18 19:26:00,F,50+,office,seoul,0,0,0,0,4,0,0,25,0,0,completed
22659,U2661,2025-12-04 12:08:00,2025-12-04 12:15:00,M,20~29,office,seoul,0,0,0,0,10,0,0,47,0,0,completed
22660,U2662,2025-05-03 13:02:00,2025-05-03 13:08:00,M,40~49,office,seoul,1,0,0,0,19,0,0,56,0,0,completed
22661,U2663,2025-04-21 14:43:00,2025-04-21 14:49:00,F,20~29,office,seoul,0,0,0,0,17,0,0,19,0,0,completed
22662,U2664,2025-02-23 09:59:00,2025-02-23 10:01:00,F,30~39,office,seoul,1,0,0,0,16,0,0,78,0,0,completed
22663,U2665,2025-01-18 09:18:00,2025-01-18 09:25:00,M,20~29,office,seoul,1,0,0,0,17,0,0,71,0,0,abandoned
22664,U2666,2025-05-10 09:56:00,2025-05-10 10:03:00,F,30~39,office,seoul,1,0,0,0,28,0,0,78,0,0,completed
22665,U2667,2025-09-14 17:27:00,2025-09-14 17:34:00,F,20~29,office,seoul,1,0,0,0,3,0,0,19,0,0,completed
22666,U2668,2025-09-15 08:54:00,2025-09-15 09:01:00,M,20~29,office,seoul,0,0,0,0,3,0,0,26,0,0,timeout
22667,U2669,2025-07-13 09:01:00,2025-07-13 09:06:00,F,30~39,office,seoul,1,0,0,0,5,0,0,43,0,0,completed
22668,U2670,2025-10-11 20:57:00,2025-10-11 21:02:00,F,40~49,office,seoul,1,0,0,0,8,0,0,73,1,0,completed
22669,U2671,2025-06-08 08:47:00,2025-06-08 08:49:00,M,20~29,office,seoul,1,0,0,0,12,0,0,74,0,0,completed
22670,U2672,2025-07-03 07:57:00,2025-07-03 08:03:00,F,40~49,office,seoul,0,0,0,0,2,0,0,69,0,0,completed
22671,U2673,2025-03-17 14:46:00,2025-03-17 14:49:00,F,30~39,office,seoul,0,0,0,0,11,0,0,15,0,0,completed
22672,U2674,2025-08-20 12:28:00,2025-08-20 12:32:00,F,50+,office,seoul,0,0,0,0,1,0,0,22,0,0,completed
22673,U2675,2025-07-08 08:18:00,2025-07-08 08:21:00,M,40~49,office,seoul,0,0,0,0,12,0,0,70,0,0,completed
22674,U2676,2025-03-25 17:47:00,2025-03-25 17:49:00,F,20~29,office,seoul,0,0,0,0,6,0,0,66,0,0,completed
22675,U2677,2025-03-17 17:00:00,2025-03-17 17:07:00,M,20~29,office,seoul,0,0,0,0,16,0,0,71,0,0,completed
22676,U2678,2025-06-16 17:09:00,2025-06-16 17:14:00,F,20~29,office,seoul,0,0,0,0,2,0,0,13,0,0,completed
22677,U2679,2025-10-28 07:31:00,2025-10-28 07:35:00,M,40~49,office,seoul,0,0,0,0,9,0,0,70,0,0,completed
22678,U2680,2025-05-15 15:03:00,2025-05-15 15:10:00,F,50+,office,seoul,0,0,0,0,28,0,0,76,0,0,completed
22679,U2681,2025-06-10 16:32:00,2025-06-10 16:37:00,F,20~29,office,seoul,0,0,0,0,3,0,0,23,0,0,completed
22680,U2682,2025-01-14 12:20:00,2025-01-14 12:22:00,F,20~29,office,seoul,0,0,0,0,18,0,0,52,0,0,completed
22681,U2683,2025-03-19 22:55:00,2025-03-19 22:57:00,F,50+,office,seoul,0,0,0,0,29,0,0,57,0,0,completed
22682,U2684,2025-09-29 11:15:00,2025-09-29 11:19:00,F,30~39,office,seoul,0,0,0,0,4,0,0,23,0,0,completed
22683,U2685,2025-09-30 19:56:00,2025-09-30 20:01:00,M,50+,office,seoul,0,0,0,0,20,0,0,30,0,0,abandoned
22684,U2686,2025-08-13 09:53:00,2025-08-13 09:59:00,F,40~49,office,seoul,0,0,0,0,6,0,0,72,0,0,completed
22685,U2687,2025-08-02 18:29:00,2025-08-02 18:36:00,F,30~39,office,seoul,1,0,0,0,24,0,0,66,0,0,completed
22686,U2688,2025-08-25 16:22:00,2025-08-25 16:27:00,F,30~39,office,seoul,0,0,0,0,8,0,0,25,0,0,completed
22687,U2689,2025-03-29 18:45:00,2025-03-29 18:50:00,M,20~29,office,seoul,1,0,0,0,1,0,0,19,0,0,completed
22688,U2690,2025-04-03 16:56:00,2025-04-03 17:02:00,M,30~39,office,seoul,0,0,0,0,28,0,0,53,0,0,completed
22689,U2691,2025-05-04 18:42:00,2025-05-04 18:45:00,F,20~29,office,seoul,1,0,0,0,29,0,0,69,0,0,abandoned
22690,U2692,2025-11-27 09:51:00,2025-11-27 09:56:00,F,30~39,office,seoul,0,0,0,0,20,0,0,28,0,0,completed
22691,U2693,2025-05-06 11:42:00,2025-05-06 11:46:00,M,40~49,office,seoul,0,0,0,0,29,0,0,16,0,0,completed
22692,U2694,2025-10-03 17:41:00,2025-10-03 17:48:00,F,30~39,office,seoul,0,0,0,0,5,0,0,60,0,0,completed
22693,U2695,2025-09-01 18:18:00,2025-09-01 18:25:00,M,20~29,office,seoul,0,0,0,0,13,0,0,28,0,0,completed
22694,U2696,2025-03-05 07:25:00,2025-03-05 07:27:00,F,20~29,office,seoul,0,0,0,0,22,0,0,25,0,0,completed
22695,U2697,2025-05-30 21:12:00,2025-05-30 21:19:00,F,30~39,office,seoul,0,0,0,0,28,0,0,61,0,0,completed
22696,U2698,2025-10-17 15:24:00,2025-10-17 15:26:00,M,50+,office,seoul,0,0,0,0,3,0,0,48,0,0,completed
22697,U2699,2025-12-19 07:19:00,2025-12-19 07:23:00,F,50+,office,seoul,0,0,0,0,24,0,0,29,1,0,completed
22698,U2700,2025-11-25 08:46:00,2025-11-25 08:53:00,M,30~39,office,seoul,0,0,0,0,14,0,0,65,0,0,completed
22699,U2701,2025-06-30 08:43:00,2025-06-30 08:50:00,F,40~49,office,seoul,0,0,0,0,18,0,0,49,0,0,completed
22700,U2702,2025-05-01 15:53:00,2025-05-01 15:59:00,F,20~29,office,seoul,0,0,0,0,0,0,0,27,0,0,abandoned
22701,U2703,2025-06-22 16:05:00,2025-06-22 16:11:00,F,30~39,office,seoul,1,0,0,0,3,0,0,78,0,0,completed
22702,U2704,2025-01-09 08:55:00,2025-01-09 09:00:00,M,20~29,office,seoul,0,0,0,0,0,0,0,74,0,0,completed
22703,U2705,2025-02-16 17:44:00,2025-02-16 17:50:00,F,40~49,office,seoul,1,0,0,0,17,0,0,38,0,0,completed
22704,U2706,2025-01-12 12:02:00,2025-01-12 12:07:00,F,20~29,office,seoul,1,0,0,0,18,0,0,14,0,0,completed
22705,U2707,2025-08-02 16:31:00,2025-08-02 16:37:00,M,20~29,office,seoul,1,0,0,0,7,0,0,67,0,0,completed
22706,U2708,2025-02-28 08:24:00,2025-02-28 08:26:00,F,40~49,office,seoul,0,0,0,0,29,0,0,31,0,1,timeout
22707,U2709,2025-09-29 08:15:00,2025-09-29 08:17:00,F,40~49,office,seoul,0,0,0,0,16,0,0,51,0,0,completed
22708,U2710,2025-06-13 19:41:00,2025-06-13 19:48:00,F,20~29,office,seoul,0,0,0,0,13,0,0,47,0,0,completed
22709,U2711,2025-06-12 09:09:00,2025-06-12 09:13:00,F,20~29,office,seoul,0,0,0,0,25,0,0,67,0,0,completed
22710,U2712,2025-08-25 17:00:00,2025-08-25 17:03:00,M,40~49,office,seoul,0,0,0,0,5,0,0,54,0,0,abandoned
22711,U2713,2025-11-30 16:45:00,2025-11-30 16:52:00,F,40~49,office,seoul,1,0,0,0,28,0,0,77,0,0,completed
22712,U2714,2025-10-14 15:13:00,2025-10-14 15:15:00,M,40~49,office,seoul,0,0,0,0,16,0,0,21,1,0,completed
22713,U2715,2025-01-18 15:33:00,2025-01-18 15:39:00,F,30~39,office,seoul,1,0,0,0,3,0,0,42,0,0,completed
22714,U2716,2025-09-03 15:33:00,2025-09-03 15:38:00,F,30~39,office,seoul,0,0,0,0,6,0,0,16,0,0,completed
22715,U2717,2025-09-29 13:03:00,2025-09-29 13:06:00,F,30~39,office,seoul,0,0,0,0,3,0,0,44,0,0,completed
22716,U2718,2025-11-23 17:44:00,2025-11-23 17:49:00,M,40~49,office,seoul,1,0,0,0,22,0,0,71,0,0,completed
22717,U2719,2025-05-27 15:56:00,2025-05-27 16:01:00,M,30~39,office,seoul,0,0,0,0,6,0,0,76,0,0,completed
22718,U2720,2025-07-25 09:06:00,2025-07-25 09:12:00,F,30~39,office,seoul,0,0,0,0,24,0,0,47,0,0,completed
22719,U2721,2025-07-02 09:03:00,2025-07-02 09:07:00,M,30~39,office,seoul,0,0,0,0,17,0,0,59,0,0,completed
22720,U2722,2025-06-13 08:07:00,2025-06-13 08:14:00,M,30~39,office,seoul,0,0,0,0,13,0,0,64,0,0,completed
22721,U2723,2025-08-31 15:19:00,2025-08-31 15:25:00,M,30~39,office,seoul,1,0,0,0,14,0,0,60,0,0,completed
22722,U2724,2025-07-06 08:18:00,2025-07-06 08:23:00,F,50+,office,seoul,1,0,0,0,19,0,0,36,0,0,completed
22723,U2725,2025-09-03 11:06:00,2025-09-03 11:12:00,F,40~49,office,seoul,0,0,0,0,13,0,0,42,0,0,completed
22724,U2726,2025-04-16 16:49:00,2025-04-16 16:55:00,M,30~39,office,seoul,0,0,0,0,1,0,0,42,0,0,completed
22725,U2727,2025-03-12 12:48:00,2025-03-12 12:50:00,M,50+,office,seoul,0,0,0,0,7,0,0,73,0,0,timeout
22726,U2728,2025-07-02 09:19:00,2025-07-02 09:23:00,F,20~29,office,seoul,0,0,0,0,19,0,0,55,0,0,completed
22727,U2729,2025-06-05 08:10:00,2025-06-05 08:16:00,M,20~29,office,seoul,0,0,0,0,2,0,0,62,0,0,completed
22728,U2730,2025-02-13 15:09:00,2025-02-13 15:13:00,F,30~39,office,seoul,0,0,0,0,6,0,0,50,0,0,completed
22729,U2731,2025-05-04 09:44:00,2025-05-04 09:51:00,M,40~49,office,seoul,1,0,0,0,16,0,0,69,0,0,completed
22730,U2732,2025-11-27 14:34:00,2025-11-27 14:36:00,M,30~39,office,seoul,0,0,0,0,24,0,0,37,0,0,completed
22731,U2733,2025-09-08 11:21:00,2025-09-08 11:23:00,F,30~39,office,seoul,0,0,0,0,3,0,0,33,0,0,completed
22732,U2734,2025-01-04 11:35:00,2025-01-04 11:41:00,M,30~39,office,seoul,1,0,0,0,8,0,0,71,0,0,completed
22733,U2735,2025-04-08 12:05:00,2025-04-08 12:09:00,M,40~49,office,seoul,0,0,0,0,16,0,0,52,0,0,completed
22734,U2736,2025-07-09 12:37:00,2025-07-09 12:41:00,F,20~29,office,seoul,0,0,0,0,23,0,0,16,0,0,completed
22735,U2737,2025-11-02 18:50:00,2025-11-02 18:55:00,M,50+,office,seoul,1,0,0,0,3,0,0,49,0,0,completed
22736,U2738,2025-02-24 16:48:00,2025-02-24 16:54:00,F,20~29,office,seoul,0,0,0,0,27,0,0,27,0,0,completed
22737,U2739,2025-07-07 17:15:00,2025-07-07 17:19:00,F,20~29,office,seoul,0,0,0,0,22,0,0,76,0,0,completed
22738,U2740,2025-02-20 15:21:00,2025-02-20 15:27:00,F,20~29,office,seoul,0,0,0,0,12,0,0,75,0,0,completed
22739,U2741,2025-08-16 14:16:00,2025-08-16 14:19:00,M,20~29,office,seoul,1,0,0,0,6,0,0,78,0,0,abandoned
22740,U2742,2025-03-17 22:11:00,2025-03-17 22:14:00,F,30~39,office,seoul,0,0,0,0,2,0,0,69,0,0,completed
22741,U2743,2025-01-06 13:38:00,2025-01-06 13:45:00,F,40~49,office,seoul,0,0,0,0,27,0,0,11,0,0,completed
22742,U2744,2025-10-30 20:02:00,2025-10-30 20:07:00,F,20~29,office,seoul,0,0,0,0,19,0,0,18,0,0,completed
22743,U2745,2025-04-05 14:30:00,2025-04-05 14:37:00,M,50+,office,seoul,1,0,0,0,17,0,0,33,0,1,abandoned
22744,U2746,2025-09-10 15:36:00,2025-09-10 15:42:00,F,50+,office,seoul,0,0,0,0,19,0,0,59,0,0,completed
22745,U2747,2025-02-24 16:51:00,2025-02-24 16:55:00,F,30~39,office,seoul,0,0,0,0,16,0,0,37,0,0,completed
22746,U2748,2025-01-04 09:23:00,2025-01-04 09:27:00,F,50+,office,seoul,1,0,0,0,7,0,0,50,0,1,completed
22747,U2749,2025-05-30 14:36:00,2025-05-30 14:40:00,F,50+,office,seoul,0,0,0,0,19,0,0,46,0,0,completed
22748,U2750,2025-04-15 20:32:00,2025-04-15 20:36:00,F,20~29,office,seoul,0,0,0,0,14,0,0,34,0,0,completed
22749,U2751,2025-04-11 16:00:00,2025-04-11 16:02:00,M,30~39,office,seoul,0,0,0,0,6,0,0,21,0,0,completed
22750,U2752,2025-04-22 09:27:00,2025-04-22 09:32:00,F,40~49,office,seoul,0,0,0,0,1,0,0,41,0,0,completed
22751,U2753,2025-11-07 09:30:00,2025-11-07 09:33:00,M,50+,office,seoul,0,0,0,0,24,0,0,11,0,0,completed
22752,U2754,2025-12-08 12:40:00,2025-12-08 12:47:00,F,40~49,office,seoul,0,0,0,0,12,0,0,40,0,0,completed
22753,U2755,2025-06-06 17:37:00,2025-06-06 17:40:00,F,40~49,office,seoul,0,0,0,0,24,0,0,58,0,0,completed
22754,U2756,2025-11-07 09:37:00,2025-11-07 09:39:00,M,30~39,office,seoul,0,0,0,0,3,0,0,63,0,0,completed
22755,U2757,2025-01-10 13:04:00,2025-01-10 13:07:00,M,30~39,office,seoul,0,0,0,0,27,0,0,17,0,0,completed
22756,U2758,2025-10-10 16:53:00,2025-10-10 16:55:00,F,40~49,office,seoul,0,0,0,0,25,0,0,48,0,0,abandoned
22757,U2759,2025-09-29 09:45:00,2025-09-29 09:48:00,F,40~49,office,seoul,0,0,0,0,13,0,0,63,0,0,completed
22758,U2760,2025-05-25 07:49:00,2025-05-25 07:55:00,M,40~49,office,seoul,1,0,0,0,22,0,0,52,1,0,completed
22759,U2761,2025-11-26 22:36:00,2025-11-26 22:43:00,F,20~29,office,seoul,0,0,0,0,9,0,0,59,0,0,completed
22760,U2762,2025-03-16 21:29:00,2025-03-16 21:31:00,F,50+,office,seoul,1,0,0,0,2,0,0,34,0,0,completed
22761,U2763,2025-12-12 13:05:00,2025-12-12 13:12:00,F,40~49,office,seoul,0,0,0,0,4,0,0,56,0,0,completed
22762,U2764,2025-01-19 18:04:00,2025-01-19 18:07:00,M,50+,office,seoul,1,0,0,0,8,0,0,79,0,0,abandoned
22763,U2765,2025-11-01 12:56:00,2025-11-01 12:59:00,F,30~39,office,seoul,1,0,0,0,23,0,0,76,0,0,completed
22764,U2766,2025-11-22 08:26:00,2025-11-22 08:33:00,M,50+,office,seoul,1,0,0,0,5,0,0,77,0,0,abandoned
22765,U2767,2025-05-22 09:43:00,2025-05-22 09:49:00,F,40~49,office,seoul,0,0,0,0,13,0,0,20,0,0,completed
22766,U2768,2025-04-30 13:38:00,2025-04-30 13:44:00,F,20~29,office,seoul,0,0,0,0,24,0,0,17,0,0,completed
22767,U2769,2025-07-11 07:55:00,2025-07-11 08:01:00,F,40~49,office,seoul,0,0,0,0,3,0,0,78,0,0,completed
22768,U2770,2025-05-27 12:10:00,2025-05-27 12:17:00,F,50+,office,seoul,0,0,0,0,2,0,0,78,0,0,completed
22769,U2771,2025-07-09 18:35:00,2025-07-09 18:39:00,F,50+,office,seoul,0,0,0,0,25,0,0,20,1,0,completed
22770,U2772,2025-08-22 11:32:00,2025-08-22 11:38:00,F,50+,office,seoul,0,0,0,0,12,0,0,11,0,0,timeout
22771,U2773,2025-06-26 16:51:00,2025-06-26 16:56:00,F,30~39,office,seoul,0,0,0,0,19,0,0,35,0,0,completed
22772,U2774,2025-06-06 07:31:00,2025-06-06 07:37:00,F,50+,office,seoul,0,0,0,0,8,0,0,64,0,0,completed
22773,U2775,2025-08-28 11:50:00,2025-08-28 11:56:00,F,20~29,office,seoul,0,0,0,0,26,0,0,59,0,0,completed
22774,U2776,2025-11-01 18:15:00,2025-11-01 18:17:00,F,30~39,office,seoul,1,0,0,0,4,0,0,12,0,0,completed
22775,U2777,2025-11-28 12:14:00,2025-11-28 12:17:00,M,40~49,office,seoul,0,0,0,0,12,0,0,77,0,0,completed
22776,U2778,2025-02-15 18:31:00,2025-02-15 18:35:00,M,30~39,office,seoul,1,0,0,0,24,0,0,33,0,0,completed
22777,U2779,2025-06-15 13:51:00,2025-06-15 13:53:00,F,40~49,office,seoul,1,0,0,0,17,0,0,44,0,0,completed
22778,U2780,2025-05-11 16:51:00,2025-05-11 16:56:00,F,50+,office,seoul,1,0,0,0,11,0,0,43,0,0,completed
22779,U2781,2025-03-12 11:20:00,2025-03-12 11:26:00,M,40~49,office,seoul,0,0,0,0,12,0,0,76,0,0,completed
22780,U2782,2025-01-07 08:42:00,2025-01-07 08:46:00,M,20~29,office,seoul,0,0,0,0,26,0,0,67,0,0,completed
22781,U2783,2025-06-25 12:29:00,2025-06-25 12:35:00,F,20~29,office,seoul,0,0,0,0,28,0,0,48,0,0,abandoned
22782,U2784,2025-10-14 09:55:00,2025-10-14 10:02:00,F,50+,office,seoul,0,0,0,0,14,0,0,73,0,0,abandoned
22783,U2785,2025-12-06 16:00:00,2025-12-06 16:07:00,M,40~49,office,seoul,1,0,0,0,0,0,0,73,0,0,completed
22784,U2786,2025-04-27 22:17:00,2025-04-27 22:20:00,F,20~29,office,seoul,1,0,0,0,25,0,0,36,0,0,completed
22785,U2787,2025-04-21 22:28:00,2025-04-21 22:32:00,F,50+,office,seoul,0,0,0,0,29,0,0,78,1,0,completed
22786,U2788,2025-01-04 12:16:00,2025-01-04 12:19:00,M,50+,office,seoul,1,0,0,0,10,0,0,26,0,0,completed
22787,U2789,2025-05-27 20:58:00,2025-05-27 21:00:00,F,40~49,office,seoul,0,0,0,0,13,0,0,62,0,0,completed
22788,U2790,2025-10-15 09:10:00,2025-10-15 09:16:00,F,20~29,office,seoul,0,0,0,0,17,0,0,46,0,0,completed
22789,U2791,2025-04-03 09:21:00,2025-04-03 09:28:00,M,20~29,office,seoul,0,0,0,0,19,0,0,15,0,0,completed
22790,U2792,2025-10-02 09:58:00,2025-10-02 10:00:00,F,20~29,office,seoul,0,0,0,0,22,0,0,38,0,0,abandoned
22791,U2793,2025-06-09 16:33:00,2025-06-09 16:35:00,M,20~29,office,seoul,0,0,0,0,14,0,0,22,0,0,abandoned
22792,U2794,2025-12-23 12:59:00,2025-12-23 13:05:00,M,30~39,office,seoul,0,0,0,0,6,0,0,33,0,0,completed
22793,U2795,2025-04-21 14:37:00,2025-04-21 14:44:00,F,30~39,office,seoul,0,0,0,0,9,0,0,16,0,0,completed
22794,U2796,2025-08-16 08:47:00,2025-08-16 08:53:00,M,20~29,office,seoul,1,0,0,0,14,0,0,58,0,0,completed
22795,U2797,2025-02-03 09:20:00,2025-02-03 09:25:00,F,30~39,office,seoul,0,0,0,0,22,0,0,73,0,0,timeout
22796,U2798,2025-11-28 11:41:00,2025-11-28 11:44:00,F,50+,office,seoul,0,0,0,0,0,0,0,45,0,0,completed
22797,U2799,2025-08-15 15:03:00,2025-08-15 15:06:00,F,50+,office,seoul,0,0,0,0,3,0,0,61,0,0,completed
22798,U2800,2025-01-14 12:07:00,2025-01-14 12:10:00,F,30~39,office,seoul,0,0,0,0,4,0,0,48,0,0,completed
22799,U2801,2025-03-25 08:43:00,2025-03-25 08:50:00,F,20~29,office,seoul,0,0,0,0,20,0,0,57,0,0,completed
22800,U2802,2025-09-22 15:27:00,2025-09-22 15:33:00,F,30~39,office,seoul,0,0,0,0,3,0,0,50,0,0,completed
22801,U2803,2025-02-19 16:08:00,2025-02-19 16:14:00,M,40~49,office,seoul,0,0,0,0,10,0,0,20,0,0,completed
22802,U2804,2025-05-17 07:32:00,2025-05-17 07:36:00,F,20~29,office,seoul,1,0,0,0,20,0,0,54,0,0,timeout
22803,U2805,2025-02-02 09:35:00,2025-02-02 09:39:00,F,20~29,office,seoul,1,0,0,0,3,0,0,16,0,0,completed
22804,U2806,2025-11-01 12:48:00,2025-11-01 12:55:00,M,30~39,office,seoul,1,0,0,0,11,0,0,53,0,0,abandoned
22805,U2807,2025-03-26 16:22:00,2025-03-26 16:26:00,F,50+,office,seoul,0,0,0,0,24,0,0,19,0,0,completed
22806,U2808,2025-06-10 11:24:00,2025-06-10 11:30:00,M,40~49,office,seoul,0,0,0,0,29,0,0,27,0,0,completed
22807,U2809,2025-03-26 15:51:00,2025-03-26 15:58:00,M,20~29,office,seoul,0,0,0,0,18,0,0,74,0,0,completed
22808,U2810,2025-12-01 18:13:00,2025-12-01 18:15:00,F,20~29,office,seoul,0,0,0,0,15,0,0,62,0,0,completed
22809,U2811,2025-04-10 18:50:00,2025-04-10 18:56:00,M,20~29,office,seoul,0,0,0,0,11,0,0,39,0,0,completed
22810,U2812,2025-10-02 08:51:00,2025-10-02 08:58:00,M,30~39,office,seoul,0,0,0,0,3,0,0,10,0,0,completed
22811,U2813,2025-01-21 13:23:00,2025-01-21 13:26:00,F,40~49,office,seoul,0,0,0,0,22,0,0,36,0,0,completed
22812,U2814,2025-06-10 13:55:00,2025-06-10 13:58:00,M,40~49,office,seoul,0,0,0,0,14,0,0,28,0,0,completed
22813,U2815,2025-01-31 15:55:00,2025-01-31 16:02:00,M,20~29,office,seoul,0,0,0,0,19,0,0,40,0,0,completed
22814,U2816,2025-05-24 14:00:00,2025-05-24 14:06:00,F,40~49,office,seoul,1,0,0,0,18,0,0,50,0,0,completed
22815,U2817,2025-06-16 09:24:00,2025-06-16 09:26:00,M,50+,office,seoul,0,0,0,0,14,0,0,21,0,0,completed
22816,U2818,2025-04-03 20:17:00,2025-04-03 20:20:00,F,20~29,office,seoul,0,0,0,0,13,0,0,60,0,0,completed
22817,U2819,2025-11-02 18:52:00,2025-11-02 18:58:00,F,20~29,office,seoul,1,0,0,0,1,0,0,13,0,0,completed
22818,U2820,2025-08-22 08:19:00,2025-08-22 08:23:00,F,40~49,office,seoul,0,0,0,0,25,0,0,70,1,0,completed
22819,U2821,2025-09-18 15:43:00,2025-09-18 15:47:00,M,20~29,office,seoul,0,0,0,0,21,0,0,39,0,0,abandoned
22820,U2822,2025-06-25 13:35:00,2025-06-25 13:39:00,F,50+,office,seoul,0,0,0,0,28,0,0,42,0,0,completed
22821,U2823,2025-09-26 16:04:00,2025-09-26 16:09:00,M,30~39,office,seoul,0,0,0,0,20,0,0,22,0,0,completed
22822,U2824,2025-06-26 17:42:00,2025-06-26 17:47:00,F,20~29,office,seoul,0,0,0,0,2,0,0,73,0,0,abandoned
22823,U2825,2025-04-10 16:23:00,2025-04-10 16:27:00,M,20~29,office,seoul,0,0,0,0,29,0,0,37,0,0,completed
22824,U2826,2025-12-01 09:30:00,2025-12-01 09:34:00,F,30~39,office,seoul,0,0,0,0,9,0,0,39,0,0,error
22825,U2827,2025-05-09 16:27:00,2025-05-09 16:32:00,M,20~29,office,seoul,0,0,0,0,12,0,0,17,0,0,completed
22826,U2828,2025-12-29 18:56:00,2025-12-29 19:00:00,F,50+,office,seoul,0,0,0,0,13,0,0,75,1,0,completed
22827,U2829,2025-12-02 13:28:00,2025-12-02 13:31:00,F,50+,office,seoul,0,0,0,0,27,0,0,79,0,0,completed
22828,U2830,2025-04-17 14:15:00,2025-04-17 14:20:00,F,50+,office,seoul,0,0,0,0,22,0,0,10,0,0,completed
22829,U2831,2025-12-24 17:34:00,2025-12-24 17:36:00,F,20~29,office,seoul,0,0,0,0,2,0,0,22,0,0,completed
22830,U2832,2025-02-24 15:28:00,2025-02-24 15:31:00,F,40~49,office,seoul,0,0,0,0,16,0,0,37,0,0,completed
22831,U2833,2025-09-24 19:14:00,2025-09-24 19:20:00,M,50+,office,seoul,0,0,0,0,7,0,0,39,1,0,abandoned
22832,U2834,2025-05-21 09:18:00,2025-05-21 09:25:00,M,20~29,office,seoul,0,0,0,0,27,0,0,30,0,0,completed
22833,U2835,2025-09-14 12:23:00,2025-09-14 12:28:00,M,20~29,office,seoul,1,0,0,0,26,0,0,31,0,0,completed
22834,U2836,2025-10-28 14:00:00,2025-10-28 14:06:00,F,50+,office,seoul,0,0,0,0,2,0,0,71,0,0,completed
22835,U2837,2025-01-12 16:25:00,2025-01-12 16:31:00,F,20~29,office,seoul,1,0,0,0,14,0,0,47,0,0,completed
22836,U2838,2025-12-18 08:08:00,2025-12-18 08:13:00,M,50+,office,seoul,0,0,0,0,15,0,0,21,0,0,completed
22837,U2839,2025-03-05 20:40:00,2025-03-05 20:43:00,M,40~49,office,seoul,0,0,0,0,3,0,0,43,0,0,completed
22838,U2840,2025-03-17 14:30:00,2025-03-17 14:37:00,F,50+,office,seoul,0,0,0,0,9,0,0,35,0,0,completed
22839,U2841,2025-08-16 11:13:00,2025-08-16 11:19:00,M,20~29,office,seoul,1,0,0,0,21,0,0,65,0,0,completed
22840,U2842,2025-08-23 12:21:00,2025-08-23 12:25:00,F,30~39,office,seoul,1,0,0,0,9,0,0,68,0,0,completed
22841,U2843,2025-03-16 11:02:00,2025-03-16 11:04:00,F,40~49,office,seoul,1,0,0,0,4,0,0,66,0,0,completed
22842,U2844,2025-03-20 08:24:00,2025-03-20 08:26:00,M,40~49,office,seoul,0,0,0,0,7,0,0,54,0,0,completed
22843,U2845,2025-03-19 18:00:00,2025-03-19 18:02:00,M,40~49,office,seoul,0,0,0,0,26,0,0,17,1,0,completed
22844,U2846,2025-11-11 09:21:00,2025-11-11 09:28:00,F,50+,office,seoul,0,0,0,0,16,0,0,71,0,0,completed
22845,U2847,2025-08-10 18:20:00,2025-08-10 18:25:00,F,40~49,office,seoul,1,0,0,0,15,0,0,51,0,0,completed
22846,U2848,2025-04-24 17:42:00,2025-04-24 17:49:00,F,40~49,office,seoul,0,0,0,0,1,0,0,63,0,0,completed
22847,U2849,2025-12-22 20:29:00,2025-12-22 20:35:00,F,30~39,office,seoul,0,0,0,0,16,0,0,36,0,0,completed
22848,U2850,2025-12-11 13:29:00,2025-12-11 13:36:00,F,30~39,office,seoul,0,0,0,0,20,0,0,33,0,0,completed
22849,U2851,2025-10-23 22:03:00,2025-10-23 22:09:00,M,50+,office,seoul,0,0,0,0,17,0,0,44,0,0,completed
22850,U2852,2025-01-02 14:06:00,2025-01-02 14:12:00,F,50+,office,seoul,0,0,0,0,21,0,0,16,0,0,completed
22851,U2853,2025-04-01 09:18:00,2025-04-01 09:22:00,M,50+,office,seoul,0,0,0,0,12,0,0,55,0,0,completed
22852,U2854,2025-11-12 17:45:00,2025-11-12 17:51:00,M,30~39,office,seoul,0,0,0,0,29,0,0,41,0,0,completed
22853,U2855,2025-04-15 09:37:00,2025-04-15 09:43:00,M,30~39,office,seoul,0,0,0,0,0,0,0,75,0,0,completed
22854,U2856,2025-09-19 08:08:00,2025-09-19 08:11:00,F,40~49,office,seoul,0,0,0,0,24,0,0,50,0,0,completed
22855,U2857,2025-03-11 09:36:00,2025-03-11 09:40:00,F,20~29,office,seoul,0,0,0,0,1,0,0,77,0,0,completed
22856,U2858,2025-11-25 14:55:00,2025-11-25 14:57:00,M,30~39,office,seoul,0,0,0,0,0,0,0,28,0,0,completed
22857,U2859,2025-06-21 17:50:00,2025-06-21 17:54:00,M,50+,office,seoul,1,0,0,0,18,0,0,74,0,0,completed
22858,U2860,2025-11-17 18:22:00,2025-11-17 18:26:00,F,20~29,office,seoul,0,0,0,0,9,0,0,43,0,0,completed
22859,U2861,2025-02-10 09:48:00,2025-02-10 09:55:00,M,50+,office,seoul,0,0,0,0,20,0,0,24,1,0,completed
22860,U2862,2025-06-11 09:18:00,2025-06-11 09:24:00,F,30~39,office,seoul,0,0,0,0,0,0,0,68,0,0,completed
22861,U2863,2025-01-30 13:58:00,2025-01-30 14:02:00,M,40~49,office,seoul,0,0,0,0,11,0,0,64,0,0,completed
22862,U2864,2025-12-15 18:44:00,2025-12-15 18:49:00,F,20~29,office,seoul,0,0,0,0,29,0,0,15,0,0,completed
22863,U2865,2025-07-10 13:32:00,2025-07-10 13:34:00,M,20~29,office,seoul,0,0,0,0,14,0,0,60,0,1,completed
22864,U2866,2025-06-28 16:05:00,2025-06-28 16:11:00,M,30~39,office,seoul,1,0,0,0,21,0,0,33,0,0,completed
22865,U2867,2025-05-13 17:17:00,2025-05-13 17:19:00,F,30~39,office,seoul,0,0,0,0,16,0,0,58,0,0,completed
22866,U2868,2025-09-28 09:46:00,2025-09-28 09:48:00,F,20~29,office,seoul,1,0,0,0,8,0,0,61,0,0,completed
22867,U2869,2025-01-30 12:11:00,2025-01-30 12:14:00,F,30~39,office,seoul,0,0,0,0,26,0,0,12,0,0,completed
22868,U2870,2025-01-23 11:15:00,2025-01-23 11:17:00,F,40~49,office,seoul,0,0,0,0,6,0,0,51,0,0,completed
22869,U2871,2025-07-28 08:52:00,2025-07-28 08:58:00,M,20~29,office,seoul,0,0,0,0,1,0,0,30,0,0,abandoned
22870,U2872,2025-11-06 13:06:00,2025-11-06 13:11:00,F,20~29,office,seoul,0,0,0,0,6,0,0,40,0,0,completed
22871,U2873,2025-08-25 17:39:00,2025-08-25 17:43:00,M,30~39,office,seoul,0,0,0,0,3,0,0,32,0,0,completed
22872,U2874,2025-08-10 20:59:00,2025-08-10 21:03:00,F,30~39,office,seoul,1,0,0,0,22,0,0,25,0,0,completed
22873,U2875,2025-08-15 09:46:00,2025-08-15 09:50:00,F,20~29,office,seoul,0,0,0,0,27,0,0,10,0,0,completed
22874,U2876,2025-04-24 15:38:00,2025-04-24 15:40:00,M,30~39,office,seoul,0,0,0,0,9,0,0,32,0,0,completed
22875,U2877,2025-07-30 18:33:00,2025-07-30 18:37:00,F,40~49,office,seoul,0,0,0,0,6,0,0,19,1,0,timeout
22876,U2878,2025-10-18 12:07:00,2025-10-18 12:14:00,F,40~49,office,seoul,1,0,0,0,23,0,0,60,0,0,completed
22877,U2879,2025-09-04 12:59:00,2025-09-04 13:01:00,M,20~29,office,seoul,0,0,0,0,11,0,0,66,0,0,completed
22878,U2880,2025-05-24 12:28:00,2025-05-24 12:33:00,M,30~39,office,seoul,1,0,0,0,17,0,0,44,0,0,completed
22879,U2881,2025-12-19 14:08:00,2025-12-19 14:13:00,F,40~49,office,seoul,0,0,0,0,9,0,0,11,0,0,completed
22880,U2882,2025-11-30 21:32:00,2025-11-30 21:36:00,M,40~49,office,seoul,1,0,0,0,1,0,0,45,0,0,completed
22881,U2883,2025-01-25 18:12:00,2025-01-25 18:19:00,F,20~29,office,seoul,1,0,0,0,23,0,0,44,0,0,completed
22882,U2884,2025-09-21 14:47:00,2025-09-21 14:54:00,M,30~39,office,seoul,1,0,0,0,16,0,0,39,0,0,completed
22883,U2885,2025-04-11 08:46:00,2025-04-11 08:50:00,F,20~29,office,seoul,0,0,0,0,21,0,0,32,0,0,completed
22884,U2886,2025-10-01 13:19:00,2025-10-01 13:22:00,M,20~29,office,seoul,0,0,0,0,8,0,0,59,0,0,abandoned
22885,U2887,2025-10-26 08:03:00,2025-10-26 08:09:00,M,40~49,office,seoul,1,0,0,0,20,0,0,17,1,0,completed
22886,U2888,2025-07-05 16:52:00,2025-07-05 16:57:00,M,40~49,office,seoul,1,0,0,0,24,0,0,58,0,0,abandoned
22887,U2889,2025-04-15 19:48:00,2025-04-15 19:54:00,F,40~49,office,seoul,0,0,0,0,12,0,0,42,0,0,completed
22888,U2890,2025-12-11 16:24:00,2025-12-11 16:26:00,M,40~49,office,seoul,0,0,0,0,7,0,0,74,0,0,completed
22889,U2891,2025-08-10 15:38:00,2025-08-10 15:43:00,F,20~29,office,seoul,1,0,0,0,5,0,0,53,0,0,completed
22890,U2892,2025-01-08 20:19:00,2025-01-08 20:23:00,M,30~39,office,seoul,0,0,0,0,7,0,0,35,0,0,completed
22891,U2893,2025-04-28 15:58:00,2025-04-28 16:05:00,M,30~39,office,seoul,0,0,0,0,12,0,0,12,0,0,completed
22892,U2894,2025-07-11 19:00:00,2025-07-11 19:04:00,F,20~29,office,seoul,0,0,0,0,28,0,0,78,0,0,completed
22893,U2895,2025-08-13 16:43:00,2025-08-13 16:50:00,F,20~29,office,seoul,0,0,0,0,18,0,0,65,0,0,completed
22894,U2896,2025-09-09 12:57:00,2025-09-09 13:04:00,M,40~49,office,seoul,0,0,0,0,23,0,0,45,0,0,completed
22895,U2897,2025-03-04 19:40:00,2025-03-04 19:45:00,M,20~29,office,seoul,0,0,0,0,15,0,0,25,0,0,abandoned
22896,U2898,2025-09-04 13:41:00,2025-09-04 13:45:00,M,40~49,office,seoul,0,0,0,0,9,0,0,69,0,0,completed
22897,U2899,2025-05-20 09:03:00,2025-05-20 09:09:00,M,30~39,office,seoul,0,0,0,0,14,0,0,65,0,0,completed
22898,U2900,2025-10-18 09:57:00,2025-10-18 10:00:00,F,20~29,office,seoul,1,0,0,0,19,0,0,19,0,0,completed
22899,U2901,2025-03-05 15:30:00,2025-03-05 15:36:00,F,30~39,office,seoul,0,0,0,0,1,0,0,41,0,0,completed
22900,U2902,2025-02-17 15:58:00,2025-02-17 16:05:00,M,20~29,office,seoul,0,0,0,0,18,0,0,17,0,0,completed
22901,U2903,2025-11-20 12:10:00,2025-11-20 12:14:00,M,40~49,office,seoul,0,0,0,0,22,0,0,14,0,0,completed
22902,U2904,2025-03-25 15:09:00,2025-03-25 15:13:00,F,20~29,office,seoul,0,0,0,0,11,0,0,58,0,0,completed
22903,U2905,2025-05-19 12:06:00,2025-05-19 12:10:00,M,20~29,office,seoul,0,0,0,0,5,0,0,49,0,0,completed
22904,U2906,2025-02-13 12:59:00,2025-02-13 13:02:00,F,20~29,office,seoul,0,0,0,0,23,0,0,78,0,0,completed
22905,U2907,2025-09-18 17:35:00,2025-09-18 17:40:00,M,20~29,office,seoul,0,0,0,0,28,0,0,32,0,0,completed
22906,U2908,2025-04-17 17:12:00,2025-04-17 17:14:00,F,40~49,office,seoul,0,0,0,0,2,0,0,57,0,0,completed
22907,U2909,2025-08-24 15:27:00,2025-08-24 15:31:00,M,30~39,office,seoul,1,0,0,0,20,0,0,76,0,0,completed
22908,U2910,2025-01-11 12:46:00,2025-01-11 12:50:00,M,30~39,office,seoul,1,0,0,0,28,0,0,29,0,0,completed
22909,U2911,2025-05-05 20:13:00,2025-05-05 20:19:00,M,20~29,office,seoul,0,0,0,0,7,0,0,67,0,0,completed
22910,U2912,2025-11-19 09:57:00,2025-11-19 10:03:00,F,40~49,office,seoul,0,0,0,0,20,0,0,47,0,0,completed
22911,U2913,2025-05-20 12:17:00,2025-05-20 12:24:00,F,40~49,office,seoul,0,0,0,0,15,0,0,37,0,0,abandoned
22912,U2914,2025-09-26 20:42:00,2025-09-26 20:49:00,M,50+,office,seoul,0,0,0,0,26,0,0,47,0,0,completed
22913,U2915,2025-11-25 19:56:00,2025-11-25 20:02:00,F,40~49,office,seoul,0,0,0,0,14,0,0,79,0,0,timeout
22914,U2916,2025-06-24 21:50:00,2025-06-24 21:55:00,M,30~39,office,seoul,0,0,0,0,27,0,0,50,0,0,completed
22915,U2917,2025-06-29 09:10:00,2025-06-29 09:17:00,M,20~29,office,seoul,1,0,0,0,7,0,0,69,0,0,completed
22916,U2918,2025-06-14 13:48:00,2025-06-14 13:51:00,M,40~49,office,seoul,1,0,0,0,1,0,0,79,1,0,abandoned
22917,U2919,2025-07-26 12:35:00,2025-07-26 12:39:00,F,40~49,office,seoul,1,0,0,0,12,0,0,73,0,0,completed
22918,U2920,2025-10-10 12:27:00,2025-10-10 12:29:00,M,50+,office,seoul,0,0,0,0,24,0,0,40,0,0,completed
22919,U2921,2025-07-17 08:12:00,2025-07-17 08:16:00,F,30~39,office,seoul,0,0,0,0,24,0,0,34,0,0,completed
22920,U2922,2025-02-01 13:13:00,2025-02-01 13:18:00,F,20~29,office,seoul,1,0,0,0,17,0,0,21,0,0,completed
22921,U2923,2025-01-08 11:14:00,2025-01-08 11:18:00,M,30~39,office,seoul,0,0,0,0,20,0,0,69,0,0,completed
22922,U2924,2025-01-16 18:25:00,2025-01-16 18:29:00,F,40~49,office,seoul,0,0,0,0,16,0,0,57,0,0,completed
22923,U2925,2025-11-24 09:53:00,2025-11-24 09:55:00,M,20~29,office,seoul,0,0,0,0,6,0,0,78,0,0,completed
22924,U2926,2025-10-21 19:05:00,2025-10-21 19:12:00,F,50+,office,seoul,0,0,0,0,5,0,0,35,0,0,completed
22925,U2927,2025-09-22 14:49:00,2025-09-22 14:55:00,M,50+,office,seoul,0,0,0,0,5,0,0,44,0,0,abandoned
22926,U2928,2025-09-08 12:27:00,2025-09-08 12:29:00,F,50+,office,seoul,0,0,0,0,9,0,0,46,0,0,completed
22927,U2929,2025-05-01 17:22:00,2025-05-01 17:25:00,F,40~49,office,seoul,0,0,0,0,14,0,0,28,0,0,completed
22928,U2930,2025-10-19 08:08:00,2025-10-19 08:15:00,M,30~39,office,seoul,1,0,0,0,8,0,0,72,0,0,abandoned
22929,U2931,2025-02-28 19:30:00,2025-02-28 19:32:00,F,40~49,office,seoul,0,0,0,0,13,0,0,36,0,0,completed
22930,U2932,2025-07-10 11:39:00,2025-07-10 11:46:00,M,50+,office,seoul,0,0,0,0,8,0,0,35,0,0,completed
22931,U2933,2025-07-09 15:22:00,2025-07-09 15:27:00,M,20~29,office,seoul,0,0,0,0,1,0,0,53,0,0,completed
22932,U2934,2025-07-29 08:10:00,2025-07-29 08:14:00,F,20~29,office,seoul,0,0,0,0,23,0,0,56,0,0,completed
22933,U2935,2025-10-25 09:10:00,2025-10-25 09:16:00,M,30~39,office,seoul,1,0,0,0,15,0,0,66,0,0,completed
22934,U2936,2025-11-04 11:46:00,2025-11-04 11:53:00,M,20~29,office,seoul,0,0,0,0,3,0,0,65,0,1,completed
22935,U2937,2025-07-27 16:46:00,2025-07-27 16:48:00,F,30~39,office,seoul,1,0,0,0,12,0,0,46,0,0,completed
22936,U2938,2025-09-29 15:44:00,2025-09-29 15:51:00,F,50+,office,seoul,0,0,0,0,10,0,0,77,0,0,completed
22937,U2939,2025-10-26 08:23:00,2025-10-26 08:30:00,M,20~29,office,seoul,1,0,0,0,19,0,0,15,0,0,completed
22938,U2940,2025-03-30 08:29:00,2025-03-30 08:34:00,F,30~39,office,seoul,1,0,0,0,20,0,0,47,0,0,completed
22939,U2941,2025-02-14 12:31:00,2025-02-14 12:38:00,F,20~29,office,seoul,0,0,0,0,8,0,0,57,0,0,completed
22940,U2942,2025-12-12 18:58:00,2025-12-12 19:02:00,F,20~29,office,seoul,0,0,0,0,18,0,0,13,1,0,completed
22941,U2943,2025-03-07 08:48:00,2025-03-07 08:50:00,M,50+,office,seoul,0,0,0,0,28,0,0,70,0,0,completed
22942,U2944,2025-12-30 16:35:00,2025-12-30 16:37:00,F,40~49,office,seoul,0,0,0,0,1,0,0,35,1,0,completed
22943,U2945,2025-10-18 15:10:00,2025-10-18 15:16:00,M,20~29,office,seoul,1,0,0,0,2,0,0,57,0,0,completed
22944,U2946,2025-01-06 13:45:00,2025-01-06 13:51:00,M,40~49,office,seoul,0,0,0,0,16,0,0,48,0,0,completed
22945,U2947,2025-02-24 16:49:00,2025-02-24 16:51:00,M,40~49,office,seoul,0,0,0,0,26,0,0,28,0,0,completed
22946,U2948,2025-08-17 12:54:00,2025-08-17 12:58:00,F,40~49,office,seoul,1,0,0,0,24,0,0,19,0,0,completed
22947,U2949,2025-11-09 09:06:00,2025-11-09 09:08:00,F,20~29,office,seoul,1,0,0,0,29,0,0,51,0,0,completed
22948,U2950,2025-10-26 11:33:00,2025-10-26 11:39:00,M,50+,office,seoul,1,0,0,0,17,0,0,69,0,0,completed
22949,U2951,2025-09-30 16:06:00,2025-09-30 16:13:00,F,40~49,office,seoul,0,0,0,0,6,0,0,63,0,0,completed
22950,U2952,2025-01-12 07:49:00,2025-01-12 07:55:00,F,30~39,office,seoul,1,0,0,0,9,0,0,38,0,0,completed
22951,U2953,2025-03-23 08:29:00,2025-03-23 08:31:00,F,20~29,office,seoul,1,0,0,0,23,0,0,63,0,0,completed
22952,U2954,2025-05-14 12:57:00,2025-05-14 12:59:00,M,20~29,office,seoul,0,0,0,0,12,0,0,33,0,0,completed
22953,U2955,2025-06-15 17:55:00,2025-06-15 17:59:00,F,40~49,office,seoul,1,0,0,0,14,0,0,53,0,0,completed
22954,U2956,2025-11-18 07:39:00,2025-11-18 07:44:00,F,50+,office,seoul,0,0,0,0,7,0,0,27,0,0,completed
22955,U2957,2025-08-16 15:20:00,2025-08-16 15:24:00,F,30~39,office,seoul,1,0,0,0,25,0,0,76,0,0,completed
22956,U2958,2025-01-30 15:09:00,2025-01-30 15:13:00,M,40~49,office,seoul,0,0,0,0,26,0,0,48,0,0,completed
22957,U2959,2025-12-28 12:32:00,2025-12-28 12:39:00,F,20~29,office,seoul,1,0,0,0,8,0,0,69,0,0,error
22958,U2960,2025-07-15 16:55:00,2025-07-15 16:59:00,M,40~49,office,seoul,0,0,0,0,4,0,0,28,0,0,completed
22959,U2961,2025-12-26 18:34:00,2025-12-26 18:40:00,F,40~49,office,seoul,0,0,0,0,10,0,0,48,0,0,completed
22960,U2962,2025-12-17 09:11:00,2025-12-17 09:16:00,F,30~39,office,seoul,0,0,0,0,29,0,0,73,0,0,completed
22961,U2963,2025-04-13 08:11:00,2025-04-13 08:16:00,F,30~39,office,seoul,1,0,0,0,21,0,0,11,0,0,completed
22962,U2964,2025-05-24 13:20:00,2025-05-24 13:23:00,F,50+,office,seoul,1,0,0,0,27,0,0,26,0,0,completed
22963,U2965,2025-09-08 17:56:00,2025-09-08 17:59:00,F,40~49,office,seoul,0,0,0,0,24,0,0,10,0,0,completed
22964,U2966,2025-06-28 12:47:00,2025-06-28 12:49:00,F,30~39,office,seoul,1,0,0,0,0,0,0,72,0,0,completed
22965,U2967,2025-12-11 15:38:00,2025-12-11 15:42:00,M,50+,office,seoul,0,0,0,0,7,0,0,21,0,0,completed
22966,U2968,2025-02-15 15:40:00,2025-02-15 15:45:00,F,30~39,office,seoul,1,0,0,0,1,0,0,69,0,0,completed
22967,U2969,2025-08-16 16:36:00,2025-08-16 16:39:00,M,40~49,office,seoul,1,0,0,0,4,0,0,23,0,0,completed
22968,U2970,2025-10-05 14:04:00,2025-10-05 14:07:00,M,20~29,office,seoul,1,0,0,0,5,0,0,28,0,0,completed
22969,U2971,2025-11-01 16:43:00,2025-11-01 16:45:00,F,30~39,office,seoul,1,0,0,0,29,0,0,64,0,0,completed
22970,U2972,2025-01-18 16:38:00,2025-01-18 16:41:00,F,30~39,office,seoul,1,0,0,0,25,0,0,54,0,0,completed
22971,U2973,2025-12-11 16:34:00,2025-12-11 16:36:00,F,30~39,office,seoul,0,0,0,0,21,0,0,27,0,0,completed
22972,U2974,2025-11-01 13:00:00,2025-11-01 13:07:00,M,20~29,office,seoul,1,0,0,0,27,0,0,11,0,0,completed
22973,U2975,2025-04-05 22:36:00,2025-04-05 22:39:00,F,20~29,office,seoul,1,0,0,0,24,0,0,76,0,0,completed
22974,U2976,2025-07-31 08:31:00,2025-07-31 08:36:00,M,30~39,office,seoul,0,0,0,0,16,0,0,18,0,0,completed
22975,U2977,2025-03-27 09:06:00,2025-03-27 09:13:00,M,20~29,office,seoul,0,0,0,0,9,0,0,60,0,0,completed
22976,U2978,2025-12-02 16:04:00,2025-12-02 16:10:00,F,50+,office,seoul,0,0,0,0,20,0,0,33,0,0,completed
22977,U2979,2025-10-02 11:11:00,2025-10-02 11:18:00,F,20~29,office,seoul,0,0,0,0,25,0,0,49,0,0,completed
22978,U2980,2025-11-30 12:45:00,2025-11-30 12:47:00,M,50+,office,seoul,1,0,0,0,9,0,0,58,0,0,completed
22979,U2981,2025-01-19 14:00:00,2025-01-19 14:02:00,F,20~29,office,seoul,1,0,0,0,13,0,0,66,0,0,completed
22980,U2982,2025-12-04 20:03:00,2025-12-04 20:09:00,M,40~49,office,seoul,0,0,0,0,21,0,0,24,0,0,completed
22981,U2983,2025-12-14 15:29:00,2025-12-14 15:35:00,F,20~29,office,seoul,1,0,0,0,27,0,0,17,0,0,error
22982,U2984,2025-05-21 09:03:00,2025-05-21 09:09:00,M,40~49,office,seoul,0,0,0,0,5,0,0,48,0,0,completed
22983,U2985,2025-11-13 15:43:00,2025-11-13 15:47:00,F,40~49,office,seoul,0,0,0,0,14,0,0,27,0,0,completed
22984,U2986,2025-04-24 19:46:00,2025-04-24 19:53:00,F,40~49,office,seoul,0,0,0,0,8,0,0,13,0,0,completed
22985,U2987,2025-03-11 13:56:00,2025-03-11 14:01:00,F,50+,office,seoul,0,0,0,0,14,0,0,77,0,0,completed
22986,U2988,2025-06-01 15:24:00,2025-06-01 15:27:00,M,20~29,office,seoul,1,0,0,0,9,0,0,62,0,0,completed
22987,U2989,2025-05-22 14:38:00,2025-05-22 14:45:00,M,50+,office,seoul,0,0,0,0,22,0,0,17,0,1,completed
22988,U2990,2025-03-23 14:13:00,2025-03-23 14:18:00,F,40~49,office,seoul,1,0,0,0,16,0,0,53,0,0,completed
22989,U2991,2025-06-29 08:10:00,2025-06-29 08:15:00,M,50+,office,seoul,1,0,0,0,19,0,0,44,0,0,completed
22990,U2992,2025-06-28 12:57:00,2025-06-28 13:04:00,M,40~49,office,seoul,1,0,0,0,20,0,0,28,0,0,completed
22991,U2993,2025-03-23 09:44:00,2025-03-23 09:48:00,M,30~39,office,seoul,1,0,0,0,14,0,0,61,0,0,completed
22992,U2994,2025-08-18 07:24:00,2025-08-18 07:28:00,F,20~29,office,seoul,0,0,0,0,14,0,0,27,0,0,timeout
22993,U2995,2025-08-18 14:48:00,2025-08-18 14:53:00,F,20~29,office,seoul,0,0,0,0,11,0,0,58,0,0,completed
22994,U2996,2025-01-16 18:51:00,2025-01-16 18:57:00,F,30~39,office,seoul,0,0,0,0,19,0,0,49,0,0,abandoned
22995,U2997,2025-12-20 09:09:00,2025-12-20 09:13:00,F,50+,office,seoul,1,0,0,0,26,0,0,73,0,0,completed
22996,U2998,2025-09-23 22:13:00,2025-09-23 22:16:00,F,30~39,office,seoul,0,0,0,0,17,0,0,63,0,0,completed
22997,U2999,2025-07-30 18:14:00,2025-07-30 18:17:00,F,20~29,office,seoul,0,0,0,0,24,0,0,34,0,0,timeout
22998,U3000,2025-10-25 08:01:00,2025-10-25 08:08:00,F,20~29,office,seoul,1,0,0,0,14,0,0,11,0,0,completed
22999,U3001,2025-10-11 14:25:00,2025-10-11 14:31:00,M,40~49,office,seoul,1,0,0,0,18,0,0,35,0,0,completed
23000,U3002,2025-10-07 20:36:00,2025-10-07 20:39:00,F,20~29,office,seoul,0,0,0,0,17,0,0,59,0,0,completed
23001,U3003,2025-11-25 19:52:00,2025-11-25 19:59:00,M,50+,office,seoul,0,0,0,0,4,0,0,51,0,1,completed
23002,U3004,2025-06-19 11:23:00,2025-06-19 11:30:00,M,20~29,office,seoul,0,0,0,0,24,0,0,21,0,0,completed
23003,U3005,2025-12-26 11:28:00,2025-12-26 11:31:00,F,20~29,office,seoul,0,0,0,0,20,0,0,76,0,0,completed
23004,U3006,2025-04-25 11:04:00,2025-04-25 11:06:00,F,20~29,office,seoul,0,0,0,0,9,0,0,61,0,0,completed
23005,U3007,2025-08-04 15:33:00,2025-08-04 15:39:00,F,30~39,office,seoul,0,0,0,0,16,0,0,50,0,0,error
23006,U3008,2025-01-05 09:07:00,2025-01-05 09:11:00,F,20~29,office,seoul,1,0,0,0,18,0,0,43,0,0,completed
23007,U3009,2025-03-16 09:04:00,2025-03-16 09:06:00,M,30~39,office,seoul,1,0,0,0,21,0,0,12,0,0,completed
23008,U3010,2025-02-01 18:03:00,2025-02-01 18:07:00,M,20~29,office,seoul,1,0,0,0,29,0,0,51,0,0,completed
23009,U3011,2025-03-20 14:57:00,2025-03-20 14:59:00,M,30~39,office,seoul,0,0,0,0,12,0,0,36,0,0,completed
23010,U3012,2025-06-10 11:43:00,2025-06-10 11:48:00,F,20~29,office,seoul,0,0,0,0,25,0,0,11,0,0,completed
23011,U3013,2025-08-26 12:14:00,2025-08-26 12:16:00,M,50+,office,seoul,0,0,0,0,16,0,0,44,0,0,completed
23012,U3014,2025-07-12 16:34:00,2025-07-12 16:39:00,M,30~39,office,seoul,1,0,0,0,3,0,0,47,0,0,completed
23013,U3015,2025-02-09 09:23:00,2025-02-09 09:26:00,F,50+,office,seoul,1,0,0,0,21,0,0,71,0,0,completed
23014,U3016,2025-08-12 13:07:00,2025-08-12 13:12:00,F,50+,office,seoul,0,0,0,0,16,0,0,37,0,0,completed
23015,U3017,2025-08-12 14:13:00,2025-08-12 14:17:00,M,40~49,office,seoul,0,0,0,0,2,0,0,41,0,0,completed
23016,U3018,2025-08-17 14:13:00,2025-08-17 14:19:00,M,20~29,office,seoul,1,0,0,0,5,0,0,74,0,0,completed
23017,U3019,2025-06-03 19:35:00,2025-06-03 19:42:00,M,50+,office,seoul,0,0,0,0,21,0,0,13,1,0,completed
23018,U3020,2025-01-28 15:22:00,2025-01-28 15:26:00,F,20~29,office,seoul,0,0,0,0,15,0,0,47,0,0,completed
23019,U3021,2025-03-31 08:01:00,2025-03-31 08:03:00,F,20~29,office,seoul,0,0,0,0,13,0,0,73,0,0,completed
23020,U3022,2025-02-03 12:08:00,2025-02-03 12:14:00,M,30~39,office,seoul,0,0,0,0,16,0,0,22,0,0,completed
23021,U3023,2025-02-16 15:48:00,2025-02-16 15:51:00,F,40~49,office,seoul,1,0,0,0,12,0,0,53,0,0,completed
23022,U3024,2025-02-10 22:11:00,2025-02-10 22:15:00,F,20~29,office,seoul,0,0,0,0,19,0,0,14,0,0,completed
23023,U3025,2025-01-30 16:45:00,2025-01-30 16:48:00,M,50+,office,seoul,0,0,0,0,28,0,0,53,0,0,completed
23024,U3026,2025-07-09 08:26:00,2025-07-09 08:30:00,M,30~39,office,seoul,0,0,0,0,15,0,0,79,0,0,completed
23025,U3027,2025-03-28 17:53:00,2025-03-28 18:00:00,F,30~39,office,seoul,0,0,0,0,12,0,0,14,0,0,abandoned
23026,U3028,2025-06-24 19:51:00,2025-06-24 19:56:00,F,30~39,office,seoul,0,0,0,0,12,0,0,46,0,0,completed
23027,U3029,2025-04-21 21:28:00,2025-04-21 21:33:00,F,40~49,office,seoul,0,0,0,0,10,0,0,28,0,0,abandoned
23028,U3030,2025-06-09 11:14:00,2025-06-09 11:21:00,F,20~29,office,seoul,0,0,0,0,0,0,0,74,0,0,completed
23029,U3031,2025-05-21 20:03:00,2025-05-21 20:06:00,M,30~39,office,seoul,0,0,0,0,7,0,0,41,0,0,completed
23030,U3032,2025-06-09 08:50:00,2025-06-09 08:55:00,F,40~49,office,seoul,0,0,0,0,12,0,0,63,0,0,completed
23031,U3033,2025-06-25 13:05:00,2025-06-25 13:09:00,F,20~29,office,seoul,0,0,0,0,17,0,0,35,0,0,completed
23032,U3034,2025-01-01 09:14:00,2025-01-01 09:19:00,F,30~39,office,seoul,0,0,0,0,28,0,0,27,0,0,completed
23033,U3035,2025-08-25 15:30:00,2025-08-25 15:34:00,M,40~49,office,seoul,0,0,0,0,4,0,0,54,0,0,completed
23034,U3036,2025-12-29 21:12:00,2025-12-29 21:17:00,F,30~39,office,seoul,0,0,0,0,0,0,0,59,0,0,completed
23035,U3037,2025-06-22 08:17:00,2025-06-22 08:22:00,F,30~39,office,seoul,1,0,0,0,4,0,0,11,0,0,completed
23036,U3038,2025-07-18 20:44:00,2025-07-18 20:51:00,F,20~29,office,seoul,0,0,0,0,4,0,0,53,0,0,completed
23037,U3039,2025-01-12 20:45:00,2025-01-12 20:49:00,M,50+,office,seoul,1,0,0,0,0,0,0,10,0,0,completed
23038,U3040,2025-02-04 20:48:00,2025-02-04 20:50:00,F,30~39,office,seoul,0,0,0,0,5,0,0,16,0,0,timeout
23039,U3041,2025-03-16 07:27:00,2025-03-16 07:30:00,F,20~29,office,seoul,1,0,0,0,13,0,0,63,0,0,completed
23040,U3042,2025-07-01 15:59:00,2025-07-01 16:06:00,F,50+,office,seoul,0,0,0,0,0,0,0,57,1,0,completed
23041,U3043,2025-03-30 13:21:00,2025-03-30 13:26:00,M,20~29,office,seoul,1,0,0,0,9,0,0,52,0,0,completed
23042,U3044,2025-08-10 14:28:00,2025-08-10 14:33:00,F,30~39,office,seoul,1,0,0,0,23,0,0,31,0,0,completed
23043,U3045,2025-05-15 16:07:00,2025-05-15 16:10:00,M,20~29,office,seoul,0,0,0,0,12,0,0,23,0,0,completed
23044,U3046,2025-07-10 12:46:00,2025-07-10 12:51:00,F,40~49,office,seoul,0,0,0,0,2,0,0,74,0,0,completed
23045,U3047,2025-06-13 11:56:00,2025-06-13 11:59:00,M,40~49,office,seoul,0,0,0,0,4,0,0,30,0,0,completed
23046,U3048,2025-01-25 17:36:00,2025-01-25 17:42:00,F,30~39,office,seoul,1,0,0,0,24,0,0,18,0,0,completed
23047,U3049,2025-08-24 14:12:00,2025-08-24 14:16:00,M,30~39,office,seoul,1,0,0,0,28,0,0,75,0,0,completed
23048,U3050,2025-01-29 07:59:00,2025-01-29 08:04:00,F,40~49,office,seoul,0,0,0,0,28,0,0,45,0,0,completed
23049,U3051,2025-10-08 15:09:00,2025-10-08 15:14:00,M,30~39,office,seoul,0,0,0,0,0,0,0,19,0,0,completed
23050,U3052,2025-10-17 11:44:00,2025-10-17 11:47:00,F,20~29,office,seoul,0,0,0,0,29,0,0,71,0,0,completed
23051,U3053,2025-11-19 17:09:00,2025-11-19 17:15:00,M,50+,office,seoul,0,0,0,0,29,0,0,16,0,0,completed
23052,U3054,2025-03-02 13:47:00,2025-03-02 13:52:00,F,40~49,office,seoul,1,0,0,0,5,0,0,70,0,0,completed
23053,U3055,2025-05-06 18:40:00,2025-05-06 18:44:00,F,20~29,office,seoul,0,0,0,0,5,0,0,26,0,0,completed
23054,U3056,2025-05-30 12:03:00,2025-05-30 12:08:00,F,30~39,office,seoul,0,0,0,0,0,0,0,59,0,0,completed
23055,U3057,2025-08-20 16:22:00,2025-08-20 16:27:00,F,20~29,office,seoul,0,0,0,0,22,0,0,24,0,0,timeout
23056,U3058,2025-04-17 09:08:00,2025-04-17 09:10:00,F,50+,office,seoul,0,0,0,0,9,0,0,22,0,0,completed
23057,U3059,2025-07-10 18:24:00,2025-07-10 18:31:00,F,20~29,office,seoul,0,0,0,0,11,0,0,15,0,0,timeout
23058,U3060,2025-02-17 16:22:00,2025-02-17 16:29:00,F,50+,office,seoul,0,0,0,0,25,0,0,77,0,0,completed
23059,U3061,2025-11-07 20:23:00,2025-11-07 20:28:00,M,30~39,office,seoul,0,0,0,0,14,0,0,72,0,0,completed
23060,U3062,2025-09-25 09:30:00,2025-09-25 09:33:00,M,40~49,office,seoul,0,0,0,0,25,0,0,69,0,0,completed
23061,U3063,2025-02-12 15:51:00,2025-02-12 15:56:00,M,40~49,office,seoul,0,0,0,0,22,0,0,60,0,0,completed
23062,U3064,2025-10-08 15:32:00,2025-10-08 15:35:00,M,20~29,office,seoul,0,0,0,0,1,0,0,22,0,0,completed
23063,U3065,2025-11-29 19:24:00,2025-11-29 19:31:00,F,30~39,office,seoul,1,0,0,0,22,0,0,64,0,0,completed
23064,U3066,2025-05-22 14:17:00,2025-05-22 14:22:00,M,20~29,office,seoul,0,0,0,0,7,0,0,60,0,0,completed
23065,U3067,2025-02-14 09:01:00,2025-02-14 09:03:00,F,50+,office,seoul,0,0,0,0,12,0,0,58,1,0,abandoned
23066,U3068,2025-11-25 14:41:00,2025-11-25 14:44:00,F,20~29,office,seoul,0,0,0,0,27,0,0,79,0,0,abandoned
23067,U3069,2025-02-16 17:32:00,2025-02-16 17:35:00,M,20~29,office,seoul,1,0,0,0,17,0,0,15,0,0,completed
23068,U3070,2025-12-21 13:01:00,2025-12-21 13:03:00,F,50+,office,seoul,1,0,0,0,19,0,0,33,0,0,completed
23069,U3071,2025-08-21 07:10:00,2025-08-21 07:15:00,M,30~39,office,seoul,0,0,0,0,28,0,0,55,0,0,completed
23070,U3072,2025-08-04 16:29:00,2025-08-04 16:35:00,F,20~29,office,seoul,0,0,0,0,10,0,0,35,0,0,abandoned
23071,U3073,2025-10-16 08:23:00,2025-10-16 08:30:00,F,30~39,office,seoul,0,0,0,0,6,0,0,78,0,0,completed
23072,U3074,2025-08-21 20:08:00,2025-08-21 20:14:00,F,20~29,office,seoul,0,0,0,0,15,0,0,42,0,0,completed
23073,U3075,2025-07-26 14:28:00,2025-07-26 14:31:00,M,50+,office,seoul,1,0,0,0,0,0,0,32,0,1,completed
23074,U3076,2025-10-07 19:24:00,2025-10-07 19:29:00,M,20~29,office,seoul,0,0,0,0,29,0,0,47,0,0,abandoned
23075,U3077,2025-10-22 11:51:00,2025-10-22 11:53:00,F,30~39,office,seoul,0,0,0,0,14,0,0,24,0,0,completed
23076,U3078,2025-12-30 09:52:00,2025-12-30 09:56:00,F,40~49,office,seoul,0,0,0,0,5,0,0,56,0,0,completed
23077,U3079,2025-02-25 21:43:00,2025-02-25 21:45:00,M,40~49,office,seoul,0,0,0,0,4,0,0,73,0,0,completed
23078,U3080,2025-06-14 16:23:00,2025-06-14 16:28:00,F,20~29,office,seoul,1,0,0,0,17,0,0,22,0,0,completed
23079,U3081,2025-09-12 14:21:00,2025-09-12 14:24:00,M,50+,office,seoul,0,0,0,0,18,0,0,58,1,0,completed
23080,U3082,2025-01-10 20:15:00,2025-01-10 20:22:00,F,30~39,office,seoul,0,0,0,0,0,0,0,38,0,0,completed
23081,U3083,2025-10-29 14:17:00,2025-10-29 14:21:00,M,20~29,office,seoul,0,0,0,0,17,0,0,10,0,0,abandoned
23082,U3084,2025-10-04 11:37:00,2025-10-04 11:44:00,M,50+,office,seoul,1,0,0,0,9,0,0,34,0,0,completed
23083,U3085,2025-08-20 12:27:00,2025-08-20 12:32:00,F,40~49,office,seoul,0,0,0,0,25,0,0,28,0,0,completed
23084,U3086,2025-05-18 18:39:00,2025-05-18 18:42:00,M,20~29,office,seoul,1,0,0,0,11,0,0,22,0,0,completed
23085,U3087,2025-07-29 18:47:00,2025-07-29 18:53:00,F,30~39,office,seoul,0,0,0,0,16,0,0,69,0,0,completed
23086,U3088,2025-07-04 15:26:00,2025-07-04 15:28:00,M,20~29,office,seoul,0,0,0,0,24,0,0,63,0,0,completed
23087,U3089,2025-03-19 17:16:00,2025-03-19 17:21:00,M,20~29,office,seoul,0,0,0,0,27,0,0,11,0,0,timeout
23088,U3090,2025-11-19 09:30:00,2025-11-19 09:35:00,F,40~49,office,seoul,0,0,0,0,23,0,0,43,0,0,abandoned
23089,U3091,2025-07-03 17:15:00,2025-07-03 17:20:00,F,20~29,office,seoul,0,0,0,0,0,0,0,72,0,0,completed
23090,U3092,2025-08-25 12:22:00,2025-08-25 12:25:00,M,30~39,office,seoul,0,0,0,0,23,0,0,40,0,0,abandoned
23091,U3093,2025-04-06 15:40:00,2025-04-06 15:43:00,F,40~49,office,seoul,1,0,0,0,3,0,0,44,0,0,completed
23092,U3094,2025-07-09 09:41:00,2025-07-09 09:43:00,F,50+,office,seoul,0,0,0,0,10,0,0,18,0,0,completed
23093,U3095,2025-11-21 16:30:00,2025-11-21 16:36:00,M,50+,office,seoul,0,0,0,0,10,0,0,63,0,1,completed
23094,U3096,2025-08-03 13:08:00,2025-08-03 13:15:00,M,20~29,office,seoul,1,0,0,0,21,0,0,37,0,0,completed
23095,U3097,2025-04-18 12:39:00,2025-04-18 12:45:00,F,30~39,office,seoul,0,0,0,0,26,0,0,30,0,0,completed
23096,U3098,2025-03-03 16:25:00,2025-03-03 16:31:00,M,20~29,office,seoul,0,0,0,0,11,0,0,54,0,0,completed
23097,U3099,2025-12-05 18:33:00,2025-12-05 18:39:00,F,20~29,office,seoul,0,0,0,0,26,0,0,24,0,1,completed
23098,U3100,2025-12-06 17:34:00,2025-12-06 17:40:00,F,20~29,office,seoul,1,0,0,0,11,0,0,55,0,0,completed
23099,U3101,2025-07-23 07:06:00,2025-07-23 07:08:00,M,50+,office,seoul,0,0,0,0,24,0,0,50,1,1,completed
23100,U3102,2025-09-26 13:51:00,2025-09-26 13:58:00,F,40~49,office,seoul,0,0,0,0,6,0,0,23,0,0,completed
23101,U3103,2025-10-08 15:29:00,2025-10-08 15:34:00,F,30~39,office,seoul,0,0,0,0,17,0,0,34,0,0,completed
23102,U3104,2025-10-15 17:36:00,2025-10-15 17:40:00,M,20~29,office,seoul,0,0,0,0,26,0,0,58,0,0,completed
23103,U3105,2025-02-28 12:16:00,2025-02-28 12:21:00,M,30~39,office,seoul,0,0,0,0,5,0,0,26,0,0,completed
23104,U3106,2025-03-08 12:13:00,2025-03-08 12:19:00,F,30~39,office,seoul,1,0,0,0,8,0,0,79,0,0,completed
23105,U3107,2025-04-07 12:03:00,2025-04-07 12:05:00,F,30~39,office,seoul,0,0,0,0,6,0,0,51,0,0,completed
23106,U3108,2025-01-11 07:26:00,2025-01-11 07:30:00,F,20~29,office,seoul,1,0,0,0,7,0,0,12,0,0,completed
23107,U3109,2025-05-28 08:33:00,2025-05-28 08:40:00,F,30~39,office,seoul,0,0,0,0,21,0,0,78,0,0,completed
23108,U3110,2025-01-16 17:14:00,2025-01-16 17:20:00,F,20~29,office,seoul,0,0,0,0,16,0,0,78,0,0,error
23109,U3111,2025-03-02 16:24:00,2025-03-02 16:27:00,F,40~49,office,seoul,1,0,0,0,5,0,0,19,0,0,abandoned
23110,U3112,2025-12-11 22:43:00,2025-12-11 22:48:00,F,20~29,office,seoul,0,0,0,0,7,0,0,29,0,0,completed
23111,U3113,2025-10-23 13:53:00,2025-10-23 13:59:00,M,50+,office,seoul,0,0,0,0,20,0,0,60,0,0,completed
23112,U3114,2025-05-13 19:15:00,2025-05-13 19:17:00,F,40~49,office,seoul,0,0,0,0,15,0,0,43,0,0,completed
23113,U3115,2025-12-06 17:51:00,2025-12-06 17:57:00,F,40~49,office,seoul,1,0,0,0,20,0,0,14,0,0,completed
23114,U3116,2025-07-31 07:58:00,2025-07-31 08:01:00,M,30~39,office,seoul,0,0,0,0,15,0,0,28,0,0,completed
23115,U3117,2025-03-05 11:34:00,2025-03-05 11:40:00,M,40~49,office,seoul,0,0,0,0,9,0,0,62,0,0,completed
23116,U3118,2025-11-11 14:11:00,2025-11-11 14:16:00,M,20~29,office,seoul,0,0,0,0,6,0,0,62,0,0,completed
23117,U3119,2025-07-21 19:28:00,2025-07-21 19:32:00,F,30~39,office,seoul,0,0,0,0,14,0,0,18,0,0,completed
23118,U3120,2025-05-28 07:55:00,2025-05-28 08:01:00,M,20~29,office,seoul,0,0,0,0,7,0,0,40,0,0,completed
23119,U3121,2025-08-05 16:28:00,2025-08-05 16:34:00,M,50+,office,seoul,0,0,0,0,28,0,0,72,0,0,abandoned
23120,U3122,2025-04-25 13:35:00,2025-04-25 13:37:00,M,50+,office,seoul,0,0,0,0,20,0,0,38,0,0,completed
23121,U3123,2025-06-15 14:51:00,2025-06-15 14:58:00,M,20~29,office,seoul,1,0,0,0,0,0,0,34,0,0,error
23122,U3124,2025-12-10 08:38:00,2025-12-10 08:44:00,F,50+,office,seoul,0,0,0,0,18,0,0,50,0,0,error
23123,U3125,2025-03-29 09:16:00,2025-03-29 09:22:00,M,30~39,office,seoul,1,0,0,0,16,0,0,67,0,0,completed
23124,U3126,2025-10-21 11:27:00,2025-10-21 11:32:00,F,30~39,office,seoul,0,0,0,0,25,0,0,55,0,0,completed
23125,U3127,2025-10-13 07:08:00,2025-10-13 07:11:00,F,30~39,office,seoul,0,0,0,0,3,0,0,13,0,0,completed
23126,U3128,2025-09-04 19:29:00,2025-09-04 19:35:00,M,30~39,office,seoul,0,0,0,0,0,0,0,12,0,0,completed
23127,U3129,2025-04-04 12:52:00,2025-04-04 12:57:00,F,20~29,office,seoul,0,0,0,0,18,0,0,21,0,0,completed
23128,U3130,2025-03-15 07:52:00,2025-03-15 07:55:00,M,20~29,office,seoul,1,0,0,0,19,0,0,57,0,0,completed
23129,U3131,2025-12-10 19:39:00,2025-12-10 19:44:00,M,50+,office,seoul,0,0,0,0,18,0,0,67,0,0,completed
23130,U3132,2025-08-12 08:06:00,2025-08-12 08:11:00,F,30~39,office,seoul,0,0,0,0,4,0,0,58,0,0,completed
23131,U3133,2025-01-24 13:37:00,2025-01-24 13:41:00,F,40~49,office,seoul,0,0,0,0,9,0,0,69,0,0,completed
23132,U3134,2025-04-02 18:58:00,2025-04-02 19:02:00,M,40~49,office,seoul,0,0,0,0,9,0,0,47,0,1,completed
23133,U3135,2025-01-21 12:08:00,2025-01-21 12:11:00,M,20~29,office,seoul,0,0,0,0,9,0,0,76,0,0,completed
23134,U3136,2025-10-07 14:12:00,2025-10-07 14:18:00,F,40~49,office,seoul,0,0,0,0,7,0,0,25,0,0,completed
23135,U3137,2025-11-06 07:33:00,2025-11-06 07:36:00,M,40~49,office,seoul,0,0,0,0,26,0,0,58,0,0,completed
23136,U3138,2025-12-26 11:24:00,2025-12-26 11:30:00,F,30~39,office,seoul,0,0,0,0,6,0,0,48,0,0,completed
23137,U3139,2025-03-30 12:17:00,2025-03-30 12:20:00,F,50+,office,seoul,1,0,0,0,23,0,0,32,0,0,completed
23138,U3140,2025-12-04 15:29:00,2025-12-04 15:31:00,M,20~29,office,seoul,0,0,0,0,4,0,0,78,0,0,completed
23139,U3141,2025-04-10 07:24:00,2025-04-10 07:30:00,F,20~29,office,seoul,0,0,0,0,28,0,0,45,0,0,completed
23140,U3142,2025-09-03 07:22:00,2025-09-03 07:29:00,F,50+,office,seoul,0,0,0,0,12,0,0,78,0,0,completed
23141,U3143,2025-10-10 16:27:00,2025-10-10 16:31:00,F,20~29,office,seoul,0,0,0,0,12,0,0,15,0,0,completed
23142,U3144,2025-09-06 15:48:00,2025-09-06 15:53:00,F,20~29,office,seoul,1,0,0,0,4,0,0,12,0,0,abandoned
23143,U3145,2025-09-04 16:34:00,2025-09-04 16:39:00,F,30~39,office,seoul,0,0,0,0,12,0,0,77,0,0,completed
23144,U3146,2025-04-08 15:44:00,2025-04-08 15:47:00,M,20~29,office,seoul,0,0,0,0,14,0,0,57,0,0,completed
23145,U3147,2025-06-07 09:27:00,2025-06-07 09:33:00,M,50+,office,seoul,1,0,0,0,3,0,0,50,0,0,completed
23146,U3148,2025-07-16 18:18:00,2025-07-16 18:22:00,M,20~29,office,seoul,0,0,0,0,25,0,0,35,0,0,completed
23147,U3149,2025-12-27 08:47:00,2025-12-27 08:51:00,M,40~49,office,seoul,1,0,0,0,23,0,0,12,0,0,completed
23148,U3150,2025-08-24 09:22:00,2025-08-24 09:24:00,F,20~29,office,seoul,1,0,0,0,8,0,0,35,0,0,completed
23149,U3151,2025-04-19 16:41:00,2025-04-19 16:45:00,F,30~39,office,seoul,1,0,0,0,5,0,0,43,0,0,completed
23150,U3152,2025-02-19 13:33:00,2025-02-19 13:36:00,M,40~49,office,seoul,0,0,0,0,13,0,0,38,0,0,completed
23151,U3153,2025-02-25 11:42:00,2025-02-25 11:49:00,F,30~39,office,seoul,0,0,0,0,22,0,0,62,0,0,completed
23152,U3154,2025-01-18 14:23:00,2025-01-18 14:25:00,M,20~29,office,seoul,1,0,0,0,13,0,0,48,0,0,abandoned
23153,U3155,2025-06-04 21:57:00,2025-06-04 21:59:00,M,50+,office,seoul,0,0,0,0,1,0,0,32,0,0,completed
23154,U3156,2025-11-21 11:35:00,2025-11-21 11:41:00,M,20~29,office,seoul,0,0,0,0,17,0,0,42,0,0,completed
23155,U3157,2025-01-15 09:48:00,2025-01-15 09:53:00,F,50+,office,seoul,0,0,0,0,6,0,0,69,0,1,completed
23156,U3158,2025-12-17 09:46:00,2025-12-17 09:48:00,M,20~29,office,seoul,0,0,0,0,11,0,0,31,0,0,completed
23157,U3159,2025-11-15 18:22:00,2025-11-15 18:24:00,F,40~49,office,seoul,1,0,0,0,14,0,0,76,0,0,completed
23158,U3160,2025-08-31 14:07:00,2025-08-31 14:09:00,F,30~39,office,seoul,1,0,0,0,1,0,0,11,0,0,abandoned
23159,U3161,2025-10-24 09:09:00,2025-10-24 09:12:00,F,40~49,office,seoul,0,0,0,0,27,0,0,26,0,0,completed
23160,U3162,2025-07-19 16:19:00,2025-07-19 16:22:00,M,20~29,office,seoul,1,0,0,0,6,0,0,38,0,0,timeout
23161,U3163,2025-01-29 08:22:00,2025-01-29 08:26:00,M,30~39,office,seoul,0,0,0,0,29,0,0,58,0,0,completed
23162,U3164,2025-06-29 12:21:00,2025-06-29 12:26:00,F,30~39,office,seoul,1,0,0,0,29,0,0,45,0,0,completed
23163,U3165,2025-09-13 13:03:00,2025-09-13 13:10:00,M,50+,office,seoul,1,0,0,0,14,0,0,38,1,0,completed
23164,U3166,2025-07-12 20:50:00,2025-07-12 20:55:00,F,20~29,office,seoul,1,0,0,0,12,0,0,60,0,0,completed
23165,U3167,2025-05-26 08:52:00,2025-05-26 08:57:00,M,40~49,office,seoul,0,0,0,0,28,0,0,65,0,0,completed
23166,U3168,2025-11-06 08:30:00,2025-11-06 08:34:00,F,20~29,office,seoul,0,0,0,0,2,0,0,20,0,0,completed
23167,U3169,2025-08-30 19:09:00,2025-08-30 19:13:00,M,30~39,office,seoul,1,0,0,0,15,0,0,61,0,0,timeout
23168,U3170,2025-02-12 12:06:00,2025-02-12 12:12:00,F,30~39,office,seoul,0,0,0,0,0,0,0,52,0,0,completed
23169,U3171,2025-07-17 12:39:00,2025-07-17 12:42:00,F,30~39,office,seoul,0,0,0,0,2,0,0,25,0,0,completed
23170,U3172,2025-01-05 12:28:00,2025-01-05 12:34:00,F,40~49,office,seoul,1,0,0,0,10,0,0,15,0,0,completed
23171,U3173,2025-07-30 13:36:00,2025-07-30 13:39:00,M,30~39,office,seoul,0,0,0,0,11,0,0,50,0,0,completed
23172,U3174,2025-08-20 12:17:00,2025-08-20 12:23:00,F,30~39,office,seoul,0,0,0,0,1,0,0,16,0,0,completed
23173,U3175,2025-05-07 15:31:00,2025-05-07 15:36:00,F,30~39,office,seoul,0,0,0,0,26,0,0,67,0,0,completed
23174,U3176,2025-03-18 11:20:00,2025-03-18 11:26:00,F,30~39,office,seoul,0,0,0,0,19,0,0,76,0,0,completed
23175,U3177,2025-10-28 12:15:00,2025-10-28 12:19:00,M,30~39,office,seoul,0,0,0,0,20,0,0,18,0,0,abandoned
23176,U3178,2025-08-30 15:38:00,2025-08-30 15:43:00,M,20~29,office,seoul,1,0,0,0,4,0,0,74,0,0,completed
23177,U3179,2025-01-21 07:22:00,2025-01-21 07:25:00,F,30~39,office,seoul,0,0,0,0,4,0,0,68,0,0,completed
23178,U3180,2025-07-28 14:58:00,2025-07-28 15:04:00,F,20~29,office,seoul,0,0,0,0,19,0,0,20,0,0,completed
23179,U3181,2025-05-22 16:01:00,2025-05-22 16:04:00,M,30~39,office,seoul,0,0,0,0,9,0,0,56,0,0,timeout
23180,U3182,2025-07-22 16:43:00,2025-07-22 16:49:00,M,30~39,office,seoul,0,0,0,0,0,0,0,23,0,0,completed
23181,U3183,2025-12-21 08:01:00,2025-12-21 08:06:00,M,20~29,office,seoul,1,0,0,0,17,0,0,68,0,0,completed
23182,U3184,2025-11-28 16:40:00,2025-11-28 16:46:00,M,50+,office,seoul,0,0,0,0,0,0,0,46,0,0,completed
23183,U3185,2025-04-03 18:57:00,2025-04-03 19:02:00,F,20~29,office,seoul,0,0,0,0,6,0,0,28,0,0,completed
23184,U3186,2025-04-09 08:06:00,2025-04-09 08:11:00,F,50+,office,seoul,0,0,0,0,29,0,0,25,1,0,completed
23185,U3187,2025-08-20 19:41:00,2025-08-20 19:48:00,F,30~39,office,seoul,0,0,0,0,27,0,0,49,0,0,completed
23186,U3188,2025-03-03 08:59:00,2025-03-03 09:05:00,M,20~29,office,seoul,0,0,0,0,28,0,0,53,0,0,completed
23187,U3189,2025-08-14 09:44:00,2025-08-14 09:51:00,F,40~49,office,seoul,0,0,0,0,8,0,0,70,0,0,completed
23188,U3190,2025-07-22 07:53:00,2025-07-22 07:59:00,F,30~39,office,seoul,0,0,0,0,21,0,0,73,0,0,completed
23189,U3191,2025-10-03 15:15:00,2025-10-03 15:18:00,M,20~29,office,seoul,0,0,0,0,12,0,0,55,0,0,completed
23190,U3192,2025-05-16 07:25:00,2025-05-16 07:31:00,F,30~39,office,seoul,0,0,0,0,1,0,0,76,0,0,completed
23191,U3193,2025-04-15 21:04:00,2025-04-15 21:08:00,M,50+,office,seoul,0,0,0,0,13,0,0,79,0,0,completed
23192,U3194,2025-11-21 14:21:00,2025-11-21 14:26:00,F,50+,office,seoul,0,0,0,0,2,0,0,73,0,0,completed
23193,U3195,2025-06-04 18:00:00,2025-06-04 18:03:00,F,20~29,office,seoul,0,0,0,0,21,0,0,21,0,0,completed
23194,U3196,2025-11-12 16:45:00,2025-11-12 16:48:00,F,50+,office,seoul,0,0,0,0,11,0,0,15,0,0,completed
23195,U3197,2025-06-11 09:40:00,2025-06-11 09:43:00,F,30~39,office,seoul,0,0,0,0,6,0,0,50,0,0,completed
23196,U3198,2025-06-12 13:01:00,2025-06-12 13:06:00,F,20~29,office,seoul,0,0,0,0,29,0,0,38,0,0,completed
23197,U3199,2025-08-05 08:35:00,2025-08-05 08:40:00,F,30~39,office,seoul,0,0,0,0,6,0,0,10,0,0,completed
23198,U3200,2025-03-27 21:24:00,2025-03-27 21:30:00,M,40~49,office,seoul,0,0,0,0,14,0,0,22,0,0,abandoned
23199,U3201,2025-10-07 07:56:00,2025-10-07 08:03:00,F,20~29,office,seoul,0,0,0,0,15,0,0,23,0,0,completed
23200,U3202,2025-09-09 11:28:00,2025-09-09 11:35:00,M,20~29,office,seoul,0,0,0,0,21,0,0,19,0,0,completed
23201,U3203,2025-01-12 20:26:00,2025-01-12 20:32:00,F,50+,office,seoul,1,0,0,0,22,0,0,10,0,0,completed
23202,U3204,2025-01-28 12:25:00,2025-01-28 12:31:00,F,20~29,office,seoul,0,0,0,0,18,0,0,68,0,0,completed
23203,U3205,2025-02-21 12:30:00,2025-02-21 12:36:00,M,20~29,office,seoul,0,0,0,0,1,0,0,19,0,0,completed
23204,U3206,2025-04-11 12:10:00,2025-04-11 12:14:00,F,30~39,office,seoul,0,0,0,0,11,0,0,38,0,0,completed
23205,U3207,2025-01-08 12:39:00,2025-01-08 12:41:00,M,30~39,office,seoul,0,0,0,0,28,0,0,56,0,0,completed
23206,U3208,2025-06-27 13:08:00,2025-06-27 13:11:00,F,50+,office,seoul,0,0,0,0,18,0,0,30,0,0,completed
23207,U3209,2025-07-03 12:16:00,2025-07-03 12:22:00,F,20~29,office,seoul,0,0,0,0,8,0,0,27,0,0,completed
23208,U3210,2025-04-03 16:17:00,2025-04-03 16:24:00,F,30~39,office,seoul,0,0,0,0,0,0,0,74,0,0,completed
23209,U3211,2025-06-12 15:50:00,2025-06-12 15:55:00,F,20~29,office,seoul,0,0,0,0,20,0,0,43,0,0,completed
23210,U3212,2025-04-07 17:24:00,2025-04-07 17:29:00,M,40~49,office,seoul,0,0,0,0,0,0,0,67,0,0,completed
23211,U3213,2025-10-12 13:04:00,2025-10-12 13:07:00,M,40~49,office,seoul,1,0,0,0,27,0,0,75,1,0,timeout
23212,U3214,2025-12-09 14:04:00,2025-12-09 14:06:00,M,20~29,office,seoul,0,0,0,0,12,0,0,55,0,0,completed
23213,U3215,2025-05-10 17:18:00,2025-05-10 17:23:00,F,20~29,office,seoul,1,0,0,0,12,0,0,69,0,0,completed
23214,U3216,2025-04-15 20:23:00,2025-04-15 20:28:00,F,30~39,office,seoul,0,0,0,0,27,0,0,29,0,0,completed
23215,U3217,2025-05-12 12:14:00,2025-05-12 12:19:00,M,20~29,office,seoul,0,0,0,0,12,0,0,45,0,0,completed
23216,U3218,2025-10-18 15:32:00,2025-10-18 15:39:00,F,40~49,office,seoul,1,0,0,0,23,0,0,54,0,0,completed
23217,U3219,2025-03-03 13:41:00,2025-03-03 13:44:00,F,20~29,office,seoul,0,0,0,0,28,0,0,26,0,0,completed
23218,U3220,2025-08-01 15:53:00,2025-08-01 15:56:00,F,50+,office,seoul,0,0,0,0,24,0,0,52,0,0,abandoned
23219,U3221,2025-05-12 11:03:00,2025-05-12 11:09:00,F,20~29,office,seoul,0,0,0,0,24,0,0,38,0,0,completed
23220,U3222,2025-10-12 11:11:00,2025-10-12 11:18:00,M,20~29,office,seoul,1,0,0,0,3,0,0,56,0,0,completed
23221,U3223,2025-11-28 09:50:00,2025-11-28 09:53:00,M,50+,office,seoul,0,0,0,0,25,0,0,24,1,0,completed
23222,U3224,2025-12-05 12:41:00,2025-12-05 12:48:00,M,50+,office,seoul,0,0,0,0,5,0,0,20,0,0,completed
23223,U3225,2025-07-05 15:17:00,2025-07-05 15:24:00,F,40~49,office,seoul,1,0,0,0,3,0,0,64,0,0,completed
23224,U3226,2025-10-22 12:26:00,2025-10-22 12:32:00,F,30~39,office,seoul,0,0,0,0,6,0,0,73,1,0,completed
23225,U3227,2025-04-28 16:16:00,2025-04-28 16:21:00,M,30~39,office,seoul,0,0,0,0,14,0,0,48,0,0,completed
23226,U3228,2025-05-30 13:38:00,2025-05-30 13:43:00,F,20~29,office,seoul,0,0,0,0,16,0,0,18,0,0,completed
23227,U3229,2025-12-27 13:49:00,2025-12-27 13:52:00,F,30~39,office,seoul,1,0,0,0,4,0,0,16,0,0,completed
23228,U3230,2025-02-19 18:23:00,2025-02-19 18:25:00,F,20~29,office,seoul,0,0,0,0,6,0,0,43,0,0,completed
23229,U3231,2025-06-26 08:11:00,2025-06-26 08:16:00,F,20~29,office,seoul,0,0,0,0,22,0,0,60,0,0,completed
23230,U3232,2025-08-11 07:06:00,2025-08-11 07:09:00,F,40~49,office,seoul,0,0,0,0,13,0,0,11,0,0,completed
23231,U3233,2025-07-05 12:14:00,2025-07-05 12:17:00,M,20~29,office,seoul,1,0,0,0,25,0,0,36,0,0,completed
23232,U3234,2025-06-13 22:04:00,2025-06-13 22:07:00,M,40~49,office,seoul,0,0,0,0,9,0,0,59,0,0,completed
23233,U3235,2025-03-24 08:01:00,2025-03-24 08:05:00,M,40~49,office,seoul,0,0,0,0,16,0,0,19,0,0,completed
23234,U3236,2025-11-29 20:10:00,2025-11-29 20:15:00,M,30~39,office,seoul,1,0,0,0,20,0,0,55,0,0,completed
23235,U3237,2025-06-25 14:35:00,2025-06-25 14:41:00,M,30~39,office,seoul,0,0,0,0,25,0,0,43,0,0,completed
23236,U3238,2025-12-27 15:16:00,2025-12-27 15:20:00,M,20~29,office,seoul,1,0,0,0,0,0,0,65,0,0,completed
23237,U3239,2025-07-11 14:07:00,2025-07-11 14:09:00,M,30~39,office,seoul,0,0,0,0,12,0,0,30,0,0,completed
23238,U3240,2025-04-04 08:43:00,2025-04-04 08:46:00,M,30~39,office,seoul,0,0,0,0,13,0,0,48,0,0,abandoned
23239,U3241,2025-11-27 08:44:00,2025-11-27 08:50:00,F,30~39,office,seoul,0,0,0,0,29,0,0,79,0,0,abandoned
23240,U3242,2025-08-03 13:16:00,2025-08-03 13:20:00,F,40~49,office,seoul,1,0,0,0,21,0,0,67,0,0,completed
23241,U3243,2025-09-04 20:39:00,2025-09-04 20:43:00,M,20~29,office,seoul,0,0,0,0,28,0,0,68,0,0,completed
23242,U3244,2025-07-11 08:14:00,2025-07-11 08:17:00,F,30~39,office,seoul,0,0,0,0,23,0,0,70,0,0,completed
23243,U3245,2025-12-02 18:57:00,2025-12-02 19:02:00,F,20~29,office,seoul,0,0,0,0,26,0,0,39,0,0,completed
23244,U3246,2025-11-10 12:39:00,2025-11-10 12:41:00,F,20~29,office,seoul,0,0,0,0,26,0,0,73,0,0,completed
23245,U3247,2025-03-18 09:03:00,2025-03-18 09:09:00,M,30~39,office,seoul,0,0,0,0,15,0,0,49,0,0,completed
23246,U3248,2025-07-08 15:29:00,2025-07-08 15:35:00,M,50+,office,seoul,0,0,0,0,2,0,0,49,0,0,completed
23247,U3249,2025-01-14 16:50:00,2025-01-14 16:56:00,F,20~29,office,seoul,0,0,0,0,20,0,0,72,0,0,completed
23248,U3250,2025-09-21 08:40:00,2025-09-21 08:43:00,F,40~49,office,seoul,1,0,0,0,17,0,0,21,0,0,completed
23249,U3251,2025-07-17 17:22:00,2025-07-17 17:28:00,F,30~39,office,seoul,0,0,0,0,11,0,0,60,0,0,completed
23250,U3252,2025-09-04 20:54:00,2025-09-04 21:00:00,F,30~39,office,seoul,0,0,0,0,5,0,0,32,0,0,completed
23251,U3253,2025-01-23 16:36:00,2025-01-23 16:41:00,F,30~39,office,seoul,0,0,0,0,25,0,0,73,0,0,completed
23252,U3254,2025-02-12 09:39:00,2025-02-12 09:43:00,M,20~29,office,seoul,0,0,0,0,23,0,0,14,0,0,completed
23253,U3255,2025-03-30 17:20:00,2025-03-30 17:22:00,M,30~39,office,seoul,1,0,0,0,29,0,0,77,0,0,completed
23254,U3256,2025-11-23 15:28:00,2025-11-23 15:30:00,F,30~39,office,seoul,1,0,0,0,17,0,0,13,0,0,completed
23255,U3257,2025-07-01 13:40:00,2025-07-01 13:44:00,F,30~39,office,seoul,0,0,0,0,26,0,0,30,0,0,completed
23256,U3258,2025-08-06 15:07:00,2025-08-06 15:11:00,M,20~29,office,seoul,0,0,0,0,1,0,0,62,0,0,completed
23257,U3259,2025-08-09 08:16:00,2025-08-09 08:22:00,F,50+,office,seoul,1,0,0,0,16,0,0,52,0,0,completed
23258,U3260,2025-11-06 14:00:00,2025-11-06 14:03:00,F,50+,office,seoul,0,0,0,0,28,0,0,40,0,0,timeout
23259,U3261,2025-09-23 12:46:00,2025-09-23 12:53:00,F,50+,office,seoul,0,0,0,0,1,0,0,16,0,0,completed
23260,U3262,2025-08-27 18:48:00,2025-08-27 18:53:00,F,30~39,office,seoul,0,0,0,0,23,0,0,62,0,0,completed
23261,U3263,2025-05-08 14:33:00,2025-05-08 14:39:00,F,30~39,office,seoul,0,0,0,0,3,0,0,12,0,0,completed
23262,U3264,2025-02-14 07:01:00,2025-02-14 07:07:00,F,20~29,office,seoul,0,0,0,0,0,0,0,75,0,0,completed
23263,U3265,2025-03-30 09:13:00,2025-03-30 09:17:00,F,40~49,office,seoul,1,0,0,0,3,0,0,41,0,0,abandoned
23264,U3266,2025-11-02 15:34:00,2025-11-02 15:37:00,F,50+,office,seoul,1,0,0,0,14,0,0,64,0,0,completed
23265,U3267,2025-09-23 12:23:00,2025-09-23 12:25:00,M,20~29,office,seoul,0,0,0,0,21,0,0,67,0,0,completed
23266,U3268,2025-11-21 13:51:00,2025-11-21 13:55:00,M,20~29,office,seoul,0,0,0,0,28,0,0,37,0,0,completed
23267,U3269,2025-08-04 14:36:00,2025-08-04 14:42:00,F,30~39,office,seoul,0,0,0,0,28,0,0,15,1,0,completed
23268,U3270,2025-12-02 08:02:00,2025-12-02 08:08:00,M,30~39,office,seoul,0,0,0,0,24,0,0,48,0,0,completed
23269,U3271,2025-12-14 12:47:00,2025-12-14 12:53:00,F,20~29,office,seoul,1,0,0,0,5,0,0,56,0,0,completed
23270,U3272,2025-10-27 15:00:00,2025-10-27 15:06:00,M,50+,office,seoul,0,0,0,0,0,0,0,40,1,0,completed
23271,U3273,2025-08-19 19:09:00,2025-08-19 19:14:00,F,20~29,office,seoul,0,0,0,0,14,0,0,55,0,0,completed
23272,U3274,2025-12-07 09:59:00,2025-12-07 10:02:00,F,20~29,office,seoul,1,0,0,0,20,0,0,52,0,0,completed
23273,U3275,2025-04-07 14:39:00,2025-04-07 14:42:00,M,50+,office,seoul,0,0,0,0,26,0,0,70,1,0,completed
23274,U3276,2025-07-13 12:52:00,2025-07-13 12:57:00,M,50+,office,seoul,1,0,0,0,18,0,0,40,0,0,completed
23275,U3277,2025-11-21 19:44:00,2025-11-21 19:49:00,M,20~29,office,seoul,0,0,0,0,19,0,0,49,0,0,timeout
23276,U3278,2025-07-03 07:11:00,2025-07-03 07:14:00,M,30~39,office,seoul,0,0,0,0,16,0,0,14,0,0,completed
23277,U3279,2025-03-08 12:10:00,2025-03-08 12:12:00,F,20~29,office,seoul,1,0,0,0,28,0,0,24,0,0,completed
23278,U3280,2025-03-02 22:11:00,2025-03-02 22:16:00,F,20~29,office,seoul,1,0,0,0,13,0,0,29,0,0,completed
23279,U3281,2025-06-03 16:07:00,2025-06-03 16:13:00,M,20~29,office,seoul,0,0,0,0,1,0,0,38,0,0,completed
23280,U3282,2025-03-09 17:24:00,2025-03-09 17:29:00,F,50+,office,seoul,1,0,0,0,29,0,0,34,0,0,error
23281,U3283,2025-07-16 21:46:00,2025-07-16 21:53:00,F,30~39,office,seoul,0,0,0,0,25,0,0,71,0,0,completed
23282,U3284,2025-12-09 07:00:00,2025-12-09 07:03:00,F,20~29,office,seoul,0,0,0,0,4,0,0,27,0,0,completed
23283,U3285,2025-02-13 08:20:00,2025-02-13 08:22:00,F,20~29,office,seoul,0,0,0,0,17,0,0,12,0,0,completed
23284,U3286,2025-02-11 15:20:00,2025-02-11 15:25:00,F,30~39,office,seoul,0,0,0,0,0,0,0,65,0,0,completed
23285,U3287,2025-02-23 18:46:00,2025-02-23 18:51:00,M,30~39,office,seoul,1,0,0,0,13,0,0,64,0,0,completed
23286,U3288,2025-12-08 15:14:00,2025-12-08 15:20:00,M,30~39,office,seoul,0,0,0,0,7,0,0,38,0,0,completed
23287,U3289,2025-05-25 19:52:00,2025-05-25 19:59:00,F,30~39,office,seoul,1,0,0,0,4,0,0,29,0,0,completed
23288,U3290,2025-06-03 13:10:00,2025-06-03 13:15:00,F,40~49,office,seoul,0,0,0,0,10,0,0,44,0,0,completed
23289,U3291,2025-02-08 17:19:00,2025-02-08 17:26:00,M,20~29,office,seoul,1,0,0,0,11,0,0,60,0,0,completed
23290,U3292,2025-12-15 08:43:00,2025-12-15 08:50:00,F,20~29,office,seoul,0,0,0,0,29,0,0,34,0,0,completed
23291,U3293,2025-09-24 20:04:00,2025-09-24 20:11:00,M,20~29,office,seoul,0,0,0,0,17,0,0,78,1,0,completed
23292,U3294,2025-08-01 22:39:00,2025-08-01 22:42:00,F,50+,office,seoul,0,0,0,0,26,0,0,54,0,0,abandoned
23293,U3295,2025-03-17 20:52:00,2025-03-17 20:56:00,M,30~39,office,seoul,0,0,0,0,9,0,0,76,0,0,completed
23294,U3296,2025-02-10 15:34:00,2025-02-10 15:39:00,F,20~29,office,seoul,0,0,0,0,7,0,0,42,0,0,completed
23295,U3297,2025-02-04 20:25:00,2025-02-04 20:27:00,M,40~49,office,seoul,0,0,0,0,10,0,0,30,0,0,completed
23296,U3298,2025-11-14 15:02:00,2025-11-14 15:05:00,M,50+,office,seoul,0,0,0,0,25,0,0,32,1,1,completed
23297,U3299,2025-04-08 14:39:00,2025-04-08 14:43:00,F,40~49,office,seoul,0,0,0,0,22,0,0,58,0,0,error
23298,U3300,2025-04-05 15:58:00,2025-04-05 16:03:00,F,20~29,office,seoul,1,0,0,0,5,0,0,51,0,0,completed
23299,U3301,2025-05-16 12:24:00,2025-05-16 12:31:00,F,40~49,office,seoul,0,0,0,0,28,0,0,22,0,0,completed
23300,U3302,2025-02-16 17:42:00,2025-02-16 17:49:00,F,30~39,office,seoul,1,0,0,0,10,0,0,23,0,0,completed
23301,U3303,2025-06-03 13:12:00,2025-06-03 13:19:00,M,20~29,office,seoul,0,0,0,0,13,0,0,17,0,0,completed
23302,U3304,2025-04-19 16:12:00,2025-04-19 16:16:00,F,20~29,office,seoul,1,0,0,0,7,0,0,21,0,0,completed
23303,U3305,2025-02-14 14:14:00,2025-02-14 14:19:00,M,20~29,office,seoul,0,0,0,0,8,0,0,67,0,0,completed
23304,U3306,2025-06-25 14:18:00,2025-06-25 14:22:00,F,20~29,office,seoul,0,0,0,0,7,0,0,66,0,0,completed
23305,U3307,2025-08-24 15:31:00,2025-08-24 15:34:00,M,50+,office,seoul,1,0,0,0,2,0,0,79,1,0,completed
23306,U3308,2025-09-28 09:01:00,2025-09-28 09:05:00,F,50+,office,seoul,1,0,0,0,5,0,0,54,0,0,completed
23307,U3309,2025-01-06 11:16:00,2025-01-06 11:18:00,M,30~39,office,seoul,0,0,0,0,0,0,0,52,1,0,completed
23308,U3310,2025-01-21 09:23:00,2025-01-21 09:26:00,F,30~39,office,seoul,0,0,0,0,6,0,0,44,0,0,completed
23309,U3311,2025-01-23 19:24:00,2025-01-23 19:26:00,M,50+,office,seoul,0,0,0,0,10,0,0,63,0,0,abandoned
23310,U3312,2025-09-24 12:18:00,2025-09-24 12:21:00,F,30~39,office,seoul,0,0,0,0,0,0,0,64,0,0,abandoned
23311,U3313,2025-07-28 07:31:00,2025-07-28 07:34:00,F,40~49,office,seoul,0,0,0,0,17,0,0,50,1,0,completed
23312,U3314,2025-01-09 16:55:00,2025-01-09 17:02:00,M,50+,office,seoul,0,0,0,0,14,0,0,66,0,0,completed
23313,U3315,2025-12-10 15:28:00,2025-12-10 15:35:00,F,20~29,office,seoul,0,0,0,0,1,0,0,61,0,0,abandoned
23314,U3316,2025-05-24 20:42:00,2025-05-24 20:44:00,F,30~39,office,seoul,1,0,0,0,10,0,0,71,0,0,completed
23315,U3317,2025-05-26 14:11:00,2025-05-26 14:13:00,F,20~29,office,seoul,0,0,0,0,8,0,0,18,0,0,completed
23316,U3318,2025-12-21 18:57:00,2025-12-21 18:59:00,F,20~29,office,seoul,1,0,0,0,9,0,0,45,0,0,completed
23317,U3319,2025-12-12 16:34:00,2025-12-12 16:40:00,F,20~29,office,seoul,0,0,0,0,10,0,0,49,0,0,completed
23318,U3320,2025-06-21 12:33:00,2025-06-21 12:37:00,M,20~29,office,seoul,1,0,0,0,25,0,0,21,0,0,completed
23319,U3321,2025-06-13 14:27:00,2025-06-13 14:30:00,M,40~49,office,seoul,0,0,0,0,9,0,0,70,0,0,completed
23320,U3322,2025-11-22 16:21:00,2025-11-22 16:26:00,M,40~49,office,seoul,1,0,0,0,23,0,0,50,0,0,completed
23321,U3323,2025-03-03 11:14:00,2025-03-03 11:17:00,M,30~39,office,seoul,0,0,0,0,12,0,0,60,0,0,completed
23322,U3324,2025-11-30 09:25:00,2025-11-30 09:27:00,F,40~49,office,seoul,1,0,0,0,25,0,0,40,0,0,completed
23323,U3325,2025-09-06 11:35:00,2025-09-06 11:42:00,M,20~29,office,seoul,1,0,0,0,12,0,0,35,0,0,completed
23324,U3326,2025-03-10 09:56:00,2025-03-10 09:59:00,M,20~29,office,seoul,0,0,0,0,11,0,0,41,0,0,completed
23325,U3327,2025-03-29 16:52:00,2025-03-29 16:56:00,F,20~29,office,seoul,1,0,0,0,19,0,0,27,0,0,completed
23326,U3328,2025-10-18 09:52:00,2025-10-18 09:59:00,F,40~49,office,seoul,1,0,0,0,18,0,0,44,0,0,abandoned
23327,U3329,2025-10-05 13:35:00,2025-10-05 13:41:00,M,20~29,office,seoul,1,0,0,0,10,0,0,14,0,0,completed
23328,U3330,2025-09-18 17:19:00,2025-09-18 17:26:00,F,20~29,office,seoul,0,0,0,0,25,0,0,10,0,0,completed
23329,U3331,2025-12-13 14:07:00,2025-12-13 14:11:00,F,40~49,office,seoul,1,0,0,0,7,0,0,75,0,0,completed
23330,U3332,2025-04-16 11:05:00,2025-04-16 11:08:00,F,30~39,office,seoul,0,0,0,0,14,0,0,55,0,0,timeout
23331,U3333,2025-05-01 13:44:00,2025-05-01 13:51:00,M,20~29,office,seoul,0,0,0,0,13,0,0,45,0,0,completed
23332,U3334,2025-11-07 12:01:00,2025-11-07 12:07:00,F,20~29,office,seoul,0,0,0,0,6,0,0,51,0,0,completed
23333,U3335,2025-06-05 20:53:00,2025-06-05 20:57:00,M,50+,office,seoul,0,0,0,0,27,0,0,12,0,0,completed
23334,U3336,2025-05-31 07:42:00,2025-05-31 07:47:00,F,20~29,office,seoul,1,0,0,0,7,0,0,66,0,0,completed
23335,U3337,2025-12-06 15:42:00,2025-12-06 15:46:00,F,40~49,office,seoul,1,0,0,0,0,0,0,40,0,0,abandoned
23336,U3338,2025-08-15 12:43:00,2025-08-15 12:46:00,F,50+,office,seoul,0,0,0,0,18,0,0,34,0,0,completed
23337,U3339,2025-01-06 18:05:00,2025-01-06 18:09:00,F,20~29,office,seoul,0,0,0,0,2,0,0,76,0,0,completed
23338,U3340,2025-08-24 09:12:00,2025-08-24 09:14:00,M,20~29,office,seoul,1,0,0,0,11,0,0,11,0,0,completed
23339,U3341,2025-02-10 09:52:00,2025-02-10 09:54:00,F,30~39,office,seoul,0,0,0,0,25,0,0,26,0,0,completed
23340,U3342,2025-02-03 09:02:00,2025-02-03 09:07:00,F,20~29,office,seoul,0,0,0,0,19,0,0,55,1,0,completed
23341,U3343,2025-10-06 19:52:00,2025-10-06 19:54:00,F,50+,office,seoul,0,0,0,0,2,0,0,39,0,0,completed
23342,U3344,2025-04-05 11:22:00,2025-04-05 11:25:00,F,30~39,office,seoul,1,0,0,0,5,0,0,25,0,0,abandoned
23343,U3345,2025-03-12 15:00:00,2025-03-12 15:04:00,F,30~39,office,seoul,0,0,0,0,27,0,0,40,0,0,completed
23344,U3346,2025-10-12 22:47:00,2025-10-12 22:51:00,F,40~49,office,seoul,1,0,0,0,9,0,0,42,0,0,completed
23345,U3347,2025-11-11 15:45:00,2025-11-11 15:50:00,F,50+,office,seoul,0,0,0,0,7,0,0,17,0,0,timeout
23346,U3348,2025-12-01 20:06:00,2025-12-01 20:10:00,M,20~29,office,seoul,0,0,0,0,16,0,0,19,0,0,completed
23347,U3349,2025-12-01 11:26:00,2025-12-01 11:28:00,M,20~29,office,seoul,0,0,0,0,15,0,0,42,0,0,completed
23348,U3350,2025-09-28 14:54:00,2025-09-28 14:58:00,M,50+,office,seoul,1,0,0,0,13,0,0,30,0,0,completed
23349,U3351,2025-07-22 20:51:00,2025-07-22 20:55:00,F,40~49,office,seoul,0,0,0,0,17,0,0,67,0,0,completed
23350,U3352,2025-06-10 07:27:00,2025-06-10 07:29:00,M,20~29,office,seoul,0,0,0,0,29,0,0,14,0,0,completed
23351,U3353,2025-03-22 19:07:00,2025-03-22 19:13:00,F,40~49,office,seoul,1,0,0,0,0,0,0,65,0,0,completed
23352,U3354,2025-04-14 20:57:00,2025-04-14 21:03:00,F,40~49,office,seoul,0,0,0,0,0,0,0,16,0,0,completed
23353,U3355,2025-07-28 12:51:00,2025-07-28 12:58:00,M,30~39,office,seoul,0,0,0,0,26,0,0,29,0,0,completed
23354,U3356,2025-06-15 11:40:00,2025-06-15 11:46:00,M,50+,office,seoul,1,0,0,0,17,0,0,60,0,0,abandoned
23355,U3357,2025-02-15 18:25:00,2025-02-15 18:32:00,M,30~39,office,seoul,1,0,0,0,23,0,0,28,0,0,completed
23356,U3358,2025-04-05 13:09:00,2025-04-05 13:14:00,F,40~49,office,seoul,1,0,0,0,19,0,0,53,0,0,abandoned
23357,U3359,2025-04-18 17:02:00,2025-04-18 17:07:00,M,30~39,office,seoul,0,0,0,0,21,0,0,49,0,0,completed
23358,U3360,2025-01-22 13:19:00,2025-01-22 13:23:00,F,20~29,office,seoul,0,0,0,0,27,0,0,64,0,0,completed
23359,U3361,2025-04-05 08:29:00,2025-04-05 08:31:00,F,40~49,office,seoul,1,0,0,0,29,0,0,29,0,0,completed
23360,U3362,2025-09-25 18:19:00,2025-09-25 18:25:00,F,30~39,office,seoul,0,0,0,0,3,0,0,20,0,0,completed
23361,U3363,2025-11-13 19:04:00,2025-11-13 19:07:00,M,20~29,office,seoul,0,0,0,0,2,0,0,41,0,0,completed
23362,U3364,2025-02-21 15:27:00,2025-02-21 15:34:00,M,40~49,office,seoul,0,0,0,0,7,0,0,15,0,0,error
23363,U3365,2025-01-07 12:17:00,2025-01-07 12:21:00,M,50+,office,seoul,0,0,0,0,26,0,0,38,0,0,completed
23364,U3366,2025-11-12 12:36:00,2025-11-12 12:40:00,F,50+,office,seoul,0,0,0,0,23,0,0,61,0,0,timeout
23365,U3367,2025-04-01 16:13:00,2025-04-01 16:20:00,F,40~49,office,seoul,0,0,0,0,0,0,0,71,0,0,completed
23366,U3368,2025-12-30 17:36:00,2025-12-30 17:39:00,M,30~39,office,seoul,0,0,0,0,2,0,0,47,0,0,completed
23367,U3369,2025-03-10 11:31:00,2025-03-10 11:37:00,M,40~49,office,seoul,0,0,0,0,18,0,0,31,0,0,completed
23368,U3370,2025-09-30 07:02:00,2025-09-30 07:04:00,F,30~39,office,seoul,0,0,0,0,7,0,0,18,0,0,completed
23369,U3371,2025-01-11 16:33:00,2025-01-11 16:40:00,F,30~39,office,seoul,1,0,0,0,6,0,0,13,0,0,completed
23370,U3372,2025-02-26 12:41:00,2025-02-26 12:48:00,F,20~29,office,seoul,0,0,0,0,1,0,0,13,0,0,completed
23371,U3373,2025-04-23 13:51:00,2025-04-23 13:56:00,F,20~29,office,seoul,0,0,0,0,7,0,0,70,0,0,completed
23372,U3374,2025-05-13 16:35:00,2025-05-13 16:38:00,F,50+,office,seoul,0,0,0,0,11,0,0,47,0,0,completed
23373,U3375,2025-08-27 09:42:00,2025-08-27 09:45:00,F,20~29,office,seoul,0,0,0,0,8,0,0,66,0,0,completed
23374,U3376,2025-08-03 07:26:00,2025-08-03 07:32:00,F,20~29,office,seoul,1,0,0,0,1,0,0,74,0,0,completed
23375,U3377,2025-10-01 20:47:00,2025-10-01 20:51:00,F,20~29,office,seoul,0,0,0,0,8,0,0,58,0,0,completed
23376,U3378,2025-07-25 18:47:00,2025-07-25 18:50:00,F,20~29,office,seoul,0,0,0,0,3,0,0,12,0,0,completed
23377,U3379,2025-12-18 15:08:00,2025-12-18 15:15:00,F,20~29,office,seoul,0,0,0,0,23,0,0,59,0,0,completed
23378,U3380,2025-02-14 15:48:00,2025-02-14 15:51:00,F,20~29,office,seoul,0,0,0,0,12,0,0,56,0,0,timeout
23379,U3381,2025-09-25 16:13:00,2025-09-25 16:19:00,F,30~39,office,seoul,0,0,0,0,1,0,0,65,0,0,completed
23380,U3382,2025-03-24 17:56:00,2025-03-24 18:00:00,F,20~29,office,seoul,0,0,0,0,24,0,0,57,1,0,abandoned
23381,U3383,2025-01-01 15:12:00,2025-01-01 15:16:00,M,30~39,office,seoul,0,0,0,0,29,0,0,34,0,0,completed
23382,U3384,2025-12-27 08:09:00,2025-12-27 08:13:00,F,40~49,office,seoul,1,0,0,0,28,0,0,10,0,1,completed
23383,U3385,2025-10-17 18:03:00,2025-10-17 18:07:00,F,30~39,office,seoul,0,0,0,0,3,0,0,40,0,0,completed
23384,U3386,2025-11-26 17:46:00,2025-11-26 17:53:00,F,20~29,office,seoul,0,0,0,0,23,0,0,39,0,0,completed
23385,U3387,2025-04-06 11:17:00,2025-04-06 11:23:00,F,20~29,office,seoul,1,0,0,0,29,0,0,49,0,0,completed
23386,U3388,2025-06-18 17:31:00,2025-06-18 17:34:00,F,40~49,office,seoul,0,0,0,0,9,0,0,39,0,0,completed
23387,U3389,2025-12-18 08:25:00,2025-12-18 08:29:00,F,20~29,office,seoul,0,0,0,0,4,0,0,71,0,0,completed
23388,U3390,2025-06-21 11:38:00,2025-06-21 11:45:00,M,30~39,office,seoul,1,0,0,0,0,0,0,33,0,0,completed
23389,U3391,2025-03-10 15:22:00,2025-03-10 15:25:00,F,40~49,office,seoul,0,0,0,0,22,0,0,56,0,0,completed
23390,U3392,2025-09-02 08:10:00,2025-09-02 08:16:00,F,50+,office,seoul,0,0,0,0,23,0,0,35,0,0,completed
23391,U3393,2025-09-11 11:54:00,2025-09-11 12:00:00,M,40~49,office,seoul,0,0,0,0,23,0,0,40,0,0,completed
23392,U3394,2025-04-19 12:23:00,2025-04-19 12:29:00,F,40~49,office,seoul,1,0,0,0,2,0,0,74,0,0,completed
23393,U3395,2025-07-22 11:34:00,2025-07-22 11:40:00,F,20~29,office,seoul,0,0,0,0,19,0,0,26,0,0,completed
23394,U3396,2025-10-27 12:21:00,2025-10-27 12:27:00,F,30~39,office,seoul,0,0,0,0,12,0,0,55,0,0,completed
23395,U3397,2025-03-17 07:29:00,2025-03-17 07:35:00,M,50+,office,seoul,0,0,0,0,0,0,0,58,0,0,completed
23396,U3398,2025-08-07 07:59:00,2025-08-07 08:02:00,F,20~29,office,seoul,0,0,0,0,15,0,0,62,0,0,completed
23397,U3399,2025-07-11 13:15:00,2025-07-11 13:19:00,F,50+,office,seoul,0,0,0,0,6,0,0,12,0,0,completed
23398,U3400,2025-02-17 11:05:00,2025-02-17 11:12:00,F,20~29,office,seoul,0,0,0,0,1,0,0,56,0,0,timeout
23399,U3401,2025-11-19 08:31:00,2025-11-19 08:37:00,M,30~39,office,seoul,0,0,0,0,29,0,0,38,0,0,completed
23400,U3402,2025-02-19 18:37:00,2025-02-19 18:41:00,M,50+,office,seoul,0,0,0,0,5,0,0,51,0,0,completed
23401,U3403,2025-04-07 08:51:00,2025-04-07 08:58:00,F,20~29,office,seoul,0,0,0,0,17,0,0,16,0,0,completed
23402,U3404,2025-05-25 15:18:00,2025-05-25 15:21:00,F,40~49,office,seoul,1,0,0,0,23,0,0,43,0,0,completed
23403,U3405,2025-07-03 16:17:00,2025-07-03 16:23:00,F,40~49,office,seoul,0,0,0,0,12,0,0,68,0,0,completed
23404,U3406,2025-06-20 15:48:00,2025-06-20 15:52:00,M,20~29,office,seoul,0,0,0,0,20,0,0,10,0,1,completed
23405,U3407,2025-02-19 22:25:00,2025-02-19 22:29:00,F,40~49,office,seoul,0,0,0,0,4,0,0,11,0,0,completed
23406,U3408,2025-05-03 09:33:00,2025-05-03 09:40:00,F,50+,office,seoul,1,0,0,0,19,0,0,15,1,0,completed
23407,U3409,2025-12-14 16:48:00,2025-12-14 16:50:00,F,40~49,office,seoul,1,0,0,0,25,0,0,15,0,0,completed
23408,U3410,2025-05-16 09:55:00,2025-05-16 09:58:00,F,40~49,office,seoul,0,0,0,0,23,0,0,69,0,0,abandoned
23409,U3411,2025-12-15 22:46:00,2025-12-15 22:49:00,F,20~29,office,seoul,0,0,0,0,18,0,0,38,0,0,completed
23410,U3412,2025-06-25 21:08:00,2025-06-25 21:10:00,F,30~39,office,seoul,0,0,0,0,4,0,0,52,0,0,completed
23411,U3413,2025-08-06 14:56:00,2025-08-06 15:01:00,F,20~29,office,seoul,0,0,0,0,25,0,0,78,0,0,completed
23412,U3414,2025-09-14 09:12:00,2025-09-14 09:17:00,M,40~49,office,seoul,1,0,0,0,0,0,0,22,0,0,completed
23413,U3415,2025-05-24 12:51:00,2025-05-24 12:55:00,F,30~39,office,seoul,1,0,0,0,1,0,0,73,0,0,completed
23414,U3416,2025-11-08 13:51:00,2025-11-08 13:57:00,M,40~49,office,seoul,1,0,0,0,28,0,0,54,0,0,completed
23415,U3417,2025-09-16 09:18:00,2025-09-16 09:21:00,F,30~39,office,seoul,0,0,0,0,19,0,0,73,0,0,completed
23416,U3418,2025-02-16 17:59:00,2025-02-16 18:03:00,M,40~49,office,seoul,1,0,0,0,24,0,0,71,0,0,completed
23417,U3419,2025-08-07 16:07:00,2025-08-07 16:13:00,F,20~29,office,seoul,0,0,0,0,29,0,0,21,0,0,completed
23418,U3420,2025-11-21 21:00:00,2025-11-21 21:06:00,F,40~49,office,seoul,0,0,0,0,24,0,0,29,1,0,completed
23419,U3421,2025-10-22 07:28:00,2025-10-22 07:34:00,F,40~49,office,seoul,0,0,0,0,5,0,0,59,0,0,completed
23420,U3422,2025-03-14 08:42:00,2025-03-14 08:44:00,M,20~29,office,seoul,0,0,0,0,8,0,0,22,0,0,completed
23421,U3423,2025-03-09 12:52:00,2025-03-09 12:57:00,F,40~49,office,seoul,1,0,0,0,6,0,0,44,0,0,timeout
23422,U3424,2025-08-25 16:44:00,2025-08-25 16:48:00,F,20~29,office,seoul,0,0,0,0,23,0,0,73,0,0,completed
23423,U3425,2025-12-24 09:34:00,2025-12-24 09:40:00,F,30~39,office,seoul,0,0,0,0,14,0,0,32,0,0,completed
23424,U3426,2025-04-07 12:11:00,2025-04-07 12:14:00,M,40~49,office,seoul,0,0,0,0,26,0,0,25,0,0,timeout
23425,U3427,2025-01-25 17:07:00,2025-01-25 17:09:00,F,20~29,office,seoul,1,0,0,0,18,0,0,42,0,0,completed
23426,U3428,2025-08-25 07:04:00,2025-08-25 07:11:00,F,20~29,office,seoul,0,0,0,0,10,0,0,16,0,0,completed
23427,U3429,2025-02-05 17:04:00,2025-02-05 17:06:00,M,30~39,office,seoul,0,0,0,0,0,0,0,59,0,0,completed
23428,U3430,2025-11-22 22:50:00,2025-11-22 22:57:00,M,40~49,office,seoul,1,0,0,0,0,0,0,28,0,0,completed
23429,U3431,2025-11-10 19:23:00,2025-11-10 19:27:00,M,40~49,office,seoul,0,0,0,0,8,0,0,10,0,0,completed
23430,U3432,2025-04-17 17:48:00,2025-04-17 17:52:00,F,20~29,office,seoul,0,0,0,0,5,0,0,44,0,0,completed
23431,U3433,2025-04-07 20:49:00,2025-04-07 20:53:00,M,20~29,office,seoul,0,0,0,0,20,0,0,58,0,0,completed
23432,U3434,2025-06-15 08:07:00,2025-06-15 08:13:00,M,20~29,office,seoul,1,0,0,0,21,0,0,18,0,0,completed
23433,U3435,2025-04-14 09:46:00,2025-04-14 09:53:00,F,20~29,office,seoul,0,0,0,0,7,0,0,72,0,0,completed
23434,U3436,2025-05-24 17:57:00,2025-05-24 18:00:00,F,30~39,office,seoul,1,0,0,0,6,0,0,53,0,0,completed
23435,U3437,2025-10-29 17:24:00,2025-10-29 17:29:00,M,40~49,office,seoul,0,0,0,0,19,0,0,60,0,0,completed
23436,U3438,2025-07-18 17:09:00,2025-07-18 17:14:00,M,50+,office,seoul,0,0,0,0,8,0,0,30,0,0,completed
23437,U3439,2025-06-20 17:46:00,2025-06-20 17:53:00,F,30~39,office,seoul,0,0,0,0,8,0,0,68,0,0,completed
23438,U3440,2025-02-20 22:49:00,2025-02-20 22:55:00,M,40~49,office,seoul,0,0,0,0,13,0,0,62,0,0,completed
23439,U3441,2025-11-11 14:45:00,2025-11-11 14:48:00,F,50+,office,seoul,0,0,0,0,25,0,0,19,0,0,completed
23440,U3442,2025-12-05 12:11:00,2025-12-05 12:18:00,F,40~49,office,seoul,0,0,0,0,1,0,0,34,0,0,completed
23441,U3443,2025-05-04 17:31:00,2025-05-04 17:34:00,F,40~49,office,seoul,1,0,0,0,18,0,0,38,0,0,completed
23442,U3444,2025-08-21 13:36:00,2025-08-21 13:39:00,F,20~29,office,seoul,0,0,0,0,27,0,0,23,0,0,completed
23443,U3445,2025-05-21 12:26:00,2025-05-21 12:32:00,F,20~29,office,seoul,0,0,0,0,25,0,0,75,0,0,completed
23444,U3446,2025-04-30 15:39:00,2025-04-30 15:42:00,M,40~49,office,seoul,0,0,0,0,21,0,0,48,0,0,completed
23445,U3447,2025-08-01 17:33:00,2025-08-01 17:39:00,M,40~49,office,seoul,0,0,0,0,9,0,0,12,0,0,completed
23446,U3448,2025-02-02 07:53:00,2025-02-02 07:59:00,M,50+,office,seoul,1,0,0,0,27,0,0,35,1,0,completed
23447,U3449,2025-12-08 16:08:00,2025-12-08 16:14:00,F,20~29,office,seoul,0,0,0,0,1,0,0,48,0,0,completed
23448,U3450,2025-02-24 17:24:00,2025-02-24 17:28:00,F,50+,office,seoul,0,0,0,0,12,0,0,49,0,0,completed
23449,U3451,2025-06-23 09:10:00,2025-06-23 09:15:00,F,50+,office,seoul,0,0,0,0,17,0,0,59,0,0,completed
23450,U3452,2025-12-09 08:06:00,2025-12-09 08:11:00,M,20~29,office,seoul,0,0,0,0,23,0,0,29,0,0,completed
23451,U3453,2025-11-07 18:48:00,2025-11-07 18:52:00,F,20~29,office,seoul,0,0,0,0,19,0,0,47,0,0,abandoned
23452,U3454,2025-09-26 20:35:00,2025-09-26 20:42:00,F,30~39,office,seoul,0,0,0,0,0,0,0,62,0,0,completed
23453,U3455,2025-11-19 15:07:00,2025-11-19 15:12:00,F,30~39,office,seoul,0,0,0,0,20,0,0,20,0,0,completed
23454,U3456,2025-09-05 12:36:00,2025-09-05 12:43:00,M,30~39,office,seoul,0,0,0,0,26,0,0,65,0,0,completed
23455,U3457,2025-08-19 19:56:00,2025-08-19 19:59:00,F,30~39,office,seoul,0,0,0,0,13,0,0,67,0,0,abandoned
23456,U3458,2025-10-21 14:21:00,2025-10-21 14:24:00,M,50+,office,seoul,0,0,0,0,1,0,0,20,0,0,completed
23457,U3459,2025-10-03 16:45:00,2025-10-03 16:50:00,F,30~39,office,seoul,0,0,0,0,10,0,0,76,0,0,completed
23458,U3460,2025-06-25 14:14:00,2025-06-25 14:18:00,M,50+,office,seoul,0,0,0,0,7,0,0,39,0,0,completed
23459,U3461,2025-03-03 08:38:00,2025-03-03 08:43:00,M,20~29,office,seoul,0,0,0,0,28,0,0,72,0,0,completed
23460,U3462,2025-03-30 14:33:00,2025-03-30 14:37:00,F,30~39,office,seoul,1,0,0,0,20,0,0,46,0,0,completed
23461,U3463,2025-05-12 13:01:00,2025-05-12 13:03:00,M,20~29,office,seoul,0,0,0,0,12,0,0,20,0,0,completed
23462,U3464,2025-03-06 17:32:00,2025-03-06 17:38:00,F,40~49,office,seoul,0,0,0,0,24,0,0,43,0,0,completed
23463,U3465,2025-05-25 22:50:00,2025-05-25 22:52:00,F,50+,office,seoul,1,0,0,0,18,0,0,74,0,0,completed
23464,U3466,2025-03-23 19:44:00,2025-03-23 19:46:00,F,30~39,office,seoul,1,0,0,0,27,0,0,49,0,0,completed
23465,U3467,2025-03-05 12:00:00,2025-03-05 12:04:00,F,40~49,office,seoul,0,0,0,0,11,0,0,41,0,0,completed
23466,U3468,2025-12-04 11:35:00,2025-12-04 11:40:00,F,20~29,office,seoul,0,0,0,0,0,0,0,31,0,0,completed
23467,U3469,2025-09-20 13:38:00,2025-09-20 13:40:00,M,30~39,office,seoul,1,0,0,0,14,0,0,12,0,0,completed
23468,U3470,2025-01-25 15:04:00,2025-01-25 15:10:00,M,20~29,office,seoul,1,0,0,0,14,0,0,29,0,0,completed
23469,U3471,2025-10-30 15:39:00,2025-10-30 15:41:00,M,20~29,office,seoul,0,0,0,0,2,0,0,23,0,0,completed
23470,U3472,2025-01-25 08:35:00,2025-01-25 08:39:00,F,50+,office,seoul,1,0,0,0,26,0,0,14,0,0,completed
23471,U3473,2025-03-23 07:58:00,2025-03-23 08:02:00,M,50+,office,seoul,1,0,0,0,20,0,0,61,0,0,completed
23472,U3474,2025-02-16 11:29:00,2025-02-16 11:33:00,F,20~29,office,seoul,1,0,0,0,3,0,0,11,0,0,completed
23473,U3475,2025-11-01 18:18:00,2025-11-01 18:20:00,F,20~29,office,seoul,1,0,0,0,6,0,0,12,0,0,completed
23474,U3476,2025-04-08 15:14:00,2025-04-08 15:19:00,F,20~29,office,seoul,0,0,0,0,7,0,0,75,0,0,completed
23475,U3477,2025-02-03 15:07:00,2025-02-03 15:10:00,M,30~39,office,seoul,0,0,0,0,29,0,0,77,0,0,completed
23476,U3478,2025-10-17 18:52:00,2025-10-17 18:58:00,F,40~49,office,seoul,0,0,0,0,10,0,0,19,0,0,completed
23477,U3479,2025-07-31 13:21:00,2025-07-31 13:25:00,M,50+,office,seoul,0,0,0,0,20,0,0,21,0,0,completed
23478,U3480,2025-01-27 16:16:00,2025-01-27 16:21:00,M,30~39,office,seoul,0,0,0,0,3,0,0,75,0,0,completed
23479,U3481,2025-07-14 15:26:00,2025-07-14 15:29:00,F,30~39,office,seoul,0,0,0,0,8,0,0,40,0,0,completed
23480,U3482,2025-06-17 07:50:00,2025-06-17 07:56:00,F,40~49,office,seoul,0,0,0,0,19,0,0,48,0,0,completed
23481,U3483,2025-01-04 15:52:00,2025-01-04 15:57:00,F,30~39,office,seoul,1,0,0,0,25,0,0,18,0,0,completed
23482,U3484,2025-03-21 15:53:00,2025-03-21 15:58:00,F,50+,office,seoul,0,0,0,0,0,0,0,44,0,1,completed
23483,U3485,2025-10-07 09:44:00,2025-10-07 09:48:00,F,20~29,office,seoul,0,0,0,0,24,0,0,18,0,0,completed
23484,U3486,2025-05-05 11:25:00,2025-05-05 11:28:00,F,40~49,office,seoul,0,0,0,0,27,0,0,59,0,0,abandoned
23485,U3487,2025-11-26 16:02:00,2025-11-26 16:08:00,F,50+,office,seoul,0,0,0,0,14,0,0,38,0,0,completed
23486,U3488,2025-05-27 17:34:00,2025-05-27 17:39:00,F,30~39,office,seoul,0,0,0,0,15,0,0,63,0,0,completed
23487,U3489,2025-10-17 14:21:00,2025-10-17 14:26:00,M,30~39,office,seoul,0,0,0,0,16,0,0,21,0,0,completed
23488,U3490,2025-11-21 15:40:00,2025-11-21 15:47:00,F,30~39,office,seoul,0,0,0,0,5,0,0,30,0,0,completed
23489,U3491,2025-03-16 19:43:00,2025-03-16 19:46:00,M,30~39,office,seoul,1,0,0,0,24,0,0,53,0,0,completed
23490,U3492,2025-05-21 09:22:00,2025-05-21 09:29:00,F,20~29,office,seoul,0,0,0,0,3,0,0,41,0,0,completed
23491,U3493,2025-08-28 13:55:00,2025-08-28 14:02:00,F,20~29,office,seoul,0,0,0,0,12,0,0,55,0,0,completed
23492,U3494,2025-06-19 20:11:00,2025-06-19 20:15:00,M,30~39,office,seoul,0,0,0,0,29,0,0,71,0,0,completed
23493,U3495,2025-04-09 08:58:00,2025-04-09 09:05:00,F,30~39,office,seoul,0,0,0,0,17,0,0,70,0,0,completed
23494,U3496,2025-10-24 20:38:00,2025-10-24 20:42:00,F,40~49,office,seoul,0,0,0,0,23,0,0,35,0,0,completed
23495,U3497,2025-05-24 15:17:00,2025-05-24 15:21:00,F,40~49,office,seoul,1,0,0,0,19,0,0,55,0,0,completed
23496,U3498,2025-09-09 12:45:00,2025-09-09 12:49:00,F,40~49,office,seoul,0,0,0,0,23,0,0,59,0,0,completed
23497,U3499,2025-02-08 14:11:00,2025-02-08 14:14:00,F,40~49,office,seoul,1,0,0,0,25,0,0,75,0,0,completed
23498,U3500,2025-11-29 09:37:00,2025-11-29 09:41:00,F,40~49,office,seoul,1,0,0,0,27,0,0,48,0,0,completed
23499,U3501,2025-01-20 08:38:00,2025-01-20 08:41:00,F,40~49,office,seoul,0,0,0,0,21,0,0,12,0,0,completed
23500,U3502,2025-03-14 19:30:00,2025-03-14 19:32:00,M,20~29,office,seoul,0,0,0,0,22,0,0,26,0,0,abandoned
23501,U3503,2025-06-25 09:13:00,2025-06-25 09:15:00,F,40~49,office,seoul,0,0,0,0,8,0,0,63,0,0,completed
23502,U3504,2025-02-25 16:13:00,2025-02-25 16:15:00,F,20~29,office,seoul,0,0,0,0,26,0,0,24,0,0,completed
23503,U3505,2025-08-20 08:49:00,2025-08-20 08:52:00,M,40~49,office,seoul,0,0,0,0,25,0,0,10,0,0,completed
23504,U3506,2025-03-10 11:13:00,2025-03-10 11:18:00,M,30~39,office,seoul,0,0,0,0,13,0,0,63,0,0,completed
23505,U3507,2025-08-14 15:09:00,2025-08-14 15:12:00,F,30~39,office,seoul,0,0,0,0,8,0,0,67,0,0,completed
23506,U3508,2025-08-02 09:12:00,2025-08-02 09:16:00,M,40~49,office,seoul,1,0,0,0,15,0,0,14,0,1,completed
23507,U3509,2025-02-27 12:30:00,2025-02-27 12:34:00,M,20~29,office,seoul,0,0,0,0,28,0,0,64,0,0,completed
23508,U3510,2025-12-27 14:17:00,2025-12-27 14:19:00,F,20~29,office,seoul,1,0,0,0,9,0,0,73,0,0,completed
23509,U3511,2025-05-04 22:22:00,2025-05-04 22:25:00,F,20~29,office,seoul,1,0,0,0,14,0,0,14,0,0,completed
23510,U3512,2025-02-17 14:14:00,2025-02-17 14:19:00,M,20~29,office,seoul,0,0,0,0,17,0,0,20,0,0,completed
23511,U3513,2025-08-17 13:39:00,2025-08-17 13:42:00,F,40~49,office,seoul,1,0,0,0,11,0,0,18,0,0,abandoned
23512,U3514,2025-01-02 18:23:00,2025-01-02 18:28:00,M,50+,office,seoul,0,0,0,0,7,0,0,39,0,0,completed
23513,U3515,2025-07-06 12:47:00,2025-07-06 12:52:00,F,40~49,office,seoul,1,0,0,0,3,0,0,21,0,0,completed
23514,U3516,2025-09-18 17:28:00,2025-09-18 17:34:00,M,20~29,office,seoul,0,0,0,0,15,0,0,46,0,0,completed
23515,U3517,2025-09-30 15:54:00,2025-09-30 15:57:00,M,40~49,office,seoul,0,0,0,0,22,0,0,19,0,0,abandoned
23516,U3518,2025-03-27 13:52:00,2025-03-27 13:55:00,F,20~29,office,seoul,0,0,0,0,18,0,0,49,0,0,completed
23517,U3519,2025-02-09 14:19:00,2025-02-09 14:26:00,F,30~39,office,seoul,1,0,0,0,6,0,0,79,0,0,abandoned
23518,U3520,2025-11-10 11:37:00,2025-11-10 11:43:00,M,50+,office,seoul,0,0,0,0,8,0,0,18,0,0,completed
23519,U3521,2025-05-08 12:11:00,2025-05-08 12:16:00,F,20~29,office,seoul,0,0,0,0,23,0,0,57,0,0,completed
23520,U3522,2025-02-25 08:36:00,2025-02-25 08:39:00,F,30~39,office,seoul,0,0,0,0,13,0,0,11,0,0,completed
23521,U3523,2025-08-04 14:10:00,2025-08-04 14:17:00,F,20~29,office,seoul,0,0,0,0,24,0,0,76,0,0,completed
23522,U3524,2025-01-11 11:16:00,2025-01-11 11:21:00,F,30~39,office,seoul,1,0,0,0,11,0,0,49,0,0,completed
23523,U3525,2025-03-07 22:53:00,2025-03-07 23:00:00,F,50+,office,seoul,0,0,0,0,12,0,0,66,0,0,completed
23524,U3526,2025-10-01 15:54:00,2025-10-01 15:58:00,M,20~29,office,seoul,0,0,0,0,6,0,0,37,0,0,completed
23525,U3527,2025-09-11 09:51:00,2025-09-11 09:57:00,F,40~49,office,seoul,0,0,0,0,2,0,0,32,1,0,abandoned
23526,U3528,2025-01-19 09:20:00,2025-01-19 09:26:00,M,40~49,office,seoul,1,0,0,0,10,0,0,67,0,0,completed
23527,U3529,2025-06-21 13:14:00,2025-06-21 13:21:00,F,20~29,office,seoul,1,0,0,0,1,0,0,40,0,0,completed
23528,U3530,2025-01-27 22:43:00,2025-01-27 22:45:00,F,20~29,office,seoul,0,0,0,0,29,0,0,77,0,0,completed
23529,U3531,2025-06-30 17:11:00,2025-06-30 17:15:00,M,30~39,office,seoul,0,0,0,0,7,0,0,73,0,0,completed
23530,U3532,2025-09-07 17:35:00,2025-09-07 17:38:00,M,30~39,office,seoul,1,0,0,0,28,0,0,30,0,0,completed
23531,U3533,2025-01-15 16:21:00,2025-01-15 16:23:00,F,20~29,office,seoul,0,0,0,0,28,0,0,35,0,0,completed
23532,U3534,2025-08-12 20:39:00,2025-08-12 20:44:00,F,50+,office,seoul,0,0,0,0,27,0,0,79,0,0,completed
23533,U3535,2025-03-18 19:52:00,2025-03-18 19:58:00,F,40~49,office,seoul,0,0,0,0,18,0,0,66,0,0,timeout
23534,U3536,2025-04-15 17:33:00,2025-04-15 17:39:00,M,20~29,office,seoul,0,0,0,0,13,0,0,37,0,0,abandoned
23535,U3537,2025-02-12 16:28:00,2025-02-12 16:33:00,F,20~29,office,seoul,0,0,0,0,16,0,0,28,0,0,error
23536,U3538,2025-06-08 11:24:00,2025-06-08 11:31:00,M,30~39,office,seoul,1,0,0,0,2,0,0,37,0,0,completed
23537,U3539,2025-08-17 19:18:00,2025-08-17 19:21:00,M,50+,office,seoul,1,0,0,0,20,0,0,50,0,0,abandoned
23538,U3540,2025-04-17 18:24:00,2025-04-17 18:31:00,F,40~49,office,seoul,0,0,0,0,12,0,0,51,0,0,abandoned
23539,U3541,2025-10-22 17:28:00,2025-10-22 17:31:00,M,40~49,office,seoul,0,0,0,0,10,0,0,20,0,1,completed
23540,U3542,2025-07-08 15:19:00,2025-07-08 15:25:00,F,30~39,office,seoul,0,0,0,0,5,0,0,23,0,0,error
23541,U3543,2025-12-19 07:28:00,2025-12-19 07:30:00,F,40~49,office,seoul,0,0,0,0,26,0,0,74,0,0,completed
23542,U3544,2025-03-04 07:13:00,2025-03-04 07:17:00,F,20~29,office,seoul,0,0,0,0,11,0,0,15,0,0,completed
23543,U3545,2025-07-23 16:35:00,2025-07-23 16:37:00,M,50+,office,seoul,0,0,0,0,13,0,0,57,0,0,completed
23544,U3546,2025-08-14 11:40:00,2025-08-14 11:44:00,F,50+,office,seoul,0,0,0,0,17,0,0,13,0,0,abandoned
23545,U3547,2025-01-18 16:44:00,2025-01-18 16:49:00,F,40~49,office,seoul,1,0,0,0,21,0,0,75,0,0,completed
23546,U3548,2025-02-12 12:08:00,2025-02-12 12:14:00,M,50+,office,seoul,0,0,0,0,10,0,0,73,0,0,error
23547,U3549,2025-12-12 13:52:00,2025-12-12 13:59:00,F,40~49,office,seoul,0,0,0,0,4,0,0,26,0,1,completed
23548,U3550,2025-01-19 22:00:00,2025-01-19 22:06:00,M,20~29,office,seoul,1,0,0,0,6,0,0,62,0,0,abandoned
23549,U3551,2025-12-04 12:24:00,2025-12-04 12:26:00,F,30~39,office,seoul,0,0,0,0,1,0,0,48,0,0,completed
23550,U3552,2025-02-26 08:28:00,2025-02-26 08:30:00,F,30~39,office,seoul,0,0,0,0,28,0,0,60,0,0,completed
23551,U3553,2025-12-10 14:04:00,2025-12-10 14:09:00,F,30~39,office,seoul,0,0,0,0,12,0,0,74,0,0,completed
23552,U3554,2025-08-16 11:06:00,2025-08-16 11:10:00,M,30~39,office,seoul,1,0,0,0,9,0,0,37,0,0,completed
23553,U3555,2025-01-25 20:20:00,2025-01-25 20:26:00,M,20~29,office,seoul,1,0,0,0,11,0,0,46,0,0,completed
23554,U3556,2025-03-31 14:21:00,2025-03-31 14:26:00,F,20~29,office,seoul,0,0,0,0,10,0,0,55,0,0,completed
23555,U3557,2025-09-18 15:58:00,2025-09-18 16:05:00,F,20~29,office,seoul,0,0,0,0,11,0,0,79,1,0,completed
23556,U3558,2025-09-13 13:46:00,2025-09-13 13:51:00,F,30~39,office,seoul,1,0,0,0,18,0,0,30,0,0,error
23557,U3559,2025-10-19 18:47:00,2025-10-19 18:52:00,M,40~49,office,seoul,1,0,0,0,6,0,0,25,0,0,completed
23558,U3560,2025-07-25 16:16:00,2025-07-25 16:21:00,F,30~39,office,seoul,0,0,0,0,11,0,0,38,0,0,completed
23559,U3561,2025-04-27 14:24:00,2025-04-27 14:27:00,M,50+,office,seoul,1,0,0,0,11,0,0,22,0,0,completed
23560,U3562,2025-02-03 18:59:00,2025-02-03 19:01:00,F,30~39,office,seoul,0,0,0,0,20,0,0,16,0,0,completed
23561,U3563,2025-10-26 16:09:00,2025-10-26 16:12:00,M,40~49,office,seoul,1,0,0,0,9,0,0,13,0,0,completed
23562,U3564,2025-01-29 16:03:00,2025-01-29 16:05:00,F,20~29,office,seoul,0,0,0,0,6,0,0,62,0,0,completed
23563,U3565,2025-01-14 22:43:00,2025-01-14 22:50:00,M,50+,office,seoul,0,0,0,0,11,0,0,78,0,0,completed
23564,U3566,2025-09-29 19:35:00,2025-09-29 19:41:00,F,20~29,office,seoul,0,0,0,0,12,0,0,76,0,0,completed
23565,U3567,2025-01-07 13:24:00,2025-01-07 13:28:00,F,20~29,office,seoul,0,0,0,0,23,0,0,61,0,0,completed
23566,U3568,2025-02-21 19:30:00,2025-02-21 19:37:00,M,30~39,office,seoul,0,0,0,0,24,0,0,48,0,0,completed
23567,U3569,2025-04-17 13:08:00,2025-04-17 13:14:00,F,20~29,office,seoul,0,0,0,0,18,0,0,67,0,0,completed
23568,U3570,2025-11-23 17:13:00,2025-11-23 17:20:00,F,40~49,office,seoul,1,0,0,0,16,0,0,43,0,0,completed
23569,U3571,2025-07-06 12:19:00,2025-07-06 12:24:00,F,50+,office,seoul,1,0,0,0,7,0,0,70,0,0,abandoned
23570,U3572,2025-01-30 18:36:00,2025-01-30 18:40:00,M,30~39,office,seoul,0,0,0,0,14,0,0,67,0,0,completed
23571,U3573,2025-08-13 13:31:00,2025-08-13 13:38:00,F,20~29,office,seoul,0,0,0,0,13,0,0,35,0,0,completed
23572,U3574,2025-05-10 13:16:00,2025-05-10 13:22:00,F,30~39,office,seoul,1,0,0,0,13,0,0,73,0,0,completed
23573,U3575,2025-04-16 15:55:00,2025-04-16 15:57:00,F,50+,office,seoul,0,0,0,0,27,0,0,65,0,0,completed
23574,U3576,2025-04-13 07:14:00,2025-04-13 07:20:00,F,50+,office,seoul,1,0,0,0,22,0,0,31,0,1,completed
23575,U3577,2025-03-18 15:40:00,2025-03-18 15:43:00,F,30~39,office,seoul,0,0,0,0,20,0,0,41,0,0,completed
23576,U3578,2025-01-10 12:18:00,2025-01-10 12:21:00,F,30~39,office,seoul,0,0,0,0,15,0,0,44,0,1,completed
23577,U3579,2025-06-11 08:06:00,2025-06-11 08:11:00,M,40~49,office,seoul,0,0,0,0,19,0,0,27,0,0,completed
23578,U3580,2025-10-02 20:34:00,2025-10-02 20:37:00,F,50+,office,seoul,0,0,0,0,8,0,0,45,0,0,abandoned
23579,U3581,2025-03-11 07:47:00,2025-03-11 07:50:00,F,30~39,office,seoul,0,0,0,0,12,0,0,47,1,0,completed
23580,U3582,2025-06-20 16:42:00,2025-06-20 16:46:00,F,30~39,office,seoul,0,0,0,0,7,0,0,73,0,0,completed
23581,U3583,2025-11-24 11:32:00,2025-11-24 11:34:00,M,40~49,office,seoul,0,0,0,0,8,0,0,78,0,0,completed
23582,U3584,2025-11-21 08:03:00,2025-11-21 08:10:00,M,40~49,office,seoul,0,0,0,0,0,0,0,43,0,0,completed
23583,U3585,2025-11-20 09:21:00,2025-11-20 09:23:00,F,20~29,office,seoul,0,0,0,0,5,0,0,42,0,0,completed
23584,U3586,2025-03-20 15:29:00,2025-03-20 15:34:00,M,40~49,office,seoul,0,0,0,0,14,0,0,35,0,0,error
23585,U3587,2025-02-17 08:32:00,2025-02-17 08:34:00,M,30~39,office,seoul,0,0,0,0,23,0,0,36,0,0,completed
23586,U3588,2025-04-30 15:29:00,2025-04-30 15:36:00,M,50+,office,seoul,0,0,0,0,8,0,0,10,0,0,completed
23587,U3589,2025-06-25 09:53:00,2025-06-25 10:00:00,F,20~29,office,seoul,0,0,0,0,24,0,0,58,0,0,completed
23588,U3590,2025-02-13 14:35:00,2025-02-13 14:39:00,F,50+,office,seoul,0,0,0,0,2,0,0,52,0,0,completed
23589,U3591,2025-10-12 11:26:00,2025-10-12 11:31:00,F,30~39,office,seoul,1,0,0,0,19,0,0,68,0,0,completed
23590,U3592,2025-08-24 11:52:00,2025-08-24 11:59:00,F,20~29,office,seoul,1,0,0,0,26,0,0,76,0,0,completed
23591,U3593,2025-03-30 14:25:00,2025-03-30 14:29:00,M,30~39,office,seoul,1,0,0,0,19,0,0,19,0,0,completed
23592,U3594,2025-04-03 13:58:00,2025-04-03 14:04:00,F,20~29,office,seoul,0,0,0,0,10,0,0,51,0,0,completed
23593,U3595,2025-08-31 08:48:00,2025-08-31 08:50:00,M,40~49,office,seoul,1,0,0,0,28,0,0,56,1,0,completed
23594,U3596,2025-06-07 12:02:00,2025-06-07 12:04:00,F,40~49,office,seoul,1,0,0,0,16,0,0,44,0,0,completed
23595,U3597,2025-06-02 17:21:00,2025-06-02 17:28:00,F,30~39,office,seoul,0,0,0,0,14,0,0,51,0,0,completed
23596,U3598,2025-07-12 16:32:00,2025-07-12 16:38:00,F,40~49,office,seoul,1,0,0,0,8,0,0,47,0,0,completed
23597,U3599,2025-11-03 17:37:00,2025-11-03 17:40:00,F,20~29,office,seoul,0,0,0,0,7,0,0,39,0,0,completed
23598,U3600,2025-09-19 17:07:00,2025-09-19 17:09:00,F,40~49,office,seoul,0,0,0,0,2,0,0,22,0,0,completed
23599,U3601,2025-12-24 14:05:00,2025-12-24 14:07:00,F,40~49,office,seoul,0,0,0,0,11,0,0,76,0,0,completed
23600,U3602,2025-03-05 14:50:00,2025-03-05 14:52:00,M,50+,office,seoul,0,0,0,0,1,0,0,73,0,0,completed
23601,U3603,2025-05-26 14:18:00,2025-05-26 14:25:00,F,50+,office,seoul,0,0,0,0,1,0,0,24,0,0,completed
23602,U3604,2025-11-01 13:45:00,2025-11-01 13:51:00,M,50+,office,seoul,1,0,0,0,29,0,0,63,0,0,completed
23603,U3605,2025-11-12 13:43:00,2025-11-12 13:45:00,M,40~49,office,seoul,0,0,0,0,28,0,0,18,0,0,completed
23604,U3606,2025-12-07 11:01:00,2025-12-07 11:06:00,F,20~29,office,seoul,1,0,0,0,24,0,0,38,0,0,completed
23605,U3607,2025-01-08 19:43:00,2025-01-08 19:48:00,F,40~49,office,seoul,0,0,0,0,10,0,0,44,0,0,completed
23606,U3608,2025-03-06 09:07:00,2025-03-06 09:09:00,F,40~49,office,seoul,0,0,0,0,3,0,0,68,0,0,completed
23607,U3609,2025-01-03 19:05:00,2025-01-03 19:07:00,M,30~39,office,seoul,0,0,0,0,12,0,0,40,0,0,abandoned
23608,U3610,2025-02-25 11:24:00,2025-02-25 11:27:00,F,20~29,office,seoul,0,0,0,0,21,0,0,59,0,0,completed
23609,U3611,2025-05-28 14:24:00,2025-05-28 14:28:00,M,50+,office,seoul,0,0,0,0,27,0,0,36,1,0,completed
23610,U3612,2025-09-29 08:46:00,2025-09-29 08:49:00,F,30~39,office,seoul,0,0,0,0,13,0,0,78,0,0,completed
23611,U3613,2025-02-07 16:18:00,2025-02-07 16:23:00,M,30~39,office,seoul,0,0,0,0,28,0,0,34,0,0,completed
23612,U3614,2025-09-02 15:33:00,2025-09-02 15:38:00,M,40~49,office,seoul,0,0,0,0,16,0,0,21,0,0,completed
23613,U3615,2025-05-07 08:10:00,2025-05-07 08:15:00,F,50+,office,seoul,0,0,0,0,24,0,0,24,0,0,completed
23614,U3616,2025-04-05 14:40:00,2025-04-05 14:43:00,F,20~29,office,seoul,1,0,0,0,4,0,0,22,0,0,completed
23615,U3617,2025-03-04 13:38:00,2025-03-04 13:41:00,M,40~49,office,seoul,0,0,0,0,0,0,0,72,0,0,completed
23616,U3618,2025-01-07 11:08:00,2025-01-07 11:11:00,F,20~29,office,seoul,0,0,0,0,5,0,0,15,0,0,completed
23617,U3619,2025-02-20 09:08:00,2025-02-20 09:14:00,F,50+,office,seoul,0,0,0,0,3,0,0,39,0,0,completed
23618,U3620,2025-12-26 21:20:00,2025-12-26 21:23:00,M,30~39,office,seoul,0,0,0,0,27,0,0,61,0,0,completed
23619,U3621,2025-02-13 17:55:00,2025-02-13 17:59:00,F,30~39,office,seoul,0,0,0,0,12,0,0,37,0,0,completed
23620,U3622,2025-12-19 17:11:00,2025-12-19 17:13:00,F,20~29,office,seoul,0,0,0,0,6,0,0,22,0,0,completed
23621,U3623,2025-10-01 09:23:00,2025-10-01 09:30:00,F,40~49,office,seoul,0,0,0,0,16,0,0,46,0,0,completed
23622,U3624,2025-10-24 18:05:00,2025-10-24 18:07:00,M,50+,office,seoul,0,0,0,0,26,0,0,27,1,0,completed
23623,U3625,2025-12-25 14:41:00,2025-12-25 14:48:00,M,20~29,office,seoul,0,0,0,0,11,0,0,70,0,0,completed
23624,U3626,2025-12-29 07:57:00,2025-12-29 08:02:00,F,20~29,office,seoul,0,0,0,0,15,0,0,14,0,0,completed
23625,U3627,2025-04-27 16:06:00,2025-04-27 16:09:00,M,50+,office,seoul,1,0,0,0,11,0,0,18,0,0,completed
23626,U3628,2025-06-08 09:54:00,2025-06-08 09:57:00,F,20~29,office,seoul,1,0,0,0,21,0,0,30,0,0,abandoned
23627,U3629,2025-02-23 14:43:00,2025-02-23 14:50:00,F,40~49,office,seoul,1,0,0,0,8,0,0,26,0,0,abandoned
23628,U3630,2025-04-09 18:52:00,2025-04-09 18:58:00,F,30~39,office,seoul,0,0,0,0,17,0,0,58,0,0,completed
23629,U3631,2025-05-19 08:46:00,2025-05-19 08:51:00,F,20~29,office,seoul,0,0,0,0,20,0,0,51,0,0,completed
23630,U3632,2025-09-21 19:09:00,2025-09-21 19:14:00,F,20~29,office,seoul,1,0,0,0,17,0,0,52,0,0,completed
23631,U3633,2025-01-16 11:28:00,2025-01-16 11:33:00,M,20~29,office,seoul,0,0,0,0,21,0,0,74,0,0,completed
23632,U3634,2025-07-05 08:25:00,2025-07-05 08:30:00,F,20~29,office,seoul,1,0,0,0,9,0,0,67,0,0,completed
23633,U3635,2025-03-13 14:20:00,2025-03-13 14:27:00,M,20~29,office,seoul,0,0,0,0,29,0,0,12,0,0,completed
23634,U3636,2025-05-17 09:07:00,2025-05-17 09:13:00,F,20~29,office,seoul,1,0,0,0,12,0,0,29,0,0,completed
23635,U3637,2025-02-13 11:49:00,2025-02-13 11:52:00,F,20~29,office,seoul,0,0,0,0,11,0,0,69,0,0,completed
23636,U3638,2025-09-01 17:26:00,2025-09-01 17:29:00,F,20~29,office,seoul,0,0,0,0,21,0,0,17,0,0,completed
23637,U3639,2025-02-24 13:59:00,2025-02-24 14:02:00,F,30~39,office,seoul,0,0,0,0,3,0,0,62,0,0,completed
23638,U3640,2025-12-31 15:19:00,2025-12-31 15:25:00,M,30~39,office,seoul,0,0,0,0,16,0,0,44,0,0,completed
23639,U3641,2025-04-11 07:09:00,2025-04-11 07:11:00,M,20~29,office,seoul,0,0,0,0,20,0,0,38,0,0,completed
23640,U3642,2025-08-06 17:30:00,2025-08-06 17:33:00,M,40~49,office,seoul,0,0,0,0,23,0,0,23,0,0,completed
23641,U3643,2025-10-26 17:51:00,2025-10-26 17:57:00,M,30~39,office,seoul,1,0,0,0,0,0,0,32,0,0,completed
23642,U3644,2025-11-08 15:17:00,2025-11-08 15:21:00,M,50+,office,seoul,1,0,0,0,13,0,0,47,0,0,completed
23643,U3645,2025-02-16 19:34:00,2025-02-16 19:40:00,M,20~29,office,seoul,1,0,0,0,29,0,0,67,0,0,completed
23644,U3646,2025-08-30 15:35:00,2025-08-30 15:42:00,F,20~29,office,seoul,1,0,0,0,8,0,0,64,0,0,completed
23645,U3647,2025-01-01 16:50:00,2025-01-01 16:56:00,F,40~49,office,seoul,0,0,0,0,5,0,0,11,0,0,completed
23646,U3648,2025-01-05 17:43:00,2025-01-05 17:48:00,M,30~39,office,seoul,1,0,0,0,4,0,0,27,0,0,error
23647,U3649,2025-04-17 18:11:00,2025-04-17 18:18:00,F,20~29,office,seoul,0,0,0,0,24,0,0,39,0,0,completed
23648,U3650,2025-06-07 08:29:00,2025-06-07 08:31:00,F,30~39,office,seoul,1,0,0,0,5,0,0,64,0,0,completed
23649,U3651,2025-03-07 14:38:00,2025-03-07 14:41:00,M,50+,office,seoul,0,0,0,0,13,0,0,14,0,0,completed
23650,U3652,2025-10-06 07:01:00,2025-10-06 07:06:00,F,20~29,office,seoul,0,0,0,0,12,0,0,69,0,0,completed
23651,U3653,2025-11-15 16:22:00,2025-11-15 16:26:00,M,30~39,office,seoul,1,0,0,0,21,0,0,18,0,0,timeout
23652,U3654,2025-08-14 19:22:00,2025-08-14 19:28:00,M,30~39,office,seoul,0,0,0,0,15,0,0,46,0,0,completed
23653,U3655,2025-09-25 09:27:00,2025-09-25 09:31:00,M,40~49,office,seoul,0,0,0,0,12,0,0,28,0,0,completed
23654,U3656,2025-07-31 15:46:00,2025-07-31 15:50:00,M,20~29,office,seoul,0,0,0,0,26,0,0,12,0,0,completed
23655,U3657,2025-08-28 14:42:00,2025-08-28 14:46:00,F,50+,office,seoul,0,0,0,0,1,0,0,30,0,0,completed
23656,U3658,2025-06-08 12:52:00,2025-06-08 12:58:00,F,20~29,office,seoul,1,0,0,0,24,0,0,47,0,0,abandoned
23657,U3659,2025-01-11 15:08:00,2025-01-11 15:15:00,F,40~49,office,seoul,1,0,0,0,4,0,0,51,0,0,completed
23658,U3660,2025-03-24 19:51:00,2025-03-24 19:54:00,M,30~39,office,seoul,0,0,0,0,14,0,0,56,0,0,completed
23659,U3661,2025-06-28 17:21:00,2025-06-28 17:26:00,M,50+,office,seoul,1,0,0,0,18,0,0,15,0,1,completed
23660,U3662,2025-11-26 09:05:00,2025-11-26 09:08:00,F,30~39,office,seoul,0,0,0,0,4,0,0,45,0,0,abandoned
23661,U3663,2025-07-04 17:41:00,2025-07-04 17:44:00,M,40~49,office,seoul,0,0,0,0,11,0,0,65,0,0,completed
23662,U3664,2025-01-27 13:38:00,2025-01-27 13:41:00,M,30~39,office,seoul,0,0,0,0,18,0,0,52,0,0,completed
23663,U3665,2025-12-26 18:18:00,2025-12-26 18:21:00,F,20~29,office,seoul,0,0,0,0,9,0,0,68,0,0,completed
23664,U3666,2025-02-10 16:45:00,2025-02-10 16:47:00,F,20~29,office,seoul,0,0,0,0,15,0,0,78,0,0,completed
23665,U3667,2025-05-17 16:28:00,2025-05-17 16:31:00,F,50+,office,seoul,1,0,0,0,24,0,0,53,0,0,completed
23666,U3668,2025-04-09 08:15:00,2025-04-09 08:20:00,M,20~29,office,seoul,0,0,0,0,16,0,0,66,0,0,abandoned
23667,U3669,2025-11-13 09:46:00,2025-11-13 09:51:00,F,40~49,office,seoul,0,0,0,0,22,0,0,73,0,0,completed
23668,U3670,2025-02-15 13:23:00,2025-02-15 13:29:00,F,30~39,office,seoul,1,0,0,0,18,0,0,74,0,0,completed
23669,U3671,2025-07-28 16:30:00,2025-07-28 16:32:00,M,20~29,office,seoul,0,0,0,0,28,0,0,54,0,0,completed
23670,U3672,2025-05-11 12:56:00,2025-05-11 12:58:00,F,20~29,office,seoul,1,0,0,0,3,0,0,69,0,0,completed
23671,U3673,2025-10-11 09:35:00,2025-10-11 09:42:00,F,30~39,office,seoul,1,0,0,0,18,0,0,11,0,0,completed
23672,U3674,2025-02-17 13:28:00,2025-02-17 13:35:00,M,20~29,office,seoul,0,0,0,0,5,0,0,79,0,0,completed
23673,U3675,2025-08-06 07:45:00,2025-08-06 07:48:00,M,20~29,office,seoul,0,0,0,0,4,0,0,53,0,0,completed
23674,U3676,2025-01-31 19:57:00,2025-01-31 20:03:00,F,40~49,office,seoul,0,0,0,0,26,0,0,56,0,0,completed
23675,U3677,2025-04-10 11:44:00,2025-04-10 11:51:00,F,20~29,office,seoul,0,0,0,0,0,0,0,29,0,0,completed
23676,U3678,2025-12-05 09:40:00,2025-12-05 09:44:00,M,30~39,office,seoul,0,0,0,0,16,0,0,29,0,0,completed
23677,U3679,2025-09-17 18:14:00,2025-09-17 18:20:00,F,30~39,office,seoul,0,0,0,0,2,0,0,65,0,0,completed
23678,U3680,2025-07-26 14:15:00,2025-07-26 14:19:00,F,30~39,office,seoul,1,0,0,0,5,0,0,22,0,0,completed
23679,U3681,2025-11-29 11:22:00,2025-11-29 11:25:00,F,20~29,office,seoul,1,0,0,0,6,0,0,68,0,0,completed
23680,U3682,2025-12-01 07:30:00,2025-12-01 07:36:00,M,30~39,office,seoul,0,0,0,0,21,0,0,40,0,0,completed
23681,U3683,2025-01-21 12:10:00,2025-01-21 12:14:00,F,20~29,office,seoul,0,0,0,0,13,0,0,62,0,0,completed
23682,U3684,2025-12-28 16:58:00,2025-12-28 17:00:00,F,40~49,office,seoul,1,0,0,0,7,0,0,66,0,0,completed
23683,U3685,2025-02-15 09:00:00,2025-02-15 09:06:00,M,50+,office,seoul,1,0,0,0,4,0,0,59,0,0,completed
23684,U3686,2025-12-29 08:48:00,2025-12-29 08:52:00,F,30~39,office,seoul,0,0,0,0,18,0,0,23,0,0,abandoned
23685,U3687,2025-11-11 20:20:00,2025-11-11 20:24:00,F,30~39,office,seoul,0,0,0,0,18,0,0,22,0,0,completed
23686,U3688,2025-01-16 14:10:00,2025-01-16 14:14:00,F,30~39,office,seoul,0,0,0,0,8,0,0,56,0,0,completed
23687,U3689,2025-01-28 19:31:00,2025-01-28 19:33:00,M,40~49,office,seoul,0,0,0,0,28,0,0,38,0,0,completed
23688,U3690,2025-12-03 17:20:00,2025-12-03 17:23:00,M,30~39,office,seoul,0,0,0,0,9,0,0,44,0,0,abandoned
23689,U3691,2025-04-27 17:47:00,2025-04-27 17:52:00,F,20~29,office,seoul,1,0,0,0,28,0,0,47,0,0,completed
23690,U3692,2025-02-23 16:08:00,2025-02-23 16:10:00,M,20~29,office,seoul,1,0,0,0,23,0,0,75,0,0,completed
23691,U3693,2025-07-25 09:59:00,2025-07-25 10:05:00,F,30~39,office,seoul,0,0,0,0,2,0,0,67,0,0,completed
23692,U3694,2025-07-15 16:46:00,2025-07-15 16:50:00,M,30~39,office,seoul,0,0,0,0,21,0,0,68,0,0,completed
23693,U3695,2025-06-18 17:34:00,2025-06-18 17:38:00,F,50+,office,seoul,0,0,0,0,16,0,0,16,1,0,completed
23694,U3696,2025-08-16 15:07:00,2025-08-16 15:09:00,M,30~39,office,seoul,1,0,0,0,25,0,0,36,0,0,completed
23695,U3697,2025-01-30 13:54:00,2025-01-30 14:00:00,F,20~29,office,seoul,0,0,0,0,6,0,0,26,0,0,completed
23696,U3698,2025-09-14 16:23:00,2025-09-14 16:29:00,M,30~39,office,seoul,1,0,0,0,0,0,0,62,0,0,completed
23697,U3699,2025-08-17 12:54:00,2025-08-17 12:57:00,F,20~29,office,seoul,1,0,0,0,3,0,0,45,0,0,completed
23698,U3700,2025-09-06 17:06:00,2025-09-06 17:10:00,M,50+,office,seoul,1,0,0,0,5,0,0,46,1,0,completed
23699,U3701,2025-10-20 14:09:00,2025-10-20 14:16:00,F,20~29,office,seoul,0,0,0,0,12,0,0,43,0,0,completed
23700,U3702,2025-01-13 15:28:00,2025-01-13 15:31:00,F,30~39,office,seoul,0,0,0,0,6,0,0,50,0,0,completed
23701,U3703,2025-10-09 12:56:00,2025-10-09 13:01:00,F,20~29,office,seoul,0,0,0,0,3,0,0,48,0,0,completed
23702,U3704,2025-06-23 21:13:00,2025-06-23 21:20:00,M,20~29,office,seoul,0,0,0,0,27,0,0,79,0,0,completed
23703,U3705,2025-02-26 16:06:00,2025-02-26 16:09:00,M,20~29,office,seoul,0,0,0,0,14,0,0,38,0,0,completed
23704,U3706,2025-04-13 15:06:00,2025-04-13 15:10:00,F,50+,office,seoul,1,0,0,0,29,0,0,69,1,0,completed
23705,U3707,2025-06-15 14:42:00,2025-06-15 14:47:00,M,20~29,office,seoul,1,0,0,0,17,0,0,14,0,0,completed
23706,U3708,2025-02-09 14:14:00,2025-02-09 14:19:00,F,50+,office,seoul,1,0,0,0,1,0,0,24,0,0,completed
23707,U3709,2025-01-24 14:23:00,2025-01-24 14:27:00,F,50+,office,seoul,0,0,0,0,8,0,0,64,0,0,completed
23708,U3710,2025-03-27 12:29:00,2025-03-27 12:36:00,M,20~29,office,seoul,0,0,0,0,18,0,0,37,0,0,completed
23709,U3711,2025-09-26 08:01:00,2025-09-26 08:04:00,M,20~29,office,seoul,0,0,0,0,14,0,0,12,0,0,completed
23710,U3712,2025-01-25 09:33:00,2025-01-25 09:35:00,F,50+,office,seoul,1,0,0,0,25,0,0,78,0,0,completed
23711,U3713,2025-05-17 07:49:00,2025-05-17 07:53:00,M,30~39,office,seoul,1,0,0,0,0,0,0,11,0,0,completed
23712,U3714,2025-03-15 16:31:00,2025-03-15 16:35:00,M,20~29,office,seoul,1,0,0,0,24,0,0,53,0,0,completed
23713,U3715,2025-02-03 15:25:00,2025-02-03 15:29:00,F,40~49,office,seoul,0,0,0,0,15,0,0,74,0,0,completed
23714,U3716,2025-11-11 15:00:00,2025-11-11 15:04:00,M,20~29,office,seoul,0,0,0,0,18,0,0,61,0,0,completed
23715,U3717,2025-12-14 13:59:00,2025-12-14 14:05:00,F,40~49,office,seoul,1,0,0,0,20,0,0,68,0,0,completed
23716,U3718,2025-08-10 12:20:00,2025-08-10 12:25:00,M,40~49,office,seoul,1,0,0,0,20,0,0,15,0,0,completed
23717,U3719,2025-11-24 16:18:00,2025-11-24 16:22:00,M,20~29,office,seoul,0,0,0,0,17,0,0,46,0,0,completed
23718,U3720,2025-10-22 14:37:00,2025-10-22 14:39:00,F,40~49,office,seoul,0,0,0,0,0,0,0,39,0,0,completed
23719,U3721,2025-02-27 16:47:00,2025-02-27 16:49:00,F,20~29,office,seoul,0,0,0,0,11,0,0,73,0,0,completed
23720,U3722,2025-02-09 15:00:00,2025-02-09 15:05:00,M,20~29,office,seoul,1,0,0,0,26,0,0,78,0,0,completed
23721,U3723,2025-05-21 08:01:00,2025-05-21 08:08:00,F,30~39,office,seoul,0,0,0,0,19,0,0,32,0,0,error
23722,U3724,2025-08-30 07:33:00,2025-08-30 07:40:00,F,40~49,office,seoul,1,0,0,0,28,0,0,79,0,0,completed
23723,U3725,2025-05-17 17:50:00,2025-05-17 17:55:00,F,20~29,office,seoul,1,0,0,0,16,0,0,35,0,0,completed
23724,U3726,2025-07-31 20:47:00,2025-07-31 20:49:00,F,20~29,office,seoul,0,0,0,0,26,0,0,40,1,0,completed
23725,U3727,2025-03-04 13:46:00,2025-03-04 13:53:00,F,30~39,office,seoul,0,0,0,0,7,0,0,70,0,0,completed
23726,U3728,2025-11-16 07:32:00,2025-11-16 07:35:00,F,20~29,office,seoul,1,0,0,0,15,0,0,31,0,0,completed
23727,U3729,2025-11-27 15:45:00,2025-11-27 15:50:00,F,40~49,office,seoul,0,0,0,0,0,0,0,71,0,0,completed
23728,U3730,2025-11-30 12:28:00,2025-11-30 12:35:00,F,50+,office,seoul,1,0,0,0,16,0,0,56,0,0,abandoned
23729,U3731,2025-06-14 11:56:00,2025-06-14 12:03:00,M,20~29,office,seoul,1,0,0,0,13,0,0,14,1,0,abandoned
23730,U3732,2025-02-04 11:34:00,2025-02-04 11:39:00,F,40~49,office,seoul,0,0,0,0,11,0,0,32,0,0,completed
23731,U3733,2025-06-29 09:25:00,2025-06-29 09:28:00,M,20~29,office,seoul,1,0,0,0,6,0,0,23,0,0,completed
23732,U3734,2025-11-06 15:24:00,2025-11-06 15:27:00,F,40~49,office,seoul,0,0,0,0,18,0,0,38,0,0,completed
23733,U3735,2025-06-01 11:03:00,2025-06-01 11:10:00,M,20~29,office,seoul,1,0,0,0,22,0,0,44,0,0,completed
23734,U3736,2025-08-20 13:27:00,2025-08-20 13:31:00,F,30~39,office,seoul,0,0,0,0,7,0,0,20,0,0,completed
23735,U3737,2025-11-07 16:48:00,2025-11-07 16:52:00,F,30~39,office,seoul,0,0,0,0,28,0,0,57,0,0,completed
23736,U3738,2025-10-02 19:12:00,2025-10-02 19:15:00,M,20~29,office,seoul,0,0,0,0,26,0,0,62,0,0,completed
23737,U3739,2025-09-07 07:51:00,2025-09-07 07:54:00,M,20~29,office,seoul,1,0,0,0,11,0,0,39,0,0,completed
23738,U3740,2025-10-22 14:31:00,2025-10-22 14:36:00,F,40~49,office,seoul,0,0,0,0,18,0,0,16,0,0,completed
23739,U3741,2025-04-10 09:13:00,2025-04-10 09:15:00,F,20~29,office,seoul,0,0,0,0,12,0,0,19,0,0,completed
23740,U3742,2025-03-19 14:10:00,2025-03-19 14:16:00,M,40~49,office,seoul,0,0,0,0,8,0,0,41,0,1,completed
23741,U3743,2025-02-03 14:43:00,2025-02-03 14:46:00,F,20~29,office,seoul,0,0,0,0,20,0,0,13,0,0,completed
23742,U3744,2025-05-06 17:59:00,2025-05-06 18:05:00,M,40~49,office,seoul,0,0,0,0,11,0,0,51,0,0,abandoned
23743,U3745,2025-09-15 14:08:00,2025-09-15 14:14:00,M,50+,office,seoul,0,0,0,0,22,0,0,59,0,1,completed
23744,U3746,2025-06-28 12:07:00,2025-06-28 12:11:00,M,30~39,office,seoul,1,0,0,0,19,0,0,72,0,0,completed
23745,U3747,2025-04-13 13:56:00,2025-04-13 14:01:00,F,40~49,office,seoul,1,0,0,0,0,0,0,61,0,0,abandoned
23746,U3748,2025-06-05 11:03:00,2025-06-05 11:06:00,F,20~29,office,seoul,0,0,0,0,19,0,0,39,0,0,completed
23747,U3749,2025-09-25 08:11:00,2025-09-25 08:18:00,F,40~49,office,seoul,0,0,0,0,2,0,0,24,0,0,completed
23748,U3750,2025-11-13 08:21:00,2025-11-13 08:25:00,F,20~29,office,seoul,0,0,0,0,16,0,0,35,0,0,completed
23749,U3751,2025-06-18 11:21:00,2025-06-18 11:27:00,M,40~49,office,seoul,0,0,0,0,25,0,0,46,0,0,completed
23750,U3752,2025-06-22 13:32:00,2025-06-22 13:34:00,M,20~29,office,seoul,1,0,0,0,26,0,0,47,0,0,error
23751,U3753,2025-09-16 15:35:00,2025-09-16 15:42:00,F,40~49,office,seoul,0,0,0,0,12,0,0,27,0,0,error
23752,U3754,2025-09-19 15:52:00,2025-09-19 15:58:00,M,30~39,office,seoul,0,0,0,0,12,0,0,53,0,0,completed
23753,U3755,2025-05-31 09:23:00,2025-05-31 09:29:00,F,30~39,office,seoul,1,0,0,0,27,0,0,46,0,0,completed
23754,U3756,2025-10-11 09:13:00,2025-10-11 09:15:00,F,20~29,office,seoul,1,0,0,0,7,0,0,76,0,0,abandoned
23755,U3757,2025-01-17 13:01:00,2025-01-17 13:07:00,F,50+,office,seoul,0,0,0,0,4,0,0,60,0,0,completed
23756,U3758,2025-08-20 22:33:00,2025-08-20 22:35:00,M,30~39,office,seoul,0,0,0,0,26,0,0,69,0,0,completed
23757,U3759,2025-03-26 12:27:00,2025-03-26 12:31:00,M,20~29,office,seoul,0,0,0,0,16,0,0,19,0,0,timeout
23758,U3760,2025-04-27 14:30:00,2025-04-27 14:36:00,M,50+,office,seoul,1,0,0,0,19,0,0,59,0,0,completed
23759,U3761,2025-06-12 09:35:00,2025-06-12 09:38:00,M,20~29,office,seoul,0,0,0,0,29,0,0,75,0,0,abandoned
23760,U3762,2025-02-13 07:00:00,2025-02-13 07:04:00,M,30~39,office,seoul,0,0,0,0,20,0,0,76,0,0,timeout
23761,U3763,2025-11-25 15:11:00,2025-11-25 15:17:00,F,30~39,office,seoul,0,0,0,0,7,0,0,55,0,0,completed
23762,U3764,2025-11-09 17:36:00,2025-11-09 17:41:00,M,50+,office,seoul,1,0,0,0,22,0,0,59,0,0,abandoned
23763,U3765,2025-03-23 11:50:00,2025-03-23 11:54:00,M,20~29,office,seoul,1,0,0,0,19,0,0,35,0,0,completed
23764,U3766,2025-07-15 16:24:00,2025-07-15 16:29:00,F,40~49,office,seoul,0,0,0,0,29,0,0,77,0,0,completed
23765,U3767,2025-12-14 12:31:00,2025-12-14 12:33:00,M,40~49,office,seoul,1,0,0,0,8,0,0,12,0,0,completed
23766,U3768,2025-12-18 09:49:00,2025-12-18 09:53:00,F,30~39,office,seoul,0,0,0,0,6,0,0,35,0,0,timeout
23767,U3769,2025-11-17 09:52:00,2025-11-17 09:58:00,M,40~49,office,seoul,0,0,0,0,26,0,0,20,0,0,error
23768,U3770,2025-03-05 14:10:00,2025-03-05 14:16:00,M,30~39,office,seoul,0,0,0,0,29,0,0,70,0,0,completed
23769,U3771,2025-03-10 14:54:00,2025-03-10 14:57:00,F,20~29,office,seoul,0,0,0,0,21,0,0,25,0,0,completed
23770,U3772,2025-04-24 12:58:00,2025-04-24 13:05:00,F,30~39,office,seoul,0,0,0,0,21,0,0,58,0,0,completed
23771,U3773,2025-02-04 09:37:00,2025-02-04 09:44:00,F,40~49,office,seoul,0,0,0,0,9,0,0,23,0,0,completed
23772,U3774,2025-03-15 11:41:00,2025-03-15 11:43:00,F,30~39,office,seoul,1,0,0,0,22,0,0,24,0,0,completed
23773,U3775,2025-08-21 16:35:00,2025-08-21 16:37:00,M,30~39,office,seoul,0,0,0,0,2,0,0,30,0,0,completed
23774,U3776,2025-07-28 19:06:00,2025-07-28 19:12:00,M,30~39,office,seoul,0,0,0,0,29,0,0,79,0,0,completed
23775,U3777,2025-06-30 13:20:00,2025-06-30 13:26:00,F,20~29,office,seoul,0,0,0,0,11,0,0,23,0,0,completed
23776,U3778,2025-05-19 15:23:00,2025-05-19 15:27:00,M,20~29,office,seoul,0,0,0,0,29,0,0,41,0,0,completed
23777,U3779,2025-10-17 18:44:00,2025-10-17 18:47:00,M,50+,office,seoul,0,0,0,0,20,0,0,74,0,0,error
23778,U3780,2025-11-13 09:39:00,2025-11-13 09:43:00,F,40~49,office,seoul,0,0,0,0,3,0,0,74,0,0,completed
23779,U3781,2025-03-28 09:51:00,2025-03-28 09:58:00,F,30~39,office,seoul,0,0,0,0,8,0,0,50,0,0,completed
23780,U3782,2025-04-29 14:46:00,2025-04-29 14:49:00,F,40~49,office,seoul,0,0,0,0,20,0,0,49,0,0,completed
23781,U3783,2025-04-24 17:18:00,2025-04-24 17:25:00,F,50+,office,seoul,0,0,0,0,3,0,0,23,0,0,completed
23782,U3784,2025-05-21 16:57:00,2025-05-21 17:03:00,M,30~39,office,seoul,0,0,0,0,12,0,0,31,0,0,completed
23783,U3785,2025-04-10 18:52:00,2025-04-10 18:56:00,F,20~29,office,seoul,0,0,0,0,21,0,0,67,0,0,completed
23784,U3786,2025-01-07 09:28:00,2025-01-07 09:34:00,F,20~29,office,seoul,0,0,0,0,0,0,0,74,0,0,completed
23785,U3787,2025-04-24 07:34:00,2025-04-24 07:38:00,M,20~29,office,seoul,0,0,0,0,15,0,0,28,0,0,completed
23786,U3788,2025-12-15 20:59:00,2025-12-15 21:01:00,F,30~39,office,seoul,0,0,0,0,23,0,0,11,0,0,abandoned
23787,U3789,2025-09-10 11:03:00,2025-09-10 11:06:00,F,40~49,office,seoul,0,0,0,0,22,0,0,79,0,0,completed
23788,U3790,2025-11-13 20:05:00,2025-11-13 20:10:00,M,20~29,office,seoul,0,0,0,0,25,0,0,66,0,0,completed
23789,U3791,2025-04-11 15:10:00,2025-04-11 15:13:00,F,20~29,office,seoul,0,0,0,0,23,0,0,10,0,0,completed
23790,U3792,2025-05-30 16:01:00,2025-05-30 16:06:00,F,40~49,office,seoul,0,0,0,0,23,0,0,51,0,0,abandoned
23791,U3793,2025-01-27 14:09:00,2025-01-27 14:13:00,F,50+,office,seoul,0,0,0,0,3,0,0,19,0,0,completed
23792,U3794,2025-10-01 09:20:00,2025-10-01 09:23:00,M,20~29,office,seoul,0,0,0,0,11,0,0,25,0,0,completed
23793,U3795,2025-10-13 12:56:00,2025-10-13 13:03:00,M,50+,office,seoul,0,0,0,0,7,0,0,48,0,0,completed
23794,U3796,2025-06-09 11:05:00,2025-06-09 11:07:00,F,20~29,office,seoul,0,0,0,0,8,0,0,32,0,0,completed
23795,U3797,2025-10-18 15:04:00,2025-10-18 15:10:00,M,20~29,office,seoul,1,0,0,0,7,0,0,33,0,0,completed
23796,U3798,2025-02-15 19:49:00,2025-02-15 19:54:00,M,20~29,office,seoul,1,0,0,0,2,0,0,48,0,0,completed
23797,U3799,2025-01-30 18:20:00,2025-01-30 18:24:00,M,20~29,office,seoul,0,0,0,0,1,0,0,68,0,0,abandoned
23798,U3800,2025-07-13 09:38:00,2025-07-13 09:40:00,F,40~49,office,seoul,1,0,0,0,27,0,0,46,0,0,completed
23799,U3801,2025-06-01 09:17:00,2025-06-01 09:21:00,M,20~29,office,seoul,1,0,0,0,9,0,0,48,0,0,completed
23800,U3802,2025-02-08 09:31:00,2025-02-08 09:37:00,F,50+,office,seoul,1,0,0,0,22,0,0,76,0,0,completed
23801,U3803,2025-12-17 19:57:00,2025-12-17 20:02:00,F,30~39,office,seoul,0,0,0,0,17,0,0,71,0,0,completed
23802,U3804,2025-05-03 21:29:00,2025-05-03 21:32:00,M,30~39,office,seoul,1,0,0,0,11,0,0,79,0,0,error
23803,U3805,2025-06-03 17:01:00,2025-06-03 17:04:00,F,30~39,office,seoul,0,0,0,0,18,0,0,54,0,0,abandoned
23804,U3806,2025-01-26 17:01:00,2025-01-26 17:03:00,F,20~29,office,seoul,1,0,0,0,15,0,0,46,0,0,completed
23805,U3807,2025-09-15 15:03:00,2025-09-15 15:08:00,M,30~39,office,seoul,0,0,0,0,6,0,0,56,0,0,completed
23806,U3808,2025-09-17 15:05:00,2025-09-17 15:12:00,M,30~39,office,seoul,0,0,0,0,25,0,0,50,0,0,completed
23807,U3809,2025-04-03 20:22:00,2025-04-03 20:26:00,M,30~39,office,seoul,0,0,0,0,25,0,0,76,0,0,completed
23808,U3810,2025-05-17 11:49:00,2025-05-17 11:56:00,F,20~29,office,seoul,1,0,0,0,16,0,0,44,0,0,completed
23809,U3811,2025-10-16 11:52:00,2025-10-16 11:54:00,F,40~49,office,seoul,0,0,0,0,20,0,0,11,0,0,completed
23810,U3812,2025-09-12 14:03:00,2025-09-12 14:05:00,M,30~39,office,seoul,0,0,0,0,21,0,0,66,0,0,abandoned
23811,U3813,2025-10-28 18:25:00,2025-10-28 18:27:00,M,40~49,office,seoul,0,0,0,0,24,0,0,52,0,0,completed
23812,U3814,2025-06-25 11:08:00,2025-06-25 11:11:00,F,20~29,office,seoul,0,0,0,0,29,0,0,61,0,0,completed
23813,U3815,2025-04-12 20:35:00,2025-04-12 20:39:00,F,50+,office,seoul,1,0,0,0,5,0,0,47,0,0,error
23814,U3816,2025-08-10 07:25:00,2025-08-10 07:32:00,F,50+,office,seoul,1,0,0,0,16,0,0,19,0,0,completed
23815,U3817,2025-08-05 08:34:00,2025-08-05 08:37:00,F,20~29,office,seoul,0,0,0,0,5,0,0,42,0,0,abandoned
23816,U3818,2025-07-26 17:45:00,2025-07-26 17:48:00,M,30~39,office,seoul,1,0,0,0,8,0,0,77,0,0,completed
23817,U3819,2025-08-15 16:41:00,2025-08-15 16:48:00,M,30~39,office,seoul,0,0,0,0,10,0,0,10,0,0,completed
23818,U3820,2025-08-31 15:22:00,2025-08-31 15:26:00,F,20~29,office,seoul,1,0,0,0,1,0,0,74,0,0,abandoned
23819,U3821,2025-06-22 12:23:00,2025-06-22 12:28:00,F,30~39,office,seoul,1,0,0,0,19,0,0,34,0,0,completed
23820,U3822,2025-06-06 13:24:00,2025-06-06 13:27:00,F,40~49,office,seoul,0,0,0,0,2,0,0,79,0,0,abandoned
23821,U3823,2025-02-16 12:43:00,2025-02-16 12:50:00,M,40~49,office,seoul,1,0,0,0,23,0,0,51,0,0,completed
23822,U3824,2025-12-08 07:50:00,2025-12-08 07:52:00,F,20~29,office,seoul,0,0,0,0,7,0,0,68,0,0,completed
23823,U3825,2025-08-17 16:30:00,2025-08-17 16:37:00,F,50+,office,seoul,1,0,0,0,2,0,0,62,0,0,completed
23824,U3826,2025-07-16 07:42:00,2025-07-16 07:48:00,F,20~29,office,seoul,0,0,0,0,19,0,0,58,0,0,completed
23825,U3827,2025-09-26 08:46:00,2025-09-26 08:51:00,M,50+,office,seoul,0,0,0,0,28,0,0,63,0,0,completed
23826,U3828,2025-03-22 19:00:00,2025-03-22 19:05:00,F,40~49,office,seoul,1,0,0,0,2,0,0,56,0,0,completed
23827,U3829,2025-06-26 08:04:00,2025-06-26 08:06:00,F,20~29,office,seoul,0,0,0,0,10,0,0,17,0,0,completed
23828,U3830,2025-10-22 12:16:00,2025-10-22 12:22:00,M,20~29,office,seoul,0,0,0,0,12,0,0,12,0,0,completed
23829,U3831,2025-08-29 14:46:00,2025-08-29 14:53:00,F,30~39,office,seoul,0,0,0,0,10,0,0,26,0,0,completed
23830,U3832,2025-07-12 08:59:00,2025-07-12 09:03:00,M,20~29,office,seoul,1,0,0,0,17,0,0,54,0,0,completed
23831,U3833,2025-06-02 09:33:00,2025-06-02 09:35:00,F,30~39,office,seoul,0,0,0,0,22,0,0,50,0,0,completed
23832,U3834,2025-08-20 09:26:00,2025-08-20 09:28:00,F,20~29,office,seoul,0,0,0,0,23,0,0,29,0,0,completed
23833,U3835,2025-12-05 12:14:00,2025-12-05 12:18:00,M,20~29,office,seoul,0,0,0,0,19,0,0,69,0,0,completed
23834,U3836,2025-05-22 12:44:00,2025-05-22 12:47:00,M,30~39,office,seoul,0,0,0,0,16,0,0,16,0,0,completed
23835,U3837,2025-06-14 20:41:00,2025-06-14 20:46:00,M,20~29,office,seoul,1,0,0,0,17,0,0,39,0,0,completed
23836,U3838,2025-09-12 20:18:00,2025-09-12 20:21:00,F,30~39,office,seoul,0,0,0,0,15,0,0,50,0,0,completed
23837,U3839,2025-07-26 17:27:00,2025-07-26 17:32:00,F,40~49,office,seoul,1,0,0,0,21,0,0,15,0,1,completed
23838,U3840,2025-08-29 07:17:00,2025-08-29 07:24:00,F,40~49,office,seoul,0,0,0,0,23,0,0,16,0,0,completed
23839,U3841,2025-07-28 15:52:00,2025-07-28 15:57:00,F,40~49,office,seoul,0,0,0,0,12,0,0,56,0,0,completed
23840,U3842,2025-07-26 09:22:00,2025-07-26 09:26:00,F,30~39,office,seoul,1,0,0,0,13,0,0,50,0,0,completed
23841,U3843,2025-01-01 17:01:00,2025-01-01 17:05:00,M,50+,office,seoul,0,0,0,0,21,0,0,33,0,1,completed
23842,U3844,2025-12-23 11:30:00,2025-12-23 11:32:00,F,30~39,office,seoul,0,0,0,0,24,0,0,69,0,0,completed
23843,U3845,2025-10-22 20:02:00,2025-10-22 20:08:00,F,40~49,office,seoul,0,0,0,0,14,0,0,72,0,0,completed
23844,U3846,2025-05-01 15:49:00,2025-05-01 15:54:00,M,30~39,office,seoul,0,0,0,0,11,0,0,49,0,0,completed
23845,U3847,2025-12-29 17:55:00,2025-12-29 17:57:00,F,30~39,office,seoul,0,0,0,0,26,0,0,27,0,0,completed
23846,U3848,2025-11-09 11:59:00,2025-11-09 12:01:00,F,40~49,office,seoul,1,0,0,0,17,0,0,61,0,0,completed
23847,U3849,2025-12-26 07:58:00,2025-12-26 08:02:00,F,20~29,office,seoul,0,0,0,0,14,0,0,68,0,0,completed
23848,U3850,2025-04-25 21:11:00,2025-04-25 21:16:00,M,20~29,office,seoul,0,0,0,0,28,0,0,24,0,0,completed
23849,U3851,2025-05-12 07:20:00,2025-05-12 07:27:00,F,30~39,office,seoul,0,0,0,0,8,0,0,63,0,1,completed
23850,U3852,2025-10-05 13:09:00,2025-10-05 13:12:00,M,20~29,office,seoul,1,0,0,0,2,0,0,65,0,0,completed
23851,U3853,2025-09-11 07:33:00,2025-09-11 07:38:00,M,20~29,office,seoul,0,0,0,0,23,0,0,41,0,0,completed
23852,U3854,2025-10-15 08:18:00,2025-10-15 08:23:00,M,40~49,office,seoul,0,0,0,0,25,0,0,19,0,0,abandoned
23853,U3855,2025-09-30 08:15:00,2025-09-30 08:20:00,M,20~29,office,seoul,0,0,0,0,10,0,0,57,0,0,completed
23854,U3856,2025-03-25 12:58:00,2025-03-25 13:04:00,M,30~39,office,seoul,0,0,0,0,14,0,0,22,0,0,completed
23855,U3857,2025-12-05 13:20:00,2025-12-05 13:27:00,M,40~49,office,seoul,0,0,0,0,21,0,0,36,1,0,completed
23856,U3858,2025-11-15 15:47:00,2025-11-15 15:49:00,M,30~39,office,seoul,1,0,0,0,24,0,0,33,0,0,completed
23857,U3859,2025-12-03 16:25:00,2025-12-03 16:29:00,F,20~29,office,seoul,0,0,0,0,16,0,0,72,0,0,completed
23858,U3860,2025-02-26 13:58:00,2025-02-26 14:03:00,M,30~39,office,seoul,0,0,0,0,0,0,0,52,0,0,completed
23859,U3861,2025-05-20 16:03:00,2025-05-20 16:09:00,F,50+,office,seoul,0,0,0,0,7,0,0,32,0,0,completed
23860,U3862,2025-08-05 14:43:00,2025-08-05 14:47:00,F,40~49,office,seoul,0,0,0,0,29,0,0,53,0,0,completed
23861,U3863,2025-10-14 11:48:00,2025-10-14 11:50:00,F,30~39,office,seoul,0,0,0,0,1,0,0,36,0,0,completed
23862,U3864,2025-04-28 14:11:00,2025-04-28 14:13:00,M,30~39,office,seoul,0,0,0,0,1,0,0,75,0,0,timeout
23863,U3865,2025-09-29 13:16:00,2025-09-29 13:23:00,F,50+,office,seoul,0,0,0,0,15,0,0,70,0,0,completed
23864,U3866,2025-07-08 09:37:00,2025-07-08 09:41:00,F,20~29,office,seoul,0,0,0,0,20,0,0,54,0,0,completed
23865,U3867,2025-10-23 12:22:00,2025-10-23 12:28:00,M,30~39,office,seoul,0,0,0,0,5,0,0,23,0,0,completed
23866,U3868,2025-01-16 11:44:00,2025-01-16 11:48:00,M,40~49,office,seoul,0,0,0,0,19,0,0,17,0,0,completed
23867,U3869,2025-11-08 08:01:00,2025-11-08 08:07:00,F,30~39,office,seoul,1,0,0,0,6,0,0,10,0,0,completed
23868,U3870,2025-08-04 13:08:00,2025-08-04 13:15:00,F,50+,office,seoul,0,0,0,0,11,0,0,73,0,0,error
23869,U3871,2025-07-03 15:47:00,2025-07-03 15:52:00,M,20~29,office,seoul,0,0,0,0,27,0,0,33,0,0,completed
23870,U3872,2025-08-28 09:12:00,2025-08-28 09:18:00,F,50+,office,seoul,0,0,0,0,6,0,0,24,0,0,completed
23871,U3873,2025-10-15 12:30:00,2025-10-15 12:35:00,M,50+,office,seoul,0,0,0,0,3,0,0,28,0,0,completed
23872,U3874,2025-12-27 13:07:00,2025-12-27 13:10:00,F,40~49,office,seoul,1,0,0,0,11,0,0,65,0,0,completed
23873,U3875,2025-11-06 20:46:00,2025-11-06 20:53:00,M,40~49,office,seoul,0,0,0,0,7,0,0,37,0,0,completed
23874,U3876,2025-10-19 21:26:00,2025-10-19 21:33:00,F,50+,office,seoul,1,0,0,0,11,0,0,43,0,0,completed
23875,U3877,2025-08-09 09:50:00,2025-08-09 09:57:00,F,50+,office,seoul,1,0,0,0,25,0,0,59,0,0,completed
23876,U3878,2025-05-27 07:29:00,2025-05-27 07:36:00,M,20~29,office,seoul,0,0,0,0,20,0,0,66,0,0,completed
23877,U3879,2025-10-26 17:57:00,2025-10-26 18:02:00,M,20~29,office,seoul,1,0,0,0,8,0,0,79,0,0,completed
23878,U3880,2025-10-06 21:51:00,2025-10-06 21:58:00,M,20~29,office,seoul,0,0,0,0,21,0,0,41,0,0,error
23879,U3881,2025-01-26 22:23:00,2025-01-26 22:27:00,M,30~39,office,seoul,1,0,0,0,12,0,0,55,0,0,completed
23880,U3882,2025-10-05 19:28:00,2025-10-05 19:33:00,F,20~29,office,seoul,1,0,0,0,22,0,0,76,0,0,abandoned
23881,U3883,2025-02-14 20:22:00,2025-02-14 20:27:00,F,30~39,office,seoul,0,0,0,0,8,0,0,36,0,0,completed
23882,U3884,2025-08-12 18:06:00,2025-08-12 18:13:00,F,30~39,office,seoul,0,0,0,0,23,0,0,62,0,0,completed
23883,U3885,2025-09-06 11:25:00,2025-09-06 11:27:00,F,40~49,office,seoul,1,0,0,0,17,0,0,25,0,0,completed
23884,U3886,2025-09-14 11:10:00,2025-09-14 11:14:00,F,30~39,office,seoul,1,0,0,0,18,0,0,47,0,0,completed
23885,U3887,2025-01-23 19:01:00,2025-01-23 19:04:00,F,30~39,office,seoul,0,0,0,0,8,0,0,64,0,0,completed
23886,U3888,2025-04-22 09:18:00,2025-04-22 09:20:00,F,30~39,office,seoul,0,0,0,0,23,0,0,35,0,0,completed
23887,U3889,2025-10-04 12:17:00,2025-10-04 12:19:00,M,20~29,office,seoul,1,0,0,0,28,0,0,78,0,0,completed
23888,U3890,2025-06-04 08:49:00,2025-06-04 08:53:00,M,40~49,office,seoul,0,0,0,0,16,0,0,24,0,1,completed
23889,U3891,2025-07-12 18:06:00,2025-07-12 18:12:00,M,40~49,office,seoul,1,0,0,0,11,0,0,61,0,0,completed
23890,U3892,2025-05-07 09:12:00,2025-05-07 09:15:00,F,20~29,office,seoul,0,0,0,0,21,0,0,13,0,0,completed
23891,U3893,2025-09-13 20:02:00,2025-09-13 20:05:00,M,20~29,office,seoul,1,0,0,0,2,0,0,44,0,0,completed
23892,U3894,2025-01-01 17:03:00,2025-01-01 17:09:00,M,20~29,office,seoul,0,0,0,0,16,0,0,43,0,0,completed
23893,U3895,2025-08-13 14:49:00,2025-08-13 14:54:00,F,40~49,office,seoul,0,0,0,0,10,0,0,30,0,0,completed
23894,U3896,2025-03-28 12:28:00,2025-03-28 12:31:00,F,40~49,office,seoul,0,0,0,0,11,0,0,43,0,0,completed
23895,U3897,2025-08-01 11:03:00,2025-08-01 11:07:00,F,40~49,office,seoul,0,0,0,0,0,0,0,16,0,0,completed
23896,U3898,2025-10-30 07:55:00,2025-10-30 07:57:00,F,50+,office,seoul,0,0,0,0,6,0,0,31,0,0,error
23897,U3899,2025-01-17 16:32:00,2025-01-17 16:34:00,F,30~39,office,seoul,0,0,0,0,18,0,0,36,0,0,completed
23898,U3900,2025-08-17 17:56:00,2025-08-17 18:02:00,F,40~49,office,seoul,1,0,0,0,4,0,0,43,0,1,completed
23899,U3901,2025-08-13 08:17:00,2025-08-13 08:21:00,F,30~39,office,seoul,0,0,0,0,28,0,0,75,0,0,completed
23900,U3902,2025-03-07 09:21:00,2025-03-07 09:23:00,F,20~29,office,seoul,0,0,0,0,27,0,0,64,0,0,completed
23901,U3903,2025-08-11 13:22:00,2025-08-11 13:27:00,F,40~49,office,seoul,0,0,0,0,6,0,0,43,0,0,completed
23902,U3904,2025-03-11 19:23:00,2025-03-11 19:29:00,M,20~29,office,seoul,0,0,0,0,5,0,0,43,0,0,completed
23903,U3905,2025-11-08 12:25:00,2025-11-08 12:27:00,M,40~49,office,seoul,1,0,0,0,13,0,0,13,0,0,completed
23904,U3906,2025-12-01 12:49:00,2025-12-01 12:51:00,F,30~39,office,seoul,0,0,0,0,6,0,0,50,0,0,completed
23905,U3907,2025-08-06 18:21:00,2025-08-06 18:26:00,M,20~29,office,seoul,0,0,0,0,26,0,0,24,0,0,completed
23906,U3908,2025-08-09 09:41:00,2025-08-09 09:44:00,F,40~49,office,seoul,1,0,0,0,9,0,0,60,0,0,completed
23907,U3909,2025-01-02 18:27:00,2025-01-02 18:33:00,F,40~49,office,seoul,0,0,0,0,23,0,0,23,0,0,completed
23908,U3910,2025-06-03 12:27:00,2025-06-03 12:29:00,F,30~39,office,seoul,0,0,0,0,14,0,0,50,0,0,completed
23909,U3911,2025-05-16 15:38:00,2025-05-16 15:45:00,M,30~39,office,seoul,0,0,0,0,24,0,0,35,0,0,completed
23910,U3912,2025-04-22 07:42:00,2025-04-22 07:46:00,F,30~39,office,seoul,0,0,0,0,5,0,0,30,0,0,completed
23911,U3913,2025-03-25 12:46:00,2025-03-25 12:51:00,F,30~39,office,seoul,0,0,0,0,17,0,0,49,0,0,completed
23912,U3914,2025-11-21 13:07:00,2025-11-21 13:12:00,M,30~39,office,seoul,0,0,0,0,10,0,0,56,0,0,completed
23913,U3915,2025-09-30 12:41:00,2025-09-30 12:48:00,F,30~39,office,seoul,0,0,0,0,6,0,0,55,0,0,completed
23914,U3916,2025-10-09 18:00:00,2025-10-09 18:04:00,F,20~29,office,seoul,0,0,0,0,13,0,0,50,0,0,completed
23915,U3917,2025-10-29 13:38:00,2025-10-29 13:41:00,F,30~39,office,seoul,0,0,0,0,26,0,0,13,0,0,completed
23916,U3918,2025-06-29 16:42:00,2025-06-29 16:45:00,F,40~49,office,seoul,1,0,0,0,4,0,0,77,0,0,completed
23917,U3919,2025-06-03 15:26:00,2025-06-03 15:31:00,F,20~29,office,seoul,0,0,0,0,5,0,0,37,0,0,completed
23918,U3920,2025-08-24 16:03:00,2025-08-24 16:05:00,F,20~29,office,seoul,1,0,0,0,19,0,0,56,0,0,completed
23919,U3921,2025-12-01 18:02:00,2025-12-01 18:05:00,F,20~29,office,seoul,0,0,0,0,8,0,0,20,0,0,completed
23920,U3922,2025-01-25 16:31:00,2025-01-25 16:33:00,M,40~49,office,seoul,1,0,0,0,15,0,0,49,0,0,completed
23921,U3923,2025-07-14 12:42:00,2025-07-14 12:47:00,F,20~29,office,seoul,0,0,0,0,6,0,0,49,0,0,completed
23922,U3924,2025-07-27 13:08:00,2025-07-27 13:11:00,F,40~49,office,seoul,1,0,0,0,9,0,0,14,0,0,completed
23923,U3925,2025-11-03 17:56:00,2025-11-03 18:01:00,M,50+,office,seoul,0,0,0,0,4,0,0,39,0,0,abandoned
23924,U3926,2025-01-25 12:19:00,2025-01-25 12:25:00,F,30~39,office,seoul,1,0,0,0,18,0,0,51,0,0,completed
23925,U3927,2025-07-16 09:21:00,2025-07-16 09:24:00,M,40~49,office,seoul,0,0,0,0,6,0,0,56,0,0,completed
23926,U3928,2025-04-04 11:44:00,2025-04-04 11:48:00,F,50+,office,seoul,0,0,0,0,24,0,0,61,0,0,completed
23927,U3929,2025-09-07 20:59:00,2025-09-07 21:05:00,M,30~39,office,seoul,1,0,0,0,0,0,0,56,0,0,completed
23928,U3930,2025-09-04 11:18:00,2025-09-04 11:20:00,M,40~49,office,seoul,0,0,0,0,3,0,0,36,0,0,timeout
23929,U3931,2025-06-29 12:25:00,2025-06-29 12:30:00,F,30~39,office,seoul,1,0,0,0,18,0,0,55,0,0,abandoned
23930,U3932,2025-10-31 15:04:00,2025-10-31 15:06:00,F,40~49,office,seoul,0,0,0,0,5,0,0,37,0,0,completed
23931,U3933,2025-07-06 07:46:00,2025-07-06 07:50:00,M,30~39,office,seoul,1,0,0,0,5,0,0,75,0,0,completed
23932,U3934,2025-01-19 17:47:00,2025-01-19 17:50:00,M,30~39,office,seoul,1,0,0,0,3,0,0,59,0,0,completed
23933,U3935,2025-05-09 09:12:00,2025-05-09 09:14:00,M,50+,office,seoul,0,0,0,0,18,0,0,34,0,0,completed
23934,U3936,2025-03-09 07:43:00,2025-03-09 07:50:00,F,50+,office,seoul,1,0,0,0,5,0,0,41,0,0,timeout
23935,U3937,2025-07-10 09:46:00,2025-07-10 09:52:00,F,40~49,office,seoul,0,0,0,0,8,0,0,62,0,0,completed
23936,U3938,2025-03-24 14:11:00,2025-03-24 14:17:00,F,20~29,office,seoul,0,0,0,0,12,0,0,17,0,0,completed
23937,U3939,2025-10-17 07:39:00,2025-10-17 07:41:00,M,30~39,office,seoul,0,0,0,0,2,0,0,27,0,0,completed
23938,U3940,2025-05-06 11:56:00,2025-05-06 12:01:00,F,20~29,office,seoul,0,0,0,0,5,0,0,63,0,0,completed
23939,U3941,2025-11-05 16:09:00,2025-11-05 16:15:00,M,30~39,office,seoul,0,0,0,0,12,0,0,44,0,0,completed
23940,U3942,2025-05-20 09:33:00,2025-05-20 09:37:00,F,50+,office,seoul,0,0,0,0,12,0,0,53,0,0,completed
23941,U3943,2025-08-24 14:23:00,2025-08-24 14:29:00,F,20~29,office,seoul,1,0,0,0,14,0,0,22,0,0,completed
23942,U3944,2025-04-27 11:05:00,2025-04-27 11:07:00,F,40~49,office,seoul,1,0,0,0,11,0,0,66,0,0,abandoned
23943,U3945,2025-11-04 09:43:00,2025-11-04 09:48:00,F,30~39,office,seoul,0,0,0,0,19,0,0,62,0,0,completed
23944,U3946,2025-01-04 18:38:00,2025-01-04 18:40:00,F,20~29,office,seoul,1,0,0,0,8,0,0,46,0,0,completed
23945,U3947,2025-01-04 09:23:00,2025-01-04 09:29:00,M,50+,office,seoul,1,0,0,0,12,0,0,57,0,0,abandoned
23946,U3948,2025-10-22 20:18:00,2025-10-22 20:25:00,F,40~49,office,seoul,0,0,0,0,29,0,0,64,0,0,completed
23947,U3949,2025-08-04 07:40:00,2025-08-04 07:43:00,M,20~29,office,seoul,0,0,0,0,9,0,0,47,0,0,completed
23948,U3950,2025-12-30 22:09:00,2025-12-30 22:13:00,M,50+,office,seoul,0,0,0,0,29,0,0,12,0,1,completed
23949,U3951,2025-02-25 13:12:00,2025-02-25 13:15:00,F,40~49,office,seoul,0,0,0,0,20,0,0,79,0,0,completed
23950,U3952,2025-10-22 11:29:00,2025-10-22 11:32:00,M,40~49,office,seoul,0,0,0,0,17,0,0,53,0,0,completed
23951,U3953,2025-11-23 09:41:00,2025-11-23 09:43:00,F,40~49,office,seoul,1,0,0,0,1,0,0,31,0,0,completed
23952,U3954,2025-09-19 09:32:00,2025-09-19 09:35:00,M,40~49,office,seoul,0,0,0,0,16,0,0,47,0,0,completed
23953,U3955,2025-10-22 16:30:00,2025-10-22 16:36:00,F,20~29,office,seoul,0,0,0,0,17,0,0,62,0,0,completed
23954,U3956,2025-08-10 11:37:00,2025-08-10 11:43:00,M,20~29,office,seoul,1,0,0,0,14,0,0,20,0,0,completed
23955,U3957,2025-12-06 11:30:00,2025-12-06 11:37:00,F,30~39,office,seoul,1,0,0,0,10,0,0,17,0,0,completed
23956,U3958,2025-10-26 13:24:00,2025-10-26 13:26:00,F,30~39,office,seoul,1,0,0,0,28,0,0,58,0,0,completed
23957,U3959,2025-11-17 08:25:00,2025-11-17 08:32:00,M,30~39,office,seoul,0,0,0,0,28,0,0,65,0,0,completed
23958,U3960,2025-10-29 14:05:00,2025-10-29 14:07:00,F,30~39,office,seoul,0,0,0,0,7,0,0,40,0,0,completed
23959,U3961,2025-04-16 11:13:00,2025-04-16 11:15:00,F,40~49,office,seoul,0,0,0,0,23,0,0,76,0,0,completed
23960,U3962,2025-02-25 13:20:00,2025-02-25 13:23:00,F,30~39,office,seoul,0,0,0,0,22,0,0,68,0,0,completed
23961,U3963,2025-07-09 19:12:00,2025-07-09 19:15:00,F,20~29,office,seoul,0,0,0,0,1,0,0,49,0,0,completed
23962,U3964,2025-03-09 18:49:00,2025-03-09 18:56:00,F,40~49,office,seoul,1,0,0,0,1,0,0,56,0,0,completed
23963,U3965,2025-01-28 18:38:00,2025-01-28 18:42:00,M,30~39,office,seoul,0,0,0,0,16,0,0,30,0,0,completed
23964,U3966,2025-07-24 20:16:00,2025-07-24 20:18:00,F,40~49,office,seoul,0,0,0,0,17,0,0,55,0,0,completed
23965,U3967,2025-09-17 16:55:00,2025-09-17 16:58:00,M,20~29,office,seoul,0,0,0,0,28,0,0,19,0,0,completed
23966,U3968,2025-04-04 13:18:00,2025-04-04 13:22:00,M,20~29,office,seoul,0,0,0,0,10,0,0,63,0,0,completed
23967,U3969,2025-09-12 09:20:00,2025-09-12 09:24:00,F,20~29,office,seoul,0,0,0,0,17,0,0,28,0,0,completed
23968,U3970,2025-11-16 18:31:00,2025-11-16 18:33:00,M,30~39,office,seoul,1,0,0,0,1,0,0,55,0,0,completed
23969,U3971,2025-09-12 16:09:00,2025-09-12 16:14:00,M,50+,office,seoul,0,0,0,0,24,0,0,75,0,0,completed
23970,U3972,2025-03-12 14:03:00,2025-03-12 14:09:00,M,50+,office,seoul,0,0,0,0,7,0,0,58,0,0,abandoned
23971,U3973,2025-04-21 17:20:00,2025-04-21 17:25:00,M,20~29,office,seoul,0,0,0,0,8,0,0,70,0,0,completed
23972,U3974,2025-02-11 15:20:00,2025-02-11 15:24:00,F,20~29,office,seoul,0,0,0,0,15,0,0,46,0,0,completed
23973,U3975,2025-08-28 16:29:00,2025-08-28 16:33:00,M,40~49,office,seoul,0,0,0,0,2,0,0,31,0,0,completed
23974,U3976,2025-03-16 18:00:00,2025-03-16 18:03:00,F,30~39,office,seoul,1,0,0,0,7,0,0,68,0,0,completed
23975,U3977,2025-12-10 14:52:00,2025-12-10 14:56:00,F,30~39,office,seoul,0,0,0,0,2,0,0,54,0,0,completed
23976,U3978,2025-04-07 20:52:00,2025-04-07 20:57:00,F,20~29,office,seoul,0,0,0,0,1,0,0,62,0,0,completed
23977,U3979,2025-07-05 17:11:00,2025-07-05 17:14:00,M,20~29,office,seoul,1,0,0,0,27,0,0,73,0,0,completed
23978,U3980,2025-07-19 14:03:00,2025-07-19 14:06:00,F,20~29,office,seoul,1,0,0,0,21,0,0,36,0,0,completed
23979,U3981,2025-02-03 08:04:00,2025-02-03 08:09:00,M,20~29,office,seoul,0,0,0,0,14,0,0,25,0,0,completed
23980,U3982,2025-12-17 15:14:00,2025-12-17 15:20:00,M,20~29,office,seoul,0,0,0,0,11,0,0,69,0,0,completed
23981,U3983,2025-02-17 16:16:00,2025-02-17 16:22:00,F,20~29,office,seoul,0,0,0,0,27,0,0,60,0,0,completed
23982,U3984,2025-09-03 17:47:00,2025-09-03 17:53:00,M,20~29,office,seoul,0,0,0,0,18,0,0,75,0,0,completed
23983,U3985,2025-08-29 15:40:00,2025-08-29 15:46:00,F,50+,office,seoul,0,0,0,0,1,0,0,16,1,0,completed
23984,U3986,2025-10-31 11:51:00,2025-10-31 11:54:00,F,30~39,office,seoul,0,0,0,0,10,0,0,14,0,0,completed
23985,U3987,2025-12-09 08:43:00,2025-12-09 08:50:00,M,30~39,office,seoul,0,0,0,0,26,0,0,43,0,0,completed
23986,U3988,2025-07-15 09:52:00,2025-07-15 09:59:00,M,30~39,office,seoul,0,0,0,0,29,0,0,19,0,0,completed
23987,U3989,2025-08-08 15:48:00,2025-08-08 15:53:00,F,30~39,office,seoul,0,0,0,0,7,0,0,73,0,0,completed
23988,U3990,2025-11-24 13:56:00,2025-11-24 14:00:00,F,20~29,office,seoul,0,0,0,0,12,0,0,70,0,0,completed
23989,U3991,2025-01-01 15:24:00,2025-01-01 15:30:00,M,30~39,office,seoul,0,0,0,0,8,0,0,56,0,0,completed
23990,U3992,2025-07-28 14:39:00,2025-07-28 14:44:00,F,30~39,office,seoul,0,0,0,0,5,0,0,47,0,0,abandoned
23991,U3993,2025-05-19 16:15:00,2025-05-19 16:22:00,F,30~39,office,seoul,0,0,0,0,5,0,0,27,0,0,completed
23992,U3994,2025-07-10 19:32:00,2025-07-10 19:39:00,M,50+,office,seoul,0,0,0,0,21,0,0,75,0,0,completed
23993,U3995,2025-12-07 07:02:00,2025-12-07 07:04:00,F,50+,office,seoul,1,0,0,0,15,0,0,14,0,0,completed
23994,U3996,2025-08-23 15:13:00,2025-08-23 15:16:00,M,20~29,office,seoul,1,0,0,0,18,0,0,51,0,0,completed
23995,U3997,2025-06-08 08:48:00,2025-06-08 08:52:00,F,20~29,office,seoul,1,0,0,0,12,0,0,37,0,0,completed
23996,U3998,2025-12-08 14:15:00,2025-12-08 14:17:00,F,20~29,office,seoul,0,0,0,0,3,0,0,35,0,0,completed
23997,U3999,2025-04-20 19:40:00,2025-04-20 19:42:00,F,40~49,office,seoul,1,0,0,0,13,0,0,61,0,0,completed
23998,U4000,2025-10-23 15:01:00,2025-10-23 15:04:00,F,40~49,office,seoul,0,0,0,0,25,0,0,17,0,0,completed
23999,U4001,2025-11-29 17:37:00,2025-11-29 17:39:00,F,20~29,office,seoul,1,0,0,0,24,0,0,72,0,0,completed
24000,U4002,2025-04-06 08:35:00,2025-04-06 08:41:00,F,40~49,office,seoul,1,0,0,0,26,0,0,55,0,0,completed
24001,U4003,2025-07-25 15:48:00,2025-07-25 15:52:00,F,20~29,office,seoul,0,0,0,0,5,0,0,25,0,0,completed
24002,U4004,2025-06-03 13:07:00,2025-06-03 13:11:00,F,30~39,office,seoul,0,0,0,0,12,0,0,68,0,0,completed
24003,U4005,2025-05-21 16:19:00,2025-05-21 16:24:00,F,20~29,office,seoul,0,0,0,0,22,0,0,39,0,0,completed
24004,U4006,2025-08-31 12:29:00,2025-08-31 12:34:00,M,20~29,office,seoul,1,0,0,0,15,0,0,54,0,0,completed
24005,U4007,2025-11-26 19:01:00,2025-11-26 19:04:00,F,30~39,office,seoul,0,0,0,0,28,0,0,59,0,0,completed
24006,U4008,2025-06-01 16:38:00,2025-06-01 16:45:00,M,20~29,office,seoul,1,0,0,0,26,0,0,30,0,0,completed
24007,U4009,2025-03-31 13:21:00,2025-03-31 13:28:00,F,40~49,office,seoul,0,0,0,0,8,0,0,34,0,0,completed
24008,U4010,2025-07-07 21:56:00,2025-07-07 21:59:00,M,40~49,office,seoul,0,0,0,0,6,0,0,64,0,0,abandoned
24009,U4011,2025-09-16 09:55:00,2025-09-16 09:59:00,F,40~49,office,seoul,0,0,0,0,17,0,0,39,0,0,completed
24010,U4012,2025-11-24 18:20:00,2025-11-24 18:27:00,M,40~49,office,seoul,0,0,0,0,25,0,0,74,0,0,completed
24011,U4013,2025-12-01 08:40:00,2025-12-01 08:42:00,M,30~39,office,seoul,0,0,0,0,28,0,0,25,0,0,completed
24012,U4014,2025-09-04 17:08:00,2025-09-04 17:10:00,F,30~39,office,seoul,0,0,0,0,0,0,0,23,0,0,completed
24013,U4015,2025-09-01 18:32:00,2025-09-01 18:34:00,M,20~29,office,seoul,0,0,0,0,6,0,0,17,0,0,completed
24014,U4016,2025-04-23 15:54:00,2025-04-23 15:59:00,M,20~29,office,seoul,0,0,0,0,1,0,0,67,0,0,error
24015,U4017,2025-02-04 14:09:00,2025-02-04 14:15:00,F,20~29,office,seoul,0,0,0,0,5,0,0,74,0,0,completed
24016,U4018,2025-11-01 14:02:00,2025-11-01 14:07:00,M,30~39,office,seoul,1,0,0,0,10,0,0,71,0,0,completed
24017,U4019,2025-01-11 15:32:00,2025-01-11 15:39:00,F,20~29,office,seoul,1,0,0,0,5,0,0,13,0,0,completed
24018,U4020,2025-06-07 16:25:00,2025-06-07 16:28:00,M,20~29,office,seoul,1,0,0,0,15,0,0,71,0,0,completed
24019,U4021,2025-06-23 20:36:00,2025-06-23 20:43:00,F,20~29,office,seoul,0,0,0,0,26,0,0,13,0,0,completed
24020,U4022,2025-03-30 07:13:00,2025-03-30 07:18:00,F,20~29,office,seoul,1,0,0,0,11,0,0,74,1,0,completed
24021,U4023,2025-11-22 09:48:00,2025-11-22 09:52:00,M,50+,office,seoul,1,0,0,0,15,0,0,71,1,0,completed
24022,U4024,2025-12-27 11:18:00,2025-12-27 11:20:00,F,20~29,office,seoul,1,0,0,0,0,0,0,37,0,0,completed
24023,U4025,2025-10-24 13:53:00,2025-10-24 13:55:00,F,50+,office,seoul,0,0,0,0,13,0,0,45,0,0,completed
24024,U4026,2025-02-14 14:33:00,2025-02-14 14:35:00,M,30~39,office,seoul,0,0,0,0,15,0,0,53,0,0,completed
24025,U4027,2025-06-10 08:06:00,2025-06-10 08:13:00,M,40~49,office,seoul,0,0,0,0,9,0,0,52,0,0,completed
24026,U4028,2025-09-05 18:56:00,2025-09-05 19:00:00,M,20~29,office,seoul,0,0,0,0,7,0,0,72,0,0,completed
24027,U4029,2025-02-09 08:08:00,2025-02-09 08:11:00,F,30~39,office,seoul,1,0,0,0,15,0,0,55,0,0,timeout
24028,U4030,2025-05-23 12:53:00,2025-05-23 12:57:00,F,50+,office,seoul,0,0,0,0,0,0,0,15,0,0,timeout
24029,U4031,2025-04-28 15:57:00,2025-04-28 16:03:00,M,30~39,office,seoul,0,0,0,0,13,0,0,72,0,0,completed
24030,U4032,2025-11-09 09:42:00,2025-11-09 09:48:00,F,30~39,office,seoul,1,0,0,0,26,0,0,55,0,0,completed
24031,U4033,2025-10-30 20:02:00,2025-10-30 20:09:00,F,20~29,office,seoul,0,0,0,0,19,0,0,16,0,0,completed
24032,U4034,2025-08-28 18:25:00,2025-08-28 18:27:00,F,30~39,office,seoul,0,0,0,0,0,0,0,51,0,0,completed
24033,U4035,2025-09-05 09:08:00,2025-09-05 09:12:00,F,50+,office,seoul,0,0,0,0,16,0,0,10,0,0,completed
24034,U4036,2025-10-22 12:02:00,2025-10-22 12:07:00,M,50+,office,seoul,0,0,0,0,29,0,0,61,0,0,completed
24035,U4037,2025-09-19 17:30:00,2025-09-19 17:35:00,M,20~29,office,seoul,0,0,0,0,11,0,0,61,0,0,completed
24036,U4038,2025-11-29 12:51:00,2025-11-29 12:53:00,F,30~39,office,seoul,1,0,0,0,19,0,0,31,0,0,completed
24037,U4039,2025-01-02 07:09:00,2025-01-02 07:13:00,F,30~39,office,seoul,0,0,0,0,19,0,0,66,0,0,completed
24038,U4040,2025-09-26 20:39:00,2025-09-26 20:41:00,F,50+,office,seoul,0,0,0,0,9,0,0,17,0,0,completed
24039,U4041,2025-04-29 09:23:00,2025-04-29 09:28:00,M,40~49,office,seoul,0,0,0,0,27,0,0,47,0,0,completed
24040,U4042,2025-01-09 13:54:00,2025-01-09 13:59:00,M,30~39,office,seoul,0,0,0,0,12,0,0,26,0,0,completed
24041,U4043,2025-10-17 14:36:00,2025-10-17 14:38:00,F,40~49,office,seoul,0,0,0,0,3,0,0,21,0,0,completed
24042,U4044,2025-06-09 21:04:00,2025-06-09 21:10:00,M,30~39,office,seoul,0,0,0,0,3,0,0,34,0,0,completed
24043,U4045,2025-01-30 08:02:00,2025-01-30 08:05:00,M,20~29,office,seoul,0,0,0,0,15,0,0,47,0,0,completed
24044,U4046,2025-12-24 16:54:00,2025-12-24 17:01:00,M,50+,office,seoul,0,0,0,0,28,0,0,18,0,0,completed
24045,U4047,2025-06-04 07:41:00,2025-06-04 07:45:00,M,20~29,office,seoul,0,0,0,0,0,0,0,28,0,0,completed
24046,U4048,2025-09-05 19:08:00,2025-09-05 19:11:00,F,30~39,office,seoul,0,0,0,0,4,0,0,71,0,0,completed
24047,U4049,2025-04-04 09:22:00,2025-04-04 09:25:00,F,30~39,office,seoul,0,0,0,0,15,0,0,45,0,0,completed
24048,U4050,2025-03-03 09:29:00,2025-03-03 09:35:00,F,30~39,office,seoul,0,0,0,0,7,0,0,77,0,0,completed
24049,U4051,2025-01-23 11:08:00,2025-01-23 11:13:00,F,30~39,office,seoul,0,0,0,0,29,0,0,66,0,0,completed
24050,U4052,2025-10-26 12:22:00,2025-10-26 12:25:00,M,40~49,office,seoul,1,0,0,0,19,0,0,77,0,0,completed
24051,U4053,2025-06-25 20:35:00,2025-06-25 20:38:00,F,20~29,office,seoul,0,0,0,0,22,0,0,19,0,0,completed
24052,U4054,2025-03-14 13:19:00,2025-03-14 13:25:00,F,30~39,office,seoul,0,0,0,0,27,0,0,27,0,0,completed
24053,U4055,2025-12-09 09:54:00,2025-12-09 09:57:00,M,40~49,office,seoul,0,0,0,0,1,0,0,40,0,0,completed
24054,U4056,2025-02-24 15:08:00,2025-02-24 15:11:00,M,20~29,office,seoul,0,0,0,0,17,0,0,40,0,0,completed
24055,U4057,2025-11-30 14:14:00,2025-11-30 14:21:00,M,20~29,office,seoul,1,0,0,0,5,0,0,17,0,0,completed
24056,U4058,2025-10-04 13:56:00,2025-10-04 14:03:00,F,20~29,office,seoul,1,0,0,0,18,0,0,26,0,0,completed
24057,U4059,2025-06-05 12:09:00,2025-06-05 12:12:00,F,30~39,office,seoul,0,0,0,0,22,0,0,60,0,0,completed
24058,U4060,2025-12-31 22:36:00,2025-12-31 22:41:00,F,30~39,office,seoul,0,0,0,0,12,0,0,47,0,0,completed
24059,U4061,2025-04-26 18:50:00,2025-04-26 18:57:00,M,20~29,office,seoul,1,0,0,0,17,0,0,66,0,0,completed
24060,U4062,2025-05-14 20:03:00,2025-05-14 20:07:00,F,30~39,office,seoul,0,0,0,0,8,0,0,35,0,0,completed
24061,U4063,2025-08-18 16:16:00,2025-08-18 16:22:00,F,50+,office,seoul,0,0,0,0,3,0,0,20,1,0,completed
24062,U4064,2025-11-29 20:59:00,2025-11-29 21:01:00,F,40~49,office,seoul,1,0,0,0,19,0,0,68,0,0,completed
24063,U4065,2025-08-01 09:55:00,2025-08-01 10:02:00,F,30~39,office,seoul,0,0,0,0,1,0,0,21,0,0,completed
24064,U4066,2025-06-15 13:30:00,2025-06-15 13:33:00,M,40~49,office,seoul,1,0,0,0,5,0,0,56,0,0,completed
24065,U4067,2025-09-08 15:37:00,2025-09-08 15:40:00,M,20~29,office,seoul,0,0,0,0,25,0,0,66,0,0,timeout
24066,U4068,2025-03-20 12:27:00,2025-03-20 12:31:00,F,30~39,office,seoul,0,0,0,0,25,0,0,52,0,1,completed
24067,U4069,2025-10-22 19:33:00,2025-10-22 19:38:00,F,30~39,office,seoul,0,0,0,0,14,0,0,75,0,0,completed
24068,U4070,2025-03-14 08:41:00,2025-03-14 08:48:00,M,50+,office,seoul,0,0,0,0,2,0,0,48,0,0,abandoned
24069,U4071,2025-04-16 19:45:00,2025-04-16 19:50:00,F,40~49,office,seoul,0,0,0,0,3,0,0,76,0,0,completed
24070,U4072,2025-03-01 17:09:00,2025-03-01 17:13:00,M,50+,office,seoul,1,0,0,0,20,0,0,42,0,0,completed
24071,U4073,2025-04-16 12:03:00,2025-04-16 12:08:00,F,20~29,office,seoul,0,0,0,0,13,0,0,55,0,0,completed
24072,U4074,2025-03-25 07:48:00,2025-03-25 07:52:00,F,30~39,office,seoul,0,0,0,0,26,0,0,63,0,0,completed
24073,U4075,2025-06-05 15:49:00,2025-06-05 15:56:00,M,20~29,office,seoul,0,0,0,0,20,0,0,62,0,0,completed
24074,U4076,2025-01-11 14:54:00,2025-01-11 15:01:00,M,50+,office,seoul,1,0,0,0,17,0,0,42,0,0,abandoned
24075,U4077,2025-04-26 21:49:00,2025-04-26 21:56:00,F,40~49,office,seoul,1,0,0,0,9,0,0,28,0,0,completed
24076,U4078,2025-08-09 15:45:00,2025-08-09 15:47:00,M,30~39,office,seoul,1,0,0,0,4,0,0,40,0,0,completed
24077,U4079,2025-08-20 17:16:00,2025-08-20 17:19:00,F,20~29,office,seoul,0,0,0,0,11,0,0,50,1,0,completed
24078,U4080,2025-01-08 12:58:00,2025-01-08 13:02:00,F,30~39,office,seoul,0,0,0,0,11,0,0,35,0,0,completed
24079,U4081,2025-07-19 09:05:00,2025-07-19 09:07:00,M,30~39,office,seoul,1,0,0,0,28,0,0,42,0,0,completed
24080,U4082,2025-07-21 12:17:00,2025-07-21 12:23:00,F,20~29,office,seoul,0,0,0,0,12,0,0,70,0,0,completed
24081,U4083,2025-08-14 18:31:00,2025-08-14 18:33:00,F,20~29,office,seoul,0,0,0,0,6,0,0,26,0,0,completed
24082,U4084,2025-08-11 13:14:00,2025-08-11 13:18:00,F,30~39,office,seoul,0,0,0,0,15,0,0,21,0,0,completed
24083,U4085,2025-11-19 14:19:00,2025-11-19 14:25:00,F,30~39,office,seoul,0,0,0,0,16,0,0,76,0,0,completed
24084,U4086,2025-08-16 20:20:00,2025-08-16 20:23:00,F,20~29,office,seoul,1,0,0,0,19,0,0,62,0,0,completed
24085,U4087,2025-11-03 13:14:00,2025-11-03 13:21:00,F,20~29,office,seoul,0,0,0,0,10,0,0,64,0,0,completed
24086,U4088,2025-10-01 13:37:00,2025-10-01 13:39:00,F,40~49,office,seoul,0,0,0,0,17,0,0,19,0,0,completed
24087,U4089,2025-11-23 17:18:00,2025-11-23 17:23:00,F,20~29,office,seoul,1,0,0,0,6,0,0,77,0,0,completed
24088,U4090,2025-07-25 13:40:00,2025-07-25 13:45:00,M,20~29,office,seoul,0,0,0,0,8,0,0,73,0,0,completed
24089,U4091,2025-07-14 09:13:00,2025-07-14 09:18:00,M,40~49,office,seoul,0,0,0,0,19,0,0,70,0,0,timeout
24090,U4092,2025-06-05 07:53:00,2025-06-05 07:57:00,M,40~49,office,seoul,0,0,0,0,0,0,0,75,0,0,completed
24091,U4093,2025-08-23 15:48:00,2025-08-23 15:54:00,M,20~29,office,seoul,1,0,0,0,12,0,0,19,0,0,completed
24092,U4094,2025-10-04 15:07:00,2025-10-04 15:13:00,F,40~49,office,seoul,1,0,0,0,3,0,0,66,0,0,completed
24093,U4095,2025-12-02 17:26:00,2025-12-02 17:29:00,F,40~49,office,seoul,0,0,0,0,29,0,0,52,0,0,completed
24094,U4096,2025-07-30 09:34:00,2025-07-30 09:37:00,M,50+,office,seoul,0,0,0,0,23,0,0,31,0,0,completed
24095,U4097,2025-02-22 14:43:00,2025-02-22 14:46:00,M,20~29,office,seoul,1,0,0,0,21,0,0,65,0,0,completed
24096,U4098,2025-08-01 19:33:00,2025-08-01 19:39:00,M,30~39,office,seoul,0,0,0,0,14,0,0,55,0,0,completed
24097,U4099,2025-09-01 20:31:00,2025-09-01 20:37:00,M,20~29,office,seoul,0,0,0,0,16,0,0,46,0,0,completed
24098,U4100,2025-04-27 14:36:00,2025-04-27 14:40:00,F,40~49,office,seoul,1,0,0,0,27,0,0,36,0,0,completed
24099,U4101,2025-07-03 12:38:00,2025-07-03 12:45:00,M,50+,office,seoul,0,0,0,0,17,0,0,71,0,0,abandoned
24100,U4102,2025-03-12 14:26:00,2025-03-12 14:29:00,M,20~29,office,seoul,0,0,0,0,7,0,0,64,0,0,completed
24101,U4103,2025-11-09 09:36:00,2025-11-09 09:39:00,F,20~29,office,seoul,1,0,0,0,26,0,0,48,0,0,completed
24102,U4104,2025-07-04 17:20:00,2025-07-04 17:22:00,M,20~29,office,seoul,0,0,0,0,21,0,0,15,0,0,completed
24103,U4105,2025-05-11 17:56:00,2025-05-11 17:59:00,M,30~39,office,seoul,1,0,0,0,24,0,0,38,0,0,completed
24104,U4106,2025-07-28 07:41:00,2025-07-28 07:47:00,F,50+,office,seoul,0,0,0,0,8,0,0,73,0,0,abandoned
24105,U4107,2025-02-16 15:42:00,2025-02-16 15:44:00,M,30~39,office,seoul,1,0,0,0,13,0,0,43,0,0,completed
24106,U4108,2025-10-03 14:18:00,2025-10-03 14:25:00,F,40~49,office,seoul,0,0,0,0,21,0,0,69,0,0,completed
24107,U4109,2025-03-11 12:14:00,2025-03-11 12:16:00,F,20~29,office,seoul,0,0,0,0,26,0,0,53,0,0,completed
24108,U4110,2025-07-22 11:16:00,2025-07-22 11:19:00,M,20~29,office,seoul,0,0,0,0,15,0,0,19,0,0,completed
24109,U4111,2025-03-02 20:01:00,2025-03-02 20:05:00,M,20~29,office,seoul,1,0,0,0,4,0,0,48,0,0,completed
24110,U4112,2025-11-19 14:42:00,2025-11-19 14:45:00,F,40~49,office,seoul,0,0,0,0,9,0,0,63,0,0,completed
24111,U4113,2025-11-28 13:23:00,2025-11-28 13:29:00,M,20~29,office,seoul,0,0,0,0,13,0,0,78,0,0,completed
24112,U4114,2025-04-29 15:41:00,2025-04-29 15:43:00,F,20~29,office,seoul,0,0,0,0,13,0,0,78,0,0,completed
24113,U4115,2025-09-06 15:04:00,2025-09-06 15:06:00,F,20~29,office,seoul,1,0,0,0,28,0,0,52,0,0,completed
24114,U4116,2025-03-13 11:29:00,2025-03-13 11:32:00,F,20~29,office,seoul,0,0,0,0,29,0,0,16,0,0,completed
24115,U4117,2025-11-12 08:42:00,2025-11-12 08:48:00,F,20~29,office,seoul,0,0,0,0,21,0,0,10,0,0,completed
24116,U4118,2025-12-26 11:38:00,2025-12-26 11:42:00,M,20~29,office,seoul,0,0,0,0,9,0,0,30,0,0,completed
24117,U4119,2025-05-27 09:51:00,2025-05-27 09:53:00,F,40~49,office,seoul,0,0,0,0,12,0,0,62,0,1,completed
24118,U4120,2025-07-12 13:53:00,2025-07-12 13:59:00,F,50+,office,seoul,1,0,0,0,23,0,0,38,0,0,completed
24119,U4121,2025-03-06 09:16:00,2025-03-06 09:19:00,F,40~49,office,seoul,0,0,0,0,5,0,0,56,0,0,completed
24120,U4122,2025-08-14 19:17:00,2025-08-14 19:23:00,F,20~29,office,seoul,0,0,0,0,21,0,0,55,0,0,error
24121,U4123,2025-03-08 12:05:00,2025-03-08 12:11:00,M,40~49,office,seoul,1,0,0,0,18,0,0,34,0,0,completed
24122,U4124,2025-05-20 19:30:00,2025-05-20 19:33:00,M,20~29,office,seoul,0,0,0,0,23,0,0,18,0,0,completed
24123,U4125,2025-05-19 09:41:00,2025-05-19 09:46:00,F,20~29,office,seoul,0,0,0,0,27,0,0,77,0,0,completed
24124,U4126,2025-09-24 08:18:00,2025-09-24 08:25:00,F,20~29,office,seoul,0,0,0,0,6,0,0,74,0,0,completed
24125,U4127,2025-11-07 16:45:00,2025-11-07 16:50:00,M,50+,office,seoul,0,0,0,0,8,0,0,14,0,0,completed
24126,U4128,2025-09-14 16:40:00,2025-09-14 16:45:00,F,20~29,office,seoul,1,0,0,0,29,0,0,23,0,0,abandoned
24127,U4129,2025-08-03 17:33:00,2025-08-03 17:40:00,M,20~29,office,seoul,1,0,0,0,10,0,0,13,0,0,completed
24128,U4130,2025-06-13 09:12:00,2025-06-13 09:16:00,M,50+,office,seoul,0,0,0,0,1,0,0,66,0,0,completed
24129,U4131,2025-02-20 19:53:00,2025-02-20 19:58:00,F,20~29,office,seoul,0,0,0,0,25,0,0,35,0,0,abandoned
24130,U4132,2025-08-29 17:14:00,2025-08-29 17:21:00,F,30~39,office,seoul,0,0,0,0,19,0,0,18,0,0,completed
24131,U4133,2025-05-30 16:42:00,2025-05-30 16:46:00,F,20~29,office,seoul,0,0,0,0,25,0,0,22,0,0,completed
24132,U4134,2025-12-10 17:32:00,2025-12-10 17:38:00,F,20~29,office,seoul,0,0,0,0,19,0,0,19,0,0,completed
24133,U4135,2025-10-06 08:46:00,2025-10-06 08:51:00,F,50+,office,seoul,0,0,0,0,8,0,0,13,0,0,completed
24134,U4136,2025-01-15 19:20:00,2025-01-15 19:22:00,F,20~29,office,seoul,0,0,0,0,2,0,0,64,0,0,completed
24135,U4137,2025-10-13 18:00:00,2025-10-13 18:06:00,F,20~29,office,seoul,0,0,0,0,29,0,0,23,0,0,completed
24136,U4138,2025-01-04 14:10:00,2025-01-04 14:16:00,M,30~39,office,seoul,1,0,0,0,13,0,0,62,0,0,abandoned
24137,U4139,2025-07-12 17:49:00,2025-07-12 17:51:00,F,30~39,office,seoul,1,0,0,0,14,0,0,61,0,0,completed
24138,U4140,2025-02-24 19:47:00,2025-02-24 19:51:00,F,40~49,office,seoul,0,0,0,0,19,0,0,21,0,0,completed
24139,U4141,2025-08-04 13:14:00,2025-08-04 13:16:00,F,20~29,office,seoul,0,0,0,0,26,0,0,57,0,0,completed
24140,U4142,2025-09-22 18:18:00,2025-09-22 18:20:00,M,50+,office,seoul,0,0,0,0,4,0,0,49,0,0,error
24141,U4143,2025-06-17 21:27:00,2025-06-17 21:31:00,F,20~29,office,seoul,0,0,0,0,6,0,0,63,0,0,completed
24142,U4144,2025-09-11 11:14:00,2025-09-11 11:16:00,M,50+,office,seoul,0,0,0,0,0,0,0,62,0,0,completed
24143,U4145,2025-03-09 15:26:00,2025-03-09 15:28:00,F,30~39,office,seoul,1,0,0,0,15,0,0,42,0,0,completed
24144,U4146,2025-02-23 16:10:00,2025-02-23 16:17:00,M,40~49,office,seoul,1,0,0,0,14,0,0,53,0,0,completed
24145,U4147,2025-12-24 09:22:00,2025-12-24 09:29:00,M,30~39,office,seoul,0,0,0,0,26,0,0,73,0,0,completed
24146,U4148,2025-10-23 12:21:00,2025-10-23 12:26:00,F,50+,office,seoul,0,0,0,0,5,0,0,39,0,0,completed
24147,U4149,2025-05-28 15:00:00,2025-05-28 15:05:00,F,30~39,office,seoul,0,0,0,0,23,0,0,53,0,0,completed
24148,U4150,2025-01-12 19:49:00,2025-01-12 19:53:00,F,20~29,office,seoul,1,0,0,0,22,0,0,53,0,0,completed
24149,U4151,2025-03-20 14:00:00,2025-03-20 14:03:00,M,50+,office,seoul,0,0,0,0,27,0,0,60,1,0,completed
24150,U4152,2025-11-23 16:07:00,2025-11-23 16:11:00,M,20~29,office,seoul,1,0,0,0,1,0,0,57,0,0,completed
24151,U4153,2025-05-01 09:59:00,2025-05-01 10:03:00,F,50+,office,seoul,0,0,0,0,18,0,0,57,0,0,completed
24152,U4154,2025-02-03 13:37:00,2025-02-03 13:41:00,M,20~29,office,seoul,0,0,0,0,12,0,0,27,0,0,completed
24153,U4155,2025-04-04 13:17:00,2025-04-04 13:22:00,M,50+,office,seoul,0,0,0,0,17,0,0,57,0,0,abandoned
24154,U4156,2025-06-23 14:24:00,2025-06-23 14:31:00,M,50+,office,seoul,0,0,0,0,2,0,0,35,0,0,completed
24155,U4157,2025-04-28 20:42:00,2025-04-28 20:45:00,M,20~29,office,seoul,0,0,0,0,20,0,0,33,0,0,completed
24156,U4158,2025-10-11 17:25:00,2025-10-11 17:27:00,M,30~39,office,seoul,1,0,0,0,11,0,0,16,0,0,completed
24157,U4159,2025-09-16 17:27:00,2025-09-16 17:33:00,F,50+,office,seoul,0,0,0,0,3,0,0,12,0,0,completed
24158,U4160,2025-07-03 15:55:00,2025-07-03 16:01:00,M,40~49,office,seoul,0,0,0,0,15,0,0,13,0,0,completed
24159,U4161,2025-12-16 09:50:00,2025-12-16 09:53:00,M,30~39,office,seoul,0,0,0,0,28,0,0,69,0,0,completed
24160,U4162,2025-01-23 18:49:00,2025-01-23 18:53:00,M,20~29,office,seoul,0,0,0,0,5,0,0,26,0,0,completed
24161,U4163,2025-08-02 19:49:00,2025-08-02 19:53:00,M,20~29,office,seoul,1,0,0,0,5,0,0,77,0,0,completed
24162,U4164,2025-12-14 15:44:00,2025-12-14 15:48:00,M,30~39,office,seoul,1,0,0,0,11,0,0,67,0,0,completed
24163,U4165,2025-04-09 17:41:00,2025-04-09 17:46:00,M,30~39,office,seoul,0,0,0,0,5,0,0,20,0,0,completed
24164,U4166,2025-12-15 15:23:00,2025-12-15 15:26:00,M,40~49,office,seoul,0,0,0,0,8,0,0,66,0,0,completed
24165,U4167,2025-03-06 07:08:00,2025-03-06 07:10:00,F,40~49,office,seoul,0,0,0,0,3,0,0,40,0,0,completed
24166,U4168,2025-06-20 08:54:00,2025-06-20 08:58:00,M,50+,office,seoul,0,0,0,0,1,0,0,70,0,0,completed
24167,U4169,2025-07-06 21:42:00,2025-07-06 21:48:00,F,30~39,office,seoul,1,0,0,0,9,0,0,17,0,0,completed
24168,U4170,2025-01-27 09:07:00,2025-01-27 09:14:00,F,50+,office,seoul,0,0,0,0,19,0,0,44,0,0,completed
24169,U4171,2025-06-18 11:49:00,2025-06-18 11:51:00,F,30~39,office,seoul,0,0,0,0,28,0,0,54,0,0,completed
24170,U4172,2025-10-21 15:43:00,2025-10-21 15:46:00,M,30~39,office,seoul,0,0,0,0,25,0,0,30,0,0,completed
24171,U4173,2025-08-01 16:42:00,2025-08-01 16:48:00,F,50+,office,seoul,0,0,0,0,2,0,0,79,1,0,completed
24172,U4174,2025-06-04 18:10:00,2025-06-04 18:13:00,F,50+,office,seoul,0,0,0,0,7,0,0,19,0,0,completed
24173,U4175,2025-04-30 07:35:00,2025-04-30 07:40:00,F,40~49,office,seoul,0,0,0,0,11,0,0,33,0,0,completed
24174,U4176,2025-12-15 09:55:00,2025-12-15 10:01:00,F,30~39,office,seoul,0,0,0,0,7,0,0,49,0,0,completed
24175,U4177,2025-10-05 07:47:00,2025-10-05 07:52:00,F,30~39,office,seoul,1,0,0,0,19,0,0,61,0,0,completed
24176,U4178,2025-08-07 17:03:00,2025-08-07 17:05:00,F,40~49,office,seoul,0,0,0,0,24,0,0,62,0,0,completed
24177,U4179,2025-03-03 08:27:00,2025-03-03 08:34:00,M,30~39,office,seoul,0,0,0,0,16,0,0,34,0,0,timeout
24178,U4180,2025-08-29 12:33:00,2025-08-29 12:35:00,F,40~49,office,seoul,0,0,0,0,18,0,0,61,0,0,completed
24179,U4181,2025-05-29 16:54:00,2025-05-29 17:01:00,M,20~29,office,seoul,0,0,0,0,17,0,0,22,0,0,timeout
24180,U4182,2025-02-05 19:10:00,2025-02-05 19:14:00,M,30~39,office,seoul,0,0,0,0,3,0,0,64,0,0,abandoned
24181,U4183,2025-08-25 13:26:00,2025-08-25 13:31:00,F,40~49,office,seoul,0,0,0,0,28,0,0,77,0,0,completed
24182,U4184,2025-12-14 15:13:00,2025-12-14 15:19:00,F,50+,office,seoul,1,0,0,0,1,0,0,50,0,0,completed
24183,U4185,2025-04-22 15:16:00,2025-04-22 15:23:00,M,20~29,office,seoul,0,0,0,0,19,0,0,76,0,0,completed
24184,U4186,2025-10-24 13:23:00,2025-10-24 13:27:00,M,20~29,office,seoul,0,0,0,0,6,0,0,32,0,0,timeout
24185,U4187,2025-10-27 13:33:00,2025-10-27 13:35:00,M,50+,office,seoul,0,0,0,0,20,0,0,55,0,1,completed
24186,U4188,2025-05-29 18:44:00,2025-05-29 18:49:00,F,20~29,office,seoul,0,0,0,0,15,0,0,66,0,0,completed
24187,U4189,2025-02-03 17:54:00,2025-02-03 17:58:00,F,30~39,office,seoul,0,0,0,0,25,0,0,19,0,0,completed
24188,U4190,2025-03-14 13:58:00,2025-03-14 14:00:00,M,50+,office,seoul,0,0,0,0,3,0,0,57,0,1,completed
24189,U4191,2025-08-26 15:30:00,2025-08-26 15:34:00,M,30~39,office,seoul,0,0,0,0,3,0,0,59,0,0,completed
24190,U4192,2025-12-10 09:36:00,2025-12-10 09:42:00,M,40~49,office,seoul,0,0,0,0,21,0,0,17,0,0,abandoned
24191,U4193,2025-08-05 18:49:00,2025-08-05 18:55:00,F,50+,office,seoul,0,0,0,0,7,0,0,79,1,0,completed
24192,U4194,2025-08-06 14:18:00,2025-08-06 14:20:00,F,30~39,office,seoul,0,0,0,0,23,0,0,28,0,0,completed
24193,U4195,2025-06-05 08:57:00,2025-06-05 09:03:00,M,40~49,office,seoul,0,0,0,0,26,0,0,66,0,0,abandoned
24194,U4196,2025-09-29 14:53:00,2025-09-29 14:59:00,F,50+,office,seoul,0,0,0,0,3,0,0,23,0,0,completed
24195,U4197,2025-12-27 14:01:00,2025-12-27 14:05:00,M,30~39,office,seoul,1,0,0,0,20,0,0,56,0,0,completed
24196,U4198,2025-07-28 13:05:00,2025-07-28 13:07:00,M,20~29,office,seoul,0,0,0,0,4,0,0,60,0,0,completed
24197,U4199,2025-12-11 13:11:00,2025-12-11 13:14:00,M,40~49,office,seoul,0,0,0,0,24,0,0,67,1,0,completed
24198,U4200,2025-08-21 12:49:00,2025-08-21 12:51:00,F,30~39,office,seoul,0,0,0,0,18,0,0,28,0,0,completed
24199,U4201,2025-08-07 17:36:00,2025-08-07 17:43:00,F,30~39,office,seoul,0,0,0,0,6,0,0,21,0,0,timeout
24200,U4202,2025-12-16 08:24:00,2025-12-16 08:29:00,M,20~29,office,seoul,0,0,0,0,21,0,0,12,0,0,completed
24201,U4203,2025-07-08 12:03:00,2025-07-08 12:07:00,M,20~29,office,seoul,0,0,0,0,4,0,0,63,0,0,completed
24202,U4204,2025-06-13 08:43:00,2025-06-13 08:47:00,F,40~49,office,seoul,0,0,0,0,17,0,0,49,0,0,completed
24203,U4205,2025-08-04 18:16:00,2025-08-04 18:18:00,M,20~29,office,seoul,0,0,0,0,8,0,0,73,0,0,completed
24204,U4206,2025-02-16 13:56:00,2025-02-16 14:00:00,F,40~49,office,seoul,1,0,0,0,29,0,0,30,1,0,completed
24205,U4207,2025-09-24 15:23:00,2025-09-24 15:25:00,M,30~39,office,seoul,0,0,0,0,1,0,0,20,0,0,completed
24206,U4208,2025-01-13 13:08:00,2025-01-13 13:11:00,F,30~39,office,seoul,0,0,0,0,6,0,0,67,0,0,completed
24207,U4209,2025-08-22 18:44:00,2025-08-22 18:51:00,F,30~39,office,seoul,0,0,0,0,29,0,0,67,0,0,abandoned
24208,U4210,2025-01-22 13:22:00,2025-01-22 13:27:00,F,40~49,office,seoul,0,0,0,0,11,0,0,19,0,0,error
24209,U4211,2025-11-02 09:18:00,2025-11-02 09:22:00,M,20~29,office,seoul,1,0,0,0,12,0,0,64,0,0,completed
24210,U4212,2025-06-08 18:06:00,2025-06-08 18:11:00,F,40~49,office,seoul,1,0,0,0,19,0,0,64,0,0,completed
24211,U4213,2025-07-22 19:43:00,2025-07-22 19:45:00,M,20~29,office,seoul,0,0,0,0,8,0,0,34,0,0,completed
24212,U4214,2025-04-27 17:28:00,2025-04-27 17:35:00,M,50+,office,seoul,1,0,0,0,13,0,0,73,0,0,completed
24213,U4215,2025-05-28 09:11:00,2025-05-28 09:16:00,F,20~29,office,seoul,0,0,0,0,15,0,0,63,0,0,timeout
24214,U4216,2025-01-01 12:26:00,2025-01-01 12:30:00,M,50+,office,seoul,0,0,0,0,27,0,0,19,0,0,completed
24215,U4217,2025-08-17 07:49:00,2025-08-17 07:52:00,F,20~29,office,seoul,1,0,0,0,12,0,0,47,0,0,completed
24216,U4218,2025-01-25 17:20:00,2025-01-25 17:23:00,F,30~39,office,seoul,1,0,0,0,9,0,0,75,0,0,completed
24217,U4219,2025-07-13 20:45:00,2025-07-13 20:49:00,F,30~39,office,seoul,1,0,0,0,26,0,0,26,0,0,completed
24218,U4220,2025-10-03 12:59:00,2025-10-03 13:01:00,F,30~39,office,seoul,0,0,0,0,10,0,0,66,0,0,completed
24219,U4221,2025-11-17 08:33:00,2025-11-17 08:36:00,M,40~49,office,seoul,0,0,0,0,23,0,0,27,1,0,completed
24220,U4222,2025-06-19 15:02:00,2025-06-19 15:05:00,M,20~29,office,seoul,0,0,0,0,21,0,0,46,0,0,completed
24221,U4223,2025-07-25 11:21:00,2025-07-25 11:28:00,F,20~29,office,seoul,0,0,0,0,9,0,0,25,0,0,completed
24222,U4224,2025-01-14 07:53:00,2025-01-14 07:59:00,F,20~29,office,seoul,0,0,0,0,27,0,0,48,0,0,completed
24223,U4225,2025-10-24 15:21:00,2025-10-24 15:25:00,F,40~49,office,seoul,0,0,0,0,16,0,0,66,0,0,completed
24224,U4226,2025-04-26 18:16:00,2025-04-26 18:23:00,F,20~29,office,seoul,1,0,0,0,10,0,0,41,0,0,completed
24225,U4227,2025-07-08 18:02:00,2025-07-08 18:09:00,F,30~39,office,seoul,0,0,0,0,12,0,0,24,0,0,completed
24226,U4228,2025-08-04 15:05:00,2025-08-04 15:09:00,F,30~39,office,seoul,0,0,0,0,29,0,0,27,0,0,completed
24227,U4229,2025-10-27 13:41:00,2025-10-27 13:46:00,F,30~39,office,seoul,0,0,0,0,10,0,0,37,0,0,completed
24228,U4230,2025-06-29 21:12:00,2025-06-29 21:18:00,F,30~39,office,seoul,1,0,0,0,5,0,0,52,0,0,completed
24229,U4231,2025-02-27 12:25:00,2025-02-27 12:32:00,F,20~29,office,seoul,0,0,0,0,29,0,0,54,0,0,completed
24230,U4232,2025-05-14 18:59:00,2025-05-14 19:01:00,M,40~49,office,seoul,0,0,0,0,8,0,0,51,0,0,completed
24231,U4233,2025-02-09 16:25:00,2025-02-09 16:30:00,F,40~49,office,seoul,1,0,0,0,16,0,0,34,1,0,completed
24232,U4234,2025-02-08 13:44:00,2025-02-08 13:49:00,M,20~29,office,seoul,1,0,0,0,23,0,0,42,0,0,completed
24233,U4235,2025-01-30 14:21:00,2025-01-30 14:27:00,M,20~29,office,seoul,0,0,0,0,13,0,0,67,0,0,abandoned
24234,U4236,2025-02-19 11:33:00,2025-02-19 11:40:00,F,20~29,office,seoul,0,0,0,0,14,0,0,75,0,0,completed
24235,U4237,2025-05-16 08:41:00,2025-05-16 08:46:00,F,20~29,office,seoul,0,0,0,0,0,0,0,15,0,0,completed
24236,U4238,2025-11-01 14:32:00,2025-11-01 14:36:00,M,30~39,office,seoul,1,0,0,0,2,0,0,11,0,0,error
24237,U4239,2025-11-24 08:04:00,2025-11-24 08:10:00,M,30~39,office,seoul,0,0,0,0,5,0,0,39,0,0,completed
24238,U4240,2025-05-25 22:20:00,2025-05-25 22:25:00,M,30~39,office,seoul,1,0,0,0,28,0,0,42,0,0,timeout
24239,U4241,2025-02-05 11:01:00,2025-02-05 11:03:00,F,30~39,office,seoul,0,0,0,0,2,0,0,79,0,0,completed
24240,U4242,2025-12-16 13:39:00,2025-12-16 13:43:00,F,20~29,office,seoul,0,0,0,0,10,0,0,42,0,0,completed
24241,U4243,2025-08-15 08:05:00,2025-08-15 08:12:00,M,40~49,office,seoul,0,0,0,0,15,0,0,35,0,0,completed
24242,U4244,2025-05-02 11:57:00,2025-05-02 12:00:00,F,50+,office,seoul,0,0,0,0,3,0,0,38,0,0,completed
24243,U4245,2025-07-05 14:44:00,2025-07-05 14:51:00,M,50+,office,seoul,1,0,0,0,9,0,0,44,0,0,completed
24244,U4246,2025-05-13 12:25:00,2025-05-13 12:31:00,M,20~29,office,seoul,0,0,0,0,9,0,0,52,0,0,completed
24245,U4247,2025-11-27 09:16:00,2025-11-27 09:22:00,F,30~39,office,seoul,0,0,0,0,27,0,0,49,0,0,completed
24246,U4248,2025-05-09 19:38:00,2025-05-09 19:40:00,M,30~39,office,seoul,0,0,0,0,19,0,0,65,0,0,completed
24247,U4249,2025-07-07 09:15:00,2025-07-07 09:20:00,F,20~29,office,seoul,0,0,0,0,3,0,0,60,0,0,completed
24248,U4250,2025-07-27 09:02:00,2025-07-27 09:06:00,M,20~29,office,seoul,1,0,0,0,23,0,0,44,0,0,abandoned
24249,U4251,2025-07-06 11:52:00,2025-07-06 11:57:00,F,20~29,office,seoul,1,0,0,0,4,0,0,23,0,0,completed
24250,U4252,2025-04-22 20:59:00,2025-04-22 21:02:00,F,50+,office,seoul,0,0,0,0,20,0,0,21,0,0,completed
24251,U4253,2025-10-30 09:03:00,2025-10-30 09:06:00,M,40~49,office,seoul,0,0,0,0,26,0,0,50,0,0,completed
24252,U4254,2025-08-28 16:05:00,2025-08-28 16:11:00,M,30~39,office,seoul,0,0,0,0,4,0,0,69,0,0,completed
24253,U4255,2025-06-12 11:04:00,2025-06-12 11:10:00,M,30~39,office,seoul,0,0,0,0,25,0,0,61,0,0,error
24254,U4256,2025-03-09 16:26:00,2025-03-09 16:30:00,M,50+,office,seoul,1,0,0,0,14,0,0,43,0,0,timeout
24255,U4257,2025-05-09 19:37:00,2025-05-09 19:43:00,M,20~29,office,seoul,0,0,0,0,3,0,0,59,0,0,completed
24256,U4258,2025-03-01 16:29:00,2025-03-01 16:36:00,F,30~39,office,seoul,1,0,0,0,26,0,0,75,0,0,completed
24257,U4259,2025-12-03 09:00:00,2025-12-03 09:06:00,M,50+,office,seoul,0,0,0,0,28,0,0,73,1,0,completed
24258,U4260,2025-06-14 13:35:00,2025-06-14 13:39:00,M,40~49,office,seoul,1,0,0,0,18,0,0,74,0,0,completed
24259,U4261,2025-02-04 11:35:00,2025-02-04 11:42:00,M,30~39,office,seoul,0,0,0,0,3,0,0,69,0,0,completed
24260,U4262,2025-06-06 19:07:00,2025-06-06 19:10:00,M,30~39,office,seoul,0,0,0,0,17,0,0,21,0,0,completed
24261,U4263,2025-10-27 11:00:00,2025-10-27 11:05:00,M,30~39,office,seoul,0,0,0,0,13,0,0,52,0,0,completed
24262,U4264,2025-03-20 15:02:00,2025-03-20 15:05:00,F,20~29,office,seoul,0,0,0,0,11,0,0,12,0,0,completed
24263,U4265,2025-07-29 11:17:00,2025-07-29 11:19:00,M,30~39,office,seoul,0,0,0,0,28,0,0,44,0,0,completed
24264,U4266,2025-01-21 11:26:00,2025-01-21 11:32:00,F,20~29,office,seoul,0,0,0,0,4,0,0,16,0,0,completed
24265,U4267,2025-03-27 14:45:00,2025-03-27 14:52:00,F,40~49,office,seoul,0,0,0,0,9,0,0,44,0,0,abandoned
24266,U4268,2025-07-03 16:33:00,2025-07-03 16:39:00,M,30~39,office,seoul,0,0,0,0,17,0,0,53,0,0,completed
24267,U4269,2025-03-03 08:14:00,2025-03-03 08:17:00,M,20~29,office,seoul,0,0,0,0,21,0,0,64,0,0,completed
24268,U4270,2025-11-01 20:28:00,2025-11-01 20:33:00,F,30~39,office,seoul,1,0,0,0,0,0,0,15,0,0,completed
24269,U4271,2025-05-28 13:39:00,2025-05-28 13:44:00,F,20~29,office,seoul,0,0,0,0,12,0,0,38,0,0,completed
24270,U4272,2025-12-06 19:41:00,2025-12-06 19:46:00,M,30~39,office,seoul,1,0,0,0,13,0,0,15,0,0,completed
24271,U4273,2025-08-27 16:04:00,2025-08-27 16:10:00,F,50+,office,seoul,0,0,0,0,7,0,0,60,1,1,completed
24272,U4274,2025-10-16 18:20:00,2025-10-16 18:27:00,M,40~49,office,seoul,0,0,0,0,7,0,0,21,0,0,completed
24273,U4275,2025-09-07 17:44:00,2025-09-07 17:46:00,F,40~49,office,seoul,1,0,0,0,1,0,0,35,0,0,completed
24274,U4276,2025-01-31 12:10:00,2025-01-31 12:16:00,F,50+,office,seoul,0,0,0,0,12,0,0,30,0,0,completed
24275,U4277,2025-11-26 15:27:00,2025-11-26 15:33:00,M,50+,office,seoul,0,0,0,0,18,0,0,69,0,0,completed
24276,U4278,2025-04-01 20:28:00,2025-04-01 20:34:00,M,20~29,office,seoul,0,0,0,0,22,0,0,72,0,0,completed
24277,U4279,2025-12-15 15:48:00,2025-12-15 15:53:00,F,40~49,office,seoul,0,0,0,0,0,0,0,45,0,0,completed
24278,U4280,2025-01-19 13:42:00,2025-01-19 13:45:00,F,40~49,office,seoul,1,0,0,0,22,0,0,40,0,0,completed
24279,U4281,2025-03-10 15:44:00,2025-03-10 15:47:00,F,40~49,office,seoul,0,0,0,0,0,0,0,52,0,0,completed
24280,U4282,2025-03-26 12:47:00,2025-03-26 12:53:00,M,50+,office,seoul,0,0,0,0,7,0,0,57,0,0,completed
24281,U4283,2025-01-04 08:58:00,2025-01-04 09:04:00,F,30~39,office,seoul,1,0,0,0,25,0,0,11,0,0,timeout
24282,U4284,2025-12-18 20:28:00,2025-12-18 20:32:00,F,40~49,office,seoul,0,0,0,0,24,0,0,54,0,0,completed
24283,U4285,2025-03-10 14:44:00,2025-03-10 14:48:00,F,20~29,office,seoul,0,0,0,0,17,0,0,15,0,0,completed
24284,U4286,2025-11-14 19:23:00,2025-11-14 19:27:00,F,40~49,office,seoul,0,0,0,0,17,0,0,66,0,0,completed
24285,U4287,2025-08-03 14:06:00,2025-08-03 14:08:00,M,40~49,office,seoul,1,0,0,0,27,0,0,62,0,0,completed
24286,U4288,2025-06-16 11:12:00,2025-06-16 11:16:00,M,50+,office,seoul,0,0,0,0,5,0,0,69,0,0,completed
24287,U4289,2025-01-02 19:08:00,2025-01-02 19:12:00,F,50+,office,seoul,0,0,0,0,13,0,0,16,0,0,completed
24288,U4290,2025-03-27 13:17:00,2025-03-27 13:20:00,F,20~29,office,seoul,0,0,0,0,19,0,0,31,0,0,completed
24289,U4291,2025-06-05 07:04:00,2025-06-05 07:06:00,M,40~49,office,seoul,0,0,0,0,11,0,0,29,0,0,completed
24290,U4292,2025-06-08 20:24:00,2025-06-08 20:30:00,F,50+,office,seoul,1,0,0,0,29,0,0,49,1,0,completed
24291,U4293,2025-05-26 09:46:00,2025-05-26 09:49:00,M,20~29,office,seoul,0,0,0,0,14,0,0,27,0,0,completed
24292,U4294,2025-10-07 20:43:00,2025-10-07 20:48:00,F,40~49,office,seoul,0,0,0,0,17,0,0,17,0,0,completed
24293,U4295,2025-05-03 19:54:00,2025-05-03 19:56:00,M,20~29,office,seoul,1,0,0,0,25,0,0,77,0,0,completed
24294,U4296,2025-05-12 07:48:00,2025-05-12 07:53:00,F,30~39,office,seoul,0,0,0,0,14,0,0,25,0,0,timeout
24295,U4297,2025-01-15 09:36:00,2025-01-15 09:41:00,M,40~49,office,seoul,0,0,0,0,10,0,0,22,0,0,completed
24296,U4298,2025-06-24 20:31:00,2025-06-24 20:38:00,M,50+,office,seoul,0,0,0,0,2,0,0,17,0,0,completed
24297,U4299,2025-11-29 19:39:00,2025-11-29 19:45:00,F,20~29,office,seoul,1,0,0,0,0,0,0,26,0,0,completed
24298,U4300,2025-10-09 19:48:00,2025-10-09 19:51:00,F,20~29,office,seoul,0,0,0,0,25,0,0,44,0,0,completed
24299,U4301,2025-02-10 22:54:00,2025-02-10 22:56:00,F,40~49,office,seoul,0,0,0,0,0,0,0,28,0,0,completed
24300,U4302,2025-07-19 12:01:00,2025-07-19 12:03:00,F,30~39,office,seoul,1,0,0,0,22,0,0,62,0,0,completed
24301,U4303,2025-11-09 15:26:00,2025-11-09 15:33:00,F,50+,office,seoul,1,0,0,0,29,0,0,17,0,0,error
24302,U4304,2025-11-04 20:50:00,2025-11-04 20:56:00,F,30~39,office,seoul,0,0,0,0,14,0,0,38,0,0,completed
24303,U4305,2025-11-29 17:16:00,2025-11-29 17:19:00,F,50+,office,seoul,1,0,0,0,23,0,0,77,0,1,completed
24304,U4306,2025-11-23 08:04:00,2025-11-23 08:06:00,M,20~29,office,seoul,1,0,0,0,14,0,0,39,0,0,completed
24305,U4307,2025-11-22 13:17:00,2025-11-22 13:19:00,M,30~39,office,seoul,1,0,0,0,6,0,0,50,0,0,completed
24306,U4308,2025-11-29 20:14:00,2025-11-29 20:16:00,F,50+,office,seoul,1,0,0,0,16,0,0,47,0,0,completed
24307,U4309,2025-05-24 09:51:00,2025-05-24 09:55:00,F,40~49,office,seoul,1,0,0,0,27,0,0,73,0,0,completed
24308,U4310,2025-07-22 13:32:00,2025-07-22 13:36:00,F,20~29,office,seoul,0,0,0,0,29,0,0,60,0,0,completed
24309,U4311,2025-04-14 12:51:00,2025-04-14 12:53:00,M,20~29,office,seoul,0,0,0,0,1,0,0,16,0,0,completed
24310,U4312,2025-10-17 14:42:00,2025-10-17 14:46:00,M,30~39,office,seoul,0,0,0,0,6,0,0,70,0,0,completed
24311,U4313,2025-05-17 12:07:00,2025-05-17 12:14:00,F,30~39,office,seoul,1,0,0,0,15,0,0,69,0,0,completed
24312,U4314,2025-09-03 12:55:00,2025-09-03 12:57:00,F,20~29,office,seoul,0,0,0,0,5,0,0,23,0,0,completed
24313,U4315,2025-01-20 16:22:00,2025-01-20 16:28:00,M,40~49,office,seoul,0,0,0,0,1,0,0,72,0,0,completed
24314,U4316,2025-12-12 17:15:00,2025-12-12 17:21:00,F,20~29,office,seoul,0,0,0,0,2,0,0,13,0,0,completed
24315,U4317,2025-06-04 16:22:00,2025-06-04 16:26:00,M,20~29,office,seoul,0,0,0,0,11,0,0,49,0,0,completed
24316,U4318,2025-02-16 09:50:00,2025-02-16 09:56:00,F,30~39,office,seoul,1,0,0,0,10,0,0,64,0,0,completed
24317,U4319,2025-10-22 08:55:00,2025-10-22 08:57:00,F,30~39,office,seoul,0,0,0,0,7,0,0,31,0,0,completed
24318,U4320,2025-04-17 14:50:00,2025-04-17 14:53:00,M,40~49,office,seoul,0,0,0,0,25,0,0,74,0,0,completed
24319,U4321,2025-07-18 11:41:00,2025-07-18 11:48:00,M,30~39,office,seoul,0,0,0,0,1,0,0,66,0,0,completed
24320,U4322,2025-04-10 08:50:00,2025-04-10 08:56:00,M,30~39,office,seoul,0,0,0,0,17,0,0,59,0,0,completed
24321,U4323,2025-05-07 09:39:00,2025-05-07 09:41:00,M,40~49,office,seoul,0,0,0,0,17,0,0,52,0,0,completed
24322,U4324,2025-09-06 20:29:00,2025-09-06 20:32:00,M,30~39,office,seoul,1,0,0,0,2,0,0,77,0,0,completed
24323,U4325,2025-06-12 14:13:00,2025-06-12 14:15:00,M,20~29,office,seoul,0,0,0,0,10,0,0,36,0,0,completed
24324,U4326,2025-01-31 14:14:00,2025-01-31 14:18:00,M,40~49,office,seoul,0,0,0,0,9,0,0,25,0,0,abandoned
24325,U4327,2025-03-16 08:46:00,2025-03-16 08:51:00,M,20~29,office,seoul,1,0,0,0,10,0,0,60,0,0,completed
24326,U4328,2025-04-24 09:12:00,2025-04-24 09:18:00,F,30~39,office,seoul,0,0,0,0,21,0,0,16,0,0,completed
24327,U4329,2025-01-16 18:51:00,2025-01-16 18:58:00,F,50+,office,seoul,0,0,0,0,20,0,0,76,0,0,error
24328,U4330,2025-05-27 19:31:00,2025-05-27 19:38:00,F,40~49,office,seoul,0,0,0,0,6,0,0,29,0,0,completed
24329,U4331,2025-05-03 16:54:00,2025-05-03 17:01:00,F,20~29,office,seoul,1,0,0,0,8,0,0,50,0,0,completed
24330,U4332,2025-01-27 16:50:00,2025-01-27 16:53:00,M,30~39,office,seoul,0,0,0,0,10,0,0,14,0,0,completed
24331,U4333,2025-05-25 08:56:00,2025-05-25 08:59:00,F,20~29,office,seoul,1,0,0,0,2,0,0,69,0,0,completed
24332,U4334,2025-04-13 15:37:00,2025-04-13 15:41:00,F,50+,office,seoul,1,0,0,0,24,0,0,18,0,0,completed
24333,U4335,2025-12-12 12:36:00,2025-12-12 12:41:00,F,30~39,office,seoul,0,0,0,0,0,0,0,67,0,0,timeout
24334,U4336,2025-04-24 12:07:00,2025-04-24 12:14:00,M,20~29,office,seoul,0,0,0,0,1,0,0,32,0,0,completed
24335,U4337,2025-05-27 07:03:00,2025-05-27 07:10:00,M,30~39,office,seoul,0,0,0,0,16,0,0,75,0,0,completed
24336,U4338,2025-09-17 08:30:00,2025-09-17 08:34:00,F,20~29,office,seoul,0,0,0,0,2,0,0,27,0,0,completed
24337,U4339,2025-12-06 07:54:00,2025-12-06 08:01:00,M,20~29,office,seoul,1,0,0,0,16,0,0,26,0,0,completed
24338,U4340,2025-10-07 12:25:00,2025-10-07 12:28:00,F,40~49,office,seoul,0,0,0,0,17,0,0,16,0,0,completed
24339,U4341,2025-01-14 19:26:00,2025-01-14 19:32:00,F,50+,office,seoul,0,0,0,0,9,0,0,31,0,0,timeout
24340,U4342,2025-12-07 20:21:00,2025-12-07 20:24:00,M,20~29,office,seoul,1,0,0,0,9,0,0,52,0,0,error
24341,U4343,2025-03-05 20:14:00,2025-03-05 20:20:00,M,40~49,office,seoul,0,0,0,0,18,0,0,76,0,0,completed
24342,U4344,2025-03-14 15:42:00,2025-03-14 15:49:00,M,30~39,office,seoul,0,0,0,0,2,0,0,69,0,0,completed
24343,U4345,2025-03-26 17:34:00,2025-03-26 17:36:00,M,50+,office,seoul,0,0,0,0,2,0,0,75,0,0,completed
24344,U4346,2025-06-13 13:57:00,2025-06-13 14:03:00,M,50+,office,seoul,0,0,0,0,20,0,0,58,0,0,completed
24345,U4347,2025-08-05 12:27:00,2025-08-05 12:31:00,F,30~39,office,seoul,0,0,0,0,7,0,0,17,0,0,completed
24346,U4348,2025-03-21 18:18:00,2025-03-21 18:24:00,F,50+,office,seoul,0,0,0,0,15,0,0,18,0,0,completed
24347,U4349,2025-05-14 09:55:00,2025-05-14 10:01:00,F,20~29,office,seoul,0,0,0,0,16,0,0,74,0,0,completed
24348,U4350,2025-02-24 08:11:00,2025-02-24 08:15:00,F,40~49,office,seoul,0,0,0,0,3,0,0,10,0,0,abandoned
24349,U4351,2025-02-04 20:42:00,2025-02-04 20:48:00,F,30~39,office,seoul,0,0,0,0,15,0,0,10,0,0,completed
24350,U4352,2025-06-20 16:57:00,2025-06-20 17:00:00,M,20~29,office,seoul,0,0,0,0,6,0,0,25,0,0,completed
24351,U4353,2025-02-17 20:45:00,2025-02-17 20:48:00,M,50+,office,seoul,0,0,0,0,14,0,0,60,0,0,completed
24352,U4354,2025-01-24 17:19:00,2025-01-24 17:26:00,F,40~49,office,seoul,0,0,0,0,13,0,0,66,0,0,completed
24353,U4355,2025-02-28 19:04:00,2025-02-28 19:08:00,F,40~49,office,seoul,0,0,0,0,14,0,0,55,0,0,completed
24354,U4356,2025-02-11 12:19:00,2025-02-11 12:24:00,M,20~29,office,seoul,0,0,0,0,8,0,0,72,0,0,completed
24355,U4357,2025-02-16 13:11:00,2025-02-16 13:18:00,F,50+,office,seoul,1,0,0,0,15,0,0,19,1,0,abandoned
24356,U4358,2025-10-27 07:32:00,2025-10-27 07:37:00,F,30~39,office,seoul,0,0,0,0,21,0,0,21,0,0,completed
24357,U4359,2025-03-12 09:02:00,2025-03-12 09:09:00,M,30~39,office,seoul,0,0,0,0,20,0,0,32,0,0,completed
24358,U4360,2025-06-13 15:44:00,2025-06-13 15:51:00,M,20~29,office,seoul,0,0,0,0,0,0,0,37,0,0,completed
24359,U4361,2025-02-13 08:42:00,2025-02-13 08:47:00,M,20~29,office,seoul,0,0,0,0,22,0,0,11,0,0,completed
24360,U4362,2025-11-24 12:39:00,2025-11-24 12:42:00,F,30~39,office,seoul,0,0,0,0,7,0,0,57,0,0,completed
24361,U4363,2025-09-02 15:19:00,2025-09-02 15:26:00,F,30~39,office,seoul,0,0,0,0,4,0,0,71,0,0,error
24362,U4364,2025-12-20 07:33:00,2025-12-20 07:35:00,F,30~39,office,seoul,1,0,0,0,29,0,0,15,0,0,completed
24363,U4365,2025-10-09 15:40:00,2025-10-09 15:43:00,F,20~29,office,seoul,0,0,0,0,12,0,0,23,0,0,completed
24364,U4366,2025-02-14 20:29:00,2025-02-14 20:36:00,M,30~39,office,seoul,0,0,0,0,7,0,0,24,0,0,completed
24365,U4367,2025-11-11 12:51:00,2025-11-11 12:54:00,M,20~29,office,seoul,0,0,0,0,11,0,0,19,0,0,completed
24366,U4368,2025-07-01 13:25:00,2025-07-01 13:27:00,F,30~39,office,seoul,0,0,0,0,26,0,0,66,0,0,completed
24367,U4369,2025-02-18 15:05:00,2025-02-18 15:11:00,F,50+,office,seoul,0,0,0,0,23,0,0,20,0,0,abandoned
24368,U4370,2025-05-13 12:24:00,2025-05-13 12:31:00,M,50+,office,seoul,0,0,0,0,24,0,0,27,0,0,completed
24369,U4371,2025-11-09 09:47:00,2025-11-09 09:53:00,M,30~39,office,seoul,1,0,0,0,14,0,0,13,0,0,completed
24370,U4372,2025-07-30 13:41:00,2025-07-30 13:47:00,F,30~39,office,seoul,0,0,0,0,3,0,0,16,0,0,completed
24371,U4373,2025-11-13 20:20:00,2025-11-13 20:23:00,F,30~39,office,seoul,0,0,0,0,9,0,0,60,0,0,completed
24372,U4374,2025-08-17 07:31:00,2025-08-17 07:35:00,M,20~29,office,seoul,1,0,0,0,22,0,0,25,0,0,completed
24373,U4375,2025-03-28 19:32:00,2025-03-28 19:39:00,F,30~39,office,seoul,0,0,0,0,22,0,0,74,0,0,completed
24374,U4376,2025-11-06 17:12:00,2025-11-06 17:14:00,M,20~29,office,seoul,0,0,0,0,16,0,0,77,0,0,completed
24375,U4377,2025-01-06 11:44:00,2025-01-06 11:46:00,F,20~29,office,seoul,0,0,0,0,18,0,0,51,0,0,completed
24376,U4378,2025-04-03 13:09:00,2025-04-03 13:14:00,M,30~39,office,seoul,0,0,0,0,2,0,0,66,0,0,completed
24377,U4379,2025-08-21 18:44:00,2025-08-21 18:51:00,F,30~39,office,seoul,0,0,0,0,5,0,0,74,0,0,completed
24378,U4380,2025-08-19 09:13:00,2025-08-19 09:16:00,F,40~49,office,seoul,0,0,0,0,0,0,0,14,0,0,completed
24379,U4381,2025-07-06 09:58:00,2025-07-06 10:02:00,F,30~39,office,seoul,1,0,0,0,22,0,0,23,0,0,completed
24380,U4382,2025-05-09 13:36:00,2025-05-09 13:43:00,F,50+,office,seoul,0,0,0,0,22,0,0,70,0,0,completed
24381,U4383,2025-08-05 19:26:00,2025-08-05 19:30:00,M,30~39,office,seoul,0,0,0,0,16,0,0,53,0,0,completed
24382,U4384,2025-08-28 15:21:00,2025-08-28 15:26:00,M,50+,office,seoul,0,0,0,0,8,0,0,60,0,0,abandoned
24383,U4385,2025-05-07 12:20:00,2025-05-07 12:22:00,M,40~49,office,seoul,0,0,0,0,8,0,0,65,0,0,completed
24384,U4386,2025-12-24 16:39:00,2025-12-24 16:44:00,M,20~29,office,seoul,0,0,0,0,18,0,0,47,0,0,completed
24385,U4387,2025-03-22 08:11:00,2025-03-22 08:17:00,F,50+,office,seoul,1,0,0,0,24,0,0,66,1,0,completed
24386,U4388,2025-10-01 07:42:00,2025-10-01 07:46:00,F,20~29,office,seoul,0,0,0,0,22,0,0,60,0,0,completed
24387,U4389,2025-11-28 17:40:00,2025-11-28 17:44:00,F,30~39,office,seoul,0,0,0,0,6,0,0,67,0,0,completed
24388,U4390,2025-12-25 14:53:00,2025-12-25 14:58:00,M,50+,office,seoul,0,0,0,0,9,0,0,29,0,0,completed
24389,U4391,2025-01-20 15:03:00,2025-01-20 15:07:00,M,40~49,office,seoul,0,0,0,0,28,0,0,43,0,0,abandoned
24390,U4392,2025-02-02 11:35:00,2025-02-02 11:42:00,M,50+,office,seoul,1,0,0,0,26,0,0,19,1,0,completed
24391,U4393,2025-06-15 19:26:00,2025-06-15 19:28:00,M,30~39,office,seoul,1,0,0,0,6,0,0,61,0,0,completed
24392,U4394,2025-06-27 07:21:00,2025-06-27 07:27:00,F,30~39,office,seoul,0,0,0,0,23,0,0,10,0,0,completed
24393,U4395,2025-09-19 14:38:00,2025-09-19 14:42:00,F,30~39,office,seoul,0,0,0,0,3,0,0,42,1,0,completed
24394,U4396,2025-10-05 20:23:00,2025-10-05 20:30:00,M,20~29,office,seoul,1,0,0,0,13,0,0,17,0,0,completed
24395,U4397,2025-07-11 14:29:00,2025-07-11 14:36:00,F,30~39,office,seoul,0,0,0,0,28,0,0,44,0,0,completed
24396,U4398,2025-06-14 15:12:00,2025-06-14 15:18:00,F,20~29,office,seoul,1,0,0,0,28,0,0,25,0,0,completed
24397,U4399,2025-01-23 11:29:00,2025-01-23 11:31:00,M,40~49,office,seoul,0,0,0,0,20,0,0,16,0,0,completed
24398,U4400,2025-05-26 13:39:00,2025-05-26 13:44:00,M,30~39,office,seoul,0,0,0,0,28,0,0,69,0,0,completed
24399,U4401,2025-02-09 09:39:00,2025-02-09 09:44:00,F,20~29,office,seoul,1,0,0,0,1,0,0,11,0,0,completed
24400,U4402,2025-08-14 14:09:00,2025-08-14 14:13:00,F,40~49,office,seoul,0,0,0,0,21,0,0,12,0,0,completed
24401,U4403,2025-09-27 15:22:00,2025-09-27 15:24:00,F,30~39,office,seoul,1,0,0,0,17,0,0,27,0,0,completed
24402,U4404,2025-10-21 12:40:00,2025-10-21 12:46:00,F,20~29,office,seoul,0,0,0,0,16,0,0,30,0,0,completed
24403,U4405,2025-06-06 13:36:00,2025-06-06 13:43:00,F,40~49,office,seoul,0,0,0,0,15,0,0,19,0,0,completed
24404,U4406,2025-02-09 14:32:00,2025-02-09 14:38:00,F,50+,office,seoul,1,0,0,0,2,0,0,40,0,0,completed
24405,U4407,2025-10-11 12:12:00,2025-10-11 12:19:00,F,20~29,office,seoul,1,0,0,0,27,0,0,74,0,0,completed
24406,U4408,2025-03-07 19:24:00,2025-03-07 19:28:00,F,20~29,office,seoul,0,0,0,0,4,0,0,53,0,0,completed
24407,U4409,2025-11-05 17:46:00,2025-11-05 17:50:00,M,20~29,office,seoul,0,0,0,0,17,0,0,13,0,0,completed
24408,U4410,2025-05-23 08:39:00,2025-05-23 08:43:00,M,40~49,office,seoul,0,0,0,0,15,0,0,44,0,0,timeout
24409,U4411,2025-06-11 19:55:00,2025-06-11 20:01:00,M,50+,office,seoul,0,0,0,0,5,0,0,71,0,0,completed
24410,U4412,2025-05-26 14:33:00,2025-05-26 14:37:00,F,30~39,office,seoul,0,0,0,0,6,0,0,44,0,0,completed
24411,U4413,2025-03-13 16:59:00,2025-03-13 17:06:00,M,30~39,office,seoul,0,0,0,0,13,0,0,48,0,0,completed
24412,U4414,2025-12-06 13:37:00,2025-12-06 13:40:00,M,40~49,office,seoul,1,0,0,0,27,0,0,43,0,0,completed
24413,U4415,2025-10-14 12:27:00,2025-10-14 12:29:00,F,50+,office,seoul,0,0,0,0,5,0,0,56,1,0,completed
24414,U4416,2025-06-19 11:32:00,2025-06-19 11:36:00,F,30~39,office,seoul,0,0,0,0,16,0,0,57,0,0,completed
24415,U4417,2025-03-12 13:30:00,2025-03-12 13:33:00,F,50+,office,seoul,0,0,0,0,0,0,0,34,0,0,completed
24416,U4418,2025-03-17 13:30:00,2025-03-17 13:37:00,F,20~29,office,seoul,0,0,0,0,7,0,0,19,0,0,timeout
24417,U4419,2025-11-22 19:41:00,2025-11-22 19:43:00,M,50+,office,seoul,1,0,0,0,13,0,0,48,0,0,completed
24418,U4420,2025-03-25 12:18:00,2025-03-25 12:22:00,F,30~39,office,seoul,0,0,0,0,21,0,0,71,0,0,abandoned
24419,U4421,2025-03-17 09:03:00,2025-03-17 09:07:00,F,50+,office,seoul,0,0,0,0,21,0,0,31,0,1,completed
24420,U4422,2025-05-05 12:18:00,2025-05-05 12:22:00,F,20~29,office,seoul,0,0,0,0,8,0,0,62,0,0,completed
24421,U4423,2025-09-07 14:04:00,2025-09-07 14:08:00,F,20~29,office,seoul,1,0,0,0,14,0,0,18,1,0,completed
24422,U4424,2025-12-04 16:30:00,2025-12-04 16:33:00,F,30~39,office,seoul,0,0,0,0,10,0,0,69,0,0,completed
24423,U4425,2025-02-09 20:12:00,2025-02-09 20:19:00,F,20~29,office,seoul,1,0,0,0,14,0,0,37,0,0,completed
24424,U4426,2025-04-26 12:53:00,2025-04-26 12:56:00,M,50+,office,seoul,1,0,0,0,5,0,0,65,0,0,abandoned
24425,U4427,2025-05-06 13:16:00,2025-05-06 13:20:00,M,50+,office,seoul,0,0,0,0,29,0,0,78,0,0,completed
24426,U4428,2025-10-26 18:28:00,2025-10-26 18:30:00,M,30~39,office,seoul,1,0,0,0,2,0,0,17,0,0,completed
24427,U4429,2025-03-23 13:35:00,2025-03-23 13:37:00,F,40~49,office,seoul,1,0,0,0,8,0,0,31,0,0,completed
24428,U4430,2025-03-29 12:21:00,2025-03-29 12:26:00,F,50+,office,seoul,1,0,0,0,27,0,0,49,0,0,completed
24429,U4431,2025-04-20 18:01:00,2025-04-20 18:05:00,M,40~49,office,seoul,1,0,0,0,13,0,0,15,0,0,completed
24430,U4432,2025-10-09 12:53:00,2025-10-09 12:59:00,F,30~39,office,seoul,0,0,0,0,25,0,0,65,1,0,completed
24431,U4433,2025-08-18 18:23:00,2025-08-18 18:30:00,F,20~29,office,seoul,0,0,0,0,14,0,0,56,0,0,completed
24432,U4434,2025-04-13 19:35:00,2025-04-13 19:39:00,M,30~39,office,seoul,1,0,0,0,16,0,0,50,0,0,completed
24433,U4435,2025-05-09 08:41:00,2025-05-09 08:46:00,M,20~29,office,seoul,0,0,0,0,8,0,0,33,0,0,completed
24434,U4436,2025-08-03 13:44:00,2025-08-03 13:49:00,M,30~39,office,seoul,1,0,0,0,7,0,0,21,0,0,completed
24435,U4437,2025-05-03 09:16:00,2025-05-03 09:21:00,F,30~39,office,seoul,1,0,0,0,29,0,0,67,0,0,completed
24436,U4438,2025-07-25 17:18:00,2025-07-25 17:23:00,F,20~29,office,seoul,0,0,0,0,2,0,0,42,0,0,abandoned
24437,U4439,2025-08-03 12:51:00,2025-08-03 12:57:00,F,50+,office,seoul,1,0,0,0,2,0,0,37,0,0,completed
24438,U4440,2025-07-19 15:15:00,2025-07-19 15:20:00,M,50+,office,seoul,1,0,0,0,27,0,0,79,0,0,completed
24439,U4441,2025-11-22 17:44:00,2025-11-22 17:47:00,M,20~29,office,seoul,1,0,0,0,10,0,0,54,0,0,completed
24440,U4442,2025-12-26 15:29:00,2025-12-26 15:32:00,F,40~49,office,seoul,0,0,0,0,25,0,0,51,0,0,abandoned
24441,U4443,2025-05-30 11:24:00,2025-05-30 11:27:00,F,40~49,office,seoul,0,0,0,0,8,0,0,68,0,0,completed
24442,U4444,2025-03-15 13:21:00,2025-03-15 13:28:00,M,20~29,office,seoul,1,0,0,0,19,0,0,36,0,0,completed
24443,U4445,2025-01-23 08:02:00,2025-01-23 08:09:00,F,20~29,office,seoul,0,0,0,0,23,0,0,10,0,0,completed
24444,U4446,2025-06-07 18:26:00,2025-06-07 18:28:00,F,40~49,office,seoul,1,0,0,0,25,0,0,52,0,0,completed
24445,U4447,2025-09-08 15:27:00,2025-09-08 15:32:00,F,20~29,office,seoul,0,0,0,0,19,0,0,37,0,0,abandoned
24446,U4448,2025-06-02 12:24:00,2025-06-02 12:29:00,F,30~39,office,seoul,0,0,0,0,21,0,0,19,0,0,completed
24447,U4449,2025-03-30 15:01:00,2025-03-30 15:03:00,F,50+,office,seoul,1,0,0,0,6,0,0,17,1,0,completed
24448,U4450,2025-12-05 11:42:00,2025-12-05 11:49:00,M,40~49,office,seoul,0,0,0,0,24,0,0,13,0,0,completed
24449,U4451,2025-07-21 18:37:00,2025-07-21 18:40:00,F,30~39,office,seoul,0,0,0,0,26,0,0,72,0,0,completed
24450,U4452,2025-10-24 14:36:00,2025-10-24 14:38:00,M,20~29,office,seoul,0,0,0,0,9,0,0,37,0,0,completed
24451,U4453,2025-08-10 17:46:00,2025-08-10 17:50:00,F,20~29,office,seoul,1,0,0,0,27,0,0,71,0,0,completed
24452,U4454,2025-09-10 13:17:00,2025-09-10 13:21:00,F,20~29,office,seoul,0,0,0,0,21,0,0,71,0,0,completed
24453,U4455,2025-04-16 15:45:00,2025-04-16 15:52:00,F,20~29,office,seoul,0,0,0,0,10,0,0,55,0,0,completed
24454,U4456,2025-06-08 09:46:00,2025-06-08 09:51:00,M,30~39,office,seoul,1,0,0,0,4,0,0,57,0,0,completed
24455,U4457,2025-01-07 09:38:00,2025-01-07 09:43:00,M,50+,office,seoul,0,0,0,0,1,0,0,27,0,0,completed
24456,U4458,2025-12-14 13:12:00,2025-12-14 13:14:00,F,20~29,office,seoul,1,0,0,0,28,0,0,62,0,0,completed
24457,U4459,2025-06-23 16:51:00,2025-06-23 16:54:00,F,20~29,office,seoul,0,0,0,0,16,0,0,51,0,0,completed
24458,U4460,2025-07-12 13:52:00,2025-07-12 13:58:00,M,30~39,office,seoul,1,0,0,0,16,0,0,10,0,0,completed
24459,U4461,2025-12-08 19:20:00,2025-12-08 19:23:00,M,20~29,office,seoul,0,0,0,0,2,0,0,61,0,0,completed
24460,U4462,2025-08-15 08:39:00,2025-08-15 08:45:00,F,20~29,office,seoul,0,0,0,0,20,0,0,35,0,0,completed
24461,U4463,2025-07-28 13:41:00,2025-07-28 13:43:00,M,50+,office,seoul,0,0,0,0,27,0,0,62,0,0,completed
24462,U4464,2025-05-26 13:21:00,2025-05-26 13:27:00,F,30~39,office,seoul,0,0,0,0,4,0,0,28,0,0,completed
24463,U4465,2025-10-15 17:21:00,2025-10-15 17:23:00,F,40~49,office,seoul,0,0,0,0,17,0,0,33,0,0,abandoned
24464,U4466,2025-03-28 12:24:00,2025-03-28 12:29:00,F,30~39,office,seoul,0,0,0,0,17,0,0,73,0,0,abandoned
24465,U4467,2025-01-07 12:39:00,2025-01-07 12:43:00,M,20~29,office,seoul,0,0,0,0,18,0,0,27,0,0,completed
24466,U4468,2025-05-24 11:25:00,2025-05-24 11:28:00,M,20~29,office,seoul,1,0,0,0,3,0,0,25,0,0,completed
24467,U4469,2025-09-18 13:55:00,2025-09-18 13:57:00,M,30~39,office,seoul,0,0,0,0,4,0,0,44,0,0,completed
24468,U4470,2025-01-08 13:23:00,2025-01-08 13:25:00,F,30~39,office,seoul,0,0,0,0,18,0,0,26,0,0,completed
24469,U4471,2025-01-30 08:38:00,2025-01-30 08:43:00,M,40~49,office,seoul,0,0,0,0,1,0,0,59,1,0,completed
24470,U4472,2025-10-09 17:10:00,2025-10-09 17:15:00,F,50+,office,seoul,0,0,0,0,21,0,0,10,1,0,completed
24471,U4473,2025-08-29 14:01:00,2025-08-29 14:06:00,M,40~49,office,seoul,0,0,0,0,27,0,0,41,0,1,completed
24472,U4474,2025-03-15 20:00:00,2025-03-15 20:06:00,F,20~29,office,seoul,1,0,0,0,7,0,0,12,0,0,completed
24473,U4475,2025-06-27 07:13:00,2025-06-27 07:18:00,M,20~29,office,seoul,0,0,0,0,0,0,0,36,0,0,completed
24474,U4476,2025-11-09 08:22:00,2025-11-09 08:25:00,F,50+,office,seoul,1,0,0,0,19,0,0,29,0,0,completed
24475,U4477,2025-12-25 11:37:00,2025-12-25 11:43:00,M,30~39,office,seoul,0,0,0,0,5,0,0,10,0,0,completed
24476,U4478,2025-09-06 12:44:00,2025-09-06 12:48:00,F,20~29,office,seoul,1,0,0,0,8,0,0,12,0,0,completed
24477,U4479,2025-06-17 15:20:00,2025-06-17 15:23:00,M,40~49,office,seoul,0,0,0,0,28,0,0,41,0,0,completed
24478,U4480,2025-06-21 20:39:00,2025-06-21 20:44:00,M,40~49,office,seoul,1,0,0,0,18,0,0,19,0,0,completed
24479,U4481,2025-06-07 13:16:00,2025-06-07 13:21:00,M,30~39,office,seoul,1,0,0,0,22,0,0,29,0,0,completed
24480,U4482,2025-01-22 12:01:00,2025-01-22 12:08:00,F,30~39,office,seoul,0,0,0,0,18,0,0,38,0,0,completed
24481,U4483,2025-08-12 12:22:00,2025-08-12 12:24:00,F,30~39,office,seoul,0,0,0,0,0,0,0,49,0,0,completed
24482,U4484,2025-09-11 15:54:00,2025-09-11 15:57:00,M,20~29,office,seoul,0,0,0,0,15,0,0,40,0,0,completed
24483,U4485,2025-01-06 16:23:00,2025-01-06 16:27:00,F,20~29,office,seoul,0,0,0,0,6,0,0,16,0,0,completed
24484,U4486,2025-05-18 15:51:00,2025-05-18 15:56:00,M,20~29,office,seoul,1,0,0,0,12,0,0,12,0,0,completed
24485,U4487,2025-11-26 12:44:00,2025-11-26 12:50:00,F,50+,office,seoul,0,0,0,0,11,0,0,43,0,0,completed
24486,U4488,2025-07-21 13:48:00,2025-07-21 13:54:00,F,20~29,office,seoul,0,0,0,0,9,0,0,72,0,0,completed
24487,U4489,2025-04-05 20:06:00,2025-04-05 20:09:00,F,30~39,office,seoul,1,0,0,0,11,0,0,15,0,0,completed
24488,U4490,2025-02-02 19:06:00,2025-02-02 19:12:00,M,30~39,office,seoul,1,0,0,0,16,0,0,25,0,0,completed
24489,U4491,2025-03-14 15:26:00,2025-03-14 15:31:00,F,20~29,office,seoul,0,0,0,0,1,0,0,66,0,0,completed
24490,U4492,2025-05-12 16:02:00,2025-05-12 16:09:00,M,30~39,office,seoul,0,0,0,0,6,0,0,72,0,0,completed
24491,U4493,2025-03-27 16:18:00,2025-03-27 16:25:00,F,40~49,office,seoul,0,0,0,0,1,0,0,17,0,0,abandoned
24492,U4494,2025-11-22 15:00:00,2025-11-22 15:03:00,F,40~49,office,seoul,1,0,0,0,24,0,0,70,0,0,abandoned
24493,U4495,2025-02-11 22:49:00,2025-02-11 22:51:00,M,30~39,office,seoul,0,0,0,0,16,0,0,44,0,0,completed
24494,U4496,2025-10-11 14:00:00,2025-10-11 14:07:00,F,20~29,office,seoul,1,0,0,0,15,0,0,57,0,0,completed
24495,U4497,2025-06-09 19:40:00,2025-06-09 19:45:00,F,30~39,office,seoul,0,0,0,0,13,0,0,49,0,0,completed
24496,U4498,2025-11-28 18:41:00,2025-11-28 18:43:00,F,50+,office,seoul,0,0,0,0,8,0,0,12,0,0,completed
24497,U4499,2025-10-30 20:08:00,2025-10-30 20:14:00,F,40~49,office,seoul,0,0,0,0,8,0,0,26,0,0,completed
24498,U4500,2025-09-05 09:11:00,2025-09-05 09:16:00,F,40~49,office,seoul,0,0,0,0,17,0,0,33,0,0,abandoned
24499,U4501,2025-10-28 07:53:00,2025-10-28 07:59:00,F,50+,office,seoul,0,0,0,0,23,0,0,69,0,0,completed
24500,U4502,2025-07-21 14:25:00,2025-07-21 14:32:00,F,50+,office,seoul,0,0,0,0,6,0,0,15,0,0,completed
24501,U4503,2025-04-04 08:55:00,2025-04-04 08:58:00,F,30~39,office,seoul,0,0,0,0,9,0,0,20,0,0,completed
24502,U4504,2025-12-24 07:36:00,2025-12-24 07:38:00,F,40~49,office,seoul,0,0,0,0,23,0,0,74,0,0,timeout
24503,U4505,2025-05-14 12:02:00,2025-05-14 12:06:00,F,30~39,office,seoul,0,0,0,0,29,0,0,70,0,0,completed
24504,U4506,2025-05-31 12:03:00,2025-05-31 12:10:00,F,50+,office,seoul,1,0,0,0,8,0,0,55,1,0,completed
24505,U4507,2025-03-17 13:16:00,2025-03-17 13:18:00,F,50+,office,seoul,0,0,0,0,16,0,0,38,0,0,completed
24506,U4508,2025-10-28 07:15:00,2025-10-28 07:21:00,F,30~39,office,seoul,0,0,0,0,2,0,0,44,1,0,completed
24507,U4509,2025-12-13 08:48:00,2025-12-13 08:52:00,M,30~39,office,seoul,1,0,0,0,7,0,0,15,0,0,completed
24508,U4510,2025-05-12 07:32:00,2025-05-12 07:39:00,M,30~39,office,seoul,0,0,0,0,5,0,0,42,0,0,completed
24509,U4511,2025-11-25 14:37:00,2025-11-25 14:39:00,M,30~39,office,seoul,0,0,0,0,5,0,0,35,0,0,completed
24510,U4512,2025-01-07 14:36:00,2025-01-07 14:41:00,F,30~39,office,seoul,0,0,0,0,6,0,0,28,0,0,completed
24511,U4513,2025-07-28 20:50:00,2025-07-28 20:52:00,F,30~39,office,seoul,0,0,0,0,0,0,0,21,0,0,completed
24512,U4514,2025-06-04 09:03:00,2025-06-04 09:08:00,M,20~29,office,seoul,0,0,0,0,22,0,0,72,0,0,completed
24513,U4515,2025-12-07 15:21:00,2025-12-07 15:23:00,F,20~29,office,seoul,1,0,0,0,27,0,0,24,0,0,completed
24514,U4516,2025-01-31 14:50:00,2025-01-31 14:57:00,M,40~49,office,seoul,0,0,0,0,9,0,0,39,0,0,completed
24515,U4517,2025-02-12 20:17:00,2025-02-12 20:22:00,F,20~29,office,seoul,0,0,0,0,11,0,0,15,0,0,completed
24516,U4518,2025-07-03 15:26:00,2025-07-03 15:33:00,F,40~49,office,seoul,0,0,0,0,13,0,0,13,0,0,completed
24517,U4519,2025-09-24 17:54:00,2025-09-24 18:00:00,F,40~49,office,seoul,0,0,0,0,22,0,0,37,0,0,abandoned
24518,U4520,2025-10-27 15:16:00,2025-10-27 15:18:00,M,40~49,office,seoul,0,0,0,0,12,0,0,21,0,0,completed
24519,U4521,2025-03-07 16:08:00,2025-03-07 16:12:00,M,20~29,office,seoul,0,0,0,0,10,0,0,33,0,0,completed
24520,U4522,2025-05-19 08:23:00,2025-05-19 08:27:00,F,40~49,office,seoul,0,0,0,0,21,0,0,26,0,1,completed
24521,U4523,2025-05-13 15:34:00,2025-05-13 15:41:00,M,30~39,office,seoul,0,0,0,0,3,0,0,79,0,0,completed
24522,U4524,2025-12-20 15:45:00,2025-12-20 15:50:00,F,40~49,office,seoul,1,0,0,0,26,0,0,73,0,0,completed
24523,U4525,2025-12-01 21:33:00,2025-12-01 21:36:00,F,30~39,office,seoul,0,0,0,0,28,0,0,42,0,0,completed
24524,U4526,2025-01-15 09:58:00,2025-01-15 10:03:00,M,20~29,office,seoul,0,0,0,0,6,0,0,56,0,0,completed
24525,U4527,2025-02-15 15:30:00,2025-02-15 15:32:00,F,40~49,office,seoul,1,0,0,0,20,0,0,69,0,0,completed
24526,U4528,2025-06-25 11:01:00,2025-06-25 11:06:00,F,50+,office,seoul,0,0,0,0,4,0,0,20,0,0,completed
24527,U4529,2025-01-01 09:49:00,2025-01-01 09:54:00,M,30~39,office,seoul,0,0,0,0,5,0,0,45,0,0,abandoned
24528,U4530,2025-05-26 18:05:00,2025-05-26 18:08:00,M,30~39,office,seoul,0,0,0,0,8,0,0,15,0,0,completed
24529,U4531,2025-09-10 20:34:00,2025-09-10 20:37:00,F,20~29,office,seoul,0,0,0,0,17,0,0,29,0,0,completed
24530,U4532,2025-04-03 15:21:00,2025-04-03 15:24:00,F,20~29,office,seoul,0,0,0,0,4,0,0,26,0,0,completed
24531,U4533,2025-01-12 21:51:00,2025-01-12 21:54:00,M,20~29,office,seoul,1,0,0,0,13,0,0,53,0,0,completed
24532,U4534,2025-10-20 15:35:00,2025-10-20 15:42:00,M,30~39,office,seoul,0,0,0,0,2,0,0,55,0,0,completed
24533,U4535,2025-10-31 09:15:00,2025-10-31 09:17:00,M,30~39,office,seoul,0,0,0,0,29,0,0,67,0,0,completed
24534,U4536,2025-06-07 08:02:00,2025-06-07 08:04:00,F,30~39,office,seoul,1,0,0,0,5,0,0,17,0,0,completed
24535,U4537,2025-06-09 20:55:00,2025-06-09 20:57:00,M,50+,office,seoul,0,0,0,0,1,0,0,68,0,0,completed
24536,U4538,2025-11-20 15:37:00,2025-11-20 15:44:00,F,20~29,office,seoul,0,0,0,0,13,0,0,52,0,0,completed
24537,U4539,2025-08-27 15:09:00,2025-08-27 15:12:00,F,50+,office,seoul,0,0,0,0,21,0,0,16,0,0,abandoned
24538,U4540,2025-03-18 09:16:00,2025-03-18 09:22:00,M,50+,office,seoul,0,0,0,0,10,0,0,17,0,1,completed
24539,U4541,2025-08-08 11:02:00,2025-08-08 11:07:00,F,20~29,office,seoul,0,0,0,0,13,0,0,57,0,0,completed
24540,U4542,2025-02-12 22:04:00,2025-02-12 22:09:00,F,30~39,office,seoul,0,0,0,0,11,0,0,48,0,0,completed
24541,U4543,2025-06-03 09:57:00,2025-06-03 10:00:00,F,20~29,office,seoul,0,0,0,0,8,0,0,47,0,0,completed
24542,U4544,2025-05-17 08:23:00,2025-05-17 08:27:00,M,30~39,office,seoul,1,0,0,0,2,0,0,44,0,0,completed
24543,U4545,2025-09-08 07:44:00,2025-09-08 07:46:00,F,30~39,office,seoul,0,0,0,0,12,0,0,47,0,0,completed
24544,U4546,2025-07-20 09:53:00,2025-07-20 09:56:00,F,40~49,office,seoul,1,0,0,0,28,0,0,42,0,0,completed
24545,U4547,2025-09-23 18:45:00,2025-09-23 18:49:00,F,50+,office,seoul,0,0,0,0,29,0,0,48,0,0,completed
24546,U4548,2025-11-17 16:00:00,2025-11-17 16:03:00,M,30~39,office,seoul,0,0,0,0,28,0,0,36,0,0,completed
24547,U4549,2025-01-21 22:32:00,2025-01-21 22:37:00,F,50+,office,seoul,0,0,0,0,12,0,0,73,0,0,completed
24548,U4550,2025-03-24 15:09:00,2025-03-24 15:12:00,F,20~29,office,seoul,0,0,0,0,25,0,0,26,0,0,abandoned
24549,U4551,2025-04-24 17:27:00,2025-04-24 17:33:00,M,30~39,office,seoul,0,0,0,0,6,0,0,56,0,0,abandoned
24550,U4552,2025-08-17 17:10:00,2025-08-17 17:17:00,M,40~49,office,seoul,1,0,0,0,12,0,0,25,0,0,completed
24551,U4553,2025-03-07 19:31:00,2025-03-07 19:35:00,M,40~49,office,seoul,0,0,0,0,9,0,0,76,0,0,abandoned
24552,U4554,2025-09-15 08:20:00,2025-09-15 08:22:00,M,20~29,office,seoul,0,0,0,0,9,0,0,48,0,0,completed
24553,U4555,2025-03-24 16:25:00,2025-03-24 16:30:00,F,30~39,office,seoul,0,0,0,0,16,0,0,46,0,0,completed
24554,U4556,2025-12-22 13:19:00,2025-12-22 13:22:00,F,50+,office,seoul,0,0,0,0,24,0,0,18,0,0,completed
24555,U4557,2025-08-18 13:24:00,2025-08-18 13:31:00,M,50+,office,seoul,0,0,0,0,27,0,0,22,0,0,completed
24556,U4558,2025-05-29 20:13:00,2025-05-29 20:16:00,F,20~29,office,seoul,0,0,0,0,14,0,0,67,0,0,error
24557,U4559,2025-05-19 19:41:00,2025-05-19 19:48:00,M,20~29,office,seoul,0,0,0,0,13,0,0,38,0,0,completed
24558,U4560,2025-06-28 15:34:00,2025-06-28 15:40:00,M,50+,office,seoul,1,0,0,0,5,0,0,35,0,0,completed
24559,U4561,2025-09-03 11:13:00,2025-09-03 11:19:00,M,50+,office,seoul,0,0,0,0,2,0,0,57,0,0,completed
24560,U4562,2025-08-10 11:24:00,2025-08-10 11:27:00,F,30~39,office,seoul,1,0,0,0,25,0,0,21,0,0,completed
24561,U4563,2025-04-28 18:22:00,2025-04-28 18:29:00,M,50+,office,seoul,0,0,0,0,22,0,0,33,0,0,completed
24562,U4564,2025-05-08 15:49:00,2025-05-08 15:51:00,F,30~39,office,seoul,0,0,0,0,10,0,0,31,0,0,completed
24563,U4565,2025-11-30 11:18:00,2025-11-30 11:25:00,M,50+,office,seoul,1,0,0,0,27,0,0,36,0,0,completed
24564,U4566,2025-02-26 13:26:00,2025-02-26 13:31:00,F,30~39,office,seoul,0,0,0,0,11,0,0,14,0,0,completed
24565,U4567,2025-05-07 07:17:00,2025-05-07 07:23:00,F,20~29,office,seoul,0,0,0,0,15,0,0,53,0,0,completed
24566,U4568,2025-07-29 20:53:00,2025-07-29 21:00:00,F,30~39,office,seoul,0,0,0,0,6,0,0,31,0,0,completed
24567,U4569,2025-12-22 18:37:00,2025-12-22 18:40:00,M,20~29,office,seoul,0,0,0,0,14,0,0,15,0,0,completed
24568,U4570,2025-01-04 07:07:00,2025-01-04 07:11:00,F,20~29,office,seoul,1,0,0,0,20,0,0,47,1,0,completed
24569,U4571,2025-03-30 13:14:00,2025-03-30 13:21:00,F,40~49,office,seoul,1,0,0,0,9,0,0,12,0,0,completed
24570,U4572,2025-10-14 15:02:00,2025-10-14 15:08:00,M,20~29,office,seoul,0,0,0,0,21,0,0,22,0,0,abandoned
24571,U4573,2025-03-01 17:59:00,2025-03-01 18:01:00,M,20~29,office,seoul,1,0,0,0,13,0,0,24,0,0,completed
24572,U4574,2025-11-17 13:28:00,2025-11-17 13:32:00,F,20~29,office,seoul,0,0,0,0,14,0,0,52,0,0,completed
24573,U4575,2025-01-01 12:30:00,2025-01-01 12:32:00,M,20~29,office,seoul,0,0,0,0,20,0,0,55,0,0,completed
24574,U4576,2025-07-09 16:48:00,2025-07-09 16:52:00,F,40~49,office,seoul,0,0,0,0,16,0,0,58,0,0,completed
24575,U4577,2025-04-10 22:13:00,2025-04-10 22:18:00,M,30~39,office,seoul,0,0,0,0,11,0,0,32,0,0,completed
24576,U4578,2025-08-31 19:00:00,2025-08-31 19:05:00,F,50+,office,seoul,1,0,0,0,23,0,0,34,1,0,completed
24577,U4579,2025-05-13 13:01:00,2025-05-13 13:06:00,F,40~49,office,seoul,0,0,0,0,1,0,0,28,0,0,completed
24578,U4580,2025-10-14 15:20:00,2025-10-14 15:26:00,F,20~29,office,seoul,0,0,0,0,11,0,0,29,0,0,completed
24579,U4581,2025-09-16 07:14:00,2025-09-16 07:21:00,M,30~39,office,seoul,0,0,0,0,25,0,0,24,0,0,completed
24580,U4582,2025-08-10 14:39:00,2025-08-10 14:41:00,M,30~39,office,seoul,1,0,0,0,25,0,0,44,0,0,abandoned
24581,U4583,2025-04-16 08:42:00,2025-04-16 08:44:00,M,20~29,office,seoul,0,0,0,0,21,0,0,14,0,0,completed
24582,U4584,2025-10-26 20:56:00,2025-10-26 21:03:00,F,20~29,office,seoul,1,0,0,0,6,0,0,48,0,0,completed
24583,U4585,2025-09-09 08:14:00,2025-09-09 08:16:00,M,30~39,office,seoul,0,0,0,0,20,0,0,19,0,0,completed
24584,U4586,2025-04-22 19:54:00,2025-04-22 19:56:00,F,40~49,office,seoul,0,0,0,0,7,0,0,24,0,0,completed
24585,U4587,2025-09-23 14:53:00,2025-09-23 14:57:00,F,30~39,office,seoul,0,0,0,0,9,0,0,38,0,0,completed
24586,U4588,2025-08-30 09:44:00,2025-08-30 09:50:00,M,50+,office,seoul,1,0,0,0,16,0,0,57,1,0,completed
24587,U4589,2025-06-04 14:04:00,2025-06-04 14:09:00,M,30~39,office,seoul,0,0,0,0,24,0,0,57,0,0,completed
24588,U4590,2025-10-16 18:12:00,2025-10-16 18:14:00,M,40~49,office,seoul,0,0,0,0,13,0,0,40,0,0,abandoned
24589,U4591,2025-06-24 12:10:00,2025-06-24 12:15:00,M,30~39,office,seoul,0,0,0,0,22,0,0,54,0,0,completed
24590,U4592,2025-03-02 14:28:00,2025-03-02 14:32:00,F,30~39,office,seoul,1,0,0,0,2,0,0,59,0,0,completed
24591,U4593,2025-10-15 15:55:00,2025-10-15 16:01:00,F,30~39,office,seoul,0,0,0,0,12,0,0,78,0,0,completed
24592,U4594,2025-03-18 12:58:00,2025-03-18 13:03:00,M,30~39,office,seoul,0,0,0,0,5,0,0,65,0,0,completed
24593,U4595,2025-07-28 12:11:00,2025-07-28 12:15:00,M,20~29,office,seoul,0,0,0,0,15,0,0,23,0,0,completed
24594,U4596,2025-05-06 18:18:00,2025-05-06 18:24:00,F,30~39,office,seoul,0,0,0,0,1,0,0,38,0,0,completed
24595,U4597,2025-04-03 15:05:00,2025-04-03 15:10:00,F,20~29,office,seoul,0,0,0,0,6,0,0,54,0,0,completed
24596,U4598,2025-01-15 17:07:00,2025-01-15 17:09:00,F,30~39,office,seoul,0,0,0,0,14,0,0,12,0,0,abandoned
24597,U4599,2025-06-01 14:45:00,2025-06-01 14:47:00,M,40~49,office,seoul,1,0,0,0,3,0,0,44,0,0,completed
24598,U4600,2025-06-22 17:11:00,2025-06-22 17:15:00,M,20~29,office,seoul,1,0,0,0,4,0,0,74,0,0,completed
24599,U4601,2025-08-24 08:39:00,2025-08-24 08:42:00,F,20~29,office,seoul,1,0,0,0,12,0,0,38,0,0,completed
24600,U4602,2025-04-24 13:41:00,2025-04-24 13:43:00,M,30~39,office,seoul,0,0,0,0,17,0,0,15,0,0,completed
24601,U4603,2025-10-18 15:18:00,2025-10-18 15:22:00,F,50+,office,seoul,1,0,0,0,16,0,0,13,0,0,completed
24602,U4604,2025-05-23 07:17:00,2025-05-23 07:22:00,F,20~29,office,seoul,0,0,0,0,12,0,0,28,0,0,abandoned
24603,U4605,2025-11-17 13:35:00,2025-11-17 13:37:00,M,20~29,office,seoul,0,0,0,0,9,0,0,19,0,0,completed
24604,U4606,2025-01-29 20:09:00,2025-01-29 20:12:00,M,20~29,office,seoul,0,0,0,0,13,0,0,14,0,0,completed
24605,U4607,2025-03-07 09:25:00,2025-03-07 09:32:00,F,20~29,office,seoul,0,0,0,0,16,0,0,39,0,0,abandoned
24606,U4608,2025-07-09 17:40:00,2025-07-09 17:42:00,M,50+,office,seoul,0,0,0,0,20,0,0,13,0,0,completed
24607,U4609,2025-10-09 17:23:00,2025-10-09 17:25:00,F,30~39,office,seoul,0,0,0,0,20,0,0,64,0,0,completed
24608,U4610,2025-11-03 09:10:00,2025-11-03 09:16:00,F,30~39,office,seoul,0,0,0,0,3,0,0,78,0,0,completed
24609,U4611,2025-11-13 20:24:00,2025-11-13 20:28:00,F,20~29,office,seoul,0,0,0,0,3,0,0,11,0,0,completed
24610,U4612,2025-08-27 12:07:00,2025-08-27 12:14:00,F,20~29,office,seoul,0,0,0,0,15,0,0,31,0,0,completed
24611,U4613,2025-07-21 16:55:00,2025-07-21 16:59:00,F,20~29,office,seoul,0,0,0,0,21,0,0,20,0,0,completed
24612,U4614,2025-12-28 15:24:00,2025-12-28 15:31:00,F,30~39,office,seoul,1,0,0,0,12,0,0,22,0,0,completed
24613,U4615,2025-08-30 16:23:00,2025-08-30 16:28:00,F,30~39,office,seoul,1,0,0,0,16,0,0,43,0,0,completed
24614,U4616,2025-11-19 08:32:00,2025-11-19 08:36:00,M,30~39,office,seoul,0,0,0,0,16,0,0,44,0,0,completed
24615,U4617,2025-03-03 08:14:00,2025-03-03 08:18:00,F,30~39,office,seoul,0,0,0,0,29,0,0,56,0,0,completed
24616,U4618,2025-10-26 16:19:00,2025-10-26 16:23:00,M,40~49,office,seoul,1,0,0,0,9,0,0,68,0,0,completed
24617,U4619,2025-06-13 11:34:00,2025-06-13 11:40:00,M,20~29,office,seoul,0,0,0,0,26,0,0,10,0,0,completed
24618,U4620,2025-06-17 16:13:00,2025-06-17 16:18:00,F,30~39,office,seoul,0,0,0,0,17,0,0,57,0,0,completed
24619,U4621,2025-06-18 09:35:00,2025-06-18 09:41:00,F,30~39,office,seoul,0,0,0,0,27,0,0,57,0,0,completed
24620,U4622,2025-12-09 14:31:00,2025-12-09 14:37:00,F,40~49,office,seoul,0,0,0,0,16,0,0,64,0,0,completed
24621,U4623,2025-09-21 11:59:00,2025-09-21 12:02:00,M,30~39,office,seoul,1,0,0,0,0,0,0,20,0,0,completed
24622,U4624,2025-05-24 12:50:00,2025-05-24 12:53:00,M,30~39,office,seoul,1,0,0,0,15,0,0,69,0,0,completed
24623,U4625,2025-06-02 14:37:00,2025-06-02 14:42:00,F,30~39,office,seoul,0,0,0,0,25,0,0,68,0,0,completed
24624,U4626,2025-06-15 09:08:00,2025-06-15 09:11:00,F,40~49,office,seoul,1,0,0,0,13,0,0,70,0,0,completed
24625,U4627,2025-08-04 09:37:00,2025-08-04 09:42:00,F,20~29,office,seoul,0,0,0,0,2,0,0,22,0,0,completed
24626,U4628,2025-06-19 15:53:00,2025-06-19 15:58:00,F,30~39,office,seoul,0,0,0,0,20,0,0,72,0,0,completed
24627,U4629,2025-02-01 08:09:00,2025-02-01 08:15:00,M,30~39,office,seoul,1,0,0,0,22,0,0,75,0,0,abandoned
24628,U4630,2025-09-14 16:36:00,2025-09-14 16:40:00,M,20~29,office,seoul,1,0,0,0,23,0,0,21,0,0,completed
24629,U4631,2025-08-28 08:45:00,2025-08-28 08:50:00,F,20~29,office,seoul,0,0,0,0,14,0,0,31,0,0,completed
24630,U4632,2025-10-20 07:38:00,2025-10-20 07:41:00,M,50+,office,seoul,0,0,0,0,25,0,0,54,0,0,completed
24631,U4633,2025-07-20 12:16:00,2025-07-20 12:18:00,M,20~29,office,seoul,1,0,0,0,15,0,0,22,0,0,timeout
24632,U4634,2025-07-25 09:54:00,2025-07-25 09:58:00,M,30~39,office,seoul,0,0,0,0,9,0,0,72,0,0,completed
24633,U4635,2025-02-03 11:37:00,2025-02-03 11:44:00,F,30~39,office,seoul,0,0,0,0,14,0,0,53,1,0,completed
24634,U4636,2025-03-28 12:41:00,2025-03-28 12:44:00,F,20~29,office,seoul,0,0,0,0,6,0,0,79,0,0,completed
24635,U4637,2025-09-07 19:35:00,2025-09-07 19:38:00,F,30~39,office,seoul,1,0,0,0,21,0,0,45,0,0,timeout
24636,U4638,2025-07-25 13:26:00,2025-07-25 13:28:00,F,50+,office,seoul,0,0,0,0,16,0,0,18,0,1,completed
24637,U4639,2025-08-17 15:38:00,2025-08-17 15:40:00,M,40~49,office,seoul,1,0,0,0,6,0,0,76,0,0,completed
24638,U4640,2025-05-11 09:43:00,2025-05-11 09:50:00,M,20~29,office,seoul,1,0,0,0,18,0,0,77,0,0,completed
24639,U4641,2025-02-17 17:42:00,2025-02-17 17:46:00,M,20~29,office,seoul,0,0,0,0,20,0,0,32,0,0,completed
24640,U4642,2025-04-18 14:03:00,2025-04-18 14:06:00,F,40~49,office,seoul,0,0,0,0,1,0,0,37,0,0,completed
24641,U4643,2025-09-04 09:05:00,2025-09-04 09:11:00,M,20~29,office,seoul,0,0,0,0,25,0,0,28,0,0,completed
24642,U4644,2025-04-02 19:23:00,2025-04-02 19:27:00,M,20~29,office,seoul,0,0,0,0,29,0,0,40,0,0,completed
24643,U4645,2025-04-27 20:25:00,2025-04-27 20:30:00,F,30~39,office,seoul,1,0,0,0,20,0,0,18,0,0,completed
24644,U4646,2025-09-27 22:55:00,2025-09-27 22:58:00,M,30~39,office,seoul,1,0,0,0,3,0,0,12,0,0,completed
24645,U4647,2025-01-09 15:33:00,2025-01-09 15:35:00,F,20~29,office,seoul,0,0,0,0,7,0,0,50,0,1,completed
24646,U4648,2025-09-09 09:42:00,2025-09-09 09:47:00,M,30~39,office,seoul,0,0,0,0,16,0,0,28,0,0,completed
24647,U4649,2025-08-05 09:03:00,2025-08-05 09:05:00,M,20~29,office,seoul,0,0,0,0,5,0,0,32,0,0,abandoned
24648,U4650,2025-11-12 12:15:00,2025-11-12 12:17:00,M,30~39,office,seoul,0,0,0,0,22,0,0,60,0,0,timeout
24649,U4651,2025-05-21 08:23:00,2025-05-21 08:30:00,M,20~29,office,seoul,0,0,0,0,8,0,0,22,0,0,completed
24650,U4652,2025-11-29 17:55:00,2025-11-29 17:58:00,M,30~39,office,seoul,1,0,0,0,21,0,0,75,1,0,abandoned
24651,U4653,2025-04-26 13:43:00,2025-04-26 13:47:00,F,50+,office,seoul,1,0,0,0,22,0,0,43,0,0,completed
24652,U4654,2025-05-30 15:01:00,2025-05-30 15:04:00,M,30~39,office,seoul,0,0,0,0,13,0,0,69,0,0,completed
24653,U4655,2025-12-05 18:22:00,2025-12-05 18:24:00,F,20~29,office,seoul,0,0,0,0,21,0,0,31,0,1,completed
24654,U4656,2025-01-06 12:10:00,2025-01-06 12:16:00,F,40~49,office,seoul,0,0,0,0,28,0,0,46,0,0,completed
24655,U4657,2025-11-03 14:54:00,2025-11-03 14:58:00,F,30~39,office,seoul,0,0,0,0,7,0,0,66,0,0,completed
24656,U4658,2025-04-29 16:01:00,2025-04-29 16:03:00,F,40~49,office,seoul,0,0,0,0,3,0,0,67,0,0,completed
24657,U4659,2025-01-10 13:28:00,2025-01-10 13:31:00,M,30~39,office,seoul,0,0,0,0,27,0,0,47,0,0,completed
24658,U4660,2025-03-15 16:21:00,2025-03-15 16:24:00,M,40~49,office,seoul,1,0,0,0,5,0,0,57,0,0,completed
24659,U4661,2025-01-10 18:20:00,2025-01-10 18:25:00,F,20~29,office,seoul,0,0,0,0,15,0,0,20,0,0,completed
24660,U4662,2025-11-01 15:17:00,2025-11-01 15:21:00,F,20~29,office,seoul,1,0,0,0,21,0,0,27,0,0,completed
24661,U4663,2025-02-19 16:25:00,2025-02-19 16:29:00,F,30~39,office,seoul,0,0,0,0,2,0,0,38,0,0,completed
24662,U4664,2025-09-06 19:52:00,2025-09-06 19:57:00,F,30~39,office,seoul,1,0,0,0,0,0,0,76,0,0,completed
24663,U4665,2025-02-18 17:40:00,2025-02-18 17:47:00,M,30~39,office,seoul,0,0,0,0,12,0,0,59,0,0,completed
24664,U4666,2025-08-06 20:27:00,2025-08-06 20:30:00,F,30~39,office,seoul,0,0,0,0,6,0,0,53,0,0,completed
24665,U4667,2025-01-29 09:28:00,2025-01-29 09:34:00,M,40~49,office,seoul,0,0,0,0,15,0,0,67,0,0,completed
24666,U4668,2025-11-15 13:13:00,2025-11-15 13:17:00,F,20~29,office,seoul,1,0,0,0,25,0,0,39,0,0,completed
24667,U4669,2025-06-08 12:48:00,2025-06-08 12:53:00,F,30~39,office,seoul,1,0,0,0,25,0,0,49,0,0,completed
24668,U4670,2025-03-03 16:28:00,2025-03-03 16:30:00,F,50+,office,seoul,0,0,0,0,14,0,0,64,0,0,completed
24669,U4671,2025-11-12 22:22:00,2025-11-12 22:28:00,F,50+,office,seoul,0,0,0,0,29,0,0,34,0,0,error
24670,U4672,2025-03-27 16:42:00,2025-03-27 16:45:00,F,20~29,office,seoul,0,0,0,0,15,0,0,32,0,1,abandoned
24671,U4673,2025-04-10 14:55:00,2025-04-10 15:01:00,F,30~39,office,seoul,0,0,0,0,21,0,0,74,0,0,completed
24672,U4674,2025-03-09 19:58:00,2025-03-09 20:00:00,M,20~29,office,seoul,1,0,0,0,20,0,0,23,0,0,completed
24673,U4675,2025-03-22 16:46:00,2025-03-22 16:50:00,F,20~29,office,seoul,1,0,0,0,9,0,0,10,0,0,completed
24674,U4676,2025-08-17 08:26:00,2025-08-17 08:29:00,F,20~29,office,seoul,1,0,0,0,7,0,0,52,0,0,completed
24675,U4677,2025-05-25 21:48:00,2025-05-25 21:52:00,F,50+,office,seoul,1,0,0,0,9,0,0,65,0,0,completed
24676,U4678,2025-04-10 08:05:00,2025-04-10 08:07:00,F,50+,office,seoul,0,0,0,0,2,0,0,20,0,0,error
24677,U4679,2025-11-21 08:21:00,2025-11-21 08:26:00,F,30~39,office,seoul,0,0,0,0,24,0,0,14,0,0,completed
24678,U4680,2025-03-26 08:18:00,2025-03-26 08:23:00,M,20~29,office,seoul,0,0,0,0,25,0,0,79,0,0,completed
24679,U4681,2025-09-09 18:57:00,2025-09-09 19:02:00,F,50+,office,seoul,0,0,0,0,26,0,0,52,1,0,completed
24680,U4682,2025-07-01 16:51:00,2025-07-01 16:55:00,F,30~39,office,seoul,0,0,0,0,24,0,0,29,0,0,completed
24681,U4683,2025-10-08 18:15:00,2025-10-08 18:17:00,F,20~29,office,seoul,0,0,0,0,18,0,0,56,0,0,completed
24682,U4684,2025-09-25 08:15:00,2025-09-25 08:20:00,F,30~39,office,seoul,0,0,0,0,4,0,0,10,0,0,completed
24683,U4685,2025-06-09 17:56:00,2025-06-09 18:00:00,M,20~29,office,seoul,0,0,0,0,6,0,0,59,0,0,abandoned
24684,U4686,2025-04-02 18:20:00,2025-04-02 18:23:00,M,40~49,office,seoul,0,0,0,0,26,0,0,65,0,0,completed
24685,U4687,2025-08-03 13:28:00,2025-08-03 13:35:00,M,20~29,office,seoul,1,0,0,0,7,0,0,12,0,0,completed
24686,U4688,2025-11-17 17:38:00,2025-11-17 17:41:00,F,50+,office,seoul,0,0,0,0,24,0,0,63,0,1,completed
24687,U4689,2025-03-16 11:36:00,2025-03-16 11:38:00,F,20~29,office,seoul,1,0,0,0,28,0,0,23,0,0,completed
24688,U4690,2025-12-28 08:49:00,2025-12-28 08:51:00,F,20~29,office,seoul,1,0,0,0,5,0,0,72,0,0,completed
24689,U4691,2025-02-02 11:23:00,2025-02-02 11:26:00,F,40~49,office,seoul,1,0,0,0,15,0,0,33,0,0,completed
24690,U4692,2025-07-16 13:57:00,2025-07-16 14:01:00,F,40~49,office,seoul,0,0,0,0,3,0,0,12,0,0,completed
24691,U4693,2025-07-21 15:08:00,2025-07-21 15:15:00,F,20~29,office,seoul,0,0,0,0,24,0,0,17,0,0,completed
24692,U4694,2025-02-17 08:20:00,2025-02-17 08:23:00,M,40~49,office,seoul,0,0,0,0,12,0,0,38,0,0,completed
24693,U4695,2025-11-20 22:25:00,2025-11-20 22:30:00,M,30~39,office,seoul,0,0,0,0,11,0,0,40,0,0,completed
24694,U4696,2025-02-08 12:01:00,2025-02-08 12:05:00,M,30~39,office,seoul,1,0,0,0,11,0,0,66,0,0,completed
24695,U4697,2025-02-24 19:02:00,2025-02-24 19:06:00,M,30~39,office,seoul,0,0,0,0,20,0,0,62,0,0,abandoned
24696,U4698,2025-04-12 13:09:00,2025-04-12 13:13:00,F,30~39,office,seoul,1,0,0,0,28,0,0,68,0,0,completed
24697,U4699,2025-10-10 18:42:00,2025-10-10 18:44:00,M,50+,office,seoul,0,0,0,0,1,0,0,15,1,0,completed
24698,U4700,2025-03-30 11:28:00,2025-03-30 11:30:00,M,40~49,office,seoul,1,0,0,0,13,0,0,43,1,0,completed
24699,U4701,2025-07-01 12:15:00,2025-07-01 12:17:00,M,20~29,office,seoul,0,0,0,0,17,0,0,55,0,0,completed
24700,U4702,2025-06-18 09:48:00,2025-06-18 09:52:00,M,30~39,office,seoul,0,0,0,0,8,0,0,37,0,0,completed
24701,U4703,2025-12-28 11:52:00,2025-12-28 11:59:00,F,20~29,office,seoul,1,0,0,0,28,0,0,30,0,0,completed
24702,U4704,2025-04-07 17:41:00,2025-04-07 17:43:00,F,40~49,office,seoul,0,0,0,0,9,0,0,53,0,0,completed
24703,U4705,2025-11-03 07:26:00,2025-11-03 07:33:00,M,20~29,office,seoul,0,0,0,0,18,0,0,56,0,0,completed
24704,U4706,2025-09-19 08:50:00,2025-09-19 08:55:00,F,30~39,office,seoul,0,0,0,0,4,0,0,28,0,0,completed
24705,U4707,2025-10-27 19:29:00,2025-10-27 19:33:00,M,30~39,office,seoul,0,0,0,0,4,0,0,47,0,0,completed
24706,U4708,2025-05-20 15:49:00,2025-05-20 15:55:00,M,20~29,office,seoul,0,0,0,0,1,0,0,39,0,0,completed
24707,U4709,2025-01-27 15:13:00,2025-01-27 15:20:00,F,20~29,office,seoul,0,0,0,0,10,0,0,29,0,0,completed
24708,U4710,2025-07-19 18:33:00,2025-07-19 18:38:00,F,50+,office,seoul,1,0,0,0,10,0,0,34,0,0,completed
24709,U4711,2025-10-20 15:18:00,2025-10-20 15:25:00,F,20~29,office,seoul,0,0,0,0,15,0,0,63,0,0,completed
24710,U4712,2025-11-24 07:41:00,2025-11-24 07:46:00,M,20~29,office,seoul,0,0,0,0,26,0,0,53,0,0,completed
24711,U4713,2025-07-18 21:36:00,2025-07-18 21:41:00,M,20~29,office,seoul,0,0,0,0,17,0,0,44,0,0,abandoned
24712,U4714,2025-12-08 16:39:00,2025-12-08 16:45:00,M,20~29,office,seoul,0,0,0,0,10,0,0,39,0,0,completed
24713,U4715,2025-11-05 07:56:00,2025-11-05 08:00:00,M,20~29,office,seoul,0,0,0,0,29,0,0,46,0,0,abandoned
24714,U4716,2025-05-31 11:58:00,2025-05-31 12:00:00,F,40~49,office,seoul,1,0,0,0,25,0,0,58,0,0,completed
24715,U4717,2025-11-17 19:22:00,2025-11-17 19:26:00,F,20~29,office,seoul,0,0,0,0,17,0,0,73,0,0,completed
24716,U4718,2025-04-20 08:52:00,2025-04-20 08:55:00,F,20~29,office,seoul,1,0,0,0,29,0,0,79,0,1,completed
24717,U4719,2025-08-13 07:13:00,2025-08-13 07:16:00,M,20~29,office,seoul,0,0,0,0,14,0,0,77,0,0,completed
24718,U4720,2025-12-07 14:39:00,2025-12-07 14:42:00,F,50+,office,seoul,1,0,0,0,19,0,0,58,0,0,completed
24719,U4721,2025-01-13 09:48:00,2025-01-13 09:51:00,M,30~39,office,seoul,0,0,0,0,9,0,0,25,0,0,completed
24720,U4722,2025-04-22 13:53:00,2025-04-22 13:57:00,M,40~49,office,seoul,0,0,0,0,6,0,0,33,0,0,completed
24721,U4723,2025-04-18 16:42:00,2025-04-18 16:46:00,M,20~29,office,seoul,0,0,0,0,0,0,0,65,0,0,completed
24722,U4724,2025-07-14 15:07:00,2025-07-14 15:10:00,F,20~29,office,seoul,0,0,0,0,25,0,0,26,0,0,completed
24723,U4725,2025-10-07 15:55:00,2025-10-07 15:59:00,F,40~49,office,seoul,0,0,0,0,14,0,0,79,0,0,completed
24724,U4726,2025-02-24 21:15:00,2025-02-24 21:18:00,F,20~29,office,seoul,0,0,0,0,9,0,0,56,0,0,completed
24725,U4727,2025-02-04 08:18:00,2025-02-04 08:20:00,F,30~39,office,seoul,0,0,0,0,6,0,0,14,0,0,completed
24726,U4728,2025-08-08 11:04:00,2025-08-08 11:08:00,F,40~49,office,seoul,0,0,0,0,21,0,0,29,0,0,completed
24727,U4729,2025-07-12 07:35:00,2025-07-12 07:40:00,M,40~49,office,seoul,1,0,0,0,13,0,0,24,0,0,completed
24728,U4730,2025-07-21 07:33:00,2025-07-21 07:38:00,M,20~29,office,seoul,0,0,0,0,24,0,0,35,0,0,timeout
24729,U4731,2025-03-11 11:19:00,2025-03-11 11:25:00,F,30~39,office,seoul,0,0,0,0,29,0,0,40,0,0,completed
24730,U4732,2025-09-12 15:09:00,2025-09-12 15:16:00,F,40~49,office,seoul,0,0,0,0,7,0,0,14,0,0,abandoned
24731,U4733,2025-11-26 09:51:00,2025-11-26 09:55:00,F,20~29,office,seoul,0,0,0,0,18,0,0,73,0,1,completed
24732,U4734,2025-05-20 08:25:00,2025-05-20 08:28:00,F,40~49,office,seoul,0,0,0,0,28,0,0,78,0,0,completed
24733,U4735,2025-03-13 15:08:00,2025-03-13 15:15:00,F,40~49,office,seoul,0,0,0,0,9,0,0,10,0,0,completed
24734,U4736,2025-07-20 08:55:00,2025-07-20 08:58:00,M,30~39,office,seoul,1,0,0,0,21,0,0,24,0,0,completed
24735,U4737,2025-10-27 18:40:00,2025-10-27 18:47:00,F,40~49,office,seoul,0,0,0,0,14,0,0,53,0,0,completed
24736,U4738,2025-11-18 14:59:00,2025-11-18 15:05:00,M,20~29,office,seoul,0,0,0,0,19,0,0,28,0,0,completed
24737,U4739,2025-04-01 16:44:00,2025-04-01 16:47:00,F,30~39,office,seoul,0,0,0,0,27,0,0,10,0,0,completed
24738,U4740,2025-10-12 20:51:00,2025-10-12 20:57:00,F,50+,office,seoul,1,0,0,0,6,0,0,44,0,0,completed
24739,U4741,2025-11-21 13:23:00,2025-11-21 13:26:00,F,40~49,office,seoul,0,0,0,0,12,0,0,20,0,0,completed
24740,U4742,2025-06-24 15:14:00,2025-06-24 15:20:00,M,50+,office,seoul,0,0,0,0,6,0,0,78,0,0,completed
24741,U4743,2025-12-12 17:27:00,2025-12-12 17:33:00,M,20~29,office,seoul,0,0,0,0,11,0,0,77,0,0,completed
24742,U4744,2025-09-11 12:44:00,2025-09-11 12:47:00,F,20~29,office,seoul,0,0,0,0,24,0,0,69,0,0,completed
24743,U4745,2025-07-23 11:45:00,2025-07-23 11:47:00,M,30~39,office,seoul,0,0,0,0,9,0,0,35,0,0,timeout
24744,U4746,2025-02-19 12:13:00,2025-02-19 12:17:00,F,30~39,office,seoul,0,0,0,0,17,0,0,69,0,0,completed
24745,U4747,2025-11-01 17:07:00,2025-11-01 17:10:00,F,30~39,office,seoul,1,0,0,0,1,0,0,36,0,0,completed
24746,U4748,2025-08-19 09:51:00,2025-08-19 09:57:00,M,40~49,office,seoul,0,0,0,0,29,0,0,41,0,0,completed
24747,U4749,2025-11-13 19:02:00,2025-11-13 19:07:00,M,20~29,office,seoul,0,0,0,0,2,0,0,18,0,0,completed
24748,U4750,2025-10-28 11:05:00,2025-10-28 11:11:00,F,20~29,office,seoul,0,0,0,0,2,0,0,65,0,0,timeout
24749,U4751,2025-03-10 21:58:00,2025-03-10 22:01:00,F,50+,office,seoul,0,0,0,0,18,0,0,34,1,0,completed
24750,U4752,2025-11-16 09:07:00,2025-11-16 09:14:00,F,30~39,office,seoul,1,0,0,0,4,0,0,30,0,0,completed
24751,U4753,2025-08-24 09:40:00,2025-08-24 09:46:00,F,30~39,office,seoul,1,0,0,0,13,0,0,31,0,0,completed
24752,U4754,2025-09-05 16:46:00,2025-09-05 16:49:00,M,20~29,office,seoul,0,0,0,0,15,0,0,38,0,0,completed
24753,U4755,2025-03-21 15:00:00,2025-03-21 15:06:00,M,50+,office,seoul,0,0,0,0,9,0,0,68,0,0,completed
24754,U4756,2025-03-01 13:10:00,2025-03-01 13:16:00,F,40~49,office,seoul,1,0,0,0,5,0,0,39,1,0,completed
24755,U4757,2025-07-19 15:53:00,2025-07-19 15:59:00,F,20~29,office,seoul,1,0,0,0,12,0,0,14,0,0,completed
24756,U4758,2025-07-15 19:14:00,2025-07-15 19:19:00,F,30~39,office,seoul,0,0,0,0,29,0,0,30,0,0,completed
24757,U4759,2025-06-04 17:15:00,2025-06-04 17:20:00,M,40~49,office,seoul,0,0,0,0,17,0,0,28,0,0,abandoned
24758,U4760,2025-06-11 09:58:00,2025-06-11 10:02:00,M,40~49,office,seoul,0,0,0,0,4,0,0,55,0,0,completed
24759,U4761,2025-04-22 14:51:00,2025-04-22 14:54:00,M,50+,office,seoul,0,0,0,0,7,0,0,43,0,0,abandoned
24760,U4762,2025-01-30 08:50:00,2025-01-30 08:57:00,M,40~49,office,seoul,0,0,0,0,20,0,0,22,0,0,completed
24761,U4763,2025-04-20 19:33:00,2025-04-20 19:35:00,M,40~49,office,seoul,1,0,0,0,13,0,0,43,0,0,timeout
24762,U4764,2025-07-30 08:12:00,2025-07-30 08:18:00,M,40~49,office,seoul,0,0,0,0,15,0,0,27,0,0,completed
24763,U4765,2025-09-30 07:26:00,2025-09-30 07:28:00,F,50+,office,seoul,0,0,0,0,0,0,0,29,0,0,completed
24764,U4766,2025-08-11 11:06:00,2025-08-11 11:10:00,F,50+,office,seoul,0,0,0,0,28,0,0,19,0,0,completed
24765,U4767,2025-11-10 08:58:00,2025-11-10 09:01:00,F,30~39,office,seoul,0,0,0,0,23,0,0,70,0,0,completed
24766,U4768,2025-01-05 14:54:00,2025-01-05 15:01:00,M,30~39,office,seoul,1,0,0,0,15,0,0,52,0,0,completed
24767,U4769,2025-09-25 15:43:00,2025-09-25 15:48:00,F,20~29,office,seoul,0,0,0,0,2,0,0,21,0,0,completed
24768,U4770,2025-08-31 12:58:00,2025-08-31 13:00:00,M,50+,office,seoul,1,0,0,0,10,0,0,17,0,0,completed
24769,U4771,2025-03-22 21:24:00,2025-03-22 21:28:00,M,20~29,office,seoul,1,0,0,0,9,0,0,11,0,0,completed
24770,U4772,2025-01-18 19:26:00,2025-01-18 19:32:00,F,30~39,office,seoul,1,0,0,0,21,0,0,67,0,0,completed
24771,U4773,2025-11-29 17:43:00,2025-11-29 17:47:00,M,50+,office,seoul,1,0,0,0,11,0,0,39,0,0,completed
24772,U4774,2025-09-19 17:41:00,2025-09-19 17:43:00,F,20~29,office,seoul,0,0,0,0,2,0,0,45,0,0,abandoned
24773,U4775,2025-11-11 17:26:00,2025-11-11 17:33:00,F,30~39,office,seoul,0,0,0,0,0,0,0,24,0,0,abandoned
24774,U4776,2025-03-30 09:55:00,2025-03-30 10:00:00,M,20~29,office,seoul,1,0,0,0,3,0,0,18,0,0,completed
24775,U4777,2025-06-14 14:20:00,2025-06-14 14:26:00,M,20~29,office,seoul,1,0,0,0,13,0,0,45,0,0,completed
24776,U4778,2025-11-25 09:14:00,2025-11-25 09:21:00,F,40~49,office,seoul,0,0,0,0,1,0,0,46,0,0,completed
24777,U4779,2025-12-11 12:52:00,2025-12-11 12:54:00,M,20~29,office,seoul,0,0,0,0,20,0,0,55,0,0,timeout
24778,U4780,2025-11-14 17:40:00,2025-11-14 17:42:00,F,30~39,office,seoul,0,0,0,0,8,0,0,30,0,0,abandoned
24779,U4781,2025-04-24 14:02:00,2025-04-24 14:06:00,F,20~29,office,seoul,0,0,0,0,0,0,0,11,0,0,completed
24780,U4782,2025-12-16 16:25:00,2025-12-16 16:31:00,F,30~39,office,seoul,0,0,0,0,20,0,0,57,0,0,abandoned
24781,U4783,2025-06-23 12:56:00,2025-06-23 13:00:00,M,20~29,office,seoul,0,0,0,0,17,0,0,46,0,0,completed
24782,U4784,2025-02-10 20:54:00,2025-02-10 20:59:00,M,30~39,office,seoul,0,0,0,0,2,0,0,49,0,0,completed
24783,U4785,2025-01-05 17:49:00,2025-01-05 17:53:00,F,50+,office,seoul,1,0,0,0,20,0,0,49,0,0,timeout
24784,U4786,2025-08-12 09:14:00,2025-08-12 09:20:00,F,20~29,office,seoul,0,0,0,0,24,0,0,74,0,0,completed
24785,U4787,2025-11-04 20:11:00,2025-11-04 20:15:00,F,20~29,office,seoul,0,0,0,0,24,0,0,48,0,0,completed
24786,U4788,2025-05-18 11:20:00,2025-05-18 11:27:00,F,50+,office,seoul,1,0,0,0,23,0,0,38,0,0,completed
24787,U4789,2025-12-12 12:32:00,2025-12-12 12:34:00,F,20~29,office,seoul,0,0,0,0,20,0,0,56,0,0,completed
24788,U4790,2025-11-27 19:05:00,2025-11-27 19:12:00,F,40~49,office,seoul,0,0,0,0,27,0,0,34,0,0,timeout
24789,U4791,2025-01-10 09:39:00,2025-01-10 09:41:00,M,20~29,office,seoul,0,0,0,0,14,0,0,53,0,0,completed
24790,U4792,2025-09-09 09:07:00,2025-09-09 09:09:00,F,20~29,office,seoul,0,0,0,0,18,0,0,14,0,0,completed
24791,U4793,2025-07-21 09:05:00,2025-07-21 09:12:00,M,30~39,office,seoul,0,0,0,0,21,0,0,40,0,0,error
24792,U4794,2025-07-08 15:12:00,2025-07-08 15:17:00,F,40~49,office,seoul,0,0,0,0,20,0,0,76,1,0,completed
24793,U4795,2025-08-12 16:33:00,2025-08-12 16:40:00,M,50+,office,seoul,0,0,0,0,6,0,0,15,0,0,timeout
24794,U4796,2025-06-10 14:54:00,2025-06-10 14:59:00,F,20~29,office,seoul,0,0,0,0,4,0,0,41,0,0,completed
24795,U4797,2025-01-30 22:12:00,2025-01-30 22:16:00,F,20~29,office,seoul,0,0,0,0,14,0,0,40,0,0,abandoned
24796,U4798,2025-10-16 14:14:00,2025-10-16 14:20:00,F,20~29,office,seoul,0,0,0,0,14,0,0,23,0,0,completed
24797,U4799,2025-11-14 13:19:00,2025-11-14 13:26:00,M,30~39,office,seoul,0,0,0,0,22,0,0,12,0,0,completed
24798,U4800,2025-09-17 09:58:00,2025-09-17 10:04:00,F,30~39,office,seoul,0,0,0,0,29,0,0,35,0,0,completed
24799,U4801,2025-03-22 09:33:00,2025-03-22 09:40:00,M,20~29,office,seoul,1,0,0,0,22,0,0,58,0,0,completed
24800,U4802,2025-03-26 08:07:00,2025-03-26 08:14:00,M,30~39,office,seoul,0,0,0,0,29,0,0,43,0,0,completed
24801,U4803,2025-08-26 07:43:00,2025-08-26 07:45:00,F,30~39,office,seoul,0,0,0,0,27,0,0,79,0,0,completed
24802,U4804,2025-01-25 13:39:00,2025-01-25 13:43:00,F,20~29,office,seoul,1,0,0,0,24,0,0,51,1,0,abandoned
24803,U4805,2025-02-08 17:00:00,2025-02-08 17:05:00,M,20~29,office,seoul,1,0,0,0,27,0,0,11,0,0,completed
24804,U4806,2025-04-07 16:41:00,2025-04-07 16:48:00,M,30~39,office,seoul,0,0,0,0,3,0,0,21,0,0,completed
24805,U4807,2025-04-12 19:04:00,2025-04-12 19:06:00,M,50+,office,seoul,1,0,0,0,0,0,0,51,0,0,completed
24806,U4808,2025-12-16 13:15:00,2025-12-16 13:19:00,M,20~29,office,seoul,0,0,0,0,16,0,0,48,0,0,completed
24807,U4809,2025-01-01 16:39:00,2025-01-01 16:46:00,F,40~49,office,seoul,0,0,0,0,26,0,0,60,0,0,completed
24808,U4810,2025-04-05 17:31:00,2025-04-05 17:36:00,M,30~39,office,seoul,1,0,0,0,13,0,0,61,0,0,completed
24809,U4811,2025-09-04 18:14:00,2025-09-04 18:16:00,F,20~29,office,seoul,0,0,0,0,2,0,0,48,0,0,completed
24810,U4812,2025-08-05 11:28:00,2025-08-05 11:34:00,F,30~39,office,seoul,0,0,0,0,10,0,0,74,0,0,completed
24811,U4813,2025-08-21 13:16:00,2025-08-21 13:23:00,M,20~29,office,seoul,0,0,0,0,22,0,0,57,0,0,completed
24812,U4814,2025-10-04 08:39:00,2025-10-04 08:43:00,F,30~39,office,seoul,1,0,0,0,1,0,0,66,0,0,completed
24813,U4815,2025-06-12 12:13:00,2025-06-12 12:16:00,F,30~39,office,seoul,0,0,0,0,18,0,0,61,0,0,completed
24814,U4816,2025-06-10 12:00:00,2025-06-10 12:03:00,F,40~49,office,seoul,0,0,0,0,3,0,0,79,0,0,completed
24815,U4817,2025-10-24 11:18:00,2025-10-24 11:22:00,F,30~39,office,seoul,0,0,0,0,23,0,0,13,0,0,completed
24816,U4818,2025-08-29 12:09:00,2025-08-29 12:11:00,F,40~49,office,seoul,0,0,0,0,12,0,0,51,0,0,completed
24817,U4819,2025-08-31 16:03:00,2025-08-31 16:05:00,M,30~39,office,seoul,1,0,0,0,6,0,0,16,0,0,completed
24818,U4820,2025-09-21 16:54:00,2025-09-21 17:01:00,M,50+,office,seoul,1,0,0,0,7,0,0,52,0,0,completed
24819,U4821,2025-12-06 17:19:00,2025-12-06 17:26:00,M,20~29,office,seoul,1,0,0,0,11,0,0,15,0,0,completed
24820,U4822,2025-09-29 20:47:00,2025-09-29 20:52:00,F,50+,office,seoul,0,0,0,0,8,0,0,71,0,0,completed
24821,U4823,2025-06-26 15:25:00,2025-06-26 15:31:00,F,50+,office,seoul,0,0,0,0,9,0,0,72,1,0,completed
24822,U4824,2025-07-28 15:26:00,2025-07-28 15:29:00,F,20~29,office,seoul,0,0,0,0,2,0,0,14,0,0,completed
24823,U4825,2025-03-16 09:28:00,2025-03-16 09:34:00,M,20~29,office,seoul,1,0,0,0,24,0,0,17,0,0,completed
24824,U4826,2025-03-08 13:02:00,2025-03-08 13:05:00,M,50+,office,seoul,1,0,0,0,6,0,0,57,0,0,completed
24825,U4827,2025-03-06 12:11:00,2025-03-06 12:13:00,M,20~29,office,seoul,0,0,0,0,4,0,0,72,0,0,completed
24826,U4828,2025-08-13 20:21:00,2025-08-13 20:25:00,F,50+,office,seoul,0,0,0,0,7,0,0,54,0,0,completed
24827,U4829,2025-05-05 16:04:00,2025-05-05 16:11:00,M,40~49,office,seoul,0,0,0,0,13,0,0,20,0,0,completed
24828,U4830,2025-04-26 15:04:00,2025-04-26 15:11:00,F,20~29,office,seoul,1,0,0,0,4,0,0,29,0,0,error
24829,U4831,2025-05-27 14:48:00,2025-05-27 14:54:00,M,50+,office,seoul,0,0,0,0,16,0,0,16,0,0,completed
24830,U4832,2025-01-23 11:54:00,2025-01-23 12:01:00,F,30~39,office,seoul,0,0,0,0,18,0,0,22,0,0,completed
24831,U4833,2025-12-16 11:05:00,2025-12-16 11:07:00,F,20~29,office,seoul,0,0,0,0,2,0,0,27,0,0,completed
24832,U4834,2025-07-10 09:33:00,2025-07-10 09:40:00,F,30~39,office,seoul,0,0,0,0,29,0,0,22,0,0,completed
24833,U4835,2025-09-30 13:27:00,2025-09-30 13:30:00,F,50+,office,seoul,0,0,0,0,7,0,0,37,1,0,completed
24834,U4836,2025-07-26 13:46:00,2025-07-26 13:52:00,M,30~39,office,seoul,1,0,0,0,21,0,0,16,0,0,completed
24835,U4837,2025-11-07 12:57:00,2025-11-07 13:00:00,F,20~29,office,seoul,0,0,0,0,19,0,0,19,0,0,completed
24836,U4838,2025-06-14 12:58:00,2025-06-14 13:01:00,F,50+,office,seoul,1,0,0,0,11,0,0,39,0,0,completed
24837,U4839,2025-09-28 12:16:00,2025-09-28 12:23:00,F,40~49,office,seoul,1,0,0,0,13,0,0,54,0,0,completed
24838,U4840,2025-04-21 07:50:00,2025-04-21 07:54:00,M,20~29,office,seoul,0,0,0,0,3,0,0,17,0,0,completed
24839,U4841,2025-09-02 12:55:00,2025-09-02 13:00:00,M,40~49,office,seoul,0,0,0,0,26,0,0,31,0,0,completed
24840,U4842,2025-03-22 14:21:00,2025-03-22 14:25:00,M,20~29,office,seoul,1,0,0,0,20,0,0,46,0,0,completed
24841,U4843,2025-07-01 18:32:00,2025-07-01 18:38:00,F,50+,office,seoul,0,0,0,0,5,0,0,69,0,0,completed
24842,U4844,2025-03-20 09:03:00,2025-03-20 09:06:00,M,30~39,office,seoul,0,0,0,0,0,0,0,39,0,0,completed
24843,U4845,2025-06-01 15:07:00,2025-06-01 15:14:00,M,20~29,office,seoul,1,0,0,0,28,0,0,41,0,0,abandoned
24844,U4846,2025-06-09 18:14:00,2025-06-09 18:16:00,M,20~29,office,seoul,0,0,0,0,21,0,0,71,0,0,abandoned
24845,U4847,2025-05-07 09:46:00,2025-05-07 09:48:00,F,30~39,office,seoul,0,0,0,0,9,0,0,23,0,0,completed
24846,U4848,2025-07-26 13:28:00,2025-07-26 13:30:00,F,20~29,office,seoul,1,0,0,0,23,0,0,10,0,0,completed
24847,U4849,2025-06-19 12:05:00,2025-06-19 12:10:00,M,30~39,office,seoul,0,0,0,0,16,0,0,53,0,0,completed
24848,U4850,2025-12-21 14:12:00,2025-12-21 14:16:00,M,30~39,office,seoul,1,0,0,0,8,0,0,13,0,0,completed
24849,U4851,2025-10-10 16:20:00,2025-10-10 16:27:00,M,30~39,office,seoul,0,0,0,0,6,0,0,59,0,0,completed
24850,U4852,2025-03-24 15:37:00,2025-03-24 15:43:00,F,20~29,office,seoul,0,0,0,0,11,0,0,25,0,0,completed
24851,U4853,2025-05-29 16:27:00,2025-05-29 16:29:00,F,50+,office,seoul,0,0,0,0,18,0,0,77,1,0,completed
24852,U4854,2025-06-10 12:56:00,2025-06-10 13:00:00,M,20~29,office,seoul,0,0,0,0,11,0,0,70,0,0,timeout
24853,U4855,2025-05-02 08:55:00,2025-05-02 08:57:00,F,30~39,office,seoul,0,0,0,0,23,0,0,43,0,0,completed
24854,U4856,2025-09-21 14:52:00,2025-09-21 14:54:00,F,30~39,office,seoul,1,0,0,0,17,0,0,54,0,0,completed
24855,U4857,2025-07-15 16:17:00,2025-07-15 16:22:00,F,30~39,office,seoul,0,0,0,0,4,0,0,77,0,0,completed
24856,U4858,2025-06-26 09:02:00,2025-06-26 09:09:00,F,20~29,office,seoul,0,0,0,0,2,0,0,51,0,0,completed
24857,U4859,2025-05-27 12:04:00,2025-05-27 12:10:00,F,30~39,office,seoul,0,0,0,0,5,0,0,58,0,0,completed
24858,U4860,2025-03-14 09:37:00,2025-03-14 09:42:00,F,20~29,office,seoul,0,0,0,0,18,0,0,45,0,0,completed
24859,U4861,2025-11-20 13:38:00,2025-11-20 13:42:00,F,30~39,office,seoul,0,0,0,0,22,0,0,65,0,0,completed
24860,U4862,2025-04-04 17:19:00,2025-04-04 17:26:00,F,30~39,office,seoul,0,0,0,0,7,0,0,60,0,0,completed
24861,U4863,2025-06-02 13:23:00,2025-06-02 13:30:00,M,40~49,office,seoul,0,0,0,0,11,0,0,21,0,0,completed
24862,U4864,2025-04-30 18:45:00,2025-04-30 18:48:00,F,20~29,office,seoul,0,0,0,0,10,0,0,28,0,0,completed
24863,U4865,2025-01-25 15:42:00,2025-01-25 15:44:00,F,50+,office,seoul,1,0,0,0,23,0,0,15,0,0,completed
24864,U4866,2025-08-22 19:32:00,2025-08-22 19:36:00,F,30~39,office,seoul,0,0,0,0,4,0,0,63,0,0,completed
24865,U4867,2025-08-29 14:39:00,2025-08-29 14:42:00,M,30~39,office,seoul,0,0,0,0,27,0,0,48,0,0,completed
24866,U4868,2025-08-16 15:10:00,2025-08-16 15:17:00,F,20~29,office,seoul,1,0,0,0,14,0,0,56,0,0,completed
24867,U4869,2025-07-07 14:58:00,2025-07-07 15:02:00,F,20~29,office,seoul,0,0,0,0,12,0,0,23,0,0,completed
24868,U4870,2025-02-01 11:39:00,2025-02-01 11:44:00,F,40~49,office,seoul,1,0,0,0,0,0,0,67,0,0,completed
24869,U4871,2025-08-22 15:54:00,2025-08-22 15:58:00,F,30~39,office,seoul,0,0,0,0,25,0,0,66,0,0,error
24870,U4872,2025-06-30 09:31:00,2025-06-30 09:38:00,M,20~29,office,seoul,0,0,0,0,16,0,0,44,0,0,completed
24871,U4873,2025-04-25 17:56:00,2025-04-25 17:58:00,F,20~29,office,seoul,0,0,0,0,8,0,0,41,0,0,completed
24872,U4874,2025-01-22 07:51:00,2025-01-22 07:58:00,M,30~39,office,seoul,0,0,0,0,9,0,0,73,0,0,abandoned
24873,U4875,2025-10-31 15:20:00,2025-10-31 15:27:00,M,40~49,office,seoul,0,0,0,0,12,0,0,56,0,0,completed
24874,U4876,2025-03-06 08:39:00,2025-03-06 08:45:00,F,50+,office,seoul,0,0,0,0,4,0,0,28,0,0,completed
24875,U4877,2025-11-04 11:56:00,2025-11-04 12:00:00,M,20~29,office,seoul,0,0,0,0,10,0,0,78,0,0,completed
24876,U4878,2025-07-22 14:20:00,2025-07-22 14:25:00,F,20~29,office,seoul,0,0,0,0,0,0,0,66,0,0,completed
24877,U4879,2025-09-24 15:26:00,2025-09-24 15:31:00,F,20~29,office,seoul,0,0,0,0,22,0,0,68,0,0,abandoned
24878,U4880,2025-08-21 09:19:00,2025-08-21 09:25:00,M,40~49,office,seoul,0,0,0,0,17,0,0,61,0,0,completed
24879,U4881,2025-07-27 15:07:00,2025-07-27 15:10:00,M,30~39,office,seoul,1,0,0,0,0,0,0,12,0,0,completed
24880,U4882,2025-06-05 16:34:00,2025-06-05 16:37:00,F,50+,office,seoul,0,0,0,0,11,0,0,20,0,0,completed
24881,U4883,2025-07-15 14:02:00,2025-07-15 14:09:00,M,20~29,office,seoul,0,0,0,0,27,0,0,64,0,0,completed
24882,U4884,2025-07-04 16:16:00,2025-07-04 16:19:00,F,20~29,office,seoul,0,0,0,0,2,0,0,63,0,0,completed
24883,U4885,2025-07-08 13:38:00,2025-07-08 13:42:00,F,20~29,office,seoul,0,0,0,0,10,0,0,74,0,0,completed
24884,U4886,2025-08-29 12:34:00,2025-08-29 12:39:00,F,20~29,office,seoul,0,0,0,0,17,0,0,23,0,0,completed
24885,U4887,2025-06-01 13:52:00,2025-06-01 13:55:00,F,30~39,office,seoul,1,0,0,0,6,0,0,39,0,0,completed
24886,U4888,2025-10-01 11:39:00,2025-10-01 11:44:00,M,40~49,office,seoul,0,0,0,0,10,0,0,10,0,0,completed
24887,U4889,2025-08-16 15:45:00,2025-08-16 15:47:00,F,20~29,office,seoul,1,0,0,0,5,0,0,57,0,0,completed
24888,U4890,2025-11-03 17:45:00,2025-11-03 17:51:00,M,30~39,office,seoul,0,0,0,0,14,0,0,58,0,0,completed
24889,U4891,2025-06-17 09:22:00,2025-06-17 09:26:00,M,20~29,office,seoul,0,0,0,0,8,0,0,18,0,0,completed
24890,U4892,2025-11-15 20:51:00,2025-11-15 20:57:00,M,40~49,office,seoul,1,0,0,0,26,0,0,79,0,0,completed
24891,U4893,2025-10-02 12:45:00,2025-10-02 12:49:00,M,40~49,office,seoul,0,0,0,0,12,0,0,57,0,0,completed
24892,U4894,2025-07-19 21:56:00,2025-07-19 22:00:00,M,20~29,office,seoul,1,0,0,0,18,0,0,32,0,0,completed
24893,U4895,2025-11-30 13:06:00,2025-11-30 13:12:00,F,20~29,office,seoul,1,0,0,0,11,0,0,44,0,0,completed
24894,U4896,2025-05-11 11:59:00,2025-05-11 12:02:00,M,30~39,office,seoul,1,0,0,0,5,0,0,42,0,0,completed
24895,U4897,2025-07-24 16:36:00,2025-07-24 16:42:00,F,20~29,office,seoul,0,0,0,0,11,0,0,39,0,0,completed
24896,U4898,2025-07-17 15:13:00,2025-07-17 15:17:00,F,50+,office,seoul,0,0,0,0,29,0,0,62,1,0,completed
24897,U4899,2025-02-13 18:57:00,2025-02-13 19:01:00,M,30~39,office,seoul,0,0,0,0,14,0,0,57,0,0,completed
24898,U4900,2025-08-30 07:54:00,2025-08-30 07:57:00,M,50+,office,seoul,1,0,0,0,7,0,0,11,1,0,abandoned
24899,U4901,2025-02-21 07:58:00,2025-02-21 08:04:00,M,30~39,office,seoul,0,0,0,0,27,0,0,77,0,0,completed
24900,U4902,2025-10-31 13:23:00,2025-10-31 13:27:00,F,20~29,office,seoul,0,0,0,0,21,0,0,15,0,0,error
24901,U4903,2025-06-18 18:47:00,2025-06-18 18:53:00,F,40~49,office,seoul,0,0,0,0,4,0,0,33,0,0,completed
24902,U4904,2025-10-17 07:27:00,2025-10-17 07:34:00,F,20~29,office,seoul,0,0,0,0,15,0,0,14,0,0,completed
24903,U4905,2025-01-12 13:01:00,2025-01-12 13:07:00,F,30~39,office,seoul,1,0,0,0,22,0,0,71,0,0,completed
24904,U4906,2025-03-25 15:59:00,2025-03-25 16:04:00,F,50+,office,seoul,0,0,0,0,15,0,0,73,0,0,completed
24905,U4907,2025-08-19 16:01:00,2025-08-19 16:03:00,F,40~49,office,seoul,0,0,0,0,23,0,0,25,0,0,completed
24906,U4908,2025-06-20 15:49:00,2025-06-20 15:54:00,F,30~39,office,seoul,0,0,0,0,12,0,0,44,0,0,completed
24907,U4909,2025-01-26 09:27:00,2025-01-26 09:31:00,F,30~39,office,seoul,1,0,0,0,24,0,0,14,0,0,completed
24908,U4910,2025-01-17 18:11:00,2025-01-17 18:13:00,M,40~49,office,seoul,0,0,0,0,3,0,0,17,0,0,completed
24909,U4911,2025-08-30 16:14:00,2025-08-30 16:19:00,F,30~39,office,seoul,1,0,0,0,2,0,0,66,0,0,completed
24910,U4912,2025-01-14 16:00:00,2025-01-14 16:03:00,M,30~39,office,seoul,0,0,0,0,3,0,0,71,0,0,abandoned
24911,U4913,2025-02-16 19:55:00,2025-02-16 20:01:00,M,30~39,office,seoul,1,0,0,0,25,0,0,52,0,0,completed
24912,U4914,2025-07-09 15:13:00,2025-07-09 15:15:00,M,40~49,office,seoul,0,0,0,0,27,0,0,14,0,0,completed
24913,U4915,2025-01-27 09:54:00,2025-01-27 09:59:00,F,30~39,office,seoul,0,0,0,0,2,0,0,14,0,0,completed
24914,U4916,2025-07-23 18:42:00,2025-07-23 18:47:00,M,20~29,office,seoul,0,0,0,0,17,0,0,21,0,0,completed
24915,U4917,2025-06-18 18:51:00,2025-06-18 18:58:00,M,20~29,office,seoul,0,0,0,0,25,0,0,20,0,0,completed
24916,U4918,2025-12-05 09:48:00,2025-12-05 09:53:00,F,50+,office,seoul,0,0,0,0,1,0,0,65,0,0,completed
24917,U4919,2025-11-21 07:07:00,2025-11-21 07:12:00,F,30~39,office,seoul,0,0,0,0,8,0,0,27,0,0,completed
24918,U4920,2025-05-01 16:44:00,2025-05-01 16:50:00,F,20~29,office,seoul,0,0,0,0,8,0,0,41,0,0,completed
24919,U4921,2025-07-22 07:41:00,2025-07-22 07:48:00,F,20~29,office,seoul,0,0,0,0,27,0,0,22,0,0,error
24920,U4922,2025-10-08 12:04:00,2025-10-08 12:06:00,M,50+,office,seoul,0,0,0,0,27,0,0,79,0,0,completed
24921,U4923,2025-01-29 19:03:00,2025-01-29 19:09:00,F,50+,office,seoul,0,0,0,0,27,0,0,58,1,0,completed
24922,U4924,2025-10-26 13:59:00,2025-10-26 14:06:00,F,20~29,office,seoul,1,0,0,0,11,0,0,55,0,0,completed
24923,U4925,2025-08-19 12:24:00,2025-08-19 12:28:00,M,40~49,office,seoul,0,0,0,0,2,0,0,76,0,0,error
24924,U4926,2025-03-25 18:44:00,2025-03-25 18:48:00,F,20~29,office,seoul,0,0,0,0,28,0,0,28,0,0,completed
24925,U4927,2025-07-18 18:11:00,2025-07-18 18:15:00,F,20~29,office,seoul,0,0,0,0,27,0,0,45,0,0,completed
24926,U4928,2025-08-12 13:57:00,2025-08-12 14:03:00,F,50+,office,seoul,0,0,0,0,25,0,0,52,0,0,abandoned
24927,U4929,2025-03-13 13:44:00,2025-03-13 13:46:00,F,20~29,office,seoul,0,0,0,0,3,0,0,61,0,0,completed
24928,U4930,2025-09-08 08:22:00,2025-09-08 08:28:00,F,20~29,office,seoul,0,0,0,0,27,0,0,15,0,0,completed
24929,U4931,2025-12-03 12:55:00,2025-12-03 13:00:00,F,50+,office,seoul,0,0,0,0,6,0,0,66,0,0,completed
24930,U4932,2025-12-25 09:27:00,2025-12-25 09:29:00,M,30~39,office,seoul,0,0,0,0,6,0,0,45,0,0,completed
24931,U4933,2025-03-03 09:18:00,2025-03-03 09:24:00,F,50+,office,seoul,0,0,0,0,4,0,0,71,1,0,completed
24932,U4934,2025-07-12 08:39:00,2025-07-12 08:45:00,F,20~29,office,seoul,1,0,0,0,23,0,0,38,0,0,completed
24933,U4935,2025-01-28 09:09:00,2025-01-28 09:15:00,F,20~29,office,seoul,0,0,0,0,0,0,0,53,0,0,completed
24934,U4936,2025-09-22 07:37:00,2025-09-22 07:40:00,F,40~49,office,seoul,0,0,0,0,13,0,0,57,0,0,completed
24935,U4937,2025-12-06 08:30:00,2025-12-06 08:34:00,M,20~29,office,seoul,1,0,0,0,16,0,0,47,0,0,completed
24936,U4938,2025-10-02 12:07:00,2025-10-02 12:09:00,F,40~49,office,seoul,0,0,0,0,12,0,0,36,0,0,completed
24937,U4939,2025-12-26 14:50:00,2025-12-26 14:53:00,M,40~49,office,seoul,0,0,0,0,9,0,0,67,0,0,completed
24938,U4940,2025-07-29 08:34:00,2025-07-29 08:41:00,F,30~39,office,seoul,0,0,0,0,18,0,0,10,0,0,completed
24939,U4941,2025-09-07 09:06:00,2025-09-07 09:12:00,F,20~29,office,seoul,1,0,0,0,22,0,0,23,0,0,completed
24940,U4942,2025-04-05 14:21:00,2025-04-05 14:28:00,M,40~49,office,seoul,1,0,0,0,5,0,0,54,0,0,completed
24941,U4943,2025-11-28 19:15:00,2025-11-28 19:18:00,M,50+,office,seoul,0,0,0,0,25,0,0,65,1,0,completed
24942,U4944,2025-11-18 13:54:00,2025-11-18 13:58:00,F,40~49,office,seoul,0,0,0,0,28,0,0,13,0,0,completed
24943,U4945,2025-02-05 16:46:00,2025-02-05 16:53:00,M,40~49,office,seoul,0,0,0,0,22,0,0,51,0,0,completed
24944,U4946,2025-10-25 11:51:00,2025-10-25 11:58:00,M,20~29,office,seoul,1,0,0,0,1,0,0,22,0,0,completed
24945,U4947,2025-09-19 11:24:00,2025-09-19 11:29:00,M,30~39,office,seoul,0,0,0,0,9,0,0,46,0,0,completed
24946,U4948,2025-10-02 09:53:00,2025-10-02 10:00:00,M,50+,office,seoul,0,0,0,0,8,0,0,33,0,0,completed
24947,U4949,2025-04-18 14:01:00,2025-04-18 14:04:00,F,50+,office,seoul,0,0,0,0,8,0,0,48,0,0,timeout
24948,U4950,2025-02-08 07:29:00,2025-02-08 07:35:00,M,30~39,office,seoul,1,0,0,0,21,0,0,35,0,0,abandoned
24949,U4951,2025-05-19 18:59:00,2025-05-19 19:02:00,M,20~29,office,seoul,0,0,0,0,12,0,0,10,1,0,completed
24950,U4952,2025-02-02 09:44:00,2025-02-02 09:51:00,M,30~39,office,seoul,1,0,0,0,1,0,0,59,0,0,completed
24951,U4953,2025-11-11 12:01:00,2025-11-11 12:04:00,M,30~39,office,seoul,0,0,0,0,0,0,0,44,0,0,completed
24952,U4954,2025-10-22 15:30:00,2025-10-22 15:35:00,M,50+,office,seoul,0,0,0,0,3,0,0,55,0,0,completed
24953,U4955,2025-01-22 13:41:00,2025-01-22 13:45:00,F,30~39,office,seoul,0,0,0,0,12,0,0,14,0,0,completed
24954,U4956,2025-07-27 09:10:00,2025-07-27 09:13:00,M,30~39,office,seoul,1,0,0,0,3,0,0,17,0,0,completed
24955,U4957,2025-10-04 19:11:00,2025-10-04 19:18:00,F,50+,office,seoul,1,0,0,0,24,0,0,66,0,0,completed
24956,U4958,2025-06-21 11:59:00,2025-06-21 12:03:00,M,20~29,office,seoul,1,0,0,0,3,0,0,30,0,0,completed
24957,U4959,2025-04-11 07:30:00,2025-04-11 07:35:00,F,30~39,office,seoul,0,0,0,0,11,0,0,52,0,0,completed
24958,U4960,2025-04-11 20:36:00,2025-04-11 20:39:00,F,20~29,office,seoul,0,0,0,0,29,0,0,59,0,0,error
24959,U4961,2025-02-12 09:12:00,2025-02-12 09:15:00,M,40~49,office,seoul,0,0,0,0,27,0,0,41,0,0,completed
24960,U4962,2025-04-02 20:11:00,2025-04-02 20:18:00,F,20~29,office,seoul,0,0,0,0,5,0,0,17,0,0,completed
24961,U4963,2025-09-20 14:52:00,2025-09-20 14:59:00,M,20~29,office,seoul,1,0,0,0,15,0,0,14,0,0,completed
24962,U4964,2025-08-01 11:32:00,2025-08-01 11:39:00,M,30~39,office,seoul,0,0,0,0,16,0,0,72,1,0,completed
24963,U4965,2025-03-28 20:34:00,2025-03-28 20:38:00,F,20~29,office,seoul,0,0,0,0,23,0,0,15,0,0,completed
24964,U4966,2025-10-21 07:52:00,2025-10-21 07:56:00,M,20~29,office,seoul,0,0,0,0,12,0,0,29,0,0,completed
24965,U4967,2025-08-12 15:31:00,2025-08-12 15:33:00,F,20~29,office,seoul,0,0,0,0,20,0,0,76,0,0,completed
24966,U4968,2025-10-12 15:59:00,2025-10-12 16:02:00,F,30~39,office,seoul,1,0,0,0,29,0,0,70,0,0,completed
24967,U4969,2025-03-25 16:49:00,2025-03-25 16:53:00,F,50+,office,seoul,0,0,0,0,7,0,0,46,1,0,completed
24968,U4970,2025-01-05 11:00:00,2025-01-05 11:07:00,M,30~39,office,seoul,1,0,0,0,7,0,0,37,0,0,timeout
24969,U4971,2025-03-19 18:05:00,2025-03-19 18:11:00,F,20~29,office,seoul,0,0,0,0,14,0,0,53,0,0,completed
24970,U4972,2025-08-03 14:52:00,2025-08-03 14:56:00,M,40~49,office,seoul,1,0,0,0,15,0,0,72,0,0,completed
24971,U4973,2025-04-04 16:30:00,2025-04-04 16:33:00,F,30~39,office,seoul,0,0,0,0,16,0,0,68,0,0,completed
24972,U4974,2025-06-25 17:35:00,2025-06-25 17:40:00,F,30~39,office,seoul,0,0,0,0,2,0,0,41,0,0,completed
24973,U4975,2025-03-20 08:58:00,2025-03-20 09:03:00,M,20~29,office,seoul,0,0,0,0,25,0,0,37,0,0,completed
24974,U4976,2025-10-04 16:15:00,2025-10-04 16:17:00,F,30~39,office,seoul,1,0,0,0,13,0,0,57,0,0,completed
24975,U4977,2025-12-22 13:25:00,2025-12-22 13:30:00,F,20~29,office,seoul,0,0,0,0,3,0,0,52,0,0,completed
24976,U4978,2025-04-20 08:10:00,2025-04-20 08:13:00,F,40~49,office,seoul,1,0,0,0,5,0,0,69,0,0,completed
24977,U4979,2025-02-02 17:26:00,2025-02-02 17:29:00,M,20~29,office,seoul,1,0,0,0,19,0,0,55,0,0,completed
24978,U4980,2025-09-14 13:31:00,2025-09-14 13:36:00,M,30~39,office,seoul,1,0,0,0,28,0,0,65,0,0,completed
24979,U4981,2025-10-11 19:05:00,2025-10-11 19:12:00,M,20~29,office,seoul,1,0,0,0,4,0,0,44,0,0,completed
24980,U4982,2025-12-04 15:01:00,2025-12-04 15:03:00,F,20~29,office,seoul,0,0,0,0,7,0,0,52,0,0,completed
24981,U4983,2025-09-16 11:47:00,2025-09-16 11:52:00,M,20~29,office,seoul,0,0,0,0,10,0,0,74,0,0,completed
24982,U4984,2025-01-22 12:18:00,2025-01-22 12:21:00,M,20~29,office,seoul,0,0,0,0,29,0,0,62,0,0,completed
24983,U4985,2025-09-03 20:13:00,2025-09-03 20:16:00,F,30~39,office,seoul,0,0,0,0,15,0,0,59,0,0,completed
24984,U4986,2025-12-20 19:13:00,2025-12-20 19:20:00,F,20~29,office,seoul,1,0,0,0,22,0,0,60,0,0,abandoned
24985,U4987,2025-12-03 15:05:00,2025-12-03 15:10:00,F,50+,office,seoul,0,0,0,0,20,0,0,46,0,0,completed
24986,U4988,2025-12-18 15:11:00,2025-12-18 15:14:00,F,20~29,office,seoul,0,0,0,0,13,0,0,13,0,0,error
24987,U4989,2025-03-07 14:40:00,2025-03-07 14:45:00,M,40~49,office,seoul,0,0,0,0,25,0,0,66,0,0,completed
24988,U4990,2025-10-14 16:39:00,2025-10-14 16:41:00,M,20~29,office,seoul,0,0,0,0,16,0,0,58,0,0,completed
24989,U4991,2025-12-01 12:17:00,2025-12-01 12:19:00,F,50+,office,seoul,0,0,0,0,14,0,0,54,0,0,completed
24990,U4992,2025-03-21 16:47:00,2025-03-21 16:54:00,F,30~39,office,seoul,0,0,0,0,25,0,0,25,0,0,completed
24991,U4993,2025-04-25 12:54:00,2025-04-25 12:59:00,M,40~49,office,seoul,0,0,0,0,3,0,0,33,0,0,abandoned
24992,U4994,2025-10-31 15:21:00,2025-10-31 15:23:00,F,30~39,office,seoul,0,0,0,0,26,0,0,10,0,0,completed
24993,U4995,2025-10-13 22:43:00,2025-10-13 22:46:00,F,50+,office,seoul,0,0,0,0,12,0,0,79,0,0,completed
24994,U4996,2025-06-05 14:57:00,2025-06-05 15:04:00,M,50+,office,seoul,0,0,0,0,9,0,0,68,1,0,completed
24995,U4997,2025-07-25 08:00:00,2025-07-25 08:04:00,M,50+,office,seoul,0,0,0,0,3,0,0,14,0,0,completed
24996,U4998,2025-02-06 09:42:00,2025-02-06 09:47:00,F,30~39,office,seoul,0,0,0,0,7,0,0,11,0,0,completed
24997,U4999,2025-07-09 09:15:00,2025-07-09 09:17:00,M,30~39,office,seoul,0,0,0,0,21,0,0,29,0,0,completed
24998,U5000,2025-11-19 15:40:00,2025-11-19 15:43:00,M,40~49,office,seoul,0,0,0,0,7,0,0,43,0,0,completed
24999,U5001,2025-04-16 17:15:00,2025-04-16 17:17:00,M,40~49,office,seoul,0,0,0,0,26,0,0,42,0,0,abandoned
25000,U5002,2025-10-01 15:25:00,2025-10-01 15:32:00,F,50+,office,seoul,0,0,0,0,8,0,0,16,0,0,error
25001,U5003,2025-10-09 14:22:00,2025-10-09 14:24:00,F,30~39,office,seoul,0,0,0,0,19,0,0,68,0,0,completed
25002,U5004,2025-04-29 11:12:00,2025-04-29 11:15:00,M,40~49,office,seoul,0,0,0,0,29,0,0,12,0,0,completed
25003,U5005,2025-02-17 15:54:00,2025-02-17 16:00:00,M,50+,office,seoul,0,0,0,0,27,0,0,19,0,0,timeout
25004,U5006,2025-02-27 12:49:00,2025-02-27 12:52:00,M,50+,office,seoul,0,0,0,0,25,0,0,56,0,0,completed
25005,U5007,2025-11-10 14:21:00,2025-11-10 14:26:00,M,20~29,office,seoul,0,0,0,0,4,0,0,43,0,0,completed
25006,U5008,2025-10-30 08:21:00,2025-10-30 08:26:00,M,40~49,office,seoul,0,0,0,0,23,0,0,35,0,0,completed
25007,U5009,2025-06-22 16:25:00,2025-06-22 16:27:00,M,30~39,office,seoul,1,0,0,0,4,0,0,58,0,0,completed
25008,U5010,2025-03-12 12:21:00,2025-03-12 12:25:00,M,20~29,office,seoul,0,0,0,0,4,0,0,22,0,0,completed
25009,U5011,2025-11-05 16:48:00,2025-11-05 16:54:00,F,20~29,office,seoul,0,0,0,0,26,0,0,36,0,0,completed
25010,U5012,2025-06-14 15:13:00,2025-06-14 15:19:00,M,20~29,office,seoul,1,0,0,0,11,0,0,43,0,0,completed
25011,U5013,2025-11-10 12:33:00,2025-11-10 12:35:00,M,20~29,office,seoul,0,0,0,0,2,0,0,49,0,0,completed
25012,U5014,2025-11-22 14:41:00,2025-11-22 14:46:00,M,30~39,office,seoul,1,0,0,0,12,0,0,17,0,0,completed
25013,U5015,2025-04-26 18:03:00,2025-04-26 18:07:00,M,30~39,office,seoul,1,0,0,0,8,0,0,51,0,0,completed
25014,U5016,2025-05-10 12:43:00,2025-05-10 12:50:00,M,40~49,office,seoul,1,0,0,0,15,0,0,31,0,0,timeout
25015,U5017,2025-06-04 07:06:00,2025-06-04 07:12:00,F,30~39,office,seoul,0,0,0,0,2,0,0,62,0,0,completed
25016,U5018,2025-04-11 16:14:00,2025-04-11 16:20:00,F,20~29,office,seoul,0,0,0,0,17,0,0,37,0,0,completed
25017,U5019,2025-12-26 18:25:00,2025-12-26 18:29:00,F,40~49,office,seoul,0,0,0,0,26,0,0,61,0,0,abandoned
25018,U5020,2025-12-18 15:34:00,2025-12-18 15:41:00,F,40~49,office,seoul,0,0,0,0,14,0,0,60,0,0,abandoned
25019,U5021,2025-12-23 18:07:00,2025-12-23 18:13:00,F,30~39,office,seoul,0,0,0,0,14,0,0,13,0,0,completed
25020,U5022,2025-03-24 08:26:00,2025-03-24 08:30:00,F,40~49,office,seoul,0,0,0,0,18,0,0,50,1,0,completed
25021,U5023,2025-08-15 16:29:00,2025-08-15 16:34:00,F,30~39,office,seoul,0,0,0,0,6,0,0,33,0,0,completed
25022,U5024,2025-05-24 09:08:00,2025-05-24 09:11:00,M,30~39,office,seoul,1,0,0,0,1,0,0,61,0,0,completed
25023,U5025,2025-03-03 12:13:00,2025-03-03 12:19:00,F,30~39,office,seoul,0,0,0,0,0,0,0,53,0,0,completed
25024,U5026,2025-10-12 11:36:00,2025-10-12 11:41:00,F,40~49,office,seoul,1,0,0,0,18,0,0,11,0,0,completed
25025,U5027,2025-05-24 16:21:00,2025-05-24 16:28:00,M,40~49,office,seoul,1,0,0,0,21,0,0,47,0,0,abandoned
25026,U5028,2025-03-02 15:11:00,2025-03-02 15:14:00,F,20~29,office,seoul,1,0,0,0,5,0,0,32,0,0,completed
25027,U5029,2025-10-28 20:21:00,2025-10-28 20:28:00,F,40~49,office,seoul,0,0,0,0,16,0,0,19,0,0,completed
25028,U5030,2025-12-20 11:56:00,2025-12-20 11:59:00,F,20~29,office,seoul,1,0,0,0,23,0,0,78,0,0,completed
25029,U5031,2025-04-02 16:35:00,2025-04-02 16:37:00,M,20~29,office,seoul,0,0,0,0,5,0,0,72,0,0,completed
25030,U5032,2025-07-31 08:35:00,2025-07-31 08:39:00,F,40~49,office,seoul,0,0,0,0,4,0,0,63,0,0,completed
25031,U5033,2025-03-25 08:40:00,2025-03-25 08:45:00,F,40~49,office,seoul,0,0,0,0,0,0,0,70,0,1,abandoned
25032,U5034,2025-07-12 09:51:00,2025-07-12 09:55:00,F,40~49,office,seoul,1,0,0,0,8,0,0,31,0,0,timeout
25033,U5035,2025-12-27 15:16:00,2025-12-27 15:22:00,M,50+,office,seoul,1,0,0,0,6,0,0,16,0,0,completed
25034,U5036,2025-03-24 13:34:00,2025-03-24 13:37:00,F,20~29,office,seoul,0,0,0,0,24,0,0,43,0,0,completed
25035,U5037,2025-03-22 13:28:00,2025-03-22 13:31:00,F,30~39,office,seoul,1,0,0,0,13,0,0,22,0,0,completed
25036,U5038,2025-03-14 09:58:00,2025-03-14 10:04:00,F,20~29,office,seoul,0,0,0,0,1,0,0,14,0,0,completed
25037,U5039,2025-10-17 12:04:00,2025-10-17 12:06:00,F,20~29,office,seoul,0,0,0,0,21,0,0,75,0,0,timeout
25038,U5040,2025-11-18 09:53:00,2025-11-18 09:55:00,M,20~29,office,seoul,0,0,0,0,26,0,0,28,0,0,completed
25039,U5041,2025-07-15 08:11:00,2025-07-15 08:18:00,M,30~39,office,seoul,0,0,0,0,13,0,0,52,0,0,completed
25040,U5042,2025-05-24 20:58:00,2025-05-24 21:01:00,M,40~49,office,seoul,1,0,0,0,27,0,0,37,0,1,completed
25041,U5043,2025-12-23 07:26:00,2025-12-23 07:29:00,F,50+,office,seoul,0,0,0,0,20,0,0,13,0,0,timeout
25042,U5044,2025-08-24 11:35:00,2025-08-24 11:40:00,F,30~39,office,seoul,1,0,0,0,12,0,0,61,0,0,completed
25043,U5045,2025-08-18 08:21:00,2025-08-18 08:26:00,M,30~39,office,seoul,0,0,0,0,9,0,0,63,0,0,completed
25044,U5046,2025-08-04 08:51:00,2025-08-04 08:56:00,F,30~39,office,seoul,0,0,0,0,23,0,0,15,0,0,completed
25045,U5047,2025-03-05 16:20:00,2025-03-05 16:24:00,M,30~39,office,seoul,0,0,0,0,25,0,0,70,0,0,completed
25046,U5048,2025-05-14 14:40:00,2025-05-14 14:42:00,F,20~29,office,seoul,0,0,0,0,2,0,0,52,0,0,completed
25047,U5049,2025-02-13 20:29:00,2025-02-13 20:32:00,F,50+,office,seoul,0,0,0,0,8,0,0,46,0,0,completed
25048,U5050,2025-07-01 12:14:00,2025-07-01 12:21:00,M,30~39,office,seoul,0,0,0,0,25,0,0,17,0,0,completed
25049,U5051,2025-01-20 13:23:00,2025-01-20 13:29:00,M,50+,office,seoul,0,0,0,0,24,0,0,17,0,0,completed
25050,U5052,2025-12-15 22:10:00,2025-12-15 22:15:00,F,30~39,office,seoul,0,0,0,0,26,0,0,72,0,0,completed
25051,U5053,2025-07-10 14:57:00,2025-07-10 14:59:00,M,30~39,office,seoul,0,0,0,0,17,0,0,58,0,0,completed
25052,U5054,2025-08-12 15:49:00,2025-08-12 15:52:00,M,40~49,office,seoul,0,0,0,0,20,0,0,77,0,0,abandoned
25053,U5055,2025-10-22 09:32:00,2025-10-22 09:38:00,F,50+,office,seoul,0,0,0,0,29,0,0,22,0,0,completed
25054,U5056,2025-02-27 18:36:00,2025-02-27 18:38:00,F,30~39,office,seoul,0,0,0,0,9,0,0,74,0,0,abandoned
25055,U5057,2025-01-19 12:18:00,2025-01-19 12:21:00,F,40~49,office,seoul,1,0,0,0,4,0,0,26,0,0,completed
25056,U5058,2025-04-05 18:58:00,2025-04-05 19:05:00,M,50+,office,seoul,1,0,0,0,19,0,0,33,0,0,completed
25057,U5059,2025-08-15 07:18:00,2025-08-15 07:21:00,M,50+,office,seoul,0,0,0,0,24,0,0,47,0,0,completed
25058,U5060,2025-05-08 09:43:00,2025-05-08 09:49:00,M,30~39,office,seoul,0,0,0,0,3,0,0,78,0,0,completed
25059,U5061,2025-07-16 14:57:00,2025-07-16 15:03:00,M,40~49,office,seoul,0,0,0,0,18,0,0,38,0,0,abandoned
25060,U5062,2025-10-12 14:19:00,2025-10-12 14:23:00,M,40~49,office,seoul,1,0,0,0,17,0,0,27,1,0,completed
25061,U5063,2025-09-14 08:20:00,2025-09-14 08:24:00,F,40~49,office,seoul,1,0,0,0,3,0,0,12,0,0,completed
25062,U5064,2025-06-02 09:20:00,2025-06-02 09:25:00,M,30~39,office,seoul,0,0,0,0,5,0,0,66,0,0,completed
25063,U5065,2025-08-17 21:57:00,2025-08-17 22:01:00,M,40~49,office,seoul,1,0,0,0,4,0,0,22,0,0,completed
25064,U5066,2025-09-16 14:49:00,2025-09-16 14:55:00,M,30~39,office,seoul,0,0,0,0,15,0,0,62,0,0,completed
25065,U5067,2025-02-25 15:06:00,2025-02-25 15:09:00,F,50+,office,seoul,0,0,0,0,12,0,0,56,0,0,completed
25066,U5068,2025-01-15 12:57:00,2025-01-15 13:01:00,M,20~29,office,seoul,0,0,0,0,8,0,0,11,0,0,completed
25067,U5069,2025-05-04 20:30:00,2025-05-04 20:32:00,F,50+,office,seoul,1,0,0,0,13,0,0,62,0,0,completed
25068,U5070,2025-03-02 16:44:00,2025-03-02 16:48:00,F,20~29,office,seoul,1,0,0,0,18,0,0,19,0,0,completed
25069,U5071,2025-01-15 14:37:00,2025-01-15 14:42:00,F,40~49,office,seoul,0,0,0,0,22,0,0,28,0,0,completed
25070,U5072,2025-10-29 16:12:00,2025-10-29 16:16:00,M,20~29,office,seoul,0,0,0,0,16,0,0,21,0,0,completed
25071,U5073,2025-12-09 08:00:00,2025-12-09 08:03:00,M,40~49,office,seoul,0,0,0,0,20,0,0,41,0,0,error
25072,U5074,2025-07-11 09:19:00,2025-07-11 09:25:00,F,20~29,office,seoul,0,0,0,0,14,0,0,22,0,0,completed
25073,U5075,2025-09-11 15:40:00,2025-09-11 15:46:00,F,20~29,office,seoul,0,0,0,0,16,0,0,48,0,0,completed
25074,U5076,2025-05-29 14:32:00,2025-05-29 14:37:00,F,40~49,office,seoul,0,0,0,0,17,0,0,14,0,0,completed
25075,U5077,2025-04-13 16:41:00,2025-04-13 16:47:00,F,50+,office,seoul,1,0,0,0,5,0,0,65,0,0,completed
25076,U5078,2025-02-13 19:58:00,2025-02-13 20:05:00,M,20~29,office,seoul,0,0,0,0,9,0,0,70,0,0,completed
25077,U5079,2025-07-11 11:10:00,2025-07-11 11:15:00,M,20~29,office,seoul,0,0,0,0,16,0,0,24,0,0,completed
25078,U5080,2025-06-10 08:22:00,2025-06-10 08:27:00,F,20~29,office,seoul,0,0,0,0,13,0,0,50,0,0,completed
25079,U5081,2025-01-02 16:30:00,2025-01-02 16:34:00,M,20~29,office,seoul,0,0,0,0,24,0,0,70,0,0,error
25080,U5082,2025-05-13 07:15:00,2025-05-13 07:22:00,M,20~29,office,seoul,0,0,0,0,12,0,0,76,0,0,completed
25081,U5083,2025-07-10 20:35:00,2025-07-10 20:41:00,F,20~29,office,seoul,0,0,0,0,20,0,0,29,0,0,completed
25082,U5084,2025-07-28 09:38:00,2025-07-28 09:44:00,F,30~39,office,seoul,0,0,0,0,29,0,0,26,0,0,completed
25083,U5085,2025-12-06 11:34:00,2025-12-06 11:37:00,M,40~49,office,seoul,1,0,0,0,7,0,0,50,0,0,completed
25084,U5086,2025-11-16 08:32:00,2025-11-16 08:35:00,F,50+,office,seoul,1,0,0,0,12,0,0,73,0,0,timeout
25085,U5087,2025-02-09 22:30:00,2025-02-09 22:33:00,M,40~49,office,seoul,1,0,0,0,4,0,0,21,0,0,completed
25086,U5088,2025-03-08 14:03:00,2025-03-08 14:05:00,F,40~49,office,seoul,1,0,0,0,15,0,0,70,0,0,completed
25087,U5089,2025-06-13 09:07:00,2025-06-13 09:09:00,F,20~29,office,seoul,0,0,0,0,14,0,0,51,1,0,completed
25088,U5090,2025-11-28 16:39:00,2025-11-28 16:45:00,F,50+,office,seoul,0,0,0,0,9,0,0,71,0,0,completed
25089,U5091,2025-03-16 11:48:00,2025-03-16 11:55:00,M,40~49,office,seoul,1,0,0,0,4,0,0,31,0,0,completed
25090,U5092,2025-01-12 12:14:00,2025-01-12 12:19:00,M,40~49,office,seoul,1,0,0,0,18,0,0,41,0,0,completed
25091,U5093,2025-11-18 16:20:00,2025-11-18 16:23:00,F,30~39,office,seoul,0,0,0,0,26,0,0,40,0,0,completed
25092,U5094,2025-07-08 17:50:00,2025-07-08 17:56:00,F,50+,office,seoul,0,0,0,0,29,0,0,45,0,0,completed
25093,U5095,2025-06-12 09:55:00,2025-06-12 09:57:00,M,40~49,office,seoul,0,0,0,0,20,0,0,72,0,0,completed
25094,U5096,2025-03-18 18:23:00,2025-03-18 18:29:00,M,40~49,office,seoul,0,0,0,0,20,0,0,51,0,0,completed
25095,U5097,2025-10-05 22:06:00,2025-10-05 22:11:00,M,50+,office,seoul,1,0,0,0,17,0,0,11,0,0,completed
25096,U5098,2025-07-07 08:41:00,2025-07-07 08:48:00,F,20~29,office,seoul,0,0,0,0,0,0,0,77,0,0,completed
25097,U5099,2025-02-13 13:29:00,2025-02-13 13:32:00,F,40~49,office,seoul,0,0,0,0,26,0,0,69,0,0,completed
25098,U5100,2025-03-29 16:20:00,2025-03-29 16:23:00,M,50+,office,seoul,1,0,0,0,27,0,0,26,1,0,completed
25099,U5101,2025-12-06 17:46:00,2025-12-06 17:50:00,M,30~39,office,seoul,1,0,0,0,21,0,0,18,0,0,completed
25100,U5102,2025-07-14 15:51:00,2025-07-14 15:53:00,M,50+,office,seoul,0,0,0,0,17,0,0,32,0,0,completed
25101,U5103,2025-03-13 16:41:00,2025-03-13 16:48:00,F,20~29,office,seoul,0,0,0,0,29,0,0,47,0,0,completed
25102,U5104,2025-09-04 12:41:00,2025-09-04 12:43:00,F,30~39,office,seoul,0,0,0,0,3,0,0,43,0,0,completed
25103,U5105,2025-09-01 11:55:00,2025-09-01 12:01:00,F,40~49,office,seoul,0,0,0,0,17,0,0,26,0,0,completed
25104,U5106,2025-06-27 15:26:00,2025-06-27 15:28:00,M,50+,office,seoul,0,0,0,0,16,0,0,74,0,1,completed
25105,U5107,2025-02-10 16:33:00,2025-02-10 16:38:00,F,40~49,office,seoul,0,0,0,0,24,0,0,32,0,0,completed
25106,U5108,2025-08-29 14:19:00,2025-08-29 14:21:00,M,40~49,office,seoul,0,0,0,0,12,0,0,74,0,0,completed
25107,U5109,2025-06-23 20:37:00,2025-06-23 20:43:00,M,50+,office,seoul,0,0,0,0,25,0,0,23,0,0,abandoned
25108,U5110,2025-05-31 16:34:00,2025-05-31 16:36:00,M,20~29,office,seoul,1,0,0,0,10,0,0,28,0,0,completed
25109,U5111,2025-06-18 08:18:00,2025-06-18 08:22:00,F,20~29,office,seoul,0,0,0,0,23,0,0,58,0,0,completed
25110,U5112,2025-11-30 15:44:00,2025-11-30 15:49:00,F,30~39,office,seoul,1,0,0,0,15,0,0,15,0,0,completed
25111,U5113,2025-12-09 07:50:00,2025-12-09 07:54:00,F,30~39,office,seoul,0,0,0,0,6,0,0,77,0,0,completed
25112,U5114,2025-04-15 12:23:00,2025-04-15 12:25:00,M,30~39,office,seoul,0,0,0,0,7,0,0,12,0,0,completed
25113,U5115,2025-11-19 20:24:00,2025-11-19 20:27:00,F,20~29,office,seoul,0,0,0,0,28,0,0,43,0,0,completed
25114,U5116,2025-01-20 16:55:00,2025-01-20 16:59:00,M,30~39,office,seoul,0,0,0,0,14,0,0,13,0,0,completed
25115,U5117,2025-07-24 15:01:00,2025-07-24 15:04:00,F,40~49,office,seoul,0,0,0,0,24,0,0,28,0,0,completed
25116,U5118,2025-04-17 13:16:00,2025-04-17 13:23:00,F,40~49,office,seoul,0,0,0,0,9,0,0,40,0,0,completed
25117,U5119,2025-09-04 11:20:00,2025-09-04 11:23:00,F,40~49,office,seoul,0,0,0,0,16,0,0,59,0,0,completed
25118,U5120,2025-04-29 17:44:00,2025-04-29 17:50:00,M,20~29,office,seoul,0,0,0,0,10,0,0,64,0,0,completed
25119,U5121,2025-08-07 19:09:00,2025-08-07 19:13:00,F,20~29,office,seoul,0,0,0,0,5,0,0,50,0,0,completed
25120,U5122,2025-05-02 18:41:00,2025-05-02 18:46:00,F,40~49,office,seoul,0,0,0,0,16,0,0,18,0,0,completed
25121,U5123,2025-01-30 12:08:00,2025-01-30 12:15:00,M,30~39,office,seoul,0,0,0,0,24,0,0,26,0,0,completed
25122,U5124,2025-09-14 08:07:00,2025-09-14 08:09:00,M,20~29,office,seoul,1,0,0,0,11,0,0,56,0,0,completed
25123,U5125,2025-10-14 18:27:00,2025-10-14 18:34:00,M,30~39,office,seoul,0,0,0,0,11,0,0,23,0,0,abandoned
25124,U5126,2025-06-30 17:19:00,2025-06-30 17:26:00,M,50+,office,seoul,0,0,0,0,29,0,0,45,0,0,completed
25125,U5127,2025-04-15 15:20:00,2025-04-15 15:25:00,M,50+,office,seoul,0,0,0,0,21,0,0,72,0,0,completed
25126,U5128,2025-01-19 13:33:00,2025-01-19 13:35:00,F,50+,office,seoul,1,0,0,0,22,0,0,47,0,0,abandoned
25127,U5129,2025-01-21 13:02:00,2025-01-21 13:07:00,F,40~49,office,seoul,0,0,0,0,15,0,0,52,0,0,abandoned
25128,U5130,2025-07-11 09:10:00,2025-07-11 09:12:00,F,40~49,office,seoul,0,0,0,0,20,0,0,54,0,0,completed
25129,U5131,2025-12-12 13:38:00,2025-12-12 13:41:00,F,20~29,office,seoul,0,0,0,0,14,0,0,26,0,0,completed
25130,U5132,2025-11-22 17:06:00,2025-11-22 17:09:00,M,30~39,office,seoul,1,0,0,0,21,0,0,77,0,0,completed
25131,U5133,2025-04-23 08:45:00,2025-04-23 08:48:00,F,50+,office,seoul,0,0,0,0,10,0,0,25,1,0,completed
25132,U5134,2025-05-03 07:51:00,2025-05-03 07:53:00,M,20~29,office,seoul,1,0,0,0,16,0,0,51,0,0,completed
25133,U5135,2025-02-17 17:15:00,2025-02-17 17:18:00,F,50+,office,seoul,0,0,0,0,0,0,0,25,0,0,completed
25134,U5136,2025-11-03 07:22:00,2025-11-03 07:25:00,M,30~39,office,seoul,0,0,0,0,4,0,0,29,0,0,completed
25135,U5137,2025-07-20 12:29:00,2025-07-20 12:36:00,M,20~29,office,seoul,1,0,0,0,17,0,0,70,0,0,completed
25136,U5138,2025-05-27 13:06:00,2025-05-27 13:08:00,F,40~49,office,seoul,0,0,0,0,10,0,0,70,0,0,completed
25137,U5139,2025-05-05 20:32:00,2025-05-05 20:39:00,F,30~39,office,seoul,0,0,0,0,19,0,0,53,1,0,completed
25138,U5140,2025-09-10 12:59:00,2025-09-10 13:01:00,F,30~39,office,seoul,0,0,0,0,9,0,0,33,0,0,completed
25139,U5141,2025-11-10 08:35:00,2025-11-10 08:42:00,F,50+,office,seoul,0,0,0,0,12,0,0,64,0,0,completed
25140,U5142,2025-02-12 12:00:00,2025-02-12 12:06:00,F,20~29,office,seoul,0,0,0,0,24,0,0,72,0,0,abandoned
25141,U5143,2025-01-03 16:19:00,2025-01-03 16:22:00,F,40~49,office,seoul,0,0,0,0,13,0,0,58,0,0,completed
25142,U5144,2025-06-27 16:47:00,2025-06-27 16:50:00,M,20~29,office,seoul,0,0,0,0,3,0,0,72,0,0,error
25143,U5145,2025-10-02 20:02:00,2025-10-02 20:09:00,M,20~29,office,seoul,0,0,0,0,18,0,0,17,0,0,completed
25144,U5146,2025-03-10 16:48:00,2025-03-10 16:50:00,F,20~29,office,seoul,0,0,0,0,22,0,0,58,0,0,completed
25145,U5147,2025-04-21 07:35:00,2025-04-21 07:37:00,F,20~29,office,seoul,0,0,0,0,2,0,0,60,0,0,completed
25146,U5148,2025-07-25 21:26:00,2025-07-25 21:28:00,F,50+,office,seoul,0,0,0,0,24,0,0,11,0,0,completed
25147,U5149,2025-05-23 11:45:00,2025-05-23 11:49:00,F,50+,office,seoul,0,0,0,0,6,0,0,59,0,0,completed
25148,U5150,2025-03-24 14:31:00,2025-03-24 14:35:00,F,40~49,office,seoul,0,0,0,0,0,0,0,19,0,0,completed
25149,U5151,2025-10-20 09:12:00,2025-10-20 09:19:00,M,50+,office,seoul,0,0,0,0,5,0,0,76,0,0,completed
25150,U5152,2025-08-25 09:31:00,2025-08-25 09:36:00,M,30~39,office,seoul,0,0,0,0,13,0,0,60,0,0,completed
25151,U5153,2025-03-07 08:51:00,2025-03-07 08:53:00,M,40~49,office,seoul,0,0,0,0,5,0,0,19,0,0,completed
25152,U5154,2025-10-30 15:59:00,2025-10-30 16:02:00,F,40~49,office,seoul,0,0,0,0,9,0,0,10,0,0,completed
25153,U5155,2025-06-18 20:05:00,2025-06-18 20:08:00,M,40~49,office,seoul,0,0,0,0,18,0,0,54,0,0,completed
25154,U5156,2025-08-14 08:46:00,2025-08-14 08:48:00,M,30~39,office,seoul,0,0,0,0,4,0,0,73,0,0,completed
25155,U5157,2025-01-01 17:19:00,2025-01-01 17:25:00,F,20~29,office,seoul,0,0,0,0,5,0,0,78,0,0,completed
25156,U5158,2025-08-07 08:12:00,2025-08-07 08:15:00,M,20~29,office,seoul,0,0,0,0,29,0,0,54,0,0,completed
25157,U5159,2025-06-25 12:37:00,2025-06-25 12:40:00,F,50+,office,seoul,0,0,0,0,11,0,0,58,1,0,completed
25158,U5160,2025-10-24 14:24:00,2025-10-24 14:28:00,F,20~29,office,seoul,0,0,0,0,27,0,0,25,0,0,completed
25159,U5161,2025-03-06 08:13:00,2025-03-06 08:15:00,M,20~29,office,seoul,0,0,0,0,14,0,0,46,0,0,abandoned
25160,U5162,2025-05-01 16:17:00,2025-05-01 16:23:00,M,50+,office,seoul,0,0,0,0,13,0,0,70,0,0,completed
25161,U5163,2025-08-18 16:01:00,2025-08-18 16:08:00,F,50+,office,seoul,0,0,0,0,22,0,0,60,0,0,completed
25162,U5164,2025-07-22 09:08:00,2025-07-22 09:14:00,F,40~49,office,seoul,0,0,0,0,0,0,0,69,0,0,completed
25163,U5165,2025-10-13 14:20:00,2025-10-13 14:25:00,F,30~39,office,seoul,0,0,0,0,18,0,0,53,0,0,completed
25164,U5166,2025-10-23 12:46:00,2025-10-23 12:51:00,M,30~39,office,seoul,0,0,0,0,20,0,0,70,0,0,completed
25165,U5167,2025-01-26 08:51:00,2025-01-26 08:57:00,M,30~39,office,seoul,1,0,0,0,7,0,0,52,0,0,completed
25166,U5168,2025-08-05 21:58:00,2025-08-05 22:01:00,F,50+,office,seoul,0,0,0,0,24,0,0,33,0,0,completed
25167,U5169,2025-08-19 17:57:00,2025-08-19 18:04:00,M,20~29,office,seoul,0,0,0,0,25,0,0,11,0,0,completed
25168,U5170,2025-01-06 16:21:00,2025-01-06 16:23:00,F,30~39,office,seoul,0,0,0,0,15,0,0,26,0,0,abandoned
25169,U5171,2025-08-05 13:44:00,2025-08-05 13:46:00,F,30~39,office,seoul,0,0,0,0,16,0,0,16,0,0,completed
25170,U5172,2025-04-27 14:04:00,2025-04-27 14:11:00,F,30~39,office,seoul,1,0,0,0,1,0,0,65,0,0,completed
25171,U5173,2025-10-25 15:48:00,2025-10-25 15:51:00,M,30~39,office,seoul,1,0,0,0,5,0,0,10,0,0,completed
25172,U5174,2025-02-27 18:09:00,2025-02-27 18:14:00,F,50+,office,seoul,0,0,0,0,27,0,0,21,0,0,abandoned
25173,U5175,2025-09-17 16:07:00,2025-09-17 16:12:00,F,30~39,office,seoul,0,0,0,0,16,0,0,18,1,0,completed
25174,U5176,2025-11-13 12:02:00,2025-11-13 12:09:00,F,20~29,office,seoul,0,0,0,0,20,0,0,36,0,0,completed
25175,U5177,2025-10-17 11:30:00,2025-10-17 11:32:00,M,20~29,office,seoul,0,0,0,0,8,0,0,66,0,0,completed
25176,U5178,2025-02-28 18:14:00,2025-02-28 18:20:00,M,20~29,office,seoul,0,0,0,0,14,0,0,33,0,0,completed
25177,U5179,2025-02-15 16:43:00,2025-02-15 16:49:00,F,40~49,office,seoul,1,0,0,0,6,0,0,72,0,0,completed
25178,U5180,2025-10-01 12:58:00,2025-10-01 13:04:00,F,20~29,office,seoul,0,0,0,0,13,0,0,17,0,0,completed
25179,U5181,2025-12-19 09:53:00,2025-12-19 09:55:00,F,20~29,office,seoul,0,0,0,0,15,0,0,62,0,0,completed
25180,U5182,2025-09-02 11:57:00,2025-09-02 12:02:00,M,50+,office,seoul,0,0,0,0,28,0,0,46,0,0,completed
25181,U5183,2025-09-15 15:18:00,2025-09-15 15:22:00,F,20~29,office,seoul,0,0,0,0,26,0,0,26,0,0,completed
25182,U5184,2025-03-11 15:47:00,2025-03-11 15:54:00,F,20~29,office,seoul,0,0,0,0,24,0,0,15,0,0,completed
25183,U5185,2025-09-26 08:58:00,2025-09-26 09:04:00,F,30~39,office,seoul,0,0,0,0,22,0,0,68,0,0,completed
25184,U5186,2025-12-15 08:34:00,2025-12-15 08:41:00,F,40~49,office,seoul,0,0,0,0,25,0,0,47,0,0,completed
25185,U5187,2025-11-17 14:12:00,2025-11-17 14:15:00,F,30~39,office,seoul,0,0,0,0,11,0,0,20,0,0,error
25186,U5188,2025-03-22 12:22:00,2025-03-22 12:24:00,M,20~29,office,seoul,1,0,0,0,16,0,0,24,0,0,timeout
25187,U5189,2025-02-04 21:46:00,2025-02-04 21:49:00,F,40~49,office,seoul,0,0,0,0,9,0,0,56,0,0,completed
25188,U5190,2025-07-09 12:08:00,2025-07-09 12:14:00,M,30~39,office,seoul,0,0,0,0,8,0,0,54,0,0,completed
25189,U5191,2025-01-13 12:24:00,2025-01-13 12:27:00,F,20~29,office,seoul,0,0,0,0,8,0,0,75,0,0,abandoned
25190,U5192,2025-11-26 17:54:00,2025-11-26 17:58:00,F,30~39,office,seoul,0,0,0,0,14,0,0,20,0,0,completed
25191,U5193,2025-02-13 08:10:00,2025-02-13 08:12:00,F,30~39,office,seoul,0,0,0,0,28,0,0,67,0,0,completed
25192,U5194,2025-01-29 22:33:00,2025-01-29 22:38:00,F,20~29,office,seoul,0,0,0,0,8,0,0,18,0,0,completed
25193,U5195,2025-06-21 16:14:00,2025-06-21 16:21:00,F,40~49,office,seoul,1,0,0,0,9,0,0,27,0,0,completed
25194,U5196,2025-11-19 19:43:00,2025-11-19 19:46:00,F,30~39,office,seoul,0,0,0,0,22,0,0,44,0,0,completed
25195,U5197,2025-02-26 13:33:00,2025-02-26 13:38:00,F,20~29,office,seoul,0,0,0,0,23,0,0,67,0,0,completed
25196,U5198,2025-10-25 08:06:00,2025-10-25 08:09:00,M,40~49,office,seoul,1,0,0,0,28,0,0,25,0,0,completed
25197,U5199,2025-10-12 08:11:00,2025-10-12 08:13:00,M,30~39,office,seoul,1,0,0,0,7,0,0,19,0,0,completed
25198,U5200,2025-06-04 13:13:00,2025-06-04 13:20:00,F,50+,office,seoul,0,0,0,0,14,0,0,32,0,0,completed
25199,U5201,2025-04-30 09:10:00,2025-04-30 09:15:00,F,20~29,office,seoul,0,0,0,0,23,0,0,62,0,0,completed
25200,U5202,2025-02-20 13:49:00,2025-02-20 13:52:00,M,40~49,office,seoul,0,0,0,0,17,0,0,33,0,0,abandoned
25201,U5203,2025-08-29 09:10:00,2025-08-29 09:14:00,M,50+,office,seoul,0,0,0,0,28,0,0,60,0,0,completed
25202,U5204,2025-10-10 08:11:00,2025-10-10 08:16:00,F,30~39,office,seoul,0,0,0,0,13,0,0,51,0,0,completed
25203,U5205,2025-04-06 18:50:00,2025-04-06 18:53:00,M,20~29,office,seoul,1,0,0,0,23,0,0,64,0,0,completed
25204,U5206,2025-10-25 22:19:00,2025-10-25 22:25:00,M,40~49,office,seoul,1,0,0,0,17,0,0,58,0,0,completed
25205,U5207,2025-08-18 11:04:00,2025-08-18 11:08:00,M,30~39,office,seoul,0,0,0,0,3,0,0,14,0,0,completed
25206,U5208,2025-04-14 18:22:00,2025-04-14 18:29:00,M,30~39,office,seoul,0,0,0,0,1,0,0,17,0,0,completed
25207,U5209,2025-05-04 16:11:00,2025-05-04 16:17:00,F,20~29,office,seoul,1,0,0,0,16,0,0,25,0,0,completed
25208,U5210,2025-12-04 09:48:00,2025-12-04 09:54:00,F,30~39,office,seoul,0,0,0,0,25,0,0,29,0,0,completed
25209,U5211,2025-02-05 20:01:00,2025-02-05 20:07:00,M,30~39,office,seoul,0,0,0,0,8,0,0,26,0,0,completed
25210,U5212,2025-02-23 13:26:00,2025-02-23 13:33:00,F,20~29,office,seoul,1,0,0,0,18,0,0,69,0,0,completed
25211,U5213,2025-01-29 08:25:00,2025-01-29 08:30:00,F,20~29,office,seoul,0,0,0,0,7,0,0,71,0,0,completed
25212,U5214,2025-06-15 16:10:00,2025-06-15 16:14:00,M,50+,office,seoul,1,0,0,0,13,0,0,51,0,0,completed
25213,U5215,2025-01-10 11:28:00,2025-01-10 11:34:00,M,30~39,office,seoul,0,0,0,0,10,0,0,71,0,0,completed
25214,U5216,2025-12-23 16:04:00,2025-12-23 16:08:00,F,50+,office,seoul,0,0,0,0,15,0,0,23,0,0,completed
25215,U5217,2025-06-05 21:35:00,2025-06-05 21:38:00,F,50+,office,seoul,0,0,0,0,23,0,0,26,0,0,completed
25216,U5218,2025-10-28 07:08:00,2025-10-28 07:13:00,F,20~29,office,seoul,0,0,0,0,0,0,0,39,0,0,timeout
25217,U5219,2025-04-21 07:36:00,2025-04-21 07:38:00,M,30~39,office,seoul,0,0,0,0,25,0,0,51,0,0,completed
25218,U5220,2025-04-07 15:36:00,2025-04-07 15:39:00,F,20~29,office,seoul,0,0,0,0,11,0,0,62,0,0,completed
25219,U5221,2025-06-21 07:47:00,2025-06-21 07:51:00,F,50+,office,seoul,1,0,0,0,21,0,0,35,0,0,completed
25220,U5222,2025-02-25 14:41:00,2025-02-25 14:48:00,F,30~39,office,seoul,0,0,0,0,8,0,0,13,0,0,abandoned
25221,U5223,2025-11-23 16:58:00,2025-11-23 17:01:00,M,30~39,office,seoul,1,0,0,0,29,0,0,67,0,0,completed
25222,U5224,2025-06-08 15:15:00,2025-06-08 15:19:00,F,20~29,office,seoul,1,0,0,0,0,0,0,64,0,0,completed
25223,U5225,2025-10-20 08:21:00,2025-10-20 08:26:00,M,20~29,office,seoul,0,0,0,0,24,0,0,45,0,0,completed
25224,U5226,2025-11-17 14:20:00,2025-11-17 14:25:00,F,20~29,office,seoul,0,0,0,0,26,0,0,51,0,0,completed
25225,U5227,2025-05-13 14:13:00,2025-05-13 14:18:00,F,20~29,office,seoul,0,0,0,0,21,0,0,26,0,0,completed
25226,U5228,2025-07-11 12:59:00,2025-07-11 13:01:00,M,30~39,office,seoul,0,0,0,0,10,0,0,22,0,0,completed
25227,U5229,2025-03-30 19:55:00,2025-03-30 19:57:00,F,40~49,office,seoul,1,0,0,0,9,0,0,37,0,0,abandoned
25228,U5230,2025-03-07 14:48:00,2025-03-07 14:50:00,M,30~39,office,seoul,0,0,0,0,5,0,0,67,0,0,abandoned
25229,U5231,2025-10-17 17:00:00,2025-10-17 17:06:00,F,30~39,office,seoul,0,0,0,0,14,0,0,53,0,0,abandoned
25230,U5232,2025-07-12 14:12:00,2025-07-12 14:16:00,F,20~29,office,seoul,1,0,0,0,16,0,0,63,0,0,completed
25231,U5233,2025-05-23 12:37:00,2025-05-23 12:44:00,F,30~39,office,seoul,0,0,0,0,17,0,0,47,0,0,completed
25232,U5234,2025-10-23 19:43:00,2025-10-23 19:45:00,M,30~39,office,seoul,0,0,0,0,12,0,0,11,0,0,completed
25233,U5235,2025-09-08 17:38:00,2025-09-08 17:40:00,M,20~29,office,seoul,0,0,0,0,14,0,0,79,0,0,completed
25234,U5236,2025-07-18 09:24:00,2025-07-18 09:28:00,F,30~39,office,seoul,0,0,0,0,6,0,0,29,0,0,completed
25235,U5237,2025-01-29 16:04:00,2025-01-29 16:08:00,M,30~39,office,seoul,0,0,0,0,18,0,0,56,0,0,completed
25236,U5238,2025-01-31 07:36:00,2025-01-31 07:42:00,F,40~49,office,seoul,0,0,0,0,1,0,0,32,0,0,completed
25237,U5239,2025-06-26 12:18:00,2025-06-26 12:21:00,F,40~49,office,seoul,0,0,0,0,29,0,0,28,0,0,completed
25238,U5240,2025-03-14 20:20:00,2025-03-14 20:26:00,F,20~29,office,seoul,0,0,0,0,1,0,0,40,0,0,completed
25239,U5241,2025-12-02 12:09:00,2025-12-02 12:11:00,F,40~49,office,seoul,0,0,0,0,2,0,0,70,0,0,completed
25240,U5242,2025-01-08 17:48:00,2025-01-08 17:50:00,F,20~29,office,seoul,0,0,0,0,15,0,0,38,0,0,completed
25241,U5243,2025-05-11 14:19:00,2025-05-11 14:25:00,M,40~49,office,seoul,1,0,0,0,7,0,0,48,0,0,completed
25242,U5244,2025-07-28 09:02:00,2025-07-28 09:05:00,F,30~39,office,seoul,0,0,0,0,12,0,0,52,0,0,completed
25243,U5245,2025-07-13 08:56:00,2025-07-13 08:58:00,F,50+,office,seoul,1,0,0,0,14,0,0,20,0,0,completed
25244,U5246,2025-01-09 17:47:00,2025-01-09 17:54:00,M,20~29,office,seoul,0,0,0,0,9,0,0,48,0,0,completed
25245,U5247,2025-12-17 19:15:00,2025-12-17 19:18:00,M,20~29,office,seoul,0,0,0,0,24,0,0,11,0,0,completed
25246,U5248,2025-06-13 11:07:00,2025-06-13 11:12:00,F,30~39,office,seoul,0,0,0,0,13,0,0,10,0,0,completed
25247,U5249,2025-01-16 14:40:00,2025-01-16 14:43:00,F,50+,office,seoul,0,0,0,0,14,0,0,46,0,0,completed
25248,U5250,2025-09-07 20:40:00,2025-09-07 20:46:00,F,50+,office,seoul,1,0,0,0,24,0,0,48,0,0,completed
25249,U5251,2025-08-02 12:36:00,2025-08-02 12:40:00,F,30~39,office,seoul,1,0,0,0,6,0,0,51,0,0,completed
25250,U5252,2025-04-21 15:07:00,2025-04-21 15:13:00,M,20~29,office,seoul,0,0,0,0,25,0,0,50,0,0,completed
25251,U5253,2025-05-26 19:55:00,2025-05-26 19:59:00,M,20~29,office,seoul,0,0,0,0,16,0,0,16,0,0,completed
25252,U5254,2025-09-06 15:10:00,2025-09-06 15:14:00,F,40~49,office,seoul,1,0,0,0,22,0,0,19,0,0,completed
25253,U5255,2025-06-05 17:49:00,2025-06-05 17:53:00,F,50+,office,seoul,0,0,0,0,27,0,0,67,0,1,completed
25254,U5256,2025-02-17 14:11:00,2025-02-17 14:18:00,F,50+,office,seoul,0,0,0,0,28,0,0,47,0,0,completed
25255,U5257,2025-06-18 14:03:00,2025-06-18 14:09:00,F,40~49,office,seoul,0,0,0,0,16,0,0,54,0,0,completed
25256,U5258,2025-08-09 14:13:00,2025-08-09 14:18:00,F,40~49,office,seoul,1,0,0,0,3,0,0,78,0,0,completed
25257,U5259,2025-10-22 19:18:00,2025-10-22 19:22:00,M,30~39,office,seoul,0,0,0,0,12,0,0,23,0,0,completed
25258,U5260,2025-12-24 15:42:00,2025-12-24 15:47:00,F,30~39,office,seoul,0,0,0,0,5,0,0,40,0,0,completed
25259,U5261,2025-05-05 19:25:00,2025-05-05 19:27:00,F,20~29,office,seoul,0,0,0,0,16,0,0,57,0,0,completed
25260,U5262,2025-02-17 12:00:00,2025-02-17 12:06:00,M,50+,office,seoul,0,0,0,0,15,0,0,67,0,0,completed
25261,U5263,2025-03-22 12:23:00,2025-03-22 12:30:00,M,40~49,office,seoul,1,0,0,0,16,0,0,79,0,0,completed
25262,U5264,2025-06-08 08:51:00,2025-06-08 08:54:00,F,50+,office,seoul,1,0,0,0,12,0,0,70,0,0,completed
25263,U5265,2025-06-30 14:35:00,2025-06-30 14:41:00,M,30~39,office,seoul,0,0,0,0,2,0,0,67,0,0,completed
25264,U5266,2025-01-17 07:44:00,2025-01-17 07:51:00,F,20~29,office,seoul,0,0,0,0,7,0,0,46,0,0,completed
25265,U5267,2025-12-19 14:35:00,2025-12-19 14:42:00,M,30~39,office,seoul,0,0,0,0,24,0,0,21,0,0,completed
25266,U5268,2025-04-03 07:09:00,2025-04-03 07:13:00,F,40~49,office,seoul,0,0,0,0,16,0,0,63,0,0,completed
25267,U5269,2025-02-13 20:09:00,2025-02-13 20:13:00,F,30~39,office,seoul,0,0,0,0,6,0,0,16,0,0,completed
25268,U5270,2025-04-05 20:07:00,2025-04-05 20:13:00,F,20~29,office,seoul,1,0,0,0,0,0,0,68,0,0,error
25269,U5271,2025-03-16 18:51:00,2025-03-16 18:58:00,F,20~29,office,seoul,1,0,0,0,2,0,0,11,0,0,completed
25270,U5272,2025-09-06 13:19:00,2025-09-06 13:22:00,F,30~39,office,seoul,1,0,0,0,4,0,0,43,0,0,completed
25271,U5273,2025-05-08 16:21:00,2025-05-08 16:26:00,F,30~39,office,seoul,0,0,0,0,12,0,0,21,0,0,completed
25272,U5274,2025-06-03 13:15:00,2025-06-03 13:19:00,F,20~29,office,seoul,0,0,0,0,9,0,0,49,1,0,completed
25273,U5275,2025-09-01 16:28:00,2025-09-01 16:34:00,M,40~49,office,seoul,0,0,0,0,11,0,0,50,0,0,completed
25274,U5276,2025-06-16 18:59:00,2025-06-16 19:05:00,F,20~29,office,seoul,0,0,0,0,21,0,0,15,0,0,completed
25275,U5277,2025-02-23 18:50:00,2025-02-23 18:54:00,F,20~29,office,seoul,1,0,0,0,6,0,0,65,0,0,completed
25276,U5278,2025-05-17 15:41:00,2025-05-17 15:43:00,M,20~29,office,seoul,1,0,0,0,4,0,0,79,0,0,completed
25277,U5279,2025-03-04 11:07:00,2025-03-04 11:10:00,F,40~49,office,seoul,0,0,0,0,4,0,0,58,0,0,completed
25278,U5280,2025-12-19 14:59:00,2025-12-19 15:04:00,F,30~39,office,seoul,0,0,0,0,1,0,0,49,0,0,completed
25279,U5281,2025-06-14 14:05:00,2025-06-14 14:10:00,M,20~29,office,seoul,1,0,0,0,4,0,0,67,1,0,completed
25280,U5282,2025-09-04 12:56:00,2025-09-04 13:02:00,F,30~39,office,seoul,0,0,0,0,7,0,0,73,0,0,abandoned
25281,U5283,2025-02-19 12:30:00,2025-02-19 12:35:00,F,40~49,office,seoul,0,0,0,0,17,0,0,57,1,0,completed
25282,U5284,2025-03-10 12:53:00,2025-03-10 12:55:00,F,40~49,office,seoul,0,0,0,0,28,0,0,14,0,0,completed
25283,U5285,2025-07-19 20:42:00,2025-07-19 20:47:00,M,40~49,office,seoul,1,0,0,0,2,0,0,18,0,0,completed
25284,U5286,2025-11-22 11:04:00,2025-11-22 11:08:00,F,30~39,office,seoul,1,0,0,0,26,0,0,72,0,0,completed
25285,U5287,2025-01-11 16:53:00,2025-01-11 16:56:00,M,50+,office,seoul,1,0,0,0,11,0,0,25,0,0,completed
25286,U5288,2025-03-18 15:26:00,2025-03-18 15:28:00,F,20~29,office,seoul,0,0,0,0,26,0,0,64,0,0,abandoned
25287,U5289,2025-01-29 13:08:00,2025-01-29 13:13:00,F,20~29,office,seoul,0,0,0,0,18,0,0,50,0,0,completed
25288,U5290,2025-05-05 11:40:00,2025-05-05 11:46:00,F,20~29,office,seoul,0,0,0,0,24,0,0,23,0,0,completed
25289,U5291,2025-09-03 13:50:00,2025-09-03 13:53:00,F,40~49,office,seoul,0,0,0,0,26,0,0,42,0,0,abandoned
25290,U5292,2025-11-12 15:23:00,2025-11-12 15:25:00,F,50+,office,seoul,0,0,0,0,17,0,0,56,0,0,completed
25291,U5293,2025-10-27 09:42:00,2025-10-27 09:44:00,F,20~29,office,seoul,0,0,0,0,20,0,0,54,0,0,completed
25292,U5294,2025-03-12 12:42:00,2025-03-12 12:48:00,F,40~49,office,seoul,0,0,0,0,28,0,0,27,0,0,completed
25293,U5295,2025-04-27 11:02:00,2025-04-27 11:09:00,M,30~39,office,seoul,1,0,0,0,27,0,0,22,0,0,completed
25294,U5296,2025-01-23 07:58:00,2025-01-23 08:04:00,M,50+,office,seoul,0,0,0,0,4,0,0,30,0,1,completed
25295,U5297,2025-04-30 15:43:00,2025-04-30 15:46:00,F,20~29,office,seoul,0,0,0,0,26,0,0,78,0,0,completed
25296,U5298,2025-02-06 19:18:00,2025-02-06 19:23:00,M,50+,office,seoul,0,0,0,0,16,0,0,74,0,0,completed
25297,U5299,2025-01-02 19:54:00,2025-01-02 20:00:00,M,20~29,office,seoul,0,0,0,0,1,0,0,72,0,0,completed
25298,U5300,2025-07-12 12:44:00,2025-07-12 12:50:00,M,50+,office,seoul,1,0,0,0,3,0,0,18,1,0,abandoned
25299,U5301,2025-10-11 20:57:00,2025-10-11 21:04:00,F,20~29,office,seoul,1,0,0,0,25,0,0,36,0,0,completed
25300,U5302,2025-08-17 12:23:00,2025-08-17 12:25:00,M,50+,office,seoul,1,0,0,0,5,0,0,77,0,0,completed
25301,U5303,2025-10-21 11:25:00,2025-10-21 11:29:00,F,40~49,office,seoul,0,0,0,0,27,0,0,75,0,0,completed
25302,U5304,2025-01-13 20:36:00,2025-01-13 20:38:00,M,40~49,office,seoul,0,0,0,0,27,0,0,18,0,0,abandoned
25303,U5305,2025-10-02 11:20:00,2025-10-02 11:25:00,F,40~49,office,seoul,0,0,0,0,1,0,0,28,0,0,completed
25304,U5306,2025-08-24 13:16:00,2025-08-24 13:21:00,M,30~39,office,seoul,1,0,0,0,12,0,0,38,0,0,completed
25305,U5307,2025-10-03 14:56:00,2025-10-03 15:00:00,F,20~29,office,seoul,0,0,0,0,5,0,0,34,0,0,error
25306,U5308,2025-12-20 14:04:00,2025-12-20 14:11:00,M,30~39,office,seoul,1,0,0,0,11,0,0,16,0,0,completed
25307,U5309,2025-02-26 18:35:00,2025-02-26 18:42:00,F,20~29,office,seoul,0,0,0,0,28,0,0,67,0,0,completed
25308,U5310,2025-03-19 18:56:00,2025-03-19 18:59:00,F,20~29,office,seoul,0,0,0,0,16,0,0,68,0,0,completed
25309,U5311,2025-07-28 08:27:00,2025-07-28 08:30:00,M,30~39,office,seoul,0,0,0,0,12,0,0,22,0,0,completed
25310,U5312,2025-01-10 11:32:00,2025-01-10 11:39:00,F,40~49,office,seoul,0,0,0,0,13,0,0,28,0,0,completed
25311,U5313,2025-04-19 15:26:00,2025-04-19 15:30:00,M,30~39,office,seoul,1,0,0,0,15,0,0,43,0,0,completed
25312,U5314,2025-04-14 15:56:00,2025-04-14 16:00:00,F,30~39,office,seoul,0,0,0,0,26,0,0,18,0,0,completed
25313,U5315,2025-12-14 15:34:00,2025-12-14 15:37:00,F,40~49,office,seoul,1,0,0,0,29,0,0,51,0,0,completed
25314,U5316,2025-03-02 19:25:00,2025-03-02 19:27:00,M,50+,office,seoul,1,0,0,0,9,0,0,44,0,0,completed
25315,U5317,2025-06-12 18:50:00,2025-06-12 18:53:00,F,30~39,office,seoul,0,0,0,0,21,0,0,39,0,0,completed
25316,U5318,2025-03-31 12:02:00,2025-03-31 12:08:00,F,20~29,office,seoul,0,0,0,0,23,0,0,40,0,0,completed
25317,U5319,2025-01-18 13:31:00,2025-01-18 13:33:00,M,20~29,office,seoul,1,0,0,0,9,0,0,66,0,0,completed
25318,U5320,2025-03-07 17:00:00,2025-03-07 17:04:00,F,20~29,office,seoul,0,0,0,0,11,0,0,71,0,0,completed
25319,U5321,2025-06-07 13:41:00,2025-06-07 13:46:00,F,40~49,office,seoul,1,0,0,0,14,0,0,77,0,0,completed
25320,U5322,2025-03-13 11:26:00,2025-03-13 11:32:00,M,20~29,office,seoul,0,0,0,0,23,0,0,49,0,0,completed
25321,U5323,2025-11-22 12:23:00,2025-11-22 12:30:00,M,20~29,office,seoul,1,0,0,0,18,0,0,16,0,0,completed
25322,U5324,2025-03-31 21:26:00,2025-03-31 21:31:00,M,30~39,office,seoul,0,0,0,0,26,0,0,18,0,0,abandoned
25323,U5325,2025-04-17 22:20:00,2025-04-17 22:27:00,F,30~39,office,seoul,0,0,0,0,10,0,0,36,0,0,error
25324,U5326,2025-01-16 12:45:00,2025-01-16 12:48:00,M,30~39,office,seoul,0,0,0,0,25,0,0,15,0,0,completed
25325,U5327,2025-03-20 17:57:00,2025-03-20 18:02:00,F,20~29,office,seoul,0,0,0,0,6,0,0,62,0,0,completed
25326,U5328,2025-05-21 18:38:00,2025-05-21 18:40:00,M,20~29,office,seoul,0,0,0,0,29,0,0,20,0,0,completed
25327,U5329,2025-04-01 15:57:00,2025-04-01 16:01:00,F,20~29,office,seoul,0,0,0,0,0,0,0,14,0,0,completed
25328,U5330,2025-05-13 07:44:00,2025-05-13 07:47:00,M,40~49,office,seoul,0,0,0,0,26,0,0,77,0,0,completed
25329,U5331,2025-01-11 12:15:00,2025-01-11 12:19:00,M,50+,office,seoul,1,0,0,0,0,0,0,49,0,0,completed
25330,U5332,2025-05-05 17:51:00,2025-05-05 17:56:00,M,40~49,office,seoul,0,0,0,0,23,0,0,60,0,0,completed
25331,U5333,2025-09-02 07:54:00,2025-09-02 08:00:00,M,50+,office,seoul,0,0,0,0,29,0,0,32,0,1,completed
25332,U5334,2025-06-20 18:42:00,2025-06-20 18:45:00,M,20~29,office,seoul,0,0,0,0,6,0,0,37,0,0,completed
25333,U5335,2025-12-19 15:22:00,2025-12-19 15:28:00,M,20~29,office,seoul,0,0,0,0,15,0,0,19,0,0,completed
25334,U5336,2025-08-18 16:23:00,2025-08-18 16:26:00,M,40~49,office,seoul,0,0,0,0,24,0,0,41,0,0,completed
25335,U5337,2025-05-18 07:55:00,2025-05-18 08:00:00,F,30~39,office,seoul,1,0,0,0,15,0,0,57,0,0,completed
25336,U5338,2025-02-25 08:03:00,2025-02-25 08:08:00,F,30~39,office,seoul,0,0,0,0,1,0,0,17,0,0,completed
25337,U5339,2025-04-27 11:43:00,2025-04-27 11:49:00,M,20~29,office,seoul,1,0,0,0,2,0,0,21,0,0,completed
25338,U5340,2025-01-24 14:08:00,2025-01-24 14:15:00,F,30~39,office,seoul,0,0,0,0,28,0,0,48,0,0,completed
25339,U5341,2025-10-30 15:00:00,2025-10-30 15:03:00,M,40~49,office,seoul,0,0,0,0,21,0,0,72,0,0,completed
25340,U5342,2025-04-29 09:53:00,2025-04-29 10:00:00,M,20~29,office,seoul,0,0,0,0,14,0,0,69,0,0,completed
25341,U5343,2025-12-05 09:29:00,2025-12-05 09:36:00,F,20~29,office,seoul,0,0,0,0,19,0,0,71,0,0,completed
25342,U5344,2025-04-19 09:47:00,2025-04-19 09:54:00,M,20~29,office,seoul,1,0,0,0,28,0,0,52,0,0,completed
25343,U5345,2025-12-20 09:24:00,2025-12-20 09:30:00,F,30~39,office,seoul,1,0,0,0,19,0,0,68,0,0,completed
25344,U5346,2025-12-08 16:19:00,2025-12-08 16:24:00,F,50+,office,seoul,0,0,0,0,6,0,0,39,0,0,completed
25345,U5347,2025-03-13 19:09:00,2025-03-13 19:13:00,F,50+,office,seoul,0,0,0,0,13,0,0,78,1,0,completed
25346,U5348,2025-07-16 11:28:00,2025-07-16 11:31:00,M,20~29,office,seoul,0,0,0,0,6,0,0,14,0,0,completed
25347,U5349,2025-06-27 22:51:00,2025-06-27 22:54:00,M,30~39,office,seoul,0,0,0,0,13,0,0,67,0,0,completed
25348,U5350,2025-09-20 13:41:00,2025-09-20 13:47:00,M,30~39,office,seoul,1,0,0,0,2,0,0,40,0,0,completed
25349,U5351,2025-01-25 17:45:00,2025-01-25 17:49:00,F,30~39,office,seoul,1,0,0,0,1,0,0,21,0,0,completed
25350,U5352,2025-06-03 13:17:00,2025-06-03 13:19:00,F,20~29,office,seoul,0,0,0,0,3,0,0,66,0,0,completed
25351,U5353,2025-10-08 16:16:00,2025-10-08 16:19:00,M,20~29,office,seoul,0,0,0,0,15,0,0,45,0,0,completed
25352,U5354,2025-09-24 08:48:00,2025-09-24 08:53:00,F,30~39,office,seoul,0,0,0,0,0,0,0,19,0,0,completed
25353,U5355,2025-07-06 13:14:00,2025-07-06 13:19:00,F,20~29,office,seoul,1,0,0,0,18,0,0,36,0,0,abandoned
25354,U5356,2025-03-11 13:51:00,2025-03-11 13:55:00,M,30~39,office,seoul,0,0,0,0,2,0,0,70,0,0,completed
25355,U5357,2025-08-13 14:57:00,2025-08-13 15:01:00,F,30~39,office,seoul,0,0,0,0,14,0,0,76,0,0,completed
25356,U5358,2025-06-05 19:42:00,2025-06-05 19:44:00,M,50+,office,seoul,0,0,0,0,26,0,0,33,0,0,completed
25357,U5359,2025-01-05 09:58:00,2025-01-05 10:02:00,M,30~39,office,seoul,1,0,0,0,11,0,0,45,0,0,completed
25358,U5360,2025-01-30 14:33:00,2025-01-30 14:40:00,F,40~49,office,seoul,0,0,0,0,26,0,0,13,0,0,completed
25359,U5361,2025-02-26 11:39:00,2025-02-26 11:42:00,M,40~49,office,seoul,0,0,0,0,26,0,0,64,0,0,completed
25360,U5362,2025-11-07 12:22:00,2025-11-07 12:26:00,F,50+,office,seoul,0,0,0,0,25,0,0,31,0,0,completed
25361,U5363,2025-12-07 20:58:00,2025-12-07 21:03:00,M,30~39,office,seoul,1,0,0,0,26,0,0,52,0,0,completed
25362,U5364,2025-02-10 12:21:00,2025-02-10 12:23:00,M,50+,office,seoul,0,0,0,0,4,0,0,44,0,0,completed
25363,U5365,2025-06-25 15:31:00,2025-06-25 15:34:00,M,50+,office,seoul,0,0,0,0,9,0,0,55,0,0,completed
25364,U5366,2025-02-22 09:13:00,2025-02-22 09:19:00,M,30~39,office,seoul,1,0,0,0,18,0,0,75,0,0,completed
25365,U5367,2025-01-20 11:46:00,2025-01-20 11:50:00,F,40~49,office,seoul,0,0,0,0,15,0,0,20,0,0,completed
25366,U5368,2025-11-24 16:42:00,2025-11-24 16:47:00,F,50+,office,seoul,0,0,0,0,4,0,0,77,0,0,completed
25367,U5369,2025-08-19 09:48:00,2025-08-19 09:53:00,F,30~39,office,seoul,0,0,0,0,17,0,0,77,0,0,completed
25368,U5370,2025-12-05 09:20:00,2025-12-05 09:23:00,F,40~49,office,seoul,0,0,0,0,8,0,0,26,0,0,abandoned
25369,U5371,2025-10-25 17:52:00,2025-10-25 17:56:00,M,30~39,office,seoul,1,0,0,0,26,0,0,21,0,0,completed
25370,U5372,2025-05-12 08:05:00,2025-05-12 08:08:00,F,30~39,office,seoul,0,0,0,0,4,0,0,40,0,0,completed
25371,U5373,2025-05-13 11:46:00,2025-05-13 11:52:00,M,40~49,office,seoul,0,0,0,0,23,0,0,64,0,0,timeout
25372,U5374,2025-03-03 16:53:00,2025-03-03 16:58:00,M,50+,office,seoul,0,0,0,0,18,0,0,53,0,0,completed
25373,U5375,2025-06-24 08:01:00,2025-06-24 08:04:00,M,30~39,office,seoul,0,0,0,0,29,0,0,45,0,0,completed
25374,U5376,2025-01-28 09:44:00,2025-01-28 09:47:00,M,30~39,office,seoul,0,0,0,0,11,0,0,26,0,0,completed
25375,U5377,2025-07-23 12:06:00,2025-07-23 12:08:00,F,30~39,office,seoul,0,0,0,0,14,0,0,40,0,0,completed
25376,U5378,2025-11-02 22:55:00,2025-11-02 23:00:00,M,20~29,office,seoul,1,0,0,0,3,0,0,76,0,0,completed
25377,U5379,2025-10-13 14:10:00,2025-10-13 14:17:00,M,50+,office,seoul,0,0,0,0,26,0,0,65,0,0,completed
25378,U5380,2025-11-14 15:51:00,2025-11-14 15:55:00,M,50+,office,seoul,0,0,0,0,1,0,0,34,0,0,completed
25379,U5381,2025-09-08 17:21:00,2025-09-08 17:27:00,F,20~29,office,seoul,0,0,0,0,1,0,0,38,0,0,completed
25380,U5382,2025-05-17 17:39:00,2025-05-17 17:45:00,M,20~29,office,seoul,1,0,0,0,12,0,0,33,0,0,completed
25381,U5383,2025-05-01 14:21:00,2025-05-01 14:26:00,F,30~39,office,seoul,0,0,0,0,20,0,0,51,0,0,completed
25382,U5384,2025-01-25 17:48:00,2025-01-25 17:51:00,F,50+,office,seoul,1,0,0,0,5,0,0,18,0,0,completed
25383,U5385,2025-10-22 08:39:00,2025-10-22 08:43:00,F,50+,office,seoul,0,0,0,0,23,0,0,35,0,1,completed
25384,U5386,2025-10-10 09:38:00,2025-10-10 09:43:00,F,40~49,office,seoul,0,0,0,0,6,0,0,73,0,0,completed
25385,U5387,2025-07-29 22:59:00,2025-07-29 23:01:00,F,40~49,office,seoul,0,0,0,0,25,0,0,78,0,0,completed
25386,U5388,2025-06-15 17:20:00,2025-06-15 17:25:00,F,30~39,office,seoul,1,0,0,0,6,0,0,53,0,0,completed
25387,U5389,2025-06-28 13:14:00,2025-06-28 13:21:00,F,40~49,office,seoul,1,0,0,0,18,0,0,50,0,0,completed
25388,U5390,2025-11-01 13:25:00,2025-11-01 13:31:00,F,40~49,office,seoul,1,0,0,0,19,0,0,76,0,0,completed
25389,U5391,2025-04-26 15:32:00,2025-04-26 15:35:00,M,30~39,office,seoul,1,0,0,0,18,0,0,11,0,0,completed
25390,U5392,2025-07-17 14:24:00,2025-07-17 14:31:00,M,30~39,office,seoul,0,0,0,0,23,0,0,68,0,0,completed
25391,U5393,2025-02-23 20:46:00,2025-02-23 20:50:00,F,20~29,office,seoul,1,0,0,0,8,0,0,77,0,0,abandoned
25392,U5394,2025-03-24 15:59:00,2025-03-24 16:04:00,F,50+,office,seoul,0,0,0,0,8,0,0,18,1,0,abandoned
25393,U5395,2025-12-15 16:57:00,2025-12-15 17:00:00,F,20~29,office,seoul,0,0,0,0,25,0,0,56,0,0,completed
25394,U5396,2025-04-24 13:09:00,2025-04-24 13:12:00,F,40~49,office,seoul,0,0,0,0,29,0,0,49,0,0,completed
25395,U5397,2025-08-21 15:43:00,2025-08-21 15:47:00,M,30~39,office,seoul,0,0,0,0,11,0,0,62,0,0,completed
25396,U5398,2025-11-27 14:37:00,2025-11-27 14:39:00,M,20~29,office,seoul,0,0,0,0,4,0,0,59,0,0,abandoned
25397,U5399,2025-09-28 13:16:00,2025-09-28 13:23:00,F,30~39,office,seoul,1,0,0,0,8,0,0,55,0,0,completed
25398,U5400,2025-11-28 13:56:00,2025-11-28 13:58:00,M,40~49,office,seoul,0,0,0,0,13,0,0,22,0,0,completed
25399,U5401,2025-01-15 15:40:00,2025-01-15 15:44:00,F,20~29,office,seoul,0,0,0,0,13,0,0,33,0,0,completed
25400,U5402,2025-09-16 13:50:00,2025-09-16 13:55:00,F,50+,office,seoul,0,0,0,0,10,0,0,52,0,1,completed
25401,U5403,2025-12-24 09:17:00,2025-12-24 09:24:00,F,30~39,office,seoul,0,0,0,0,7,0,0,30,0,0,completed
25402,U5404,2025-12-03 07:24:00,2025-12-03 07:28:00,F,20~29,office,seoul,0,0,0,0,10,0,0,12,0,0,completed
25403,U5405,2025-01-27 11:20:00,2025-01-27 11:24:00,F,40~49,office,seoul,0,0,0,0,17,0,0,78,0,0,completed
25404,U5406,2025-10-01 18:44:00,2025-10-01 18:48:00,F,20~29,office,seoul,0,0,0,0,29,0,0,15,0,0,completed
25405,U5407,2025-12-23 16:34:00,2025-12-23 16:39:00,M,50+,office,seoul,0,0,0,0,13,0,0,54,0,0,completed
25406,U5408,2025-01-04 12:55:00,2025-01-04 12:57:00,F,40~49,office,seoul,1,0,0,0,24,0,0,40,0,1,completed
25407,U5409,2025-08-28 18:06:00,2025-08-28 18:13:00,F,20~29,office,seoul,0,0,0,0,0,0,0,53,0,0,completed
25408,U5410,2025-06-28 09:04:00,2025-06-28 09:07:00,F,20~29,office,seoul,1,0,0,0,27,0,0,30,0,0,completed
25409,U5411,2025-02-25 20:45:00,2025-02-25 20:49:00,F,30~39,office,seoul,0,0,0,0,23,0,0,73,0,0,completed
25410,U5412,2025-11-23 22:36:00,2025-11-23 22:43:00,M,50+,office,seoul,1,0,0,0,8,0,0,51,0,0,completed
25411,U5413,2025-05-02 09:11:00,2025-05-02 09:14:00,F,50+,office,seoul,0,0,0,0,27,0,0,34,0,0,abandoned
25412,U5414,2025-08-31 21:00:00,2025-08-31 21:05:00,F,20~29,office,seoul,1,0,0,0,19,0,0,56,0,0,completed
25413,U5415,2025-04-21 13:01:00,2025-04-21 13:05:00,M,50+,office,seoul,0,0,0,0,0,0,0,24,0,0,completed
25414,U5416,2025-06-01 08:12:00,2025-06-01 08:19:00,F,40~49,office,seoul,1,0,0,0,25,0,0,42,0,0,abandoned
25415,U5417,2025-04-30 19:40:00,2025-04-30 19:45:00,F,20~29,office,seoul,0,0,0,0,3,0,0,58,0,0,completed
25416,U5418,2025-03-31 07:04:00,2025-03-31 07:10:00,M,40~49,office,seoul,0,0,0,0,1,0,0,48,1,0,completed
25417,U5419,2025-03-11 16:07:00,2025-03-11 16:09:00,M,20~29,office,seoul,0,0,0,0,6,0,0,40,0,0,error
25418,U5420,2025-02-22 16:30:00,2025-02-22 16:35:00,M,20~29,office,seoul,1,0,0,0,21,0,0,22,0,0,abandoned
25419,U5421,2025-07-14 14:27:00,2025-07-14 14:30:00,M,20~29,office,seoul,0,0,0,0,9,0,0,30,0,0,completed
25420,U5422,2025-02-09 20:53:00,2025-02-09 20:59:00,F,20~29,office,seoul,1,0,0,0,1,0,0,43,0,0,completed
25421,U5423,2025-06-30 07:26:00,2025-06-30 07:29:00,M,30~39,office,seoul,0,0,0,0,10,0,0,50,0,0,completed
25422,U5424,2025-05-28 11:22:00,2025-05-28 11:24:00,M,20~29,office,seoul,0,0,0,0,25,0,0,17,0,0,completed
25423,U5425,2025-05-17 09:15:00,2025-05-17 09:18:00,M,20~29,office,seoul,1,0,0,0,17,0,0,31,0,0,completed
25424,U5426,2025-08-26 20:19:00,2025-08-26 20:25:00,F,50+,office,seoul,0,0,0,0,7,0,0,50,0,0,completed
25425,U5427,2025-09-07 19:33:00,2025-09-07 19:39:00,F,50+,office,seoul,1,0,0,0,14,0,0,39,0,0,completed
25426,U5428,2025-04-19 07:08:00,2025-04-19 07:11:00,F,20~29,office,seoul,1,0,0,0,2,0,0,28,0,0,completed
25427,U5429,2025-08-26 16:07:00,2025-08-26 16:09:00,F,20~29,office,seoul,0,0,0,0,18,0,0,69,0,0,completed
25428,U5430,2025-06-23 09:33:00,2025-06-23 09:38:00,F,20~29,office,seoul,0,0,0,0,23,0,0,18,0,0,completed
25429,U5431,2025-02-13 14:25:00,2025-02-13 14:30:00,F,40~49,office,seoul,0,0,0,0,0,0,0,68,0,0,completed
25430,U5432,2025-08-07 11:50:00,2025-08-07 11:55:00,M,40~49,office,seoul,0,0,0,0,1,0,0,36,0,1,completed
25431,U5433,2025-03-29 13:46:00,2025-03-29 13:51:00,F,30~39,office,seoul,1,0,0,0,8,0,0,22,0,0,abandoned
25432,U5434,2025-08-29 13:07:00,2025-08-29 13:13:00,F,50+,office,seoul,0,0,0,0,2,0,0,27,0,0,error
25433,U5435,2025-04-15 12:31:00,2025-04-15 12:34:00,M,30~39,office,seoul,0,0,0,0,7,0,0,22,0,0,error
25434,U5436,2025-11-17 17:09:00,2025-11-17 17:15:00,M,30~39,office,seoul,0,0,0,0,7,0,0,30,0,0,completed
25435,U5437,2025-08-15 18:49:00,2025-08-15 18:56:00,F,20~29,office,seoul,0,0,0,0,18,0,0,39,0,0,completed
25436,U5438,2025-07-23 14:09:00,2025-07-23 14:14:00,F,40~49,office,seoul,0,0,0,0,20,0,0,40,0,0,timeout
25437,U5439,2025-09-29 16:11:00,2025-09-29 16:14:00,M,40~49,office,seoul,0,0,0,0,21,0,0,19,0,0,completed
25438,U5440,2025-10-04 17:08:00,2025-10-04 17:13:00,M,20~29,office,seoul,1,0,0,0,0,0,0,50,0,0,completed
25439,U5441,2025-11-29 20:18:00,2025-11-29 20:25:00,M,20~29,office,seoul,1,0,0,0,29,0,0,15,0,0,completed
25440,U5442,2025-02-02 08:31:00,2025-02-02 08:37:00,M,30~39,office,seoul,1,0,0,0,3,0,0,62,0,0,completed
25441,U5443,2025-09-09 16:59:00,2025-09-09 17:02:00,F,20~29,office,seoul,0,0,0,0,5,0,0,36,1,0,completed
25442,U5444,2025-11-16 09:50:00,2025-11-16 09:55:00,F,30~39,office,seoul,1,0,0,0,5,0,0,77,0,0,completed
25443,U5445,2025-11-05 12:42:00,2025-11-05 12:47:00,F,20~29,office,seoul,0,0,0,0,27,0,0,69,0,0,completed
25444,U5446,2025-12-06 18:27:00,2025-12-06 18:33:00,M,20~29,office,seoul,1,0,0,0,3,0,0,62,0,0,completed
25445,U5447,2025-09-16 14:08:00,2025-09-16 14:14:00,F,50+,office,seoul,0,0,0,0,4,0,0,28,0,0,completed
25446,U5448,2025-12-03 11:46:00,2025-12-03 11:48:00,F,50+,office,seoul,0,0,0,0,29,0,0,69,0,0,completed
25447,U5449,2025-10-04 18:01:00,2025-10-04 18:07:00,M,40~49,office,seoul,1,0,0,0,13,0,0,57,0,0,completed
25448,U5450,2025-01-04 07:58:00,2025-01-04 08:02:00,M,20~29,office,seoul,1,0,0,0,1,0,0,60,0,0,abandoned
25449,U5451,2025-12-31 09:03:00,2025-12-31 09:09:00,M,20~29,office,seoul,0,0,0,0,2,0,0,14,0,0,timeout
25450,U5452,2025-05-13 19:00:00,2025-05-13 19:06:00,F,20~29,office,seoul,0,0,0,0,25,0,0,58,0,0,completed
25451,U5453,2025-04-25 17:08:00,2025-04-25 17:15:00,F,20~29,office,seoul,0,0,0,0,18,0,0,72,0,0,completed
25452,U5454,2025-01-15 14:03:00,2025-01-15 14:08:00,M,30~39,office,seoul,0,0,0,0,19,0,0,14,0,0,completed
25453,U5455,2025-10-13 07:30:00,2025-10-13 07:37:00,F,30~39,office,seoul,0,0,0,0,3,0,0,39,0,0,completed
25454,U5456,2025-11-09 08:05:00,2025-11-09 08:10:00,F,50+,office,seoul,1,0,0,0,20,0,0,67,0,0,completed
25455,U5457,2025-07-16 16:31:00,2025-07-16 16:34:00,F,20~29,office,seoul,0,0,0,0,19,0,0,69,0,0,completed
25456,U5458,2025-03-01 19:25:00,2025-03-01 19:27:00,F,50+,office,seoul,1,0,0,0,1,0,0,68,0,0,completed
25457,U5459,2025-10-11 13:17:00,2025-10-11 13:24:00,F,40~49,office,seoul,1,0,0,0,21,0,0,16,0,0,completed
25458,U5460,2025-02-14 13:46:00,2025-02-14 13:51:00,M,50+,office,seoul,0,0,0,0,7,0,0,70,0,0,completed
25459,U5461,2025-12-13 20:34:00,2025-12-13 20:41:00,M,40~49,office,seoul,1,0,0,0,20,0,0,37,0,0,completed
25460,U5462,2025-12-05 15:49:00,2025-12-05 15:53:00,M,20~29,office,seoul,0,0,0,0,23,0,0,18,0,0,completed
25461,U5463,2025-01-22 08:56:00,2025-01-22 08:58:00,F,30~39,office,seoul,0,0,0,0,16,0,0,22,0,0,completed
25462,U5464,2025-11-16 07:07:00,2025-11-16 07:09:00,F,20~29,office,seoul,1,0,0,0,18,0,0,17,0,0,completed
25463,U5465,2025-12-12 13:25:00,2025-12-12 13:32:00,F,50+,office,seoul,0,0,0,0,5,0,0,40,0,0,completed
25464,U5466,2025-02-20 19:10:00,2025-02-20 19:17:00,F,20~29,office,seoul,0,0,0,0,14,0,0,41,0,0,completed
25465,U5467,2025-03-24 11:47:00,2025-03-24 11:50:00,F,20~29,office,seoul,0,0,0,0,9,0,0,13,0,0,completed
25466,U5468,2025-08-14 18:18:00,2025-08-14 18:24:00,M,30~39,office,seoul,0,0,0,0,10,0,0,62,0,0,completed
25467,U5469,2025-05-18 08:52:00,2025-05-18 08:59:00,F,20~29,office,seoul,1,0,0,0,29,0,0,55,0,0,completed
25468,U5470,2025-05-27 16:01:00,2025-05-27 16:08:00,F,30~39,office,seoul,0,0,0,0,14,0,0,56,0,0,completed
25469,U5471,2025-06-17 16:39:00,2025-06-17 16:45:00,F,20~29,office,seoul,0,0,0,0,18,0,0,46,0,0,completed
25470,U5472,2025-03-15 11:10:00,2025-03-15 11:13:00,F,50+,office,seoul,1,0,0,0,15,0,0,33,0,0,abandoned
25471,U5473,2025-04-04 07:06:00,2025-04-04 07:12:00,F,50+,office,seoul,0,0,0,0,1,0,0,16,0,0,completed
25472,U5474,2025-04-14 20:36:00,2025-04-14 20:38:00,F,20~29,office,seoul,0,0,0,0,10,0,0,48,0,0,completed
25473,U5475,2025-11-28 08:58:00,2025-11-28 09:03:00,F,20~29,office,seoul,0,0,0,0,8,0,0,70,0,0,abandoned
25474,U5476,2025-11-02 09:42:00,2025-11-02 09:48:00,F,20~29,office,seoul,1,0,0,0,1,0,0,31,0,0,completed
25475,U5477,2025-05-14 09:34:00,2025-05-14 09:38:00,F,40~49,office,seoul,0,0,0,0,26,0,0,33,0,0,timeout
25476,U5478,2025-09-06 11:25:00,2025-09-06 11:28:00,F,50+,office,seoul,1,0,0,0,3,0,0,67,1,0,abandoned
25477,U5479,2025-08-18 13:34:00,2025-08-18 13:37:00,F,40~49,office,seoul,0,0,0,0,10,0,0,22,0,0,completed
25478,U5480,2025-06-13 14:20:00,2025-06-13 14:22:00,F,30~39,office,seoul,0,0,0,0,12,0,0,19,0,0,abandoned
25479,U5481,2025-03-01 13:13:00,2025-03-01 13:18:00,F,40~49,office,seoul,1,0,0,0,14,0,0,35,0,0,completed
25480,U5482,2025-09-25 12:43:00,2025-09-25 12:50:00,M,20~29,office,seoul,0,0,0,0,27,0,0,72,0,0,completed
25481,U5483,2025-02-27 15:40:00,2025-02-27 15:43:00,F,30~39,office,seoul,0,0,0,0,5,0,0,48,0,0,completed
25482,U5484,2025-10-20 12:20:00,2025-10-20 12:27:00,M,30~39,office,seoul,0,0,0,0,29,0,0,21,0,0,completed
25483,U5485,2025-07-28 16:13:00,2025-07-28 16:18:00,M,40~49,office,seoul,0,0,0,0,27,0,0,37,0,0,completed
25484,U5486,2025-09-03 07:20:00,2025-09-03 07:22:00,M,40~49,office,seoul,0,0,0,0,10,0,0,13,0,0,completed
25485,U5487,2025-07-22 14:51:00,2025-07-22 14:53:00,M,20~29,office,seoul,0,0,0,0,17,0,0,77,0,0,completed
25486,U5488,2025-06-30 18:50:00,2025-06-30 18:57:00,M,30~39,office,seoul,0,0,0,0,5,0,0,41,0,0,error
25487,U5489,2025-11-08 08:58:00,2025-11-08 09:03:00,F,30~39,office,seoul,1,0,0,0,12,0,0,13,0,0,completed
25488,U5490,2025-09-19 17:52:00,2025-09-19 17:54:00,F,30~39,office,seoul,0,0,0,0,12,0,0,12,0,0,completed
25489,U5491,2025-09-28 11:56:00,2025-09-28 11:58:00,F,40~49,office,seoul,1,0,0,0,11,0,0,76,0,0,abandoned
25490,U5492,2025-05-18 14:11:00,2025-05-18 14:15:00,M,30~39,office,seoul,1,0,0,0,14,0,0,66,0,0,completed
25491,U5493,2025-06-06 07:57:00,2025-06-06 08:03:00,F,20~29,office,seoul,0,0,0,0,23,0,0,79,0,0,abandoned
25492,U5494,2025-05-18 17:45:00,2025-05-18 17:50:00,F,20~29,office,seoul,1,0,0,0,6,0,0,11,0,0,completed
25493,U5495,2025-04-03 11:18:00,2025-04-03 11:25:00,M,20~29,office,seoul,0,0,0,0,13,0,0,50,0,0,completed
25494,U5496,2025-05-12 16:50:00,2025-05-12 16:54:00,F,20~29,office,seoul,0,0,0,0,24,0,0,74,0,0,completed
25495,U5497,2025-09-21 14:09:00,2025-09-21 14:11:00,M,40~49,office,seoul,1,0,0,0,7,0,0,65,0,0,completed
25496,U5498,2025-03-18 12:35:00,2025-03-18 12:42:00,F,30~39,office,seoul,0,0,0,0,17,0,0,60,0,0,completed
25497,U5499,2025-03-16 17:09:00,2025-03-16 17:13:00,F,40~49,office,seoul,1,0,0,0,12,0,0,48,0,0,completed
25498,U5500,2025-11-15 16:58:00,2025-11-15 17:00:00,F,30~39,office,seoul,1,0,0,0,19,0,0,17,0,0,abandoned
25499,U5501,2025-10-15 09:03:00,2025-10-15 09:10:00,M,30~39,office,seoul,0,0,0,0,21,0,0,56,0,0,completed
25500,U5502,2025-11-13 16:14:00,2025-11-13 16:16:00,M,50+,office,seoul,0,0,0,0,27,0,0,66,0,0,completed
25501,U5503,2025-12-09 13:40:00,2025-12-09 13:42:00,M,30~39,office,seoul,0,0,0,0,12,0,0,47,0,0,completed
25502,U5504,2025-05-16 07:02:00,2025-05-16 07:06:00,F,20~29,office,seoul,0,0,0,0,23,0,0,15,0,0,completed
25503,U5505,2025-03-22 16:37:00,2025-03-22 16:40:00,F,20~29,office,seoul,1,0,0,0,24,0,0,74,0,0,completed
25504,U5506,2025-09-25 17:59:00,2025-09-25 18:04:00,F,40~49,office,seoul,0,0,0,0,11,0,0,45,0,0,completed
25505,U5507,2025-04-04 11:57:00,2025-04-04 12:03:00,F,40~49,office,seoul,0,0,0,0,3,0,0,29,0,0,completed
25506,U5508,2025-05-13 18:13:00,2025-05-13 18:20:00,M,50+,office,seoul,0,0,0,0,29,0,0,38,0,0,completed
25507,U5509,2025-07-23 16:11:00,2025-07-23 16:16:00,F,20~29,office,seoul,0,0,0,0,16,0,0,66,0,0,completed
25508,U5510,2025-12-02 15:47:00,2025-12-02 15:52:00,M,30~39,office,seoul,0,0,0,0,20,0,0,53,1,0,completed
25509,U5511,2025-03-14 20:55:00,2025-03-14 20:57:00,F,40~49,office,seoul,0,0,0,0,4,0,0,78,0,0,abandoned
25510,U5512,2025-02-23 22:16:00,2025-02-23 22:20:00,F,40~49,office,seoul,1,0,0,0,22,0,0,60,0,0,completed
25511,U5513,2025-07-26 13:49:00,2025-07-26 13:52:00,M,20~29,office,seoul,1,0,0,0,0,0,0,17,0,0,completed
25512,U5514,2025-05-21 20:55:00,2025-05-21 21:01:00,M,30~39,office,seoul,0,0,0,0,19,0,0,65,0,0,timeout
25513,U5515,2025-07-11 18:26:00,2025-07-11 18:28:00,M,40~49,office,seoul,0,0,0,0,2,0,0,79,0,0,completed
25514,U5516,2025-05-18 12:28:00,2025-05-18 12:35:00,M,40~49,office,seoul,1,0,0,0,8,0,0,72,0,0,completed
25515,U5517,2025-07-14 20:38:00,2025-07-14 20:44:00,F,20~29,office,seoul,0,0,0,0,21,0,0,57,0,0,completed
25516,U5518,2025-05-07 17:50:00,2025-05-07 17:56:00,M,20~29,office,seoul,0,0,0,0,8,0,0,68,0,0,timeout
25517,U5519,2025-02-16 19:00:00,2025-02-16 19:07:00,F,50+,office,seoul,1,0,0,0,7,0,0,61,0,0,abandoned
25518,U5520,2025-06-30 11:26:00,2025-06-30 11:30:00,F,40~49,office,seoul,0,0,0,0,22,0,0,36,0,0,completed
25519,U5521,2025-12-08 16:39:00,2025-12-08 16:43:00,M,30~39,office,seoul,0,0,0,0,19,0,0,48,0,0,timeout
25520,U5522,2025-03-06 20:01:00,2025-03-06 20:05:00,M,50+,office,seoul,0,0,0,0,25,0,0,12,0,0,completed
25521,U5523,2025-01-16 19:06:00,2025-01-16 19:11:00,F,40~49,office,seoul,0,0,0,0,15,0,0,25,0,0,completed
25522,U5524,2025-09-25 11:08:00,2025-09-25 11:14:00,M,30~39,office,seoul,0,0,0,0,28,0,0,75,0,0,completed
25523,U5525,2025-03-25 09:31:00,2025-03-25 09:38:00,M,30~39,office,seoul,0,0,0,0,27,0,0,58,0,0,completed
25524,U5526,2025-08-02 08:16:00,2025-08-02 08:18:00,M,30~39,office,seoul,1,0,0,0,13,0,0,77,0,0,completed
25525,U5527,2025-12-06 20:21:00,2025-12-06 20:28:00,F,40~49,office,seoul,1,0,0,0,9,0,0,76,0,0,completed
25526,U5528,2025-04-12 09:24:00,2025-04-12 09:26:00,M,40~49,office,seoul,1,0,0,0,27,0,0,18,0,0,completed
25527,U5529,2025-10-05 08:21:00,2025-10-05 08:27:00,F,40~49,office,seoul,1,0,0,0,3,0,0,65,0,0,completed
25528,U5530,2025-02-01 21:14:00,2025-02-01 21:16:00,F,20~29,office,seoul,1,0,0,0,5,0,0,43,0,0,completed
25529,U5531,2025-05-27 18:46:00,2025-05-27 18:51:00,F,50+,office,seoul,0,0,0,0,8,0,0,51,0,0,completed
25530,U5532,2025-08-14 11:36:00,2025-08-14 11:41:00,F,20~29,office,seoul,0,0,0,0,18,0,0,63,0,0,completed
25531,U5533,2025-11-03 09:44:00,2025-11-03 09:50:00,M,20~29,office,seoul,0,0,0,0,8,0,0,23,0,0,completed
25532,U5534,2025-10-13 09:50:00,2025-10-13 09:52:00,F,20~29,office,seoul,0,0,0,0,10,0,0,24,0,0,completed
25533,U5535,2025-02-04 15:09:00,2025-02-04 15:11:00,F,20~29,office,seoul,0,0,0,0,25,0,0,15,0,0,completed
25534,U5536,2025-04-12 17:39:00,2025-04-12 17:41:00,F,20~29,office,seoul,1,0,0,0,18,0,0,45,0,0,timeout
25535,U5537,2025-09-11 11:48:00,2025-09-11 11:51:00,M,40~49,office,seoul,0,0,0,0,28,0,0,72,0,0,completed
25536,U5538,2025-01-06 13:03:00,2025-01-06 13:05:00,F,30~39,office,seoul,0,0,0,0,9,0,0,21,0,0,completed
25537,U5539,2025-12-12 15:46:00,2025-12-12 15:49:00,M,20~29,office,seoul,0,0,0,0,26,0,0,40,1,0,completed
25538,U5540,2025-07-17 16:41:00,2025-07-17 16:44:00,F,20~29,office,seoul,0,0,0,0,21,0,0,53,0,0,completed
25539,U5541,2025-12-06 08:47:00,2025-12-06 08:53:00,F,30~39,office,seoul,1,0,0,0,28,0,0,40,0,0,completed
25540,U5542,2025-07-17 16:41:00,2025-07-17 16:46:00,F,40~49,office,seoul,0,0,0,0,22,0,0,36,0,0,completed
25541,U5543,2025-06-04 09:43:00,2025-06-04 09:46:00,M,50+,office,seoul,0,0,0,0,0,0,0,31,0,0,completed
25542,U5544,2025-07-15 07:34:00,2025-07-15 07:37:00,F,40~49,office,seoul,0,0,0,0,9,0,0,63,0,0,completed
25543,U5545,2025-01-20 13:02:00,2025-01-20 13:05:00,F,30~39,office,seoul,0,0,0,0,1,0,0,29,0,0,completed
25544,U5546,2025-08-02 09:57:00,2025-08-02 10:00:00,F,40~49,office,seoul,1,0,0,0,15,0,0,28,0,0,completed
25545,U5547,2025-05-30 15:11:00,2025-05-30 15:14:00,F,40~49,office,seoul,0,0,0,0,7,0,0,64,0,0,completed
25546,U5548,2025-07-29 09:26:00,2025-07-29 09:31:00,M,20~29,office,seoul,0,0,0,0,3,0,0,17,0,0,completed
25547,U5549,2025-01-04 07:15:00,2025-01-04 07:18:00,F,20~29,office,seoul,1,0,0,0,6,0,0,78,0,0,error
25548,U5550,2025-03-09 14:31:00,2025-03-09 14:34:00,F,50+,office,seoul,1,0,0,0,13,0,0,13,0,0,completed
25549,U5551,2025-11-09 16:28:00,2025-11-09 16:34:00,F,20~29,office,seoul,1,0,0,0,3,0,0,51,0,0,completed
25550,U5552,2025-07-28 12:07:00,2025-07-28 12:09:00,M,30~39,office,seoul,0,0,0,0,5,0,0,52,0,0,abandoned
25551,U5553,2025-10-28 15:29:00,2025-10-28 15:32:00,F,30~39,office,seoul,0,0,0,0,26,0,0,36,0,0,completed
25552,U5554,2025-04-24 11:42:00,2025-04-24 11:48:00,M,50+,office,seoul,0,0,0,0,14,0,0,75,0,1,completed
25553,U5555,2025-06-24 08:39:00,2025-06-24 08:41:00,M,30~39,office,seoul,0,0,0,0,26,0,0,53,0,0,completed
25554,U5556,2025-01-03 14:36:00,2025-01-03 14:41:00,F,20~29,office,seoul,0,0,0,0,11,0,0,34,0,0,completed
25555,U5557,2025-11-27 16:43:00,2025-11-27 16:47:00,F,20~29,office,seoul,0,0,0,0,13,0,0,30,0,0,completed
25556,U5558,2025-09-20 19:24:00,2025-09-20 19:31:00,F,20~29,office,seoul,1,0,0,0,11,0,0,64,0,0,abandoned
25557,U5559,2025-08-30 13:43:00,2025-08-30 13:49:00,F,20~29,office,seoul,1,0,0,0,19,0,0,29,0,0,completed
25558,U5560,2025-06-01 21:31:00,2025-06-01 21:38:00,F,20~29,office,seoul,1,0,0,0,3,0,0,69,0,0,completed
25559,U5561,2025-07-10 15:45:00,2025-07-10 15:47:00,F,30~39,office,seoul,0,0,0,0,2,0,0,42,0,0,timeout
25560,U5562,2025-10-28 09:45:00,2025-10-28 09:49:00,M,40~49,office,seoul,0,0,0,0,29,0,0,66,0,0,completed
25561,U5563,2025-02-04 16:34:00,2025-02-04 16:39:00,F,20~29,office,seoul,0,0,0,0,24,0,0,56,0,0,completed
25562,U5564,2025-07-27 17:47:00,2025-07-27 17:53:00,F,30~39,office,seoul,1,0,0,0,5,0,0,55,0,0,completed
25563,U5565,2025-10-02 14:02:00,2025-10-02 14:06:00,F,50+,office,seoul,0,0,0,0,20,0,0,57,0,0,completed
25564,U5566,2025-02-05 08:05:00,2025-02-05 08:08:00,M,50+,office,seoul,0,0,0,0,23,0,0,35,0,0,completed
25565,U5567,2025-07-24 16:32:00,2025-07-24 16:39:00,F,30~39,office,seoul,0,0,0,0,3,0,0,32,0,0,completed
25566,U5568,2025-07-18 09:34:00,2025-07-18 09:38:00,F,20~29,office,seoul,0,0,0,0,21,0,0,27,0,0,completed
25567,U5569,2025-04-13 11:08:00,2025-04-13 11:13:00,M,30~39,office,seoul,1,0,0,0,15,0,0,38,0,0,completed
25568,U5570,2025-04-01 12:21:00,2025-04-01 12:26:00,M,40~49,office,seoul,0,0,0,0,0,0,0,63,0,0,completed
25569,U5571,2025-09-26 17:08:00,2025-09-26 17:15:00,F,30~39,office,seoul,0,0,0,0,28,0,0,70,0,0,completed
25570,U5572,2025-04-21 09:12:00,2025-04-21 09:15:00,F,30~39,office,seoul,0,0,0,0,27,0,0,59,0,0,completed
25571,U5573,2025-09-20 11:43:00,2025-09-20 11:49:00,M,20~29,office,seoul,1,0,0,0,0,0,0,64,0,0,completed
25572,U5574,2025-05-24 12:19:00,2025-05-24 12:22:00,M,40~49,office,seoul,1,0,0,0,24,0,0,49,0,0,completed
25573,U5575,2025-03-12 09:23:00,2025-03-12 09:25:00,F,30~39,office,seoul,0,0,0,0,20,0,0,37,0,0,completed
25574,U5576,2025-12-16 13:35:00,2025-12-16 13:38:00,F,50+,office,seoul,0,0,0,0,14,0,0,68,0,0,completed
25575,U5577,2025-12-08 17:25:00,2025-12-08 17:28:00,M,50+,office,seoul,0,0,0,0,8,0,0,69,0,0,completed
25576,U5578,2025-11-28 22:09:00,2025-11-28 22:13:00,M,50+,office,seoul,0,0,0,0,16,0,0,34,1,0,completed
25577,U5579,2025-07-10 07:04:00,2025-07-10 07:10:00,M,20~29,office,seoul,0,0,0,0,19,0,0,40,0,0,abandoned
25578,U5580,2025-06-06 11:30:00,2025-06-06 11:34:00,F,30~39,office,seoul,0,0,0,0,19,0,0,31,0,0,completed
25579,U5581,2025-08-25 15:43:00,2025-08-25 15:50:00,F,50+,office,seoul,0,0,0,0,28,0,0,49,0,0,abandoned
25580,U5582,2025-11-15 18:02:00,2025-11-15 18:07:00,F,20~29,office,seoul,1,0,0,0,14,0,0,37,0,0,completed
25581,U5583,2025-06-28 18:28:00,2025-06-28 18:35:00,F,50+,office,seoul,1,0,0,0,27,0,0,55,0,0,timeout
25582,U5584,2025-01-05 08:34:00,2025-01-05 08:38:00,F,20~29,office,seoul,1,0,0,0,1,0,0,47,0,0,completed
25583,U5585,2025-11-11 14:35:00,2025-11-11 14:39:00,F,40~49,office,seoul,0,0,0,0,4,0,0,12,0,0,completed
25584,U5586,2025-04-21 13:42:00,2025-04-21 13:48:00,F,50+,office,seoul,0,0,0,0,19,0,0,40,0,0,completed
25585,U5587,2025-06-01 16:36:00,2025-06-01 16:38:00,M,40~49,office,seoul,1,0,0,0,0,0,0,14,0,0,completed
25586,U5588,2025-12-19 09:50:00,2025-12-19 09:53:00,M,30~39,office,seoul,0,0,0,0,21,0,0,70,0,0,completed
25587,U5589,2025-06-10 21:33:00,2025-06-10 21:37:00,M,20~29,office,seoul,0,0,0,0,2,0,0,41,0,0,error
25588,U5590,2025-10-06 11:39:00,2025-10-06 11:42:00,F,20~29,office,seoul,0,0,0,0,15,0,0,59,0,0,timeout
25589,U5591,2025-05-05 15:25:00,2025-05-05 15:31:00,M,50+,office,seoul,0,0,0,0,15,0,0,58,0,0,completed
25590,U5592,2025-10-23 19:18:00,2025-10-23 19:21:00,F,50+,office,seoul,0,0,0,0,15,0,0,12,0,0,completed
25591,U5593,2025-05-31 08:23:00,2025-05-31 08:30:00,F,40~49,office,seoul,1,0,0,0,12,0,0,31,0,0,completed
25592,U5594,2025-04-14 07:35:00,2025-04-14 07:38:00,F,20~29,office,seoul,0,0,0,0,22,0,0,51,0,0,completed
25593,U5595,2025-03-27 19:21:00,2025-03-27 19:25:00,M,40~49,office,seoul,0,0,0,0,6,0,0,64,0,0,completed
25594,U5596,2025-03-28 18:38:00,2025-03-28 18:43:00,F,50+,office,seoul,0,0,0,0,5,0,0,46,0,0,completed
25595,U5597,2025-06-15 12:01:00,2025-06-15 12:07:00,F,20~29,office,seoul,1,0,0,0,11,0,0,34,0,0,completed
25596,U5598,2025-06-13 12:31:00,2025-06-13 12:34:00,F,50+,office,seoul,0,0,0,0,17,0,0,59,0,0,completed
25597,U5599,2025-05-28 21:43:00,2025-05-28 21:47:00,F,40~49,office,seoul,0,0,0,0,9,0,0,43,0,0,completed
25598,U5600,2025-10-26 21:43:00,2025-10-26 21:47:00,F,20~29,office,seoul,1,0,0,0,29,0,0,29,0,0,completed
25599,U5601,2025-02-24 16:43:00,2025-02-24 16:45:00,F,40~49,office,seoul,0,0,0,0,15,0,0,24,0,0,completed
25600,U5602,2025-09-09 15:58:00,2025-09-09 16:00:00,M,40~49,office,seoul,0,0,0,0,8,0,0,16,0,0,completed
25601,U5603,2025-10-05 18:56:00,2025-10-05 19:03:00,M,40~49,office,seoul,1,0,0,0,29,0,0,74,0,0,completed
25602,U5604,2025-05-29 09:19:00,2025-05-29 09:21:00,M,20~29,office,seoul,0,0,0,0,13,0,0,30,0,0,completed
25603,U5605,2025-01-17 16:19:00,2025-01-17 16:21:00,F,20~29,office,seoul,0,0,0,0,26,0,0,32,0,0,completed
25604,U5606,2025-04-22 21:52:00,2025-04-22 21:56:00,M,50+,office,seoul,0,0,0,0,20,0,0,73,1,1,completed
25605,U5607,2025-09-20 09:16:00,2025-09-20 09:19:00,F,30~39,office,seoul,1,0,0,0,27,0,0,14,0,0,completed
25606,U5608,2025-10-03 09:40:00,2025-10-03 09:47:00,F,50+,office,seoul,0,0,0,0,18,0,0,17,0,0,completed
25607,U5609,2025-06-08 14:23:00,2025-06-08 14:26:00,F,20~29,office,seoul,1,0,0,0,24,0,0,15,0,0,completed
25608,U5610,2025-04-18 12:38:00,2025-04-18 12:40:00,M,20~29,office,seoul,0,0,0,0,8,0,0,23,0,0,completed
25609,U5611,2025-08-03 14:35:00,2025-08-03 14:37:00,F,30~39,office,seoul,1,0,0,0,7,0,0,14,0,0,completed
25610,U5612,2025-02-17 11:38:00,2025-02-17 11:41:00,M,40~49,office,seoul,0,0,0,0,21,0,0,31,0,0,error
25611,U5613,2025-02-06 20:55:00,2025-02-06 20:57:00,F,40~49,office,seoul,0,0,0,0,11,0,0,31,0,0,completed
25612,U5614,2025-11-15 07:48:00,2025-11-15 07:55:00,F,30~39,office,seoul,1,0,0,0,9,0,0,33,0,0,abandoned
25613,U5615,2025-08-07 09:59:00,2025-08-07 10:04:00,F,20~29,office,seoul,0,0,0,0,17,0,0,33,0,0,completed
25614,U5616,2025-07-16 15:48:00,2025-07-16 15:54:00,F,20~29,office,seoul,0,0,0,0,17,0,0,10,0,0,completed
25615,U5617,2025-10-15 13:33:00,2025-10-15 13:39:00,F,40~49,office,seoul,0,0,0,0,8,0,0,29,0,0,completed
25616,U5618,2025-01-15 13:08:00,2025-01-15 13:13:00,M,20~29,office,seoul,0,0,0,0,10,0,0,38,0,0,completed
25617,U5619,2025-04-30 18:17:00,2025-04-30 18:21:00,F,30~39,office,seoul,0,0,0,0,12,0,0,51,0,0,completed
25618,U5620,2025-03-13 16:35:00,2025-03-13 16:38:00,F,40~49,office,seoul,0,0,0,0,8,0,0,44,0,0,completed
25619,U5621,2025-03-14 07:59:00,2025-03-14 08:06:00,F,20~29,office,seoul,0,0,0,0,29,0,0,21,0,0,completed
25620,U5622,2025-09-25 07:30:00,2025-09-25 07:35:00,M,20~29,office,seoul,0,0,0,0,9,0,0,11,0,0,abandoned
25621,U5623,2025-08-01 17:55:00,2025-08-01 17:57:00,M,40~49,office,seoul,0,0,0,0,21,0,0,63,0,0,abandoned
25622,U5624,2025-01-01 18:31:00,2025-01-01 18:36:00,F,30~39,office,seoul,0,0,0,0,18,0,0,61,0,1,completed
25623,U5625,2025-07-27 13:32:00,2025-07-27 13:35:00,F,40~49,office,seoul,1,0,0,0,6,0,0,28,0,0,completed
25624,U5626,2025-06-23 08:48:00,2025-06-23 08:55:00,F,30~39,office,seoul,0,0,0,0,19,0,0,15,0,0,completed
25625,U5627,2025-03-16 16:01:00,2025-03-16 16:04:00,F,20~29,office,seoul,1,0,0,0,18,0,0,56,0,0,completed
25626,U5628,2025-06-20 08:37:00,2025-06-20 08:42:00,F,20~29,office,seoul,0,0,0,0,1,0,0,41,0,0,completed
25627,U5629,2025-04-27 11:11:00,2025-04-27 11:13:00,F,20~29,office,seoul,1,0,0,0,16,0,0,25,0,0,error
25628,U5630,2025-07-22 20:25:00,2025-07-22 20:27:00,F,30~39,office,seoul,0,0,0,0,6,0,0,15,0,0,completed
25629,U5631,2025-06-05 17:03:00,2025-06-05 17:06:00,F,20~29,office,seoul,0,0,0,0,10,0,0,19,0,0,completed
25630,U5632,2025-12-17 08:52:00,2025-12-17 08:56:00,F,50+,office,seoul,0,0,0,0,4,0,0,26,0,0,completed
25631,U5633,2025-07-31 20:25:00,2025-07-31 20:31:00,F,20~29,office,seoul,0,0,0,0,0,0,0,68,0,0,timeout
25632,U5634,2025-10-23 16:13:00,2025-10-23 16:15:00,F,20~29,office,seoul,0,0,0,0,2,0,0,47,0,0,abandoned
25633,U5635,2025-03-09 16:50:00,2025-03-09 16:55:00,F,20~29,office,seoul,1,0,0,0,24,0,0,16,0,0,completed
25634,U5636,2025-03-03 19:01:00,2025-03-03 19:04:00,M,20~29,office,seoul,0,0,0,0,14,0,0,69,0,0,completed
25635,U5637,2025-04-19 13:00:00,2025-04-19 13:02:00,F,50+,office,seoul,1,0,0,0,2,0,0,34,0,0,completed
25636,U5638,2025-12-19 22:24:00,2025-12-19 22:26:00,F,30~39,office,seoul,0,0,0,0,19,0,0,36,0,0,completed
25637,U5639,2025-11-03 11:24:00,2025-11-03 11:27:00,F,50+,office,seoul,0,0,0,0,5,0,0,59,0,0,completed
25638,U5640,2025-11-14 17:44:00,2025-11-14 17:51:00,M,20~29,office,seoul,0,0,0,0,10,0,0,13,0,0,completed
25639,U5641,2025-02-20 08:02:00,2025-02-20 08:06:00,F,30~39,office,seoul,0,0,0,0,12,0,0,17,0,0,completed
25640,U5642,2025-06-10 15:28:00,2025-06-10 15:30:00,M,20~29,office,seoul,0,0,0,0,11,0,0,29,0,0,completed
25641,U5643,2025-12-12 12:59:00,2025-12-12 13:01:00,M,40~49,office,seoul,0,0,0,0,11,0,0,53,0,0,completed
25642,U5644,2025-02-10 11:31:00,2025-02-10 11:33:00,M,30~39,office,seoul,0,0,0,0,16,0,0,43,0,0,abandoned
25643,U5645,2025-02-25 15:56:00,2025-02-25 16:00:00,F,20~29,office,seoul,0,0,0,0,18,0,0,72,0,0,completed
25644,U5646,2025-08-21 12:53:00,2025-08-21 12:55:00,F,50+,office,seoul,0,0,0,0,5,0,0,35,0,0,completed
25645,U5647,2025-03-11 09:01:00,2025-03-11 09:03:00,M,30~39,office,seoul,0,0,0,0,6,0,0,14,0,0,completed
25646,U5648,2025-06-06 15:47:00,2025-06-06 15:52:00,F,40~49,office,seoul,0,0,0,0,12,0,0,52,0,0,completed
25647,U5649,2025-02-17 09:23:00,2025-02-17 09:30:00,F,30~39,office,seoul,0,0,0,0,21,0,0,15,0,0,completed
25648,U5650,2025-02-23 18:28:00,2025-02-23 18:30:00,F,20~29,office,seoul,1,0,0,0,24,0,0,23,1,0,completed
25649,U5651,2025-10-11 14:36:00,2025-10-11 14:38:00,M,30~39,office,seoul,1,0,0,0,16,0,0,71,0,0,completed
25650,U5652,2025-04-04 17:35:00,2025-04-04 17:37:00,M,50+,office,seoul,0,0,0,0,24,0,0,28,0,0,completed
25651,U5653,2025-03-25 12:48:00,2025-03-25 12:52:00,F,50+,office,seoul,0,0,0,0,29,0,0,34,0,0,completed
25652,U5654,2025-07-26 16:49:00,2025-07-26 16:56:00,M,20~29,office,seoul,1,0,0,0,2,0,0,76,0,0,completed
25653,U5655,2025-10-17 22:19:00,2025-10-17 22:26:00,M,30~39,office,seoul,0,0,0,0,8,0,0,71,0,0,completed
25654,U5656,2025-09-04 15:51:00,2025-09-04 15:58:00,M,40~49,office,seoul,0,0,0,0,16,0,0,39,0,0,completed
25655,U5657,2025-03-24 16:48:00,2025-03-24 16:54:00,M,50+,office,seoul,0,0,0,0,25,0,0,74,0,0,completed
25656,U5658,2025-01-06 12:54:00,2025-01-06 12:58:00,M,50+,office,seoul,0,0,0,0,3,0,0,78,0,0,completed
25657,U5659,2025-01-18 08:41:00,2025-01-18 08:45:00,M,30~39,office,seoul,1,0,0,0,5,0,0,20,0,0,completed
25658,U5660,2025-05-21 17:06:00,2025-05-21 17:08:00,M,20~29,office,seoul,0,0,0,0,14,0,0,32,0,0,error
25659,U5661,2025-07-31 16:51:00,2025-07-31 16:57:00,F,20~29,office,seoul,0,0,0,0,13,0,0,58,0,0,completed
25660,U5662,2025-06-02 15:11:00,2025-06-02 15:13:00,F,40~49,office,seoul,0,0,0,0,28,0,0,78,0,0,completed
25661,U5663,2025-12-08 09:06:00,2025-12-08 09:11:00,F,20~29,office,seoul,0,0,0,0,12,0,0,53,0,0,completed
25662,U5664,2025-11-18 15:38:00,2025-11-18 15:45:00,F,30~39,office,seoul,0,0,0,0,17,0,0,37,0,0,completed
25663,U5665,2025-12-13 17:54:00,2025-12-13 17:59:00,F,20~29,office,seoul,1,0,0,0,0,0,0,36,0,0,completed
25664,U5666,2025-05-06 15:50:00,2025-05-06 15:57:00,F,50+,office,seoul,0,0,0,0,26,0,0,52,0,0,completed
25665,U5667,2025-07-08 11:07:00,2025-07-08 11:09:00,M,50+,office,seoul,0,0,0,0,26,0,0,63,0,0,completed
25666,U5668,2025-05-19 15:45:00,2025-05-19 15:48:00,F,20~29,office,seoul,0,0,0,0,23,0,0,29,0,0,completed
25667,U5669,2025-04-16 16:40:00,2025-04-16 16:47:00,F,20~29,office,seoul,0,0,0,0,25,0,0,16,0,0,completed
25668,U5670,2025-10-23 14:59:00,2025-10-23 15:04:00,F,50+,office,seoul,0,0,0,0,19,0,0,76,1,0,completed
25669,U5671,2025-12-24 11:28:00,2025-12-24 11:34:00,M,50+,office,seoul,0,0,0,0,5,0,0,41,0,0,completed
25670,U5672,2025-02-03 17:54:00,2025-02-03 17:57:00,M,50+,office,seoul,0,0,0,0,7,0,0,21,0,0,completed
25671,U5673,2025-08-09 18:21:00,2025-08-09 18:27:00,M,40~49,office,seoul,1,0,0,0,0,0,0,51,0,0,completed
25672,U5674,2025-12-11 12:53:00,2025-12-11 12:57:00,M,50+,office,seoul,0,0,0,0,29,0,0,70,1,0,timeout
25673,U5675,2025-10-17 13:09:00,2025-10-17 13:14:00,M,40~49,office,seoul,0,0,0,0,14,0,0,70,0,0,completed
25674,U5676,2025-10-09 16:05:00,2025-10-09 16:10:00,F,40~49,office,seoul,0,0,0,0,18,0,0,71,0,0,completed
25675,U5677,2025-03-09 19:45:00,2025-03-09 19:47:00,F,40~49,office,seoul,1,0,0,0,4,0,0,71,0,0,completed
25676,U5678,2025-12-22 07:51:00,2025-12-22 07:56:00,F,20~29,office,seoul,0,0,0,0,27,0,0,60,0,0,completed
25677,U5679,2025-09-10 17:43:00,2025-09-10 17:46:00,F,50+,office,seoul,0,0,0,0,25,0,0,75,0,0,completed
25678,U5680,2025-01-13 09:56:00,2025-01-13 10:03:00,M,40~49,office,seoul,0,0,0,0,10,0,0,36,0,0,completed
25679,U5681,2025-02-08 16:05:00,2025-02-08 16:11:00,F,20~29,office,seoul,1,0,0,0,28,0,0,41,0,0,completed
25680,U5682,2025-02-25 13:19:00,2025-02-25 13:21:00,F,40~49,office,seoul,0,0,0,0,21,0,0,28,0,0,completed
25681,U5683,2025-09-04 15:19:00,2025-09-04 15:23:00,F,40~49,office,seoul,0,0,0,0,0,0,0,78,0,0,completed
25682,U5684,2025-02-01 08:57:00,2025-02-01 09:00:00,F,30~39,office,seoul,1,0,0,0,22,0,0,28,0,0,completed
25683,U5685,2025-07-01 14:44:00,2025-07-01 14:50:00,F,40~49,office,seoul,0,0,0,0,13,0,0,79,0,0,completed
25684,U5686,2025-10-11 18:50:00,2025-10-11 18:57:00,F,20~29,office,seoul,1,0,0,0,5,0,0,62,0,0,completed
25685,U5687,2025-03-13 15:27:00,2025-03-13 15:31:00,F,20~29,office,seoul,0,0,0,0,20,0,0,76,0,0,completed
25686,U5688,2025-05-24 15:48:00,2025-05-24 15:52:00,F,30~39,office,seoul,1,0,0,0,19,0,0,75,0,0,completed
25687,U5689,2025-12-13 08:56:00,2025-12-13 09:02:00,M,50+,office,seoul,1,0,0,0,22,0,0,39,0,0,abandoned
25688,U5690,2025-02-01 08:41:00,2025-02-01 08:48:00,F,50+,office,seoul,1,0,0,0,3,0,0,75,1,0,completed
25689,U5691,2025-01-31 11:41:00,2025-01-31 11:48:00,M,40~49,office,seoul,0,0,0,0,9,0,0,42,0,0,completed
25690,U5692,2025-10-09 07:49:00,2025-10-09 07:56:00,F,40~49,office,seoul,0,0,0,0,10,0,0,64,0,0,completed
25691,U5693,2025-02-07 18:28:00,2025-02-07 18:31:00,F,30~39,office,seoul,0,0,0,0,11,0,0,63,0,0,completed
25692,U5694,2025-06-15 12:56:00,2025-06-15 13:02:00,F,50+,office,seoul,1,0,0,0,18,0,0,74,0,0,completed
25693,U5695,2025-04-10 08:30:00,2025-04-10 08:37:00,F,30~39,office,seoul,0,0,0,0,27,0,0,34,0,0,completed
25694,U5696,2025-08-12 15:41:00,2025-08-12 15:48:00,F,30~39,office,seoul,0,0,0,0,3,0,0,68,0,0,completed
25695,U5697,2025-10-14 08:15:00,2025-10-14 08:20:00,M,20~29,office,seoul,0,0,0,0,29,0,0,28,0,0,completed
25696,U5698,2025-10-18 09:04:00,2025-10-18 09:07:00,F,20~29,office,seoul,1,0,0,0,17,0,0,16,0,0,abandoned
25697,U5699,2025-10-02 08:16:00,2025-10-02 08:21:00,M,50+,office,seoul,0,0,0,0,18,0,0,17,0,0,completed
25698,U5700,2025-01-04 08:24:00,2025-01-04 08:26:00,F,40~49,office,seoul,1,0,0,0,20,0,0,60,0,0,completed
25699,U5701,2025-10-14 12:16:00,2025-10-14 12:18:00,M,20~29,office,seoul,0,0,0,0,1,0,0,25,0,0,completed
25700,U5702,2025-09-07 15:25:00,2025-09-07 15:27:00,F,40~49,office,seoul,1,0,0,0,0,0,0,46,0,0,completed
25701,U5703,2025-03-29 11:07:00,2025-03-29 11:13:00,M,40~49,office,seoul,1,0,0,0,19,0,0,27,0,0,completed
25702,U5704,2025-09-28 19:24:00,2025-09-28 19:31:00,F,20~29,office,seoul,1,0,0,0,0,0,0,71,0,0,completed
25703,U5705,2025-06-05 14:05:00,2025-06-05 14:08:00,F,20~29,office,seoul,0,0,0,0,19,0,0,78,0,0,completed
25704,U5706,2025-04-14 13:59:00,2025-04-14 14:05:00,F,40~49,office,seoul,0,0,0,0,19,0,0,21,0,0,completed
25705,U5707,2025-12-01 13:18:00,2025-12-01 13:21:00,F,20~29,office,seoul,0,0,0,0,16,0,0,24,0,0,completed
25706,U5708,2025-04-02 16:32:00,2025-04-02 16:35:00,F,30~39,office,seoul,0,0,0,0,8,0,0,76,0,0,completed
25707,U5709,2025-07-10 12:58:00,2025-07-10 13:00:00,M,50+,office,seoul,0,0,0,0,18,0,0,21,0,0,completed
25708,U5710,2025-02-11 15:24:00,2025-02-11 15:26:00,F,20~29,office,seoul,0,0,0,0,23,0,0,26,0,0,completed
25709,U5711,2025-06-14 08:48:00,2025-06-14 08:52:00,M,20~29,office,seoul,1,0,0,0,16,0,0,79,0,0,completed
25710,U5712,2025-06-29 18:18:00,2025-06-29 18:25:00,F,40~49,office,seoul,1,0,0,0,25,0,0,38,0,0,completed
25711,U5713,2025-04-13 21:40:00,2025-04-13 21:46:00,F,40~49,office,seoul,1,0,0,0,8,0,0,75,0,0,completed
25712,U5714,2025-06-15 15:09:00,2025-06-15 15:11:00,F,50+,office,seoul,1,0,0,0,26,0,0,22,0,0,completed
25713,U5715,2025-05-07 09:09:00,2025-05-07 09:15:00,F,20~29,office,seoul,0,0,0,0,20,0,0,36,0,0,abandoned
25714,U5716,2025-09-15 08:15:00,2025-09-15 08:19:00,F,20~29,office,seoul,0,0,0,0,0,0,0,42,0,0,completed
25715,U5717,2025-07-27 12:26:00,2025-07-27 12:30:00,M,20~29,office,seoul,1,0,0,0,21,0,0,25,0,0,completed
25716,U5718,2025-10-13 15:45:00,2025-10-13 15:47:00,M,50+,office,seoul,0,0,0,0,17,0,0,48,0,0,abandoned
25717,U5719,2025-06-14 09:55:00,2025-06-14 09:57:00,F,40~49,office,seoul,1,0,0,0,17,0,0,71,0,0,completed
25718,U5720,2025-10-11 08:53:00,2025-10-11 08:59:00,F,20~29,office,seoul,1,0,0,0,23,0,0,46,0,0,completed
25719,U5721,2025-09-19 17:58:00,2025-09-19 18:02:00,F,20~29,office,seoul,0,0,0,0,3,0,0,14,0,1,completed
25720,U5722,2025-07-03 15:28:00,2025-07-03 15:33:00,M,20~29,office,seoul,0,0,0,0,24,0,0,42,0,0,completed
25721,U5723,2025-05-09 19:14:00,2025-05-09 19:21:00,F,50+,office,seoul,0,0,0,0,12,0,0,24,0,0,completed
25722,U5724,2025-02-15 22:02:00,2025-02-15 22:09:00,F,20~29,office,seoul,1,0,0,0,28,0,0,32,0,0,completed
25723,U5725,2025-12-19 14:09:00,2025-12-19 14:15:00,F,40~49,office,seoul,0,0,0,0,0,0,0,50,0,0,completed
25724,U5726,2025-12-14 18:43:00,2025-12-14 18:49:00,M,30~39,office,seoul,1,0,0,0,12,0,0,24,0,0,completed
25725,U5727,2025-12-22 09:54:00,2025-12-22 09:57:00,M,30~39,office,seoul,0,0,0,0,15,0,0,32,0,0,completed
25726,U5728,2025-01-10 12:35:00,2025-01-10 12:38:00,M,40~49,office,seoul,0,0,0,0,2,0,0,73,0,0,completed
25727,U5729,2025-06-20 14:08:00,2025-06-20 14:14:00,F,30~39,office,seoul,0,0,0,0,20,0,0,48,0,0,completed
25728,U5730,2025-08-24 16:19:00,2025-08-24 16:26:00,F,20~29,office,seoul,1,0,0,0,23,0,0,20,0,0,completed
25729,U5731,2025-10-27 12:31:00,2025-10-27 12:38:00,F,20~29,office,seoul,0,0,0,0,21,0,0,77,0,0,completed
25730,U5732,2025-04-12 15:25:00,2025-04-12 15:29:00,F,50+,office,seoul,1,0,0,0,8,0,0,46,0,0,completed
25731,U5733,2025-06-15 13:52:00,2025-06-15 13:56:00,M,20~29,office,seoul,1,0,0,0,3,0,0,50,0,0,completed
25732,U5734,2025-01-04 14:51:00,2025-01-04 14:53:00,F,20~29,office,seoul,1,0,0,0,23,0,0,25,0,0,abandoned
25733,U5735,2025-10-17 14:06:00,2025-10-17 14:09:00,F,20~29,office,seoul,0,0,0,0,8,0,0,70,0,0,completed
25734,U5736,2025-12-10 18:43:00,2025-12-10 18:45:00,F,40~49,office,seoul,0,0,0,0,23,0,0,63,0,0,completed
25735,U5737,2025-11-05 09:59:00,2025-11-05 10:02:00,M,50+,office,seoul,0,0,0,0,7,0,0,11,0,0,error
25736,U5738,2025-10-11 11:35:00,2025-10-11 11:37:00,F,40~49,office,seoul,1,0,0,0,18,0,0,43,0,0,completed
25737,U5739,2025-10-08 14:54:00,2025-10-08 14:58:00,F,20~29,office,seoul,0,0,0,0,20,0,0,11,0,0,completed
25738,U5740,2025-05-29 17:16:00,2025-05-29 17:23:00,F,30~39,office,seoul,0,0,0,0,17,0,0,33,0,0,abandoned
25739,U5741,2025-07-10 19:07:00,2025-07-10 19:13:00,F,20~29,office,seoul,0,0,0,0,15,0,0,23,0,0,error
25740,U5742,2025-07-16 18:36:00,2025-07-16 18:38:00,M,40~49,office,seoul,0,0,0,0,28,0,0,76,0,0,completed
25741,U5743,2025-04-22 11:15:00,2025-04-22 11:17:00,F,30~39,office,seoul,0,0,0,0,3,0,0,55,0,0,completed
25742,U5744,2025-06-07 08:01:00,2025-06-07 08:07:00,M,20~29,office,seoul,1,0,0,0,21,0,0,17,0,0,abandoned
25743,U5745,2025-01-20 14:51:00,2025-01-20 14:58:00,M,50+,office,seoul,0,0,0,0,20,0,0,11,0,0,completed
25744,U5746,2025-11-14 08:55:00,2025-11-14 08:57:00,F,30~39,office,seoul,0,0,0,0,27,0,0,77,0,0,completed
25745,U5747,2025-03-20 08:22:00,2025-03-20 08:26:00,M,20~29,office,seoul,0,0,0,0,13,0,0,21,0,0,completed
25746,U5748,2025-09-24 19:14:00,2025-09-24 19:19:00,F,30~39,office,seoul,0,0,0,0,28,0,0,30,0,0,timeout
25747,U5749,2025-06-08 07:41:00,2025-06-08 07:43:00,F,30~39,office,seoul,1,0,0,0,2,0,0,17,0,0,completed
25748,U5750,2025-10-12 19:26:00,2025-10-12 19:30:00,M,50+,office,seoul,1,0,0,0,7,0,0,10,0,0,completed
25749,U5751,2025-04-18 15:21:00,2025-04-18 15:23:00,M,20~29,office,seoul,0,0,0,0,15,0,0,56,0,0,completed
25750,U5752,2025-04-14 22:14:00,2025-04-14 22:19:00,M,50+,office,seoul,0,0,0,0,22,0,0,17,0,0,completed
25751,U5753,2025-02-20 16:42:00,2025-02-20 16:44:00,F,30~39,office,seoul,0,0,0,0,12,0,0,25,0,0,completed
25752,U5754,2025-05-02 12:19:00,2025-05-02 12:22:00,M,40~49,office,seoul,0,0,0,0,16,0,0,76,0,0,completed
25753,U5755,2025-04-03 08:22:00,2025-04-03 08:27:00,M,30~39,office,seoul,0,0,0,0,2,0,0,56,0,0,completed
25754,U5756,2025-08-07 07:12:00,2025-08-07 07:16:00,F,50+,office,seoul,0,0,0,0,27,0,0,39,0,0,completed
25755,U5757,2025-07-19 12:48:00,2025-07-19 12:53:00,F,20~29,office,seoul,1,0,0,0,8,0,0,21,0,0,completed
25756,U5758,2025-11-30 12:57:00,2025-11-30 13:04:00,F,20~29,office,seoul,1,0,0,0,14,0,0,64,0,0,abandoned
25757,U5759,2025-03-18 14:59:00,2025-03-18 15:01:00,F,40~49,office,seoul,0,0,0,0,3,0,0,49,0,0,completed
25758,U5760,2025-09-19 09:26:00,2025-09-19 09:30:00,M,20~29,office,seoul,0,0,0,0,19,0,0,34,0,0,completed
25759,U5761,2025-11-09 11:11:00,2025-11-09 11:14:00,M,20~29,office,seoul,1,0,0,0,21,0,0,12,0,0,completed
25760,U5762,2025-08-04 11:14:00,2025-08-04 11:18:00,F,20~29,office,seoul,0,0,0,0,11,0,0,78,0,0,completed
25761,U5763,2025-06-15 09:31:00,2025-06-15 09:34:00,F,40~49,office,seoul,1,0,0,0,5,0,0,23,0,0,completed
25762,U5764,2025-01-05 18:32:00,2025-01-05 18:37:00,M,20~29,office,seoul,1,0,0,0,8,0,0,65,0,0,completed
25763,U5765,2025-03-06 08:58:00,2025-03-06 09:01:00,F,20~29,office,seoul,0,0,0,0,25,0,0,61,0,0,completed
25764,U5766,2025-04-17 20:06:00,2025-04-17 20:10:00,F,30~39,office,seoul,0,0,0,0,25,0,0,17,0,0,completed
25765,U5767,2025-08-30 11:04:00,2025-08-30 11:09:00,M,20~29,office,seoul,1,0,0,0,3,0,0,51,0,0,completed
25766,U5768,2025-07-25 08:09:00,2025-07-25 08:16:00,M,30~39,office,seoul,0,0,0,0,12,0,0,73,0,0,completed
25767,U5769,2025-04-30 08:30:00,2025-04-30 08:36:00,M,30~39,office,seoul,0,0,0,0,5,0,0,60,0,0,completed
25768,U5770,2025-04-01 12:05:00,2025-04-01 12:08:00,M,50+,office,seoul,0,0,0,0,3,0,0,50,0,0,completed
25769,U5771,2025-12-21 15:21:00,2025-12-21 15:25:00,F,40~49,office,seoul,1,0,0,0,20,0,0,17,0,0,completed
25770,U5772,2025-05-15 14:29:00,2025-05-15 14:31:00,F,40~49,office,seoul,0,0,0,0,9,0,0,28,0,0,completed
25771,U5773,2025-11-18 17:12:00,2025-11-18 17:18:00,F,40~49,office,seoul,0,0,0,0,0,0,0,16,0,0,completed
25772,U5774,2025-03-05 16:34:00,2025-03-05 16:41:00,M,50+,office,seoul,0,0,0,0,29,0,0,71,0,0,completed
25773,U5775,2025-08-07 09:55:00,2025-08-07 09:58:00,F,40~49,office,seoul,0,0,0,0,6,0,0,16,0,0,completed
25774,U5776,2025-05-02 09:30:00,2025-05-02 09:34:00,F,50+,office,seoul,0,0,0,0,16,0,0,68,0,0,completed
25775,U5777,2025-01-08 07:47:00,2025-01-08 07:52:00,M,20~29,office,seoul,0,0,0,0,26,0,0,72,0,0,completed
25776,U5778,2025-09-01 09:22:00,2025-09-01 09:25:00,M,20~29,office,seoul,0,0,0,0,14,0,0,67,1,0,abandoned
25777,U5779,2025-09-15 13:00:00,2025-09-15 13:06:00,F,40~49,office,seoul,0,0,0,0,26,0,0,47,0,0,completed
25778,U5780,2025-04-02 11:52:00,2025-04-02 11:57:00,F,20~29,office,seoul,0,0,0,0,20,0,0,26,0,0,completed
25779,U5781,2025-01-26 11:41:00,2025-01-26 11:44:00,M,50+,office,seoul,1,0,0,0,25,0,0,58,0,0,completed
25780,U5782,2025-11-07 13:11:00,2025-11-07 13:16:00,M,20~29,office,seoul,0,0,0,0,1,0,0,70,0,0,completed
25781,U5783,2025-06-24 12:10:00,2025-06-24 12:14:00,M,20~29,office,seoul,0,0,0,0,0,0,0,74,0,0,completed
25782,U5784,2025-05-03 11:27:00,2025-05-03 11:33:00,M,20~29,office,seoul,1,0,0,0,0,0,0,20,0,0,completed
25783,U5785,2025-03-03 11:16:00,2025-03-03 11:19:00,F,30~39,office,seoul,0,0,0,0,10,0,0,54,0,0,completed
25784,U5786,2025-11-14 13:50:00,2025-11-14 13:53:00,M,20~29,office,seoul,0,0,0,0,12,0,0,56,0,0,completed
25785,U5787,2025-11-06 08:10:00,2025-11-06 08:14:00,M,50+,office,seoul,0,0,0,0,26,0,0,18,0,0,completed
25786,U5788,2025-12-09 09:36:00,2025-12-09 09:43:00,F,20~29,office,seoul,0,0,0,0,26,0,0,42,0,0,completed
25787,U5789,2025-12-20 14:05:00,2025-12-20 14:07:00,F,20~29,office,seoul,1,0,0,0,10,0,0,43,0,0,completed
25788,U5790,2025-03-15 13:12:00,2025-03-15 13:14:00,F,40~49,office,seoul,1,0,0,0,1,0,0,13,0,0,abandoned
25789,U5791,2025-03-24 11:44:00,2025-03-24 11:51:00,F,40~49,office,seoul,0,0,0,0,11,0,0,26,0,0,completed
25790,U5792,2025-09-06 17:41:00,2025-09-06 17:46:00,F,30~39,office,seoul,1,0,0,0,9,0,0,17,1,0,completed
25791,U5793,2025-01-08 08:46:00,2025-01-08 08:49:00,M,20~29,office,seoul,0,0,0,0,6,0,0,33,0,0,completed
25792,U5794,2025-02-02 08:50:00,2025-02-02 08:52:00,F,30~39,office,seoul,1,0,0,0,21,0,0,34,0,0,completed
25793,U5795,2025-07-08 16:46:00,2025-07-08 16:52:00,F,40~49,office,seoul,0,0,0,0,1,0,0,45,0,0,completed
25794,U5796,2025-02-20 09:54:00,2025-02-20 09:56:00,M,30~39,office,seoul,0,0,0,0,20,0,0,59,0,0,completed
25795,U5797,2025-05-28 20:13:00,2025-05-28 20:18:00,F,20~29,office,seoul,0,0,0,0,28,0,0,66,0,0,completed
25796,U5798,2025-05-21 15:42:00,2025-05-21 15:47:00,M,20~29,office,seoul,0,0,0,0,9,0,0,18,0,0,completed
25797,U5799,2025-12-26 18:31:00,2025-12-26 18:37:00,F,30~39,office,seoul,0,0,0,0,24,0,0,18,0,0,completed
25798,U5800,2025-12-25 09:34:00,2025-12-25 09:41:00,M,40~49,office,seoul,0,0,0,0,24,0,0,75,0,0,abandoned
25799,U5801,2025-12-30 18:56:00,2025-12-30 18:58:00,M,40~49,office,seoul,0,0,0,0,2,0,0,30,0,0,completed
25800,U5802,2025-03-24 09:59:00,2025-03-24 10:03:00,M,40~49,office,seoul,0,0,0,0,17,0,0,67,0,0,completed
25801,U5803,2025-04-03 14:45:00,2025-04-03 14:47:00,F,20~29,office,seoul,0,0,0,0,18,0,0,13,0,0,completed
25802,U5804,2025-12-04 18:58:00,2025-12-04 19:03:00,F,50+,office,seoul,0,0,0,0,23,0,0,54,0,0,completed
25803,U5805,2025-03-30 15:46:00,2025-03-30 15:52:00,F,30~39,office,seoul,1,0,0,0,25,0,0,37,0,0,completed
25804,U5806,2025-02-06 13:44:00,2025-02-06 13:47:00,M,20~29,office,seoul,0,0,0,0,4,0,0,21,0,0,completed
25805,U5807,2025-11-06 13:36:00,2025-11-06 13:42:00,M,20~29,office,seoul,0,0,0,0,28,0,0,16,0,0,completed
25806,U5808,2025-07-31 20:13:00,2025-07-31 20:19:00,F,20~29,office,seoul,0,0,0,0,13,0,0,10,0,0,completed
25807,U5809,2025-01-14 16:35:00,2025-01-14 16:37:00,F,20~29,office,seoul,0,0,0,0,5,0,0,33,0,0,completed
25808,U5810,2025-07-05 12:05:00,2025-07-05 12:07:00,F,40~49,office,seoul,1,0,0,0,8,0,0,19,0,0,completed
25809,U5811,2025-12-08 08:57:00,2025-12-08 09:01:00,F,20~29,office,seoul,0,0,0,0,3,0,0,19,0,0,completed
25810,U5812,2025-11-16 11:59:00,2025-11-16 12:03:00,M,30~39,office,seoul,1,0,0,0,16,0,0,72,0,0,completed
25811,U5813,2025-12-13 11:43:00,2025-12-13 11:47:00,F,40~49,office,seoul,1,0,0,0,28,0,0,60,0,0,error
25812,U5814,2025-06-21 13:06:00,2025-06-21 13:12:00,F,40~49,office,seoul,1,0,0,0,21,0,0,43,0,0,completed
25813,U5815,2025-04-11 16:00:00,2025-04-11 16:06:00,F,30~39,office,seoul,0,0,0,0,13,0,0,78,0,0,completed
25814,U5816,2025-04-18 09:22:00,2025-04-18 09:25:00,M,40~49,office,seoul,0,0,0,0,5,0,0,53,0,0,abandoned
25815,U5817,2025-02-20 13:26:00,2025-02-20 13:32:00,M,50+,office,seoul,0,0,0,0,19,0,0,37,0,0,completed
25816,U5818,2025-09-06 15:52:00,2025-09-06 15:58:00,F,40~49,office,seoul,1,0,0,0,7,0,0,18,0,0,completed
25817,U5819,2025-03-08 18:46:00,2025-03-08 18:49:00,M,30~39,office,seoul,1,0,0,0,27,0,0,38,0,0,completed
25818,U5820,2025-04-21 19:48:00,2025-04-21 19:55:00,F,50+,office,seoul,0,0,0,0,29,0,0,17,1,0,completed
25819,U5821,2025-06-22 07:15:00,2025-06-22 07:21:00,F,40~49,office,seoul,1,0,0,0,8,0,0,41,0,0,completed
25820,U5822,2025-12-27 09:29:00,2025-12-27 09:33:00,M,20~29,office,seoul,1,0,0,0,20,0,0,10,0,0,completed
25821,U5823,2025-11-02 18:48:00,2025-11-02 18:50:00,F,40~49,office,seoul,1,0,0,0,8,0,0,21,0,0,completed
25822,U5824,2025-10-08 13:48:00,2025-10-08 13:51:00,M,30~39,office,seoul,0,0,0,0,0,0,0,48,0,0,completed
25823,U5825,2025-01-15 14:46:00,2025-01-15 14:51:00,M,50+,office,seoul,0,0,0,0,17,0,0,73,0,0,completed
25824,U5826,2025-07-03 09:54:00,2025-07-03 09:58:00,F,20~29,office,seoul,0,0,0,0,5,0,0,51,0,0,completed
25825,U5827,2025-09-09 14:56:00,2025-09-09 15:01:00,M,20~29,office,seoul,0,0,0,0,3,0,0,29,0,1,completed
25826,U5828,2025-12-02 13:09:00,2025-12-02 13:16:00,F,20~29,office,seoul,0,0,0,0,15,0,0,77,0,0,completed
25827,U5829,2025-11-15 09:11:00,2025-11-15 09:15:00,F,30~39,office,seoul,1,0,0,0,13,0,0,71,0,0,completed
25828,U5830,2025-06-03 19:45:00,2025-06-03 19:48:00,F,20~29,office,seoul,0,0,0,0,17,0,0,70,0,0,completed
25829,U5831,2025-06-17 17:47:00,2025-06-17 17:53:00,M,50+,office,seoul,0,0,0,0,4,0,0,57,0,0,completed
25830,U5832,2025-03-05 09:26:00,2025-03-05 09:29:00,F,30~39,office,seoul,0,0,0,0,26,0,0,14,0,0,abandoned
25831,U5833,2025-11-05 08:11:00,2025-11-05 08:15:00,M,30~39,office,seoul,0,0,0,0,28,0,0,28,0,0,completed
25832,U5834,2025-11-08 09:05:00,2025-11-08 09:09:00,M,50+,office,seoul,1,0,0,0,20,0,0,13,0,0,completed
25833,U5835,2025-08-14 17:50:00,2025-08-14 17:55:00,M,40~49,office,seoul,0,0,0,0,29,0,0,52,0,0,abandoned
25834,U5836,2025-10-10 12:31:00,2025-10-10 12:33:00,F,40~49,office,seoul,0,0,0,0,24,0,0,49,0,0,completed
25835,U5837,2025-05-06 17:24:00,2025-05-06 17:31:00,F,50+,office,seoul,0,0,0,0,22,0,0,11,0,0,completed
25836,U5838,2025-03-16 17:16:00,2025-03-16 17:22:00,M,20~29,office,seoul,1,0,0,0,29,0,0,35,0,0,completed
25837,U5839,2025-12-17 17:26:00,2025-12-17 17:31:00,F,20~29,office,seoul,0,0,0,0,1,0,0,61,0,0,completed
25838,U5840,2025-03-30 15:22:00,2025-03-30 15:27:00,M,40~49,office,seoul,1,0,0,0,28,0,0,49,0,0,completed
25839,U5841,2025-02-04 09:32:00,2025-02-04 09:34:00,F,30~39,office,seoul,0,0,0,0,7,0,0,73,0,0,completed
25840,U5842,2025-04-26 14:36:00,2025-04-26 14:38:00,F,20~29,office,seoul,1,0,0,0,3,0,0,47,0,0,completed
25841,U5843,2025-03-01 16:58:00,2025-03-01 17:04:00,F,20~29,office,seoul,1,0,0,0,12,0,0,67,0,0,completed
25842,U5844,2025-08-18 12:42:00,2025-08-18 12:45:00,M,20~29,office,seoul,0,0,0,0,0,0,0,70,0,0,completed
25843,U5845,2025-01-09 12:22:00,2025-01-09 12:24:00,F,20~29,office,seoul,0,0,0,0,2,0,0,65,0,0,completed
25844,U5846,2025-07-01 11:29:00,2025-07-01 11:35:00,M,20~29,office,seoul,0,0,0,0,15,0,0,70,0,0,abandoned
25845,U5847,2025-05-24 11:25:00,2025-05-24 11:27:00,F,20~29,office,seoul,1,0,0,0,4,0,0,60,1,0,completed
25846,U5848,2025-03-25 15:41:00,2025-03-25 15:46:00,M,30~39,office,seoul,0,0,0,0,27,0,0,27,0,0,completed
25847,U5849,2025-04-05 18:31:00,2025-04-05 18:38:00,M,20~29,office,seoul,1,0,0,0,14,0,0,25,0,0,completed
25848,U5850,2025-06-25 20:22:00,2025-06-25 20:29:00,F,30~39,office,seoul,0,0,0,0,14,0,0,39,0,0,completed
25849,U5851,2025-07-16 13:53:00,2025-07-16 13:55:00,F,20~29,office,seoul,0,0,0,0,24,0,0,44,0,0,completed
25850,U5852,2025-05-23 19:44:00,2025-05-23 19:47:00,F,50+,office,seoul,0,0,0,0,15,0,0,74,0,1,completed
25851,U5853,2025-10-21 15:12:00,2025-10-21 15:19:00,M,20~29,office,seoul,0,0,0,0,4,0,0,75,0,0,completed
25852,U5854,2025-01-06 20:24:00,2025-01-06 20:31:00,M,20~29,office,seoul,0,0,0,0,26,0,0,35,0,0,completed
25853,U5855,2025-05-13 18:18:00,2025-05-13 18:22:00,F,50+,office,seoul,0,0,0,0,6,0,0,16,0,0,completed
25854,U5856,2025-03-06 14:10:00,2025-03-06 14:13:00,F,20~29,office,seoul,0,0,0,0,1,0,0,37,0,0,completed
25855,U5857,2025-08-12 17:13:00,2025-08-12 17:19:00,F,20~29,office,seoul,0,0,0,0,20,0,0,10,0,0,completed
25856,U5858,2025-03-29 15:34:00,2025-03-29 15:38:00,M,50+,office,seoul,1,0,0,0,17,0,0,43,0,0,abandoned
25857,U5859,2025-03-03 16:30:00,2025-03-03 16:37:00,M,50+,office,seoul,0,0,0,0,23,0,0,55,0,0,completed
25858,U5860,2025-03-02 08:12:00,2025-03-02 08:16:00,F,50+,office,seoul,1,0,0,0,5,0,0,65,0,0,completed
25859,U5861,2025-01-01 13:48:00,2025-01-01 13:54:00,M,50+,office,seoul,0,0,0,0,0,0,0,16,0,0,completed
25860,U5862,2025-08-04 07:56:00,2025-08-04 08:00:00,M,20~29,office,seoul,0,0,0,0,1,0,0,16,0,0,completed
25861,U5863,2025-06-18 18:29:00,2025-06-18 18:33:00,F,40~49,office,seoul,0,0,0,0,11,0,0,12,0,0,completed
25862,U5864,2025-12-25 22:52:00,2025-12-25 22:58:00,F,20~29,office,seoul,0,0,0,0,19,0,0,32,0,0,completed
25863,U5865,2025-04-04 17:13:00,2025-04-04 17:16:00,M,40~49,office,seoul,0,0,0,0,11,0,0,73,0,0,completed
25864,U5866,2025-06-27 16:10:00,2025-06-27 16:15:00,F,50+,office,seoul,0,0,0,0,1,0,0,32,0,0,completed
25865,U5867,2025-07-15 20:41:00,2025-07-15 20:43:00,M,30~39,office,seoul,0,0,0,0,18,0,0,14,0,0,completed
25866,U5868,2025-12-21 15:32:00,2025-12-21 15:38:00,F,20~29,office,seoul,1,0,0,0,23,0,0,45,0,0,completed
25867,U5869,2025-11-25 11:43:00,2025-11-25 11:50:00,M,20~29,office,seoul,0,0,0,0,29,0,0,21,0,0,completed
25868,U5870,2025-05-07 09:05:00,2025-05-07 09:12:00,F,40~49,office,seoul,0,0,0,0,2,0,0,23,0,0,completed
25869,U5871,2025-07-23 11:25:00,2025-07-23 11:29:00,M,40~49,office,seoul,0,0,0,0,13,0,0,58,0,0,abandoned
25870,U5872,2025-04-30 15:41:00,2025-04-30 15:45:00,F,30~39,office,seoul,0,0,0,0,8,0,0,65,0,0,completed
25871,U5873,2025-03-21 19:18:00,2025-03-21 19:23:00,F,30~39,office,seoul,0,0,0,0,11,0,0,61,0,0,completed
25872,U5874,2025-02-21 16:13:00,2025-02-21 16:20:00,F,30~39,office,seoul,0,0,0,0,19,0,0,37,0,0,completed
25873,U5875,2025-09-13 11:32:00,2025-09-13 11:37:00,F,30~39,office,seoul,1,0,0,0,28,0,0,10,0,0,error
25874,U5876,2025-12-04 15:09:00,2025-12-04 15:13:00,M,20~29,office,seoul,0,0,0,0,22,0,0,39,0,0,completed
25875,U5877,2025-10-25 08:12:00,2025-10-25 08:14:00,F,30~39,office,seoul,1,0,0,0,7,0,0,31,0,0,completed
25876,U5878,2025-12-18 07:51:00,2025-12-18 07:57:00,F,30~39,office,seoul,0,0,0,0,6,0,0,71,0,0,completed
25877,U5879,2025-05-16 09:09:00,2025-05-16 09:16:00,F,30~39,office,seoul,0,0,0,0,1,0,0,50,0,0,completed
25878,U5880,2025-06-14 09:56:00,2025-06-14 10:01:00,M,50+,office,seoul,1,0,0,0,0,0,0,31,0,0,completed
25879,U5881,2025-04-16 18:52:00,2025-04-16 18:56:00,F,20~29,office,seoul,0,0,0,0,22,0,0,17,0,0,abandoned
25880,U5882,2025-11-14 19:38:00,2025-11-14 19:41:00,F,20~29,office,seoul,0,0,0,0,5,0,0,24,1,0,completed
25881,U5883,2025-02-14 14:51:00,2025-02-14 14:53:00,F,50+,office,seoul,0,0,0,0,5,0,0,74,0,0,completed
25882,U5884,2025-08-12 14:00:00,2025-08-12 14:03:00,F,30~39,office,seoul,0,0,0,0,15,0,0,20,0,1,completed
25883,U5885,2025-06-15 16:09:00,2025-06-15 16:14:00,M,30~39,office,seoul,1,0,0,0,11,0,0,38,0,0,completed
25884,U5886,2025-06-09 09:00:00,2025-06-09 09:05:00,F,50+,office,seoul,0,0,0,0,7,0,0,25,0,0,completed
25885,U5887,2025-01-07 13:10:00,2025-01-07 13:16:00,M,20~29,office,seoul,0,0,0,0,4,0,0,65,0,0,completed
25886,U5888,2025-07-22 09:52:00,2025-07-22 09:54:00,F,40~49,office,seoul,0,0,0,0,1,0,0,74,0,0,completed
25887,U5889,2025-10-18 20:20:00,2025-10-18 20:27:00,F,20~29,office,seoul,1,0,0,0,17,0,0,58,0,0,completed
25888,U5890,2025-09-05 08:16:00,2025-09-05 08:23:00,M,30~39,office,seoul,0,0,0,0,22,0,0,55,0,0,completed
25889,U5891,2025-01-25 16:46:00,2025-01-25 16:49:00,M,30~39,office,seoul,1,0,0,0,8,0,0,62,0,0,completed
25890,U5892,2025-05-10 15:25:00,2025-05-10 15:28:00,F,50+,office,seoul,1,0,0,0,6,0,0,50,0,0,completed
25891,U5893,2025-03-06 13:29:00,2025-03-06 13:36:00,F,40~49,office,seoul,0,0,0,0,24,0,0,14,0,0,completed
25892,U5894,2025-01-01 18:35:00,2025-01-01 18:38:00,F,30~39,office,seoul,0,0,0,0,3,0,0,54,0,0,completed
25893,U5895,2025-07-10 14:04:00,2025-07-10 14:10:00,F,20~29,office,seoul,0,0,0,0,0,0,0,28,0,0,completed
25894,U5896,2025-11-07 21:58:00,2025-11-07 22:05:00,F,20~29,office,seoul,0,0,0,0,27,0,0,70,0,0,completed
25895,U5897,2025-11-01 12:49:00,2025-11-01 12:54:00,F,20~29,office,seoul,1,0,0,0,27,0,0,78,0,0,completed
25896,U5898,2025-07-05 09:03:00,2025-07-05 09:05:00,M,20~29,office,seoul,1,0,0,0,16,0,0,60,0,0,completed
25897,U5899,2025-07-18 14:33:00,2025-07-18 14:35:00,F,20~29,office,seoul,0,0,0,0,2,0,0,23,0,0,completed
25898,U5900,2025-09-18 08:13:00,2025-09-18 08:20:00,F,40~49,office,seoul,0,0,0,0,0,0,0,50,0,0,completed
25899,U5901,2025-01-11 09:25:00,2025-01-11 09:30:00,F,40~49,office,seoul,1,0,0,0,25,0,0,32,0,0,completed
25900,U5902,2025-09-04 16:31:00,2025-09-04 16:38:00,M,30~39,office,seoul,0,0,0,0,1,0,0,59,0,0,completed
25901,U5903,2025-06-23 13:57:00,2025-06-23 14:01:00,F,20~29,office,seoul,0,0,0,0,13,0,0,71,0,0,completed
25902,U5904,2025-02-17 12:26:00,2025-02-17 12:33:00,M,40~49,office,seoul,0,0,0,0,13,0,0,67,0,0,completed
25903,U5905,2025-05-17 15:05:00,2025-05-17 15:09:00,F,40~49,office,seoul,1,0,0,0,13,0,0,45,0,0,completed
25904,U5906,2025-02-25 20:36:00,2025-02-25 20:41:00,M,40~49,office,seoul,0,0,0,0,29,0,0,64,0,0,completed
25905,U5907,2025-05-05 12:39:00,2025-05-05 12:45:00,M,50+,office,seoul,0,0,0,0,14,0,0,69,0,0,completed
25906,U5908,2025-12-02 09:28:00,2025-12-02 09:30:00,M,20~29,office,seoul,0,0,0,0,27,0,0,56,0,0,completed
25907,U5909,2025-07-31 18:25:00,2025-07-31 18:32:00,F,30~39,office,seoul,0,0,0,0,13,0,0,58,0,0,abandoned
25908,U5910,2025-04-17 14:06:00,2025-04-17 14:11:00,M,30~39,office,seoul,0,0,0,0,6,0,0,56,0,0,completed
25909,U5911,2025-03-17 14:31:00,2025-03-17 14:34:00,M,20~29,office,seoul,0,0,0,0,25,0,0,27,0,0,completed
25910,U5912,2025-08-06 09:00:00,2025-08-06 09:07:00,F,50+,office,seoul,0,0,0,0,17,0,0,37,1,0,completed
25911,U5913,2025-09-25 19:59:00,2025-09-25 20:06:00,F,30~39,office,seoul,0,0,0,0,12,0,0,15,0,0,completed
25912,U5914,2025-06-03 18:35:00,2025-06-03 18:41:00,F,30~39,office,seoul,0,0,0,0,9,0,0,37,0,0,completed
25913,U5915,2025-07-04 20:06:00,2025-07-04 20:09:00,M,20~29,office,seoul,0,0,0,0,15,0,0,42,0,0,completed
25914,U5916,2025-01-28 17:47:00,2025-01-28 17:53:00,F,40~49,office,seoul,0,0,0,0,28,0,0,26,0,0,completed
25915,U5917,2025-11-01 13:45:00,2025-11-01 13:51:00,M,20~29,office,seoul,1,0,0,0,24,0,0,25,0,0,completed
25916,U5918,2025-07-19 17:15:00,2025-07-19 17:18:00,F,20~29,office,seoul,1,0,0,0,25,0,0,26,0,0,completed
25917,U5919,2025-05-30 14:21:00,2025-05-30 14:23:00,M,20~29,office,seoul,0,0,0,0,13,0,0,70,0,0,completed
25918,U5920,2025-06-29 12:11:00,2025-06-29 12:17:00,M,40~49,office,seoul,1,0,0,0,6,0,0,58,0,0,completed
25919,U5921,2025-08-01 08:16:00,2025-08-01 08:23:00,F,40~49,office,seoul,0,0,0,0,4,0,0,56,0,0,completed
25920,U5922,2025-04-02 11:17:00,2025-04-02 11:20:00,M,20~29,office,seoul,0,0,0,0,9,0,0,46,0,0,completed
25921,U5923,2025-06-29 12:57:00,2025-06-29 13:00:00,F,40~49,office,seoul,1,0,0,0,3,0,0,26,0,0,error
25922,U5924,2025-10-02 15:36:00,2025-10-02 15:42:00,M,20~29,office,seoul,0,0,0,0,24,0,0,40,0,0,completed
25923,U5925,2025-10-27 13:56:00,2025-10-27 14:03:00,F,20~29,office,seoul,0,0,0,0,3,0,0,75,0,0,completed
25924,U5926,2025-03-01 15:12:00,2025-03-01 15:15:00,M,20~29,office,seoul,1,0,0,0,26,0,0,73,0,0,completed
25925,U5927,2025-07-19 19:18:00,2025-07-19 19:22:00,F,20~29,office,seoul,1,0,0,0,23,0,0,51,0,0,completed
25926,U5928,2025-10-06 15:07:00,2025-10-06 15:09:00,M,30~39,office,seoul,0,0,0,0,29,0,0,75,0,0,error
25927,U5929,2025-02-23 12:09:00,2025-02-23 12:14:00,F,50+,office,seoul,1,0,0,0,6,0,0,45,0,0,timeout
25928,U5930,2025-02-05 17:33:00,2025-02-05 17:40:00,M,50+,office,seoul,0,0,0,0,10,0,0,33,0,0,completed
25929,U5931,2025-12-01 12:44:00,2025-12-01 12:47:00,M,30~39,office,seoul,0,0,0,0,0,0,0,52,0,0,completed
25930,U5932,2025-05-10 14:06:00,2025-05-10 14:10:00,F,20~29,office,seoul,1,0,0,0,5,0,0,24,0,0,completed
25931,U5933,2025-10-30 21:26:00,2025-10-30 21:33:00,M,30~39,office,seoul,0,0,0,0,27,0,0,33,0,0,completed
25932,U5934,2025-03-30 09:50:00,2025-03-30 09:56:00,F,20~29,office,seoul,1,0,0,0,6,0,0,49,0,0,error
25933,U5935,2025-01-05 12:02:00,2025-01-05 12:05:00,F,40~49,office,seoul,1,0,0,0,7,0,0,74,0,0,completed
25934,U5936,2025-02-08 19:52:00,2025-02-08 19:59:00,M,20~29,office,seoul,1,0,0,0,4,0,0,22,0,0,timeout
25935,U5937,2025-05-07 15:28:00,2025-05-07 15:34:00,M,40~49,office,seoul,0,0,0,0,24,0,0,51,0,0,completed
25936,U5938,2025-03-17 13:45:00,2025-03-17 13:49:00,F,20~29,office,seoul,0,0,0,0,27,0,0,77,0,0,completed
25937,U5939,2025-11-22 09:46:00,2025-11-22 09:49:00,M,30~39,office,seoul,1,0,0,0,11,0,0,32,0,0,error
25938,U5940,2025-09-21 20:02:00,2025-09-21 20:04:00,F,50+,office,seoul,1,0,0,0,8,0,0,77,0,0,completed
25939,U5941,2025-10-12 09:58:00,2025-10-12 10:05:00,M,20~29,office,seoul,1,0,0,0,23,0,0,13,0,0,completed
25940,U5942,2025-10-02 13:22:00,2025-10-02 13:26:00,F,20~29,office,seoul,0,0,0,0,21,0,0,69,0,0,completed
25941,U5943,2025-10-31 11:25:00,2025-10-31 11:30:00,M,30~39,office,seoul,0,0,0,0,13,0,0,28,0,0,completed
25942,U5944,2025-08-12 12:32:00,2025-08-12 12:39:00,M,50+,office,seoul,0,0,0,0,22,0,0,71,1,0,completed
25943,U5945,2025-12-04 11:16:00,2025-12-04 11:23:00,M,30~39,office,seoul,0,0,0,0,12,0,0,12,0,0,completed
25944,U5946,2025-10-02 14:44:00,2025-10-02 14:50:00,M,30~39,office,seoul,0,0,0,0,15,0,0,74,0,0,completed
25945,U5947,2025-08-29 15:44:00,2025-08-29 15:49:00,F,20~29,office,seoul,0,0,0,0,22,0,0,35,0,0,completed
25946,U5948,2025-10-03 16:13:00,2025-10-03 16:20:00,F,20~29,office,seoul,0,0,0,0,6,0,0,26,0,0,completed
25947,U5949,2025-06-05 08:12:00,2025-06-05 08:17:00,M,50+,office,seoul,0,0,0,0,10,0,0,58,0,1,completed
25948,U5950,2025-04-14 17:33:00,2025-04-14 17:35:00,M,20~29,office,seoul,0,0,0,0,26,0,0,79,0,0,completed
25949,U5951,2025-03-15 16:52:00,2025-03-15 16:56:00,F,50+,office,seoul,1,0,0,0,27,0,0,40,0,0,completed
25950,U5952,2025-12-08 17:33:00,2025-12-08 17:37:00,M,40~49,office,seoul,0,0,0,0,11,0,0,48,0,0,completed
25951,U5953,2025-08-27 14:57:00,2025-08-27 15:00:00,M,30~39,office,seoul,0,0,0,0,18,0,0,34,0,0,completed
25952,U5954,2025-05-26 13:41:00,2025-05-26 13:46:00,F,30~39,office,seoul,0,0,0,0,4,0,0,72,0,0,completed
25953,U5955,2025-11-26 16:56:00,2025-11-26 17:01:00,F,20~29,office,seoul,0,0,0,0,2,0,0,65,0,0,completed
25954,U5956,2025-10-30 09:13:00,2025-10-30 09:17:00,F,20~29,office,seoul,0,0,0,0,1,0,0,62,0,0,completed
25955,U5957,2025-07-14 08:17:00,2025-07-14 08:21:00,F,20~29,office,seoul,0,0,0,0,17,0,0,12,0,0,completed
25956,U5958,2025-02-01 12:59:00,2025-02-01 13:03:00,F,30~39,office,seoul,1,0,0,0,13,0,0,76,0,0,abandoned
25957,U5959,2025-04-26 08:30:00,2025-04-26 08:36:00,F,20~29,office,seoul,1,0,0,0,17,0,0,18,0,0,completed
25958,U5960,2025-12-11 15:50:00,2025-12-11 15:55:00,F,40~49,office,seoul,0,0,0,0,0,0,0,34,0,0,completed
25959,U5961,2025-04-24 08:56:00,2025-04-24 09:03:00,M,50+,office,seoul,0,0,0,0,8,0,0,72,0,0,completed
25960,U5962,2025-11-01 08:55:00,2025-11-01 08:58:00,F,40~49,office,seoul,1,0,0,0,5,0,0,34,0,0,timeout
25961,U5963,2025-10-13 12:17:00,2025-10-13 12:23:00,F,40~49,office,seoul,0,0,0,0,18,0,0,70,0,0,completed
25962,U5964,2025-02-26 16:05:00,2025-02-26 16:09:00,M,50+,office,seoul,0,0,0,0,10,0,0,39,0,0,completed
25963,U5965,2025-06-14 18:30:00,2025-06-14 18:33:00,F,30~39,office,seoul,1,0,0,0,6,0,0,49,0,0,completed
25964,U5966,2025-09-19 19:14:00,2025-09-19 19:19:00,F,20~29,office,seoul,0,0,0,0,27,0,0,76,0,0,completed
25965,U5967,2025-09-02 20:43:00,2025-09-02 20:49:00,M,30~39,office,seoul,0,0,0,0,6,0,0,65,0,0,completed
25966,U5968,2025-04-18 11:50:00,2025-04-18 11:54:00,M,20~29,office,seoul,0,0,0,0,3,0,0,34,0,0,completed
25967,U5969,2025-12-19 09:11:00,2025-12-19 09:16:00,M,30~39,office,seoul,0,0,0,0,19,0,0,31,0,0,completed
25968,U5970,2025-11-14 07:19:00,2025-11-14 07:24:00,F,30~39,office,seoul,0,0,0,0,26,0,0,10,0,0,completed
25969,U5971,2025-06-17 08:41:00,2025-06-17 08:48:00,F,20~29,office,seoul,0,0,0,0,10,0,0,15,0,0,timeout
25970,U5972,2025-12-30 09:11:00,2025-12-30 09:13:00,M,20~29,office,seoul,0,0,0,0,27,0,0,39,0,0,completed
25971,U5973,2025-09-21 16:51:00,2025-09-21 16:53:00,M,20~29,office,seoul,1,0,0,0,28,0,0,18,0,0,completed
25972,U5974,2025-10-13 09:10:00,2025-10-13 09:16:00,F,50+,office,seoul,0,0,0,0,24,0,0,36,0,0,completed
25973,U5975,2025-01-14 13:15:00,2025-01-14 13:19:00,F,30~39,office,seoul,0,0,0,0,0,0,0,15,0,0,completed
25974,U5976,2025-10-23 12:48:00,2025-10-23 12:52:00,F,50+,office,seoul,0,0,0,0,10,0,0,78,0,0,completed
25975,U5977,2025-08-05 07:37:00,2025-08-05 07:40:00,F,50+,office,seoul,0,0,0,0,7,0,0,53,0,0,completed
25976,U5978,2025-03-05 09:24:00,2025-03-05 09:30:00,M,50+,office,seoul,0,0,0,0,13,0,0,33,0,0,completed
25977,U5979,2025-03-30 12:14:00,2025-03-30 12:19:00,F,50+,office,seoul,1,0,0,0,15,0,0,21,0,0,completed
25978,U5980,2025-02-01 09:19:00,2025-02-01 09:26:00,M,20~29,office,seoul,1,0,0,0,6,0,0,63,0,0,completed
25979,U5981,2025-09-16 09:10:00,2025-09-16 09:15:00,F,40~49,office,seoul,0,0,0,0,16,0,0,14,0,0,completed
25980,U5982,2025-07-11 13:56:00,2025-07-11 13:59:00,F,30~39,office,seoul,0,0,0,0,27,0,0,65,0,0,completed
25981,U5983,2025-05-01 16:03:00,2025-05-01 16:10:00,M,50+,office,seoul,0,0,0,0,23,0,0,63,0,0,completed
25982,U5984,2025-06-23 15:59:00,2025-06-23 16:04:00,M,20~29,office,seoul,0,0,0,0,20,0,0,30,0,0,completed
25983,U5985,2025-05-22 17:42:00,2025-05-22 17:45:00,F,40~49,office,seoul,0,0,0,0,4,0,0,53,0,0,completed
25984,U5986,2025-10-02 08:24:00,2025-10-02 08:27:00,F,20~29,office,seoul,0,0,0,0,21,0,0,65,0,0,completed
25985,U5987,2025-01-02 08:03:00,2025-01-02 08:07:00,M,30~39,office,seoul,0,0,0,0,23,0,0,63,0,0,completed
25986,U5988,2025-09-25 16:53:00,2025-09-25 16:59:00,F,20~29,office,seoul,0,0,0,0,19,0,0,61,0,0,completed
25987,U5989,2025-09-15 11:32:00,2025-09-15 11:37:00,F,50+,office,seoul,0,0,0,0,13,0,0,21,0,0,completed
25988,U5990,2025-01-12 12:46:00,2025-01-12 12:48:00,F,50+,office,seoul,1,0,0,0,20,0,0,79,0,0,completed
25989,U5991,2025-06-03 11:09:00,2025-06-03 11:14:00,F,50+,office,seoul,0,0,0,0,0,0,0,67,1,0,completed
25990,U5992,2025-01-17 18:48:00,2025-01-17 18:53:00,F,30~39,office,seoul,0,0,0,0,17,0,0,16,0,0,completed
25991,U5993,2025-08-16 11:45:00,2025-08-16 11:49:00,F,40~49,office,seoul,1,0,0,0,13,0,0,33,0,0,completed
25992,U5994,2025-06-23 09:22:00,2025-06-23 09:28:00,M,40~49,office,seoul,0,0,0,0,20,0,0,71,0,0,completed
25993,U5995,2025-11-26 12:01:00,2025-11-26 12:04:00,F,40~49,office,seoul,0,0,0,0,24,0,0,47,0,0,abandoned
25994,U5996,2025-07-08 11:51:00,2025-07-08 11:58:00,F,50+,office,seoul,0,0,0,0,19,0,0,42,0,0,timeout
25995,U5997,2025-07-26 07:44:00,2025-07-26 07:47:00,M,40~49,office,seoul,1,0,0,0,18,0,0,13,0,0,completed
25996,U5998,2025-08-27 19:20:00,2025-08-27 19:24:00,M,20~29,office,seoul,0,0,0,0,3,0,0,25,0,0,completed
25997,U5999,2025-05-04 09:22:00,2025-05-04 09:25:00,M,30~39,office,seoul,1,0,0,0,9,0,0,35,0,0,completed
25998,U6000,2025-03-02 07:30:00,2025-03-02 07:37:00,F,30~39,office,seoul,1,0,0,0,17,0,0,14,0,0,completed
25999,U6001,2025-10-28 12:44:00,2025-10-28 12:49:00,F,40~49,office,seoul,0,0,0,0,25,0,0,78,0,0,completed
26000,U6002,2025-08-20 20:26:00,2025-08-20 20:33:00,M,50+,office,seoul,0,0,0,0,18,0,0,14,1,0,error
26001,U6003,2025-05-05 20:25:00,2025-05-05 20:27:00,F,20~29,office,seoul,0,0,0,0,14,0,0,41,0,0,completed
26002,U6004,2025-01-11 11:09:00,2025-01-11 11:16:00,F,30~39,office,seoul,1,0,0,0,9,0,0,20,0,0,timeout
26003,U6005,2025-10-28 12:01:00,2025-10-28 12:06:00,M,50+,office,seoul,0,0,0,0,27,0,0,71,0,0,completed
26004,U6006,2025-04-05 13:54:00,2025-04-05 13:58:00,F,30~39,office,seoul,1,0,0,0,13,0,0,45,0,0,timeout
26005,U6007,2025-03-14 19:54:00,2025-03-14 20:01:00,M,40~49,office,seoul,0,0,0,0,16,0,0,76,0,0,completed
26006,U6008,2025-12-29 08:00:00,2025-12-29 08:06:00,F,20~29,office,seoul,0,0,0,0,15,0,0,42,0,0,completed
26007,U6009,2025-05-06 16:08:00,2025-05-06 16:10:00,M,30~39,office,seoul,0,0,0,0,0,0,0,34,0,0,completed
26008,U6010,2025-10-16 12:39:00,2025-10-16 12:45:00,F,20~29,office,seoul,0,0,0,0,4,0,0,44,0,0,completed
26009,U6011,2025-04-20 11:17:00,2025-04-20 11:20:00,M,30~39,office,seoul,1,0,0,0,16,0,0,35,0,0,completed
26010,U6012,2025-02-06 19:40:00,2025-02-06 19:46:00,M,30~39,office,seoul,0,0,0,0,17,0,0,14,0,0,completed
26011,U6013,2025-01-25 12:26:00,2025-01-25 12:33:00,F,30~39,office,seoul,1,0,0,0,28,0,0,24,0,0,completed
26012,U6014,2025-09-01 18:55:00,2025-09-01 19:01:00,F,20~29,office,seoul,0,0,0,0,13,0,0,64,0,0,completed
26013,U6015,2025-09-22 07:03:00,2025-09-22 07:05:00,F,30~39,office,seoul,0,0,0,0,21,0,0,61,0,0,completed
26014,U6016,2025-07-29 08:50:00,2025-07-29 08:55:00,M,30~39,office,seoul,0,0,0,0,23,0,0,55,0,0,abandoned
26015,U6017,2025-11-01 16:22:00,2025-11-01 16:26:00,F,40~49,office,seoul,1,0,0,0,28,0,0,58,0,0,completed
26016,U6018,2025-09-15 08:48:00,2025-09-15 08:53:00,F,20~29,office,seoul,0,0,0,0,14,0,0,59,0,0,completed
26017,U6019,2025-12-30 16:20:00,2025-12-30 16:22:00,M,50+,office,seoul,0,0,0,0,12,0,0,45,0,0,timeout
26018,U6020,2025-09-30 15:13:00,2025-09-30 15:17:00,F,20~29,office,seoul,0,0,0,0,7,0,0,33,0,0,completed
26019,U6021,2025-06-19 17:12:00,2025-06-19 17:18:00,F,30~39,office,seoul,0,0,0,0,8,0,0,35,0,0,completed
26020,U6022,2025-11-11 07:53:00,2025-11-11 07:59:00,M,40~49,office,seoul,0,0,0,0,4,0,0,35,1,0,timeout
26021,U6023,2025-02-17 14:59:00,2025-02-17 15:04:00,M,30~39,office,seoul,0,0,0,0,20,0,0,19,0,0,completed
26022,U6024,2025-11-28 11:00:00,2025-11-28 11:02:00,F,30~39,office,seoul,0,0,0,0,9,0,0,28,0,0,abandoned
26023,U6025,2025-09-06 13:23:00,2025-09-06 13:29:00,F,30~39,office,seoul,1,0,0,0,16,0,0,49,0,0,completed
26024,U6026,2025-09-29 12:13:00,2025-09-29 12:17:00,F,30~39,office,seoul,0,0,0,0,25,0,0,44,0,0,completed
26025,U6027,2025-11-12 20:49:00,2025-11-12 20:55:00,M,20~29,office,seoul,0,0,0,0,22,0,0,36,0,0,completed
26026,U6028,2025-01-14 17:08:00,2025-01-14 17:10:00,M,30~39,office,seoul,0,0,0,0,4,0,0,62,0,0,completed
26027,U6029,2025-03-20 07:32:00,2025-03-20 07:35:00,F,40~49,office,seoul,0,0,0,0,20,0,0,63,0,0,error
26028,U6030,2025-08-09 09:27:00,2025-08-09 09:30:00,F,50+,office,seoul,1,0,0,0,5,0,0,55,0,0,abandoned
26029,U6031,2025-05-18 19:14:00,2025-05-18 19:19:00,F,30~39,office,seoul,1,0,0,0,26,0,0,30,0,0,abandoned
26030,U6032,2025-07-13 13:56:00,2025-07-13 14:00:00,F,40~49,office,seoul,1,0,0,0,0,0,0,17,0,0,completed
26031,U6033,2025-03-02 09:51:00,2025-03-02 09:57:00,F,30~39,office,seoul,1,0,0,0,11,0,0,14,0,0,completed
26032,U6034,2025-01-26 11:14:00,2025-01-26 11:21:00,F,20~29,office,seoul,1,0,0,0,2,0,0,56,0,0,completed
26033,U6035,2025-04-21 12:01:00,2025-04-21 12:03:00,F,20~29,office,seoul,0,0,0,0,7,0,0,46,0,0,completed
26034,U6036,2025-01-31 11:59:00,2025-01-31 12:02:00,F,20~29,office,seoul,0,0,0,0,5,0,0,26,0,0,completed
26035,U6037,2025-05-06 20:44:00,2025-05-06 20:48:00,F,40~49,office,seoul,0,0,0,0,8,0,0,46,0,0,completed
26036,U6038,2025-06-05 20:30:00,2025-06-05 20:36:00,F,20~29,office,seoul,0,0,0,0,21,0,0,33,0,0,completed
26037,U6039,2025-01-15 12:45:00,2025-01-15 12:51:00,F,40~49,office,seoul,0,0,0,0,18,0,0,45,0,0,completed
26038,U6040,2025-05-04 11:48:00,2025-05-04 11:50:00,M,20~29,office,seoul,1,0,0,0,28,0,0,18,0,0,completed
26039,U6041,2025-05-03 18:19:00,2025-05-03 18:25:00,F,40~49,office,seoul,1,0,0,0,27,0,0,19,0,0,completed
26040,U6042,2025-03-13 09:57:00,2025-03-13 10:02:00,F,20~29,office,seoul,0,0,0,0,11,0,0,46,0,0,completed
26041,U6043,2025-04-18 16:21:00,2025-04-18 16:23:00,F,30~39,office,seoul,0,0,0,0,18,0,0,73,0,0,completed
26042,U6044,2025-11-29 07:57:00,2025-11-29 07:59:00,F,20~29,office,seoul,1,0,0,0,13,0,0,77,0,0,completed
26043,U6045,2025-01-07 18:57:00,2025-01-07 19:03:00,M,20~29,office,seoul,0,0,0,0,6,0,0,44,0,0,completed
26044,U6046,2025-04-28 14:12:00,2025-04-28 14:17:00,F,40~49,office,seoul,0,0,0,0,17,0,0,57,0,0,timeout
26045,U6047,2025-09-03 09:33:00,2025-09-03 09:35:00,M,30~39,office,seoul,0,0,0,0,21,0,0,23,0,0,completed
26046,U6048,2025-01-21 14:49:00,2025-01-21 14:52:00,F,40~49,office,seoul,0,0,0,0,22,0,0,23,0,0,completed
26047,U6049,2025-06-15 16:07:00,2025-06-15 16:11:00,F,20~29,office,seoul,1,0,0,0,11,0,0,10,0,0,completed
26048,U6050,2025-04-28 18:00:00,2025-04-28 18:04:00,F,40~49,office,seoul,0,0,0,0,20,0,0,33,0,0,completed
26049,U6051,2025-01-12 12:52:00,2025-01-12 12:59:00,F,30~39,office,seoul,1,0,0,0,20,0,0,22,0,0,completed
26050,U6052,2025-04-13 07:35:00,2025-04-13 07:39:00,M,30~39,office,seoul,1,0,0,0,14,0,0,31,0,0,completed
26051,U6053,2025-10-28 19:57:00,2025-10-28 20:00:00,F,40~49,office,seoul,0,0,0,0,27,0,0,67,0,0,completed
26052,U6054,2025-10-23 07:30:00,2025-10-23 07:33:00,F,50+,office,seoul,0,0,0,0,17,0,0,71,0,0,abandoned
26053,U6055,2025-10-30 17:32:00,2025-10-30 17:39:00,M,50+,office,seoul,0,0,0,0,10,0,0,38,1,0,completed
26054,U6056,2025-11-07 20:47:00,2025-11-07 20:53:00,F,20~29,office,seoul,0,0,0,0,14,0,0,22,0,0,completed
26055,U6057,2025-07-23 19:28:00,2025-07-23 19:33:00,M,30~39,office,seoul,0,0,0,0,0,0,0,24,0,0,timeout
26056,U6058,2025-04-16 20:49:00,2025-04-16 20:52:00,M,30~39,office,seoul,0,0,0,0,26,0,0,64,0,0,completed
26057,U6059,2025-06-15 07:05:00,2025-06-15 07:12:00,M,40~49,office,seoul,1,0,0,0,18,0,0,71,0,0,completed
26058,U6060,2025-09-24 18:57:00,2025-09-24 19:01:00,M,50+,office,seoul,0,0,0,0,9,0,0,61,0,0,completed
26059,U6061,2025-06-07 12:53:00,2025-06-07 12:59:00,M,40~49,office,seoul,1,0,0,0,4,0,0,63,0,0,completed
26060,U6062,2025-07-15 09:09:00,2025-07-15 09:12:00,F,50+,office,seoul,0,0,0,0,5,0,0,77,1,0,completed
26061,U6063,2025-08-09 08:40:00,2025-08-09 08:44:00,M,40~49,office,seoul,1,0,0,0,11,0,0,27,0,0,completed
26062,U6064,2025-03-02 16:08:00,2025-03-02 16:10:00,F,30~39,office,seoul,1,0,0,0,24,0,0,33,0,0,completed
26063,U6065,2025-08-03 17:09:00,2025-08-03 17:11:00,M,50+,office,seoul,1,0,0,0,7,0,0,49,0,0,completed
26064,U6066,2025-05-24 16:53:00,2025-05-24 17:00:00,M,50+,office,seoul,1,0,0,0,28,0,0,77,0,0,completed
26065,U6067,2025-07-20 15:19:00,2025-07-20 15:26:00,M,30~39,office,seoul,1,0,0,0,6,0,0,25,0,0,completed
26066,U6068,2025-05-05 13:27:00,2025-05-05 13:34:00,M,40~49,office,seoul,0,0,0,0,12,0,0,12,0,0,completed
26067,U6069,2025-01-28 19:30:00,2025-01-28 19:32:00,M,50+,office,seoul,0,0,0,0,25,0,0,28,0,0,completed
26068,U6070,2025-08-08 13:53:00,2025-08-08 13:58:00,F,30~39,office,seoul,0,0,0,0,20,0,0,77,0,0,error
26069,U6071,2025-01-29 09:08:00,2025-01-29 09:15:00,M,30~39,office,seoul,0,0,0,0,12,0,0,26,0,0,completed
26070,U6072,2025-07-02 07:19:00,2025-07-02 07:23:00,M,30~39,office,seoul,0,0,0,0,3,0,0,43,0,0,completed
26071,U6073,2025-05-13 12:49:00,2025-05-13 12:53:00,M,20~29,office,seoul,0,0,0,0,7,0,0,36,0,0,completed
26072,U6074,2025-11-26 21:23:00,2025-11-26 21:29:00,M,30~39,office,seoul,0,0,0,0,28,0,0,30,0,0,completed
26073,U6075,2025-05-07 07:52:00,2025-05-07 07:59:00,F,20~29,office,seoul,0,0,0,0,17,0,0,32,0,0,completed
26074,U6076,2025-09-29 16:03:00,2025-09-29 16:06:00,F,30~39,office,seoul,0,0,0,0,24,0,0,57,0,0,completed
26075,U6077,2025-07-06 21:10:00,2025-07-06 21:17:00,M,20~29,office,seoul,1,0,0,0,28,0,0,36,0,0,completed
26076,U6078,2025-01-15 15:56:00,2025-01-15 16:03:00,F,50+,office,seoul,0,0,0,0,5,0,0,69,0,0,completed
26077,U6079,2025-03-24 14:49:00,2025-03-24 14:52:00,F,20~29,office,seoul,0,0,0,0,2,0,0,52,0,0,completed
26078,U6080,2025-03-15 15:28:00,2025-03-15 15:31:00,M,30~39,office,seoul,1,0,0,0,29,0,0,42,0,0,completed
26079,U6081,2025-06-30 15:48:00,2025-06-30 15:53:00,F,20~29,office,seoul,0,0,0,0,20,0,0,36,0,0,completed
26080,U6082,2025-06-01 14:23:00,2025-06-01 14:30:00,M,50+,office,seoul,1,0,0,0,20,0,0,22,0,0,completed
26081,U6083,2025-11-18 22:23:00,2025-11-18 22:30:00,F,40~49,office,seoul,0,0,0,0,23,0,0,21,0,0,completed
26082,U6084,2025-07-28 16:53:00,2025-07-28 16:57:00,F,40~49,office,seoul,0,0,0,0,20,0,0,13,0,0,completed
26083,U6085,2025-02-12 14:00:00,2025-02-12 14:02:00,M,50+,office,seoul,0,0,0,0,11,0,0,66,0,0,completed
26084,U6086,2025-08-21 14:22:00,2025-08-21 14:26:00,M,40~49,office,seoul,0,0,0,0,10,0,0,72,0,0,completed
26085,U6087,2025-04-05 18:01:00,2025-04-05 18:07:00,F,20~29,office,seoul,1,0,0,0,26,0,0,36,0,0,abandoned
26086,U6088,2025-10-28 13:39:00,2025-10-28 13:41:00,F,40~49,office,seoul,0,0,0,0,2,0,0,42,0,0,completed
26087,U6089,2025-05-05 17:53:00,2025-05-05 17:57:00,F,40~49,office,seoul,0,0,0,0,21,0,0,59,0,0,completed
26088,U6090,2025-02-25 12:31:00,2025-02-25 12:33:00,M,50+,office,seoul,0,0,0,0,24,0,0,15,1,0,completed
26089,U6091,2025-11-18 16:41:00,2025-11-18 16:48:00,F,30~39,office,seoul,0,0,0,0,6,0,0,31,0,0,abandoned
26090,U6092,2025-04-16 17:48:00,2025-04-16 17:51:00,F,20~29,office,seoul,0,0,0,0,28,0,0,52,0,0,completed
26091,U6093,2025-04-26 13:34:00,2025-04-26 13:38:00,M,20~29,office,seoul,1,0,0,0,11,0,0,20,0,0,completed
26092,U6094,2025-06-21 11:42:00,2025-06-21 11:46:00,M,50+,office,seoul,1,0,0,0,2,0,0,66,0,0,completed
26093,U6095,2025-11-17 14:09:00,2025-11-17 14:11:00,M,30~39,office,seoul,0,0,0,0,24,0,0,50,0,0,completed
26094,U6096,2025-04-13 12:33:00,2025-04-13 12:36:00,F,50+,office,seoul,1,0,0,0,18,0,0,50,0,0,completed
26095,U6097,2025-03-29 17:51:00,2025-03-29 17:53:00,F,50+,office,seoul,1,0,0,0,23,0,0,49,0,0,completed
26096,U6098,2025-05-19 11:58:00,2025-05-19 12:05:00,F,20~29,office,seoul,0,0,0,0,17,0,0,37,0,0,completed
26097,U6099,2025-11-05 13:47:00,2025-11-05 13:49:00,M,30~39,office,seoul,0,0,0,0,7,0,0,18,0,0,completed
26098,U6100,2025-12-17 15:06:00,2025-12-17 15:11:00,M,40~49,office,seoul,0,0,0,0,27,0,0,27,0,0,completed
26099,U6101,2025-02-11 09:55:00,2025-02-11 09:59:00,F,50+,office,seoul,0,0,0,0,16,0,0,23,1,0,completed
26100,U6102,2025-12-18 18:40:00,2025-12-18 18:46:00,M,40~49,office,seoul,0,0,0,0,23,0,0,22,0,0,completed
26101,U6103,2025-02-23 15:36:00,2025-02-23 15:42:00,M,30~39,office,seoul,1,0,0,0,17,0,0,75,0,0,completed
26102,U6104,2025-09-04 09:48:00,2025-09-04 09:52:00,F,50+,office,seoul,0,0,0,0,19,0,0,42,0,1,completed
26103,U6105,2025-10-31 13:21:00,2025-10-31 13:28:00,M,40~49,office,seoul,0,0,0,0,26,0,0,47,0,0,completed
26104,U6106,2025-12-21 17:41:00,2025-12-21 17:45:00,M,40~49,office,seoul,1,0,0,0,22,0,0,63,0,0,completed
26105,U6107,2025-11-02 09:28:00,2025-11-02 09:34:00,F,20~29,office,seoul,1,0,0,0,8,0,0,52,0,0,error
26106,U6108,2025-01-02 16:10:00,2025-01-02 16:17:00,F,30~39,office,seoul,0,0,0,0,4,0,0,12,0,0,abandoned
26107,U6109,2025-01-20 12:25:00,2025-01-20 12:30:00,F,20~29,office,seoul,0,0,0,0,19,0,0,28,0,0,completed
26108,U6110,2025-03-05 17:57:00,2025-03-05 18:04:00,F,20~29,office,seoul,0,0,0,0,23,0,0,38,0,0,completed
26109,U6111,2025-12-11 12:45:00,2025-12-11 12:51:00,F,50+,office,seoul,0,0,0,0,9,0,0,44,0,0,completed
26110,U6112,2025-11-19 09:03:00,2025-11-19 09:07:00,M,50+,office,seoul,0,0,0,0,21,0,0,15,0,0,completed
26111,U6113,2025-12-26 08:17:00,2025-12-26 08:20:00,F,20~29,office,seoul,0,0,0,0,3,0,0,42,0,0,completed
26112,U6114,2025-08-05 09:44:00,2025-08-05 09:47:00,F,50+,office,seoul,0,0,0,0,5,0,0,23,0,0,completed
26113,U6115,2025-03-30 16:53:00,2025-03-30 16:58:00,F,30~39,office,seoul,1,0,0,0,18,0,0,64,0,0,completed
26114,U6116,2025-02-04 09:54:00,2025-02-04 09:57:00,F,30~39,office,seoul,0,0,0,0,26,0,0,40,0,0,completed
26115,U6117,2025-09-28 14:52:00,2025-09-28 14:58:00,M,30~39,office,seoul,1,0,0,0,5,0,0,22,0,0,completed
26116,U6118,2025-06-19 16:16:00,2025-06-19 16:23:00,F,40~49,office,seoul,0,0,0,0,23,0,0,48,0,0,completed
26117,U6119,2025-06-08 16:28:00,2025-06-08 16:32:00,F,20~29,office,seoul,1,0,0,0,22,0,0,25,0,0,completed
26118,U6120,2025-01-21 08:23:00,2025-01-21 08:29:00,M,30~39,office,seoul,0,0,0,0,5,0,0,40,0,0,completed
26119,U6121,2025-10-18 11:18:00,2025-10-18 11:20:00,F,30~39,office,seoul,1,0,0,0,19,0,0,15,0,0,completed
26120,U6122,2025-07-08 09:42:00,2025-07-08 09:48:00,M,20~29,office,seoul,0,0,0,0,22,0,0,71,0,0,abandoned
26121,U6123,2025-12-04 11:34:00,2025-12-04 11:41:00,M,20~29,office,seoul,0,0,0,0,28,0,0,27,0,0,error
26122,U6124,2025-11-25 09:31:00,2025-11-25 09:33:00,F,30~39,office,seoul,0,0,0,0,8,0,0,66,0,0,completed
26123,U6125,2025-10-24 18:41:00,2025-10-24 18:46:00,F,40~49,office,seoul,0,0,0,0,28,0,0,13,0,0,completed
26124,U6126,2025-07-08 08:09:00,2025-07-08 08:14:00,M,20~29,office,seoul,0,0,0,0,1,0,0,43,0,0,completed
26125,U6127,2025-07-03 09:04:00,2025-07-03 09:08:00,M,40~49,office,seoul,0,0,0,0,28,0,0,66,0,0,completed
26126,U6128,2025-08-27 17:49:00,2025-08-27 17:54:00,M,30~39,office,seoul,0,0,0,0,12,0,0,79,0,0,completed
26127,U6129,2025-08-19 19:21:00,2025-08-19 19:28:00,F,30~39,office,seoul,0,0,0,0,27,0,0,35,0,0,completed
26128,U6130,2025-04-16 15:23:00,2025-04-16 15:26:00,M,40~49,office,seoul,0,0,0,0,14,0,0,75,0,0,completed
26129,U6131,2025-11-23 12:32:00,2025-11-23 12:39:00,F,30~39,office,seoul,1,0,0,0,26,0,0,52,0,0,completed
26130,U6132,2025-07-30 09:27:00,2025-07-30 09:30:00,F,50+,office,seoul,0,0,0,0,27,0,0,52,0,0,completed
26131,U6133,2025-04-02 11:15:00,2025-04-02 11:22:00,F,50+,office,seoul,0,0,0,0,17,0,0,12,0,0,abandoned
26132,U6134,2025-01-13 15:27:00,2025-01-13 15:29:00,M,20~29,office,seoul,0,0,0,0,23,0,0,45,0,0,completed
26133,U6135,2025-04-17 12:56:00,2025-04-17 13:01:00,M,30~39,office,seoul,0,0,0,0,11,0,0,11,0,0,completed
26134,U6136,2025-04-14 08:36:00,2025-04-14 08:39:00,F,50+,office,seoul,0,0,0,0,12,0,0,48,0,0,completed
26135,U6137,2025-09-09 16:59:00,2025-09-09 17:02:00,M,50+,office,seoul,0,0,0,0,3,0,0,54,0,1,completed
26136,U6138,2025-08-31 17:58:00,2025-08-31 18:00:00,M,30~39,office,seoul,1,0,0,0,7,0,0,17,0,0,completed
26137,U6139,2025-01-07 07:50:00,2025-01-07 07:52:00,M,50+,office,seoul,0,0,0,0,1,0,0,78,0,0,completed
26138,U6140,2025-03-31 12:29:00,2025-03-31 12:32:00,M,40~49,office,seoul,0,0,0,0,22,0,0,61,0,0,completed
26139,U6141,2025-10-27 09:09:00,2025-10-27 09:13:00,F,20~29,office,seoul,0,0,0,0,14,0,0,23,0,0,completed
26140,U6142,2025-03-22 15:55:00,2025-03-22 16:01:00,F,20~29,office,seoul,1,0,0,0,7,0,0,50,0,0,completed
26141,U6143,2025-08-14 13:30:00,2025-08-14 13:33:00,F,20~29,office,seoul,0,0,0,0,4,0,0,36,0,0,completed
26142,U6144,2025-08-24 09:26:00,2025-08-24 09:33:00,M,30~39,office,seoul,1,0,0,0,29,0,0,19,0,0,completed
26143,U6145,2025-05-27 08:15:00,2025-05-27 08:20:00,F,50+,office,seoul,0,0,0,0,19,0,0,50,0,0,completed
26144,U6146,2025-04-13 08:01:00,2025-04-13 08:06:00,M,30~39,office,seoul,1,0,0,0,7,0,0,26,0,0,completed
26145,U6147,2025-10-16 13:35:00,2025-10-16 13:42:00,F,50+,office,seoul,0,0,0,0,25,0,0,29,0,0,completed
26146,U6148,2025-06-01 13:13:00,2025-06-01 13:20:00,M,30~39,office,seoul,1,0,0,0,7,0,0,13,0,0,timeout
26147,U6149,2025-12-22 19:35:00,2025-12-22 19:39:00,F,20~29,office,seoul,0,0,0,0,23,0,0,28,0,0,abandoned
26148,U6150,2025-12-10 18:23:00,2025-12-10 18:28:00,M,40~49,office,seoul,0,0,0,0,21,0,0,27,0,0,completed
26149,U6151,2025-08-28 17:09:00,2025-08-28 17:16:00,M,20~29,office,seoul,0,0,0,0,4,0,0,77,0,0,completed
26150,U6152,2025-04-13 12:17:00,2025-04-13 12:21:00,F,50+,office,seoul,1,0,0,0,29,0,0,22,0,0,completed
26151,U6153,2025-11-12 11:05:00,2025-11-12 11:12:00,F,40~49,office,seoul,0,0,0,0,14,0,0,56,0,0,completed
26152,U6154,2025-03-19 16:12:00,2025-03-19 16:19:00,F,20~29,office,seoul,0,0,0,0,18,0,0,77,0,0,completed
26153,U6155,2025-06-29 19:40:00,2025-06-29 19:44:00,F,40~49,office,seoul,1,0,0,0,4,0,0,61,0,0,completed
26154,U6156,2025-06-15 09:56:00,2025-06-15 10:03:00,F,20~29,office,seoul,1,0,0,0,15,0,0,59,0,0,completed
26155,U6157,2025-12-26 17:26:00,2025-12-26 17:32:00,F,40~49,office,seoul,0,0,0,0,6,0,0,35,0,0,completed
26156,U6158,2025-06-07 11:23:00,2025-06-07 11:26:00,F,20~29,office,seoul,1,0,0,0,27,0,0,37,0,0,completed
26157,U6159,2025-05-23 13:03:00,2025-05-23 13:06:00,M,30~39,office,seoul,0,0,0,0,7,0,0,60,0,0,completed
26158,U6160,2025-11-02 15:06:00,2025-11-02 15:13:00,M,50+,office,seoul,1,0,0,0,13,0,0,53,0,0,timeout
26159,U6161,2025-10-31 08:36:00,2025-10-31 08:38:00,F,50+,office,seoul,0,0,0,0,18,0,0,14,0,1,completed
26160,U6162,2025-08-19 09:44:00,2025-08-19 09:51:00,F,40~49,office,seoul,0,0,0,0,5,0,0,56,0,0,completed
26161,U6163,2025-03-27 09:36:00,2025-03-27 09:40:00,M,30~39,office,seoul,0,0,0,0,15,0,0,50,0,0,completed
26162,U6164,2025-09-09 16:34:00,2025-09-09 16:37:00,M,50+,office,seoul,0,0,0,0,19,0,0,11,0,0,timeout
26163,U6165,2025-11-18 15:57:00,2025-11-18 16:02:00,F,20~29,office,seoul,0,0,0,0,15,0,0,61,0,0,completed
26164,U6166,2025-05-09 18:23:00,2025-05-09 18:26:00,M,40~49,office,seoul,0,0,0,0,25,0,0,41,0,0,completed
26165,U6167,2025-10-07 09:09:00,2025-10-07 09:12:00,F,30~39,office,seoul,0,0,0,0,3,0,0,52,0,0,abandoned
26166,U6168,2025-09-15 11:34:00,2025-09-15 11:37:00,F,20~29,office,seoul,0,0,0,0,4,0,0,11,0,0,completed
26167,U6169,2025-05-29 07:57:00,2025-05-29 08:03:00,M,20~29,office,seoul,0,0,0,0,13,0,0,16,0,0,completed
26168,U6170,2025-04-12 16:56:00,2025-04-12 17:00:00,M,20~29,office,seoul,1,0,0,0,14,0,0,38,0,0,completed
26169,U6171,2025-03-16 16:03:00,2025-03-16 16:07:00,F,50+,office,seoul,1,0,0,0,8,0,0,62,0,0,completed
26170,U6172,2025-12-03 19:11:00,2025-12-03 19:14:00,M,30~39,office,seoul,0,0,0,0,29,0,0,72,0,0,completed
26171,U6173,2025-11-16 07:43:00,2025-11-16 07:48:00,F,20~29,office,seoul,1,0,0,0,29,0,0,32,0,0,completed
26172,U6174,2025-06-29 14:23:00,2025-06-29 14:26:00,F,30~39,office,seoul,1,0,0,0,13,0,0,48,0,0,completed
26173,U6175,2025-04-09 13:26:00,2025-04-09 13:28:00,M,40~49,office,seoul,0,0,0,0,6,0,0,48,0,0,completed
26174,U6176,2025-12-10 20:28:00,2025-12-10 20:35:00,M,20~29,office,seoul,0,0,0,0,15,0,0,46,0,0,completed
26175,U6177,2025-07-29 09:12:00,2025-07-29 09:18:00,M,30~39,office,seoul,0,0,0,0,12,0,0,71,0,0,completed
26176,U6178,2025-09-27 14:46:00,2025-09-27 14:48:00,F,30~39,office,seoul,1,0,0,0,19,0,0,58,0,0,error
26177,U6179,2025-04-09 13:29:00,2025-04-09 13:32:00,M,20~29,office,seoul,0,0,0,0,10,0,0,16,0,0,completed
26178,U6180,2025-06-27 13:15:00,2025-06-27 13:22:00,F,20~29,office,seoul,0,0,0,0,13,0,0,62,0,0,completed
26179,U6181,2025-11-25 22:20:00,2025-11-25 22:27:00,F,30~39,office,seoul,0,0,0,0,6,0,0,50,0,0,abandoned
26180,U6182,2025-01-20 14:27:00,2025-01-20 14:29:00,F,30~39,office,seoul,0,0,0,0,0,0,0,76,0,0,completed
26181,U6183,2025-01-08 14:53:00,2025-01-08 14:59:00,F,20~29,office,seoul,0,0,0,0,14,0,0,42,0,0,completed
26182,U6184,2025-07-26 19:31:00,2025-07-26 19:35:00,F,30~39,office,seoul,1,0,0,0,17,0,0,34,0,0,completed
26183,U6185,2025-07-17 12:50:00,2025-07-17 12:56:00,M,40~49,office,seoul,0,0,0,0,12,0,0,75,0,0,completed
26184,U6186,2025-07-28 12:33:00,2025-07-28 12:35:00,F,40~49,office,seoul,0,0,0,0,17,0,0,11,0,0,completed
26185,U6187,2025-09-20 16:09:00,2025-09-20 16:16:00,M,30~39,office,seoul,1,0,0,0,2,0,0,10,0,0,completed
26186,U6188,2025-06-08 12:30:00,2025-06-08 12:35:00,M,40~49,office,seoul,1,0,0,0,16,0,0,42,0,0,completed
26187,U6189,2025-05-16 15:42:00,2025-05-16 15:46:00,M,50+,office,seoul,0,0,0,0,9,0,0,67,1,0,completed
26188,U6190,2025-11-27 07:16:00,2025-11-27 07:20:00,F,30~39,office,seoul,0,0,0,0,14,0,0,20,0,0,completed
26189,U6191,2025-07-25 14:28:00,2025-07-25 14:34:00,F,50+,office,seoul,0,0,0,0,22,0,0,10,0,0,abandoned
26190,U6192,2025-07-06 12:22:00,2025-07-06 12:26:00,F,20~29,office,seoul,1,0,0,0,1,0,0,20,0,0,completed
26191,U6193,2025-06-08 08:56:00,2025-06-08 09:00:00,M,50+,office,seoul,1,0,0,0,5,0,0,56,0,0,completed
26192,U6194,2025-09-08 12:11:00,2025-09-08 12:17:00,M,20~29,office,seoul,0,0,0,0,5,0,0,14,0,1,completed
26193,U6195,2025-05-16 18:48:00,2025-05-16 18:53:00,M,40~49,office,seoul,0,0,0,0,17,0,0,15,0,0,completed
26194,U6196,2025-01-24 17:34:00,2025-01-24 17:36:00,M,30~39,office,seoul,0,0,0,0,9,0,0,16,0,0,completed
26195,U6197,2025-01-04 09:29:00,2025-01-04 09:34:00,F,40~49,office,seoul,1,0,0,0,12,0,0,21,0,0,completed
26196,U6198,2025-10-17 12:10:00,2025-10-17 12:14:00,F,30~39,office,seoul,0,0,0,0,21,0,0,25,0,0,completed
26197,U6199,2025-11-01 12:15:00,2025-11-01 12:22:00,M,30~39,office,seoul,1,0,0,0,6,0,0,69,0,0,abandoned
26198,U6200,2025-01-14 13:26:00,2025-01-14 13:32:00,F,50+,office,seoul,0,0,0,0,3,0,0,31,0,0,completed
26199,U6201,2025-12-06 12:42:00,2025-12-06 12:48:00,F,30~39,office,seoul,1,0,0,0,16,0,0,40,0,0,completed
26200,U6202,2025-11-09 15:08:00,2025-11-09 15:15:00,F,30~39,office,seoul,1,0,0,0,20,0,0,55,0,0,completed
26201,U6203,2025-02-24 15:42:00,2025-02-24 15:44:00,F,40~49,office,seoul,0,0,0,0,29,0,0,66,0,0,completed
26202,U6204,2025-08-26 13:59:00,2025-08-26 14:05:00,M,20~29,office,seoul,0,0,0,0,16,0,0,49,0,0,completed
26203,U6205,2025-03-28 12:51:00,2025-03-28 12:55:00,F,20~29,office,seoul,0,0,0,0,0,0,0,26,0,0,completed
26204,U6206,2025-05-13 13:36:00,2025-05-13 13:43:00,M,40~49,office,seoul,0,0,0,0,1,0,0,72,0,0,abandoned
26205,U6207,2025-03-06 17:58:00,2025-03-06 18:01:00,M,20~29,office,seoul,0,0,0,0,5,0,0,45,0,0,completed
26206,U6208,2025-01-10 12:47:00,2025-01-10 12:51:00,M,20~29,office,seoul,0,0,0,0,18,0,0,69,0,0,completed
26207,U6209,2025-01-28 12:04:00,2025-01-28 12:10:00,F,40~49,office,seoul,0,0,0,0,6,0,0,69,0,0,completed
26208,U6210,2025-01-26 22:27:00,2025-01-26 22:32:00,F,20~29,office,seoul,1,0,0,0,3,0,0,18,0,0,completed
26209,U6211,2025-08-28 14:13:00,2025-08-28 14:20:00,M,40~49,office,seoul,0,0,0,0,14,0,0,69,0,0,completed
26210,U6212,2025-11-04 19:14:00,2025-11-04 19:21:00,M,20~29,office,seoul,0,0,0,0,26,0,0,10,0,0,completed
26211,U6213,2025-10-05 14:34:00,2025-10-05 14:40:00,M,50+,office,seoul,1,0,0,0,17,0,0,14,0,0,completed
26212,U6214,2025-12-24 12:02:00,2025-12-24 12:08:00,F,40~49,office,seoul,0,0,0,0,3,0,0,22,0,0,completed
26213,U6215,2025-08-25 09:52:00,2025-08-25 09:56:00,F,20~29,office,seoul,0,0,0,0,16,0,0,79,0,0,completed
26214,U6216,2025-11-26 16:36:00,2025-11-26 16:39:00,F,40~49,office,seoul,0,0,0,0,17,0,0,52,0,0,completed
26215,U6217,2025-02-07 11:45:00,2025-02-07 11:51:00,F,30~39,office,seoul,0,0,0,0,15,0,0,52,0,0,completed
26216,U6218,2025-04-05 16:39:00,2025-04-05 16:45:00,M,20~29,office,seoul,1,0,0,0,5,0,0,49,0,0,completed
26217,U6219,2025-07-24 17:37:00,2025-07-24 17:39:00,F,20~29,office,seoul,0,0,0,0,13,0,0,59,0,0,completed
26218,U6220,2025-02-22 18:40:00,2025-02-22 18:43:00,M,20~29,office,seoul,1,0,0,0,28,0,0,48,0,0,completed
26219,U6221,2025-09-03 11:26:00,2025-09-03 11:33:00,M,20~29,office,seoul,0,0,0,0,20,0,0,33,0,0,completed
26220,U6222,2025-08-23 12:04:00,2025-08-23 12:07:00,M,30~39,office,seoul,1,0,0,0,12,0,0,64,0,0,abandoned
26221,U6223,2025-02-10 16:11:00,2025-02-10 16:17:00,F,40~49,office,seoul,0,0,0,0,0,0,0,59,0,0,completed
26222,U6224,2025-11-18 09:21:00,2025-11-18 09:24:00,M,20~29,office,seoul,0,0,0,0,22,0,0,60,0,0,completed
26223,U6225,2025-11-16 08:37:00,2025-11-16 08:40:00,M,40~49,office,seoul,1,0,0,0,12,0,0,57,0,0,completed
26224,U6226,2025-12-27 08:26:00,2025-12-27 08:29:00,M,50+,office,seoul,1,0,0,0,5,0,0,12,0,0,completed
26225,U6227,2025-03-19 08:09:00,2025-03-19 08:14:00,F,30~39,office,seoul,0,0,0,0,22,0,0,51,0,0,completed
26226,U6228,2025-01-23 09:51:00,2025-01-23 09:54:00,F,30~39,office,seoul,0,0,0,0,22,0,0,33,0,0,completed
26227,U6229,2025-11-22 21:44:00,2025-11-22 21:47:00,F,40~49,office,seoul,1,0,0,0,4,0,0,15,0,0,completed
26228,U6230,2025-01-27 18:59:00,2025-01-27 19:05:00,F,20~29,office,seoul,0,0,0,0,6,0,0,77,1,0,completed
26229,U6231,2025-12-14 19:35:00,2025-12-14 19:42:00,F,50+,office,seoul,1,0,0,0,26,0,0,25,1,0,completed
26230,U6232,2025-05-26 14:03:00,2025-05-26 14:05:00,F,20~29,office,seoul,0,0,0,0,14,0,0,36,0,0,completed
26231,U6233,2025-07-03 09:36:00,2025-07-03 09:38:00,M,20~29,office,seoul,0,0,0,0,12,0,0,21,0,0,timeout
26232,U6234,2025-07-08 11:58:00,2025-07-08 12:01:00,M,30~39,office,seoul,0,0,0,0,6,0,0,11,0,0,completed
26233,U6235,2025-07-10 16:31:00,2025-07-10 16:37:00,M,20~29,office,seoul,0,0,0,0,4,0,0,58,0,0,completed
26234,U6236,2025-10-27 15:15:00,2025-10-27 15:17:00,F,30~39,office,seoul,0,0,0,0,1,0,0,29,0,0,completed
26235,U6237,2025-03-22 20:09:00,2025-03-22 20:14:00,F,50+,office,seoul,1,0,0,0,22,0,0,45,0,0,completed
26236,U6238,2025-11-21 17:04:00,2025-11-21 17:07:00,F,20~29,office,seoul,0,0,0,0,7,0,0,71,0,0,completed
26237,U6239,2025-06-29 19:34:00,2025-06-29 19:40:00,M,50+,office,seoul,1,0,0,0,6,0,0,53,0,0,abandoned
26238,U6240,2025-08-03 11:57:00,2025-08-03 12:03:00,F,40~49,office,seoul,1,0,0,0,22,0,0,74,0,0,error
26239,U6241,2025-10-15 14:05:00,2025-10-15 14:10:00,F,40~49,office,seoul,0,0,0,0,15,0,0,50,0,0,completed
26240,U6242,2025-04-26 15:20:00,2025-04-26 15:27:00,F,20~29,office,seoul,1,0,0,0,20,0,0,38,0,0,completed
26241,U6243,2025-05-16 15:20:00,2025-05-16 15:25:00,M,20~29,office,seoul,0,0,0,0,28,0,0,73,0,0,abandoned
26242,U6244,2025-04-22 14:45:00,2025-04-22 14:47:00,M,30~39,office,seoul,0,0,0,0,28,0,0,11,0,0,completed
26243,U6245,2025-10-15 09:31:00,2025-10-15 09:36:00,M,30~39,office,seoul,0,0,0,0,2,0,0,32,0,0,completed
26244,U6246,2025-02-08 19:43:00,2025-02-08 19:49:00,F,20~29,office,seoul,1,0,0,0,26,0,0,75,0,0,completed
26245,U6247,2025-07-11 17:44:00,2025-07-11 17:49:00,F,30~39,office,seoul,0,0,0,0,26,0,0,59,0,0,completed
26246,U6248,2025-02-06 16:19:00,2025-02-06 16:24:00,M,30~39,office,seoul,0,0,0,0,20,0,0,64,0,0,timeout
26247,U6249,2025-05-03 07:23:00,2025-05-03 07:28:00,M,30~39,office,seoul,1,0,0,0,5,0,0,67,0,0,timeout
26248,U6250,2025-04-20 21:02:00,2025-04-20 21:08:00,M,20~29,office,seoul,1,0,0,0,26,0,0,15,0,0,completed
26249,U6251,2025-01-16 14:35:00,2025-01-16 14:40:00,F,40~49,office,seoul,0,0,0,0,11,0,0,16,1,0,completed
26250,U6252,2025-08-23 09:38:00,2025-08-23 09:42:00,F,40~49,office,seoul,1,0,0,0,7,0,0,25,0,0,timeout
26251,U6253,2025-01-01 17:09:00,2025-01-01 17:15:00,F,20~29,office,seoul,0,0,0,0,29,0,0,71,0,0,timeout
26252,U6254,2025-03-15 18:06:00,2025-03-15 18:13:00,M,30~39,office,seoul,1,0,0,0,7,0,0,52,0,0,completed
26253,U6255,2025-05-29 13:12:00,2025-05-29 13:17:00,F,20~29,office,seoul,0,0,0,0,24,0,0,54,0,0,completed
26254,U6256,2025-02-17 14:54:00,2025-02-17 15:00:00,M,20~29,office,seoul,0,0,0,0,7,0,0,75,0,0,completed
26255,U6257,2025-11-15 15:51:00,2025-11-15 15:57:00,F,50+,office,seoul,1,0,0,0,25,0,0,35,0,0,abandoned
26256,U6258,2025-08-25 16:17:00,2025-08-25 16:20:00,F,20~29,office,seoul,0,0,0,0,29,0,0,26,0,0,completed
26257,U6259,2025-05-07 14:25:00,2025-05-07 14:28:00,F,50+,office,seoul,0,0,0,0,14,0,0,39,1,0,completed
26258,U6260,2025-11-20 12:43:00,2025-11-20 12:47:00,F,30~39,office,seoul,0,0,0,0,8,0,0,20,0,0,completed
26259,U6261,2025-10-10 09:20:00,2025-10-10 09:22:00,F,30~39,office,seoul,0,0,0,0,2,0,0,30,0,0,completed
26260,U6262,2025-09-13 13:46:00,2025-09-13 13:49:00,M,50+,office,seoul,1,0,0,0,13,0,0,57,0,0,completed
26261,U6263,2025-01-06 13:31:00,2025-01-06 13:35:00,M,20~29,office,seoul,0,0,0,0,3,0,0,25,0,0,completed
26262,U6264,2025-10-11 19:38:00,2025-10-11 19:40:00,M,40~49,office,seoul,1,0,0,0,22,0,0,59,0,0,completed
26263,U6265,2025-03-31 17:31:00,2025-03-31 17:36:00,F,40~49,office,seoul,0,0,0,0,23,0,0,47,0,0,completed
26264,U6266,2025-03-07 14:02:00,2025-03-07 14:08:00,M,40~49,office,seoul,0,0,0,0,22,0,0,63,0,0,completed
26265,U6267,2025-12-21 16:06:00,2025-12-21 16:08:00,F,20~29,office,seoul,1,0,0,0,0,0,0,46,0,0,completed
26266,U6268,2025-09-28 15:23:00,2025-09-28 15:29:00,F,30~39,office,seoul,1,0,0,0,27,0,0,39,0,0,completed
26267,U6269,2025-09-01 21:30:00,2025-09-01 21:33:00,F,30~39,office,seoul,0,0,0,0,13,0,0,78,0,0,completed
26268,U6270,2025-12-30 18:58:00,2025-12-30 19:05:00,M,20~29,office,seoul,0,0,0,0,1,0,0,70,0,0,completed
26269,U6271,2025-05-18 09:33:00,2025-05-18 09:35:00,M,50+,office,seoul,1,0,0,0,21,0,0,56,0,0,completed
26270,U6272,2025-06-26 14:12:00,2025-06-26 14:18:00,F,20~29,office,seoul,0,0,0,0,14,0,0,78,0,0,completed
26271,U6273,2025-01-06 12:19:00,2025-01-06 12:25:00,F,20~29,office,seoul,0,0,0,0,6,0,0,22,0,0,completed
26272,U6274,2025-04-08 09:16:00,2025-04-08 09:22:00,F,20~29,office,seoul,0,0,0,0,17,0,0,73,0,0,completed
26273,U6275,2025-08-08 13:54:00,2025-08-08 13:57:00,M,20~29,office,seoul,0,0,0,0,29,0,0,51,0,0,completed
26274,U6276,2025-08-20 12:52:00,2025-08-20 12:54:00,M,40~49,office,seoul,0,0,0,0,12,0,0,47,0,0,completed
26275,U6277,2025-10-24 12:02:00,2025-10-24 12:09:00,M,40~49,office,seoul,0,0,0,0,24,0,0,15,0,1,completed
26276,U6278,2025-11-24 20:48:00,2025-11-24 20:55:00,F,40~49,office,seoul,0,0,0,0,9,0,0,28,0,0,completed
26277,U6279,2025-10-19 11:34:00,2025-10-19 11:40:00,F,20~29,office,seoul,1,0,0,0,20,0,0,79,0,0,completed
26278,U6280,2025-07-19 15:08:00,2025-07-19 15:11:00,M,40~49,office,seoul,1,0,0,0,12,0,0,24,0,0,completed
26279,U6281,2025-05-07 21:04:00,2025-05-07 21:06:00,F,30~39,office,seoul,0,0,0,0,13,0,0,13,0,0,completed
26280,U6282,2025-02-21 07:07:00,2025-02-21 07:09:00,F,20~29,office,seoul,0,0,0,0,7,0,0,66,0,0,completed
26281,U6283,2025-02-27 15:20:00,2025-02-27 15:23:00,F,40~49,office,seoul,0,0,0,0,26,0,0,29,0,0,completed
26282,U6284,2025-01-22 12:27:00,2025-01-22 12:33:00,F,20~29,office,seoul,0,0,0,0,27,0,0,71,0,0,error
26283,U6285,2025-03-03 18:55:00,2025-03-03 18:57:00,F,50+,office,seoul,0,0,0,0,6,0,0,28,0,0,completed
26284,U6286,2025-08-04 12:44:00,2025-08-04 12:47:00,F,30~39,office,seoul,0,0,0,0,5,0,0,43,0,0,completed
26285,U6287,2025-12-04 20:35:00,2025-12-04 20:37:00,M,30~39,office,seoul,0,0,0,0,6,0,0,77,0,0,completed
26286,U6288,2025-06-19 09:27:00,2025-06-19 09:32:00,F,20~29,office,seoul,0,0,0,0,24,0,0,57,0,0,completed
26287,U6289,2025-11-06 18:41:00,2025-11-06 18:46:00,F,30~39,office,seoul,0,0,0,0,20,0,0,19,0,0,completed
26288,U6290,2025-12-30 09:12:00,2025-12-30 09:14:00,F,40~49,office,seoul,0,0,0,0,17,0,0,59,0,0,completed
26289,U6291,2025-07-17 08:05:00,2025-07-17 08:11:00,M,20~29,office,seoul,0,0,0,0,28,0,0,23,0,0,completed
26290,U6292,2025-07-17 15:51:00,2025-07-17 15:55:00,F,20~29,office,seoul,0,0,0,0,2,0,0,18,0,0,abandoned
26291,U6293,2025-10-16 08:56:00,2025-10-16 09:02:00,F,20~29,office,seoul,0,0,0,0,10,0,0,60,0,0,completed
26292,U6294,2025-06-22 11:07:00,2025-06-22 11:12:00,M,40~49,office,seoul,1,0,0,0,4,0,0,10,0,0,completed
26293,U6295,2025-08-24 18:42:00,2025-08-24 18:48:00,F,50+,office,seoul,1,0,0,0,28,0,0,18,0,0,completed
26294,U6296,2025-04-14 15:29:00,2025-04-14 15:31:00,F,20~29,office,seoul,0,0,0,0,18,0,0,45,0,0,completed
26295,U6297,2025-02-10 14:20:00,2025-02-10 14:26:00,F,20~29,office,seoul,0,0,0,0,10,0,0,61,0,0,completed
26296,U6298,2025-01-08 12:35:00,2025-01-08 12:42:00,M,30~39,office,seoul,0,0,0,0,25,0,0,53,0,0,completed
26297,U6299,2025-09-29 12:43:00,2025-09-29 12:48:00,M,30~39,office,seoul,0,0,0,0,22,0,0,67,0,0,completed
26298,U6300,2025-08-05 17:57:00,2025-08-05 18:00:00,F,40~49,office,seoul,0,0,0,0,11,0,0,28,0,0,completed
26299,U6301,2025-10-07 22:48:00,2025-10-07 22:55:00,F,20~29,office,seoul,0,0,0,0,0,0,0,74,0,0,completed
26300,U6302,2025-03-03 12:36:00,2025-03-03 12:43:00,F,30~39,office,seoul,0,0,0,0,16,0,0,47,0,0,abandoned
26301,U6303,2025-08-15 20:37:00,2025-08-15 20:40:00,M,40~49,office,seoul,0,0,0,0,14,0,0,78,0,0,completed
26302,U6304,2025-04-02 19:58:00,2025-04-02 20:01:00,F,50+,office,seoul,0,0,0,0,17,0,0,23,0,0,completed
26303,U6305,2025-01-31 13:27:00,2025-01-31 13:31:00,M,20~29,office,seoul,0,0,0,0,29,0,0,27,0,0,timeout
26304,U6306,2025-11-26 13:44:00,2025-11-26 13:48:00,M,30~39,office,seoul,0,0,0,0,20,0,0,30,0,0,completed
26305,U6307,2025-04-04 09:28:00,2025-04-04 09:34:00,M,50+,office,seoul,0,0,0,0,9,0,0,66,0,0,completed
26306,U6308,2025-02-02 13:55:00,2025-02-02 13:57:00,M,30~39,office,seoul,1,0,0,0,21,0,0,61,0,0,abandoned
26307,U6309,2025-07-28 19:39:00,2025-07-28 19:44:00,M,20~29,office,seoul,0,0,0,0,24,0,0,63,0,0,completed
26308,U6310,2025-06-14 13:54:00,2025-06-14 14:01:00,M,50+,office,seoul,1,0,0,0,27,0,0,64,1,0,completed
26309,U6311,2025-01-17 15:11:00,2025-01-17 15:14:00,M,20~29,office,seoul,0,0,0,0,10,0,0,56,0,0,completed
26310,U6312,2025-11-13 12:10:00,2025-11-13 12:14:00,F,30~39,office,seoul,0,0,0,0,27,0,0,32,1,0,abandoned
26311,U6313,2025-01-11 15:38:00,2025-01-11 15:44:00,F,50+,office,seoul,1,0,0,0,23,0,0,47,1,0,completed
26312,U6314,2025-10-17 15:42:00,2025-10-17 15:44:00,F,30~39,office,seoul,0,0,0,0,26,0,0,25,0,0,completed
26313,U6315,2025-02-09 08:55:00,2025-02-09 09:01:00,F,30~39,office,seoul,1,0,0,0,15,0,0,56,0,0,completed
26314,U6316,2025-11-01 17:19:00,2025-11-01 17:25:00,F,30~39,office,seoul,1,0,0,0,20,0,0,23,0,0,completed
26315,U6317,2025-06-04 17:53:00,2025-06-04 18:00:00,F,20~29,office,seoul,0,0,0,0,13,0,0,34,0,0,completed
26316,U6318,2025-02-08 19:43:00,2025-02-08 19:46:00,F,20~29,office,seoul,1,0,0,0,2,0,0,25,0,0,completed
26317,U6319,2025-09-07 12:04:00,2025-09-07 12:08:00,M,40~49,office,seoul,1,0,0,0,18,0,0,34,0,0,completed
26318,U6320,2025-09-28 14:02:00,2025-09-28 14:07:00,F,30~39,office,seoul,1,0,0,0,20,0,0,21,0,0,completed
26319,U6321,2025-07-03 15:45:00,2025-07-03 15:49:00,F,20~29,office,seoul,0,0,0,0,8,0,0,19,0,0,completed
26320,U6322,2025-09-29 12:28:00,2025-09-29 12:33:00,M,20~29,office,seoul,0,0,0,0,23,0,0,26,0,0,completed
26321,U6323,2025-12-16 16:46:00,2025-12-16 16:51:00,F,20~29,office,seoul,0,0,0,0,8,0,0,22,0,0,completed
26322,U6324,2025-09-24 13:30:00,2025-09-24 13:32:00,F,20~29,office,seoul,0,0,0,0,21,0,0,68,0,0,completed
26323,U6325,2025-11-04 16:37:00,2025-11-04 16:39:00,M,40~49,office,seoul,0,0,0,0,9,0,0,71,0,0,completed
26324,U6326,2025-04-03 13:56:00,2025-04-03 13:59:00,F,30~39,office,seoul,0,0,0,0,14,0,0,68,0,0,completed
26325,U6327,2025-11-29 15:40:00,2025-11-29 15:42:00,F,20~29,office,seoul,1,0,0,0,22,0,0,18,0,0,completed
26326,U6328,2025-02-07 17:47:00,2025-02-07 17:54:00,M,30~39,office,seoul,0,0,0,0,8,0,0,17,0,0,completed
26327,U6329,2025-11-11 22:44:00,2025-11-11 22:49:00,F,40~49,office,seoul,0,0,0,0,24,0,0,52,0,0,completed
26328,U6330,2025-04-09 15:18:00,2025-04-09 15:22:00,F,30~39,office,seoul,0,0,0,0,9,0,0,51,0,0,abandoned
26329,U6331,2025-04-09 08:20:00,2025-04-09 08:22:00,M,30~39,office,seoul,0,0,0,0,21,0,0,37,0,0,completed
26330,U6332,2025-03-01 20:53:00,2025-03-01 21:00:00,F,20~29,office,seoul,1,0,0,0,25,0,0,75,0,0,completed
26331,U6333,2025-04-04 18:18:00,2025-04-04 18:20:00,M,40~49,office,seoul,0,0,0,0,28,0,0,48,0,0,abandoned
26332,U6334,2025-10-25 08:41:00,2025-10-25 08:46:00,F,40~49,office,seoul,1,0,0,0,15,0,0,22,0,0,completed
26333,U6335,2025-04-19 13:07:00,2025-04-19 13:09:00,M,50+,office,seoul,1,0,0,0,18,0,0,74,0,0,completed
26334,U6336,2025-11-26 09:42:00,2025-11-26 09:48:00,M,20~29,office,seoul,0,0,0,0,10,0,0,40,0,0,timeout
26335,U6337,2025-06-28 15:28:00,2025-06-28 15:33:00,M,40~49,office,seoul,1,0,0,0,5,0,0,20,0,0,completed
26336,U6338,2025-05-17 18:59:00,2025-05-17 19:01:00,F,40~49,office,seoul,1,0,0,0,18,0,0,22,0,0,timeout
26337,U6339,2025-03-06 11:04:00,2025-03-06 11:11:00,F,20~29,office,seoul,0,0,0,0,18,0,0,36,0,0,completed
26338,U6340,2025-04-04 16:35:00,2025-04-04 16:39:00,M,30~39,office,seoul,0,0,0,0,26,0,0,36,0,0,completed
26339,U6341,2025-08-28 07:35:00,2025-08-28 07:40:00,M,50+,office,seoul,0,0,0,0,7,0,0,41,1,0,abandoned
26340,U6342,2025-02-26 21:14:00,2025-02-26 21:21:00,M,20~29,office,seoul,0,0,0,0,0,0,0,32,0,0,error
26341,U6343,2025-03-16 07:42:00,2025-03-16 07:49:00,M,20~29,office,seoul,1,0,0,0,2,0,0,59,0,0,completed
26342,U6344,2025-03-17 11:00:00,2025-03-17 11:06:00,F,20~29,office,seoul,0,0,0,0,17,0,0,63,0,0,completed
26343,U6345,2025-09-16 14:52:00,2025-09-16 14:59:00,F,20~29,office,seoul,0,0,0,0,4,0,0,39,0,0,completed
26344,U6346,2025-10-18 09:35:00,2025-10-18 09:38:00,F,20~29,office,seoul,1,0,0,0,22,0,0,62,0,0,completed
26345,U6347,2025-08-03 19:41:00,2025-08-03 19:45:00,F,40~49,office,seoul,1,0,0,0,19,0,0,75,0,0,completed
26346,U6348,2025-08-21 16:00:00,2025-08-21 16:06:00,M,20~29,office,seoul,0,0,0,0,24,0,0,17,0,0,completed
26347,U6349,2025-11-10 14:03:00,2025-11-10 14:06:00,M,40~49,office,seoul,0,0,0,0,7,0,0,65,0,0,error
26348,U6350,2025-11-22 21:31:00,2025-11-22 21:33:00,F,40~49,office,seoul,1,0,0,0,22,0,0,29,0,0,completed
26349,U6351,2025-10-23 19:23:00,2025-10-23 19:30:00,M,40~49,office,seoul,0,0,0,0,23,0,0,29,0,0,completed
26350,U6352,2025-08-17 09:49:00,2025-08-17 09:51:00,F,30~39,office,seoul,1,0,0,0,22,0,0,77,0,0,timeout
26351,U6353,2025-08-27 09:08:00,2025-08-27 09:12:00,F,20~29,office,seoul,0,0,0,0,0,0,0,44,0,0,abandoned
26352,U6354,2025-10-28 14:42:00,2025-10-28 14:44:00,M,30~39,office,seoul,0,0,0,0,21,0,0,15,0,0,completed
26353,U6355,2025-10-04 16:52:00,2025-10-04 16:56:00,M,40~49,office,seoul,1,0,0,0,11,0,0,31,0,0,completed
26354,U6356,2025-04-02 09:43:00,2025-04-02 09:47:00,F,20~29,office,seoul,0,0,0,0,6,0,0,11,0,0,completed
26355,U6357,2025-08-19 12:07:00,2025-08-19 12:13:00,F,30~39,office,seoul,0,0,0,0,10,0,0,67,1,0,completed
26356,U6358,2025-06-17 08:56:00,2025-06-17 08:59:00,M,30~39,office,seoul,0,0,0,0,8,0,0,53,0,0,completed
26357,U6359,2025-04-28 13:48:00,2025-04-28 13:50:00,F,40~49,office,seoul,0,0,0,0,18,0,0,33,0,0,completed
26358,U6360,2025-11-17 11:44:00,2025-11-17 11:49:00,F,40~49,office,seoul,0,0,0,0,16,0,0,41,0,0,completed
26359,U6361,2025-03-08 14:50:00,2025-03-08 14:52:00,F,20~29,office,seoul,1,0,0,0,8,0,0,25,0,0,completed
26360,U6362,2025-02-09 16:51:00,2025-02-09 16:57:00,M,40~49,office,seoul,1,0,0,0,6,0,0,12,0,0,completed
26361,U6363,2025-08-27 18:15:00,2025-08-27 18:22:00,F,20~29,office,seoul,0,0,0,0,14,0,0,66,0,0,completed
26362,U6364,2025-01-27 08:50:00,2025-01-27 08:53:00,F,20~29,office,seoul,0,0,0,0,0,0,0,38,0,0,completed
26363,U6365,2025-07-08 15:27:00,2025-07-08 15:29:00,F,30~39,office,seoul,0,0,0,0,12,0,0,72,0,0,completed
26364,U6366,2025-10-08 08:44:00,2025-10-08 08:48:00,M,20~29,office,seoul,0,0,0,0,15,0,0,57,0,0,completed
26365,U6367,2025-07-18 17:28:00,2025-07-18 17:33:00,F,30~39,office,seoul,0,0,0,0,25,0,0,41,0,0,completed
26366,U6368,2025-06-16 13:07:00,2025-06-16 13:11:00,F,40~49,office,seoul,0,0,0,0,18,0,0,44,0,0,completed
26367,U6369,2025-05-29 11:43:00,2025-05-29 11:45:00,F,30~39,office,seoul,0,0,0,0,6,0,0,20,0,0,completed
26368,U6370,2025-03-14 17:23:00,2025-03-14 17:29:00,M,30~39,office,seoul,0,0,0,0,7,0,0,20,0,0,timeout
26369,U6371,2025-04-25 14:41:00,2025-04-25 14:44:00,F,20~29,office,seoul,0,0,0,0,1,0,0,70,0,0,completed
26370,U6372,2025-03-13 11:31:00,2025-03-13 11:33:00,F,40~49,office,seoul,0,0,0,0,26,0,0,58,0,0,abandoned
26371,U6373,2025-04-04 12:09:00,2025-04-04 12:13:00,M,20~29,office,seoul,0,0,0,0,29,0,0,39,0,0,completed
26372,U6374,2025-01-24 09:33:00,2025-01-24 09:38:00,F,30~39,office,seoul,0,0,0,0,29,0,0,71,0,0,abandoned
26373,U6375,2025-08-15 07:53:00,2025-08-15 07:57:00,F,30~39,office,seoul,0,0,0,0,2,0,0,33,0,0,completed
26374,U6376,2025-09-29 20:34:00,2025-09-29 20:37:00,F,20~29,office,seoul,0,0,0,0,20,0,0,31,0,0,completed
26375,U6377,2025-10-15 20:07:00,2025-10-15 20:11:00,M,50+,office,seoul,0,0,0,0,3,0,0,51,0,0,timeout
26376,U6378,2025-06-23 22:01:00,2025-06-23 22:08:00,F,40~49,office,seoul,0,0,0,0,13,0,0,72,0,0,completed
26377,U6379,2025-06-13 13:34:00,2025-06-13 13:37:00,F,20~29,office,seoul,0,0,0,0,18,0,0,24,0,0,timeout
26378,U6380,2025-08-28 08:02:00,2025-08-28 08:06:00,F,20~29,office,seoul,0,0,0,0,3,0,0,49,0,0,abandoned
26379,U6381,2025-01-25 20:51:00,2025-01-25 20:57:00,M,20~29,office,seoul,1,0,0,0,28,0,0,46,0,0,completed
26380,U6382,2025-08-12 15:42:00,2025-08-12 15:48:00,F,40~49,office,seoul,0,0,0,0,4,0,0,15,0,0,completed
26381,U6383,2025-09-30 15:10:00,2025-09-30 15:17:00,F,20~29,office,seoul,0,0,0,0,5,0,0,66,0,0,completed
26382,U6384,2025-08-24 13:44:00,2025-08-24 13:47:00,M,40~49,office,seoul,1,0,0,0,5,0,0,41,0,0,completed
26383,U6385,2025-02-16 16:58:00,2025-02-16 17:04:00,F,30~39,office,seoul,1,0,0,0,29,0,0,63,0,0,completed
26384,U6386,2025-08-13 15:16:00,2025-08-13 15:21:00,M,30~39,office,seoul,0,0,0,0,2,0,0,62,0,0,completed
26385,U6387,2025-06-08 12:17:00,2025-06-08 12:21:00,F,50+,office,seoul,1,0,0,0,20,0,0,25,0,0,completed
26386,U6388,2025-02-07 09:13:00,2025-02-07 09:17:00,M,50+,office,seoul,0,0,0,0,1,0,0,73,0,0,completed
26387,U6389,2025-08-20 12:09:00,2025-08-20 12:11:00,M,40~49,office,seoul,0,0,0,0,18,0,0,55,0,0,completed
26388,U6390,2025-11-19 17:46:00,2025-11-19 17:52:00,M,50+,office,seoul,0,0,0,0,15,0,0,38,0,0,timeout
26389,U6391,2025-02-23 08:27:00,2025-02-23 08:34:00,F,20~29,office,seoul,1,0,0,0,8,0,0,38,0,0,completed
26390,U6392,2025-03-30 16:52:00,2025-03-30 16:57:00,F,20~29,office,seoul,1,0,0,0,5,0,0,71,0,0,completed
26391,U6393,2025-10-17 09:59:00,2025-10-17 10:04:00,F,30~39,office,seoul,0,0,0,0,12,0,0,54,0,0,completed
26392,U6394,2025-05-23 19:36:00,2025-05-23 19:41:00,M,30~39,office,seoul,0,0,0,0,3,0,0,51,0,0,completed
26393,U6395,2025-06-05 16:44:00,2025-06-05 16:51:00,F,20~29,office,seoul,0,0,0,0,8,0,0,47,0,0,completed
26394,U6396,2025-12-31 18:49:00,2025-12-31 18:54:00,M,30~39,office,seoul,0,0,0,0,28,0,0,10,0,0,completed
26395,U6397,2025-04-15 16:57:00,2025-04-15 17:04:00,M,30~39,office,seoul,0,0,0,0,2,0,0,49,0,0,completed
26396,U6398,2025-01-05 07:01:00,2025-01-05 07:07:00,M,30~39,office,seoul,1,0,0,0,0,0,0,49,0,0,completed
26397,U6399,2025-06-24 13:34:00,2025-06-24 13:39:00,M,20~29,office,seoul,0,0,0,0,8,0,0,56,0,0,completed
26398,U6400,2025-11-10 09:57:00,2025-11-10 09:59:00,M,30~39,office,seoul,0,0,0,0,17,0,0,69,0,0,completed
26399,U6401,2025-07-11 11:50:00,2025-07-11 11:55:00,F,50+,office,seoul,0,0,0,0,13,0,0,55,1,0,completed
26400,U6402,2025-06-06 14:00:00,2025-06-06 14:05:00,M,50+,office,seoul,0,0,0,0,16,0,0,69,0,0,completed
26401,U6403,2025-06-03 08:26:00,2025-06-03 08:30:00,M,50+,office,seoul,0,0,0,0,25,0,0,16,0,0,completed
26402,U6404,2025-06-17 18:41:00,2025-06-17 18:48:00,F,30~39,office,seoul,0,0,0,0,22,0,0,73,0,0,completed
26403,U6405,2025-09-02 19:55:00,2025-09-02 19:57:00,F,30~39,office,seoul,0,0,0,0,0,0,0,31,0,0,completed
26404,U6406,2025-04-08 14:41:00,2025-04-08 14:43:00,M,30~39,office,seoul,0,0,0,0,17,0,0,27,0,0,completed
26405,U6407,2025-10-19 09:18:00,2025-10-19 09:23:00,F,20~29,office,seoul,1,0,0,0,4,0,0,13,0,0,completed
26406,U6408,2025-01-23 13:11:00,2025-01-23 13:17:00,M,20~29,office,seoul,0,0,0,0,1,0,0,42,0,0,completed
26407,U6409,2025-01-26 12:38:00,2025-01-26 12:45:00,F,30~39,office,seoul,1,0,0,0,27,0,0,73,0,0,completed
26408,U6410,2025-02-23 12:10:00,2025-02-23 12:14:00,F,30~39,office,seoul,1,0,0,0,28,0,0,24,0,0,completed
26409,U6411,2025-10-11 19:24:00,2025-10-11 19:28:00,F,20~29,office,seoul,1,0,0,0,19,0,0,79,0,0,completed
26410,U6412,2025-03-09 17:57:00,2025-03-09 17:59:00,M,30~39,office,seoul,1,0,0,0,14,0,0,71,0,0,completed
26411,U6413,2025-11-07 13:16:00,2025-11-07 13:19:00,M,30~39,office,seoul,0,0,0,0,4,0,0,33,0,0,completed
26412,U6414,2025-04-06 14:43:00,2025-04-06 14:46:00,F,20~29,office,seoul,1,0,0,0,1,0,0,64,0,0,completed
26413,U6415,2025-09-23 13:25:00,2025-09-23 13:32:00,F,40~49,office,seoul,0,0,0,0,22,0,0,78,0,0,completed
26414,U6416,2025-09-13 14:45:00,2025-09-13 14:50:00,M,30~39,office,seoul,1,0,0,0,27,0,0,33,0,0,completed
26415,U6417,2025-02-14 17:30:00,2025-02-14 17:34:00,F,20~29,office,seoul,0,0,0,0,19,0,0,54,0,0,completed
26416,U6418,2025-01-15 13:48:00,2025-01-15 13:52:00,M,20~29,office,seoul,0,0,0,0,18,0,0,45,0,0,completed
26417,U6419,2025-01-28 12:14:00,2025-01-28 12:20:00,F,50+,office,seoul,0,0,0,0,24,0,0,70,0,0,completed
26418,U6420,2025-04-11 07:19:00,2025-04-11 07:23:00,F,20~29,office,seoul,0,0,0,0,13,0,0,70,0,0,completed
26419,U6421,2025-07-26 09:08:00,2025-07-26 09:13:00,F,30~39,office,seoul,1,0,0,0,25,0,0,45,0,0,completed
26420,U6422,2025-01-25 15:40:00,2025-01-25 15:44:00,F,40~49,office,seoul,1,0,0,0,12,0,0,18,0,0,completed
26421,U6423,2025-03-25 08:31:00,2025-03-25 08:37:00,F,20~29,office,seoul,0,0,0,0,2,0,0,54,0,0,completed
26422,U6424,2025-12-12 15:09:00,2025-12-12 15:11:00,F,30~39,office,seoul,0,0,0,0,27,0,0,62,0,0,completed
26423,U6425,2025-10-30 16:32:00,2025-10-30 16:36:00,F,40~49,office,seoul,0,0,0,0,21,0,0,28,0,0,abandoned
26424,U6426,2025-03-26 16:04:00,2025-03-26 16:09:00,M,40~49,office,seoul,0,0,0,0,26,0,0,55,0,0,completed
26425,U6427,2025-11-05 11:32:00,2025-11-05 11:36:00,M,50+,office,seoul,0,0,0,0,16,0,0,33,0,0,completed
26426,U6428,2025-06-17 08:48:00,2025-06-17 08:55:00,F,20~29,office,seoul,0,0,0,0,9,0,0,50,0,0,completed
26427,U6429,2025-10-02 16:20:00,2025-10-02 16:26:00,M,50+,office,seoul,0,0,0,0,4,0,0,66,1,0,completed
26428,U6430,2025-05-16 14:04:00,2025-05-16 14:11:00,M,30~39,office,seoul,0,0,0,0,29,0,0,11,0,0,completed
26429,U6431,2025-05-01 08:15:00,2025-05-01 08:18:00,M,50+,office,seoul,0,0,0,0,27,0,0,59,1,0,completed
26430,U6432,2025-10-12 09:23:00,2025-10-12 09:30:00,M,30~39,office,seoul,1,0,0,0,28,0,0,49,0,0,completed
26431,U6433,2025-07-31 11:44:00,2025-07-31 11:50:00,M,20~29,office,seoul,0,0,0,0,25,0,0,31,0,0,abandoned
26432,U6434,2025-09-24 20:17:00,2025-09-24 20:24:00,F,50+,office,seoul,0,0,0,0,27,0,0,68,0,0,completed
26433,U6435,2025-06-21 12:02:00,2025-06-21 12:09:00,F,40~49,office,seoul,1,0,0,0,25,0,0,38,0,0,completed
26434,U6436,2025-01-03 08:28:00,2025-01-03 08:30:00,F,40~49,office,seoul,0,0,0,0,3,0,0,28,0,0,completed
26435,U6437,2025-10-28 07:36:00,2025-10-28 07:40:00,M,20~29,office,seoul,0,0,0,0,19,0,0,62,0,0,completed
26436,U6438,2025-12-24 13:57:00,2025-12-24 14:04:00,F,40~49,office,seoul,0,0,0,0,6,0,0,69,0,0,completed
26437,U6439,2025-12-18 15:16:00,2025-12-18 15:19:00,F,30~39,office,seoul,0,0,0,0,19,0,0,65,0,0,completed
26438,U6440,2025-11-26 11:31:00,2025-11-26 11:33:00,F,30~39,office,seoul,0,0,0,0,26,0,0,15,0,0,completed
26439,U6441,2025-04-25 12:25:00,2025-04-25 12:28:00,M,30~39,office,seoul,0,0,0,0,22,0,0,37,0,0,completed
26440,U6442,2025-09-23 15:52:00,2025-09-23 15:58:00,F,20~29,office,seoul,0,0,0,0,4,0,0,55,0,0,completed
26441,U6443,2025-07-15 18:59:00,2025-07-15 19:01:00,F,40~49,office,seoul,0,0,0,0,15,0,0,21,0,0,abandoned
26442,U6444,2025-09-21 11:23:00,2025-09-21 11:28:00,F,20~29,office,seoul,1,0,0,0,22,0,0,36,0,0,error
26443,U6445,2025-08-21 11:41:00,2025-08-21 11:45:00,F,20~29,office,seoul,0,0,0,0,29,0,0,63,0,0,completed
26444,U6446,2025-08-04 17:02:00,2025-08-04 17:07:00,F,30~39,office,seoul,0,0,0,0,3,0,0,49,0,0,completed
26445,U6447,2025-12-25 08:47:00,2025-12-25 08:53:00,F,20~29,office,seoul,0,0,0,0,2,0,0,73,0,0,completed
26446,U6448,2025-03-31 14:18:00,2025-03-31 14:24:00,F,20~29,office,seoul,0,0,0,0,7,0,0,76,0,0,completed
26447,U6449,2025-12-05 11:11:00,2025-12-05 11:17:00,F,40~49,office,seoul,0,0,0,0,16,0,0,46,0,0,completed
26448,U6450,2025-09-24 17:22:00,2025-09-24 17:27:00,F,50+,office,seoul,0,0,0,0,23,0,0,23,0,0,timeout
26449,U6451,2025-12-17 12:37:00,2025-12-17 12:42:00,M,20~29,office,seoul,0,0,0,0,28,0,0,69,0,0,completed
26450,U6452,2025-06-01 15:26:00,2025-06-01 15:28:00,M,20~29,office,seoul,1,0,0,0,23,0,0,20,0,0,timeout
26451,U6453,2025-12-14 15:35:00,2025-12-14 15:40:00,M,40~49,office,seoul,1,0,0,0,12,0,0,58,0,0,completed
26452,U6454,2025-05-07 09:04:00,2025-05-07 09:07:00,F,20~29,office,seoul,0,0,0,0,29,0,0,52,0,0,completed
26453,U6455,2025-11-18 08:10:00,2025-11-18 08:17:00,M,40~49,office,seoul,0,0,0,0,16,0,0,25,0,0,completed
26454,U6456,2025-10-21 09:43:00,2025-10-21 09:50:00,M,30~39,office,seoul,0,0,0,0,6,0,0,28,0,0,completed
26455,U6457,2025-01-16 14:00:00,2025-01-16 14:05:00,M,30~39,office,seoul,0,0,0,0,18,0,0,30,0,0,completed
26456,U6458,2025-09-24 12:01:00,2025-09-24 12:07:00,M,40~49,office,seoul,0,0,0,0,13,0,0,70,0,0,abandoned
26457,U6459,2025-09-21 19:00:00,2025-09-21 19:06:00,F,40~49,office,seoul,1,0,0,0,12,0,0,36,0,0,completed
26458,U6460,2025-06-19 19:12:00,2025-06-19 19:15:00,M,20~29,office,seoul,0,0,0,0,20,0,0,28,0,0,completed
26459,U6461,2025-04-15 17:39:00,2025-04-15 17:45:00,F,20~29,office,seoul,0,0,0,0,28,0,0,26,0,0,completed
26460,U6462,2025-02-18 22:48:00,2025-02-18 22:53:00,F,40~49,office,seoul,0,0,0,0,12,0,0,67,0,0,completed
26461,U6463,2025-07-23 18:50:00,2025-07-23 18:53:00,F,40~49,office,seoul,0,0,0,0,5,0,0,21,0,0,completed
26462,U6464,2025-05-04 16:20:00,2025-05-04 16:22:00,M,30~39,office,seoul,1,0,0,0,29,0,0,59,0,0,completed
26463,U6465,2025-07-07 09:10:00,2025-07-07 09:13:00,F,20~29,office,seoul,0,0,0,0,6,0,0,41,0,0,completed
26464,U6466,2025-03-11 17:28:00,2025-03-11 17:30:00,M,20~29,office,seoul,0,0,0,0,17,0,0,60,0,0,completed
26465,U6467,2025-12-23 16:41:00,2025-12-23 16:44:00,F,40~49,office,seoul,0,0,0,0,26,0,0,65,0,0,completed
26466,U6468,2025-03-24 14:48:00,2025-03-24 14:51:00,M,20~29,office,seoul,0,0,0,0,1,0,0,26,0,0,completed
26467,U6469,2025-07-08 20:28:00,2025-07-08 20:34:00,M,30~39,office,seoul,0,0,0,0,17,0,0,60,0,0,completed
26468,U6470,2025-03-10 15:49:00,2025-03-10 15:51:00,F,30~39,office,seoul,0,0,0,0,15,0,0,67,0,0,abandoned
26469,U6471,2025-04-05 11:28:00,2025-04-05 11:33:00,F,50+,office,seoul,1,0,0,0,11,0,0,68,0,0,error
26470,U6472,2025-03-30 14:36:00,2025-03-30 14:42:00,F,30~39,office,seoul,1,0,0,0,1,0,0,65,0,0,completed
26471,U6473,2025-05-25 14:50:00,2025-05-25 14:53:00,F,30~39,office,seoul,1,0,0,0,18,0,0,18,0,0,completed
26472,U6474,2025-01-24 13:13:00,2025-01-24 13:15:00,M,30~39,office,seoul,0,0,0,0,22,0,0,73,0,0,completed
26473,U6475,2025-11-22 16:22:00,2025-11-22 16:24:00,M,40~49,office,seoul,1,0,0,0,20,0,0,30,1,0,abandoned
26474,U6476,2025-10-28 16:42:00,2025-10-28 16:48:00,M,50+,office,seoul,0,0,0,0,27,0,0,37,0,0,completed
26475,U6477,2025-04-01 09:55:00,2025-04-01 09:59:00,F,30~39,office,seoul,0,0,0,0,26,0,0,43,0,0,completed
26476,U6478,2025-07-24 08:42:00,2025-07-24 08:49:00,F,20~29,office,seoul,0,0,0,0,19,0,0,43,0,0,completed
26477,U6479,2025-05-05 13:15:00,2025-05-05 13:22:00,M,30~39,office,seoul,0,0,0,0,6,0,0,50,0,0,completed
26478,U6480,2025-08-14 22:30:00,2025-08-14 22:36:00,F,40~49,office,seoul,0,0,0,0,17,0,0,25,0,0,completed
26479,U6481,2025-05-07 18:43:00,2025-05-07 18:47:00,M,30~39,office,seoul,0,0,0,0,12,0,0,26,0,0,completed
26480,U6482,2025-08-21 18:07:00,2025-08-21 18:10:00,F,20~29,office,seoul,0,0,0,0,25,0,0,64,0,0,completed
26481,U6483,2025-12-23 15:51:00,2025-12-23 15:55:00,F,20~29,office,seoul,0,0,0,0,17,0,0,27,0,0,completed
26482,U6484,2025-05-13 16:51:00,2025-05-13 16:55:00,F,30~39,office,seoul,0,0,0,0,12,0,0,74,0,0,completed
26483,U6485,2025-01-09 13:30:00,2025-01-09 13:37:00,M,30~39,office,seoul,0,0,0,0,7,0,0,22,0,0,completed
26484,U6486,2025-09-02 11:13:00,2025-09-02 11:20:00,M,20~29,office,seoul,0,0,0,0,20,0,0,57,0,0,completed
26485,U6487,2025-03-31 17:45:00,2025-03-31 17:47:00,F,30~39,office,seoul,0,0,0,0,23,0,0,26,0,0,completed
26486,U6488,2025-05-11 08:15:00,2025-05-11 08:17:00,M,40~49,office,seoul,1,0,0,0,1,0,0,68,0,0,completed
26487,U6489,2025-12-11 18:50:00,2025-12-11 18:55:00,F,50+,office,seoul,0,0,0,0,14,0,0,77,0,0,completed
26488,U6490,2025-06-30 17:54:00,2025-06-30 18:01:00,F,20~29,office,seoul,0,0,0,0,16,0,0,67,0,0,completed
26489,U6491,2025-05-12 19:31:00,2025-05-12 19:38:00,M,40~49,office,seoul,0,0,0,0,2,0,0,43,0,0,completed
26490,U6492,2025-06-26 16:59:00,2025-06-26 17:04:00,M,30~39,office,seoul,0,0,0,0,4,0,0,29,0,0,completed
26491,U6493,2025-04-06 17:20:00,2025-04-06 17:25:00,F,20~29,office,seoul,1,0,0,0,7,0,0,54,0,0,completed
26492,U6494,2025-07-17 20:34:00,2025-07-17 20:37:00,F,30~39,office,seoul,0,0,0,0,5,0,0,22,0,1,timeout
26493,U6495,2025-10-08 09:26:00,2025-10-08 09:33:00,F,30~39,office,seoul,0,0,0,0,8,0,0,75,0,0,completed
26494,U6496,2025-07-28 18:28:00,2025-07-28 18:32:00,F,30~39,office,seoul,0,0,0,0,5,0,0,37,0,0,completed
26495,U6497,2025-07-10 11:43:00,2025-07-10 11:47:00,M,40~49,office,seoul,0,0,0,0,24,0,0,65,0,0,completed
26496,U6498,2025-11-20 13:12:00,2025-11-20 13:16:00,M,30~39,office,seoul,0,0,0,0,13,0,0,66,0,0,completed
26497,U6499,2025-03-25 15:26:00,2025-03-25 15:32:00,F,20~29,office,seoul,0,0,0,0,16,0,0,65,0,0,completed
26498,U6500,2025-12-30 12:15:00,2025-12-30 12:20:00,M,50+,office,seoul,0,0,0,0,12,0,0,20,1,0,completed
26499,U6501,2025-10-14 14:16:00,2025-10-14 14:23:00,M,40~49,office,seoul,0,0,0,0,10,0,0,50,0,0,abandoned
26500,U6502,2025-07-23 16:53:00,2025-07-23 17:00:00,M,30~39,office,seoul,0,0,0,0,14,0,0,77,0,0,completed
26501,U6503,2025-12-16 09:07:00,2025-12-16 09:11:00,M,30~39,office,seoul,0,0,0,0,22,0,0,59,0,0,completed
26502,U6504,2025-05-10 12:06:00,2025-05-10 12:11:00,F,30~39,office,seoul,1,0,0,0,4,0,0,48,0,0,completed
26503,U6505,2025-09-02 20:57:00,2025-09-02 21:04:00,F,30~39,office,seoul,0,0,0,0,24,0,0,19,0,0,completed
26504,U6506,2025-12-28 16:01:00,2025-12-28 16:07:00,M,40~49,office,seoul,1,0,0,0,15,0,0,62,1,0,completed
26505,U6507,2025-01-23 16:26:00,2025-01-23 16:30:00,F,20~29,office,seoul,0,0,0,0,19,0,0,36,0,0,completed
26506,U6508,2025-10-15 19:47:00,2025-10-15 19:54:00,M,30~39,office,seoul,0,0,0,0,0,0,0,31,0,0,abandoned
26507,U6509,2025-03-09 19:24:00,2025-03-09 19:28:00,M,30~39,office,seoul,1,0,0,0,27,0,0,37,0,0,completed
26508,U6510,2025-02-07 09:09:00,2025-02-07 09:13:00,M,30~39,office,seoul,0,0,0,0,1,0,0,38,0,0,completed
26509,U6511,2025-01-04 22:18:00,2025-01-04 22:20:00,F,40~49,office,seoul,1,0,0,0,25,0,0,19,0,0,completed
26510,U6512,2025-02-23 07:15:00,2025-02-23 07:17:00,M,40~49,office,seoul,1,0,0,0,12,0,0,15,0,0,abandoned
26511,U6513,2025-09-11 13:53:00,2025-09-11 13:57:00,M,30~39,office,seoul,0,0,0,0,20,0,0,51,0,0,completed
26512,U6514,2025-06-07 15:16:00,2025-06-07 15:19:00,F,40~49,office,seoul,1,0,0,0,22,0,0,44,0,0,completed
26513,U6515,2025-11-25 15:46:00,2025-11-25 15:53:00,F,50+,office,seoul,0,0,0,0,6,0,0,26,0,0,completed
26514,U6516,2025-07-25 18:50:00,2025-07-25 18:57:00,F,30~39,office,seoul,0,0,0,0,5,0,0,17,0,0,completed
26515,U6517,2025-09-30 17:12:00,2025-09-30 17:15:00,F,20~29,office,seoul,0,0,0,0,29,0,0,27,0,0,completed
26516,U6518,2025-07-08 19:00:00,2025-07-08 19:04:00,M,20~29,office,seoul,0,0,0,0,13,0,0,26,0,0,completed
26517,U6519,2025-08-29 22:59:00,2025-08-29 23:03:00,M,20~29,office,seoul,0,0,0,0,11,0,0,77,0,0,completed
26518,U6520,2025-01-11 13:05:00,2025-01-11 13:08:00,F,40~49,office,seoul,1,0,0,0,26,0,0,17,1,0,timeout
26519,U6521,2025-08-11 08:59:00,2025-08-11 09:01:00,F,50+,office,seoul,0,0,0,0,18,0,0,79,0,0,completed
26520,U6522,2025-05-20 11:14:00,2025-05-20 11:16:00,F,30~39,office,seoul,0,0,0,0,24,0,0,38,0,0,completed
26521,U6523,2025-03-23 15:34:00,2025-03-23 15:38:00,F,20~29,office,seoul,1,0,0,0,8,0,0,59,0,0,completed
26522,U6524,2025-06-26 11:14:00,2025-06-26 11:19:00,M,30~39,office,seoul,0,0,0,0,17,0,0,28,0,0,timeout
26523,U6525,2025-03-11 12:32:00,2025-03-11 12:36:00,M,30~39,office,seoul,0,0,0,0,9,0,0,29,0,0,completed
26524,U6526,2025-01-15 07:31:00,2025-01-15 07:33:00,F,40~49,office,seoul,0,0,0,0,13,0,0,29,0,0,completed
26525,U6527,2025-06-23 18:08:00,2025-06-23 18:12:00,M,40~49,office,seoul,0,0,0,0,26,0,0,31,0,0,completed
26526,U6528,2025-06-27 13:56:00,2025-06-27 14:01:00,F,30~39,office,seoul,0,0,0,0,1,0,0,32,0,0,completed
26527,U6529,2025-08-09 08:40:00,2025-08-09 08:45:00,M,50+,office,seoul,1,0,0,0,17,0,0,27,0,0,abandoned
26528,U6530,2025-07-19 14:53:00,2025-07-19 14:59:00,M,20~29,office,seoul,1,0,0,0,28,0,0,32,0,0,abandoned
26529,U6531,2025-10-25 15:04:00,2025-10-25 15:07:00,F,40~49,office,seoul,1,0,0,0,2,0,0,19,0,0,abandoned
26530,U6532,2025-05-15 13:55:00,2025-05-15 13:58:00,F,30~39,office,seoul,0,0,0,0,3,0,0,50,0,0,abandoned
26531,U6533,2025-07-02 09:50:00,2025-07-02 09:52:00,F,20~29,office,seoul,0,0,0,0,4,0,0,20,0,0,completed
26532,U6534,2025-09-19 13:03:00,2025-09-19 13:05:00,F,20~29,office,seoul,0,0,0,0,10,0,0,51,0,0,completed
26533,U6535,2025-09-30 19:25:00,2025-09-30 19:30:00,M,20~29,office,seoul,0,0,0,0,25,0,0,20,0,0,completed
26534,U6536,2025-03-10 18:51:00,2025-03-10 18:53:00,F,20~29,office,seoul,0,0,0,0,19,0,0,59,0,0,completed
26535,U6537,2025-12-24 09:47:00,2025-12-24 09:53:00,F,30~39,office,seoul,0,0,0,0,26,0,0,26,0,0,completed
26536,U6538,2025-06-21 07:18:00,2025-06-21 07:25:00,M,20~29,office,seoul,1,0,0,0,22,0,0,16,0,0,completed
26537,U6539,2025-11-10 07:38:00,2025-11-10 07:40:00,F,40~49,office,seoul,0,0,0,0,27,0,0,35,0,0,completed
26538,U6540,2025-08-19 08:44:00,2025-08-19 08:47:00,F,40~49,office,seoul,0,0,0,0,22,0,0,71,0,0,completed
26539,U6541,2025-05-09 09:52:00,2025-05-09 09:55:00,M,20~29,office,seoul,0,0,0,0,4,0,0,15,0,0,completed
26540,U6542,2025-09-17 19:24:00,2025-09-17 19:28:00,F,50+,office,seoul,0,0,0,0,10,0,0,30,1,0,completed
26541,U6543,2025-04-05 15:45:00,2025-04-05 15:47:00,M,20~29,office,seoul,1,0,0,0,17,0,0,52,0,0,completed
26542,U6544,2025-04-11 19:24:00,2025-04-11 19:29:00,F,20~29,office,seoul,0,0,0,0,7,0,0,25,0,0,completed
26543,U6545,2025-06-15 12:08:00,2025-06-15 12:14:00,F,20~29,office,seoul,1,0,0,0,26,0,0,25,0,0,completed
26544,U6546,2025-04-19 09:56:00,2025-04-19 09:59:00,F,30~39,office,seoul,1,0,0,0,0,0,0,22,0,0,completed
26545,U6547,2025-08-09 20:16:00,2025-08-09 20:22:00,M,30~39,office,seoul,1,0,0,0,7,0,0,49,0,0,completed
26546,U6548,2025-02-08 08:12:00,2025-02-08 08:15:00,M,20~29,office,seoul,1,0,0,0,0,0,0,15,0,0,abandoned
26547,U6549,2025-01-04 15:50:00,2025-01-04 15:57:00,F,30~39,office,seoul,1,0,0,0,16,0,0,45,0,0,completed
26548,U6550,2025-02-01 15:18:00,2025-02-01 15:22:00,M,40~49,office,seoul,1,0,0,0,10,0,0,43,0,0,completed
26549,U6551,2025-12-20 20:30:00,2025-12-20 20:32:00,F,40~49,office,seoul,1,0,0,0,12,0,0,58,0,0,abandoned
26550,U6552,2025-12-12 11:43:00,2025-12-12 11:49:00,F,30~39,office,seoul,0,0,0,0,12,0,0,60,0,0,completed
26551,U6553,2025-07-25 09:12:00,2025-07-25 09:18:00,M,40~49,office,seoul,0,0,0,0,29,0,0,37,0,1,completed
26552,U6554,2025-01-10 07:55:00,2025-01-10 07:58:00,F,20~29,office,seoul,0,0,0,0,27,0,0,44,0,0,completed
26553,U6555,2025-06-26 15:31:00,2025-06-26 15:35:00,F,30~39,office,seoul,0,0,0,0,8,0,0,55,0,0,completed
26554,U6556,2025-01-26 17:18:00,2025-01-26 17:25:00,M,40~49,office,seoul,1,0,0,0,21,0,0,58,0,0,completed
26555,U6557,2025-07-11 21:07:00,2025-07-11 21:13:00,F,20~29,office,seoul,0,0,0,0,5,0,0,26,0,0,completed
26556,U6558,2025-12-08 21:39:00,2025-12-08 21:42:00,F,30~39,office,seoul,0,0,0,0,18,0,0,67,0,0,completed
26557,U6559,2025-06-25 12:04:00,2025-06-25 12:06:00,F,40~49,office,seoul,0,0,0,0,25,0,0,70,0,0,completed
26558,U6560,2025-11-21 19:39:00,2025-11-21 19:46:00,F,30~39,office,seoul,0,0,0,0,29,0,0,28,0,0,completed
26559,U6561,2025-10-07 13:30:00,2025-10-07 13:35:00,M,20~29,office,seoul,0,0,0,0,26,0,0,17,0,0,completed
26560,U6562,2025-02-13 14:50:00,2025-02-13 14:57:00,F,30~39,office,seoul,0,0,0,0,17,0,0,32,0,0,completed
26561,U6563,2025-07-01 11:46:00,2025-07-01 11:48:00,M,40~49,office,seoul,0,0,0,0,18,0,0,79,0,0,completed
26562,U6564,2025-05-10 16:22:00,2025-05-10 16:28:00,F,20~29,office,seoul,1,0,0,0,8,0,0,79,0,0,completed
26563,U6565,2025-01-05 13:46:00,2025-01-05 13:51:00,F,20~29,office,seoul,1,0,0,0,10,0,0,74,0,0,completed
26564,U6566,2025-08-21 19:20:00,2025-08-21 19:26:00,F,30~39,office,seoul,0,0,0,0,3,0,0,76,0,0,error
26565,U6567,2025-05-06 14:01:00,2025-05-06 14:07:00,F,40~49,office,seoul,0,0,0,0,13,0,0,79,0,0,completed
26566,U6568,2025-06-04 19:41:00,2025-06-04 19:43:00,F,30~39,office,seoul,0,0,0,0,22,0,0,55,0,0,completed
26567,U6569,2025-11-29 18:39:00,2025-11-29 18:42:00,M,50+,office,seoul,1,0,0,0,26,0,0,47,0,0,completed
26568,U6570,2025-11-17 12:07:00,2025-11-17 12:13:00,F,50+,office,seoul,0,0,0,0,24,0,0,44,0,0,completed
26569,U6571,2025-02-05 12:29:00,2025-02-05 12:35:00,F,20~29,office,seoul,0,0,0,0,20,0,0,20,0,0,completed
26570,U6572,2025-12-02 12:38:00,2025-12-02 12:45:00,F,20~29,office,seoul,0,0,0,0,16,0,0,18,0,0,completed
26571,U6573,2025-04-15 20:46:00,2025-04-15 20:53:00,M,20~29,office,seoul,0,0,0,0,28,0,0,42,0,0,completed
26572,U6574,2025-12-14 13:02:00,2025-12-14 13:07:00,M,20~29,office,seoul,1,0,0,0,2,0,0,78,0,0,completed
26573,U6575,2025-08-25 12:20:00,2025-08-25 12:22:00,M,40~49,office,seoul,0,0,0,0,11,0,0,51,0,0,completed
26574,U6576,2025-12-11 09:40:00,2025-12-11 09:43:00,F,50+,office,seoul,0,0,0,0,17,0,0,27,0,0,completed
26575,U6577,2025-04-17 19:00:00,2025-04-17 19:05:00,F,30~39,office,seoul,0,0,0,0,2,0,0,67,0,0,completed
26576,U6578,2025-07-31 08:28:00,2025-07-31 08:33:00,F,20~29,office,seoul,0,0,0,0,29,0,0,67,0,0,completed
26577,U6579,2025-03-08 12:27:00,2025-03-08 12:32:00,F,30~39,office,seoul,1,0,0,0,0,0,0,79,0,0,completed
26578,U6580,2025-08-29 19:39:00,2025-08-29 19:43:00,F,20~29,office,seoul,0,0,0,0,2,0,0,39,0,0,completed
26579,U6581,2025-01-14 15:23:00,2025-01-14 15:28:00,M,40~49,office,seoul,0,0,0,0,4,0,0,35,0,0,completed
26580,U6582,2025-09-26 15:35:00,2025-09-26 15:39:00,F,40~49,office,seoul,0,0,0,0,27,0,0,69,0,0,completed
26581,U6583,2025-04-19 09:54:00,2025-04-19 09:56:00,F,30~39,office,seoul,1,0,0,0,14,0,0,64,0,0,completed
26582,U6584,2025-12-08 19:19:00,2025-12-08 19:22:00,M,20~29,office,seoul,0,0,0,0,23,0,0,32,0,0,completed
26583,U6585,2025-04-15 13:39:00,2025-04-15 13:46:00,M,20~29,office,seoul,0,0,0,0,23,0,0,16,0,0,timeout
26584,U6586,2025-06-20 15:04:00,2025-06-20 15:08:00,F,30~39,office,seoul,0,0,0,0,17,0,0,35,0,0,completed
26585,U6587,2025-11-02 16:41:00,2025-11-02 16:45:00,M,30~39,office,seoul,1,0,0,0,20,0,0,40,0,0,completed
26586,U6588,2025-10-29 07:42:00,2025-10-29 07:46:00,F,20~29,office,seoul,0,0,0,0,2,0,0,23,0,0,completed
26587,U6589,2025-12-03 07:10:00,2025-12-03 07:16:00,F,20~29,office,seoul,0,0,0,0,3,0,0,65,0,0,completed
26588,U6590,2025-09-12 09:47:00,2025-09-12 09:51:00,F,20~29,office,seoul,0,0,0,0,20,0,0,55,0,0,completed
26589,U6591,2025-12-28 09:59:00,2025-12-28 10:02:00,F,40~49,office,seoul,1,0,0,0,21,0,0,13,0,0,completed
26590,U6592,2025-01-09 14:39:00,2025-01-09 14:45:00,F,30~39,office,seoul,0,0,0,0,9,0,0,61,0,0,completed
26591,U6593,2025-03-16 14:05:00,2025-03-16 14:09:00,M,40~49,office,seoul,1,0,0,0,12,0,0,74,1,0,completed
26592,U6594,2025-08-19 07:51:00,2025-08-19 07:58:00,M,20~29,office,seoul,0,0,0,0,15,0,0,13,0,0,abandoned
26593,U6595,2025-03-17 13:01:00,2025-03-17 13:08:00,F,30~39,office,seoul,0,0,0,0,20,0,0,32,1,0,error
26594,U6596,2025-04-18 20:25:00,2025-04-18 20:27:00,M,30~39,office,seoul,0,0,0,0,16,0,0,43,0,0,timeout
26595,U6597,2025-02-11 11:23:00,2025-02-11 11:30:00,F,50+,office,seoul,0,0,0,0,27,0,0,49,0,0,completed
26596,U6598,2025-09-29 13:49:00,2025-09-29 13:56:00,M,20~29,office,seoul,0,0,0,0,26,0,0,61,0,0,completed
26597,U6599,2025-01-16 17:53:00,2025-01-16 17:56:00,F,40~49,office,seoul,0,0,0,0,21,0,0,59,0,0,completed
26598,U6600,2025-07-12 11:54:00,2025-07-12 11:59:00,F,40~49,office,seoul,1,0,0,0,24,0,0,61,1,0,completed
26599,U6601,2025-09-23 16:10:00,2025-09-23 16:12:00,M,20~29,office,seoul,0,0,0,0,25,0,0,76,0,1,completed
26600,U6602,2025-11-05 12:55:00,2025-11-05 12:59:00,F,30~39,office,seoul,0,0,0,0,25,0,0,40,0,0,completed
26601,U6603,2025-08-31 18:52:00,2025-08-31 18:59:00,F,40~49,office,seoul,1,0,0,0,3,0,0,76,0,0,completed
26602,U6604,2025-06-03 18:06:00,2025-06-03 18:09:00,F,20~29,office,seoul,0,0,0,0,5,0,0,47,0,0,completed
26603,U6605,2025-11-25 16:45:00,2025-11-25 16:49:00,M,20~29,office,seoul,0,0,0,0,11,0,0,75,0,0,completed
26604,U6606,2025-03-02 07:19:00,2025-03-02 07:24:00,M,20~29,office,seoul,1,0,0,0,6,0,0,11,0,0,completed
26605,U6607,2025-07-31 08:58:00,2025-07-31 09:03:00,F,50+,office,seoul,0,0,0,0,1,0,0,51,0,0,completed
26606,U6608,2025-10-08 15:10:00,2025-10-08 15:13:00,M,30~39,office,seoul,0,0,0,0,10,0,0,34,0,0,completed
26607,U6609,2025-04-01 15:32:00,2025-04-01 15:37:00,M,20~29,office,seoul,0,0,0,0,23,0,0,10,0,0,completed
26608,U6610,2025-11-19 14:45:00,2025-11-19 14:47:00,M,20~29,office,seoul,0,0,0,0,28,0,0,41,0,0,completed
26609,U6611,2025-12-23 14:54:00,2025-12-23 14:57:00,M,20~29,office,seoul,0,0,0,0,5,0,0,61,0,0,completed
26610,U6612,2025-07-18 19:16:00,2025-07-18 19:22:00,F,40~49,office,seoul,0,0,0,0,23,0,0,48,0,0,completed
26611,U6613,2025-06-03 09:35:00,2025-06-03 09:38:00,F,30~39,office,seoul,0,0,0,0,11,0,0,10,0,0,completed
26612,U6614,2025-03-03 21:48:00,2025-03-03 21:53:00,M,40~49,office,seoul,0,0,0,0,10,0,0,62,0,0,completed
26613,U6615,2025-08-31 11:54:00,2025-08-31 11:56:00,F,20~29,office,seoul,1,0,0,0,10,0,0,34,0,0,abandoned
26614,U6616,2025-12-04 12:54:00,2025-12-04 12:58:00,F,30~39,office,seoul,0,0,0,0,19,0,0,61,0,0,completed
26615,U6617,2025-05-05 08:25:00,2025-05-05 08:32:00,F,20~29,office,seoul,0,0,0,0,10,0,0,60,0,0,timeout
26616,U6618,2025-01-09 08:57:00,2025-01-09 09:02:00,F,20~29,office,seoul,0,0,0,0,12,0,0,30,0,0,completed
26617,U6619,2025-08-13 17:49:00,2025-08-13 17:54:00,M,20~29,office,seoul,0,0,0,0,8,0,0,30,0,0,completed
26618,U6620,2025-08-05 22:43:00,2025-08-05 22:49:00,M,40~49,office,seoul,0,0,0,0,6,0,0,35,0,0,completed
26619,U6621,2025-06-28 16:07:00,2025-06-28 16:14:00,F,40~49,office,seoul,1,0,0,0,9,0,0,18,0,0,completed
26620,U6622,2025-03-06 11:44:00,2025-03-06 11:50:00,F,20~29,office,seoul,0,0,0,0,25,0,0,34,0,0,abandoned
26621,U6623,2025-06-11 18:27:00,2025-06-11 18:34:00,F,30~39,office,seoul,0,0,0,0,17,0,0,23,0,0,completed
26622,U6624,2025-05-10 19:28:00,2025-05-10 19:32:00,F,40~49,office,seoul,1,0,0,0,21,0,0,75,0,0,abandoned
26623,U6625,2025-02-17 09:27:00,2025-02-17 09:30:00,F,50+,office,seoul,0,0,0,0,18,0,0,30,0,0,completed
26624,U6626,2025-01-30 09:51:00,2025-01-30 09:58:00,M,40~49,office,seoul,0,0,0,0,11,0,0,74,0,0,timeout
26625,U6627,2025-11-06 09:36:00,2025-11-06 09:38:00,F,20~29,office,seoul,0,0,0,0,17,0,0,22,0,0,completed
26626,U6628,2025-12-04 12:03:00,2025-12-04 12:10:00,F,30~39,office,seoul,0,0,0,0,17,0,0,42,0,0,completed
26627,U6629,2025-09-11 11:07:00,2025-09-11 11:12:00,F,30~39,office,seoul,0,0,0,0,7,0,0,43,0,0,completed
26628,U6630,2025-04-10 13:00:00,2025-04-10 13:05:00,F,30~39,office,seoul,0,0,0,0,28,0,0,44,0,0,completed
26629,U6631,2025-06-10 09:57:00,2025-06-10 10:03:00,M,30~39,office,seoul,0,0,0,0,15,0,0,50,0,0,completed
26630,U6632,2025-04-11 11:44:00,2025-04-11 11:50:00,F,20~29,office,seoul,0,0,0,0,1,0,0,65,0,0,completed
26631,U6633,2025-05-15 12:20:00,2025-05-15 12:27:00,F,20~29,office,seoul,0,0,0,0,17,0,0,65,0,0,completed
26632,U6634,2025-11-28 08:57:00,2025-11-28 09:02:00,M,50+,office,seoul,0,0,0,0,5,0,0,52,1,1,completed
26633,U6635,2025-05-17 21:12:00,2025-05-17 21:19:00,M,50+,office,seoul,1,0,0,0,27,0,0,13,0,0,completed
26634,U6636,2025-10-06 16:06:00,2025-10-06 16:13:00,M,30~39,office,seoul,0,0,0,0,28,0,0,18,0,0,completed
26635,U6637,2025-07-08 12:59:00,2025-07-08 13:01:00,M,50+,office,seoul,0,0,0,0,11,0,0,55,0,0,completed
26636,U6638,2025-01-13 09:19:00,2025-01-13 09:21:00,M,50+,office,seoul,0,0,0,0,3,0,0,42,0,0,completed
26637,U6639,2025-12-02 22:33:00,2025-12-02 22:37:00,M,50+,office,seoul,0,0,0,0,1,0,0,60,0,0,completed
26638,U6640,2025-10-17 15:10:00,2025-10-17 15:14:00,M,20~29,office,seoul,0,0,0,0,24,0,0,27,0,0,abandoned
26639,U6641,2025-03-29 12:47:00,2025-03-29 12:53:00,F,40~49,office,seoul,1,0,0,0,6,0,0,45,0,0,completed
26640,U6642,2025-03-28 16:17:00,2025-03-28 16:21:00,F,20~29,office,seoul,0,0,0,0,5,0,0,72,0,0,completed
26641,U6643,2025-10-17 21:22:00,2025-10-17 21:24:00,F,30~39,office,seoul,0,0,0,0,8,0,0,70,0,0,completed
26642,U6644,2025-05-15 17:16:00,2025-05-15 17:18:00,M,20~29,office,seoul,0,0,0,0,16,0,0,71,0,0,completed
26643,U6645,2025-04-12 08:58:00,2025-04-12 09:01:00,M,20~29,office,seoul,1,0,0,0,5,0,0,56,0,0,completed
26644,U6646,2025-05-10 08:04:00,2025-05-10 08:06:00,M,40~49,office,seoul,1,0,0,0,1,0,0,23,0,0,completed
26645,U6647,2025-12-27 14:38:00,2025-12-27 14:44:00,F,20~29,office,seoul,1,0,0,0,9,0,0,26,0,0,completed
26646,U6648,2025-02-18 14:08:00,2025-02-18 14:11:00,F,30~39,office,seoul,0,0,0,0,24,0,0,41,0,0,abandoned
26647,U6649,2025-08-10 15:08:00,2025-08-10 15:10:00,M,30~39,office,seoul,1,0,0,0,12,0,0,67,0,0,completed
26648,U6650,2025-03-14 18:17:00,2025-03-14 18:22:00,M,20~29,office,seoul,0,0,0,0,13,0,0,11,0,0,completed
26649,U6651,2025-03-18 13:55:00,2025-03-18 14:00:00,F,20~29,office,seoul,0,0,0,0,27,0,0,12,0,0,completed
26650,U6652,2025-12-19 13:06:00,2025-12-19 13:12:00,F,40~49,office,seoul,0,0,0,0,18,0,0,64,0,0,completed
26651,U6653,2025-08-10 12:40:00,2025-08-10 12:45:00,F,20~29,office,seoul,1,0,0,0,18,0,0,56,0,0,completed
26652,U6654,2025-05-07 16:02:00,2025-05-07 16:04:00,M,20~29,office,seoul,0,0,0,0,16,0,0,26,0,0,completed
26653,U6655,2025-09-09 15:43:00,2025-09-09 15:48:00,M,30~39,office,seoul,0,0,0,0,0,0,0,13,0,0,completed
26654,U6656,2025-02-10 16:58:00,2025-02-10 17:01:00,F,40~49,office,seoul,0,0,0,0,29,0,0,79,0,0,timeout
26655,U6657,2025-05-24 07:05:00,2025-05-24 07:09:00,F,40~49,office,seoul,1,0,0,0,24,0,0,78,0,0,abandoned
26656,U6658,2025-12-20 08:50:00,2025-12-20 08:52:00,M,20~29,office,seoul,1,0,0,0,3,0,0,32,0,0,completed
26657,U6659,2025-07-12 07:13:00,2025-07-12 07:17:00,F,20~29,office,seoul,1,0,0,0,1,0,0,55,1,0,completed
26658,U6660,2025-12-12 20:24:00,2025-12-12 20:30:00,F,20~29,office,seoul,0,0,0,0,18,0,0,52,0,0,timeout
26659,U6661,2025-06-03 20:43:00,2025-06-03 20:48:00,F,50+,office,seoul,0,0,0,0,6,0,0,71,0,0,completed
26660,U6662,2025-04-02 07:43:00,2025-04-02 07:45:00,M,20~29,office,seoul,0,0,0,0,13,0,0,54,0,0,completed
26661,U6663,2025-05-31 20:13:00,2025-05-31 20:17:00,F,50+,office,seoul,1,0,0,0,2,0,0,55,0,0,completed
26662,U6664,2025-12-13 07:19:00,2025-12-13 07:22:00,M,20~29,office,seoul,1,0,0,0,6,0,0,59,0,0,abandoned
26663,U6665,2025-04-17 13:25:00,2025-04-17 13:28:00,M,30~39,office,seoul,0,0,0,0,11,0,0,79,0,0,completed
26664,U6666,2025-08-04 12:22:00,2025-08-04 12:27:00,F,30~39,office,seoul,0,0,0,0,12,0,0,26,0,0,completed
26665,U6667,2025-04-02 08:50:00,2025-04-02 08:52:00,F,40~49,office,seoul,0,0,0,0,22,0,0,59,1,0,timeout
26666,U6668,2025-05-17 14:38:00,2025-05-17 14:42:00,F,30~39,office,seoul,1,0,0,0,7,0,0,52,0,0,completed
26667,U6669,2025-09-27 07:41:00,2025-09-27 07:48:00,F,20~29,office,seoul,1,0,0,0,0,0,0,35,0,0,completed
26668,U6670,2025-03-10 12:48:00,2025-03-10 12:53:00,F,50+,office,seoul,0,0,0,0,19,0,0,25,0,0,timeout
26669,U6671,2025-12-09 12:55:00,2025-12-09 12:59:00,M,40~49,office,seoul,0,0,0,0,2,0,0,47,0,0,error
26670,U6672,2025-02-04 17:09:00,2025-02-04 17:11:00,F,20~29,office,seoul,0,0,0,0,9,0,0,49,0,0,completed
26671,U6673,2025-07-12 12:49:00,2025-07-12 12:53:00,F,30~39,office,seoul,1,0,0,0,4,0,0,33,0,0,completed
26672,U6674,2025-12-10 17:38:00,2025-12-10 17:41:00,M,20~29,office,seoul,0,0,0,0,4,0,0,61,0,0,completed
26673,U6675,2025-05-01 09:46:00,2025-05-01 09:51:00,M,30~39,office,seoul,0,0,0,0,1,0,0,30,0,0,completed
26674,U6676,2025-08-04 09:35:00,2025-08-04 09:42:00,F,20~29,office,seoul,0,0,0,0,4,0,0,74,0,0,completed
26675,U6677,2025-05-04 22:13:00,2025-05-04 22:16:00,F,30~39,office,seoul,1,0,0,0,28,0,0,34,0,0,completed
26676,U6678,2025-03-03 20:48:00,2025-03-03 20:51:00,F,40~49,office,seoul,0,0,0,0,16,0,0,35,0,0,completed
26677,U6679,2025-09-22 18:21:00,2025-09-22 18:28:00,F,20~29,office,seoul,0,0,0,0,10,0,0,56,0,0,completed
26678,U6680,2025-08-12 15:35:00,2025-08-12 15:41:00,M,20~29,office,seoul,0,0,0,0,7,0,0,79,0,0,completed
26679,U6681,2025-11-01 07:00:00,2025-11-01 07:04:00,M,30~39,office,seoul,1,0,0,0,28,0,0,37,0,0,completed
26680,U6682,2025-10-17 17:01:00,2025-10-17 17:04:00,F,20~29,office,seoul,0,0,0,0,8,0,0,42,0,0,completed
26681,U6683,2025-06-15 19:33:00,2025-06-15 19:39:00,M,50+,office,seoul,1,0,0,0,17,0,0,25,1,0,completed
26682,U6684,2025-10-17 17:04:00,2025-10-17 17:11:00,F,20~29,office,seoul,0,0,0,0,10,0,0,53,0,0,completed
26683,U6685,2025-07-26 21:29:00,2025-07-26 21:36:00,F,30~39,office,seoul,1,0,0,0,20,0,0,55,0,0,completed
26684,U6686,2025-09-30 13:19:00,2025-09-30 13:21:00,F,50+,office,seoul,0,0,0,0,14,0,0,25,0,0,completed
26685,U6687,2025-08-22 12:24:00,2025-08-22 12:27:00,F,20~29,office,seoul,0,0,0,0,0,0,0,16,0,0,completed
26686,U6688,2025-12-20 09:25:00,2025-12-20 09:28:00,F,50+,office,seoul,1,0,0,0,28,0,0,59,0,0,completed
26687,U6689,2025-08-11 08:16:00,2025-08-11 08:23:00,M,30~39,office,seoul,0,0,0,0,26,0,0,26,0,0,completed
26688,U6690,2025-04-12 14:00:00,2025-04-12 14:02:00,M,30~39,office,seoul,1,0,0,0,1,0,0,56,0,0,completed
26689,U6691,2025-05-12 09:46:00,2025-05-12 09:48:00,M,20~29,office,seoul,0,0,0,0,29,0,0,73,0,0,completed
26690,U6692,2025-10-29 08:52:00,2025-10-29 08:54:00,F,40~49,office,seoul,0,0,0,0,15,0,0,36,0,0,completed
26691,U6693,2025-10-24 09:52:00,2025-10-24 09:57:00,M,20~29,office,seoul,0,0,0,0,0,0,0,47,0,0,completed
26692,U6694,2025-06-29 14:47:00,2025-06-29 14:51:00,M,30~39,office,seoul,1,0,0,0,18,0,0,56,0,0,timeout
26693,U6695,2025-09-28 13:52:00,2025-09-28 13:59:00,F,20~29,office,seoul,1,0,0,0,2,0,0,50,0,0,completed
26694,U6696,2025-12-10 15:57:00,2025-12-10 16:02:00,M,30~39,office,seoul,0,0,0,0,3,0,0,43,0,0,completed
26695,U6697,2025-07-04 13:05:00,2025-07-04 13:08:00,F,20~29,office,seoul,0,0,0,0,22,0,0,58,0,0,completed
26696,U6698,2025-12-10 08:11:00,2025-12-10 08:14:00,M,20~29,office,seoul,0,0,0,0,27,0,0,74,0,0,completed
26697,U6699,2025-01-11 08:50:00,2025-01-11 08:55:00,F,30~39,office,seoul,1,0,0,0,5,0,0,67,0,0,completed
26698,U6700,2025-07-28 08:23:00,2025-07-28 08:30:00,M,30~39,office,seoul,0,0,0,0,2,0,0,50,0,0,completed
26699,U6701,2025-03-11 09:41:00,2025-03-11 09:43:00,M,20~29,office,seoul,0,0,0,0,2,0,0,74,0,0,completed
26700,U6702,2025-12-09 18:52:00,2025-12-09 18:56:00,F,20~29,office,seoul,0,0,0,0,16,0,0,30,0,0,completed
26701,U6703,2025-09-27 15:29:00,2025-09-27 15:33:00,M,20~29,office,seoul,1,0,0,0,22,0,0,65,0,0,completed
26702,U6704,2025-05-03 17:01:00,2025-05-03 17:08:00,F,40~49,office,seoul,1,0,0,0,28,0,0,33,0,0,completed
26703,U6705,2025-06-23 16:08:00,2025-06-23 16:13:00,M,20~29,office,seoul,0,0,0,0,27,0,0,36,0,0,completed
26704,U6706,2025-06-18 19:37:00,2025-06-18 19:41:00,M,50+,office,seoul,0,0,0,0,8,0,0,20,0,0,abandoned
26705,U6707,2025-04-27 12:32:00,2025-04-27 12:35:00,F,40~49,office,seoul,1,0,0,0,11,0,0,57,0,0,completed
26706,U6708,2025-07-24 09:39:00,2025-07-24 09:41:00,M,30~39,office,seoul,0,0,0,0,22,0,0,47,0,0,completed
26707,U6709,2025-08-19 15:07:00,2025-08-19 15:10:00,M,20~29,office,seoul,0,0,0,0,25,0,0,50,0,0,completed
26708,U6710,2025-07-22 18:14:00,2025-07-22 18:17:00,F,20~29,office,seoul,0,0,0,0,6,0,0,32,0,0,completed
26709,U6711,2025-05-13 13:41:00,2025-05-13 13:47:00,M,50+,office,seoul,0,0,0,0,4,0,0,62,1,0,completed
26710,U6712,2025-07-20 16:32:00,2025-07-20 16:34:00,F,20~29,office,seoul,1,0,0,0,16,0,0,45,0,0,completed
26711,U6713,2025-12-31 08:40:00,2025-12-31 08:46:00,F,30~39,office,seoul,0,0,0,0,20,0,0,56,0,0,completed
26712,U6714,2025-01-18 12:04:00,2025-01-18 12:11:00,M,20~29,office,seoul,1,0,0,0,17,0,0,56,0,0,completed
26713,U6715,2025-08-13 16:41:00,2025-08-13 16:47:00,F,30~39,office,seoul,0,0,0,0,12,0,0,71,0,0,completed
26714,U6716,2025-10-01 09:32:00,2025-10-01 09:35:00,F,20~29,office,seoul,0,0,0,0,14,0,0,58,0,0,completed
26715,U6717,2025-08-01 08:10:00,2025-08-01 08:15:00,M,30~39,office,seoul,0,0,0,0,29,0,0,60,0,0,completed
26716,U6718,2025-09-09 11:53:00,2025-09-09 12:00:00,M,40~49,office,seoul,0,0,0,0,16,0,0,55,0,0,completed
26717,U6719,2025-03-16 12:15:00,2025-03-16 12:21:00,M,30~39,office,seoul,1,0,0,0,17,0,0,12,0,0,completed
26718,U6720,2025-04-12 08:05:00,2025-04-12 08:10:00,M,30~39,office,seoul,1,0,0,0,2,0,0,65,0,0,completed
26719,U6721,2025-08-16 15:16:00,2025-08-16 15:23:00,F,50+,office,seoul,1,0,0,0,12,0,0,39,0,0,error
26720,U6722,2025-12-30 17:42:00,2025-12-30 17:45:00,F,40~49,office,seoul,0,0,0,0,8,0,0,70,0,0,completed
26721,U6723,2025-06-09 09:20:00,2025-06-09 09:25:00,M,20~29,office,seoul,0,0,0,0,8,0,0,48,0,0,completed
26722,U6724,2025-03-17 15:03:00,2025-03-17 15:08:00,M,30~39,office,seoul,0,0,0,0,25,0,0,14,0,0,completed
26723,U6725,2025-10-06 12:05:00,2025-10-06 12:10:00,M,20~29,office,seoul,0,0,0,0,23,0,0,64,0,0,completed
26724,U6726,2025-12-14 16:48:00,2025-12-14 16:54:00,F,30~39,office,seoul,1,0,0,0,1,0,0,67,0,0,completed
26725,U6727,2025-01-24 20:45:00,2025-01-24 20:50:00,M,20~29,office,seoul,0,0,0,0,12,0,0,64,0,0,completed
26726,U6728,2025-12-17 09:11:00,2025-12-17 09:18:00,F,40~49,office,seoul,0,0,0,0,20,0,0,19,0,0,error
26727,U6729,2025-06-23 08:26:00,2025-06-23 08:30:00,M,30~39,office,seoul,0,0,0,0,29,0,0,41,0,0,completed
26728,U6730,2025-11-29 14:09:00,2025-11-29 14:11:00,F,40~49,office,seoul,1,0,0,0,21,0,0,34,0,0,completed
26729,U6731,2025-08-07 13:10:00,2025-08-07 13:16:00,F,20~29,office,seoul,0,0,0,0,2,0,0,19,0,0,completed
26730,U6732,2025-01-26 12:03:00,2025-01-26 12:06:00,M,20~29,office,seoul,1,0,0,0,15,0,0,75,0,0,completed
26731,U6733,2025-07-07 11:41:00,2025-07-07 11:48:00,F,30~39,office,seoul,0,0,0,0,28,0,0,34,0,0,completed
26732,U6734,2025-01-01 13:05:00,2025-01-01 13:10:00,M,30~39,office,seoul,0,0,0,0,17,0,0,44,0,0,error
26733,U6735,2025-03-13 07:18:00,2025-03-13 07:21:00,M,50+,office,seoul,0,0,0,0,2,0,0,53,0,0,abandoned
26734,U6736,2025-08-07 14:04:00,2025-08-07 14:10:00,F,30~39,office,seoul,0,0,0,0,21,0,0,39,0,0,completed
26735,U6737,2025-12-25 08:36:00,2025-12-25 08:43:00,M,40~49,office,seoul,0,0,0,0,18,0,0,26,0,0,completed
26736,U6738,2025-10-11 07:51:00,2025-10-11 07:56:00,F,50+,office,seoul,1,0,0,0,1,0,0,36,0,0,completed
26737,U6739,2025-12-12 19:14:00,2025-12-12 19:20:00,F,30~39,office,seoul,0,0,0,0,28,0,0,52,0,0,completed
26738,U6740,2025-12-14 11:18:00,2025-12-14 11:23:00,F,20~29,office,seoul,1,0,0,0,17,0,0,48,0,0,completed
26739,U6741,2025-08-14 08:42:00,2025-08-14 08:47:00,M,30~39,office,seoul,0,0,0,0,4,0,0,42,0,0,completed
26740,U6742,2025-03-06 08:32:00,2025-03-06 08:37:00,M,30~39,office,seoul,0,0,0,0,0,0,0,12,0,0,completed
26741,U6743,2025-12-28 14:39:00,2025-12-28 14:42:00,F,20~29,office,seoul,1,0,0,0,7,0,0,70,0,0,completed
26742,U6744,2025-05-07 11:30:00,2025-05-07 11:35:00,F,40~49,office,seoul,0,0,0,0,11,0,0,55,0,0,completed
26743,U6745,2025-07-06 19:57:00,2025-07-06 20:00:00,F,20~29,office,seoul,1,0,0,0,26,0,0,52,0,0,completed
26744,U6746,2025-04-02 11:40:00,2025-04-02 11:45:00,F,20~29,office,seoul,0,0,0,0,29,0,0,20,0,0,completed
26745,U6747,2025-02-18 18:49:00,2025-02-18 18:52:00,F,20~29,office,seoul,0,0,0,0,12,0,0,56,0,0,completed
26746,U6748,2025-07-15 20:30:00,2025-07-15 20:35:00,F,30~39,office,seoul,0,0,0,0,21,0,0,77,0,0,completed
26747,U6749,2025-08-08 16:59:00,2025-08-08 17:04:00,F,30~39,office,seoul,0,0,0,0,23,0,0,59,0,0,completed
26748,U6750,2025-01-28 15:50:00,2025-01-28 15:53:00,F,20~29,office,seoul,0,0,0,0,1,0,0,25,0,0,completed
26749,U6751,2025-03-02 07:45:00,2025-03-02 07:48:00,F,30~39,office,seoul,1,0,0,0,13,0,0,70,0,0,timeout
26750,U6752,2025-03-02 09:45:00,2025-03-02 09:51:00,F,20~29,office,seoul,1,0,0,0,11,0,0,16,0,0,completed
26751,U6753,2025-03-10 12:24:00,2025-03-10 12:29:00,M,20~29,office,seoul,0,0,0,0,2,0,0,30,0,0,completed
26752,U6754,2025-11-26 12:18:00,2025-11-26 12:21:00,F,30~39,office,seoul,0,0,0,0,11,0,0,11,0,0,completed
26753,U6755,2025-07-02 20:28:00,2025-07-02 20:30:00,M,40~49,office,seoul,0,0,0,0,23,0,0,13,0,0,completed
26754,U6756,2025-11-27 16:56:00,2025-11-27 16:59:00,F,40~49,office,seoul,0,0,0,0,28,0,0,47,0,0,completed
26755,U6757,2025-12-29 14:55:00,2025-12-29 14:58:00,F,20~29,office,seoul,0,0,0,0,26,0,0,56,0,0,completed
26756,U6758,2025-09-30 08:11:00,2025-09-30 08:14:00,M,20~29,office,seoul,0,0,0,0,14,0,0,25,0,0,completed
26757,U6759,2025-05-27 17:45:00,2025-05-27 17:47:00,M,30~39,office,seoul,0,0,0,0,24,0,0,21,1,0,completed
26758,U6760,2025-07-24 11:11:00,2025-07-24 11:17:00,F,30~39,office,seoul,0,0,0,0,5,0,0,62,0,0,completed
26759,U6761,2025-07-25 14:52:00,2025-07-25 14:59:00,F,30~39,office,seoul,0,0,0,0,7,0,0,53,0,0,completed
26760,U6762,2025-01-22 18:22:00,2025-01-22 18:25:00,F,40~49,office,seoul,0,0,0,0,7,0,0,72,0,0,completed
26761,U6763,2025-07-01 19:01:00,2025-07-01 19:05:00,M,20~29,office,seoul,0,0,0,0,12,0,0,73,0,0,completed
26762,U6764,2025-09-21 15:32:00,2025-09-21 15:37:00,M,20~29,office,seoul,1,0,0,0,1,0,0,72,0,0,completed
26763,U6765,2025-02-02 16:12:00,2025-02-02 16:17:00,F,40~49,office,seoul,1,0,0,0,18,0,0,62,0,0,completed
26764,U6766,2025-10-29 15:43:00,2025-10-29 15:45:00,M,30~39,office,seoul,0,0,0,0,14,0,0,27,0,0,completed
26765,U6767,2025-11-30 12:54:00,2025-11-30 12:56:00,F,30~39,office,seoul,1,0,0,0,24,0,0,69,0,0,completed
26766,U6768,2025-02-15 13:46:00,2025-02-15 13:50:00,M,30~39,office,seoul,1,0,0,0,14,0,0,51,0,0,completed
26767,U6769,2025-08-09 16:11:00,2025-08-09 16:14:00,M,30~39,office,seoul,1,0,0,0,25,0,0,70,0,0,completed
26768,U6770,2025-05-14 19:14:00,2025-05-14 19:18:00,M,30~39,office,seoul,0,0,0,0,19,0,0,14,0,0,completed
26769,U6771,2025-09-28 14:11:00,2025-09-28 14:14:00,F,50+,office,seoul,1,0,0,0,19,0,0,47,0,0,abandoned
26770,U6772,2025-08-28 20:08:00,2025-08-28 20:11:00,M,30~39,office,seoul,0,0,0,0,8,0,0,12,0,0,completed
26771,U6773,2025-08-15 12:03:00,2025-08-15 12:08:00,M,40~49,office,seoul,0,0,0,0,5,0,0,24,0,0,completed
26772,U6774,2025-10-26 11:35:00,2025-10-26 11:39:00,F,20~29,office,seoul,1,0,0,0,19,0,0,64,0,0,completed
26773,U6775,2025-11-30 15:01:00,2025-11-30 15:07:00,F,20~29,office,seoul,1,0,0,0,29,0,0,44,0,0,completed
26774,U6776,2025-11-16 16:17:00,2025-11-16 16:19:00,M,50+,office,seoul,1,0,0,0,0,0,0,56,0,0,completed
26775,U6777,2025-11-11 15:27:00,2025-11-11 15:29:00,F,40~49,office,seoul,0,0,0,0,21,0,0,34,0,0,completed
26776,U6778,2025-01-09 15:15:00,2025-01-09 15:22:00,M,30~39,office,seoul,0,0,0,0,19,0,0,39,0,0,abandoned
26777,U6779,2025-08-22 08:18:00,2025-08-22 08:24:00,M,30~39,office,seoul,0,0,0,0,5,0,0,73,0,0,completed
26778,U6780,2025-05-03 20:35:00,2025-05-03 20:42:00,F,30~39,office,seoul,1,0,0,0,28,0,0,29,0,0,completed
26779,U6781,2025-08-30 12:18:00,2025-08-30 12:23:00,F,30~39,office,seoul,1,0,0,0,8,0,0,23,0,0,completed
26780,U6782,2025-09-18 12:23:00,2025-09-18 12:25:00,F,40~49,office,seoul,0,0,0,0,12,0,0,79,0,0,completed
26781,U6783,2025-07-28 09:40:00,2025-07-28 09:42:00,F,30~39,office,seoul,0,0,0,0,21,0,0,40,0,0,completed
26782,U6784,2025-10-22 13:02:00,2025-10-22 13:07:00,F,30~39,office,seoul,0,0,0,0,5,0,0,79,0,0,completed
26783,U6785,2025-08-28 15:41:00,2025-08-28 15:46:00,M,30~39,office,seoul,0,0,0,0,28,0,0,48,0,0,completed
26784,U6786,2025-05-15 20:13:00,2025-05-15 20:16:00,M,30~39,office,seoul,0,0,0,0,29,0,0,63,0,0,completed
26785,U6787,2025-07-29 09:05:00,2025-07-29 09:12:00,F,30~39,office,seoul,0,0,0,0,28,0,0,44,0,0,abandoned
26786,U6788,2025-11-21 11:51:00,2025-11-21 11:58:00,M,20~29,office,seoul,0,0,0,0,18,0,0,58,0,0,completed
26787,U6789,2025-04-07 13:19:00,2025-04-07 13:21:00,M,50+,office,seoul,0,0,0,0,12,0,0,60,1,1,completed
26788,U6790,2025-11-01 07:26:00,2025-11-01 07:31:00,F,50+,office,seoul,1,0,0,0,13,0,0,25,0,0,completed
26789,U6791,2025-09-30 14:21:00,2025-09-30 14:26:00,F,30~39,office,seoul,0,0,0,0,0,0,0,13,0,0,completed
26790,U6792,2025-10-02 18:23:00,2025-10-02 18:30:00,F,50+,office,seoul,0,0,0,0,17,0,0,39,0,0,completed
26791,U6793,2025-10-06 17:53:00,2025-10-06 17:55:00,F,20~29,office,seoul,0,0,0,0,7,0,0,40,0,0,completed
26792,U6794,2025-03-12 09:57:00,2025-03-12 10:00:00,F,20~29,office,seoul,0,0,0,0,24,0,0,61,0,0,completed
26793,U6795,2025-10-21 12:48:00,2025-10-21 12:52:00,F,20~29,office,seoul,0,0,0,0,5,0,0,21,0,0,completed
26794,U6796,2025-08-13 07:33:00,2025-08-13 07:39:00,F,20~29,office,seoul,0,0,0,0,10,0,0,39,0,0,completed
26795,U6797,2025-12-21 11:05:00,2025-12-21 11:07:00,F,20~29,office,seoul,1,0,0,0,23,0,0,38,0,0,completed
26796,U6798,2025-01-31 12:24:00,2025-01-31 12:29:00,F,40~49,office,seoul,0,0,0,0,26,0,0,51,0,0,completed
26797,U6799,2025-04-20 20:08:00,2025-04-20 20:12:00,F,20~29,office,seoul,1,0,0,0,19,0,0,22,0,0,completed
26798,U6800,2025-04-13 12:24:00,2025-04-13 12:29:00,M,20~29,office,seoul,1,0,0,0,13,0,0,34,0,0,completed
26799,U6801,2025-06-25 19:35:00,2025-06-25 19:39:00,M,50+,office,seoul,0,0,0,0,13,0,0,60,0,0,completed
26800,U6802,2025-11-27 09:38:00,2025-11-27 09:40:00,M,30~39,office,seoul,0,0,0,0,13,0,0,18,0,0,completed
26801,U6803,2025-01-24 16:34:00,2025-01-24 16:41:00,F,20~29,office,seoul,0,0,0,0,19,0,0,13,0,0,completed
26802,U6804,2025-07-02 20:02:00,2025-07-02 20:06:00,F,20~29,office,seoul,0,0,0,0,22,0,0,28,0,0,completed
26803,U6805,2025-10-06 19:24:00,2025-10-06 19:28:00,M,20~29,office,seoul,0,0,0,0,8,0,0,29,0,0,completed
26804,U6806,2025-05-17 17:53:00,2025-05-17 17:56:00,M,50+,office,seoul,1,0,0,0,11,0,0,47,0,0,completed
26805,U6807,2025-11-30 15:23:00,2025-11-30 15:30:00,M,20~29,office,seoul,1,0,0,0,20,0,0,44,0,0,completed
26806,U6808,2025-10-31 12:29:00,2025-10-31 12:32:00,M,30~39,office,seoul,0,0,0,0,16,0,0,29,0,0,abandoned
26807,U6809,2025-04-11 14:12:00,2025-04-11 14:18:00,M,40~49,office,seoul,0,0,0,0,12,0,0,35,0,0,completed
26808,U6810,2025-08-28 09:27:00,2025-08-28 09:30:00,F,20~29,office,seoul,0,0,0,0,25,0,0,11,0,0,completed
26809,U6811,2025-07-02 14:10:00,2025-07-02 14:13:00,M,50+,office,seoul,0,0,0,0,22,0,0,69,0,0,completed
26810,U6812,2025-04-29 07:20:00,2025-04-29 07:27:00,F,20~29,office,seoul,0,0,0,0,24,0,0,49,0,0,completed
26811,U6813,2025-07-06 18:00:00,2025-07-06 18:07:00,M,30~39,office,seoul,1,0,0,0,12,0,0,53,0,0,abandoned
26812,U6814,2025-07-26 18:09:00,2025-07-26 18:11:00,M,40~49,office,seoul,1,0,0,0,1,0,0,24,0,0,completed
26813,U6815,2025-04-20 14:17:00,2025-04-20 14:24:00,F,30~39,office,seoul,1,0,0,0,5,0,0,58,0,0,completed
26814,U6816,2025-06-18 09:08:00,2025-06-18 09:13:00,M,30~39,office,seoul,0,0,0,0,9,0,0,17,0,0,completed
26815,U6817,2025-07-12 20:50:00,2025-07-12 20:54:00,F,20~29,office,seoul,1,0,0,0,6,0,0,47,0,0,completed
26816,U6818,2025-03-03 15:11:00,2025-03-03 15:13:00,M,30~39,office,seoul,0,0,0,0,29,0,0,15,0,0,completed
26817,U6819,2025-10-05 20:20:00,2025-10-05 20:22:00,F,50+,office,seoul,1,0,0,0,4,0,0,30,0,0,completed
26818,U6820,2025-12-01 11:03:00,2025-12-01 11:06:00,M,40~49,office,seoul,0,0,0,0,11,0,0,75,0,0,completed
26819,U6821,2025-01-08 17:54:00,2025-01-08 18:01:00,F,30~39,office,seoul,0,0,0,0,10,0,0,60,0,0,completed
26820,U6822,2025-03-28 12:37:00,2025-03-28 12:41:00,M,20~29,office,seoul,0,0,0,0,14,0,0,53,0,0,abandoned
26821,U6823,2025-08-31 16:37:00,2025-08-31 16:41:00,M,40~49,office,seoul,1,0,0,0,7,0,0,37,0,0,completed
26822,U6824,2025-01-08 09:31:00,2025-01-08 09:34:00,F,50+,office,seoul,0,0,0,0,15,0,0,76,1,0,completed
26823,U6825,2025-10-28 12:40:00,2025-10-28 12:43:00,M,30~39,office,seoul,0,0,0,0,0,0,0,17,0,0,abandoned
26824,U6826,2025-11-16 08:53:00,2025-11-16 08:59:00,M,50+,office,seoul,1,0,0,0,10,0,0,10,0,0,abandoned
26825,U6827,2025-01-22 07:39:00,2025-01-22 07:46:00,M,20~29,office,seoul,0,0,0,0,27,0,0,59,0,0,completed
26826,U6828,2025-08-02 08:07:00,2025-08-02 08:12:00,F,40~49,office,seoul,1,0,0,0,0,0,0,52,0,0,completed
26827,U6829,2025-05-29 20:11:00,2025-05-29 20:13:00,F,20~29,office,seoul,0,0,0,0,21,0,0,73,0,0,completed
26828,U6830,2025-05-17 13:00:00,2025-05-17 13:07:00,F,50+,office,seoul,1,0,0,0,29,0,0,38,0,0,completed
26829,U6831,2025-02-15 14:50:00,2025-02-15 14:56:00,F,50+,office,seoul,1,0,0,0,9,0,0,15,0,0,completed
26830,U6832,2025-03-14 19:43:00,2025-03-14 19:46:00,M,40~49,office,seoul,0,0,0,0,21,0,0,46,0,0,timeout
26831,U6833,2025-01-22 21:39:00,2025-01-22 21:42:00,M,20~29,office,seoul,0,0,0,0,12,0,0,64,0,0,completed
26832,U6834,2025-01-28 19:54:00,2025-01-28 19:59:00,F,30~39,office,seoul,0,0,0,0,17,0,0,52,0,0,completed
26833,U6835,2025-01-28 13:19:00,2025-01-28 13:23:00,F,40~49,office,seoul,0,0,0,0,4,0,0,54,0,0,completed
26834,U6836,2025-02-25 09:56:00,2025-02-25 09:58:00,M,20~29,office,seoul,0,0,0,0,13,0,0,24,0,0,completed
26835,U6837,2025-04-08 21:09:00,2025-04-08 21:15:00,F,20~29,office,seoul,0,0,0,0,26,0,0,32,0,0,completed
26836,U6838,2025-04-22 08:39:00,2025-04-22 08:45:00,F,30~39,office,seoul,0,0,0,0,29,0,0,49,0,0,completed
26837,U6839,2025-11-03 12:25:00,2025-11-03 12:32:00,M,30~39,office,seoul,0,0,0,0,17,0,0,18,0,0,completed
26838,U6840,2025-12-26 14:21:00,2025-12-26 14:26:00,F,50+,office,seoul,0,0,0,0,27,0,0,16,1,0,completed
26839,U6841,2025-04-23 18:27:00,2025-04-23 18:33:00,F,50+,office,seoul,0,0,0,0,24,0,0,29,0,0,completed
26840,U6842,2025-10-21 16:50:00,2025-10-21 16:56:00,F,40~49,office,seoul,0,0,0,0,11,0,0,29,0,0,completed
26841,U6843,2025-08-02 14:55:00,2025-08-02 15:02:00,F,40~49,office,seoul,1,0,0,0,3,0,0,67,0,0,completed
26842,U6844,2025-08-16 16:42:00,2025-08-16 16:46:00,M,30~39,office,seoul,1,0,0,0,22,0,0,61,0,0,completed
26843,U6845,2025-05-23 13:10:00,2025-05-23 13:16:00,M,20~29,office,seoul,0,0,0,0,2,0,0,31,0,0,completed
26844,U6846,2025-01-11 16:03:00,2025-01-11 16:10:00,F,40~49,office,seoul,1,0,0,0,19,0,0,23,0,0,error
26845,U6847,2025-03-29 09:11:00,2025-03-29 09:18:00,F,30~39,office,seoul,1,0,0,0,13,0,0,36,0,0,timeout
26846,U6848,2025-02-07 18:17:00,2025-02-07 18:20:00,F,30~39,office,seoul,0,0,0,0,4,0,0,22,0,0,completed
26847,U6849,2025-08-10 20:52:00,2025-08-10 20:54:00,M,30~39,office,seoul,1,0,0,0,26,0,0,56,0,0,completed
26848,U6850,2025-01-02 16:52:00,2025-01-02 16:59:00,M,20~29,office,seoul,0,0,0,0,12,0,0,76,0,0,completed
26849,U6851,2025-11-15 11:49:00,2025-11-15 11:53:00,M,30~39,office,seoul,1,0,0,0,9,0,0,46,0,0,completed
26850,U6852,2025-05-03 22:01:00,2025-05-03 22:06:00,M,30~39,office,seoul,1,0,0,0,0,0,0,67,0,0,completed
26851,U6853,2025-11-17 17:14:00,2025-11-17 17:18:00,F,20~29,office,seoul,0,0,0,0,27,0,0,11,0,0,completed
26852,U6854,2025-07-25 08:44:00,2025-07-25 08:50:00,M,40~49,office,seoul,0,0,0,0,15,0,0,19,0,0,completed
26853,U6855,2025-10-31 07:14:00,2025-10-31 07:21:00,F,20~29,office,seoul,0,0,0,0,22,0,0,65,0,0,completed
26854,U6856,2025-11-03 21:25:00,2025-11-03 21:31:00,M,20~29,office,seoul,0,0,0,0,19,0,0,74,0,0,completed
26855,U6857,2025-06-09 11:05:00,2025-06-09 11:07:00,M,30~39,office,seoul,0,0,0,0,28,0,0,58,0,0,completed
26856,U6858,2025-08-31 13:36:00,2025-08-31 13:39:00,F,20~29,office,seoul,1,0,0,0,23,0,0,21,0,0,completed
26857,U6859,2025-08-11 14:45:00,2025-08-11 14:49:00,F,20~29,office,seoul,0,0,0,0,21,0,0,56,0,0,completed
26858,U6860,2025-08-13 11:24:00,2025-08-13 11:27:00,F,20~29,office,seoul,0,0,0,0,17,0,0,56,0,0,completed
26859,U6861,2025-01-11 14:23:00,2025-01-11 14:28:00,F,50+,office,seoul,1,0,0,0,7,0,0,68,0,0,completed
26860,U6862,2025-06-01 12:28:00,2025-06-01 12:32:00,F,30~39,office,seoul,1,0,0,0,3,0,0,77,0,0,completed
26861,U6863,2025-06-16 08:07:00,2025-06-16 08:12:00,F,20~29,office,seoul,0,0,0,0,8,0,0,12,0,0,completed
26862,U6864,2025-08-22 12:25:00,2025-08-22 12:32:00,M,40~49,office,seoul,0,0,0,0,15,0,0,30,0,0,completed
26863,U6865,2025-10-07 21:01:00,2025-10-07 21:08:00,F,30~39,office,seoul,0,0,0,0,21,0,0,73,0,0,completed
26864,U6866,2025-09-15 22:24:00,2025-09-15 22:31:00,M,30~39,office,seoul,0,0,0,0,14,0,0,58,0,0,completed
26865,U6867,2025-03-31 16:04:00,2025-03-31 16:11:00,M,20~29,office,seoul,0,0,0,0,18,0,0,43,0,0,completed
26866,U6868,2025-01-10 12:31:00,2025-01-10 12:34:00,M,30~39,office,seoul,0,0,0,0,27,0,0,29,0,0,completed
26867,U6869,2025-12-22 18:04:00,2025-12-22 18:10:00,M,50+,office,seoul,0,0,0,0,14,0,0,21,0,0,completed
26868,U6870,2025-02-03 17:31:00,2025-02-03 17:37:00,F,40~49,office,seoul,0,0,0,0,0,0,0,13,0,0,completed
26869,U6871,2025-12-28 15:01:00,2025-12-28 15:04:00,F,40~49,office,seoul,1,0,0,0,1,0,0,78,0,0,completed
26870,U6872,2025-05-12 16:47:00,2025-05-12 16:50:00,F,20~29,office,seoul,0,0,0,0,17,0,0,26,0,0,completed
26871,U6873,2025-09-04 08:30:00,2025-09-04 08:35:00,M,50+,office,seoul,0,0,0,0,9,0,0,68,0,0,completed
26872,U6874,2025-05-16 17:14:00,2025-05-16 17:21:00,F,30~39,office,seoul,0,0,0,0,27,0,0,16,0,0,completed
26873,U6875,2025-05-25 14:44:00,2025-05-25 14:48:00,M,30~39,office,seoul,1,0,0,0,11,0,0,42,0,0,completed
26874,U6876,2025-07-21 16:52:00,2025-07-21 16:55:00,M,40~49,office,seoul,0,0,0,0,22,0,0,40,0,0,completed
26875,U6877,2025-04-02 12:59:00,2025-04-02 13:06:00,F,20~29,office,seoul,0,0,0,0,26,0,0,62,0,0,completed
26876,U6878,2025-02-26 09:33:00,2025-02-26 09:40:00,F,20~29,office,seoul,0,0,0,0,4,0,0,67,0,0,completed
26877,U6879,2025-07-26 15:50:00,2025-07-26 15:54:00,F,30~39,office,seoul,1,0,0,0,15,0,0,16,0,0,completed
26878,U6880,2025-09-21 12:12:00,2025-09-21 12:19:00,F,20~29,office,seoul,1,0,0,0,12,0,0,59,0,0,completed
26879,U6881,2025-02-09 13:51:00,2025-02-09 13:58:00,M,30~39,office,seoul,1,0,0,0,23,0,0,33,0,0,completed
26880,U6882,2025-07-20 09:51:00,2025-07-20 09:53:00,F,30~39,office,seoul,1,0,0,0,13,0,0,31,0,0,error
26881,U6883,2025-02-16 13:51:00,2025-02-16 13:54:00,M,40~49,office,seoul,1,0,0,0,10,0,0,30,0,0,completed
26882,U6884,2025-05-15 12:26:00,2025-05-15 12:31:00,F,40~49,office,seoul,0,0,0,0,5,0,0,73,0,0,completed
26883,U6885,2025-10-17 16:27:00,2025-10-17 16:29:00,F,40~49,office,seoul,0,0,0,0,24,0,0,11,0,0,completed
26884,U6886,2025-01-30 15:22:00,2025-01-30 15:25:00,M,20~29,office,seoul,0,0,0,0,16,0,0,38,0,0,completed
26885,U6887,2025-04-30 13:09:00,2025-04-30 13:11:00,F,20~29,office,seoul,0,0,0,0,6,0,0,50,0,0,completed
26886,U6888,2025-04-20 16:29:00,2025-04-20 16:36:00,F,20~29,office,seoul,1,0,0,0,12,0,0,54,0,0,completed
26887,U6889,2025-12-30 17:37:00,2025-12-30 17:42:00,M,50+,office,seoul,0,0,0,0,18,0,0,76,0,0,completed
26888,U6890,2025-07-05 09:00:00,2025-07-05 09:05:00,F,40~49,office,seoul,1,0,0,0,28,0,0,29,0,0,completed
26889,U6891,2025-09-01 14:31:00,2025-09-01 14:38:00,F,20~29,office,seoul,0,0,0,0,17,0,0,54,0,0,completed
26890,U6892,2025-05-31 12:49:00,2025-05-31 12:56:00,M,30~39,office,seoul,1,0,0,0,17,0,0,56,0,0,completed
26891,U6893,2025-05-09 14:11:00,2025-05-09 14:14:00,M,30~39,office,seoul,0,0,0,0,25,0,0,47,0,0,abandoned
26892,U6894,2025-01-16 20:19:00,2025-01-16 20:23:00,F,30~39,office,seoul,0,0,0,0,9,0,0,50,0,0,completed
26893,U6895,2025-05-02 18:27:00,2025-05-02 18:31:00,M,30~39,office,seoul,0,0,0,0,4,0,0,64,0,0,completed
26894,U6896,2025-06-22 15:30:00,2025-06-22 15:36:00,M,20~29,office,seoul,1,0,0,0,25,0,0,44,0,0,completed
26895,U6897,2025-12-07 12:19:00,2025-12-07 12:21:00,M,30~39,office,seoul,1,0,0,0,8,0,0,58,0,0,completed
26896,U6898,2025-02-22 17:27:00,2025-02-22 17:31:00,M,30~39,office,seoul,1,0,0,0,24,0,0,45,0,0,abandoned
26897,U6899,2025-05-28 18:22:00,2025-05-28 18:26:00,M,40~49,office,seoul,0,0,0,0,8,0,0,42,0,0,error
26898,U6900,2025-03-29 14:54:00,2025-03-29 14:59:00,F,20~29,office,seoul,1,0,0,0,12,0,0,14,0,0,completed
26899,U6901,2025-04-18 19:49:00,2025-04-18 19:55:00,F,20~29,office,seoul,0,0,0,0,28,0,0,71,0,0,timeout
26900,U6902,2025-05-12 07:55:00,2025-05-12 08:01:00,M,40~49,office,seoul,0,0,0,0,12,0,0,20,0,0,completed
26901,U6903,2025-12-21 12:16:00,2025-12-21 12:20:00,M,30~39,office,seoul,1,0,0,0,13,0,0,41,0,0,completed
26902,U6904,2025-10-24 22:43:00,2025-10-24 22:47:00,F,40~49,office,seoul,0,0,0,0,8,0,0,28,0,0,completed
26903,U6905,2025-04-10 15:32:00,2025-04-10 15:39:00,F,20~29,office,seoul,0,0,0,0,2,0,0,45,0,0,completed
26904,U6906,2025-06-11 08:59:00,2025-06-11 09:05:00,F,20~29,office,seoul,0,0,0,0,6,0,0,11,1,0,completed
26905,U6907,2025-11-26 22:02:00,2025-11-26 22:08:00,M,40~49,office,seoul,0,0,0,0,21,0,0,20,0,0,completed
26906,U6908,2025-12-15 09:19:00,2025-12-15 09:24:00,F,30~39,office,seoul,0,0,0,0,3,0,0,55,0,0,completed
26907,U6909,2025-05-29 15:03:00,2025-05-29 15:07:00,F,40~49,office,seoul,0,0,0,0,26,0,0,29,0,0,completed
26908,U6910,2025-08-27 17:56:00,2025-08-27 18:03:00,M,50+,office,seoul,0,0,0,0,4,0,0,46,0,0,abandoned
26909,U6911,2025-05-01 07:33:00,2025-05-01 07:40:00,F,20~29,office,seoul,0,0,0,0,29,0,0,63,0,0,completed
26910,U6912,2025-09-18 17:50:00,2025-09-18 17:56:00,F,20~29,office,seoul,0,0,0,0,22,0,0,74,0,0,completed
26911,U6913,2025-12-27 22:35:00,2025-12-27 22:40:00,M,20~29,office,seoul,1,0,0,0,7,0,0,12,0,0,completed
26912,U6914,2025-11-20 09:03:00,2025-11-20 09:08:00,M,30~39,office,seoul,0,0,0,0,6,0,0,23,0,0,completed
26913,U6915,2025-02-22 12:00:00,2025-02-22 12:06:00,F,50+,office,seoul,1,0,0,0,10,0,0,10,0,0,completed
26914,U6916,2025-09-03 08:54:00,2025-09-03 08:56:00,M,20~29,office,seoul,0,0,0,0,16,0,0,77,0,0,completed
26915,U6917,2025-09-06 14:22:00,2025-09-06 14:29:00,F,20~29,office,seoul,1,0,0,0,1,0,0,34,0,0,completed
26916,U6918,2025-07-04 16:41:00,2025-07-04 16:47:00,M,50+,office,seoul,0,0,0,0,6,0,0,44,0,1,abandoned
26917,U6919,2025-12-15 12:02:00,2025-12-15 12:09:00,F,40~49,office,seoul,0,0,0,0,27,0,0,76,0,0,completed
26918,U6920,2025-10-07 09:42:00,2025-10-07 09:46:00,F,50+,office,seoul,0,0,0,0,8,0,0,34,0,0,completed
26919,U6921,2025-05-09 08:49:00,2025-05-09 08:53:00,F,40~49,office,seoul,0,0,0,0,7,0,0,73,0,0,abandoned
26920,U6922,2025-03-29 15:26:00,2025-03-29 15:33:00,F,40~49,office,seoul,1,0,0,0,19,0,0,31,0,0,completed
26921,U6923,2025-01-31 20:56:00,2025-01-31 20:58:00,F,20~29,office,seoul,0,0,0,0,24,0,0,68,0,0,completed
26922,U6924,2025-06-20 12:43:00,2025-06-20 12:49:00,F,20~29,office,seoul,0,0,0,0,18,0,0,33,0,0,completed
26923,U6925,2025-06-28 18:26:00,2025-06-28 18:31:00,M,50+,office,seoul,1,0,0,0,22,0,0,20,0,0,completed
26924,U6926,2025-07-25 15:03:00,2025-07-25 15:05:00,M,20~29,office,seoul,0,0,0,0,5,0,0,42,0,0,abandoned
26925,U6927,2025-01-22 12:12:00,2025-01-22 12:19:00,F,30~39,office,seoul,0,0,0,0,22,0,0,31,0,0,completed
26926,U6928,2025-08-20 14:28:00,2025-08-20 14:34:00,F,20~29,office,seoul,0,0,0,0,2,0,0,43,0,0,completed
26927,U6929,2025-02-20 11:38:00,2025-02-20 11:45:00,M,30~39,office,seoul,0,0,0,0,9,0,0,43,0,0,completed
26928,U6930,2025-11-28 15:59:00,2025-11-28 16:03:00,M,30~39,office,seoul,0,0,0,0,29,0,0,71,0,0,completed
26929,U6931,2025-02-25 13:27:00,2025-02-25 13:31:00,F,20~29,office,seoul,0,0,0,0,27,0,0,58,0,0,completed
26930,U6932,2025-08-29 22:58:00,2025-08-29 23:00:00,M,30~39,office,seoul,0,0,0,0,6,0,0,33,0,0,timeout
26931,U6933,2025-06-12 09:12:00,2025-06-12 09:17:00,M,30~39,office,seoul,0,0,0,0,0,0,0,26,0,0,completed
26932,U6934,2025-07-28 16:46:00,2025-07-28 16:52:00,M,50+,office,seoul,0,0,0,0,21,0,0,66,0,0,abandoned
26933,U6935,2025-09-19 13:37:00,2025-09-19 13:44:00,F,40~49,office,seoul,0,0,0,0,21,0,0,53,1,0,completed
26934,U6936,2025-10-11 18:10:00,2025-10-11 18:13:00,F,20~29,office,seoul,1,0,0,0,8,0,0,29,0,0,completed
26935,U6937,2025-02-10 12:07:00,2025-02-10 12:14:00,M,40~49,office,seoul,0,0,0,0,15,0,0,23,0,0,completed
26936,U6938,2025-05-03 20:37:00,2025-05-03 20:41:00,M,20~29,office,seoul,1,0,0,0,0,0,0,57,0,0,completed
26937,U6939,2025-08-31 16:06:00,2025-08-31 16:11:00,F,30~39,office,seoul,1,0,0,0,7,0,0,25,0,0,completed
26938,U6940,2025-03-26 14:39:00,2025-03-26 14:42:00,M,20~29,office,seoul,0,0,0,0,13,0,0,27,0,0,error
26939,U6941,2025-06-10 09:58:00,2025-06-10 10:04:00,F,30~39,office,seoul,0,0,0,0,24,0,0,41,0,0,completed
26940,U6942,2025-11-12 13:54:00,2025-11-12 13:57:00,M,30~39,office,seoul,0,0,0,0,8,0,0,23,0,0,completed
26941,U6943,2025-07-13 11:28:00,2025-07-13 11:30:00,F,20~29,office,seoul,1,0,0,0,8,0,0,56,0,0,completed
26942,U6944,2025-03-25 12:49:00,2025-03-25 12:55:00,F,50+,office,seoul,0,0,0,0,27,0,0,72,0,0,completed
26943,U6945,2025-01-18 13:12:00,2025-01-18 13:17:00,F,20~29,office,seoul,1,0,0,0,13,0,0,48,0,0,completed
26944,U6946,2025-07-22 14:46:00,2025-07-22 14:48:00,M,30~39,office,seoul,0,0,0,0,10,0,0,36,0,0,completed
26945,U6947,2025-11-14 15:31:00,2025-11-14 15:33:00,F,40~49,office,seoul,0,0,0,0,11,0,0,43,0,0,completed
26946,U6948,2025-09-30 15:59:00,2025-09-30 16:06:00,M,30~39,office,seoul,0,0,0,0,10,0,0,42,0,0,completed
26947,U6949,2025-06-15 17:51:00,2025-06-15 17:55:00,F,20~29,office,seoul,1,0,0,0,28,0,0,41,0,0,completed
26948,U6950,2025-07-11 13:35:00,2025-07-11 13:37:00,M,50+,office,seoul,0,0,0,0,8,0,0,16,0,0,completed
26949,U6951,2025-01-19 17:48:00,2025-01-19 17:55:00,F,20~29,office,seoul,1,0,0,0,14,0,0,46,0,1,completed
26950,U6952,2025-01-02 17:45:00,2025-01-02 17:50:00,M,40~49,office,seoul,0,0,0,0,20,0,0,49,0,0,completed
26951,U6953,2025-10-09 16:01:00,2025-10-09 16:07:00,M,30~39,office,seoul,0,0,0,0,24,0,0,43,0,0,completed
26952,U6954,2025-02-16 08:00:00,2025-02-16 08:04:00,M,20~29,office,seoul,1,0,0,0,11,0,0,53,0,0,completed
26953,U6955,2025-04-26 17:22:00,2025-04-26 17:24:00,M,50+,office,seoul,1,0,0,0,23,0,0,61,0,0,timeout
26954,U6956,2025-07-06 11:40:00,2025-07-06 11:42:00,M,30~39,office,seoul,1,0,0,0,25,0,0,51,0,0,completed
26955,U6957,2025-03-17 09:31:00,2025-03-17 09:36:00,F,40~49,office,seoul,0,0,0,0,6,0,0,66,0,0,completed
26956,U6958,2025-11-13 08:09:00,2025-11-13 08:11:00,M,30~39,office,seoul,0,0,0,0,4,0,0,57,0,0,completed
26957,U6959,2025-07-24 12:00:00,2025-07-24 12:07:00,F,40~49,office,seoul,0,0,0,0,26,0,0,59,0,0,completed
26958,U6960,2025-03-10 11:41:00,2025-03-10 11:45:00,F,40~49,office,seoul,0,0,0,0,12,0,0,63,0,0,completed
26959,U6961,2025-03-12 07:00:00,2025-03-12 07:04:00,M,30~39,office,seoul,0,0,0,0,15,0,0,10,0,0,completed
26960,U6962,2025-04-14 09:23:00,2025-04-14 09:25:00,F,20~29,office,seoul,0,0,0,0,11,0,0,37,0,0,completed
26961,U6963,2025-12-17 12:33:00,2025-12-17 12:39:00,F,30~39,office,seoul,0,0,0,0,28,0,0,50,0,0,abandoned
26962,U6964,2025-08-13 11:16:00,2025-08-13 11:18:00,F,20~29,office,seoul,0,0,0,0,27,0,0,19,0,0,completed
26963,U6965,2025-11-19 18:08:00,2025-11-19 18:12:00,F,20~29,office,seoul,0,0,0,0,25,0,0,54,0,0,error
26964,U6966,2025-04-09 14:34:00,2025-04-09 14:36:00,F,20~29,office,seoul,0,0,0,0,12,0,0,17,0,0,completed
26965,U6967,2025-11-19 19:09:00,2025-11-19 19:13:00,F,30~39,office,seoul,0,0,0,0,22,0,0,14,0,0,completed
26966,U6968,2025-01-17 17:27:00,2025-01-17 17:34:00,F,30~39,office,seoul,0,0,0,0,0,0,0,54,0,0,completed
26967,U6969,2025-12-11 08:28:00,2025-12-11 08:35:00,F,30~39,office,seoul,0,0,0,0,21,0,0,33,0,0,completed
26968,U6970,2025-06-20 13:48:00,2025-06-20 13:52:00,M,30~39,office,seoul,0,0,0,0,8,0,0,30,0,0,completed
26969,U6971,2025-10-23 16:07:00,2025-10-23 16:14:00,M,30~39,office,seoul,0,0,0,0,15,0,0,53,0,0,completed
26970,U6972,2025-11-07 17:25:00,2025-11-07 17:32:00,F,20~29,office,seoul,0,0,0,0,26,0,0,18,0,0,completed
26971,U6973,2025-07-21 18:52:00,2025-07-21 18:57:00,F,20~29,office,seoul,0,0,0,0,21,0,0,50,0,0,error
26972,U6974,2025-04-27 16:50:00,2025-04-27 16:53:00,F,30~39,office,seoul,1,0,0,0,5,0,0,56,0,0,completed
26973,U6975,2025-08-28 13:50:00,2025-08-28 13:55:00,M,50+,office,seoul,0,0,0,0,15,0,0,74,0,0,abandoned
26974,U6976,2025-06-10 12:20:00,2025-06-10 12:27:00,M,40~49,office,seoul,0,0,0,0,20,0,0,46,0,0,completed
26975,U6977,2025-07-18 18:37:00,2025-07-18 18:42:00,F,40~49,office,seoul,0,0,0,0,10,0,0,65,0,0,completed
26976,U6978,2025-10-26 09:49:00,2025-10-26 09:54:00,F,20~29,office,seoul,1,0,0,0,17,0,0,44,0,0,completed
26977,U6979,2025-06-05 15:58:00,2025-06-05 16:03:00,F,30~39,office,seoul,0,0,0,0,21,0,0,77,0,0,completed
26978,U6980,2025-07-15 13:50:00,2025-07-15 13:56:00,F,20~29,office,seoul,0,0,0,0,15,0,0,42,0,0,completed
26979,U6981,2025-02-13 09:44:00,2025-02-13 09:46:00,F,30~39,office,seoul,0,0,0,0,9,0,0,39,0,0,completed
26980,U6982,2025-01-13 19:06:00,2025-01-13 19:13:00,F,30~39,office,seoul,0,0,0,0,3,0,0,22,0,0,completed
26981,U6983,2025-04-13 11:28:00,2025-04-13 11:30:00,F,20~29,office,seoul,1,0,0,0,28,0,0,41,0,0,abandoned
26982,U6984,2025-02-02 11:38:00,2025-02-02 11:44:00,M,30~39,office,seoul,1,0,0,0,7,0,0,30,0,0,abandoned
26983,U6985,2025-03-04 18:13:00,2025-03-04 18:18:00,F,50+,office,seoul,0,0,0,0,11,0,0,76,0,0,error
26984,U6986,2025-11-14 12:26:00,2025-11-14 12:28:00,M,20~29,office,seoul,0,0,0,0,28,0,0,54,0,0,completed
26985,U6987,2025-04-30 14:46:00,2025-04-30 14:50:00,M,30~39,office,seoul,0,0,0,0,17,0,0,59,0,0,completed
26986,U6988,2025-04-23 13:29:00,2025-04-23 13:34:00,M,20~29,office,seoul,0,0,0,0,13,0,0,65,0,0,completed
26987,U6989,2025-04-18 16:42:00,2025-04-18 16:49:00,M,30~39,office,seoul,0,0,0,0,19,0,0,15,0,1,completed
26988,U6990,2025-02-20 12:08:00,2025-02-20 12:11:00,F,30~39,office,seoul,0,0,0,0,24,0,0,61,0,0,completed
26989,U6991,2025-03-12 07:20:00,2025-03-12 07:27:00,F,50+,office,seoul,0,0,0,0,16,0,0,23,0,0,completed
26990,U6992,2025-04-24 08:25:00,2025-04-24 08:29:00,M,30~39,office,seoul,0,0,0,0,5,0,0,22,0,0,completed
26991,U6993,2025-07-26 17:46:00,2025-07-26 17:49:00,F,20~29,office,seoul,1,0,0,0,19,0,0,61,0,0,completed
26992,U6994,2025-10-05 13:21:00,2025-10-05 13:23:00,M,40~49,office,seoul,1,0,0,0,16,0,0,73,0,1,completed
26993,U6995,2025-09-18 14:21:00,2025-09-18 14:26:00,F,20~29,office,seoul,0,0,0,0,22,0,0,58,0,0,completed
26994,U6996,2025-02-24 18:05:00,2025-02-24 18:10:00,M,40~49,office,seoul,0,0,0,0,23,0,0,50,0,0,completed
26995,U6997,2025-10-10 12:52:00,2025-10-10 12:55:00,F,40~49,office,seoul,0,0,0,0,24,0,0,46,0,0,completed
26996,U6998,2025-11-10 19:38:00,2025-11-10 19:40:00,M,50+,office,seoul,0,0,0,0,27,0,0,26,0,0,completed
26997,U6999,2025-03-12 18:26:00,2025-03-12 18:28:00,F,50+,office,seoul,0,0,0,0,6,0,0,55,0,0,completed
26998,U7000,2025-01-14 17:11:00,2025-01-14 17:13:00,M,20~29,office,seoul,0,0,0,0,24,0,0,74,0,0,completed
26999,U7001,2025-11-08 13:14:00,2025-11-08 13:16:00,F,20~29,office,seoul,1,0,0,0,16,0,0,62,0,0,completed
27000,U7002,2025-09-27 12:25:00,2025-09-27 12:30:00,F,20~29,office,seoul,1,0,0,0,19,0,0,45,0,0,completed
27001,U7003,2025-05-07 08:48:00,2025-05-07 08:53:00,M,30~39,office,seoul,0,0,0,0,11,0,0,66,0,0,completed
27002,U7004,2025-02-15 12:25:00,2025-02-15 12:30:00,M,30~39,office,seoul,1,0,0,0,0,0,0,64,0,0,completed
27003,U7005,2025-03-16 18:25:00,2025-03-16 18:32:00,M,40~49,office,seoul,1,0,0,0,5,0,0,44,0,0,completed
27004,U7006,2025-01-28 08:20:00,2025-01-28 08:25:00,M,20~29,office,seoul,0,0,0,0,3,0,0,57,0,0,completed
27005,U7007,2025-11-14 16:27:00,2025-11-14 16:30:00,M,20~29,office,seoul,0,0,0,0,16,0,0,54,0,0,completed
27006,U7008,2025-09-16 12:06:00,2025-09-16 12:10:00,M,40~49,office,seoul,0,0,0,0,19,0,0,79,0,0,completed
27007,U7009,2025-06-02 11:55:00,2025-06-02 11:59:00,F,20~29,office,seoul,0,0,0,0,16,0,0,28,0,0,completed
27008,U7010,2025-12-24 16:27:00,2025-12-24 16:31:00,M,50+,office,seoul,0,0,0,0,14,0,0,29,1,0,completed
27009,U7011,2025-01-29 11:35:00,2025-01-29 11:37:00,M,30~39,office,seoul,0,0,0,0,7,0,0,79,0,0,completed
27010,U7012,2025-05-16 15:54:00,2025-05-16 15:58:00,M,40~49,office,seoul,0,0,0,0,9,0,0,76,0,0,completed
27011,U7013,2025-12-13 13:04:00,2025-12-13 13:11:00,F,40~49,office,seoul,1,0,0,0,13,0,0,57,0,0,completed
27012,U7014,2025-05-10 13:01:00,2025-05-10 13:06:00,F,40~49,office,seoul,1,0,0,0,29,0,0,26,0,1,error
27013,U7015,2025-03-06 18:05:00,2025-03-06 18:12:00,F,40~49,office,seoul,0,0,0,0,18,0,0,51,0,0,completed
27014,U7016,2025-09-21 12:28:00,2025-09-21 12:33:00,F,20~29,office,seoul,1,0,0,0,14,0,0,59,0,0,error
27015,U7017,2025-12-14 16:20:00,2025-12-14 16:25:00,F,20~29,office,seoul,1,0,0,0,14,0,0,35,0,0,completed
27016,U7018,2025-06-08 17:41:00,2025-06-08 17:45:00,F,30~39,office,seoul,1,0,0,0,13,0,0,60,0,0,completed
27017,U7019,2025-01-02 19:52:00,2025-01-02 19:56:00,M,30~39,office,seoul,0,0,0,0,24,0,0,14,0,0,completed
27018,U7020,2025-06-29 12:44:00,2025-06-29 12:51:00,F,20~29,office,seoul,1,0,0,0,10,0,0,51,0,0,completed
27019,U7021,2025-01-23 15:58:00,2025-01-23 16:04:00,F,50+,office,seoul,0,0,0,0,20,0,0,34,0,0,abandoned
27020,U7022,2025-02-06 16:16:00,2025-02-06 16:23:00,M,40~49,office,seoul,0,0,0,0,15,0,0,55,0,0,completed
27021,U7023,2025-10-10 08:03:00,2025-10-10 08:10:00,F,20~29,office,seoul,0,0,0,0,19,0,0,64,0,0,completed
27022,U7024,2025-08-04 19:22:00,2025-08-04 19:26:00,F,30~39,office,seoul,0,0,0,0,10,0,0,73,0,0,completed
27023,U7025,2025-04-23 11:57:00,2025-04-23 12:01:00,M,50+,office,seoul,0,0,0,0,19,0,0,60,0,0,completed
27024,U7026,2025-03-27 13:36:00,2025-03-27 13:41:00,M,40~49,office,seoul,0,0,0,0,20,0,0,36,0,0,completed
27025,U7027,2025-04-11 09:46:00,2025-04-11 09:52:00,F,20~29,office,seoul,0,0,0,0,13,0,0,60,0,0,error
27026,U7028,2025-10-03 11:13:00,2025-10-03 11:18:00,F,20~29,office,seoul,0,0,0,0,12,0,0,25,0,0,completed
27027,U7029,2025-08-25 15:53:00,2025-08-25 16:00:00,F,50+,office,seoul,0,0,0,0,23,0,0,28,0,1,completed
27028,U7030,2025-09-11 13:42:00,2025-09-11 13:44:00,F,20~29,office,seoul,0,0,0,0,7,0,0,20,0,0,completed
27029,U7031,2025-01-24 17:41:00,2025-01-24 17:45:00,M,50+,office,seoul,0,0,0,0,3,0,0,24,0,0,completed
27030,U7032,2025-06-26 15:44:00,2025-06-26 15:46:00,M,40~49,office,seoul,0,0,0,0,3,0,0,56,1,0,completed
27031,U7033,2025-01-25 17:07:00,2025-01-25 17:12:00,M,20~29,office,seoul,1,0,0,0,17,0,0,64,0,0,completed
27032,U7034,2025-01-14 12:48:00,2025-01-14 12:50:00,F,50+,office,seoul,0,0,0,0,15,0,0,20,0,0,completed
27033,U7035,2025-04-05 09:38:00,2025-04-05 09:45:00,F,40~49,office,seoul,1,0,0,0,28,0,0,44,0,0,completed
27034,U7036,2025-07-02 11:17:00,2025-07-02 11:24:00,M,20~29,office,seoul,0,0,0,0,20,0,0,34,0,0,abandoned
27035,U7037,2025-11-09 18:07:00,2025-11-09 18:13:00,F,30~39,office,seoul,1,0,0,0,9,0,0,12,0,0,abandoned
27036,U7038,2025-10-28 20:16:00,2025-10-28 20:19:00,F,20~29,office,seoul,0,0,0,0,4,0,0,19,0,0,completed
27037,U7039,2025-11-02 12:32:00,2025-11-02 12:36:00,M,50+,office,seoul,1,0,0,0,28,0,0,36,1,0,completed
27038,U7040,2025-05-23 20:17:00,2025-05-23 20:21:00,F,30~39,office,seoul,0,0,0,0,12,0,0,11,0,0,completed
27039,U7041,2025-02-24 14:26:00,2025-02-24 14:32:00,F,20~29,office,seoul,0,0,0,0,0,0,0,13,0,0,abandoned
27040,U7042,2025-03-14 15:48:00,2025-03-14 15:51:00,F,50+,office,seoul,0,0,0,0,14,0,0,32,0,0,error
27041,U7043,2025-10-21 11:48:00,2025-10-21 11:52:00,M,50+,office,seoul,0,0,0,0,21,0,0,18,0,0,completed
27042,U7044,2025-01-03 12:36:00,2025-01-03 12:38:00,F,20~29,office,seoul,0,0,0,0,6,0,0,65,0,0,completed
27043,U7045,2025-10-11 08:57:00,2025-10-11 09:04:00,F,30~39,office,seoul,1,0,0,0,18,0,0,16,0,0,completed
27044,U7046,2025-12-11 09:54:00,2025-12-11 09:58:00,F,50+,office,seoul,0,0,0,0,12,0,0,11,0,0,completed
27045,U7047,2025-05-10 15:02:00,2025-05-10 15:08:00,M,30~39,office,seoul,1,0,0,0,14,0,0,58,0,0,abandoned
27046,U7048,2025-07-27 11:12:00,2025-07-27 11:19:00,F,40~49,office,seoul,1,0,0,0,22,0,0,58,0,0,completed
27047,U7049,2025-05-31 21:42:00,2025-05-31 21:49:00,F,50+,office,seoul,1,0,0,0,7,0,0,71,0,0,completed
27048,U7050,2025-09-18 13:39:00,2025-09-18 13:45:00,M,50+,office,seoul,0,0,0,0,24,0,0,69,0,0,completed
27049,U7051,2025-12-25 17:18:00,2025-12-25 17:23:00,M,30~39,office,seoul,0,0,0,0,8,0,0,26,0,0,completed
27050,U7052,2025-08-26 09:43:00,2025-08-26 09:47:00,M,30~39,office,seoul,0,0,0,0,23,0,0,51,0,0,completed
27051,U7053,2025-08-14 14:10:00,2025-08-14 14:17:00,F,30~39,office,seoul,0,0,0,0,19,0,0,25,0,0,completed
27052,U7054,2025-03-10 12:51:00,2025-03-10 12:53:00,F,30~39,office,seoul,0,0,0,0,1,0,0,45,0,0,completed
27053,U7055,2025-02-07 08:33:00,2025-02-07 08:38:00,F,50+,office,seoul,0,0,0,0,29,0,0,56,0,0,completed
27054,U7056,2025-12-16 11:14:00,2025-12-16 11:21:00,F,20~29,office,seoul,0,0,0,0,19,0,0,15,0,0,completed
27055,U7057,2025-04-06 09:02:00,2025-04-06 09:04:00,M,20~29,office,seoul,1,0,0,0,14,0,0,57,0,0,completed
27056,U7058,2025-05-20 12:00:00,2025-05-20 12:05:00,F,30~39,office,seoul,0,0,0,0,17,0,0,31,0,0,completed
27057,U7059,2025-03-23 09:38:00,2025-03-23 09:41:00,F,20~29,office,seoul,1,0,0,0,6,0,0,75,0,0,completed
27058,U7060,2025-11-02 20:13:00,2025-11-02 20:18:00,M,20~29,office,seoul,1,0,0,0,0,0,0,76,0,0,completed
27059,U7061,2025-11-06 21:57:00,2025-11-06 22:00:00,F,30~39,office,seoul,0,0,0,0,4,0,0,46,0,0,completed
27060,U7062,2025-01-25 13:25:00,2025-01-25 13:32:00,F,40~49,office,seoul,1,0,0,0,16,0,0,61,0,0,error
27061,U7063,2025-08-19 20:19:00,2025-08-19 20:25:00,F,30~39,office,seoul,0,0,0,0,19,0,0,29,0,0,completed
27062,U7064,2025-02-12 09:15:00,2025-02-12 09:17:00,M,30~39,office,seoul,0,0,0,0,6,0,0,49,0,0,completed
27063,U7065,2025-05-11 14:47:00,2025-05-11 14:49:00,M,20~29,office,seoul,1,0,0,0,15,0,0,27,0,0,completed
27064,U7066,2025-06-12 11:54:00,2025-06-12 11:59:00,M,50+,office,seoul,0,0,0,0,12,0,0,13,1,0,completed
27065,U7067,2025-04-11 07:41:00,2025-04-11 07:48:00,F,20~29,office,seoul,0,0,0,0,17,0,0,47,0,0,completed
27066,U7068,2025-12-08 09:48:00,2025-12-08 09:55:00,F,20~29,office,seoul,0,0,0,0,9,0,0,23,0,0,completed
27067,U7069,2025-09-13 12:06:00,2025-09-13 12:11:00,M,40~49,office,seoul,1,0,0,0,21,0,0,75,0,0,completed
27068,U7070,2025-04-12 12:48:00,2025-04-12 12:53:00,F,20~29,office,seoul,1,0,0,0,19,0,0,56,0,0,completed
27069,U7071,2025-06-14 17:45:00,2025-06-14 17:50:00,F,30~39,office,seoul,1,0,0,0,18,0,0,79,0,0,completed
27070,U7072,2025-08-31 13:48:00,2025-08-31 13:50:00,F,20~29,office,seoul,1,0,0,0,29,0,0,47,0,0,completed
27071,U7073,2025-04-07 18:39:00,2025-04-07 18:46:00,M,30~39,office,seoul,0,0,0,0,8,0,0,64,0,0,timeout
27072,U7074,2025-07-15 08:05:00,2025-07-15 08:09:00,F,30~39,office,seoul,0,0,0,0,14,0,0,25,0,0,completed
27073,U7075,2025-11-30 14:32:00,2025-11-30 14:36:00,M,30~39,office,seoul,1,0,0,0,18,0,0,79,0,0,completed
27074,U7076,2025-12-03 18:21:00,2025-12-03 18:27:00,M,40~49,office,seoul,0,0,0,0,4,0,0,27,0,0,abandoned
27075,U7077,2025-12-28 18:54:00,2025-12-28 19:00:00,M,20~29,office,seoul,1,0,0,0,15,0,0,60,0,0,completed
27076,U7078,2025-05-26 12:42:00,2025-05-26 12:45:00,M,40~49,office,seoul,0,0,0,0,29,0,0,34,0,0,completed
27077,U7079,2025-05-09 15:16:00,2025-05-09 15:19:00,F,20~29,office,seoul,0,0,0,0,11,0,0,26,0,0,completed
27078,U7080,2025-10-09 11:42:00,2025-10-09 11:48:00,F,30~39,office,seoul,0,0,0,0,14,0,0,52,0,0,completed
27079,U7081,2025-01-13 09:04:00,2025-01-13 09:06:00,M,30~39,office,seoul,0,0,0,0,21,0,0,26,0,0,completed
27080,U7082,2025-07-31 15:08:00,2025-07-31 15:13:00,F,50+,office,seoul,0,0,0,0,1,0,0,59,0,0,error
27081,U7083,2025-08-07 14:09:00,2025-08-07 14:11:00,F,20~29,office,seoul,0,0,0,0,11,0,0,67,0,0,completed
27082,U7084,2025-11-09 18:12:00,2025-11-09 18:15:00,M,20~29,office,seoul,1,0,0,0,2,0,0,59,0,0,completed
27083,U7085,2025-02-08 15:04:00,2025-02-08 15:11:00,M,40~49,office,seoul,1,0,0,0,1,0,0,67,0,0,completed
27084,U7086,2025-04-05 07:48:00,2025-04-05 07:54:00,F,20~29,office,seoul,1,0,0,0,13,0,0,74,0,0,completed
27085,U7087,2025-08-18 07:55:00,2025-08-18 07:57:00,M,50+,office,seoul,0,0,0,0,8,0,0,27,1,0,abandoned
27086,U7088,2025-10-30 09:22:00,2025-10-30 09:26:00,F,40~49,office,seoul,0,0,0,0,29,0,0,15,0,0,completed
27087,U7089,2025-01-21 09:19:00,2025-01-21 09:26:00,F,40~49,office,seoul,0,0,0,0,10,0,0,72,0,0,completed
27088,U7090,2025-03-30 18:21:00,2025-03-30 18:23:00,M,50+,office,seoul,1,0,0,0,11,0,0,40,0,0,completed
27089,U7091,2025-09-14 21:03:00,2025-09-14 21:05:00,M,20~29,office,seoul,1,0,0,0,26,0,0,10,0,0,completed
27090,U7092,2025-08-29 18:47:00,2025-08-29 18:53:00,M,20~29,office,seoul,0,0,0,0,24,0,0,23,0,0,completed
27091,U7093,2025-03-17 09:49:00,2025-03-17 09:52:00,M,20~29,office,seoul,0,0,0,0,16,0,0,57,0,0,completed
27092,U7094,2025-03-23 13:41:00,2025-03-23 13:44:00,F,20~29,office,seoul,1,0,0,0,4,0,0,32,0,0,completed
27093,U7095,2025-01-09 15:31:00,2025-01-09 15:37:00,F,50+,office,seoul,0,0,0,0,4,0,0,18,0,0,completed
27094,U7096,2025-05-25 09:48:00,2025-05-25 09:55:00,F,20~29,office,seoul,1,0,0,0,4,0,0,52,0,0,completed
27095,U7097,2025-07-11 16:21:00,2025-07-11 16:25:00,M,30~39,office,seoul,0,0,0,0,14,0,0,49,0,0,completed
27096,U7098,2025-08-05 14:17:00,2025-08-05 14:22:00,F,20~29,office,seoul,0,0,0,0,7,0,0,49,0,0,completed
27097,U7099,2025-03-22 11:20:00,2025-03-22 11:23:00,F,20~29,office,seoul,1,0,0,0,21,0,0,30,0,0,completed
27098,U7100,2025-08-07 13:57:00,2025-08-07 14:03:00,M,30~39,office,seoul,0,0,0,0,27,0,0,62,0,0,completed
27099,U7101,2025-03-08 14:15:00,2025-03-08 14:18:00,M,20~29,office,seoul,1,0,0,0,0,0,0,77,0,0,completed
27100,U7102,2025-09-20 20:50:00,2025-09-20 20:54:00,M,50+,office,seoul,1,0,0,0,17,0,0,36,1,0,abandoned
27101,U7103,2025-01-18 08:06:00,2025-01-18 08:09:00,F,50+,office,seoul,1,0,0,0,19,0,0,64,0,0,timeout
27102,U7104,2025-02-13 08:22:00,2025-02-13 08:26:00,F,30~39,office,seoul,0,0,0,0,5,0,0,34,0,0,completed
27103,U7105,2025-11-22 08:59:00,2025-11-22 09:04:00,F,50+,office,seoul,1,0,0,0,12,0,0,27,0,0,completed
27104,U7106,2025-10-08 16:49:00,2025-10-08 16:55:00,F,20~29,office,seoul,0,0,0,0,21,0,0,47,0,0,completed
27105,U7107,2025-10-28 08:57:00,2025-10-28 09:01:00,F,20~29,office,seoul,0,0,0,0,9,0,0,32,0,0,completed
27106,U7108,2025-10-07 16:54:00,2025-10-07 17:00:00,F,40~49,office,seoul,0,0,0,0,12,0,0,46,0,0,completed
27107,U7109,2025-10-28 16:22:00,2025-10-28 16:24:00,F,20~29,office,seoul,0,0,0,0,29,0,0,58,0,0,completed
27108,U7110,2025-08-01 13:50:00,2025-08-01 13:55:00,M,20~29,office,seoul,0,0,0,0,0,0,0,71,0,0,abandoned
27109,U7111,2025-09-21 15:21:00,2025-09-21 15:23:00,F,30~39,office,seoul,1,0,0,0,7,0,0,47,0,0,completed
27110,U7112,2025-07-22 17:32:00,2025-07-22 17:35:00,F,50+,office,seoul,0,0,0,0,20,0,0,51,0,0,completed
27111,U7113,2025-06-10 17:51:00,2025-06-10 17:58:00,F,40~49,office,seoul,0,0,0,0,6,0,0,75,0,0,completed
27112,U7114,2025-01-05 20:20:00,2025-01-05 20:22:00,M,30~39,office,seoul,1,0,0,0,28,0,0,75,0,0,completed
27113,U7115,2025-11-04 14:30:00,2025-11-04 14:32:00,F,30~39,office,seoul,0,0,0,0,0,0,0,26,0,0,completed
27114,U7116,2025-06-12 09:41:00,2025-06-12 09:43:00,M,50+,office,seoul,0,0,0,0,16,0,0,79,0,0,completed
27115,U7117,2025-12-01 13:22:00,2025-12-01 13:27:00,F,20~29,office,seoul,0,0,0,0,10,0,0,43,0,0,completed
27116,U7118,2025-03-27 15:26:00,2025-03-27 15:33:00,F,50+,office,seoul,0,0,0,0,2,0,0,66,1,0,completed
27117,U7119,2025-11-06 17:48:00,2025-11-06 17:54:00,M,30~39,office,seoul,0,0,0,0,20,0,0,22,0,0,completed
27118,U7120,2025-07-23 11:27:00,2025-07-23 11:34:00,M,20~29,office,seoul,0,0,0,0,24,0,0,28,0,0,completed
27119,U7121,2025-08-01 12:41:00,2025-08-01 12:45:00,M,30~39,office,seoul,0,0,0,0,18,0,0,41,0,0,completed
27120,U7122,2025-08-23 12:36:00,2025-08-23 12:42:00,M,20~29,office,seoul,1,0,0,0,23,0,0,20,0,0,completed
27121,U7123,2025-02-12 14:39:00,2025-02-12 14:45:00,F,30~39,office,seoul,0,0,0,0,20,0,0,14,0,0,completed
27122,U7124,2025-01-10 11:22:00,2025-01-10 11:28:00,F,20~29,office,seoul,0,0,0,0,7,0,0,52,0,0,abandoned
27123,U7125,2025-06-18 20:19:00,2025-06-18 20:22:00,M,20~29,office,seoul,0,0,0,0,9,0,0,60,0,0,abandoned
27124,U7126,2025-03-25 07:29:00,2025-03-25 07:31:00,M,20~29,office,seoul,0,0,0,0,8,0,0,66,0,0,completed
27125,U7127,2025-01-31 08:58:00,2025-01-31 09:02:00,F,20~29,office,seoul,0,0,0,0,23,0,0,47,0,0,completed
27126,U7128,2025-08-13 09:35:00,2025-08-13 09:42:00,F,30~39,office,seoul,0,0,0,0,8,0,0,18,0,0,completed
27127,U7129,2025-01-31 16:26:00,2025-01-31 16:32:00,M,30~39,office,seoul,0,0,0,0,3,0,0,21,0,0,completed
27128,U7130,2025-06-24 16:47:00,2025-06-24 16:53:00,M,50+,office,seoul,0,0,0,0,13,0,0,43,1,0,completed
27129,U7131,2025-06-12 07:54:00,2025-06-12 08:01:00,F,20~29,office,seoul,0,0,0,0,4,0,0,18,0,0,completed
27130,U7132,2025-11-20 12:29:00,2025-11-20 12:34:00,F,50+,office,seoul,0,0,0,0,3,0,0,59,0,0,completed
27131,U7133,2025-12-06 16:50:00,2025-12-06 16:56:00,M,20~29,office,seoul,1,0,0,0,21,0,0,39,0,0,abandoned
27132,U7134,2025-01-21 09:29:00,2025-01-21 09:32:00,F,50+,office,seoul,0,0,0,0,8,0,0,20,0,0,completed
27133,U7135,2025-07-24 07:07:00,2025-07-24 07:09:00,M,20~29,office,seoul,0,0,0,0,27,0,0,46,0,0,timeout
27134,U7136,2025-03-28 18:19:00,2025-03-28 18:23:00,F,50+,office,seoul,0,0,0,0,15,0,0,38,0,0,timeout
27135,U7137,2025-09-01 08:59:00,2025-09-01 09:02:00,F,30~39,office,seoul,0,0,0,0,9,0,0,46,0,0,completed
27136,U7138,2025-08-29 11:48:00,2025-08-29 11:54:00,M,20~29,office,seoul,0,0,0,0,16,0,0,52,0,0,completed
27137,U7139,2025-06-22 14:37:00,2025-06-22 14:44:00,F,30~39,office,seoul,1,0,0,0,14,0,0,17,0,0,completed
27138,U7140,2025-12-29 09:48:00,2025-12-29 09:53:00,F,30~39,office,seoul,0,0,0,0,23,0,0,62,0,0,completed
27139,U7141,2025-09-11 11:28:00,2025-09-11 11:31:00,F,30~39,office,seoul,0,0,0,0,14,0,0,37,0,0,timeout
27140,U7142,2025-03-16 13:13:00,2025-03-16 13:18:00,F,50+,office,seoul,1,0,0,0,25,0,0,73,0,0,completed
27141,U7143,2025-10-21 07:40:00,2025-10-21 07:46:00,F,30~39,office,seoul,0,0,0,0,10,0,0,20,0,0,completed
27142,U7144,2025-02-21 08:41:00,2025-02-21 08:46:00,M,20~29,office,seoul,0,0,0,0,8,0,0,18,0,0,completed
27143,U7145,2025-05-02 15:48:00,2025-05-02 15:53:00,M,50+,office,seoul,0,0,0,0,27,0,0,76,0,0,completed
27144,U7146,2025-07-27 17:16:00,2025-07-27 17:22:00,M,30~39,office,seoul,1,0,0,0,9,0,0,51,0,0,completed
27145,U7147,2025-12-29 09:57:00,2025-12-29 09:59:00,F,40~49,office,seoul,0,0,0,0,21,0,0,55,0,0,completed
27146,U7148,2025-01-16 17:54:00,2025-01-16 17:58:00,M,30~39,office,seoul,0,0,0,0,0,0,0,20,0,0,abandoned
27147,U7149,2025-06-17 17:12:00,2025-06-17 17:19:00,F,20~29,office,seoul,0,0,0,0,8,0,0,39,0,0,completed
27148,U7150,2025-07-02 12:27:00,2025-07-02 12:31:00,M,50+,office,seoul,0,0,0,0,1,0,0,31,0,0,completed
27149,U7151,2025-07-28 14:43:00,2025-07-28 14:47:00,F,20~29,office,seoul,0,0,0,0,23,0,0,63,0,0,completed
27150,U7152,2025-01-27 09:30:00,2025-01-27 09:36:00,F,50+,office,seoul,0,0,0,0,26,0,0,26,0,0,abandoned
27151,U7153,2025-09-30 17:14:00,2025-09-30 17:21:00,F,20~29,office,seoul,0,0,0,0,27,0,0,35,0,0,completed
27152,U7154,2025-01-23 11:21:00,2025-01-23 11:28:00,M,20~29,office,seoul,0,0,0,0,11,0,0,31,0,0,completed
27153,U7155,2025-04-08 09:21:00,2025-04-08 09:27:00,M,20~29,office,seoul,0,0,0,0,23,0,0,63,0,0,completed
27154,U7156,2025-11-03 09:32:00,2025-11-03 09:38:00,F,40~49,office,seoul,0,0,0,0,1,0,0,20,0,0,completed
27155,U7157,2025-06-17 13:03:00,2025-06-17 13:08:00,F,20~29,office,seoul,0,0,0,0,23,0,0,26,0,0,completed
27156,U7158,2025-09-20 15:27:00,2025-09-20 15:31:00,M,50+,office,seoul,1,0,0,0,21,0,0,36,0,0,completed
27157,U7159,2025-09-26 14:15:00,2025-09-26 14:18:00,M,20~29,office,seoul,0,0,0,0,5,0,0,26,0,0,completed
27158,U7160,2025-06-30 19:03:00,2025-06-30 19:07:00,F,30~39,office,seoul,0,0,0,0,8,0,0,14,0,0,completed
27159,U7161,2025-12-08 19:17:00,2025-12-08 19:20:00,F,30~39,office,seoul,0,0,0,0,28,0,0,13,0,0,completed
27160,U7162,2025-07-06 07:07:00,2025-07-06 07:09:00,F,50+,office,seoul,1,0,0,0,19,0,0,77,1,0,completed
27161,U7163,2025-04-11 16:44:00,2025-04-11 16:48:00,F,50+,office,seoul,0,0,0,0,10,0,0,11,0,1,completed
27162,U7164,2025-09-24 18:13:00,2025-09-24 18:17:00,M,30~39,office,seoul,0,0,0,0,10,0,0,52,0,0,completed
27163,U7165,2025-12-21 15:00:00,2025-12-21 15:03:00,M,20~29,office,seoul,1,0,0,0,5,0,0,51,0,0,completed
27164,U7166,2025-04-07 11:09:00,2025-04-07 11:13:00,F,50+,office,seoul,0,0,0,0,25,0,0,74,0,0,completed
27165,U7167,2025-01-31 08:44:00,2025-01-31 08:49:00,M,20~29,office,seoul,0,0,0,0,19,0,0,19,0,0,completed
27166,U7168,2025-11-10 14:13:00,2025-11-10 14:15:00,F,40~49,office,seoul,0,0,0,0,11,0,0,71,0,0,completed
27167,U7169,2025-02-26 20:46:00,2025-02-26 20:51:00,F,50+,office,seoul,0,0,0,0,28,0,0,53,0,0,completed
27168,U7170,2025-01-16 20:59:00,2025-01-16 21:05:00,F,50+,office,seoul,0,0,0,0,5,0,0,16,0,0,completed
27169,U7171,2025-06-23 13:03:00,2025-06-23 13:06:00,M,20~29,office,seoul,0,0,0,0,23,0,0,15,0,0,completed
27170,U7172,2025-05-28 08:38:00,2025-05-28 08:43:00,M,40~49,office,seoul,0,0,0,0,4,0,0,54,0,0,completed
27171,U7173,2025-12-01 18:52:00,2025-12-01 18:58:00,F,30~39,office,seoul,0,0,0,0,21,0,0,18,0,0,completed
27172,U7174,2025-02-09 08:55:00,2025-02-09 09:00:00,F,50+,office,seoul,1,0,0,0,15,0,0,67,0,0,completed
27173,U7175,2025-07-18 17:02:00,2025-07-18 17:07:00,M,50+,office,seoul,0,0,0,0,25,0,0,48,0,1,completed
27174,U7176,2025-09-01 18:54:00,2025-09-01 18:56:00,M,40~49,office,seoul,0,0,0,0,29,0,0,70,0,0,completed
27175,U7177,2025-04-05 09:25:00,2025-04-05 09:29:00,F,20~29,office,seoul,1,0,0,0,7,0,0,17,0,0,completed
27176,U7178,2025-07-26 18:53:00,2025-07-26 18:56:00,M,40~49,office,seoul,1,0,0,0,6,0,0,25,0,0,timeout
27177,U7179,2025-04-29 15:57:00,2025-04-29 15:59:00,F,30~39,office,seoul,0,0,0,0,9,0,0,32,0,0,completed
27178,U7180,2025-11-17 14:31:00,2025-11-17 14:36:00,M,20~29,office,seoul,0,0,0,0,29,0,0,56,0,0,completed
27179,U7181,2025-01-22 15:03:00,2025-01-22 15:05:00,F,30~39,office,seoul,0,0,0,0,2,0,0,72,0,0,completed
27180,U7182,2025-03-25 13:01:00,2025-03-25 13:05:00,F,20~29,office,seoul,0,0,0,0,4,0,0,60,0,0,completed
27181,U7183,2025-11-16 11:22:00,2025-11-16 11:29:00,M,30~39,office,seoul,1,0,0,0,28,0,0,10,0,1,completed
27182,U7184,2025-03-30 15:32:00,2025-03-30 15:35:00,F,40~49,office,seoul,1,0,0,0,21,0,0,28,0,0,completed
27183,U7185,2025-11-01 21:47:00,2025-11-01 21:50:00,M,30~39,office,seoul,1,0,0,0,4,0,0,52,0,0,completed
27184,U7186,2025-10-21 12:58:00,2025-10-21 13:01:00,M,40~49,office,seoul,0,0,0,0,15,0,0,12,0,1,completed
27185,U7187,2025-03-17 09:42:00,2025-03-17 09:49:00,F,30~39,office,seoul,0,0,0,0,12,0,0,19,0,0,completed
27186,U7188,2025-08-10 08:36:00,2025-08-10 08:39:00,M,20~29,office,seoul,1,0,0,0,0,0,0,51,0,0,completed
27187,U7189,2025-09-03 16:11:00,2025-09-03 16:18:00,M,50+,office,seoul,0,0,0,0,27,0,0,46,0,0,completed
27188,U7190,2025-04-09 17:43:00,2025-04-09 17:46:00,F,50+,office,seoul,0,0,0,0,23,0,0,56,1,0,completed
27189,U7191,2025-03-07 19:10:00,2025-03-07 19:13:00,F,40~49,office,seoul,0,0,0,0,11,0,0,74,0,0,abandoned
27190,U7192,2025-08-26 07:26:00,2025-08-26 07:28:00,F,40~49,office,seoul,0,0,0,0,18,0,0,79,0,1,completed
27191,U7193,2025-05-24 12:40:00,2025-05-24 12:45:00,M,20~29,office,seoul,1,0,0,0,28,0,0,32,0,0,completed
27192,U7194,2025-01-20 13:05:00,2025-01-20 13:07:00,F,40~49,office,seoul,0,0,0,0,29,0,0,28,0,0,completed
27193,U7195,2025-10-18 15:13:00,2025-10-18 15:15:00,F,30~39,office,seoul,1,0,0,0,0,0,0,27,0,0,completed
27194,U7196,2025-10-24 07:18:00,2025-10-24 07:20:00,F,50+,office,seoul,0,0,0,0,28,0,0,13,0,0,completed
27195,U7197,2025-06-13 08:18:00,2025-06-13 08:22:00,M,30~39,office,seoul,0,0,0,0,12,0,0,16,0,0,completed
27196,U7198,2025-07-28 09:28:00,2025-07-28 09:33:00,F,20~29,office,seoul,0,0,0,0,10,0,0,53,0,0,completed
27197,U7199,2025-07-05 14:28:00,2025-07-05 14:32:00,M,20~29,office,seoul,1,0,0,0,9,0,0,56,0,0,completed
27198,U7200,2025-01-26 11:56:00,2025-01-26 12:01:00,M,40~49,office,seoul,1,0,0,0,25,0,0,66,0,0,completed
27199,U7201,2025-09-20 15:08:00,2025-09-20 15:14:00,M,20~29,office,seoul,1,0,0,0,5,0,0,26,0,0,completed
27200,U7202,2025-04-08 07:40:00,2025-04-08 07:45:00,F,40~49,office,seoul,0,0,0,0,10,0,0,27,0,0,completed
27201,U7203,2025-11-03 13:04:00,2025-11-03 13:07:00,M,50+,office,seoul,0,0,0,0,11,0,0,73,0,0,completed
27202,U7204,2025-02-15 18:45:00,2025-02-15 18:49:00,F,30~39,office,seoul,1,0,0,0,1,0,0,67,0,0,completed
27203,U7205,2025-04-18 19:41:00,2025-04-18 19:44:00,F,20~29,office,seoul,0,0,0,0,7,0,0,76,0,0,completed
27204,U7206,2025-07-28 19:51:00,2025-07-28 19:54:00,M,40~49,office,seoul,0,0,0,0,1,0,0,37,0,0,completed
27205,U7207,2025-01-14 12:06:00,2025-01-14 12:13:00,M,50+,office,seoul,0,0,0,0,9,0,0,63,0,0,completed
27206,U7208,2025-12-16 08:45:00,2025-12-16 08:49:00,F,30~39,office,seoul,0,0,0,0,1,0,0,71,0,0,completed
27207,U7209,2025-03-26 12:34:00,2025-03-26 12:37:00,F,20~29,office,seoul,0,0,0,0,26,0,0,69,0,0,completed
27208,U7210,2025-04-16 09:44:00,2025-04-16 09:47:00,F,30~39,office,seoul,0,0,0,0,19,0,0,13,0,0,completed
27209,U7211,2025-03-23 16:28:00,2025-03-23 16:31:00,F,50+,office,seoul,1,0,0,0,11,0,0,61,0,0,completed
27210,U7212,2025-03-14 13:33:00,2025-03-14 13:37:00,F,50+,office,seoul,0,0,0,0,16,0,0,28,0,0,completed
27211,U7213,2025-11-10 19:10:00,2025-11-10 19:13:00,F,50+,office,seoul,0,0,0,0,3,0,0,40,0,0,completed
27212,U7214,2025-04-13 11:14:00,2025-04-13 11:17:00,M,40~49,office,seoul,1,0,0,0,29,0,0,18,0,0,completed
27213,U7215,2025-11-21 19:25:00,2025-11-21 19:32:00,F,40~49,office,seoul,0,0,0,0,1,0,0,26,0,0,completed
27214,U7216,2025-10-10 16:40:00,2025-10-10 16:46:00,F,40~49,office,seoul,0,0,0,0,15,0,0,17,0,0,completed
27215,U7217,2025-03-02 12:46:00,2025-03-02 12:52:00,M,50+,office,seoul,1,0,0,0,1,0,0,14,0,0,completed
27216,U7218,2025-08-10 14:52:00,2025-08-10 14:54:00,F,30~39,office,seoul,1,0,0,0,2,0,0,55,0,0,completed
27217,U7219,2025-02-10 19:51:00,2025-02-10 19:57:00,M,20~29,office,seoul,0,0,0,0,29,0,0,26,0,1,completed
27218,U7220,2025-10-15 20:13:00,2025-10-15 20:20:00,F,40~49,office,seoul,0,0,0,0,8,0,0,43,0,0,completed
27219,U7221,2025-05-25 22:45:00,2025-05-25 22:47:00,F,50+,office,seoul,1,0,0,0,26,0,0,19,0,0,completed
27220,U7222,2025-03-02 20:30:00,2025-03-02 20:37:00,M,50+,office,seoul,1,0,0,0,14,0,0,53,1,1,completed
27221,U7223,2025-03-22 20:57:00,2025-03-22 21:00:00,F,20~29,office,seoul,1,0,0,0,16,0,0,54,0,0,completed
27222,U7224,2025-01-30 17:48:00,2025-01-30 17:54:00,M,30~39,office,seoul,0,0,0,0,13,0,0,68,0,0,completed
27223,U7225,2025-04-23 15:20:00,2025-04-23 15:22:00,F,50+,office,seoul,0,0,0,0,11,0,0,22,0,0,completed
27224,U7226,2025-06-15 15:12:00,2025-06-15 15:18:00,F,30~39,office,seoul,1,0,0,0,23,0,0,52,0,0,completed
27225,U7227,2025-11-24 16:34:00,2025-11-24 16:38:00,M,20~29,office,seoul,0,0,0,0,24,0,0,48,0,0,completed
27226,U7228,2025-03-11 15:30:00,2025-03-11 15:37:00,M,20~29,office,seoul,0,0,0,0,19,0,0,76,0,0,completed
27227,U7229,2025-05-28 14:33:00,2025-05-28 14:37:00,F,20~29,office,seoul,0,0,0,0,10,0,0,21,0,0,completed
27228,U7230,2025-01-21 15:21:00,2025-01-21 15:25:00,F,40~49,office,seoul,0,0,0,0,18,0,0,71,0,0,completed
27229,U7231,2025-01-22 09:08:00,2025-01-22 09:15:00,F,20~29,office,seoul,0,0,0,0,14,0,0,53,0,0,completed
27230,U7232,2025-01-19 13:23:00,2025-01-19 13:28:00,F,30~39,office,seoul,1,0,0,0,6,0,0,15,0,0,completed
27231,U7233,2025-08-18 21:10:00,2025-08-18 21:14:00,F,40~49,office,seoul,0,0,0,0,8,0,0,50,0,0,completed
27232,U7234,2025-01-10 18:20:00,2025-01-10 18:25:00,F,50+,office,seoul,0,0,0,0,24,0,0,13,0,0,completed
27233,U7235,2025-11-14 17:33:00,2025-11-14 17:38:00,F,20~29,office,seoul,0,0,0,0,15,0,0,13,0,0,completed
27234,U7236,2025-06-08 22:40:00,2025-06-08 22:44:00,M,30~39,office,seoul,1,0,0,0,24,0,0,68,0,0,completed
27235,U7237,2025-03-01 09:09:00,2025-03-01 09:13:00,F,20~29,office,seoul,1,0,0,0,29,0,0,12,0,0,completed
27236,U7238,2025-09-15 20:41:00,2025-09-15 20:45:00,M,30~39,office,seoul,0,0,0,0,6,0,0,44,0,0,timeout
27237,U7239,2025-01-01 17:50:00,2025-01-01 17:57:00,F,40~49,office,seoul,0,0,0,0,15,0,0,46,0,1,completed
27238,U7240,2025-11-05 12:43:00,2025-11-05 12:49:00,F,50+,office,seoul,0,0,0,0,0,0,0,49,1,0,completed
27239,U7241,2025-12-14 14:57:00,2025-12-14 15:02:00,F,20~29,office,seoul,1,0,0,0,7,0,0,25,0,0,completed
27240,U7242,2025-04-14 17:50:00,2025-04-14 17:56:00,F,40~49,office,seoul,0,0,0,0,3,0,0,62,0,0,abandoned
27241,U7243,2025-11-05 11:54:00,2025-11-05 11:58:00,F,40~49,office,seoul,0,0,0,0,2,0,0,53,0,0,completed
27242,U7244,2025-07-19 20:58:00,2025-07-19 21:02:00,F,40~49,office,seoul,1,0,0,0,4,0,0,74,0,0,abandoned
27243,U7245,2025-10-31 07:30:00,2025-10-31 07:32:00,M,20~29,office,seoul,0,0,0,0,21,0,0,72,0,0,completed
27244,U7246,2025-09-09 18:02:00,2025-09-09 18:04:00,F,20~29,office,seoul,0,0,0,0,22,0,0,56,0,0,completed
27245,U7247,2025-06-04 11:30:00,2025-06-04 11:37:00,F,40~49,office,seoul,0,0,0,0,26,0,0,39,0,1,completed
27246,U7248,2025-05-05 08:01:00,2025-05-05 08:07:00,F,20~29,office,seoul,0,0,0,0,29,0,0,45,0,0,completed
27247,U7249,2025-12-02 11:27:00,2025-12-02 11:31:00,M,30~39,office,seoul,0,0,0,0,10,0,0,50,0,0,abandoned
27248,U7250,2025-09-06 14:28:00,2025-09-06 14:30:00,F,20~29,office,seoul,1,0,0,0,14,0,0,62,0,0,completed
27249,U7251,2025-07-20 07:22:00,2025-07-20 07:28:00,F,50+,office,seoul,1,0,0,0,19,0,0,29,0,0,completed
27250,U7252,2025-02-14 14:17:00,2025-02-14 14:20:00,F,20~29,office,seoul,0,0,0,0,20,0,0,75,0,0,completed
27251,U7253,2025-12-24 16:16:00,2025-12-24 16:21:00,F,30~39,office,seoul,0,0,0,0,13,0,0,67,0,0,completed
27252,U7254,2025-01-08 16:58:00,2025-01-08 17:03:00,F,40~49,office,seoul,0,0,0,0,6,0,0,51,0,0,completed
27253,U7255,2025-11-03 11:06:00,2025-11-03 11:08:00,F,50+,office,seoul,0,0,0,0,27,0,0,48,0,0,completed
27254,U7256,2025-06-16 13:54:00,2025-06-16 13:56:00,F,20~29,office,seoul,0,0,0,0,11,0,0,34,0,0,completed
27255,U7257,2025-05-28 21:18:00,2025-05-28 21:23:00,F,50+,office,seoul,0,0,0,0,29,0,0,71,1,0,completed
27256,U7258,2025-10-24 09:04:00,2025-10-24 09:07:00,M,20~29,office,seoul,0,0,0,0,14,0,0,16,0,0,completed
27257,U7259,2025-05-13 13:54:00,2025-05-13 13:59:00,M,50+,office,seoul,0,0,0,0,6,0,0,19,0,0,completed
27258,U7260,2025-09-02 20:01:00,2025-09-02 20:08:00,F,20~29,office,seoul,0,0,0,0,4,0,0,60,0,0,completed
27259,U7261,2025-08-10 13:53:00,2025-08-10 13:56:00,F,50+,office,seoul,1,0,0,0,13,0,0,28,0,0,completed
27260,U7262,2025-09-07 15:55:00,2025-09-07 15:59:00,F,40~49,office,seoul,1,0,0,0,21,0,0,55,0,0,completed
27261,U7263,2025-03-16 16:51:00,2025-03-16 16:57:00,F,20~29,office,seoul,1,0,0,0,23,0,0,47,0,0,timeout
27262,U7264,2025-05-24 08:13:00,2025-05-24 08:15:00,F,20~29,office,seoul,1,0,0,0,29,0,0,75,0,0,completed
27263,U7265,2025-11-17 08:27:00,2025-11-17 08:29:00,F,30~39,office,seoul,0,0,0,0,16,0,0,31,0,1,completed
27264,U7266,2025-05-21 11:15:00,2025-05-21 11:22:00,M,30~39,office,seoul,0,0,0,0,12,0,0,65,0,0,completed
27265,U7267,2025-09-06 22:51:00,2025-09-06 22:54:00,F,20~29,office,seoul,1,0,0,0,16,0,0,14,0,0,completed
27266,U7268,2025-01-18 14:34:00,2025-01-18 14:40:00,F,50+,office,seoul,1,0,0,0,0,0,0,22,0,0,completed
27267,U7269,2025-03-21 16:07:00,2025-03-21 16:10:00,M,30~39,office,seoul,0,0,0,0,20,0,0,59,0,0,completed
27268,U7270,2025-04-13 09:06:00,2025-04-13 09:12:00,M,30~39,office,seoul,1,0,0,0,1,0,0,69,0,0,completed
27269,U7271,2025-07-18 22:53:00,2025-07-18 22:58:00,F,50+,office,seoul,0,0,0,0,17,0,0,77,0,0,completed
27270,U7272,2025-03-28 17:04:00,2025-03-28 17:08:00,M,20~29,office,seoul,0,0,0,0,12,0,0,45,0,0,completed
27271,U7273,2025-02-28 14:15:00,2025-02-28 14:18:00,M,30~39,office,seoul,0,0,0,0,28,0,0,70,0,0,completed
27272,U7274,2025-08-09 07:19:00,2025-08-09 07:22:00,M,50+,office,seoul,1,0,0,0,14,0,0,22,0,0,completed
27273,U7275,2025-10-23 13:18:00,2025-10-23 13:22:00,F,20~29,office,seoul,0,0,0,0,25,0,0,70,0,0,completed
27274,U7276,2025-03-30 16:45:00,2025-03-30 16:48:00,F,30~39,office,seoul,1,0,0,0,28,0,0,19,0,0,completed
27275,U7277,2025-11-09 07:42:00,2025-11-09 07:48:00,F,30~39,office,seoul,1,0,0,0,20,0,0,73,0,0,abandoned
27276,U7278,2025-08-20 14:22:00,2025-08-20 14:26:00,F,30~39,office,seoul,0,0,0,0,13,0,0,78,0,0,completed
27277,U7279,2025-05-22 15:26:00,2025-05-22 15:28:00,F,40~49,office,seoul,0,0,0,0,0,0,0,48,1,0,completed
27278,U7280,2025-07-10 16:43:00,2025-07-10 16:46:00,F,40~49,office,seoul,0,0,0,0,19,0,0,22,0,0,completed
27279,U7281,2025-03-27 17:47:00,2025-03-27 17:49:00,F,20~29,office,seoul,0,0,0,0,28,0,0,42,0,0,completed
27280,U7282,2025-02-28 13:05:00,2025-02-28 13:12:00,F,30~39,office,seoul,0,0,0,0,23,0,0,11,0,0,completed
27281,U7283,2025-01-26 09:40:00,2025-01-26 09:46:00,M,20~29,office,seoul,1,0,0,0,19,0,0,72,0,0,completed
27282,U7284,2025-01-29 20:24:00,2025-01-29 20:29:00,F,40~49,office,seoul,0,0,0,0,29,0,0,66,0,0,completed
27283,U7285,2025-09-26 13:50:00,2025-09-26 13:55:00,F,40~49,office,seoul,0,0,0,0,3,0,0,24,0,0,completed
27284,U7286,2025-05-01 08:55:00,2025-05-01 08:58:00,M,30~39,office,seoul,0,0,0,0,25,0,0,65,0,0,completed
27285,U7287,2025-10-19 08:42:00,2025-10-19 08:48:00,F,30~39,office,seoul,1,0,0,0,1,0,0,61,0,0,completed
27286,U7288,2025-05-11 11:39:00,2025-05-11 11:44:00,F,50+,office,seoul,1,0,0,0,9,0,0,51,0,0,completed
27287,U7289,2025-01-15 12:00:00,2025-01-15 12:04:00,M,40~49,office,seoul,0,0,0,0,22,0,0,79,0,0,completed
27288,U7290,2025-06-09 18:48:00,2025-06-09 18:55:00,M,30~39,office,seoul,0,0,0,0,12,0,0,35,0,0,completed
27289,U7291,2025-05-14 11:15:00,2025-05-14 11:21:00,M,40~49,office,seoul,0,0,0,0,24,0,0,55,0,0,completed
27290,U7292,2025-04-29 13:41:00,2025-04-29 13:47:00,M,50+,office,seoul,0,0,0,0,8,0,0,73,0,0,completed
27291,U7293,2025-11-30 12:25:00,2025-11-30 12:30:00,M,30~39,office,seoul,1,0,0,0,27,0,0,19,0,0,completed
27292,U7294,2025-05-21 16:54:00,2025-05-21 16:59:00,M,30~39,office,seoul,0,0,0,0,0,0,0,36,0,0,completed
27293,U7295,2025-01-16 12:19:00,2025-01-16 12:24:00,F,30~39,office,seoul,0,0,0,0,22,0,0,48,0,0,completed
27294,U7296,2025-04-10 12:32:00,2025-04-10 12:36:00,F,30~39,office,seoul,0,0,0,0,23,0,0,44,0,0,completed
27295,U7297,2025-08-06 07:43:00,2025-08-06 07:45:00,M,30~39,office,seoul,0,0,0,0,8,0,0,29,1,0,abandoned
27296,U7298,2025-07-10 16:45:00,2025-07-10 16:52:00,M,30~39,office,seoul,0,0,0,0,2,0,0,78,0,0,completed
27297,U7299,2025-04-11 09:17:00,2025-04-11 09:20:00,M,50+,office,seoul,0,0,0,0,6,0,0,40,0,0,completed
27298,U7300,2025-04-18 16:40:00,2025-04-18 16:42:00,M,50+,office,seoul,0,0,0,0,1,0,0,68,0,1,completed
27299,U7301,2025-09-08 20:05:00,2025-09-08 20:12:00,F,30~39,office,seoul,0,0,0,0,12,0,0,44,0,0,completed
27300,U7302,2025-09-24 07:23:00,2025-09-24 07:30:00,F,40~49,office,seoul,0,0,0,0,26,0,0,43,0,0,completed
27301,U7303,2025-07-28 12:06:00,2025-07-28 12:09:00,F,30~39,office,seoul,0,0,0,0,0,0,0,43,0,0,completed
27302,U7304,2025-05-12 08:38:00,2025-05-12 08:45:00,F,40~49,office,seoul,0,0,0,0,27,0,0,37,0,0,completed
27303,U7305,2025-01-17 14:25:00,2025-01-17 14:30:00,M,20~29,office,seoul,0,0,0,0,15,0,0,43,0,0,completed
27304,U7306,2025-08-08 12:35:00,2025-08-08 12:41:00,M,40~49,office,seoul,0,0,0,0,5,0,0,41,0,0,completed
27305,U7307,2025-09-14 14:48:00,2025-09-14 14:54:00,F,20~29,office,seoul,1,0,0,0,11,0,0,59,0,0,completed
27306,U7308,2025-03-21 09:05:00,2025-03-21 09:09:00,M,40~49,office,seoul,0,0,0,0,13,0,0,60,0,0,completed
27307,U7309,2025-12-11 07:46:00,2025-12-11 07:49:00,M,30~39,office,seoul,0,0,0,0,20,0,0,21,0,0,completed
27308,U7310,2025-07-25 07:48:00,2025-07-25 07:50:00,M,20~29,office,seoul,0,0,0,0,18,0,0,53,0,0,abandoned
27309,U7311,2025-11-25 07:25:00,2025-11-25 07:32:00,F,20~29,office,seoul,0,0,0,0,25,0,0,69,0,0,completed
27310,U7312,2025-12-17 09:19:00,2025-12-17 09:25:00,M,20~29,office,seoul,0,0,0,0,12,0,0,33,0,0,completed
27311,U7313,2025-05-12 08:03:00,2025-05-12 08:07:00,M,40~49,office,seoul,0,0,0,0,9,0,0,79,0,0,abandoned
27312,U7314,2025-07-12 13:19:00,2025-07-12 13:25:00,M,20~29,office,seoul,1,0,0,0,11,0,0,63,0,0,completed
27313,U7315,2025-02-07 07:29:00,2025-02-07 07:33:00,M,30~39,office,seoul,0,0,0,0,25,0,0,21,0,0,abandoned
27314,U7316,2025-01-19 11:22:00,2025-01-19 11:29:00,M,40~49,office,seoul,1,0,0,0,4,0,0,61,0,1,completed
27315,U7317,2025-11-04 15:22:00,2025-11-04 15:25:00,M,50+,office,seoul,0,0,0,0,11,0,0,44,0,0,completed
27316,U7318,2025-07-07 21:49:00,2025-07-07 21:53:00,M,30~39,office,seoul,0,0,0,0,9,0,0,41,0,0,abandoned
27317,U7319,2025-11-14 19:26:00,2025-11-14 19:31:00,M,50+,office,seoul,0,0,0,0,23,0,0,52,0,0,completed
27318,U7320,2025-01-12 09:36:00,2025-01-12 09:38:00,F,40~49,office,seoul,1,0,0,0,24,0,0,14,0,0,abandoned
27319,U7321,2025-01-26 09:31:00,2025-01-26 09:34:00,F,40~49,office,seoul,1,0,0,0,23,0,0,10,0,0,completed
27320,U7322,2025-10-11 17:20:00,2025-10-11 17:25:00,F,30~39,office,seoul,1,0,0,0,0,0,0,10,0,0,completed
27321,U7323,2025-03-19 12:44:00,2025-03-19 12:51:00,F,40~49,office,seoul,0,0,0,0,29,0,0,27,0,0,completed
27322,U7324,2025-04-03 07:08:00,2025-04-03 07:12:00,M,30~39,office,seoul,0,0,0,0,17,0,0,74,0,0,completed
27323,U7325,2025-03-19 18:03:00,2025-03-19 18:06:00,M,20~29,office,seoul,0,0,0,0,9,0,0,58,0,0,completed
27324,U7326,2025-06-16 14:39:00,2025-06-16 14:46:00,M,50+,office,seoul,0,0,0,0,28,0,0,45,0,0,completed
27325,U7327,2025-12-02 17:56:00,2025-12-02 18:03:00,F,40~49,office,seoul,0,0,0,0,28,0,0,32,0,0,completed
27326,U7328,2025-09-14 16:49:00,2025-09-14 16:56:00,F,20~29,office,seoul,1,0,0,0,24,0,0,57,0,0,completed
27327,U7329,2025-11-12 12:16:00,2025-11-12 12:19:00,F,30~39,office,seoul,0,0,0,0,28,0,0,27,0,0,completed
27328,U7330,2025-09-10 18:32:00,2025-09-10 18:35:00,F,50+,office,seoul,0,0,0,0,8,0,0,70,0,1,completed
27329,U7331,2025-09-25 13:30:00,2025-09-25 13:33:00,M,40~49,office,seoul,0,0,0,0,0,0,0,20,0,0,completed
27330,U7332,2025-12-04 15:24:00,2025-12-04 15:29:00,M,50+,office,seoul,0,0,0,0,16,0,0,62,0,0,completed
27331,U7333,2025-10-04 20:29:00,2025-10-04 20:36:00,M,40~49,office,seoul,1,0,0,0,14,0,0,67,0,0,completed
27332,U7334,2025-11-06 17:27:00,2025-11-06 17:31:00,M,20~29,office,seoul,0,0,0,0,3,0,0,62,0,0,completed
27333,U7335,2025-01-06 20:36:00,2025-01-06 20:42:00,F,30~39,office,seoul,0,0,0,0,6,0,0,17,0,0,completed
27334,U7336,2025-04-10 12:28:00,2025-04-10 12:32:00,M,40~49,office,seoul,0,0,0,0,17,0,0,34,0,0,completed
27335,U7337,2025-07-13 12:39:00,2025-07-13 12:46:00,F,40~49,office,seoul,1,0,0,0,3,0,0,25,0,0,completed
27336,U7338,2025-02-15 18:26:00,2025-02-15 18:33:00,M,30~39,office,seoul,1,0,0,0,12,0,0,21,0,0,completed
27337,U7339,2025-05-14 16:34:00,2025-05-14 16:40:00,M,20~29,office,seoul,0,0,0,0,14,0,0,74,0,0,completed
27338,U7340,2025-08-25 16:21:00,2025-08-25 16:24:00,M,20~29,office,seoul,0,0,0,0,12,0,0,49,0,0,completed
27339,U7341,2025-10-05 15:23:00,2025-10-05 15:30:00,M,20~29,office,seoul,1,0,0,0,13,0,0,68,0,0,completed
27340,U7342,2025-02-20 07:19:00,2025-02-20 07:24:00,M,20~29,office,seoul,0,0,0,0,2,0,0,69,0,0,completed
27341,U7343,2025-10-21 15:50:00,2025-10-21 15:52:00,M,30~39,office,seoul,0,0,0,0,28,0,0,22,0,0,timeout
27342,U7344,2025-03-25 09:51:00,2025-03-25 09:54:00,F,40~49,office,seoul,0,0,0,0,13,0,0,23,0,0,completed
27343,U7345,2025-10-14 12:33:00,2025-10-14 12:40:00,M,20~29,office,seoul,0,0,0,0,3,0,0,50,0,0,error
27344,U7346,2025-01-17 11:50:00,2025-01-17 11:54:00,F,20~29,office,seoul,0,0,0,0,6,0,0,37,0,0,completed
27345,U7347,2025-12-03 14:06:00,2025-12-03 14:11:00,M,30~39,office,seoul,0,0,0,0,7,0,0,57,0,0,completed
27346,U7348,2025-12-02 17:54:00,2025-12-02 17:56:00,M,40~49,office,seoul,0,0,0,0,0,0,0,44,0,0,completed
27347,U7349,2025-02-06 09:12:00,2025-02-06 09:15:00,F,30~39,office,seoul,0,0,0,0,6,0,0,27,0,0,completed
27348,U7350,2025-08-31 09:52:00,2025-08-31 09:54:00,F,20~29,office,seoul,1,0,0,0,11,0,0,56,0,0,completed
27349,U7351,2025-08-12 13:27:00,2025-08-12 13:30:00,M,30~39,office,seoul,0,0,0,0,10,0,0,63,0,0,completed
27350,U7352,2025-12-28 14:30:00,2025-12-28 14:34:00,F,20~29,office,seoul,1,0,0,0,2,0,0,69,0,0,completed
27351,U7353,2025-07-07 12:17:00,2025-07-07 12:24:00,F,40~49,office,seoul,0,0,0,0,20,0,0,47,0,1,completed
27352,U7354,2025-11-29 09:53:00,2025-11-29 09:56:00,F,30~39,office,seoul,1,0,0,0,0,0,0,39,0,0,completed
27353,U7355,2025-12-05 22:09:00,2025-12-05 22:11:00,M,20~29,office,seoul,0,0,0,0,8,0,0,32,0,1,completed
27354,U7356,2025-11-04 17:25:00,2025-11-04 17:27:00,F,20~29,office,seoul,0,0,0,0,6,0,0,26,0,0,completed
27355,U7357,2025-07-14 18:51:00,2025-07-14 18:53:00,F,20~29,office,seoul,0,0,0,0,15,0,0,36,0,0,completed
27356,U7358,2025-03-09 07:57:00,2025-03-09 08:04:00,F,30~39,office,seoul,1,0,0,0,24,0,0,31,0,0,completed
27357,U7359,2025-12-06 14:49:00,2025-12-06 14:52:00,F,50+,office,seoul,1,0,0,0,19,0,0,26,0,0,completed
27358,U7360,2025-04-17 20:17:00,2025-04-17 20:24:00,M,20~29,office,seoul,0,0,0,0,7,0,0,73,0,0,completed
27359,U7361,2025-03-09 09:30:00,2025-03-09 09:34:00,M,30~39,office,seoul,1,0,0,0,6,0,0,27,0,0,completed
27360,U7362,2025-09-20 07:51:00,2025-09-20 07:54:00,F,20~29,office,seoul,1,0,0,0,26,0,0,71,0,0,completed
27361,U7363,2025-02-23 14:16:00,2025-02-23 14:20:00,M,40~49,office,seoul,1,0,0,0,0,0,0,31,0,0,completed
27362,U7364,2025-02-27 15:28:00,2025-02-27 15:32:00,F,20~29,office,seoul,0,0,0,0,19,0,0,45,0,0,abandoned
27363,U7365,2025-04-25 08:42:00,2025-04-25 08:45:00,F,40~49,office,seoul,0,0,0,0,22,0,0,66,0,0,timeout
27364,U7366,2025-03-24 16:10:00,2025-03-24 16:13:00,F,20~29,office,seoul,0,0,0,0,8,0,0,16,0,0,completed
27365,U7367,2025-03-28 18:49:00,2025-03-28 18:51:00,F,30~39,office,seoul,0,0,0,0,25,0,0,50,0,0,completed
27366,U7368,2025-07-15 14:02:00,2025-07-15 14:09:00,F,30~39,office,seoul,0,0,0,0,18,0,0,60,0,0,completed
27367,U7369,2025-07-11 13:18:00,2025-07-11 13:20:00,M,20~29,office,seoul,0,0,0,0,16,0,0,19,0,0,completed
27368,U7370,2025-10-04 14:04:00,2025-10-04 14:07:00,F,40~49,office,seoul,1,0,0,0,29,0,0,21,0,0,completed
27369,U7371,2025-09-17 17:25:00,2025-09-17 17:28:00,M,40~49,office,seoul,0,0,0,0,16,0,0,17,0,0,completed
27370,U7372,2025-10-27 18:09:00,2025-10-27 18:16:00,F,30~39,office,seoul,0,0,0,0,29,0,0,48,0,0,completed
27371,U7373,2025-03-26 07:15:00,2025-03-26 07:17:00,M,20~29,office,seoul,0,0,0,0,2,0,0,37,0,1,completed
27372,U7374,2025-07-27 08:45:00,2025-07-27 08:52:00,M,20~29,office,seoul,1,0,0,0,8,0,0,39,0,0,completed
27373,U7375,2025-06-01 17:49:00,2025-06-01 17:52:00,F,20~29,office,seoul,1,0,0,0,14,0,0,25,1,0,completed
27374,U7376,2025-09-01 08:15:00,2025-09-01 08:18:00,F,20~29,office,seoul,0,0,0,0,10,0,0,45,1,0,completed
27375,U7377,2025-04-14 21:36:00,2025-04-14 21:41:00,F,20~29,office,seoul,0,0,0,0,21,0,0,47,0,0,completed
27376,U7378,2025-04-17 08:25:00,2025-04-17 08:30:00,M,20~29,office,seoul,0,0,0,0,14,0,0,18,0,0,completed
27377,U7379,2025-03-12 17:50:00,2025-03-12 17:54:00,M,20~29,office,seoul,0,0,0,0,22,0,0,70,0,0,completed
27378,U7380,2025-12-31 13:27:00,2025-12-31 13:32:00,F,20~29,office,seoul,0,0,0,0,26,0,0,19,0,0,completed
27379,U7381,2025-03-08 17:59:00,2025-03-08 18:05:00,F,20~29,office,seoul,1,0,0,0,24,0,0,24,0,0,completed
27380,U7382,2025-03-31 16:48:00,2025-03-31 16:52:00,F,30~39,office,seoul,0,0,0,0,17,0,0,59,0,0,completed
27381,U7383,2025-03-03 20:14:00,2025-03-03 20:20:00,M,30~39,office,seoul,0,0,0,0,17,0,0,27,0,0,completed
27382,U7384,2025-09-05 13:10:00,2025-09-05 13:15:00,F,20~29,office,seoul,0,0,0,0,6,0,0,75,0,0,timeout
27383,U7385,2025-04-13 11:41:00,2025-04-13 11:44:00,F,30~39,office,seoul,1,0,0,0,18,0,0,22,0,0,error
27384,U7386,2025-08-21 08:32:00,2025-08-21 08:39:00,M,40~49,office,seoul,0,0,0,0,18,0,0,49,0,0,completed
27385,U7387,2025-12-21 18:01:00,2025-12-21 18:05:00,F,30~39,office,seoul,1,0,0,0,16,0,0,40,0,0,completed
27386,U7388,2025-03-19 14:39:00,2025-03-19 14:41:00,M,50+,office,seoul,0,0,0,0,26,0,0,68,1,0,abandoned
27387,U7389,2025-06-16 11:05:00,2025-06-16 11:07:00,M,50+,office,seoul,0,0,0,0,23,0,0,41,0,0,error
27388,U7390,2025-11-24 22:07:00,2025-11-24 22:13:00,F,50+,office,seoul,0,0,0,0,12,0,0,76,0,0,completed
27389,U7391,2025-03-21 16:46:00,2025-03-21 16:50:00,M,40~49,office,seoul,0,0,0,0,27,0,0,12,0,0,completed
27390,U7392,2025-04-18 08:18:00,2025-04-18 08:24:00,M,40~49,office,seoul,0,0,0,0,21,0,0,53,0,0,completed
27391,U7393,2025-11-27 14:44:00,2025-11-27 14:48:00,F,40~49,office,seoul,0,0,0,0,15,0,0,55,0,0,abandoned
27392,U7394,2025-12-06 16:20:00,2025-12-06 16:24:00,F,30~39,office,seoul,1,0,0,0,11,0,0,73,0,0,completed
27393,U7395,2025-04-15 09:07:00,2025-04-15 09:09:00,M,20~29,office,seoul,0,0,0,0,11,0,0,62,0,0,completed
27394,U7396,2025-02-13 12:20:00,2025-02-13 12:27:00,F,30~39,office,seoul,0,0,0,0,26,0,0,41,0,0,timeout
27395,U7397,2025-01-05 15:13:00,2025-01-05 15:17:00,F,40~49,office,seoul,1,0,0,0,16,0,0,32,0,0,completed
27396,U7398,2025-11-24 20:30:00,2025-11-24 20:34:00,F,50+,office,seoul,0,0,0,0,24,0,0,52,0,0,completed
27397,U7399,2025-05-22 19:32:00,2025-05-22 19:38:00,F,30~39,office,seoul,0,0,0,0,20,0,0,38,0,0,completed
27398,U7400,2025-06-07 15:07:00,2025-06-07 15:10:00,F,40~49,office,seoul,1,0,0,0,4,0,0,40,0,0,completed
27399,U7401,2025-06-10 18:17:00,2025-06-10 18:21:00,M,40~49,office,seoul,0,0,0,0,21,0,0,65,0,0,completed
27400,U7402,2025-08-17 14:02:00,2025-08-17 14:07:00,F,40~49,office,seoul,1,0,0,0,21,0,0,65,0,0,completed
27401,U7403,2025-08-05 08:30:00,2025-08-05 08:32:00,M,30~39,office,seoul,0,0,0,0,29,0,0,32,0,0,completed
27402,U7404,2025-06-12 20:57:00,2025-06-12 21:02:00,M,20~29,office,seoul,0,0,0,0,23,0,0,41,0,0,abandoned
27403,U7405,2025-03-05 12:07:00,2025-03-05 12:12:00,M,20~29,office,seoul,0,0,0,0,23,0,0,74,0,0,completed
27404,U7406,2025-07-13 08:36:00,2025-07-13 08:38:00,M,30~39,office,seoul,1,0,0,0,7,0,0,37,1,0,completed
27405,U7407,2025-06-04 07:26:00,2025-06-04 07:31:00,F,20~29,office,seoul,0,0,0,0,12,0,0,23,0,0,error
27406,U7408,2025-06-23 15:48:00,2025-06-23 15:55:00,F,30~39,office,seoul,0,0,0,0,15,0,0,20,1,0,completed
27407,U7409,2025-09-06 08:27:00,2025-09-06 08:30:00,M,30~39,office,seoul,1,0,0,0,9,0,0,28,0,0,error
27408,U7410,2025-02-22 14:44:00,2025-02-22 14:49:00,M,50+,office,seoul,1,0,0,0,8,0,0,23,0,0,completed
27409,U7411,2025-05-07 17:54:00,2025-05-07 17:56:00,M,40~49,office,seoul,0,0,0,0,4,0,0,77,0,0,abandoned
27410,U7412,2025-11-18 16:24:00,2025-11-18 16:31:00,F,30~39,office,seoul,0,0,0,0,23,0,0,58,0,0,completed
27411,U7413,2025-10-29 14:36:00,2025-10-29 14:40:00,F,20~29,office,seoul,0,0,0,0,21,0,0,42,0,0,completed
27412,U7414,2025-03-09 09:34:00,2025-03-09 09:37:00,M,40~49,office,seoul,1,0,0,0,1,0,0,73,0,0,completed
27413,U7415,2025-06-09 09:19:00,2025-06-09 09:23:00,M,30~39,office,seoul,0,0,0,0,10,0,0,53,1,0,abandoned
27414,U7416,2025-12-02 14:53:00,2025-12-02 14:55:00,F,50+,office,seoul,0,0,0,0,28,0,0,75,1,0,completed
27415,U7417,2025-03-31 11:36:00,2025-03-31 11:41:00,F,40~49,office,seoul,0,0,0,0,25,0,0,48,0,0,completed
27416,U7418,2025-04-27 17:09:00,2025-04-27 17:14:00,F,50+,office,seoul,1,0,0,0,4,0,0,27,0,0,completed
27417,U7419,2025-03-16 12:52:00,2025-03-16 12:59:00,F,20~29,office,seoul,1,0,0,0,4,0,0,44,0,0,completed
27418,U7420,2025-05-09 12:59:00,2025-05-09 13:06:00,M,20~29,office,seoul,0,0,0,0,1,0,0,22,0,0,completed
27419,U7421,2025-09-10 11:50:00,2025-09-10 11:53:00,F,30~39,office,seoul,0,0,0,0,3,0,0,55,0,0,completed
27420,U7422,2025-04-02 16:58:00,2025-04-02 17:04:00,F,20~29,office,seoul,0,0,0,0,24,0,0,66,0,0,completed
27421,U7423,2025-02-08 18:25:00,2025-02-08 18:29:00,M,30~39,office,seoul,1,0,0,0,8,0,0,48,0,0,completed
27422,U7424,2025-02-01 20:38:00,2025-02-01 20:40:00,F,50+,office,seoul,1,0,0,0,17,0,0,17,1,0,completed
27423,U7425,2025-04-26 16:17:00,2025-04-26 16:19:00,F,40~49,office,seoul,1,0,0,0,8,0,0,19,0,0,completed
27424,U7426,2025-07-12 20:50:00,2025-07-12 20:55:00,F,30~39,office,seoul,1,0,0,0,6,0,0,56,0,0,completed
27425,U7427,2025-12-09 15:54:00,2025-12-09 15:59:00,M,50+,office,seoul,0,0,0,0,5,0,0,26,0,0,abandoned
27426,U7428,2025-09-28 09:51:00,2025-09-28 09:55:00,F,20~29,office,seoul,1,0,0,0,29,0,0,61,0,0,completed
27427,U7429,2025-10-30 21:12:00,2025-10-30 21:16:00,F,30~39,office,seoul,0,0,0,0,21,0,0,63,0,0,completed
27428,U7430,2025-09-15 14:02:00,2025-09-15 14:06:00,M,40~49,office,seoul,0,0,0,0,13,0,0,52,0,0,completed
27429,U7431,2025-01-24 19:24:00,2025-01-24 19:29:00,M,40~49,office,seoul,0,0,0,0,26,0,0,43,0,0,completed
27430,U7432,2025-05-02 12:28:00,2025-05-02 12:33:00,M,40~49,office,seoul,0,0,0,0,27,0,0,72,0,0,completed
27431,U7433,2025-08-17 16:42:00,2025-08-17 16:45:00,F,20~29,office,seoul,1,0,0,0,20,0,0,68,0,0,completed
27432,U7434,2025-07-30 17:22:00,2025-07-30 17:27:00,F,20~29,office,seoul,0,0,0,0,28,0,0,42,0,0,completed
27433,U7435,2025-08-30 07:50:00,2025-08-30 07:54:00,M,30~39,office,seoul,1,0,0,0,27,0,0,51,0,0,completed
27434,U7436,2025-04-20 08:19:00,2025-04-20 08:23:00,F,20~29,office,seoul,1,0,0,0,23,0,0,54,0,0,completed
27435,U7437,2025-11-17 13:54:00,2025-11-17 14:01:00,M,50+,office,seoul,0,0,0,0,5,0,0,61,1,0,completed
27436,U7438,2025-02-24 15:32:00,2025-02-24 15:37:00,F,30~39,office,seoul,0,0,0,0,12,0,0,41,0,0,completed
27437,U7439,2025-06-26 09:44:00,2025-06-26 09:51:00,F,40~49,office,seoul,0,0,0,0,25,0,0,67,0,0,abandoned
27438,U7440,2025-04-22 13:17:00,2025-04-22 13:22:00,F,20~29,office,seoul,0,0,0,0,15,0,0,57,0,0,completed
27439,U7441,2025-05-02 12:34:00,2025-05-02 12:39:00,M,40~49,office,seoul,0,0,0,0,11,0,0,51,0,0,completed
27440,U7442,2025-08-30 22:34:00,2025-08-30 22:40:00,M,20~29,office,seoul,1,0,0,0,1,0,0,65,0,0,completed
27441,U7443,2025-06-26 20:37:00,2025-06-26 20:44:00,F,20~29,office,seoul,0,0,0,0,18,0,0,38,0,0,completed
27442,U7444,2025-06-24 09:02:00,2025-06-24 09:06:00,F,20~29,office,seoul,0,0,0,0,26,0,0,22,0,0,completed
27443,U7445,2025-03-29 20:27:00,2025-03-29 20:33:00,M,40~49,office,seoul,1,0,0,0,26,0,0,57,0,0,completed
27444,U7446,2025-10-09 20:19:00,2025-10-09 20:21:00,M,20~29,office,seoul,0,0,0,0,9,0,0,69,0,0,completed
27445,U7447,2025-03-29 13:55:00,2025-03-29 14:02:00,M,40~49,office,seoul,1,0,0,0,6,0,0,46,0,0,completed
27446,U7448,2025-07-05 09:31:00,2025-07-05 09:38:00,M,50+,office,seoul,1,0,0,0,7,0,0,46,0,0,completed
27447,U7449,2025-12-12 07:36:00,2025-12-12 07:39:00,F,30~39,office,seoul,0,0,0,0,14,0,0,29,0,0,completed
27448,U7450,2025-10-28 14:10:00,2025-10-28 14:15:00,M,20~29,office,seoul,0,0,0,0,28,0,0,64,0,0,abandoned
27449,U7451,2025-08-13 12:24:00,2025-08-13 12:31:00,F,30~39,office,seoul,0,0,0,0,26,0,0,12,0,0,completed
27450,U7452,2025-06-04 12:13:00,2025-06-04 12:15:00,F,30~39,office,seoul,0,0,0,0,2,0,0,75,1,0,completed
27451,U7453,2025-10-04 15:34:00,2025-10-04 15:37:00,F,30~39,office,seoul,1,0,0,0,5,0,0,58,0,0,timeout
27452,U7454,2025-10-10 13:58:00,2025-10-10 14:00:00,M,20~29,office,seoul,0,0,0,0,16,0,0,25,0,0,completed
27453,U7455,2025-02-28 22:42:00,2025-02-28 22:44:00,F,40~49,office,seoul,0,0,0,0,14,0,0,51,0,0,completed
27454,U7456,2025-01-15 09:41:00,2025-01-15 09:44:00,F,30~39,office,seoul,0,0,0,0,5,0,0,57,0,0,completed
27455,U7457,2025-07-30 14:41:00,2025-07-30 14:47:00,M,20~29,office,seoul,0,0,0,0,22,0,0,13,0,0,timeout
27456,U7458,2025-01-23 11:01:00,2025-01-23 11:03:00,F,20~29,office,seoul,0,0,0,0,3,0,0,60,0,0,error
27457,U7459,2025-11-28 08:48:00,2025-11-28 08:50:00,F,20~29,office,seoul,0,0,0,0,9,0,0,20,0,0,completed
27458,U7460,2025-09-21 08:52:00,2025-09-21 08:54:00,F,30~39,office,seoul,1,0,0,0,6,0,0,51,0,1,error
27459,U7461,2025-04-20 14:31:00,2025-04-20 14:34:00,F,20~29,office,seoul,1,0,0,0,15,0,0,10,0,0,completed
27460,U7462,2025-01-25 07:35:00,2025-01-25 07:37:00,F,50+,office,seoul,1,0,0,0,9,0,0,67,0,1,completed
27461,U7463,2025-07-23 19:38:00,2025-07-23 19:44:00,F,40~49,office,seoul,0,0,0,0,18,0,0,15,0,0,completed
27462,U7464,2025-12-27 14:50:00,2025-12-27 14:53:00,F,40~49,office,seoul,1,0,0,0,9,0,0,61,0,0,completed
27463,U7465,2025-07-31 18:51:00,2025-07-31 18:58:00,F,20~29,office,seoul,0,0,0,0,20,0,0,60,0,0,completed
27464,U7466,2025-02-05 15:35:00,2025-02-05 15:41:00,F,20~29,office,seoul,0,0,0,0,10,0,0,30,0,0,completed
27465,U7467,2025-07-29 12:41:00,2025-07-29 12:48:00,F,20~29,office,seoul,0,0,0,0,22,0,0,39,0,0,completed
27466,U7468,2025-07-18 15:42:00,2025-07-18 15:45:00,F,50+,office,seoul,0,0,0,0,9,0,0,48,0,0,completed
27467,U7469,2025-03-11 16:29:00,2025-03-11 16:35:00,F,20~29,office,seoul,0,0,0,0,19,0,0,79,0,0,completed
27468,U7470,2025-01-09 15:40:00,2025-01-09 15:45:00,M,50+,office,seoul,0,0,0,0,11,0,0,75,0,0,completed
27469,U7471,2025-07-08 09:09:00,2025-07-08 09:13:00,F,50+,office,seoul,0,0,0,0,29,0,0,59,0,0,abandoned
27470,U7472,2025-11-22 20:35:00,2025-11-22 20:42:00,M,20~29,office,seoul,1,0,0,0,16,0,0,27,0,0,completed
27471,U7473,2025-09-07 16:43:00,2025-09-07 16:50:00,M,30~39,office,seoul,1,0,0,0,18,0,0,52,0,0,completed
27472,U7474,2025-12-21 14:48:00,2025-12-21 14:55:00,F,30~39,office,seoul,1,0,0,0,12,0,0,17,0,0,completed
27473,U7475,2025-12-22 19:48:00,2025-12-22 19:53:00,M,20~29,office,seoul,0,0,0,0,27,0,0,23,0,0,completed
27474,U7476,2025-11-07 19:44:00,2025-11-07 19:48:00,M,40~49,office,seoul,0,0,0,0,25,0,0,27,0,0,completed
27475,U7477,2025-11-14 14:19:00,2025-11-14 14:22:00,M,30~39,office,seoul,0,0,0,0,14,0,0,13,0,0,abandoned
27476,U7478,2025-07-06 12:49:00,2025-07-06 12:51:00,F,40~49,office,seoul,1,0,0,0,13,0,0,34,0,0,completed
27477,U7479,2025-09-22 11:24:00,2025-09-22 11:28:00,M,20~29,office,seoul,0,0,0,0,0,0,0,16,0,0,completed
27478,U7480,2025-02-17 13:21:00,2025-02-17 13:26:00,M,20~29,office,seoul,0,0,0,0,24,0,0,61,0,0,completed
27479,U7481,2025-11-22 22:46:00,2025-11-22 22:50:00,F,40~49,office,seoul,1,0,0,0,20,0,0,65,0,0,completed
27480,U7482,2025-09-07 19:26:00,2025-09-07 19:29:00,F,20~29,office,seoul,1,0,0,0,7,0,0,27,0,0,completed
27481,U7483,2025-03-15 16:18:00,2025-03-15 16:22:00,F,40~49,office,seoul,1,0,0,0,23,0,0,66,0,0,completed
27482,U7484,2025-05-11 22:36:00,2025-05-11 22:41:00,M,50+,office,seoul,1,0,0,0,24,0,0,47,0,0,completed
27483,U7485,2025-07-19 13:08:00,2025-07-19 13:14:00,M,20~29,office,seoul,1,0,0,0,2,0,0,10,0,0,completed
27484,U7486,2025-03-22 15:00:00,2025-03-22 15:05:00,M,50+,office,seoul,1,0,0,0,22,0,0,37,0,0,completed
27485,U7487,2025-04-02 16:04:00,2025-04-02 16:07:00,F,50+,office,seoul,0,0,0,0,8,0,0,29,0,0,completed
27486,U7488,2025-01-23 08:41:00,2025-01-23 08:44:00,F,40~49,office,seoul,0,0,0,0,8,0,0,37,0,0,completed
27487,U7489,2025-03-14 16:40:00,2025-03-14 16:47:00,F,30~39,office,seoul,0,0,0,0,13,0,0,75,0,0,completed
27488,U7490,2025-12-18 08:01:00,2025-12-18 08:05:00,M,30~39,office,seoul,0,0,0,0,0,0,0,67,0,0,completed
27489,U7491,2025-02-17 08:47:00,2025-02-17 08:54:00,F,30~39,office,seoul,0,0,0,0,5,0,0,45,0,0,completed
27490,U7492,2025-08-02 11:32:00,2025-08-02 11:37:00,M,40~49,office,seoul,1,0,0,0,5,0,0,78,0,0,abandoned
27491,U7493,2025-09-24 14:56:00,2025-09-24 15:01:00,F,50+,office,seoul,0,0,0,0,10,0,0,15,0,0,completed
27492,U7494,2025-03-23 17:13:00,2025-03-23 17:20:00,M,20~29,office,seoul,1,0,0,0,6,0,0,64,0,0,completed
27493,U7495,2025-07-28 12:43:00,2025-07-28 12:47:00,M,30~39,office,seoul,0,0,0,0,7,0,0,59,0,0,completed
27494,U7496,2025-02-07 14:16:00,2025-02-07 14:23:00,F,40~49,office,seoul,0,0,0,0,12,0,0,41,0,0,abandoned
27495,U7497,2025-01-22 12:38:00,2025-01-22 12:43:00,M,50+,office,seoul,0,0,0,0,0,0,0,78,0,0,completed
27496,U7498,2025-06-19 13:58:00,2025-06-19 14:02:00,M,20~29,office,seoul,0,0,0,0,15,0,0,62,0,0,completed
27497,U7499,2025-04-23 17:45:00,2025-04-23 17:47:00,M,40~49,office,seoul,0,0,0,0,1,0,0,53,0,0,completed
27498,U7500,2025-11-27 07:13:00,2025-11-27 07:19:00,M,50+,office,seoul,0,0,0,0,8,0,0,62,0,0,abandoned
27499,U7501,2025-02-02 15:17:00,2025-02-02 15:24:00,F,20~29,office,seoul,1,0,0,0,27,0,0,30,0,0,completed
27500,U7502,2025-10-18 13:00:00,2025-10-18 13:07:00,F,50+,office,seoul,1,0,0,0,10,0,0,11,0,0,completed
27501,U7503,2025-06-19 08:53:00,2025-06-19 08:57:00,M,40~49,office,seoul,0,0,0,0,15,0,0,30,0,0,completed
27502,U7504,2025-02-24 14:42:00,2025-02-24 14:49:00,F,30~39,office,seoul,0,0,0,0,15,0,0,56,0,0,completed
27503,U7505,2025-10-28 19:21:00,2025-10-28 19:24:00,M,20~29,office,seoul,0,0,0,0,0,0,0,62,0,0,completed
27504,U7506,2025-06-02 11:41:00,2025-06-02 11:45:00,M,30~39,office,seoul,0,0,0,0,7,0,0,16,0,0,completed
27505,U7507,2025-03-14 20:38:00,2025-03-14 20:45:00,M,40~49,office,seoul,0,0,0,0,15,0,0,70,0,0,completed
27506,U7508,2025-07-27 20:16:00,2025-07-27 20:20:00,M,30~39,office,seoul,1,0,0,0,21,0,0,69,0,0,completed
27507,U7509,2025-05-30 11:46:00,2025-05-30 11:51:00,M,30~39,office,seoul,0,0,0,0,23,0,0,68,0,0,timeout
27508,U7510,2025-03-16 15:41:00,2025-03-16 15:45:00,M,50+,office,seoul,1,0,0,0,27,0,0,16,0,0,completed
27509,U7511,2025-12-04 18:17:00,2025-12-04 18:21:00,F,30~39,office,seoul,0,0,0,0,17,0,0,45,0,0,completed
27510,U7512,2025-10-16 14:55:00,2025-10-16 14:59:00,F,40~49,office,seoul,0,0,0,0,28,0,0,31,0,0,completed
27511,U7513,2025-03-09 12:58:00,2025-03-09 13:00:00,M,20~29,office,seoul,1,0,0,0,7,0,0,72,0,0,completed
27512,U7514,2025-12-19 08:00:00,2025-12-19 08:04:00,M,20~29,office,seoul,0,0,0,0,17,0,0,21,0,0,completed
27513,U7515,2025-12-12 14:46:00,2025-12-12 14:49:00,M,40~49,office,seoul,0,0,0,0,24,0,0,38,0,0,completed
27514,U7516,2025-06-10 13:33:00,2025-06-10 13:38:00,M,20~29,office,seoul,0,0,0,0,13,0,0,20,0,0,timeout
27515,U7517,2025-09-25 13:52:00,2025-09-25 13:56:00,M,20~29,office,seoul,0,0,0,0,5,0,0,53,0,0,completed
27516,U7518,2025-07-05 07:17:00,2025-07-05 07:19:00,F,50+,office,seoul,1,0,0,0,15,0,0,72,0,0,completed
27517,U7519,2025-04-29 12:01:00,2025-04-29 12:08:00,F,50+,office,seoul,0,0,0,0,18,0,0,79,1,0,completed
27518,U7520,2025-03-02 07:00:00,2025-03-02 07:02:00,F,20~29,office,seoul,1,0,0,0,22,0,0,36,0,0,completed
27519,U7521,2025-10-18 15:50:00,2025-10-18 15:54:00,M,30~39,office,seoul,1,0,0,0,15,0,0,78,0,0,abandoned
27520,U7522,2025-01-12 22:33:00,2025-01-12 22:37:00,M,20~29,office,seoul,1,0,0,0,24,0,0,10,0,0,abandoned
27521,U7523,2025-03-02 18:55:00,2025-03-02 18:57:00,F,20~29,office,seoul,1,0,0,0,16,0,0,19,0,0,timeout
27522,U7524,2025-07-01 17:13:00,2025-07-01 17:15:00,F,50+,office,seoul,0,0,0,0,10,0,0,31,0,0,completed
27523,U7525,2025-11-18 12:19:00,2025-11-18 12:22:00,F,20~29,office,seoul,0,0,0,0,26,0,0,48,0,0,completed
27524,U7526,2025-12-09 13:22:00,2025-12-09 13:28:00,M,20~29,office,seoul,0,0,0,0,19,0,0,70,0,0,completed
27525,U7527,2025-05-28 12:24:00,2025-05-28 12:30:00,F,20~29,office,seoul,0,0,0,0,26,0,0,49,0,0,completed
27526,U7528,2025-11-15 18:20:00,2025-11-15 18:25:00,M,20~29,office,seoul,1,0,0,0,28,0,0,56,0,0,completed
27527,U7529,2025-02-21 08:48:00,2025-02-21 08:50:00,F,20~29,office,seoul,0,0,0,0,21,0,0,62,0,0,completed
27528,U7530,2025-07-29 12:18:00,2025-07-29 12:25:00,F,40~49,office,seoul,0,0,0,0,18,0,0,37,0,0,error
27529,U7531,2025-11-07 07:11:00,2025-11-07 07:14:00,F,20~29,office,seoul,0,0,0,0,12,0,0,56,0,0,completed
27530,U7532,2025-01-08 17:28:00,2025-01-08 17:34:00,F,20~29,office,seoul,0,0,0,0,5,0,0,21,0,0,completed
27531,U7533,2025-01-15 13:31:00,2025-01-15 13:35:00,F,40~49,office,seoul,0,0,0,0,23,0,0,32,0,0,completed
27532,U7534,2025-02-26 15:18:00,2025-02-26 15:21:00,F,20~29,office,seoul,0,0,0,0,4,0,0,48,0,0,completed
27533,U7535,2025-02-20 20:25:00,2025-02-20 20:32:00,F,30~39,office,seoul,0,0,0,0,0,0,0,67,0,0,completed
27534,U7536,2025-09-29 07:36:00,2025-09-29 07:43:00,F,30~39,office,seoul,0,0,0,0,27,0,0,68,0,0,completed
27535,U7537,2025-12-06 14:12:00,2025-12-06 14:15:00,M,40~49,office,seoul,1,0,0,0,19,0,0,46,0,0,completed
27536,U7538,2025-01-27 08:55:00,2025-01-27 09:00:00,F,40~49,office,seoul,0,0,0,0,29,0,0,65,0,0,completed
27537,U7539,2025-10-01 11:59:00,2025-10-01 12:04:00,F,50+,office,seoul,0,0,0,0,3,0,0,60,0,0,completed
27538,U7540,2025-10-17 18:11:00,2025-10-17 18:14:00,F,50+,office,seoul,0,0,0,0,2,0,0,29,1,0,completed
27539,U7541,2025-03-18 17:20:00,2025-03-18 17:26:00,F,40~49,office,seoul,0,0,0,0,24,0,0,24,0,0,completed
27540,U7542,2025-12-01 17:00:00,2025-12-01 17:06:00,F,30~39,office,seoul,0,0,0,0,20,0,0,19,0,0,completed
27541,U7543,2025-03-17 17:45:00,2025-03-17 17:47:00,F,40~49,office,seoul,0,0,0,0,1,0,0,71,0,0,completed
27542,U7544,2025-08-18 12:00:00,2025-08-18 12:02:00,F,20~29,office,seoul,0,0,0,0,16,0,0,38,0,0,completed
27543,U7545,2025-10-30 14:22:00,2025-10-30 14:28:00,F,20~29,office,seoul,0,0,0,0,2,0,0,31,0,0,abandoned
27544,U7546,2025-07-20 12:16:00,2025-07-20 12:23:00,F,50+,office,seoul,1,0,0,0,18,0,0,16,1,0,completed
27545,U7547,2025-02-19 16:24:00,2025-02-19 16:27:00,M,30~39,office,seoul,0,0,0,0,21,0,0,25,0,0,completed
27546,U7548,2025-06-30 15:01:00,2025-06-30 15:06:00,F,30~39,office,seoul,0,0,0,0,27,0,0,57,0,0,completed
27547,U7549,2025-06-19 15:13:00,2025-06-19 15:16:00,F,40~49,office,seoul,0,0,0,0,11,0,0,61,0,1,error
27548,U7550,2025-06-05 17:59:00,2025-06-05 18:02:00,F,40~49,office,seoul,0,0,0,0,26,0,0,78,0,0,completed
27549,U7551,2025-08-19 22:48:00,2025-08-19 22:50:00,F,20~29,office,seoul,0,0,0,0,22,0,0,70,0,0,completed
27550,U7552,2025-02-20 11:53:00,2025-02-20 11:55:00,F,40~49,office,seoul,0,0,0,0,15,0,0,10,0,0,completed
27551,U7553,2025-11-16 16:53:00,2025-11-16 16:55:00,F,50+,office,seoul,1,0,0,0,3,0,0,32,0,0,completed
27552,U7554,2025-09-15 09:14:00,2025-09-15 09:17:00,F,40~49,office,seoul,0,0,0,0,14,0,0,65,0,0,completed
27553,U7555,2025-04-22 12:21:00,2025-04-22 12:28:00,M,20~29,office,seoul,0,0,0,0,9,0,0,61,0,0,completed
27554,U7556,2025-02-17 07:31:00,2025-02-17 07:33:00,M,30~39,office,seoul,0,0,0,0,23,0,0,14,0,0,completed
27555,U7557,2025-02-09 13:03:00,2025-02-09 13:10:00,F,40~49,office,seoul,1,0,0,0,28,0,0,40,0,0,completed
27556,U7558,2025-09-08 08:21:00,2025-09-08 08:28:00,M,40~49,office,seoul,0,0,0,0,2,0,0,64,0,0,completed
27557,U7559,2025-08-10 16:26:00,2025-08-10 16:28:00,M,30~39,office,seoul,1,0,0,0,3,0,0,27,0,0,timeout
27558,U7560,2025-12-06 18:29:00,2025-12-06 18:33:00,F,50+,office,seoul,1,0,0,0,23,0,0,48,0,0,abandoned
27559,U7561,2025-01-30 15:20:00,2025-01-30 15:25:00,M,40~49,office,seoul,0,0,0,0,9,0,0,30,0,0,timeout
27560,U7562,2025-09-24 07:58:00,2025-09-24 08:00:00,M,30~39,office,seoul,0,0,0,0,4,0,0,59,0,0,completed
27561,U7563,2025-07-03 07:27:00,2025-07-03 07:33:00,M,40~49,office,seoul,0,0,0,0,22,0,0,78,0,0,completed
27562,U7564,2025-11-06 17:22:00,2025-11-06 17:29:00,M,20~29,office,seoul,0,0,0,0,22,0,0,13,0,0,completed
27563,U7565,2025-04-05 12:23:00,2025-04-05 12:27:00,F,20~29,office,seoul,1,0,0,0,8,0,0,54,0,0,completed
27564,U7566,2025-10-01 16:03:00,2025-10-01 16:06:00,F,30~39,office,seoul,0,0,0,0,7,0,0,53,0,0,completed
27565,U7567,2025-05-01 16:27:00,2025-05-01 16:34:00,F,30~39,office,seoul,0,0,0,0,8,0,0,69,1,0,completed
27566,U7568,2025-06-06 14:50:00,2025-06-06 14:53:00,F,40~49,office,seoul,0,0,0,0,6,0,0,18,0,0,completed
27567,U7569,2025-03-23 17:55:00,2025-03-23 17:59:00,F,40~49,office,seoul,1,0,0,0,12,0,0,77,0,0,completed
27568,U7570,2025-06-02 16:40:00,2025-06-02 16:42:00,F,50+,office,seoul,0,0,0,0,7,0,0,60,0,0,completed
27569,U7571,2025-10-13 07:34:00,2025-10-13 07:38:00,F,40~49,office,seoul,0,0,0,0,7,0,0,67,0,0,completed
27570,U7572,2025-09-21 13:05:00,2025-09-21 13:10:00,F,50+,office,seoul,1,0,0,0,25,0,0,41,0,0,abandoned
27571,U7573,2025-03-11 17:12:00,2025-03-11 17:19:00,F,40~49,office,seoul,0,0,0,0,15,0,0,26,0,0,completed
27572,U7574,2025-03-09 12:11:00,2025-03-09 12:18:00,F,20~29,office,seoul,1,0,0,0,6,0,0,44,0,0,completed
27573,U7575,2025-02-04 13:27:00,2025-02-04 13:33:00,F,50+,office,seoul,0,0,0,0,16,0,0,20,0,0,completed
27574,U7576,2025-05-26 16:33:00,2025-05-26 16:38:00,F,30~39,office,seoul,0,0,0,0,3,0,0,45,0,0,completed
27575,U7577,2025-12-15 15:03:00,2025-12-15 15:09:00,F,50+,office,seoul,0,0,0,0,14,0,0,29,0,0,completed
27576,U7578,2025-12-21 11:06:00,2025-12-21 11:09:00,F,40~49,office,seoul,1,0,0,0,9,0,0,45,0,0,completed
27577,U7579,2025-04-18 09:37:00,2025-04-18 09:44:00,F,30~39,office,seoul,0,0,0,0,9,0,0,17,0,0,completed
27578,U7580,2025-02-02 15:22:00,2025-02-02 15:25:00,F,30~39,office,seoul,1,0,0,0,24,0,0,51,0,0,completed
27579,U7581,2025-05-28 08:57:00,2025-05-28 08:59:00,F,40~49,office,seoul,0,0,0,0,13,0,0,44,0,0,abandoned
27580,U7582,2025-09-09 08:54:00,2025-09-09 09:01:00,M,20~29,office,seoul,0,0,0,0,5,0,0,74,0,0,timeout
27581,U7583,2025-11-08 16:07:00,2025-11-08 16:09:00,M,30~39,office,seoul,1,0,0,0,27,0,0,53,0,0,completed
27582,U7584,2025-09-17 07:14:00,2025-09-17 07:21:00,F,40~49,office,seoul,0,0,0,0,8,0,0,67,0,0,completed
27583,U7585,2025-06-26 12:03:00,2025-06-26 12:08:00,F,20~29,office,seoul,0,0,0,0,19,0,0,20,0,0,abandoned
27584,U7586,2025-06-27 21:51:00,2025-06-27 21:58:00,M,50+,office,seoul,0,0,0,0,21,0,0,16,0,0,completed
27585,U7587,2025-03-08 15:32:00,2025-03-08 15:37:00,F,50+,office,seoul,1,0,0,0,6,0,0,15,0,0,completed
27586,U7588,2025-05-02 13:30:00,2025-05-02 13:34:00,F,20~29,office,seoul,0,0,0,0,3,0,0,58,0,0,completed
27587,U7589,2025-11-27 17:30:00,2025-11-27 17:37:00,M,20~29,office,seoul,0,0,0,0,6,0,0,27,0,0,completed
27588,U7590,2025-08-14 18:24:00,2025-08-14 18:26:00,F,30~39,office,seoul,0,0,0,0,24,0,0,28,0,0,completed
27589,U7591,2025-04-18 09:38:00,2025-04-18 09:42:00,F,50+,office,seoul,0,0,0,0,20,0,0,28,0,0,completed
27590,U7592,2025-01-11 15:42:00,2025-01-11 15:46:00,M,20~29,office,seoul,1,0,0,0,11,0,0,77,0,0,completed
27591,U7593,2025-12-08 15:22:00,2025-12-08 15:25:00,M,20~29,office,seoul,0,0,0,0,27,0,0,18,0,0,completed
27592,U7594,2025-06-15 12:51:00,2025-06-15 12:53:00,F,30~39,office,seoul,1,0,0,0,27,0,0,52,0,0,completed
27593,U7595,2025-07-12 19:57:00,2025-07-12 20:00:00,M,30~39,office,seoul,1,0,0,0,23,0,0,65,0,0,completed
27594,U7596,2025-05-31 13:01:00,2025-05-31 13:07:00,F,20~29,office,seoul,1,0,0,0,16,0,0,26,0,0,completed
27595,U7597,2025-06-29 11:37:00,2025-06-29 11:43:00,M,50+,office,seoul,1,0,0,0,14,0,0,36,0,0,completed
27596,U7598,2025-01-30 16:07:00,2025-01-30 16:13:00,M,40~49,office,seoul,0,0,0,0,0,0,0,21,0,0,completed
27597,U7599,2025-05-16 18:01:00,2025-05-16 18:06:00,M,20~29,office,seoul,0,0,0,0,26,0,0,15,0,0,completed
27598,U7600,2025-09-09 15:38:00,2025-09-09 15:40:00,F,30~39,office,seoul,0,0,0,0,17,0,0,21,0,0,timeout
27599,U7601,2025-06-15 15:23:00,2025-06-15 15:29:00,M,30~39,office,seoul,1,0,0,0,29,0,0,63,0,0,completed
27600,U7602,2025-10-11 12:31:00,2025-10-11 12:34:00,M,30~39,office,seoul,1,0,0,0,10,0,0,13,0,0,completed
27601,U7603,2025-05-11 14:21:00,2025-05-11 14:26:00,M,30~39,office,seoul,1,0,0,0,12,0,0,22,0,0,completed
27602,U7604,2025-09-09 15:40:00,2025-09-09 15:45:00,F,20~29,office,seoul,0,0,0,0,13,0,0,42,0,0,timeout
27603,U7605,2025-08-16 15:49:00,2025-08-16 15:53:00,F,20~29,office,seoul,1,0,0,0,23,0,0,45,0,0,completed
27604,U7606,2025-08-20 12:54:00,2025-08-20 12:57:00,M,30~39,office,seoul,0,0,0,0,20,0,0,25,0,0,completed
27605,U7607,2025-01-14 18:40:00,2025-01-14 18:45:00,M,30~39,office,seoul,0,0,0,0,9,0,0,12,0,0,timeout
27606,U7608,2025-07-19 17:17:00,2025-07-19 17:21:00,F,40~49,office,seoul,1,0,0,0,10,0,0,63,0,0,completed
27607,U7609,2025-09-13 12:45:00,2025-09-13 12:51:00,F,30~39,office,seoul,1,0,0,0,14,0,0,36,0,0,completed
27608,U7610,2025-03-26 20:57:00,2025-03-26 20:59:00,M,40~49,office,seoul,0,0,0,0,2,0,0,40,0,0,completed
27609,U7611,2025-05-07 13:54:00,2025-05-07 14:01:00,M,20~29,office,seoul,0,0,0,0,9,0,0,19,0,0,completed
27610,U7612,2025-10-30 14:13:00,2025-10-30 14:17:00,M,20~29,office,seoul,0,0,0,0,19,0,0,51,0,0,completed
27611,U7613,2025-07-18 13:34:00,2025-07-18 13:36:00,M,40~49,office,seoul,0,0,0,0,10,0,0,56,0,0,completed
27612,U7614,2025-10-04 08:58:00,2025-10-04 09:02:00,F,30~39,office,seoul,1,0,0,0,8,0,0,70,0,0,completed
27613,U7615,2025-10-02 16:21:00,2025-10-02 16:26:00,M,20~29,office,seoul,0,0,0,0,14,0,0,34,0,0,completed
27614,U7616,2025-06-24 07:48:00,2025-06-24 07:50:00,F,30~39,office,seoul,0,0,0,0,29,0,0,12,0,0,completed
27615,U7617,2025-12-08 09:45:00,2025-12-08 09:50:00,F,40~49,office,seoul,0,0,0,0,28,0,0,68,0,0,completed
27616,U7618,2025-07-04 21:50:00,2025-07-04 21:53:00,F,30~39,office,seoul,0,0,0,0,29,0,0,64,1,0,completed
27617,U7619,2025-12-21 16:50:00,2025-12-21 16:55:00,M,30~39,office,seoul,1,0,0,0,3,0,0,73,0,0,completed
27618,U7620,2025-01-28 12:01:00,2025-01-28 12:03:00,M,30~39,office,seoul,0,0,0,0,9,0,0,36,0,0,completed
27619,U7621,2025-06-04 12:25:00,2025-06-04 12:32:00,F,20~29,office,seoul,0,0,0,0,14,0,0,59,0,0,completed
27620,U7622,2025-05-25 19:06:00,2025-05-25 19:08:00,F,30~39,office,seoul,1,0,0,0,25,0,0,56,0,0,completed
27621,U7623,2025-12-03 14:25:00,2025-12-03 14:30:00,F,50+,office,seoul,0,0,0,0,7,0,0,44,0,0,completed
27622,U7624,2025-10-25 09:07:00,2025-10-25 09:10:00,F,30~39,office,seoul,1,0,0,0,8,0,0,46,0,0,completed
27623,U7625,2025-02-23 19:34:00,2025-02-23 19:39:00,F,20~29,office,seoul,1,0,0,0,10,0,0,18,0,0,abandoned
27624,U7626,2025-08-13 08:34:00,2025-08-13 08:37:00,F,40~49,office,seoul,0,0,0,0,6,0,0,77,0,0,completed
27625,U7627,2025-11-17 11:49:00,2025-11-17 11:54:00,M,20~29,office,seoul,0,0,0,0,23,0,0,73,0,0,completed
27626,U7628,2025-12-05 14:47:00,2025-12-05 14:53:00,M,20~29,office,seoul,0,0,0,0,22,0,0,32,0,0,abandoned
27627,U7629,2025-12-29 13:30:00,2025-12-29 13:36:00,M,50+,office,seoul,0,0,0,0,22,0,0,75,0,0,completed
27628,U7630,2025-09-03 22:18:00,2025-09-03 22:21:00,F,50+,office,seoul,0,0,0,0,8,0,0,52,0,0,completed
27629,U7631,2025-09-17 18:24:00,2025-09-17 18:31:00,M,40~49,office,seoul,0,0,0,0,19,0,0,64,0,0,completed
27630,U7632,2025-07-21 15:50:00,2025-07-21 15:55:00,F,30~39,office,seoul,0,0,0,0,26,0,0,25,0,0,completed
27631,U7633,2025-01-08 11:43:00,2025-01-08 11:47:00,F,30~39,office,seoul,0,0,0,0,26,0,0,15,0,0,completed
27632,U7634,2025-02-03 09:13:00,2025-02-03 09:17:00,F,30~39,office,seoul,0,0,0,0,13,0,0,18,0,0,completed
27633,U7635,2025-02-05 18:15:00,2025-02-05 18:17:00,F,20~29,office,seoul,0,0,0,0,23,0,0,18,0,0,completed
27634,U7636,2025-01-05 15:09:00,2025-01-05 15:13:00,M,30~39,office,seoul,1,0,0,0,24,0,0,34,0,0,completed
27635,U7637,2025-09-27 14:55:00,2025-09-27 14:57:00,M,50+,office,seoul,1,0,0,0,17,0,0,72,0,0,completed
27636,U7638,2025-03-30 20:43:00,2025-03-30 20:47:00,F,40~49,office,seoul,1,0,0,0,13,0,0,52,0,0,abandoned
27637,U7639,2025-04-14 14:38:00,2025-04-14 14:43:00,F,30~39,office,seoul,0,0,0,0,19,0,0,14,0,0,completed
27638,U7640,2025-04-23 12:13:00,2025-04-23 12:20:00,M,50+,office,seoul,0,0,0,0,27,0,0,45,1,0,completed
27639,U7641,2025-05-07 15:31:00,2025-05-07 15:34:00,F,50+,office,seoul,0,0,0,0,22,0,0,56,0,0,completed
27640,U7642,2025-11-14 15:48:00,2025-11-14 15:53:00,F,20~29,office,seoul,0,0,0,0,20,0,0,77,0,0,completed
27641,U7643,2025-04-25 08:26:00,2025-04-25 08:28:00,M,30~39,office,seoul,0,0,0,0,21,0,0,70,0,0,completed
27642,U7644,2025-02-25 11:27:00,2025-02-25 11:33:00,M,20~29,office,seoul,0,0,0,0,18,0,0,70,0,0,completed
27643,U7645,2025-01-08 18:23:00,2025-01-08 18:28:00,F,20~29,office,seoul,0,0,0,0,25,0,0,32,0,0,completed
27644,U7646,2025-12-01 22:45:00,2025-12-01 22:50:00,F,30~39,office,seoul,0,0,0,0,7,0,0,32,0,0,completed
27645,U7647,2025-12-31 16:14:00,2025-12-31 16:21:00,F,40~49,office,seoul,0,0,0,0,21,0,0,17,0,0,completed
27646,U7648,2025-01-25 20:45:00,2025-01-25 20:47:00,F,20~29,office,seoul,1,0,0,0,18,0,0,21,0,0,abandoned
27647,U7649,2025-12-29 12:28:00,2025-12-29 12:31:00,M,20~29,office,seoul,0,0,0,0,29,0,0,54,0,0,completed
27648,U7650,2025-09-12 17:47:00,2025-09-12 17:49:00,M,50+,office,seoul,0,0,0,0,10,0,0,13,0,0,completed
27649,U7651,2025-07-24 15:54:00,2025-07-24 16:00:00,M,50+,office,seoul,0,0,0,0,21,0,0,66,0,0,completed
27650,U7652,2025-02-28 20:41:00,2025-02-28 20:45:00,F,30~39,office,seoul,0,0,0,0,24,0,0,11,0,0,completed
27651,U7653,2025-01-07 13:04:00,2025-01-07 13:07:00,F,20~29,office,seoul,0,0,0,0,15,0,0,55,0,0,abandoned
27652,U7654,2025-01-17 09:18:00,2025-01-17 09:23:00,F,30~39,office,seoul,0,0,0,0,26,0,0,57,0,1,completed
27653,U7655,2025-07-22 13:11:00,2025-07-22 13:13:00,F,40~49,office,seoul,0,0,0,0,2,0,0,38,1,0,completed
27654,U7656,2025-11-04 12:30:00,2025-11-04 12:32:00,F,20~29,office,seoul,0,0,0,0,17,0,0,79,0,0,completed
27655,U7657,2025-10-27 16:33:00,2025-10-27 16:35:00,M,20~29,office,seoul,0,0,0,0,15,0,0,49,0,0,abandoned
27656,U7658,2025-08-11 18:41:00,2025-08-11 18:45:00,M,50+,office,seoul,0,0,0,0,12,0,0,12,0,1,completed
27657,U7659,2025-10-17 15:20:00,2025-10-17 15:22:00,F,30~39,office,seoul,0,0,0,0,3,0,0,79,0,0,completed
27658,U7660,2025-05-20 13:28:00,2025-05-20 13:32:00,F,40~49,office,seoul,0,0,0,0,5,0,0,20,0,0,completed
27659,U7661,2025-01-14 08:08:00,2025-01-14 08:10:00,F,50+,office,seoul,0,0,0,0,2,0,0,33,0,0,completed
27660,U7662,2025-01-22 07:57:00,2025-01-22 08:04:00,F,40~49,office,seoul,0,0,0,0,29,0,0,55,0,0,completed
27661,U7663,2025-11-06 19:53:00,2025-11-06 19:56:00,F,30~39,office,seoul,0,0,0,0,7,0,0,20,0,1,completed
27662,U7664,2025-10-16 16:10:00,2025-10-16 16:15:00,M,40~49,office,seoul,0,0,0,0,2,0,0,71,0,0,completed
27663,U7665,2025-03-15 07:50:00,2025-03-15 07:53:00,M,30~39,office,seoul,1,0,0,0,1,0,0,10,0,0,completed
27664,U7666,2025-05-09 14:07:00,2025-05-09 14:14:00,M,40~49,office,seoul,0,0,0,0,7,0,0,54,1,0,completed
27665,U7667,2025-09-04 14:50:00,2025-09-04 14:55:00,F,40~49,office,seoul,0,0,0,0,8,0,0,43,0,0,completed
27666,U7668,2025-11-14 11:35:00,2025-11-14 11:38:00,M,30~39,office,seoul,0,0,0,0,0,0,0,73,0,0,completed
27667,U7669,2025-12-10 08:38:00,2025-12-10 08:41:00,M,20~29,office,seoul,0,0,0,0,24,0,0,36,0,0,completed
27668,U7670,2025-07-21 09:30:00,2025-07-21 09:36:00,F,30~39,office,seoul,0,0,0,0,10,0,0,47,0,0,completed
27669,U7671,2025-08-31 12:45:00,2025-08-31 12:52:00,F,20~29,office,seoul,1,0,0,0,3,0,0,49,0,0,completed
27670,U7672,2025-01-16 11:58:00,2025-01-16 12:02:00,F,20~29,office,seoul,0,0,0,0,21,0,0,79,0,0,abandoned
27671,U7673,2025-04-08 08:42:00,2025-04-08 08:48:00,F,30~39,office,seoul,0,0,0,0,0,0,0,38,0,0,completed
27672,U7674,2025-06-06 17:49:00,2025-06-06 17:54:00,M,40~49,office,seoul,0,0,0,0,12,0,0,69,0,0,completed
27673,U7675,2025-07-19 08:09:00,2025-07-19 08:13:00,F,40~49,office,seoul,1,0,0,0,14,0,0,48,0,1,completed
27674,U7676,2025-02-26 13:29:00,2025-02-26 13:36:00,F,20~29,office,seoul,0,0,0,0,8,0,0,60,0,0,completed
27675,U7677,2025-04-24 11:08:00,2025-04-24 11:13:00,M,40~49,office,seoul,0,0,0,0,10,0,0,73,0,0,completed
27676,U7678,2025-07-30 09:36:00,2025-07-30 09:38:00,F,20~29,office,seoul,0,0,0,0,26,0,0,33,0,0,completed
27677,U7679,2025-02-13 17:51:00,2025-02-13 17:53:00,F,50+,office,seoul,0,0,0,0,29,0,0,21,0,0,completed
27678,U7680,2025-10-27 12:07:00,2025-10-27 12:13:00,M,50+,office,seoul,0,0,0,0,4,0,0,78,1,0,completed
27679,U7681,2025-06-30 08:37:00,2025-06-30 08:39:00,F,30~39,office,seoul,0,0,0,0,4,0,0,73,0,0,completed
27680,U7682,2025-06-26 09:49:00,2025-06-26 09:51:00,F,20~29,office,seoul,0,0,0,0,10,0,0,31,0,0,completed
27681,U7683,2025-07-03 13:49:00,2025-07-03 13:56:00,M,50+,office,seoul,0,0,0,0,2,0,0,21,0,0,timeout
27682,U7684,2025-03-17 09:54:00,2025-03-17 10:00:00,F,20~29,office,seoul,0,0,0,0,25,0,0,20,0,0,abandoned
27683,U7685,2025-08-26 16:24:00,2025-08-26 16:28:00,F,40~49,office,seoul,0,0,0,0,28,0,0,50,0,0,completed
27684,U7686,2025-12-28 11:14:00,2025-12-28 11:21:00,F,20~29,office,seoul,1,0,0,0,15,0,0,19,0,0,error
27685,U7687,2025-05-24 13:04:00,2025-05-24 13:11:00,F,20~29,office,seoul,1,0,0,0,19,0,0,45,0,0,timeout
27686,U7688,2025-01-16 08:28:00,2025-01-16 08:30:00,M,40~49,office,seoul,0,0,0,0,7,0,0,22,0,0,completed
27687,U7689,2025-04-16 12:49:00,2025-04-16 12:52:00,M,40~49,office,seoul,0,0,0,0,15,0,0,37,0,0,completed
27688,U7690,2025-04-24 08:12:00,2025-04-24 08:18:00,M,40~49,office,seoul,0,0,0,0,14,0,0,70,0,0,completed
27689,U7691,2025-11-19 17:17:00,2025-11-19 17:21:00,M,20~29,office,seoul,0,0,0,0,6,0,0,22,0,0,completed
27690,U7692,2025-11-26 07:10:00,2025-11-26 07:15:00,F,50+,office,seoul,0,0,0,0,29,0,0,39,0,0,completed
27691,U7693,2025-06-07 16:41:00,2025-06-07 16:47:00,F,50+,office,seoul,1,0,0,0,17,0,0,39,1,0,completed
27692,U7694,2025-12-27 14:11:00,2025-12-27 14:13:00,M,40~49,office,seoul,1,0,0,0,15,0,0,59,0,0,completed
27693,U7695,2025-05-13 09:50:00,2025-05-13 09:55:00,F,40~49,office,seoul,0,0,0,0,7,0,0,69,0,0,completed
27694,U7696,2025-04-21 20:17:00,2025-04-21 20:21:00,M,20~29,office,seoul,0,0,0,0,17,0,0,63,0,0,completed
27695,U7697,2025-07-28 18:48:00,2025-07-28 18:54:00,F,50+,office,seoul,0,0,0,0,3,0,0,39,0,0,completed
27696,U7698,2025-10-12 09:46:00,2025-10-12 09:49:00,F,40~49,office,seoul,1,0,0,0,20,0,0,49,0,0,completed
27697,U7699,2025-02-20 08:16:00,2025-02-20 08:22:00,F,40~49,office,seoul,0,0,0,0,8,0,0,68,0,0,completed
27698,U7700,2025-10-18 15:33:00,2025-10-18 15:37:00,M,40~49,office,seoul,1,0,0,0,7,0,0,10,0,0,completed
27699,U7701,2025-02-06 07:04:00,2025-02-06 07:10:00,M,20~29,office,seoul,0,0,0,0,15,0,0,79,0,0,completed
27700,U7702,2025-04-10 12:23:00,2025-04-10 12:25:00,M,50+,office,seoul,0,0,0,0,0,0,0,18,0,0,abandoned
27701,U7703,2025-12-27 20:26:00,2025-12-27 20:31:00,F,30~39,office,seoul,1,0,0,0,19,0,0,44,0,0,abandoned
27702,U7704,2025-12-09 09:47:00,2025-12-09 09:53:00,M,30~39,office,seoul,0,0,0,0,18,0,0,73,0,0,completed
27703,U7705,2025-11-29 09:06:00,2025-11-29 09:11:00,F,40~49,office,seoul,1,0,0,0,24,0,0,53,0,0,error
27704,U7706,2025-09-23 12:26:00,2025-09-23 12:28:00,M,50+,office,seoul,0,0,0,0,24,0,0,31,0,1,completed
27705,U7707,2025-03-04 11:00:00,2025-03-04 11:06:00,F,40~49,office,seoul,0,0,0,0,4,0,0,38,0,0,completed
27706,U7708,2025-08-10 17:13:00,2025-08-10 17:17:00,F,40~49,office,seoul,1,0,0,0,11,0,0,10,0,0,completed
27707,U7709,2025-01-10 12:44:00,2025-01-10 12:49:00,F,30~39,office,seoul,0,0,0,0,5,0,0,40,0,0,completed
27708,U7710,2025-01-11 12:33:00,2025-01-11 12:39:00,F,20~29,office,seoul,1,0,0,0,17,0,0,41,0,0,completed
27709,U7711,2025-10-02 16:55:00,2025-10-02 16:59:00,F,30~39,office,seoul,0,0,0,0,1,0,0,67,0,0,completed
27710,U7712,2025-03-13 18:35:00,2025-03-13 18:38:00,F,40~49,office,seoul,0,0,0,0,4,0,0,57,1,0,completed
27711,U7713,2025-05-23 17:03:00,2025-05-23 17:08:00,M,30~39,office,seoul,0,0,0,0,14,0,0,57,0,0,completed
27712,U7714,2025-05-03 17:48:00,2025-05-03 17:53:00,M,20~29,office,seoul,1,0,0,0,7,0,0,32,0,0,completed
27713,U7715,2025-09-27 09:35:00,2025-09-27 09:42:00,M,30~39,office,seoul,1,0,0,0,5,0,0,73,0,0,abandoned
27714,U7716,2025-02-08 14:19:00,2025-02-08 14:25:00,F,30~39,office,seoul,1,0,0,0,3,0,0,28,0,0,completed
27715,U7717,2025-12-29 12:45:00,2025-12-29 12:51:00,M,20~29,office,seoul,0,0,0,0,7,0,0,53,0,0,completed
27716,U7718,2025-11-01 14:33:00,2025-11-01 14:38:00,M,50+,office,seoul,1,0,0,0,8,0,0,18,0,0,abandoned
27717,U7719,2025-08-27 09:35:00,2025-08-27 09:40:00,M,20~29,office,seoul,0,0,0,0,6,0,0,27,0,0,completed
27718,U7720,2025-03-25 12:39:00,2025-03-25 12:41:00,M,30~39,office,seoul,0,0,0,0,14,0,0,30,0,0,completed
27719,U7721,2025-11-21 15:15:00,2025-11-21 15:18:00,M,40~49,office,seoul,0,0,0,0,26,0,0,20,0,1,completed
27720,U7722,2025-06-06 20:34:00,2025-06-06 20:37:00,M,30~39,office,seoul,0,0,0,0,24,0,0,74,0,0,completed
27721,U7723,2025-03-12 18:59:00,2025-03-12 19:01:00,F,40~49,office,seoul,0,0,0,0,27,0,0,47,0,0,completed
27722,U7724,2025-03-19 21:04:00,2025-03-19 21:06:00,M,50+,office,seoul,0,0,0,0,24,0,0,65,0,1,completed
27723,U7725,2025-08-30 12:02:00,2025-08-30 12:04:00,F,30~39,office,seoul,1,0,0,0,14,0,0,68,0,0,completed
27724,U7726,2025-10-18 18:33:00,2025-10-18 18:35:00,F,30~39,office,seoul,1,0,0,0,12,0,0,53,0,0,abandoned
27725,U7727,2025-02-05 17:14:00,2025-02-05 17:19:00,F,40~49,office,seoul,0,0,0,0,24,0,0,36,0,0,completed
27726,U7728,2025-06-20 08:00:00,2025-06-20 08:07:00,M,50+,office,seoul,0,0,0,0,26,0,0,11,0,0,completed
27727,U7729,2025-08-05 09:54:00,2025-08-05 10:00:00,F,40~49,office,seoul,0,0,0,0,22,0,0,49,0,0,completed
27728,U7730,2025-03-24 12:02:00,2025-03-24 12:05:00,F,40~49,office,seoul,0,0,0,0,23,0,0,10,0,0,completed
27729,U7731,2025-07-04 11:16:00,2025-07-04 11:20:00,F,20~29,office,seoul,0,0,0,0,21,0,0,36,0,0,abandoned
27730,U7732,2025-08-02 08:38:00,2025-08-02 08:44:00,M,20~29,office,seoul,1,0,0,0,2,0,0,59,0,0,completed
27731,U7733,2025-10-08 14:50:00,2025-10-08 14:56:00,M,50+,office,seoul,0,0,0,0,8,0,0,60,1,0,completed
27732,U7734,2025-05-31 14:07:00,2025-05-31 14:13:00,F,30~39,office,seoul,1,0,0,0,19,0,0,34,0,0,completed
27733,U7735,2025-07-17 07:37:00,2025-07-17 07:41:00,F,40~49,office,seoul,0,0,0,0,26,0,0,55,0,0,completed
27734,U7736,2025-01-19 08:13:00,2025-01-19 08:17:00,F,30~39,office,seoul,1,0,0,0,27,0,0,50,0,0,completed
27735,U7737,2025-01-06 09:39:00,2025-01-06 09:41:00,F,30~39,office,seoul,0,0,0,0,20,0,0,42,0,0,completed
27736,U7738,2025-01-01 09:47:00,2025-01-01 09:50:00,M,20~29,office,seoul,0,0,0,0,6,0,0,19,0,0,completed
27737,U7739,2025-06-30 15:10:00,2025-06-30 15:16:00,M,30~39,office,seoul,0,0,0,0,1,0,0,16,0,0,completed
27738,U7740,2025-04-06 22:50:00,2025-04-06 22:57:00,F,20~29,office,seoul,1,0,0,0,16,0,0,68,0,0,completed
27739,U7741,2025-01-03 15:42:00,2025-01-03 15:46:00,M,50+,office,seoul,0,0,0,0,19,0,0,64,0,1,completed
27740,U7742,2025-08-26 15:21:00,2025-08-26 15:26:00,F,30~39,office,seoul,0,0,0,0,6,0,0,23,0,0,completed
27741,U7743,2025-08-08 16:15:00,2025-08-08 16:18:00,M,20~29,office,seoul,0,0,0,0,12,0,0,15,0,0,completed
27742,U7744,2025-05-12 16:06:00,2025-05-12 16:11:00,F,20~29,office,seoul,0,0,0,0,16,0,0,28,0,0,completed
27743,U7745,2025-09-16 13:23:00,2025-09-16 13:29:00,F,50+,office,seoul,0,0,0,0,15,0,0,60,0,0,completed
27744,U7746,2025-09-02 07:45:00,2025-09-02 07:48:00,F,30~39,office,seoul,0,0,0,0,1,0,0,10,0,0,completed
27745,U7747,2025-02-22 15:15:00,2025-02-22 15:17:00,F,30~39,office,seoul,1,0,0,0,10,0,0,14,0,0,completed
27746,U7748,2025-04-28 11:50:00,2025-04-28 11:53:00,F,30~39,office,seoul,0,0,0,0,0,0,0,77,0,0,completed
27747,U7749,2025-11-19 09:53:00,2025-11-19 09:56:00,M,20~29,office,seoul,0,0,0,0,17,0,0,28,1,0,error
27748,U7750,2025-08-19 09:47:00,2025-08-19 09:52:00,F,40~49,office,seoul,0,0,0,0,8,0,0,75,0,0,completed
27749,U7751,2025-12-20 08:10:00,2025-12-20 08:14:00,M,50+,office,seoul,1,0,0,0,17,0,0,71,0,0,completed
27750,U7752,2025-04-21 22:23:00,2025-04-21 22:28:00,M,30~39,office,seoul,0,0,0,0,24,0,0,70,0,0,completed
27751,U7753,2025-08-29 15:40:00,2025-08-29 15:42:00,F,30~39,office,seoul,0,0,0,0,5,0,0,73,0,0,completed
27752,U7754,2025-11-23 16:30:00,2025-11-23 16:33:00,F,20~29,office,seoul,1,0,0,0,20,0,0,60,0,0,completed
27753,U7755,2025-06-19 14:26:00,2025-06-19 14:32:00,F,30~39,office,seoul,0,0,0,0,19,0,0,28,0,0,abandoned
27754,U7756,2025-03-02 15:19:00,2025-03-02 15:26:00,M,50+,office,seoul,1,0,0,0,22,0,0,50,0,0,completed
27755,U7757,2025-01-28 19:19:00,2025-01-28 19:23:00,M,20~29,office,seoul,0,0,0,0,8,0,0,26,0,0,completed
27756,U7758,2025-01-30 16:02:00,2025-01-30 16:06:00,M,20~29,office,seoul,0,0,0,0,27,0,0,12,0,0,completed
27757,U7759,2025-04-14 11:54:00,2025-04-14 12:01:00,M,40~49,office,seoul,0,0,0,0,0,0,0,42,0,0,completed
27758,U7760,2025-08-23 08:36:00,2025-08-23 08:41:00,F,40~49,office,seoul,1,0,0,0,26,0,0,27,1,0,completed
27759,U7761,2025-05-23 16:28:00,2025-05-23 16:31:00,F,50+,office,seoul,0,0,0,0,25,0,0,15,0,0,completed
27760,U7762,2025-08-24 12:48:00,2025-08-24 12:53:00,F,30~39,office,seoul,1,0,0,0,29,0,0,27,0,0,completed
27761,U7763,2025-09-07 14:24:00,2025-09-07 14:31:00,F,40~49,office,seoul,1,0,0,0,11,0,0,50,0,0,completed
27762,U7764,2025-03-31 16:49:00,2025-03-31 16:51:00,F,40~49,office,seoul,0,0,0,0,26,0,0,33,0,0,completed
27763,U7765,2025-06-27 08:23:00,2025-06-27 08:29:00,M,20~29,office,seoul,0,0,0,0,6,0,0,28,0,0,completed
27764,U7766,2025-07-10 16:35:00,2025-07-10 16:39:00,F,40~49,office,seoul,0,0,0,0,12,0,0,44,0,0,completed
27765,U7767,2025-07-21 11:46:00,2025-07-21 11:52:00,F,20~29,office,seoul,0,0,0,0,12,0,0,14,0,0,completed
27766,U7768,2025-06-22 12:06:00,2025-06-22 12:13:00,F,30~39,office,seoul,1,0,0,0,21,0,0,70,0,0,completed
27767,U7769,2025-02-18 22:28:00,2025-02-18 22:30:00,M,40~49,office,seoul,0,0,0,0,23,0,0,73,0,0,completed
27768,U7770,2025-09-22 09:25:00,2025-09-22 09:31:00,M,20~29,office,seoul,0,0,0,0,16,0,0,68,0,0,completed
27769,U7771,2025-09-13 20:57:00,2025-09-13 21:01:00,M,20~29,office,seoul,1,0,0,0,14,0,0,21,0,0,abandoned
27770,U7772,2025-09-04 08:58:00,2025-09-04 09:02:00,F,30~39,office,seoul,0,0,0,0,8,0,0,35,0,0,completed
27771,U7773,2025-10-14 15:24:00,2025-10-14 15:28:00,F,40~49,office,seoul,0,0,0,0,3,0,0,32,0,0,completed
27772,U7774,2025-02-17 14:28:00,2025-02-17 14:32:00,F,20~29,office,seoul,0,0,0,0,4,0,0,72,0,0,completed
27773,U7775,2025-06-15 13:50:00,2025-06-15 13:56:00,M,20~29,office,seoul,1,0,0,0,27,0,0,27,0,0,completed
27774,U7776,2025-12-16 11:09:00,2025-12-16 11:11:00,M,20~29,office,seoul,0,0,0,0,24,0,0,52,0,0,completed
27775,U7777,2025-02-02 20:04:00,2025-02-02 20:11:00,M,40~49,office,seoul,1,0,0,0,11,0,0,30,0,0,abandoned
27776,U7778,2025-11-30 09:23:00,2025-11-30 09:27:00,M,40~49,office,seoul,1,0,0,0,22,0,0,23,0,0,completed
27777,U7779,2025-02-12 20:17:00,2025-02-12 20:21:00,M,50+,office,seoul,0,0,0,0,18,0,0,15,0,0,completed
27778,U7780,2025-04-08 15:47:00,2025-04-08 15:50:00,F,50+,office,seoul,0,0,0,0,26,0,0,22,0,0,abandoned
27779,U7781,2025-01-15 12:35:00,2025-01-15 12:40:00,F,40~49,office,seoul,0,0,0,0,1,0,0,37,0,0,completed
27780,U7782,2025-07-28 08:05:00,2025-07-28 08:08:00,M,30~39,office,seoul,0,0,0,0,18,0,0,20,0,0,completed
27781,U7783,2025-07-08 12:39:00,2025-07-08 12:41:00,F,30~39,office,seoul,0,0,0,0,14,0,0,63,0,0,completed
27782,U7784,2025-01-30 15:39:00,2025-01-30 15:45:00,F,30~39,office,seoul,0,0,0,0,29,0,0,50,0,0,completed
27783,U7785,2025-11-08 13:28:00,2025-11-08 13:35:00,M,30~39,office,seoul,1,0,0,0,2,0,0,78,0,0,abandoned
27784,U7786,2025-09-03 16:55:00,2025-09-03 16:57:00,M,30~39,office,seoul,0,0,0,0,12,0,0,50,0,0,completed
27785,U7787,2025-04-26 13:12:00,2025-04-26 13:16:00,M,30~39,office,seoul,1,0,0,0,3,0,0,78,0,0,completed
27786,U7788,2025-07-11 12:30:00,2025-07-11 12:36:00,M,20~29,office,seoul,0,0,0,0,16,0,0,29,0,0,completed
27787,U7789,2025-03-04 08:48:00,2025-03-04 08:54:00,F,50+,office,seoul,0,0,0,0,28,0,0,18,0,0,completed
27788,U7790,2025-04-15 07:06:00,2025-04-15 07:10:00,M,40~49,office,seoul,0,0,0,0,7,0,0,49,0,0,completed
27789,U7791,2025-06-10 14:39:00,2025-06-10 14:46:00,M,30~39,office,seoul,0,0,0,0,2,0,0,49,0,0,completed
27790,U7792,2025-04-29 11:11:00,2025-04-29 11:15:00,M,30~39,office,seoul,0,0,0,0,18,0,0,68,0,0,completed
27791,U7793,2025-10-12 16:23:00,2025-10-12 16:26:00,F,20~29,office,seoul,1,0,0,0,9,0,0,52,0,0,completed
27792,U7794,2025-04-06 14:26:00,2025-04-06 14:32:00,M,20~29,office,seoul,1,0,0,0,4,0,0,49,0,0,completed
27793,U7795,2025-06-28 09:32:00,2025-06-28 09:36:00,M,30~39,office,seoul,1,0,0,0,6,0,0,22,0,0,completed
27794,U7796,2025-04-16 14:42:00,2025-04-16 14:44:00,F,50+,office,seoul,0,0,0,0,8,0,0,62,0,0,completed
27795,U7797,2025-04-05 18:33:00,2025-04-05 18:39:00,F,50+,office,seoul,1,0,0,0,15,0,0,53,1,0,error
27796,U7798,2025-10-15 11:42:00,2025-10-15 11:48:00,F,20~29,office,seoul,0,0,0,0,20,0,0,67,0,0,abandoned
27797,U7799,2025-06-27 15:26:00,2025-06-27 15:29:00,F,20~29,office,seoul,0,0,0,0,28,0,0,62,0,0,completed
27798,U7800,2025-09-07 08:25:00,2025-09-07 08:30:00,F,30~39,office,seoul,1,0,0,0,14,0,0,40,0,0,completed
27799,U7801,2025-07-31 08:15:00,2025-07-31 08:17:00,F,40~49,office,seoul,0,0,0,0,11,0,0,50,0,0,completed
27800,U7802,2025-12-26 18:46:00,2025-12-26 18:50:00,M,30~39,office,seoul,0,0,0,0,29,0,0,21,0,0,completed
27801,U7803,2025-06-22 09:33:00,2025-06-22 09:39:00,M,30~39,office,seoul,1,0,0,0,20,0,0,32,0,0,completed
27802,U7804,2025-10-18 08:52:00,2025-10-18 08:58:00,F,40~49,office,seoul,1,0,0,0,4,0,0,71,0,0,completed
27803,U7805,2025-03-22 11:54:00,2025-03-22 11:59:00,F,40~49,office,seoul,1,0,0,0,2,0,0,60,0,0,completed
27804,U7806,2025-09-25 13:04:00,2025-09-25 13:10:00,F,40~49,office,seoul,0,0,0,0,18,0,0,50,0,0,completed
27805,U7807,2025-08-26 21:38:00,2025-08-26 21:40:00,M,30~39,office,seoul,0,0,0,0,2,0,0,41,0,0,completed
27806,U7808,2025-04-21 12:54:00,2025-04-21 12:58:00,F,30~39,office,seoul,0,0,0,0,14,0,0,78,0,0,completed
27807,U7809,2025-12-01 08:23:00,2025-12-01 08:27:00,M,20~29,office,seoul,0,0,0,0,25,0,0,12,0,0,completed
27808,U7810,2025-08-23 14:22:00,2025-08-23 14:24:00,F,30~39,office,seoul,1,0,0,0,16,0,0,21,0,0,completed
27809,U7811,2025-04-16 12:38:00,2025-04-16 12:41:00,F,20~29,office,seoul,0,0,0,0,9,0,0,32,0,0,completed
27810,U7812,2025-11-13 18:27:00,2025-11-13 18:32:00,M,30~39,office,seoul,0,0,0,0,12,0,0,50,0,0,completed
27811,U7813,2025-03-11 08:18:00,2025-03-11 08:21:00,M,40~49,office,seoul,0,0,0,0,4,0,0,34,0,0,abandoned
27812,U7814,2025-07-25 13:31:00,2025-07-25 13:33:00,F,50+,office,seoul,0,0,0,0,25,0,0,13,0,0,completed
27813,U7815,2025-02-27 16:43:00,2025-02-27 16:46:00,F,30~39,office,seoul,0,0,0,0,7,0,0,21,0,0,completed
27814,U7816,2025-02-20 09:24:00,2025-02-20 09:26:00,M,30~39,office,seoul,0,0,0,0,6,0,0,51,0,0,completed
27815,U7817,2025-10-15 17:15:00,2025-10-15 17:19:00,F,30~39,office,seoul,0,0,0,0,25,0,0,48,0,0,completed
27816,U7818,2025-02-13 17:41:00,2025-02-13 17:48:00,M,30~39,office,seoul,0,0,0,0,23,0,0,26,0,0,completed
27817,U7819,2025-06-01 18:20:00,2025-06-01 18:22:00,F,40~49,office,seoul,1,0,0,0,15,0,0,46,0,0,completed
27818,U7820,2025-10-18 12:49:00,2025-10-18 12:54:00,M,40~49,office,seoul,1,0,0,0,27,0,0,75,0,0,completed
27819,U7821,2025-04-04 22:36:00,2025-04-04 22:38:00,F,30~39,office,seoul,0,0,0,0,26,0,0,42,0,0,completed
27820,U7822,2025-07-16 09:20:00,2025-07-16 09:27:00,F,30~39,office,seoul,0,0,0,0,18,0,0,12,0,0,completed
27821,U7823,2025-11-26 12:46:00,2025-11-26 12:51:00,M,40~49,office,seoul,0,0,0,0,17,0,0,72,0,0,completed
27822,U7824,2025-09-13 09:54:00,2025-09-13 09:58:00,F,30~39,office,seoul,1,0,0,0,22,0,0,43,0,0,completed
27823,U7825,2025-08-18 19:07:00,2025-08-18 19:13:00,F,40~49,office,seoul,0,0,0,0,25,0,0,25,0,0,completed
27824,U7826,2025-02-22 09:38:00,2025-02-22 09:41:00,M,30~39,office,seoul,1,0,0,0,13,0,0,35,0,0,completed
27825,U7827,2025-04-26 21:20:00,2025-04-26 21:26:00,F,20~29,office,seoul,1,0,0,0,29,0,0,71,0,0,completed
27826,U7828,2025-05-05 13:54:00,2025-05-05 13:56:00,M,30~39,office,seoul,0,0,0,0,29,0,0,17,0,0,completed
27827,U7829,2025-02-23 20:09:00,2025-02-23 20:13:00,F,50+,office,seoul,1,0,0,0,18,0,0,79,0,0,completed
27828,U7830,2025-06-28 20:50:00,2025-06-28 20:57:00,M,20~29,office,seoul,1,0,0,0,2,0,0,41,0,0,completed
27829,U7831,2025-10-16 19:26:00,2025-10-16 19:33:00,F,20~29,office,seoul,0,0,0,0,11,0,0,42,0,0,completed
27830,U7832,2025-09-16 18:29:00,2025-09-16 18:35:00,M,30~39,office,seoul,0,0,0,0,0,0,0,62,0,0,completed
27831,U7833,2025-12-11 20:19:00,2025-12-11 20:25:00,F,30~39,office,seoul,0,0,0,0,27,0,0,35,0,0,completed
27832,U7834,2025-01-27 08:35:00,2025-01-27 08:41:00,M,30~39,office,seoul,0,0,0,0,25,0,0,49,0,0,completed
27833,U7835,2025-05-06 16:58:00,2025-05-06 17:04:00,M,30~39,office,seoul,0,0,0,0,23,0,0,46,0,0,completed
27834,U7836,2025-04-25 09:20:00,2025-04-25 09:25:00,M,30~39,office,seoul,0,0,0,0,18,0,0,64,0,0,completed
27835,U7837,2025-08-15 15:38:00,2025-08-15 15:44:00,F,40~49,office,seoul,0,0,0,0,20,0,0,77,0,0,completed
27836,U7838,2025-08-14 17:46:00,2025-08-14 17:51:00,M,30~39,office,seoul,0,0,0,0,5,0,0,43,0,0,completed
27837,U7839,2025-02-07 14:21:00,2025-02-07 14:23:00,M,30~39,office,seoul,0,0,0,0,26,0,0,22,0,0,completed
27838,U7840,2025-05-10 11:45:00,2025-05-10 11:51:00,M,50+,office,seoul,1,0,0,0,17,0,0,58,0,0,completed
27839,U7841,2025-02-22 12:54:00,2025-02-22 12:57:00,F,50+,office,seoul,1,0,0,0,5,0,0,51,0,0,completed
27840,U7842,2025-09-12 14:41:00,2025-09-12 14:46:00,M,30~39,office,seoul,0,0,0,0,18,0,0,14,0,0,completed
27841,U7843,2025-01-10 09:40:00,2025-01-10 09:46:00,M,30~39,office,seoul,0,0,0,0,9,0,0,51,0,0,completed
27842,U7844,2025-09-11 12:08:00,2025-09-11 12:11:00,M,50+,office,seoul,0,0,0,0,1,0,0,75,0,1,completed
27843,U7845,2025-05-16 09:37:00,2025-05-16 09:43:00,F,20~29,office,seoul,0,0,0,0,3,0,0,76,0,0,completed
27844,U7846,2025-08-26 07:27:00,2025-08-26 07:34:00,M,40~49,office,seoul,0,0,0,0,3,0,0,57,0,0,completed
27845,U7847,2025-01-17 07:01:00,2025-01-17 07:07:00,F,20~29,office,seoul,0,0,0,0,11,0,0,32,0,0,abandoned
27846,U7848,2025-11-21 12:50:00,2025-11-21 12:55:00,F,40~49,office,seoul,0,0,0,0,9,0,0,42,0,0,completed
27847,U7849,2025-04-13 14:20:00,2025-04-13 14:24:00,F,40~49,office,seoul,1,0,0,0,0,0,0,11,0,0,completed
27848,U7850,2025-05-07 07:58:00,2025-05-07 08:01:00,F,40~49,office,seoul,0,0,0,0,29,0,0,10,0,0,completed
27849,U7851,2025-07-31 16:02:00,2025-07-31 16:04:00,M,30~39,office,seoul,0,0,0,0,26,0,0,45,0,0,completed
27850,U7852,2025-09-21 19:26:00,2025-09-21 19:32:00,F,20~29,office,seoul,1,0,0,0,0,0,0,76,0,0,completed
27851,U7853,2025-12-20 09:15:00,2025-12-20 09:21:00,F,30~39,office,seoul,1,0,0,0,22,0,0,56,0,0,timeout
27852,U7854,2025-03-05 15:32:00,2025-03-05 15:37:00,M,20~29,office,seoul,0,0,0,0,6,0,0,54,0,0,completed
27853,U7855,2025-07-03 08:17:00,2025-07-03 08:22:00,F,30~39,office,seoul,0,0,0,0,18,0,0,54,0,0,completed
27854,U7856,2025-08-02 16:27:00,2025-08-02 16:33:00,M,40~49,office,seoul,1,0,0,0,4,0,0,14,0,0,completed
27855,U7857,2025-06-03 13:56:00,2025-06-03 14:03:00,F,50+,office,seoul,0,0,0,0,12,0,0,66,0,1,completed
27856,U7858,2025-06-10 15:13:00,2025-06-10 15:15:00,M,40~49,office,seoul,0,0,0,0,8,0,0,54,0,0,completed
27857,U7859,2025-10-31 14:56:00,2025-10-31 15:01:00,M,20~29,office,seoul,0,0,0,0,0,0,0,46,0,0,completed
27858,U7860,2025-01-15 14:34:00,2025-01-15 14:37:00,F,50+,office,seoul,0,0,0,0,5,0,0,65,0,0,completed
27859,U7861,2025-03-15 14:56:00,2025-03-15 15:01:00,M,50+,office,seoul,1,0,0,0,28,0,0,47,0,0,abandoned
27860,U7862,2025-10-27 20:39:00,2025-10-27 20:42:00,F,20~29,office,seoul,0,0,0,0,26,0,0,35,0,0,timeout
27861,U7863,2025-09-01 21:29:00,2025-09-01 21:33:00,F,20~29,office,seoul,0,0,0,0,27,0,0,69,0,0,completed
27862,U7864,2025-04-17 09:05:00,2025-04-17 09:09:00,F,50+,office,seoul,0,0,0,0,25,0,0,70,0,0,abandoned
27863,U7865,2025-03-21 08:43:00,2025-03-21 08:46:00,F,40~49,office,seoul,0,0,0,0,17,0,0,66,0,0,completed
27864,U7866,2025-08-19 19:38:00,2025-08-19 19:41:00,F,50+,office,seoul,0,0,0,0,2,0,0,75,0,0,completed
27865,U7867,2025-11-03 07:05:00,2025-11-03 07:09:00,F,20~29,office,seoul,0,0,0,0,23,0,0,27,0,0,completed
27866,U7868,2025-09-04 09:38:00,2025-09-04 09:44:00,F,20~29,office,seoul,0,0,0,0,9,0,0,28,0,0,completed
27867,U7869,2025-02-27 16:35:00,2025-02-27 16:37:00,F,20~29,office,seoul,0,0,0,0,15,0,0,71,0,0,completed
27868,U7870,2025-02-02 20:40:00,2025-02-02 20:47:00,M,20~29,office,seoul,1,0,0,0,0,0,0,76,0,0,completed
27869,U7871,2025-01-15 14:55:00,2025-01-15 14:57:00,M,20~29,office,seoul,0,0,0,0,12,0,0,46,0,0,completed
27870,U7872,2025-03-16 14:08:00,2025-03-16 14:12:00,F,40~49,office,seoul,1,0,0,0,26,0,0,68,0,0,completed
27871,U7873,2025-02-21 15:05:00,2025-02-21 15:12:00,F,20~29,office,seoul,0,0,0,0,24,0,0,35,0,1,completed
27872,U7874,2025-04-23 17:42:00,2025-04-23 17:48:00,M,40~49,office,seoul,0,0,0,0,29,0,0,30,0,1,abandoned
27873,U7875,2025-04-13 11:02:00,2025-04-13 11:07:00,M,20~29,office,seoul,1,0,0,0,1,0,0,69,0,0,completed
27874,U7876,2025-01-19 15:00:00,2025-01-19 15:05:00,F,30~39,office,seoul,1,0,0,0,6,0,0,60,0,0,completed
27875,U7877,2025-08-07 07:40:00,2025-08-07 07:44:00,F,20~29,office,seoul,0,0,0,0,20,0,0,65,0,0,completed
27876,U7878,2025-12-13 09:16:00,2025-12-13 09:21:00,M,20~29,office,seoul,1,0,0,0,14,0,0,65,0,0,completed
27877,U7879,2025-11-02 09:13:00,2025-11-02 09:15:00,M,20~29,office,seoul,1,0,0,0,23,0,0,35,0,0,completed
27878,U7880,2025-06-01 12:06:00,2025-06-01 12:12:00,F,20~29,office,seoul,1,0,0,0,12,0,0,45,0,0,completed
27879,U7881,2025-12-13 11:26:00,2025-12-13 11:30:00,M,40~49,office,seoul,1,0,0,0,4,0,0,24,0,1,completed
27880,U7882,2025-10-15 12:50:00,2025-10-15 12:57:00,F,20~29,office,seoul,0,0,0,0,7,0,0,30,0,0,completed
27881,U7883,2025-05-05 18:07:00,2025-05-05 18:14:00,F,30~39,office,seoul,0,0,0,0,20,0,0,55,0,0,completed
27882,U7884,2025-06-26 20:14:00,2025-06-26 20:17:00,M,50+,office,seoul,0,0,0,0,7,0,0,51,0,0,completed
27883,U7885,2025-05-24 17:32:00,2025-05-24 17:34:00,F,30~39,office,seoul,1,0,0,0,20,0,0,73,0,0,completed
27884,U7886,2025-11-08 18:59:00,2025-11-08 19:06:00,F,30~39,office,seoul,1,0,0,0,0,0,0,78,0,0,completed
27885,U7887,2025-09-29 18:27:00,2025-09-29 18:30:00,M,40~49,office,seoul,0,0,0,0,23,0,0,50,0,0,completed
27886,U7888,2025-03-06 08:24:00,2025-03-06 08:28:00,M,30~39,office,seoul,0,0,0,0,4,0,0,60,0,0,completed
27887,U7889,2025-01-03 12:06:00,2025-01-03 12:11:00,M,30~39,office,seoul,0,0,0,0,27,0,0,75,0,0,completed
27888,U7890,2025-07-27 15:06:00,2025-07-27 15:11:00,F,30~39,office,seoul,1,0,0,0,23,0,0,41,0,0,completed
27889,U7891,2025-08-19 12:19:00,2025-08-19 12:25:00,F,30~39,office,seoul,0,0,0,0,14,0,0,42,0,0,completed
27890,U7892,2025-11-06 11:04:00,2025-11-06 11:09:00,M,30~39,office,seoul,0,0,0,0,24,0,0,22,0,0,completed
27891,U7893,2025-12-03 16:00:00,2025-12-03 16:04:00,F,20~29,office,seoul,0,0,0,0,15,0,0,37,0,0,timeout
27892,U7894,2025-02-19 13:51:00,2025-02-19 13:55:00,M,50+,office,seoul,0,0,0,0,24,0,0,30,0,0,completed
27893,U7895,2025-05-28 15:38:00,2025-05-28 15:45:00,F,20~29,office,seoul,0,0,0,0,8,0,0,61,0,0,completed
27894,U7896,2025-08-18 19:37:00,2025-08-18 19:39:00,M,50+,office,seoul,0,0,0,0,7,0,0,38,0,0,completed
27895,U7897,2025-05-06 07:39:00,2025-05-06 07:46:00,M,30~39,office,seoul,0,0,0,0,17,0,0,64,0,0,completed
27896,U7898,2025-01-31 22:20:00,2025-01-31 22:23:00,M,20~29,office,seoul,0,0,0,0,29,0,0,23,0,0,completed
27897,U7899,2025-09-14 17:31:00,2025-09-14 17:36:00,F,30~39,office,seoul,1,0,0,0,2,0,0,45,0,0,completed
27898,U7900,2025-10-17 17:31:00,2025-10-17 17:35:00,F,50+,office,seoul,0,0,0,0,2,0,0,16,0,0,abandoned
27899,U7901,2025-02-08 07:35:00,2025-02-08 07:38:00,M,20~29,office,seoul,1,0,0,0,12,0,0,61,0,0,completed
27900,U7902,2025-11-20 13:45:00,2025-11-20 13:50:00,M,20~29,office,seoul,0,0,0,0,26,0,0,33,0,0,completed
27901,U7903,2025-09-27 17:07:00,2025-09-27 17:12:00,M,20~29,office,seoul,1,0,0,0,1,0,0,59,0,0,completed
27902,U7904,2025-09-18 11:12:00,2025-09-18 11:15:00,M,30~39,office,seoul,0,0,0,0,18,0,0,47,0,0,completed
27903,U7905,2025-06-21 08:03:00,2025-06-21 08:06:00,F,30~39,office,seoul,1,0,0,0,7,0,0,59,0,0,completed
27904,U7906,2025-12-05 12:48:00,2025-12-05 12:51:00,F,20~29,office,seoul,0,0,0,0,18,0,0,24,0,0,completed
27905,U7907,2025-03-01 14:12:00,2025-03-01 14:15:00,F,40~49,office,seoul,1,0,0,0,15,0,0,79,0,0,abandoned
27906,U7908,2025-06-23 11:37:00,2025-06-23 11:41:00,M,20~29,office,seoul,0,0,0,0,19,0,0,47,0,0,abandoned
27907,U7909,2025-01-02 16:51:00,2025-01-02 16:54:00,F,40~49,office,seoul,0,0,0,0,28,0,0,60,0,0,completed
27908,U7910,2025-04-01 13:22:00,2025-04-01 13:26:00,M,30~39,office,seoul,0,0,0,0,21,0,0,12,0,0,completed
27909,U7911,2025-11-10 08:51:00,2025-11-10 08:56:00,M,30~39,office,seoul,0,0,0,0,23,0,0,50,0,0,completed
27910,U7912,2025-05-01 13:13:00,2025-05-01 13:18:00,F,20~29,office,seoul,0,0,0,0,23,0,0,45,0,0,completed
27911,U7913,2025-09-26 09:28:00,2025-09-26 09:34:00,M,50+,office,seoul,0,0,0,0,29,0,0,52,0,0,completed
27912,U7914,2025-12-12 09:26:00,2025-12-12 09:28:00,F,20~29,office,seoul,0,0,0,0,4,0,0,74,0,0,completed
27913,U7915,2025-10-14 18:22:00,2025-10-14 18:28:00,F,20~29,office,seoul,0,0,0,0,2,0,0,56,0,0,completed
27914,U7916,2025-05-02 18:29:00,2025-05-02 18:34:00,M,50+,office,seoul,0,0,0,0,11,0,0,59,0,1,completed
27915,U7917,2025-06-15 12:31:00,2025-06-15 12:36:00,F,30~39,office,seoul,1,0,0,0,25,0,0,50,0,0,completed
27916,U7918,2025-12-14 16:06:00,2025-12-14 16:09:00,F,20~29,office,seoul,1,0,0,0,27,0,0,70,0,0,completed
27917,U7919,2025-03-14 08:22:00,2025-03-14 08:26:00,F,40~49,office,seoul,0,0,0,0,6,0,0,76,0,0,abandoned
27918,U7920,2025-01-08 17:48:00,2025-01-08 17:55:00,F,20~29,office,seoul,0,0,0,0,29,0,0,65,0,0,completed
27919,U7921,2025-02-06 22:36:00,2025-02-06 22:38:00,M,40~49,office,seoul,0,0,0,0,18,0,0,30,0,1,completed
27920,U7922,2025-12-28 12:44:00,2025-12-28 12:51:00,F,40~49,office,seoul,1,0,0,0,9,0,0,73,0,0,completed
27921,U7923,2025-05-18 08:52:00,2025-05-18 08:54:00,F,30~39,office,seoul,1,0,0,0,3,0,0,39,0,0,completed
27922,U7924,2025-07-31 15:24:00,2025-07-31 15:28:00,F,30~39,office,seoul,0,0,0,0,15,0,0,65,1,0,completed
27923,U7925,2025-11-13 09:28:00,2025-11-13 09:31:00,F,20~29,office,seoul,0,0,0,0,19,0,0,67,0,0,completed
27924,U7926,2025-11-30 08:34:00,2025-11-30 08:36:00,M,20~29,office,seoul,1,0,0,0,21,0,0,46,0,0,completed
27925,U7927,2025-11-27 12:40:00,2025-11-27 12:44:00,M,40~49,office,seoul,0,0,0,0,22,0,0,28,1,0,completed
27926,U7928,2025-09-21 14:19:00,2025-09-21 14:24:00,M,20~29,office,seoul,1,0,0,0,26,0,0,27,1,0,completed
27927,U7929,2025-05-17 17:03:00,2025-05-17 17:06:00,M,20~29,office,seoul,1,0,0,0,3,0,0,20,0,0,completed
27928,U7930,2025-07-09 08:24:00,2025-07-09 08:30:00,F,40~49,office,seoul,0,0,0,0,25,0,0,28,1,0,completed
27929,U7931,2025-08-12 17:10:00,2025-08-12 17:16:00,M,30~39,office,seoul,0,0,0,0,8,0,0,47,0,0,completed
27930,U7932,2025-11-08 09:53:00,2025-11-08 09:55:00,F,20~29,office,seoul,1,0,0,0,27,0,0,64,0,0,completed
27931,U7933,2025-09-19 14:50:00,2025-09-19 14:52:00,F,30~39,office,seoul,0,0,0,0,26,0,0,66,0,0,completed
27932,U7934,2025-10-24 21:51:00,2025-10-24 21:57:00,M,30~39,office,seoul,0,0,0,0,6,0,0,68,0,0,error
27933,U7935,2025-06-30 12:03:00,2025-06-30 12:05:00,M,20~29,office,seoul,0,0,0,0,10,0,0,39,0,0,completed
27934,U7936,2025-05-06 14:50:00,2025-05-06 14:56:00,F,40~49,office,seoul,0,0,0,0,16,0,0,19,0,0,completed
27935,U7937,2025-11-20 16:04:00,2025-11-20 16:11:00,M,30~39,office,seoul,0,0,0,0,10,0,0,43,0,0,abandoned
27936,U7938,2025-03-25 13:43:00,2025-03-25 13:46:00,F,20~29,office,seoul,0,0,0,0,9,0,0,23,0,0,completed
27937,U7939,2025-02-25 18:29:00,2025-02-25 18:31:00,M,40~49,office,seoul,0,0,0,0,18,0,0,42,0,0,completed
27938,U7940,2025-02-23 19:40:00,2025-02-23 19:45:00,M,20~29,office,seoul,1,0,0,0,5,0,0,13,0,0,completed
27939,U7941,2025-08-24 13:54:00,2025-08-24 14:01:00,F,30~39,office,seoul,1,0,0,0,8,0,0,38,0,0,abandoned
27940,U7942,2025-01-01 09:29:00,2025-01-01 09:33:00,M,40~49,office,seoul,0,0,0,0,10,0,0,76,0,0,completed
27941,U7943,2025-08-10 07:20:00,2025-08-10 07:24:00,F,40~49,office,seoul,1,0,0,0,6,0,0,78,0,0,timeout
27942,U7944,2025-08-09 12:36:00,2025-08-09 12:42:00,F,40~49,office,seoul,1,0,0,0,2,0,0,19,0,0,completed
27943,U7945,2025-12-23 20:19:00,2025-12-23 20:25:00,F,20~29,office,seoul,0,0,0,0,12,0,0,52,0,0,completed
27944,U7946,2025-08-28 20:02:00,2025-08-28 20:09:00,F,30~39,office,seoul,0,0,0,0,7,0,0,18,0,0,completed
27945,U7947,2025-03-28 19:28:00,2025-03-28 19:32:00,M,20~29,office,seoul,0,0,0,0,18,0,0,59,0,0,completed
27946,U7948,2025-09-15 12:47:00,2025-09-15 12:51:00,F,20~29,office,seoul,0,0,0,0,17,0,0,22,0,0,abandoned
27947,U7949,2025-11-14 15:57:00,2025-11-14 16:04:00,M,30~39,office,seoul,0,0,0,0,29,0,0,52,0,0,completed
27948,U7950,2025-07-31 09:24:00,2025-07-31 09:28:00,M,20~29,office,seoul,0,0,0,0,3,0,0,15,0,0,completed
27949,U7951,2025-01-23 07:36:00,2025-01-23 07:41:00,M,30~39,office,seoul,0,0,0,0,8,0,0,57,0,0,completed
27950,U7952,2025-06-07 16:07:00,2025-06-07 16:14:00,F,50+,office,seoul,1,0,0,0,4,0,0,72,1,0,completed
27951,U7953,2025-04-04 13:23:00,2025-04-04 13:26:00,F,30~39,office,seoul,0,0,0,0,12,0,0,72,0,0,completed
27952,U7954,2025-05-28 18:12:00,2025-05-28 18:18:00,F,50+,office,seoul,0,0,0,0,10,0,0,66,0,0,completed
27953,U7955,2025-03-25 21:41:00,2025-03-25 21:48:00,M,40~49,office,seoul,0,0,0,0,19,0,0,33,0,0,completed
27954,U7956,2025-10-05 07:53:00,2025-10-05 08:00:00,M,20~29,office,seoul,1,0,0,0,5,0,0,57,0,0,completed
27955,U7957,2025-08-01 08:23:00,2025-08-01 08:26:00,M,20~29,office,seoul,0,0,0,0,17,0,0,53,0,0,completed
27956,U7958,2025-04-12 14:04:00,2025-04-12 14:10:00,M,20~29,office,seoul,1,0,0,0,28,0,0,66,0,0,completed
27957,U7959,2025-04-05 16:01:00,2025-04-05 16:04:00,M,40~49,office,seoul,1,0,0,0,9,0,0,52,0,0,completed
27958,U7960,2025-11-17 17:44:00,2025-11-17 17:51:00,M,30~39,office,seoul,0,0,0,0,7,0,0,58,0,0,completed
27959,U7961,2025-02-20 18:45:00,2025-02-20 18:52:00,M,50+,office,seoul,0,0,0,0,17,0,0,76,0,0,completed
27960,U7962,2025-07-16 15:40:00,2025-07-16 15:46:00,M,20~29,office,seoul,0,0,0,0,24,0,0,24,0,0,completed
27961,U7963,2025-04-06 11:54:00,2025-04-06 11:58:00,M,20~29,office,seoul,1,0,0,0,11,0,0,45,0,0,completed
27962,U7964,2025-11-03 08:31:00,2025-11-03 08:36:00,F,20~29,office,seoul,0,0,0,0,26,0,0,42,0,0,completed
27963,U7965,2025-01-20 16:30:00,2025-01-20 16:35:00,M,20~29,office,seoul,0,0,0,0,29,0,0,36,0,0,timeout
27964,U7966,2025-08-31 15:04:00,2025-08-31 15:08:00,F,20~29,office,seoul,1,0,0,0,6,0,0,38,0,0,completed
27965,U7967,2025-03-27 07:22:00,2025-03-27 07:26:00,F,20~29,office,seoul,0,0,0,0,28,0,0,20,0,0,completed
27966,U7968,2025-11-24 08:29:00,2025-11-24 08:31:00,F,20~29,office,seoul,0,0,0,0,0,0,0,49,1,0,completed
27967,U7969,2025-02-28 18:37:00,2025-02-28 18:42:00,F,20~29,office,seoul,0,0,0,0,18,0,0,76,0,0,error
27968,U7970,2025-11-18 13:03:00,2025-11-18 13:06:00,M,30~39,office,seoul,0,0,0,0,2,0,0,47,0,0,completed
27969,U7971,2025-03-27 08:46:00,2025-03-27 08:50:00,F,30~39,office,seoul,0,0,0,0,23,0,0,15,0,0,completed
27970,U7972,2025-08-17 09:27:00,2025-08-17 09:34:00,M,50+,office,seoul,1,0,0,0,17,0,0,53,0,0,completed
27971,U7973,2025-06-30 09:25:00,2025-06-30 09:27:00,M,50+,office,seoul,0,0,0,0,0,0,0,40,0,0,completed
27972,U7974,2025-12-04 15:39:00,2025-12-04 15:45:00,F,30~39,office,seoul,0,0,0,0,27,0,0,25,0,0,completed
27973,U7975,2025-06-20 18:53:00,2025-06-20 18:56:00,F,50+,office,seoul,0,0,0,0,10,0,0,51,0,0,completed
27974,U7976,2025-11-05 17:07:00,2025-11-05 17:09:00,M,30~39,office,seoul,0,0,0,0,12,0,0,13,0,0,completed
27975,U7977,2025-07-06 14:49:00,2025-07-06 14:51:00,F,40~49,office,seoul,1,0,0,0,12,0,0,49,0,0,completed
27976,U7978,2025-03-11 13:06:00,2025-03-11 13:09:00,F,40~49,office,seoul,0,0,0,0,12,0,0,41,0,0,completed
27977,U7979,2025-03-28 13:05:00,2025-03-28 13:09:00,M,20~29,office,seoul,0,0,0,0,14,0,0,49,0,0,completed
27978,U7980,2025-04-01 17:59:00,2025-04-01 18:06:00,F,20~29,office,seoul,0,0,0,0,26,0,0,60,0,0,completed
27979,U7981,2025-09-22 19:09:00,2025-09-22 19:15:00,M,30~39,office,seoul,0,0,0,0,20,0,0,62,0,0,completed
27980,U7982,2025-06-15 22:13:00,2025-06-15 22:17:00,M,20~29,office,seoul,1,0,0,0,17,0,0,33,0,0,completed
27981,U7983,2025-12-12 16:20:00,2025-12-12 16:25:00,M,50+,office,seoul,0,0,0,0,4,0,0,34,0,0,completed
27982,U7984,2025-08-10 12:04:00,2025-08-10 12:11:00,M,20~29,office,seoul,1,0,0,0,6,0,0,39,0,0,completed
27983,U7985,2025-12-14 18:39:00,2025-12-14 18:43:00,F,30~39,office,seoul,1,0,0,0,27,0,0,25,0,0,completed
27984,U7986,2025-07-25 13:40:00,2025-07-25 13:44:00,F,30~39,office,seoul,0,0,0,0,10,0,0,59,0,0,completed
27985,U7987,2025-11-16 15:06:00,2025-11-16 15:12:00,M,50+,office,seoul,1,0,0,0,26,0,0,62,0,0,completed
27986,U7988,2025-08-18 16:55:00,2025-08-18 17:01:00,F,30~39,office,seoul,0,0,0,0,6,0,0,32,0,0,completed
27987,U7989,2025-05-10 11:32:00,2025-05-10 11:39:00,F,40~49,office,seoul,1,0,0,0,17,0,0,65,0,0,completed
27988,U7990,2025-05-28 15:59:00,2025-05-28 16:03:00,F,20~29,office,seoul,0,0,0,0,22,0,0,46,0,0,completed
27989,U7991,2025-07-22 08:17:00,2025-07-22 08:22:00,F,50+,office,seoul,0,0,0,0,4,0,0,14,0,0,completed
27990,U7992,2025-12-04 14:44:00,2025-12-04 14:46:00,M,30~39,office,seoul,0,0,0,0,2,0,0,74,0,0,abandoned
27991,U7993,2025-11-10 20:26:00,2025-11-10 20:32:00,M,30~39,office,seoul,0,0,0,0,15,0,0,13,0,0,completed
27992,U7994,2025-12-16 14:18:00,2025-12-16 14:20:00,F,40~49,office,seoul,0,0,0,0,16,0,0,65,0,0,completed
27993,U7995,2025-02-24 12:32:00,2025-02-24 12:37:00,F,50+,office,seoul,0,0,0,0,23,0,0,36,0,0,completed
27994,U7996,2025-10-06 18:05:00,2025-10-06 18:08:00,F,30~39,office,seoul,0,0,0,0,6,0,0,16,0,0,timeout
27995,U7997,2025-01-24 12:51:00,2025-01-24 12:53:00,M,40~49,office,seoul,0,0,0,0,8,0,0,53,0,0,completed
27996,U7998,2025-09-23 09:58:00,2025-09-23 10:01:00,F,40~49,office,seoul,0,0,0,0,19,0,0,55,0,0,completed
27997,U7999,2025-07-30 11:07:00,2025-07-30 11:09:00,M,20~29,office,seoul,0,0,0,0,22,0,0,57,0,0,completed
27998,U8000,2025-01-12 11:42:00,2025-01-12 11:45:00,F,40~49,office,seoul,1,0,0,0,5,0,0,66,0,0,completed
27999,U8001,2025-06-11 14:25:00,2025-06-11 14:28:00,F,20~29,office,seoul,0,0,0,0,0,0,0,37,0,0,completed
28000,U8002,2025-09-26 11:00:00,2025-09-26 11:07:00,M,20~29,office,seoul,0,0,0,0,20,0,0,57,0,0,completed
28001,U8003,2025-11-12 16:45:00,2025-11-12 16:51:00,F,50+,office,seoul,0,0,0,0,13,0,0,33,0,0,completed
28002,U8004,2025-04-18 12:14:00,2025-04-18 12:19:00,M,30~39,office,seoul,0,0,0,0,1,0,0,31,0,0,completed
28003,U8005,2025-10-13 13:00:00,2025-10-13 13:06:00,F,30~39,office,seoul,0,0,0,0,15,0,0,15,0,0,completed
28004,U8006,2025-10-19 12:28:00,2025-10-19 12:30:00,M,50+,office,seoul,1,0,0,0,2,0,0,49,0,0,completed
28005,U8007,2025-02-05 13:25:00,2025-02-05 13:31:00,M,20~29,office,seoul,0,0,0,0,2,0,0,79,0,0,completed
28006,U8008,2025-06-08 13:25:00,2025-06-08 13:31:00,M,20~29,office,seoul,1,0,0,0,9,0,0,71,0,0,completed
28007,U8009,2025-04-02 17:48:00,2025-04-02 17:50:00,M,20~29,office,seoul,0,0,0,0,15,0,0,67,0,0,completed
28008,U8010,2025-03-30 17:41:00,2025-03-30 17:47:00,F,20~29,office,seoul,1,0,0,0,8,0,0,32,0,0,completed
28009,U8011,2025-04-15 07:57:00,2025-04-15 07:59:00,F,30~39,office,seoul,0,0,0,0,3,0,0,61,0,0,abandoned
28010,U8012,2025-11-24 13:40:00,2025-11-24 13:45:00,F,20~29,office,seoul,0,0,0,0,22,0,0,71,0,0,completed
28011,U8013,2025-08-17 09:39:00,2025-08-17 09:46:00,M,40~49,office,seoul,1,0,0,0,20,0,0,20,0,0,abandoned
28012,U8014,2025-03-14 09:25:00,2025-03-14 09:29:00,F,30~39,office,seoul,0,0,0,0,18,0,0,34,0,0,completed
28013,U8015,2025-04-28 14:03:00,2025-04-28 14:06:00,F,20~29,office,seoul,0,0,0,0,4,0,0,14,0,0,error
28014,U8016,2025-12-05 16:32:00,2025-12-05 16:36:00,M,20~29,office,seoul,0,0,0,0,6,0,0,47,0,0,completed
28015,U8017,2025-05-20 09:09:00,2025-05-20 09:13:00,F,20~29,office,seoul,0,0,0,0,4,0,0,31,0,0,abandoned
28016,U8018,2025-12-25 14:43:00,2025-12-25 14:49:00,M,30~39,office,seoul,0,0,0,0,23,0,0,63,0,0,completed
28017,U8019,2025-02-02 22:08:00,2025-02-02 22:12:00,F,20~29,office,seoul,1,0,0,0,12,0,0,57,0,0,completed
28018,U8020,2025-03-20 16:06:00,2025-03-20 16:13:00,M,30~39,office,seoul,0,0,0,0,7,0,0,24,0,0,completed
28019,U8021,2025-01-18 12:34:00,2025-01-18 12:36:00,F,30~39,office,seoul,1,0,0,0,9,0,0,60,0,0,completed
28020,U8022,2025-08-11 17:41:00,2025-08-11 17:47:00,M,30~39,office,seoul,0,0,0,0,24,0,0,12,0,0,completed
28021,U8023,2025-01-27 16:29:00,2025-01-27 16:32:00,M,20~29,office,seoul,0,0,0,0,24,0,0,11,0,0,completed
28022,U8024,2025-09-27 14:59:00,2025-09-27 15:02:00,F,40~49,office,seoul,1,0,0,0,3,0,0,30,0,0,completed
28023,U8025,2025-01-06 20:24:00,2025-01-06 20:26:00,F,30~39,office,seoul,0,0,0,0,21,0,0,75,0,0,completed
28024,U8026,2025-04-25 15:11:00,2025-04-25 15:18:00,F,30~39,office,seoul,0,0,0,0,23,0,0,53,0,0,completed
28025,U8027,2025-05-31 12:42:00,2025-05-31 12:49:00,F,20~29,office,seoul,1,0,0,0,3,0,0,46,0,0,completed
28026,U8028,2025-06-29 13:16:00,2025-06-29 13:19:00,F,40~49,office,seoul,1,0,0,0,21,0,0,43,0,0,completed
28027,U8029,2025-10-25 07:03:00,2025-10-25 07:08:00,F,30~39,office,seoul,1,0,0,0,18,0,0,36,0,0,completed
28028,U8030,2025-04-25 18:09:00,2025-04-25 18:11:00,M,20~29,office,seoul,0,0,0,0,20,0,0,31,0,0,completed
28029,U8031,2025-04-08 13:15:00,2025-04-08 13:21:00,F,30~39,office,seoul,0,0,0,0,27,0,0,22,0,0,abandoned
28030,U8032,2025-09-04 12:00:00,2025-09-04 12:07:00,F,50+,office,seoul,0,0,0,0,10,0,0,16,1,0,completed
28031,U8033,2025-05-03 17:12:00,2025-05-03 17:16:00,F,20~29,office,seoul,1,0,0,0,28,0,0,15,0,0,completed
28032,U8034,2025-08-26 11:31:00,2025-08-26 11:37:00,M,20~29,office,seoul,0,0,0,0,15,0,0,73,0,0,completed
28033,U8035,2025-07-18 12:40:00,2025-07-18 12:45:00,F,30~39,office,seoul,0,0,0,0,8,0,0,50,0,0,completed
28034,U8036,2025-06-01 15:13:00,2025-06-01 15:15:00,F,20~29,office,seoul,1,0,0,0,9,0,0,35,0,0,completed
28035,U8037,2025-01-17 08:24:00,2025-01-17 08:28:00,F,20~29,office,seoul,0,0,0,0,29,0,0,21,0,0,completed
28036,U8038,2025-03-08 14:57:00,2025-03-08 15:00:00,F,40~49,office,seoul,1,0,0,0,27,0,0,22,0,0,completed
28037,U8039,2025-08-17 19:45:00,2025-08-17 19:48:00,F,30~39,office,seoul,1,0,0,0,18,0,0,30,0,0,completed
28038,U8040,2025-11-22 18:40:00,2025-11-22 18:45:00,M,50+,office,seoul,1,0,0,0,27,0,0,76,0,0,completed
28039,U8041,2025-09-14 17:28:00,2025-09-14 17:35:00,F,30~39,office,seoul,1,0,0,0,25,0,0,48,0,0,completed
28040,U8042,2025-08-03 16:36:00,2025-08-03 16:39:00,F,40~49,office,seoul,1,0,0,0,11,0,0,74,0,0,timeout
28041,U8043,2025-12-03 08:12:00,2025-12-03 08:14:00,M,20~29,office,seoul,0,0,0,0,29,0,0,16,0,0,completed
28042,U8044,2025-05-24 15:04:00,2025-05-24 15:07:00,F,20~29,office,seoul,1,0,0,0,18,0,0,40,0,0,timeout
28043,U8045,2025-01-02 09:30:00,2025-01-02 09:35:00,F,20~29,office,seoul,0,0,0,0,23,0,0,70,0,0,completed
28044,U8046,2025-03-20 13:53:00,2025-03-20 14:00:00,F,50+,office,seoul,0,0,0,0,15,0,0,70,0,0,completed
28045,U8047,2025-10-31 11:20:00,2025-10-31 11:26:00,F,20~29,office,seoul,0,0,0,0,2,0,0,45,0,0,completed
28046,U8048,2025-04-03 14:54:00,2025-04-03 15:01:00,F,30~39,office,seoul,0,0,0,0,27,0,0,15,0,0,completed
28047,U8049,2025-07-29 15:08:00,2025-07-29 15:13:00,F,40~49,office,seoul,0,0,0,0,7,0,0,78,0,0,completed
28048,U8050,2025-05-29 12:21:00,2025-05-29 12:23:00,M,20~29,office,seoul,0,0,0,0,23,0,0,65,0,0,completed
28049,U8051,2025-02-21 16:25:00,2025-02-21 16:27:00,F,30~39,office,seoul,0,0,0,0,15,0,0,43,0,0,completed
28050,U8052,2025-01-10 18:26:00,2025-01-10 18:29:00,M,30~39,office,seoul,0,0,0,0,26,0,0,56,0,0,completed
28051,U8053,2025-07-31 18:21:00,2025-07-31 18:25:00,F,50+,office,seoul,0,0,0,0,10,0,0,75,0,0,completed
28052,U8054,2025-12-28 17:55:00,2025-12-28 17:59:00,M,40~49,office,seoul,1,0,0,0,12,0,0,40,0,0,abandoned
28053,U8055,2025-12-01 15:13:00,2025-12-01 15:19:00,F,40~49,office,seoul,0,0,0,0,25,0,0,75,0,1,error
28054,U8056,2025-12-20 13:10:00,2025-12-20 13:12:00,M,30~39,office,seoul,1,0,0,0,14,0,0,14,0,0,abandoned
28055,U8057,2025-12-31 16:41:00,2025-12-31 16:45:00,F,30~39,office,seoul,0,0,0,0,13,0,0,77,1,0,completed
28056,U8058,2025-10-20 08:17:00,2025-10-20 08:22:00,M,20~29,office,seoul,0,0,0,0,9,0,0,45,0,0,completed
28057,U8059,2025-09-05 16:46:00,2025-09-05 16:53:00,M,20~29,office,seoul,0,0,0,0,4,0,0,22,0,0,completed
28058,U8060,2025-04-12 07:26:00,2025-04-12 07:29:00,M,50+,office,seoul,1,0,0,0,3,0,0,31,0,1,completed
28059,U8061,2025-02-05 18:36:00,2025-02-05 18:40:00,F,30~39,office,seoul,0,0,0,0,13,0,0,23,0,0,completed
28060,U8062,2025-01-16 18:37:00,2025-01-16 18:42:00,F,20~29,office,seoul,0,0,0,0,9,0,0,14,0,0,completed
28061,U8063,2025-08-01 08:50:00,2025-08-01 08:57:00,F,20~29,office,seoul,0,0,0,0,15,0,0,24,0,0,completed
28062,U8064,2025-03-31 13:02:00,2025-03-31 13:08:00,F,30~39,office,seoul,0,0,0,0,19,0,0,47,0,0,completed
28063,U8065,2025-09-25 19:06:00,2025-09-25 19:11:00,M,40~49,office,seoul,0,0,0,0,28,0,0,14,0,0,completed
28064,U8066,2025-04-02 16:49:00,2025-04-02 16:55:00,M,20~29,office,seoul,0,0,0,0,6,0,0,36,0,0,completed
28065,U8067,2025-12-28 18:26:00,2025-12-28 18:30:00,M,40~49,office,seoul,1,0,0,0,14,0,0,72,0,1,completed
28066,U8068,2025-07-20 07:48:00,2025-07-20 07:53:00,M,40~49,office,seoul,1,0,0,0,23,0,0,62,0,0,completed
28067,U8069,2025-07-14 15:19:00,2025-07-14 15:24:00,F,30~39,office,seoul,0,0,0,0,9,0,0,70,0,0,completed
28068,U8070,2025-10-19 11:46:00,2025-10-19 11:52:00,M,40~49,office,seoul,1,0,0,0,15,0,0,14,0,0,completed
28069,U8071,2025-07-07 14:04:00,2025-07-07 14:09:00,F,40~49,office,seoul,0,0,0,0,2,0,0,36,0,0,completed
28070,U8072,2025-07-27 15:52:00,2025-07-27 15:59:00,F,20~29,office,seoul,1,0,0,0,9,0,0,42,0,0,completed
28071,U8073,2025-10-22 14:33:00,2025-10-22 14:40:00,F,40~49,office,seoul,0,0,0,0,24,0,0,49,0,0,completed
28072,U8074,2025-10-30 18:26:00,2025-10-30 18:28:00,F,20~29,office,seoul,0,0,0,0,15,0,0,63,0,0,completed
28073,U8075,2025-05-12 16:03:00,2025-05-12 16:06:00,F,30~39,office,seoul,0,0,0,0,4,0,0,55,0,0,completed
28074,U8076,2025-06-18 16:48:00,2025-06-18 16:52:00,F,30~39,office,seoul,0,0,0,0,15,0,0,33,0,0,completed
28075,U8077,2025-05-04 09:40:00,2025-05-04 09:44:00,M,20~29,office,seoul,1,0,0,0,17,0,0,52,0,0,completed
28076,U8078,2025-10-02 21:52:00,2025-10-02 21:56:00,M,50+,office,seoul,0,0,0,0,24,0,0,12,0,0,completed
28077,U8079,2025-06-03 19:39:00,2025-06-03 19:42:00,F,50+,office,seoul,0,0,0,0,27,0,0,74,0,0,completed
28078,U8080,2025-04-06 13:19:00,2025-04-06 13:24:00,M,40~49,office,seoul,1,0,0,0,16,0,0,74,0,0,completed
28079,U8081,2025-11-25 20:29:00,2025-11-25 20:31:00,M,40~49,office,seoul,0,0,0,0,5,0,0,33,0,0,timeout
28080,U8082,2025-02-15 09:13:00,2025-02-15 09:17:00,F,20~29,office,seoul,1,0,0,0,26,0,0,49,0,0,completed
28081,U8083,2025-03-15 11:54:00,2025-03-15 11:58:00,F,30~39,office,seoul,1,0,0,0,20,0,0,27,0,0,completed
28082,U8084,2025-07-13 18:16:00,2025-07-13 18:20:00,F,20~29,office,seoul,1,0,0,0,16,0,0,50,0,0,completed
28083,U8085,2025-08-30 19:01:00,2025-08-30 19:05:00,M,20~29,office,seoul,1,0,0,0,25,0,0,71,0,0,completed
28084,U8086,2025-11-30 09:54:00,2025-11-30 10:00:00,F,20~29,office,seoul,1,0,0,0,23,0,0,65,0,0,completed
28085,U8087,2025-05-06 16:14:00,2025-05-06 16:18:00,F,30~39,office,seoul,0,0,0,0,4,0,0,32,0,0,completed
28086,U8088,2025-05-07 09:56:00,2025-05-07 10:01:00,F,20~29,office,seoul,0,0,0,0,16,0,0,40,0,0,completed
28087,U8089,2025-06-05 18:22:00,2025-06-05 18:27:00,M,30~39,office,seoul,0,0,0,0,22,0,0,45,0,0,completed
28088,U8090,2025-01-23 18:41:00,2025-01-23 18:43:00,F,30~39,office,seoul,0,0,0,0,23,0,0,20,0,0,completed
28089,U8091,2025-06-03 13:54:00,2025-06-03 13:58:00,F,50+,office,seoul,0,0,0,0,11,0,0,26,0,0,completed
28090,U8092,2025-02-23 08:23:00,2025-02-23 08:28:00,M,30~39,office,seoul,1,0,0,0,11,0,0,67,0,0,completed
28091,U8093,2025-04-21 08:13:00,2025-04-21 08:16:00,M,30~39,office,seoul,0,0,0,0,14,0,0,29,0,0,completed
28092,U8094,2025-06-03 15:57:00,2025-06-03 16:01:00,F,50+,office,seoul,0,0,0,0,7,0,0,53,0,0,completed
28093,U8095,2025-04-24 16:51:00,2025-04-24 16:58:00,F,30~39,office,seoul,0,0,0,0,10,0,0,70,0,0,completed
28094,U8096,2025-04-26 18:51:00,2025-04-26 18:56:00,M,30~39,office,seoul,1,0,0,0,19,0,0,60,0,0,completed
28095,U8097,2025-03-25 16:12:00,2025-03-25 16:15:00,F,30~39,office,seoul,0,0,0,0,28,0,0,62,0,0,completed
28096,U8098,2025-01-16 22:53:00,2025-01-16 22:59:00,M,30~39,office,seoul,0,0,0,0,21,0,0,16,0,0,completed
28097,U8099,2025-09-23 17:23:00,2025-09-23 17:29:00,F,30~39,office,seoul,0,0,0,0,29,0,0,65,0,0,completed
28098,U8100,2025-02-15 20:30:00,2025-02-15 20:32:00,M,20~29,office,seoul,1,0,0,0,26,0,0,25,0,0,completed
28099,U8101,2025-01-27 12:13:00,2025-01-27 12:16:00,M,20~29,office,seoul,0,0,0,0,29,0,0,25,1,0,completed
28100,U8102,2025-09-10 17:34:00,2025-09-10 17:40:00,M,50+,office,seoul,0,0,0,0,28,0,0,47,0,0,timeout
28101,U8103,2025-04-23 19:03:00,2025-04-23 19:10:00,F,50+,office,seoul,0,0,0,0,14,0,0,23,1,0,completed
28102,U8104,2025-11-06 19:24:00,2025-11-06 19:29:00,F,50+,office,seoul,0,0,0,0,27,0,0,41,0,0,error
28103,U8105,2025-05-17 21:23:00,2025-05-17 21:29:00,F,20~29,office,seoul,1,0,0,0,7,0,0,36,0,0,completed
28104,U8106,2025-05-01 13:55:00,2025-05-01 13:59:00,F,50+,office,seoul,0,0,0,0,6,0,0,56,0,0,completed
28105,U8107,2025-06-15 15:40:00,2025-06-15 15:46:00,F,30~39,office,seoul,1,0,0,0,5,0,0,38,0,0,completed
28106,U8108,2025-11-08 11:56:00,2025-11-08 12:01:00,F,30~39,office,seoul,1,0,0,0,0,0,0,73,0,0,completed
28107,U8109,2025-07-05 08:16:00,2025-07-05 08:19:00,F,20~29,office,seoul,1,0,0,0,9,0,0,62,0,0,completed
28108,U8110,2025-10-22 18:53:00,2025-10-22 18:58:00,M,30~39,office,seoul,0,0,0,0,21,0,0,20,0,0,completed
28109,U8111,2025-09-15 13:35:00,2025-09-15 13:38:00,F,20~29,office,seoul,0,0,0,0,14,0,0,64,0,0,abandoned
28110,U8112,2025-07-15 18:53:00,2025-07-15 18:58:00,F,30~39,office,seoul,0,0,0,0,11,0,0,58,0,0,abandoned
28111,U8113,2025-03-08 15:42:00,2025-03-08 15:45:00,F,40~49,office,seoul,1,0,0,0,26,0,0,17,0,0,completed
28112,U8114,2025-04-20 12:03:00,2025-04-20 12:05:00,M,40~49,office,seoul,1,0,0,0,29,0,0,71,0,0,completed
28113,U8115,2025-08-07 12:43:00,2025-08-07 12:46:00,F,20~29,office,seoul,0,0,0,0,12,0,0,53,0,0,completed
28114,U8116,2025-01-13 09:13:00,2025-01-13 09:15:00,F,50+,office,seoul,0,0,0,0,4,0,0,64,0,0,completed
28115,U8117,2025-01-15 18:04:00,2025-01-15 18:06:00,F,50+,office,seoul,0,0,0,0,25,0,0,78,1,0,completed
28116,U8118,2025-09-09 17:21:00,2025-09-09 17:26:00,M,40~49,office,seoul,0,0,0,0,2,0,0,69,0,0,completed
28117,U8119,2025-05-18 07:41:00,2025-05-18 07:46:00,F,40~49,office,seoul,1,0,0,0,23,0,0,34,0,0,completed
28118,U8120,2025-02-25 12:55:00,2025-02-25 12:59:00,F,30~39,office,seoul,0,0,0,0,22,0,0,34,0,0,completed
28119,U8121,2025-02-13 12:11:00,2025-02-13 12:17:00,M,40~49,office,seoul,0,0,0,0,11,0,0,64,0,0,completed
28120,U8122,2025-03-29 19:19:00,2025-03-29 19:21:00,F,20~29,office,seoul,1,0,0,0,2,0,0,57,0,0,abandoned
28121,U8123,2025-10-08 22:58:00,2025-10-08 23:01:00,F,20~29,office,seoul,0,0,0,0,9,0,0,23,0,0,completed
28122,U8124,2025-12-24 09:32:00,2025-12-24 09:37:00,F,20~29,office,seoul,0,0,0,0,6,0,0,27,0,0,completed
28123,U8125,2025-07-15 12:08:00,2025-07-15 12:13:00,F,20~29,office,seoul,0,0,0,0,0,0,0,67,0,0,completed
28124,U8126,2025-11-13 22:46:00,2025-11-13 22:51:00,F,50+,office,seoul,0,0,0,0,10,0,0,35,0,0,abandoned
28125,U8127,2025-05-17 18:23:00,2025-05-17 18:27:00,F,20~29,office,seoul,1,0,0,0,8,0,0,38,0,0,completed
28126,U8128,2025-08-01 11:55:00,2025-08-01 11:57:00,F,40~49,office,seoul,0,0,0,0,5,0,0,52,0,0,completed
28127,U8129,2025-04-15 22:00:00,2025-04-15 22:03:00,M,50+,office,seoul,0,0,0,0,28,0,0,33,0,0,completed
28128,U8130,2025-01-02 18:04:00,2025-01-02 18:06:00,F,20~29,office,seoul,0,0,0,0,23,0,0,17,0,0,completed
28129,U8131,2025-10-05 08:05:00,2025-10-05 08:10:00,F,20~29,office,seoul,1,0,0,0,1,0,0,15,0,0,completed
28130,U8132,2025-08-07 14:55:00,2025-08-07 15:00:00,F,20~29,office,seoul,0,0,0,0,22,0,0,21,0,0,completed
28131,U8133,2025-12-07 17:19:00,2025-12-07 17:24:00,F,20~29,office,seoul,1,0,0,0,6,0,0,12,0,0,completed
28132,U8134,2025-10-09 17:07:00,2025-10-09 17:12:00,M,40~49,office,seoul,0,0,0,0,8,0,0,58,0,0,completed
28133,U8135,2025-11-30 14:19:00,2025-11-30 14:26:00,F,20~29,office,seoul,1,0,0,0,3,0,0,60,0,0,completed
28134,U8136,2025-05-31 15:28:00,2025-05-31 15:33:00,F,30~39,office,seoul,1,0,0,0,13,0,0,22,0,0,completed
28135,U8137,2025-04-17 08:22:00,2025-04-17 08:28:00,M,20~29,office,seoul,0,0,0,0,6,0,0,58,0,0,completed
28136,U8138,2025-01-15 18:08:00,2025-01-15 18:13:00,F,30~39,office,seoul,0,0,0,0,5,0,0,69,1,0,completed
28137,U8139,2025-01-06 13:41:00,2025-01-06 13:48:00,M,20~29,office,seoul,0,0,0,0,23,0,0,41,0,0,completed
28138,U8140,2025-09-06 21:57:00,2025-09-06 22:01:00,F,40~49,office,seoul,1,0,0,0,23,0,0,26,0,0,completed
28139,U8141,2025-05-11 19:14:00,2025-05-11 19:18:00,M,30~39,office,seoul,1,0,0,0,14,0,0,72,0,0,completed
28140,U8142,2025-03-14 14:24:00,2025-03-14 14:28:00,M,40~49,office,seoul,0,0,0,0,24,0,0,75,0,0,completed
28141,U8143,2025-09-15 15:53:00,2025-09-15 16:00:00,F,30~39,office,seoul,0,0,0,0,20,0,0,42,0,0,abandoned
28142,U8144,2025-04-23 15:58:00,2025-04-23 16:00:00,F,30~39,office,seoul,0,0,0,0,0,0,0,31,0,0,completed
28143,U8145,2025-05-25 14:59:00,2025-05-25 15:01:00,M,20~29,office,seoul,1,0,0,0,24,0,0,65,0,0,completed
28144,U8146,2025-12-24 13:06:00,2025-12-24 13:11:00,F,50+,office,seoul,0,0,0,0,2,0,0,19,0,0,completed
28145,U8147,2025-06-01 12:32:00,2025-06-01 12:36:00,F,40~49,office,seoul,1,0,0,0,7,0,0,33,0,0,completed
28146,U8148,2025-06-25 19:06:00,2025-06-25 19:10:00,F,40~49,office,seoul,0,0,0,0,18,0,0,27,0,0,completed
28147,U8149,2025-11-10 16:43:00,2025-11-10 16:45:00,M,30~39,office,seoul,0,0,0,0,17,0,0,49,0,0,completed
28148,U8150,2025-11-25 08:59:00,2025-11-25 09:05:00,F,50+,office,seoul,0,0,0,0,14,0,0,19,0,0,completed
28149,U8151,2025-09-11 12:10:00,2025-09-11 12:13:00,M,50+,office,seoul,0,0,0,0,13,0,0,18,0,0,completed
28150,U8152,2025-04-26 15:54:00,2025-04-26 15:56:00,F,30~39,office,seoul,1,0,0,0,3,0,0,44,0,0,completed
28151,U8153,2025-05-05 13:47:00,2025-05-05 13:51:00,F,50+,office,seoul,0,0,0,0,6,0,0,64,0,0,abandoned
28152,U8154,2025-11-05 19:49:00,2025-11-05 19:53:00,M,20~29,office,seoul,0,0,0,0,10,0,0,42,0,0,completed
28153,U8155,2025-11-22 19:03:00,2025-11-22 19:07:00,F,50+,office,seoul,1,0,0,0,23,0,0,20,0,0,completed
28154,U8156,2025-09-11 07:33:00,2025-09-11 07:39:00,F,30~39,office,seoul,0,0,0,0,20,0,0,50,0,0,completed
28155,U8157,2025-01-16 15:00:00,2025-01-16 15:04:00,F,20~29,office,seoul,0,0,0,0,12,0,0,47,0,0,completed
28156,U8158,2025-12-19 17:22:00,2025-12-19 17:28:00,F,30~39,office,seoul,0,0,0,0,10,0,0,36,0,0,completed
28157,U8159,2025-02-04 14:15:00,2025-02-04 14:21:00,F,20~29,office,seoul,0,0,0,0,7,0,0,67,0,0,completed
28158,U8160,2025-08-30 13:38:00,2025-08-30 13:45:00,F,30~39,office,seoul,1,0,0,0,7,0,0,38,0,0,completed
28159,U8161,2025-05-15 22:43:00,2025-05-15 22:46:00,M,20~29,office,seoul,0,0,0,0,26,0,0,15,0,0,completed
28160,U8162,2025-06-15 12:51:00,2025-06-15 12:58:00,F,30~39,office,seoul,1,0,0,0,14,0,0,43,0,0,completed
28161,U8163,2025-04-13 13:52:00,2025-04-13 13:59:00,M,30~39,office,seoul,1,0,0,0,18,0,0,48,0,0,completed
28162,U8164,2025-03-08 12:13:00,2025-03-08 12:20:00,M,40~49,office,seoul,1,0,0,0,11,0,0,74,0,0,completed
28163,U8165,2025-09-14 09:35:00,2025-09-14 09:39:00,F,50+,office,seoul,1,0,0,0,11,0,0,76,0,0,completed
28164,U8166,2025-03-30 19:49:00,2025-03-30 19:55:00,F,20~29,office,seoul,1,0,0,0,12,0,0,52,0,0,completed
28165,U8167,2025-09-25 15:15:00,2025-09-25 15:21:00,F,40~49,office,seoul,0,0,0,0,8,0,0,56,0,0,completed
28166,U8168,2025-12-12 12:52:00,2025-12-12 12:55:00,M,30~39,office,seoul,0,0,0,0,18,0,0,73,0,0,completed
28167,U8169,2025-05-27 12:40:00,2025-05-27 12:46:00,M,40~49,office,seoul,0,0,0,0,1,0,0,40,0,0,completed
28168,U8170,2025-10-13 15:08:00,2025-10-13 15:13:00,F,40~49,office,seoul,0,0,0,0,4,0,0,11,0,0,completed
28169,U8171,2025-10-08 12:07:00,2025-10-08 12:14:00,M,50+,office,seoul,0,0,0,0,12,0,0,62,0,0,completed
28170,U8172,2025-12-12 22:03:00,2025-12-12 22:05:00,F,20~29,office,seoul,0,0,0,0,27,0,0,23,0,0,completed
28171,U8173,2025-02-17 12:13:00,2025-02-17 12:17:00,M,30~39,office,seoul,0,0,0,0,19,0,0,14,0,0,completed
28172,U8174,2025-10-01 08:04:00,2025-10-01 08:07:00,M,30~39,office,seoul,0,0,0,0,7,0,0,34,0,0,completed
28173,U8175,2025-06-26 16:47:00,2025-06-26 16:53:00,M,40~49,office,seoul,0,0,0,0,23,0,0,51,0,0,completed
28174,U8176,2025-05-19 08:41:00,2025-05-19 08:44:00,M,30~39,office,seoul,0,0,0,0,21,0,0,45,0,0,abandoned
28175,U8177,2025-12-31 15:45:00,2025-12-31 15:47:00,M,20~29,office,seoul,0,0,0,0,19,0,0,15,0,0,completed
28176,U8178,2025-03-16 14:09:00,2025-03-16 14:16:00,M,40~49,office,seoul,1,0,0,0,20,0,0,15,0,0,completed
28177,U8179,2025-01-12 16:48:00,2025-01-12 16:55:00,F,20~29,office,seoul,1,0,0,0,17,0,0,54,0,0,completed
28178,U8180,2025-07-12 13:58:00,2025-07-12 14:01:00,M,50+,office,seoul,1,0,0,0,11,0,0,25,0,0,completed
28179,U8181,2025-07-13 09:41:00,2025-07-13 09:47:00,F,20~29,office,seoul,1,0,0,0,15,0,0,74,0,0,completed
28180,U8182,2025-02-21 09:24:00,2025-02-21 09:29:00,M,20~29,office,seoul,0,0,0,0,16,0,0,37,0,0,completed
28181,U8183,2025-04-22 18:32:00,2025-04-22 18:35:00,M,20~29,office,seoul,0,0,0,0,17,0,0,62,0,0,completed
28182,U8184,2025-12-14 09:24:00,2025-12-14 09:29:00,M,20~29,office,seoul,1,0,0,0,16,0,0,62,0,0,completed
28183,U8185,2025-03-24 14:19:00,2025-03-24 14:23:00,F,50+,office,seoul,0,0,0,0,19,0,0,16,0,0,timeout
28184,U8186,2025-02-20 19:06:00,2025-02-20 19:09:00,M,20~29,office,seoul,0,0,0,0,22,0,0,52,0,0,completed
28185,U8187,2025-12-03 17:54:00,2025-12-03 17:58:00,F,20~29,office,seoul,0,0,0,0,7,0,0,46,0,0,completed
28186,U8188,2025-01-01 16:28:00,2025-01-01 16:33:00,M,20~29,office,seoul,0,0,0,0,5,0,0,70,0,0,abandoned
28187,U8189,2025-11-26 17:47:00,2025-11-26 17:52:00,F,50+,office,seoul,0,0,0,0,15,0,0,10,0,0,completed
28188,U8190,2025-07-11 13:02:00,2025-07-11 13:04:00,F,30~39,office,seoul,0,0,0,0,25,0,0,50,0,0,completed
28189,U8191,2025-09-19 17:27:00,2025-09-19 17:30:00,F,50+,office,seoul,0,0,0,0,21,0,0,22,0,0,completed
28190,U8192,2025-01-11 07:55:00,2025-01-11 07:59:00,M,20~29,office,seoul,1,0,0,0,8,0,0,75,0,0,completed
28191,U8193,2025-06-12 19:57:00,2025-06-12 20:03:00,M,20~29,office,seoul,0,0,0,0,1,0,0,45,0,0,completed
28192,U8194,2025-09-02 16:49:00,2025-09-02 16:54:00,M,30~39,office,seoul,0,0,0,0,25,0,0,61,0,0,completed
28193,U8195,2025-05-24 07:34:00,2025-05-24 07:39:00,F,30~39,office,seoul,1,0,0,0,19,0,0,22,0,0,completed
28194,U8196,2025-05-21 19:12:00,2025-05-21 19:15:00,F,40~49,office,seoul,0,0,0,0,13,0,0,51,0,0,abandoned
28195,U8197,2025-06-18 14:50:00,2025-06-18 14:52:00,F,40~49,office,seoul,0,0,0,0,24,0,0,48,0,0,completed
28196,U8198,2025-11-25 20:44:00,2025-11-25 20:49:00,F,40~49,office,seoul,0,0,0,0,20,0,0,41,0,0,completed
28197,U8199,2025-02-26 18:37:00,2025-02-26 18:39:00,F,20~29,office,seoul,0,0,0,0,23,0,0,64,0,0,completed
28198,U8200,2025-01-20 14:11:00,2025-01-20 14:14:00,M,30~39,office,seoul,0,0,0,0,0,0,0,65,0,0,completed
28199,U8201,2025-12-21 15:21:00,2025-12-21 15:23:00,M,50+,office,seoul,1,0,0,0,10,0,0,64,0,0,abandoned
28200,U8202,2025-07-18 14:12:00,2025-07-18 14:18:00,M,40~49,office,seoul,0,0,0,0,2,0,0,55,0,0,completed
28201,U8203,2025-05-24 11:58:00,2025-05-24 12:05:00,M,50+,office,seoul,1,0,0,0,4,0,0,76,0,0,completed
28202,U8204,2025-04-06 09:38:00,2025-04-06 09:41:00,M,20~29,office,seoul,1,0,0,0,12,0,0,47,0,0,completed
28203,U8205,2025-07-21 08:25:00,2025-07-21 08:29:00,F,30~39,office,seoul,0,0,0,0,26,0,0,52,0,0,completed
28204,U8206,2025-03-04 20:57:00,2025-03-04 21:02:00,M,20~29,office,seoul,0,0,0,0,14,0,0,68,0,0,completed
28205,U8207,2025-10-02 22:33:00,2025-10-02 22:36:00,M,40~49,office,seoul,0,0,0,0,12,0,0,18,0,0,completed
28206,U8208,2025-08-01 08:09:00,2025-08-01 08:16:00,F,40~49,office,seoul,0,0,0,0,23,0,0,59,0,0,completed
28207,U8209,2025-01-14 15:53:00,2025-01-14 15:59:00,F,40~49,office,seoul,0,0,0,0,29,0,0,11,0,0,completed
28208,U8210,2025-06-03 08:32:00,2025-06-03 08:39:00,F,40~49,office,seoul,0,0,0,0,25,0,0,22,0,0,completed
28209,U8211,2025-04-22 13:52:00,2025-04-22 13:58:00,M,20~29,office,seoul,0,0,0,0,1,0,0,40,0,0,completed
28210,U8212,2025-11-16 13:55:00,2025-11-16 14:00:00,F,40~49,office,seoul,1,0,0,0,28,0,0,31,0,0,completed
28211,U8213,2025-05-19 19:39:00,2025-05-19 19:43:00,M,20~29,office,seoul,0,0,0,0,9,0,0,22,0,0,completed
28212,U8214,2025-05-15 17:33:00,2025-05-15 17:37:00,M,20~29,office,seoul,0,0,0,0,3,0,0,42,0,0,completed
28213,U8215,2025-08-27 13:07:00,2025-08-27 13:13:00,F,40~49,office,seoul,0,0,0,0,25,0,0,69,0,0,completed
28214,U8216,2025-10-15 19:52:00,2025-10-15 19:58:00,M,40~49,office,seoul,0,0,0,0,28,0,0,62,0,0,completed
28215,U8217,2025-11-14 12:04:00,2025-11-14 12:11:00,M,20~29,office,seoul,0,0,0,0,9,0,0,51,0,0,completed
28216,U8218,2025-02-08 11:46:00,2025-02-08 11:53:00,F,20~29,office,seoul,1,0,0,0,26,0,0,45,0,0,completed
28217,U8219,2025-10-13 16:39:00,2025-10-13 16:45:00,F,40~49,office,seoul,0,0,0,0,1,0,0,75,0,0,completed
28218,U8220,2025-04-30 12:42:00,2025-04-30 12:44:00,M,40~49,office,seoul,0,0,0,0,29,0,0,77,0,0,completed
28219,U8221,2025-10-12 14:08:00,2025-10-12 14:13:00,F,50+,office,seoul,1,0,0,0,17,0,0,36,0,0,completed
28220,U8222,2025-07-22 08:55:00,2025-07-22 08:59:00,F,20~29,office,seoul,0,0,0,0,17,0,0,23,0,0,completed
28221,U8223,2025-05-30 08:28:00,2025-05-30 08:30:00,F,30~39,office,seoul,0,0,0,0,3,0,0,40,0,0,completed
28222,U8224,2025-08-04 08:38:00,2025-08-04 08:41:00,F,20~29,office,seoul,0,0,0,0,14,0,0,53,0,0,completed
28223,U8225,2025-05-27 09:36:00,2025-05-27 09:38:00,M,40~49,office,seoul,0,0,0,0,19,0,0,14,0,0,completed
28224,U8226,2025-06-01 09:49:00,2025-06-01 09:51:00,F,50+,office,seoul,1,0,0,0,27,0,0,32,0,0,completed
28225,U8227,2025-02-11 18:43:00,2025-02-11 18:49:00,F,40~49,office,seoul,0,0,0,0,2,0,0,55,0,0,timeout
28226,U8228,2025-07-04 11:47:00,2025-07-04 11:51:00,M,30~39,office,seoul,0,0,0,0,24,0,0,52,0,0,completed
28227,U8229,2025-03-23 07:51:00,2025-03-23 07:57:00,F,40~49,office,seoul,1,0,0,0,1,0,0,17,0,0,completed
28228,U8230,2025-08-06 14:48:00,2025-08-06 14:55:00,F,20~29,office,seoul,0,0,0,0,23,0,0,35,0,0,completed
28229,U8231,2025-09-24 20:45:00,2025-09-24 20:50:00,M,30~39,office,seoul,0,0,0,0,23,0,0,41,0,0,completed
28230,U8232,2025-09-02 08:27:00,2025-09-02 08:31:00,M,40~49,office,seoul,0,0,0,0,2,0,0,30,0,0,completed
28231,U8233,2025-01-16 15:38:00,2025-01-16 15:44:00,M,50+,office,seoul,0,0,0,0,13,0,0,69,0,0,completed
28232,U8234,2025-03-11 17:40:00,2025-03-11 17:42:00,F,50+,office,seoul,0,0,0,0,4,0,0,29,0,0,completed
28233,U8235,2025-07-02 13:47:00,2025-07-02 13:54:00,F,30~39,office,seoul,0,0,0,0,21,0,0,48,0,0,completed
28234,U8236,2025-12-07 20:41:00,2025-12-07 20:43:00,M,50+,office,seoul,1,0,0,0,13,0,0,58,0,0,completed
28235,U8237,2025-10-21 17:04:00,2025-10-21 17:07:00,F,40~49,office,seoul,0,0,0,0,19,0,0,47,0,0,completed
28236,U8238,2025-08-21 13:27:00,2025-08-21 13:33:00,F,30~39,office,seoul,0,0,0,0,17,0,0,10,0,0,completed
28237,U8239,2025-05-16 15:40:00,2025-05-16 15:45:00,F,30~39,office,seoul,0,0,0,0,27,0,0,25,0,0,abandoned
28238,U8240,2025-06-17 09:35:00,2025-06-17 09:40:00,F,30~39,office,seoul,0,0,0,0,7,0,0,73,0,0,completed
28239,U8241,2025-06-03 18:22:00,2025-06-03 18:28:00,F,50+,office,seoul,0,0,0,0,1,0,0,68,0,0,abandoned
28240,U8242,2025-01-27 15:23:00,2025-01-27 15:30:00,M,40~49,office,seoul,0,0,0,0,1,0,0,50,0,0,completed
28241,U8243,2025-11-13 12:56:00,2025-11-13 13:01:00,F,40~49,office,seoul,0,0,0,0,23,0,0,23,0,0,completed
28242,U8244,2025-09-07 12:07:00,2025-09-07 12:14:00,M,50+,office,seoul,1,0,0,0,10,0,0,49,0,0,completed
28243,U8245,2025-08-22 20:43:00,2025-08-22 20:45:00,F,50+,office,seoul,0,0,0,0,24,0,0,51,0,0,completed
28244,U8246,2025-10-03 15:18:00,2025-10-03 15:24:00,M,30~39,office,seoul,0,0,0,0,19,0,0,57,0,0,completed
28245,U8247,2025-07-24 12:44:00,2025-07-24 12:49:00,F,40~49,office,seoul,0,0,0,0,7,0,0,55,0,1,completed
28246,U8248,2025-03-23 18:06:00,2025-03-23 18:12:00,F,20~29,office,seoul,1,0,0,0,11,0,0,68,0,0,completed
28247,U8249,2025-02-27 17:58:00,2025-02-27 18:04:00,M,20~29,office,seoul,0,0,0,0,5,0,0,54,0,0,completed
28248,U8250,2025-03-05 16:05:00,2025-03-05 16:11:00,F,40~49,office,seoul,0,0,0,0,11,0,0,41,0,0,completed
28249,U8251,2025-08-20 14:41:00,2025-08-20 14:46:00,M,50+,office,seoul,0,0,0,0,3,0,0,58,0,0,completed
28250,U8252,2025-01-12 07:14:00,2025-01-12 07:16:00,M,20~29,office,seoul,1,0,0,0,10,0,0,39,0,0,completed
28251,U8253,2025-02-17 19:13:00,2025-02-17 19:20:00,F,50+,office,seoul,0,0,0,0,5,0,0,21,0,0,completed
28252,U8254,2025-08-15 12:56:00,2025-08-15 13:01:00,F,20~29,office,seoul,0,0,0,0,13,0,0,61,0,0,timeout
28253,U8255,2025-02-05 11:37:00,2025-02-05 11:41:00,M,20~29,office,seoul,0,0,0,0,2,0,0,76,0,1,completed
28254,U8256,2025-10-01 09:47:00,2025-10-01 09:53:00,F,30~39,office,seoul,0,0,0,0,0,0,0,39,0,0,completed
28255,U8257,2025-12-09 15:58:00,2025-12-09 16:02:00,M,50+,office,seoul,0,0,0,0,22,0,0,58,1,0,completed
28256,U8258,2025-10-23 14:24:00,2025-10-23 14:27:00,M,20~29,office,seoul,0,0,0,0,23,0,0,25,0,0,completed
28257,U8259,2025-01-31 13:16:00,2025-01-31 13:23:00,M,30~39,office,seoul,0,0,0,0,17,0,0,52,0,0,completed
28258,U8260,2025-12-21 09:55:00,2025-12-21 10:00:00,F,20~29,office,seoul,1,0,0,0,25,0,0,68,0,0,completed
28259,U8261,2025-03-17 16:22:00,2025-03-17 16:25:00,F,40~49,office,seoul,0,0,0,0,23,0,0,34,0,0,completed
28260,U8262,2025-07-01 15:36:00,2025-07-01 15:42:00,F,20~29,office,seoul,0,0,0,0,4,0,0,45,0,0,completed
28261,U8263,2025-08-06 09:44:00,2025-08-06 09:46:00,F,50+,office,seoul,0,0,0,0,21,0,0,27,0,0,completed
28262,U8264,2025-10-13 16:18:00,2025-10-13 16:23:00,F,30~39,office,seoul,0,0,0,0,1,0,0,72,0,0,completed
28263,U8265,2025-04-30 15:37:00,2025-04-30 15:42:00,M,50+,office,seoul,0,0,0,0,28,0,0,25,0,0,completed
28264,U8266,2025-05-21 12:59:00,2025-05-21 13:03:00,M,40~49,office,seoul,0,0,0,0,25,0,0,27,0,0,completed
28265,U8267,2025-09-22 19:39:00,2025-09-22 19:42:00,M,20~29,office,seoul,0,0,0,0,14,0,0,71,0,0,completed
28266,U8268,2025-04-16 08:25:00,2025-04-16 08:29:00,F,50+,office,seoul,0,0,0,0,6,0,0,56,0,0,completed
28267,U8269,2025-03-20 16:51:00,2025-03-20 16:55:00,M,20~29,office,seoul,0,0,0,0,20,0,0,66,0,0,completed
28268,U8270,2025-06-21 16:34:00,2025-06-21 16:36:00,M,20~29,office,seoul,1,0,0,0,27,0,0,36,0,0,completed
28269,U8271,2025-11-08 21:20:00,2025-11-08 21:26:00,F,20~29,office,seoul,1,0,0,0,3,0,0,75,0,0,completed
28270,U8272,2025-04-23 13:20:00,2025-04-23 13:26:00,F,50+,office,seoul,0,0,0,0,23,0,0,47,0,1,completed
28271,U8273,2025-08-08 09:19:00,2025-08-08 09:22:00,M,40~49,office,seoul,0,0,0,0,24,0,0,23,0,0,completed
28272,U8274,2025-01-08 11:25:00,2025-01-08 11:30:00,M,20~29,office,seoul,0,0,0,0,29,0,0,68,0,0,completed
28273,U8275,2025-12-22 09:32:00,2025-12-22 09:35:00,M,50+,office,seoul,0,0,0,0,19,0,0,17,0,0,completed
28274,U8276,2025-09-17 11:33:00,2025-09-17 11:40:00,F,30~39,office,seoul,0,0,0,0,29,0,0,75,0,0,completed
28275,U8277,2025-03-17 11:04:00,2025-03-17 11:07:00,M,30~39,office,seoul,0,0,0,0,2,0,0,32,0,0,completed
28276,U8278,2025-10-20 19:22:00,2025-10-20 19:27:00,M,50+,office,seoul,0,0,0,0,1,0,0,32,0,0,completed
28277,U8279,2025-11-01 13:20:00,2025-11-01 13:27:00,M,40~49,office,seoul,1,0,0,0,19,0,0,63,0,0,completed
28278,U8280,2025-09-28 18:23:00,2025-09-28 18:30:00,M,20~29,office,seoul,1,0,0,0,16,0,0,64,0,0,completed
28279,U8281,2025-12-10 12:05:00,2025-12-10 12:12:00,M,30~39,office,seoul,0,0,0,0,28,0,0,59,0,0,completed
28280,U8282,2025-09-19 07:32:00,2025-09-19 07:35:00,F,20~29,office,seoul,0,0,0,0,14,0,0,15,0,0,completed
28281,U8283,2025-07-23 14:43:00,2025-07-23 14:47:00,F,20~29,office,seoul,0,0,0,0,26,0,0,40,0,0,completed
28282,U8284,2025-08-20 16:06:00,2025-08-20 16:08:00,M,20~29,office,seoul,0,0,0,0,13,0,0,62,0,0,completed
28283,U8285,2025-12-16 19:14:00,2025-12-16 19:21:00,F,30~39,office,seoul,0,0,0,0,25,0,0,55,0,0,completed
28284,U8286,2025-11-09 13:36:00,2025-11-09 13:39:00,F,50+,office,seoul,1,0,0,0,0,0,0,36,1,0,completed
28285,U8287,2025-07-10 08:01:00,2025-07-10 08:08:00,M,20~29,office,seoul,0,0,0,0,16,0,0,19,0,0,completed
28286,U8288,2025-05-14 12:45:00,2025-05-14 12:50:00,M,20~29,office,seoul,0,0,0,0,11,0,0,30,0,0,completed
28287,U8289,2025-05-13 21:37:00,2025-05-13 21:44:00,M,30~39,office,seoul,0,0,0,0,2,0,0,10,0,0,completed
28288,U8290,2025-10-12 08:40:00,2025-10-12 08:47:00,F,30~39,office,seoul,1,0,0,0,16,0,0,17,0,0,completed
28289,U8291,2025-03-18 09:45:00,2025-03-18 09:50:00,M,20~29,office,seoul,0,0,0,0,22,0,0,64,0,0,completed
28290,U8292,2025-08-08 12:09:00,2025-08-08 12:12:00,F,50+,office,seoul,0,0,0,0,2,0,0,65,0,0,completed
28291,U8293,2025-07-28 07:13:00,2025-07-28 07:20:00,F,30~39,office,seoul,0,0,0,0,6,0,0,34,0,0,completed
28292,U8294,2025-12-26 09:04:00,2025-12-26 09:09:00,M,20~29,office,seoul,0,0,0,0,22,0,0,40,0,0,completed
28293,U8295,2025-06-26 18:59:00,2025-06-26 19:04:00,F,30~39,office,seoul,0,0,0,0,13,0,0,54,0,0,completed
28294,U8296,2025-03-04 08:28:00,2025-03-04 08:34:00,F,30~39,office,seoul,0,0,0,0,1,0,0,10,0,0,completed
28295,U8297,2025-02-26 15:57:00,2025-02-26 16:01:00,F,30~39,office,seoul,0,0,0,0,1,0,0,74,0,0,completed
28296,U8298,2025-11-05 11:21:00,2025-11-05 11:23:00,F,50+,office,seoul,0,0,0,0,26,0,0,38,0,0,completed
28297,U8299,2025-12-06 17:45:00,2025-12-06 17:52:00,M,20~29,office,seoul,1,0,0,0,25,0,0,45,0,0,completed
28298,U8300,2025-01-16 11:02:00,2025-01-16 11:04:00,F,40~49,office,seoul,0,0,0,0,4,0,0,47,0,0,completed
28299,U8301,2025-10-06 13:56:00,2025-10-06 14:01:00,M,20~29,office,seoul,0,0,0,0,18,0,0,22,0,0,completed
28300,U8302,2025-06-26 16:30:00,2025-06-26 16:33:00,F,40~49,office,seoul,0,0,0,0,8,0,0,61,0,0,completed
28301,U8303,2025-02-02 17:18:00,2025-02-02 17:22:00,F,30~39,office,seoul,1,0,0,0,26,0,0,33,0,0,completed
28302,U8304,2025-08-11 09:25:00,2025-08-11 09:30:00,M,20~29,office,seoul,0,0,0,0,21,0,0,63,0,0,completed
28303,U8305,2025-06-15 20:16:00,2025-06-15 20:23:00,F,50+,office,seoul,1,0,0,0,3,0,0,17,1,0,completed
28304,U8306,2025-11-16 11:36:00,2025-11-16 11:42:00,F,40~49,office,seoul,1,0,0,0,11,0,0,79,0,0,abandoned
28305,U8307,2025-06-23 08:30:00,2025-06-23 08:32:00,M,20~29,office,seoul,0,0,0,0,27,0,0,18,0,0,completed
28306,U8308,2025-12-30 12:38:00,2025-12-30 12:41:00,F,20~29,office,seoul,0,0,0,0,9,0,0,36,0,0,completed
28307,U8309,2025-02-28 08:52:00,2025-02-28 08:59:00,F,20~29,office,seoul,0,0,0,0,22,0,0,43,0,0,completed
28308,U8310,2025-11-27 20:17:00,2025-11-27 20:23:00,F,30~39,office,seoul,0,0,0,0,2,0,0,63,0,0,completed
28309,U8311,2025-01-19 15:37:00,2025-01-19 15:43:00,M,20~29,office,seoul,1,0,0,0,18,0,0,50,0,0,completed
28310,U8312,2025-12-08 15:06:00,2025-12-08 15:09:00,F,50+,office,seoul,0,0,0,0,8,0,0,69,0,0,completed
28311,U8313,2025-02-26 08:12:00,2025-02-26 08:14:00,M,20~29,office,seoul,0,0,0,0,8,0,0,48,0,0,completed
28312,U8314,2025-02-22 13:12:00,2025-02-22 13:16:00,M,40~49,office,seoul,1,0,0,0,29,0,0,52,1,0,completed
28313,U8315,2025-06-17 15:30:00,2025-06-17 15:35:00,F,50+,office,seoul,0,0,0,0,7,0,0,17,0,0,completed
28314,U8316,2025-11-29 14:22:00,2025-11-29 14:29:00,F,20~29,office,seoul,1,0,0,0,29,0,0,72,0,0,completed
28315,U8317,2025-09-19 08:29:00,2025-09-19 08:33:00,F,20~29,office,seoul,0,0,0,0,29,0,0,23,0,0,error
28316,U8318,2025-05-12 13:09:00,2025-05-12 13:14:00,M,40~49,office,seoul,0,0,0,0,19,0,0,62,0,0,completed
28317,U8319,2025-10-25 15:19:00,2025-10-25 15:22:00,M,30~39,office,seoul,1,0,0,0,22,0,0,51,0,0,completed
28318,U8320,2025-04-19 21:55:00,2025-04-19 21:57:00,F,50+,office,seoul,1,0,0,0,15,0,0,28,0,0,completed
28319,U8321,2025-05-03 13:03:00,2025-05-03 13:10:00,M,30~39,office,seoul,1,0,0,0,3,0,0,69,0,0,completed
28320,U8322,2025-02-01 13:52:00,2025-02-01 13:59:00,F,30~39,office,seoul,1,0,0,0,28,0,0,31,0,0,abandoned
28321,U8323,2025-02-12 08:01:00,2025-02-12 08:07:00,F,40~49,office,seoul,0,0,0,0,26,0,0,27,0,0,completed
28322,U8324,2025-07-01 12:10:00,2025-07-01 12:14:00,F,50+,office,seoul,0,0,0,0,22,0,0,33,0,0,completed
28323,U8325,2025-12-18 17:06:00,2025-12-18 17:11:00,M,20~29,office,seoul,0,0,0,0,24,0,0,55,0,0,completed
28324,U8326,2025-12-16 19:41:00,2025-12-16 19:43:00,F,50+,office,seoul,0,0,0,0,18,0,0,64,0,0,completed
28325,U8327,2025-12-14 07:14:00,2025-12-14 07:21:00,M,40~49,office,seoul,1,0,0,0,28,0,0,66,0,0,completed
28326,U8328,2025-08-10 12:02:00,2025-08-10 12:06:00,F,50+,office,seoul,1,0,0,0,11,0,0,10,0,0,completed
28327,U8329,2025-06-11 09:47:00,2025-06-11 09:54:00,F,50+,office,seoul,0,0,0,0,19,0,0,77,1,0,completed
28328,U8330,2025-02-01 09:49:00,2025-02-01 09:55:00,F,50+,office,seoul,1,0,0,0,17,0,0,63,0,0,completed
28329,U8331,2025-01-24 08:14:00,2025-01-24 08:16:00,F,30~39,office,seoul,0,0,0,0,16,0,0,56,0,0,completed
28330,U8332,2025-07-29 20:41:00,2025-07-29 20:48:00,F,50+,office,seoul,0,0,0,0,21,0,0,76,0,0,completed
28331,U8333,2025-12-18 13:31:00,2025-12-18 13:38:00,M,20~29,office,seoul,0,0,0,0,16,0,0,60,0,0,completed
28332,U8334,2025-12-05 16:02:00,2025-12-05 16:04:00,M,20~29,office,seoul,0,0,0,0,19,0,0,27,0,0,completed
28333,U8335,2025-05-09 08:34:00,2025-05-09 08:39:00,M,50+,office,seoul,0,0,0,0,22,0,0,79,0,0,completed
28334,U8336,2025-10-22 07:03:00,2025-10-22 07:08:00,M,20~29,office,seoul,0,0,0,0,26,0,0,34,0,0,abandoned
28335,U8337,2025-11-19 13:01:00,2025-11-19 13:04:00,M,30~39,office,seoul,0,0,0,0,6,0,0,76,0,0,completed
28336,U8338,2025-09-20 18:58:00,2025-09-20 19:03:00,F,50+,office,seoul,1,0,0,0,11,0,0,72,0,0,timeout
28337,U8339,2025-02-15 22:02:00,2025-02-15 22:08:00,F,20~29,office,seoul,1,0,0,0,10,0,0,78,1,0,abandoned
28338,U8340,2025-12-26 08:45:00,2025-12-26 08:47:00,F,30~39,office,seoul,0,0,0,0,6,0,0,53,0,0,completed
28339,U8341,2025-09-27 12:49:00,2025-09-27 12:51:00,F,50+,office,seoul,1,0,0,0,0,0,0,64,0,0,timeout
28340,U8342,2025-07-31 15:38:00,2025-07-31 15:43:00,F,30~39,office,seoul,0,0,0,0,25,0,0,25,0,0,completed
28341,U8343,2025-11-21 09:31:00,2025-11-21 09:38:00,F,50+,office,seoul,0,0,0,0,25,0,0,45,1,0,completed
28342,U8344,2025-04-27 15:01:00,2025-04-27 15:05:00,M,20~29,office,seoul,1,0,0,0,19,0,0,46,0,0,completed
28343,U8345,2025-09-28 19:33:00,2025-09-28 19:37:00,F,30~39,office,seoul,1,0,0,0,24,0,0,53,0,0,completed
28344,U8346,2025-02-01 20:51:00,2025-02-01 20:58:00,F,30~39,office,seoul,1,0,0,0,7,0,0,19,0,0,completed
28345,U8347,2025-01-15 13:01:00,2025-01-15 13:08:00,M,40~49,office,seoul,0,0,0,0,28,0,0,61,0,0,error
28346,U8348,2025-12-05 15:18:00,2025-12-05 15:23:00,M,30~39,office,seoul,0,0,0,0,25,0,0,21,0,0,completed
28347,U8349,2025-09-05 19:09:00,2025-09-05 19:11:00,F,20~29,office,seoul,0,0,0,0,18,0,0,45,0,0,timeout
28348,U8350,2025-09-09 12:06:00,2025-09-09 12:10:00,F,30~39,office,seoul,0,0,0,0,22,0,0,32,0,0,completed
28349,U8351,2025-03-07 16:56:00,2025-03-07 16:58:00,M,30~39,office,seoul,0,0,0,0,12,0,0,48,0,0,completed
28350,U8352,2025-05-15 15:27:00,2025-05-15 15:31:00,M,20~29,office,seoul,0,0,0,0,27,0,0,68,0,0,completed
28351,U8353,2025-12-31 09:07:00,2025-12-31 09:11:00,M,30~39,office,seoul,0,0,0,0,17,0,0,12,0,0,completed
28352,U8354,2025-04-11 15:16:00,2025-04-11 15:22:00,F,40~49,office,seoul,0,0,0,0,5,0,0,41,0,0,completed
28353,U8355,2025-04-19 08:36:00,2025-04-19 08:41:00,M,40~49,office,seoul,1,0,0,0,7,0,0,38,0,0,completed
28354,U8356,2025-01-30 15:17:00,2025-01-30 15:19:00,M,20~29,office,seoul,0,0,0,0,26,0,0,38,0,0,completed
28355,U8357,2025-06-27 13:56:00,2025-06-27 13:59:00,M,30~39,office,seoul,0,0,0,0,10,0,0,51,0,0,completed
28356,U8358,2025-06-24 08:21:00,2025-06-24 08:23:00,M,30~39,office,seoul,0,0,0,0,29,0,0,30,0,0,timeout
28357,U8359,2025-05-21 15:41:00,2025-05-21 15:43:00,M,20~29,office,seoul,0,0,0,0,1,0,0,63,0,0,completed
28358,U8360,2025-08-20 12:38:00,2025-08-20 12:43:00,M,20~29,office,seoul,0,0,0,0,18,0,0,42,0,0,completed
28359,U8361,2025-11-25 16:03:00,2025-11-25 16:09:00,F,40~49,office,seoul,0,0,0,0,6,0,0,34,0,0,completed
28360,U8362,2025-04-14 21:58:00,2025-04-14 22:03:00,M,20~29,office,seoul,0,0,0,0,1,0,0,64,0,0,completed
28361,U8363,2025-09-28 22:43:00,2025-09-28 22:46:00,M,30~39,office,seoul,1,0,0,0,29,0,0,72,0,0,completed
28362,U8364,2025-01-02 17:27:00,2025-01-02 17:30:00,M,40~49,office,seoul,0,0,0,0,25,0,0,34,0,1,abandoned
28363,U8365,2025-07-19 17:28:00,2025-07-19 17:33:00,M,40~49,office,seoul,1,0,0,0,16,0,0,54,0,0,completed
28364,U8366,2025-06-16 13:09:00,2025-06-16 13:16:00,M,40~49,office,seoul,0,0,0,0,13,0,0,77,0,0,completed
28365,U8367,2025-08-22 17:07:00,2025-08-22 17:11:00,F,20~29,office,seoul,0,0,0,0,8,0,0,75,0,0,completed
28366,U8368,2025-03-20 07:21:00,2025-03-20 07:26:00,F,30~39,office,seoul,0,0,0,0,8,0,0,66,0,0,timeout
28367,U8369,2025-01-20 09:23:00,2025-01-20 09:28:00,F,50+,office,seoul,0,0,0,0,18,0,0,74,0,1,completed
28368,U8370,2025-05-30 13:27:00,2025-05-30 13:33:00,F,20~29,office,seoul,0,0,0,0,6,0,0,15,0,0,completed
28369,U8371,2025-08-23 16:11:00,2025-08-23 16:18:00,F,30~39,office,seoul,1,0,0,0,7,0,0,69,0,0,completed
28370,U8372,2025-03-29 19:37:00,2025-03-29 19:41:00,M,20~29,office,seoul,1,0,0,0,10,0,0,25,0,0,completed
28371,U8373,2025-05-03 12:39:00,2025-05-03 12:44:00,M,20~29,office,seoul,1,0,0,0,23,0,0,61,0,0,completed
28372,U8374,2025-02-02 15:48:00,2025-02-02 15:54:00,F,50+,office,seoul,1,0,0,0,0,0,0,31,0,0,completed
28373,U8375,2025-12-30 16:02:00,2025-12-30 16:08:00,F,50+,office,seoul,0,0,0,0,9,0,0,53,0,0,completed
28374,U8376,2025-12-06 16:07:00,2025-12-06 16:14:00,M,50+,office,seoul,1,0,0,0,3,0,0,47,0,0,completed
28375,U8377,2025-09-15 08:18:00,2025-09-15 08:23:00,F,30~39,office,seoul,0,0,0,0,14,0,0,32,0,0,completed
28376,U8378,2025-09-04 08:10:00,2025-09-04 08:12:00,F,20~29,office,seoul,0,0,0,0,14,0,0,66,0,0,completed
28377,U8379,2025-01-06 15:30:00,2025-01-06 15:36:00,F,50+,office,seoul,0,0,0,0,15,0,0,13,0,0,timeout
28378,U8380,2025-06-17 16:54:00,2025-06-17 16:57:00,M,40~49,office,seoul,0,0,0,0,14,0,0,46,0,0,completed
28379,U8381,2025-01-16 13:35:00,2025-01-16 13:38:00,F,40~49,office,seoul,0,0,0,0,11,0,0,49,0,0,completed
28380,U8382,2025-04-05 19:05:00,2025-04-05 19:09:00,F,30~39,office,seoul,1,0,0,0,12,0,0,60,0,0,completed
28381,U8383,2025-04-18 08:23:00,2025-04-18 08:27:00,M,50+,office,seoul,0,0,0,0,21,0,0,57,0,0,completed
28382,U8384,2025-03-05 09:26:00,2025-03-05 09:31:00,M,20~29,office,seoul,0,0,0,0,29,0,0,28,0,0,completed
28383,U8385,2025-05-24 16:46:00,2025-05-24 16:48:00,F,30~39,office,seoul,1,0,0,0,18,0,0,47,0,0,completed
28384,U8386,2025-09-18 07:19:00,2025-09-18 07:23:00,M,50+,office,seoul,0,0,0,0,6,0,0,15,0,0,completed
28385,U8387,2025-04-13 09:50:00,2025-04-13 09:54:00,F,40~49,office,seoul,1,0,0,0,10,0,0,44,0,0,completed
28386,U8388,2025-03-01 13:46:00,2025-03-01 13:50:00,M,30~39,office,seoul,1,0,0,0,29,0,0,76,0,0,completed
28387,U8389,2025-09-25 16:54:00,2025-09-25 16:56:00,M,50+,office,seoul,0,0,0,0,27,0,0,23,0,0,completed
28388,U8390,2025-04-20 07:14:00,2025-04-20 07:17:00,F,50+,office,seoul,1,0,0,0,7,0,0,48,0,0,completed
28389,U8391,2025-07-19 18:57:00,2025-07-19 19:04:00,F,50+,office,seoul,1,0,0,0,2,0,0,40,0,0,completed
28390,U8392,2025-08-12 08:06:00,2025-08-12 08:09:00,F,30~39,office,seoul,0,0,0,0,13,0,0,68,0,0,completed
28391,U8393,2025-03-17 17:40:00,2025-03-17 17:44:00,F,50+,office,seoul,0,0,0,0,10,0,0,44,0,0,completed
28392,U8394,2025-05-02 12:58:00,2025-05-02 13:05:00,M,40~49,office,seoul,0,0,0,0,5,0,0,30,0,0,completed
28393,U8395,2025-08-19 18:09:00,2025-08-19 18:13:00,M,20~29,office,seoul,0,0,0,0,1,0,0,13,0,0,completed
28394,U8396,2025-02-19 09:17:00,2025-02-19 09:23:00,F,20~29,office,seoul,0,0,0,0,9,0,0,71,0,0,completed
28395,U8397,2025-07-29 09:08:00,2025-07-29 09:13:00,F,50+,office,seoul,0,0,0,0,25,0,0,64,0,0,completed
28396,U8398,2025-11-17 16:55:00,2025-11-17 17:02:00,M,20~29,office,seoul,0,0,0,0,8,0,0,50,0,0,completed
28397,U8399,2025-03-11 12:42:00,2025-03-11 12:44:00,F,30~39,office,seoul,0,0,0,0,17,0,0,69,0,0,completed
28398,U8400,2025-10-16 15:37:00,2025-10-16 15:43:00,M,20~29,office,seoul,0,0,0,0,23,0,0,11,0,0,completed
28399,U8401,2025-12-31 15:37:00,2025-12-31 15:42:00,F,40~49,office,seoul,0,0,0,0,29,0,0,67,0,0,completed
28400,U8402,2025-01-22 20:31:00,2025-01-22 20:33:00,F,30~39,office,seoul,0,0,0,0,19,0,0,23,0,0,completed
28401,U8403,2025-11-19 16:13:00,2025-11-19 16:19:00,F,50+,office,seoul,0,0,0,0,15,0,0,25,0,0,completed
28402,U8404,2025-12-19 08:49:00,2025-12-19 08:52:00,M,20~29,office,seoul,0,0,0,0,17,0,0,27,0,0,completed
28403,U8405,2025-03-01 15:50:00,2025-03-01 15:57:00,F,20~29,office,seoul,1,0,0,0,15,0,0,73,0,0,completed
28404,U8406,2025-03-23 14:17:00,2025-03-23 14:22:00,F,20~29,office,seoul,1,0,0,0,28,0,0,67,0,0,completed
28405,U8407,2025-07-15 16:18:00,2025-07-15 16:23:00,M,30~39,office,seoul,0,0,0,0,22,0,0,72,0,0,completed
28406,U8408,2025-03-08 12:46:00,2025-03-08 12:51:00,M,20~29,office,seoul,1,0,0,0,5,0,0,61,0,0,completed
28407,U8409,2025-02-02 20:56:00,2025-02-02 21:01:00,F,50+,office,seoul,1,0,0,0,24,0,0,20,0,0,completed
28408,U8410,2025-12-23 16:36:00,2025-12-23 16:43:00,M,20~29,office,seoul,0,0,0,0,3,0,0,12,0,0,completed
28409,U8411,2025-11-17 14:56:00,2025-11-17 14:58:00,M,30~39,office,seoul,0,0,0,0,16,0,0,68,0,0,completed
28410,U8412,2025-10-03 22:31:00,2025-10-03 22:35:00,F,50+,office,seoul,0,0,0,0,9,0,0,47,0,1,completed
28411,U8413,2025-05-20 15:27:00,2025-05-20 15:32:00,F,20~29,office,seoul,0,0,0,0,3,0,0,43,0,0,completed
28412,U8414,2025-12-28 16:27:00,2025-12-28 16:31:00,F,20~29,office,seoul,1,0,0,0,15,0,0,38,0,0,completed
28413,U8415,2025-07-29 07:07:00,2025-07-29 07:10:00,M,50+,office,seoul,0,0,0,0,0,0,0,57,0,0,completed
28414,U8416,2025-10-17 16:56:00,2025-10-17 17:01:00,M,40~49,office,seoul,0,0,0,0,11,0,0,42,0,0,completed
28415,U8417,2025-07-09 14:17:00,2025-07-09 14:19:00,F,30~39,office,seoul,0,0,0,0,4,0,0,35,0,0,completed
28416,U8418,2025-03-14 12:22:00,2025-03-14 12:27:00,M,30~39,office,seoul,0,0,0,0,17,0,0,16,0,0,completed
28417,U8419,2025-11-27 17:38:00,2025-11-27 17:42:00,F,20~29,office,seoul,0,0,0,0,9,0,0,24,0,0,completed
28418,U8420,2025-04-14 12:23:00,2025-04-14 12:27:00,F,20~29,office,seoul,0,0,0,0,12,0,0,23,0,0,completed
28419,U8421,2025-05-05 17:31:00,2025-05-05 17:34:00,F,20~29,office,seoul,0,0,0,0,27,0,0,14,0,0,completed
28420,U8422,2025-04-04 09:53:00,2025-04-04 10:00:00,M,40~49,office,seoul,0,0,0,0,23,0,0,33,0,0,abandoned
28421,U8423,2025-08-16 08:34:00,2025-08-16 08:40:00,F,20~29,office,seoul,1,0,0,0,27,0,0,55,0,0,completed
28422,U8424,2025-03-21 09:45:00,2025-03-21 09:47:00,F,30~39,office,seoul,0,0,0,0,10,0,0,48,0,0,completed
28423,U8425,2025-10-02 18:13:00,2025-10-02 18:19:00,M,20~29,office,seoul,0,0,0,0,15,0,0,17,0,0,abandoned
28424,U8426,2025-10-23 09:48:00,2025-10-23 09:54:00,M,50+,office,seoul,0,0,0,0,25,0,0,34,0,0,completed
28425,U8427,2025-05-23 14:02:00,2025-05-23 14:06:00,F,50+,office,seoul,0,0,0,0,6,0,0,79,0,0,completed
28426,U8428,2025-02-27 16:51:00,2025-02-27 16:58:00,F,50+,office,seoul,0,0,0,0,12,0,0,43,0,0,completed
28427,U8429,2025-05-11 17:25:00,2025-05-11 17:27:00,M,20~29,office,seoul,1,0,0,0,24,0,0,22,0,0,completed
28428,U8430,2025-05-26 11:49:00,2025-05-26 11:56:00,F,20~29,office,seoul,0,0,0,0,8,0,0,10,0,0,completed
28429,U8431,2025-07-29 08:06:00,2025-07-29 08:10:00,F,40~49,office,seoul,0,0,0,0,17,0,0,13,0,0,completed
28430,U8432,2025-05-05 12:32:00,2025-05-05 12:37:00,F,30~39,office,seoul,0,0,0,0,11,0,0,28,0,0,completed
28431,U8433,2025-02-17 20:33:00,2025-02-17 20:39:00,F,40~49,office,seoul,0,0,0,0,19,0,0,61,0,0,completed
28432,U8434,2025-09-14 13:02:00,2025-09-14 13:05:00,F,50+,office,seoul,1,0,0,0,6,0,0,51,0,0,completed
28433,U8435,2025-12-10 16:43:00,2025-12-10 16:49:00,F,30~39,office,seoul,0,0,0,0,20,0,0,57,0,0,completed
28434,U8436,2025-07-28 16:13:00,2025-07-28 16:17:00,M,50+,office,seoul,0,0,0,0,19,0,0,28,0,0,completed
28435,U8437,2025-02-17 15:27:00,2025-02-17 15:31:00,M,30~39,office,seoul,0,0,0,0,26,0,0,16,0,0,completed
28436,U8438,2025-11-04 19:57:00,2025-11-04 20:01:00,F,30~39,office,seoul,0,0,0,0,16,0,0,20,0,0,completed
28437,U8439,2025-02-26 13:54:00,2025-02-26 14:01:00,F,30~39,office,seoul,0,0,0,0,25,0,0,12,0,0,completed
28438,U8440,2025-10-28 12:33:00,2025-10-28 12:35:00,F,20~29,office,seoul,0,0,0,0,20,0,0,77,0,0,completed
28439,U8441,2025-08-22 18:47:00,2025-08-22 18:50:00,F,20~29,office,seoul,0,0,0,0,23,0,0,72,0,0,error
28440,U8442,2025-04-07 20:41:00,2025-04-07 20:45:00,M,30~39,office,seoul,0,0,0,0,4,0,0,75,0,0,completed
28441,U8443,2025-12-28 18:36:00,2025-12-28 18:42:00,F,30~39,office,seoul,1,0,0,0,27,0,0,22,0,0,completed
28442,U8444,2025-11-20 14:42:00,2025-11-20 14:48:00,F,30~39,office,seoul,0,0,0,0,21,0,0,64,0,0,completed
28443,U8445,2025-12-11 15:38:00,2025-12-11 15:43:00,M,30~39,office,seoul,0,0,0,0,11,0,0,79,0,0,completed
28444,U8446,2025-10-15 19:26:00,2025-10-15 19:33:00,F,30~39,office,seoul,0,0,0,0,19,0,0,43,0,0,completed
28445,U8447,2025-07-27 09:57:00,2025-07-27 10:03:00,F,30~39,office,seoul,1,0,0,0,22,0,0,24,0,0,completed
28446,U8448,2025-09-04 12:51:00,2025-09-04 12:56:00,F,20~29,office,seoul,0,0,0,0,2,0,0,79,0,0,completed
28447,U8449,2025-08-15 19:24:00,2025-08-15 19:26:00,M,30~39,office,seoul,0,0,0,0,9,0,0,66,0,0,completed
28448,U8450,2025-06-24 13:49:00,2025-06-24 13:54:00,F,20~29,office,seoul,0,0,0,0,19,0,0,16,0,0,completed
28449,U8451,2025-03-28 17:01:00,2025-03-28 17:08:00,M,50+,office,seoul,0,0,0,0,18,0,0,60,0,0,completed
28450,U8452,2025-08-10 12:51:00,2025-08-10 12:57:00,M,20~29,office,seoul,1,0,0,0,4,0,0,23,0,0,completed
28451,U8453,2025-11-11 15:31:00,2025-11-11 15:37:00,F,20~29,office,seoul,0,0,0,0,15,0,0,63,0,0,completed
28452,U8454,2025-10-10 17:56:00,2025-10-10 17:59:00,M,30~39,office,seoul,0,0,0,0,12,0,0,38,0,0,completed
28453,U8455,2025-01-22 13:58:00,2025-01-22 14:00:00,F,20~29,office,seoul,0,0,0,0,20,0,0,56,0,0,completed
28454,U8456,2025-07-02 14:36:00,2025-07-02 14:41:00,F,40~49,office,seoul,0,0,0,0,4,0,0,23,0,0,completed
28455,U8457,2025-08-09 12:19:00,2025-08-09 12:25:00,F,30~39,office,seoul,1,0,0,0,21,0,0,69,0,0,completed
28456,U8458,2025-11-28 16:57:00,2025-11-28 17:04:00,M,20~29,office,seoul,0,0,0,0,23,0,0,37,0,0,completed
28457,U8459,2025-01-14 09:29:00,2025-01-14 09:32:00,F,40~49,office,seoul,0,0,0,0,2,0,0,63,0,0,completed
28458,U8460,2025-07-23 15:55:00,2025-07-23 16:01:00,M,50+,office,seoul,0,0,0,0,25,0,0,35,0,0,completed
28459,U8461,2025-03-18 15:16:00,2025-03-18 15:20:00,F,50+,office,seoul,0,0,0,0,16,0,0,37,0,0,completed
28460,U8462,2025-02-22 19:25:00,2025-02-22 19:27:00,F,20~29,office,seoul,1,0,0,0,22,0,0,13,0,0,completed
28461,U8463,2025-06-19 09:48:00,2025-06-19 09:50:00,F,30~39,office,seoul,0,0,0,0,29,0,0,44,0,0,completed
28462,U8464,2025-04-28 09:35:00,2025-04-28 09:39:00,F,30~39,office,seoul,0,0,0,0,25,0,0,28,0,0,completed
28463,U8465,2025-04-11 08:55:00,2025-04-11 09:02:00,F,30~39,office,seoul,0,0,0,0,9,0,0,27,0,0,completed
28464,U8466,2025-03-05 12:24:00,2025-03-05 12:29:00,F,20~29,office,seoul,0,0,0,0,5,0,0,12,0,0,completed
28465,U8467,2025-06-04 19:30:00,2025-06-04 19:36:00,F,50+,office,seoul,0,0,0,0,19,0,0,14,0,0,completed
28466,U8468,2025-06-18 16:07:00,2025-06-18 16:14:00,F,20~29,office,seoul,0,0,0,0,11,0,0,25,0,0,completed
28467,U8469,2025-10-25 15:01:00,2025-10-25 15:06:00,F,20~29,office,seoul,1,0,0,0,23,0,0,20,0,0,completed
28468,U8470,2025-06-29 09:08:00,2025-06-29 09:12:00,F,40~49,office,seoul,1,0,0,0,24,0,0,43,0,0,abandoned
28469,U8471,2025-11-12 12:46:00,2025-11-12 12:49:00,M,50+,office,seoul,0,0,0,0,19,0,0,57,0,0,abandoned
28470,U8472,2025-02-19 15:58:00,2025-02-19 16:05:00,M,20~29,office,seoul,0,0,0,0,23,0,0,15,0,0,completed
28471,U8473,2025-04-26 20:53:00,2025-04-26 20:57:00,F,50+,office,seoul,1,0,0,0,0,0,0,27,1,0,completed
28472,U8474,2025-03-11 11:54:00,2025-03-11 11:56:00,F,30~39,office,seoul,0,0,0,0,9,0,0,37,0,0,completed
28473,U8475,2025-12-21 09:21:00,2025-12-21 09:25:00,M,40~49,office,seoul,1,0,0,0,23,0,0,60,0,0,completed
28474,U8476,2025-05-04 07:47:00,2025-05-04 07:53:00,F,30~39,office,seoul,1,0,0,0,25,0,0,54,0,0,completed
28475,U8477,2025-03-15 14:36:00,2025-03-15 14:42:00,F,50+,office,seoul,1,0,0,0,18,0,0,27,1,0,completed
28476,U8478,2025-02-10 16:11:00,2025-02-10 16:14:00,F,20~29,office,seoul,0,0,0,0,28,0,0,79,0,0,completed
28477,U8479,2025-12-25 16:04:00,2025-12-25 16:06:00,F,20~29,office,seoul,0,0,0,0,2,0,0,29,0,0,completed
28478,U8480,2025-11-28 12:50:00,2025-11-28 12:53:00,M,20~29,office,seoul,0,0,0,0,19,0,0,44,0,0,completed
28479,U8481,2025-09-30 07:37:00,2025-09-30 07:41:00,M,30~39,office,seoul,0,0,0,0,29,0,0,68,0,0,completed
28480,U8482,2025-08-17 16:00:00,2025-08-17 16:05:00,F,20~29,office,seoul,1,0,0,0,3,0,0,74,0,0,completed
28481,U8483,2025-12-05 14:05:00,2025-12-05 14:10:00,M,20~29,office,seoul,0,0,0,0,7,0,0,44,0,0,completed
28482,U8484,2025-08-31 08:06:00,2025-08-31 08:13:00,F,20~29,office,seoul,1,0,0,0,5,0,0,22,0,0,completed
28483,U8485,2025-06-17 14:22:00,2025-06-17 14:25:00,F,50+,office,seoul,0,0,0,0,29,0,0,73,0,0,completed
28484,U8486,2025-11-24 15:34:00,2025-11-24 15:39:00,F,20~29,office,seoul,0,0,0,0,6,0,0,44,0,0,abandoned
28485,U8487,2025-04-28 17:15:00,2025-04-28 17:22:00,M,30~39,office,seoul,0,0,0,0,15,0,0,73,0,0,completed
28486,U8488,2025-04-16 19:52:00,2025-04-16 19:58:00,F,40~49,office,seoul,0,0,0,0,5,0,0,63,0,0,completed
28487,U8489,2025-01-19 12:28:00,2025-01-19 12:34:00,F,40~49,office,seoul,1,0,0,0,25,0,0,37,0,0,completed
28488,U8490,2025-05-18 16:30:00,2025-05-18 16:36:00,F,20~29,office,seoul,1,0,0,0,25,0,0,57,0,0,completed
28489,U8491,2025-12-13 13:34:00,2025-12-13 13:36:00,M,30~39,office,seoul,1,0,0,0,14,0,0,38,0,0,completed
28490,U8492,2025-02-17 17:21:00,2025-02-17 17:24:00,M,20~29,office,seoul,0,0,0,0,6,0,0,52,0,0,error
28491,U8493,2025-10-08 12:24:00,2025-10-08 12:26:00,M,20~29,office,seoul,0,0,0,0,24,0,0,17,0,0,completed
28492,U8494,2025-08-25 12:55:00,2025-08-25 13:02:00,M,30~39,office,seoul,0,0,0,0,10,0,0,73,0,0,completed
28493,U8495,2025-01-06 16:26:00,2025-01-06 16:29:00,F,40~49,office,seoul,0,0,0,0,26,0,0,40,0,0,completed
28494,U8496,2025-09-29 12:46:00,2025-09-29 12:53:00,M,30~39,office,seoul,0,0,0,0,5,0,0,38,0,0,completed
28495,U8497,2025-04-27 08:47:00,2025-04-27 08:53:00,M,50+,office,seoul,1,0,0,0,25,0,0,52,0,0,completed
28496,U8498,2025-07-22 17:40:00,2025-07-22 17:46:00,F,20~29,office,seoul,0,0,0,0,24,0,0,53,0,0,completed
28497,U8499,2025-07-05 19:54:00,2025-07-05 19:56:00,M,30~39,office,seoul,1,0,0,0,26,0,0,28,0,0,completed
28498,U8500,2025-03-07 16:19:00,2025-03-07 16:25:00,F,40~49,office,seoul,0,0,0,0,16,0,0,11,1,0,completed
28499,U8501,2025-03-25 17:29:00,2025-03-25 17:33:00,F,20~29,office,seoul,0,0,0,0,1,0,0,73,0,0,completed
28500,U8502,2025-12-08 09:20:00,2025-12-08 09:23:00,F,20~29,office,seoul,0,0,0,0,20,0,0,47,0,0,completed
28501,U8503,2025-02-01 07:53:00,2025-02-01 07:58:00,F,20~29,office,seoul,1,0,0,0,1,0,0,28,0,0,abandoned
28502,U8504,2025-01-24 16:04:00,2025-01-24 16:08:00,M,20~29,office,seoul,0,0,0,0,0,0,0,13,0,0,completed
28503,U8505,2025-02-13 12:39:00,2025-02-13 12:41:00,M,20~29,office,seoul,0,0,0,0,18,0,0,45,0,0,completed
28504,U8506,2025-01-04 15:28:00,2025-01-04 15:32:00,F,20~29,office,seoul,1,0,0,0,18,0,0,79,0,0,completed
28505,U8507,2025-01-31 12:42:00,2025-01-31 12:49:00,F,40~49,office,seoul,0,0,0,0,8,0,0,65,0,0,completed
28506,U8508,2025-05-02 12:08:00,2025-05-02 12:14:00,F,40~49,office,seoul,0,0,0,0,0,0,0,46,0,0,completed
28507,U8509,2025-04-05 16:46:00,2025-04-05 16:48:00,F,20~29,office,seoul,1,0,0,0,16,0,0,24,0,0,completed
28508,U8510,2025-08-10 16:44:00,2025-08-10 16:51:00,F,20~29,office,seoul,1,0,0,0,0,0,0,37,0,0,completed
28509,U8511,2025-10-15 16:35:00,2025-10-15 16:37:00,M,30~39,office,seoul,0,0,0,0,5,0,0,20,0,0,abandoned
28510,U8512,2025-06-01 14:40:00,2025-06-01 14:47:00,F,20~29,office,seoul,1,0,0,0,9,0,0,43,0,0,completed
28511,U8513,2025-12-22 09:07:00,2025-12-22 09:10:00,F,20~29,office,seoul,0,0,0,0,11,0,0,45,0,0,completed
28512,U8514,2025-10-13 16:52:00,2025-10-13 16:56:00,M,30~39,office,seoul,0,0,0,0,28,0,0,38,0,0,completed
28513,U8515,2025-06-06 09:12:00,2025-06-06 09:17:00,F,20~29,office,seoul,0,0,0,0,28,0,0,44,0,0,completed
28514,U8516,2025-04-13 11:49:00,2025-04-13 11:56:00,F,20~29,office,seoul,1,0,0,0,4,0,0,60,0,0,completed
28515,U8517,2025-05-16 20:24:00,2025-05-16 20:26:00,F,20~29,office,seoul,0,0,0,0,24,0,0,19,0,0,completed
28516,U8518,2025-04-08 07:52:00,2025-04-08 07:56:00,M,50+,office,seoul,0,0,0,0,25,0,0,37,0,0,completed
28517,U8519,2025-10-22 12:43:00,2025-10-22 12:45:00,F,20~29,office,seoul,0,0,0,0,19,0,0,25,0,0,completed
28518,U8520,2025-04-02 15:29:00,2025-04-02 15:35:00,F,40~49,office,seoul,0,0,0,0,29,0,0,79,0,0,completed
28519,U8521,2025-12-30 09:21:00,2025-12-30 09:28:00,M,40~49,office,seoul,0,0,0,0,1,0,0,23,0,0,completed
28520,U8522,2025-07-10 09:04:00,2025-07-10 09:11:00,F,20~29,office,seoul,0,0,0,0,5,0,0,20,0,0,completed
28521,U8523,2025-05-03 22:34:00,2025-05-03 22:36:00,M,40~49,office,seoul,1,0,0,0,1,0,0,63,0,0,completed
28522,U8524,2025-10-27 08:47:00,2025-10-27 08:49:00,F,40~49,office,seoul,0,0,0,0,15,0,0,43,0,0,completed
28523,U8525,2025-02-17 18:47:00,2025-02-17 18:54:00,F,50+,office,seoul,0,0,0,0,9,0,0,50,0,0,completed
28524,U8526,2025-03-11 16:57:00,2025-03-11 16:59:00,F,30~39,office,seoul,0,0,0,0,3,0,0,79,0,0,error
28525,U8527,2025-04-20 09:37:00,2025-04-20 09:42:00,F,20~29,office,seoul,1,0,0,0,12,0,0,31,0,0,timeout
28526,U8528,2025-03-03 14:41:00,2025-03-03 14:44:00,F,20~29,office,seoul,0,0,0,0,3,0,0,31,0,0,completed
28527,U8529,2025-05-18 09:25:00,2025-05-18 09:29:00,F,20~29,office,seoul,1,0,0,0,19,0,0,41,0,0,abandoned
28528,U8530,2025-12-14 12:46:00,2025-12-14 12:51:00,M,30~39,office,seoul,1,0,0,0,10,0,0,25,0,0,completed
28529,U8531,2025-12-13 13:07:00,2025-12-13 13:09:00,F,30~39,office,seoul,1,0,0,0,17,0,0,16,0,0,completed
28530,U8532,2025-10-29 16:42:00,2025-10-29 16:47:00,M,50+,office,seoul,0,0,0,0,6,0,0,64,0,0,completed
28531,U8533,2025-09-29 15:16:00,2025-09-29 15:22:00,M,20~29,office,seoul,0,0,0,0,5,0,0,22,0,0,completed
28532,U8534,2025-07-21 14:59:00,2025-07-21 15:01:00,F,40~49,office,seoul,0,0,0,0,9,0,0,33,0,0,completed
28533,U8535,2025-01-10 18:00:00,2025-01-10 18:03:00,F,40~49,office,seoul,0,0,0,0,21,0,0,35,0,0,completed
28534,U8536,2025-05-28 13:20:00,2025-05-28 13:24:00,F,50+,office,seoul,0,0,0,0,25,0,0,10,0,0,completed
28535,U8537,2025-02-03 12:21:00,2025-02-03 12:24:00,F,20~29,office,seoul,0,0,0,0,24,0,0,36,0,0,completed
28536,U8538,2025-08-14 18:52:00,2025-08-14 18:58:00,F,40~49,office,seoul,0,0,0,0,24,0,0,26,0,0,completed
28537,U8539,2025-11-28 19:02:00,2025-11-28 19:07:00,M,40~49,office,seoul,0,0,0,0,15,0,0,56,0,0,completed
28538,U8540,2025-11-28 12:45:00,2025-11-28 12:52:00,F,30~39,office,seoul,0,0,0,0,21,0,0,36,0,0,completed
28539,U8541,2025-03-09 17:43:00,2025-03-09 17:50:00,M,40~49,office,seoul,1,0,0,0,5,0,0,63,0,0,completed
28540,U8542,2025-06-09 14:30:00,2025-06-09 14:35:00,M,30~39,office,seoul,0,0,0,0,26,0,0,57,0,0,completed
28541,U8543,2025-12-29 09:11:00,2025-12-29 09:17:00,F,20~29,office,seoul,0,0,0,0,14,0,0,41,0,0,completed
28542,U8544,2025-07-24 09:04:00,2025-07-24 09:06:00,M,30~39,office,seoul,0,0,0,0,8,0,0,77,0,0,completed
28543,U8545,2025-08-28 07:02:00,2025-08-28 07:06:00,M,20~29,office,seoul,0,0,0,0,23,0,0,26,0,0,completed
28544,U8546,2025-02-21 13:26:00,2025-02-21 13:28:00,F,30~39,office,seoul,0,0,0,0,4,0,0,14,0,0,abandoned
28545,U8547,2025-07-04 16:31:00,2025-07-04 16:35:00,M,30~39,office,seoul,0,0,0,0,21,0,0,18,0,0,completed
28546,U8548,2025-04-08 09:44:00,2025-04-08 09:48:00,M,20~29,office,seoul,0,0,0,0,20,0,0,27,0,0,completed
28547,U8549,2025-04-24 18:10:00,2025-04-24 18:12:00,F,50+,office,seoul,0,0,0,0,14,0,0,53,0,0,completed
28548,U8550,2025-11-09 07:37:00,2025-11-09 07:39:00,F,30~39,office,seoul,1,0,0,0,21,0,0,32,0,0,completed
28549,U8551,2025-06-29 14:19:00,2025-06-29 14:21:00,M,30~39,office,seoul,1,0,0,0,22,0,0,36,0,0,completed
28550,U8552,2025-04-10 15:32:00,2025-04-10 15:34:00,F,50+,office,seoul,0,0,0,0,19,0,0,64,0,0,completed
28551,U8553,2025-09-17 18:36:00,2025-09-17 18:41:00,F,20~29,office,seoul,0,0,0,0,21,0,0,22,0,0,completed
28552,U8554,2025-08-26 12:13:00,2025-08-26 12:15:00,M,40~49,office,seoul,0,0,0,0,17,0,0,52,0,0,completed
28553,U8555,2025-06-26 11:01:00,2025-06-26 11:07:00,F,50+,office,seoul,0,0,0,0,3,0,0,25,0,0,completed
28554,U8556,2025-09-09 08:39:00,2025-09-09 08:44:00,F,20~29,office,seoul,0,0,0,0,1,0,0,64,0,0,completed
28555,U8557,2025-06-03 07:05:00,2025-06-03 07:11:00,M,50+,office,seoul,0,0,0,0,10,0,0,55,0,0,completed
28556,U8558,2025-11-08 14:05:00,2025-11-08 14:12:00,M,50+,office,seoul,1,0,0,0,12,0,0,51,0,0,completed
28557,U8559,2025-03-18 21:08:00,2025-03-18 21:15:00,M,20~29,office,seoul,0,0,0,0,27,0,0,66,0,0,completed
28558,U8560,2025-05-04 16:55:00,2025-05-04 17:01:00,M,20~29,office,seoul,1,0,0,0,16,0,0,46,0,0,completed
28559,U8561,2025-06-26 17:06:00,2025-06-26 17:12:00,F,30~39,office,seoul,0,0,0,0,7,0,0,42,0,0,completed
28560,U8562,2025-05-13 16:52:00,2025-05-13 16:55:00,M,20~29,office,seoul,0,0,0,0,13,0,0,12,0,0,completed
28561,U8563,2025-10-26 15:24:00,2025-10-26 15:28:00,F,50+,office,seoul,1,0,0,0,20,0,0,15,0,0,completed
28562,U8564,2025-10-14 14:40:00,2025-10-14 14:44:00,M,40~49,office,seoul,0,0,0,0,3,0,0,10,0,0,error
28563,U8565,2025-10-02 12:29:00,2025-10-02 12:36:00,F,20~29,office,seoul,0,0,0,0,6,0,0,65,0,0,completed
28564,U8566,2025-12-15 20:08:00,2025-12-15 20:10:00,M,20~29,office,seoul,0,0,0,0,14,0,0,67,0,0,completed
28565,U8567,2025-04-21 20:43:00,2025-04-21 20:50:00,F,40~49,office,seoul,0,0,0,0,29,0,0,16,0,0,abandoned
28566,U8568,2025-06-02 15:41:00,2025-06-02 15:44:00,M,30~39,office,seoul,0,0,0,0,17,0,0,49,0,0,error
28567,U8569,2025-07-09 18:51:00,2025-07-09 18:57:00,F,20~29,office,seoul,0,0,0,0,6,0,0,22,0,0,completed
28568,U8570,2025-07-01 15:23:00,2025-07-01 15:25:00,F,40~49,office,seoul,0,0,0,0,23,0,0,10,0,0,completed
28569,U8571,2025-08-25 15:04:00,2025-08-25 15:11:00,M,30~39,office,seoul,0,0,0,0,17,0,0,42,0,0,completed
28570,U8572,2025-01-03 17:17:00,2025-01-03 17:23:00,F,50+,office,seoul,0,0,0,0,4,0,0,72,1,0,abandoned
28571,U8573,2025-05-29 12:45:00,2025-05-29 12:51:00,F,20~29,office,seoul,0,0,0,0,21,0,0,72,0,0,abandoned
28572,U8574,2025-01-04 08:26:00,2025-01-04 08:30:00,M,30~39,office,seoul,1,0,0,0,15,0,0,34,0,0,completed
28573,U8575,2025-09-06 17:19:00,2025-09-06 17:25:00,F,20~29,office,seoul,1,0,0,0,9,0,0,37,0,0,completed
28574,U8576,2025-05-16 13:00:00,2025-05-16 13:03:00,F,50+,office,seoul,0,0,0,0,29,0,0,38,0,0,completed
28575,U8577,2025-03-07 14:01:00,2025-03-07 14:06:00,M,30~39,office,seoul,0,0,0,0,24,0,0,59,0,0,completed
28576,U8578,2025-10-22 21:39:00,2025-10-22 21:44:00,M,30~39,office,seoul,0,0,0,0,25,0,0,41,0,0,completed
28577,U8579,2025-11-25 18:21:00,2025-11-25 18:27:00,M,40~49,office,seoul,0,0,0,0,16,0,0,10,0,0,abandoned
28578,U8580,2025-01-30 16:18:00,2025-01-30 16:22:00,M,50+,office,seoul,0,0,0,0,27,0,0,75,0,0,completed
28579,U8581,2025-11-10 15:29:00,2025-11-10 15:31:00,M,20~29,office,seoul,0,0,0,0,18,0,0,18,0,0,completed
28580,U8582,2025-10-16 08:50:00,2025-10-16 08:57:00,F,40~49,office,seoul,0,0,0,0,17,0,0,70,0,0,completed
28581,U8583,2025-05-06 15:34:00,2025-05-06 15:40:00,F,50+,office,seoul,0,0,0,0,1,0,0,65,1,0,completed
28582,U8584,2025-02-24 09:56:00,2025-02-24 10:03:00,M,30~39,office,seoul,0,0,0,0,27,0,0,25,0,0,completed
28583,U8585,2025-11-10 18:23:00,2025-11-10 18:29:00,F,20~29,office,seoul,0,0,0,0,14,0,0,17,0,0,abandoned
28584,U8586,2025-01-01 17:35:00,2025-01-01 17:41:00,F,40~49,office,seoul,0,0,0,0,16,0,0,58,0,0,abandoned
28585,U8587,2025-09-06 13:13:00,2025-09-06 13:15:00,F,50+,office,seoul,1,0,0,0,8,0,0,21,0,0,completed
28586,U8588,2025-12-26 14:28:00,2025-12-26 14:30:00,F,50+,office,seoul,0,0,0,0,22,0,0,72,0,0,completed
28587,U8589,2025-08-05 11:00:00,2025-08-05 11:05:00,M,30~39,office,seoul,0,0,0,0,25,0,0,79,0,0,completed
28588,U8590,2025-10-25 15:35:00,2025-10-25 15:39:00,F,20~29,office,seoul,1,0,0,0,21,0,0,48,0,0,completed
28589,U8591,2025-07-04 21:30:00,2025-07-04 21:36:00,F,20~29,office,seoul,0,0,0,0,6,0,0,35,0,0,completed
28590,U8592,2025-05-17 15:11:00,2025-05-17 15:17:00,M,20~29,office,seoul,1,0,0,0,7,0,0,50,0,0,completed
28591,U8593,2025-03-30 08:47:00,2025-03-30 08:52:00,M,30~39,office,seoul,1,0,0,0,12,0,0,63,0,0,completed
28592,U8594,2025-04-04 11:37:00,2025-04-04 11:42:00,F,30~39,office,seoul,0,0,0,0,14,0,0,76,1,0,completed
28593,U8595,2025-06-25 08:36:00,2025-06-25 08:38:00,M,40~49,office,seoul,0,0,0,0,19,0,0,76,0,0,abandoned
28594,U8596,2025-01-01 07:29:00,2025-01-01 07:34:00,M,20~29,office,seoul,0,0,0,0,15,0,0,19,0,0,completed
28595,U8597,2025-05-21 14:20:00,2025-05-21 14:26:00,F,50+,office,seoul,0,0,0,0,8,0,0,39,0,0,completed
28596,U8598,2025-08-02 11:47:00,2025-08-02 11:54:00,M,20~29,office,seoul,1,0,0,0,29,0,0,50,0,0,completed
28597,U8599,2025-05-08 12:25:00,2025-05-08 12:31:00,F,50+,office,seoul,0,0,0,0,0,0,0,40,0,0,completed
28598,U8600,2025-02-12 11:50:00,2025-02-12 11:54:00,F,20~29,office,seoul,0,0,0,0,3,0,0,59,0,0,completed
28599,U8601,2025-07-13 16:31:00,2025-07-13 16:37:00,F,50+,office,seoul,1,0,0,0,3,0,0,17,0,0,completed
28600,U8602,2025-06-26 15:11:00,2025-06-26 15:14:00,F,30~39,office,seoul,0,0,0,0,4,0,0,37,0,0,completed
28601,U8603,2025-12-12 09:34:00,2025-12-12 09:38:00,F,30~39,office,seoul,0,0,0,0,8,0,0,39,0,0,completed
28602,U8604,2025-11-30 14:12:00,2025-11-30 14:18:00,M,30~39,office,seoul,1,0,0,0,0,0,0,40,0,0,abandoned
28603,U8605,2025-04-05 09:44:00,2025-04-05 09:51:00,F,20~29,office,seoul,1,0,0,0,16,0,0,59,0,0,completed
28604,U8606,2025-10-12 18:52:00,2025-10-12 18:55:00,F,20~29,office,seoul,1,0,0,0,24,0,0,76,0,0,completed
28605,U8607,2025-07-17 13:17:00,2025-07-17 13:22:00,F,20~29,office,seoul,0,0,0,0,9,0,0,47,0,0,abandoned
28606,U8608,2025-01-26 19:04:00,2025-01-26 19:11:00,F,30~39,office,seoul,1,0,0,0,3,0,0,64,0,0,completed
28607,U8609,2025-06-30 16:52:00,2025-06-30 16:56:00,M,20~29,office,seoul,0,0,0,0,27,0,0,15,0,0,completed
28608,U8610,2025-11-09 14:56:00,2025-11-09 15:02:00,F,50+,office,seoul,1,0,0,0,6,0,0,78,0,0,completed
28609,U8611,2025-09-02 15:48:00,2025-09-02 15:53:00,F,40~49,office,seoul,0,0,0,0,19,0,0,76,0,0,completed
28610,U8612,2025-01-31 11:46:00,2025-01-31 11:52:00,F,30~39,office,seoul,0,0,0,0,2,0,0,67,0,0,completed
28611,U8613,2025-01-20 09:05:00,2025-01-20 09:09:00,F,30~39,office,seoul,0,0,0,0,15,0,0,35,0,0,completed
28612,U8614,2025-12-03 12:56:00,2025-12-03 12:58:00,F,40~49,office,seoul,0,0,0,0,3,0,0,17,0,0,completed
28613,U8615,2025-03-16 19:22:00,2025-03-16 19:27:00,F,20~29,office,seoul,1,0,0,0,2,0,0,28,0,0,completed
28614,U8616,2025-12-24 07:23:00,2025-12-24 07:25:00,M,20~29,office,seoul,0,0,0,0,22,0,0,24,0,0,completed
28615,U8617,2025-10-25 16:13:00,2025-10-25 16:17:00,M,40~49,office,seoul,1,0,0,0,3,0,0,40,0,0,completed
28616,U8618,2025-03-17 20:58:00,2025-03-17 21:05:00,F,20~29,office,seoul,0,0,0,0,20,0,0,68,0,0,completed
28617,U8619,2025-04-21 09:56:00,2025-04-21 10:02:00,M,30~39,office,seoul,0,0,0,0,8,0,0,19,0,0,timeout
28618,U8620,2025-02-13 14:39:00,2025-02-13 14:43:00,M,30~39,office,seoul,0,0,0,0,13,0,0,62,0,0,abandoned
28619,U8621,2025-11-17 13:37:00,2025-11-17 13:41:00,F,20~29,office,seoul,0,0,0,0,28,0,0,79,0,0,completed
28620,U8622,2025-08-23 12:57:00,2025-08-23 13:03:00,M,20~29,office,seoul,1,0,0,0,22,0,0,11,0,0,completed
28621,U8623,2025-03-01 17:54:00,2025-03-01 17:57:00,F,40~49,office,seoul,1,0,0,0,15,0,0,52,0,0,completed
28622,U8624,2025-08-24 19:59:00,2025-08-24 20:06:00,M,50+,office,seoul,1,0,0,0,24,0,0,11,0,0,completed
28623,U8625,2025-01-15 17:12:00,2025-01-15 17:14:00,M,50+,office,seoul,0,0,0,0,3,0,0,58,0,0,completed
28624,U8626,2025-06-20 08:25:00,2025-06-20 08:29:00,M,40~49,office,seoul,0,0,0,0,23,0,0,32,0,0,completed
28625,U8627,2025-01-14 20:19:00,2025-01-14 20:22:00,F,40~49,office,seoul,0,0,0,0,6,0,0,68,0,0,completed
28626,U8628,2025-08-27 14:37:00,2025-08-27 14:39:00,F,30~39,office,seoul,0,0,0,0,21,0,0,71,0,0,completed
28627,U8629,2025-03-09 13:35:00,2025-03-09 13:42:00,M,20~29,office,seoul,1,0,0,0,3,0,0,16,0,1,completed
28628,U8630,2025-07-17 22:32:00,2025-07-17 22:37:00,M,40~49,office,seoul,0,0,0,0,24,0,0,71,0,0,error
28629,U8631,2025-07-30 18:08:00,2025-07-30 18:13:00,F,20~29,office,seoul,0,0,0,0,20,0,0,66,0,0,completed
28630,U8632,2025-06-14 15:23:00,2025-06-14 15:26:00,M,20~29,office,seoul,1,0,0,0,19,0,0,30,0,0,completed
28631,U8633,2025-12-08 13:51:00,2025-12-08 13:54:00,F,40~49,office,seoul,0,0,0,0,25,0,0,61,0,0,completed
28632,U8634,2025-05-01 08:29:00,2025-05-01 08:31:00,M,50+,office,seoul,0,0,0,0,4,0,0,68,0,0,completed
28633,U8635,2025-05-28 13:27:00,2025-05-28 13:29:00,F,20~29,office,seoul,0,0,0,0,15,0,0,58,0,0,completed
28634,U8636,2025-01-26 11:17:00,2025-01-26 11:19:00,F,30~39,office,seoul,1,0,0,0,23,0,0,16,0,0,completed
28635,U8637,2025-10-02 13:12:00,2025-10-02 13:17:00,M,20~29,office,seoul,0,0,0,0,15,0,0,11,0,0,completed
28636,U8638,2025-10-01 11:06:00,2025-10-01 11:11:00,F,50+,office,seoul,0,0,0,0,6,0,0,35,0,0,completed
28637,U8639,2025-03-25 14:43:00,2025-03-25 14:48:00,M,30~39,office,seoul,0,0,0,0,16,0,0,45,0,0,completed
28638,U8640,2025-01-07 08:51:00,2025-01-07 08:54:00,F,20~29,office,seoul,0,0,0,0,20,0,0,66,0,0,abandoned
28639,U8641,2025-06-15 17:12:00,2025-06-15 17:17:00,F,20~29,office,seoul,1,0,0,0,15,0,0,74,0,0,completed
28640,U8642,2025-09-19 13:15:00,2025-09-19 13:20:00,M,40~49,office,seoul,0,0,0,0,8,0,0,65,0,0,completed
28641,U8643,2025-12-08 15:45:00,2025-12-08 15:51:00,M,20~29,office,seoul,0,0,0,0,0,0,0,36,0,0,completed
28642,U8644,2025-06-11 12:00:00,2025-06-11 12:05:00,M,20~29,office,seoul,0,0,0,0,24,0,0,18,0,0,completed
28643,U8645,2025-02-16 11:58:00,2025-02-16 12:02:00,F,50+,office,seoul,1,0,0,0,3,0,0,11,0,0,completed
28644,U8646,2025-06-27 15:19:00,2025-06-27 15:26:00,F,30~39,office,seoul,0,0,0,0,14,0,0,48,0,0,completed
28645,U8647,2025-11-30 18:27:00,2025-11-30 18:31:00,M,30~39,office,seoul,1,0,0,0,20,0,0,28,0,0,abandoned
28646,U8648,2025-08-30 22:17:00,2025-08-30 22:20:00,M,20~29,office,seoul,1,0,0,0,5,0,0,57,0,0,completed
28647,U8649,2025-09-10 13:48:00,2025-09-10 13:55:00,M,30~39,office,seoul,0,0,0,0,27,0,0,45,0,0,completed
28648,U8650,2025-03-01 17:53:00,2025-03-01 17:57:00,M,30~39,office,seoul,1,0,0,0,12,0,0,57,0,0,completed
28649,U8651,2025-06-02 08:22:00,2025-06-02 08:24:00,M,30~39,office,seoul,0,0,0,0,8,0,0,78,0,0,completed
28650,U8652,2025-06-06 15:18:00,2025-06-06 15:23:00,M,50+,office,seoul,0,0,0,0,1,0,0,79,0,0,completed
28651,U8653,2025-01-28 12:42:00,2025-01-28 12:45:00,M,20~29,office,seoul,0,0,0,0,16,0,0,47,0,0,completed
28652,U8654,2025-11-27 07:56:00,2025-11-27 08:03:00,M,20~29,office,seoul,0,0,0,0,12,0,0,40,0,0,completed
28653,U8655,2025-04-17 13:14:00,2025-04-17 13:18:00,F,40~49,office,seoul,0,0,0,0,0,0,0,53,0,0,completed
28654,U8656,2025-01-24 13:27:00,2025-01-24 13:32:00,M,20~29,office,seoul,0,0,0,0,4,0,0,51,0,0,error
28655,U8657,2025-06-11 16:34:00,2025-06-11 16:36:00,M,40~49,office,seoul,0,0,0,0,9,0,0,54,0,0,abandoned
28656,U8658,2025-09-12 14:53:00,2025-09-12 14:59:00,F,20~29,office,seoul,0,0,0,0,12,0,0,77,0,0,completed
28657,U8659,2025-03-31 20:02:00,2025-03-31 20:04:00,F,50+,office,seoul,0,0,0,0,26,0,0,71,0,0,completed
28658,U8660,2025-04-07 22:13:00,2025-04-07 22:18:00,M,50+,office,seoul,0,0,0,0,8,0,0,31,0,0,completed
28659,U8661,2025-08-31 17:04:00,2025-08-31 17:11:00,F,40~49,office,seoul,1,0,0,0,25,0,0,21,0,0,completed
28660,U8662,2025-01-18 18:53:00,2025-01-18 18:58:00,M,40~49,office,seoul,1,0,0,0,16,0,0,10,0,0,completed
28661,U8663,2025-10-29 21:36:00,2025-10-29 21:41:00,M,50+,office,seoul,0,0,0,0,21,0,0,52,0,0,completed
28662,U8664,2025-05-20 17:13:00,2025-05-20 17:19:00,F,50+,office,seoul,0,0,0,0,20,0,0,60,0,0,completed
28663,U8665,2025-01-16 17:25:00,2025-01-16 17:32:00,M,50+,office,seoul,0,0,0,0,6,0,0,55,0,0,completed
28664,U8666,2025-09-11 20:03:00,2025-09-11 20:09:00,F,30~39,office,seoul,0,0,0,0,12,0,0,10,0,0,completed
28665,U8667,2025-08-27 18:23:00,2025-08-27 18:30:00,M,30~39,office,seoul,0,0,0,0,27,0,0,43,0,0,abandoned
28666,U8668,2025-12-13 09:37:00,2025-12-13 09:40:00,M,50+,office,seoul,1,0,0,0,17,0,0,22,0,0,timeout
28667,U8669,2025-08-28 18:08:00,2025-08-28 18:14:00,F,40~49,office,seoul,0,0,0,0,16,0,0,17,0,0,completed
28668,U8670,2025-06-27 12:00:00,2025-06-27 12:04:00,M,50+,office,seoul,0,0,0,0,29,0,0,60,0,0,completed
28669,U8671,2025-01-26 18:19:00,2025-01-26 18:21:00,M,40~49,office,seoul,1,0,0,0,17,0,0,32,0,0,completed
28670,U8672,2025-08-02 11:55:00,2025-08-02 12:02:00,M,20~29,office,seoul,1,0,0,0,29,0,0,43,0,0,completed
28671,U8673,2025-08-14 17:12:00,2025-08-14 17:15:00,M,30~39,office,seoul,0,0,0,0,5,0,0,14,0,0,completed
28672,U8674,2025-04-27 16:43:00,2025-04-27 16:48:00,M,20~29,office,seoul,1,0,0,0,18,0,0,43,0,0,completed
28673,U8675,2025-04-18 17:50:00,2025-04-18 17:54:00,M,40~49,office,seoul,0,0,0,0,18,0,0,41,0,0,completed
28674,U8676,2025-09-07 08:01:00,2025-09-07 08:07:00,F,40~49,office,seoul,1,0,0,0,11,0,0,76,0,0,completed
28675,U8677,2025-04-17 17:51:00,2025-04-17 17:57:00,M,40~49,office,seoul,0,0,0,0,20,0,0,51,0,0,completed
28676,U8678,2025-03-10 16:56:00,2025-03-10 17:03:00,F,20~29,office,seoul,0,0,0,0,19,0,0,10,0,0,timeout
28677,U8679,2025-02-06 09:22:00,2025-02-06 09:28:00,F,50+,office,seoul,0,0,0,0,22,0,0,38,1,0,timeout
28678,U8680,2025-09-22 12:09:00,2025-09-22 12:15:00,F,40~49,office,seoul,0,0,0,0,1,0,0,31,0,0,completed
28679,U8681,2025-06-14 16:00:00,2025-06-14 16:07:00,M,30~39,office,seoul,1,0,0,0,24,0,0,32,0,0,completed
28680,U8682,2025-01-26 19:00:00,2025-01-26 19:05:00,F,50+,office,seoul,1,0,0,0,23,0,0,37,0,0,completed
28681,U8683,2025-01-18 19:27:00,2025-01-18 19:31:00,M,20~29,office,seoul,1,0,0,0,19,0,0,40,0,0,completed
28682,U8684,2025-09-23 18:52:00,2025-09-23 18:58:00,F,30~39,office,seoul,0,0,0,0,17,0,0,28,0,0,completed
28683,U8685,2025-03-23 09:44:00,2025-03-23 09:49:00,F,50+,office,seoul,1,0,0,0,13,0,0,55,0,0,completed
28684,U8686,2025-06-21 20:06:00,2025-06-21 20:12:00,F,30~39,office,seoul,1,0,0,0,29,0,0,31,0,0,completed
28685,U8687,2025-01-04 17:46:00,2025-01-04 17:52:00,F,50+,office,seoul,1,0,0,0,26,0,0,64,1,0,completed
28686,U8688,2025-10-17 15:02:00,2025-10-17 15:06:00,F,20~29,office,seoul,0,0,0,0,23,0,0,12,0,0,completed
28687,U8689,2025-01-21 14:36:00,2025-01-21 14:42:00,F,30~39,office,seoul,0,0,0,0,1,0,0,33,0,0,completed
28688,U8690,2025-01-03 22:57:00,2025-01-03 23:03:00,F,20~29,office,seoul,0,0,0,0,8,0,0,23,0,0,abandoned
28689,U8691,2025-08-26 08:00:00,2025-08-26 08:03:00,F,20~29,office,seoul,0,0,0,0,3,0,0,57,0,0,abandoned
28690,U8692,2025-03-21 14:03:00,2025-03-21 14:09:00,F,20~29,office,seoul,0,0,0,0,10,0,0,11,1,0,completed
28691,U8693,2025-04-05 15:05:00,2025-04-05 15:11:00,M,50+,office,seoul,1,0,0,0,6,0,0,14,0,0,completed
28692,U8694,2025-08-09 17:20:00,2025-08-09 17:22:00,M,40~49,office,seoul,1,0,0,0,6,0,0,78,0,0,abandoned
28693,U8695,2025-02-05 08:32:00,2025-02-05 08:34:00,M,40~49,office,seoul,0,0,0,0,8,0,0,51,0,0,completed
28694,U8696,2025-07-18 16:24:00,2025-07-18 16:30:00,M,30~39,office,seoul,0,0,0,0,14,0,0,73,0,0,completed
28695,U8697,2025-07-14 08:31:00,2025-07-14 08:38:00,F,30~39,office,seoul,0,0,0,0,25,0,0,25,0,0,completed
28696,U8698,2025-03-04 09:04:00,2025-03-04 09:11:00,F,40~49,office,seoul,0,0,0,0,26,0,0,46,0,0,completed
28697,U8699,2025-11-04 11:08:00,2025-11-04 11:14:00,M,20~29,office,seoul,0,0,0,0,11,0,0,73,0,0,completed
28698,U8700,2025-12-26 16:16:00,2025-12-26 16:22:00,F,40~49,office,seoul,0,0,0,0,26,0,0,31,0,0,completed
28699,U8701,2025-07-22 11:11:00,2025-07-22 11:16:00,F,30~39,office,seoul,0,0,0,0,26,0,0,50,0,0,abandoned
28700,U8702,2025-02-06 08:01:00,2025-02-06 08:07:00,M,20~29,office,seoul,0,0,0,0,23,0,0,74,0,0,timeout
28701,U8703,2025-09-26 18:32:00,2025-09-26 18:39:00,F,30~39,office,seoul,0,0,0,0,24,0,0,57,0,0,abandoned
28702,U8704,2025-02-05 22:45:00,2025-02-05 22:49:00,M,20~29,office,seoul,0,0,0,0,16,0,0,68,0,0,completed
28703,U8705,2025-08-06 08:46:00,2025-08-06 08:51:00,F,30~39,office,seoul,0,0,0,0,17,0,0,69,0,0,completed
28704,U8706,2025-03-21 13:16:00,2025-03-21 13:18:00,F,50+,office,seoul,0,0,0,0,5,0,0,46,1,0,completed
28705,U8707,2025-12-26 17:17:00,2025-12-26 17:23:00,F,30~39,office,seoul,0,0,0,0,15,0,0,50,0,0,completed
28706,U8708,2025-04-06 22:32:00,2025-04-06 22:38:00,M,50+,office,seoul,1,0,0,0,23,0,0,72,0,0,abandoned
28707,U8709,2025-12-09 13:31:00,2025-12-09 13:34:00,F,30~39,office,seoul,0,0,0,0,29,0,0,27,0,0,completed
28708,U8710,2025-04-09 21:55:00,2025-04-09 22:01:00,F,20~29,office,seoul,0,0,0,0,28,0,0,19,0,0,completed
28709,U8711,2025-04-07 18:57:00,2025-04-07 19:03:00,M,50+,office,seoul,0,0,0,0,9,0,0,42,0,0,completed
28710,U8712,2025-12-09 18:52:00,2025-12-09 18:58:00,F,20~29,office,seoul,0,0,0,0,1,0,0,42,0,0,completed
28711,U8713,2025-04-14 13:54:00,2025-04-14 13:58:00,M,30~39,office,seoul,0,0,0,0,18,0,0,49,0,0,completed
28712,U8714,2025-10-21 11:03:00,2025-10-21 11:09:00,M,40~49,office,seoul,0,0,0,0,16,0,0,46,0,0,completed
28713,U8715,2025-09-08 15:47:00,2025-09-08 15:54:00,M,40~49,office,seoul,0,0,0,0,12,0,0,37,0,0,completed
28714,U8716,2025-01-30 14:43:00,2025-01-30 14:50:00,F,20~29,office,seoul,0,0,0,0,26,0,0,53,0,0,completed
28715,U8717,2025-10-08 19:35:00,2025-10-08 19:40:00,F,20~29,office,seoul,0,0,0,0,12,0,0,19,0,0,completed
28716,U8718,2025-07-19 17:33:00,2025-07-19 17:37:00,F,30~39,office,seoul,1,0,0,0,25,0,0,33,0,0,completed
28717,U8719,2025-03-08 22:04:00,2025-03-08 22:09:00,M,50+,office,seoul,1,0,0,0,5,0,0,42,0,0,completed
28718,U8720,2025-12-23 08:32:00,2025-12-23 08:38:00,M,20~29,office,seoul,0,0,0,0,8,0,0,61,0,0,completed
28719,U8721,2025-06-11 11:48:00,2025-06-11 11:53:00,F,40~49,office,seoul,0,0,0,0,2,0,0,29,0,0,completed
28720,U8722,2025-08-08 15:32:00,2025-08-08 15:38:00,F,20~29,office,seoul,0,0,0,0,24,0,0,51,0,0,completed
28721,U8723,2025-08-23 08:01:00,2025-08-23 08:07:00,F,30~39,office,seoul,1,0,0,0,1,0,0,76,0,0,completed
28722,U8724,2025-12-13 20:24:00,2025-12-13 20:26:00,F,30~39,office,seoul,1,0,0,0,9,0,0,20,0,0,completed
28723,U8725,2025-08-13 20:49:00,2025-08-13 20:55:00,M,30~39,office,seoul,0,0,0,0,29,0,0,63,0,0,completed
28724,U8726,2025-04-14 11:28:00,2025-04-14 11:33:00,F,40~49,office,seoul,0,0,0,0,20,0,0,70,0,0,completed
28725,U8727,2025-08-06 22:57:00,2025-08-06 23:04:00,M,40~49,office,seoul,0,0,0,0,24,0,0,76,0,0,completed
28726,U8728,2025-05-22 17:54:00,2025-05-22 18:01:00,F,20~29,office,seoul,0,0,0,0,3,0,0,25,0,0,abandoned
28727,U8729,2025-06-17 15:39:00,2025-06-17 15:41:00,F,20~29,office,seoul,0,0,0,0,8,0,0,19,0,0,completed
28728,U8730,2025-11-15 11:38:00,2025-11-15 11:43:00,F,50+,office,seoul,1,0,0,0,1,0,0,10,0,0,completed
28729,U8731,2025-06-03 20:52:00,2025-06-03 20:56:00,M,40~49,office,seoul,0,0,0,0,13,0,0,69,0,0,completed
28730,U8732,2025-02-10 14:01:00,2025-02-10 14:03:00,M,50+,office,seoul,0,0,0,0,8,0,0,75,0,1,completed
28731,U8733,2025-12-10 11:58:00,2025-12-10 12:00:00,M,50+,office,seoul,0,0,0,0,0,0,0,34,0,0,completed
28732,U8734,2025-12-15 14:52:00,2025-12-15 14:58:00,F,20~29,office,seoul,0,0,0,0,14,0,0,21,0,0,completed
28733,U8735,2025-05-28 13:35:00,2025-05-28 13:40:00,F,30~39,office,seoul,0,0,0,0,3,0,0,46,0,0,completed
28734,U8736,2025-12-09 15:16:00,2025-12-09 15:19:00,F,30~39,office,seoul,0,0,0,0,22,0,0,69,0,0,completed
28735,U8737,2025-02-21 13:28:00,2025-02-21 13:32:00,F,20~29,office,seoul,0,0,0,0,20,0,0,38,0,0,completed
28736,U8738,2025-01-14 08:08:00,2025-01-14 08:15:00,M,20~29,office,seoul,0,0,0,0,21,0,0,72,0,0,completed
28737,U8739,2025-11-04 07:47:00,2025-11-04 07:52:00,F,30~39,office,seoul,0,0,0,0,0,0,0,61,0,0,completed
28738,U8740,2025-08-21 20:59:00,2025-08-21 21:05:00,F,20~29,office,seoul,0,0,0,0,17,0,0,32,0,0,completed
28739,U8741,2025-06-30 07:27:00,2025-06-30 07:34:00,M,20~29,office,seoul,0,0,0,0,15,0,0,58,0,0,completed
28740,U8742,2025-04-25 16:51:00,2025-04-25 16:54:00,F,40~49,office,seoul,0,0,0,0,20,0,0,35,1,0,completed
28741,U8743,2025-03-31 07:06:00,2025-03-31 07:10:00,F,30~39,office,seoul,0,0,0,0,13,0,0,75,1,0,completed
28742,U8744,2025-08-10 16:26:00,2025-08-10 16:32:00,F,50+,office,seoul,1,0,0,0,4,0,0,19,0,0,completed
28743,U8745,2025-11-18 11:35:00,2025-11-18 11:42:00,F,40~49,office,seoul,0,0,0,0,13,0,0,34,0,0,completed
28744,U8746,2025-03-06 15:06:00,2025-03-06 15:13:00,M,50+,office,seoul,0,0,0,0,4,0,0,23,0,0,completed
28745,U8747,2025-06-20 22:31:00,2025-06-20 22:34:00,F,50+,office,seoul,0,0,0,0,24,0,0,43,0,0,completed
28746,U8748,2025-12-27 16:14:00,2025-12-27 16:16:00,F,20~29,office,seoul,1,0,0,0,8,0,0,44,0,0,error
28747,U8749,2025-01-17 08:02:00,2025-01-17 08:07:00,F,40~49,office,seoul,0,0,0,0,11,0,0,36,1,0,completed
28748,U8750,2025-02-25 08:35:00,2025-02-25 08:37:00,F,40~49,office,seoul,0,0,0,0,10,0,0,32,0,0,error
28749,U8751,2025-07-13 14:39:00,2025-07-13 14:44:00,F,20~29,office,seoul,1,0,0,0,21,0,0,32,0,0,completed
28750,U8752,2025-08-19 22:44:00,2025-08-19 22:48:00,F,20~29,office,seoul,0,0,0,0,1,0,0,69,0,0,completed
28751,U8753,2025-02-17 17:39:00,2025-02-17 17:45:00,M,30~39,office,seoul,0,0,0,0,3,0,0,63,0,0,completed
28752,U8754,2025-10-16 16:40:00,2025-10-16 16:43:00,M,40~49,office,seoul,0,0,0,0,18,0,0,38,0,0,completed
28753,U8755,2025-10-21 11:39:00,2025-10-21 11:42:00,F,40~49,office,seoul,0,0,0,0,14,0,0,55,0,0,completed
28754,U8756,2025-01-02 20:35:00,2025-01-02 20:37:00,F,30~39,office,seoul,0,0,0,0,25,0,0,39,0,0,completed
28755,U8757,2025-08-01 09:11:00,2025-08-01 09:13:00,M,30~39,office,seoul,0,0,0,0,29,0,0,52,0,0,completed
28756,U8758,2025-03-21 15:59:00,2025-03-21 16:06:00,F,30~39,office,seoul,0,0,0,0,10,0,0,35,0,0,completed
28757,U8759,2025-07-26 19:35:00,2025-07-26 19:41:00,F,30~39,office,seoul,1,0,0,0,16,0,0,67,0,1,completed
28758,U8760,2025-09-10 09:01:00,2025-09-10 09:03:00,M,50+,office,seoul,0,0,0,0,4,0,0,19,0,0,completed
28759,U8761,2025-07-05 16:05:00,2025-07-05 16:12:00,F,40~49,office,seoul,1,0,0,0,25,0,0,37,0,0,completed
28760,U8762,2025-10-18 20:18:00,2025-10-18 20:21:00,M,30~39,office,seoul,1,0,0,0,21,0,0,19,0,0,completed
28761,U8763,2025-12-18 13:52:00,2025-12-18 13:57:00,M,20~29,office,seoul,0,0,0,0,29,0,0,24,0,0,completed
28762,U8764,2025-07-24 14:53:00,2025-07-24 14:59:00,F,30~39,office,seoul,0,0,0,0,15,0,0,70,0,0,completed
28763,U8765,2025-06-20 09:29:00,2025-06-20 09:36:00,M,40~49,office,seoul,0,0,0,0,20,0,0,20,0,0,completed
28764,U8766,2025-12-24 11:04:00,2025-12-24 11:08:00,F,20~29,office,seoul,0,0,0,0,20,0,0,38,0,0,abandoned
28765,U8767,2025-06-15 17:01:00,2025-06-15 17:07:00,M,40~49,office,seoul,1,0,0,0,24,0,0,47,0,0,completed
28766,U8768,2025-06-12 17:49:00,2025-06-12 17:55:00,F,20~29,office,seoul,0,0,0,0,8,0,0,28,0,0,completed
28767,U8769,2025-03-20 17:09:00,2025-03-20 17:12:00,F,20~29,office,seoul,0,0,0,0,29,0,0,17,0,0,completed
28768,U8770,2025-07-17 15:56:00,2025-07-17 16:00:00,F,30~39,office,seoul,0,0,0,0,29,0,0,67,0,0,completed
28769,U8771,2025-07-28 09:50:00,2025-07-28 09:54:00,M,40~49,office,seoul,0,0,0,0,28,0,0,65,0,0,completed
28770,U8772,2025-01-20 18:17:00,2025-01-20 18:20:00,M,50+,office,seoul,0,0,0,0,14,0,0,28,0,0,completed
28771,U8773,2025-03-17 14:01:00,2025-03-17 14:04:00,F,40~49,office,seoul,0,0,0,0,16,0,0,26,0,0,completed
28772,U8774,2025-02-20 19:29:00,2025-02-20 19:36:00,F,30~39,office,seoul,0,0,0,0,8,0,0,51,0,0,completed
28773,U8775,2025-12-02 16:30:00,2025-12-02 16:33:00,M,50+,office,seoul,0,0,0,0,21,0,0,66,0,0,completed
28774,U8776,2025-05-23 18:30:00,2025-05-23 18:37:00,F,40~49,office,seoul,0,0,0,0,25,0,0,29,0,0,abandoned
28775,U8777,2025-11-06 17:39:00,2025-11-06 17:43:00,F,30~39,office,seoul,0,0,0,0,24,0,0,28,0,0,completed
28776,U8778,2025-05-23 11:11:00,2025-05-23 11:13:00,F,30~39,office,seoul,0,0,0,0,24,0,0,74,0,0,completed
28777,U8779,2025-12-18 18:01:00,2025-12-18 18:07:00,F,30~39,office,seoul,0,0,0,0,5,0,0,72,0,0,error
28778,U8780,2025-08-24 19:17:00,2025-08-24 19:22:00,F,20~29,office,seoul,1,0,0,0,5,0,0,29,0,0,completed
28779,U8781,2025-05-21 14:10:00,2025-05-21 14:17:00,F,40~49,office,seoul,0,0,0,0,21,0,0,69,0,0,completed
28780,U8782,2025-05-19 13:19:00,2025-05-19 13:21:00,F,50+,office,seoul,0,0,0,0,11,0,0,48,0,1,timeout
28781,U8783,2025-09-30 14:54:00,2025-09-30 14:56:00,F,50+,office,seoul,0,0,0,0,18,0,0,24,0,0,completed
28782,U8784,2025-04-04 20:19:00,2025-04-04 20:21:00,F,30~39,office,seoul,0,0,0,0,5,0,0,69,0,0,completed
28783,U8785,2025-03-18 16:31:00,2025-03-18 16:35:00,M,40~49,office,seoul,0,0,0,0,28,0,0,48,0,0,completed
28784,U8786,2025-04-18 17:25:00,2025-04-18 17:28:00,F,40~49,office,seoul,0,0,0,0,4,0,0,73,0,0,completed
28785,U8787,2025-06-09 09:15:00,2025-06-09 09:18:00,F,30~39,office,seoul,0,0,0,0,21,0,0,49,0,0,completed
28786,U8788,2025-07-21 12:03:00,2025-07-21 12:06:00,F,40~49,office,seoul,0,0,0,0,11,0,0,14,0,0,completed
28787,U8789,2025-06-30 11:39:00,2025-06-30 11:44:00,F,20~29,office,seoul,0,0,0,0,0,0,0,39,0,0,completed
28788,U8790,2025-05-08 08:21:00,2025-05-08 08:26:00,F,30~39,office,seoul,0,0,0,0,21,0,0,49,0,0,completed
28789,U8791,2025-02-21 12:58:00,2025-02-21 13:04:00,F,30~39,office,seoul,0,0,0,0,18,0,0,66,0,0,completed
28790,U8792,2025-10-15 08:32:00,2025-10-15 08:37:00,M,20~29,office,seoul,0,0,0,0,17,0,0,31,0,0,completed
28791,U8793,2025-02-19 15:51:00,2025-02-19 15:53:00,M,20~29,office,seoul,0,0,0,0,14,0,0,46,1,0,completed
28792,U8794,2025-12-12 15:13:00,2025-12-12 15:16:00,F,40~49,office,seoul,0,0,0,0,11,0,0,58,0,0,completed
28793,U8795,2025-08-18 13:46:00,2025-08-18 13:51:00,M,40~49,office,seoul,0,0,0,0,29,0,0,10,0,0,abandoned
28794,U8796,2025-11-22 20:17:00,2025-11-22 20:21:00,F,40~49,office,seoul,1,0,0,0,15,0,0,71,0,0,completed
28795,U8797,2025-04-24 21:08:00,2025-04-24 21:15:00,F,30~39,office,seoul,0,0,0,0,21,0,0,44,0,0,completed
28796,U8798,2025-06-24 16:28:00,2025-06-24 16:35:00,F,20~29,office,seoul,0,0,0,0,9,0,0,11,0,0,abandoned
28797,U8799,2025-06-21 18:09:00,2025-06-21 18:12:00,M,20~29,office,seoul,1,0,0,0,10,0,0,31,0,0,completed
28798,U8800,2025-04-10 13:07:00,2025-04-10 13:09:00,F,50+,office,seoul,0,0,0,0,17,0,0,76,0,0,completed
28799,U8801,2025-03-05 13:41:00,2025-03-05 13:45:00,F,40~49,office,seoul,0,0,0,0,8,0,0,67,0,0,completed
28800,U8802,2025-02-09 12:34:00,2025-02-09 12:40:00,M,30~39,office,seoul,1,0,0,0,23,0,0,13,0,0,abandoned
28801,U8803,2025-12-16 20:50:00,2025-12-16 20:57:00,F,40~49,office,seoul,0,0,0,0,9,0,0,11,0,0,completed
28802,U8804,2025-06-25 09:37:00,2025-06-25 09:44:00,M,20~29,office,seoul,0,0,0,0,15,0,0,37,0,0,completed
28803,U8805,2025-11-10 16:29:00,2025-11-10 16:36:00,F,50+,office,seoul,0,0,0,0,8,0,0,52,0,0,abandoned
28804,U8806,2025-09-22 16:15:00,2025-09-22 16:18:00,M,50+,office,seoul,0,0,0,0,1,0,0,37,0,0,completed
28805,U8807,2025-04-21 12:45:00,2025-04-21 12:47:00,F,40~49,office,seoul,0,0,0,0,29,0,0,53,0,0,completed
28806,U8808,2025-12-11 07:45:00,2025-12-11 07:52:00,F,30~39,office,seoul,0,0,0,0,18,0,0,43,0,0,abandoned
28807,U8809,2025-12-30 15:48:00,2025-12-30 15:53:00,F,20~29,office,seoul,0,0,0,0,19,0,0,55,0,0,completed
28808,U8810,2025-07-28 08:57:00,2025-07-28 09:01:00,M,50+,office,seoul,0,0,0,0,3,0,0,68,0,0,completed
28809,U8811,2025-06-28 09:55:00,2025-06-28 10:00:00,F,30~39,office,seoul,1,0,0,0,15,0,0,64,0,0,completed
28810,U8812,2025-06-24 16:15:00,2025-06-24 16:20:00,M,20~29,office,seoul,0,0,0,0,15,0,0,19,0,0,completed
28811,U8813,2025-10-30 18:37:00,2025-10-30 18:41:00,F,20~29,office,seoul,0,0,0,0,19,0,0,70,0,0,completed
28812,U8814,2025-05-07 07:39:00,2025-05-07 07:46:00,M,30~39,office,seoul,0,0,0,0,1,0,0,20,0,0,completed
28813,U8815,2025-02-04 20:15:00,2025-02-04 20:20:00,F,50+,office,seoul,0,0,0,0,6,0,0,18,0,1,timeout
28814,U8816,2025-04-16 09:45:00,2025-04-16 09:47:00,M,30~39,office,seoul,0,0,0,0,6,0,0,23,1,0,completed
28815,U8817,2025-04-05 13:56:00,2025-04-05 14:00:00,F,50+,office,seoul,1,0,0,0,29,0,0,32,1,0,completed
28816,U8818,2025-07-18 08:35:00,2025-07-18 08:38:00,M,50+,office,seoul,0,0,0,0,16,0,0,34,1,0,completed
28817,U8819,2025-10-18 18:37:00,2025-10-18 18:43:00,F,20~29,office,seoul,1,0,0,0,21,0,0,14,0,0,completed
28818,U8820,2025-12-30 14:51:00,2025-12-30 14:53:00,F,20~29,office,seoul,0,0,0,0,9,0,0,20,0,0,completed
28819,U8821,2025-07-22 11:57:00,2025-07-22 11:59:00,M,20~29,office,seoul,0,0,0,0,26,0,0,52,0,0,completed
28820,U8822,2025-01-08 19:53:00,2025-01-08 19:57:00,M,20~29,office,seoul,0,0,0,0,18,0,0,16,0,0,completed
28821,U8823,2025-07-06 14:52:00,2025-07-06 14:59:00,F,40~49,office,seoul,1,0,0,0,9,0,0,19,0,0,timeout
28822,U8824,2025-01-16 13:51:00,2025-01-16 13:57:00,F,20~29,office,seoul,0,0,0,0,20,0,0,62,0,0,completed
28823,U8825,2025-04-16 12:33:00,2025-04-16 12:38:00,F,20~29,office,seoul,0,0,0,0,20,0,0,11,0,0,completed
28824,U8826,2025-03-21 14:17:00,2025-03-21 14:21:00,F,40~49,office,seoul,0,0,0,0,16,0,0,13,0,0,completed
28825,U8827,2025-02-05 11:42:00,2025-02-05 11:47:00,M,20~29,office,seoul,0,0,0,0,19,0,0,63,0,0,timeout
28826,U8828,2025-12-11 19:30:00,2025-12-11 19:34:00,M,30~39,office,seoul,0,0,0,0,21,0,0,54,0,0,completed
28827,U8829,2025-12-15 13:23:00,2025-12-15 13:25:00,M,40~49,office,seoul,0,0,0,0,26,0,0,58,0,0,timeout
28828,U8830,2025-07-28 09:34:00,2025-07-28 09:39:00,M,30~39,office,seoul,0,0,0,0,9,0,0,77,0,0,completed
28829,U8831,2025-12-29 16:30:00,2025-12-29 16:33:00,F,20~29,office,seoul,0,0,0,0,24,0,0,73,0,0,completed
28830,U8832,2025-11-27 12:09:00,2025-11-27 12:13:00,F,20~29,office,seoul,0,0,0,0,14,0,0,57,1,0,completed
28831,U8833,2025-03-09 12:38:00,2025-03-09 12:42:00,F,50+,office,seoul,1,0,0,0,23,0,0,42,0,0,completed
28832,U8834,2025-05-12 13:00:00,2025-05-12 13:07:00,M,50+,office,seoul,0,0,0,0,6,0,0,54,0,1,timeout
28833,U8835,2025-02-02 09:20:00,2025-02-02 09:22:00,F,30~39,office,seoul,1,0,0,0,26,0,0,66,0,0,completed
28834,U8836,2025-01-30 19:05:00,2025-01-30 19:09:00,M,20~29,office,seoul,0,0,0,0,6,0,0,55,0,0,completed
28835,U8837,2025-12-04 08:59:00,2025-12-04 09:05:00,F,20~29,office,seoul,0,0,0,0,1,0,0,72,0,0,completed
28836,U8838,2025-05-04 18:40:00,2025-05-04 18:43:00,M,20~29,office,seoul,1,0,0,0,26,0,0,11,0,0,completed
28837,U8839,2025-04-25 15:47:00,2025-04-25 15:49:00,M,30~39,office,seoul,0,0,0,0,17,0,0,71,0,0,completed
28838,U8840,2025-08-29 14:03:00,2025-08-29 14:05:00,M,30~39,office,seoul,0,0,0,0,12,0,0,11,0,0,completed
28839,U8841,2025-02-15 17:40:00,2025-02-15 17:46:00,F,30~39,office,seoul,1,0,0,0,23,0,0,33,0,0,completed
28840,U8842,2025-12-19 15:23:00,2025-12-19 15:29:00,F,30~39,office,seoul,0,0,0,0,29,0,0,42,0,0,completed
28841,U8843,2025-06-19 19:54:00,2025-06-19 20:00:00,M,40~49,office,seoul,0,0,0,0,18,0,0,31,0,0,completed
28842,U8844,2025-04-25 09:23:00,2025-04-25 09:27:00,M,30~39,office,seoul,0,0,0,0,3,0,0,71,0,0,abandoned
28843,U8845,2025-10-20 13:51:00,2025-10-20 13:56:00,F,30~39,office,seoul,0,0,0,0,24,0,0,40,0,0,completed
28844,U8846,2025-11-02 16:26:00,2025-11-02 16:31:00,F,20~29,office,seoul,1,0,0,0,28,0,0,76,0,0,completed
28845,U8847,2025-04-29 07:08:00,2025-04-29 07:13:00,M,30~39,office,seoul,0,0,0,0,16,0,0,50,0,0,completed
28846,U8848,2025-02-01 14:38:00,2025-02-01 14:45:00,M,30~39,office,seoul,1,0,0,0,11,0,0,75,0,1,completed
28847,U8849,2025-05-22 16:26:00,2025-05-22 16:29:00,F,30~39,office,seoul,0,0,0,0,28,0,0,58,0,0,completed
28848,U8850,2025-08-11 14:22:00,2025-08-11 14:26:00,F,20~29,office,seoul,0,0,0,0,6,0,0,12,0,0,completed
28849,U8851,2025-06-26 15:54:00,2025-06-26 16:00:00,F,50+,office,seoul,0,0,0,0,23,0,0,77,0,0,completed
28850,U8852,2025-11-20 13:25:00,2025-11-20 13:27:00,F,40~49,office,seoul,0,0,0,0,19,0,0,16,0,0,completed
28851,U8853,2025-03-14 17:47:00,2025-03-14 17:54:00,M,30~39,office,seoul,0,0,0,0,16,0,0,22,0,0,completed
28852,U8854,2025-03-16 18:00:00,2025-03-16 18:06:00,M,30~39,office,seoul,1,0,0,0,9,0,0,76,0,0,completed
28853,U8855,2025-08-31 12:11:00,2025-08-31 12:18:00,F,20~29,office,seoul,1,0,0,0,19,0,0,15,0,0,completed
28854,U8856,2025-09-18 08:49:00,2025-09-18 08:53:00,M,30~39,office,seoul,0,0,0,0,10,0,0,22,0,0,timeout
28855,U8857,2025-01-25 19:46:00,2025-01-25 19:51:00,F,50+,office,seoul,1,0,0,0,23,0,0,75,0,0,completed
28856,U8858,2025-05-03 12:41:00,2025-05-03 12:43:00,F,30~39,office,seoul,1,0,0,0,10,0,0,13,0,0,completed
28857,U8859,2025-03-11 14:52:00,2025-03-11 14:55:00,F,20~29,office,seoul,0,0,0,0,3,0,0,29,0,0,completed
28858,U8860,2025-05-05 16:58:00,2025-05-05 17:04:00,M,50+,office,seoul,0,0,0,0,6,0,0,51,0,0,completed
28859,U8861,2025-01-25 21:47:00,2025-01-25 21:53:00,F,40~49,office,seoul,1,0,0,0,23,0,0,59,0,0,completed
28860,U8862,2025-01-02 18:11:00,2025-01-02 18:18:00,F,20~29,office,seoul,0,0,0,0,5,0,0,20,0,0,completed
28861,U8863,2025-01-28 09:34:00,2025-01-28 09:37:00,M,30~39,office,seoul,0,0,0,0,20,0,0,16,0,0,completed
28862,U8864,2025-03-22 16:58:00,2025-03-22 17:03:00,F,20~29,office,seoul,1,0,0,0,29,0,0,79,0,0,completed
28863,U8865,2025-06-07 12:45:00,2025-06-07 12:47:00,F,20~29,office,seoul,1,0,0,0,9,0,0,72,0,0,completed
28864,U8866,2025-12-07 15:24:00,2025-12-07 15:28:00,M,20~29,office,seoul,1,0,0,0,15,0,0,46,0,0,completed
28865,U8867,2025-12-31 16:44:00,2025-12-31 16:49:00,M,30~39,office,seoul,0,0,0,0,24,0,0,73,0,0,timeout
28866,U8868,2025-05-10 07:55:00,2025-05-10 07:58:00,F,30~39,office,seoul,1,0,0,0,15,0,0,41,0,0,completed
28867,U8869,2025-05-11 11:10:00,2025-05-11 11:13:00,F,30~39,office,seoul,1,0,0,0,8,0,0,53,0,0,error
28868,U8870,2025-04-14 16:50:00,2025-04-14 16:56:00,F,30~39,office,seoul,0,0,0,0,4,0,0,16,0,0,completed
28869,U8871,2025-02-12 13:19:00,2025-02-12 13:22:00,F,20~29,office,seoul,0,0,0,0,18,0,0,77,0,0,timeout
28870,U8872,2025-08-06 14:13:00,2025-08-06 14:20:00,F,20~29,office,seoul,0,0,0,0,7,0,0,34,0,0,completed
28871,U8873,2025-03-02 17:15:00,2025-03-02 17:18:00,M,20~29,office,seoul,1,0,0,0,10,0,0,69,0,0,completed
28872,U8874,2025-08-12 13:43:00,2025-08-12 13:47:00,M,50+,office,seoul,0,0,0,0,23,0,0,25,0,0,completed
28873,U8875,2025-08-16 18:09:00,2025-08-16 18:16:00,F,40~49,office,seoul,1,0,0,0,3,0,0,51,0,0,abandoned
28874,U8876,2025-05-05 18:14:00,2025-05-05 18:20:00,F,40~49,office,seoul,0,0,0,0,0,0,0,50,0,0,completed
28875,U8877,2025-07-20 12:01:00,2025-07-20 12:07:00,F,40~49,office,seoul,1,0,0,0,29,0,0,24,0,0,completed
28876,U8878,2025-09-07 07:10:00,2025-09-07 07:16:00,M,20~29,office,seoul,1,0,0,0,25,0,0,11,0,0,completed
28877,U8879,2025-11-19 16:19:00,2025-11-19 16:25:00,F,40~49,office,seoul,0,0,0,0,9,0,0,24,0,0,completed
28878,U8880,2025-02-03 07:56:00,2025-02-03 07:59:00,F,20~29,office,seoul,0,0,0,0,23,0,0,48,0,0,completed
28879,U8881,2025-04-27 16:40:00,2025-04-27 16:46:00,M,30~39,office,seoul,1,0,0,0,23,0,0,49,0,0,completed
28880,U8882,2025-09-21 11:50:00,2025-09-21 11:52:00,F,20~29,office,seoul,1,0,0,0,12,0,0,69,0,0,completed
28881,U8883,2025-08-18 14:24:00,2025-08-18 14:30:00,M,20~29,office,seoul,0,0,0,0,23,0,0,37,0,0,completed
28882,U8884,2025-05-12 08:28:00,2025-05-12 08:35:00,M,30~39,office,seoul,0,0,0,0,17,0,0,36,0,0,completed
28883,U8885,2025-10-27 16:06:00,2025-10-27 16:13:00,F,50+,office,seoul,0,0,0,0,12,0,0,14,0,0,completed
28884,U8886,2025-08-24 11:28:00,2025-08-24 11:31:00,F,20~29,office,seoul,1,0,0,0,0,0,0,21,0,0,completed
28885,U8887,2025-09-12 08:52:00,2025-09-12 08:56:00,M,30~39,office,seoul,0,0,0,0,22,0,0,50,0,1,completed
28886,U8888,2025-10-15 13:04:00,2025-10-15 13:09:00,F,40~49,office,seoul,0,0,0,0,2,0,0,62,0,0,completed
28887,U8889,2025-03-10 21:43:00,2025-03-10 21:49:00,M,20~29,office,seoul,0,0,0,0,7,0,0,29,0,0,completed
28888,U8890,2025-09-13 15:30:00,2025-09-13 15:36:00,F,20~29,office,seoul,1,0,0,0,8,0,0,24,0,0,completed
28889,U8891,2025-05-30 18:51:00,2025-05-30 18:53:00,F,40~49,office,seoul,0,0,0,0,25,0,0,63,0,0,completed
28890,U8892,2025-10-15 17:03:00,2025-10-15 17:10:00,M,40~49,office,seoul,0,0,0,0,25,0,0,36,0,0,completed
28891,U8893,2025-11-15 17:14:00,2025-11-15 17:21:00,F,50+,office,seoul,1,0,0,0,3,0,0,46,0,0,completed
28892,U8894,2025-05-25 14:53:00,2025-05-25 15:00:00,F,30~39,office,seoul,1,0,0,0,23,0,0,13,0,0,completed
28893,U8895,2025-05-06 18:46:00,2025-05-06 18:50:00,M,20~29,office,seoul,0,0,0,0,15,0,0,57,0,0,completed
28894,U8896,2025-10-17 12:41:00,2025-10-17 12:43:00,M,30~39,office,seoul,0,0,0,0,27,0,0,57,0,0,completed
28895,U8897,2025-03-21 07:23:00,2025-03-21 07:27:00,M,30~39,office,seoul,0,0,0,0,9,0,0,57,0,0,completed
28896,U8898,2025-07-02 09:58:00,2025-07-02 10:02:00,F,30~39,office,seoul,0,0,0,0,13,0,0,19,0,0,completed
28897,U8899,2025-02-20 08:19:00,2025-02-20 08:25:00,F,20~29,office,seoul,0,0,0,0,9,0,0,38,0,0,completed
28898,U8900,2025-12-05 15:17:00,2025-12-05 15:21:00,M,50+,office,seoul,0,0,0,0,24,0,0,19,0,0,completed
28899,U8901,2025-02-28 11:00:00,2025-02-28 11:02:00,M,50+,office,seoul,0,0,0,0,22,0,0,31,0,0,completed
28900,U8902,2025-10-17 11:45:00,2025-10-17 11:52:00,M,30~39,office,seoul,0,0,0,0,10,0,0,67,0,0,completed
28901,U8903,2025-11-24 17:44:00,2025-11-24 17:51:00,M,40~49,office,seoul,0,0,0,0,7,0,0,48,0,0,completed
28902,U8904,2025-03-25 14:24:00,2025-03-25 14:29:00,M,20~29,office,seoul,0,0,0,0,22,0,0,41,0,0,completed
28903,U8905,2025-05-23 11:59:00,2025-05-23 12:04:00,F,20~29,office,seoul,0,0,0,0,14,0,0,20,0,0,timeout
28904,U8906,2025-11-11 16:38:00,2025-11-11 16:43:00,M,20~29,office,seoul,0,0,0,0,21,0,0,14,0,0,completed
28905,U8907,2025-08-07 19:02:00,2025-08-07 19:05:00,M,50+,office,seoul,0,0,0,0,14,0,0,22,1,0,completed
28906,U8908,2025-05-13 16:46:00,2025-05-13 16:50:00,F,20~29,office,seoul,0,0,0,0,12,0,0,60,0,0,completed
28907,U8909,2025-02-11 22:14:00,2025-02-11 22:16:00,M,40~49,office,seoul,0,0,0,0,22,0,0,21,0,0,completed
28908,U8910,2025-05-12 12:27:00,2025-05-12 12:31:00,M,20~29,office,seoul,0,0,0,0,13,0,0,73,0,0,completed
28909,U8911,2025-03-30 08:25:00,2025-03-30 08:31:00,M,30~39,office,seoul,1,0,0,0,22,0,0,14,0,0,completed
28910,U8912,2025-01-20 12:26:00,2025-01-20 12:30:00,F,50+,office,seoul,0,0,0,0,15,0,0,52,0,0,completed
28911,U8913,2025-08-02 08:55:00,2025-08-02 09:02:00,F,20~29,office,seoul,1,0,0,0,28,0,0,45,0,0,completed
28912,U8914,2025-06-06 09:48:00,2025-06-06 09:54:00,M,30~39,office,seoul,0,0,0,0,27,0,0,41,0,0,completed
28913,U8915,2025-06-24 13:23:00,2025-06-24 13:26:00,F,50+,office,seoul,0,0,0,0,5,0,0,17,0,0,completed
28914,U8916,2025-05-14 12:01:00,2025-05-14 12:04:00,M,30~39,office,seoul,0,0,0,0,7,0,0,32,0,0,completed
28915,U8917,2025-01-25 16:45:00,2025-01-25 16:50:00,M,20~29,office,seoul,1,0,0,0,20,0,0,79,0,0,completed
28916,U8918,2025-03-19 12:39:00,2025-03-19 12:44:00,F,40~49,office,seoul,0,0,0,0,22,0,0,72,0,0,completed
28917,U8919,2025-02-14 15:38:00,2025-02-14 15:40:00,M,50+,office,seoul,0,0,0,0,23,0,0,49,0,0,completed
28918,U8920,2025-05-26 12:42:00,2025-05-26 12:48:00,F,30~39,office,seoul,0,0,0,0,8,0,0,11,0,0,completed
28919,U8921,2025-11-14 13:40:00,2025-11-14 13:42:00,M,50+,office,seoul,0,0,0,0,24,0,0,14,0,0,completed
28920,U8922,2025-06-30 09:52:00,2025-06-30 09:59:00,F,40~49,office,seoul,0,0,0,0,20,0,0,46,0,0,completed
28921,U8923,2025-07-16 18:38:00,2025-07-16 18:44:00,F,30~39,office,seoul,0,0,0,0,18,0,0,22,0,0,completed
28922,U8924,2025-11-29 12:30:00,2025-11-29 12:37:00,F,50+,office,seoul,1,0,0,0,10,0,0,42,0,0,completed
28923,U8925,2025-08-14 15:14:00,2025-08-14 15:17:00,F,40~49,office,seoul,0,0,0,0,3,0,0,63,0,0,completed
28924,U8926,2025-01-28 12:47:00,2025-01-28 12:54:00,M,50+,office,seoul,0,0,0,0,18,0,0,76,0,0,completed
28925,U8927,2025-07-27 08:04:00,2025-07-27 08:07:00,M,50+,office,seoul,1,0,0,0,2,0,0,72,0,0,completed
28926,U8928,2025-06-27 13:49:00,2025-06-27 13:52:00,M,20~29,office,seoul,0,0,0,0,9,0,0,38,0,0,completed
28927,U8929,2025-06-01 13:11:00,2025-06-01 13:16:00,F,20~29,office,seoul,1,0,0,0,17,0,0,53,0,0,completed
28928,U8930,2025-10-12 08:18:00,2025-10-12 08:20:00,M,50+,office,seoul,1,0,0,0,5,0,0,73,0,0,completed
28929,U8931,2025-07-12 08:09:00,2025-07-12 08:13:00,M,30~39,office,seoul,1,0,0,0,12,0,0,50,0,0,completed
28930,U8932,2025-03-20 07:49:00,2025-03-20 07:54:00,M,50+,office,seoul,0,0,0,0,3,0,0,76,0,0,completed
28931,U8933,2025-04-14 18:38:00,2025-04-14 18:41:00,M,30~39,office,seoul,0,0,0,0,19,0,0,16,0,0,completed
28932,U8934,2025-09-18 09:31:00,2025-09-18 09:38:00,F,40~49,office,seoul,0,0,0,0,10,0,0,60,0,0,completed
28933,U8935,2025-12-22 07:49:00,2025-12-22 07:52:00,M,40~49,office,seoul,0,0,0,0,24,0,0,13,0,0,abandoned
28934,U8936,2025-05-29 21:53:00,2025-05-29 21:56:00,M,40~49,office,seoul,0,0,0,0,14,0,0,69,0,0,completed
28935,U8937,2025-01-29 15:51:00,2025-01-29 15:57:00,F,30~39,office,seoul,0,0,0,0,26,0,0,60,0,0,completed
28936,U8938,2025-05-23 08:18:00,2025-05-23 08:22:00,M,20~29,office,seoul,0,0,0,0,15,0,0,59,0,0,completed
28937,U8939,2025-11-04 13:19:00,2025-11-04 13:21:00,M,40~49,office,seoul,0,0,0,0,7,0,0,22,0,0,completed
28938,U8940,2025-08-31 18:08:00,2025-08-31 18:14:00,F,30~39,office,seoul,1,0,0,0,22,0,0,41,0,0,completed
28939,U8941,2025-11-18 13:02:00,2025-11-18 13:05:00,F,30~39,office,seoul,0,0,0,0,24,0,0,54,0,0,completed
28940,U8942,2025-12-18 21:07:00,2025-12-18 21:13:00,F,40~49,office,seoul,0,0,0,0,1,0,0,24,0,0,completed
28941,U8943,2025-04-19 07:27:00,2025-04-19 07:31:00,M,40~49,office,seoul,1,0,0,0,25,0,0,47,0,0,completed
28942,U8944,2025-03-15 12:13:00,2025-03-15 12:15:00,M,30~39,office,seoul,1,0,0,0,18,0,0,63,0,0,completed
28943,U8945,2025-10-21 15:30:00,2025-10-21 15:35:00,M,20~29,office,seoul,0,0,0,0,4,0,0,73,0,0,completed
28944,U8946,2025-06-01 14:58:00,2025-06-01 15:04:00,M,50+,office,seoul,1,0,0,0,0,0,0,48,0,0,completed
28945,U8947,2025-10-01 17:21:00,2025-10-01 17:25:00,F,20~29,office,seoul,0,0,0,0,29,0,0,21,0,0,abandoned
28946,U8948,2025-06-24 19:08:00,2025-06-24 19:11:00,M,20~29,office,seoul,0,0,0,0,7,0,0,19,0,0,abandoned
28947,U8949,2025-07-19 11:39:00,2025-07-19 11:46:00,F,20~29,office,seoul,1,0,0,0,6,0,0,70,0,0,abandoned
28948,U8950,2025-06-14 14:17:00,2025-06-14 14:24:00,F,40~49,office,seoul,1,0,0,0,22,0,0,50,0,0,completed
28949,U8951,2025-10-28 19:01:00,2025-10-28 19:08:00,M,40~49,office,seoul,0,0,0,0,16,0,0,25,1,0,completed
28950,U8952,2025-09-28 22:38:00,2025-09-28 22:45:00,F,40~49,office,seoul,1,0,0,0,24,0,0,68,0,0,completed
28951,U8953,2025-06-02 16:50:00,2025-06-02 16:57:00,M,20~29,office,seoul,0,0,0,0,9,0,0,74,0,0,completed
28952,U8954,2025-12-24 13:16:00,2025-12-24 13:21:00,M,30~39,office,seoul,0,0,0,0,9,0,0,68,0,0,completed
28953,U8955,2025-07-09 20:07:00,2025-07-09 20:14:00,F,30~39,office,seoul,0,0,0,0,28,0,0,76,0,0,completed
28954,U8956,2025-01-03 09:04:00,2025-01-03 09:06:00,M,20~29,office,seoul,0,0,0,0,20,0,0,39,0,0,completed
28955,U8957,2025-04-21 13:44:00,2025-04-21 13:49:00,M,40~49,office,seoul,0,0,0,0,28,0,0,26,0,0,completed
28956,U8958,2025-12-16 15:59:00,2025-12-16 16:03:00,M,20~29,office,seoul,0,0,0,0,21,0,0,34,0,0,completed
28957,U8959,2025-11-28 17:10:00,2025-11-28 17:14:00,F,30~39,office,seoul,0,0,0,0,20,0,0,45,0,0,completed
28958,U8960,2025-02-03 08:10:00,2025-02-03 08:14:00,F,40~49,office,seoul,0,0,0,0,22,0,0,31,0,1,completed
28959,U8961,2025-08-11 18:01:00,2025-08-11 18:03:00,M,30~39,office,seoul,0,0,0,0,22,0,0,13,0,0,completed
28960,U8962,2025-03-30 12:30:00,2025-03-30 12:37:00,F,20~29,office,seoul,1,0,0,0,23,0,0,15,0,0,completed
28961,U8963,2025-12-06 16:16:00,2025-12-06 16:18:00,F,20~29,office,seoul,1,0,0,0,6,0,0,69,0,0,error
28962,U8964,2025-08-08 14:37:00,2025-08-08 14:41:00,F,30~39,office,seoul,0,0,0,0,4,0,0,18,0,0,completed
28963,U8965,2025-07-13 18:22:00,2025-07-13 18:26:00,F,50+,office,seoul,1,0,0,0,7,0,0,21,0,0,abandoned
28964,U8966,2025-09-07 11:52:00,2025-09-07 11:56:00,M,20~29,office,seoul,1,0,0,0,6,0,0,56,0,0,completed
28965,U8967,2025-11-09 12:05:00,2025-11-09 12:08:00,F,20~29,office,seoul,1,0,0,0,21,0,0,49,0,0,completed
28966,U8968,2025-05-10 20:35:00,2025-05-10 20:42:00,F,20~29,office,seoul,1,0,0,0,28,0,0,35,0,0,completed
28967,U8969,2025-04-11 15:41:00,2025-04-11 15:45:00,F,40~49,office,seoul,0,0,0,0,24,0,0,41,0,0,completed
28968,U8970,2025-08-19 07:41:00,2025-08-19 07:48:00,M,40~49,office,seoul,0,0,0,0,26,0,0,76,0,0,completed
28969,U8971,2025-08-01 12:35:00,2025-08-01 12:42:00,F,30~39,office,seoul,0,0,0,0,6,0,0,27,0,0,completed
28970,U8972,2025-11-27 22:23:00,2025-11-27 22:25:00,M,20~29,office,seoul,0,0,0,0,13,0,0,66,0,0,completed
28971,U8973,2025-07-13 16:57:00,2025-07-13 17:00:00,F,20~29,office,seoul,1,0,0,0,22,0,0,53,0,0,completed
28972,U8974,2025-02-09 08:37:00,2025-02-09 08:42:00,F,20~29,office,seoul,1,0,0,0,22,0,0,56,0,0,timeout
28973,U8975,2025-02-20 09:21:00,2025-02-20 09:27:00,F,20~29,office,seoul,0,0,0,0,0,0,0,27,0,0,completed
28974,U8976,2025-08-29 08:21:00,2025-08-29 08:26:00,F,30~39,office,seoul,0,0,0,0,23,0,0,56,0,0,completed
28975,U8977,2025-10-16 15:17:00,2025-10-16 15:19:00,F,20~29,office,seoul,0,0,0,0,11,0,0,24,0,0,completed
28976,U8978,2025-01-22 09:28:00,2025-01-22 09:32:00,M,50+,office,seoul,0,0,0,0,13,0,0,59,0,0,completed
28977,U8979,2025-03-28 12:14:00,2025-03-28 12:19:00,F,30~39,office,seoul,0,0,0,0,16,0,0,11,0,0,completed
28978,U8980,2025-04-29 09:10:00,2025-04-29 09:13:00,M,40~49,office,seoul,0,0,0,0,3,0,0,74,0,0,completed
28979,U8981,2025-09-16 16:35:00,2025-09-16 16:38:00,M,40~49,office,seoul,0,0,0,0,2,0,0,21,0,0,completed
28980,U8982,2025-07-13 09:05:00,2025-07-13 09:10:00,F,40~49,office,seoul,1,0,0,0,12,0,0,46,0,0,completed
28981,U8983,2025-07-12 11:02:00,2025-07-12 11:05:00,M,30~39,office,seoul,1,0,0,0,25,0,0,68,1,0,completed
28982,U8984,2025-01-30 15:14:00,2025-01-30 15:17:00,F,40~49,office,seoul,0,0,0,0,10,0,0,49,0,0,completed
28983,U8985,2025-05-22 09:48:00,2025-05-22 09:52:00,F,20~29,office,seoul,0,0,0,0,18,0,0,29,0,0,error
28984,U8986,2025-06-23 18:07:00,2025-06-23 18:11:00,F,30~39,office,seoul,0,0,0,0,4,0,0,15,0,0,completed
28985,U8987,2025-02-05 09:47:00,2025-02-05 09:54:00,M,30~39,office,seoul,0,0,0,0,4,0,0,68,0,0,completed
28986,U8988,2025-07-26 18:55:00,2025-07-26 19:01:00,M,30~39,office,seoul,1,0,0,0,3,0,0,17,0,0,completed
28987,U8989,2025-10-08 14:11:00,2025-10-08 14:15:00,F,40~49,office,seoul,0,0,0,0,28,0,0,68,0,0,completed
28988,U8990,2025-01-18 16:29:00,2025-01-18 16:34:00,F,40~49,office,seoul,1,0,0,0,12,0,0,20,0,0,completed
28989,U8991,2025-10-29 08:26:00,2025-10-29 08:30:00,M,50+,office,seoul,0,0,0,0,27,0,0,73,1,0,abandoned
28990,U8992,2025-01-04 13:55:00,2025-01-04 13:58:00,F,50+,office,seoul,1,0,0,0,7,0,0,28,0,0,completed
28991,U8993,2025-09-14 15:09:00,2025-09-14 15:13:00,M,40~49,office,seoul,1,0,0,0,24,0,0,18,0,0,completed
28992,U8994,2025-10-25 14:11:00,2025-10-25 14:17:00,F,30~39,office,seoul,1,0,0,0,27,0,0,65,0,0,completed
28993,U8995,2025-05-16 12:37:00,2025-05-16 12:42:00,F,30~39,office,seoul,0,0,0,0,4,0,0,47,0,0,completed
28994,U8996,2025-04-28 22:40:00,2025-04-28 22:46:00,F,20~29,office,seoul,0,0,0,0,3,0,0,31,0,0,completed
28995,U8997,2025-03-14 14:39:00,2025-03-14 14:43:00,F,40~49,office,seoul,0,0,0,0,18,0,0,79,1,0,abandoned
28996,U8998,2025-12-23 13:14:00,2025-12-23 13:21:00,F,30~39,office,seoul,0,0,0,0,13,0,0,57,0,0,completed
28997,U8999,2025-04-15 09:58:00,2025-04-15 10:04:00,F,50+,office,seoul,0,0,0,0,17,0,0,72,0,0,completed
28998,U9000,2025-12-24 18:56:00,2025-12-24 18:58:00,M,20~29,office,seoul,0,0,0,0,15,0,0,61,0,0,completed
28999,U9001,2025-11-29 20:22:00,2025-11-29 20:25:00,F,30~39,office,seoul,1,0,0,0,19,0,0,13,0,0,completed
29000,U9002,2025-02-02 18:11:00,2025-02-02 18:13:00,F,40~49,office,seoul,1,0,0,0,18,0,0,19,0,0,completed
29001,U9003,2025-04-11 09:07:00,2025-04-11 09:11:00,F,20~29,office,seoul,0,0,0,0,25,0,0,70,0,0,abandoned
29002,U9004,2025-03-24 19:22:00,2025-03-24 19:24:00,M,30~39,office,seoul,0,0,0,0,18,0,0,34,0,0,completed
29003,U9005,2025-01-11 18:25:00,2025-01-11 18:29:00,F,30~39,office,seoul,1,0,0,0,22,0,0,77,0,0,completed
29004,U9006,2025-01-20 18:40:00,2025-01-20 18:46:00,F,30~39,office,seoul,0,0,0,0,18,0,0,41,0,0,completed
29005,U9007,2025-02-25 09:04:00,2025-02-25 09:09:00,F,30~39,office,seoul,0,0,0,0,13,0,0,12,1,0,completed
29006,U9008,2025-08-24 18:47:00,2025-08-24 18:51:00,F,50+,office,seoul,1,0,0,0,3,0,0,24,0,0,completed
29007,U9009,2025-12-27 16:41:00,2025-12-27 16:48:00,F,50+,office,seoul,1,0,0,0,18,0,0,65,0,1,completed
29008,U9010,2025-08-22 14:56:00,2025-08-22 15:02:00,F,20~29,office,seoul,0,0,0,0,5,0,0,79,0,0,completed
29009,U9011,2025-10-04 09:19:00,2025-10-04 09:24:00,M,40~49,office,seoul,1,0,0,0,6,0,0,23,0,0,completed
29010,U9012,2025-02-05 12:44:00,2025-02-05 12:47:00,F,40~49,office,seoul,0,0,0,0,0,0,0,66,0,0,completed
29011,U9013,2025-01-17 16:32:00,2025-01-17 16:35:00,F,50+,office,seoul,0,0,0,0,15,0,0,49,0,0,completed
29012,U9014,2025-03-06 07:29:00,2025-03-06 07:34:00,M,20~29,office,seoul,0,0,0,0,15,0,0,56,0,0,completed
29013,U9015,2025-01-03 18:45:00,2025-01-03 18:52:00,M,20~29,office,seoul,0,0,0,0,4,0,0,30,0,0,error
29014,U9016,2025-03-16 09:52:00,2025-03-16 09:54:00,F,40~49,office,seoul,1,0,0,0,0,0,0,24,0,0,completed
29015,U9017,2025-11-14 08:23:00,2025-11-14 08:29:00,M,40~49,office,seoul,0,0,0,0,15,0,0,79,0,0,completed
29016,U9018,2025-11-23 15:04:00,2025-11-23 15:06:00,F,50+,office,seoul,1,0,0,0,5,0,0,67,1,0,completed
29017,U9019,2025-10-26 07:58:00,2025-10-26 08:03:00,F,20~29,office,seoul,1,0,0,0,18,0,0,27,0,0,abandoned
29018,U9020,2025-07-25 09:16:00,2025-07-25 09:20:00,F,40~49,office,seoul,0,0,0,0,24,0,0,10,0,0,completed
29019,U9021,2025-06-26 19:26:00,2025-06-26 19:30:00,F,20~29,office,seoul,0,0,0,0,3,0,0,43,0,0,timeout
29020,U9022,2025-05-23 17:27:00,2025-05-23 17:29:00,M,20~29,office,seoul,0,0,0,0,28,0,0,10,0,0,completed
29021,U9023,2025-07-15 09:43:00,2025-07-15 09:46:00,F,40~49,office,seoul,0,0,0,0,25,0,0,44,0,0,completed
29022,U9024,2025-04-26 20:10:00,2025-04-26 20:14:00,F,20~29,office,seoul,1,0,0,0,5,0,0,55,0,0,timeout
29023,U9025,2025-10-18 15:29:00,2025-10-18 15:35:00,M,20~29,office,seoul,1,0,0,0,4,0,0,20,0,0,abandoned
29024,U9026,2025-01-18 08:33:00,2025-01-18 08:35:00,M,30~39,office,seoul,1,0,0,0,27,0,0,48,0,0,completed
29025,U9027,2025-09-14 12:17:00,2025-09-14 12:21:00,F,50+,office,seoul,1,0,0,0,15,0,0,55,0,0,completed
29026,U9028,2025-07-31 18:28:00,2025-07-31 18:33:00,F,20~29,office,seoul,0,0,0,0,26,0,0,29,0,0,completed
29027,U9029,2025-02-25 18:54:00,2025-02-25 19:00:00,F,20~29,office,seoul,0,0,0,0,19,0,0,32,0,0,completed
29028,U9030,2025-09-17 19:31:00,2025-09-17 19:35:00,F,30~39,office,seoul,0,0,0,0,21,0,0,29,0,0,completed
29029,U9031,2025-02-03 15:41:00,2025-02-03 15:47:00,F,30~39,office,seoul,0,0,0,0,0,0,0,25,0,0,timeout
29030,U9032,2025-01-19 08:04:00,2025-01-19 08:11:00,M,30~39,office,seoul,1,0,0,0,17,0,0,74,0,0,completed
29031,U9033,2025-06-07 14:24:00,2025-06-07 14:26:00,M,40~49,office,seoul,1,0,0,0,11,0,0,39,0,0,completed
29032,U9034,2025-07-12 08:20:00,2025-07-12 08:23:00,F,40~49,office,seoul,1,0,0,0,4,0,0,72,0,0,completed
29033,U9035,2025-01-11 08:16:00,2025-01-11 08:23:00,M,20~29,office,seoul,1,0,0,0,2,0,0,27,0,0,completed
29034,U9036,2025-08-27 16:26:00,2025-08-27 16:32:00,M,20~29,office,seoul,0,0,0,0,22,0,0,65,0,0,completed
29035,U9037,2025-09-30 15:48:00,2025-09-30 15:50:00,F,50+,office,seoul,0,0,0,0,20,0,0,16,0,0,completed
29036,U9038,2025-08-18 18:10:00,2025-08-18 18:13:00,F,30~39,office,seoul,0,0,0,0,17,0,0,47,0,0,abandoned
29037,U9039,2025-08-15 18:43:00,2025-08-15 18:50:00,M,20~29,office,seoul,0,0,0,0,6,0,0,45,0,0,completed
29038,U9040,2025-09-27 15:20:00,2025-09-27 15:27:00,M,40~49,office,seoul,1,0,0,0,13,0,0,13,0,0,abandoned
29039,U9041,2025-04-05 07:35:00,2025-04-05 07:39:00,F,40~49,office,seoul,1,0,0,0,9,0,0,31,0,0,completed
29040,U9042,2025-11-03 18:17:00,2025-11-03 18:23:00,M,50+,office,seoul,0,0,0,0,7,0,0,79,0,0,completed
29041,U9043,2025-06-29 15:23:00,2025-06-29 15:25:00,M,50+,office,seoul,1,0,0,0,6,0,0,51,0,0,completed
29042,U9044,2025-05-20 14:34:00,2025-05-20 14:36:00,F,50+,office,seoul,0,0,0,0,14,0,0,57,0,0,completed
29043,U9045,2025-09-11 08:36:00,2025-09-11 08:42:00,F,40~49,office,seoul,0,0,0,0,25,0,0,49,0,0,completed
29044,U9046,2025-07-28 22:53:00,2025-07-28 22:56:00,F,30~39,office,seoul,0,0,0,0,7,0,0,15,0,1,completed
29045,U9047,2025-05-14 09:09:00,2025-05-14 09:15:00,F,40~49,office,seoul,0,0,0,0,3,0,0,76,0,0,completed
29046,U9048,2025-07-15 09:56:00,2025-07-15 10:00:00,F,30~39,office,seoul,0,0,0,0,10,0,0,51,0,0,completed
29047,U9049,2025-06-11 16:49:00,2025-06-11 16:52:00,F,20~29,office,seoul,0,0,0,0,19,0,0,15,0,0,completed
29048,U9050,2025-07-30 18:18:00,2025-07-30 18:25:00,M,30~39,office,seoul,0,0,0,0,5,0,0,54,0,0,completed
29049,U9051,2025-06-01 17:40:00,2025-06-01 17:45:00,F,30~39,office,seoul,1,0,0,0,19,0,0,12,0,0,completed
29050,U9052,2025-03-03 15:41:00,2025-03-03 15:48:00,M,40~49,office,seoul,0,0,0,0,1,0,0,15,0,0,completed
29051,U9053,2025-06-30 21:11:00,2025-06-30 21:14:00,F,20~29,office,seoul,0,0,0,0,2,0,0,73,1,0,completed
29052,U9054,2025-01-15 15:03:00,2025-01-15 15:05:00,F,50+,office,seoul,0,0,0,0,21,0,0,55,0,0,completed
29053,U9055,2025-03-04 19:22:00,2025-03-04 19:27:00,F,40~49,office,seoul,0,0,0,0,2,0,0,53,0,0,completed
29054,U9056,2025-12-11 14:31:00,2025-12-11 14:33:00,M,50+,office,seoul,0,0,0,0,19,0,0,28,0,0,completed
29055,U9057,2025-01-08 17:30:00,2025-01-08 17:36:00,F,20~29,office,seoul,0,0,0,0,12,0,0,55,0,0,completed
29056,U9058,2025-02-08 20:18:00,2025-02-08 20:25:00,M,50+,office,seoul,1,0,0,0,24,0,0,34,0,0,completed
29057,U9059,2025-11-27 15:31:00,2025-11-27 15:38:00,F,20~29,office,seoul,0,0,0,0,23,0,0,51,0,0,abandoned
29058,U9060,2025-02-20 14:35:00,2025-02-20 14:41:00,F,50+,office,seoul,0,0,0,0,17,0,0,49,0,0,completed
29059,U9061,2025-01-21 07:59:00,2025-01-21 08:02:00,M,20~29,office,seoul,0,0,0,0,14,0,0,62,0,0,abandoned
29060,U9062,2025-09-11 16:53:00,2025-09-11 16:58:00,F,30~39,office,seoul,0,0,0,0,24,0,0,51,0,0,completed
29061,U9063,2025-05-08 21:49:00,2025-05-08 21:53:00,M,50+,office,seoul,0,0,0,0,18,0,0,70,0,0,completed
29062,U9064,2025-12-18 13:29:00,2025-12-18 13:33:00,F,20~29,office,seoul,0,0,0,0,12,0,0,10,0,0,completed
29063,U9065,2025-12-26 07:11:00,2025-12-26 07:17:00,F,50+,office,seoul,0,0,0,0,27,0,0,36,0,0,completed
29064,U9066,2025-03-15 18:30:00,2025-03-15 18:35:00,F,20~29,office,seoul,1,0,0,0,6,0,0,17,0,0,abandoned
29065,U9067,2025-09-04 11:26:00,2025-09-04 11:28:00,F,30~39,office,seoul,0,0,0,0,16,0,0,31,0,0,completed
29066,U9068,2025-09-28 15:16:00,2025-09-28 15:20:00,F,20~29,office,seoul,1,0,0,0,21,0,0,53,0,0,abandoned
29067,U9069,2025-08-10 09:55:00,2025-08-10 10:00:00,M,30~39,office,seoul,1,0,0,0,17,0,0,14,0,0,completed
29068,U9070,2025-09-29 07:08:00,2025-09-29 07:14:00,M,30~39,office,seoul,0,0,0,0,27,0,0,66,0,0,completed
29069,U9071,2025-03-25 07:07:00,2025-03-25 07:11:00,M,50+,office,seoul,0,0,0,0,3,0,0,36,0,0,completed
29070,U9072,2025-11-25 19:44:00,2025-11-25 19:50:00,M,20~29,office,seoul,0,0,0,0,3,0,0,33,0,0,abandoned
29071,U9073,2025-12-12 18:31:00,2025-12-12 18:35:00,F,40~49,office,seoul,0,0,0,0,4,0,0,31,0,0,completed
29072,U9074,2025-10-03 17:15:00,2025-10-03 17:19:00,F,40~49,office,seoul,0,0,0,0,17,0,0,30,0,0,completed
29073,U9075,2025-02-19 19:26:00,2025-02-19 19:31:00,M,40~49,office,seoul,0,0,0,0,26,0,0,64,0,0,completed
29074,U9076,2025-07-21 14:43:00,2025-07-21 14:46:00,F,50+,office,seoul,0,0,0,0,20,0,0,28,0,0,completed
29075,U9077,2025-01-02 13:58:00,2025-01-02 14:05:00,M,20~29,office,seoul,0,0,0,0,27,0,0,59,0,0,completed
29076,U9078,2025-11-23 16:04:00,2025-11-23 16:10:00,F,20~29,office,seoul,1,0,0,0,10,0,0,27,0,0,completed
29077,U9079,2025-10-24 18:46:00,2025-10-24 18:52:00,M,30~39,office,seoul,0,0,0,0,29,0,0,65,0,0,completed
29078,U9080,2025-10-02 12:04:00,2025-10-02 12:09:00,M,30~39,office,seoul,0,0,0,0,28,0,0,57,0,1,completed
29079,U9081,2025-07-18 20:54:00,2025-07-18 20:57:00,M,40~49,office,seoul,0,0,0,0,23,0,0,41,0,0,completed
29080,U9082,2025-03-19 09:58:00,2025-03-19 10:03:00,M,30~39,office,seoul,0,0,0,0,15,0,0,30,0,0,completed
29081,U9083,2025-02-28 08:36:00,2025-02-28 08:42:00,M,30~39,office,seoul,0,0,0,0,8,0,0,21,0,0,completed
29082,U9084,2025-12-17 22:45:00,2025-12-17 22:51:00,F,30~39,office,seoul,0,0,0,0,4,0,0,77,0,0,completed
29083,U9085,2025-12-23 07:21:00,2025-12-23 07:28:00,M,40~49,office,seoul,0,0,0,0,20,0,0,20,0,0,completed
29084,U9086,2025-01-09 11:41:00,2025-01-09 11:45:00,F,20~29,office,seoul,0,0,0,0,2,0,0,21,0,0,completed
29085,U9087,2025-11-13 14:49:00,2025-11-13 14:56:00,M,30~39,office,seoul,0,0,0,0,14,0,0,30,0,0,completed
29086,U9088,2025-02-28 17:25:00,2025-02-28 17:31:00,F,20~29,office,seoul,0,0,0,0,4,0,0,30,0,0,completed
29087,U9089,2025-02-04 14:18:00,2025-02-04 14:21:00,F,50+,office,seoul,0,0,0,0,28,0,0,14,0,0,completed
29088,U9090,2025-02-02 21:03:00,2025-02-02 21:05:00,M,20~29,office,seoul,1,0,0,0,3,0,0,63,0,0,completed
29089,U9091,2025-02-18 12:11:00,2025-02-18 12:15:00,M,30~39,office,seoul,0,0,0,0,15,0,0,54,0,0,completed
29090,U9092,2025-07-23 16:07:00,2025-07-23 16:11:00,M,30~39,office,seoul,0,0,0,0,20,0,0,45,0,0,error
29091,U9093,2025-08-11 19:17:00,2025-08-11 19:22:00,F,30~39,office,seoul,0,0,0,0,6,0,0,31,0,0,completed
29092,U9094,2025-05-16 12:32:00,2025-05-16 12:36:00,M,30~39,office,seoul,0,0,0,0,13,0,0,46,0,0,completed
29093,U9095,2025-12-25 20:11:00,2025-12-25 20:14:00,F,30~39,office,seoul,0,0,0,0,16,0,0,29,0,0,completed
29094,U9096,2025-11-03 14:54:00,2025-11-03 14:58:00,M,20~29,office,seoul,0,0,0,0,26,0,0,57,0,0,completed
29095,U9097,2025-05-20 12:36:00,2025-05-20 12:39:00,F,40~49,office,seoul,0,0,0,0,8,0,0,30,0,0,completed
29096,U9098,2025-11-07 13:12:00,2025-11-07 13:18:00,M,40~49,office,seoul,0,0,0,0,17,0,0,21,0,0,completed
29097,U9099,2025-10-11 11:02:00,2025-10-11 11:08:00,F,20~29,office,seoul,1,0,0,0,10,0,0,33,0,0,completed
29098,U9100,2025-02-10 21:32:00,2025-02-10 21:36:00,M,50+,office,seoul,0,0,0,0,19,0,0,20,0,0,completed
29099,U9101,2025-09-14 13:28:00,2025-09-14 13:30:00,M,30~39,office,seoul,1,0,0,0,23,0,0,67,0,0,completed
29100,U9102,2025-09-12 08:01:00,2025-09-12 08:06:00,F,40~49,office,seoul,0,0,0,0,21,0,0,25,0,0,error
29101,U9103,2025-01-31 08:14:00,2025-01-31 08:18:00,F,40~49,office,seoul,0,0,0,0,21,0,0,19,0,0,completed
29102,U9104,2025-08-06 22:57:00,2025-08-06 23:04:00,M,20~29,office,seoul,0,0,0,0,1,0,0,69,0,0,completed
29103,U9105,2025-01-17 19:23:00,2025-01-17 19:25:00,F,20~29,office,seoul,0,0,0,0,16,0,0,33,0,0,timeout
29104,U9106,2025-07-29 14:03:00,2025-07-29 14:09:00,F,30~39,office,seoul,0,0,0,0,9,0,0,79,0,0,completed
29105,U9107,2025-12-08 08:29:00,2025-12-08 08:36:00,M,40~49,office,seoul,0,0,0,0,9,0,0,26,0,0,completed
29106,U9108,2025-03-14 12:16:00,2025-03-14 12:18:00,F,20~29,office,seoul,0,0,0,0,26,0,0,69,0,0,completed
29107,U9109,2025-11-12 17:24:00,2025-11-12 17:30:00,M,30~39,office,seoul,0,0,0,0,11,0,0,71,0,0,completed
29108,U9110,2025-05-21 17:15:00,2025-05-21 17:19:00,M,40~49,office,seoul,0,0,0,0,8,0,0,69,0,0,completed
29109,U9111,2025-07-16 21:00:00,2025-07-16 21:06:00,F,20~29,office,seoul,0,0,0,0,6,0,0,51,0,0,completed
29110,U9112,2025-08-23 09:46:00,2025-08-23 09:49:00,F,20~29,office,seoul,1,0,0,0,5,0,0,42,1,0,completed
29111,U9113,2025-11-27 12:22:00,2025-11-27 12:29:00,M,30~39,office,seoul,0,0,0,0,12,0,0,66,0,0,completed
29112,U9114,2025-08-29 18:39:00,2025-08-29 18:46:00,M,40~49,office,seoul,0,0,0,0,13,0,0,18,0,0,completed
29113,U9115,2025-07-04 16:57:00,2025-07-04 17:04:00,F,30~39,office,seoul,0,0,0,0,25,0,0,76,0,0,timeout
29114,U9116,2025-03-30 19:37:00,2025-03-30 19:39:00,M,20~29,office,seoul,1,0,0,0,9,0,0,77,0,0,completed
29115,U9117,2025-07-03 14:40:00,2025-07-03 14:42:00,M,20~29,office,seoul,0,0,0,0,21,0,0,12,0,0,completed
29116,U9118,2025-07-15 08:44:00,2025-07-15 08:46:00,F,20~29,office,seoul,0,0,0,0,17,0,0,55,0,0,completed
29117,U9119,2025-05-15 17:11:00,2025-05-15 17:17:00,F,30~39,office,seoul,0,0,0,0,23,0,0,59,0,0,completed
29118,U9120,2025-12-15 16:21:00,2025-12-15 16:28:00,M,50+,office,seoul,0,0,0,0,14,0,0,74,1,1,completed
29119,U9121,2025-07-23 11:26:00,2025-07-23 11:29:00,M,20~29,office,seoul,0,0,0,0,14,0,0,25,0,0,completed
29120,U9122,2025-09-01 16:28:00,2025-09-01 16:31:00,M,30~39,office,seoul,0,0,0,0,4,0,0,70,0,0,completed
29121,U9123,2025-06-21 15:34:00,2025-06-21 15:38:00,M,30~39,office,seoul,1,0,0,0,11,0,0,45,0,0,completed
29122,U9124,2025-03-28 19:47:00,2025-03-28 19:50:00,M,30~39,office,seoul,0,0,0,0,0,0,0,69,0,0,completed
29123,U9125,2025-07-02 12:10:00,2025-07-02 12:14:00,M,20~29,office,seoul,0,0,0,0,25,0,0,62,0,0,error
29124,U9126,2025-04-27 11:20:00,2025-04-27 11:24:00,M,20~29,office,seoul,1,0,0,0,19,0,0,44,0,0,completed
29125,U9127,2025-06-15 09:19:00,2025-06-15 09:21:00,F,50+,office,seoul,1,0,0,0,21,0,0,42,0,0,completed
29126,U9128,2025-08-02 15:26:00,2025-08-02 15:33:00,F,30~39,office,seoul,1,0,0,0,10,0,0,19,0,0,completed
29127,U9129,2025-12-31 08:42:00,2025-12-31 08:49:00,F,50+,office,seoul,0,0,0,0,20,0,0,31,0,0,completed
29128,U9130,2025-11-03 16:12:00,2025-11-03 16:15:00,M,20~29,office,seoul,0,0,0,0,3,0,0,21,0,0,completed
29129,U9131,2025-11-18 11:29:00,2025-11-18 11:31:00,F,30~39,office,seoul,0,0,0,0,26,0,0,63,0,0,completed
29130,U9132,2025-05-09 17:44:00,2025-05-09 17:51:00,F,20~29,office,seoul,0,0,0,0,12,0,0,16,0,0,completed
29131,U9133,2025-06-28 12:43:00,2025-06-28 12:47:00,F,40~49,office,seoul,1,0,0,0,3,0,0,65,0,0,completed
29132,U9134,2025-12-15 08:49:00,2025-12-15 08:55:00,M,20~29,office,seoul,0,0,0,0,3,0,0,64,0,0,completed
29133,U9135,2025-09-20 16:37:00,2025-09-20 16:40:00,F,50+,office,seoul,1,0,0,0,17,0,0,44,0,0,completed
29134,U9136,2025-04-09 16:55:00,2025-04-09 16:59:00,F,40~49,office,seoul,0,0,0,0,6,0,0,48,0,0,completed
29135,U9137,2025-06-12 08:06:00,2025-06-12 08:08:00,F,50+,office,seoul,0,0,0,0,1,0,0,47,0,0,completed
29136,U9138,2025-07-26 20:09:00,2025-07-26 20:14:00,F,30~39,office,seoul,1,0,0,0,18,0,0,45,0,0,abandoned
29137,U9139,2025-11-20 15:56:00,2025-11-20 15:59:00,F,30~39,office,seoul,0,0,0,0,26,0,0,39,0,0,error
29138,U9140,2025-08-16 08:24:00,2025-08-16 08:27:00,F,40~49,office,seoul,1,0,0,0,22,0,0,29,0,0,completed
29139,U9141,2025-02-12 11:05:00,2025-02-12 11:12:00,F,20~29,office,seoul,0,0,0,0,14,0,0,21,0,0,completed
29140,U9142,2025-08-01 19:33:00,2025-08-01 19:38:00,F,20~29,office,seoul,0,0,0,0,10,0,0,79,0,0,completed
29141,U9143,2025-03-30 17:39:00,2025-03-30 17:44:00,F,20~29,office,seoul,1,0,0,0,14,0,0,18,0,0,completed
29142,U9144,2025-09-25 17:28:00,2025-09-25 17:34:00,M,30~39,office,seoul,0,0,0,0,25,0,0,70,0,0,completed
29143,U9145,2025-04-22 13:17:00,2025-04-22 13:21:00,F,30~39,office,seoul,0,0,0,0,27,0,0,40,0,0,completed
29144,U9146,2025-05-23 12:39:00,2025-05-23 12:45:00,F,20~29,office,seoul,0,0,0,0,26,0,0,64,0,0,completed
29145,U9147,2025-08-29 12:05:00,2025-08-29 12:07:00,M,50+,office,seoul,0,0,0,0,9,0,0,21,0,0,completed
29146,U9148,2025-03-03 08:56:00,2025-03-03 09:02:00,M,40~49,office,seoul,0,0,0,0,20,0,0,60,0,0,completed
29147,U9149,2025-12-22 11:53:00,2025-12-22 11:56:00,F,30~39,office,seoul,0,0,0,0,27,0,0,16,0,0,completed
29148,U9150,2025-07-28 14:17:00,2025-07-28 14:24:00,F,20~29,office,seoul,0,0,0,0,29,0,0,23,0,0,completed
29149,U9151,2025-10-30 17:21:00,2025-10-30 17:27:00,M,20~29,office,seoul,0,0,0,0,8,0,0,31,0,0,completed
29150,U9152,2025-02-20 13:43:00,2025-02-20 13:50:00,F,40~49,office,seoul,0,0,0,0,12,0,0,49,0,0,completed
29151,U9153,2025-11-01 15:37:00,2025-11-01 15:41:00,M,50+,office,seoul,1,0,0,0,24,0,0,12,0,0,completed
29152,U9154,2025-02-17 12:18:00,2025-02-17 12:22:00,F,20~29,office,seoul,0,0,0,0,13,0,0,64,0,0,completed
29153,U9155,2025-09-21 09:12:00,2025-09-21 09:15:00,F,40~49,office,seoul,1,0,0,0,25,0,0,14,0,0,completed
29154,U9156,2025-06-28 13:14:00,2025-06-28 13:20:00,M,30~39,office,seoul,1,0,0,0,17,0,0,60,0,0,completed
29155,U9157,2025-09-17 13:44:00,2025-09-17 13:51:00,M,30~39,office,seoul,0,0,0,0,7,0,0,66,0,0,completed
29156,U9158,2025-05-31 14:06:00,2025-05-31 14:12:00,M,40~49,office,seoul,1,0,0,0,23,0,0,15,0,0,abandoned
29157,U9159,2025-10-05 16:46:00,2025-10-05 16:52:00,F,20~29,office,seoul,1,0,0,0,11,0,0,44,0,0,completed
29158,U9160,2025-07-29 07:14:00,2025-07-29 07:16:00,F,30~39,office,seoul,0,0,0,0,9,0,0,78,0,0,completed
29159,U9161,2025-11-17 19:50:00,2025-11-17 19:54:00,F,30~39,office,seoul,0,0,0,0,0,0,0,40,0,0,completed
29160,U9162,2025-09-01 07:14:00,2025-09-01 07:16:00,F,40~49,office,seoul,0,0,0,0,26,0,0,37,0,0,completed
29161,U9163,2025-10-21 08:37:00,2025-10-21 08:43:00,M,50+,office,seoul,0,0,0,0,0,0,0,66,1,0,completed
29162,U9164,2025-11-20 09:49:00,2025-11-20 09:52:00,F,30~39,office,seoul,0,0,0,0,15,0,0,61,0,0,completed
29163,U9165,2025-02-20 07:24:00,2025-02-20 07:31:00,M,40~49,office,seoul,0,0,0,0,6,0,0,78,0,0,completed
29164,U9166,2025-11-26 17:05:00,2025-11-26 17:11:00,F,50+,office,seoul,0,0,0,0,25,0,0,54,0,0,timeout
29165,U9167,2025-10-08 19:29:00,2025-10-08 19:36:00,M,20~29,office,seoul,0,0,0,0,7,0,0,61,0,0,completed
29166,U9168,2025-04-04 14:26:00,2025-04-04 14:32:00,F,30~39,office,seoul,0,0,0,0,28,0,0,79,0,0,completed
29167,U9169,2025-07-10 08:46:00,2025-07-10 08:50:00,F,30~39,office,seoul,0,0,0,0,12,0,0,40,0,0,completed
29168,U9170,2025-03-30 13:20:00,2025-03-30 13:23:00,M,30~39,office,seoul,1,0,0,0,6,0,0,50,0,0,completed
29169,U9171,2025-09-14 21:28:00,2025-09-14 21:30:00,F,30~39,office,seoul,1,0,0,0,23,0,0,14,0,0,completed
29170,U9172,2025-10-28 15:19:00,2025-10-28 15:22:00,F,50+,office,seoul,0,0,0,0,16,0,0,15,0,0,completed
29171,U9173,2025-05-14 15:17:00,2025-05-14 15:20:00,M,30~39,office,seoul,0,0,0,0,4,0,0,49,0,0,completed
29172,U9174,2025-07-03 12:03:00,2025-07-03 12:10:00,F,30~39,office,seoul,0,0,0,0,17,0,0,51,0,0,completed
29173,U9175,2025-10-15 16:22:00,2025-10-15 16:28:00,F,50+,office,seoul,0,0,0,0,9,0,0,28,0,0,completed
29174,U9176,2025-05-21 14:39:00,2025-05-21 14:42:00,F,20~29,office,seoul,0,0,0,0,2,0,0,45,0,0,completed
29175,U9177,2025-02-02 16:07:00,2025-02-02 16:09:00,F,30~39,office,seoul,1,0,0,0,21,0,0,25,0,0,completed
29176,U9178,2025-10-08 11:50:00,2025-10-08 11:52:00,M,20~29,office,seoul,0,0,0,0,8,0,0,76,0,0,completed
29177,U9179,2025-05-14 16:34:00,2025-05-14 16:38:00,M,50+,office,seoul,0,0,0,0,18,0,0,62,0,0,completed
29178,U9180,2025-08-25 12:37:00,2025-08-25 12:40:00,M,40~49,office,seoul,0,0,0,0,22,0,0,41,0,0,completed
29179,U9181,2025-07-17 19:58:00,2025-07-17 20:04:00,F,20~29,office,seoul,0,0,0,0,17,0,0,28,0,0,completed
29180,U9182,2025-07-11 15:37:00,2025-07-11 15:43:00,M,30~39,office,seoul,0,0,0,0,8,0,0,13,0,0,completed
29181,U9183,2025-07-10 07:04:00,2025-07-10 07:10:00,F,20~29,office,seoul,0,0,0,0,9,0,0,70,0,0,completed
29182,U9184,2025-12-29 15:17:00,2025-12-29 15:20:00,M,40~49,office,seoul,0,0,0,0,13,0,0,25,0,0,completed
29183,U9185,2025-09-17 11:09:00,2025-09-17 11:16:00,F,50+,office,seoul,0,0,0,0,29,0,0,21,0,0,completed
29184,U9186,2025-02-25 14:57:00,2025-02-25 15:03:00,F,20~29,office,seoul,0,0,0,0,18,0,0,15,0,0,completed
29185,U9187,2025-03-11 08:20:00,2025-03-11 08:27:00,M,30~39,office,seoul,0,0,0,0,21,0,0,41,0,0,completed
29186,U9188,2025-02-24 20:32:00,2025-02-24 20:36:00,F,20~29,office,seoul,0,0,0,0,23,0,0,51,0,0,completed
29187,U9189,2025-06-18 19:28:00,2025-06-18 19:30:00,F,20~29,office,seoul,0,0,0,0,22,0,0,45,0,0,completed
29188,U9190,2025-01-24 09:22:00,2025-01-24 09:26:00,F,30~39,office,seoul,0,0,0,0,12,0,0,70,0,0,completed
29189,U9191,2025-05-02 12:06:00,2025-05-02 12:12:00,F,40~49,office,seoul,0,0,0,0,1,0,0,44,0,0,completed
29190,U9192,2025-09-24 19:14:00,2025-09-24 19:20:00,F,20~29,office,seoul,0,0,0,0,16,0,0,38,0,0,completed
29191,U9193,2025-04-26 12:07:00,2025-04-26 12:11:00,M,50+,office,seoul,1,0,0,0,14,0,0,41,0,0,completed
29192,U9194,2025-11-18 08:47:00,2025-11-18 08:53:00,M,30~39,office,seoul,0,0,0,0,27,0,0,63,0,0,completed
29193,U9195,2025-01-20 11:32:00,2025-01-20 11:35:00,F,30~39,office,seoul,0,0,0,0,24,0,0,60,0,0,completed
29194,U9196,2025-06-12 17:45:00,2025-06-12 17:49:00,F,20~29,office,seoul,0,0,0,0,4,0,0,23,0,0,completed
29195,U9197,2025-05-09 08:16:00,2025-05-09 08:21:00,M,20~29,office,seoul,0,0,0,0,14,0,0,69,0,0,timeout
29196,U9198,2025-12-23 22:31:00,2025-12-23 22:38:00,M,50+,office,seoul,0,0,0,0,10,0,0,34,0,0,abandoned
29197,U9199,2025-03-07 15:03:00,2025-03-07 15:07:00,F,20~29,office,seoul,0,0,0,0,19,0,0,39,0,0,completed
29198,U9200,2025-07-14 09:11:00,2025-07-14 09:14:00,M,40~49,office,seoul,0,0,0,0,22,0,0,41,0,0,completed
29199,U9201,2025-05-09 15:29:00,2025-05-09 15:33:00,F,30~39,office,seoul,0,0,0,0,10,0,0,48,0,0,completed
29200,U9202,2025-06-15 15:57:00,2025-06-15 16:02:00,F,50+,office,seoul,1,0,0,0,28,0,0,47,0,0,completed
29201,U9203,2025-08-12 19:49:00,2025-08-12 19:56:00,F,30~39,office,seoul,0,0,0,0,18,0,0,57,0,0,completed
29202,U9204,2025-02-12 17:08:00,2025-02-12 17:10:00,M,20~29,office,seoul,0,0,0,0,3,0,0,56,0,0,completed
29203,U9205,2025-11-24 12:55:00,2025-11-24 12:57:00,F,50+,office,seoul,0,0,0,0,1,0,0,74,0,0,completed
29204,U9206,2025-12-21 09:15:00,2025-12-21 09:17:00,F,40~49,office,seoul,1,0,0,0,27,0,0,32,0,0,completed
29205,U9207,2025-10-31 08:07:00,2025-10-31 08:14:00,F,40~49,office,seoul,0,0,0,0,4,0,0,65,0,0,completed
29206,U9208,2025-11-12 18:18:00,2025-11-12 18:21:00,M,40~49,office,seoul,0,0,0,0,1,0,0,75,0,0,completed
29207,U9209,2025-02-22 09:29:00,2025-02-22 09:33:00,F,20~29,office,seoul,1,0,0,0,14,0,0,71,0,0,completed
29208,U9210,2025-01-28 12:28:00,2025-01-28 12:32:00,F,20~29,office,seoul,0,0,0,0,1,0,0,50,0,0,completed
29209,U9211,2025-05-11 17:14:00,2025-05-11 17:19:00,M,20~29,office,seoul,1,0,0,0,9,0,0,76,0,0,completed
29210,U9212,2025-05-29 15:27:00,2025-05-29 15:34:00,F,20~29,office,seoul,0,0,0,0,0,0,0,37,0,0,abandoned
29211,U9213,2025-02-22 11:18:00,2025-02-22 11:23:00,F,50+,office,seoul,1,0,0,0,21,0,0,63,0,0,completed
29212,U9214,2025-09-26 09:09:00,2025-09-26 09:14:00,F,20~29,office,seoul,0,0,0,0,11,0,0,23,0,0,completed
29213,U9215,2025-09-05 22:44:00,2025-09-05 22:48:00,F,20~29,office,seoul,0,0,0,0,1,0,0,44,0,0,completed
29214,U9216,2025-06-14 13:47:00,2025-06-14 13:53:00,M,40~49,office,seoul,1,0,0,0,5,0,0,41,0,0,abandoned
29215,U9217,2025-02-01 15:07:00,2025-02-01 15:13:00,F,50+,office,seoul,1,0,0,0,19,0,0,39,0,0,completed
29216,U9218,2025-05-05 15:05:00,2025-05-05 15:07:00,M,40~49,office,seoul,0,0,0,0,14,0,0,69,0,0,completed
29217,U9219,2025-07-30 19:16:00,2025-07-30 19:21:00,F,20~29,office,seoul,0,0,0,0,20,0,0,43,0,0,completed
29218,U9220,2025-01-23 19:39:00,2025-01-23 19:46:00,M,30~39,office,seoul,0,0,0,0,5,0,0,18,0,1,completed
29219,U9221,2025-11-25 14:42:00,2025-11-25 14:48:00,M,20~29,office,seoul,0,0,0,0,23,0,0,23,0,0,completed
29220,U9222,2025-03-05 09:42:00,2025-03-05 09:49:00,F,30~39,office,seoul,0,0,0,0,20,0,0,14,0,0,completed
29221,U9223,2025-10-13 15:04:00,2025-10-13 15:10:00,M,20~29,office,seoul,0,0,0,0,3,0,0,26,0,0,completed
29222,U9224,2025-09-03 11:32:00,2025-09-03 11:37:00,M,20~29,office,seoul,0,0,0,0,6,0,0,74,0,0,completed
29223,U9225,2025-01-09 07:22:00,2025-01-09 07:29:00,F,30~39,office,seoul,0,0,0,0,26,0,0,39,0,0,completed
29224,U9226,2025-10-28 09:20:00,2025-10-28 09:23:00,M,20~29,office,seoul,0,0,0,0,16,0,0,70,0,0,completed
29225,U9227,2025-05-05 11:26:00,2025-05-05 11:31:00,M,30~39,office,seoul,0,0,0,0,6,0,0,53,0,0,completed
29226,U9228,2025-03-16 19:05:00,2025-03-16 19:08:00,F,30~39,office,seoul,1,0,0,0,24,0,0,38,0,0,completed
29227,U9229,2025-10-23 12:26:00,2025-10-23 12:31:00,M,30~39,office,seoul,0,0,0,0,2,0,0,25,0,0,completed
29228,U9230,2025-07-13 15:01:00,2025-07-13 15:03:00,M,30~39,office,seoul,1,0,0,0,10,0,0,46,0,0,completed
29229,U9231,2025-12-16 19:23:00,2025-12-16 19:25:00,F,50+,office,seoul,0,0,0,0,24,0,0,50,0,0,completed
29230,U9232,2025-10-01 14:42:00,2025-10-01 14:45:00,F,30~39,office,seoul,0,0,0,0,14,0,0,74,0,0,completed
29231,U9233,2025-02-17 09:11:00,2025-02-17 09:16:00,F,30~39,office,seoul,0,0,0,0,14,0,0,67,0,0,completed
29232,U9234,2025-04-15 16:11:00,2025-04-15 16:17:00,M,30~39,office,seoul,0,0,0,0,8,0,0,50,0,0,completed
29233,U9235,2025-03-19 20:29:00,2025-03-19 20:33:00,F,40~49,office,seoul,0,0,0,0,9,0,0,18,0,0,completed
29234,U9236,2025-09-06 09:22:00,2025-09-06 09:25:00,F,20~29,office,seoul,1,0,0,0,28,0,0,23,0,0,completed
29235,U9237,2025-12-16 15:19:00,2025-12-16 15:22:00,F,30~39,office,seoul,0,0,0,0,19,0,0,45,0,0,completed
29236,U9238,2025-12-03 12:23:00,2025-12-03 12:28:00,F,20~29,office,seoul,0,0,0,0,20,0,0,26,0,0,completed
29237,U9239,2025-09-22 17:44:00,2025-09-22 17:51:00,M,30~39,office,seoul,0,0,0,0,17,0,0,32,0,0,completed
29238,U9240,2025-07-29 08:11:00,2025-07-29 08:15:00,F,40~49,office,seoul,0,0,0,0,21,0,0,50,0,0,completed
29239,U9241,2025-11-07 09:15:00,2025-11-07 09:18:00,F,20~29,office,seoul,0,0,0,0,2,0,0,17,0,0,completed
29240,U9242,2025-02-21 13:05:00,2025-02-21 13:11:00,M,30~39,office,seoul,0,0,0,0,1,0,0,24,0,0,abandoned
29241,U9243,2025-11-14 15:57:00,2025-11-14 16:03:00,F,40~49,office,seoul,0,0,0,0,13,0,0,44,0,0,completed
29242,U9244,2025-02-17 15:35:00,2025-02-17 15:41:00,M,20~29,office,seoul,0,0,0,0,5,0,0,14,0,0,abandoned
29243,U9245,2025-08-12 17:40:00,2025-08-12 17:42:00,F,40~49,office,seoul,0,0,0,0,10,0,0,11,0,0,completed
29244,U9246,2025-04-30 09:33:00,2025-04-30 09:36:00,F,30~39,office,seoul,0,0,0,0,24,0,0,12,0,0,completed
29245,U9247,2025-08-22 08:11:00,2025-08-22 08:13:00,F,30~39,office,seoul,0,0,0,0,14,0,0,52,0,0,completed
29246,U9248,2025-06-05 14:47:00,2025-06-05 14:49:00,F,50+,office,seoul,0,0,0,0,25,0,0,34,0,0,completed
29247,U9249,2025-01-24 08:38:00,2025-01-24 08:42:00,F,30~39,office,seoul,0,0,0,0,13,0,0,58,0,0,completed
29248,U9250,2025-12-22 13:08:00,2025-12-22 13:13:00,F,50+,office,seoul,0,0,0,0,22,0,0,49,0,0,completed
29249,U9251,2025-05-22 13:25:00,2025-05-22 13:31:00,F,50+,office,seoul,0,0,0,0,8,0,0,52,0,1,completed
29250,U9252,2025-07-16 09:43:00,2025-07-16 09:45:00,F,40~49,office,seoul,0,0,0,0,18,0,0,64,0,0,completed
29251,U9253,2025-09-24 17:27:00,2025-09-24 17:34:00,F,40~49,office,seoul,0,0,0,0,8,0,0,59,0,0,completed
29252,U9254,2025-08-27 17:27:00,2025-08-27 17:32:00,M,20~29,office,seoul,0,0,0,0,14,0,0,34,0,0,completed
29253,U9255,2025-12-29 09:42:00,2025-12-29 09:44:00,F,20~29,office,seoul,0,0,0,0,12,0,0,37,0,0,completed
29254,U9256,2025-05-20 14:34:00,2025-05-20 14:40:00,M,30~39,office,seoul,0,0,0,0,8,0,0,64,1,0,completed
29255,U9257,2025-08-09 16:23:00,2025-08-09 16:29:00,M,20~29,office,seoul,1,0,0,0,5,0,0,15,0,0,completed
29256,U9258,2025-11-18 13:38:00,2025-11-18 13:43:00,F,30~39,office,seoul,0,0,0,0,12,0,0,65,0,0,completed
29257,U9259,2025-06-07 15:42:00,2025-06-07 15:46:00,F,30~39,office,seoul,1,0,0,0,29,0,0,71,0,0,completed
29258,U9260,2025-11-23 13:49:00,2025-11-23 13:55:00,M,20~29,office,seoul,1,0,0,0,22,0,0,59,0,0,completed
29259,U9261,2025-11-13 19:31:00,2025-11-13 19:37:00,M,30~39,office,seoul,0,0,0,0,20,0,0,35,0,0,completed
29260,U9262,2025-04-27 08:38:00,2025-04-27 08:40:00,F,20~29,office,seoul,1,0,0,0,5,0,0,60,0,0,completed
29261,U9263,2025-09-01 15:07:00,2025-09-01 15:12:00,F,50+,office,seoul,0,0,0,0,9,0,0,39,0,0,completed
29262,U9264,2025-04-15 12:18:00,2025-04-15 12:25:00,M,50+,office,seoul,0,0,0,0,18,0,0,73,0,0,completed
29263,U9265,2025-01-12 12:42:00,2025-01-12 12:48:00,F,30~39,office,seoul,1,0,0,0,20,0,0,67,0,0,completed
29264,U9266,2025-03-16 20:44:00,2025-03-16 20:46:00,M,30~39,office,seoul,1,0,0,0,20,0,0,77,0,0,completed
29265,U9267,2025-01-23 19:51:00,2025-01-23 19:55:00,F,50+,office,seoul,0,0,0,0,19,0,0,68,0,0,completed
29266,U9268,2025-01-13 15:37:00,2025-01-13 15:42:00,F,30~39,office,seoul,0,0,0,0,13,0,0,21,0,0,completed
29267,U9269,2025-11-01 12:31:00,2025-11-01 12:34:00,M,30~39,office,seoul,1,0,0,0,26,0,0,52,0,0,completed
29268,U9270,2025-05-31 12:03:00,2025-05-31 12:08:00,F,40~49,office,seoul,1,0,0,0,15,0,0,24,0,0,completed
29269,U9271,2025-08-21 12:51:00,2025-08-21 12:54:00,F,30~39,office,seoul,0,0,0,0,10,0,0,60,0,0,completed
29270,U9272,2025-02-19 19:13:00,2025-02-19 19:19:00,F,50+,office,seoul,0,0,0,0,27,0,0,39,0,0,completed
29271,U9273,2025-05-07 20:08:00,2025-05-07 20:13:00,F,30~39,office,seoul,0,0,0,0,15,0,0,38,0,0,completed
29272,U9274,2025-03-07 18:25:00,2025-03-07 18:28:00,M,20~29,office,seoul,0,0,0,0,8,0,0,60,0,0,completed
29273,U9275,2025-12-06 16:10:00,2025-12-06 16:14:00,F,30~39,office,seoul,1,0,0,0,13,0,0,67,0,0,completed
29274,U9276,2025-08-19 09:15:00,2025-08-19 09:22:00,F,20~29,office,seoul,0,0,0,0,16,0,0,33,0,0,error
29275,U9277,2025-04-29 17:40:00,2025-04-29 17:46:00,M,30~39,office,seoul,0,0,0,0,26,0,0,17,0,0,completed
29276,U9278,2025-11-02 09:16:00,2025-11-02 09:22:00,F,40~49,office,seoul,1,0,0,0,6,0,0,54,0,0,completed
29277,U9279,2025-07-09 15:02:00,2025-07-09 15:05:00,M,30~39,office,seoul,0,0,0,0,14,0,0,22,0,0,completed
29278,U9280,2025-09-03 13:04:00,2025-09-03 13:11:00,F,20~29,office,seoul,0,0,0,0,21,0,0,62,0,0,completed
29279,U9281,2025-02-16 14:31:00,2025-02-16 14:36:00,F,20~29,office,seoul,1,0,0,0,16,0,0,41,0,0,completed
29280,U9282,2025-12-19 22:01:00,2025-12-19 22:05:00,M,40~49,office,seoul,0,0,0,0,8,0,0,11,0,0,completed
29281,U9283,2025-09-27 16:42:00,2025-09-27 16:45:00,M,40~49,office,seoul,1,0,0,0,29,0,0,37,0,0,completed
29282,U9284,2025-03-25 09:07:00,2025-03-25 09:10:00,F,40~49,office,seoul,0,0,0,0,15,0,0,37,0,0,completed
29283,U9285,2025-11-26 17:39:00,2025-11-26 17:41:00,F,20~29,office,seoul,0,0,0,0,7,0,0,67,0,0,completed
29284,U9286,2025-02-17 15:37:00,2025-02-17 15:40:00,M,20~29,office,seoul,0,0,0,0,27,0,0,12,0,0,completed
29285,U9287,2025-03-02 17:26:00,2025-03-02 17:31:00,M,40~49,office,seoul,1,0,0,0,11,0,0,69,0,0,completed
29286,U9288,2025-07-20 09:44:00,2025-07-20 09:47:00,F,20~29,office,seoul,1,0,0,0,2,0,0,25,0,0,completed
29287,U9289,2025-05-08 18:51:00,2025-05-08 18:55:00,F,40~49,office,seoul,0,0,0,0,17,0,0,38,1,0,completed
29288,U9290,2025-02-02 08:26:00,2025-02-02 08:28:00,M,30~39,office,seoul,1,0,0,0,6,0,0,15,0,0,completed
29289,U9291,2025-01-03 20:43:00,2025-01-03 20:46:00,F,30~39,office,seoul,0,0,0,0,1,0,0,40,0,0,completed
29290,U9292,2025-12-14 15:35:00,2025-12-14 15:41:00,M,30~39,office,seoul,1,0,0,0,1,0,0,57,0,0,completed
29291,U9293,2025-10-25 20:30:00,2025-10-25 20:33:00,F,50+,office,seoul,1,0,0,0,28,0,0,70,0,0,completed
29292,U9294,2025-10-28 09:21:00,2025-10-28 09:23:00,F,40~49,office,seoul,0,0,0,0,3,0,0,22,1,0,completed
29293,U9295,2025-12-28 15:57:00,2025-12-28 16:03:00,F,40~49,office,seoul,1,0,0,0,20,0,0,71,0,0,completed
29294,U9296,2025-06-18 09:20:00,2025-06-18 09:24:00,M,40~49,office,seoul,0,0,0,0,17,0,0,61,0,0,completed
29295,U9297,2025-04-16 22:49:00,2025-04-16 22:56:00,M,20~29,office,seoul,0,0,0,0,17,0,0,68,0,0,completed
29296,U9298,2025-03-29 11:23:00,2025-03-29 11:26:00,M,30~39,office,seoul,1,0,0,0,19,0,0,29,0,0,completed
29297,U9299,2025-05-12 18:38:00,2025-05-12 18:45:00,M,30~39,office,seoul,0,0,0,0,21,0,0,75,0,0,completed
29298,U9300,2025-11-14 15:14:00,2025-11-14 15:19:00,F,40~49,office,seoul,0,0,0,0,7,0,0,53,0,0,completed
29299,U9301,2025-07-17 11:37:00,2025-07-17 11:40:00,F,40~49,office,seoul,0,0,0,0,23,0,0,67,0,0,completed
29300,U9302,2025-08-17 14:16:00,2025-08-17 14:21:00,M,20~29,office,seoul,1,0,0,0,16,0,0,34,0,0,completed
29301,U9303,2025-11-29 13:58:00,2025-11-29 14:01:00,F,20~29,office,seoul,1,0,0,0,17,0,0,28,0,0,completed
29302,U9304,2025-05-24 15:50:00,2025-05-24 15:52:00,M,40~49,office,seoul,1,0,0,0,2,0,0,61,0,0,completed
29303,U9305,2025-04-03 17:40:00,2025-04-03 17:46:00,M,30~39,office,seoul,0,0,0,0,9,0,0,71,0,0,completed
29304,U9306,2025-06-22 18:11:00,2025-06-22 18:15:00,F,30~39,office,seoul,1,0,0,0,4,0,0,45,0,0,completed
29305,U9307,2025-12-30 14:02:00,2025-12-30 14:08:00,M,30~39,office,seoul,0,0,0,0,17,0,0,59,0,0,completed
29306,U9308,2025-01-14 14:33:00,2025-01-14 14:36:00,F,30~39,office,seoul,0,0,0,0,22,0,0,73,0,0,completed
29307,U9309,2025-10-28 08:03:00,2025-10-28 08:06:00,F,30~39,office,seoul,0,0,0,0,19,0,0,67,0,0,abandoned
29308,U9310,2025-09-19 11:13:00,2025-09-19 11:17:00,F,20~29,office,seoul,0,0,0,0,0,0,0,21,0,0,completed
29309,U9311,2025-06-03 08:34:00,2025-06-03 08:37:00,F,30~39,office,seoul,0,0,0,0,17,0,0,69,0,0,completed
29310,U9312,2025-11-26 12:28:00,2025-11-26 12:31:00,M,50+,office,seoul,0,0,0,0,27,0,0,58,0,0,completed
29311,U9313,2025-12-23 15:34:00,2025-12-23 15:40:00,M,20~29,office,seoul,0,0,0,0,24,0,0,35,0,0,completed
29312,U9314,2025-10-24 14:06:00,2025-10-24 14:09:00,F,30~39,office,seoul,0,0,0,0,4,0,0,53,0,0,completed
29313,U9315,2025-05-23 15:56:00,2025-05-23 16:03:00,F,30~39,office,seoul,0,0,0,0,15,0,0,32,0,0,completed
29314,U9316,2025-09-10 17:16:00,2025-09-10 17:20:00,F,30~39,office,seoul,0,0,0,0,4,0,0,24,0,0,completed
29315,U9317,2025-10-19 12:16:00,2025-10-19 12:21:00,F,30~39,office,seoul,1,0,0,0,19,0,0,35,0,0,completed
29316,U9318,2025-05-03 15:59:00,2025-05-03 16:05:00,M,20~29,office,seoul,1,0,0,0,0,0,0,52,0,0,error
29317,U9319,2025-06-12 09:47:00,2025-06-12 09:51:00,F,40~49,office,seoul,0,0,0,0,14,0,0,39,0,0,completed
29318,U9320,2025-02-10 17:00:00,2025-02-10 17:07:00,F,20~29,office,seoul,0,0,0,0,27,0,0,69,0,0,completed
29319,U9321,2025-12-25 14:29:00,2025-12-25 14:36:00,F,20~29,office,seoul,0,0,0,0,14,0,0,32,0,0,completed
29320,U9322,2025-04-07 15:03:00,2025-04-07 15:10:00,F,20~29,office,seoul,0,0,0,0,7,0,0,26,0,0,completed
29321,U9323,2025-04-14 09:57:00,2025-04-14 10:02:00,F,40~49,office,seoul,0,0,0,0,28,0,0,52,0,0,completed
29322,U9324,2025-05-16 08:35:00,2025-05-16 08:42:00,M,30~39,office,seoul,0,0,0,0,25,0,0,41,0,0,completed
29323,U9325,2025-06-02 16:55:00,2025-06-02 17:00:00,M,50+,office,seoul,0,0,0,0,0,0,0,47,0,0,completed
29324,U9326,2025-07-20 16:21:00,2025-07-20 16:23:00,M,30~39,office,seoul,1,0,0,0,23,0,0,22,0,0,completed
29325,U9327,2025-12-26 09:37:00,2025-12-26 09:40:00,F,40~49,office,seoul,0,0,0,0,7,0,0,21,0,0,completed
29326,U9328,2025-08-12 15:26:00,2025-08-12 15:30:00,F,40~49,office,seoul,0,0,0,0,20,0,0,40,0,0,completed
29327,U9329,2025-05-02 17:07:00,2025-05-02 17:09:00,F,20~29,office,seoul,0,0,0,0,13,0,0,77,0,0,completed
29328,U9330,2025-02-26 14:36:00,2025-02-26 14:40:00,F,50+,office,seoul,0,0,0,0,28,0,0,12,0,0,completed
29329,U9331,2025-06-16 18:11:00,2025-06-16 18:18:00,M,20~29,office,seoul,0,0,0,0,4,0,0,25,0,0,completed
29330,U9332,2025-07-04 20:05:00,2025-07-04 20:08:00,F,30~39,office,seoul,0,0,0,0,17,0,0,28,0,0,completed
29331,U9333,2025-11-07 07:22:00,2025-11-07 07:29:00,F,20~29,office,seoul,0,0,0,0,11,0,0,14,0,0,completed
29332,U9334,2025-03-22 18:21:00,2025-03-22 18:24:00,M,20~29,office,seoul,1,0,0,0,15,0,0,41,0,0,completed
29333,U9335,2025-08-02 17:21:00,2025-08-02 17:28:00,F,50+,office,seoul,1,0,0,0,16,0,0,69,0,0,completed
29334,U9336,2025-02-26 09:20:00,2025-02-26 09:23:00,M,20~29,office,seoul,0,0,0,0,22,0,0,44,0,0,completed
29335,U9337,2025-09-22 15:03:00,2025-09-22 15:07:00,F,40~49,office,seoul,0,0,0,0,21,0,0,39,0,0,completed
29336,U9338,2025-11-06 07:15:00,2025-11-06 07:18:00,F,50+,office,seoul,0,0,0,0,17,0,0,16,0,0,completed
29337,U9339,2025-06-05 21:07:00,2025-06-05 21:09:00,F,20~29,office,seoul,0,0,0,0,26,0,0,69,0,0,completed
29338,U9340,2025-05-30 17:36:00,2025-05-30 17:41:00,F,50+,office,seoul,0,0,0,0,4,0,0,38,0,0,timeout
29339,U9341,2025-02-21 22:52:00,2025-02-21 22:57:00,F,40~49,office,seoul,0,0,0,0,20,0,0,20,0,0,completed
29340,U9342,2025-03-13 12:42:00,2025-03-13 12:47:00,M,20~29,office,seoul,0,0,0,0,18,0,0,31,0,0,completed
29341,U9343,2025-07-25 20:13:00,2025-07-25 20:17:00,M,50+,office,seoul,0,0,0,0,20,0,0,52,0,0,completed
29342,U9344,2025-07-02 16:50:00,2025-07-02 16:53:00,M,30~39,office,seoul,0,0,0,0,5,0,0,65,0,0,completed
29343,U9345,2025-02-13 15:09:00,2025-02-13 15:12:00,M,20~29,office,seoul,0,0,0,0,28,0,0,31,0,0,completed
29344,U9346,2025-11-17 09:24:00,2025-11-17 09:27:00,F,50+,office,seoul,0,0,0,0,4,0,0,45,0,0,completed
29345,U9347,2025-12-24 09:44:00,2025-12-24 09:50:00,M,20~29,office,seoul,0,0,0,0,2,0,0,61,0,0,completed
29346,U9348,2025-01-09 14:00:00,2025-01-09 14:06:00,F,30~39,office,seoul,0,0,0,0,7,0,0,26,0,0,completed
29347,U9349,2025-03-04 13:28:00,2025-03-04 13:33:00,F,30~39,office,seoul,0,0,0,0,6,0,0,70,0,0,abandoned
29348,U9350,2025-02-16 14:25:00,2025-02-16 14:32:00,M,20~29,office,seoul,1,0,0,0,8,0,0,57,0,0,completed
29349,U9351,2025-05-08 22:23:00,2025-05-08 22:25:00,M,30~39,office,seoul,0,0,0,0,15,0,0,60,0,0,completed
29350,U9352,2025-01-20 09:22:00,2025-01-20 09:28:00,F,50+,office,seoul,0,0,0,0,28,0,0,28,0,0,completed
29351,U9353,2025-07-23 17:26:00,2025-07-23 17:31:00,M,20~29,office,seoul,0,0,0,0,22,0,0,12,0,0,completed
29352,U9354,2025-12-13 16:20:00,2025-12-13 16:25:00,M,30~39,office,seoul,1,0,0,0,1,0,0,28,0,0,completed
29353,U9355,2025-05-27 12:54:00,2025-05-27 12:56:00,M,40~49,office,seoul,0,0,0,0,0,0,0,12,0,0,completed
29354,U9356,2025-07-27 15:13:00,2025-07-27 15:15:00,M,50+,office,seoul,1,0,0,0,15,0,0,60,0,0,completed
29355,U9357,2025-05-30 15:50:00,2025-05-30 15:57:00,F,30~39,office,seoul,0,0,0,0,7,0,0,70,0,0,completed
29356,U9358,2025-08-01 11:16:00,2025-08-01 11:21:00,F,30~39,office,seoul,0,0,0,0,1,0,0,35,0,0,completed
29357,U9359,2025-07-21 20:57:00,2025-07-21 21:04:00,M,30~39,office,seoul,0,0,0,0,17,0,0,68,0,0,completed
29358,U9360,2025-11-20 12:30:00,2025-11-20 12:35:00,M,50+,office,seoul,0,0,0,0,27,0,0,28,1,0,completed
29359,U9361,2025-04-27 20:46:00,2025-04-27 20:53:00,M,20~29,office,seoul,1,0,0,0,19,0,0,76,0,0,completed
29360,U9362,2025-07-19 09:56:00,2025-07-19 09:58:00,F,20~29,office,seoul,1,0,0,0,14,0,0,68,0,0,completed
29361,U9363,2025-12-21 09:06:00,2025-12-21 09:11:00,M,30~39,office,seoul,1,0,0,0,11,0,0,60,0,0,completed
29362,U9364,2025-04-20 09:05:00,2025-04-20 09:09:00,F,20~29,office,seoul,1,0,0,0,28,0,0,11,0,0,completed
29363,U9365,2025-12-05 16:46:00,2025-12-05 16:52:00,M,40~49,office,seoul,0,0,0,0,6,0,0,24,0,0,completed
29364,U9366,2025-03-18 13:57:00,2025-03-18 14:01:00,F,30~39,office,seoul,0,0,0,0,19,0,0,67,0,0,completed
29365,U9367,2025-01-15 15:54:00,2025-01-15 16:01:00,M,30~39,office,seoul,0,0,0,0,5,0,0,29,0,0,completed
29366,U9368,2025-11-08 14:14:00,2025-11-08 14:20:00,M,30~39,office,seoul,1,0,0,0,28,0,0,57,0,0,completed
29367,U9369,2025-04-09 13:11:00,2025-04-09 13:14:00,M,20~29,office,seoul,0,0,0,0,25,0,0,19,0,0,completed
29368,U9370,2025-03-30 12:11:00,2025-03-30 12:16:00,F,50+,office,seoul,1,0,0,0,7,0,0,60,0,0,completed
29369,U9371,2025-08-08 09:59:00,2025-08-08 10:05:00,M,50+,office,seoul,0,0,0,0,27,0,0,62,0,0,completed
29370,U9372,2025-11-26 17:48:00,2025-11-26 17:54:00,F,40~49,office,seoul,0,0,0,0,20,0,0,39,0,0,completed
29371,U9373,2025-08-20 13:22:00,2025-08-20 13:25:00,F,30~39,office,seoul,0,0,0,0,23,0,0,13,0,0,completed
29372,U9374,2025-06-11 09:11:00,2025-06-11 09:13:00,M,30~39,office,seoul,0,0,0,0,1,0,0,13,0,0,completed
29373,U9375,2025-06-14 13:40:00,2025-06-14 13:42:00,F,40~49,office,seoul,1,0,0,0,15,0,0,74,0,0,completed
29374,U9376,2025-03-03 15:16:00,2025-03-03 15:22:00,M,30~39,office,seoul,0,0,0,0,20,0,0,49,0,0,completed
29375,U9377,2025-07-01 17:38:00,2025-07-01 17:43:00,M,30~39,office,seoul,0,0,0,0,19,0,0,50,0,0,completed
29376,U9378,2025-12-09 16:48:00,2025-12-09 16:53:00,M,30~39,office,seoul,0,0,0,0,3,0,0,51,0,0,completed
29377,U9379,2025-12-14 20:07:00,2025-12-14 20:13:00,F,30~39,office,seoul,1,0,0,0,1,0,0,20,0,0,abandoned
29378,U9380,2025-07-05 22:35:00,2025-07-05 22:37:00,F,40~49,office,seoul,1,0,0,0,12,0,0,37,0,0,completed
29379,U9381,2025-01-06 07:44:00,2025-01-06 07:50:00,M,50+,office,seoul,0,0,0,0,3,0,0,58,0,0,completed
29380,U9382,2025-07-31 14:17:00,2025-07-31 14:19:00,F,30~39,office,seoul,0,0,0,0,8,0,0,27,0,0,completed
29381,U9383,2025-08-24 16:17:00,2025-08-24 16:19:00,M,20~29,office,seoul,1,0,0,0,16,0,0,40,0,0,completed
29382,U9384,2025-07-25 20:10:00,2025-07-25 20:13:00,M,30~39,office,seoul,0,0,0,0,18,0,0,62,0,0,completed
29383,U9385,2025-11-20 11:52:00,2025-11-20 11:58:00,F,40~49,office,seoul,0,0,0,0,17,0,0,17,0,0,completed
29384,U9386,2025-12-02 14:09:00,2025-12-02 14:11:00,F,20~29,office,seoul,0,0,0,0,12,0,0,14,0,0,completed
29385,U9387,2025-08-14 13:19:00,2025-08-14 13:22:00,M,20~29,office,seoul,0,0,0,0,25,0,0,74,0,0,completed
29386,U9388,2025-08-15 16:44:00,2025-08-15 16:49:00,F,50+,office,seoul,0,0,0,0,28,0,0,59,0,0,completed
29387,U9389,2025-10-23 08:40:00,2025-10-23 08:46:00,M,20~29,office,seoul,0,0,0,0,10,0,0,73,1,0,completed
29388,U9390,2025-08-28 08:05:00,2025-08-28 08:08:00,F,40~49,office,seoul,0,0,0,0,27,0,0,49,0,0,completed
29389,U9391,2025-10-17 09:28:00,2025-10-17 09:34:00,M,50+,office,seoul,0,0,0,0,18,0,0,54,0,0,completed
29390,U9392,2025-05-11 22:48:00,2025-05-11 22:55:00,F,30~39,office,seoul,1,0,0,0,22,0,0,54,0,0,completed
29391,U9393,2025-05-01 20:23:00,2025-05-01 20:25:00,F,20~29,office,seoul,0,0,0,0,18,0,0,51,0,0,completed
29392,U9394,2025-06-29 09:07:00,2025-06-29 09:10:00,F,50+,office,seoul,1,0,0,0,3,0,0,68,1,0,completed
29393,U9395,2025-10-26 16:44:00,2025-10-26 16:47:00,F,50+,office,seoul,1,0,0,0,9,0,0,12,0,0,completed
29394,U9396,2025-01-16 14:19:00,2025-01-16 14:21:00,M,20~29,office,seoul,0,0,0,0,25,0,0,70,0,0,completed
29395,U9397,2025-11-28 13:59:00,2025-11-28 14:04:00,M,20~29,office,seoul,0,0,0,0,22,0,0,39,0,0,completed
29396,U9398,2025-09-12 08:45:00,2025-09-12 08:47:00,F,50+,office,seoul,0,0,0,0,18,0,0,27,0,0,completed
29397,U9399,2025-09-22 14:31:00,2025-09-22 14:35:00,F,20~29,office,seoul,0,0,0,0,22,0,0,21,0,0,completed
29398,U9400,2025-08-13 14:36:00,2025-08-13 14:39:00,F,20~29,office,seoul,0,0,0,0,18,0,0,29,0,0,completed
29399,U9401,2025-12-25 14:31:00,2025-12-25 14:33:00,M,40~49,office,seoul,0,0,0,0,21,0,0,57,0,0,completed
29400,U9402,2025-06-25 11:05:00,2025-06-25 11:10:00,M,30~39,office,seoul,0,0,0,0,23,0,0,16,0,0,completed
29401,U9403,2025-09-15 07:57:00,2025-09-15 08:02:00,M,20~29,office,seoul,0,0,0,0,0,0,0,54,0,0,abandoned
29402,U9404,2025-03-16 13:29:00,2025-03-16 13:35:00,F,20~29,office,seoul,1,0,0,0,6,0,0,34,0,0,completed
29403,U9405,2025-11-02 18:22:00,2025-11-02 18:24:00,F,50+,office,seoul,1,0,0,0,9,0,0,36,0,0,completed
29404,U9406,2025-02-22 16:36:00,2025-02-22 16:41:00,M,50+,office,seoul,1,0,0,0,17,0,0,18,0,0,timeout
29405,U9407,2025-05-16 18:12:00,2025-05-16 18:18:00,F,30~39,office,seoul,0,0,0,0,4,0,0,59,0,0,completed
29406,U9408,2025-12-12 16:13:00,2025-12-12 16:15:00,M,20~29,office,seoul,0,0,0,0,17,0,0,59,0,0,completed
29407,U9409,2025-11-16 15:12:00,2025-11-16 15:18:00,F,50+,office,seoul,1,0,0,0,24,0,0,47,1,0,completed
29408,U9410,2025-01-21 08:30:00,2025-01-21 08:35:00,M,50+,office,seoul,0,0,0,0,18,0,0,40,0,1,completed
29409,U9411,2025-12-29 12:28:00,2025-12-29 12:31:00,M,20~29,office,seoul,0,0,0,0,8,0,0,51,0,0,completed
29410,U9412,2025-05-20 16:15:00,2025-05-20 16:18:00,M,20~29,office,seoul,0,0,0,0,20,0,0,37,0,0,completed
29411,U9413,2025-03-15 18:43:00,2025-03-15 18:50:00,F,40~49,office,seoul,1,0,0,0,10,0,0,19,0,0,completed
29412,U9414,2025-03-29 13:34:00,2025-03-29 13:39:00,M,20~29,office,seoul,1,0,0,0,14,0,0,11,1,0,completed
29413,U9415,2025-04-13 17:38:00,2025-04-13 17:42:00,M,20~29,office,seoul,1,0,0,0,13,0,0,73,0,0,completed
29414,U9416,2025-07-23 11:13:00,2025-07-23 11:16:00,M,20~29,office,seoul,0,0,0,0,29,0,0,17,0,0,completed
29415,U9417,2025-07-30 18:34:00,2025-07-30 18:36:00,F,30~39,office,seoul,0,0,0,0,24,0,0,32,0,0,completed
29416,U9418,2025-08-07 11:28:00,2025-08-07 11:35:00,F,30~39,office,seoul,0,0,0,0,17,0,0,30,0,0,completed
29417,U9419,2025-04-06 19:42:00,2025-04-06 19:46:00,M,30~39,office,seoul,1,0,0,0,11,0,0,73,0,0,completed
29418,U9420,2025-05-22 08:15:00,2025-05-22 08:19:00,F,50+,office,seoul,0,0,0,0,10,0,0,64,0,0,timeout
29419,U9421,2025-05-03 15:19:00,2025-05-03 15:21:00,F,20~29,office,seoul,1,0,0,0,29,0,0,64,0,0,completed
29420,U9422,2025-07-15 07:21:00,2025-07-15 07:25:00,F,40~49,office,seoul,0,0,0,0,15,0,0,34,0,0,completed
29421,U9423,2025-12-23 13:21:00,2025-12-23 13:23:00,F,20~29,office,seoul,0,0,0,0,13,0,0,78,0,0,completed
29422,U9424,2025-08-27 15:10:00,2025-08-27 15:17:00,F,20~29,office,seoul,0,0,0,0,2,0,0,18,0,0,completed
29423,U9425,2025-05-17 12:20:00,2025-05-17 12:26:00,F,40~49,office,seoul,1,0,0,0,15,0,0,25,0,0,completed
29424,U9426,2025-09-24 22:23:00,2025-09-24 22:27:00,M,30~39,office,seoul,0,0,0,0,14,0,0,39,0,0,completed
29425,U9427,2025-09-11 22:50:00,2025-09-11 22:52:00,M,40~49,office,seoul,0,0,0,0,2,0,0,51,0,0,completed
29426,U9428,2025-02-26 08:19:00,2025-02-26 08:22:00,M,30~39,office,seoul,0,0,0,0,18,0,0,61,0,0,completed
29427,U9429,2025-07-27 15:43:00,2025-07-27 15:49:00,F,40~49,office,seoul,1,0,0,0,19,0,0,13,0,0,completed
29428,U9430,2025-12-05 09:56:00,2025-12-05 10:01:00,F,40~49,office,seoul,0,0,0,0,10,0,0,27,0,0,completed
29429,U9431,2025-09-26 13:05:00,2025-09-26 13:08:00,F,40~49,office,seoul,0,0,0,0,5,0,0,50,0,0,completed
29430,U9432,2025-07-09 08:07:00,2025-07-09 08:10:00,F,50+,office,seoul,0,0,0,0,0,0,0,22,1,0,completed
29431,U9433,2025-05-23 12:03:00,2025-05-23 12:08:00,M,40~49,office,seoul,0,0,0,0,19,0,0,45,0,0,completed
29432,U9434,2025-03-10 14:59:00,2025-03-10 15:04:00,F,20~29,office,seoul,0,0,0,0,3,0,0,22,0,0,completed
29433,U9435,2025-12-17 16:39:00,2025-12-17 16:45:00,F,20~29,office,seoul,0,0,0,0,25,0,0,70,0,0,completed
29434,U9436,2025-10-25 08:03:00,2025-10-25 08:09:00,F,40~49,office,seoul,1,0,0,0,25,0,0,38,0,0,completed
29435,U9437,2025-09-18 15:35:00,2025-09-18 15:41:00,M,20~29,office,seoul,0,0,0,0,22,0,0,55,0,0,completed
29436,U9438,2025-12-24 17:34:00,2025-12-24 17:40:00,F,30~39,office,seoul,0,0,0,0,5,0,0,41,0,0,completed
29437,U9439,2025-01-23 18:03:00,2025-01-23 18:07:00,M,30~39,office,seoul,0,0,0,0,0,0,0,68,0,0,completed
29438,U9440,2025-07-05 19:31:00,2025-07-05 19:37:00,M,20~29,office,seoul,1,0,0,0,4,0,0,34,0,0,completed
29439,U9441,2025-11-01 09:40:00,2025-11-01 09:43:00,F,50+,office,seoul,1,0,0,0,15,0,0,44,0,0,completed
29440,U9442,2025-04-26 20:52:00,2025-04-26 20:59:00,M,20~29,office,seoul,1,0,0,0,25,0,0,21,0,0,completed
29441,U9443,2025-01-21 09:52:00,2025-01-21 09:54:00,F,50+,office,seoul,0,0,0,0,5,0,0,46,0,0,completed
29442,U9444,2025-04-07 14:30:00,2025-04-07 14:34:00,M,30~39,office,seoul,0,0,0,0,23,0,0,26,0,0,abandoned
29443,U9445,2025-04-12 09:23:00,2025-04-12 09:28:00,F,20~29,office,seoul,1,0,0,0,8,0,0,40,0,0,completed
29444,U9446,2025-11-20 15:04:00,2025-11-20 15:11:00,M,30~39,office,seoul,0,0,0,0,0,0,0,40,0,0,completed
29445,U9447,2025-08-01 20:20:00,2025-08-01 20:23:00,M,30~39,office,seoul,0,0,0,0,2,0,0,44,0,0,completed
29446,U9448,2025-07-02 18:06:00,2025-07-02 18:08:00,F,30~39,office,seoul,0,0,0,0,21,0,0,66,0,0,completed
29447,U9449,2025-02-07 19:47:00,2025-02-07 19:54:00,M,20~29,office,seoul,0,0,0,0,20,0,0,21,0,0,abandoned
29448,U9450,2025-01-30 20:51:00,2025-01-30 20:58:00,F,20~29,office,seoul,0,0,0,0,24,0,0,44,0,0,completed
29449,U9451,2025-04-24 07:10:00,2025-04-24 07:14:00,F,40~49,office,seoul,0,0,0,0,27,0,0,42,0,0,completed
29450,U9452,2025-09-06 17:37:00,2025-09-06 17:42:00,F,20~29,office,seoul,1,0,0,0,15,0,0,64,0,0,completed
29451,U9453,2025-04-26 15:30:00,2025-04-26 15:35:00,F,20~29,office,seoul,1,0,0,0,2,0,0,58,0,0,completed
29452,U9454,2025-12-19 15:05:00,2025-12-19 15:10:00,M,30~39,office,seoul,0,0,0,0,13,0,0,17,0,0,completed
29453,U9455,2025-11-15 14:03:00,2025-11-15 14:07:00,M,20~29,office,seoul,1,0,0,0,20,0,0,47,0,0,completed
29454,U9456,2025-02-11 09:27:00,2025-02-11 09:30:00,F,30~39,office,seoul,0,0,0,0,5,0,0,44,0,0,completed
29455,U9457,2025-04-12 08:01:00,2025-04-12 08:04:00,F,20~29,office,seoul,1,0,0,0,0,0,0,78,0,0,completed
29456,U9458,2025-12-18 09:14:00,2025-12-18 09:16:00,F,20~29,office,seoul,0,0,0,0,10,0,0,75,0,0,completed
29457,U9459,2025-07-13 22:41:00,2025-07-13 22:47:00,F,40~49,office,seoul,1,0,0,0,18,0,0,74,0,0,completed
29458,U9460,2025-06-05 07:01:00,2025-06-05 07:05:00,M,20~29,office,seoul,0,0,0,0,9,0,0,66,0,0,completed
29459,U9461,2025-05-07 15:23:00,2025-05-07 15:29:00,M,30~39,office,seoul,0,0,0,0,20,0,0,42,0,0,completed
29460,U9462,2025-03-26 17:42:00,2025-03-26 17:48:00,F,30~39,office,seoul,0,0,0,0,22,0,0,32,0,0,abandoned
29461,U9463,2025-10-02 13:52:00,2025-10-02 13:55:00,F,20~29,office,seoul,0,0,0,0,8,0,0,45,0,0,completed
29462,U9464,2025-01-13 15:56:00,2025-01-13 16:01:00,F,20~29,office,seoul,0,0,0,0,6,0,0,66,0,0,completed
29463,U9465,2025-07-11 17:23:00,2025-07-11 17:28:00,F,20~29,office,seoul,0,0,0,0,5,0,0,18,0,0,completed
29464,U9466,2025-04-19 15:43:00,2025-04-19 15:45:00,M,20~29,office,seoul,1,0,0,0,14,0,0,65,0,0,completed
29465,U9467,2025-03-23 07:09:00,2025-03-23 07:15:00,F,50+,office,seoul,1,0,0,0,27,0,0,68,0,0,completed
29466,U9468,2025-01-11 07:06:00,2025-01-11 07:12:00,F,40~49,office,seoul,1,0,0,0,12,0,0,43,0,0,completed
29467,U9469,2025-09-29 08:05:00,2025-09-29 08:07:00,M,50+,office,seoul,0,0,0,0,22,0,0,69,0,0,completed
29468,U9470,2025-09-22 13:56:00,2025-09-22 13:59:00,M,30~39,office,seoul,0,0,0,0,4,0,0,46,0,0,completed
29469,U9471,2025-02-28 07:05:00,2025-02-28 07:11:00,M,50+,office,seoul,0,0,0,0,4,0,0,26,0,0,completed
29470,U9472,2025-04-12 09:59:00,2025-04-12 10:01:00,M,30~39,office,seoul,1,0,0,0,14,0,0,22,0,0,completed
29471,U9473,2025-07-11 13:28:00,2025-07-11 13:35:00,F,50+,office,seoul,0,0,0,0,9,0,0,61,0,0,completed
29472,U9474,2025-03-13 15:25:00,2025-03-13 15:31:00,F,20~29,office,seoul,0,0,0,0,23,0,0,71,0,0,completed
29473,U9475,2025-12-21 19:56:00,2025-12-21 19:59:00,M,20~29,office,seoul,1,0,0,0,4,0,0,10,0,0,completed
29474,U9476,2025-10-03 18:01:00,2025-10-03 18:08:00,M,20~29,office,seoul,0,0,0,0,3,0,0,24,0,0,completed
29475,U9477,2025-02-03 18:40:00,2025-02-03 18:47:00,M,20~29,office,seoul,0,0,0,0,5,0,0,67,0,0,completed
29476,U9478,2025-01-10 08:01:00,2025-01-10 08:04:00,M,30~39,office,seoul,0,0,0,0,27,0,0,40,0,0,error
29477,U9479,2025-09-22 12:43:00,2025-09-22 12:48:00,F,30~39,office,seoul,0,0,0,0,7,0,0,38,0,0,completed
29478,U9480,2025-04-08 07:10:00,2025-04-08 07:14:00,F,20~29,office,seoul,0,0,0,0,20,0,0,48,0,0,completed
29479,U9481,2025-08-24 09:43:00,2025-08-24 09:48:00,F,50+,office,seoul,1,0,0,0,20,0,0,10,0,0,completed
29480,U9482,2025-06-15 16:08:00,2025-06-15 16:12:00,F,40~49,office,seoul,1,0,0,0,28,0,0,52,0,0,completed
29481,U9483,2025-03-13 13:11:00,2025-03-13 13:17:00,F,30~39,office,seoul,0,0,0,0,22,0,0,57,0,0,completed
29482,U9484,2025-03-01 15:41:00,2025-03-01 15:47:00,F,30~39,office,seoul,1,0,0,0,9,0,0,37,0,0,completed
29483,U9485,2025-09-17 12:50:00,2025-09-17 12:57:00,F,30~39,office,seoul,0,0,0,0,14,0,0,45,0,0,timeout
29484,U9486,2025-10-21 13:56:00,2025-10-21 14:00:00,M,50+,office,seoul,0,0,0,0,11,0,0,72,1,0,completed
29485,U9487,2025-01-25 09:15:00,2025-01-25 09:20:00,F,50+,office,seoul,1,0,0,0,9,0,0,45,0,0,completed
29486,U9488,2025-10-30 17:21:00,2025-10-30 17:26:00,F,20~29,office,seoul,0,0,0,0,4,0,0,27,0,0,timeout
29487,U9489,2025-02-16 15:49:00,2025-02-16 15:51:00,F,30~39,office,seoul,1,0,0,0,5,0,0,75,0,0,completed
29488,U9490,2025-01-15 19:40:00,2025-01-15 19:43:00,F,40~49,office,seoul,0,0,0,0,17,0,0,74,0,0,completed
29489,U9491,2025-10-21 14:01:00,2025-10-21 14:04:00,F,40~49,office,seoul,0,0,0,0,6,0,0,43,0,0,completed
29490,U9492,2025-04-14 14:43:00,2025-04-14 14:46:00,M,40~49,office,seoul,0,0,0,0,28,0,0,40,0,0,abandoned
29491,U9493,2025-06-14 12:23:00,2025-06-14 12:28:00,M,40~49,office,seoul,1,0,0,0,17,0,0,56,0,1,completed
29492,U9494,2025-10-05 18:56:00,2025-10-05 19:01:00,F,20~29,office,seoul,1,0,0,0,27,0,0,69,0,0,completed
29493,U9495,2025-02-23 08:41:00,2025-02-23 08:48:00,M,30~39,office,seoul,1,0,0,0,23,0,0,79,0,0,completed
29494,U9496,2025-05-01 16:47:00,2025-05-01 16:49:00,F,40~49,office,seoul,0,0,0,0,26,0,0,10,0,1,completed
29495,U9497,2025-08-13 12:05:00,2025-08-13 12:10:00,F,30~39,office,seoul,0,0,0,0,16,0,0,42,0,0,completed
29496,U9498,2025-10-16 12:23:00,2025-10-16 12:25:00,M,30~39,office,seoul,0,0,0,0,16,0,0,60,0,0,completed
29497,U9499,2025-03-18 13:26:00,2025-03-18 13:28:00,F,50+,office,seoul,0,0,0,0,17,0,0,26,0,0,completed
29498,U9500,2025-02-16 18:36:00,2025-02-16 18:38:00,F,30~39,office,seoul,1,0,0,0,10,0,0,40,1,0,completed
29499,U9501,2025-04-25 12:01:00,2025-04-25 12:03:00,M,30~39,office,seoul,0,0,0,0,16,0,0,34,0,0,completed
29500,U9502,2025-09-12 13:28:00,2025-09-12 13:34:00,F,30~39,office,seoul,0,0,0,0,12,0,0,23,0,0,abandoned
29501,U9503,2025-06-22 15:34:00,2025-06-22 15:37:00,F,40~49,office,seoul,1,0,0,0,29,0,0,29,0,0,completed
29502,U9504,2025-11-17 20:26:00,2025-11-17 20:28:00,M,30~39,office,seoul,0,0,0,0,10,0,0,79,0,0,completed
29503,U9505,2025-12-25 14:00:00,2025-12-25 14:07:00,F,50+,office,seoul,0,0,0,0,1,0,0,35,0,0,completed
29504,U9506,2025-08-25 08:35:00,2025-08-25 08:38:00,F,50+,office,seoul,0,0,0,0,16,0,0,29,0,0,completed
29505,U9507,2025-12-02 13:35:00,2025-12-02 13:37:00,F,20~29,office,seoul,0,0,0,0,12,0,0,36,0,0,completed
29506,U9508,2025-11-02 08:44:00,2025-11-02 08:51:00,F,30~39,office,seoul,1,0,0,0,13,0,0,37,0,0,completed
29507,U9509,2025-02-04 15:15:00,2025-02-04 15:22:00,F,20~29,office,seoul,0,0,0,0,14,0,0,36,0,0,completed
29508,U9510,2025-02-09 19:53:00,2025-02-09 19:58:00,M,50+,office,seoul,1,0,0,0,6,0,0,27,0,0,completed
29509,U9511,2025-10-09 21:02:00,2025-10-09 21:08:00,M,20~29,office,seoul,0,0,0,0,15,0,0,20,0,0,abandoned
29510,U9512,2025-12-05 15:58:00,2025-12-05 16:03:00,M,20~29,office,seoul,0,0,0,0,6,0,0,13,0,0,completed
29511,U9513,2025-02-26 18:15:00,2025-02-26 18:21:00,F,40~49,office,seoul,0,0,0,0,2,0,0,17,0,0,completed
29512,U9514,2025-08-02 16:12:00,2025-08-02 16:17:00,F,20~29,office,seoul,1,0,0,0,1,0,0,45,1,0,completed
29513,U9515,2025-04-09 13:04:00,2025-04-09 13:09:00,M,50+,office,seoul,0,0,0,0,19,0,0,65,1,0,completed
29514,U9516,2025-01-06 13:35:00,2025-01-06 13:42:00,M,20~29,office,seoul,0,0,0,0,22,0,0,66,0,0,completed
29515,U9517,2025-10-26 09:48:00,2025-10-26 09:50:00,M,40~49,office,seoul,1,0,0,0,3,0,0,60,1,0,completed
29516,U9518,2025-06-25 18:13:00,2025-06-25 18:17:00,F,30~39,office,seoul,0,0,0,0,26,0,0,12,0,0,completed
29517,U9519,2025-02-02 09:15:00,2025-02-02 09:21:00,M,30~39,office,seoul,1,0,0,0,29,0,0,79,0,0,error
29518,U9520,2025-05-22 19:22:00,2025-05-22 19:24:00,F,40~49,office,seoul,0,0,0,0,19,0,0,31,0,0,completed
29519,U9521,2025-03-19 15:59:00,2025-03-19 16:02:00,F,30~39,office,seoul,0,0,0,0,17,0,0,42,0,0,completed
29520,U9522,2025-08-22 09:02:00,2025-08-22 09:04:00,M,50+,office,seoul,0,0,0,0,27,0,0,60,0,0,completed
29521,U9523,2025-09-14 07:41:00,2025-09-14 07:44:00,F,40~49,office,seoul,1,0,0,0,17,0,0,20,0,0,completed
29522,U9524,2025-11-04 09:42:00,2025-11-04 09:49:00,M,50+,office,seoul,0,0,0,0,4,0,0,51,0,1,completed
29523,U9525,2025-06-27 22:10:00,2025-06-27 22:13:00,F,30~39,office,seoul,0,0,0,0,13,0,0,33,0,0,completed
29524,U9526,2025-12-26 09:26:00,2025-12-26 09:33:00,M,50+,office,seoul,0,0,0,0,10,0,0,40,0,0,completed
29525,U9527,2025-04-22 09:40:00,2025-04-22 09:42:00,F,20~29,office,seoul,0,0,0,0,4,0,0,76,0,0,completed
29526,U9528,2025-07-07 17:19:00,2025-07-07 17:22:00,F,30~39,office,seoul,0,0,0,0,7,0,0,23,0,0,completed
29527,U9529,2025-11-07 13:58:00,2025-11-07 14:02:00,F,50+,office,seoul,0,0,0,0,14,0,0,73,1,0,abandoned
29528,U9530,2025-03-17 14:38:00,2025-03-17 14:44:00,F,50+,office,seoul,0,0,0,0,5,0,0,60,1,0,completed
29529,U9531,2025-11-04 20:27:00,2025-11-04 20:34:00,M,40~49,office,seoul,0,0,0,0,25,0,0,71,0,0,completed
29530,U9532,2025-07-18 08:57:00,2025-07-18 09:02:00,F,30~39,office,seoul,0,0,0,0,24,0,0,21,0,0,abandoned
29531,U9533,2025-02-09 19:23:00,2025-02-09 19:25:00,F,20~29,office,seoul,1,0,0,0,14,0,0,13,0,0,completed
29532,U9534,2025-03-31 18:46:00,2025-03-31 18:51:00,F,30~39,office,seoul,0,0,0,0,28,0,0,57,0,0,completed
29533,U9535,2025-12-23 16:31:00,2025-12-23 16:33:00,F,50+,office,seoul,0,0,0,0,25,0,0,74,0,0,completed
29534,U9536,2025-11-23 16:52:00,2025-11-23 16:57:00,F,40~49,office,seoul,1,0,0,0,7,0,0,45,0,0,completed
29535,U9537,2025-06-30 12:59:00,2025-06-30 13:01:00,M,30~39,office,seoul,0,0,0,0,24,0,0,58,0,0,completed
29536,U9538,2025-12-28 17:41:00,2025-12-28 17:47:00,F,30~39,office,seoul,1,0,0,0,19,0,0,16,0,0,completed
29537,U9539,2025-10-21 13:05:00,2025-10-21 13:12:00,M,20~29,office,seoul,0,0,0,0,15,0,0,15,0,0,completed
29538,U9540,2025-12-03 08:24:00,2025-12-03 08:30:00,F,40~49,office,seoul,0,0,0,0,20,0,0,77,0,0,completed
29539,U9541,2025-10-02 18:16:00,2025-10-02 18:22:00,F,20~29,office,seoul,0,0,0,0,19,0,0,31,0,0,completed
29540,U9542,2025-02-18 19:19:00,2025-02-18 19:23:00,F,30~39,office,seoul,0,0,0,0,2,0,0,78,0,0,completed
29541,U9543,2025-07-26 19:50:00,2025-07-26 19:52:00,F,30~39,office,seoul,1,0,0,0,12,0,0,44,0,0,completed
29542,U9544,2025-06-10 21:00:00,2025-06-10 21:06:00,F,20~29,office,seoul,0,0,0,0,23,0,0,70,0,0,completed
29543,U9545,2025-04-23 14:37:00,2025-04-23 14:44:00,M,20~29,office,seoul,0,0,0,0,27,0,0,37,0,0,completed
29544,U9546,2025-04-28 19:08:00,2025-04-28 19:11:00,M,30~39,office,seoul,0,0,0,0,18,0,0,10,0,0,completed
29545,U9547,2025-11-20 11:43:00,2025-11-20 11:50:00,M,30~39,office,seoul,0,0,0,0,22,0,0,28,0,0,completed
29546,U9548,2025-08-23 14:58:00,2025-08-23 15:02:00,F,20~29,office,seoul,1,0,0,0,27,0,0,26,0,0,completed
29547,U9549,2025-03-03 18:57:00,2025-03-03 19:03:00,M,20~29,office,seoul,0,0,0,0,24,0,0,15,0,0,completed
29548,U9550,2025-07-10 18:05:00,2025-07-10 18:07:00,F,50+,office,seoul,0,0,0,0,24,0,0,52,0,0,completed
29549,U9551,2025-01-23 12:22:00,2025-01-23 12:25:00,M,20~29,office,seoul,0,0,0,0,8,0,0,27,0,0,completed
29550,U9552,2025-11-04 07:23:00,2025-11-04 07:27:00,M,50+,office,seoul,0,0,0,0,2,0,0,77,0,0,completed
29551,U9553,2025-09-09 08:53:00,2025-09-09 08:59:00,M,20~29,office,seoul,0,0,0,0,28,0,0,44,0,0,completed
29552,U9554,2025-09-25 09:40:00,2025-09-25 09:42:00,M,40~49,office,seoul,0,0,0,0,25,0,0,38,0,0,abandoned
29553,U9555,2025-05-19 14:57:00,2025-05-19 15:04:00,M,30~39,office,seoul,0,0,0,0,15,0,0,58,0,0,completed
29554,U9556,2025-12-04 09:52:00,2025-12-04 09:54:00,F,50+,office,seoul,0,0,0,0,11,0,0,79,1,0,completed
29555,U9557,2025-07-02 18:21:00,2025-07-02 18:23:00,F,30~39,office,seoul,0,0,0,0,28,0,0,59,0,0,completed
29556,U9558,2025-07-25 08:59:00,2025-07-25 09:04:00,F,50+,office,seoul,0,0,0,0,18,0,0,41,0,0,completed
29557,U9559,2025-07-20 19:05:00,2025-07-20 19:12:00,M,20~29,office,seoul,1,0,0,0,29,0,0,52,0,0,completed
29558,U9560,2025-03-21 14:39:00,2025-03-21 14:43:00,F,20~29,office,seoul,0,0,0,0,28,0,0,48,0,0,completed
29559,U9561,2025-06-02 20:42:00,2025-06-02 20:46:00,F,20~29,office,seoul,0,0,0,0,10,0,0,16,0,0,completed
29560,U9562,2025-09-14 12:11:00,2025-09-14 12:16:00,M,40~49,office,seoul,1,0,0,0,27,0,0,42,0,0,completed
29561,U9563,2025-05-25 15:35:00,2025-05-25 15:37:00,F,30~39,office,seoul,1,0,0,0,28,0,0,44,0,0,completed
29562,U9564,2025-04-03 08:23:00,2025-04-03 08:25:00,M,30~39,office,seoul,0,0,0,0,21,0,0,51,0,0,completed
29563,U9565,2025-02-01 08:42:00,2025-02-01 08:48:00,M,30~39,office,seoul,1,0,0,0,16,0,0,41,0,0,completed
29564,U9566,2025-01-07 09:59:00,2025-01-07 10:05:00,F,20~29,office,seoul,0,0,0,0,4,0,0,63,0,0,completed
29565,U9567,2025-10-28 15:05:00,2025-10-28 15:12:00,F,20~29,office,seoul,0,0,0,0,2,0,0,18,0,0,completed
29566,U9568,2025-09-03 08:26:00,2025-09-03 08:32:00,M,40~49,office,seoul,0,0,0,0,15,0,0,78,0,0,completed
29567,U9569,2025-01-12 17:55:00,2025-01-12 17:59:00,F,50+,office,seoul,1,0,0,0,17,0,0,27,0,0,completed
29568,U9570,2025-01-31 17:34:00,2025-01-31 17:36:00,M,50+,office,seoul,0,0,0,0,16,0,0,26,0,0,completed
29569,U9571,2025-04-19 15:29:00,2025-04-19 15:36:00,F,40~49,office,seoul,1,0,0,0,7,0,0,73,0,0,completed
29570,U9572,2025-03-27 11:26:00,2025-03-27 11:33:00,M,50+,office,seoul,0,0,0,0,27,0,0,63,0,1,completed
29571,U9573,2025-01-11 15:17:00,2025-01-11 15:22:00,F,30~39,office,seoul,1,0,0,0,20,0,0,72,1,0,completed
29572,U9574,2025-06-16 14:13:00,2025-06-16 14:15:00,F,30~39,office,seoul,0,0,0,0,15,0,0,31,0,1,completed
29573,U9575,2025-12-18 07:50:00,2025-12-18 07:55:00,M,30~39,office,seoul,0,0,0,0,12,0,0,73,0,0,completed
29574,U9576,2025-09-11 09:25:00,2025-09-11 09:30:00,M,20~29,office,seoul,0,0,0,0,5,0,0,27,0,0,completed
29575,U9577,2025-09-12 17:32:00,2025-09-12 17:39:00,F,40~49,office,seoul,0,0,0,0,20,0,0,58,0,0,completed
29576,U9578,2025-12-31 09:57:00,2025-12-31 10:02:00,F,20~29,office,seoul,0,0,0,0,0,0,0,23,0,0,completed
29577,U9579,2025-03-17 19:05:00,2025-03-17 19:10:00,M,20~29,office,seoul,0,0,0,0,26,0,0,57,0,0,completed
29578,U9580,2025-12-17 17:22:00,2025-12-17 17:26:00,F,50+,office,seoul,0,0,0,0,19,0,0,53,0,0,completed
29579,U9581,2025-06-14 13:53:00,2025-06-14 13:57:00,F,20~29,office,seoul,1,0,0,0,29,0,0,25,0,0,completed
29580,U9582,2025-04-08 18:08:00,2025-04-08 18:11:00,F,20~29,office,seoul,0,0,0,0,26,0,0,37,0,0,completed
29581,U9583,2025-02-12 21:09:00,2025-02-12 21:14:00,M,20~29,office,seoul,0,0,0,0,6,0,0,47,0,0,completed
29582,U9584,2025-03-04 13:12:00,2025-03-04 13:14:00,F,40~49,office,seoul,0,0,0,0,20,0,0,16,0,0,completed
29583,U9585,2025-10-26 13:58:00,2025-10-26 14:04:00,F,30~39,office,seoul,1,0,0,0,24,0,0,77,0,0,completed
29584,U9586,2025-10-12 13:40:00,2025-10-12 13:46:00,F,20~29,office,seoul,1,0,0,0,29,0,0,76,0,0,completed
29585,U9587,2025-04-30 17:15:00,2025-04-30 17:18:00,M,30~39,office,seoul,0,0,0,0,2,0,0,73,0,0,completed
29586,U9588,2025-10-10 16:11:00,2025-10-10 16:16:00,F,40~49,office,seoul,0,0,0,0,21,0,0,64,0,0,completed
29587,U9589,2025-07-12 18:08:00,2025-07-12 18:11:00,M,20~29,office,seoul,1,0,0,0,13,0,0,79,0,0,completed
29588,U9590,2025-12-14 17:19:00,2025-12-14 17:22:00,M,40~49,office,seoul,1,0,0,0,23,0,0,27,0,0,completed
29589,U9591,2025-01-23 07:46:00,2025-01-23 07:49:00,M,30~39,office,seoul,0,0,0,0,10,0,0,74,0,0,completed
29590,U9592,2025-02-04 08:15:00,2025-02-04 08:20:00,F,50+,office,seoul,0,0,0,0,6,0,0,38,1,0,completed
29591,U9593,2025-11-13 08:47:00,2025-11-13 08:49:00,M,40~49,office,seoul,0,0,0,0,11,0,0,10,0,0,completed
29592,U9594,2025-11-02 12:02:00,2025-11-02 12:08:00,F,30~39,office,seoul,1,0,0,0,0,0,0,31,0,0,completed
29593,U9595,2025-10-18 15:52:00,2025-10-18 15:58:00,F,40~49,office,seoul,1,0,0,0,23,0,0,67,0,0,completed
29594,U9596,2025-01-30 22:37:00,2025-01-30 22:44:00,M,50+,office,seoul,0,0,0,0,29,0,0,79,0,0,completed
29595,U9597,2025-01-31 12:52:00,2025-01-31 12:55:00,F,20~29,office,seoul,0,0,0,0,12,0,0,21,0,0,completed
29596,U9598,2025-10-19 22:05:00,2025-10-19 22:11:00,M,20~29,office,seoul,1,0,0,0,9,0,0,35,0,0,completed
29597,U9599,2025-03-04 09:33:00,2025-03-04 09:40:00,M,30~39,office,seoul,0,0,0,0,11,0,0,78,0,0,completed
29598,U9600,2025-10-02 18:30:00,2025-10-02 18:32:00,M,30~39,office,seoul,0,0,0,0,21,0,0,64,0,0,completed
29599,U9601,2025-10-13 14:33:00,2025-10-13 14:35:00,F,20~29,office,seoul,0,0,0,0,14,0,0,22,0,0,completed
29600,U9602,2025-10-23 15:25:00,2025-10-23 15:30:00,M,40~49,office,seoul,0,0,0,0,16,0,0,21,0,0,completed
29601,U9603,2025-05-18 19:51:00,2025-05-18 19:56:00,F,20~29,office,seoul,1,0,0,0,14,0,0,79,0,0,completed
29602,U9604,2025-05-13 18:23:00,2025-05-13 18:28:00,M,30~39,office,seoul,0,0,0,0,11,0,0,15,1,0,abandoned
29603,U9605,2025-12-17 08:44:00,2025-12-17 08:49:00,F,50+,office,seoul,0,0,0,0,25,0,0,56,0,0,completed
29604,U9606,2025-03-06 08:47:00,2025-03-06 08:52:00,M,40~49,office,seoul,0,0,0,0,13,0,0,49,0,0,completed
29605,U9607,2025-09-08 17:31:00,2025-09-08 17:36:00,F,50+,office,seoul,0,0,0,0,14,0,0,51,0,1,completed
29606,U9608,2025-11-24 11:59:00,2025-11-24 12:01:00,F,30~39,office,seoul,0,0,0,0,15,0,0,10,0,0,abandoned
29607,U9609,2025-10-17 17:38:00,2025-10-17 17:45:00,M,30~39,office,seoul,0,0,0,0,1,0,0,48,0,0,abandoned
29608,U9610,2025-05-01 19:48:00,2025-05-01 19:55:00,F,30~39,office,seoul,0,0,0,0,26,0,0,64,0,0,abandoned
29609,U9611,2025-12-22 09:57:00,2025-12-22 10:01:00,F,30~39,office,seoul,0,0,0,0,0,0,0,64,0,0,error
29610,U9612,2025-07-22 07:48:00,2025-07-22 07:50:00,F,20~29,office,seoul,0,0,0,0,2,0,0,16,0,0,completed
29611,U9613,2025-05-29 08:55:00,2025-05-29 09:02:00,M,40~49,office,seoul,0,0,0,0,3,0,0,71,0,0,completed
29612,U9614,2025-03-08 08:15:00,2025-03-08 08:17:00,M,40~49,office,seoul,1,0,0,0,13,0,0,10,0,0,completed
29613,U9615,2025-10-08 13:50:00,2025-10-08 13:54:00,F,50+,office,seoul,0,0,0,0,7,0,0,32,0,1,completed
29614,U9616,2025-08-23 20:07:00,2025-08-23 20:13:00,F,20~29,office,seoul,1,0,0,0,7,0,0,29,0,0,completed
29615,U9617,2025-03-06 13:38:00,2025-03-06 13:45:00,M,50+,office,seoul,0,0,0,0,28,0,0,68,0,0,completed
29616,U9618,2025-08-13 14:41:00,2025-08-13 14:45:00,F,50+,office,seoul,0,0,0,0,6,0,0,24,0,0,completed
29617,U9619,2025-12-26 13:50:00,2025-12-26 13:57:00,F,20~29,office,seoul,0,0,0,0,3,0,0,19,0,0,abandoned
29618,U9620,2025-05-26 07:56:00,2025-05-26 07:58:00,F,30~39,office,seoul,0,0,0,0,0,0,0,10,0,0,completed
29619,U9621,2025-03-28 12:18:00,2025-03-28 12:21:00,F,40~49,office,seoul,0,0,0,0,13,0,0,42,0,0,completed
29620,U9622,2025-11-03 09:15:00,2025-11-03 09:18:00,M,40~49,office,seoul,0,0,0,0,11,0,0,38,0,0,completed
29621,U9623,2025-01-06 07:22:00,2025-01-06 07:24:00,M,30~39,office,seoul,0,0,0,0,13,0,0,62,0,0,completed
29622,U9624,2025-07-21 18:59:00,2025-07-21 19:02:00,F,40~49,office,seoul,0,0,0,0,18,0,0,10,0,0,completed
29623,U9625,2025-05-05 11:42:00,2025-05-05 11:49:00,F,20~29,office,seoul,0,0,0,0,1,0,0,50,0,0,abandoned
29624,U9626,2025-07-29 11:18:00,2025-07-29 11:20:00,M,40~49,office,seoul,0,0,0,0,18,0,0,38,0,0,completed
29625,U9627,2025-08-17 11:55:00,2025-08-17 12:00:00,F,20~29,office,seoul,1,0,0,0,12,0,0,22,0,0,completed
29626,U9628,2025-11-07 15:36:00,2025-11-07 15:43:00,M,20~29,office,seoul,0,0,0,0,4,0,0,56,0,0,completed
29627,U9629,2025-08-18 20:49:00,2025-08-18 20:55:00,M,40~49,office,seoul,0,0,0,0,29,0,0,68,0,0,abandoned
29628,U9630,2025-06-28 09:00:00,2025-06-28 09:07:00,M,50+,office,seoul,1,0,0,0,16,0,0,21,0,0,completed
29629,U9631,2025-05-14 15:56:00,2025-05-14 16:02:00,M,30~39,office,seoul,0,0,0,0,28,0,0,70,0,0,completed
29630,U9632,2025-02-20 13:35:00,2025-02-20 13:41:00,M,20~29,office,seoul,0,0,0,0,6,0,0,28,0,0,completed
29631,U9633,2025-01-01 07:41:00,2025-01-01 07:43:00,M,20~29,office,seoul,0,0,0,0,20,0,0,24,0,0,completed
29632,U9634,2025-10-14 15:39:00,2025-10-14 15:42:00,F,30~39,office,seoul,0,0,0,0,22,0,0,57,0,0,completed
29633,U9635,2025-10-27 14:26:00,2025-10-27 14:29:00,M,20~29,office,seoul,0,0,0,0,23,0,0,14,0,0,completed
29634,U9636,2025-06-17 12:06:00,2025-06-17 12:12:00,M,30~39,office,seoul,0,0,0,0,17,0,0,59,0,0,completed
29635,U9637,2025-07-23 18:44:00,2025-07-23 18:51:00,M,30~39,office,seoul,0,0,0,0,5,0,0,52,0,0,completed
29636,U9638,2025-08-27 11:10:00,2025-08-27 11:13:00,F,30~39,office,seoul,0,0,0,0,18,0,0,38,0,0,completed
29637,U9639,2025-12-13 11:44:00,2025-12-13 11:50:00,F,20~29,office,seoul,1,0,0,0,14,0,0,74,0,0,completed
29638,U9640,2025-02-24 15:24:00,2025-02-24 15:29:00,M,20~29,office,seoul,0,0,0,0,21,0,0,51,0,0,completed
29639,U9641,2025-11-15 08:57:00,2025-11-15 09:04:00,F,30~39,office,seoul,1,0,0,0,15,0,0,10,0,0,timeout
29640,U9642,2025-12-10 17:57:00,2025-12-10 18:03:00,M,30~39,office,seoul,0,0,0,0,16,0,0,41,0,0,completed
29641,U9643,2025-05-29 08:26:00,2025-05-29 08:33:00,F,20~29,office,seoul,0,0,0,0,17,0,0,10,0,0,completed
29642,U9644,2025-01-10 17:59:00,2025-01-10 18:04:00,M,40~49,office,seoul,0,0,0,0,10,0,0,47,0,0,completed
29643,U9645,2025-06-22 11:42:00,2025-06-22 11:44:00,F,20~29,office,seoul,1,0,0,0,12,0,0,36,0,0,completed
29644,U9646,2025-11-18 17:57:00,2025-11-18 18:01:00,F,30~39,office,seoul,0,0,0,0,25,0,0,58,0,0,completed
29645,U9647,2025-02-02 15:34:00,2025-02-02 15:36:00,F,30~39,office,seoul,1,0,0,0,8,0,0,32,0,0,completed
29646,U9648,2025-02-11 12:41:00,2025-02-11 12:43:00,F,20~29,office,seoul,0,0,0,0,9,0,0,69,0,0,completed
29647,U9649,2025-09-09 15:19:00,2025-09-09 15:23:00,F,20~29,office,seoul,0,0,0,0,22,0,0,55,0,0,completed
29648,U9650,2025-05-15 11:16:00,2025-05-15 11:20:00,F,50+,office,seoul,0,0,0,0,11,0,0,22,0,0,completed
29649,U9651,2025-11-28 16:04:00,2025-11-28 16:09:00,F,40~49,office,seoul,0,0,0,0,10,0,0,25,0,0,completed
29650,U9652,2025-08-25 08:29:00,2025-08-25 08:36:00,F,50+,office,seoul,0,0,0,0,26,0,0,25,0,0,abandoned
29651,U9653,2025-09-22 17:31:00,2025-09-22 17:35:00,F,20~29,office,seoul,0,0,0,0,24,0,0,43,0,0,abandoned
29652,U9654,2025-01-10 08:50:00,2025-01-10 08:57:00,M,20~29,office,seoul,0,0,0,0,4,0,0,74,0,0,abandoned
29653,U9655,2025-01-27 19:05:00,2025-01-27 19:11:00,M,40~49,office,seoul,0,0,0,0,2,0,0,74,0,0,completed
29654,U9656,2025-11-18 11:50:00,2025-11-18 11:53:00,F,20~29,office,seoul,0,0,0,0,3,0,0,56,0,0,abandoned
29655,U9657,2025-10-03 08:51:00,2025-10-03 08:58:00,M,30~39,office,seoul,0,0,0,0,12,0,0,38,0,0,completed
29656,U9658,2025-09-14 16:23:00,2025-09-14 16:27:00,F,20~29,office,seoul,1,0,0,0,9,0,0,59,0,0,completed
29657,U9659,2025-09-08 19:47:00,2025-09-08 19:54:00,M,20~29,office,seoul,0,0,0,0,6,0,0,14,0,0,completed
29658,U9660,2025-02-09 08:59:00,2025-02-09 09:03:00,F,50+,office,seoul,1,0,0,0,11,0,0,19,0,0,completed
29659,U9661,2025-08-11 07:59:00,2025-08-11 08:06:00,M,40~49,office,seoul,0,0,0,0,5,0,0,55,0,0,completed
29660,U9662,2025-02-11 08:11:00,2025-02-11 08:14:00,M,50+,office,seoul,0,0,0,0,11,0,0,24,0,0,completed
29661,U9663,2025-01-16 12:22:00,2025-01-16 12:25:00,F,40~49,office,seoul,0,0,0,0,4,0,0,75,0,0,completed
29662,U9664,2025-05-28 08:09:00,2025-05-28 08:11:00,F,50+,office,seoul,0,0,0,0,17,0,0,39,0,0,error
29663,U9665,2025-12-12 13:23:00,2025-12-12 13:30:00,M,40~49,office,seoul,0,0,0,0,17,0,0,38,0,0,completed
29664,U9666,2025-10-07 20:37:00,2025-10-07 20:43:00,F,40~49,office,seoul,0,0,0,0,22,0,0,37,0,0,completed
29665,U9667,2025-10-30 12:36:00,2025-10-30 12:40:00,F,20~29,office,seoul,0,0,0,0,25,0,0,19,0,0,completed
29666,U9668,2025-04-08 14:59:00,2025-04-08 15:06:00,F,30~39,office,seoul,0,0,0,0,1,0,0,37,0,0,completed
29667,U9669,2025-11-29 14:49:00,2025-11-29 14:51:00,M,50+,office,seoul,1,0,0,0,11,0,0,63,0,0,abandoned
29668,U9670,2025-03-31 20:19:00,2025-03-31 20:22:00,F,20~29,office,seoul,0,0,0,0,8,0,0,66,0,0,completed
29669,U9671,2025-06-06 18:29:00,2025-06-06 18:31:00,M,30~39,office,seoul,0,0,0,0,13,0,0,51,0,0,completed
29670,U9672,2025-02-26 08:23:00,2025-02-26 08:28:00,F,40~49,office,seoul,0,0,0,0,9,0,0,20,0,0,completed
29671,U9673,2025-05-05 08:40:00,2025-05-05 08:44:00,M,30~39,office,seoul,0,0,0,0,14,0,0,38,0,0,completed
29672,U9674,2025-08-22 14:07:00,2025-08-22 14:13:00,M,20~29,office,seoul,0,0,0,0,5,0,0,33,0,0,completed
29673,U9675,2025-05-19 14:31:00,2025-05-19 14:34:00,M,50+,office,seoul,0,0,0,0,9,0,0,17,0,0,completed
29674,U9676,2025-06-19 09:39:00,2025-06-19 09:41:00,F,30~39,office,seoul,0,0,0,0,12,0,0,20,0,0,completed
29675,U9677,2025-03-30 13:39:00,2025-03-30 13:46:00,F,30~39,office,seoul,1,0,0,0,26,0,0,20,0,0,completed
29676,U9678,2025-02-23 08:37:00,2025-02-23 08:44:00,F,50+,office,seoul,1,0,0,0,18,0,0,54,0,0,timeout
29677,U9679,2025-03-10 19:36:00,2025-03-10 19:41:00,F,20~29,office,seoul,0,0,0,0,0,0,0,66,0,0,completed
29678,U9680,2025-01-28 14:22:00,2025-01-28 14:29:00,M,50+,office,seoul,0,0,0,0,14,0,0,70,0,0,completed
29679,U9681,2025-02-15 14:12:00,2025-02-15 14:16:00,F,40~49,office,seoul,1,0,0,0,4,0,0,44,0,0,completed
29680,U9682,2025-07-01 13:55:00,2025-07-01 13:59:00,F,40~49,office,seoul,0,0,0,0,5,0,0,76,0,0,completed
29681,U9683,2025-06-20 15:03:00,2025-06-20 15:08:00,M,40~49,office,seoul,0,0,0,0,27,0,0,35,0,0,completed
29682,U9684,2025-02-09 07:02:00,2025-02-09 07:07:00,F,40~49,office,seoul,1,0,0,0,23,0,0,21,0,0,completed
29683,U9685,2025-06-29 16:05:00,2025-06-29 16:10:00,F,20~29,office,seoul,1,0,0,0,2,0,0,64,0,0,completed
29684,U9686,2025-08-30 13:08:00,2025-08-30 13:12:00,F,20~29,office,seoul,1,0,0,0,22,0,0,75,0,0,completed
29685,U9687,2025-05-07 22:52:00,2025-05-07 22:58:00,F,20~29,office,seoul,0,0,0,0,2,0,0,57,0,0,completed
29686,U9688,2025-07-19 21:48:00,2025-07-19 21:54:00,F,50+,office,seoul,1,0,0,0,8,0,0,63,0,0,error
29687,U9689,2025-02-03 19:03:00,2025-02-03 19:05:00,M,40~49,office,seoul,0,0,0,0,14,0,0,28,0,0,completed
29688,U9690,2025-12-25 15:20:00,2025-12-25 15:25:00,F,20~29,office,seoul,0,0,0,0,21,0,0,13,0,0,completed
29689,U9691,2025-03-05 09:24:00,2025-03-05 09:27:00,F,20~29,office,seoul,0,0,0,0,22,0,0,52,0,0,completed
29690,U9692,2025-03-17 08:18:00,2025-03-17 08:23:00,F,20~29,office,seoul,0,0,0,0,3,0,0,18,0,0,abandoned
29691,U9693,2025-11-27 12:46:00,2025-11-27 12:50:00,F,40~49,office,seoul,0,0,0,0,17,0,0,27,0,0,error
29692,U9694,2025-07-05 11:02:00,2025-07-05 11:04:00,F,30~39,office,seoul,1,0,0,0,4,0,0,77,0,0,completed
29693,U9695,2025-08-05 12:03:00,2025-08-05 12:06:00,F,40~49,office,seoul,0,0,0,0,27,0,0,18,0,0,completed
29694,U9696,2025-11-16 18:40:00,2025-11-16 18:44:00,F,30~39,office,seoul,1,0,0,0,14,0,0,42,0,0,completed
29695,U9697,2025-07-12 09:20:00,2025-07-12 09:23:00,F,50+,office,seoul,1,0,0,0,16,0,0,13,0,0,completed
29696,U9698,2025-09-02 15:04:00,2025-09-02 15:08:00,F,30~39,office,seoul,0,0,0,0,6,0,0,32,0,0,completed
29697,U9699,2025-02-21 22:08:00,2025-02-21 22:15:00,F,40~49,office,seoul,0,0,0,0,27,0,0,22,0,0,abandoned
29698,U9700,2025-12-13 17:31:00,2025-12-13 17:33:00,M,40~49,office,seoul,1,0,0,0,29,0,0,74,0,0,completed
29699,U9701,2025-06-21 16:28:00,2025-06-21 16:34:00,F,50+,office,seoul,1,0,0,0,10,0,0,11,0,0,abandoned
29700,U9702,2025-03-10 13:22:00,2025-03-10 13:25:00,F,30~39,office,seoul,0,0,0,0,25,0,0,54,0,0,completed
29701,U9703,2025-07-25 16:54:00,2025-07-25 16:57:00,F,30~39,office,seoul,0,0,0,0,29,0,0,79,0,0,completed
29702,U9704,2025-08-18 12:14:00,2025-08-18 12:20:00,M,30~39,office,seoul,0,0,0,0,2,0,0,22,0,0,abandoned
29703,U9705,2025-08-19 14:15:00,2025-08-19 14:22:00,F,40~49,office,seoul,0,0,0,0,13,0,0,23,0,0,completed
29704,U9706,2025-07-31 09:00:00,2025-07-31 09:02:00,F,50+,office,seoul,0,0,0,0,15,0,0,55,0,1,completed
29705,U9707,2025-08-25 12:45:00,2025-08-25 12:48:00,M,30~39,office,seoul,0,0,0,0,17,0,0,75,0,0,completed
29706,U9708,2025-08-11 18:15:00,2025-08-11 18:20:00,M,30~39,office,seoul,0,0,0,0,24,0,0,58,0,0,completed
29707,U9709,2025-09-02 16:46:00,2025-09-02 16:52:00,F,40~49,office,seoul,0,0,0,0,22,0,0,41,0,0,completed
29708,U9710,2025-01-11 12:58:00,2025-01-11 13:01:00,M,50+,office,seoul,1,0,0,0,8,0,0,48,0,0,completed
29709,U9711,2025-10-25 07:14:00,2025-10-25 07:18:00,F,30~39,office,seoul,1,0,0,0,20,0,0,48,0,0,completed
29710,U9712,2025-07-28 17:02:00,2025-07-28 17:05:00,F,50+,office,seoul,0,0,0,0,7,0,0,49,1,0,completed
29711,U9713,2025-11-09 22:14:00,2025-11-09 22:20:00,M,20~29,office,seoul,1,0,0,0,12,0,0,63,0,0,completed
29712,U9714,2025-11-24 20:40:00,2025-11-24 20:47:00,M,30~39,office,seoul,0,0,0,0,12,0,0,39,0,0,completed
29713,U9715,2025-07-18 11:06:00,2025-07-18 11:08:00,M,20~29,office,seoul,0,0,0,0,22,0,0,71,0,0,timeout
29714,U9716,2025-03-08 21:41:00,2025-03-08 21:43:00,F,20~29,office,seoul,1,0,0,0,28,0,0,34,0,0,abandoned
29715,U9717,2025-07-28 13:49:00,2025-07-28 13:56:00,M,20~29,office,seoul,0,0,0,0,10,0,0,28,0,0,completed
29716,U9718,2025-10-19 11:50:00,2025-10-19 11:55:00,F,50+,office,seoul,1,0,0,0,11,0,0,39,0,0,completed
29717,U9719,2025-11-19 15:41:00,2025-11-19 15:47:00,M,30~39,office,seoul,0,0,0,0,17,0,0,14,0,0,completed
29718,U9720,2025-05-11 19:35:00,2025-05-11 19:37:00,F,20~29,office,seoul,1,0,0,0,10,0,0,74,0,0,completed
29719,U9721,2025-12-21 08:40:00,2025-12-21 08:45:00,M,20~29,office,seoul,1,0,0,0,29,0,0,33,0,0,completed
29720,U9722,2025-06-04 12:17:00,2025-06-04 12:21:00,M,30~39,office,seoul,0,0,0,0,21,0,0,32,0,0,completed
29721,U9723,2025-07-16 20:11:00,2025-07-16 20:13:00,F,30~39,office,seoul,0,0,0,0,20,0,0,72,0,0,completed
29722,U9724,2025-03-12 12:22:00,2025-03-12 12:28:00,F,30~39,office,seoul,0,0,0,0,5,0,0,17,0,0,completed
29723,U9725,2025-01-06 20:51:00,2025-01-06 20:56:00,F,50+,office,seoul,0,0,0,0,7,0,0,35,0,0,completed
29724,U9726,2025-09-03 16:22:00,2025-09-03 16:29:00,M,30~39,office,seoul,0,0,0,0,6,0,0,67,0,1,completed
29725,U9727,2025-05-03 16:51:00,2025-05-03 16:56:00,M,40~49,office,seoul,1,0,0,0,1,0,0,46,0,0,completed
29726,U9728,2025-05-05 13:09:00,2025-05-05 13:14:00,F,20~29,office,seoul,0,0,0,0,19,0,0,10,0,0,completed
29727,U9729,2025-12-22 12:00:00,2025-12-22 12:07:00,M,40~49,office,seoul,0,0,0,0,18,0,0,27,0,0,completed
29728,U9730,2025-06-28 12:55:00,2025-06-28 13:02:00,F,30~39,office,seoul,1,0,0,0,26,0,0,38,0,0,completed
29729,U9731,2025-01-01 17:25:00,2025-01-01 17:29:00,F,20~29,office,seoul,0,0,0,0,29,0,0,50,0,0,completed
29730,U9732,2025-11-03 14:20:00,2025-11-03 14:27:00,F,20~29,office,seoul,0,0,0,0,4,0,0,42,0,0,completed
29731,U9733,2025-02-21 09:43:00,2025-02-21 09:49:00,F,30~39,office,seoul,0,0,0,0,18,0,0,42,1,0,completed
29732,U9734,2025-11-11 07:41:00,2025-11-11 07:45:00,M,40~49,office,seoul,0,0,0,0,6,0,0,70,0,0,completed
29733,U9735,2025-10-15 15:34:00,2025-10-15 15:37:00,F,40~49,office,seoul,0,0,0,0,13,0,0,72,0,0,completed
29734,U9736,2025-01-21 09:43:00,2025-01-21 09:45:00,F,30~39,office,seoul,0,0,0,0,6,0,0,54,0,0,completed
29735,U9737,2025-11-17 08:14:00,2025-11-17 08:20:00,M,50+,office,seoul,0,0,0,0,12,0,0,61,0,0,completed
29736,U9738,2025-10-24 16:20:00,2025-10-24 16:24:00,F,20~29,office,seoul,0,0,0,0,18,0,0,16,0,0,completed
29737,U9739,2025-10-22 08:33:00,2025-10-22 08:37:00,F,30~39,office,seoul,0,0,0,0,25,0,0,77,0,0,completed
29738,U9740,2025-04-29 15:51:00,2025-04-29 15:57:00,M,20~29,office,seoul,0,0,0,0,8,0,0,67,0,0,completed
29739,U9741,2025-04-09 15:35:00,2025-04-09 15:42:00,F,50+,office,seoul,0,0,0,0,0,0,0,31,0,0,completed
29740,U9742,2025-01-03 15:36:00,2025-01-03 15:40:00,M,20~29,office,seoul,0,0,0,0,14,0,0,44,0,0,completed
29741,U9743,2025-05-04 14:24:00,2025-05-04 14:29:00,F,30~39,office,seoul,1,0,0,0,14,0,0,32,0,0,completed
29742,U9744,2025-07-12 12:26:00,2025-07-12 12:32:00,F,40~49,office,seoul,1,0,0,0,29,0,0,28,0,0,completed
29743,U9745,2025-01-19 12:58:00,2025-01-19 13:02:00,M,50+,office,seoul,1,0,0,0,3,0,0,69,0,0,completed
29744,U9746,2025-09-10 17:48:00,2025-09-10 17:50:00,F,40~49,office,seoul,0,0,0,0,1,0,0,44,0,0,error
29745,U9747,2025-12-16 12:37:00,2025-12-16 12:39:00,M,30~39,office,seoul,0,0,0,0,12,0,0,27,0,0,completed
29746,U9748,2025-11-29 15:02:00,2025-11-29 15:09:00,M,20~29,office,seoul,1,0,0,0,18,0,0,44,0,0,completed
29747,U9749,2025-07-26 18:58:00,2025-07-26 19:04:00,F,40~49,office,seoul,1,0,0,0,13,0,0,45,0,0,completed
29748,U9750,2025-01-15 18:18:00,2025-01-15 18:20:00,F,50+,office,seoul,0,0,0,0,10,0,0,57,0,0,completed
29749,U9751,2025-03-12 16:42:00,2025-03-12 16:47:00,M,20~29,office,seoul,0,0,0,0,10,0,0,44,0,0,completed
29750,U9752,2025-01-23 09:47:00,2025-01-23 09:52:00,F,20~29,office,seoul,0,0,0,0,13,0,0,66,0,0,completed
29751,U9753,2025-12-09 11:29:00,2025-12-09 11:36:00,M,30~39,office,seoul,0,0,0,0,23,0,0,50,0,0,completed
29752,U9754,2025-05-24 20:56:00,2025-05-24 21:01:00,M,50+,office,seoul,1,0,0,0,15,0,0,50,1,0,completed
29753,U9755,2025-08-06 15:45:00,2025-08-06 15:50:00,F,20~29,office,seoul,0,0,0,0,9,0,0,39,0,0,completed
29754,U9756,2025-04-08 15:42:00,2025-04-08 15:46:00,F,30~39,office,seoul,0,0,0,0,6,0,0,70,0,0,completed
29755,U9757,2025-01-06 12:06:00,2025-01-06 12:08:00,F,40~49,office,seoul,0,0,0,0,15,0,0,21,0,0,completed
29756,U9758,2025-12-28 14:35:00,2025-12-28 14:40:00,F,20~29,office,seoul,1,0,0,0,7,0,0,16,0,0,completed
29757,U9759,2025-09-02 15:36:00,2025-09-02 15:41:00,F,30~39,office,seoul,0,0,0,0,3,0,0,16,0,0,completed
29758,U9760,2025-05-23 12:40:00,2025-05-23 12:42:00,F,20~29,office,seoul,0,0,0,0,29,0,0,68,0,0,completed
29759,U9761,2025-09-25 09:59:00,2025-09-25 10:02:00,M,40~49,office,seoul,0,0,0,0,0,0,0,42,0,0,completed
29760,U9762,2025-07-19 17:49:00,2025-07-19 17:54:00,F,20~29,office,seoul,1,0,0,0,28,0,0,31,0,0,completed
29761,U9763,2025-02-14 17:29:00,2025-02-14 17:32:00,F,20~29,office,seoul,0,0,0,0,1,0,0,22,0,0,completed
29762,U9764,2025-08-01 18:48:00,2025-08-01 18:54:00,F,20~29,office,seoul,0,0,0,0,18,0,0,61,0,0,completed
29763,U9765,2025-10-12 17:07:00,2025-10-12 17:12:00,M,40~49,office,seoul,1,0,0,0,12,0,0,39,0,0,completed
29764,U9766,2025-05-31 08:41:00,2025-05-31 08:48:00,M,30~39,office,seoul,1,0,0,0,9,0,0,18,0,0,completed
29765,U9767,2025-08-17 11:59:00,2025-08-17 12:06:00,F,40~49,office,seoul,1,0,0,0,15,0,0,56,0,0,completed
29766,U9768,2025-05-09 14:26:00,2025-05-09 14:32:00,F,40~49,office,seoul,0,0,0,0,8,0,0,35,0,0,abandoned
29767,U9769,2025-12-17 17:29:00,2025-12-17 17:35:00,M,20~29,office,seoul,0,0,0,0,27,0,0,14,0,0,completed
29768,U9770,2025-11-11 14:33:00,2025-11-11 14:40:00,F,20~29,office,seoul,0,0,0,0,11,0,0,22,0,0,completed
29769,U9771,2025-01-04 07:13:00,2025-01-04 07:16:00,F,40~49,office,seoul,1,0,0,0,6,0,0,70,0,0,completed
29770,U9772,2025-10-14 13:03:00,2025-10-14 13:07:00,F,30~39,office,seoul,0,0,0,0,15,0,0,29,0,0,completed
29771,U9773,2025-09-13 17:01:00,2025-09-13 17:04:00,M,30~39,office,seoul,1,0,0,0,1,0,0,13,0,0,completed
29772,U9774,2025-12-15 14:54:00,2025-12-15 14:56:00,F,40~49,office,seoul,0,0,0,0,13,0,0,75,1,0,abandoned
29773,U9775,2025-09-23 20:52:00,2025-09-23 20:59:00,F,40~49,office,seoul,0,0,0,0,16,0,0,35,0,0,completed
29774,U9776,2025-04-24 09:16:00,2025-04-24 09:21:00,M,20~29,office,seoul,0,0,0,0,12,0,0,25,0,0,completed
29775,U9777,2025-10-13 13:22:00,2025-10-13 13:25:00,M,30~39,office,seoul,0,0,0,0,19,0,0,61,0,0,completed
29776,U9778,2025-11-07 09:55:00,2025-11-07 09:57:00,F,50+,office,seoul,0,0,0,0,5,0,0,19,1,0,completed
29777,U9779,2025-12-22 09:27:00,2025-12-22 09:32:00,M,40~49,office,seoul,0,0,0,0,16,0,0,21,0,0,abandoned
29778,U9780,2025-09-27 22:23:00,2025-09-27 22:30:00,F,40~49,office,seoul,1,0,0,0,29,0,0,11,0,0,completed
29779,U9781,2025-11-30 08:36:00,2025-11-30 08:38:00,M,50+,office,seoul,1,0,0,0,27,0,0,60,0,0,completed
29780,U9782,2025-11-14 09:49:00,2025-11-14 09:52:00,F,20~29,office,seoul,0,0,0,0,12,0,0,78,0,0,completed
29781,U9783,2025-05-16 08:06:00,2025-05-16 08:13:00,M,30~39,office,seoul,0,0,0,0,18,0,0,73,0,0,completed
29782,U9784,2025-08-11 09:53:00,2025-08-11 09:55:00,F,30~39,office,seoul,0,0,0,0,28,0,0,43,0,0,completed
29783,U9785,2025-12-19 08:13:00,2025-12-19 08:19:00,F,40~49,office,seoul,0,0,0,0,5,0,0,49,0,0,completed
29784,U9786,2025-12-04 16:50:00,2025-12-04 16:54:00,F,50+,office,seoul,0,0,0,0,9,0,0,79,0,0,completed
29785,U9787,2025-05-19 07:47:00,2025-05-19 07:54:00,F,20~29,office,seoul,0,0,0,0,26,0,0,14,0,0,abandoned
29786,U9788,2025-06-29 16:05:00,2025-06-29 16:12:00,F,30~39,office,seoul,1,0,0,0,24,0,0,56,0,0,completed
29787,U9789,2025-07-08 15:31:00,2025-07-08 15:33:00,F,30~39,office,seoul,0,0,0,0,24,0,0,59,0,0,completed
29788,U9790,2025-01-26 13:22:00,2025-01-26 13:27:00,F,50+,office,seoul,1,0,0,0,2,0,0,22,0,0,completed
29789,U9791,2025-12-01 17:47:00,2025-12-01 17:52:00,F,40~49,office,seoul,0,0,0,0,27,0,0,70,0,0,completed
29790,U9792,2025-11-10 17:48:00,2025-11-10 17:50:00,F,20~29,office,seoul,0,0,0,0,24,0,0,19,0,0,completed
29791,U9793,2025-02-27 15:03:00,2025-02-27 15:07:00,F,40~49,office,seoul,0,0,0,0,20,0,0,23,0,0,completed
29792,U9794,2025-11-23 09:32:00,2025-11-23 09:36:00,M,20~29,office,seoul,1,0,0,0,7,0,0,61,0,0,completed
29793,U9795,2025-07-05 12:54:00,2025-07-05 12:56:00,F,40~49,office,seoul,1,0,0,0,8,0,0,33,0,0,completed
29794,U9796,2025-08-23 21:11:00,2025-08-23 21:16:00,F,50+,office,seoul,1,0,0,0,3,0,0,21,0,0,completed
29795,U9797,2025-03-01 19:18:00,2025-03-01 19:25:00,F,20~29,office,seoul,1,0,0,0,12,0,0,53,0,0,completed
29796,U9798,2025-10-01 09:28:00,2025-10-01 09:30:00,M,50+,office,seoul,0,0,0,0,4,0,0,20,0,0,completed
29797,U9799,2025-10-30 12:53:00,2025-10-30 12:59:00,F,30~39,office,seoul,0,0,0,0,15,0,0,36,0,0,completed
29798,U9800,2025-09-02 17:45:00,2025-09-02 17:49:00,F,30~39,office,seoul,0,0,0,0,15,0,0,10,0,0,completed
29799,U9801,2025-01-16 14:22:00,2025-01-16 14:25:00,F,30~39,office,seoul,0,0,0,0,23,0,0,26,0,0,completed
29800,U9802,2025-03-27 20:04:00,2025-03-27 20:11:00,F,50+,office,seoul,0,0,0,0,22,0,0,23,0,0,completed
29801,U9803,2025-11-30 08:13:00,2025-11-30 08:18:00,M,20~29,office,seoul,1,0,0,0,20,0,0,18,0,0,completed
29802,U9804,2025-08-17 18:23:00,2025-08-17 18:27:00,M,40~49,office,seoul,1,0,0,0,10,0,0,64,0,0,completed
29803,U9805,2025-04-23 20:33:00,2025-04-23 20:39:00,M,20~29,office,seoul,0,0,0,0,19,0,0,71,0,0,completed
29804,U9806,2025-06-03 09:29:00,2025-06-03 09:34:00,F,50+,office,seoul,0,0,0,0,27,0,0,70,0,0,completed
29805,U9807,2025-09-12 16:31:00,2025-09-12 16:38:00,F,30~39,office,seoul,0,0,0,0,17,0,0,63,0,0,completed
29806,U9808,2025-10-25 16:19:00,2025-10-25 16:25:00,M,40~49,office,seoul,1,0,0,0,2,0,0,67,0,0,completed
29807,U9809,2025-07-18 09:05:00,2025-07-18 09:09:00,F,20~29,office,seoul,0,0,0,0,23,0,0,44,0,0,completed
29808,U9810,2025-04-20 12:27:00,2025-04-20 12:30:00,F,20~29,office,seoul,1,0,0,0,10,0,0,67,0,0,completed
29809,U9811,2025-07-22 20:24:00,2025-07-22 20:26:00,M,20~29,office,seoul,0,0,0,0,18,0,0,27,0,0,completed
29810,U9812,2025-05-07 09:19:00,2025-05-07 09:25:00,F,30~39,office,seoul,0,0,0,0,22,0,0,38,0,0,completed
29811,U9813,2025-04-19 16:49:00,2025-04-19 16:56:00,F,30~39,office,seoul,1,0,0,0,25,0,0,21,0,0,completed
29812,U9814,2025-01-08 11:15:00,2025-01-08 11:21:00,F,20~29,office,seoul,0,0,0,0,1,0,0,46,0,0,completed
29813,U9815,2025-06-14 17:14:00,2025-06-14 17:19:00,F,20~29,office,seoul,1,0,0,0,28,0,0,64,0,0,completed
29814,U9816,2025-10-28 17:31:00,2025-10-28 17:34:00,F,30~39,office,seoul,0,0,0,0,3,0,0,41,0,0,abandoned
29815,U9817,2025-03-07 22:54:00,2025-03-07 23:00:00,M,50+,office,seoul,0,0,0,0,9,0,0,25,0,1,timeout
29816,U9818,2025-01-30 08:53:00,2025-01-30 08:59:00,F,30~39,office,seoul,0,0,0,0,6,0,0,38,0,0,completed
29817,U9819,2025-05-21 14:49:00,2025-05-21 14:53:00,M,30~39,office,seoul,0,0,0,0,16,0,0,57,0,0,completed
29818,U9820,2025-08-14 18:32:00,2025-08-14 18:34:00,F,50+,office,seoul,0,0,0,0,14,0,0,31,0,0,completed
29819,U9821,2025-10-19 17:40:00,2025-10-19 17:46:00,F,30~39,office,seoul,1,0,0,0,24,0,0,22,0,0,completed
29820,U9822,2025-07-03 12:14:00,2025-07-03 12:18:00,M,50+,office,seoul,0,0,0,0,24,0,0,67,0,0,completed
29821,U9823,2025-11-01 15:00:00,2025-11-01 15:04:00,F,30~39,office,seoul,1,0,0,0,5,0,0,72,0,0,completed
29822,U9824,2025-08-02 09:49:00,2025-08-02 09:55:00,M,50+,office,seoul,1,0,0,0,4,0,0,61,0,0,completed
29823,U9825,2025-03-14 19:38:00,2025-03-14 19:40:00,F,20~29,office,seoul,0,0,0,0,28,0,0,23,0,1,abandoned
29824,U9826,2025-01-08 11:29:00,2025-01-08 11:35:00,F,30~39,office,seoul,0,0,0,0,1,0,0,15,0,0,completed
29825,U9827,2025-08-14 07:32:00,2025-08-14 07:34:00,F,50+,office,seoul,0,0,0,0,19,0,0,10,0,1,completed
29826,U9828,2025-10-05 19:40:00,2025-10-05 19:47:00,F,20~29,office,seoul,1,0,0,0,4,0,0,48,0,0,completed
29827,U9829,2025-12-03 14:38:00,2025-12-03 14:42:00,M,20~29,office,seoul,0,0,0,0,6,0,0,40,0,0,completed
29828,U9830,2025-07-15 07:24:00,2025-07-15 07:27:00,M,50+,office,seoul,0,0,0,0,14,0,0,11,0,0,completed
29829,U9831,2025-09-30 15:49:00,2025-09-30 15:56:00,F,20~29,office,seoul,0,0,0,0,6,0,0,52,0,0,completed
29830,U9832,2025-10-19 16:32:00,2025-10-19 16:37:00,F,50+,office,seoul,1,0,0,0,5,0,0,66,0,0,completed
29831,U9833,2025-04-20 15:11:00,2025-04-20 15:15:00,M,20~29,office,seoul,1,0,0,0,18,0,0,75,0,0,completed
29832,U9834,2025-02-17 11:17:00,2025-02-17 11:23:00,M,40~49,office,seoul,0,0,0,0,21,0,0,22,0,1,completed
29833,U9835,2025-10-16 11:39:00,2025-10-16 11:46:00,F,20~29,office,seoul,0,0,0,0,2,0,0,35,0,0,abandoned
29834,U9836,2025-01-27 12:04:00,2025-01-27 12:11:00,F,50+,office,seoul,0,0,0,0,17,0,0,43,0,0,completed
29835,U9837,2025-12-22 20:45:00,2025-12-22 20:47:00,F,50+,office,seoul,0,0,0,0,4,0,0,67,0,0,completed
29836,U9838,2025-02-09 19:17:00,2025-02-09 19:20:00,M,20~29,office,seoul,1,0,0,0,8,0,0,62,0,0,completed
29837,U9839,2025-07-17 16:02:00,2025-07-17 16:08:00,F,20~29,office,seoul,0,0,0,0,22,0,0,74,0,0,abandoned
29838,U9840,2025-11-25 07:23:00,2025-11-25 07:30:00,M,50+,office,seoul,0,0,0,0,14,0,0,77,0,0,completed
29839,U9841,2025-07-13 16:10:00,2025-07-13 16:12:00,M,30~39,office,seoul,1,0,0,0,16,0,0,56,0,0,completed
29840,U9842,2025-03-02 16:28:00,2025-03-02 16:30:00,M,30~39,office,seoul,1,0,0,0,14,0,0,17,0,0,completed
29841,U9843,2025-05-21 16:48:00,2025-05-21 16:55:00,M,40~49,office,seoul,0,0,0,0,27,0,0,73,0,0,completed
29842,U9844,2025-11-30 07:17:00,2025-11-30 07:20:00,F,30~39,office,seoul,1,0,0,0,20,0,0,15,0,0,completed
29843,U9845,2025-08-31 15:26:00,2025-08-31 15:30:00,F,40~49,office,seoul,1,0,0,0,24,0,0,52,0,1,completed
29844,U9846,2025-09-10 18:58:00,2025-09-10 19:03:00,F,20~29,office,seoul,0,0,0,0,7,0,0,76,0,0,completed
29845,U9847,2025-09-05 12:29:00,2025-09-05 12:32:00,F,40~49,office,seoul,0,0,0,0,18,0,0,53,1,0,completed
29846,U9848,2025-10-01 08:32:00,2025-10-01 08:39:00,F,50+,office,seoul,0,0,0,0,22,0,0,28,0,0,completed
29847,U9849,2025-06-28 08:56:00,2025-06-28 08:58:00,M,50+,office,seoul,1,0,0,0,29,0,0,34,0,0,completed
29848,U9850,2025-12-18 14:01:00,2025-12-18 14:06:00,F,30~39,office,seoul,0,0,0,0,27,0,0,59,0,0,completed
29849,U9851,2025-01-12 08:56:00,2025-01-12 09:02:00,F,20~29,office,seoul,1,0,0,0,11,0,0,76,0,0,completed
29850,U9852,2025-08-19 08:51:00,2025-08-19 08:57:00,F,30~39,office,seoul,0,0,0,0,10,0,0,72,0,0,completed
29851,U9853,2025-11-27 15:12:00,2025-11-27 15:18:00,F,40~49,office,seoul,0,0,0,0,16,0,0,38,0,0,completed
29852,U9854,2025-02-20 15:08:00,2025-02-20 15:10:00,F,50+,office,seoul,0,0,0,0,11,0,0,45,0,0,completed
29853,U9855,2025-01-18 18:45:00,2025-01-18 18:48:00,M,20~29,office,seoul,1,0,0,0,21,0,0,13,0,0,completed
29854,U9856,2025-12-21 09:27:00,2025-12-21 09:32:00,F,30~39,office,seoul,1,0,0,0,6,0,0,11,0,0,completed
29855,U9857,2025-07-05 16:53:00,2025-07-05 16:58:00,M,20~29,office,seoul,1,0,0,0,6,0,0,48,0,0,completed
29856,U9858,2025-04-30 09:18:00,2025-04-30 09:20:00,F,50+,office,seoul,0,0,0,0,18,0,0,52,0,0,completed
29857,U9859,2025-12-19 14:49:00,2025-12-19 14:55:00,F,30~39,office,seoul,0,0,0,0,3,0,0,32,0,0,abandoned
29858,U9860,2025-06-13 09:02:00,2025-06-13 09:07:00,M,40~49,office,seoul,0,0,0,0,5,0,0,15,0,0,completed
29859,U9861,2025-04-13 15:13:00,2025-04-13 15:18:00,M,30~39,office,seoul,1,0,0,0,16,0,0,38,0,0,completed
29860,U9862,2025-07-14 18:36:00,2025-07-14 18:43:00,F,50+,office,seoul,0,0,0,0,8,0,0,63,1,0,completed
29861,U9863,2025-11-04 14:41:00,2025-11-04 14:44:00,M,30~39,office,seoul,0,0,0,0,2,0,0,60,0,0,completed
29862,U9864,2025-04-30 18:11:00,2025-04-30 18:18:00,F,30~39,office,seoul,0,0,0,0,16,0,0,66,0,0,timeout
29863,U9865,2025-07-22 16:57:00,2025-07-22 17:02:00,F,30~39,office,seoul,0,0,0,0,13,0,0,26,0,0,abandoned
29864,U9866,2025-12-15 12:25:00,2025-12-15 12:29:00,M,30~39,office,seoul,0,0,0,0,13,0,0,20,0,0,completed
29865,U9867,2025-12-22 16:17:00,2025-12-22 16:20:00,M,50+,office,seoul,0,0,0,0,14,0,0,42,0,0,completed
29866,U9868,2025-07-08 18:52:00,2025-07-08 18:55:00,M,20~29,office,seoul,0,0,0,0,14,0,0,53,0,0,completed
29867,U9869,2025-02-16 16:19:00,2025-02-16 16:22:00,F,50+,office,seoul,1,0,0,0,3,0,0,27,0,0,completed
29868,U9870,2025-01-28 20:11:00,2025-01-28 20:14:00,F,20~29,office,seoul,0,0,0,0,20,0,0,44,0,0,completed
29869,U9871,2025-02-10 14:08:00,2025-02-10 14:12:00,M,40~49,office,seoul,0,0,0,0,5,0,0,66,0,0,completed
29870,U9872,2025-06-05 13:52:00,2025-06-05 13:59:00,F,30~39,office,seoul,0,0,0,0,5,0,0,66,0,0,completed
29871,U9873,2025-04-01 16:00:00,2025-04-01 16:06:00,M,30~39,office,seoul,0,0,0,0,6,0,0,36,0,0,completed
29872,U9874,2025-05-01 11:41:00,2025-05-01 11:43:00,F,30~39,office,seoul,0,0,0,0,14,0,0,41,0,0,completed
29873,U9875,2025-04-17 14:14:00,2025-04-17 14:20:00,M,20~29,office,seoul,0,0,0,0,12,0,0,57,0,0,completed
29874,U9876,2025-05-20 12:35:00,2025-05-20 12:40:00,F,20~29,office,seoul,0,0,0,0,13,0,0,61,0,0,completed
29875,U9877,2025-12-26 19:28:00,2025-12-26 19:31:00,F,30~39,office,seoul,0,0,0,0,9,0,0,45,0,0,completed
29876,U9878,2025-10-02 19:13:00,2025-10-02 19:17:00,M,50+,office,seoul,0,0,0,0,23,0,0,60,0,1,completed
29877,U9879,2025-09-29 15:49:00,2025-09-29 15:54:00,F,30~39,office,seoul,0,0,0,0,29,0,0,63,0,0,completed
29878,U9880,2025-09-12 16:45:00,2025-09-12 16:52:00,F,30~39,office,seoul,0,0,0,0,0,0,0,21,0,0,abandoned
29879,U9881,2025-08-17 16:24:00,2025-08-17 16:30:00,F,30~39,office,seoul,1,0,0,0,6,0,0,28,0,0,completed
29880,U9882,2025-03-26 17:23:00,2025-03-26 17:25:00,M,30~39,office,seoul,0,0,0,0,20,0,0,79,0,0,error
29881,U9883,2025-01-21 16:25:00,2025-01-21 16:32:00,M,20~29,office,seoul,0,0,0,0,5,0,0,70,0,0,completed
29882,U9884,2025-09-27 19:38:00,2025-09-27 19:44:00,F,50+,office,seoul,1,0,0,0,22,0,0,73,0,0,completed
29883,U9885,2025-05-03 14:41:00,2025-05-03 14:47:00,F,30~39,office,seoul,1,0,0,0,8,0,0,38,0,0,completed
29884,U9886,2025-02-22 17:16:00,2025-02-22 17:20:00,M,30~39,office,seoul,1,0,0,0,1,0,0,20,0,0,completed
29885,U9887,2025-04-08 14:44:00,2025-04-08 14:46:00,M,20~29,office,seoul,0,0,0,0,19,0,0,28,0,0,completed
29886,U9888,2025-11-21 12:34:00,2025-11-21 12:40:00,F,40~49,office,seoul,0,0,0,0,15,0,0,15,0,0,completed
29887,U9889,2025-12-11 07:58:00,2025-12-11 08:02:00,M,50+,office,seoul,0,0,0,0,8,0,0,45,0,0,completed
29888,U9890,2025-07-07 12:25:00,2025-07-07 12:30:00,F,40~49,office,seoul,0,0,0,0,29,0,0,21,0,0,completed
29889,U9891,2025-12-22 14:30:00,2025-12-22 14:32:00,M,40~49,office,seoul,0,0,0,0,10,0,0,51,0,0,completed
29890,U9892,2025-04-30 19:03:00,2025-04-30 19:10:00,M,30~39,office,seoul,0,0,0,0,9,0,0,66,0,0,completed
29891,U9893,2025-08-20 22:26:00,2025-08-20 22:29:00,F,40~49,office,seoul,0,0,0,0,29,0,0,11,0,0,completed
29892,U9894,2025-05-23 11:32:00,2025-05-23 11:34:00,F,30~39,office,seoul,0,0,0,0,29,0,0,35,0,0,completed
29893,U9895,2025-01-20 16:03:00,2025-01-20 16:06:00,F,30~39,office,seoul,0,0,0,0,16,0,0,13,0,0,completed
29894,U9896,2025-11-26 20:42:00,2025-11-26 20:49:00,F,50+,office,seoul,0,0,0,0,9,0,0,57,0,0,completed
29895,U9897,2025-06-07 19:12:00,2025-06-07 19:16:00,F,30~39,office,seoul,1,0,0,0,10,0,0,40,0,0,completed
29896,U9898,2025-10-21 12:31:00,2025-10-21 12:34:00,F,40~49,office,seoul,0,0,0,0,16,0,0,42,0,0,completed
29897,U9899,2025-07-06 13:20:00,2025-07-06 13:22:00,M,50+,office,seoul,1,0,0,0,23,0,0,73,0,0,completed
29898,U9900,2025-12-06 13:18:00,2025-12-06 13:21:00,F,40~49,office,seoul,1,0,0,0,17,0,0,27,0,0,completed
29899,U9901,2025-11-05 22:05:00,2025-11-05 22:09:00,F,30~39,office,seoul,0,0,0,0,26,0,0,16,0,0,completed
29900,U9902,2025-10-13 09:56:00,2025-10-13 10:02:00,F,30~39,office,seoul,0,0,0,0,3,0,0,64,0,0,abandoned
29901,U9903,2025-07-17 16:51:00,2025-07-17 16:54:00,F,30~39,office,seoul,0,0,0,0,1,0,0,30,0,0,completed
29902,U9904,2025-05-07 09:20:00,2025-05-07 09:25:00,M,20~29,office,seoul,0,0,0,0,25,0,0,67,0,0,completed
29903,U9905,2025-08-11 18:40:00,2025-08-11 18:45:00,M,40~49,office,seoul,0,0,0,0,13,0,0,47,0,0,completed
29904,U9906,2025-09-23 19:37:00,2025-09-23 19:44:00,M,40~49,office,seoul,0,0,0,0,12,0,0,50,0,0,abandoned
29905,U9907,2025-02-22 17:17:00,2025-02-22 17:23:00,M,20~29,office,seoul,1,0,0,0,14,0,0,71,0,0,completed
29906,U9908,2025-07-18 14:08:00,2025-07-18 14:11:00,F,30~39,office,seoul,0,0,0,0,22,0,0,48,0,0,completed
29907,U9909,2025-09-10 14:38:00,2025-09-10 14:45:00,M,20~29,office,seoul,0,0,0,0,23,0,0,70,0,0,completed
29908,U9910,2025-01-31 12:38:00,2025-01-31 12:42:00,M,20~29,office,seoul,0,0,0,0,1,0,0,72,0,0,completed
29909,U9911,2025-06-05 12:05:00,2025-06-05 12:09:00,M,50+,office,seoul,0,0,0,0,19,0,0,22,0,0,completed
29910,U9912,2025-03-21 11:57:00,2025-03-21 12:01:00,F,20~29,office,seoul,0,0,0,0,12,0,0,59,0,0,completed
29911,U9913,2025-11-04 16:27:00,2025-11-04 16:29:00,M,50+,office,seoul,0,0,0,0,17,0,0,77,1,1,abandoned
29912,U9914,2025-11-01 12:51:00,2025-11-01 12:56:00,F,20~29,office,seoul,1,0,0,0,17,0,0,22,0,0,completed
29913,U9915,2025-02-01 07:30:00,2025-02-01 07:32:00,M,30~39,office,seoul,1,0,0,0,28,0,0,27,0,0,completed
29914,U9916,2025-04-21 19:00:00,2025-04-21 19:03:00,M,30~39,office,seoul,0,0,0,0,0,0,0,12,0,0,completed
29915,U9917,2025-03-01 17:21:00,2025-03-01 17:26:00,M,50+,office,seoul,1,0,0,0,14,0,0,32,0,0,completed
29916,U9918,2025-05-16 18:14:00,2025-05-16 18:18:00,F,30~39,office,seoul,0,0,0,0,20,0,0,22,0,0,completed
29917,U9919,2025-07-13 11:53:00,2025-07-13 11:56:00,M,20~29,office,seoul,1,0,0,0,18,0,0,25,0,0,completed
29918,U9920,2025-07-22 12:48:00,2025-07-22 12:50:00,M,20~29,office,seoul,0,0,0,0,18,0,0,21,0,0,completed
29919,U9921,2025-05-07 20:22:00,2025-05-07 20:24:00,M,30~39,office,seoul,0,0,0,0,14,0,0,23,0,0,completed
29920,U9922,2025-01-07 09:59:00,2025-01-07 10:01:00,M,30~39,office,seoul,0,0,0,0,0,0,0,46,0,0,completed
29921,U9923,2025-07-30 08:04:00,2025-07-30 08:10:00,M,50+,office,seoul,0,0,0,0,12,0,0,52,0,1,completed
29922,U9924,2025-02-04 14:27:00,2025-02-04 14:29:00,F,40~49,office,seoul,0,0,0,0,21,0,0,29,0,0,completed
29923,U9925,2025-10-18 16:03:00,2025-10-18 16:08:00,M,40~49,office,seoul,1,0,0,0,8,0,0,13,0,1,completed
29924,U9926,2025-01-22 20:10:00,2025-01-22 20:15:00,F,20~29,office,seoul,0,0,0,0,3,0,0,47,0,0,completed
29925,U9927,2025-01-23 12:49:00,2025-01-23 12:52:00,M,30~39,office,seoul,0,0,0,0,26,0,0,53,0,0,completed
29926,U9928,2025-05-13 14:50:00,2025-05-13 14:55:00,F,20~29,office,seoul,0,0,0,0,22,0,0,14,0,0,completed
29927,U9929,2025-12-05 17:51:00,2025-12-05 17:56:00,M,30~39,office,seoul,0,0,0,0,5,0,0,57,0,0,completed
29928,U9930,2025-12-23 13:46:00,2025-12-23 13:53:00,F,50+,office,seoul,0,0,0,0,9,0,0,52,0,0,completed
29929,U9931,2025-08-19 13:02:00,2025-08-19 13:08:00,F,50+,office,seoul,0,0,0,0,28,0,0,14,0,1,completed
29930,U9932,2025-10-18 11:26:00,2025-10-18 11:30:00,F,50+,office,seoul,1,0,0,0,5,0,0,63,0,0,completed
29931,U9933,2025-12-30 13:49:00,2025-12-30 13:52:00,F,20~29,office,seoul,0,0,0,0,22,0,0,20,0,0,completed
29932,U9934,2025-05-18 07:57:00,2025-05-18 08:04:00,F,20~29,office,seoul,1,0,0,0,6,0,0,57,0,0,completed
29933,U9935,2025-08-09 09:57:00,2025-08-09 10:02:00,F,30~39,office,seoul,1,0,0,0,9,0,0,20,0,0,completed
29934,U9936,2025-04-15 07:38:00,2025-04-15 07:44:00,F,20~29,office,seoul,0,0,0,0,12,0,0,66,0,0,abandoned
29935,U9937,2025-09-11 08:33:00,2025-09-11 08:38:00,F,20~29,office,seoul,0,0,0,0,4,0,0,14,0,0,completed
29936,U9938,2025-03-05 11:18:00,2025-03-05 11:25:00,M,20~29,office,seoul,0,0,0,0,1,0,0,18,0,0,completed
29937,U9939,2025-09-17 19:08:00,2025-09-17 19:14:00,F,50+,office,seoul,0,0,0,0,20,0,0,41,0,0,completed
29938,U9940,2025-05-17 20:38:00,2025-05-17 20:43:00,M,30~39,office,seoul,1,0,0,0,29,0,0,59,0,0,completed
29939,U9941,2025-06-10 15:47:00,2025-06-10 15:54:00,F,30~39,office,seoul,0,0,0,0,12,0,0,37,0,0,completed
29940,U9942,2025-10-29 16:00:00,2025-10-29 16:04:00,F,40~49,office,seoul,0,0,0,0,15,0,0,70,0,0,completed
29941,U9943,2025-03-08 16:42:00,2025-03-08 16:49:00,F,20~29,office,seoul,1,0,0,0,0,0,0,53,0,0,completed
29942,U9944,2025-05-14 14:44:00,2025-05-14 14:49:00,F,30~39,office,seoul,0,0,0,0,9,0,0,40,0,0,completed
29943,U9945,2025-06-18 11:41:00,2025-06-18 11:48:00,F,40~49,office,seoul,0,0,0,0,1,0,0,13,0,0,completed
29944,U9946,2025-05-31 13:10:00,2025-05-31 13:12:00,F,30~39,office,seoul,1,0,0,0,12,0,0,69,0,0,abandoned
29945,U9947,2025-01-24 15:00:00,2025-01-24 15:02:00,F,40~49,office,seoul,0,0,0,0,18,0,0,38,0,0,completed
29946,U9948,2025-11-05 16:13:00,2025-11-05 16:18:00,F,50+,office,seoul,0,0,0,0,6,0,0,19,0,0,completed
29947,U9949,2025-10-17 12:15:00,2025-10-17 12:21:00,F,30~39,office,seoul,0,0,0,0,4,0,0,44,0,0,completed
29948,U9950,2025-02-05 08:20:00,2025-02-05 08:27:00,M,50+,office,seoul,0,0,0,0,19,0,0,65,0,0,completed
29949,U9951,2025-08-28 14:42:00,2025-08-28 14:49:00,M,20~29,office,seoul,0,0,0,0,2,0,0,15,0,0,completed
29950,U9952,2025-01-23 13:46:00,2025-01-23 13:52:00,M,40~49,office,seoul,0,0,0,0,21,0,0,41,0,0,completed
29951,U9953,2025-12-29 13:23:00,2025-12-29 13:28:00,F,20~29,office,seoul,0,0,0,0,4,0,0,11,0,0,completed
29952,U9954,2025-07-02 20:49:00,2025-07-02 20:53:00,F,20~29,office,seoul,0,0,0,0,27,0,0,79,0,0,abandoned
29953,U9955,2025-01-12 11:14:00,2025-01-12 11:17:00,F,30~39,office,seoul,1,0,0,0,23,0,0,11,0,0,completed
29954,U9956,2025-04-24 12:21:00,2025-04-24 12:24:00,M,50+,office,seoul,0,0,0,0,20,0,0,79,0,0,completed
29955,U9957,2025-01-17 15:03:00,2025-01-17 15:08:00,F,40~49,office,seoul,0,0,0,0,4,0,0,52,0,0,abandoned
29956,U9958,2025-11-17 07:39:00,2025-11-17 07:42:00,M,20~29,office,seoul,0,0,0,0,25,0,0,35,0,0,completed
29957,U9959,2025-04-30 08:04:00,2025-04-30 08:11:00,F,20~29,office,seoul,0,0,0,0,14,0,0,51,0,0,error
29958,U9960,2025-01-31 15:52:00,2025-01-31 15:57:00,F,50+,office,seoul,0,0,0,0,24,0,0,74,0,0,completed
29959,U9961,2025-12-16 12:11:00,2025-12-16 12:14:00,F,30~39,office,seoul,0,0,0,0,27,0,0,67,0,0,completed
29960,U9962,2025-08-11 14:33:00,2025-08-11 14:39:00,F,20~29,office,seoul,0,0,0,0,10,0,0,48,0,0,completed
29961,U9963,2025-11-13 09:46:00,2025-11-13 09:48:00,M,30~39,office,seoul,0,0,0,0,9,0,0,39,0,0,completed
29962,U9964,2025-05-27 07:43:00,2025-05-27 07:45:00,F,40~49,office,seoul,0,0,0,0,1,0,0,18,0,0,completed
29963,U9965,2025-08-02 19:40:00,2025-08-02 19:44:00,F,20~29,office,seoul,1,0,0,0,3,0,0,15,0,0,completed
29964,U9966,2025-05-22 12:33:00,2025-05-22 12:35:00,F,50+,office,seoul,0,0,0,0,3,0,0,56,0,0,abandoned
29965,U9967,2025-01-15 18:32:00,2025-01-15 18:34:00,M,30~39,office,seoul,0,0,0,0,7,0,0,15,0,0,completed
29966,U9968,2025-02-21 19:47:00,2025-02-21 19:54:00,F,20~29,office,seoul,0,0,0,0,17,0,0,70,0,0,completed
29967,U9969,2025-06-11 13:35:00,2025-06-11 13:37:00,M,20~29,office,seoul,0,0,0,0,21,0,0,66,0,0,completed
29968,U9970,2025-06-18 18:08:00,2025-06-18 18:11:00,F,30~39,office,seoul,0,0,0,0,22,0,0,31,0,0,completed
29969,U9971,2025-07-10 15:19:00,2025-07-10 15:21:00,M,30~39,office,seoul,0,0,0,0,29,0,0,31,0,0,completed
29970,U9972,2025-11-06 13:27:00,2025-11-06 13:29:00,M,30~39,office,seoul,0,0,0,0,12,0,0,61,0,0,completed
29971,U9973,2025-01-19 16:00:00,2025-01-19 16:02:00,M,20~29,office,seoul,1,0,0,0,6,0,0,68,0,0,completed
29972,U9974,2025-04-23 12:04:00,2025-04-23 12:10:00,F,20~29,office,seoul,0,0,0,0,20,0,0,19,0,0,completed
29973,U9975,2025-02-21 15:52:00,2025-02-21 15:55:00,F,30~39,office,seoul,0,0,0,0,17,0,0,52,0,0,completed
29974,U9976,2025-10-31 07:12:00,2025-10-31 07:16:00,M,20~29,office,seoul,0,0,0,0,28,0,0,62,0,0,completed
29975,U9977,2025-08-19 21:47:00,2025-08-19 21:49:00,M,30~39,office,seoul,0,0,0,0,7,0,0,62,0,0,completed
29976,U9978,2025-02-10 13:24:00,2025-02-10 13:30:00,F,40~49,office,seoul,0,0,0,0,5,0,0,77,0,0,completed
29977,U9979,2025-07-21 11:51:00,2025-07-21 11:58:00,F,50+,office,seoul,0,0,0,0,23,0,0,26,1,0,completed
29978,U9980,2025-11-09 08:33:00,2025-11-09 08:40:00,F,40~49,office,seoul,1,0,0,0,15,0,0,58,0,0,error
29979,U9981,2025-11-15 15:33:00,2025-11-15 15:38:00,M,40~49,office,seoul,1,0,0,0,28,0,0,12,0,0,abandoned
29980,U9982,2025-11-20 15:50:00,2025-11-20 15:55:00,F,20~29,office,seoul,0,0,0,0,5,0,0,59,0,0,completed
29981,U9983,2025-10-24 21:15:00,2025-10-24 21:21:00,F,30~39,office,seoul,0,0,0,0,21,0,0,45,0,0,completed
29982,U9984,2025-10-25 15:44:00,2025-10-25 15:48:00,F,20~29,office,seoul,1,0,0,0,26,0,0,26,0,0,completed
29983,U9985,2025-07-24 08:44:00,2025-07-24 08:51:00,M,40~49,office,seoul,0,0,0,0,15,0,0,13,0,0,completed
29984,U9986,2025-05-31 22:09:00,2025-05-31 22:11:00,M,20~29,office,seoul,1,0,0,0,1,0,0,56,0,0,completed
29985,U9987,2025-07-30 12:12:00,2025-07-30 12:17:00,F,30~39,office,seoul,0,0,0,0,5,0,0,51,0,0,completed
29986,U9988,2025-10-27 17:35:00,2025-10-27 17:40:00,M,20~29,office,seoul,0,0,0,0,18,0,0,38,0,0,completed
29987,U9989,2025-03-08 16:00:00,2025-03-08 16:04:00,M,30~39,office,seoul,1,0,0,0,22,0,0,31,0,0,completed
29988,U9990,2025-08-17 17:36:00,2025-08-17 17:39:00,M,20~29,office,seoul,1,0,0,0,18,0,0,55,0,0,completed
29989,U9991,2025-12-29 21:24:00,2025-12-29 21:31:00,M,20~29,office,seoul,0,0,0,0,28,0,0,47,0,0,completed
29990,U9992,2025-04-30 11:54:00,2025-04-30 12:01:00,M,20~29,office,seoul,0,0,0,0,16,0,0,53,0,0,completed
29991,U9993,2025-05-03 16:50:00,2025-05-03 16:54:00,M,20~29,office,seoul,1,0,0,0,21,0,0,25,0,0,completed
29992,U9994,2025-09-13 19:55:00,2025-09-13 19:58:00,F,40~49,office,seoul,1,0,0,0,27,0,0,67,0,0,completed
29993,U9995,2025-02-13 15:15:00,2025-02-13 15:21:00,M,30~39,office,seoul,0,0,0,0,25,0,0,52,0,0,completed
29994,U9996,2025-07-25 09:18:00,2025-07-25 09:25:00,F,30~39,office,seoul,0,0,0,0,0,0,0,29,0,0,completed
29995,U9997,2025-08-13 13:24:00,2025-08-13 13:27:00,F,30~39,office,seoul,0,0,0,0,23,0,0,17,1,0,completed
29996,U9998,2025-06-03 12:10:00,2025-06-03 12:16:00,M,20~29,office,seoul,0,0,0,0,8,0,0,54,0,0,completed
29997,U0000,2025-09-12 13:20:00,2025-09-12 13:23:00,F,30~39,office,seoul,0,0,0,0,21,0,0,39,0,0,completed
29998,U0001,2025-10-14 14:56:00,2025-10-14 15:01:00,M,40~49,office,seoul,0,0,0,0,9,0,0,63,0,0,completed
29999,U0002,2025-12-10 08:28:00,2025-12-10 08:33:00,M,20~29,office,seoul,0,0,0,0,2,0,0,56,0,0,completed
30000,U0003,2025-04-25 09:45:00,2025-04-25 09:47:00,M,30~39,office,seoul,0,0,0,0,5,0,0,66,0,0,completed
30001,U0004,2025-06-13 20:39:00,2025-06-13 20:45:00,F,20~29,office,seoul,0,0,0,0,7,0,0,23,0,0,completed
30002,U0005,2025-01-02 21:16:00,2025-01-02 21:20:00,F,30~39,office,seoul,0,0,0,0,9,0,0,55,0,0,completed
30003,U0006,2025-01-08 18:41:00,2025-01-08 18:48:00,F,40~49,office,seoul,0,0,0,0,2,0,0,62,0,0,completed
30004,U0007,2025-03-21 21:11:00,2025-03-21 21:17:00,F,20~29,office,seoul,0,0,0,0,28,0,0,18,0,0,abandoned
30005,U0008,2025-12-01 09:41:00,2025-12-01 09:43:00,M,40~49,office,seoul,0,0,0,0,16,0,0,51,0,0,abandoned
30006,U0009,2025-09-11 19:59:00,2025-09-11 20:04:00,M,20~29,office,seoul,0,0,0,0,29,0,0,28,0,0,completed
30007,U0010,2025-01-17 18:50:00,2025-01-17 18:56:00,M,20~29,office,seoul,0,0,0,0,17,0,0,34,0,0,completed
30008,U0011,2025-03-23 14:33:00,2025-03-23 14:37:00,F,20~29,office,seoul,1,0,0,0,25,0,0,75,0,0,completed
30009,U0012,2025-10-24 11:17:00,2025-10-24 11:20:00,M,20~29,office,seoul,0,0,0,0,29,0,0,20,0,0,completed
30010,U0013,2025-04-24 08:26:00,2025-04-24 08:32:00,F,40~49,office,seoul,0,0,0,0,1,0,0,11,0,0,completed
30011,U0014,2025-08-04 13:15:00,2025-08-04 13:18:00,M,20~29,office,seoul,0,0,0,0,24,0,0,35,1,0,completed
30012,U0015,2025-08-09 12:10:00,2025-08-09 12:15:00,M,20~29,office,seoul,1,0,0,0,18,0,0,12,1,0,completed
30013,U0016,2025-11-27 08:04:00,2025-11-27 08:07:00,F,20~29,office,seoul,0,0,0,0,21,0,0,40,0,0,completed
30014,U0017,2025-12-20 16:07:00,2025-12-20 16:12:00,M,30~39,office,seoul,1,0,0,0,7,0,0,77,0,0,completed
30015,U0018,2025-09-15 17:14:00,2025-09-15 17:19:00,F,20~29,office,seoul,0,0,0,0,2,0,0,29,0,0,completed
30016,U0019,2025-05-11 12:07:00,2025-05-11 12:13:00,M,20~29,office,seoul,1,0,0,0,18,0,0,56,0,0,completed
30017,U0020,2025-07-13 20:01:00,2025-07-13 20:07:00,F,20~29,office,seoul,1,0,0,0,18,0,0,67,0,0,completed
30018,U0021,2025-06-19 19:34:00,2025-06-19 19:39:00,F,20~29,office,seoul,0,0,0,0,5,0,0,27,0,0,completed
30019,U0022,2025-03-03 15:41:00,2025-03-03 15:44:00,F,20~29,office,seoul,0,0,0,0,0,0,0,22,0,0,completed
30020,U0023,2025-07-02 12:35:00,2025-07-02 12:42:00,M,20~29,office,seoul,0,0,0,0,8,0,0,74,0,0,completed
30021,U0024,2025-06-18 11:26:00,2025-06-18 11:33:00,M,50+,office,seoul,0,0,0,0,29,0,0,42,0,0,completed
30022,U0025,2025-04-17 15:24:00,2025-04-17 15:27:00,F,40~49,office,seoul,0,0,0,0,27,0,0,47,0,0,abandoned
30023,U0026,2025-07-10 19:46:00,2025-07-10 19:49:00,F,20~29,office,seoul,0,0,0,0,21,0,0,45,0,0,completed
30024,U0027,2025-07-24 18:27:00,2025-07-24 18:30:00,F,40~49,office,seoul,0,0,0,0,27,0,0,17,0,0,completed
30025,U0028,2025-08-07 08:53:00,2025-08-07 08:56:00,F,30~39,office,seoul,0,0,0,0,26,0,0,60,0,0,completed
30026,U0029,2025-08-09 08:48:00,2025-08-09 08:52:00,M,50+,office,seoul,1,0,0,0,27,0,0,23,0,0,completed
30027,U0030,2025-12-23 19:04:00,2025-12-23 19:06:00,M,20~29,office,seoul,0,0,0,0,17,0,0,64,0,0,completed
30028,U0031,2025-11-01 18:43:00,2025-11-01 18:50:00,F,20~29,office,seoul,1,0,0,0,12,0,0,54,0,0,completed
30029,U0032,2025-12-20 18:40:00,2025-12-20 18:47:00,M,20~29,office,seoul,1,0,0,0,22,0,0,39,0,0,completed
30030,U0033,2025-04-26 12:53:00,2025-04-26 12:58:00,F,40~49,office,seoul,1,0,0,0,0,0,0,62,0,0,completed
30031,U0034,2025-08-06 09:19:00,2025-08-06 09:21:00,F,20~29,office,seoul,0,0,0,0,22,0,0,65,0,0,completed
30032,U0035,2025-09-26 09:08:00,2025-09-26 09:15:00,M,20~29,office,seoul,0,0,0,0,29,0,0,25,0,0,completed
30033,U0036,2025-10-04 19:22:00,2025-10-04 19:29:00,M,30~39,office,seoul,1,0,0,0,6,0,0,27,0,0,completed
30034,U0037,2025-10-04 15:01:00,2025-10-04 15:04:00,M,20~29,office,seoul,1,0,0,0,18,0,0,22,0,0,completed
30035,U0038,2025-01-07 12:38:00,2025-01-07 12:43:00,M,30~39,office,seoul,0,0,0,0,14,0,0,24,0,0,abandoned
30036,U0039,2025-07-06 08:58:00,2025-07-06 09:05:00,F,40~49,office,seoul,1,0,0,0,6,0,0,27,0,0,completed
30037,U0040,2025-03-05 19:42:00,2025-03-05 19:49:00,F,20~29,office,seoul,0,0,0,0,6,0,0,74,0,0,completed
30038,U0041,2025-09-21 11:56:00,2025-09-21 11:59:00,F,40~49,office,seoul,1,0,0,0,5,0,0,17,0,0,abandoned
30039,U0042,2025-03-18 09:31:00,2025-03-18 09:34:00,F,20~29,office,seoul,0,0,0,0,11,0,0,23,0,0,completed
30040,U0043,2025-03-05 11:51:00,2025-03-05 11:53:00,M,20~29,office,seoul,0,0,0,0,27,0,0,56,0,0,timeout
30041,U0044,2025-01-24 14:15:00,2025-01-24 14:19:00,M,20~29,office,seoul,0,0,0,0,28,0,0,37,0,0,completed
30042,U0045,2025-12-10 13:12:00,2025-12-10 13:16:00,M,30~39,office,seoul,0,0,0,0,22,0,0,37,0,0,completed
30043,U0046,2025-09-02 17:02:00,2025-09-02 17:04:00,F,30~39,office,seoul,0,0,0,0,20,0,0,30,0,0,completed
30044,U0047,2025-10-16 14:49:00,2025-10-16 14:52:00,F,50+,office,seoul,0,0,0,0,6,0,0,13,0,0,completed
30045,U0048,2025-03-13 14:56:00,2025-03-13 14:58:00,M,30~39,office,seoul,0,0,0,0,17,0,0,17,0,0,completed
30046,U0049,2025-05-08 13:23:00,2025-05-08 13:28:00,F,40~49,office,seoul,0,0,0,0,21,0,0,41,0,0,completed
30047,U0050,2025-04-17 13:16:00,2025-04-17 13:21:00,M,30~39,office,seoul,0,0,0,0,13,0,0,67,0,0,completed
30048,U0051,2025-07-04 07:59:00,2025-07-04 08:04:00,F,20~29,office,seoul,0,0,0,0,20,0,0,12,0,0,completed
30049,U0052,2025-09-22 15:58:00,2025-09-22 16:05:00,F,40~49,office,seoul,0,0,0,0,27,0,0,48,0,0,completed
30050,U0053,2025-09-25 19:28:00,2025-09-25 19:35:00,M,30~39,office,seoul,0,0,0,0,10,0,0,26,0,0,completed
30051,U0054,2025-01-05 07:28:00,2025-01-05 07:34:00,M,50+,office,seoul,1,0,0,0,6,0,0,43,0,0,completed
30052,U0055,2025-08-14 19:09:00,2025-08-14 19:11:00,F,50+,office,seoul,0,0,0,0,23,0,0,70,0,0,completed
30053,U0056,2025-04-13 15:43:00,2025-04-13 15:49:00,F,30~39,office,seoul,1,0,0,0,8,0,0,44,0,0,completed
30054,U0057,2025-11-05 15:17:00,2025-11-05 15:21:00,F,20~29,office,seoul,0,0,0,0,0,0,0,53,0,0,completed
30055,U0058,2025-02-08 14:55:00,2025-02-08 15:01:00,F,40~49,office,seoul,1,0,0,0,19,0,0,12,0,0,completed
30056,U0059,2025-11-19 15:37:00,2025-11-19 15:41:00,M,50+,office,seoul,0,0,0,0,5,0,0,64,0,0,completed
30057,U0060,2025-08-10 17:55:00,2025-08-10 17:59:00,M,50+,office,seoul,1,0,0,0,17,0,0,76,0,0,completed
30058,U0061,2025-12-25 18:34:00,2025-12-25 18:37:00,F,40~49,office,seoul,0,0,0,0,15,0,0,53,0,0,completed
30059,U0062,2025-04-22 15:40:00,2025-04-22 15:42:00,M,40~49,office,seoul,0,0,0,0,1,0,0,10,0,0,completed
30060,U0063,2025-06-17 16:20:00,2025-06-17 16:27:00,F,30~39,office,seoul,0,0,0,0,26,0,0,30,0,0,completed
30061,U0064,2025-09-12 07:38:00,2025-09-12 07:41:00,M,20~29,office,seoul,0,0,0,0,16,0,0,37,0,0,abandoned
30062,U0065,2025-05-28 22:54:00,2025-05-28 22:58:00,M,50+,office,seoul,0,0,0,0,22,0,0,35,0,0,completed
30063,U0066,2025-12-31 21:21:00,2025-12-31 21:27:00,F,50+,office,seoul,0,0,0,0,10,0,0,71,0,0,completed
30064,U0067,2025-01-07 09:27:00,2025-01-07 09:29:00,F,30~39,office,seoul,0,0,0,0,10,0,0,16,0,0,completed
30065,U0068,2025-07-29 12:04:00,2025-07-29 12:08:00,F,30~39,office,seoul,0,0,0,0,14,0,0,69,0,0,completed
30066,U0069,2025-04-26 12:33:00,2025-04-26 12:38:00,F,20~29,office,seoul,1,0,0,0,9,0,0,36,0,0,completed
30067,U0070,2025-12-25 09:43:00,2025-12-25 09:48:00,F,30~39,office,seoul,0,0,0,0,14,0,0,71,0,0,completed
30068,U0071,2025-01-03 13:54:00,2025-01-03 13:58:00,F,30~39,office,seoul,0,0,0,0,7,0,0,31,0,0,completed
30069,U0072,2025-09-09 18:30:00,2025-09-09 18:35:00,M,50+,office,seoul,0,0,0,0,18,0,0,70,0,1,completed
30070,U0073,2025-12-02 19:22:00,2025-12-02 19:26:00,F,50+,office,seoul,0,0,0,0,7,0,0,58,0,0,completed
30071,U0074,2025-02-11 16:08:00,2025-02-11 16:14:00,F,20~29,office,seoul,0,0,0,0,4,0,0,74,0,0,completed
30072,U0075,2025-12-26 15:25:00,2025-12-26 15:27:00,M,30~39,office,seoul,0,0,0,0,15,0,0,77,0,0,abandoned
30073,U0076,2025-12-31 14:23:00,2025-12-31 14:27:00,F,20~29,office,seoul,0,0,0,0,2,0,0,26,0,0,completed
30074,U0077,2025-11-17 15:24:00,2025-11-17 15:26:00,M,20~29,office,seoul,0,0,0,0,12,0,0,41,0,0,completed
30075,U0078,2025-08-09 14:10:00,2025-08-09 14:16:00,F,40~49,office,seoul,1,0,0,0,9,0,0,11,0,0,completed
30076,U0079,2025-07-19 08:12:00,2025-07-19 08:14:00,M,20~29,office,seoul,1,0,0,0,7,0,0,37,0,0,completed
30077,U0080,2025-01-29 22:12:00,2025-01-29 22:15:00,M,30~39,office,seoul,0,0,0,0,5,0,0,17,0,0,completed
30078,U0081,2025-01-22 18:05:00,2025-01-22 18:08:00,F,20~29,office,seoul,0,0,0,0,17,0,0,17,0,0,abandoned
30079,U0082,2025-10-20 16:40:00,2025-10-20 16:46:00,F,50+,office,seoul,0,0,0,0,3,0,0,39,0,0,completed
30080,U0083,2025-08-07 14:50:00,2025-08-07 14:55:00,M,20~29,office,seoul,0,0,0,0,2,0,0,42,0,0,completed
30081,U0084,2025-10-02 14:11:00,2025-10-02 14:17:00,F,30~39,office,seoul,0,0,0,0,14,0,0,13,0,0,completed
30082,U0085,2025-01-17 12:28:00,2025-01-17 12:33:00,F,40~49,office,seoul,0,0,0,0,3,0,0,79,0,0,completed
30083,U0086,2025-11-27 14:50:00,2025-11-27 14:55:00,F,40~49,office,seoul,0,0,0,0,22,0,0,30,0,0,completed
30084,U0087,2025-01-22 07:14:00,2025-01-22 07:17:00,M,20~29,office,seoul,0,0,0,0,3,0,0,72,0,0,completed
30085,U0088,2025-02-24 08:20:00,2025-02-24 08:24:00,F,20~29,office,seoul,0,0,0,0,16,0,0,14,0,0,completed
30086,U0089,2025-02-26 18:03:00,2025-02-26 18:07:00,F,30~39,office,seoul,0,0,0,0,3,0,0,51,0,0,completed
30087,U0090,2025-07-16 17:54:00,2025-07-16 18:01:00,F,20~29,office,seoul,0,0,0,0,2,0,0,29,0,0,completed
30088,U0091,2025-11-06 15:10:00,2025-11-06 15:16:00,F,20~29,office,seoul,0,0,0,0,29,0,0,37,0,0,completed
30089,U0092,2025-02-22 16:04:00,2025-02-22 16:10:00,F,20~29,office,seoul,1,0,0,0,27,0,0,54,0,0,completed
30090,U0093,2025-02-24 11:30:00,2025-02-24 11:37:00,F,50+,office,seoul,0,0,0,0,4,0,0,57,0,0,completed
30091,U0094,2025-11-24 18:49:00,2025-11-24 18:55:00,F,40~49,office,seoul,0,0,0,0,0,0,0,73,0,0,completed
30092,U0095,2025-11-24 18:41:00,2025-11-24 18:46:00,M,30~39,office,seoul,0,0,0,0,16,0,0,53,0,0,completed
30093,U0096,2025-05-16 07:01:00,2025-05-16 07:03:00,M,40~49,office,seoul,0,0,0,0,7,0,0,34,0,0,completed
30094,U0097,2025-02-21 17:21:00,2025-02-21 17:24:00,M,50+,office,seoul,0,0,0,0,25,0,0,19,1,0,completed
30095,U0098,2025-01-08 17:25:00,2025-01-08 17:32:00,F,20~29,office,seoul,0,0,0,0,21,0,0,51,0,0,completed
30096,U0099,2025-06-13 18:05:00,2025-06-13 18:12:00,F,40~49,office,seoul,0,0,0,0,23,0,0,29,0,0,completed
30097,U0100,2025-10-14 17:24:00,2025-10-14 17:30:00,F,40~49,office,seoul,0,0,0,0,16,0,0,23,0,0,completed
30098,U0101,2025-08-07 08:54:00,2025-08-07 09:01:00,F,20~29,office,seoul,0,0,0,0,5,0,0,33,0,0,completed
30099,U0102,2025-10-05 11:28:00,2025-10-05 11:32:00,M,30~39,office,seoul,1,0,0,0,20,0,0,58,0,0,completed
30100,U0103,2025-12-11 09:55:00,2025-12-11 10:00:00,F,30~39,office,seoul,0,0,0,0,2,0,0,66,0,0,completed
30101,U0104,2025-07-15 11:37:00,2025-07-15 11:43:00,F,30~39,office,seoul,0,0,0,0,28,0,0,58,0,0,completed
30102,U0105,2025-09-25 07:46:00,2025-09-25 07:53:00,F,30~39,office,seoul,0,0,0,0,21,0,0,73,0,0,abandoned
30103,U0106,2025-12-25 20:18:00,2025-12-25 20:25:00,F,40~49,office,seoul,0,0,0,0,21,0,0,39,0,0,completed
30104,U0107,2025-08-17 15:20:00,2025-08-17 15:22:00,F,20~29,office,seoul,1,0,0,0,20,0,0,70,0,0,completed
30105,U0108,2025-08-22 18:00:00,2025-08-22 18:04:00,F,40~49,office,seoul,0,0,0,0,7,0,0,41,0,0,completed
30106,U0109,2025-10-27 08:34:00,2025-10-27 08:37:00,F,30~39,office,seoul,0,0,0,0,18,0,0,75,0,0,completed
30107,U0110,2025-02-12 17:08:00,2025-02-12 17:10:00,F,50+,office,seoul,0,0,0,0,26,0,0,52,0,0,abandoned
30108,U0111,2025-02-02 07:26:00,2025-02-02 07:33:00,M,30~39,office,seoul,1,0,0,0,8,0,0,20,0,0,completed
30109,U0112,2025-03-18 17:00:00,2025-03-18 17:05:00,F,20~29,office,seoul,0,0,0,0,2,0,0,20,0,0,completed
30110,U0113,2025-09-07 15:17:00,2025-09-07 15:21:00,M,30~39,office,seoul,1,0,0,0,12,0,0,36,0,0,completed
30111,U0114,2025-11-30 15:28:00,2025-11-30 15:34:00,M,20~29,office,seoul,1,0,0,0,3,0,0,37,0,0,completed
30112,U0115,2025-09-10 14:51:00,2025-09-10 14:54:00,F,40~49,office,seoul,0,0,0,0,17,0,0,23,0,0,completed
30113,U0116,2025-05-20 17:41:00,2025-05-20 17:45:00,F,40~49,office,seoul,0,0,0,0,10,0,0,38,0,0,completed
30114,U0117,2025-10-26 18:38:00,2025-10-26 18:40:00,M,20~29,office,seoul,1,0,0,0,11,0,0,21,0,0,completed
30115,U0118,2025-07-07 13:15:00,2025-07-07 13:18:00,M,50+,office,seoul,0,0,0,0,7,0,0,26,0,0,completed
30116,U0119,2025-05-12 07:16:00,2025-05-12 07:18:00,F,30~39,office,seoul,0,0,0,0,8,0,0,44,0,0,completed
30117,U0120,2025-07-04 11:49:00,2025-07-04 11:54:00,F,40~49,office,seoul,0,0,0,0,10,0,0,44,0,0,error
30118,U0121,2025-05-13 19:08:00,2025-05-13 19:14:00,F,40~49,office,seoul,0,0,0,0,2,0,0,10,0,0,completed
30119,U0122,2025-10-30 18:07:00,2025-10-30 18:09:00,F,20~29,office,seoul,0,0,0,0,20,0,0,16,0,0,completed
30120,U0123,2025-06-24 17:10:00,2025-06-24 17:16:00,M,50+,office,seoul,0,0,0,0,6,0,0,31,0,0,completed
30121,U0124,2025-11-16 14:06:00,2025-11-16 14:08:00,M,20~29,office,seoul,1,0,0,0,9,0,0,33,0,0,completed
30122,U0125,2025-01-12 09:41:00,2025-01-12 09:43:00,F,20~29,office,seoul,1,0,0,0,28,0,0,62,0,0,abandoned
30123,U0126,2025-11-15 13:28:00,2025-11-15 13:32:00,M,20~29,office,seoul,1,0,0,0,0,0,0,37,0,0,completed
30124,U0127,2025-02-24 14:20:00,2025-02-24 14:26:00,M,40~49,office,seoul,0,0,0,0,10,0,0,47,0,0,completed
30125,U0128,2025-02-12 12:39:00,2025-02-12 12:44:00,F,20~29,office,seoul,0,0,0,0,6,0,0,68,0,0,completed
30126,U0129,2025-08-11 12:52:00,2025-08-11 12:57:00,F,20~29,office,seoul,0,0,0,0,24,0,0,12,0,0,completed
30127,U0130,2025-01-24 07:48:00,2025-01-24 07:51:00,M,20~29,office,seoul,0,0,0,0,2,0,0,57,1,0,completed
30128,U0131,2025-12-14 16:13:00,2025-12-14 16:16:00,F,30~39,office,seoul,1,0,0,0,9,0,0,79,0,0,completed
30129,U0132,2025-04-11 21:40:00,2025-04-11 21:42:00,M,30~39,office,seoul,0,0,0,0,14,0,0,41,0,0,completed
30130,U0133,2025-04-26 14:59:00,2025-04-26 15:02:00,M,50+,office,seoul,1,0,0,0,10,0,0,34,0,0,completed
30131,U0134,2025-12-17 16:39:00,2025-12-17 16:46:00,M,20~29,office,seoul,0,0,0,0,26,0,0,45,0,0,completed
30132,U0135,2025-10-21 07:51:00,2025-10-21 07:54:00,F,50+,office,seoul,0,0,0,0,0,0,0,76,0,0,completed
30133,U0136,2025-09-20 11:57:00,2025-09-20 11:59:00,M,50+,office,seoul,1,0,0,0,22,0,0,44,0,0,completed
30134,U0137,2025-03-22 07:50:00,2025-03-22 07:55:00,M,30~39,office,seoul,1,0,0,0,19,0,0,68,0,0,completed
30135,U0138,2025-08-26 12:46:00,2025-08-26 12:53:00,F,20~29,office,seoul,0,0,0,0,12,0,0,78,0,0,completed
30136,U0139,2025-06-21 15:27:00,2025-06-21 15:33:00,M,30~39,office,seoul,1,0,0,0,8,0,0,72,0,0,completed
30137,U0140,2025-06-16 18:02:00,2025-06-16 18:08:00,F,20~29,office,seoul,0,0,0,0,23,0,0,30,0,0,completed
30138,U0141,2025-05-13 22:46:00,2025-05-13 22:51:00,F,30~39,office,seoul,0,0,0,0,18,0,0,35,0,0,completed
30139,U0142,2025-04-26 07:43:00,2025-04-26 07:48:00,M,40~49,office,seoul,1,0,0,0,21,0,0,29,0,0,completed
30140,U0143,2025-10-25 15:33:00,2025-10-25 15:40:00,M,40~49,office,seoul,1,0,0,0,19,0,0,56,0,0,completed
30141,U0144,2025-04-18 12:00:00,2025-04-18 12:07:00,M,20~29,office,seoul,0,0,0,0,18,0,0,10,0,0,abandoned
30142,U0145,2025-12-04 08:10:00,2025-12-04 08:13:00,F,40~49,office,seoul,0,0,0,0,23,0,0,19,0,0,completed
30143,U0146,2025-03-21 15:50:00,2025-03-21 15:53:00,M,20~29,office,seoul,0,0,0,0,17,0,0,52,0,0,completed
30144,U0147,2025-11-13 13:23:00,2025-11-13 13:26:00,F,30~39,office,seoul,0,0,0,0,28,0,0,77,0,0,timeout
30145,U0148,2025-03-04 08:33:00,2025-03-04 08:36:00,F,30~39,office,seoul,0,0,0,0,8,0,0,74,0,1,timeout
30146,U0149,2025-12-06 20:45:00,2025-12-06 20:50:00,F,20~29,office,seoul,1,0,0,0,7,0,0,63,0,0,abandoned
30147,U0150,2025-09-24 22:01:00,2025-09-24 22:07:00,F,40~49,office,seoul,0,0,0,0,0,0,0,66,0,0,completed
30148,U0151,2025-12-05 14:44:00,2025-12-05 14:46:00,F,40~49,office,seoul,0,0,0,0,6,0,0,52,0,0,completed
30149,U0152,2025-08-24 13:36:00,2025-08-24 13:43:00,F,40~49,office,seoul,1,0,0,0,4,0,0,74,0,0,completed
30150,U0153,2025-04-26 08:01:00,2025-04-26 08:05:00,M,40~49,office,seoul,1,0,0,0,7,0,0,12,0,0,completed
30151,U0154,2025-01-04 13:54:00,2025-01-04 13:56:00,M,50+,office,seoul,1,0,0,0,23,0,0,37,0,0,completed
30152,U0155,2025-05-12 14:10:00,2025-05-12 14:14:00,M,30~39,office,seoul,0,0,0,0,24,0,0,63,0,0,completed
30153,U0156,2025-06-04 15:27:00,2025-06-04 15:32:00,M,20~29,office,seoul,0,0,0,0,11,0,0,12,0,0,completed
30154,U0157,2025-11-26 13:21:00,2025-11-26 13:24:00,F,20~29,office,seoul,0,0,0,0,21,0,0,65,0,0,completed
30155,U0158,2025-12-08 15:33:00,2025-12-08 15:39:00,F,40~49,office,seoul,0,0,0,0,18,0,0,19,0,0,completed
30156,U0159,2025-06-23 08:56:00,2025-06-23 09:02:00,M,50+,office,seoul,0,0,0,0,4,0,0,41,1,0,completed
30157,U0160,2025-08-21 08:08:00,2025-08-21 08:14:00,F,40~49,office,seoul,0,0,0,0,28,0,0,20,0,0,error
30158,U0161,2025-10-18 12:07:00,2025-10-18 12:13:00,M,40~49,office,seoul,1,0,0,0,22,0,0,40,0,0,completed
30159,U0162,2025-11-10 11:32:00,2025-11-10 11:35:00,F,50+,office,seoul,0,0,0,0,15,0,0,47,0,0,completed
30160,U0163,2025-09-19 09:15:00,2025-09-19 09:21:00,F,20~29,office,seoul,0,0,0,0,13,0,0,30,0,0,completed
30161,U0164,2025-01-03 17:20:00,2025-01-03 17:26:00,F,40~49,office,seoul,0,0,0,0,27,0,0,48,0,0,completed
30162,U0165,2025-12-01 20:22:00,2025-12-01 20:26:00,F,50+,office,seoul,0,0,0,0,4,0,0,32,0,0,completed
30163,U0166,2025-11-23 08:09:00,2025-11-23 08:15:00,F,40~49,office,seoul,1,0,0,0,16,0,0,63,0,0,completed
30164,U0167,2025-12-12 08:39:00,2025-12-12 08:45:00,M,30~39,office,seoul,0,0,0,0,10,0,0,18,0,0,completed
30165,U0168,2025-09-13 14:15:00,2025-09-13 14:17:00,M,30~39,office,seoul,1,0,0,0,16,0,0,70,0,0,completed
30166,U0169,2025-10-10 12:24:00,2025-10-10 12:30:00,F,50+,office,seoul,0,0,0,0,16,0,0,55,1,1,completed
30167,U0170,2025-08-22 13:51:00,2025-08-22 13:58:00,F,20~29,office,seoul,0,0,0,0,23,0,0,16,0,0,abandoned
30168,U0171,2025-01-05 08:35:00,2025-01-05 08:38:00,F,30~39,office,seoul,1,0,0,0,2,0,0,41,0,0,completed
30169,U0172,2025-02-04 07:58:00,2025-02-04 08:02:00,F,50+,office,seoul,0,0,0,0,28,0,0,49,0,0,completed
30170,U0173,2025-12-29 11:19:00,2025-12-29 11:22:00,F,50+,office,seoul,0,0,0,0,23,0,0,22,0,1,completed
30171,U0174,2025-06-25 12:09:00,2025-06-25 12:15:00,M,30~39,office,seoul,0,0,0,0,21,0,0,40,0,0,completed
30172,U0175,2025-11-04 07:28:00,2025-11-04 07:30:00,M,20~29,office,seoul,0,0,0,0,22,0,0,53,0,0,completed
30173,U0176,2025-02-24 09:07:00,2025-02-24 09:11:00,F,50+,office,seoul,0,0,0,0,18,0,0,70,0,0,completed
30174,U0177,2025-10-08 13:47:00,2025-10-08 13:51:00,F,30~39,office,seoul,0,0,0,0,15,0,0,76,0,0,completed
30175,U0178,2025-08-09 14:17:00,2025-08-09 14:23:00,F,20~29,office,seoul,1,0,0,0,24,0,0,33,0,0,completed
30176,U0179,2025-08-26 15:48:00,2025-08-26 15:55:00,F,40~49,office,seoul,0,0,0,0,27,0,0,31,0,0,completed
30177,U0180,2025-02-02 13:59:00,2025-02-02 14:05:00,M,30~39,office,seoul,1,0,0,0,13,0,0,68,0,0,completed
30178,U0181,2025-02-03 12:01:00,2025-02-03 12:05:00,F,20~29,office,seoul,0,0,0,0,11,0,0,71,0,0,abandoned
30179,U0182,2025-06-19 13:28:00,2025-06-19 13:35:00,M,20~29,office,seoul,0,0,0,0,25,0,0,67,0,0,completed
30180,U0183,2025-02-18 15:38:00,2025-02-18 15:42:00,F,30~39,office,seoul,0,0,0,0,3,0,0,41,0,0,completed
30181,U0184,2025-05-13 08:10:00,2025-05-13 08:16:00,F,40~49,office,seoul,0,0,0,0,27,0,0,32,0,0,completed
30182,U0185,2025-01-11 07:57:00,2025-01-11 08:04:00,M,20~29,office,seoul,1,0,0,0,3,0,0,51,0,0,completed
30183,U0186,2025-12-27 20:39:00,2025-12-27 20:46:00,M,40~49,office,seoul,1,0,0,0,8,0,0,25,0,0,completed
30184,U0187,2025-08-02 15:54:00,2025-08-02 15:57:00,F,40~49,office,seoul,1,0,0,0,5,0,0,11,0,0,completed
30185,U0188,2025-09-27 14:04:00,2025-09-27 14:11:00,F,40~49,office,seoul,1,0,0,0,15,0,0,67,0,0,completed
30186,U0189,2025-01-01 13:24:00,2025-01-01 13:30:00,M,40~49,office,seoul,0,0,0,0,7,0,0,52,0,0,completed
30187,U0190,2025-07-12 17:21:00,2025-07-12 17:25:00,M,30~39,office,seoul,1,0,0,0,28,0,0,61,0,0,completed
30188,U0191,2025-05-19 17:09:00,2025-05-19 17:16:00,F,50+,office,seoul,0,0,0,0,11,0,0,20,0,0,completed
30189,U0192,2025-12-28 16:52:00,2025-12-28 16:59:00,M,50+,office,seoul,1,0,0,0,26,0,0,75,0,0,completed
30190,U0193,2025-01-25 11:58:00,2025-01-25 12:03:00,M,20~29,office,seoul,1,0,0,0,12,0,0,36,0,0,completed
30191,U0194,2025-02-10 07:34:00,2025-02-10 07:36:00,M,50+,office,seoul,0,0,0,0,7,0,0,64,1,0,completed
30192,U0195,2025-01-20 16:04:00,2025-01-20 16:07:00,F,20~29,office,seoul,0,0,0,0,9,0,0,50,0,0,completed
30193,U0196,2025-03-26 22:04:00,2025-03-26 22:08:00,M,20~29,office,seoul,0,0,0,0,11,0,0,39,0,0,completed
30194,U0197,2025-01-31 15:40:00,2025-01-31 15:46:00,F,20~29,office,seoul,0,0,0,0,24,0,0,71,0,0,completed
30195,U0198,2025-08-14 18:58:00,2025-08-14 19:00:00,F,20~29,office,seoul,0,0,0,0,22,0,0,64,0,0,completed
30196,U0199,2025-06-22 20:02:00,2025-06-22 20:05:00,M,50+,office,seoul,1,0,0,0,28,0,0,78,0,0,completed
30197,U0200,2025-04-20 16:34:00,2025-04-20 16:38:00,F,40~49,office,seoul,1,0,0,0,21,0,0,57,0,0,completed
30198,U0201,2025-03-01 20:44:00,2025-03-01 20:50:00,M,20~29,office,seoul,1,0,0,0,10,0,0,12,0,0,completed
30199,U0202,2025-12-23 09:36:00,2025-12-23 09:40:00,M,30~39,office,seoul,0,0,0,0,25,0,0,36,0,0,completed
30200,U0203,2025-12-03 12:22:00,2025-12-03 12:24:00,M,30~39,office,seoul,0,0,0,0,28,0,0,56,0,0,completed
30201,U0204,2025-06-26 12:14:00,2025-06-26 12:20:00,M,50+,office,seoul,0,0,0,0,12,0,0,64,0,0,completed
30202,U0205,2025-03-01 12:35:00,2025-03-01 12:39:00,F,30~39,office,seoul,1,0,0,0,26,0,0,27,0,0,completed
30203,U0206,2025-02-06 15:04:00,2025-02-06 15:07:00,F,40~49,office,seoul,0,0,0,0,29,0,0,19,0,0,completed
30204,U0207,2025-08-28 19:40:00,2025-08-28 19:46:00,F,20~29,office,seoul,0,0,0,0,2,0,0,65,0,0,completed
30205,U0208,2025-04-03 17:36:00,2025-04-03 17:39:00,F,20~29,office,seoul,0,0,0,0,7,0,0,13,0,0,completed
30206,U0209,2025-02-22 18:34:00,2025-02-22 18:40:00,M,30~39,office,seoul,1,0,0,0,3,0,0,79,0,0,completed
30207,U0210,2025-08-05 11:02:00,2025-08-05 11:07:00,M,30~39,office,seoul,0,0,0,0,13,0,0,28,0,0,completed
30208,U0211,2025-11-28 17:01:00,2025-11-28 17:05:00,F,30~39,office,seoul,0,0,0,0,19,0,0,18,0,0,completed
30209,U0212,2025-09-30 17:44:00,2025-09-30 17:48:00,M,50+,office,seoul,0,0,0,0,27,0,0,34,0,0,completed
30210,U0213,2025-04-22 12:36:00,2025-04-22 12:40:00,F,50+,office,seoul,0,0,0,0,9,0,0,61,0,0,completed
30211,U0214,2025-10-15 12:07:00,2025-10-15 12:13:00,M,20~29,office,seoul,0,0,0,0,16,0,0,72,0,0,completed
30212,U0215,2025-04-27 15:13:00,2025-04-27 15:17:00,M,20~29,office,seoul,1,0,0,0,11,0,0,64,0,0,completed
30213,U0216,2025-05-26 07:37:00,2025-05-26 07:41:00,M,30~39,office,seoul,0,0,0,0,14,0,0,64,0,0,completed
30214,U0217,2025-06-21 12:17:00,2025-06-21 12:21:00,M,30~39,office,seoul,1,0,0,0,16,0,0,18,0,0,completed
30215,U0218,2025-09-06 13:45:00,2025-09-06 13:52:00,F,20~29,office,seoul,1,0,0,0,3,0,0,29,0,0,completed
30216,U0219,2025-11-11 19:26:00,2025-11-11 19:33:00,M,20~29,office,seoul,0,0,0,0,21,0,0,68,0,0,completed
30217,U0220,2025-02-27 15:23:00,2025-02-27 15:25:00,M,40~49,office,seoul,0,0,0,0,28,0,0,36,0,1,completed
30218,U0221,2025-08-24 18:03:00,2025-08-24 18:07:00,F,50+,office,seoul,1,0,0,0,16,0,0,24,0,1,completed
30219,U0222,2025-09-29 12:58:00,2025-09-29 13:01:00,M,50+,office,seoul,0,0,0,0,0,0,0,61,0,0,completed
30220,U0223,2025-07-11 12:25:00,2025-07-11 12:30:00,M,20~29,office,seoul,0,0,0,0,12,0,0,68,0,0,error
30221,U0224,2025-12-24 15:43:00,2025-12-24 15:47:00,M,20~29,office,seoul,0,0,0,0,23,0,0,63,0,0,completed
30222,U0225,2025-06-20 07:04:00,2025-06-20 07:09:00,F,40~49,office,seoul,0,0,0,0,11,0,0,53,0,0,completed
30223,U0226,2025-07-03 20:28:00,2025-07-03 20:31:00,F,50+,office,seoul,0,0,0,0,24,0,0,69,0,0,completed
30224,U0227,2025-01-26 08:39:00,2025-01-26 08:44:00,F,20~29,office,seoul,1,0,0,0,24,0,0,54,0,0,completed
30225,U0228,2025-10-11 14:51:00,2025-10-11 14:53:00,M,30~39,office,seoul,1,0,0,0,6,0,0,75,0,0,completed
30226,U0229,2025-10-23 17:54:00,2025-10-23 17:56:00,F,50+,office,seoul,0,0,0,0,24,0,0,60,0,0,completed
30227,U0230,2025-10-27 13:20:00,2025-10-27 13:22:00,F,30~39,office,seoul,0,0,0,0,27,0,0,28,0,0,completed
30228,U0231,2025-05-24 17:22:00,2025-05-24 17:24:00,M,50+,office,seoul,1,0,0,0,5,0,0,41,0,0,completed
30229,U0232,2025-11-27 18:40:00,2025-11-27 18:43:00,M,30~39,office,seoul,0,0,0,0,18,0,0,50,0,0,error
30230,U0233,2025-02-16 14:02:00,2025-02-16 14:07:00,F,20~29,office,seoul,1,0,0,0,11,0,0,65,0,0,abandoned
30231,U0234,2025-11-28 17:49:00,2025-11-28 17:54:00,F,20~29,office,seoul,0,0,0,0,6,0,0,77,0,0,completed
30232,U0235,2025-02-25 15:20:00,2025-02-25 15:22:00,M,30~39,office,seoul,0,0,0,0,25,0,0,71,0,0,completed
30233,U0236,2025-12-30 08:21:00,2025-12-30 08:23:00,F,40~49,office,seoul,0,0,0,0,27,0,0,33,0,0,abandoned
30234,U0237,2025-09-30 22:53:00,2025-09-30 22:58:00,F,20~29,office,seoul,0,0,0,0,29,0,0,19,0,0,completed
30235,U0238,2025-03-19 20:32:00,2025-03-19 20:36:00,F,50+,office,seoul,0,0,0,0,12,0,0,53,1,0,completed
30236,U0239,2025-12-21 16:18:00,2025-12-21 16:24:00,F,50+,office,seoul,1,0,0,0,15,0,0,18,0,0,completed
30237,U0240,2025-12-10 12:52:00,2025-12-10 12:55:00,F,30~39,office,seoul,0,0,0,0,23,0,0,56,0,0,completed
30238,U0241,2025-05-09 20:22:00,2025-05-09 20:26:00,M,30~39,office,seoul,0,0,0,0,28,0,0,55,0,0,completed
30239,U0242,2025-12-04 16:09:00,2025-12-04 16:11:00,M,50+,office,seoul,0,0,0,0,19,0,0,17,0,0,completed
30240,U0243,2025-05-23 09:12:00,2025-05-23 09:18:00,F,20~29,office,seoul,0,0,0,0,3,0,0,26,0,0,abandoned
30241,U0244,2025-07-22 15:58:00,2025-07-22 16:00:00,F,20~29,office,seoul,0,0,0,0,10,0,0,55,0,0,completed
30242,U0245,2025-11-19 21:53:00,2025-11-19 21:59:00,F,50+,office,seoul,0,0,0,0,16,0,0,77,0,0,completed
30243,U0246,2025-05-29 08:47:00,2025-05-29 08:50:00,F,50+,office,seoul,0,0,0,0,21,0,0,37,0,0,completed
30244,U0247,2025-10-18 12:41:00,2025-10-18 12:44:00,F,50+,office,seoul,1,0,0,0,26,0,0,72,0,0,completed
30245,U0248,2025-09-14 16:28:00,2025-09-14 16:30:00,M,20~29,office,seoul,1,0,0,0,6,0,0,40,0,0,error
30246,U0249,2025-03-03 17:30:00,2025-03-03 17:37:00,M,20~29,office,seoul,0,0,0,0,24,0,0,65,0,0,completed
30247,U0250,2025-12-18 09:05:00,2025-12-18 09:11:00,F,20~29,office,seoul,0,0,0,0,26,0,0,12,0,0,timeout
30248,U0251,2025-07-08 18:14:00,2025-07-08 18:21:00,F,40~49,office,seoul,0,0,0,0,19,0,0,70,0,0,completed
30249,U0252,2025-06-06 22:42:00,2025-06-06 22:45:00,M,20~29,office,seoul,0,0,0,0,21,0,0,32,0,0,completed
30250,U0253,2025-08-20 14:07:00,2025-08-20 14:09:00,F,20~29,office,seoul,0,0,0,0,2,0,0,58,0,0,timeout
30251,U0254,2025-08-23 13:43:00,2025-08-23 13:47:00,M,30~39,office,seoul,1,0,0,0,0,0,0,70,0,0,timeout
30252,U0255,2025-08-17 21:05:00,2025-08-17 21:08:00,F,50+,office,seoul,1,0,0,0,27,0,0,20,0,0,completed
30253,U0256,2025-05-30 16:48:00,2025-05-30 16:51:00,M,30~39,office,seoul,0,0,0,0,17,0,0,41,0,0,completed
30254,U0257,2025-11-03 07:19:00,2025-11-03 07:21:00,F,20~29,office,seoul,0,0,0,0,7,0,0,23,0,0,completed
30255,U0258,2025-12-31 17:27:00,2025-12-31 17:32:00,F,20~29,office,seoul,0,0,0,0,29,0,0,53,0,0,completed
30256,U0259,2025-07-24 12:10:00,2025-07-24 12:16:00,M,40~49,office,seoul,0,0,0,0,26,0,0,13,0,0,completed
30257,U0260,2025-08-28 09:06:00,2025-08-28 09:10:00,F,20~29,office,seoul,0,0,0,0,16,0,0,59,0,0,completed
30258,U0261,2025-10-20 09:27:00,2025-10-20 09:33:00,F,50+,office,seoul,0,0,0,0,1,0,0,21,0,0,completed
30259,U0262,2025-01-16 14:07:00,2025-01-16 14:12:00,F,20~29,office,seoul,0,0,0,0,19,0,0,60,0,0,completed
30260,U0263,2025-12-11 16:30:00,2025-12-11 16:32:00,F,20~29,office,seoul,0,0,0,0,13,0,0,30,0,0,completed
30261,U0264,2025-11-30 15:46:00,2025-11-30 15:51:00,M,40~49,office,seoul,1,0,0,0,17,0,0,30,0,0,completed
30262,U0265,2025-06-03 18:07:00,2025-06-03 18:14:00,F,20~29,office,seoul,0,0,0,0,21,0,0,43,0,0,completed
30263,U0266,2025-06-29 12:27:00,2025-06-29 12:31:00,M,50+,office,seoul,1,0,0,0,6,0,0,71,0,1,timeout
30264,U0267,2025-11-22 18:54:00,2025-11-22 18:59:00,M,30~39,office,seoul,1,0,0,0,17,0,0,15,0,0,completed
30265,U0268,2025-09-30 12:27:00,2025-09-30 12:32:00,F,30~39,office,seoul,0,0,0,0,26,0,0,16,0,0,completed
30266,U0269,2025-05-15 08:27:00,2025-05-15 08:32:00,M,20~29,office,seoul,0,0,0,0,4,0,0,39,0,0,completed
30267,U0270,2025-11-01 08:03:00,2025-11-01 08:10:00,F,40~49,office,seoul,1,0,0,0,27,0,0,30,0,0,completed
30268,U0271,2025-01-03 20:29:00,2025-01-03 20:32:00,M,40~49,office,seoul,0,0,0,0,19,0,0,33,0,0,completed
30269,U0272,2025-12-21 19:56:00,2025-12-21 19:59:00,M,20~29,office,seoul,1,0,0,0,24,0,0,32,0,0,abandoned
30270,U0273,2025-07-10 13:51:00,2025-07-10 13:54:00,M,30~39,office,seoul,0,0,0,0,6,0,0,61,0,0,completed
30271,U0274,2025-05-10 12:53:00,2025-05-10 12:55:00,M,20~29,office,seoul,1,0,0,0,4,0,0,70,0,0,completed
30272,U0275,2025-07-26 08:28:00,2025-07-26 08:32:00,M,50+,office,seoul,1,0,0,0,14,0,0,73,0,0,completed
30273,U0276,2025-09-25 16:04:00,2025-09-25 16:10:00,F,20~29,office,seoul,0,0,0,0,19,0,0,56,0,0,completed
30274,U0277,2025-05-02 12:45:00,2025-05-02 12:48:00,F,20~29,office,seoul,0,0,0,0,21,0,0,37,0,0,completed
30275,U0278,2025-09-14 12:56:00,2025-09-14 13:01:00,F,20~29,office,seoul,1,0,0,0,7,0,0,68,0,0,completed
30276,U0279,2025-12-28 14:55:00,2025-12-28 14:59:00,M,50+,office,seoul,1,0,0,0,12,0,0,32,0,0,completed
30277,U0280,2025-08-17 14:02:00,2025-08-17 14:06:00,F,20~29,office,seoul,1,0,0,0,26,0,0,31,0,0,completed
30278,U0281,2025-12-03 16:49:00,2025-12-03 16:55:00,M,50+,office,seoul,0,0,0,0,10,0,0,55,0,0,completed
30279,U0282,2025-02-12 12:40:00,2025-02-12 12:43:00,F,20~29,office,seoul,0,0,0,0,18,0,0,11,0,0,abandoned
30280,U0283,2025-02-25 09:13:00,2025-02-25 09:16:00,M,20~29,office,seoul,0,0,0,0,24,0,0,49,0,0,completed
30281,U0284,2025-12-18 07:59:00,2025-12-18 08:02:00,F,50+,office,seoul,0,0,0,0,4,0,0,66,0,0,completed
30282,U0285,2025-10-08 16:11:00,2025-10-08 16:14:00,F,30~39,office,seoul,0,0,0,0,6,0,0,28,0,0,completed
30283,U0286,2025-01-14 09:10:00,2025-01-14 09:12:00,M,50+,office,seoul,0,0,0,0,24,0,0,33,0,0,completed
30284,U0287,2025-03-10 15:03:00,2025-03-10 15:10:00,F,30~39,office,seoul,0,0,0,0,22,0,0,51,0,0,timeout
30285,U0288,2025-08-03 12:33:00,2025-08-03 12:36:00,M,20~29,office,seoul,1,0,0,0,14,0,0,46,0,0,completed
30286,U0289,2025-09-26 15:08:00,2025-09-26 15:10:00,F,30~39,office,seoul,0,0,0,0,8,0,0,24,0,0,completed
30287,U0290,2025-01-06 15:22:00,2025-01-06 15:29:00,M,20~29,office,seoul,0,0,0,0,0,0,0,52,0,0,completed
30288,U0291,2025-04-30 12:37:00,2025-04-30 12:43:00,M,20~29,office,seoul,0,0,0,0,12,0,0,17,0,0,completed
30289,U0292,2025-03-15 19:36:00,2025-03-15 19:39:00,F,40~49,office,seoul,1,0,0,0,20,0,0,10,1,0,completed
30290,U0293,2025-06-25 14:38:00,2025-06-25 14:41:00,M,30~39,office,seoul,0,0,0,0,19,0,0,64,0,0,completed
30291,U0294,2025-06-12 08:35:00,2025-06-12 08:42:00,M,20~29,office,seoul,0,0,0,0,0,0,0,37,0,0,completed
30292,U0295,2025-03-30 17:42:00,2025-03-30 17:48:00,M,20~29,office,seoul,1,0,0,0,23,0,0,43,0,0,completed
30293,U0296,2025-02-02 20:31:00,2025-02-02 20:36:00,F,30~39,office,seoul,1,0,0,0,25,0,0,68,0,0,completed
30294,U0297,2025-03-13 07:18:00,2025-03-13 07:22:00,F,30~39,office,seoul,0,0,0,0,26,0,0,76,0,0,completed
30295,U0298,2025-03-27 07:29:00,2025-03-27 07:34:00,F,40~49,office,seoul,0,0,0,0,14,0,0,17,0,0,completed
30296,U0299,2025-04-14 15:29:00,2025-04-14 15:35:00,M,40~49,office,seoul,0,0,0,0,5,0,0,78,0,0,completed
30297,U0300,2025-08-23 14:38:00,2025-08-23 14:44:00,F,40~49,office,seoul,1,0,0,0,7,0,0,17,0,0,completed
30298,U0301,2025-04-04 18:48:00,2025-04-04 18:50:00,F,30~39,office,seoul,0,0,0,0,26,0,0,53,0,0,completed
30299,U0302,2025-09-19 08:21:00,2025-09-19 08:28:00,F,20~29,office,seoul,0,0,0,0,10,0,0,58,0,0,completed
30300,U0303,2025-02-15 18:59:00,2025-02-15 19:04:00,F,20~29,office,seoul,1,0,0,0,4,0,0,61,0,0,completed
30301,U0304,2025-05-06 17:35:00,2025-05-06 17:42:00,M,40~49,office,seoul,0,0,0,0,18,0,0,17,0,0,timeout
30302,U0305,2025-06-12 11:29:00,2025-06-12 11:33:00,M,20~29,office,seoul,0,0,0,0,22,0,0,22,0,0,completed
30303,U0306,2025-08-16 15:09:00,2025-08-16 15:12:00,M,20~29,office,seoul,1,0,0,0,7,0,0,75,0,0,completed
30304,U0307,2025-02-02 12:11:00,2025-02-02 12:18:00,F,20~29,office,seoul,1,0,0,0,7,0,0,47,0,0,completed
30305,U0308,2025-11-02 13:01:00,2025-11-02 13:03:00,F,20~29,office,seoul,1,0,0,0,5,0,0,78,0,0,abandoned
30306,U0309,2025-12-01 15:15:00,2025-12-01 15:20:00,F,20~29,office,seoul,0,0,0,0,26,0,0,42,0,0,completed
30307,U0310,2025-02-03 20:42:00,2025-02-03 20:49:00,F,30~39,office,seoul,0,0,0,0,16,0,0,69,0,0,completed
30308,U0311,2025-10-21 18:36:00,2025-10-21 18:40:00,F,30~39,office,seoul,0,0,0,0,13,0,0,13,0,0,completed
30309,U0312,2025-08-09 14:16:00,2025-08-09 14:23:00,M,20~29,office,seoul,1,0,0,0,0,0,0,66,0,0,completed
30310,U0313,2025-12-23 09:08:00,2025-12-23 09:15:00,F,50+,office,seoul,0,0,0,0,12,0,0,73,0,0,completed
30311,U0314,2025-08-03 12:53:00,2025-08-03 12:55:00,M,30~39,office,seoul,1,0,0,0,25,0,0,41,0,0,completed
30312,U0315,2025-05-24 19:54:00,2025-05-24 19:59:00,F,40~49,office,seoul,1,0,0,0,11,0,0,45,0,0,completed
30313,U0316,2025-12-15 22:10:00,2025-12-15 22:17:00,F,40~49,office,seoul,0,0,0,0,6,0,0,79,0,0,completed
30314,U0317,2025-02-17 17:47:00,2025-02-17 17:54:00,F,50+,office,seoul,0,0,0,0,26,0,0,10,0,0,completed
30315,U0318,2025-04-21 11:39:00,2025-04-21 11:45:00,F,50+,office,seoul,0,0,0,0,7,0,0,26,0,0,completed
30316,U0319,2025-02-09 16:19:00,2025-02-09 16:25:00,M,40~49,office,seoul,1,0,0,0,3,0,0,22,0,0,completed
30317,U0320,2025-10-06 11:47:00,2025-10-06 11:54:00,M,30~39,office,seoul,0,0,0,0,12,0,0,64,0,0,completed
30318,U0321,2025-05-26 15:39:00,2025-05-26 15:43:00,F,40~49,office,seoul,0,0,0,0,24,0,0,15,0,0,completed
30319,U0322,2025-12-03 16:08:00,2025-12-03 16:14:00,M,30~39,office,seoul,0,0,0,0,7,0,0,49,0,0,completed
30320,U0323,2025-09-14 13:47:00,2025-09-14 13:52:00,M,30~39,office,seoul,1,0,0,0,3,0,0,37,0,0,timeout
30321,U0324,2025-07-19 12:29:00,2025-07-19 12:32:00,F,20~29,office,seoul,1,0,0,0,11,0,0,34,0,0,completed
30322,U0325,2025-12-09 14:33:00,2025-12-09 14:37:00,F,30~39,office,seoul,0,0,0,0,26,0,0,50,0,0,completed
30323,U0326,2025-12-14 12:31:00,2025-12-14 12:35:00,M,50+,office,seoul,1,0,0,0,28,0,0,67,0,0,completed
30324,U0327,2025-08-16 13:01:00,2025-08-16 13:04:00,M,30~39,office,seoul,1,0,0,0,1,0,0,77,0,0,completed
30325,U0328,2025-05-11 11:53:00,2025-05-11 11:56:00,F,50+,office,seoul,1,0,0,0,15,0,0,76,0,0,completed
30326,U0329,2025-04-06 09:50:00,2025-04-06 09:53:00,M,40~49,office,seoul,1,0,0,0,4,0,0,38,0,0,completed
30327,U0330,2025-07-31 14:55:00,2025-07-31 15:00:00,M,40~49,office,seoul,0,0,0,0,1,0,0,21,0,0,abandoned
30328,U0331,2025-03-14 12:49:00,2025-03-14 12:53:00,M,40~49,office,seoul,0,0,0,0,16,0,0,69,0,0,completed
30329,U0332,2025-03-18 09:14:00,2025-03-18 09:16:00,F,30~39,office,seoul,0,0,0,0,0,0,0,27,0,0,completed
30330,U0333,2025-09-26 16:20:00,2025-09-26 16:22:00,M,40~49,office,seoul,0,0,0,0,26,0,0,39,0,0,completed
30331,U0334,2025-04-30 16:09:00,2025-04-30 16:13:00,F,20~29,office,seoul,0,0,0,0,15,0,0,42,0,0,completed
30332,U0335,2025-01-15 18:03:00,2025-01-15 18:06:00,M,30~39,office,seoul,0,0,0,0,25,0,0,29,0,0,completed
30333,U0336,2025-01-21 09:58:00,2025-01-21 10:01:00,M,20~29,office,seoul,0,0,0,0,3,0,0,15,0,0,completed
30334,U0337,2025-10-16 09:34:00,2025-10-16 09:36:00,F,30~39,office,seoul,0,0,0,0,13,0,0,25,0,0,completed
30335,U0338,2025-01-13 08:41:00,2025-01-13 08:47:00,F,40~49,office,seoul,0,0,0,0,27,0,0,59,0,0,completed
30336,U0339,2025-02-19 13:15:00,2025-02-19 13:19:00,M,30~39,office,seoul,0,0,0,0,22,0,0,15,0,0,completed
30337,U0340,2025-01-12 13:02:00,2025-01-12 13:06:00,M,30~39,office,seoul,1,0,0,0,27,0,0,75,0,0,completed
30338,U0341,2025-04-24 15:42:00,2025-04-24 15:47:00,F,30~39,office,seoul,0,0,0,0,12,0,0,37,0,0,completed
30339,U0342,2025-01-08 16:47:00,2025-01-08 16:51:00,F,40~49,office,seoul,0,0,0,0,23,0,0,51,0,0,completed
30340,U0343,2025-01-25 14:35:00,2025-01-25 14:38:00,M,30~39,office,seoul,1,0,0,0,23,0,0,63,0,0,completed
30341,U0344,2025-08-11 16:56:00,2025-08-11 16:58:00,F,20~29,office,seoul,0,0,0,0,12,0,0,18,0,0,completed
30342,U0345,2025-09-28 11:44:00,2025-09-28 11:48:00,M,30~39,office,seoul,1,0,0,0,12,0,0,34,0,0,abandoned
30343,U0346,2025-02-14 08:55:00,2025-02-14 09:02:00,M,30~39,office,seoul,0,0,0,0,4,0,0,30,0,0,completed
30344,U0347,2025-05-19 13:17:00,2025-05-19 13:22:00,M,30~39,office,seoul,0,0,0,0,25,0,0,57,0,0,completed
30345,U0348,2025-05-18 12:34:00,2025-05-18 12:40:00,F,50+,office,seoul,1,0,0,0,16,0,0,18,0,0,completed
30346,U0349,2025-03-04 09:12:00,2025-03-04 09:14:00,F,20~29,office,seoul,0,0,0,0,23,0,0,28,0,0,completed
30347,U0350,2025-06-12 13:12:00,2025-06-12 13:14:00,M,20~29,office,seoul,0,0,0,0,8,0,0,70,0,0,completed
30348,U0351,2025-08-13 17:47:00,2025-08-13 17:54:00,F,30~39,office,seoul,0,0,0,0,17,0,0,41,0,0,completed
30349,U0352,2025-02-05 09:44:00,2025-02-05 09:46:00,F,30~39,office,seoul,0,0,0,0,22,0,0,58,0,0,completed
30350,U0353,2025-02-08 12:50:00,2025-02-08 12:57:00,M,40~49,office,seoul,1,0,0,0,3,0,0,48,0,0,completed
30351,U0354,2025-04-07 07:01:00,2025-04-07 07:08:00,M,40~49,office,seoul,0,0,0,0,8,0,0,28,0,0,completed
30352,U0355,2025-09-16 15:35:00,2025-09-16 15:41:00,F,40~49,office,seoul,0,0,0,0,22,0,0,10,0,0,error
30353,U0356,2025-02-23 20:00:00,2025-02-23 20:06:00,F,20~29,office,seoul,1,0,0,0,2,0,0,28,0,0,abandoned
30354,U0357,2025-01-19 18:51:00,2025-01-19 18:53:00,F,50+,office,seoul,1,0,0,0,22,0,0,29,0,0,completed
30355,U0358,2025-09-18 08:18:00,2025-09-18 08:20:00,F,20~29,office,seoul,0,0,0,0,19,0,0,61,0,0,completed
30356,U0359,2025-08-05 09:20:00,2025-08-05 09:26:00,F,20~29,office,seoul,0,0,0,0,10,0,0,15,0,0,error
30357,U0360,2025-08-14 12:21:00,2025-08-14 12:26:00,F,30~39,office,seoul,0,0,0,0,8,0,0,43,0,0,completed
30358,U0361,2025-09-30 18:44:00,2025-09-30 18:46:00,M,50+,office,seoul,0,0,0,0,29,0,0,10,0,0,completed
30359,U0362,2025-03-17 14:28:00,2025-03-17 14:31:00,F,20~29,office,seoul,0,0,0,0,20,0,0,68,0,0,completed
30360,U0363,2025-12-30 09:53:00,2025-12-30 10:00:00,F,20~29,office,seoul,0,0,0,0,20,0,0,60,0,0,completed
30361,U0364,2025-04-24 15:34:00,2025-04-24 15:37:00,F,40~49,office,seoul,0,0,0,0,3,0,0,27,0,0,completed
30362,U0365,2025-08-21 15:16:00,2025-08-21 15:18:00,M,30~39,office,seoul,0,0,0,0,25,0,0,29,0,0,completed
30363,U0366,2025-02-15 21:25:00,2025-02-15 21:31:00,F,20~29,office,seoul,1,0,0,0,4,0,0,67,0,0,abandoned
30364,U0367,2025-09-17 14:38:00,2025-09-17 14:44:00,F,30~39,office,seoul,0,0,0,0,5,0,0,12,0,0,completed
30365,U0368,2025-02-18 13:05:00,2025-02-18 13:11:00,M,30~39,office,seoul,0,0,0,0,4,0,0,76,0,0,completed
30366,U0369,2025-03-31 12:29:00,2025-03-31 12:36:00,M,40~49,office,seoul,0,0,0,0,11,0,0,49,0,0,error
30367,U0370,2025-12-02 15:04:00,2025-12-02 15:07:00,M,50+,office,seoul,0,0,0,0,3,0,0,56,0,0,completed
30368,U0371,2025-12-31 09:35:00,2025-12-31 09:40:00,M,20~29,office,seoul,0,0,0,0,22,0,0,27,0,0,abandoned
30369,U0372,2025-04-29 11:44:00,2025-04-29 11:51:00,F,30~39,office,seoul,0,0,0,0,23,0,0,41,0,0,completed
30370,U0373,2025-10-17 12:47:00,2025-10-17 12:53:00,F,20~29,office,seoul,0,0,0,0,19,0,0,57,0,0,completed
30371,U0374,2025-10-03 14:35:00,2025-10-03 14:38:00,F,30~39,office,seoul,0,0,0,0,25,0,0,20,0,0,completed
30372,U0375,2025-01-08 13:51:00,2025-01-08 13:57:00,M,30~39,office,seoul,0,0,0,0,9,0,0,17,0,0,completed
30373,U0376,2025-09-03 18:54:00,2025-09-03 18:57:00,F,50+,office,seoul,0,0,0,0,24,0,0,32,0,0,completed
30374,U0377,2025-08-26 09:34:00,2025-08-26 09:38:00,F,30~39,office,seoul,0,0,0,0,29,0,0,73,0,0,completed
30375,U0378,2025-09-19 15:04:00,2025-09-19 15:07:00,F,20~29,office,seoul,0,0,0,0,19,0,0,20,0,0,completed
30376,U0379,2025-05-23 22:09:00,2025-05-23 22:14:00,F,20~29,office,seoul,0,0,0,0,0,0,0,50,0,0,completed
30377,U0380,2025-05-19 07:52:00,2025-05-19 07:54:00,M,30~39,office,seoul,0,0,0,0,23,0,0,70,0,0,completed
30378,U0381,2025-04-26 17:51:00,2025-04-26 17:56:00,F,20~29,office,seoul,1,0,0,0,17,0,0,17,0,0,completed
30379,U0382,2025-06-08 12:55:00,2025-06-08 13:02:00,F,20~29,office,seoul,1,0,0,0,27,0,0,17,0,0,completed
30380,U0383,2025-04-12 09:58:00,2025-04-12 10:03:00,F,50+,office,seoul,1,0,0,0,23,0,0,20,0,0,completed
30381,U0384,2025-12-26 17:54:00,2025-12-26 17:59:00,M,20~29,office,seoul,0,0,0,0,14,0,0,70,0,0,completed
30382,U0385,2025-08-11 20:52:00,2025-08-11 20:54:00,F,20~29,office,seoul,0,0,0,0,8,0,0,48,0,0,completed
30383,U0386,2025-08-18 09:42:00,2025-08-18 09:45:00,F,50+,office,seoul,0,0,0,0,13,0,0,19,0,0,abandoned
30384,U0387,2025-10-26 17:40:00,2025-10-26 17:42:00,F,30~39,office,seoul,1,0,0,0,0,0,0,70,0,0,completed
30385,U0388,2025-03-24 15:28:00,2025-03-24 15:35:00,F,30~39,office,seoul,0,0,0,0,0,0,0,64,0,0,completed
30386,U0389,2025-11-03 16:25:00,2025-11-03 16:31:00,M,30~39,office,seoul,0,0,0,0,29,0,0,73,1,0,completed
30387,U0390,2025-10-11 12:30:00,2025-10-11 12:32:00,M,30~39,office,seoul,1,0,0,0,7,0,0,14,0,0,completed
30388,U0391,2025-09-29 12:35:00,2025-09-29 12:41:00,F,20~29,office,seoul,0,0,0,0,3,0,0,12,0,0,completed
30389,U0392,2025-07-02 21:48:00,2025-07-02 21:53:00,F,30~39,office,seoul,0,0,0,0,13,0,0,58,0,0,completed
30390,U0393,2025-12-16 20:14:00,2025-12-16 20:17:00,F,30~39,office,seoul,0,0,0,0,10,0,0,53,0,0,completed
30391,U0394,2025-04-25 22:20:00,2025-04-25 22:22:00,F,20~29,office,seoul,0,0,0,0,16,0,0,66,1,0,completed
30392,U0395,2025-05-28 17:17:00,2025-05-28 17:22:00,F,40~49,office,seoul,0,0,0,0,29,0,0,55,0,0,completed
30393,U0396,2025-07-20 17:49:00,2025-07-20 17:51:00,F,20~29,office,seoul,1,0,0,0,4,0,0,47,0,0,completed
30394,U0397,2025-11-14 18:49:00,2025-11-14 18:54:00,F,30~39,office,seoul,0,0,0,0,25,0,0,11,0,0,abandoned
30395,U0398,2025-12-12 16:19:00,2025-12-12 16:25:00,F,30~39,office,seoul,0,0,0,0,3,0,0,43,0,0,completed
30396,U0399,2025-01-08 09:56:00,2025-01-08 10:02:00,F,20~29,office,seoul,0,0,0,0,14,0,0,38,0,0,timeout
30397,U0400,2025-09-09 13:53:00,2025-09-09 13:55:00,F,50+,office,seoul,0,0,0,0,29,0,0,34,0,0,completed
30398,U0401,2025-01-23 20:01:00,2025-01-23 20:08:00,F,30~39,office,seoul,0,0,0,0,12,0,0,28,0,0,completed
30399,U0402,2025-12-15 21:59:00,2025-12-15 22:03:00,F,20~29,office,seoul,0,0,0,0,29,0,0,66,0,0,abandoned
30400,U0403,2025-01-18 14:32:00,2025-01-18 14:35:00,F,20~29,office,seoul,1,0,0,0,28,0,0,17,0,0,completed
30401,U0404,2025-09-29 13:55:00,2025-09-29 13:59:00,M,30~39,office,seoul,0,0,0,0,21,0,0,23,0,0,completed
30402,U0405,2025-02-04 17:59:00,2025-02-04 18:04:00,M,40~49,office,seoul,0,0,0,0,24,0,0,31,0,0,completed
30403,U0406,2025-12-29 21:10:00,2025-12-29 21:15:00,M,30~39,office,seoul,0,0,0,0,16,0,0,13,0,0,completed
30404,U0407,2025-06-14 11:12:00,2025-06-14 11:17:00,M,20~29,office,seoul,1,0,0,0,21,0,0,17,0,0,completed
30405,U0408,2025-07-15 16:16:00,2025-07-15 16:20:00,F,40~49,office,seoul,0,0,0,0,15,0,0,50,0,0,completed
30406,U0409,2025-07-17 12:37:00,2025-07-17 12:40:00,M,40~49,office,seoul,0,0,0,0,7,0,0,74,0,0,completed
30407,U0410,2025-04-06 09:28:00,2025-04-06 09:34:00,F,20~29,office,seoul,1,0,0,0,18,0,0,27,0,0,completed
30408,U0411,2025-10-16 15:05:00,2025-10-16 15:10:00,F,30~39,office,seoul,0,0,0,0,27,0,0,77,0,0,completed
30409,U0412,2025-05-28 14:00:00,2025-05-28 14:06:00,F,20~29,office,seoul,0,0,0,0,23,0,0,70,0,0,completed
30410,U0413,2025-07-21 13:00:00,2025-07-21 13:06:00,F,40~49,office,seoul,0,0,0,0,15,0,0,58,0,0,completed
30411,U0414,2025-12-11 12:13:00,2025-12-11 12:18:00,F,20~29,office,seoul,0,0,0,0,13,0,0,40,0,0,completed
30412,U0415,2025-06-14 20:11:00,2025-06-14 20:17:00,F,50+,office,seoul,1,0,0,0,20,0,0,78,0,0,completed
30413,U0416,2025-04-07 12:18:00,2025-04-07 12:25:00,M,20~29,office,seoul,0,0,0,0,8,0,0,15,0,0,completed
30414,U0417,2025-06-10 16:23:00,2025-06-10 16:28:00,M,40~49,office,seoul,0,0,0,0,16,0,0,47,0,0,completed
30415,U0418,2025-11-26 20:50:00,2025-11-26 20:57:00,F,30~39,office,seoul,0,0,0,0,28,0,0,40,0,0,completed
30416,U0419,2025-01-28 12:29:00,2025-01-28 12:34:00,F,20~29,office,seoul,0,0,0,0,23,0,0,50,0,0,error
30417,U0420,2025-12-15 14:31:00,2025-12-15 14:36:00,F,50+,office,seoul,0,0,0,0,15,0,0,18,0,0,completed
30418,U0421,2025-06-01 19:54:00,2025-06-01 19:56:00,F,30~39,office,seoul,1,0,0,0,8,0,0,11,0,0,error
30419,U0422,2025-08-12 16:18:00,2025-08-12 16:23:00,F,40~49,office,seoul,0,0,0,0,3,0,0,21,1,0,completed
30420,U0423,2025-05-27 08:49:00,2025-05-27 08:55:00,F,20~29,office,seoul,0,0,0,0,23,0,0,21,0,0,completed
30421,U0424,2025-03-03 16:51:00,2025-03-03 16:55:00,F,20~29,office,seoul,0,0,0,0,17,0,0,66,0,0,completed
30422,U0425,2025-06-11 22:12:00,2025-06-11 22:17:00,M,50+,office,seoul,0,0,0,0,27,0,0,29,1,0,completed
30423,U0426,2025-06-19 17:15:00,2025-06-19 17:21:00,F,50+,office,seoul,0,0,0,0,22,0,0,46,0,0,completed
30424,U0427,2025-09-15 09:18:00,2025-09-15 09:24:00,M,20~29,office,seoul,0,0,0,0,10,0,0,28,0,0,completed
30425,U0428,2025-03-25 11:21:00,2025-03-25 11:24:00,F,20~29,office,seoul,0,0,0,0,9,0,0,41,0,0,completed
30426,U0429,2025-08-27 18:57:00,2025-08-27 19:02:00,F,40~49,office,seoul,0,0,0,0,26,0,0,29,0,0,completed
30427,U0430,2025-05-02 16:23:00,2025-05-02 16:28:00,F,20~29,office,seoul,0,0,0,0,25,0,0,31,0,0,completed
30428,U0431,2025-06-12 11:50:00,2025-06-12 11:56:00,F,30~39,office,seoul,0,0,0,0,11,0,0,76,0,0,completed
30429,U0432,2025-11-04 09:10:00,2025-11-04 09:16:00,M,30~39,office,seoul,0,0,0,0,20,0,0,22,0,0,completed
30430,U0433,2025-07-30 08:43:00,2025-07-30 08:46:00,F,30~39,office,seoul,0,0,0,0,14,0,0,21,0,0,timeout
30431,U0434,2025-08-27 12:04:00,2025-08-27 12:11:00,F,50+,office,seoul,0,0,0,0,23,0,0,21,0,0,error
30432,U0435,2025-06-09 08:36:00,2025-06-09 08:42:00,M,20~29,office,seoul,0,0,0,0,11,0,0,35,0,0,completed
30433,U0436,2025-07-23 08:23:00,2025-07-23 08:30:00,M,30~39,office,seoul,0,0,0,0,29,0,0,65,0,0,completed
30434,U0437,2025-06-18 12:29:00,2025-06-18 12:33:00,F,20~29,office,seoul,0,0,0,0,25,0,0,54,0,0,completed
30435,U0438,2025-02-11 09:30:00,2025-02-11 09:35:00,M,20~29,office,seoul,0,0,0,0,10,0,0,10,0,0,completed
30436,U0439,2025-07-14 08:14:00,2025-07-14 08:20:00,M,30~39,office,seoul,0,0,0,0,27,0,0,12,0,0,completed
30437,U0440,2025-03-03 17:12:00,2025-03-03 17:16:00,F,30~39,office,seoul,0,0,0,0,28,0,0,24,0,0,completed
30438,U0441,2025-10-10 15:04:00,2025-10-10 15:09:00,M,20~29,office,seoul,0,0,0,0,26,0,0,30,0,0,completed
30439,U0442,2025-12-05 15:42:00,2025-12-05 15:46:00,M,20~29,office,seoul,0,0,0,0,18,0,0,58,0,0,completed
30440,U0443,2025-07-09 15:44:00,2025-07-09 15:46:00,M,30~39,office,seoul,0,0,0,0,19,0,0,60,0,0,completed
30441,U0444,2025-03-25 07:27:00,2025-03-25 07:31:00,M,20~29,office,seoul,0,0,0,0,4,0,0,19,0,0,completed
30442,U0445,2025-12-28 09:47:00,2025-12-28 09:50:00,F,20~29,office,seoul,1,0,0,0,13,0,0,39,0,0,completed
30443,U0446,2025-10-05 14:49:00,2025-10-05 14:51:00,F,20~29,office,seoul,1,0,0,0,5,0,0,70,0,0,completed
30444,U0447,2025-12-22 16:24:00,2025-12-22 16:30:00,M,40~49,office,seoul,0,0,0,0,15,0,0,36,0,0,completed
30445,U0448,2025-04-10 11:59:00,2025-04-10 12:04:00,F,20~29,office,seoul,0,0,0,0,11,0,0,47,0,0,completed
30446,U0449,2025-09-20 21:03:00,2025-09-20 21:08:00,F,20~29,office,seoul,1,0,0,0,5,0,0,18,0,0,completed
30447,U0450,2025-05-14 14:16:00,2025-05-14 14:21:00,F,30~39,office,seoul,0,0,0,0,26,0,0,23,0,0,completed
30448,U0451,2025-11-09 22:12:00,2025-11-09 22:14:00,M,40~49,office,seoul,1,0,0,0,0,0,0,49,0,0,completed
30449,U0452,2025-10-13 12:11:00,2025-10-13 12:13:00,F,20~29,office,seoul,0,0,0,0,0,0,0,42,0,0,completed
30450,U0453,2025-03-31 09:30:00,2025-03-31 09:32:00,M,40~49,office,seoul,0,0,0,0,11,0,0,65,0,0,completed
30451,U0454,2025-11-10 15:17:00,2025-11-10 15:21:00,M,30~39,office,seoul,0,0,0,0,18,0,0,29,0,0,completed
30452,U0455,2025-11-16 11:13:00,2025-11-16 11:16:00,M,50+,office,seoul,1,0,0,0,4,0,0,76,0,1,completed
30453,U0456,2025-07-01 09:26:00,2025-07-01 09:29:00,M,30~39,office,seoul,0,0,0,0,26,0,0,57,0,0,completed
30454,U0457,2025-01-09 14:24:00,2025-01-09 14:26:00,F,50+,office,seoul,0,0,0,0,22,0,0,27,0,0,completed
30455,U0458,2025-09-03 09:29:00,2025-09-03 09:32:00,F,50+,office,seoul,0,0,0,0,8,0,0,65,1,0,timeout
30456,U0459,2025-05-01 12:21:00,2025-05-01 12:28:00,F,50+,office,seoul,0,0,0,0,15,0,0,78,0,0,completed
30457,U0460,2025-10-21 12:45:00,2025-10-21 12:51:00,F,30~39,office,seoul,0,0,0,0,0,0,0,43,0,0,completed
30458,U0461,2025-02-28 16:49:00,2025-02-28 16:55:00,M,30~39,office,seoul,0,0,0,0,3,0,0,12,0,0,completed
30459,U0462,2025-03-16 20:44:00,2025-03-16 20:47:00,F,50+,office,seoul,1,0,0,0,17,0,0,49,0,1,completed
30460,U0463,2025-07-25 17:02:00,2025-07-25 17:05:00,F,30~39,office,seoul,0,0,0,0,15,0,0,57,0,0,error
30461,U0464,2025-04-26 09:21:00,2025-04-26 09:27:00,M,20~29,office,seoul,1,0,0,0,25,0,0,20,0,0,completed
30462,U0465,2025-05-18 12:28:00,2025-05-18 12:33:00,F,20~29,office,seoul,1,0,0,0,26,0,0,72,1,0,completed
30463,U0466,2025-09-09 11:45:00,2025-09-09 11:52:00,F,50+,office,seoul,0,0,0,0,26,0,0,75,0,1,completed
30464,U0467,2025-07-18 18:29:00,2025-07-18 18:35:00,M,30~39,office,seoul,0,0,0,0,0,0,0,67,1,0,completed
30465,U0468,2025-12-18 16:40:00,2025-12-18 16:45:00,M,30~39,office,seoul,0,0,0,0,19,0,0,57,0,0,completed
30466,U0469,2025-11-21 15:58:00,2025-11-21 16:05:00,F,20~29,office,seoul,0,0,0,0,3,0,0,29,0,0,abandoned
30467,U0470,2025-01-31 08:05:00,2025-01-31 08:12:00,F,50+,office,seoul,0,0,0,0,6,0,0,14,0,0,completed
30468,U0471,2025-10-22 17:53:00,2025-10-22 17:59:00,M,40~49,office,seoul,0,0,0,0,24,0,0,38,0,0,completed
30469,U0472,2025-02-23 11:37:00,2025-02-23 11:39:00,F,30~39,office,seoul,1,0,0,0,25,0,0,42,0,0,completed
30470,U0473,2025-12-28 16:52:00,2025-12-28 16:54:00,F,30~39,office,seoul,1,0,0,0,28,0,0,24,0,0,timeout
30471,U0474,2025-11-21 09:24:00,2025-11-21 09:26:00,F,20~29,office,seoul,0,0,0,0,9,0,0,67,0,0,error
30472,U0475,2025-01-23 19:00:00,2025-01-23 19:05:00,M,30~39,office,seoul,0,0,0,0,26,0,0,23,0,0,abandoned
30473,U0476,2025-02-15 19:03:00,2025-02-15 19:06:00,F,20~29,office,seoul,1,0,0,0,24,0,0,13,0,0,completed
30474,U0477,2025-09-04 09:11:00,2025-09-04 09:16:00,F,30~39,office,seoul,0,0,0,0,11,0,0,22,0,0,completed
30475,U0478,2025-01-24 11:34:00,2025-01-24 11:36:00,F,40~49,office,seoul,0,0,0,0,13,0,0,58,0,0,completed
30476,U0479,2025-07-08 09:22:00,2025-07-08 09:26:00,F,20~29,office,seoul,0,0,0,0,3,0,0,36,0,0,completed
30477,U0480,2025-06-21 15:39:00,2025-06-21 15:44:00,F,40~49,office,seoul,1,0,0,0,20,0,0,27,0,0,completed
30478,U0481,2025-02-22 17:02:00,2025-02-22 17:06:00,F,20~29,office,seoul,1,0,0,0,23,0,0,10,0,0,abandoned
30479,U0482,2025-05-08 07:14:00,2025-05-08 07:19:00,F,40~49,office,seoul,0,0,0,0,0,0,0,12,0,0,completed
30480,U0483,2025-04-28 09:38:00,2025-04-28 09:43:00,F,20~29,office,seoul,0,0,0,0,15,0,0,20,0,0,completed
30481,U0484,2025-11-22 09:53:00,2025-11-22 09:59:00,F,30~39,office,seoul,1,0,0,0,16,0,0,46,0,0,completed
30482,U0485,2025-06-14 18:54:00,2025-06-14 18:59:00,F,20~29,office,seoul,1,0,0,0,5,0,0,52,0,0,completed
30483,U0486,2025-11-10 15:14:00,2025-11-10 15:21:00,F,30~39,office,seoul,0,0,0,0,21,0,0,31,0,0,completed
30484,U0487,2025-08-28 17:10:00,2025-08-28 17:16:00,F,40~49,office,seoul,0,0,0,0,28,0,0,62,0,0,completed
30485,U0488,2025-08-08 19:35:00,2025-08-08 19:37:00,F,20~29,office,seoul,0,0,0,0,14,0,0,43,0,0,completed
30486,U0489,2025-01-15 14:25:00,2025-01-15 14:28:00,F,50+,office,seoul,0,0,0,0,2,0,0,29,0,0,completed
30487,U0490,2025-03-24 19:15:00,2025-03-24 19:17:00,M,40~49,office,seoul,0,0,0,0,25,0,0,77,0,0,completed
30488,U0491,2025-06-19 16:44:00,2025-06-19 16:48:00,F,50+,office,seoul,0,0,0,0,13,0,0,45,0,0,completed
30489,U0492,2025-10-27 07:29:00,2025-10-27 07:35:00,F,50+,office,seoul,0,0,0,0,28,0,0,54,0,0,completed
30490,U0493,2025-11-02 18:29:00,2025-11-02 18:34:00,F,30~39,office,seoul,1,0,0,0,13,0,0,59,0,0,completed
30491,U0494,2025-09-22 15:15:00,2025-09-22 15:21:00,F,20~29,office,seoul,0,0,0,0,28,0,0,19,0,0,completed
30492,U0495,2025-01-14 14:48:00,2025-01-14 14:55:00,F,30~39,office,seoul,0,0,0,0,25,0,0,31,0,0,completed
30493,U0496,2025-03-01 13:05:00,2025-03-01 13:11:00,F,50+,office,seoul,1,0,0,0,28,0,0,56,0,0,completed
30494,U0497,2025-01-23 16:14:00,2025-01-23 16:17:00,F,20~29,office,seoul,0,0,0,0,28,0,0,28,0,0,completed
30495,U0498,2025-10-11 15:07:00,2025-10-11 15:13:00,F,40~49,office,seoul,1,0,0,0,10,0,0,42,0,0,completed
30496,U0499,2025-01-08 14:04:00,2025-01-08 14:08:00,F,50+,office,seoul,0,0,0,0,12,0,0,47,0,0,completed
30497,U0500,2025-04-17 20:41:00,2025-04-17 20:44:00,F,50+,office,seoul,0,0,0,0,22,0,0,44,0,0,completed
30498,U0501,2025-09-23 09:09:00,2025-09-23 09:14:00,M,20~29,office,seoul,0,0,0,0,21,0,0,33,0,0,completed
30499,U0502,2025-12-09 17:35:00,2025-12-09 17:37:00,F,20~29,office,seoul,0,0,0,0,20,0,0,29,0,0,completed
30500,U0503,2025-11-25 14:09:00,2025-11-25 14:13:00,F,30~39,office,seoul,0,0,0,0,14,0,0,43,0,0,completed
30501,U0504,2025-12-05 14:09:00,2025-12-05 14:14:00,F,20~29,office,seoul,0,0,0,0,18,0,0,30,0,0,completed
30502,U0505,2025-11-24 12:36:00,2025-11-24 12:42:00,M,40~49,office,seoul,0,0,0,0,19,0,0,68,0,0,completed
30503,U0506,2025-10-09 16:23:00,2025-10-09 16:28:00,F,30~39,office,seoul,0,0,0,0,5,0,0,26,0,0,completed
30504,U0507,2025-12-01 09:46:00,2025-12-01 09:50:00,F,40~49,office,seoul,0,0,0,0,1,0,0,62,0,0,completed
30505,U0508,2025-06-14 08:28:00,2025-06-14 08:30:00,F,20~29,office,seoul,1,0,0,0,17,0,0,28,0,0,completed
30506,U0509,2025-04-08 12:22:00,2025-04-08 12:27:00,M,40~49,office,seoul,0,0,0,0,6,0,0,53,0,0,completed
30507,U0510,2025-08-28 16:30:00,2025-08-28 16:33:00,F,20~29,office,seoul,0,0,0,0,7,0,0,66,1,0,completed
30508,U0511,2025-07-18 18:31:00,2025-07-18 18:36:00,M,50+,office,seoul,0,0,0,0,22,0,0,10,0,1,completed
30509,U0512,2025-08-24 17:09:00,2025-08-24 17:14:00,M,20~29,office,seoul,1,0,0,0,28,0,0,58,0,0,completed
30510,U0513,2025-12-18 09:31:00,2025-12-18 09:33:00,F,20~29,office,seoul,0,0,0,0,13,0,0,77,0,0,completed
30511,U0514,2025-09-02 20:42:00,2025-09-02 20:47:00,F,20~29,office,seoul,0,0,0,0,4,0,0,50,0,0,completed
30512,U0515,2025-12-26 15:41:00,2025-12-26 15:45:00,M,30~39,office,seoul,0,0,0,0,29,0,0,15,0,0,completed
30513,U0516,2025-10-04 08:45:00,2025-10-04 08:48:00,F,30~39,office,seoul,1,0,0,0,27,0,0,23,0,0,completed
30514,U0517,2025-06-14 16:14:00,2025-06-14 16:17:00,F,30~39,office,seoul,1,0,0,0,15,0,0,13,0,0,completed
30515,U0518,2025-02-15 07:59:00,2025-02-15 08:02:00,F,20~29,office,seoul,1,0,0,0,8,0,0,48,0,0,completed
30516,U0519,2025-12-30 14:43:00,2025-12-30 14:45:00,M,30~39,office,seoul,0,0,0,0,3,0,0,58,0,0,completed
30517,U0520,2025-02-22 16:01:00,2025-02-22 16:07:00,F,20~29,office,seoul,1,0,0,0,23,0,0,25,0,0,completed
30518,U0521,2025-12-12 13:38:00,2025-12-12 13:44:00,F,20~29,office,seoul,0,0,0,0,11,0,0,28,0,0,completed
30519,U0522,2025-03-29 16:53:00,2025-03-29 16:57:00,F,30~39,office,seoul,1,0,0,0,29,0,0,40,0,0,error
30520,U0523,2025-05-29 14:03:00,2025-05-29 14:06:00,F,30~39,office,seoul,0,0,0,0,8,0,0,49,0,0,completed
30521,U0524,2025-11-10 09:30:00,2025-11-10 09:36:00,M,20~29,office,seoul,0,0,0,0,2,0,0,18,0,0,completed
30522,U0525,2025-05-30 18:50:00,2025-05-30 18:54:00,M,20~29,office,seoul,0,0,0,0,24,0,0,69,0,0,completed
30523,U0526,2025-08-01 12:01:00,2025-08-01 12:05:00,F,20~29,office,seoul,0,0,0,0,24,0,0,45,0,0,timeout
30524,U0527,2025-10-29 13:15:00,2025-10-29 13:21:00,F,20~29,office,seoul,0,0,0,0,0,0,0,35,0,0,error
30525,U0528,2025-03-22 08:22:00,2025-03-22 08:29:00,M,40~49,office,seoul,1,0,0,0,15,0,0,45,0,0,completed
30526,U0529,2025-09-04 16:07:00,2025-09-04 16:09:00,M,40~49,office,seoul,0,0,0,0,27,0,0,14,0,0,completed
30527,U0530,2025-05-03 11:05:00,2025-05-03 11:07:00,M,20~29,office,seoul,1,0,0,0,17,0,0,14,0,0,completed
30528,U0531,2025-05-12 12:46:00,2025-05-12 12:49:00,F,30~39,office,seoul,0,0,0,0,16,0,0,45,0,0,completed
30529,U0532,2025-01-30 08:45:00,2025-01-30 08:47:00,F,20~29,office,seoul,0,0,0,0,0,0,0,58,0,0,completed
30530,U0533,2025-05-12 14:48:00,2025-05-12 14:51:00,M,20~29,office,seoul,0,0,0,0,25,0,0,12,0,0,completed
30531,U0534,2025-04-30 14:22:00,2025-04-30 14:29:00,F,20~29,office,seoul,0,0,0,0,21,0,0,68,0,0,completed
30532,U0535,2025-06-16 09:34:00,2025-06-16 09:41:00,F,20~29,office,seoul,0,0,0,0,9,0,0,34,0,0,completed
30533,U0536,2025-01-20 15:01:00,2025-01-20 15:07:00,F,30~39,office,seoul,0,0,0,0,9,0,0,74,0,0,completed
30534,U0537,2025-01-09 22:50:00,2025-01-09 22:52:00,M,40~49,office,seoul,0,0,0,0,27,0,0,62,0,0,completed
30535,U0538,2025-09-05 18:21:00,2025-09-05 18:26:00,M,40~49,office,seoul,0,0,0,0,18,0,0,19,0,0,completed
30536,U0539,2025-04-08 08:44:00,2025-04-08 08:51:00,F,30~39,office,seoul,0,0,0,0,7,0,0,15,0,0,abandoned
30537,U0540,2025-05-22 20:12:00,2025-05-22 20:17:00,M,20~29,office,seoul,0,0,0,0,28,0,0,71,0,0,completed
30538,U0541,2025-06-23 16:35:00,2025-06-23 16:40:00,F,20~29,office,seoul,0,0,0,0,29,0,0,43,0,0,timeout
30539,U0542,2025-07-13 15:28:00,2025-07-13 15:32:00,F,20~29,office,seoul,1,0,0,0,2,0,0,29,0,0,completed
30540,U0543,2025-05-05 14:49:00,2025-05-05 14:56:00,F,50+,office,seoul,0,0,0,0,11,0,0,57,0,0,completed
30541,U0544,2025-05-27 09:22:00,2025-05-27 09:24:00,F,40~49,office,seoul,0,0,0,0,25,0,0,67,0,0,completed
30542,U0545,2025-06-23 09:21:00,2025-06-23 09:23:00,F,20~29,office,seoul,0,0,0,0,10,0,0,43,0,0,completed
30543,U0546,2025-06-26 15:37:00,2025-06-26 15:43:00,F,30~39,office,seoul,0,0,0,0,24,0,0,50,0,0,completed
30544,U0547,2025-11-01 09:16:00,2025-11-01 09:20:00,F,20~29,office,seoul,1,0,0,0,15,0,0,24,0,0,completed
30545,U0548,2025-07-13 20:53:00,2025-07-13 21:00:00,F,30~39,office,seoul,1,0,0,0,26,0,0,72,0,0,completed
30546,U0549,2025-12-09 17:12:00,2025-12-09 17:15:00,F,20~29,office,seoul,0,0,0,0,6,0,0,64,0,0,completed
30547,U0550,2025-09-05 17:44:00,2025-09-05 17:50:00,F,20~29,office,seoul,0,0,0,0,26,0,0,23,0,0,completed
30548,U0551,2025-07-25 12:34:00,2025-07-25 12:36:00,F,50+,office,seoul,0,0,0,0,28,0,0,22,0,0,completed
30549,U0552,2025-01-05 08:54:00,2025-01-05 09:01:00,M,20~29,office,seoul,1,0,0,0,21,0,0,20,1,0,completed
30550,U0553,2025-09-07 19:13:00,2025-09-07 19:15:00,F,20~29,office,seoul,1,0,0,0,25,0,0,59,0,0,completed
30551,U0554,2025-03-10 09:21:00,2025-03-10 09:28:00,F,30~39,office,seoul,0,0,0,0,26,0,0,54,0,0,completed
30552,U0555,2025-10-08 15:25:00,2025-10-08 15:30:00,F,20~29,office,seoul,0,0,0,0,26,0,0,61,0,0,completed
30553,U0556,2025-01-19 07:22:00,2025-01-19 07:27:00,F,20~29,office,seoul,1,0,0,0,6,0,0,10,0,0,completed
30554,U0557,2025-07-17 18:06:00,2025-07-17 18:13:00,F,40~49,office,seoul,0,0,0,0,13,0,0,43,0,0,completed
30555,U0558,2025-06-17 17:31:00,2025-06-17 17:36:00,F,20~29,office,seoul,0,0,0,0,12,0,0,79,0,0,completed
30556,U0559,2025-06-25 16:18:00,2025-06-25 16:25:00,F,30~39,office,seoul,0,0,0,0,25,0,0,13,0,0,completed
30557,U0560,2025-03-23 15:15:00,2025-03-23 15:22:00,F,20~29,office,seoul,1,0,0,0,11,0,0,72,0,0,completed
30558,U0561,2025-09-16 17:01:00,2025-09-16 17:03:00,F,30~39,office,seoul,0,0,0,0,25,0,0,24,0,0,completed
30559,U0562,2025-06-02 16:25:00,2025-06-02 16:28:00,M,30~39,office,seoul,0,0,0,0,2,0,0,18,0,0,completed
30560,U0563,2025-04-14 08:32:00,2025-04-14 08:35:00,M,20~29,office,seoul,0,0,0,0,5,0,0,32,0,0,completed
30561,U0564,2025-11-09 13:21:00,2025-11-09 13:26:00,F,50+,office,seoul,1,0,0,0,15,0,0,31,0,0,completed
30562,U0565,2025-05-21 11:54:00,2025-05-21 12:01:00,F,30~39,office,seoul,0,0,0,0,24,0,0,74,0,0,completed
30563,U0566,2025-12-05 15:36:00,2025-12-05 15:39:00,F,20~29,office,seoul,0,0,0,0,3,0,0,18,0,0,completed
30564,U0567,2025-08-22 08:20:00,2025-08-22 08:24:00,F,30~39,office,seoul,0,0,0,0,17,0,0,75,0,0,timeout
30565,U0568,2025-02-18 07:13:00,2025-02-18 07:15:00,M,50+,office,seoul,0,0,0,0,3,0,0,22,0,0,completed
30566,U0569,2025-10-17 15:39:00,2025-10-17 15:45:00,M,50+,office,seoul,0,0,0,0,25,0,0,17,0,0,completed
30567,U0570,2025-03-18 15:00:00,2025-03-18 15:07:00,F,30~39,office,seoul,0,0,0,0,9,0,0,14,0,0,completed
30568,U0571,2025-02-26 16:41:00,2025-02-26 16:44:00,F,50+,office,seoul,0,0,0,0,13,0,0,22,1,0,completed
30569,U0572,2025-12-06 12:42:00,2025-12-06 12:49:00,M,40~49,office,seoul,1,0,0,0,20,0,0,77,0,0,completed
30570,U0573,2025-07-05 15:59:00,2025-07-05 16:05:00,F,30~39,office,seoul,1,0,0,0,21,0,0,36,0,0,completed
30571,U0574,2025-07-29 19:10:00,2025-07-29 19:15:00,M,20~29,office,seoul,0,0,0,0,8,0,0,57,0,0,completed
30572,U0575,2025-07-08 20:26:00,2025-07-08 20:32:00,M,30~39,office,seoul,0,0,0,0,2,0,0,29,0,0,completed
30573,U0576,2025-08-19 12:59:00,2025-08-19 13:04:00,M,50+,office,seoul,0,0,0,0,20,0,0,25,0,0,completed
30574,U0577,2025-01-09 14:23:00,2025-01-09 14:25:00,M,30~39,office,seoul,0,0,0,0,3,0,0,44,0,0,completed
30575,U0578,2025-09-28 12:31:00,2025-09-28 12:36:00,F,30~39,office,seoul,1,0,0,0,21,0,0,35,0,0,completed
30576,U0579,2025-09-09 12:37:00,2025-09-09 12:41:00,F,20~29,office,seoul,0,0,0,0,4,0,0,57,0,0,completed
30577,U0580,2025-04-11 15:15:00,2025-04-11 15:20:00,F,40~49,office,seoul,0,0,0,0,23,0,0,38,0,0,completed
30578,U0581,2025-08-19 08:43:00,2025-08-19 08:47:00,F,30~39,office,seoul,0,0,0,0,19,0,0,16,0,0,completed
30579,U0582,2025-07-12 20:56:00,2025-07-12 20:59:00,F,30~39,office,seoul,1,0,0,0,7,0,0,54,0,0,completed
30580,U0583,2025-11-24 13:12:00,2025-11-24 13:19:00,F,40~49,office,seoul,0,0,0,0,10,0,0,64,0,0,completed
30581,U0584,2025-04-14 16:23:00,2025-04-14 16:30:00,M,20~29,office,seoul,0,0,0,0,4,0,0,37,0,0,completed
30582,U0585,2025-02-15 16:09:00,2025-02-15 16:13:00,M,30~39,office,seoul,1,0,0,0,24,0,0,72,0,0,completed
30583,U0586,2025-12-11 20:59:00,2025-12-11 21:04:00,M,40~49,office,seoul,0,0,0,0,4,0,0,67,0,0,abandoned
30584,U0587,2025-01-05 15:33:00,2025-01-05 15:36:00,M,20~29,office,seoul,1,0,0,0,2,0,0,64,0,0,completed
30585,U0588,2025-11-26 18:17:00,2025-11-26 18:23:00,F,30~39,office,seoul,0,0,0,0,9,0,0,67,0,0,completed
30586,U0589,2025-05-10 19:18:00,2025-05-10 19:20:00,F,30~39,office,seoul,1,0,0,0,12,0,0,43,0,0,completed
30587,U0590,2025-12-05 15:04:00,2025-12-05 15:10:00,M,30~39,office,seoul,0,0,0,0,25,0,0,38,0,0,completed
30588,U0591,2025-08-01 16:46:00,2025-08-01 16:50:00,F,20~29,office,seoul,0,0,0,0,29,0,0,70,0,0,completed
30589,U0592,2025-10-26 19:51:00,2025-10-26 19:55:00,F,50+,office,seoul,1,0,0,0,13,0,0,70,0,0,abandoned
30590,U0593,2025-03-02 15:34:00,2025-03-02 15:39:00,F,20~29,office,seoul,1,0,0,0,1,0,0,51,0,0,completed
30591,U0594,2025-02-05 15:51:00,2025-02-05 15:53:00,M,20~29,office,seoul,0,0,0,0,18,0,0,61,0,0,completed
30592,U0595,2025-06-11 22:09:00,2025-06-11 22:13:00,M,50+,office,seoul,0,0,0,0,6,0,0,35,1,0,completed
30593,U0596,2025-03-05 15:38:00,2025-03-05 15:43:00,M,20~29,office,seoul,0,0,0,0,3,0,0,40,0,0,abandoned
30594,U0597,2025-10-10 12:22:00,2025-10-10 12:27:00,M,30~39,office,seoul,0,0,0,0,13,0,0,15,0,0,completed
30595,U0598,2025-05-06 08:10:00,2025-05-06 08:12:00,M,50+,office,seoul,0,0,0,0,20,0,0,61,0,1,completed
30596,U0599,2025-07-02 18:07:00,2025-07-02 18:09:00,F,50+,office,seoul,0,0,0,0,1,0,0,62,1,0,completed
30597,U0600,2025-04-21 11:17:00,2025-04-21 11:22:00,F,40~49,office,seoul,0,0,0,0,13,0,0,69,0,0,completed
30598,U0601,2025-03-14 08:41:00,2025-03-14 08:48:00,F,30~39,office,seoul,0,0,0,0,28,0,0,30,0,0,completed
30599,U0602,2025-05-01 17:46:00,2025-05-01 17:51:00,F,40~49,office,seoul,0,0,0,0,27,0,0,54,1,0,abandoned
30600,U0603,2025-11-10 16:08:00,2025-11-10 16:15:00,F,20~29,office,seoul,0,0,0,0,15,0,0,58,0,0,completed
30601,U0604,2025-07-06 07:00:00,2025-07-06 07:07:00,M,30~39,office,seoul,1,0,0,0,10,0,0,35,0,0,completed
30602,U0605,2025-07-19 16:57:00,2025-07-19 17:00:00,M,50+,office,seoul,1,0,0,0,18,0,0,74,0,0,abandoned
30603,U0606,2025-05-06 20:38:00,2025-05-06 20:43:00,M,20~29,office,seoul,0,0,0,0,20,0,0,39,0,0,completed
30604,U0607,2025-05-13 17:39:00,2025-05-13 17:46:00,F,50+,office,seoul,0,0,0,0,13,0,0,35,0,0,abandoned
30605,U0608,2025-04-29 12:30:00,2025-04-29 12:34:00,M,30~39,office,seoul,0,0,0,0,17,0,0,14,0,0,completed
30606,U0609,2025-10-16 11:44:00,2025-10-16 11:46:00,M,30~39,office,seoul,0,0,0,0,14,0,0,72,0,0,completed
30607,U0610,2025-06-07 08:19:00,2025-06-07 08:26:00,F,20~29,office,seoul,1,0,0,0,28,0,0,77,0,0,completed
30608,U0611,2025-05-18 09:52:00,2025-05-18 09:59:00,F,40~49,office,seoul,1,0,0,0,28,0,0,18,0,0,completed
30609,U0612,2025-04-07 13:51:00,2025-04-07 13:57:00,M,20~29,office,seoul,0,0,0,0,19,0,0,12,0,0,completed
30610,U0613,2025-09-14 15:59:00,2025-09-14 16:06:00,F,50+,office,seoul,1,0,0,0,13,0,0,35,1,0,completed
30611,U0614,2025-02-09 09:02:00,2025-02-09 09:06:00,F,20~29,office,seoul,1,0,0,0,16,0,0,56,0,0,completed
30612,U0615,2025-05-24 12:13:00,2025-05-24 12:15:00,M,30~39,office,seoul,1,0,0,0,28,0,0,42,0,0,completed
30613,U0616,2025-02-04 19:08:00,2025-02-04 19:13:00,F,20~29,office,seoul,0,0,0,0,4,0,0,35,0,0,completed
30614,U0617,2025-06-01 16:25:00,2025-06-01 16:28:00,M,20~29,office,seoul,1,0,0,0,5,0,0,39,0,0,completed
30615,U0618,2025-11-25 09:02:00,2025-11-25 09:09:00,M,20~29,office,seoul,0,0,0,0,18,0,0,41,0,0,completed
30616,U0619,2025-06-14 13:24:00,2025-06-14 13:29:00,F,50+,office,seoul,1,0,0,0,19,0,0,79,0,0,completed
30617,U0620,2025-07-24 11:53:00,2025-07-24 11:59:00,M,40~49,office,seoul,0,0,0,0,11,0,0,33,0,0,completed
30618,U0621,2025-10-23 08:39:00,2025-10-23 08:42:00,F,20~29,office,seoul,0,0,0,0,25,0,0,36,0,0,completed
30619,U0622,2025-03-06 18:37:00,2025-03-06 18:44:00,F,20~29,office,seoul,0,0,0,0,21,0,0,78,0,0,completed
30620,U0623,2025-12-15 13:45:00,2025-12-15 13:50:00,F,20~29,office,seoul,0,0,0,0,23,0,0,64,0,0,completed
30621,U0624,2025-07-27 13:19:00,2025-07-27 13:24:00,M,20~29,office,seoul,1,0,0,0,26,0,0,34,0,0,completed
30622,U0625,2025-02-26 14:46:00,2025-02-26 14:52:00,M,20~29,office,seoul,0,0,0,0,2,0,0,52,0,0,completed
30623,U0626,2025-06-08 11:44:00,2025-06-08 11:47:00,F,30~39,office,seoul,1,0,0,0,13,0,0,64,0,0,timeout
30624,U0627,2025-07-02 21:47:00,2025-07-02 21:50:00,F,30~39,office,seoul,0,0,0,0,9,0,0,24,0,0,completed
30625,U0628,2025-08-10 15:19:00,2025-08-10 15:21:00,M,30~39,office,seoul,1,0,0,0,15,0,0,38,0,0,completed
30626,U0629,2025-10-30 18:46:00,2025-10-30 18:52:00,M,20~29,office,seoul,0,0,0,0,29,0,0,38,0,0,completed
30627,U0630,2025-10-04 09:21:00,2025-10-04 09:28:00,M,30~39,office,seoul,1,0,0,0,21,0,0,61,0,0,error
30628,U0631,2025-12-04 19:49:00,2025-12-04 19:52:00,F,20~29,office,seoul,0,0,0,0,6,0,0,36,0,0,abandoned
30629,U0632,2025-04-19 12:10:00,2025-04-19 12:14:00,M,20~29,office,seoul,1,0,0,0,27,0,0,59,0,0,abandoned
30630,U0633,2025-09-25 14:34:00,2025-09-25 14:41:00,F,20~29,office,seoul,0,0,0,0,17,0,0,67,0,0,completed
30631,U0634,2025-12-02 14:41:00,2025-12-02 14:43:00,F,30~39,office,seoul,0,0,0,0,21,0,0,22,0,0,completed
30632,U0635,2025-05-29 21:53:00,2025-05-29 21:55:00,M,20~29,office,seoul,0,0,0,0,20,0,0,49,0,0,completed
30633,U0636,2025-01-12 09:57:00,2025-01-12 10:00:00,M,40~49,office,seoul,1,0,0,0,26,0,0,40,0,0,completed
30634,U0637,2025-11-24 08:42:00,2025-11-24 08:45:00,M,40~49,office,seoul,0,0,0,0,29,0,0,34,0,0,completed
30635,U0638,2025-10-07 11:14:00,2025-10-07 11:17:00,F,50+,office,seoul,0,0,0,0,20,0,0,55,0,0,completed
30636,U0639,2025-01-24 14:05:00,2025-01-24 14:10:00,F,30~39,office,seoul,0,0,0,0,23,0,0,64,0,0,completed
30637,U0640,2025-06-21 13:24:00,2025-06-21 13:26:00,F,40~49,office,seoul,1,0,0,0,25,0,0,20,0,0,completed
30638,U0641,2025-08-03 16:12:00,2025-08-03 16:18:00,F,40~49,office,seoul,1,0,0,0,16,0,0,10,0,0,completed
30639,U0642,2025-03-13 08:36:00,2025-03-13 08:42:00,F,20~29,office,seoul,0,0,0,0,7,0,0,58,0,0,completed
30640,U0643,2025-09-14 16:05:00,2025-09-14 16:08:00,F,20~29,office,seoul,1,0,0,0,10,0,0,69,0,0,completed
30641,U0644,2025-01-08 17:12:00,2025-01-08 17:17:00,F,20~29,office,seoul,0,0,0,0,27,0,0,15,0,0,completed
30642,U0645,2025-10-20 11:00:00,2025-10-20 11:05:00,M,30~39,office,seoul,0,0,0,0,23,0,0,21,0,0,completed
30643,U0646,2025-01-29 09:07:00,2025-01-29 09:13:00,F,20~29,office,seoul,0,0,0,0,20,0,0,15,0,0,completed
30644,U0647,2025-08-25 15:22:00,2025-08-25 15:24:00,F,50+,office,seoul,0,0,0,0,4,0,0,76,0,0,completed
30645,U0648,2025-02-04 07:08:00,2025-02-04 07:13:00,F,50+,office,seoul,0,0,0,0,7,0,0,59,0,0,abandoned
30646,U0649,2025-04-30 07:14:00,2025-04-30 07:17:00,F,20~29,office,seoul,0,0,0,0,27,0,0,78,0,0,completed
30647,U0650,2025-01-28 07:56:00,2025-01-28 08:01:00,M,20~29,office,seoul,0,0,0,0,12,0,0,71,0,0,completed
30648,U0651,2025-04-12 15:52:00,2025-04-12 15:55:00,M,20~29,office,seoul,1,0,0,0,7,0,0,71,0,0,completed
30649,U0652,2025-10-13 12:56:00,2025-10-13 13:03:00,M,30~39,office,seoul,0,0,0,0,24,0,0,66,0,0,completed
30650,U0653,2025-12-24 12:52:00,2025-12-24 12:55:00,F,40~49,office,seoul,0,0,0,0,13,0,0,25,0,0,completed
30651,U0654,2025-03-25 11:24:00,2025-03-25 11:31:00,M,30~39,office,seoul,0,0,0,0,2,0,0,74,0,0,error
30652,U0655,2025-12-24 07:20:00,2025-12-24 07:24:00,F,50+,office,seoul,0,0,0,0,21,0,0,43,0,0,completed
30653,U0656,2025-12-16 07:27:00,2025-12-16 07:29:00,F,20~29,office,seoul,0,0,0,0,15,0,0,70,0,0,completed
30654,U0657,2025-12-18 12:53:00,2025-12-18 12:58:00,F,30~39,office,seoul,0,0,0,0,24,0,0,59,0,0,completed
30655,U0658,2025-11-27 09:16:00,2025-11-27 09:21:00,F,50+,office,seoul,0,0,0,0,27,0,0,11,0,0,timeout
30656,U0659,2025-10-14 16:57:00,2025-10-14 17:04:00,M,40~49,office,seoul,0,0,0,0,14,0,0,68,0,0,completed
30657,U0660,2025-04-29 09:42:00,2025-04-29 09:47:00,F,30~39,office,seoul,0,0,0,0,17,0,0,57,0,0,completed
30658,U0661,2025-11-25 08:48:00,2025-11-25 08:55:00,M,30~39,office,seoul,0,0,0,0,2,0,0,25,0,0,completed
30659,U0662,2025-01-04 08:44:00,2025-01-04 08:47:00,F,50+,office,seoul,1,0,0,0,13,0,0,59,1,0,completed
30660,U0663,2025-12-05 22:32:00,2025-12-05 22:35:00,F,20~29,office,seoul,0,0,0,0,29,0,0,58,0,0,completed
30661,U0664,2025-05-29 12:47:00,2025-05-29 12:50:00,M,20~29,office,seoul,0,0,0,0,18,0,0,58,0,0,abandoned
30662,U0665,2025-04-01 17:53:00,2025-04-01 17:55:00,M,30~39,office,seoul,0,0,0,0,29,0,0,65,0,0,abandoned
30663,U0666,2025-01-05 18:35:00,2025-01-05 18:39:00,M,40~49,office,seoul,1,0,0,0,26,0,0,53,0,0,completed
30664,U0667,2025-02-02 08:50:00,2025-02-02 08:54:00,M,20~29,office,seoul,1,0,0,0,16,0,0,27,0,0,completed
30665,U0668,2025-02-27 15:23:00,2025-02-27 15:28:00,F,30~39,office,seoul,0,0,0,0,13,0,0,42,0,0,completed
30666,U0669,2025-04-06 12:14:00,2025-04-06 12:18:00,F,20~29,office,seoul,1,0,0,0,1,0,0,65,0,0,completed
30667,U0670,2025-09-19 21:25:00,2025-09-19 21:28:00,F,20~29,office,seoul,0,0,0,0,13,0,0,10,0,0,completed
30668,U0671,2025-05-09 19:53:00,2025-05-09 19:59:00,F,30~39,office,seoul,0,0,0,0,16,0,0,12,0,0,completed
30669,U0672,2025-12-21 07:33:00,2025-12-21 07:35:00,F,20~29,office,seoul,1,0,0,0,27,0,0,26,0,0,completed
30670,U0673,2025-12-04 11:30:00,2025-12-04 11:37:00,F,40~49,office,seoul,0,0,0,0,15,0,0,68,0,0,completed
30671,U0674,2025-04-25 09:00:00,2025-04-25 09:03:00,M,40~49,office,seoul,0,0,0,0,9,0,0,38,0,0,completed
30672,U0675,2025-08-31 16:04:00,2025-08-31 16:10:00,F,40~49,office,seoul,1,0,0,0,15,0,0,36,0,0,completed
30673,U0676,2025-08-08 13:04:00,2025-08-08 13:08:00,F,40~49,office,seoul,0,0,0,0,22,0,0,62,0,0,completed
30674,U0677,2025-04-17 17:03:00,2025-04-17 17:07:00,M,20~29,office,seoul,0,0,0,0,3,0,0,20,0,0,completed
30675,U0678,2025-03-30 08:01:00,2025-03-30 08:05:00,M,30~39,office,seoul,1,0,0,0,14,0,0,62,0,0,completed
30676,U0679,2025-03-08 19:11:00,2025-03-08 19:14:00,M,30~39,office,seoul,1,0,0,0,27,0,0,47,0,0,completed
30677,U0680,2025-03-03 14:51:00,2025-03-03 14:58:00,F,20~29,office,seoul,0,0,0,0,21,0,0,32,0,0,completed
30678,U0681,2025-01-20 08:17:00,2025-01-20 08:21:00,F,50+,office,seoul,0,0,0,0,12,0,0,28,1,0,completed
30679,U0682,2025-09-20 18:32:00,2025-09-20 18:35:00,M,50+,office,seoul,1,0,0,0,0,0,0,45,0,0,completed
30680,U0683,2025-06-02 08:18:00,2025-06-02 08:22:00,F,30~39,office,seoul,0,0,0,0,0,0,0,34,0,0,completed
30681,U0684,2025-05-13 17:32:00,2025-05-13 17:37:00,F,50+,office,seoul,0,0,0,0,27,0,0,73,0,0,abandoned
30682,U0685,2025-10-28 07:22:00,2025-10-28 07:28:00,F,40~49,office,seoul,0,0,0,0,24,0,0,63,0,0,completed
30683,U0686,2025-04-04 12:03:00,2025-04-04 12:05:00,F,30~39,office,seoul,0,0,0,0,17,0,0,42,0,0,completed
30684,U0687,2025-05-12 17:58:00,2025-05-12 18:00:00,M,20~29,office,seoul,0,0,0,0,13,0,0,49,0,0,completed
30685,U0688,2025-09-21 12:17:00,2025-09-21 12:21:00,M,30~39,office,seoul,1,0,0,0,12,0,0,20,0,0,completed
30686,U0689,2025-02-25 14:57:00,2025-02-25 15:00:00,F,30~39,office,seoul,0,0,0,0,4,0,0,12,0,0,completed
30687,U0690,2025-08-13 22:19:00,2025-08-13 22:24:00,F,40~49,office,seoul,0,0,0,0,17,0,0,74,0,0,completed
30688,U0691,2025-03-03 22:55:00,2025-03-03 22:57:00,F,50+,office,seoul,0,0,0,0,6,0,0,68,1,0,completed
30689,U0692,2025-09-03 08:52:00,2025-09-03 08:58:00,M,20~29,office,seoul,0,0,0,0,23,0,0,36,0,0,completed
30690,U0693,2025-08-22 12:59:00,2025-08-22 13:03:00,F,50+,office,seoul,0,0,0,0,29,0,0,42,0,1,completed
30691,U0694,2025-05-23 12:22:00,2025-05-23 12:27:00,M,30~39,office,seoul,0,0,0,0,14,0,0,60,0,0,completed
30692,U0695,2025-05-01 09:23:00,2025-05-01 09:25:00,M,50+,office,seoul,0,0,0,0,0,0,0,35,0,0,completed
30693,U0696,2025-09-28 19:23:00,2025-09-28 19:30:00,M,20~29,office,seoul,1,0,0,0,3,0,0,70,0,0,error
30694,U0697,2025-07-09 20:34:00,2025-07-09 20:37:00,M,50+,office,seoul,0,0,0,0,5,0,0,67,0,0,error
30695,U0698,2025-06-08 08:34:00,2025-06-08 08:41:00,F,30~39,office,seoul,1,0,0,0,4,0,0,13,0,0,completed
30696,U0699,2025-02-06 09:24:00,2025-02-06 09:27:00,M,30~39,office,seoul,0,0,0,0,21,0,0,58,0,1,completed
30697,U0700,2025-04-16 19:46:00,2025-04-16 19:51:00,M,30~39,office,seoul,0,0,0,0,8,0,0,13,0,0,completed
30698,U0701,2025-12-30 13:42:00,2025-12-30 13:44:00,M,30~39,office,seoul,0,0,0,0,28,0,0,79,0,0,completed
30699,U0702,2025-03-28 17:11:00,2025-03-28 17:16:00,M,30~39,office,seoul,0,0,0,0,5,0,0,64,0,1,completed
30700,U0703,2025-04-21 21:02:00,2025-04-21 21:05:00,M,30~39,office,seoul,0,0,0,0,9,0,0,63,0,0,abandoned
30701,U0704,2025-10-27 13:07:00,2025-10-27 13:12:00,F,20~29,office,seoul,0,0,0,0,22,0,0,18,0,0,completed
30702,U0705,2025-08-23 09:32:00,2025-08-23 09:37:00,M,50+,office,seoul,1,0,0,0,28,0,0,53,0,0,completed
30703,U0706,2025-09-05 08:53:00,2025-09-05 08:56:00,M,20~29,office,seoul,0,0,0,0,25,0,0,72,0,0,completed
30704,U0707,2025-10-19 13:21:00,2025-10-19 13:23:00,F,30~39,office,seoul,1,0,0,0,19,0,0,78,0,0,completed
30705,U0708,2025-04-17 15:48:00,2025-04-17 15:52:00,M,20~29,office,seoul,0,0,0,0,28,0,0,26,0,0,completed
30706,U0709,2025-04-11 07:37:00,2025-04-11 07:41:00,M,30~39,office,seoul,0,0,0,0,24,0,0,47,0,0,completed
30707,U0710,2025-01-25 17:40:00,2025-01-25 17:45:00,M,20~29,office,seoul,1,0,0,0,18,0,0,59,0,0,abandoned
30708,U0711,2025-12-17 18:32:00,2025-12-17 18:35:00,M,40~49,office,seoul,0,0,0,0,28,0,0,35,0,0,completed
30709,U0712,2025-09-12 14:27:00,2025-09-12 14:33:00,F,20~29,office,seoul,0,0,0,0,26,0,0,44,0,0,completed
30710,U0713,2025-03-23 09:55:00,2025-03-23 09:57:00,M,40~49,office,seoul,1,0,0,0,8,0,0,44,0,0,completed
30711,U0714,2025-01-29 08:19:00,2025-01-29 08:25:00,F,40~49,office,seoul,0,0,0,0,8,0,0,57,0,0,completed
30712,U0715,2025-08-15 20:21:00,2025-08-15 20:23:00,M,50+,office,seoul,0,0,0,0,24,0,0,29,0,0,completed
30713,U0716,2025-09-22 09:21:00,2025-09-22 09:27:00,F,30~39,office,seoul,0,0,0,0,1,0,0,72,0,0,completed
30714,U0717,2025-05-04 11:08:00,2025-05-04 11:14:00,M,20~29,office,seoul,1,0,0,0,7,0,0,30,0,0,completed
30715,U0718,2025-07-01 12:57:00,2025-07-01 12:59:00,F,30~39,office,seoul,0,0,0,0,20,0,0,22,0,0,completed
30716,U0719,2025-09-16 09:12:00,2025-09-16 09:15:00,M,50+,office,seoul,0,0,0,0,2,0,0,41,0,0,abandoned
30717,U0720,2025-01-05 18:49:00,2025-01-05 18:56:00,M,30~39,office,seoul,1,0,0,0,20,0,0,69,0,0,completed
30718,U0721,2025-04-27 16:46:00,2025-04-27 16:53:00,F,40~49,office,seoul,1,0,0,0,8,0,0,45,0,0,completed
30719,U0722,2025-07-27 14:26:00,2025-07-27 14:28:00,F,50+,office,seoul,1,0,0,0,28,0,0,32,0,0,abandoned
30720,U0723,2025-08-08 18:11:00,2025-08-08 18:17:00,M,20~29,office,seoul,0,0,0,0,21,0,0,72,0,0,completed
30721,U0724,2025-08-09 14:16:00,2025-08-09 14:22:00,F,40~49,office,seoul,1,0,0,0,19,0,0,77,0,0,abandoned
30722,U0725,2025-06-16 08:38:00,2025-06-16 08:42:00,F,40~49,office,seoul,0,0,0,0,22,0,0,34,0,0,completed
30723,U0726,2025-10-18 19:59:00,2025-10-18 20:04:00,F,40~49,office,seoul,1,0,0,0,21,0,0,11,0,0,completed
30724,U0727,2025-01-02 14:40:00,2025-01-02 14:44:00,F,30~39,office,seoul,0,0,0,0,20,0,0,10,0,0,completed
30725,U0728,2025-04-08 13:32:00,2025-04-08 13:37:00,F,20~29,office,seoul,0,0,0,0,18,0,0,40,1,0,completed
30726,U0729,2025-12-06 20:44:00,2025-12-06 20:48:00,F,40~49,office,seoul,1,0,0,0,10,0,0,62,0,0,completed
30727,U0730,2025-01-19 22:14:00,2025-01-19 22:20:00,M,30~39,office,seoul,1,0,0,0,6,0,0,39,0,0,abandoned
30728,U0731,2025-06-07 08:58:00,2025-06-07 09:02:00,F,20~29,office,seoul,1,0,0,0,12,0,0,40,0,0,completed
30729,U0732,2025-07-05 13:29:00,2025-07-05 13:35:00,M,20~29,office,seoul,1,0,0,0,28,0,0,75,0,0,completed
30730,U0733,2025-11-10 17:32:00,2025-11-10 17:36:00,F,50+,office,seoul,0,0,0,0,29,0,0,47,0,0,completed
30731,U0734,2025-12-29 15:13:00,2025-12-29 15:17:00,M,20~29,office,seoul,0,0,0,0,24,0,0,30,1,0,timeout
30732,U0735,2025-10-03 16:56:00,2025-10-03 16:58:00,F,30~39,office,seoul,0,0,0,0,9,0,0,54,0,0,abandoned
30733,U0736,2025-02-23 17:38:00,2025-02-23 17:40:00,M,30~39,office,seoul,1,0,0,0,14,0,0,23,0,0,timeout
30734,U0737,2025-01-08 17:34:00,2025-01-08 17:41:00,F,30~39,office,seoul,0,0,0,0,6,0,0,36,0,0,completed
30735,U0738,2025-09-30 17:10:00,2025-09-30 17:13:00,F,50+,office,seoul,0,0,0,0,17,0,0,40,0,0,completed
30736,U0739,2025-05-22 09:11:00,2025-05-22 09:16:00,F,20~29,office,seoul,0,0,0,0,21,0,0,39,0,0,completed
30737,U0740,2025-02-23 07:40:00,2025-02-23 07:43:00,F,50+,office,seoul,1,0,0,0,14,0,0,22,0,0,completed
30738,U0741,2025-11-02 14:41:00,2025-11-02 14:43:00,M,50+,office,seoul,1,0,0,0,22,0,0,68,0,0,completed
30739,U0742,2025-12-21 15:30:00,2025-12-21 15:33:00,F,50+,office,seoul,1,0,0,0,8,0,0,50,0,0,completed
30740,U0743,2025-03-30 15:13:00,2025-03-30 15:17:00,M,20~29,office,seoul,1,0,0,0,11,0,0,51,0,0,completed
30741,U0744,2025-03-13 08:50:00,2025-03-13 08:57:00,F,40~49,office,seoul,0,0,0,0,18,0,0,23,0,0,completed
30742,U0745,2025-12-30 12:47:00,2025-12-30 12:49:00,M,30~39,office,seoul,0,0,0,0,19,0,0,24,0,0,completed
30743,U0746,2025-09-15 14:40:00,2025-09-15 14:42:00,F,20~29,office,seoul,0,0,0,0,17,0,0,37,0,0,completed
30744,U0747,2025-01-16 18:40:00,2025-01-16 18:47:00,F,40~49,office,seoul,0,0,0,0,5,0,0,38,1,0,completed
30745,U0748,2025-05-29 19:23:00,2025-05-29 19:26:00,M,20~29,office,seoul,0,0,0,0,5,0,0,24,0,0,completed
30746,U0749,2025-04-17 07:33:00,2025-04-17 07:37:00,M,20~29,office,seoul,0,0,0,0,18,0,0,18,0,0,timeout
30747,U0750,2025-09-10 13:34:00,2025-09-10 13:39:00,M,40~49,office,seoul,0,0,0,0,8,0,0,75,0,0,completed
30748,U0751,2025-10-10 17:07:00,2025-10-10 17:09:00,F,50+,office,seoul,0,0,0,0,20,0,0,25,0,0,completed
30749,U0752,2025-11-09 13:13:00,2025-11-09 13:20:00,F,30~39,office,seoul,1,0,0,0,18,0,0,54,0,0,abandoned
30750,U0753,2025-05-03 07:08:00,2025-05-03 07:10:00,F,20~29,office,seoul,1,0,0,0,21,0,0,56,0,0,completed
30751,U0754,2025-01-17 22:31:00,2025-01-17 22:38:00,M,20~29,office,seoul,0,0,0,0,16,0,0,55,0,0,completed
30752,U0755,2025-09-08 14:46:00,2025-09-08 14:52:00,F,30~39,office,seoul,0,0,0,0,17,0,0,70,0,0,abandoned
30753,U0756,2025-01-11 13:35:00,2025-01-11 13:38:00,F,40~49,office,seoul,1,0,0,0,24,0,0,30,0,0,completed
30754,U0757,2025-01-04 12:48:00,2025-01-04 12:55:00,F,30~39,office,seoul,1,0,0,0,14,0,0,75,0,0,completed
30755,U0758,2025-12-22 13:47:00,2025-12-22 13:49:00,M,30~39,office,seoul,0,0,0,0,5,0,0,74,0,0,completed
30756,U0759,2025-08-15 08:35:00,2025-08-15 08:37:00,M,50+,office,seoul,0,0,0,0,4,0,0,20,0,0,completed
30757,U0760,2025-04-30 11:22:00,2025-04-30 11:24:00,F,30~39,office,seoul,0,0,0,0,7,0,0,76,0,0,completed
30758,U0761,2025-09-30 08:57:00,2025-09-30 09:03:00,M,20~29,office,seoul,0,0,0,0,27,0,0,40,0,0,completed
30759,U0762,2025-02-14 08:07:00,2025-02-14 08:09:00,F,30~39,office,seoul,0,0,0,0,19,0,0,58,0,0,completed
30760,U0763,2025-10-16 09:26:00,2025-10-16 09:32:00,F,40~49,office,seoul,0,0,0,0,18,0,0,25,0,1,completed
30761,U0764,2025-04-30 12:32:00,2025-04-30 12:38:00,M,30~39,office,seoul,0,0,0,0,4,0,0,61,0,0,completed
30762,U0765,2025-02-26 17:19:00,2025-02-26 17:22:00,F,40~49,office,seoul,0,0,0,0,0,0,0,33,0,0,completed
30763,U0766,2025-07-21 09:42:00,2025-07-21 09:48:00,M,20~29,office,seoul,0,0,0,0,1,0,0,44,0,0,completed
30764,U0767,2025-10-25 19:11:00,2025-10-25 19:15:00,F,20~29,office,seoul,1,0,0,0,2,0,0,14,0,0,timeout
30765,U0768,2025-03-15 16:05:00,2025-03-15 16:07:00,F,30~39,office,seoul,1,0,0,0,8,0,0,78,0,0,abandoned
30766,U0769,2025-08-20 15:58:00,2025-08-20 16:01:00,M,20~29,office,seoul,0,0,0,0,12,0,0,31,0,0,completed
30767,U0770,2025-06-14 15:25:00,2025-06-14 15:30:00,M,30~39,office,seoul,1,0,0,0,28,0,0,12,0,0,timeout
30768,U0771,2025-03-01 18:08:00,2025-03-01 18:15:00,M,40~49,office,seoul,1,0,0,0,20,0,0,56,0,0,completed
30769,U0772,2025-10-09 08:25:00,2025-10-09 08:32:00,M,20~29,office,seoul,0,0,0,0,15,0,0,36,0,0,completed
30770,U0773,2025-11-25 07:39:00,2025-11-25 07:46:00,F,40~49,office,seoul,0,0,0,0,22,0,0,68,0,0,completed
30771,U0774,2025-11-02 14:08:00,2025-11-02 14:10:00,F,30~39,office,seoul,1,0,0,0,8,0,0,17,0,0,completed
30772,U0775,2025-09-07 12:16:00,2025-09-07 12:20:00,F,50+,office,seoul,1,0,0,0,15,0,0,60,0,0,completed
30773,U0776,2025-03-10 13:22:00,2025-03-10 13:26:00,F,20~29,office,seoul,0,0,0,0,25,0,0,67,0,0,abandoned
30774,U0777,2025-06-02 15:58:00,2025-06-02 16:05:00,M,40~49,office,seoul,0,0,0,0,22,0,0,72,0,0,completed
30775,U0778,2025-07-04 14:37:00,2025-07-04 14:44:00,F,50+,office,seoul,0,0,0,0,21,0,0,13,0,0,completed
30776,U0779,2025-11-08 08:22:00,2025-11-08 08:26:00,M,50+,office,seoul,1,0,0,0,0,0,0,13,0,0,abandoned
30777,U0780,2025-01-19 09:41:00,2025-01-19 09:45:00,F,20~29,office,seoul,1,0,0,0,17,0,0,69,0,0,completed
30778,U0781,2025-08-28 15:00:00,2025-08-28 15:02:00,F,40~49,office,seoul,0,0,0,0,12,0,0,50,0,0,completed
30779,U0782,2025-09-24 09:33:00,2025-09-24 09:37:00,F,20~29,office,seoul,0,0,0,0,25,0,0,52,0,0,completed
30780,U0783,2025-05-27 12:28:00,2025-05-27 12:35:00,M,30~39,office,seoul,0,0,0,0,12,0,0,53,0,0,completed
30781,U0784,2025-04-20 09:34:00,2025-04-20 09:39:00,F,50+,office,seoul,1,0,0,0,21,0,0,76,0,0,completed
30782,U0785,2025-10-05 16:02:00,2025-10-05 16:06:00,F,30~39,office,seoul,1,0,0,0,29,0,0,11,0,0,completed
30783,U0786,2025-12-03 15:57:00,2025-12-03 16:02:00,M,40~49,office,seoul,0,0,0,0,5,0,0,53,0,0,completed
30784,U0787,2025-06-23 12:01:00,2025-06-23 12:06:00,M,20~29,office,seoul,0,0,0,0,28,0,0,19,0,0,completed
30785,U0788,2025-07-02 07:01:00,2025-07-02 07:06:00,F,20~29,office,seoul,0,0,0,0,19,0,0,67,0,0,completed
30786,U0789,2025-08-10 12:02:00,2025-08-10 12:08:00,F,20~29,office,seoul,1,0,0,0,22,0,0,47,0,0,completed
30787,U0790,2025-03-17 21:26:00,2025-03-17 21:31:00,F,20~29,office,seoul,0,0,0,0,2,0,0,77,0,0,completed
30788,U0791,2025-09-26 08:22:00,2025-09-26 08:27:00,M,30~39,office,seoul,0,0,0,0,26,0,0,58,0,0,completed
30789,U0792,2025-06-29 11:22:00,2025-06-29 11:26:00,F,20~29,office,seoul,1,0,0,0,27,0,0,67,0,0,abandoned
30790,U0793,2025-07-19 19:36:00,2025-07-19 19:43:00,M,40~49,office,seoul,1,0,0,0,12,0,0,12,0,0,abandoned
30791,U0794,2025-02-28 07:14:00,2025-02-28 07:16:00,F,20~29,office,seoul,0,0,0,0,6,0,0,30,0,0,completed
30792,U0795,2025-12-31 11:59:00,2025-12-31 12:02:00,M,20~29,office,seoul,0,0,0,0,17,0,0,58,0,0,completed
30793,U0796,2025-02-25 13:06:00,2025-02-25 13:11:00,M,20~29,office,seoul,0,0,0,0,12,0,0,49,0,0,completed
30794,U0797,2025-03-03 16:40:00,2025-03-03 16:45:00,M,20~29,office,seoul,0,0,0,0,9,0,0,46,0,0,completed
30795,U0798,2025-04-11 08:57:00,2025-04-11 09:01:00,M,30~39,office,seoul,0,0,0,0,16,0,0,79,0,0,completed
30796,U0799,2025-11-08 18:53:00,2025-11-08 18:59:00,F,30~39,office,seoul,1,0,0,0,12,0,0,26,0,0,completed
30797,U0800,2025-09-13 18:52:00,2025-09-13 18:57:00,F,40~49,office,seoul,1,0,0,0,19,0,0,11,0,0,completed
30798,U0801,2025-11-09 17:20:00,2025-11-09 17:24:00,F,50+,office,seoul,1,0,0,0,8,0,0,73,0,0,completed
30799,U0802,2025-06-08 14:51:00,2025-06-08 14:54:00,M,30~39,office,seoul,1,0,0,0,18,0,0,51,0,0,completed
30800,U0803,2025-08-13 13:24:00,2025-08-13 13:27:00,M,40~49,office,seoul,0,0,0,0,20,0,0,46,0,0,abandoned
30801,U0804,2025-10-13 12:23:00,2025-10-13 12:28:00,M,30~39,office,seoul,0,0,0,0,14,0,0,69,0,0,completed
30802,U0805,2025-03-29 18:34:00,2025-03-29 18:40:00,F,20~29,office,seoul,1,0,0,0,17,0,0,74,0,0,abandoned
30803,U0806,2025-08-05 08:04:00,2025-08-05 08:10:00,F,40~49,office,seoul,0,0,0,0,26,0,0,54,0,0,completed
30804,U0807,2025-05-09 18:35:00,2025-05-09 18:37:00,F,40~49,office,seoul,0,0,0,0,24,0,0,34,0,0,completed
30805,U0808,2025-08-01 12:49:00,2025-08-01 12:54:00,F,20~29,office,seoul,0,0,0,0,9,0,0,71,0,0,completed
30806,U0809,2025-09-09 08:19:00,2025-09-09 08:26:00,M,20~29,office,seoul,0,0,0,0,20,0,0,52,0,0,completed
30807,U0810,2025-06-17 17:03:00,2025-06-17 17:08:00,F,20~29,office,seoul,0,0,0,0,2,0,0,34,0,0,completed
30808,U0811,2025-08-26 17:55:00,2025-08-26 17:57:00,F,20~29,office,seoul,0,0,0,0,8,0,0,36,0,0,timeout
30809,U0812,2025-03-14 15:12:00,2025-03-14 15:15:00,F,20~29,office,seoul,0,0,0,0,1,0,0,22,0,0,completed
30810,U0813,2025-03-31 17:46:00,2025-03-31 17:53:00,M,30~39,office,seoul,0,0,0,0,10,0,0,19,0,0,completed
30811,U0814,2025-06-08 07:17:00,2025-06-08 07:21:00,M,50+,office,seoul,1,0,0,0,21,0,0,57,0,0,completed
30812,U0815,2025-08-07 15:12:00,2025-08-07 15:17:00,F,20~29,office,seoul,0,0,0,0,13,0,0,32,0,0,completed
30813,U0816,2025-04-01 18:59:00,2025-04-01 19:05:00,M,20~29,office,seoul,0,0,0,0,13,0,0,42,1,0,completed
30814,U0817,2025-01-21 13:27:00,2025-01-21 13:31:00,M,20~29,office,seoul,0,0,0,0,27,0,0,60,0,0,completed
30815,U0818,2025-03-12 12:02:00,2025-03-12 12:08:00,F,40~49,office,seoul,0,0,0,0,23,0,0,15,0,0,timeout
30816,U0819,2025-01-02 12:18:00,2025-01-02 12:24:00,F,20~29,office,seoul,0,0,0,0,18,0,0,14,0,0,abandoned
30817,U0820,2025-12-02 09:34:00,2025-12-02 09:36:00,M,40~49,office,seoul,0,0,0,0,1,0,0,31,0,0,error
30818,U0821,2025-05-31 16:16:00,2025-05-31 16:18:00,F,50+,office,seoul,1,0,0,0,29,0,0,52,0,0,completed
30819,U0822,2025-10-02 09:55:00,2025-10-02 10:02:00,F,40~49,office,seoul,0,0,0,0,4,0,0,13,0,0,completed
30820,U0823,2025-04-30 12:30:00,2025-04-30 12:33:00,F,50+,office,seoul,0,0,0,0,4,0,0,52,0,0,completed
30821,U0824,2025-01-30 18:33:00,2025-01-30 18:40:00,M,30~39,office,seoul,0,0,0,0,3,0,0,18,0,0,completed
30822,U0825,2025-12-22 16:31:00,2025-12-22 16:35:00,M,40~49,office,seoul,0,0,0,0,3,0,0,46,0,0,completed
30823,U0826,2025-09-11 13:17:00,2025-09-11 13:21:00,F,30~39,office,seoul,0,0,0,0,27,0,0,50,0,0,completed
30824,U0827,2025-06-19 16:35:00,2025-06-19 16:40:00,M,20~29,office,seoul,0,0,0,0,2,0,0,40,0,0,completed
30825,U0828,2025-10-29 07:33:00,2025-10-29 07:38:00,M,20~29,office,seoul,0,0,0,0,28,0,0,59,0,0,completed
30826,U0829,2025-05-24 20:15:00,2025-05-24 20:18:00,F,20~29,office,seoul,1,0,0,0,1,0,0,54,0,0,completed
30827,U0830,2025-12-21 14:25:00,2025-12-21 14:32:00,F,50+,office,seoul,1,0,0,0,25,0,0,71,0,0,abandoned
30828,U0831,2025-04-01 12:10:00,2025-04-01 12:16:00,F,20~29,office,seoul,0,0,0,0,12,0,0,34,0,0,abandoned
30829,U0832,2025-06-28 11:53:00,2025-06-28 11:55:00,F,30~39,office,seoul,1,0,0,0,0,0,0,51,0,0,completed
30830,U0833,2025-02-02 13:52:00,2025-02-02 13:58:00,M,20~29,office,seoul,1,0,0,0,4,0,0,73,0,0,completed
30831,U0834,2025-11-24 08:46:00,2025-11-24 08:51:00,F,30~39,office,seoul,0,0,0,0,21,0,0,31,0,0,abandoned
30832,U0835,2025-09-09 20:47:00,2025-09-09 20:50:00,M,50+,office,seoul,0,0,0,0,7,0,0,72,0,0,completed
30833,U0836,2025-09-18 19:46:00,2025-09-18 19:50:00,F,40~49,office,seoul,0,0,0,0,11,0,0,72,0,0,completed
30834,U0837,2025-01-01 12:28:00,2025-01-01 12:31:00,M,40~49,office,seoul,0,0,0,0,22,0,0,17,0,0,completed
30835,U0838,2025-11-11 09:08:00,2025-11-11 09:12:00,F,30~39,office,seoul,0,0,0,0,2,0,0,72,0,0,completed
30836,U0839,2025-02-14 13:20:00,2025-02-14 13:24:00,F,30~39,office,seoul,0,0,0,0,17,0,0,49,0,0,completed
30837,U0840,2025-01-12 15:33:00,2025-01-12 15:40:00,M,50+,office,seoul,1,0,0,0,16,0,0,65,0,0,completed
30838,U0841,2025-02-27 16:04:00,2025-02-27 16:07:00,F,40~49,office,seoul,0,0,0,0,27,0,0,48,0,0,completed
30839,U0842,2025-10-28 16:22:00,2025-10-28 16:28:00,F,50+,office,seoul,0,0,0,0,18,0,0,30,0,0,completed
30840,U0843,2025-03-01 09:01:00,2025-03-01 09:07:00,F,50+,office,seoul,1,0,0,0,7,0,0,23,0,0,completed
30841,U0844,2025-01-26 13:21:00,2025-01-26 13:28:00,F,20~29,office,seoul,1,0,0,0,20,0,0,57,1,0,completed
30842,U0845,2025-03-09 15:55:00,2025-03-09 16:02:00,M,50+,office,seoul,1,0,0,0,22,0,0,48,1,0,timeout
30843,U0846,2025-08-06 15:14:00,2025-08-06 15:20:00,F,30~39,office,seoul,0,0,0,0,15,0,0,19,0,0,completed
30844,U0847,2025-11-05 16:41:00,2025-11-05 16:45:00,M,40~49,office,seoul,0,0,0,0,3,0,0,11,0,0,timeout
30845,U0848,2025-04-08 18:18:00,2025-04-08 18:24:00,F,40~49,office,seoul,0,0,0,0,28,0,0,47,0,0,completed
30846,U0849,2025-01-22 09:51:00,2025-01-22 09:54:00,M,20~29,office,seoul,0,0,0,0,9,0,0,34,0,0,completed
30847,U0850,2025-07-31 22:32:00,2025-07-31 22:34:00,M,40~49,office,seoul,0,0,0,0,11,0,0,64,0,0,completed
30848,U0851,2025-04-09 08:08:00,2025-04-09 08:11:00,F,20~29,office,seoul,0,0,0,0,24,0,0,14,0,0,completed
30849,U0852,2025-10-21 13:18:00,2025-10-21 13:25:00,F,50+,office,seoul,0,0,0,0,27,0,0,60,0,0,completed
30850,U0853,2025-09-02 11:08:00,2025-09-02 11:12:00,F,40~49,office,seoul,0,0,0,0,17,0,0,18,0,0,completed
30851,U0854,2025-04-01 16:38:00,2025-04-01 16:45:00,M,20~29,office,seoul,0,0,0,0,8,0,0,39,0,0,completed
30852,U0855,2025-12-01 12:55:00,2025-12-01 13:00:00,M,50+,office,seoul,0,0,0,0,5,0,0,13,0,0,completed
30853,U0856,2025-05-31 11:28:00,2025-05-31 11:32:00,M,20~29,office,seoul,1,0,0,0,2,0,0,11,1,0,completed
30854,U0857,2025-01-02 09:18:00,2025-01-02 09:23:00,F,50+,office,seoul,0,0,0,0,17,0,0,57,0,0,completed
30855,U0858,2025-11-12 22:54:00,2025-11-12 23:01:00,M,20~29,office,seoul,0,0,0,0,7,0,0,39,0,0,completed
30856,U0859,2025-02-01 16:38:00,2025-02-01 16:41:00,M,40~49,office,seoul,1,0,0,0,15,0,0,46,0,0,completed
30857,U0860,2025-04-20 21:59:00,2025-04-20 22:02:00,F,20~29,office,seoul,1,0,0,0,24,0,0,17,0,0,completed
30858,U0861,2025-08-16 19:51:00,2025-08-16 19:56:00,F,40~49,office,seoul,1,0,0,0,14,0,0,40,0,0,completed
30859,U0862,2025-12-14 11:27:00,2025-12-14 11:29:00,M,20~29,office,seoul,1,0,0,0,29,0,0,11,0,0,completed
30860,U0863,2025-09-01 20:07:00,2025-09-01 20:10:00,M,40~49,office,seoul,0,0,0,0,9,0,0,48,0,0,completed
30861,U0864,2025-11-11 16:53:00,2025-11-11 16:57:00,F,50+,office,seoul,0,0,0,0,9,0,0,78,0,0,completed
30862,U0865,2025-12-19 09:29:00,2025-12-19 09:32:00,F,30~39,office,seoul,0,0,0,0,29,0,0,61,0,0,completed
30863,U0866,2025-09-24 08:44:00,2025-09-24 08:47:00,F,20~29,office,seoul,0,0,0,0,20,0,0,42,0,0,completed
30864,U0867,2025-08-21 07:06:00,2025-08-21 07:09:00,F,40~49,office,seoul,0,0,0,0,14,0,0,47,0,0,completed
30865,U0868,2025-07-12 18:55:00,2025-07-12 18:59:00,M,30~39,office,seoul,1,0,0,0,8,0,0,68,0,0,completed
30866,U0869,2025-07-19 14:44:00,2025-07-19 14:48:00,M,30~39,office,seoul,1,0,0,0,6,0,0,64,0,0,completed
30867,U0870,2025-11-17 07:01:00,2025-11-17 07:07:00,M,20~29,office,seoul,0,0,0,0,22,0,0,71,0,0,abandoned
30868,U0871,2025-05-07 09:46:00,2025-05-07 09:51:00,F,30~39,office,seoul,0,0,0,0,17,0,0,62,0,0,completed
30869,U0872,2025-08-29 21:48:00,2025-08-29 21:54:00,M,30~39,office,seoul,0,0,0,0,4,0,0,41,0,0,completed
30870,U0873,2025-11-22 20:56:00,2025-11-22 21:02:00,F,20~29,office,seoul,1,0,0,0,22,0,0,20,0,0,completed
30871,U0874,2025-10-24 20:05:00,2025-10-24 20:12:00,M,30~39,office,seoul,0,0,0,0,26,0,0,43,0,0,completed
30872,U0875,2025-08-02 12:12:00,2025-08-02 12:16:00,F,50+,office,seoul,1,0,0,0,0,0,0,19,0,0,completed
30873,U0876,2025-06-30 18:26:00,2025-06-30 18:29:00,F,40~49,office,seoul,0,0,0,0,0,0,0,45,0,0,abandoned
30874,U0877,2025-11-05 09:39:00,2025-11-05 09:41:00,F,20~29,office,seoul,0,0,0,0,13,0,0,57,0,0,completed
30875,U0878,2025-11-29 20:14:00,2025-11-29 20:20:00,M,40~49,office,seoul,1,0,0,0,1,0,0,14,0,0,completed
30876,U0879,2025-08-12 17:16:00,2025-08-12 17:19:00,F,30~39,office,seoul,0,0,0,0,12,0,0,33,0,0,timeout
30877,U0880,2025-09-21 20:19:00,2025-09-21 20:22:00,M,50+,office,seoul,1,0,0,0,27,0,0,40,0,0,timeout
30878,U0881,2025-05-08 07:01:00,2025-05-08 07:03:00,F,30~39,office,seoul,0,0,0,0,0,0,0,40,0,0,completed
30879,U0882,2025-12-23 19:44:00,2025-12-23 19:50:00,F,40~49,office,seoul,0,0,0,0,28,0,0,57,0,0,completed
30880,U0883,2025-10-19 13:24:00,2025-10-19 13:27:00,F,30~39,office,seoul,1,0,0,0,21,0,0,77,0,0,completed
30881,U0884,2025-12-19 22:27:00,2025-12-19 22:29:00,F,40~49,office,seoul,0,0,0,0,6,0,0,15,0,0,completed
30882,U0885,2025-08-16 15:48:00,2025-08-16 15:53:00,M,20~29,office,seoul,1,0,0,0,1,0,0,72,0,0,completed
30883,U0886,2025-08-03 08:59:00,2025-08-03 09:02:00,F,40~49,office,seoul,1,0,0,0,11,0,0,20,0,0,completed
30884,U0887,2025-05-25 09:43:00,2025-05-25 09:48:00,M,40~49,office,seoul,1,0,0,0,5,0,0,27,0,0,completed
30885,U0888,2025-09-26 19:39:00,2025-09-26 19:44:00,F,30~39,office,seoul,0,0,0,0,14,0,0,59,0,0,completed
30886,U0889,2025-06-12 18:56:00,2025-06-12 19:00:00,M,20~29,office,seoul,0,0,0,0,13,0,0,76,0,0,completed
30887,U0890,2025-08-03 14:43:00,2025-08-03 14:49:00,M,20~29,office,seoul,1,0,0,0,22,0,0,32,0,0,completed
30888,U0891,2025-01-09 17:50:00,2025-01-09 17:55:00,M,20~29,office,seoul,0,0,0,0,8,0,0,32,0,0,completed
30889,U0892,2025-09-11 20:35:00,2025-09-11 20:41:00,F,20~29,office,seoul,0,0,0,0,12,0,0,67,0,0,completed
30890,U0893,2025-01-12 09:15:00,2025-01-12 09:17:00,F,20~29,office,seoul,1,0,0,0,10,0,0,14,0,0,completed
30891,U0894,2025-01-27 18:24:00,2025-01-27 18:28:00,M,20~29,office,seoul,0,0,0,0,22,0,0,49,0,0,completed
30892,U0895,2025-03-07 08:41:00,2025-03-07 08:43:00,M,20~29,office,seoul,0,0,0,0,10,0,0,79,0,0,completed
30893,U0896,2025-05-03 09:40:00,2025-05-03 09:42:00,M,30~39,office,seoul,1,0,0,0,27,0,0,29,1,0,completed
30894,U0897,2025-04-30 14:43:00,2025-04-30 14:45:00,M,20~29,office,seoul,0,0,0,0,3,0,0,70,0,0,abandoned
30895,U0898,2025-06-24 09:56:00,2025-06-24 10:00:00,F,20~29,office,seoul,0,0,0,0,9,0,0,69,0,0,completed
30896,U0899,2025-06-30 15:42:00,2025-06-30 15:47:00,M,40~49,office,seoul,0,0,0,0,5,0,0,54,0,0,completed
30897,U0900,2025-06-06 16:29:00,2025-06-06 16:36:00,F,20~29,office,seoul,0,0,0,0,22,0,0,25,0,0,completed
30898,U0901,2025-11-13 12:26:00,2025-11-13 12:32:00,M,40~49,office,seoul,0,0,0,0,1,0,0,66,0,0,completed
30899,U0902,2025-11-22 09:06:00,2025-11-22 09:08:00,M,20~29,office,seoul,1,0,0,0,21,0,0,21,0,0,completed
30900,U0903,2025-03-05 08:58:00,2025-03-05 09:05:00,F,20~29,office,seoul,0,0,0,0,3,0,0,72,0,0,completed
30901,U0904,2025-08-27 08:11:00,2025-08-27 08:16:00,F,30~39,office,seoul,0,0,0,0,5,0,0,75,0,0,completed
30902,U0905,2025-04-21 11:11:00,2025-04-21 11:14:00,M,30~39,office,seoul,0,0,0,0,13,0,0,37,0,0,completed
30903,U0906,2025-12-02 07:43:00,2025-12-02 07:47:00,F,20~29,office,seoul,0,0,0,0,26,0,0,71,0,0,completed
30904,U0907,2025-07-24 20:33:00,2025-07-24 20:35:00,F,40~49,office,seoul,0,0,0,0,7,0,0,32,0,1,completed
30905,U0908,2025-02-20 14:35:00,2025-02-20 14:40:00,M,30~39,office,seoul,0,0,0,0,13,0,0,41,0,0,completed
30906,U0909,2025-01-10 07:44:00,2025-01-10 07:48:00,F,20~29,office,seoul,0,0,0,0,12,0,0,37,0,0,completed
30907,U0910,2025-09-10 12:43:00,2025-09-10 12:49:00,F,20~29,office,seoul,0,0,0,0,6,0,0,35,0,0,completed
30908,U0911,2025-02-26 15:39:00,2025-02-26 15:41:00,M,30~39,office,seoul,0,0,0,0,25,0,0,76,0,0,completed
30909,U0912,2025-03-30 15:05:00,2025-03-30 15:11:00,F,50+,office,seoul,1,0,0,0,23,0,0,33,0,0,completed
30910,U0913,2025-03-13 09:47:00,2025-03-13 09:52:00,F,50+,office,seoul,0,0,0,0,18,0,0,79,0,0,completed
30911,U0914,2025-10-23 12:10:00,2025-10-23 12:15:00,F,20~29,office,seoul,0,0,0,0,12,0,0,69,0,1,completed
30912,U0915,2025-11-26 15:37:00,2025-11-26 15:39:00,M,20~29,office,seoul,0,0,0,0,13,0,0,69,0,0,completed
30913,U0916,2025-07-29 12:25:00,2025-07-29 12:31:00,M,20~29,office,seoul,0,0,0,0,1,0,0,32,0,0,completed
30914,U0917,2025-08-07 15:45:00,2025-08-07 15:49:00,F,50+,office,seoul,0,0,0,0,6,0,0,29,0,0,completed
30915,U0918,2025-02-22 09:22:00,2025-02-22 09:26:00,F,30~39,office,seoul,1,0,0,0,23,0,0,17,0,0,completed
30916,U0919,2025-10-16 07:06:00,2025-10-16 07:09:00,M,20~29,office,seoul,0,0,0,0,2,0,0,51,0,0,abandoned
30917,U0920,2025-04-24 15:11:00,2025-04-24 15:13:00,M,20~29,office,seoul,0,0,0,0,1,0,0,25,0,0,completed
30918,U0921,2025-07-23 13:58:00,2025-07-23 14:00:00,F,40~49,office,seoul,0,0,0,0,23,0,0,69,0,0,completed
30919,U0922,2025-02-24 09:10:00,2025-02-24 09:13:00,F,30~39,office,seoul,0,0,0,0,29,0,0,19,0,0,completed
30920,U0923,2025-03-12 13:22:00,2025-03-12 13:25:00,M,20~29,office,seoul,0,0,0,0,14,0,0,34,0,0,completed
30921,U0924,2025-08-16 12:45:00,2025-08-16 12:47:00,F,40~49,office,seoul,1,0,0,0,7,0,0,30,0,0,timeout
30922,U0925,2025-11-09 08:36:00,2025-11-09 08:40:00,F,20~29,office,seoul,1,0,0,0,2,0,0,67,0,0,completed
30923,U0926,2025-03-23 19:58:00,2025-03-23 20:05:00,M,40~49,office,seoul,1,0,0,0,3,0,0,11,0,0,completed
30924,U0927,2025-10-30 18:35:00,2025-10-30 18:39:00,M,40~49,office,seoul,0,0,0,0,9,0,0,72,0,0,abandoned
30925,U0928,2025-10-19 17:12:00,2025-10-19 17:15:00,M,50+,office,seoul,1,0,0,0,11,0,0,36,0,1,completed
30926,U0929,2025-09-16 15:45:00,2025-09-16 15:52:00,F,20~29,office,seoul,0,0,0,0,26,0,0,44,0,0,completed
30927,U0930,2025-07-09 20:20:00,2025-07-09 20:24:00,M,20~29,office,seoul,0,0,0,0,20,0,0,29,0,0,timeout
30928,U0931,2025-12-09 13:22:00,2025-12-09 13:24:00,M,30~39,office,seoul,0,0,0,0,10,0,0,66,0,0,completed
30929,U0932,2025-07-04 20:19:00,2025-07-04 20:24:00,F,40~49,office,seoul,0,0,0,0,3,0,0,21,0,0,completed
30930,U0933,2025-08-04 09:09:00,2025-08-04 09:16:00,F,20~29,office,seoul,0,0,0,0,28,0,0,50,0,0,abandoned
30931,U0934,2025-01-26 15:10:00,2025-01-26 15:15:00,M,30~39,office,seoul,1,0,0,0,26,0,0,31,0,0,completed
30932,U0935,2025-10-28 12:59:00,2025-10-28 13:02:00,M,30~39,office,seoul,0,0,0,0,21,0,0,42,0,0,completed
30933,U0936,2025-03-07 22:42:00,2025-03-07 22:48:00,F,40~49,office,seoul,0,0,0,0,14,0,0,16,0,0,completed
30934,U0937,2025-08-25 19:47:00,2025-08-25 19:53:00,F,30~39,office,seoul,0,0,0,0,1,0,0,14,0,0,completed
30935,U0938,2025-04-15 13:49:00,2025-04-15 13:54:00,F,20~29,office,seoul,0,0,0,0,6,0,0,36,0,0,error
30936,U0939,2025-09-11 17:48:00,2025-09-11 17:55:00,F,50+,office,seoul,0,0,0,0,21,0,0,37,0,0,completed
30937,U0940,2025-03-26 13:23:00,2025-03-26 13:28:00,F,40~49,office,seoul,0,0,0,0,14,0,0,38,0,0,completed
30938,U0941,2025-08-28 12:54:00,2025-08-28 13:01:00,F,30~39,office,seoul,0,0,0,0,9,0,0,59,0,0,completed
30939,U0942,2025-03-06 07:43:00,2025-03-06 07:47:00,F,30~39,office,seoul,0,0,0,0,21,0,0,60,0,0,completed
30940,U0943,2025-08-06 16:01:00,2025-08-06 16:03:00,F,20~29,office,seoul,0,0,0,0,11,0,0,53,0,0,completed
30941,U0944,2025-02-04 11:28:00,2025-02-04 11:31:00,F,30~39,office,seoul,0,0,0,0,23,0,0,18,0,0,completed
30942,U0945,2025-07-19 13:40:00,2025-07-19 13:42:00,F,20~29,office,seoul,1,0,0,0,17,0,0,46,0,0,completed
30943,U0946,2025-10-15 15:03:00,2025-10-15 15:09:00,F,30~39,office,seoul,0,0,0,0,22,0,0,48,0,0,abandoned
30944,U0947,2025-12-30 17:54:00,2025-12-30 17:58:00,M,50+,office,seoul,0,0,0,0,28,0,0,61,0,0,completed
30945,U0948,2025-05-26 14:59:00,2025-05-26 15:04:00,F,30~39,office,seoul,0,0,0,0,1,0,0,19,0,0,completed
30946,U0949,2025-04-21 11:26:00,2025-04-21 11:33:00,F,30~39,office,seoul,0,0,0,0,3,0,0,31,0,0,completed
30947,U0950,2025-10-11 07:19:00,2025-10-11 07:21:00,F,30~39,office,seoul,1,0,0,0,23,0,0,75,0,0,completed
30948,U0951,2025-11-23 14:14:00,2025-11-23 14:18:00,F,30~39,office,seoul,1,0,0,0,17,0,0,36,0,0,completed
30949,U0952,2025-08-26 13:46:00,2025-08-26 13:50:00,F,20~29,office,seoul,0,0,0,0,17,0,0,39,0,0,abandoned
30950,U0953,2025-10-31 16:10:00,2025-10-31 16:15:00,M,20~29,office,seoul,0,0,0,0,2,0,0,73,0,0,completed
30951,U0954,2025-01-18 13:56:00,2025-01-18 14:01:00,M,20~29,office,seoul,1,0,0,0,23,0,0,11,0,0,completed
30952,U0955,2025-04-30 14:31:00,2025-04-30 14:33:00,F,20~29,office,seoul,0,0,0,0,9,0,0,50,0,0,completed
30953,U0956,2025-01-29 20:54:00,2025-01-29 20:57:00,F,40~49,office,seoul,0,0,0,0,5,0,0,41,0,0,completed
30954,U0957,2025-08-09 07:28:00,2025-08-09 07:32:00,F,20~29,office,seoul,1,0,0,0,17,0,0,11,0,0,completed
30955,U0958,2025-07-06 11:23:00,2025-07-06 11:27:00,M,30~39,office,seoul,1,0,0,0,10,0,0,62,0,0,completed
30956,U0959,2025-06-28 12:02:00,2025-06-28 12:09:00,F,20~29,office,seoul,1,0,0,0,0,0,0,58,0,0,completed
30957,U0960,2025-07-31 22:26:00,2025-07-31 22:30:00,F,50+,office,seoul,0,0,0,0,5,0,0,51,0,0,completed
30958,U0961,2025-08-08 14:21:00,2025-08-08 14:27:00,F,30~39,office,seoul,0,0,0,0,29,0,0,18,0,0,completed
30959,U0962,2025-12-15 09:49:00,2025-12-15 09:52:00,F,50+,office,seoul,0,0,0,0,11,0,0,25,0,0,completed
30960,U0963,2025-10-23 08:25:00,2025-10-23 08:29:00,M,50+,office,seoul,0,0,0,0,26,0,0,79,0,0,completed
30961,U0964,2025-04-30 17:52:00,2025-04-30 17:54:00,F,20~29,office,seoul,0,0,0,0,28,0,0,24,0,0,completed
30962,U0965,2025-01-24 17:40:00,2025-01-24 17:43:00,F,30~39,office,seoul,0,0,0,0,18,0,0,47,0,0,completed
30963,U0966,2025-11-08 09:52:00,2025-11-08 09:56:00,M,30~39,office,seoul,1,0,0,0,13,0,0,27,0,0,abandoned
30964,U0967,2025-08-04 11:16:00,2025-08-04 11:19:00,F,20~29,office,seoul,0,0,0,0,20,0,0,15,0,0,abandoned
30965,U0968,2025-11-21 08:16:00,2025-11-21 08:23:00,M,30~39,office,seoul,0,0,0,0,18,0,0,45,0,0,timeout
30966,U0969,2025-12-19 08:54:00,2025-12-19 08:59:00,F,30~39,office,seoul,0,0,0,0,19,0,0,21,0,0,completed
30967,U0970,2025-01-30 09:54:00,2025-01-30 09:57:00,F,20~29,office,seoul,0,0,0,0,6,0,0,38,0,0,completed
30968,U0971,2025-06-01 13:02:00,2025-06-01 13:05:00,F,20~29,office,seoul,1,0,0,0,0,0,0,12,0,0,completed
30969,U0972,2025-12-10 12:14:00,2025-12-10 12:18:00,M,30~39,office,seoul,0,0,0,0,18,0,0,57,0,0,completed
30970,U0973,2025-09-04 13:46:00,2025-09-04 13:49:00,M,50+,office,seoul,0,0,0,0,6,0,0,32,0,0,completed
30971,U0974,2025-09-15 16:29:00,2025-09-15 16:36:00,M,20~29,office,seoul,0,0,0,0,4,0,0,47,0,0,completed
30972,U0975,2025-07-30 17:17:00,2025-07-30 17:20:00,F,40~49,office,seoul,0,0,0,0,2,0,0,14,0,0,abandoned
30973,U0976,2025-04-09 08:51:00,2025-04-09 08:56:00,M,30~39,office,seoul,0,0,0,0,10,0,0,46,0,0,completed
30974,U0977,2025-10-05 08:06:00,2025-10-05 08:11:00,F,50+,office,seoul,1,0,0,0,29,0,0,19,0,0,completed
30975,U0978,2025-10-24 11:02:00,2025-10-24 11:08:00,F,40~49,office,seoul,0,0,0,0,13,0,0,38,0,0,error
30976,U0979,2025-11-11 17:06:00,2025-11-11 17:11:00,M,20~29,office,seoul,0,0,0,0,5,0,0,44,0,0,completed
30977,U0980,2025-02-16 12:50:00,2025-02-16 12:57:00,F,50+,office,seoul,1,0,0,0,22,0,0,34,0,0,completed
30978,U0981,2025-03-11 20:48:00,2025-03-11 20:53:00,M,40~49,office,seoul,0,0,0,0,10,0,0,21,1,0,timeout
30979,U0982,2025-04-24 12:31:00,2025-04-24 12:38:00,M,50+,office,seoul,0,0,0,0,4,0,0,28,0,1,completed
30980,U0983,2025-09-25 18:09:00,2025-09-25 18:12:00,F,40~49,office,seoul,0,0,0,0,22,0,0,10,0,0,completed
30981,U0984,2025-11-18 07:13:00,2025-11-18 07:20:00,M,50+,office,seoul,0,0,0,0,13,0,0,23,0,0,completed
30982,U0985,2025-12-12 09:04:00,2025-12-12 09:10:00,M,20~29,office,seoul,0,0,0,0,7,0,0,19,0,0,completed
30983,U0986,2025-06-26 14:16:00,2025-06-26 14:18:00,F,20~29,office,seoul,0,0,0,0,26,0,0,57,0,0,completed
30984,U0987,2025-08-02 09:55:00,2025-08-02 10:00:00,M,20~29,office,seoul,1,0,0,0,6,0,0,60,0,0,completed
30985,U0988,2025-12-18 09:46:00,2025-12-18 09:48:00,F,30~39,office,seoul,0,0,0,0,2,0,0,46,0,0,completed
30986,U0989,2025-02-21 15:27:00,2025-02-21 15:31:00,F,50+,office,seoul,0,0,0,0,28,0,0,24,0,0,completed
30987,U0990,2025-03-04 09:01:00,2025-03-04 09:03:00,F,40~49,office,seoul,0,0,0,0,20,0,0,54,0,0,completed
30988,U0991,2025-02-03 16:51:00,2025-02-03 16:57:00,F,30~39,office,seoul,0,0,0,0,5,0,0,46,0,0,completed
30989,U0992,2025-02-09 09:06:00,2025-02-09 09:11:00,F,30~39,office,seoul,1,0,0,0,27,0,0,43,0,0,completed
30990,U0993,2025-05-21 09:24:00,2025-05-21 09:31:00,F,50+,office,seoul,0,0,0,0,23,0,0,17,0,0,completed
30991,U0994,2025-11-03 08:03:00,2025-11-03 08:08:00,F,50+,office,seoul,0,0,0,0,7,0,0,72,0,0,completed
30992,U0995,2025-09-08 22:57:00,2025-09-08 23:00:00,F,40~49,office,seoul,0,0,0,0,17,0,0,49,0,0,completed
30993,U0996,2025-10-16 16:24:00,2025-10-16 16:29:00,M,20~29,office,seoul,0,0,0,0,8,0,0,78,0,0,completed
30994,U0997,2025-03-14 14:13:00,2025-03-14 14:19:00,M,40~49,office,seoul,0,0,0,0,28,0,0,45,0,0,completed
30995,U0998,2025-03-14 13:41:00,2025-03-14 13:48:00,M,50+,office,seoul,0,0,0,0,5,0,0,58,0,0,completed
30996,U0999,2025-12-21 09:18:00,2025-12-21 09:24:00,M,20~29,office,seoul,1,0,0,0,28,0,0,75,0,0,completed
30997,U1000,2025-12-09 15:38:00,2025-12-09 15:43:00,M,20~29,office,seoul,0,0,0,0,5,0,0,25,0,0,completed
30998,U1001,2025-08-27 08:38:00,2025-08-27 08:40:00,M,20~29,office,seoul,0,0,0,0,17,0,0,22,1,0,completed
30999,U1002,2025-05-20 09:41:00,2025-05-20 09:45:00,M,20~29,office,seoul,0,0,0,0,11,0,0,41,0,0,abandoned
31000,U1003,2025-02-16 14:17:00,2025-02-16 14:21:00,F,30~39,office,seoul,1,0,0,0,0,0,0,73,0,0,completed
31001,U1004,2025-07-13 13:08:00,2025-07-13 13:14:00,M,20~29,office,seoul,1,0,0,0,13,0,0,20,0,0,completed
31002,U1005,2025-09-30 18:52:00,2025-09-30 18:57:00,F,20~29,office,seoul,0,0,0,0,16,0,0,13,0,0,completed
31003,U1006,2025-02-26 16:54:00,2025-02-26 17:01:00,M,50+,office,seoul,0,0,0,0,9,0,0,27,0,1,completed
31004,U1007,2025-05-09 12:30:00,2025-05-09 12:36:00,F,20~29,office,seoul,0,0,0,0,4,0,0,22,0,0,completed
31005,U1008,2025-11-30 14:45:00,2025-11-30 14:52:00,F,30~39,office,seoul,1,0,0,0,20,0,0,48,0,0,completed
31006,U1009,2025-10-26 18:51:00,2025-10-26 18:56:00,M,50+,office,seoul,1,0,0,0,2,0,0,21,0,0,completed
31007,U1010,2025-06-30 14:23:00,2025-06-30 14:29:00,F,30~39,office,seoul,0,0,0,0,3,0,0,15,0,0,completed
31008,U1011,2025-11-06 16:40:00,2025-11-06 16:44:00,M,30~39,office,seoul,0,0,0,0,24,0,0,51,0,0,completed
31009,U1012,2025-06-21 12:09:00,2025-06-21 12:15:00,F,20~29,office,seoul,1,0,0,0,7,0,0,47,0,0,completed
31010,U1013,2025-10-13 11:45:00,2025-10-13 11:48:00,M,30~39,office,seoul,0,0,0,0,13,0,0,19,0,0,completed
31011,U1014,2025-10-05 07:34:00,2025-10-05 07:38:00,F,20~29,office,seoul,1,0,0,0,3,0,0,51,0,0,completed
31012,U1015,2025-08-12 18:32:00,2025-08-12 18:39:00,F,20~29,office,seoul,0,0,0,0,20,0,0,62,0,0,completed
31013,U1016,2025-07-05 08:28:00,2025-07-05 08:34:00,M,50+,office,seoul,1,0,0,0,13,0,0,51,0,0,completed
31014,U1017,2025-06-17 18:51:00,2025-06-17 18:58:00,F,20~29,office,seoul,0,0,0,0,11,0,0,23,0,0,abandoned
31015,U1018,2025-07-26 16:46:00,2025-07-26 16:52:00,F,20~29,office,seoul,1,0,0,0,4,0,0,49,0,0,abandoned
31016,U1019,2025-07-16 09:16:00,2025-07-16 09:22:00,F,30~39,office,seoul,0,0,0,0,7,0,0,11,0,0,abandoned
31017,U1020,2025-04-07 12:48:00,2025-04-07 12:50:00,F,20~29,office,seoul,0,0,0,0,19,0,0,47,0,0,completed
31018,U1021,2025-05-03 12:13:00,2025-05-03 12:16:00,F,20~29,office,seoul,1,0,0,0,2,0,0,24,0,0,completed
31019,U1022,2025-11-29 12:29:00,2025-11-29 12:32:00,F,20~29,office,seoul,1,0,0,0,20,0,0,50,0,0,completed
31020,U1023,2025-06-14 15:10:00,2025-06-14 15:14:00,M,50+,office,seoul,1,0,0,0,28,0,0,11,0,0,completed
31021,U1024,2025-05-08 16:12:00,2025-05-08 16:19:00,F,40~49,office,seoul,0,0,0,0,13,0,0,68,0,1,completed
31022,U1025,2025-06-03 08:04:00,2025-06-03 08:11:00,M,40~49,office,seoul,0,0,0,0,13,0,0,22,0,0,completed
31023,U1026,2025-12-26 11:39:00,2025-12-26 11:45:00,F,40~49,office,seoul,0,0,0,0,29,0,0,11,0,0,completed
31024,U1027,2025-04-05 22:47:00,2025-04-05 22:50:00,M,20~29,office,seoul,1,0,0,0,28,0,0,38,0,0,completed
31025,U1028,2025-09-08 22:04:00,2025-09-08 22:09:00,F,30~39,office,seoul,0,0,0,0,21,0,0,57,0,0,completed
31026,U1029,2025-06-30 15:32:00,2025-06-30 15:35:00,F,20~29,office,seoul,0,0,0,0,11,0,0,16,0,0,completed
31027,U1030,2025-10-03 14:28:00,2025-10-03 14:34:00,M,40~49,office,seoul,0,0,0,0,18,0,0,67,0,0,completed
31028,U1031,2025-11-22 16:40:00,2025-11-22 16:42:00,F,30~39,office,seoul,1,0,0,0,6,0,0,72,0,0,completed
31029,U1032,2025-05-05 13:30:00,2025-05-05 13:32:00,M,30~39,office,seoul,0,0,0,0,24,0,0,29,0,0,completed
31030,U1033,2025-10-23 14:19:00,2025-10-23 14:23:00,M,20~29,office,seoul,0,0,0,0,28,0,0,21,0,0,completed
31031,U1034,2025-03-17 12:44:00,2025-03-17 12:49:00,F,50+,office,seoul,0,0,0,0,20,0,0,66,0,0,completed
31032,U1035,2025-01-25 08:58:00,2025-01-25 09:03:00,M,30~39,office,seoul,1,0,0,0,13,0,0,70,1,0,abandoned
31033,U1036,2025-11-20 18:59:00,2025-11-20 19:06:00,F,20~29,office,seoul,0,0,0,0,27,0,0,53,0,0,completed
31034,U1037,2025-01-12 18:25:00,2025-01-12 18:27:00,F,50+,office,seoul,1,0,0,0,10,0,0,68,1,0,completed
31035,U1038,2025-10-10 16:25:00,2025-10-10 16:32:00,F,30~39,office,seoul,0,0,0,0,3,0,0,66,0,0,completed
31036,U1039,2025-11-04 08:59:00,2025-11-04 09:05:00,M,20~29,office,seoul,0,0,0,0,3,0,0,24,0,0,completed
31037,U1040,2025-10-26 16:44:00,2025-10-26 16:46:00,M,50+,office,seoul,1,0,0,0,15,0,0,20,0,0,completed
31038,U1041,2025-03-11 08:24:00,2025-03-11 08:30:00,F,30~39,office,seoul,0,0,0,0,20,0,0,41,0,0,abandoned
31039,U1042,2025-10-26 07:58:00,2025-10-26 08:05:00,F,20~29,office,seoul,1,0,0,0,20,0,0,75,0,0,completed
31040,U1043,2025-04-28 08:11:00,2025-04-28 08:16:00,F,40~49,office,seoul,0,0,0,0,26,0,0,28,0,0,timeout
31041,U1044,2025-04-02 21:13:00,2025-04-02 21:17:00,F,50+,office,seoul,0,0,0,0,27,0,0,55,0,0,completed
31042,U1045,2025-01-28 21:54:00,2025-01-28 21:57:00,M,20~29,office,seoul,0,0,0,0,26,0,0,15,0,0,completed
31043,U1046,2025-09-25 08:18:00,2025-09-25 08:25:00,F,20~29,office,seoul,0,0,0,0,6,0,0,77,0,0,completed
31044,U1047,2025-10-01 19:53:00,2025-10-01 20:00:00,M,30~39,office,seoul,0,0,0,0,14,0,0,45,0,0,timeout
31045,U1048,2025-01-02 09:00:00,2025-01-02 09:02:00,F,20~29,office,seoul,0,0,0,0,9,0,0,58,0,0,completed
31046,U1049,2025-09-24 21:33:00,2025-09-24 21:38:00,M,30~39,office,seoul,0,0,0,0,28,0,0,29,0,0,completed
31047,U1050,2025-04-13 11:08:00,2025-04-13 11:12:00,F,20~29,office,seoul,1,0,0,0,1,0,0,58,0,0,completed
31048,U1051,2025-12-03 16:26:00,2025-12-03 16:32:00,F,50+,office,seoul,0,0,0,0,16,0,0,42,0,1,completed
31049,U1052,2025-05-29 12:50:00,2025-05-29 12:52:00,F,20~29,office,seoul,0,0,0,0,10,0,0,30,0,0,completed
31050,U1053,2025-05-31 12:51:00,2025-05-31 12:53:00,F,20~29,office,seoul,1,0,0,0,20,0,0,73,0,0,completed
31051,U1054,2025-11-11 07:36:00,2025-11-11 07:39:00,M,20~29,office,seoul,0,0,0,0,26,0,0,29,0,0,completed
31052,U1055,2025-02-21 11:33:00,2025-02-21 11:38:00,F,50+,office,seoul,0,0,0,0,3,0,0,15,0,0,completed
31053,U1056,2025-11-13 15:07:00,2025-11-13 15:14:00,M,50+,office,seoul,0,0,0,0,12,0,0,21,0,0,completed
31054,U1057,2025-02-18 09:39:00,2025-02-18 09:44:00,F,30~39,office,seoul,0,0,0,0,29,0,0,19,0,0,completed
31055,U1058,2025-04-12 08:34:00,2025-04-12 08:38:00,M,20~29,office,seoul,1,0,0,0,4,0,0,54,0,0,completed
31056,U1059,2025-03-29 22:59:00,2025-03-29 23:06:00,F,40~49,office,seoul,1,0,0,0,2,0,0,13,0,0,completed
31057,U1060,2025-08-18 11:00:00,2025-08-18 11:03:00,F,20~29,office,seoul,0,0,0,0,3,0,0,51,0,0,abandoned
31058,U1061,2025-12-09 11:46:00,2025-12-09 11:52:00,M,20~29,office,seoul,0,0,0,0,11,0,0,55,0,0,completed
31059,U1062,2025-11-15 07:17:00,2025-11-15 07:21:00,F,20~29,office,seoul,1,0,0,0,29,0,0,78,0,0,completed
31060,U1063,2025-08-14 16:06:00,2025-08-14 16:12:00,M,30~39,office,seoul,0,0,0,0,11,0,0,45,0,0,completed
31061,U1064,2025-07-15 08:54:00,2025-07-15 08:58:00,F,30~39,office,seoul,0,0,0,0,16,0,0,65,0,0,completed
31062,U1065,2025-03-13 15:27:00,2025-03-13 15:32:00,F,20~29,office,seoul,0,0,0,0,18,0,0,66,0,0,completed
31063,U1066,2025-10-16 22:01:00,2025-10-16 22:04:00,M,40~49,office,seoul,0,0,0,0,29,0,0,63,0,0,completed
31064,U1067,2025-11-15 08:49:00,2025-11-15 08:51:00,F,20~29,office,seoul,1,0,0,0,4,0,0,53,0,0,completed
31065,U1068,2025-01-11 22:08:00,2025-01-11 22:14:00,M,20~29,office,seoul,1,0,0,0,10,0,0,77,0,0,completed
31066,U1069,2025-02-14 16:02:00,2025-02-14 16:08:00,M,30~39,office,seoul,0,0,0,0,12,0,0,20,0,0,timeout
31067,U1070,2025-02-04 15:22:00,2025-02-04 15:28:00,M,50+,office,seoul,0,0,0,0,29,0,0,26,1,0,completed
31068,U1071,2025-03-26 20:16:00,2025-03-26 20:20:00,F,40~49,office,seoul,0,0,0,0,2,0,0,33,0,0,abandoned
31069,U1072,2025-07-31 20:48:00,2025-07-31 20:54:00,M,20~29,office,seoul,0,0,0,0,5,0,0,39,0,0,completed
31070,U1073,2025-05-05 14:52:00,2025-05-05 14:54:00,F,40~49,office,seoul,0,0,0,0,11,0,0,64,0,0,completed
31071,U1074,2025-04-16 11:39:00,2025-04-16 11:44:00,F,20~29,office,seoul,0,0,0,0,11,0,0,72,0,0,completed
31072,U1075,2025-09-14 16:30:00,2025-09-14 16:35:00,F,20~29,office,seoul,1,0,0,0,4,0,0,55,0,0,completed
31073,U1076,2025-11-21 14:46:00,2025-11-21 14:49:00,M,20~29,office,seoul,0,0,0,0,20,0,0,38,0,0,completed
31074,U1077,2025-08-01 18:40:00,2025-08-01 18:43:00,M,50+,office,seoul,0,0,0,0,7,0,0,64,1,0,completed
31075,U1078,2025-09-08 13:03:00,2025-09-08 13:10:00,F,30~39,office,seoul,0,0,0,0,5,0,0,64,0,0,completed
31076,U1079,2025-04-07 19:58:00,2025-04-07 20:02:00,M,20~29,office,seoul,0,0,0,0,22,0,0,46,0,0,completed
31077,U1080,2025-05-24 12:11:00,2025-05-24 12:13:00,F,50+,office,seoul,1,0,0,0,17,0,0,46,0,0,completed
31078,U1081,2025-12-21 08:11:00,2025-12-21 08:13:00,M,40~49,office,seoul,1,0,0,0,15,0,0,52,1,0,completed
31079,U1082,2025-12-22 14:44:00,2025-12-22 14:49:00,M,50+,office,seoul,0,0,0,0,26,0,0,32,0,0,abandoned
31080,U1083,2025-04-22 19:32:00,2025-04-22 19:34:00,F,40~49,office,seoul,0,0,0,0,19,0,0,20,0,0,completed
31081,U1084,2025-04-10 16:34:00,2025-04-10 16:41:00,M,20~29,office,seoul,0,0,0,0,19,0,0,14,0,0,completed
31082,U1085,2025-10-17 15:05:00,2025-10-17 15:10:00,M,20~29,office,seoul,0,0,0,0,22,0,0,27,0,0,completed
31083,U1086,2025-12-24 21:37:00,2025-12-24 21:39:00,F,20~29,office,seoul,0,0,0,0,17,0,0,55,0,0,completed
31084,U1087,2025-06-12 14:15:00,2025-06-12 14:19:00,F,40~49,office,seoul,0,0,0,0,12,0,0,64,0,0,completed
31085,U1088,2025-07-19 12:13:00,2025-07-19 12:19:00,F,50+,office,seoul,1,0,0,0,23,0,0,70,0,0,completed
31086,U1089,2025-01-13 09:33:00,2025-01-13 09:35:00,F,40~49,office,seoul,0,0,0,0,13,0,0,55,0,0,completed
31087,U1090,2025-07-19 17:47:00,2025-07-19 17:52:00,F,20~29,office,seoul,1,0,0,0,14,0,0,68,0,0,completed
31088,U1091,2025-11-06 08:13:00,2025-11-06 08:18:00,F,50+,office,seoul,0,0,0,0,22,0,0,54,0,0,completed
31089,U1092,2025-11-23 17:59:00,2025-11-23 18:03:00,F,20~29,office,seoul,1,0,0,0,26,0,0,38,0,0,error
31090,U1093,2025-08-15 20:04:00,2025-08-15 20:09:00,F,20~29,office,seoul,0,0,0,0,17,0,0,65,0,0,completed
31091,U1094,2025-11-04 12:07:00,2025-11-04 12:10:00,M,40~49,office,seoul,0,0,0,0,22,0,0,27,1,0,completed
31092,U1095,2025-11-21 20:40:00,2025-11-21 20:42:00,F,40~49,office,seoul,0,0,0,0,28,0,0,70,0,0,completed
31093,U1096,2025-02-28 09:46:00,2025-02-28 09:48:00,F,20~29,office,seoul,0,0,0,0,7,0,0,24,0,0,completed
31094,U1097,2025-02-10 17:34:00,2025-02-10 17:41:00,M,30~39,office,seoul,0,0,0,0,29,0,0,73,0,0,timeout
31095,U1098,2025-05-07 16:10:00,2025-05-07 16:16:00,M,20~29,office,seoul,0,0,0,0,18,0,0,72,0,0,completed
31096,U1099,2025-03-15 08:42:00,2025-03-15 08:44:00,F,40~49,office,seoul,1,0,0,0,11,0,0,41,0,0,completed
31097,U1100,2025-03-03 16:17:00,2025-03-03 16:21:00,F,40~49,office,seoul,0,0,0,0,20,0,0,53,0,0,completed
31098,U1101,2025-09-23 21:38:00,2025-09-23 21:43:00,M,40~49,office,seoul,0,0,0,0,12,0,0,54,0,0,completed
31099,U1102,2025-06-13 15:24:00,2025-06-13 15:31:00,M,20~29,office,seoul,0,0,0,0,6,0,0,41,0,0,completed
31100,U1103,2025-07-03 17:32:00,2025-07-03 17:34:00,M,50+,office,seoul,0,0,0,0,8,0,0,41,0,0,abandoned
31101,U1104,2025-09-29 11:11:00,2025-09-29 11:16:00,F,20~29,office,seoul,0,0,0,0,25,0,0,37,0,0,completed
31102,U1105,2025-03-17 20:03:00,2025-03-17 20:10:00,M,50+,office,seoul,0,0,0,0,26,0,0,78,0,0,completed
31103,U1106,2025-03-10 14:29:00,2025-03-10 14:31:00,M,30~39,office,seoul,0,0,0,0,11,0,0,69,0,0,completed
31104,U1107,2025-08-25 11:41:00,2025-08-25 11:45:00,M,50+,office,seoul,0,0,0,0,25,0,0,23,0,0,completed
31105,U1108,2025-03-17 15:33:00,2025-03-17 15:38:00,M,30~39,office,seoul,0,0,0,0,20,0,0,13,0,0,abandoned
31106,U1109,2025-06-28 19:47:00,2025-06-28 19:53:00,M,20~29,office,seoul,1,0,0,0,28,0,0,53,0,0,completed
31107,U1110,2025-11-01 07:01:00,2025-11-01 07:07:00,F,50+,office,seoul,1,0,0,0,27,0,0,35,0,0,completed
31108,U1111,2025-09-06 13:37:00,2025-09-06 13:44:00,F,30~39,office,seoul,1,0,0,0,27,0,0,31,0,0,completed
31109,U1112,2025-09-28 16:06:00,2025-09-28 16:10:00,F,40~49,office,seoul,1,0,0,0,19,0,0,12,0,0,completed
31110,U1113,2025-12-24 18:37:00,2025-12-24 18:39:00,M,40~49,office,seoul,0,0,0,0,4,0,0,24,0,0,completed
31111,U1114,2025-05-15 22:33:00,2025-05-15 22:36:00,M,30~39,office,seoul,0,0,0,0,10,0,0,75,0,0,completed
31112,U1115,2025-11-18 19:31:00,2025-11-18 19:34:00,F,30~39,office,seoul,0,0,0,0,11,0,0,39,0,0,completed
31113,U1116,2025-02-01 09:49:00,2025-02-01 09:53:00,F,40~49,office,seoul,1,0,0,0,13,0,0,67,0,0,abandoned
31114,U1117,2025-11-07 08:27:00,2025-11-07 08:29:00,F,30~39,office,seoul,0,0,0,0,2,0,0,63,0,0,completed
31115,U1118,2025-09-10 09:14:00,2025-09-10 09:21:00,M,20~29,office,seoul,0,0,0,0,9,0,0,59,0,0,completed
31116,U1119,2025-06-11 22:21:00,2025-06-11 22:23:00,F,40~49,office,seoul,0,0,0,0,15,0,0,61,0,0,completed
31117,U1120,2025-09-24 09:20:00,2025-09-24 09:26:00,F,30~39,office,seoul,0,0,0,0,27,0,0,32,0,0,completed
31118,U1121,2025-07-03 11:37:00,2025-07-03 11:44:00,M,40~49,office,seoul,0,0,0,0,27,0,0,38,0,0,completed
31119,U1122,2025-12-26 18:45:00,2025-12-26 18:47:00,F,30~39,office,seoul,0,0,0,0,9,0,0,19,0,0,completed
31120,U1123,2025-11-30 07:31:00,2025-11-30 07:37:00,M,30~39,office,seoul,1,0,0,0,15,0,0,61,0,0,completed
31121,U1124,2025-10-06 14:11:00,2025-10-06 14:13:00,M,50+,office,seoul,0,0,0,0,7,0,0,42,0,0,completed
31122,U1125,2025-04-10 18:00:00,2025-04-10 18:02:00,F,50+,office,seoul,0,0,0,0,24,0,0,43,0,0,completed
31123,U1126,2025-10-01 18:24:00,2025-10-01 18:29:00,M,20~29,office,seoul,0,0,0,0,13,0,0,52,0,0,completed
31124,U1127,2025-02-14 09:41:00,2025-02-14 09:46:00,M,40~49,office,seoul,0,0,0,0,27,0,0,14,0,0,completed
31125,U1128,2025-04-08 12:13:00,2025-04-08 12:15:00,M,40~49,office,seoul,0,0,0,0,17,0,0,14,0,0,completed
31126,U1129,2025-04-28 12:49:00,2025-04-28 12:51:00,M,20~29,office,seoul,0,0,0,0,21,0,0,13,0,0,completed
31127,U1130,2025-04-23 14:12:00,2025-04-23 14:15:00,F,50+,office,seoul,0,0,0,0,9,0,0,18,0,0,completed
31128,U1131,2025-08-02 13:06:00,2025-08-02 13:10:00,F,50+,office,seoul,1,0,0,0,25,0,0,11,0,0,completed
31129,U1132,2025-06-13 14:53:00,2025-06-13 14:58:00,F,20~29,office,seoul,0,0,0,0,0,0,0,28,0,0,completed
31130,U1133,2025-07-24 13:54:00,2025-07-24 14:01:00,M,30~39,office,seoul,0,0,0,0,21,0,0,43,0,0,completed
31131,U1134,2025-09-16 14:21:00,2025-09-16 14:26:00,M,30~39,office,seoul,0,0,0,0,8,0,0,29,0,0,completed
31132,U1135,2025-02-15 17:51:00,2025-02-15 17:53:00,F,40~49,office,seoul,1,0,0,0,19,0,0,41,0,0,completed
31133,U1136,2025-08-05 11:56:00,2025-08-05 11:58:00,M,50+,office,seoul,0,0,0,0,4,0,0,43,0,0,completed
31134,U1137,2025-05-12 17:47:00,2025-05-12 17:51:00,F,50+,office,seoul,0,0,0,0,8,0,0,49,1,0,completed
31135,U1138,2025-07-16 13:50:00,2025-07-16 13:53:00,F,20~29,office,seoul,0,0,0,0,3,0,0,28,0,0,abandoned
31136,U1139,2025-04-12 11:02:00,2025-04-12 11:07:00,F,50+,office,seoul,1,0,0,0,22,0,0,70,0,0,completed
31137,U1140,2025-11-28 15:38:00,2025-11-28 15:42:00,F,40~49,office,seoul,0,0,0,0,11,0,0,66,0,0,abandoned
31138,U1141,2025-09-28 11:03:00,2025-09-28 11:07:00,M,50+,office,seoul,1,0,0,0,3,0,0,41,0,0,completed
31139,U1142,2025-05-31 09:56:00,2025-05-31 10:03:00,F,30~39,office,seoul,1,0,0,0,13,0,0,16,0,0,completed
31140,U1143,2025-10-01 12:25:00,2025-10-01 12:31:00,M,40~49,office,seoul,0,0,0,0,5,0,0,68,0,0,completed
31141,U1144,2025-05-10 13:14:00,2025-05-10 13:17:00,F,20~29,office,seoul,1,0,0,0,8,0,0,15,0,0,completed
31142,U1145,2025-06-25 08:48:00,2025-06-25 08:52:00,M,30~39,office,seoul,0,0,0,0,3,0,0,33,0,0,completed
31143,U1146,2025-12-18 16:17:00,2025-12-18 16:20:00,F,20~29,office,seoul,0,0,0,0,6,0,0,65,0,0,abandoned
31144,U1147,2025-12-23 16:25:00,2025-12-23 16:30:00,M,20~29,office,seoul,0,0,0,0,22,0,0,50,0,0,completed
31145,U1148,2025-06-28 15:24:00,2025-06-28 15:30:00,F,20~29,office,seoul,1,0,0,0,10,0,0,21,0,0,completed
31146,U1149,2025-03-12 17:53:00,2025-03-12 17:59:00,M,20~29,office,seoul,0,0,0,0,6,0,0,63,0,0,completed
31147,U1150,2025-11-28 22:24:00,2025-11-28 22:28:00,M,20~29,office,seoul,0,0,0,0,6,0,0,69,0,0,completed
31148,U1151,2025-10-07 16:18:00,2025-10-07 16:20:00,F,40~49,office,seoul,0,0,0,0,3,0,0,25,0,0,completed
31149,U1152,2025-07-14 13:55:00,2025-07-14 14:01:00,M,30~39,office,seoul,0,0,0,0,0,0,0,67,0,0,completed
31150,U1153,2025-01-02 14:25:00,2025-01-02 14:28:00,M,40~49,office,seoul,0,0,0,0,11,0,0,71,0,0,completed
31151,U1154,2025-06-03 07:54:00,2025-06-03 07:57:00,F,50+,office,seoul,0,0,0,0,6,0,0,23,1,0,completed
31152,U1155,2025-07-23 12:20:00,2025-07-23 12:27:00,F,20~29,office,seoul,0,0,0,0,20,0,0,74,0,0,completed
31153,U1156,2025-03-04 13:59:00,2025-03-04 14:05:00,F,40~49,office,seoul,0,0,0,0,7,0,0,76,0,0,completed
31154,U1157,2025-04-27 11:52:00,2025-04-27 11:59:00,F,30~39,office,seoul,1,0,0,0,25,0,0,66,0,0,abandoned
31155,U1158,2025-02-10 16:47:00,2025-02-10 16:51:00,M,40~49,office,seoul,0,0,0,0,4,0,0,54,0,0,completed
31156,U1159,2025-07-22 17:04:00,2025-07-22 17:11:00,M,20~29,office,seoul,0,0,0,0,7,0,0,26,0,0,completed
31157,U1160,2025-05-21 12:41:00,2025-05-21 12:47:00,F,20~29,office,seoul,0,0,0,0,15,0,0,45,0,0,completed
31158,U1161,2025-02-07 15:18:00,2025-02-07 15:25:00,F,20~29,office,seoul,0,0,0,0,23,0,0,43,0,0,completed
31159,U1162,2025-08-16 11:08:00,2025-08-16 11:14:00,F,30~39,office,seoul,1,0,0,0,6,0,0,49,0,0,completed
31160,U1163,2025-01-07 11:34:00,2025-01-07 11:41:00,M,20~29,office,seoul,0,0,0,0,28,0,0,11,0,0,completed
31161,U1164,2025-08-17 22:08:00,2025-08-17 22:14:00,F,20~29,office,seoul,1,0,0,0,29,0,0,77,0,0,completed
31162,U1165,2025-04-11 08:08:00,2025-04-11 08:12:00,M,30~39,office,seoul,0,0,0,0,20,0,0,44,0,0,abandoned
31163,U1166,2025-03-12 11:57:00,2025-03-12 12:04:00,F,30~39,office,seoul,0,0,0,0,6,0,0,62,0,0,abandoned
31164,U1167,2025-10-02 12:42:00,2025-10-02 12:44:00,F,30~39,office,seoul,0,0,0,0,11,0,0,76,0,0,completed
31165,U1168,2025-11-19 13:28:00,2025-11-19 13:30:00,F,40~49,office,seoul,0,0,0,0,13,0,0,67,0,0,completed
31166,U1169,2025-03-21 09:53:00,2025-03-21 09:57:00,F,20~29,office,seoul,0,0,0,0,12,0,0,48,0,0,completed
31167,U1170,2025-12-22 13:06:00,2025-12-22 13:10:00,M,40~49,office,seoul,0,0,0,0,24,0,0,37,0,0,completed
31168,U1171,2025-07-16 13:49:00,2025-07-16 13:55:00,F,20~29,office,seoul,0,0,0,0,8,0,0,78,0,0,completed
31169,U1172,2025-10-07 08:27:00,2025-10-07 08:33:00,M,30~39,office,seoul,0,0,0,0,24,0,0,42,0,0,completed
31170,U1173,2025-02-22 19:13:00,2025-02-22 19:19:00,F,50+,office,seoul,1,0,0,0,25,0,0,58,0,0,completed
31171,U1174,2025-08-01 09:23:00,2025-08-01 09:30:00,M,30~39,office,seoul,0,0,0,0,26,0,0,53,0,0,completed
31172,U1175,2025-05-05 16:59:00,2025-05-05 17:02:00,M,40~49,office,seoul,0,0,0,0,6,0,0,45,0,0,completed
31173,U1176,2025-04-16 21:25:00,2025-04-16 21:28:00,M,50+,office,seoul,0,0,0,0,25,0,0,13,0,0,completed
31174,U1177,2025-12-22 20:02:00,2025-12-22 20:05:00,M,30~39,office,seoul,0,0,0,0,13,0,0,34,0,0,completed
31175,U1178,2025-10-03 11:59:00,2025-10-03 12:03:00,F,20~29,office,seoul,0,0,0,0,3,0,0,36,0,0,completed
31176,U1179,2025-04-22 15:32:00,2025-04-22 15:37:00,M,20~29,office,seoul,0,0,0,0,18,0,0,68,0,0,completed
31177,U1180,2025-11-28 19:07:00,2025-11-28 19:11:00,F,20~29,office,seoul,0,0,0,0,4,0,0,31,0,0,completed
31178,U1181,2025-10-16 16:14:00,2025-10-16 16:21:00,F,40~49,office,seoul,0,0,0,0,15,0,0,11,0,1,completed
31179,U1182,2025-08-11 17:22:00,2025-08-11 17:27:00,F,30~39,office,seoul,0,0,0,0,23,0,0,48,0,0,completed
31180,U1183,2025-04-29 20:43:00,2025-04-29 20:50:00,F,30~39,office,seoul,0,0,0,0,5,0,0,77,0,0,completed
31181,U1184,2025-09-13 13:00:00,2025-09-13 13:05:00,M,20~29,office,seoul,1,0,0,0,10,0,0,21,0,0,completed
31182,U1185,2025-09-12 18:01:00,2025-09-12 18:03:00,F,20~29,office,seoul,0,0,0,0,25,0,0,66,0,0,completed
31183,U1186,2025-10-18 13:25:00,2025-10-18 13:30:00,F,20~29,office,seoul,1,0,0,0,23,0,0,68,0,0,completed
31184,U1187,2025-06-23 16:34:00,2025-06-23 16:38:00,F,40~49,office,seoul,0,0,0,0,19,0,0,22,0,0,completed
31185,U1188,2025-04-13 14:44:00,2025-04-13 14:51:00,F,20~29,office,seoul,1,0,0,0,18,0,0,59,0,0,completed
31186,U1189,2025-02-20 20:28:00,2025-02-20 20:31:00,F,40~49,office,seoul,0,0,0,0,28,0,0,74,0,0,abandoned
31187,U1190,2025-12-04 18:25:00,2025-12-04 18:32:00,F,40~49,office,seoul,0,0,0,0,0,0,0,43,0,0,abandoned
31188,U1191,2025-06-29 16:21:00,2025-06-29 16:26:00,M,20~29,office,seoul,1,0,0,0,28,0,0,30,0,0,completed
31189,U1192,2025-03-24 12:41:00,2025-03-24 12:48:00,F,20~29,office,seoul,0,0,0,0,21,0,0,45,0,0,completed
31190,U1193,2025-05-01 11:56:00,2025-05-01 11:59:00,M,30~39,office,seoul,0,0,0,0,2,0,0,19,0,0,completed
31191,U1194,2025-11-30 17:04:00,2025-11-30 17:08:00,F,40~49,office,seoul,1,0,0,0,25,0,0,60,1,0,completed
31192,U1195,2025-07-22 16:41:00,2025-07-22 16:48:00,F,30~39,office,seoul,0,0,0,0,19,0,0,18,0,0,completed
31193,U1196,2025-07-16 13:43:00,2025-07-16 13:50:00,M,20~29,office,seoul,0,0,0,0,14,0,0,42,0,0,error
31194,U1197,2025-11-27 16:24:00,2025-11-27 16:28:00,M,20~29,office,seoul,0,0,0,0,6,0,0,55,0,0,completed
31195,U1198,2025-03-23 13:12:00,2025-03-23 13:14:00,F,50+,office,seoul,1,0,0,0,8,0,0,33,0,0,completed
31196,U1199,2025-09-05 18:46:00,2025-09-05 18:49:00,F,40~49,office,seoul,0,0,0,0,17,0,0,75,0,0,completed
31197,U1200,2025-11-19 17:03:00,2025-11-19 17:10:00,M,50+,office,seoul,0,0,0,0,27,0,0,18,0,0,completed
31198,U1201,2025-05-20 13:15:00,2025-05-20 13:21:00,F,20~29,office,seoul,0,0,0,0,3,0,0,31,0,0,completed
31199,U1202,2025-06-05 17:37:00,2025-06-05 17:44:00,F,20~29,office,seoul,0,0,0,0,6,0,0,75,0,0,abandoned
31200,U1203,2025-05-14 16:33:00,2025-05-14 16:35:00,F,50+,office,seoul,0,0,0,0,4,0,0,30,1,0,completed
31201,U1204,2025-03-17 09:28:00,2025-03-17 09:31:00,M,30~39,office,seoul,0,0,0,0,28,0,0,70,0,0,completed
31202,U1205,2025-04-24 14:25:00,2025-04-24 14:31:00,F,50+,office,seoul,0,0,0,0,29,0,0,17,0,0,completed
31203,U1206,2025-07-20 12:48:00,2025-07-20 12:50:00,M,50+,office,seoul,1,0,0,0,27,0,0,34,0,0,completed
31204,U1207,2025-04-06 19:45:00,2025-04-06 19:52:00,F,30~39,office,seoul,1,0,0,0,15,0,0,57,0,0,completed
31205,U1208,2025-10-20 11:36:00,2025-10-20 11:40:00,F,20~29,office,seoul,0,0,0,0,10,0,0,18,0,0,completed
31206,U1209,2025-08-12 08:40:00,2025-08-12 08:46:00,F,20~29,office,seoul,0,0,0,0,29,0,0,49,0,0,completed
31207,U1210,2025-06-09 12:50:00,2025-06-09 12:56:00,M,50+,office,seoul,0,0,0,0,11,0,0,13,0,0,completed
31208,U1211,2025-02-01 19:52:00,2025-02-01 19:56:00,M,30~39,office,seoul,1,0,0,0,14,0,0,54,0,0,timeout
31209,U1212,2025-07-31 14:37:00,2025-07-31 14:40:00,F,20~29,office,seoul,0,0,0,0,23,0,0,23,0,0,completed
31210,U1213,2025-01-21 22:41:00,2025-01-21 22:44:00,F,30~39,office,seoul,0,0,0,0,14,0,0,29,0,0,completed
31211,U1214,2025-06-05 17:12:00,2025-06-05 17:17:00,F,30~39,office,seoul,0,0,0,0,25,0,0,37,0,0,abandoned
31212,U1215,2025-08-29 09:48:00,2025-08-29 09:54:00,M,50+,office,seoul,0,0,0,0,1,0,0,52,0,0,completed
31213,U1216,2025-03-12 11:09:00,2025-03-12 11:13:00,F,30~39,office,seoul,0,0,0,0,9,0,0,35,0,0,completed
31214,U1217,2025-06-02 09:11:00,2025-06-02 09:15:00,F,20~29,office,seoul,0,0,0,0,18,0,0,66,0,0,abandoned
31215,U1218,2025-03-26 07:09:00,2025-03-26 07:16:00,F,40~49,office,seoul,0,0,0,0,22,0,0,70,0,0,completed
31216,U1219,2025-09-23 14:56:00,2025-09-23 15:00:00,F,40~49,office,seoul,0,0,0,0,6,0,0,30,0,0,abandoned
31217,U1220,2025-10-06 21:17:00,2025-10-06 21:22:00,F,50+,office,seoul,0,0,0,0,1,0,0,54,0,1,completed
31218,U1221,2025-01-25 12:39:00,2025-01-25 12:45:00,F,50+,office,seoul,1,0,0,0,13,0,0,42,0,0,completed
31219,U1222,2025-01-16 08:35:00,2025-01-16 08:39:00,M,30~39,office,seoul,0,0,0,0,3,0,0,49,0,0,completed
31220,U1223,2025-05-25 19:25:00,2025-05-25 19:31:00,M,30~39,office,seoul,1,0,0,0,1,0,0,54,0,0,completed
31221,U1224,2025-05-03 07:07:00,2025-05-03 07:10:00,F,30~39,office,seoul,1,0,0,0,27,0,0,69,0,0,completed
31222,U1225,2025-02-04 11:09:00,2025-02-04 11:12:00,M,30~39,office,seoul,0,0,0,0,3,0,0,26,0,0,completed
31223,U1226,2025-04-08 15:04:00,2025-04-08 15:07:00,M,20~29,office,seoul,0,0,0,0,4,0,0,20,0,0,completed
31224,U1227,2025-06-04 16:35:00,2025-06-04 16:37:00,F,30~39,office,seoul,0,0,0,0,27,0,0,69,0,0,completed
31225,U1228,2025-03-14 13:38:00,2025-03-14 13:40:00,F,20~29,office,seoul,0,0,0,0,3,0,0,53,0,0,completed
31226,U1229,2025-03-26 13:57:00,2025-03-26 14:00:00,F,30~39,office,seoul,0,0,0,0,25,0,0,70,0,0,completed
31227,U1230,2025-09-19 16:16:00,2025-09-19 16:20:00,F,20~29,office,seoul,0,0,0,0,5,0,0,78,0,0,completed
31228,U1231,2025-10-02 14:57:00,2025-10-02 15:02:00,M,30~39,office,seoul,0,0,0,0,19,0,0,79,0,0,completed
31229,U1232,2025-02-20 22:38:00,2025-02-20 22:45:00,M,20~29,office,seoul,0,0,0,0,2,0,0,26,0,0,completed
31230,U1233,2025-08-26 11:00:00,2025-08-26 11:03:00,M,40~49,office,seoul,0,0,0,0,7,0,0,34,0,0,completed
31231,U1234,2025-12-23 09:33:00,2025-12-23 09:39:00,F,40~49,office,seoul,0,0,0,0,26,0,0,27,0,0,completed
31232,U1235,2025-06-06 19:37:00,2025-06-06 19:42:00,F,30~39,office,seoul,0,0,0,0,29,0,0,49,0,0,completed
31233,U1236,2025-09-12 17:11:00,2025-09-12 17:17:00,F,20~29,office,seoul,0,0,0,0,16,0,0,79,0,0,completed
31234,U1237,2025-02-09 12:59:00,2025-02-09 13:06:00,M,20~29,office,seoul,1,0,0,0,20,0,0,55,0,0,completed
31235,U1238,2025-05-22 19:17:00,2025-05-22 19:20:00,M,40~49,office,seoul,0,0,0,0,19,0,0,51,0,0,completed
31236,U1239,2025-07-12 08:05:00,2025-07-12 08:08:00,F,30~39,office,seoul,1,0,0,0,8,0,0,31,0,0,completed
31237,U1240,2025-09-10 16:18:00,2025-09-10 16:22:00,F,30~39,office,seoul,0,0,0,0,19,0,0,56,0,0,completed
31238,U1241,2025-10-24 15:13:00,2025-10-24 15:19:00,M,40~49,office,seoul,0,0,0,0,26,0,0,31,0,0,completed
31239,U1242,2025-03-19 07:19:00,2025-03-19 07:25:00,F,20~29,office,seoul,0,0,0,0,3,0,0,34,0,0,completed
31240,U1243,2025-05-28 09:42:00,2025-05-28 09:47:00,F,50+,office,seoul,0,0,0,0,23,0,0,19,0,0,completed
31241,U1244,2025-05-04 09:26:00,2025-05-04 09:32:00,M,30~39,office,seoul,1,0,0,0,8,0,0,10,0,0,completed
31242,U1245,2025-11-15 09:45:00,2025-11-15 09:48:00,F,50+,office,seoul,1,0,0,0,19,0,0,77,0,0,completed
31243,U1246,2025-11-29 13:01:00,2025-11-29 13:07:00,F,20~29,office,seoul,1,0,0,0,16,0,0,76,0,0,timeout
31244,U1247,2025-11-23 15:59:00,2025-11-23 16:06:00,F,20~29,office,seoul,1,0,0,0,14,0,0,53,0,0,completed
31245,U1248,2025-03-03 14:59:00,2025-03-03 15:05:00,F,20~29,office,seoul,0,0,0,0,5,0,0,69,0,0,completed
31246,U1249,2025-03-12 19:03:00,2025-03-12 19:06:00,F,50+,office,seoul,0,0,0,0,24,0,0,34,0,0,completed
31247,U1250,2025-10-21 15:01:00,2025-10-21 15:08:00,F,20~29,office,seoul,0,0,0,0,24,0,0,71,0,0,timeout
31248,U1251,2025-12-19 14:20:00,2025-12-19 14:23:00,F,30~39,office,seoul,0,0,0,0,0,0,0,26,0,0,abandoned
31249,U1252,2025-11-24 18:30:00,2025-11-24 18:33:00,F,30~39,office,seoul,0,0,0,0,15,0,0,33,0,0,completed
31250,U1253,2025-04-04 09:38:00,2025-04-04 09:41:00,M,20~29,office,seoul,0,0,0,0,5,0,0,42,0,0,completed
31251,U1254,2025-02-22 17:48:00,2025-02-22 17:53:00,F,30~39,office,seoul,1,0,0,0,27,0,0,13,0,0,completed
31252,U1255,2025-04-12 15:02:00,2025-04-12 15:05:00,M,50+,office,seoul,1,0,0,0,16,0,0,49,0,0,completed
31253,U1256,2025-06-05 19:39:00,2025-06-05 19:41:00,F,20~29,office,seoul,0,0,0,0,2,0,0,25,0,0,completed
31254,U1257,2025-05-09 19:05:00,2025-05-09 19:11:00,F,50+,office,seoul,0,0,0,0,8,0,0,69,0,1,completed
31255,U1258,2025-09-07 20:55:00,2025-09-07 20:57:00,M,20~29,office,seoul,1,0,0,0,12,0,0,74,0,0,completed
31256,U1259,2025-09-25 18:04:00,2025-09-25 18:06:00,F,40~49,office,seoul,0,0,0,0,23,0,0,25,0,0,completed
31257,U1260,2025-04-09 09:24:00,2025-04-09 09:30:00,F,40~49,office,seoul,0,0,0,0,9,0,0,57,0,0,completed
31258,U1261,2025-11-12 16:53:00,2025-11-12 16:56:00,F,20~29,office,seoul,0,0,0,0,2,0,0,69,0,0,completed
31259,U1262,2025-11-21 12:13:00,2025-11-21 12:15:00,M,40~49,office,seoul,0,0,0,0,6,0,0,49,0,0,completed
31260,U1263,2025-06-18 11:32:00,2025-06-18 11:36:00,M,30~39,office,seoul,0,0,0,0,0,0,0,69,0,0,completed
31261,U1264,2025-01-20 16:09:00,2025-01-20 16:12:00,F,40~49,office,seoul,0,0,0,0,21,0,0,16,1,0,completed
31262,U1265,2025-10-05 12:33:00,2025-10-05 12:37:00,F,20~29,office,seoul,1,0,0,0,7,0,0,18,0,0,completed
31263,U1266,2025-10-24 07:10:00,2025-10-24 07:16:00,M,20~29,office,seoul,0,0,0,0,29,0,0,55,0,0,completed
31264,U1267,2025-01-31 14:19:00,2025-01-31 14:23:00,F,50+,office,seoul,0,0,0,0,1,0,0,48,0,0,completed
31265,U1268,2025-08-16 15:02:00,2025-08-16 15:07:00,M,20~29,office,seoul,1,0,0,0,18,0,0,67,0,0,completed
31266,U1269,2025-09-29 13:40:00,2025-09-29 13:47:00,F,20~29,office,seoul,0,0,0,0,9,0,0,58,0,0,completed
31267,U1270,2025-02-12 14:19:00,2025-02-12 14:24:00,M,20~29,office,seoul,0,0,0,0,15,0,0,16,0,0,timeout
31268,U1271,2025-10-12 15:22:00,2025-10-12 15:26:00,F,20~29,office,seoul,1,0,0,0,18,0,0,54,0,0,completed
31269,U1272,2025-03-27 19:11:00,2025-03-27 19:18:00,F,40~49,office,seoul,0,0,0,0,6,0,0,66,0,0,completed
31270,U1273,2025-05-05 20:13:00,2025-05-05 20:15:00,M,30~39,office,seoul,0,0,0,0,14,0,0,37,0,0,completed
31271,U1274,2025-10-23 19:08:00,2025-10-23 19:10:00,F,20~29,office,seoul,0,0,0,0,10,0,0,24,0,0,completed
31272,U1275,2025-09-23 14:27:00,2025-09-23 14:32:00,M,20~29,office,seoul,0,0,0,0,27,0,0,64,0,0,completed
31273,U1276,2025-07-31 09:58:00,2025-07-31 10:04:00,F,40~49,office,seoul,0,0,0,0,4,0,0,44,0,0,completed
31274,U1277,2025-12-24 14:29:00,2025-12-24 14:33:00,M,20~29,office,seoul,0,0,0,0,9,0,0,77,0,0,completed
31275,U1278,2025-03-11 16:25:00,2025-03-11 16:31:00,F,20~29,office,seoul,0,0,0,0,2,0,0,37,0,0,completed
31276,U1279,2025-09-13 18:25:00,2025-09-13 18:30:00,F,40~49,office,seoul,1,0,0,0,6,0,0,23,0,0,completed
31277,U1280,2025-09-08 14:36:00,2025-09-08 14:41:00,F,40~49,office,seoul,0,0,0,0,19,0,0,21,0,0,completed
31278,U1281,2025-11-16 15:09:00,2025-11-16 15:13:00,F,30~39,office,seoul,1,0,0,0,27,0,0,13,0,0,completed
31279,U1282,2025-06-19 13:07:00,2025-06-19 13:12:00,M,40~49,office,seoul,0,0,0,0,12,0,0,10,0,0,completed
31280,U1283,2025-09-16 07:05:00,2025-09-16 07:07:00,F,20~29,office,seoul,0,0,0,0,0,0,0,59,0,0,error
31281,U1284,2025-11-13 13:17:00,2025-11-13 13:23:00,F,50+,office,seoul,0,0,0,0,19,0,0,17,0,0,completed
31282,U1285,2025-01-29 15:10:00,2025-01-29 15:16:00,F,20~29,office,seoul,0,0,0,0,19,0,0,72,0,0,completed
31283,U1286,2025-08-19 19:22:00,2025-08-19 19:24:00,F,20~29,office,seoul,0,0,0,0,8,0,0,27,0,0,abandoned
31284,U1287,2025-05-28 16:56:00,2025-05-28 16:58:00,F,50+,office,seoul,0,0,0,0,28,0,0,61,1,0,completed
31285,U1288,2025-05-06 09:20:00,2025-05-06 09:22:00,F,20~29,office,seoul,0,0,0,0,25,0,0,56,0,1,completed
31286,U1289,2025-11-01 09:09:00,2025-11-01 09:13:00,F,50+,office,seoul,1,0,0,0,20,0,0,75,1,0,completed
31287,U1290,2025-01-18 12:32:00,2025-01-18 12:34:00,M,30~39,office,seoul,1,0,0,0,15,0,0,22,0,0,completed
31288,U1291,2025-03-14 08:22:00,2025-03-14 08:25:00,F,20~29,office,seoul,0,0,0,0,6,0,0,60,0,0,completed
31289,U1292,2025-08-15 20:15:00,2025-08-15 20:19:00,M,50+,office,seoul,0,0,0,0,23,0,0,64,0,0,completed
31290,U1293,2025-01-30 11:37:00,2025-01-30 11:44:00,F,30~39,office,seoul,0,0,0,0,1,0,0,55,0,0,completed
31291,U1294,2025-10-15 16:01:00,2025-10-15 16:07:00,F,30~39,office,seoul,0,0,0,0,2,0,0,48,0,0,completed
31292,U1295,2025-05-29 17:41:00,2025-05-29 17:44:00,F,30~39,office,seoul,0,0,0,0,2,0,0,71,0,0,timeout
31293,U1296,2025-08-08 18:18:00,2025-08-08 18:23:00,M,20~29,office,seoul,0,0,0,0,8,0,0,68,0,0,abandoned
31294,U1297,2025-03-08 14:12:00,2025-03-08 14:14:00,F,40~49,office,seoul,1,0,0,0,16,0,0,57,1,0,completed
31295,U1298,2025-08-16 11:54:00,2025-08-16 11:57:00,F,20~29,office,seoul,1,0,0,0,12,0,0,77,0,0,completed
31296,U1299,2025-03-16 11:05:00,2025-03-16 11:10:00,M,30~39,office,seoul,1,0,0,0,8,0,0,49,0,0,completed
31297,U1300,2025-01-10 15:32:00,2025-01-10 15:34:00,F,30~39,office,seoul,0,0,0,0,22,0,0,10,0,0,error
31298,U1301,2025-01-21 08:30:00,2025-01-21 08:33:00,M,20~29,office,seoul,0,0,0,0,14,0,0,56,0,0,completed
31299,U1302,2025-05-10 15:45:00,2025-05-10 15:49:00,M,30~39,office,seoul,1,0,0,0,0,0,0,54,0,0,completed
31300,U1303,2025-04-13 20:06:00,2025-04-13 20:10:00,M,20~29,office,seoul,1,0,0,0,14,0,0,75,0,0,completed
31301,U1304,2025-08-17 15:03:00,2025-08-17 15:05:00,F,20~29,office,seoul,1,0,0,0,3,0,0,24,0,0,completed
31302,U1305,2025-10-31 18:48:00,2025-10-31 18:55:00,F,20~29,office,seoul,0,0,0,0,12,0,0,74,0,0,completed
31303,U1306,2025-12-29 21:33:00,2025-12-29 21:36:00,F,20~29,office,seoul,0,0,0,0,22,0,0,45,0,0,completed
31304,U1307,2025-01-03 14:29:00,2025-01-03 14:35:00,F,30~39,office,seoul,0,0,0,0,12,0,0,54,0,0,abandoned
31305,U1308,2025-05-16 17:50:00,2025-05-16 17:57:00,F,20~29,office,seoul,0,0,0,0,22,0,0,29,0,0,completed
31306,U1309,2025-11-11 09:05:00,2025-11-11 09:09:00,M,50+,office,seoul,0,0,0,0,2,0,0,28,0,0,completed
31307,U1310,2025-10-29 14:41:00,2025-10-29 14:45:00,F,50+,office,seoul,0,0,0,0,1,0,0,53,0,0,completed
31308,U1311,2025-05-22 09:26:00,2025-05-22 09:29:00,M,20~29,office,seoul,0,0,0,0,2,0,0,24,0,0,completed
31309,U1312,2025-03-13 20:09:00,2025-03-13 20:13:00,M,50+,office,seoul,0,0,0,0,8,0,0,16,0,0,completed
31310,U1313,2025-12-08 13:24:00,2025-12-08 13:30:00,F,20~29,office,seoul,0,0,0,0,10,0,0,33,0,0,completed
31311,U1314,2025-10-19 18:46:00,2025-10-19 18:48:00,F,40~49,office,seoul,1,0,0,0,8,0,0,21,0,0,error
31312,U1315,2025-01-16 08:37:00,2025-01-16 08:44:00,F,20~29,office,seoul,0,0,0,0,23,0,0,25,0,0,completed
31313,U1316,2025-11-16 19:46:00,2025-11-16 19:50:00,M,30~39,office,seoul,1,0,0,0,2,0,0,31,0,0,completed
31314,U1317,2025-06-18 14:35:00,2025-06-18 14:37:00,M,20~29,office,seoul,0,0,0,0,23,0,0,17,0,0,completed
31315,U1318,2025-07-24 07:44:00,2025-07-24 07:48:00,M,20~29,office,seoul,0,0,0,0,20,0,0,74,0,0,completed
31316,U1319,2025-02-06 08:18:00,2025-02-06 08:24:00,F,20~29,office,seoul,0,0,0,0,18,0,0,59,0,0,timeout
31317,U1320,2025-06-26 18:15:00,2025-06-26 18:22:00,M,20~29,office,seoul,0,0,0,0,24,0,0,77,0,0,completed
31318,U1321,2025-04-13 15:24:00,2025-04-13 15:31:00,M,20~29,office,seoul,1,0,0,0,9,0,0,52,0,0,abandoned
31319,U1322,2025-03-17 19:50:00,2025-03-17 19:57:00,M,20~29,office,seoul,0,0,0,0,3,0,0,34,0,0,completed
31320,U1323,2025-04-26 09:16:00,2025-04-26 09:18:00,M,20~29,office,seoul,1,0,0,0,4,0,0,12,0,0,completed
31321,U1324,2025-04-10 07:13:00,2025-04-10 07:20:00,F,50+,office,seoul,0,0,0,0,15,0,0,64,0,0,completed
31322,U1325,2025-03-30 13:11:00,2025-03-30 13:14:00,M,20~29,office,seoul,1,0,0,0,29,0,0,76,0,0,completed
31323,U1326,2025-05-11 12:13:00,2025-05-11 12:17:00,M,30~39,office,seoul,1,0,0,0,24,0,0,47,0,0,completed
31324,U1327,2025-05-30 19:01:00,2025-05-30 19:03:00,F,30~39,office,seoul,0,0,0,0,8,0,0,39,0,0,completed
31325,U1328,2025-08-06 13:03:00,2025-08-06 13:10:00,M,20~29,office,seoul,0,0,0,0,5,0,0,39,0,0,completed
31326,U1329,2025-07-08 14:43:00,2025-07-08 14:49:00,F,30~39,office,seoul,0,0,0,0,18,0,0,69,0,0,timeout
31327,U1330,2025-06-07 13:51:00,2025-06-07 13:56:00,F,40~49,office,seoul,1,0,0,0,0,0,0,73,1,0,completed
31328,U1331,2025-01-02 15:26:00,2025-01-02 15:30:00,F,30~39,office,seoul,0,0,0,0,19,0,0,54,0,0,completed
31329,U1332,2025-08-13 11:48:00,2025-08-13 11:53:00,F,20~29,office,seoul,0,0,0,0,7,0,0,72,0,0,completed
31330,U1333,2025-06-09 15:34:00,2025-06-09 15:36:00,M,20~29,office,seoul,0,0,0,0,12,0,0,28,0,0,completed
31331,U1334,2025-05-11 16:19:00,2025-05-11 16:22:00,M,30~39,office,seoul,1,0,0,0,8,0,0,68,0,0,completed
31332,U1335,2025-08-07 15:47:00,2025-08-07 15:53:00,F,20~29,office,seoul,0,0,0,0,26,0,0,53,0,0,completed
31333,U1336,2025-11-25 18:01:00,2025-11-25 18:06:00,F,50+,office,seoul,0,0,0,0,16,0,0,74,0,0,error
31334,U1337,2025-05-06 16:08:00,2025-05-06 16:15:00,F,50+,office,seoul,0,0,0,0,18,0,0,73,0,0,completed
31335,U1338,2025-08-19 07:44:00,2025-08-19 07:48:00,M,20~29,office,seoul,0,0,0,0,3,0,0,29,0,0,error
31336,U1339,2025-05-04 11:26:00,2025-05-04 11:30:00,M,40~49,office,seoul,1,0,0,0,20,0,0,70,0,0,completed
31337,U1340,2025-07-10 07:32:00,2025-07-10 07:39:00,M,30~39,office,seoul,0,0,0,0,22,0,0,57,0,0,completed
31338,U1341,2025-07-11 17:06:00,2025-07-11 17:10:00,M,40~49,office,seoul,0,0,0,0,16,0,0,76,0,0,completed
31339,U1342,2025-03-09 12:16:00,2025-03-09 12:22:00,M,30~39,office,seoul,1,0,0,0,29,0,0,76,0,0,completed
31340,U1343,2025-02-15 09:47:00,2025-02-15 09:50:00,F,20~29,office,seoul,1,0,0,0,20,0,0,64,0,0,completed
31341,U1344,2025-09-19 19:21:00,2025-09-19 19:27:00,F,20~29,office,seoul,0,0,0,0,9,0,0,78,0,0,completed
31342,U1345,2025-03-25 14:19:00,2025-03-25 14:22:00,F,20~29,office,seoul,0,0,0,0,5,0,0,28,0,0,completed
31343,U1346,2025-07-28 12:22:00,2025-07-28 12:24:00,F,40~49,office,seoul,0,0,0,0,9,0,0,56,0,0,completed
31344,U1347,2025-03-29 15:57:00,2025-03-29 16:00:00,F,30~39,office,seoul,1,0,0,0,20,0,0,41,0,0,completed
31345,U1348,2025-09-16 16:23:00,2025-09-16 16:27:00,M,30~39,office,seoul,0,0,0,0,21,0,0,37,0,0,completed
31346,U1349,2025-04-21 11:57:00,2025-04-21 12:03:00,F,30~39,office,seoul,0,0,0,0,8,0,0,50,0,0,abandoned
31347,U1350,2025-09-07 13:39:00,2025-09-07 13:45:00,F,40~49,office,seoul,1,0,0,0,7,0,0,54,0,0,completed
31348,U1351,2025-05-02 09:03:00,2025-05-02 09:06:00,F,30~39,office,seoul,0,0,0,0,11,0,0,71,0,0,completed
31349,U1352,2025-03-14 12:03:00,2025-03-14 12:06:00,M,50+,office,seoul,0,0,0,0,28,0,0,10,0,0,completed
31350,U1353,2025-09-10 08:47:00,2025-09-10 08:53:00,F,30~39,office,seoul,0,0,0,0,15,0,0,69,0,0,completed
31351,U1354,2025-11-28 11:11:00,2025-11-28 11:14:00,F,40~49,office,seoul,0,0,0,0,3,0,0,70,0,0,completed
31352,U1355,2025-04-03 09:47:00,2025-04-03 09:53:00,F,20~29,office,seoul,0,0,0,0,24,0,0,10,0,0,abandoned
31353,U1356,2025-10-06 17:30:00,2025-10-06 17:36:00,M,30~39,office,seoul,0,0,0,0,27,0,0,49,0,0,completed
31354,U1357,2025-08-10 15:59:00,2025-08-10 16:02:00,M,50+,office,seoul,1,0,0,0,29,0,0,32,0,0,completed
31355,U1358,2025-12-12 13:22:00,2025-12-12 13:27:00,F,40~49,office,seoul,0,0,0,0,18,0,0,39,0,0,abandoned
31356,U1359,2025-02-01 16:44:00,2025-02-01 16:47:00,F,20~29,office,seoul,1,0,0,0,4,0,0,48,0,0,completed
31357,U1360,2025-12-05 16:44:00,2025-12-05 16:47:00,M,20~29,office,seoul,0,0,0,0,23,0,0,27,0,0,completed
31358,U1361,2025-06-18 14:58:00,2025-06-18 15:02:00,M,30~39,office,seoul,0,0,0,0,21,0,0,65,0,0,completed
31359,U1362,2025-09-15 12:27:00,2025-09-15 12:34:00,F,40~49,office,seoul,0,0,0,0,29,0,0,49,0,0,completed
31360,U1363,2025-12-03 14:06:00,2025-12-03 14:10:00,F,20~29,office,seoul,0,0,0,0,3,0,0,17,0,0,completed
31361,U1364,2025-01-29 17:39:00,2025-01-29 17:44:00,M,40~49,office,seoul,0,0,0,0,22,0,0,67,0,0,completed
31362,U1365,2025-12-22 15:41:00,2025-12-22 15:43:00,F,30~39,office,seoul,0,0,0,0,16,0,0,78,0,0,completed
31363,U1366,2025-09-19 07:45:00,2025-09-19 07:50:00,M,40~49,office,seoul,0,0,0,0,4,0,0,53,0,0,completed
31364,U1367,2025-03-07 18:54:00,2025-03-07 18:56:00,F,50+,office,seoul,0,0,0,0,16,0,0,55,0,0,completed
31365,U1368,2025-12-04 09:47:00,2025-12-04 09:51:00,M,50+,office,seoul,0,0,0,0,8,0,0,49,0,0,completed
31366,U1369,2025-01-27 09:54:00,2025-01-27 09:59:00,F,30~39,office,seoul,0,0,0,0,15,0,0,41,0,0,completed
31367,U1370,2025-04-12 12:04:00,2025-04-12 12:11:00,F,30~39,office,seoul,1,0,0,0,9,0,0,76,0,0,completed
31368,U1371,2025-07-21 15:00:00,2025-07-21 15:03:00,M,20~29,office,seoul,0,0,0,0,17,0,0,69,0,0,completed
31369,U1372,2025-12-27 12:17:00,2025-12-27 12:20:00,F,20~29,office,seoul,1,0,0,0,9,0,0,47,0,0,abandoned
31370,U1373,2025-04-10 09:28:00,2025-04-10 09:31:00,M,50+,office,seoul,0,0,0,0,27,0,0,65,0,0,completed
31371,U1374,2025-02-27 07:08:00,2025-02-27 07:15:00,M,40~49,office,seoul,0,0,0,0,23,0,0,63,1,1,completed
31372,U1375,2025-10-11 16:34:00,2025-10-11 16:40:00,F,30~39,office,seoul,1,0,0,0,25,0,0,21,0,0,completed
31373,U1376,2025-07-27 16:29:00,2025-07-27 16:32:00,F,20~29,office,seoul,1,0,0,0,8,0,0,49,0,0,completed
31374,U1377,2025-10-21 14:52:00,2025-10-21 14:55:00,M,30~39,office,seoul,0,0,0,0,26,0,0,33,0,0,abandoned
31375,U1378,2025-03-24 07:10:00,2025-03-24 07:15:00,F,20~29,office,seoul,0,0,0,0,9,0,0,22,0,0,completed
31376,U1379,2025-02-28 12:45:00,2025-02-28 12:51:00,M,30~39,office,seoul,0,0,0,0,27,0,0,46,0,0,completed
31377,U1380,2025-06-11 15:11:00,2025-06-11 15:17:00,F,50+,office,seoul,0,0,0,0,14,0,0,55,0,0,completed
31378,U1381,2025-01-09 08:11:00,2025-01-09 08:13:00,F,40~49,office,seoul,0,0,0,0,28,0,0,69,0,0,completed
31379,U1382,2025-12-24 18:12:00,2025-12-24 18:17:00,F,30~39,office,seoul,0,0,0,0,17,0,0,54,0,0,completed
31380,U1383,2025-10-21 18:45:00,2025-10-21 18:48:00,M,40~49,office,seoul,0,0,0,0,17,0,0,70,0,0,completed
31381,U1384,2025-01-16 07:25:00,2025-01-16 07:31:00,M,20~29,office,seoul,0,0,0,0,12,0,0,12,0,0,completed
31382,U1385,2025-10-09 14:11:00,2025-10-09 14:18:00,F,40~49,office,seoul,0,0,0,0,19,0,0,66,0,0,completed
31383,U1386,2025-07-09 09:29:00,2025-07-09 09:36:00,F,50+,office,seoul,0,0,0,0,21,0,0,21,0,0,completed
31384,U1387,2025-11-22 13:28:00,2025-11-22 13:30:00,M,50+,office,seoul,1,0,0,0,20,0,0,69,0,0,completed
31385,U1388,2025-12-22 17:31:00,2025-12-22 17:36:00,F,20~29,office,seoul,0,0,0,0,21,0,0,43,0,0,completed
31386,U1389,2025-01-27 13:34:00,2025-01-27 13:36:00,F,20~29,office,seoul,0,0,0,0,0,0,0,15,0,0,completed
31387,U1390,2025-06-26 12:27:00,2025-06-26 12:34:00,M,20~29,office,seoul,0,0,0,0,15,0,0,45,0,0,completed
31388,U1391,2025-04-25 07:05:00,2025-04-25 07:07:00,F,50+,office,seoul,0,0,0,0,3,0,0,55,0,0,completed
31389,U1392,2025-04-02 11:34:00,2025-04-02 11:37:00,F,30~39,office,seoul,0,0,0,0,24,0,0,57,0,0,completed
31390,U1393,2025-08-29 13:02:00,2025-08-29 13:08:00,M,40~49,office,seoul,0,0,0,0,2,0,0,58,0,0,completed
31391,U1394,2025-01-27 19:20:00,2025-01-27 19:26:00,F,30~39,office,seoul,0,0,0,0,1,0,0,25,0,0,completed
31392,U1395,2025-07-06 09:04:00,2025-07-06 09:07:00,M,30~39,office,seoul,1,0,0,0,0,0,0,37,0,0,completed
31393,U1396,2025-05-13 17:04:00,2025-05-13 17:10:00,M,20~29,office,seoul,0,0,0,0,8,0,0,77,0,0,completed
31394,U1397,2025-03-14 19:36:00,2025-03-14 19:41:00,M,40~49,office,seoul,0,0,0,0,28,0,0,68,0,0,completed
31395,U1398,2025-05-31 13:43:00,2025-05-31 13:47:00,F,40~49,office,seoul,1,0,0,0,23,0,0,25,0,0,completed
31396,U1399,2025-07-13 11:17:00,2025-07-13 11:24:00,M,40~49,office,seoul,1,0,0,0,7,0,0,34,0,0,completed
31397,U1400,2025-06-22 17:30:00,2025-06-22 17:32:00,F,30~39,office,seoul,1,0,0,0,24,0,0,15,1,0,completed
31398,U1401,2025-06-03 18:18:00,2025-06-03 18:23:00,M,20~29,office,seoul,0,0,0,0,0,0,0,18,0,0,completed
31399,U1402,2025-10-08 20:59:00,2025-10-08 21:04:00,F,20~29,office,seoul,0,0,0,0,7,0,0,52,0,0,completed
31400,U1403,2025-04-06 09:39:00,2025-04-06 09:45:00,F,30~39,office,seoul,1,0,0,0,26,0,0,30,0,0,completed
31401,U1404,2025-03-13 16:03:00,2025-03-13 16:09:00,M,50+,office,seoul,0,0,0,0,15,0,0,35,0,0,completed
31402,U1405,2025-05-25 13:55:00,2025-05-25 14:02:00,M,30~39,office,seoul,1,0,0,0,3,0,0,34,0,0,completed
31403,U1406,2025-12-14 12:45:00,2025-12-14 12:51:00,F,30~39,office,seoul,1,0,0,0,23,0,0,39,0,0,abandoned
31404,U1407,2025-01-22 20:57:00,2025-01-22 21:01:00,M,20~29,office,seoul,0,0,0,0,0,0,0,79,0,0,completed
31405,U1408,2025-05-13 15:22:00,2025-05-13 15:26:00,F,40~49,office,seoul,0,0,0,0,15,0,0,74,1,0,completed
31406,U1409,2025-08-13 13:09:00,2025-08-13 13:16:00,F,40~49,office,seoul,0,0,0,0,24,0,0,57,0,0,completed
31407,U1410,2025-11-04 19:06:00,2025-11-04 19:12:00,F,30~39,office,seoul,0,0,0,0,12,0,0,39,0,0,completed
31408,U1411,2025-03-15 17:50:00,2025-03-15 17:52:00,M,30~39,office,seoul,1,0,0,0,21,0,0,31,0,0,completed
31409,U1412,2025-06-23 15:39:00,2025-06-23 15:42:00,M,30~39,office,seoul,0,0,0,0,0,0,0,26,0,0,timeout
31410,U1413,2025-04-12 17:40:00,2025-04-12 17:44:00,F,50+,office,seoul,1,0,0,0,29,0,0,68,0,0,completed
31411,U1414,2025-05-02 12:01:00,2025-05-02 12:08:00,M,50+,office,seoul,0,0,0,0,21,0,0,60,0,0,completed
31412,U1415,2025-03-03 15:37:00,2025-03-03 15:43:00,M,30~39,office,seoul,0,0,0,0,7,0,0,66,0,0,completed
31413,U1416,2025-01-28 09:51:00,2025-01-28 09:54:00,F,20~29,office,seoul,0,0,0,0,18,0,0,67,0,0,completed
31414,U1417,2025-03-29 09:48:00,2025-03-29 09:50:00,F,20~29,office,seoul,1,0,0,0,9,0,0,55,0,0,completed
31415,U1418,2025-10-31 22:29:00,2025-10-31 22:32:00,F,20~29,office,seoul,0,0,0,0,23,0,0,49,0,0,abandoned
31416,U1419,2025-03-05 17:50:00,2025-03-05 17:53:00,M,20~29,office,seoul,0,0,0,0,6,0,0,58,0,0,completed
31417,U1420,2025-01-25 18:53:00,2025-01-25 18:58:00,M,20~29,office,seoul,1,0,0,0,4,0,0,37,0,0,completed
31418,U1421,2025-06-15 20:38:00,2025-06-15 20:42:00,F,50+,office,seoul,1,0,0,0,29,0,0,66,0,0,completed
31419,U1422,2025-11-16 07:53:00,2025-11-16 08:00:00,M,40~49,office,seoul,1,0,0,0,20,0,0,53,0,0,abandoned
31420,U1423,2025-03-29 12:28:00,2025-03-29 12:31:00,F,30~39,office,seoul,1,0,0,0,5,0,0,41,0,0,completed
31421,U1424,2025-04-19 17:34:00,2025-04-19 17:37:00,F,30~39,office,seoul,1,0,0,0,10,0,0,68,0,0,completed
31422,U1425,2025-07-03 18:25:00,2025-07-03 18:28:00,F,40~49,office,seoul,0,0,0,0,25,0,0,45,0,0,abandoned
31423,U1426,2025-06-14 14:21:00,2025-06-14 14:25:00,M,40~49,office,seoul,1,0,0,0,2,0,0,41,0,0,completed
31424,U1427,2025-01-20 21:19:00,2025-01-20 21:21:00,F,20~29,office,seoul,0,0,0,0,7,0,0,69,0,0,completed
31425,U1428,2025-12-07 13:50:00,2025-12-07 13:55:00,F,30~39,office,seoul,1,0,0,0,13,0,0,53,0,0,completed
31426,U1429,2025-08-08 12:50:00,2025-08-08 12:53:00,M,30~39,office,seoul,0,0,0,0,1,0,0,22,0,0,completed
31427,U1430,2025-12-22 14:34:00,2025-12-22 14:40:00,M,30~39,office,seoul,0,0,0,0,28,0,0,16,0,0,completed
31428,U1431,2025-10-24 09:24:00,2025-10-24 09:27:00,M,30~39,office,seoul,0,0,0,0,4,0,0,43,0,0,completed
31429,U1432,2025-01-01 12:09:00,2025-01-01 12:16:00,M,50+,office,seoul,0,0,0,0,6,0,0,78,0,0,completed
31430,U1433,2025-05-24 11:42:00,2025-05-24 11:46:00,M,20~29,office,seoul,1,0,0,0,25,0,0,33,0,0,completed
31431,U1434,2025-09-26 14:17:00,2025-09-26 14:23:00,M,20~29,office,seoul,0,0,0,0,3,0,0,68,0,0,abandoned
31432,U1435,2025-10-14 19:15:00,2025-10-14 19:21:00,F,50+,office,seoul,0,0,0,0,7,0,0,60,0,0,completed
31433,U1436,2025-04-29 15:38:00,2025-04-29 15:40:00,F,40~49,office,seoul,0,0,0,0,6,0,0,48,0,0,completed
31434,U1437,2025-09-08 18:14:00,2025-09-08 18:21:00,F,20~29,office,seoul,0,0,0,0,28,0,0,10,0,0,completed
31435,U1438,2025-10-11 15:13:00,2025-10-11 15:15:00,M,20~29,office,seoul,1,0,0,0,22,0,0,11,0,0,abandoned
31436,U1439,2025-10-04 14:24:00,2025-10-04 14:29:00,M,20~29,office,seoul,1,0,0,0,27,0,0,39,0,0,completed
31437,U1440,2025-09-04 19:32:00,2025-09-04 19:34:00,F,40~49,office,seoul,0,0,0,0,11,0,0,50,0,0,completed
31438,U1441,2025-12-04 07:16:00,2025-12-04 07:18:00,F,30~39,office,seoul,0,0,0,0,14,0,0,44,0,0,completed
31439,U1442,2025-07-12 17:52:00,2025-07-12 17:58:00,F,40~49,office,seoul,1,0,0,0,18,0,0,27,0,0,completed
31440,U1443,2025-12-16 15:36:00,2025-12-16 15:41:00,M,30~39,office,seoul,0,0,0,0,2,0,0,67,0,0,completed
31441,U1444,2025-10-22 11:50:00,2025-10-22 11:57:00,M,20~29,office,seoul,0,0,0,0,29,0,0,61,0,0,completed
31442,U1445,2025-09-15 09:13:00,2025-09-15 09:18:00,F,40~49,office,seoul,0,0,0,0,18,0,0,63,0,0,completed
31443,U1446,2025-08-25 08:19:00,2025-08-25 08:23:00,F,40~49,office,seoul,0,0,0,0,21,0,0,50,0,0,completed
31444,U1447,2025-09-01 15:38:00,2025-09-01 15:43:00,F,30~39,office,seoul,0,0,0,0,21,0,0,47,0,0,abandoned
31445,U1448,2025-01-28 17:59:00,2025-01-28 18:03:00,M,50+,office,seoul,0,0,0,0,8,0,0,77,0,0,completed
31446,U1449,2025-03-02 16:06:00,2025-03-02 16:13:00,F,20~29,office,seoul,1,0,0,0,18,0,0,29,0,0,completed
31447,U1450,2025-01-10 11:39:00,2025-01-10 11:41:00,F,40~49,office,seoul,0,0,0,0,6,0,0,56,1,0,completed
31448,U1451,2025-08-02 16:01:00,2025-08-02 16:03:00,M,20~29,office,seoul,1,0,0,0,9,0,0,71,0,0,completed
31449,U1452,2025-04-28 17:32:00,2025-04-28 17:36:00,F,30~39,office,seoul,0,0,0,0,27,0,0,14,0,0,completed
31450,U1453,2025-05-08 17:25:00,2025-05-08 17:27:00,M,50+,office,seoul,0,0,0,0,3,0,0,21,0,0,completed
31451,U1454,2025-06-09 09:58:00,2025-06-09 10:01:00,M,50+,office,seoul,0,0,0,0,26,0,0,25,1,0,completed
31452,U1455,2025-04-15 14:34:00,2025-04-15 14:37:00,M,20~29,office,seoul,0,0,0,0,12,0,0,74,0,0,completed
31453,U1456,2025-05-07 13:54:00,2025-05-07 13:58:00,F,50+,office,seoul,0,0,0,0,27,0,0,22,0,0,completed
31454,U1457,2025-09-01 09:00:00,2025-09-01 09:03:00,M,40~49,office,seoul,0,0,0,0,19,0,0,32,0,0,completed
31455,U1458,2025-03-14 09:36:00,2025-03-14 09:41:00,F,20~29,office,seoul,0,0,0,0,13,0,0,12,0,0,completed
31456,U1459,2025-02-04 15:36:00,2025-02-04 15:39:00,M,40~49,office,seoul,0,0,0,0,13,0,0,19,0,0,abandoned
31457,U1460,2025-07-21 14:37:00,2025-07-21 14:42:00,F,50+,office,seoul,0,0,0,0,28,0,0,71,1,0,completed
31458,U1461,2025-08-24 09:00:00,2025-08-24 09:04:00,M,50+,office,seoul,1,0,0,0,18,0,0,55,0,0,completed
31459,U1462,2025-07-27 13:27:00,2025-07-27 13:32:00,M,40~49,office,seoul,1,0,0,0,11,0,0,76,0,0,completed
31460,U1463,2025-07-27 14:31:00,2025-07-27 14:33:00,F,20~29,office,seoul,1,0,0,0,20,0,0,52,0,0,completed
31461,U1464,2025-07-16 19:06:00,2025-07-16 19:13:00,F,50+,office,seoul,0,0,0,0,24,0,0,28,0,0,completed
31462,U1465,2025-10-20 09:34:00,2025-10-20 09:39:00,F,40~49,office,seoul,0,0,0,0,29,0,0,29,0,0,completed
31463,U1466,2025-05-23 15:50:00,2025-05-23 15:52:00,M,50+,office,seoul,0,0,0,0,17,0,0,45,0,0,completed
31464,U1467,2025-09-16 13:37:00,2025-09-16 13:39:00,F,40~49,office,seoul,0,0,0,0,22,0,0,59,0,0,abandoned
31465,U1468,2025-01-31 09:46:00,2025-01-31 09:52:00,M,20~29,office,seoul,0,0,0,0,21,0,0,41,0,0,abandoned
31466,U1469,2025-06-10 14:24:00,2025-06-10 14:26:00,M,30~39,office,seoul,0,0,0,0,6,0,0,40,0,0,completed
31467,U1470,2025-08-06 18:32:00,2025-08-06 18:36:00,F,20~29,office,seoul,0,0,0,0,8,0,0,34,0,0,completed
31468,U1471,2025-06-16 08:30:00,2025-06-16 08:37:00,F,40~49,office,seoul,0,0,0,0,18,0,0,79,0,0,abandoned
31469,U1472,2025-09-02 14:16:00,2025-09-02 14:20:00,F,40~49,office,seoul,0,0,0,0,29,0,0,75,0,0,completed
31470,U1473,2025-04-24 19:30:00,2025-04-24 19:36:00,F,50+,office,seoul,0,0,0,0,6,0,0,10,0,0,completed
31471,U1474,2025-02-14 15:17:00,2025-02-14 15:19:00,F,50+,office,seoul,0,0,0,0,26,0,0,29,0,0,abandoned
31472,U1475,2025-04-15 09:35:00,2025-04-15 09:39:00,F,30~39,office,seoul,0,0,0,0,12,0,0,77,0,0,completed
31473,U1476,2025-12-09 22:16:00,2025-12-09 22:21:00,F,30~39,office,seoul,0,0,0,0,21,0,0,29,0,0,completed
31474,U1477,2025-11-07 17:49:00,2025-11-07 17:53:00,M,20~29,office,seoul,0,0,0,0,21,0,0,44,0,0,abandoned
31475,U1478,2025-09-13 19:53:00,2025-09-13 20:00:00,M,40~49,office,seoul,1,0,0,0,18,0,0,30,0,0,completed
31476,U1479,2025-03-15 14:44:00,2025-03-15 14:49:00,M,30~39,office,seoul,1,0,0,0,12,0,0,65,0,0,completed
31477,U1480,2025-10-11 17:10:00,2025-10-11 17:14:00,M,30~39,office,seoul,1,0,0,0,21,0,0,50,0,0,completed
31478,U1481,2025-01-03 12:11:00,2025-01-03 12:16:00,F,40~49,office,seoul,0,0,0,0,18,0,0,61,0,0,completed
31479,U1482,2025-05-25 14:26:00,2025-05-25 14:31:00,M,30~39,office,seoul,1,0,0,0,21,0,0,27,0,0,completed
31480,U1483,2025-09-05 14:43:00,2025-09-05 14:49:00,F,50+,office,seoul,0,0,0,0,17,0,0,24,0,0,completed
31481,U1484,2025-11-28 21:51:00,2025-11-28 21:56:00,M,20~29,office,seoul,0,0,0,0,14,0,0,52,0,0,completed
31482,U1485,2025-04-17 11:03:00,2025-04-17 11:07:00,M,40~49,office,seoul,0,0,0,0,13,0,0,34,0,0,completed
31483,U1486,2025-08-30 22:20:00,2025-08-30 22:26:00,F,20~29,office,seoul,1,0,0,0,25,0,0,76,0,0,completed
31484,U1487,2025-05-11 15:33:00,2025-05-11 15:39:00,F,20~29,office,seoul,1,0,0,0,11,0,0,30,0,0,completed
31485,U1488,2025-08-14 16:19:00,2025-08-14 16:23:00,F,20~29,office,seoul,0,0,0,0,3,0,0,25,0,0,completed
31486,U1489,2025-06-15 18:24:00,2025-06-15 18:28:00,M,30~39,office,seoul,1,0,0,0,12,0,0,58,0,0,completed
31487,U1490,2025-12-28 08:32:00,2025-12-28 08:35:00,F,30~39,office,seoul,1,0,0,0,10,0,0,78,0,0,abandoned
31488,U1491,2025-02-08 15:48:00,2025-02-08 15:55:00,F,30~39,office,seoul,1,0,0,0,20,0,0,29,0,0,completed
31489,U1492,2025-04-25 17:18:00,2025-04-25 17:24:00,M,30~39,office,seoul,0,0,0,0,20,0,0,61,0,0,completed
31490,U1493,2025-08-03 17:35:00,2025-08-03 17:40:00,M,20~29,office,seoul,1,0,0,0,10,0,0,56,0,0,completed
31491,U1494,2025-10-25 13:14:00,2025-10-25 13:21:00,M,20~29,office,seoul,1,0,0,0,27,0,0,56,0,0,completed
31492,U1495,2025-02-24 11:49:00,2025-02-24 11:56:00,M,20~29,office,seoul,0,0,0,0,25,0,0,79,0,0,timeout
31493,U1496,2025-03-02 08:05:00,2025-03-02 08:09:00,F,50+,office,seoul,1,0,0,0,23,0,0,72,0,0,completed
31494,U1497,2025-08-01 15:51:00,2025-08-01 15:55:00,M,20~29,office,seoul,0,0,0,0,15,0,0,42,0,0,completed
31495,U1498,2025-07-25 20:54:00,2025-07-25 20:58:00,M,50+,office,seoul,0,0,0,0,17,0,0,19,0,0,completed
31496,U1499,2025-11-25 08:44:00,2025-11-25 08:49:00,M,40~49,office,seoul,0,0,0,0,11,0,0,61,0,1,completed
31497,U1500,2025-09-13 07:23:00,2025-09-13 07:28:00,F,40~49,office,seoul,1,0,0,0,13,0,0,11,0,0,completed
31498,U1501,2025-11-22 09:39:00,2025-11-22 09:43:00,F,30~39,office,seoul,1,0,0,0,22,0,0,20,0,0,error
31499,U1502,2025-10-30 08:03:00,2025-10-30 08:09:00,M,30~39,office,seoul,0,0,0,0,27,0,0,19,0,0,completed
31500,U1503,2025-11-16 18:34:00,2025-11-16 18:39:00,F,40~49,office,seoul,1,0,0,0,24,0,0,46,0,0,completed
31501,U1504,2025-10-08 17:26:00,2025-10-08 17:29:00,M,20~29,office,seoul,0,0,0,0,3,0,0,45,0,0,completed
31502,U1505,2025-06-02 14:21:00,2025-06-02 14:26:00,M,20~29,office,seoul,0,0,0,0,6,0,0,46,0,0,completed
31503,U1506,2025-10-30 16:59:00,2025-10-30 17:05:00,F,20~29,office,seoul,0,0,0,0,9,0,0,78,0,0,completed
31504,U1507,2025-03-27 14:53:00,2025-03-27 14:55:00,F,20~29,office,seoul,0,0,0,0,23,0,0,37,0,0,completed
31505,U1508,2025-06-24 12:06:00,2025-06-24 12:11:00,M,50+,office,seoul,0,0,0,0,10,0,0,23,0,0,completed
31506,U1509,2025-12-13 18:56:00,2025-12-13 19:02:00,M,40~49,office,seoul,1,0,0,0,15,0,0,76,0,0,completed
31507,U1510,2025-01-30 08:36:00,2025-01-30 08:38:00,M,20~29,office,seoul,0,0,0,0,0,0,0,68,0,0,completed
31508,U1511,2025-12-10 17:27:00,2025-12-10 17:33:00,F,20~29,office,seoul,0,0,0,0,18,0,0,15,0,0,completed
31509,U1512,2025-12-26 14:46:00,2025-12-26 14:48:00,F,20~29,office,seoul,0,0,0,0,21,0,0,50,0,0,completed
31510,U1513,2025-12-02 08:41:00,2025-12-02 08:44:00,F,30~39,office,seoul,0,0,0,0,7,0,0,13,1,0,completed
31511,U1514,2025-02-06 15:40:00,2025-02-06 15:47:00,M,30~39,office,seoul,0,0,0,0,10,0,0,53,0,0,completed
31512,U1515,2025-05-16 07:47:00,2025-05-16 07:54:00,F,30~39,office,seoul,0,0,0,0,18,0,0,78,0,0,completed
31513,U1516,2025-02-27 09:49:00,2025-02-27 09:56:00,F,20~29,office,seoul,0,0,0,0,7,0,0,31,0,0,completed
31514,U1517,2025-11-06 16:20:00,2025-11-06 16:26:00,M,20~29,office,seoul,0,0,0,0,23,0,0,62,0,0,completed
31515,U1518,2025-06-20 17:37:00,2025-06-20 17:40:00,F,50+,office,seoul,0,0,0,0,22,0,0,31,0,0,completed
31516,U1519,2025-02-04 08:15:00,2025-02-04 08:17:00,F,40~49,office,seoul,0,0,0,0,22,0,0,39,0,0,completed
31517,U1520,2025-09-07 22:41:00,2025-09-07 22:47:00,F,50+,office,seoul,1,0,0,0,24,0,0,37,0,0,completed
31518,U1521,2025-04-29 09:22:00,2025-04-29 09:25:00,M,30~39,office,seoul,0,0,0,0,10,0,0,47,0,0,completed
31519,U1522,2025-04-06 08:01:00,2025-04-06 08:08:00,M,20~29,office,seoul,1,0,0,0,21,0,0,28,0,0,abandoned
31520,U1523,2025-06-20 07:24:00,2025-06-20 07:31:00,F,30~39,office,seoul,0,0,0,0,29,0,0,65,0,0,completed
31521,U1524,2025-01-17 15:51:00,2025-01-17 15:55:00,F,40~49,office,seoul,0,0,0,0,23,0,0,45,0,0,completed
31522,U1525,2025-05-29 18:54:00,2025-05-29 18:58:00,M,20~29,office,seoul,0,0,0,0,5,0,0,61,0,0,completed
31523,U1526,2025-01-24 12:35:00,2025-01-24 12:38:00,M,20~29,office,seoul,0,0,0,0,25,0,0,62,0,0,completed
31524,U1527,2025-08-10 09:48:00,2025-08-10 09:51:00,M,40~49,office,seoul,1,0,0,0,28,0,0,48,0,0,completed
31525,U1528,2025-03-25 16:04:00,2025-03-25 16:06:00,F,20~29,office,seoul,0,0,0,0,0,0,0,40,0,0,completed
31526,U1529,2025-01-12 12:51:00,2025-01-12 12:57:00,M,20~29,office,seoul,1,0,0,0,1,0,0,10,0,0,completed
31527,U1530,2025-06-30 11:15:00,2025-06-30 11:18:00,F,30~39,office,seoul,0,0,0,0,13,0,0,22,0,0,completed
31528,U1531,2025-02-25 15:03:00,2025-02-25 15:07:00,F,30~39,office,seoul,0,0,0,0,9,0,0,46,0,0,completed
31529,U1532,2025-03-14 17:40:00,2025-03-14 17:47:00,F,20~29,office,seoul,0,0,0,0,10,0,0,11,0,0,completed
31530,U1533,2025-05-25 09:59:00,2025-05-25 10:06:00,M,20~29,office,seoul,1,0,0,0,22,0,0,57,0,0,completed
31531,U1534,2025-01-31 14:12:00,2025-01-31 14:19:00,M,20~29,office,seoul,0,0,0,0,9,0,0,37,0,0,completed
31532,U1535,2025-01-21 18:35:00,2025-01-21 18:41:00,F,20~29,office,seoul,0,0,0,0,5,0,0,66,0,0,abandoned
31533,U1536,2025-08-30 08:42:00,2025-08-30 08:47:00,F,20~29,office,seoul,1,0,0,0,4,0,0,43,0,0,completed
31534,U1537,2025-06-08 15:16:00,2025-06-08 15:20:00,F,40~49,office,seoul,1,0,0,0,23,0,0,73,0,0,abandoned
31535,U1538,2025-04-13 13:55:00,2025-04-13 13:58:00,F,50+,office,seoul,1,0,0,0,17,0,0,23,0,0,completed
31536,U1539,2025-07-03 16:47:00,2025-07-03 16:52:00,F,50+,office,seoul,0,0,0,0,9,0,0,52,0,1,completed
31537,U1540,2025-12-20 12:16:00,2025-12-20 12:20:00,M,20~29,office,seoul,1,0,0,0,28,0,0,35,0,0,completed
31538,U1541,2025-08-05 07:38:00,2025-08-05 07:45:00,F,30~39,office,seoul,0,0,0,0,9,0,0,79,0,0,completed
31539,U1542,2025-04-21 15:45:00,2025-04-21 15:51:00,F,20~29,office,seoul,0,0,0,0,0,0,0,24,0,0,completed
31540,U1543,2025-07-28 17:22:00,2025-07-28 17:25:00,M,50+,office,seoul,0,0,0,0,5,0,0,32,0,0,completed
31541,U1544,2025-08-11 11:36:00,2025-08-11 11:40:00,F,40~49,office,seoul,0,0,0,0,11,0,0,75,0,0,completed
31542,U1545,2025-08-17 12:18:00,2025-08-17 12:21:00,F,20~29,office,seoul,1,0,0,0,15,0,0,33,0,0,completed
31543,U1546,2025-08-23 18:58:00,2025-08-23 19:03:00,F,30~39,office,seoul,1,0,0,0,27,0,0,36,0,0,completed
31544,U1547,2025-02-12 22:12:00,2025-02-12 22:15:00,M,20~29,office,seoul,0,0,0,0,23,0,0,42,0,0,completed
31545,U1548,2025-07-19 12:38:00,2025-07-19 12:41:00,F,20~29,office,seoul,1,0,0,0,28,0,0,66,0,0,completed
31546,U1549,2025-05-25 20:14:00,2025-05-25 20:20:00,M,20~29,office,seoul,1,0,0,0,6,0,0,26,0,0,completed
31547,U1550,2025-09-30 16:23:00,2025-09-30 16:30:00,F,30~39,office,seoul,0,0,0,0,1,0,0,62,0,0,completed
31548,U1551,2025-07-20 17:01:00,2025-07-20 17:06:00,F,40~49,office,seoul,1,0,0,0,14,0,0,33,0,0,completed
31549,U1552,2025-07-03 18:37:00,2025-07-03 18:41:00,M,20~29,office,seoul,0,0,0,0,25,0,0,78,0,0,completed
31550,U1553,2025-05-20 14:42:00,2025-05-20 14:44:00,F,40~49,office,seoul,0,0,0,0,22,0,0,12,0,0,completed
31551,U1554,2025-11-30 08:52:00,2025-11-30 08:57:00,F,20~29,office,seoul,1,0,0,0,6,0,0,67,0,0,completed
31552,U1555,2025-07-06 08:37:00,2025-07-06 08:40:00,F,40~49,office,seoul,1,0,0,0,11,0,0,21,0,0,completed
31553,U1556,2025-10-19 14:48:00,2025-10-19 14:53:00,M,30~39,office,seoul,1,0,0,0,3,0,0,55,0,0,completed
31554,U1557,2025-12-12 14:25:00,2025-12-12 14:32:00,F,50+,office,seoul,0,0,0,0,2,0,0,61,0,0,timeout
31555,U1558,2025-06-10 08:50:00,2025-06-10 08:55:00,F,40~49,office,seoul,0,0,0,0,11,0,0,54,0,0,completed
31556,U1559,2025-06-30 09:12:00,2025-06-30 09:18:00,M,20~29,office,seoul,0,0,0,0,3,0,0,79,0,0,completed
31557,U1560,2025-09-24 08:07:00,2025-09-24 08:10:00,F,30~39,office,seoul,0,0,0,0,24,0,0,23,0,0,abandoned
31558,U1561,2025-09-22 16:25:00,2025-09-22 16:29:00,M,40~49,office,seoul,0,0,0,0,8,0,0,32,0,0,completed
31559,U1562,2025-09-29 17:04:00,2025-09-29 17:08:00,M,40~49,office,seoul,0,0,0,0,28,0,0,61,0,0,completed
31560,U1563,2025-05-11 09:34:00,2025-05-11 09:37:00,M,50+,office,seoul,1,0,0,0,15,0,0,35,0,0,completed
31561,U1564,2025-04-06 12:50:00,2025-04-06 12:53:00,F,30~39,office,seoul,1,0,0,0,16,0,0,64,0,0,completed
31562,U1565,2025-03-01 15:07:00,2025-03-01 15:09:00,F,30~39,office,seoul,1,0,0,0,12,0,0,29,0,0,completed
31563,U1566,2025-06-15 08:09:00,2025-06-15 08:16:00,F,20~29,office,seoul,1,0,0,0,15,0,0,22,1,0,completed
31564,U1567,2025-02-13 17:26:00,2025-02-13 17:31:00,M,30~39,office,seoul,0,0,0,0,21,0,0,62,0,0,completed
31565,U1568,2025-04-01 12:07:00,2025-04-01 12:11:00,M,20~29,office,seoul,0,0,0,0,12,0,0,79,0,0,completed
31566,U1569,2025-12-09 09:28:00,2025-12-09 09:30:00,M,20~29,office,seoul,0,0,0,0,18,0,0,56,0,0,completed
31567,U1570,2025-03-07 14:13:00,2025-03-07 14:16:00,M,30~39,office,seoul,0,0,0,0,0,0,0,53,0,0,completed
31568,U1571,2025-08-14 13:39:00,2025-08-14 13:45:00,F,40~49,office,seoul,0,0,0,0,25,0,0,71,1,0,completed
31569,U1572,2025-06-19 14:06:00,2025-06-19 14:10:00,F,20~29,office,seoul,0,0,0,0,25,0,0,76,0,0,completed
31570,U1573,2025-11-11 08:03:00,2025-11-11 08:10:00,M,20~29,office,seoul,0,0,0,0,17,0,0,37,0,0,abandoned
31571,U1574,2025-02-09 08:57:00,2025-02-09 09:00:00,F,50+,office,seoul,1,0,0,0,26,0,0,18,0,0,completed
31572,U1575,2025-03-09 22:15:00,2025-03-09 22:19:00,M,40~49,office,seoul,1,0,0,0,28,0,0,34,1,0,completed
31573,U1576,2025-09-05 12:27:00,2025-09-05 12:32:00,M,40~49,office,seoul,0,0,0,0,20,0,0,52,0,0,completed
31574,U1577,2025-02-08 20:33:00,2025-02-08 20:38:00,F,50+,office,seoul,1,0,0,0,9,0,0,12,1,0,completed
31575,U1578,2025-11-25 12:52:00,2025-11-25 12:58:00,M,20~29,office,seoul,0,0,0,0,10,0,0,32,0,0,abandoned
31576,U1579,2025-10-06 15:32:00,2025-10-06 15:39:00,F,50+,office,seoul,0,0,0,0,13,0,0,28,0,0,completed
31577,U1580,2025-06-21 16:58:00,2025-06-21 17:03:00,M,30~39,office,seoul,1,0,0,0,10,0,0,43,0,0,abandoned
31578,U1581,2025-01-22 12:48:00,2025-01-22 12:52:00,F,30~39,office,seoul,0,0,0,0,18,0,0,23,0,0,completed
31579,U1582,2025-06-30 12:48:00,2025-06-30 12:54:00,F,20~29,office,seoul,0,0,0,0,15,0,0,30,0,0,completed
31580,U1583,2025-11-26 15:36:00,2025-11-26 15:39:00,F,30~39,office,seoul,0,0,0,0,22,0,0,52,0,0,completed
31581,U1584,2025-08-29 13:55:00,2025-08-29 13:58:00,F,50+,office,seoul,0,0,0,0,25,0,0,11,0,0,timeout
31582,U1585,2025-12-30 22:53:00,2025-12-30 22:57:00,M,50+,office,seoul,0,0,0,0,10,0,0,79,0,0,completed
31583,U1586,2025-03-13 17:29:00,2025-03-13 17:34:00,F,20~29,office,seoul,0,0,0,0,19,0,0,23,0,0,completed
31584,U1587,2025-08-30 09:29:00,2025-08-30 09:35:00,F,40~49,office,seoul,1,0,0,0,13,0,0,60,0,0,completed
31585,U1588,2025-05-08 15:02:00,2025-05-08 15:08:00,F,20~29,office,seoul,0,0,0,0,10,0,0,38,0,0,completed
31586,U1589,2025-10-05 08:35:00,2025-10-05 08:40:00,M,30~39,office,seoul,1,0,0,0,1,0,0,39,0,0,timeout
31587,U1590,2025-12-22 08:47:00,2025-12-22 08:52:00,M,40~49,office,seoul,0,0,0,0,7,0,0,54,0,0,completed
31588,U1591,2025-09-27 17:04:00,2025-09-27 17:11:00,F,30~39,office,seoul,1,0,0,0,6,0,0,67,0,0,completed
31589,U1592,2025-03-30 11:29:00,2025-03-30 11:32:00,M,20~29,office,seoul,1,0,0,0,13,0,0,22,0,0,completed
31590,U1593,2025-01-16 12:01:00,2025-01-16 12:06:00,F,20~29,office,seoul,0,0,0,0,7,0,0,75,1,0,completed
31591,U1594,2025-10-23 18:50:00,2025-10-23 18:52:00,F,30~39,office,seoul,0,0,0,0,27,0,0,34,0,0,error
31592,U1595,2025-10-17 18:08:00,2025-10-17 18:12:00,M,40~49,office,seoul,0,0,0,0,20,0,0,28,0,0,completed
31593,U1596,2025-03-31 15:53:00,2025-03-31 16:00:00,F,30~39,office,seoul,0,0,0,0,2,0,0,70,0,0,completed
31594,U1597,2025-02-01 11:40:00,2025-02-01 11:42:00,F,20~29,office,seoul,1,0,0,0,20,0,0,43,0,0,completed
31595,U1598,2025-03-03 21:47:00,2025-03-03 21:50:00,M,20~29,office,seoul,0,0,0,0,28,0,0,77,0,0,completed
31596,U1599,2025-04-16 19:04:00,2025-04-16 19:07:00,M,30~39,office,seoul,0,0,0,0,6,0,0,37,0,0,completed
31597,U1600,2025-12-19 08:49:00,2025-12-19 08:51:00,M,20~29,office,seoul,0,0,0,0,16,0,0,54,0,0,completed
31598,U1601,2025-04-05 13:49:00,2025-04-05 13:53:00,F,30~39,office,seoul,1,0,0,0,0,0,0,62,0,0,completed
31599,U1602,2025-07-25 08:10:00,2025-07-25 08:12:00,F,30~39,office,seoul,0,0,0,0,10,0,0,19,0,0,abandoned
31600,U1603,2025-01-03 18:15:00,2025-01-03 18:19:00,M,20~29,office,seoul,0,0,0,0,18,0,0,13,0,0,completed
31601,U1604,2025-06-06 07:48:00,2025-06-06 07:50:00,F,30~39,office,seoul,0,0,0,0,14,0,0,14,0,0,completed
31602,U1605,2025-12-08 12:30:00,2025-12-08 12:36:00,M,40~49,office,seoul,0,0,0,0,10,0,0,15,0,0,completed
31603,U1606,2025-12-10 17:15:00,2025-12-10 17:17:00,M,50+,office,seoul,0,0,0,0,7,0,0,64,0,0,completed
31604,U1607,2025-03-01 12:03:00,2025-03-01 12:07:00,M,40~49,office,seoul,1,0,0,0,26,0,0,48,0,0,completed
31605,U1608,2025-10-21 18:15:00,2025-10-21 18:19:00,F,50+,office,seoul,0,0,0,0,12,0,0,51,0,0,completed
31606,U1609,2025-04-10 13:15:00,2025-04-10 13:18:00,M,20~29,office,seoul,0,0,0,0,27,0,0,41,0,0,completed
31607,U1610,2025-02-05 11:41:00,2025-02-05 11:48:00,M,20~29,office,seoul,0,0,0,0,12,0,0,32,0,0,completed
31608,U1611,2025-05-07 09:01:00,2025-05-07 09:05:00,F,20~29,office,seoul,0,0,0,0,5,0,0,75,0,0,abandoned
31609,U1612,2025-09-03 15:37:00,2025-09-03 15:44:00,M,50+,office,seoul,0,0,0,0,29,0,0,61,0,0,completed
31610,U1613,2025-01-19 08:14:00,2025-01-19 08:16:00,M,30~39,office,seoul,1,0,0,0,28,0,0,28,0,0,completed
31611,U1614,2025-09-08 13:32:00,2025-09-08 13:38:00,F,20~29,office,seoul,0,0,0,0,18,0,0,74,0,0,completed
31612,U1615,2025-11-24 12:18:00,2025-11-24 12:21:00,M,30~39,office,seoul,0,0,0,0,8,0,0,37,0,0,completed
31613,U1616,2025-08-29 08:11:00,2025-08-29 08:16:00,F,30~39,office,seoul,0,0,0,0,10,0,0,72,0,0,completed
31614,U1617,2025-05-02 12:33:00,2025-05-02 12:38:00,F,50+,office,seoul,0,0,0,0,3,0,0,18,0,0,completed
31615,U1618,2025-05-18 11:54:00,2025-05-18 11:59:00,M,30~39,office,seoul,1,0,0,0,0,0,0,25,0,0,completed
31616,U1619,2025-12-10 15:54:00,2025-12-10 16:00:00,F,40~49,office,seoul,0,0,0,0,20,0,0,13,0,0,completed
31617,U1620,2025-03-11 08:24:00,2025-03-11 08:27:00,M,30~39,office,seoul,0,0,0,0,7,0,0,76,0,0,error
31618,U1621,2025-02-27 08:16:00,2025-02-27 08:23:00,M,20~29,office,seoul,0,0,0,0,25,0,0,31,0,0,error
31619,U1622,2025-07-03 14:45:00,2025-07-03 14:52:00,F,20~29,office,seoul,0,0,0,0,5,0,0,12,0,0,completed
31620,U1623,2025-06-17 14:35:00,2025-06-17 14:39:00,M,20~29,office,seoul,0,0,0,0,15,0,0,69,0,0,completed
31621,U1624,2025-10-30 13:07:00,2025-10-30 13:10:00,F,30~39,office,seoul,0,0,0,0,25,0,0,30,0,0,completed
31622,U1625,2025-09-07 09:07:00,2025-09-07 09:10:00,F,50+,office,seoul,1,0,0,0,29,0,0,51,0,0,completed
31623,U1626,2025-07-01 16:02:00,2025-07-01 16:04:00,F,40~49,office,seoul,0,0,0,0,2,0,0,73,0,0,completed
31624,U1627,2025-08-12 09:05:00,2025-08-12 09:10:00,F,30~39,office,seoul,0,0,0,0,16,0,0,24,0,0,completed
31625,U1628,2025-05-06 09:32:00,2025-05-06 09:37:00,F,30~39,office,seoul,0,0,0,0,7,0,0,36,0,0,completed
31626,U1629,2025-02-11 15:53:00,2025-02-11 15:56:00,F,30~39,office,seoul,0,0,0,0,17,0,0,60,0,0,completed
31627,U1630,2025-03-16 17:21:00,2025-03-16 17:27:00,M,50+,office,seoul,1,0,0,0,7,0,0,25,0,0,completed
31628,U1631,2025-03-22 08:29:00,2025-03-22 08:36:00,M,50+,office,seoul,1,0,0,0,12,0,0,12,0,0,completed
31629,U1632,2025-02-04 17:03:00,2025-02-04 17:05:00,F,20~29,office,seoul,0,0,0,0,4,0,0,41,0,0,abandoned
31630,U1633,2025-08-21 14:26:00,2025-08-21 14:33:00,F,40~49,office,seoul,0,0,0,0,23,0,0,25,0,0,completed
31631,U1634,2025-10-02 09:11:00,2025-10-02 09:13:00,M,50+,office,seoul,0,0,0,0,26,0,0,59,0,1,completed
31632,U1635,2025-04-10 15:54:00,2025-04-10 15:56:00,F,20~29,office,seoul,0,0,0,0,16,0,0,60,0,0,completed
31633,U1636,2025-03-08 11:01:00,2025-03-08 11:07:00,F,20~29,office,seoul,1,0,0,0,7,0,0,16,1,0,completed
31634,U1637,2025-09-03 15:11:00,2025-09-03 15:18:00,F,40~49,office,seoul,0,0,0,0,11,0,0,12,0,0,completed
31635,U1638,2025-06-27 17:56:00,2025-06-27 17:58:00,F,20~29,office,seoul,0,0,0,0,20,0,0,69,0,0,completed
31636,U1639,2025-08-07 08:05:00,2025-08-07 08:12:00,M,20~29,office,seoul,0,0,0,0,6,0,0,68,0,0,completed
31637,U1640,2025-01-18 11:48:00,2025-01-18 11:52:00,F,30~39,office,seoul,1,0,0,0,27,0,0,71,0,0,completed
31638,U1641,2025-11-05 16:10:00,2025-11-05 16:16:00,F,30~39,office,seoul,0,0,0,0,22,0,0,22,0,0,completed
31639,U1642,2025-09-27 15:07:00,2025-09-27 15:09:00,F,40~49,office,seoul,1,0,0,0,1,0,0,12,1,0,completed
31640,U1643,2025-06-02 12:16:00,2025-06-02 12:21:00,M,30~39,office,seoul,0,0,0,0,1,0,0,59,0,0,completed
31641,U1644,2025-06-02 19:35:00,2025-06-02 19:39:00,F,40~49,office,seoul,0,0,0,0,27,0,0,58,0,1,completed
31642,U1645,2025-04-19 17:54:00,2025-04-19 17:56:00,M,40~49,office,seoul,1,0,0,0,19,0,0,47,0,0,completed
31643,U1646,2025-07-09 19:40:00,2025-07-09 19:44:00,F,50+,office,seoul,0,0,0,0,10,0,0,67,1,0,completed
31644,U1647,2025-12-11 16:46:00,2025-12-11 16:52:00,F,30~39,office,seoul,0,0,0,0,5,0,0,35,0,0,completed
31645,U1648,2025-09-12 12:23:00,2025-09-12 12:30:00,F,50+,office,seoul,0,0,0,0,20,0,0,32,1,0,completed
31646,U1649,2025-01-26 09:15:00,2025-01-26 09:21:00,F,30~39,office,seoul,1,0,0,0,25,0,0,59,0,0,completed
31647,U1650,2025-06-16 08:10:00,2025-06-16 08:15:00,F,50+,office,seoul,0,0,0,0,3,0,0,35,0,0,completed
31648,U1651,2025-05-23 12:23:00,2025-05-23 12:30:00,F,30~39,office,seoul,0,0,0,0,29,0,0,61,0,0,completed
31649,U1652,2025-09-17 17:22:00,2025-09-17 17:24:00,M,40~49,office,seoul,0,0,0,0,6,0,0,68,0,0,completed
31650,U1653,2025-04-13 15:47:00,2025-04-13 15:51:00,F,30~39,office,seoul,1,0,0,0,25,0,0,71,0,0,completed
31651,U1654,2025-01-03 16:05:00,2025-01-03 16:11:00,M,20~29,office,seoul,0,0,0,0,27,0,0,33,0,0,completed
31652,U1655,2025-10-18 17:29:00,2025-10-18 17:32:00,M,30~39,office,seoul,1,0,0,0,0,0,0,74,0,0,completed
31653,U1656,2025-02-27 17:16:00,2025-02-27 17:18:00,F,30~39,office,seoul,0,0,0,0,21,0,0,31,0,0,completed
31654,U1657,2025-03-13 15:00:00,2025-03-13 15:04:00,F,50+,office,seoul,0,0,0,0,5,0,0,12,0,0,abandoned
31655,U1658,2025-09-26 11:41:00,2025-09-26 11:47:00,M,50+,office,seoul,0,0,0,0,7,0,0,39,0,0,completed
31656,U1659,2025-01-02 19:48:00,2025-01-02 19:54:00,F,20~29,office,seoul,0,0,0,0,16,0,0,21,0,0,completed
31657,U1660,2025-05-07 11:17:00,2025-05-07 11:20:00,F,30~39,office,seoul,0,0,0,0,3,0,0,12,0,0,completed
31658,U1661,2025-02-05 07:53:00,2025-02-05 07:58:00,M,50+,office,seoul,0,0,0,0,1,0,0,64,1,0,completed
31659,U1662,2025-01-26 12:26:00,2025-01-26 12:28:00,F,30~39,office,seoul,1,0,0,0,19,0,0,78,0,0,completed
31660,U1663,2025-05-21 16:37:00,2025-05-21 16:44:00,M,20~29,office,seoul,0,0,0,0,12,0,0,72,0,0,abandoned
31661,U1664,2025-03-27 16:36:00,2025-03-27 16:39:00,M,20~29,office,seoul,0,0,0,0,29,0,0,57,0,0,completed
31662,U1665,2025-10-09 18:23:00,2025-10-09 18:28:00,F,20~29,office,seoul,0,0,0,0,14,0,0,48,0,0,completed
31663,U1666,2025-08-07 16:10:00,2025-08-07 16:17:00,M,30~39,office,seoul,0,0,0,0,12,0,0,15,0,0,completed
31664,U1667,2025-02-13 12:58:00,2025-02-13 13:04:00,M,50+,office,seoul,0,0,0,0,20,0,0,12,0,0,completed
31665,U1668,2025-09-10 15:02:00,2025-09-10 15:06:00,F,40~49,office,seoul,0,0,0,0,15,0,0,60,0,0,completed
31666,U1669,2025-02-01 16:10:00,2025-02-01 16:14:00,M,20~29,office,seoul,1,0,0,0,6,0,0,65,0,0,completed
31667,U1670,2025-08-04 14:29:00,2025-08-04 14:32:00,F,30~39,office,seoul,0,0,0,0,12,0,0,24,0,0,completed
31668,U1671,2025-10-06 20:34:00,2025-10-06 20:40:00,F,40~49,office,seoul,0,0,0,0,21,0,0,20,0,0,completed
31669,U1672,2025-05-10 16:35:00,2025-05-10 16:39:00,F,40~49,office,seoul,1,0,0,0,9,0,0,32,0,0,completed
31670,U1673,2025-12-24 19:12:00,2025-12-24 19:14:00,M,20~29,office,seoul,0,0,0,0,24,0,0,20,0,0,completed
31671,U1674,2025-07-05 16:43:00,2025-07-05 16:49:00,F,20~29,office,seoul,1,0,0,0,14,0,0,34,0,0,completed
31672,U1675,2025-10-09 17:42:00,2025-10-09 17:47:00,F,20~29,office,seoul,0,0,0,0,19,0,0,12,0,0,completed
31673,U1676,2025-07-17 14:25:00,2025-07-17 14:28:00,F,20~29,office,seoul,0,0,0,0,15,0,0,53,0,0,completed
31674,U1677,2025-08-26 07:19:00,2025-08-26 07:25:00,F,50+,office,seoul,0,0,0,0,13,0,0,15,0,0,completed
31675,U1678,2025-12-23 09:53:00,2025-12-23 09:58:00,F,40~49,office,seoul,0,0,0,0,19,0,0,75,0,0,completed
31676,U1679,2025-10-12 15:16:00,2025-10-12 15:19:00,F,30~39,office,seoul,1,0,0,0,28,0,0,36,0,0,completed
31677,U1680,2025-11-17 20:06:00,2025-11-17 20:11:00,F,40~49,office,seoul,0,0,0,0,9,0,0,72,0,0,completed
31678,U1681,2025-02-07 11:55:00,2025-02-07 12:00:00,F,20~29,office,seoul,0,0,0,0,4,0,0,55,0,0,completed
31679,U1682,2025-11-17 08:20:00,2025-11-17 08:25:00,F,40~49,office,seoul,0,0,0,0,23,0,0,46,0,0,completed
31680,U1683,2025-05-06 18:31:00,2025-05-06 18:34:00,F,40~49,office,seoul,0,0,0,0,26,0,0,11,0,0,completed
31681,U1684,2025-12-30 08:42:00,2025-12-30 08:45:00,F,20~29,office,seoul,0,0,0,0,0,0,0,65,1,0,completed
31682,U1685,2025-08-23 17:09:00,2025-08-23 17:13:00,M,50+,office,seoul,1,0,0,0,24,0,0,62,1,0,completed
31683,U1686,2025-10-10 21:38:00,2025-10-10 21:42:00,M,30~39,office,seoul,0,0,0,0,17,0,0,13,0,0,completed
31684,U1687,2025-08-02 14:36:00,2025-08-02 14:39:00,F,40~49,office,seoul,1,0,0,0,26,0,0,59,0,0,completed
31685,U1688,2025-04-13 15:28:00,2025-04-13 15:30:00,F,30~39,office,seoul,1,0,0,0,12,0,0,10,0,0,completed
31686,U1689,2025-10-11 14:21:00,2025-10-11 14:26:00,M,50+,office,seoul,1,0,0,0,1,0,0,53,0,0,timeout
31687,U1690,2025-07-19 22:19:00,2025-07-19 22:24:00,F,30~39,office,seoul,1,0,0,0,5,0,0,74,1,0,completed
31688,U1691,2025-02-21 18:40:00,2025-02-21 18:45:00,M,30~39,office,seoul,0,0,0,0,28,0,0,67,0,0,completed
31689,U1692,2025-01-11 20:56:00,2025-01-11 20:58:00,F,50+,office,seoul,1,0,0,0,3,0,0,38,0,0,completed
31690,U1693,2025-09-19 08:20:00,2025-09-19 08:25:00,F,40~49,office,seoul,0,0,0,0,4,0,0,47,0,1,completed
31691,U1694,2025-06-16 11:23:00,2025-06-16 11:25:00,M,30~39,office,seoul,0,0,0,0,14,0,0,27,0,0,error
31692,U1695,2025-07-05 15:29:00,2025-07-05 15:35:00,F,20~29,office,seoul,1,0,0,0,29,0,0,66,0,0,completed
31693,U1696,2025-09-29 17:19:00,2025-09-29 17:21:00,M,30~39,office,seoul,0,0,0,0,11,0,0,12,0,0,completed
31694,U1697,2025-10-26 16:37:00,2025-10-26 16:39:00,F,20~29,office,seoul,1,0,0,0,5,0,0,13,0,0,completed
31695,U1698,2025-04-15 15:29:00,2025-04-15 15:33:00,M,20~29,office,seoul,0,0,0,0,28,0,0,27,0,0,completed
31696,U1699,2025-03-21 19:14:00,2025-03-21 19:16:00,F,20~29,office,seoul,0,0,0,0,10,0,0,67,0,0,completed
31697,U1700,2025-04-17 17:03:00,2025-04-17 17:09:00,M,30~39,office,seoul,0,0,0,0,11,0,0,24,0,0,completed
31698,U1701,2025-04-08 17:01:00,2025-04-08 17:08:00,M,30~39,office,seoul,0,0,0,0,2,0,0,32,0,0,completed
31699,U1702,2025-02-28 08:47:00,2025-02-28 08:53:00,F,20~29,office,seoul,0,0,0,0,2,0,0,42,0,0,completed
31700,U1703,2025-07-25 16:00:00,2025-07-25 16:04:00,M,30~39,office,seoul,0,0,0,0,1,0,0,77,0,0,completed
31701,U1704,2025-03-29 15:10:00,2025-03-29 15:17:00,F,20~29,office,seoul,1,0,0,0,9,0,0,51,0,0,completed
31702,U1705,2025-06-01 14:36:00,2025-06-01 14:38:00,M,20~29,office,seoul,1,0,0,0,21,0,0,59,0,0,abandoned
31703,U1706,2025-02-12 17:48:00,2025-02-12 17:51:00,F,50+,office,seoul,0,0,0,0,6,0,0,63,0,1,completed
31704,U1707,2025-07-26 19:38:00,2025-07-26 19:42:00,F,30~39,office,seoul,1,0,0,0,21,0,0,41,0,0,completed
31705,U1708,2025-10-21 14:41:00,2025-10-21 14:44:00,F,40~49,office,seoul,0,0,0,0,29,0,0,54,0,0,completed
31706,U1709,2025-03-11 19:40:00,2025-03-11 19:46:00,F,30~39,office,seoul,0,0,0,0,19,0,0,12,0,0,completed
31707,U1710,2025-09-09 09:13:00,2025-09-09 09:16:00,F,20~29,office,seoul,0,0,0,0,6,0,0,23,0,0,abandoned
31708,U1711,2025-07-03 14:24:00,2025-07-03 14:27:00,F,20~29,office,seoul,0,0,0,0,16,0,0,43,0,0,completed
31709,U1712,2025-04-24 12:53:00,2025-04-24 12:59:00,M,40~49,office,seoul,0,0,0,0,2,0,0,38,0,0,abandoned
31710,U1713,2025-12-18 11:06:00,2025-12-18 11:11:00,M,40~49,office,seoul,0,0,0,0,25,0,0,17,0,0,completed
31711,U1714,2025-07-23 14:56:00,2025-07-23 14:58:00,F,50+,office,seoul,0,0,0,0,4,0,0,72,0,0,completed
31712,U1715,2025-01-08 16:25:00,2025-01-08 16:29:00,F,40~49,office,seoul,0,0,0,0,18,0,0,66,0,0,completed
31713,U1716,2025-10-05 09:41:00,2025-10-05 09:44:00,F,20~29,office,seoul,1,0,0,0,4,0,0,34,0,0,completed
31714,U1717,2025-09-24 14:42:00,2025-09-24 14:46:00,F,50+,office,seoul,0,0,0,0,6,0,0,29,0,0,completed
31715,U1718,2025-10-05 09:25:00,2025-10-05 09:27:00,F,20~29,office,seoul,1,0,0,0,28,0,0,45,0,0,completed
31716,U1719,2025-08-05 16:22:00,2025-08-05 16:27:00,M,30~39,office,seoul,0,0,0,0,29,0,0,74,0,0,completed
31717,U1720,2025-06-25 22:48:00,2025-06-25 22:55:00,F,30~39,office,seoul,0,0,0,0,26,0,0,34,1,0,completed
31718,U1721,2025-05-22 19:17:00,2025-05-22 19:22:00,M,50+,office,seoul,0,0,0,0,26,0,0,76,0,0,completed
31719,U1722,2025-10-10 16:52:00,2025-10-10 16:58:00,F,30~39,office,seoul,0,0,0,0,19,0,0,74,0,0,completed
31720,U1723,2025-05-12 11:53:00,2025-05-12 11:56:00,M,20~29,office,seoul,0,0,0,0,8,0,0,11,0,0,completed
31721,U1724,2025-09-07 12:49:00,2025-09-07 12:56:00,F,30~39,office,seoul,1,0,0,0,0,0,0,68,0,0,completed
31722,U1725,2025-01-23 13:13:00,2025-01-23 13:16:00,M,30~39,office,seoul,0,0,0,0,15,0,0,17,0,0,completed
31723,U1726,2025-03-02 15:11:00,2025-03-02 15:14:00,M,30~39,office,seoul,1,0,0,0,18,0,0,58,0,0,completed
31724,U1727,2025-10-15 09:36:00,2025-10-15 09:38:00,M,20~29,office,seoul,0,0,0,0,21,0,0,48,0,0,completed
31725,U1728,2025-09-15 12:54:00,2025-09-15 13:00:00,M,20~29,office,seoul,0,0,0,0,4,0,0,73,0,0,completed
31726,U1729,2025-08-12 09:06:00,2025-08-12 09:13:00,F,30~39,office,seoul,0,0,0,0,0,0,0,40,0,0,completed
31727,U1730,2025-02-11 20:00:00,2025-02-11 20:03:00,F,50+,office,seoul,0,0,0,0,11,0,0,28,0,0,completed
31728,U1731,2025-11-05 17:42:00,2025-11-05 17:47:00,F,30~39,office,seoul,0,0,0,0,9,0,0,29,0,0,completed
31729,U1732,2025-09-21 13:59:00,2025-09-21 14:04:00,F,50+,office,seoul,1,0,0,0,27,0,0,24,0,0,completed
31730,U1733,2025-07-31 18:47:00,2025-07-31 18:53:00,F,50+,office,seoul,0,0,0,0,14,0,0,27,0,0,abandoned
31731,U1734,2025-01-22 15:08:00,2025-01-22 15:14:00,F,40~49,office,seoul,0,0,0,0,1,0,0,33,0,0,completed
31732,U1735,2025-07-03 15:17:00,2025-07-03 15:22:00,M,30~39,office,seoul,0,0,0,0,3,0,0,25,0,0,completed
31733,U1736,2025-01-10 14:42:00,2025-01-10 14:48:00,M,50+,office,seoul,0,0,0,0,9,0,0,77,0,0,completed
31734,U1737,2025-12-03 07:03:00,2025-12-03 07:06:00,M,30~39,office,seoul,0,0,0,0,24,0,0,11,0,0,completed
31735,U1738,2025-12-14 17:13:00,2025-12-14 17:16:00,F,30~39,office,seoul,1,0,0,0,18,0,0,22,0,0,completed
31736,U1739,2025-07-01 14:20:00,2025-07-01 14:27:00,M,20~29,office,seoul,0,0,0,0,11,0,0,76,0,0,completed
31737,U1740,2025-06-02 11:40:00,2025-06-02 11:42:00,F,20~29,office,seoul,0,0,0,0,15,0,0,70,0,0,abandoned
31738,U1741,2025-06-22 14:58:00,2025-06-22 15:03:00,M,40~49,office,seoul,1,0,0,0,1,0,0,71,0,0,completed
31739,U1742,2025-06-01 07:14:00,2025-06-01 07:20:00,F,20~29,office,seoul,1,0,0,0,12,0,0,25,0,0,completed
31740,U1743,2025-06-18 11:17:00,2025-06-18 11:23:00,F,40~49,office,seoul,0,0,0,0,1,0,0,54,0,0,completed
31741,U1744,2025-01-26 13:10:00,2025-01-26 13:13:00,M,30~39,office,seoul,1,0,0,0,26,0,0,19,0,0,completed
31742,U1745,2025-11-20 14:21:00,2025-11-20 14:24:00,M,40~49,office,seoul,0,0,0,0,13,0,0,24,0,0,completed
31743,U1746,2025-03-20 11:40:00,2025-03-20 11:44:00,F,40~49,office,seoul,0,0,0,0,5,0,0,71,0,0,completed
31744,U1747,2025-10-01 16:19:00,2025-10-01 16:25:00,F,50+,office,seoul,0,0,0,0,24,0,0,43,0,0,completed
31745,U1748,2025-04-18 15:20:00,2025-04-18 15:22:00,F,50+,office,seoul,0,0,0,0,0,0,0,21,1,0,completed
31746,U1749,2025-03-24 14:40:00,2025-03-24 14:42:00,M,40~49,office,seoul,0,0,0,0,13,0,0,27,0,0,completed
31747,U1750,2025-04-23 12:20:00,2025-04-23 12:25:00,F,30~39,office,seoul,0,0,0,0,12,0,0,21,0,0,completed
31748,U1751,2025-08-24 13:46:00,2025-08-24 13:52:00,M,40~49,office,seoul,1,0,0,0,27,0,0,34,0,0,completed
31749,U1752,2025-11-18 21:26:00,2025-11-18 21:33:00,M,40~49,office,seoul,0,0,0,0,15,0,0,75,0,0,completed
31750,U1753,2025-02-11 17:47:00,2025-02-11 17:51:00,F,40~49,office,seoul,0,0,0,0,2,0,0,34,0,0,completed
31751,U1754,2025-02-25 20:51:00,2025-02-25 20:54:00,F,30~39,office,seoul,0,0,0,0,24,0,0,46,0,0,completed
31752,U1755,2025-08-25 16:24:00,2025-08-25 16:30:00,F,50+,office,seoul,0,0,0,0,17,0,0,28,0,0,completed
31753,U1756,2025-08-28 15:14:00,2025-08-28 15:18:00,F,40~49,office,seoul,0,0,0,0,18,0,0,38,0,0,completed
31754,U1757,2025-02-18 17:18:00,2025-02-18 17:21:00,M,20~29,office,seoul,0,0,0,0,21,0,0,18,0,0,completed
31755,U1758,2025-11-17 09:13:00,2025-11-17 09:16:00,F,20~29,office,seoul,0,0,0,0,14,0,0,47,0,0,completed
31756,U1759,2025-09-30 12:46:00,2025-09-30 12:53:00,M,20~29,office,seoul,0,0,0,0,8,0,0,71,0,0,completed
31757,U1760,2025-01-16 11:18:00,2025-01-16 11:22:00,M,50+,office,seoul,0,0,0,0,5,0,0,12,0,0,abandoned
31758,U1761,2025-09-23 17:12:00,2025-09-23 17:16:00,M,40~49,office,seoul,0,0,0,0,4,0,0,26,0,0,completed
31759,U1762,2025-05-31 16:38:00,2025-05-31 16:40:00,F,30~39,office,seoul,1,0,0,0,11,0,0,34,0,0,completed
31760,U1763,2025-10-19 16:35:00,2025-10-19 16:37:00,F,30~39,office,seoul,1,0,0,0,5,0,0,70,0,0,completed
31761,U1764,2025-12-31 20:42:00,2025-12-31 20:48:00,F,20~29,office,seoul,0,0,0,0,20,0,0,75,0,0,completed
31762,U1765,2025-10-29 11:15:00,2025-10-29 11:17:00,F,30~39,office,seoul,0,0,0,0,4,0,0,61,0,0,completed
31763,U1766,2025-05-13 09:19:00,2025-05-13 09:22:00,M,40~49,office,seoul,0,0,0,0,7,0,0,26,0,0,completed
31764,U1767,2025-03-24 11:09:00,2025-03-24 11:15:00,F,50+,office,seoul,0,0,0,0,23,0,0,44,0,1,completed
31765,U1768,2025-08-22 15:20:00,2025-08-22 15:23:00,F,50+,office,seoul,0,0,0,0,27,0,0,16,0,1,completed
31766,U1769,2025-09-04 19:31:00,2025-09-04 19:35:00,F,20~29,office,seoul,0,0,0,0,5,0,0,52,0,0,completed
31767,U1770,2025-08-13 18:51:00,2025-08-13 18:56:00,F,20~29,office,seoul,0,0,0,0,15,0,0,73,0,0,completed
31768,U1771,2025-11-26 16:31:00,2025-11-26 16:35:00,F,20~29,office,seoul,0,0,0,0,14,0,0,40,0,0,completed
31769,U1772,2025-05-28 16:31:00,2025-05-28 16:35:00,M,30~39,office,seoul,0,0,0,0,5,0,0,74,0,0,completed
31770,U1773,2025-02-20 15:40:00,2025-02-20 15:43:00,M,20~29,office,seoul,0,0,0,0,1,0,0,34,0,0,completed
31771,U1774,2025-12-06 12:23:00,2025-12-06 12:25:00,F,50+,office,seoul,1,0,0,0,15,0,0,44,0,0,completed
31772,U1775,2025-01-08 18:35:00,2025-01-08 18:39:00,F,40~49,office,seoul,0,0,0,0,11,0,0,13,0,0,completed
31773,U1776,2025-05-21 12:05:00,2025-05-21 12:11:00,M,20~29,office,seoul,0,0,0,0,1,0,0,46,0,0,completed
31774,U1777,2025-08-15 09:56:00,2025-08-15 09:58:00,F,40~49,office,seoul,0,0,0,0,5,0,0,23,0,0,completed
31775,U1778,2025-11-02 17:47:00,2025-11-02 17:53:00,F,40~49,office,seoul,1,0,0,0,1,0,0,41,0,0,completed
31776,U1779,2025-08-12 12:16:00,2025-08-12 12:22:00,F,50+,office,seoul,0,0,0,0,25,0,0,24,0,0,completed
31777,U1780,2025-07-28 14:29:00,2025-07-28 14:33:00,F,30~39,office,seoul,0,0,0,0,6,0,0,48,0,0,completed
31778,U1781,2025-04-30 21:08:00,2025-04-30 21:11:00,F,20~29,office,seoul,0,0,0,0,5,0,0,67,0,0,completed
31779,U1782,2025-09-27 09:48:00,2025-09-27 09:55:00,F,40~49,office,seoul,1,0,0,0,7,0,0,76,0,0,completed
31780,U1783,2025-02-10 19:27:00,2025-02-10 19:32:00,F,40~49,office,seoul,0,0,0,0,12,0,0,21,0,0,completed
31781,U1784,2025-03-14 09:05:00,2025-03-14 09:08:00,F,30~39,office,seoul,0,0,0,0,22,0,0,27,0,0,abandoned
31782,U1785,2025-02-16 14:15:00,2025-02-16 14:17:00,F,50+,office,seoul,1,0,0,0,9,0,0,11,0,0,completed
31783,U1786,2025-06-15 16:16:00,2025-06-15 16:21:00,M,20~29,office,seoul,1,0,0,0,25,0,0,79,0,0,completed
31784,U1787,2025-07-31 11:11:00,2025-07-31 11:16:00,M,20~29,office,seoul,0,0,0,0,19,0,0,49,0,0,completed
31785,U1788,2025-05-29 09:47:00,2025-05-29 09:51:00,F,40~49,office,seoul,0,0,0,0,27,0,0,77,0,0,completed
31786,U1789,2025-05-14 07:41:00,2025-05-14 07:43:00,F,50+,office,seoul,0,0,0,0,6,0,0,44,0,0,completed
31787,U1790,2025-01-24 16:51:00,2025-01-24 16:53:00,F,40~49,office,seoul,0,0,0,0,11,0,0,27,0,0,completed
31788,U1791,2025-01-29 17:27:00,2025-01-29 17:29:00,F,20~29,office,seoul,0,0,0,0,4,0,0,72,0,0,completed
31789,U1792,2025-12-16 08:24:00,2025-12-16 08:30:00,M,30~39,office,seoul,0,0,0,0,18,0,0,26,0,0,completed
31790,U1793,2025-03-24 18:14:00,2025-03-24 18:21:00,M,40~49,office,seoul,0,0,0,0,1,0,0,75,0,0,completed
31791,U1794,2025-04-15 09:10:00,2025-04-15 09:15:00,F,50+,office,seoul,0,0,0,0,12,0,0,73,1,0,completed
31792,U1795,2025-05-04 13:05:00,2025-05-04 13:10:00,M,30~39,office,seoul,1,0,0,0,24,0,0,72,0,0,completed
31793,U1796,2025-04-07 15:52:00,2025-04-07 15:54:00,M,50+,office,seoul,0,0,0,0,27,0,0,63,0,0,completed
31794,U1797,2025-02-15 12:21:00,2025-02-15 12:28:00,F,30~39,office,seoul,1,0,0,0,21,0,0,78,0,0,completed
31795,U1798,2025-01-29 17:29:00,2025-01-29 17:32:00,M,20~29,office,seoul,0,0,0,0,7,0,0,30,0,0,completed
31796,U1799,2025-06-21 21:54:00,2025-06-21 21:57:00,M,40~49,office,seoul,1,0,0,0,22,0,0,48,0,0,completed
31797,U1800,2025-09-26 09:44:00,2025-09-26 09:51:00,M,20~29,office,seoul,0,0,0,0,21,0,0,49,0,0,completed
31798,U1801,2025-04-20 12:45:00,2025-04-20 12:49:00,F,30~39,office,seoul,1,0,0,0,8,0,0,21,0,0,completed
31799,U1802,2025-07-26 17:15:00,2025-07-26 17:22:00,M,30~39,office,seoul,1,0,0,0,17,0,0,13,0,0,timeout
31800,U1803,2025-05-10 16:34:00,2025-05-10 16:38:00,F,50+,office,seoul,1,0,0,0,0,0,0,73,0,0,completed
31801,U1804,2025-09-17 09:34:00,2025-09-17 09:38:00,F,30~39,office,seoul,0,0,0,0,11,0,0,55,0,0,completed
31802,U1805,2025-01-18 17:47:00,2025-01-18 17:53:00,F,20~29,office,seoul,1,0,0,0,13,0,0,17,0,0,completed
31803,U1806,2025-10-14 17:11:00,2025-10-14 17:13:00,F,20~29,office,seoul,0,0,0,0,13,0,0,43,1,0,completed
31804,U1807,2025-01-31 18:59:00,2025-01-31 19:05:00,M,30~39,office,seoul,0,0,0,0,13,0,0,50,0,0,completed
31805,U1808,2025-06-15 09:41:00,2025-06-15 09:45:00,M,40~49,office,seoul,1,0,0,0,17,0,0,53,0,1,completed
31806,U1809,2025-03-26 07:41:00,2025-03-26 07:48:00,M,20~29,office,seoul,0,0,0,0,16,0,0,77,0,0,completed
31807,U1810,2025-01-14 15:54:00,2025-01-14 15:59:00,F,30~39,office,seoul,0,0,0,0,4,0,0,46,0,0,completed
31808,U1811,2025-05-25 18:54:00,2025-05-25 18:57:00,F,40~49,office,seoul,1,0,0,0,13,0,0,24,0,0,completed
31809,U1812,2025-02-22 18:05:00,2025-02-22 18:07:00,M,20~29,office,seoul,1,0,0,0,14,0,0,37,0,0,completed
31810,U1813,2025-01-01 15:19:00,2025-01-01 15:23:00,F,20~29,office,seoul,0,0,0,0,15,0,0,42,0,0,completed
31811,U1814,2025-05-14 21:04:00,2025-05-14 21:11:00,M,20~29,office,seoul,0,0,0,0,19,0,0,10,0,0,completed
31812,U1815,2025-12-22 16:24:00,2025-12-22 16:30:00,F,30~39,office,seoul,0,0,0,0,24,0,0,16,0,0,completed
31813,U1816,2025-08-15 13:50:00,2025-08-15 13:56:00,F,40~49,office,seoul,0,0,0,0,2,0,0,44,0,0,completed
31814,U1817,2025-01-06 16:56:00,2025-01-06 16:58:00,F,20~29,office,seoul,0,0,0,0,9,0,0,11,0,0,completed
31815,U1818,2025-10-22 17:11:00,2025-10-22 17:14:00,M,30~39,office,seoul,0,0,0,0,2,0,0,32,0,0,completed
31816,U1819,2025-11-14 11:16:00,2025-11-14 11:22:00,F,20~29,office,seoul,0,0,0,0,22,0,0,29,0,0,completed
31817,U1820,2025-03-05 16:33:00,2025-03-05 16:38:00,F,30~39,office,seoul,0,0,0,0,3,0,0,66,0,0,completed
31818,U1821,2025-01-24 15:19:00,2025-01-24 15:25:00,F,30~39,office,seoul,0,0,0,0,8,0,0,63,0,0,completed
31819,U1822,2025-01-13 17:28:00,2025-01-13 17:31:00,F,20~29,office,seoul,0,0,0,0,25,0,0,43,0,0,completed
31820,U1823,2025-06-02 15:50:00,2025-06-02 15:52:00,M,30~39,office,seoul,0,0,0,0,12,0,0,55,0,0,completed
31821,U1824,2025-04-21 13:27:00,2025-04-21 13:29:00,M,20~29,office,seoul,0,0,0,0,1,0,0,64,0,0,completed
31822,U1825,2025-04-26 16:00:00,2025-04-26 16:04:00,F,30~39,office,seoul,1,0,0,0,1,0,0,17,0,0,completed
31823,U1826,2025-11-07 16:22:00,2025-11-07 16:28:00,M,50+,office,seoul,0,0,0,0,11,0,0,71,0,0,completed
31824,U1827,2025-04-11 14:50:00,2025-04-11 14:55:00,M,20~29,office,seoul,0,0,0,0,26,0,0,63,0,0,completed
31825,U1828,2025-09-10 08:35:00,2025-09-10 08:42:00,M,30~39,office,seoul,0,0,0,0,4,0,0,37,0,0,completed
31826,U1829,2025-06-28 08:57:00,2025-06-28 09:04:00,M,50+,office,seoul,1,0,0,0,28,0,0,35,1,0,completed
31827,U1830,2025-03-15 14:16:00,2025-03-15 14:21:00,M,30~39,office,seoul,1,0,0,0,27,0,0,44,0,0,error
31828,U1831,2025-04-02 13:41:00,2025-04-02 13:45:00,F,20~29,office,seoul,0,0,0,0,25,0,0,15,0,0,completed
31829,U1832,2025-06-14 15:32:00,2025-06-14 15:38:00,M,30~39,office,seoul,1,0,0,0,6,0,0,13,0,0,completed
31830,U1833,2025-08-02 11:36:00,2025-08-02 11:40:00,F,30~39,office,seoul,1,0,0,0,24,0,0,67,0,0,completed
31831,U1834,2025-10-13 16:10:00,2025-10-13 16:14:00,M,20~29,office,seoul,0,0,0,0,6,0,0,40,0,0,completed
31832,U1835,2025-02-12 17:33:00,2025-02-12 17:39:00,M,20~29,office,seoul,0,0,0,0,0,0,0,72,0,0,completed
31833,U1836,2025-10-07 11:49:00,2025-10-07 11:52:00,M,20~29,office,seoul,0,0,0,0,18,0,0,24,0,0,completed
31834,U1837,2025-05-11 15:12:00,2025-05-11 15:18:00,F,40~49,office,seoul,1,0,0,0,24,0,0,38,0,0,completed
31835,U1838,2025-12-12 16:51:00,2025-12-12 16:55:00,M,50+,office,seoul,0,0,0,0,0,0,0,43,0,0,completed
31836,U1839,2025-02-05 18:51:00,2025-02-05 18:54:00,F,50+,office,seoul,0,0,0,0,20,0,0,61,1,0,completed
31837,U1840,2025-09-27 13:38:00,2025-09-27 13:42:00,M,50+,office,seoul,1,0,0,0,15,0,0,64,0,0,completed
31838,U1841,2025-04-01 19:22:00,2025-04-01 19:26:00,M,40~49,office,seoul,0,0,0,0,19,0,0,31,0,0,completed
31839,U1842,2025-12-28 16:33:00,2025-12-28 16:36:00,F,40~49,office,seoul,1,0,0,0,1,0,0,17,0,0,completed
31840,U1843,2025-09-25 09:23:00,2025-09-25 09:29:00,F,20~29,office,seoul,0,0,0,0,3,0,0,18,0,1,completed
31841,U1844,2025-06-03 18:32:00,2025-06-03 18:35:00,F,50+,office,seoul,0,0,0,0,29,0,0,15,0,0,completed
31842,U1845,2025-06-02 11:07:00,2025-06-02 11:11:00,F,20~29,office,seoul,0,0,0,0,25,0,0,68,0,0,completed
31843,U1846,2025-12-04 11:41:00,2025-12-04 11:43:00,M,30~39,office,seoul,0,0,0,0,23,0,0,22,0,0,completed
31844,U1847,2025-06-24 14:24:00,2025-06-24 14:29:00,F,50+,office,seoul,0,0,0,0,21,0,0,16,1,0,completed
31845,U1848,2025-05-23 09:00:00,2025-05-23 09:04:00,M,20~29,office,seoul,0,0,0,0,16,0,0,30,0,0,completed
31846,U1849,2025-03-07 14:46:00,2025-03-07 14:50:00,F,50+,office,seoul,0,0,0,0,3,0,0,16,0,0,completed
31847,U1850,2025-06-30 19:48:00,2025-06-30 19:51:00,F,30~39,office,seoul,0,0,0,0,14,0,0,26,0,0,completed
31848,U1851,2025-12-06 09:40:00,2025-12-06 09:45:00,F,50+,office,seoul,1,0,0,0,22,0,0,21,0,0,completed
31849,U1852,2025-03-13 12:25:00,2025-03-13 12:31:00,M,20~29,office,seoul,0,0,0,0,25,0,0,35,0,0,completed
31850,U1853,2025-04-20 12:00:00,2025-04-20 12:05:00,F,50+,office,seoul,1,0,0,0,16,0,0,70,0,0,completed
31851,U1854,2025-08-24 12:58:00,2025-08-24 13:03:00,F,20~29,office,seoul,1,0,0,0,6,0,0,55,0,0,completed
31852,U1855,2025-07-15 12:54:00,2025-07-15 13:00:00,F,20~29,office,seoul,0,0,0,0,4,0,0,19,0,0,completed
31853,U1856,2025-12-13 08:01:00,2025-12-13 08:08:00,F,20~29,office,seoul,1,0,0,0,27,0,0,62,0,0,completed
31854,U1857,2025-10-13 12:09:00,2025-10-13 12:15:00,F,20~29,office,seoul,0,0,0,0,28,0,0,20,0,0,completed
31855,U1858,2025-02-08 13:49:00,2025-02-08 13:51:00,F,20~29,office,seoul,1,0,0,0,10,0,0,49,0,0,completed
31856,U1859,2025-01-02 17:29:00,2025-01-02 17:36:00,F,30~39,office,seoul,0,0,0,0,13,0,0,77,0,0,completed
31857,U1860,2025-02-07 18:39:00,2025-02-07 18:42:00,M,20~29,office,seoul,0,0,0,0,10,0,0,78,0,0,completed
31858,U1861,2025-04-28 19:06:00,2025-04-28 19:09:00,M,20~29,office,seoul,0,0,0,0,27,0,0,65,0,0,completed
31859,U1862,2025-02-27 09:18:00,2025-02-27 09:24:00,F,20~29,office,seoul,0,0,0,0,24,0,0,27,1,0,completed
31860,U1863,2025-08-22 12:56:00,2025-08-22 13:03:00,F,50+,office,seoul,0,0,0,0,19,0,0,49,0,0,abandoned
31861,U1864,2025-04-29 09:09:00,2025-04-29 09:16:00,F,20~29,office,seoul,0,0,0,0,4,0,0,35,0,0,completed
31862,U1865,2025-11-25 14:39:00,2025-11-25 14:43:00,F,30~39,office,seoul,0,0,0,0,3,0,0,21,0,0,completed
31863,U1866,2025-12-10 18:24:00,2025-12-10 18:26:00,F,50+,office,seoul,0,0,0,0,24,0,0,69,0,0,completed
31864,U1867,2025-07-19 12:30:00,2025-07-19 12:35:00,F,40~49,office,seoul,1,0,0,0,19,0,0,27,0,0,completed
31865,U1868,2025-07-14 13:18:00,2025-07-14 13:21:00,F,40~49,office,seoul,0,0,0,0,28,0,0,13,0,0,completed
31866,U1869,2025-04-15 15:52:00,2025-04-15 15:55:00,M,50+,office,seoul,0,0,0,0,20,0,0,21,0,0,completed
31867,U1870,2025-11-01 09:02:00,2025-11-01 09:07:00,F,50+,office,seoul,1,0,0,0,5,0,0,17,0,0,completed
31868,U1871,2025-12-30 14:32:00,2025-12-30 14:34:00,M,30~39,office,seoul,0,0,0,0,23,0,0,28,0,0,completed
31869,U1872,2025-10-25 16:30:00,2025-10-25 16:32:00,M,50+,office,seoul,1,0,0,0,8,0,0,66,0,0,completed
31870,U1873,2025-01-19 11:16:00,2025-01-19 11:22:00,F,50+,office,seoul,1,0,0,0,28,0,0,31,0,0,completed
31871,U1874,2025-07-21 19:51:00,2025-07-21 19:54:00,F,50+,office,seoul,0,0,0,0,7,0,0,43,0,0,completed
31872,U1875,2025-01-19 13:07:00,2025-01-19 13:12:00,F,30~39,office,seoul,1,0,0,0,16,0,0,17,0,0,completed
31873,U1876,2025-06-04 09:42:00,2025-06-04 09:47:00,F,30~39,office,seoul,0,0,0,0,5,0,0,36,0,0,completed
31874,U1877,2025-08-26 15:44:00,2025-08-26 15:49:00,M,30~39,office,seoul,0,0,0,0,23,0,0,22,0,0,completed
31875,U1878,2025-04-23 20:22:00,2025-04-23 20:25:00,M,20~29,office,seoul,0,0,0,0,29,0,0,41,0,1,timeout
31876,U1879,2025-03-25 15:21:00,2025-03-25 15:26:00,F,30~39,office,seoul,0,0,0,0,20,0,0,35,0,0,completed
31877,U1880,2025-11-21 09:47:00,2025-11-21 09:53:00,M,20~29,office,seoul,0,0,0,0,6,0,0,63,0,0,completed
31878,U1881,2025-06-30 12:00:00,2025-06-30 12:05:00,M,20~29,office,seoul,0,0,0,0,7,0,0,58,0,0,completed
31879,U1882,2025-12-30 15:15:00,2025-12-30 15:21:00,F,40~49,office,seoul,0,0,0,0,25,0,0,45,0,0,completed
31880,U1883,2025-01-08 07:34:00,2025-01-08 07:41:00,F,20~29,office,seoul,0,0,0,0,28,0,0,11,0,0,completed
31881,U1884,2025-06-29 08:57:00,2025-06-29 09:04:00,F,50+,office,seoul,1,0,0,0,21,0,0,27,0,0,abandoned
31882,U1885,2025-11-06 15:42:00,2025-11-06 15:44:00,F,20~29,office,seoul,0,0,0,0,13,0,0,58,1,0,completed
31883,U1886,2025-03-23 13:15:00,2025-03-23 13:19:00,F,20~29,office,seoul,1,0,0,0,0,0,0,32,0,0,completed
31884,U1887,2025-07-13 17:49:00,2025-07-13 17:54:00,F,40~49,office,seoul,1,0,0,0,14,0,0,79,0,0,completed
31885,U1888,2025-01-10 08:08:00,2025-01-10 08:15:00,F,30~39,office,seoul,0,0,0,0,26,0,0,54,0,0,completed
31886,U1889,2025-10-23 12:45:00,2025-10-23 12:52:00,M,30~39,office,seoul,0,0,0,0,27,0,0,22,0,0,completed
31887,U1890,2025-10-16 07:14:00,2025-10-16 07:18:00,F,20~29,office,seoul,0,0,0,0,24,0,0,25,0,0,completed
31888,U1891,2025-04-22 11:02:00,2025-04-22 11:04:00,F,20~29,office,seoul,0,0,0,0,9,0,0,70,0,0,completed
31889,U1892,2025-05-28 09:23:00,2025-05-28 09:30:00,F,30~39,office,seoul,0,0,0,0,19,0,0,66,0,0,completed
31890,U1893,2025-06-10 15:19:00,2025-06-10 15:25:00,M,30~39,office,seoul,0,0,0,0,12,0,0,32,1,0,timeout
31891,U1894,2025-03-24 08:54:00,2025-03-24 08:57:00,F,30~39,office,seoul,0,0,0,0,10,0,0,11,0,0,completed
31892,U1895,2025-03-23 14:41:00,2025-03-23 14:48:00,F,20~29,office,seoul,1,0,0,0,18,0,0,54,0,0,completed
31893,U1896,2025-02-06 08:20:00,2025-02-06 08:27:00,F,30~39,office,seoul,0,0,0,0,10,0,0,42,0,0,completed
31894,U1897,2025-03-04 15:35:00,2025-03-04 15:41:00,M,50+,office,seoul,0,0,0,0,6,0,0,39,0,0,abandoned
31895,U1898,2025-12-20 15:25:00,2025-12-20 15:30:00,F,50+,office,seoul,1,0,0,0,14,0,0,32,0,0,completed
31896,U1899,2025-09-01 09:22:00,2025-09-01 09:24:00,F,20~29,office,seoul,0,0,0,0,18,0,0,15,0,0,completed
31897,U1900,2025-05-11 13:40:00,2025-05-11 13:44:00,F,40~49,office,seoul,1,0,0,0,3,0,0,12,0,0,completed
31898,U1901,2025-02-11 13:27:00,2025-02-11 13:32:00,M,20~29,office,seoul,0,0,0,0,15,0,0,56,0,0,completed
31899,U1902,2025-02-17 13:21:00,2025-02-17 13:27:00,M,20~29,office,seoul,0,0,0,0,0,0,0,13,0,0,completed
31900,U1903,2025-11-01 14:24:00,2025-11-01 14:28:00,M,20~29,office,seoul,1,0,0,0,8,0,0,53,0,0,completed
31901,U1904,2025-02-19 09:24:00,2025-02-19 09:27:00,M,40~49,office,seoul,0,0,0,0,2,0,0,79,0,0,completed
31902,U1905,2025-11-25 15:48:00,2025-11-25 15:51:00,M,20~29,office,seoul,0,0,0,0,28,0,0,69,0,0,completed
31903,U1906,2025-05-05 21:30:00,2025-05-05 21:36:00,F,40~49,office,seoul,0,0,0,0,17,0,0,29,0,0,abandoned
31904,U1907,2025-11-25 14:57:00,2025-11-25 15:02:00,M,50+,office,seoul,0,0,0,0,6,0,0,33,0,0,completed
31905,U1908,2025-05-31 22:42:00,2025-05-31 22:49:00,F,20~29,office,seoul,1,0,0,0,25,0,0,79,0,0,completed
31906,U1909,2025-02-02 12:40:00,2025-02-02 12:44:00,F,40~49,office,seoul,1,0,0,0,1,0,0,60,0,0,completed
31907,U1910,2025-07-15 15:41:00,2025-07-15 15:48:00,F,20~29,office,seoul,0,0,0,0,29,0,0,31,0,0,completed
31908,U1911,2025-01-16 19:23:00,2025-01-16 19:27:00,F,30~39,office,seoul,0,0,0,0,4,0,0,34,0,0,abandoned
31909,U1912,2025-12-23 11:03:00,2025-12-23 11:10:00,F,30~39,office,seoul,0,0,0,0,15,0,0,73,0,0,completed
31910,U1913,2025-06-21 09:25:00,2025-06-21 09:28:00,M,30~39,office,seoul,1,0,0,0,11,0,0,35,0,0,completed
31911,U1914,2025-12-18 18:39:00,2025-12-18 18:45:00,F,30~39,office,seoul,0,0,0,0,22,0,0,31,0,0,abandoned
31912,U1915,2025-01-11 17:48:00,2025-01-11 17:54:00,F,20~29,office,seoul,1,0,0,0,1,0,0,52,0,0,completed
31913,U1916,2025-07-28 08:39:00,2025-07-28 08:42:00,F,50+,office,seoul,0,0,0,0,7,0,0,65,0,0,error
31914,U1917,2025-08-21 18:14:00,2025-08-21 18:18:00,M,20~29,office,seoul,0,0,0,0,5,0,0,22,0,0,completed
31915,U1918,2025-12-07 13:41:00,2025-12-07 13:43:00,F,30~39,office,seoul,1,0,0,0,4,0,0,35,0,0,completed
31916,U1919,2025-01-14 15:30:00,2025-01-14 15:34:00,M,30~39,office,seoul,0,0,0,0,29,0,0,23,0,0,completed
31917,U1920,2025-09-18 17:45:00,2025-09-18 17:51:00,M,50+,office,seoul,0,0,0,0,4,0,0,59,0,0,completed
31918,U1921,2025-04-08 16:56:00,2025-04-08 17:02:00,M,20~29,office,seoul,0,0,0,0,17,0,0,34,0,0,completed
31919,U1922,2025-09-18 12:37:00,2025-09-18 12:39:00,F,20~29,office,seoul,0,0,0,0,20,0,0,56,0,0,completed
31920,U1923,2025-06-09 18:13:00,2025-06-09 18:16:00,M,20~29,office,seoul,0,0,0,0,18,0,0,13,0,0,error
31921,U1924,2025-02-05 16:31:00,2025-02-05 16:35:00,M,20~29,office,seoul,0,0,0,0,29,0,0,59,0,0,completed
31922,U1925,2025-09-11 19:24:00,2025-09-11 19:30:00,F,30~39,office,seoul,0,0,0,0,18,0,0,32,0,0,completed
31923,U1926,2025-05-21 08:38:00,2025-05-21 08:44:00,M,50+,office,seoul,0,0,0,0,9,0,0,74,0,0,completed
31924,U1927,2025-12-19 12:07:00,2025-12-19 12:12:00,F,20~29,office,seoul,0,0,0,0,21,0,0,48,0,0,completed
31925,U1928,2025-05-05 07:10:00,2025-05-05 07:17:00,F,40~49,office,seoul,0,0,0,0,24,0,0,43,1,0,completed
31926,U1929,2025-10-17 14:28:00,2025-10-17 14:34:00,F,50+,office,seoul,0,0,0,0,5,0,0,67,0,1,abandoned
31927,U1930,2025-07-03 14:12:00,2025-07-03 14:16:00,F,50+,office,seoul,0,0,0,0,5,0,0,10,1,0,completed
31928,U1931,2025-09-01 14:13:00,2025-09-01 14:17:00,M,50+,office,seoul,0,0,0,0,8,0,0,54,1,0,completed
31929,U1932,2025-09-20 09:56:00,2025-09-20 10:00:00,M,30~39,office,seoul,1,0,0,0,25,0,0,78,0,0,completed
31930,U1933,2025-03-18 18:26:00,2025-03-18 18:33:00,F,40~49,office,seoul,0,0,0,0,27,0,0,32,0,0,abandoned
31931,U1934,2025-05-12 18:33:00,2025-05-12 18:38:00,M,50+,office,seoul,0,0,0,0,28,0,0,16,0,0,timeout
31932,U1935,2025-07-15 13:36:00,2025-07-15 13:39:00,F,40~49,office,seoul,0,0,0,0,15,0,0,73,0,0,abandoned
31933,U1936,2025-04-29 17:59:00,2025-04-29 18:05:00,F,50+,office,seoul,0,0,0,0,26,0,0,44,0,0,completed
31934,U1937,2025-08-11 12:12:00,2025-08-11 12:19:00,M,30~39,office,seoul,0,0,0,0,27,0,0,36,0,0,completed
31935,U1938,2025-09-02 08:31:00,2025-09-02 08:33:00,F,20~29,office,seoul,0,0,0,0,7,0,0,23,0,0,completed
31936,U1939,2025-07-22 08:51:00,2025-07-22 08:56:00,F,30~39,office,seoul,0,0,0,0,0,0,0,64,0,0,completed
31937,U1940,2025-12-27 14:27:00,2025-12-27 14:32:00,F,50+,office,seoul,1,0,0,0,23,0,0,31,0,0,completed
31938,U1941,2025-10-26 08:28:00,2025-10-26 08:35:00,F,20~29,office,seoul,1,0,0,0,9,0,0,17,0,0,completed
31939,U1942,2025-02-06 08:13:00,2025-02-06 08:15:00,M,30~39,office,seoul,0,0,0,0,26,0,0,28,0,0,completed
31940,U1943,2025-05-08 16:07:00,2025-05-08 16:14:00,F,30~39,office,seoul,0,0,0,0,26,0,0,20,0,0,completed
31941,U1944,2025-07-24 21:55:00,2025-07-24 22:02:00,M,30~39,office,seoul,0,0,0,0,2,0,0,77,0,0,completed
31942,U1945,2025-01-01 08:22:00,2025-01-01 08:29:00,F,20~29,office,seoul,0,0,0,0,17,0,0,60,0,0,abandoned
31943,U1946,2025-01-13 19:48:00,2025-01-13 19:50:00,F,20~29,office,seoul,0,0,0,0,29,0,0,71,0,0,completed
31944,U1947,2025-11-29 14:36:00,2025-11-29 14:39:00,F,20~29,office,seoul,1,0,0,0,14,0,0,28,0,0,completed
31945,U1948,2025-04-12 09:05:00,2025-04-12 09:08:00,F,20~29,office,seoul,1,0,0,0,10,0,0,29,0,0,completed
31946,U1949,2025-03-03 22:03:00,2025-03-03 22:08:00,F,30~39,office,seoul,0,0,0,0,5,0,0,61,0,0,completed
31947,U1950,2025-01-09 13:04:00,2025-01-09 13:08:00,F,30~39,office,seoul,0,0,0,0,6,0,0,71,0,0,completed
31948,U1951,2025-01-14 08:56:00,2025-01-14 08:58:00,F,20~29,office,seoul,0,0,0,0,17,0,0,76,0,0,completed
31949,U1952,2025-01-26 13:21:00,2025-01-26 13:28:00,F,20~29,office,seoul,1,0,0,0,3,0,0,31,0,0,completed
31950,U1953,2025-07-17 07:14:00,2025-07-17 07:18:00,M,50+,office,seoul,0,0,0,0,8,0,0,45,1,0,completed
31951,U1954,2025-10-26 19:23:00,2025-10-26 19:28:00,F,20~29,office,seoul,1,0,0,0,24,0,0,67,0,0,completed
31952,U1955,2025-04-20 17:21:00,2025-04-20 17:28:00,F,20~29,office,seoul,1,0,0,0,4,0,0,24,0,0,completed
31953,U1956,2025-07-09 12:18:00,2025-07-09 12:20:00,F,40~49,office,seoul,0,0,0,0,6,0,0,12,0,0,completed
31954,U1957,2025-01-15 12:48:00,2025-01-15 12:51:00,F,40~49,office,seoul,0,0,0,0,28,0,0,77,0,0,completed
31955,U1958,2025-12-15 07:21:00,2025-12-15 07:27:00,F,40~49,office,seoul,0,0,0,0,25,0,0,48,0,0,completed
31956,U1959,2025-11-19 12:11:00,2025-11-19 12:17:00,F,20~29,office,seoul,0,0,0,0,16,0,0,42,0,0,completed
31957,U1960,2025-11-10 12:14:00,2025-11-10 12:20:00,F,20~29,office,seoul,0,0,0,0,8,0,0,64,0,0,completed
31958,U1961,2025-04-13 08:18:00,2025-04-13 08:20:00,F,20~29,office,seoul,1,0,0,0,26,0,0,43,0,0,completed
31959,U1962,2025-10-29 08:03:00,2025-10-29 08:10:00,M,50+,office,seoul,0,0,0,0,8,0,0,79,0,0,completed
31960,U1963,2025-01-28 19:09:00,2025-01-28 19:14:00,F,50+,office,seoul,0,0,0,0,25,0,0,64,0,0,completed
31961,U1964,2025-03-07 15:31:00,2025-03-07 15:38:00,F,30~39,office,seoul,0,0,0,0,26,0,0,20,0,0,completed
31962,U1965,2025-01-06 09:42:00,2025-01-06 09:44:00,M,30~39,office,seoul,0,0,0,0,17,0,0,45,0,0,completed
31963,U1966,2025-08-16 18:10:00,2025-08-16 18:15:00,M,40~49,office,seoul,1,0,0,0,4,0,0,16,0,0,completed
31964,U1967,2025-05-25 08:21:00,2025-05-25 08:27:00,M,20~29,office,seoul,1,0,0,0,4,0,0,56,0,0,completed
31965,U1968,2025-06-23 09:57:00,2025-06-23 10:01:00,M,40~49,office,seoul,0,0,0,0,0,0,0,50,0,0,completed
31966,U1969,2025-06-08 09:49:00,2025-06-08 09:51:00,F,50+,office,seoul,1,0,0,0,24,0,0,50,0,0,completed
31967,U1970,2025-10-09 17:13:00,2025-10-09 17:17:00,F,20~29,office,seoul,0,0,0,0,9,0,0,68,0,0,completed
31968,U1971,2025-09-11 09:59:00,2025-09-11 10:06:00,M,20~29,office,seoul,0,0,0,0,21,0,0,37,0,0,completed
31969,U1972,2025-03-17 16:54:00,2025-03-17 16:56:00,F,30~39,office,seoul,0,0,0,0,7,0,0,66,0,0,completed
31970,U1973,2025-07-14 17:13:00,2025-07-14 17:19:00,M,50+,office,seoul,0,0,0,0,26,0,0,47,0,0,completed
31971,U1974,2025-07-14 17:02:00,2025-07-14 17:07:00,F,40~49,office,seoul,0,0,0,0,16,0,0,24,0,0,completed
31972,U1975,2025-05-22 12:28:00,2025-05-22 12:34:00,M,40~49,office,seoul,0,0,0,0,13,0,0,16,0,0,completed
31973,U1976,2025-02-27 15:54:00,2025-02-27 16:01:00,M,30~39,office,seoul,0,0,0,0,29,0,0,68,0,0,completed
31974,U1977,2025-07-23 07:00:00,2025-07-23 07:04:00,M,20~29,office,seoul,0,0,0,0,29,0,0,27,0,0,completed
31975,U1978,2025-04-26 08:48:00,2025-04-26 08:51:00,F,20~29,office,seoul,1,0,0,0,26,0,0,65,0,0,completed
31976,U1979,2025-05-24 14:07:00,2025-05-24 14:14:00,F,20~29,office,seoul,1,0,0,0,26,0,0,70,0,0,completed
31977,U1980,2025-12-22 20:06:00,2025-12-22 20:12:00,M,20~29,office,seoul,0,0,0,0,12,0,0,77,0,0,timeout
31978,U1981,2025-12-21 18:39:00,2025-12-21 18:46:00,M,30~39,office,seoul,1,0,0,0,0,0,0,73,0,0,completed
31979,U1982,2025-01-22 13:28:00,2025-01-22 13:30:00,M,20~29,office,seoul,0,0,0,0,22,0,0,28,0,0,completed
31980,U1983,2025-08-26 08:12:00,2025-08-26 08:17:00,F,20~29,office,seoul,0,0,0,0,13,0,0,15,0,0,completed
31981,U1984,2025-06-12 22:31:00,2025-06-12 22:38:00,M,20~29,office,seoul,0,0,0,0,4,0,0,24,0,0,completed
31982,U1985,2025-09-27 08:36:00,2025-09-27 08:39:00,M,40~49,office,seoul,1,0,0,0,12,0,0,71,0,0,completed
31983,U1986,2025-05-17 12:24:00,2025-05-17 12:31:00,M,20~29,office,seoul,1,0,0,0,19,0,0,14,0,0,completed
31984,U1987,2025-06-29 09:36:00,2025-06-29 09:38:00,M,50+,office,seoul,1,0,0,0,5,0,0,35,1,0,completed
31985,U1988,2025-04-01 07:24:00,2025-04-01 07:30:00,M,30~39,office,seoul,0,0,0,0,20,0,0,49,0,1,completed
31986,U1989,2025-09-25 16:58:00,2025-09-25 17:03:00,F,50+,office,seoul,0,0,0,0,1,0,0,53,0,1,completed
31987,U1990,2025-12-07 15:55:00,2025-12-07 16:01:00,F,50+,office,seoul,1,0,0,0,10,0,0,43,0,0,completed
31988,U1991,2025-02-06 12:36:00,2025-02-06 12:40:00,F,20~29,office,seoul,0,0,0,0,5,0,0,10,0,0,completed
31989,U1992,2025-08-31 16:11:00,2025-08-31 16:18:00,F,20~29,office,seoul,1,0,0,0,10,0,0,40,0,0,completed
31990,U1993,2025-11-19 13:40:00,2025-11-19 13:47:00,F,30~39,office,seoul,0,0,0,0,3,0,0,54,0,0,completed
31991,U1994,2025-11-16 09:06:00,2025-11-16 09:08:00,M,20~29,office,seoul,1,0,0,0,23,0,0,63,0,0,completed
31992,U1995,2025-03-01 09:53:00,2025-03-01 09:56:00,F,30~39,office,seoul,1,0,0,0,19,0,0,33,0,0,completed
31993,U1996,2025-10-14 07:44:00,2025-10-14 07:47:00,M,20~29,office,seoul,0,0,0,0,25,0,0,12,0,0,completed
31994,U1997,2025-09-29 07:18:00,2025-09-29 07:21:00,F,50+,office,seoul,0,0,0,0,13,0,0,32,0,0,completed
31995,U1998,2025-07-23 09:35:00,2025-07-23 09:37:00,M,20~29,office,seoul,0,0,0,0,14,0,0,35,0,0,completed
31996,U1999,2025-08-11 07:16:00,2025-08-11 07:22:00,F,40~49,office,seoul,0,0,0,0,1,0,0,13,0,0,completed
31997,U2000,2025-03-03 08:23:00,2025-03-03 08:28:00,F,20~29,office,seoul,0,0,0,0,25,0,0,60,0,0,completed
31998,U2001,2025-11-23 13:20:00,2025-11-23 13:24:00,F,40~49,office,seoul,1,0,0,0,2,0,0,55,0,0,completed
31999,U2002,2025-03-28 19:39:00,2025-03-28 19:43:00,M,40~49,office,seoul,0,0,0,0,15,0,0,42,0,0,completed
32000,U2003,2025-07-19 13:39:00,2025-07-19 13:41:00,M,20~29,office,seoul,1,0,0,0,26,0,0,18,0,0,completed
32001,U2004,2025-06-23 11:06:00,2025-06-23 11:11:00,M,30~39,office,seoul,0,0,0,0,20,0,0,53,0,0,completed
32002,U2005,2025-04-22 16:36:00,2025-04-22 16:40:00,F,20~29,office,seoul,0,0,0,0,10,0,0,16,0,0,completed
32003,U2006,2025-05-03 14:26:00,2025-05-03 14:29:00,F,30~39,office,seoul,1,0,0,0,24,0,0,28,0,0,abandoned
32004,U2007,2025-06-27 07:12:00,2025-06-27 07:14:00,F,20~29,office,seoul,0,0,0,0,3,0,0,67,0,0,completed
32005,U2008,2025-07-10 21:20:00,2025-07-10 21:23:00,F,20~29,office,seoul,0,0,0,0,22,0,0,76,0,0,timeout
32006,U2009,2025-08-22 17:23:00,2025-08-22 17:26:00,F,40~49,office,seoul,0,0,0,0,12,0,0,53,0,0,completed
32007,U2010,2025-06-27 07:55:00,2025-06-27 07:57:00,F,30~39,office,seoul,0,0,0,0,15,0,0,61,0,0,completed
32008,U2011,2025-04-05 09:22:00,2025-04-05 09:27:00,F,30~39,office,seoul,1,0,0,0,16,0,0,32,0,0,completed
32009,U2012,2025-03-03 13:52:00,2025-03-03 13:57:00,F,40~49,office,seoul,0,0,0,0,3,0,0,50,0,0,completed
32010,U2013,2025-01-01 15:40:00,2025-01-01 15:46:00,F,50+,office,seoul,0,0,0,0,21,0,0,61,0,0,completed
32011,U2014,2025-11-11 15:51:00,2025-11-11 15:58:00,F,20~29,office,seoul,0,0,0,0,28,0,0,65,0,0,completed
32012,U2015,2025-07-28 17:05:00,2025-07-28 17:10:00,F,50+,office,seoul,0,0,0,0,2,0,0,46,0,0,completed
32013,U2016,2025-07-21 14:15:00,2025-07-21 14:19:00,M,20~29,office,seoul,0,0,0,0,10,0,0,47,0,0,completed
32014,U2017,2025-01-19 13:34:00,2025-01-19 13:40:00,F,20~29,office,seoul,1,0,0,0,20,0,0,39,0,0,completed
32015,U2018,2025-05-27 17:40:00,2025-05-27 17:47:00,F,30~39,office,seoul,0,0,0,0,9,0,0,34,0,0,completed
32016,U2019,2025-01-19 07:13:00,2025-01-19 07:15:00,F,50+,office,seoul,1,0,0,0,15,0,0,11,0,0,completed
32017,U2020,2025-04-16 08:44:00,2025-04-16 08:47:00,M,20~29,office,seoul,0,0,0,0,0,0,0,48,0,0,completed
32018,U2021,2025-04-24 14:12:00,2025-04-24 14:14:00,F,20~29,office,seoul,0,0,0,0,23,0,0,53,0,0,completed
32019,U2022,2025-04-12 07:58:00,2025-04-12 08:03:00,F,40~49,office,seoul,1,0,0,0,11,0,0,25,0,0,completed
32020,U2023,2025-05-28 09:17:00,2025-05-28 09:24:00,F,20~29,office,seoul,0,0,0,0,6,0,0,25,0,0,completed
32021,U2024,2025-11-01 08:36:00,2025-11-01 08:41:00,M,20~29,office,seoul,1,0,0,0,18,0,0,74,0,0,completed
32022,U2025,2025-12-18 14:17:00,2025-12-18 14:23:00,F,30~39,office,seoul,0,0,0,0,0,0,0,53,0,0,completed
32023,U2026,2025-08-09 15:58:00,2025-08-09 16:00:00,F,40~49,office,seoul,1,0,0,0,13,0,0,57,0,0,timeout
32024,U2027,2025-11-06 15:20:00,2025-11-06 15:27:00,F,30~39,office,seoul,0,0,0,0,14,0,0,27,0,0,completed
32025,U2028,2025-05-04 17:35:00,2025-05-04 17:42:00,M,20~29,office,seoul,1,0,0,0,28,0,0,42,0,0,completed
32026,U2029,2025-02-03 14:06:00,2025-02-03 14:10:00,F,30~39,office,seoul,0,0,0,0,8,0,0,35,0,0,completed
32027,U2030,2025-09-29 13:57:00,2025-09-29 14:02:00,M,20~29,office,seoul,0,0,0,0,23,0,0,46,0,0,completed
32028,U2031,2025-11-28 13:45:00,2025-11-28 13:47:00,M,30~39,office,seoul,0,0,0,0,15,0,0,15,0,0,completed
32029,U2032,2025-08-24 18:25:00,2025-08-24 18:28:00,F,30~39,office,seoul,1,0,0,0,13,0,0,24,0,0,completed
32030,U2033,2025-08-05 09:33:00,2025-08-05 09:38:00,F,40~49,office,seoul,0,0,0,0,25,0,0,77,0,0,completed
32031,U2034,2025-01-31 12:20:00,2025-01-31 12:25:00,F,20~29,office,seoul,0,0,0,0,18,0,0,49,0,0,completed
32032,U2035,2025-10-11 21:55:00,2025-10-11 21:57:00,F,20~29,office,seoul,1,0,0,0,1,0,0,50,0,0,completed
32033,U2036,2025-05-31 20:15:00,2025-05-31 20:17:00,M,50+,office,seoul,1,0,0,0,23,0,0,75,0,0,completed
32034,U2037,2025-05-30 17:32:00,2025-05-30 17:34:00,F,50+,office,seoul,0,0,0,0,19,0,0,40,0,0,completed
32035,U2038,2025-05-30 16:15:00,2025-05-30 16:17:00,M,20~29,office,seoul,0,0,0,0,15,0,0,59,0,0,completed
32036,U2039,2025-06-16 15:54:00,2025-06-16 16:00:00,M,40~49,office,seoul,0,0,0,0,29,0,0,55,0,0,completed
32037,U2040,2025-07-15 08:00:00,2025-07-15 08:04:00,M,50+,office,seoul,0,0,0,0,8,0,0,34,0,0,completed
32038,U2041,2025-07-06 16:23:00,2025-07-06 16:30:00,M,30~39,office,seoul,1,0,0,0,19,0,0,39,0,0,completed
32039,U2042,2025-12-25 22:44:00,2025-12-25 22:47:00,M,40~49,office,seoul,0,0,0,0,8,0,0,46,0,0,completed
32040,U2043,2025-06-25 15:00:00,2025-06-25 15:05:00,F,20~29,office,seoul,0,0,0,0,3,0,0,28,0,0,completed
32041,U2044,2025-05-14 12:05:00,2025-05-14 12:12:00,M,20~29,office,seoul,0,0,0,0,10,0,0,15,0,0,completed
32042,U2045,2025-05-23 13:02:00,2025-05-23 13:09:00,F,40~49,office,seoul,0,0,0,0,28,0,0,72,0,0,completed
32043,U2046,2025-06-19 15:55:00,2025-06-19 16:01:00,M,30~39,office,seoul,0,0,0,0,15,0,0,12,0,0,abandoned
32044,U2047,2025-12-09 21:41:00,2025-12-09 21:47:00,F,50+,office,seoul,0,0,0,0,3,0,0,71,0,0,completed
32045,U2048,2025-04-21 16:49:00,2025-04-21 16:56:00,F,30~39,office,seoul,0,0,0,0,15,0,0,29,0,0,completed
32046,U2049,2025-04-23 09:56:00,2025-04-23 10:03:00,F,50+,office,seoul,0,0,0,0,0,0,0,34,0,0,completed
32047,U2050,2025-12-19 16:05:00,2025-12-19 16:10:00,M,30~39,office,seoul,0,0,0,0,19,0,0,60,0,0,completed
32048,U2051,2025-07-20 15:07:00,2025-07-20 15:09:00,F,20~29,office,seoul,1,0,0,0,15,0,0,35,0,0,completed
32049,U2052,2025-08-11 13:26:00,2025-08-11 13:29:00,F,20~29,office,seoul,0,0,0,0,13,0,0,36,0,0,completed
32050,U2053,2025-10-13 17:48:00,2025-10-13 17:54:00,M,20~29,office,seoul,0,0,0,0,3,0,0,42,0,0,completed
32051,U2054,2025-03-19 13:22:00,2025-03-19 13:29:00,F,50+,office,seoul,0,0,0,0,19,0,0,61,0,0,completed
32052,U2055,2025-04-02 08:07:00,2025-04-02 08:12:00,M,20~29,office,seoul,0,0,0,0,11,0,0,16,0,0,completed
32053,U2056,2025-01-25 18:47:00,2025-01-25 18:52:00,F,50+,office,seoul,1,0,0,0,29,0,0,43,0,0,completed
32054,U2057,2025-02-24 14:52:00,2025-02-24 14:55:00,F,20~29,office,seoul,0,0,0,0,13,0,0,47,0,0,completed
32055,U2058,2025-10-29 11:25:00,2025-10-29 11:29:00,M,30~39,office,seoul,0,0,0,0,14,0,0,64,0,0,completed
32056,U2059,2025-12-12 11:51:00,2025-12-12 11:54:00,M,50+,office,seoul,0,0,0,0,18,0,0,72,0,0,completed
32057,U2060,2025-10-31 11:17:00,2025-10-31 11:21:00,M,20~29,office,seoul,0,0,0,0,26,0,0,73,0,0,completed
32058,U2061,2025-11-21 08:48:00,2025-11-21 08:51:00,M,30~39,office,seoul,0,0,0,0,15,0,0,35,0,0,completed
32059,U2062,2025-06-07 11:43:00,2025-06-07 11:48:00,M,40~49,office,seoul,1,0,0,0,11,0,0,17,0,0,abandoned
32060,U2063,2025-08-19 17:24:00,2025-08-19 17:28:00,F,20~29,office,seoul,0,0,0,0,23,0,0,35,0,0,completed
32061,U2064,2025-09-18 15:36:00,2025-09-18 15:39:00,F,40~49,office,seoul,0,0,0,0,2,0,0,19,0,0,completed
32062,U2065,2025-05-07 09:44:00,2025-05-07 09:48:00,F,30~39,office,seoul,0,0,0,0,3,0,0,76,0,0,completed
32063,U2066,2025-12-12 12:49:00,2025-12-12 12:52:00,F,40~49,office,seoul,0,0,0,0,4,0,0,10,0,0,completed
32064,U2067,2025-10-26 16:56:00,2025-10-26 17:03:00,M,40~49,office,seoul,1,0,0,0,15,0,0,16,0,0,completed
32065,U2068,2025-10-10 12:22:00,2025-10-10 12:24:00,F,40~49,office,seoul,0,0,0,0,12,0,0,61,0,0,completed
32066,U2069,2025-02-03 09:57:00,2025-02-03 09:59:00,F,50+,office,seoul,0,0,0,0,6,0,0,55,0,0,completed
32067,U2070,2025-12-06 15:44:00,2025-12-06 15:48:00,F,20~29,office,seoul,1,0,0,0,13,0,0,29,0,0,completed
32068,U2071,2025-09-29 08:34:00,2025-09-29 08:38:00,F,20~29,office,seoul,0,0,0,0,15,0,0,44,0,0,completed
32069,U2072,2025-08-29 20:44:00,2025-08-29 20:51:00,F,40~49,office,seoul,0,0,0,0,10,0,0,16,0,0,completed
32070,U2073,2025-02-21 08:56:00,2025-02-21 08:58:00,F,20~29,office,seoul,0,0,0,0,2,0,0,50,0,0,completed
32071,U2074,2025-11-25 14:44:00,2025-11-25 14:50:00,M,50+,office,seoul,0,0,0,0,11,0,0,35,0,0,completed
32072,U2075,2025-08-17 13:48:00,2025-08-17 13:55:00,M,40~49,office,seoul,1,0,0,0,14,0,0,18,0,0,completed
32073,U2076,2025-01-16 14:19:00,2025-01-16 14:23:00,F,40~49,office,seoul,0,0,0,0,19,0,0,50,0,0,completed
32074,U2077,2025-08-23 18:26:00,2025-08-23 18:32:00,F,20~29,office,seoul,1,0,0,0,0,0,0,60,0,0,completed
32075,U2078,2025-02-23 08:25:00,2025-02-23 08:29:00,M,20~29,office,seoul,1,0,0,0,23,0,0,22,0,0,completed
32076,U2079,2025-12-21 17:24:00,2025-12-21 17:29:00,F,20~29,office,seoul,1,0,0,0,21,0,0,76,0,0,completed
32077,U2080,2025-07-24 14:21:00,2025-07-24 14:23:00,F,20~29,office,seoul,0,0,0,0,20,0,0,48,0,0,completed
32078,U2081,2025-04-19 21:43:00,2025-04-19 21:48:00,F,40~49,office,seoul,1,0,0,0,25,0,0,24,0,0,completed
32079,U2082,2025-11-18 09:45:00,2025-11-18 09:52:00,F,20~29,office,seoul,0,0,0,0,0,0,0,52,0,1,completed
32080,U2083,2025-12-22 12:34:00,2025-12-22 12:38:00,M,30~39,office,seoul,0,0,0,0,6,0,0,62,0,0,completed
32081,U2084,2025-06-25 15:38:00,2025-06-25 15:45:00,M,50+,office,seoul,0,0,0,0,26,0,0,29,0,0,completed
32082,U2085,2025-04-30 17:47:00,2025-04-30 17:50:00,M,20~29,office,seoul,0,0,0,0,9,0,0,60,0,0,completed
32083,U2086,2025-08-02 19:38:00,2025-08-02 19:43:00,M,40~49,office,seoul,1,0,0,0,28,0,0,45,0,0,completed
32084,U2087,2025-03-18 21:27:00,2025-03-18 21:33:00,F,20~29,office,seoul,0,0,0,0,16,0,0,11,0,0,completed
32085,U2088,2025-07-09 08:50:00,2025-07-09 08:55:00,F,30~39,office,seoul,0,0,0,0,29,0,0,23,0,0,completed
32086,U2089,2025-06-01 17:44:00,2025-06-01 17:50:00,F,20~29,office,seoul,1,0,0,0,23,0,0,30,0,0,completed
32087,U2090,2025-09-21 16:09:00,2025-09-21 16:11:00,M,40~49,office,seoul,1,0,0,0,0,0,0,53,0,0,completed
32088,U2091,2025-02-22 11:38:00,2025-02-22 11:45:00,M,40~49,office,seoul,1,0,0,0,29,0,0,44,0,0,completed
32089,U2092,2025-04-09 12:24:00,2025-04-09 12:27:00,M,50+,office,seoul,0,0,0,0,22,0,0,62,0,0,completed
32090,U2093,2025-10-20 11:22:00,2025-10-20 11:28:00,F,50+,office,seoul,0,0,0,0,20,0,0,12,0,0,completed
32091,U2094,2025-10-16 08:05:00,2025-10-16 08:12:00,F,40~49,office,seoul,0,0,0,0,10,0,0,45,0,0,completed
32092,U2095,2025-09-15 12:37:00,2025-09-15 12:40:00,F,20~29,office,seoul,0,0,0,0,17,0,0,59,0,0,completed
32093,U2096,2025-10-29 08:59:00,2025-10-29 09:04:00,M,40~49,office,seoul,0,0,0,0,28,0,0,56,0,0,completed
32094,U2097,2025-05-21 15:18:00,2025-05-21 15:24:00,F,20~29,office,seoul,0,0,0,0,12,0,0,29,0,0,completed
32095,U2098,2025-10-09 08:46:00,2025-10-09 08:50:00,M,30~39,office,seoul,0,0,0,0,17,0,0,62,0,0,abandoned
32096,U2099,2025-01-09 12:34:00,2025-01-09 12:40:00,F,20~29,office,seoul,0,0,0,0,8,0,0,65,0,0,completed
32097,U2100,2025-03-06 15:51:00,2025-03-06 15:54:00,M,20~29,office,seoul,0,0,0,0,19,0,0,21,0,0,completed
32098,U2101,2025-12-29 19:03:00,2025-12-29 19:05:00,M,20~29,office,seoul,0,0,0,0,18,0,0,70,0,0,completed
32099,U2102,2025-09-20 09:50:00,2025-09-20 09:57:00,M,40~49,office,seoul,1,0,0,0,20,0,0,21,0,0,completed
32100,U2103,2025-05-05 18:04:00,2025-05-05 18:10:00,M,20~29,office,seoul,0,0,0,0,24,0,0,31,0,0,completed
32101,U2104,2025-05-23 13:02:00,2025-05-23 13:05:00,M,20~29,office,seoul,0,0,0,0,17,0,0,64,0,0,completed
32102,U2105,2025-05-26 17:48:00,2025-05-26 17:52:00,M,30~39,office,seoul,0,0,0,0,5,0,0,13,0,0,completed
32103,U2106,2025-06-16 18:36:00,2025-06-16 18:39:00,F,30~39,office,seoul,0,0,0,0,10,0,0,25,0,0,completed
32104,U2107,2025-07-08 22:37:00,2025-07-08 22:40:00,F,30~39,office,seoul,0,0,0,0,3,0,0,72,0,0,completed
32105,U2108,2025-02-02 12:26:00,2025-02-02 12:31:00,M,20~29,office,seoul,1,0,0,0,5,0,0,47,0,0,completed
32106,U2109,2025-01-12 16:56:00,2025-01-12 16:58:00,M,50+,office,seoul,1,0,0,0,1,0,0,34,0,0,completed
32107,U2110,2025-03-08 18:43:00,2025-03-08 18:46:00,M,40~49,office,seoul,1,0,0,0,26,0,0,56,0,0,completed
32108,U2111,2025-04-11 16:52:00,2025-04-11 16:56:00,M,40~49,office,seoul,0,0,0,0,7,0,0,78,0,0,completed
32109,U2112,2025-12-14 13:41:00,2025-12-14 13:47:00,F,40~49,office,seoul,1,0,0,0,22,0,0,35,0,0,completed
32110,U2113,2025-05-12 11:37:00,2025-05-12 11:42:00,F,40~49,office,seoul,0,0,0,0,5,0,0,58,0,0,completed
32111,U2114,2025-12-12 17:49:00,2025-12-12 17:51:00,M,20~29,office,seoul,0,0,0,0,16,0,0,77,0,0,completed
32112,U2115,2025-07-28 15:45:00,2025-07-28 15:49:00,M,40~49,office,seoul,0,0,0,0,15,0,0,57,0,0,completed
32113,U2116,2025-11-14 15:51:00,2025-11-14 15:54:00,M,40~49,office,seoul,0,0,0,0,3,0,0,19,1,0,completed
32114,U2117,2025-08-24 20:44:00,2025-08-24 20:48:00,F,20~29,office,seoul,1,0,0,0,9,0,0,16,0,0,completed
32115,U2118,2025-09-28 21:58:00,2025-09-28 22:04:00,M,20~29,office,seoul,1,0,0,0,19,0,0,39,0,0,completed
32116,U2119,2025-08-11 17:48:00,2025-08-11 17:52:00,F,20~29,office,seoul,0,0,0,0,12,0,0,37,0,0,completed
32117,U2120,2025-11-08 08:36:00,2025-11-08 08:42:00,M,40~49,office,seoul,1,0,0,0,8,0,0,56,0,0,completed
32118,U2121,2025-12-02 14:07:00,2025-12-02 14:09:00,F,20~29,office,seoul,0,0,0,0,8,0,0,75,0,0,completed
32119,U2122,2025-07-10 19:06:00,2025-07-10 19:08:00,F,20~29,office,seoul,0,0,0,0,13,0,0,30,0,0,completed
32120,U2123,2025-11-11 09:50:00,2025-11-11 09:56:00,F,40~49,office,seoul,0,0,0,0,9,0,0,36,0,0,completed
32121,U2124,2025-08-03 13:53:00,2025-08-03 13:56:00,M,50+,office,seoul,1,0,0,0,15,0,0,53,0,0,completed
32122,U2125,2025-03-02 12:38:00,2025-03-02 12:43:00,M,20~29,office,seoul,1,0,0,0,10,0,0,34,0,0,completed
32123,U2126,2025-03-04 07:09:00,2025-03-04 07:16:00,F,30~39,office,seoul,0,0,0,0,22,0,0,45,0,0,completed
32124,U2127,2025-01-25 19:00:00,2025-01-25 19:05:00,F,30~39,office,seoul,1,0,0,0,16,0,0,24,0,0,completed
32125,U2128,2025-04-10 07:25:00,2025-04-10 07:31:00,M,50+,office,seoul,0,0,0,0,17,0,0,31,1,0,completed
32126,U2129,2025-12-16 09:11:00,2025-12-16 09:14:00,F,20~29,office,seoul,0,0,0,0,28,0,0,27,0,0,completed
32127,U2130,2025-05-21 12:36:00,2025-05-21 12:38:00,F,30~39,office,seoul,0,0,0,0,16,0,0,63,0,0,completed
32128,U2131,2025-05-31 11:32:00,2025-05-31 11:35:00,M,40~49,office,seoul,1,0,0,0,2,0,0,28,0,0,completed
32129,U2132,2025-04-04 15:54:00,2025-04-04 16:01:00,F,30~39,office,seoul,0,0,0,0,21,0,0,35,0,0,completed
32130,U2133,2025-05-20 07:12:00,2025-05-20 07:16:00,M,30~39,office,seoul,0,0,0,0,11,0,0,52,0,0,completed
32131,U2134,2025-05-18 07:05:00,2025-05-18 07:12:00,M,50+,office,seoul,1,0,0,0,22,0,0,23,0,0,completed
32132,U2135,2025-06-17 11:34:00,2025-06-17 11:39:00,F,40~49,office,seoul,0,0,0,0,11,0,0,74,0,0,completed
32133,U2136,2025-10-09 19:13:00,2025-10-09 19:15:00,F,30~39,office,seoul,0,0,0,0,29,0,0,58,0,0,completed
32134,U2137,2025-12-09 18:28:00,2025-12-09 18:31:00,M,40~49,office,seoul,0,0,0,0,6,0,0,10,0,0,completed
32135,U2138,2025-09-24 17:42:00,2025-09-24 17:44:00,F,20~29,office,seoul,0,0,0,0,7,0,0,19,0,0,abandoned
32136,U2139,2025-05-06 09:05:00,2025-05-06 09:08:00,F,30~39,office,seoul,0,0,0,0,22,0,0,39,0,0,completed
32137,U2140,2025-03-14 09:30:00,2025-03-14 09:33:00,F,20~29,office,seoul,0,0,0,0,19,0,0,44,0,0,completed
32138,U2141,2025-05-13 08:33:00,2025-05-13 08:38:00,M,40~49,office,seoul,0,0,0,0,5,0,0,23,0,0,abandoned
32139,U2142,2025-10-08 11:51:00,2025-10-08 11:58:00,M,30~39,office,seoul,0,0,0,0,26,0,0,52,0,0,completed
32140,U2143,2025-03-01 09:51:00,2025-03-01 09:58:00,M,40~49,office,seoul,1,0,0,0,1,0,0,26,0,0,completed
32141,U2144,2025-07-11 16:50:00,2025-07-11 16:56:00,F,20~29,office,seoul,0,0,0,0,29,0,0,38,0,0,completed
32142,U2145,2025-06-05 16:00:00,2025-06-05 16:05:00,M,30~39,office,seoul,0,0,0,0,14,0,0,12,0,0,completed
32143,U2146,2025-01-12 12:39:00,2025-01-12 12:46:00,F,30~39,office,seoul,1,0,0,0,15,0,0,53,0,0,completed
32144,U2147,2025-09-01 18:17:00,2025-09-01 18:23:00,M,20~29,office,seoul,0,0,0,0,6,0,0,26,0,0,completed
32145,U2148,2025-05-08 08:12:00,2025-05-08 08:15:00,F,20~29,office,seoul,0,0,0,0,23,0,0,66,0,0,completed
32146,U2149,2025-12-15 09:04:00,2025-12-15 09:07:00,F,20~29,office,seoul,0,0,0,0,25,0,0,19,0,0,completed
32147,U2150,2025-01-18 21:17:00,2025-01-18 21:21:00,F,40~49,office,seoul,1,0,0,0,14,0,0,71,0,0,completed
32148,U2151,2025-02-09 13:48:00,2025-02-09 13:53:00,F,50+,office,seoul,1,0,0,0,27,0,0,57,0,0,completed
32149,U2152,2025-12-17 09:18:00,2025-12-17 09:20:00,F,20~29,office,seoul,0,0,0,0,17,0,0,33,0,0,completed
32150,U2153,2025-04-13 07:16:00,2025-04-13 07:19:00,F,20~29,office,seoul,1,0,0,0,27,0,0,12,0,0,abandoned
32151,U2154,2025-12-08 12:05:00,2025-12-08 12:09:00,M,20~29,office,seoul,0,0,0,0,11,0,0,76,0,0,completed
32152,U2155,2025-05-23 16:39:00,2025-05-23 16:45:00,M,50+,office,seoul,0,0,0,0,8,0,0,45,0,0,completed
32153,U2156,2025-03-12 07:44:00,2025-03-12 07:47:00,F,20~29,office,seoul,0,0,0,0,22,0,0,35,0,0,completed
32154,U2157,2025-12-11 18:07:00,2025-12-11 18:13:00,F,30~39,office,seoul,0,0,0,0,7,0,0,78,0,0,completed
32155,U2158,2025-02-08 17:05:00,2025-02-08 17:11:00,M,30~39,office,seoul,1,0,0,0,14,0,0,26,0,0,completed
32156,U2159,2025-07-17 15:48:00,2025-07-17 15:54:00,F,50+,office,seoul,0,0,0,0,16,0,0,40,0,0,completed
32157,U2160,2025-02-10 17:15:00,2025-02-10 17:20:00,F,40~49,office,seoul,0,0,0,0,22,0,0,27,0,0,error
32158,U2161,2025-07-15 12:21:00,2025-07-15 12:24:00,M,20~29,office,seoul,0,0,0,0,18,0,0,39,0,0,completed
32159,U2162,2025-05-08 07:35:00,2025-05-08 07:38:00,M,40~49,office,seoul,0,0,0,0,20,0,0,58,0,0,completed
32160,U2163,2025-03-27 13:44:00,2025-03-27 13:50:00,F,20~29,office,seoul,0,0,0,0,28,0,0,79,0,0,completed
32161,U2164,2025-09-05 11:24:00,2025-09-05 11:27:00,F,30~39,office,seoul,0,0,0,0,22,0,0,71,0,0,completed
32162,U2165,2025-11-27 08:42:00,2025-11-27 08:44:00,F,30~39,office,seoul,0,0,0,0,17,0,0,65,0,0,completed
32163,U2166,2025-08-06 11:51:00,2025-08-06 11:55:00,F,20~29,office,seoul,0,0,0,0,5,0,0,74,0,0,completed
32164,U2167,2025-03-27 16:15:00,2025-03-27 16:18:00,F,40~49,office,seoul,0,0,0,0,23,0,0,53,0,0,completed
32165,U2168,2025-12-27 22:34:00,2025-12-27 22:41:00,F,20~29,office,seoul,1,0,0,0,29,0,0,10,0,0,completed
32166,U2169,2025-01-14 09:38:00,2025-01-14 09:42:00,M,30~39,office,seoul,0,0,0,0,14,0,0,41,0,0,error
32167,U2170,2025-02-13 11:44:00,2025-02-13 11:48:00,F,20~29,office,seoul,0,0,0,0,13,0,0,40,0,0,completed
32168,U2171,2025-02-28 18:54:00,2025-02-28 18:57:00,M,20~29,office,seoul,0,0,0,0,20,0,0,62,0,0,completed
32169,U2172,2025-09-23 09:54:00,2025-09-23 09:57:00,F,30~39,office,seoul,0,0,0,0,11,0,0,47,0,0,completed
32170,U2173,2025-09-18 12:27:00,2025-09-18 12:34:00,M,20~29,office,seoul,0,0,0,0,6,0,0,35,0,0,error
32171,U2174,2025-04-11 14:05:00,2025-04-11 14:11:00,F,50+,office,seoul,0,0,0,0,23,0,0,40,0,0,completed
32172,U2175,2025-02-26 09:21:00,2025-02-26 09:27:00,F,20~29,office,seoul,0,0,0,0,27,0,0,69,0,0,completed
32173,U2176,2025-12-19 14:41:00,2025-12-19 14:43:00,F,40~49,office,seoul,0,0,0,0,7,0,0,47,0,0,completed
32174,U2177,2025-07-27 15:44:00,2025-07-27 15:51:00,F,50+,office,seoul,1,0,0,0,3,0,0,48,0,0,completed
32175,U2178,2025-08-21 16:32:00,2025-08-21 16:38:00,M,40~49,office,seoul,0,0,0,0,10,0,0,63,0,0,completed
32176,U2179,2025-04-23 07:28:00,2025-04-23 07:32:00,M,20~29,office,seoul,0,0,0,0,17,0,0,55,0,0,completed
32177,U2180,2025-05-16 16:43:00,2025-05-16 16:50:00,F,30~39,office,seoul,0,0,0,0,4,0,0,79,0,0,completed
32178,U2181,2025-02-24 12:15:00,2025-02-24 12:20:00,F,20~29,office,seoul,0,0,0,0,15,0,0,27,0,0,completed
32179,U2182,2025-03-07 13:24:00,2025-03-07 13:31:00,F,50+,office,seoul,0,0,0,0,2,0,0,30,1,0,completed
32180,U2183,2025-08-08 12:03:00,2025-08-08 12:09:00,M,50+,office,seoul,0,0,0,0,18,0,0,77,0,0,completed
32181,U2184,2025-10-17 13:31:00,2025-10-17 13:36:00,M,30~39,office,seoul,0,0,0,0,9,0,0,73,0,0,completed
32182,U2185,2025-06-22 14:55:00,2025-06-22 15:00:00,F,30~39,office,seoul,1,0,0,0,21,0,0,52,0,0,error
32183,U2186,2025-12-30 19:17:00,2025-12-30 19:22:00,F,40~49,office,seoul,0,0,0,0,10,0,0,74,0,0,completed
32184,U2187,2025-09-07 09:15:00,2025-09-07 09:21:00,F,20~29,office,seoul,1,0,0,0,10,0,0,13,0,0,timeout
32185,U2188,2025-01-07 08:27:00,2025-01-07 08:29:00,M,20~29,office,seoul,0,0,0,0,5,0,0,21,0,0,completed
32186,U2189,2025-05-24 07:58:00,2025-05-24 08:03:00,F,40~49,office,seoul,1,0,0,0,14,0,0,18,0,0,completed
32187,U2190,2025-01-12 13:44:00,2025-01-12 13:47:00,F,30~39,office,seoul,1,0,0,0,0,0,0,54,0,0,completed
32188,U2191,2025-11-07 18:12:00,2025-11-07 18:15:00,M,20~29,office,seoul,0,0,0,0,10,0,0,40,0,0,completed
32189,U2192,2025-10-04 11:14:00,2025-10-04 11:20:00,F,40~49,office,seoul,1,0,0,0,7,0,0,25,0,0,completed
32190,U2193,2025-11-06 14:14:00,2025-11-06 14:17:00,F,20~29,office,seoul,0,0,0,0,5,0,0,10,0,0,abandoned
32191,U2194,2025-10-18 16:12:00,2025-10-18 16:15:00,M,40~49,office,seoul,1,0,0,0,20,0,0,59,0,0,completed
32192,U2195,2025-05-12 17:02:00,2025-05-12 17:05:00,M,50+,office,seoul,0,0,0,0,0,0,0,43,1,0,completed
32193,U2196,2025-01-27 08:05:00,2025-01-27 08:11:00,M,50+,office,seoul,0,0,0,0,4,0,0,72,0,0,completed
32194,U2197,2025-04-20 12:23:00,2025-04-20 12:27:00,F,20~29,office,seoul,1,0,0,0,1,0,0,40,0,0,abandoned
32195,U2198,2025-11-19 20:55:00,2025-11-19 20:59:00,M,30~39,office,seoul,0,0,0,0,23,0,0,45,0,0,completed
32196,U2199,2025-09-03 11:58:00,2025-09-03 12:04:00,M,20~29,office,seoul,0,0,0,0,18,0,0,22,0,0,completed
32197,U2200,2025-06-20 09:56:00,2025-06-20 09:59:00,F,40~49,office,seoul,0,0,0,0,26,0,0,17,0,0,completed
32198,U2201,2025-11-25 15:19:00,2025-11-25 15:22:00,M,50+,office,seoul,0,0,0,0,24,0,0,13,0,0,completed
32199,U2202,2025-06-17 16:50:00,2025-06-17 16:52:00,F,40~49,office,seoul,0,0,0,0,20,0,0,18,0,0,completed
32200,U2203,2025-06-04 11:15:00,2025-06-04 11:22:00,M,30~39,office,seoul,0,0,0,0,21,0,0,24,0,0,completed
32201,U2204,2025-07-05 12:36:00,2025-07-05 12:39:00,F,40~49,office,seoul,1,0,0,0,27,0,0,75,0,0,completed
32202,U2205,2025-06-28 11:59:00,2025-06-28 12:05:00,F,20~29,office,seoul,1,0,0,0,2,0,0,62,0,0,completed
32203,U2206,2025-08-14 20:21:00,2025-08-14 20:26:00,F,30~39,office,seoul,0,0,0,0,25,0,0,51,0,0,completed
32204,U2207,2025-11-22 09:16:00,2025-11-22 09:18:00,F,20~29,office,seoul,1,0,0,0,1,0,0,30,0,0,timeout
32205,U2208,2025-03-02 14:14:00,2025-03-02 14:19:00,F,30~39,office,seoul,1,0,0,0,25,0,0,24,0,0,completed
32206,U2209,2025-07-27 13:20:00,2025-07-27 13:24:00,M,30~39,office,seoul,1,0,0,0,12,0,0,37,0,0,completed
32207,U2210,2025-07-03 13:24:00,2025-07-03 13:31:00,M,30~39,office,seoul,0,0,0,0,29,0,0,26,0,0,completed
32208,U2211,2025-04-19 09:07:00,2025-04-19 09:14:00,M,40~49,office,seoul,1,0,0,0,19,0,0,31,0,0,completed
32209,U2212,2025-12-09 11:29:00,2025-12-09 11:35:00,F,20~29,office,seoul,0,0,0,0,9,0,0,53,0,0,completed
32210,U2213,2025-10-22 08:45:00,2025-10-22 08:49:00,M,20~29,office,seoul,0,0,0,0,2,0,0,49,0,0,completed
32211,U2214,2025-01-28 12:45:00,2025-01-28 12:49:00,M,20~29,office,seoul,0,0,0,0,17,0,0,41,0,0,completed
32212,U2215,2025-06-15 09:33:00,2025-06-15 09:38:00,M,20~29,office,seoul,1,0,0,0,15,0,0,26,0,0,completed
32213,U2216,2025-04-13 16:23:00,2025-04-13 16:28:00,F,50+,office,seoul,1,0,0,0,7,0,0,12,0,0,completed
32214,U2217,2025-06-17 14:50:00,2025-06-17 14:53:00,F,40~49,office,seoul,0,0,0,0,0,0,0,32,0,0,error
32215,U2218,2025-08-04 12:07:00,2025-08-04 12:11:00,F,20~29,office,seoul,0,0,0,0,25,0,0,66,0,0,completed
32216,U2219,2025-08-06 15:59:00,2025-08-06 16:04:00,F,40~49,office,seoul,0,0,0,0,0,0,0,79,0,0,completed
32217,U2220,2025-10-11 08:42:00,2025-10-11 08:44:00,F,20~29,office,seoul,1,0,0,0,8,0,0,26,0,0,completed
32218,U2221,2025-02-12 18:32:00,2025-02-12 18:35:00,M,30~39,office,seoul,0,0,0,0,4,0,0,19,0,0,completed
32219,U2222,2025-09-14 09:23:00,2025-09-14 09:30:00,F,40~49,office,seoul,1,0,0,0,17,0,0,26,0,0,completed
32220,U2223,2025-02-07 14:55:00,2025-02-07 14:58:00,F,50+,office,seoul,0,0,0,0,29,0,0,78,0,0,completed
32221,U2224,2025-12-29 13:28:00,2025-12-29 13:30:00,F,50+,office,seoul,0,0,0,0,13,0,0,78,0,0,completed
32222,U2225,2025-09-20 07:34:00,2025-09-20 07:37:00,M,40~49,office,seoul,1,0,0,0,5,0,0,35,0,0,completed
32223,U2226,2025-08-26 14:15:00,2025-08-26 14:18:00,F,30~39,office,seoul,0,0,0,0,1,0,0,57,0,0,completed
32224,U2227,2025-09-30 11:10:00,2025-09-30 11:14:00,F,40~49,office,seoul,0,0,0,0,16,0,0,44,0,0,abandoned
32225,U2228,2025-01-08 16:03:00,2025-01-08 16:05:00,F,20~29,office,seoul,0,0,0,0,0,0,0,68,0,0,completed
32226,U2229,2025-08-18 18:36:00,2025-08-18 18:38:00,F,20~29,office,seoul,0,0,0,0,21,0,0,21,0,0,abandoned
32227,U2230,2025-06-12 11:27:00,2025-06-12 11:31:00,F,20~29,office,seoul,0,0,0,0,4,0,0,18,0,0,completed
32228,U2231,2025-07-25 16:19:00,2025-07-25 16:26:00,F,50+,office,seoul,0,0,0,0,6,0,0,73,0,0,completed
32229,U2232,2025-11-02 14:43:00,2025-11-02 14:47:00,F,30~39,office,seoul,1,0,0,0,19,0,0,54,0,0,completed
32230,U2233,2025-10-05 13:13:00,2025-10-05 13:15:00,M,30~39,office,seoul,1,0,0,0,11,0,0,14,0,0,completed
32231,U2234,2025-11-04 08:22:00,2025-11-04 08:25:00,F,30~39,office,seoul,0,0,0,0,8,0,0,42,0,0,completed
32232,U2235,2025-01-03 12:21:00,2025-01-03 12:23:00,M,20~29,office,seoul,0,0,0,0,21,0,0,45,0,0,completed
32233,U2236,2025-10-27 20:11:00,2025-10-27 20:14:00,M,50+,office,seoul,0,0,0,0,6,0,0,62,1,0,completed
32234,U2237,2025-09-07 13:21:00,2025-09-07 13:27:00,F,50+,office,seoul,1,0,0,0,1,0,0,25,0,0,completed
32235,U2238,2025-07-30 08:56:00,2025-07-30 08:58:00,F,50+,office,seoul,0,0,0,0,26,0,0,53,0,0,completed
32236,U2239,2025-03-04 13:39:00,2025-03-04 13:43:00,F,50+,office,seoul,0,0,0,0,17,0,0,20,0,0,completed
32237,U2240,2025-09-05 07:18:00,2025-09-05 07:20:00,M,40~49,office,seoul,0,0,0,0,25,0,0,53,1,0,completed
32238,U2241,2025-08-18 09:46:00,2025-08-18 09:48:00,M,40~49,office,seoul,0,0,0,0,29,0,0,68,1,0,error
32239,U2242,2025-11-20 17:57:00,2025-11-20 18:02:00,M,20~29,office,seoul,0,0,0,0,13,0,0,69,0,0,completed
32240,U2243,2025-08-10 15:35:00,2025-08-10 15:38:00,F,20~29,office,seoul,1,0,0,0,13,0,0,57,0,0,completed
32241,U2244,2025-01-13 09:36:00,2025-01-13 09:38:00,F,50+,office,seoul,0,0,0,0,29,0,0,67,0,0,completed
32242,U2245,2025-02-20 17:08:00,2025-02-20 17:13:00,F,20~29,office,seoul,0,0,0,0,7,0,0,46,0,0,completed
32243,U2246,2025-04-09 13:14:00,2025-04-09 13:18:00,F,20~29,office,seoul,0,0,0,0,29,0,0,13,0,0,completed
32244,U2247,2025-08-04 09:52:00,2025-08-04 09:57:00,F,20~29,office,seoul,0,0,0,0,12,0,0,60,0,0,completed
32245,U2248,2025-04-10 16:50:00,2025-04-10 16:57:00,F,50+,office,seoul,0,0,0,0,0,0,0,26,0,0,completed
32246,U2249,2025-03-08 16:57:00,2025-03-08 17:01:00,F,20~29,office,seoul,1,0,0,0,20,0,0,66,0,0,completed
32247,U2250,2025-08-17 09:46:00,2025-08-17 09:50:00,M,20~29,office,seoul,1,0,0,0,16,0,0,68,0,0,completed
32248,U2251,2025-03-06 15:52:00,2025-03-06 15:57:00,F,30~39,office,seoul,0,0,0,0,28,0,0,12,0,0,completed
32249,U2252,2025-12-21 15:54:00,2025-12-21 15:56:00,M,40~49,office,seoul,1,0,0,0,9,0,0,10,0,0,abandoned
32250,U2253,2025-03-31 11:44:00,2025-03-31 11:50:00,M,20~29,office,seoul,0,0,0,0,17,0,0,77,0,0,abandoned
32251,U2254,2025-01-17 13:48:00,2025-01-17 13:51:00,F,40~49,office,seoul,0,0,0,0,16,0,0,71,0,0,abandoned
32252,U2255,2025-01-09 13:04:00,2025-01-09 13:10:00,M,40~49,office,seoul,0,0,0,0,19,0,0,31,0,0,completed
32253,U2256,2025-10-01 09:55:00,2025-10-01 10:02:00,M,50+,office,seoul,0,0,0,0,18,0,0,65,0,0,completed
32254,U2257,2025-02-12 20:38:00,2025-02-12 20:41:00,F,30~39,office,seoul,0,0,0,0,17,0,0,19,0,0,completed
32255,U2258,2025-12-23 12:36:00,2025-12-23 12:38:00,M,20~29,office,seoul,0,0,0,0,7,0,0,38,0,0,completed
32256,U2259,2025-10-22 17:22:00,2025-10-22 17:26:00,M,20~29,office,seoul,0,0,0,0,25,0,0,69,0,0,completed
32257,U2260,2025-08-07 17:33:00,2025-08-07 17:37:00,F,30~39,office,seoul,0,0,0,0,20,0,0,64,0,0,completed
32258,U2261,2025-02-04 17:16:00,2025-02-04 17:20:00,F,40~49,office,seoul,0,0,0,0,16,0,0,20,0,0,completed
32259,U2262,2025-12-27 13:03:00,2025-12-27 13:06:00,M,20~29,office,seoul,1,0,0,0,14,0,0,36,0,0,abandoned
32260,U2263,2025-08-14 13:51:00,2025-08-14 13:53:00,M,30~39,office,seoul,0,0,0,0,7,0,0,16,0,0,completed
32261,U2264,2025-09-12 15:49:00,2025-09-12 15:52:00,M,20~29,office,seoul,0,0,0,0,8,0,0,37,0,0,completed
32262,U2265,2025-09-01 15:54:00,2025-09-01 15:59:00,M,20~29,office,seoul,0,0,0,0,6,0,0,53,0,0,completed
32263,U2266,2025-07-01 14:13:00,2025-07-01 14:19:00,F,30~39,office,seoul,0,0,0,0,26,0,0,49,0,0,completed
32264,U2267,2025-10-17 15:39:00,2025-10-17 15:45:00,M,30~39,office,seoul,0,0,0,0,27,0,0,71,0,0,completed
32265,U2268,2025-12-18 09:40:00,2025-12-18 09:47:00,M,20~29,office,seoul,0,0,0,0,21,0,0,74,1,0,completed
32266,U2269,2025-03-24 15:30:00,2025-03-24 15:33:00,M,20~29,office,seoul,0,0,0,0,28,0,0,46,0,0,completed
32267,U2270,2025-10-24 18:38:00,2025-10-24 18:42:00,M,40~49,office,seoul,0,0,0,0,6,0,0,54,0,0,error
32268,U2271,2025-03-16 15:18:00,2025-03-16 15:23:00,F,50+,office,seoul,1,0,0,0,5,0,0,27,0,0,completed
32269,U2272,2025-04-10 18:17:00,2025-04-10 18:20:00,F,30~39,office,seoul,0,0,0,0,16,0,0,45,0,0,completed
32270,U2273,2025-01-05 13:10:00,2025-01-05 13:14:00,F,40~49,office,seoul,1,0,0,0,22,0,0,22,0,0,completed
32271,U2274,2025-04-17 09:23:00,2025-04-17 09:29:00,M,50+,office,seoul,0,0,0,0,21,0,0,10,0,0,completed
32272,U2275,2025-04-12 08:54:00,2025-04-12 08:58:00,F,40~49,office,seoul,1,0,0,0,2,0,0,13,0,0,completed
32273,U2276,2025-06-22 12:30:00,2025-06-22 12:33:00,F,30~39,office,seoul,1,0,0,0,10,0,0,16,0,0,completed
32274,U2277,2025-03-10 08:53:00,2025-03-10 08:56:00,M,30~39,office,seoul,0,0,0,0,22,0,0,27,0,0,abandoned
32275,U2278,2025-10-28 20:10:00,2025-10-28 20:13:00,M,50+,office,seoul,0,0,0,0,19,0,0,22,0,0,timeout
32276,U2279,2025-05-29 13:17:00,2025-05-29 13:21:00,M,40~49,office,seoul,0,0,0,0,19,0,0,28,0,0,completed
32277,U2280,2025-05-31 17:13:00,2025-05-31 17:15:00,M,30~39,office,seoul,1,0,0,0,11,0,0,68,0,0,timeout
32278,U2281,2025-01-11 17:12:00,2025-01-11 17:15:00,F,40~49,office,seoul,1,0,0,0,13,0,0,50,0,0,completed
32279,U2282,2025-09-24 08:57:00,2025-09-24 09:03:00,F,30~39,office,seoul,0,0,0,0,2,0,0,25,0,0,completed
32280,U2283,2025-08-01 16:48:00,2025-08-01 16:54:00,F,20~29,office,seoul,0,0,0,0,16,0,0,78,0,0,abandoned
32281,U2284,2025-07-02 18:07:00,2025-07-02 18:10:00,F,20~29,office,seoul,0,0,0,0,24,0,0,47,1,0,completed
32282,U2285,2025-04-07 16:49:00,2025-04-07 16:51:00,M,50+,office,seoul,0,0,0,0,24,0,0,49,0,1,completed
32283,U2286,2025-10-25 14:19:00,2025-10-25 14:22:00,F,50+,office,seoul,1,0,0,0,4,0,0,66,0,0,completed
32284,U2287,2025-05-10 09:26:00,2025-05-10 09:32:00,F,20~29,office,seoul,1,0,0,0,2,0,0,15,0,0,completed
32285,U2288,2025-07-21 13:33:00,2025-07-21 13:36:00,F,50+,office,seoul,0,0,0,0,14,0,0,65,0,0,completed
32286,U2289,2025-02-13 12:25:00,2025-02-13 12:28:00,F,20~29,office,seoul,0,0,0,0,4,0,0,15,0,0,error
32287,U2290,2025-03-25 11:42:00,2025-03-25 11:46:00,M,30~39,office,seoul,0,0,0,0,4,0,0,15,0,0,completed
32288,U2291,2025-09-13 09:11:00,2025-09-13 09:14:00,F,20~29,office,seoul,1,0,0,0,14,0,0,38,0,0,completed
32289,U2292,2025-08-11 19:07:00,2025-08-11 19:10:00,F,30~39,office,seoul,0,0,0,0,20,0,0,26,0,0,completed
32290,U2293,2025-03-01 17:24:00,2025-03-01 17:31:00,F,20~29,office,seoul,1,0,0,0,13,0,0,77,0,0,completed
32291,U2294,2025-10-16 18:06:00,2025-10-16 18:11:00,M,40~49,office,seoul,0,0,0,0,17,0,0,27,0,0,completed
32292,U2295,2025-02-28 13:02:00,2025-02-28 13:08:00,F,40~49,office,seoul,0,0,0,0,12,0,0,77,0,1,completed
32293,U2296,2025-07-18 14:14:00,2025-07-18 14:21:00,M,20~29,office,seoul,0,0,0,0,3,0,0,31,0,0,completed
32294,U2297,2025-11-20 15:32:00,2025-11-20 15:37:00,M,30~39,office,seoul,0,0,0,0,29,0,0,23,0,0,completed
32295,U2298,2025-06-15 20:01:00,2025-06-15 20:03:00,M,50+,office,seoul,1,0,0,0,12,0,0,63,0,0,abandoned
32296,U2299,2025-09-19 08:17:00,2025-09-19 08:20:00,F,50+,office,seoul,0,0,0,0,16,0,0,10,0,0,abandoned
32297,U2300,2025-09-27 12:47:00,2025-09-27 12:53:00,F,50+,office,seoul,1,0,0,0,18,0,0,23,1,0,completed
32298,U2301,2025-04-20 07:23:00,2025-04-20 07:25:00,M,20~29,office,seoul,1,0,0,0,0,0,0,18,0,0,completed
32299,U2302,2025-12-28 14:23:00,2025-12-28 14:25:00,F,20~29,office,seoul,1,0,0,0,28,0,0,32,0,0,completed
32300,U2303,2025-09-04 14:42:00,2025-09-04 14:45:00,M,20~29,office,seoul,0,0,0,0,14,0,0,32,0,0,completed
32301,U2304,2025-02-06 09:32:00,2025-02-06 09:37:00,M,30~39,office,seoul,0,0,0,0,8,0,0,33,0,0,completed
32302,U2305,2025-03-19 13:46:00,2025-03-19 13:51:00,F,40~49,office,seoul,0,0,0,0,20,0,0,11,0,0,completed
32303,U2306,2025-07-19 08:17:00,2025-07-19 08:21:00,M,20~29,office,seoul,1,0,0,0,26,0,0,46,0,0,completed
32304,U2307,2025-01-21 14:50:00,2025-01-21 14:54:00,M,20~29,office,seoul,0,0,0,0,12,0,0,22,0,0,completed
32305,U2308,2025-07-05 13:46:00,2025-07-05 13:51:00,M,50+,office,seoul,1,0,0,0,21,0,0,56,0,0,completed
32306,U2309,2025-10-12 13:32:00,2025-10-12 13:35:00,M,20~29,office,seoul,1,0,0,0,5,0,0,63,0,0,completed
32307,U2310,2025-10-27 17:00:00,2025-10-27 17:03:00,F,20~29,office,seoul,0,0,0,0,25,0,0,60,0,0,completed
32308,U2311,2025-07-14 12:05:00,2025-07-14 12:07:00,M,30~39,office,seoul,0,0,0,0,23,0,0,33,0,1,completed
32309,U2312,2025-08-21 07:20:00,2025-08-21 07:23:00,F,40~49,office,seoul,0,0,0,0,25,0,0,21,0,0,timeout
32310,U2313,2025-11-09 20:03:00,2025-11-09 20:07:00,F,20~29,office,seoul,1,0,0,0,21,0,0,79,0,0,completed
32311,U2314,2025-10-21 12:38:00,2025-10-21 12:43:00,M,40~49,office,seoul,0,0,0,0,1,0,0,26,0,0,abandoned
32312,U2315,2025-07-05 13:49:00,2025-07-05 13:55:00,F,20~29,office,seoul,1,0,0,0,3,0,0,38,0,0,completed
32313,U2316,2025-11-29 07:34:00,2025-11-29 07:38:00,F,30~39,office,seoul,1,0,0,0,5,0,0,38,0,0,completed
32314,U2317,2025-09-16 14:28:00,2025-09-16 14:34:00,M,30~39,office,seoul,0,0,0,0,19,0,0,17,0,0,completed
32315,U2318,2025-02-18 08:26:00,2025-02-18 08:29:00,F,30~39,office,seoul,0,0,0,0,16,0,0,64,0,0,completed
32316,U2319,2025-11-13 08:43:00,2025-11-13 08:49:00,F,40~49,office,seoul,0,0,0,0,7,0,0,34,0,0,completed
32317,U2320,2025-04-03 17:00:00,2025-04-03 17:06:00,F,40~49,office,seoul,0,0,0,0,20,0,0,79,0,0,completed
32318,U2321,2025-11-05 15:16:00,2025-11-05 15:21:00,F,40~49,office,seoul,0,0,0,0,10,0,0,57,0,0,completed
32319,U2322,2025-01-01 08:15:00,2025-01-01 08:19:00,M,40~49,office,seoul,0,0,0,0,14,0,0,32,1,0,completed
32320,U2323,2025-08-16 09:34:00,2025-08-16 09:41:00,F,20~29,office,seoul,1,0,0,0,28,0,0,25,0,0,completed
32321,U2324,2025-06-12 17:52:00,2025-06-12 17:55:00,F,30~39,office,seoul,0,0,0,0,5,0,0,63,0,0,completed
32322,U2325,2025-07-20 12:19:00,2025-07-20 12:26:00,M,40~49,office,seoul,1,0,0,0,26,0,0,67,0,0,completed
32323,U2326,2025-07-05 12:55:00,2025-07-05 13:00:00,F,30~39,office,seoul,1,0,0,0,14,0,0,37,0,0,completed
32324,U2327,2025-07-04 13:49:00,2025-07-04 13:55:00,M,30~39,office,seoul,0,0,0,0,19,0,0,52,0,0,completed
32325,U2328,2025-07-12 19:34:00,2025-07-12 19:40:00,F,20~29,office,seoul,1,0,0,0,23,0,0,49,0,0,completed
32326,U2329,2025-11-30 17:21:00,2025-11-30 17:23:00,F,30~39,office,seoul,1,0,0,0,18,0,0,74,0,0,completed
32327,U2330,2025-05-03 07:06:00,2025-05-03 07:09:00,M,30~39,office,seoul,1,0,0,0,8,0,0,17,0,0,completed
32328,U2331,2025-12-20 15:51:00,2025-12-20 15:56:00,M,50+,office,seoul,1,0,0,0,1,0,0,59,0,0,completed
32329,U2332,2025-09-11 08:48:00,2025-09-11 08:55:00,F,30~39,office,seoul,0,0,0,0,20,0,0,77,0,0,completed
32330,U2333,2025-01-24 17:30:00,2025-01-24 17:37:00,M,20~29,office,seoul,0,0,0,0,3,0,0,44,0,0,completed
32331,U2334,2025-01-02 09:37:00,2025-01-02 09:39:00,M,30~39,office,seoul,0,0,0,0,11,0,0,12,0,0,completed
32332,U2335,2025-02-06 09:17:00,2025-02-06 09:20:00,F,20~29,office,seoul,0,0,0,0,29,0,0,59,0,0,completed
32333,U2336,2025-09-12 08:25:00,2025-09-12 08:28:00,M,20~29,office,seoul,0,0,0,0,21,0,0,19,0,0,completed
32334,U2337,2025-12-18 19:23:00,2025-12-18 19:28:00,F,40~49,office,seoul,0,0,0,0,23,0,0,21,1,0,completed
32335,U2338,2025-03-28 17:17:00,2025-03-28 17:21:00,F,50+,office,seoul,0,0,0,0,19,0,0,46,0,0,completed
32336,U2339,2025-04-16 15:18:00,2025-04-16 15:23:00,F,50+,office,seoul,0,0,0,0,29,0,0,72,0,0,completed
32337,U2340,2025-12-12 14:51:00,2025-12-12 14:56:00,F,20~29,office,seoul,0,0,0,0,16,0,0,18,0,0,abandoned
32338,U2341,2025-02-20 15:20:00,2025-02-20 15:27:00,M,20~29,office,seoul,0,0,0,0,26,0,0,59,0,0,completed
32339,U2342,2025-06-14 12:49:00,2025-06-14 12:52:00,F,20~29,office,seoul,1,0,0,0,15,0,0,60,0,0,completed
32340,U2343,2025-12-11 09:15:00,2025-12-11 09:20:00,F,40~49,office,seoul,0,0,0,0,2,0,0,49,0,0,abandoned
32341,U2344,2025-09-22 15:19:00,2025-09-22 15:26:00,M,30~39,office,seoul,0,0,0,0,28,0,0,75,0,0,completed
32342,U2345,2025-09-28 13:06:00,2025-09-28 13:10:00,F,20~29,office,seoul,1,0,0,0,4,0,0,49,0,0,completed
32343,U2346,2025-12-23 07:49:00,2025-12-23 07:53:00,F,40~49,office,seoul,0,0,0,0,26,0,0,52,1,0,completed
32344,U2347,2025-04-06 09:18:00,2025-04-06 09:25:00,M,40~49,office,seoul,1,0,0,0,7,0,0,22,0,0,completed
32345,U2348,2025-03-03 18:34:00,2025-03-03 18:39:00,F,40~49,office,seoul,0,0,0,0,4,0,0,21,0,0,completed
32346,U2349,2025-03-11 15:13:00,2025-03-11 15:15:00,M,30~39,office,seoul,0,0,0,0,0,0,0,58,0,0,completed
32347,U2350,2025-07-06 09:33:00,2025-07-06 09:38:00,F,30~39,office,seoul,1,0,0,0,7,0,0,15,0,0,completed
32348,U2351,2025-08-15 18:37:00,2025-08-15 18:41:00,F,20~29,office,seoul,0,0,0,0,8,0,0,27,0,0,completed
32349,U2352,2025-05-04 15:04:00,2025-05-04 15:06:00,M,40~49,office,seoul,1,0,0,0,18,0,0,44,0,0,completed
32350,U2353,2025-01-25 17:03:00,2025-01-25 17:10:00,M,30~39,office,seoul,1,0,0,0,8,0,0,20,0,0,completed
32351,U2354,2025-04-25 07:06:00,2025-04-25 07:10:00,F,20~29,office,seoul,0,0,0,0,21,0,0,17,0,0,completed
32352,U2355,2025-04-27 14:18:00,2025-04-27 14:20:00,M,40~49,office,seoul,1,0,0,0,4,0,0,35,0,0,completed
32353,U2356,2025-01-29 19:56:00,2025-01-29 19:58:00,F,40~49,office,seoul,0,0,0,0,17,0,0,17,0,0,completed
32354,U2357,2025-05-27 19:23:00,2025-05-27 19:27:00,F,50+,office,seoul,0,0,0,0,14,0,0,33,0,0,completed
32355,U2358,2025-09-28 12:20:00,2025-09-28 12:25:00,F,30~39,office,seoul,1,0,0,0,16,0,0,51,0,0,completed
32356,U2359,2025-03-23 15:22:00,2025-03-23 15:26:00,F,50+,office,seoul,1,0,0,0,1,0,0,71,0,0,completed
32357,U2360,2025-12-06 16:13:00,2025-12-06 16:16:00,M,30~39,office,seoul,1,0,0,0,6,0,0,67,0,0,completed
32358,U2361,2025-09-18 16:44:00,2025-09-18 16:46:00,M,30~39,office,seoul,0,0,0,0,9,0,0,55,0,0,abandoned
32359,U2362,2025-05-25 16:32:00,2025-05-25 16:37:00,M,20~29,office,seoul,1,0,0,0,5,0,0,77,0,0,completed
32360,U2363,2025-01-22 12:30:00,2025-01-22 12:32:00,F,30~39,office,seoul,0,0,0,0,11,0,0,16,0,0,completed
32361,U2364,2025-08-13 19:16:00,2025-08-13 19:20:00,F,20~29,office,seoul,0,0,0,0,20,0,0,12,0,0,completed
32362,U2365,2025-04-30 16:12:00,2025-04-30 16:14:00,F,20~29,office,seoul,0,0,0,0,16,0,0,12,0,0,completed
32363,U2366,2025-03-18 15:35:00,2025-03-18 15:40:00,F,20~29,office,seoul,0,0,0,0,29,0,0,60,0,0,completed
32364,U2367,2025-11-01 07:58:00,2025-11-01 08:04:00,M,50+,office,seoul,1,0,0,0,13,0,0,57,0,0,completed
32365,U2368,2025-10-07 16:59:00,2025-10-07 17:06:00,M,30~39,office,seoul,0,0,0,0,20,0,0,55,0,0,completed
32366,U2369,2025-02-16 07:29:00,2025-02-16 07:31:00,F,40~49,office,seoul,1,0,0,0,0,0,0,41,0,0,completed
32367,U2370,2025-04-28 08:41:00,2025-04-28 08:45:00,M,40~49,office,seoul,0,0,0,0,10,0,0,21,0,0,completed
32368,U2371,2025-04-12 17:43:00,2025-04-12 17:46:00,F,30~39,office,seoul,1,0,0,0,4,0,0,72,0,0,completed
32369,U2372,2025-09-03 12:31:00,2025-09-03 12:38:00,F,30~39,office,seoul,0,0,0,0,12,0,0,45,0,0,completed
32370,U2373,2025-12-11 21:25:00,2025-12-11 21:29:00,M,40~49,office,seoul,0,0,0,0,11,0,0,36,0,0,completed
32371,U2374,2025-01-27 18:16:00,2025-01-27 18:23:00,M,20~29,office,seoul,0,0,0,0,25,0,0,61,0,0,completed
32372,U2375,2025-02-08 20:02:00,2025-02-08 20:07:00,F,20~29,office,seoul,1,0,0,0,22,0,0,47,0,0,completed
32373,U2376,2025-04-27 17:54:00,2025-04-27 17:56:00,F,30~39,office,seoul,1,0,0,0,21,0,0,23,0,0,completed
32374,U2377,2025-07-17 18:18:00,2025-07-17 18:20:00,M,30~39,office,seoul,0,0,0,0,7,0,0,46,0,0,completed
32375,U2378,2025-03-04 11:13:00,2025-03-04 11:16:00,F,50+,office,seoul,0,0,0,0,8,0,0,10,0,0,completed
32376,U2379,2025-11-02 20:31:00,2025-11-02 20:33:00,M,40~49,office,seoul,1,0,0,0,3,0,0,77,0,0,completed
32377,U2380,2025-02-23 13:03:00,2025-02-23 13:06:00,M,30~39,office,seoul,1,0,0,0,2,0,0,45,0,0,completed
32378,U2381,2025-07-08 08:01:00,2025-07-08 08:05:00,M,20~29,office,seoul,0,0,0,0,27,0,0,27,1,0,completed
32379,U2382,2025-11-19 07:03:00,2025-11-19 07:07:00,F,20~29,office,seoul,0,0,0,0,18,0,0,31,0,0,completed
32380,U2383,2025-01-20 09:31:00,2025-01-20 09:38:00,M,20~29,office,seoul,0,0,0,0,13,0,0,50,0,0,completed
32381,U2384,2025-10-07 08:50:00,2025-10-07 08:55:00,M,40~49,office,seoul,0,0,0,0,16,0,0,50,0,0,completed
32382,U2385,2025-10-29 18:37:00,2025-10-29 18:40:00,F,20~29,office,seoul,0,0,0,0,25,0,0,21,0,0,completed
32383,U2386,2025-01-04 09:30:00,2025-01-04 09:32:00,M,50+,office,seoul,1,0,0,0,18,0,0,69,0,0,completed
32384,U2387,2025-05-21 13:40:00,2025-05-21 13:46:00,M,30~39,office,seoul,0,0,0,0,26,0,0,39,0,0,completed
32385,U2388,2025-07-24 15:25:00,2025-07-24 15:30:00,F,50+,office,seoul,0,0,0,0,15,0,0,52,0,0,completed
32386,U2389,2025-09-14 12:45:00,2025-09-14 12:47:00,M,30~39,office,seoul,1,0,0,0,8,0,0,78,0,0,completed
32387,U2390,2025-01-10 15:46:00,2025-01-10 15:53:00,M,20~29,office,seoul,0,0,0,0,4,0,0,20,0,0,completed
32388,U2391,2025-02-15 16:34:00,2025-02-15 16:40:00,M,30~39,office,seoul,1,0,0,0,21,0,0,45,0,0,completed
32389,U2392,2025-08-23 18:24:00,2025-08-23 18:27:00,M,50+,office,seoul,1,0,0,0,21,0,0,12,0,0,completed
32390,U2393,2025-12-01 11:59:00,2025-12-01 12:03:00,M,40~49,office,seoul,0,0,0,0,2,0,0,45,0,0,completed
32391,U2394,2025-04-20 21:21:00,2025-04-20 21:26:00,F,20~29,office,seoul,1,0,0,0,14,0,0,26,0,0,timeout
32392,U2395,2025-01-29 09:36:00,2025-01-29 09:40:00,F,50+,office,seoul,0,0,0,0,6,0,0,59,0,0,completed
32393,U2396,2025-12-10 15:11:00,2025-12-10 15:18:00,M,20~29,office,seoul,0,0,0,0,2,0,0,29,0,0,completed
32394,U2397,2025-01-29 20:16:00,2025-01-29 20:18:00,M,40~49,office,seoul,0,0,0,0,12,0,0,65,0,0,completed
32395,U2398,2025-06-13 09:31:00,2025-06-13 09:37:00,M,20~29,office,seoul,0,0,0,0,15,0,0,10,0,0,completed
32396,U2399,2025-04-15 16:16:00,2025-04-15 16:23:00,M,30~39,office,seoul,0,0,0,0,7,0,0,54,0,0,timeout
32397,U2400,2025-08-06 16:46:00,2025-08-06 16:52:00,M,30~39,office,seoul,0,0,0,0,27,0,0,28,0,0,completed
32398,U2401,2025-01-11 17:27:00,2025-01-11 17:29:00,F,30~39,office,seoul,1,0,0,0,3,0,0,77,0,0,error
32399,U2402,2025-06-05 15:55:00,2025-06-05 16:02:00,F,20~29,office,seoul,0,0,0,0,11,0,0,10,0,0,completed
32400,U2403,2025-10-28 07:12:00,2025-10-28 07:16:00,F,30~39,office,seoul,0,0,0,0,1,0,0,26,0,0,completed
32401,U2404,2025-12-23 19:46:00,2025-12-23 19:52:00,F,30~39,office,seoul,0,0,0,0,22,0,0,32,0,0,completed
32402,U2405,2025-01-02 12:09:00,2025-01-02 12:12:00,M,20~29,office,seoul,0,0,0,0,0,0,0,40,0,0,completed
32403,U2406,2025-01-11 16:50:00,2025-01-11 16:52:00,M,40~49,office,seoul,1,0,0,0,28,0,0,30,0,0,completed
32404,U2407,2025-01-06 17:28:00,2025-01-06 17:32:00,F,20~29,office,seoul,0,0,0,0,11,0,0,57,1,0,completed
32405,U2408,2025-05-03 14:06:00,2025-05-03 14:11:00,F,20~29,office,seoul,1,0,0,0,11,0,0,57,0,0,completed
32406,U2409,2025-04-02 15:32:00,2025-04-02 15:34:00,M,20~29,office,seoul,0,0,0,0,12,0,0,49,0,0,completed
32407,U2410,2025-11-24 09:07:00,2025-11-24 09:14:00,M,30~39,office,seoul,0,0,0,0,3,0,0,20,0,0,completed
32408,U2411,2025-05-14 16:47:00,2025-05-14 16:53:00,M,50+,office,seoul,0,0,0,0,12,0,0,72,0,0,completed
32409,U2412,2025-03-24 18:45:00,2025-03-24 18:49:00,F,40~49,office,seoul,0,0,0,0,26,0,0,20,1,0,completed
32410,U2413,2025-04-05 18:51:00,2025-04-05 18:55:00,M,20~29,office,seoul,1,0,0,0,22,0,0,29,0,0,completed
32411,U2414,2025-06-17 07:54:00,2025-06-17 07:56:00,M,20~29,office,seoul,0,0,0,0,4,0,0,61,0,0,completed
32412,U2415,2025-02-11 11:15:00,2025-02-11 11:19:00,M,20~29,office,seoul,0,0,0,0,11,0,0,59,0,0,completed
32413,U2416,2025-08-13 12:41:00,2025-08-13 12:46:00,F,20~29,office,seoul,0,0,0,0,8,0,0,22,0,0,completed
32414,U2417,2025-07-19 11:24:00,2025-07-19 11:27:00,F,20~29,office,seoul,1,0,0,0,20,0,0,60,0,0,completed
32415,U2418,2025-10-16 18:22:00,2025-10-16 18:24:00,M,20~29,office,seoul,0,0,0,0,26,0,0,73,0,0,completed
32416,U2419,2025-10-09 15:03:00,2025-10-09 15:08:00,M,20~29,office,seoul,0,0,0,0,24,0,0,38,0,0,completed
32417,U2420,2025-08-29 12:39:00,2025-08-29 12:45:00,M,20~29,office,seoul,0,0,0,0,11,0,0,40,0,0,completed
32418,U2421,2025-10-02 08:32:00,2025-10-02 08:39:00,M,30~39,office,seoul,0,0,0,0,6,0,0,75,0,0,completed
32419,U2422,2025-02-18 19:35:00,2025-02-18 19:42:00,M,40~49,office,seoul,0,0,0,0,5,0,0,37,0,0,completed
32420,U2423,2025-03-15 15:20:00,2025-03-15 15:23:00,F,50+,office,seoul,1,0,0,0,6,0,0,62,0,1,completed
32421,U2424,2025-11-18 20:24:00,2025-11-18 20:29:00,F,50+,office,seoul,0,0,0,0,3,0,0,44,0,0,completed
32422,U2425,2025-06-24 12:00:00,2025-06-24 12:07:00,F,40~49,office,seoul,0,0,0,0,5,0,0,74,0,0,completed
32423,U2426,2025-09-25 22:09:00,2025-09-25 22:16:00,F,30~39,office,seoul,0,0,0,0,13,0,0,68,0,0,completed
32424,U2427,2025-06-24 15:04:00,2025-06-24 15:06:00,F,20~29,office,seoul,0,0,0,0,10,0,0,63,0,0,completed
32425,U2428,2025-09-16 07:39:00,2025-09-16 07:41:00,M,20~29,office,seoul,0,0,0,0,3,0,0,31,0,0,completed
32426,U2429,2025-04-18 16:18:00,2025-04-18 16:21:00,F,30~39,office,seoul,0,0,0,0,14,0,0,79,0,0,completed
32427,U2430,2025-12-20 12:18:00,2025-12-20 12:25:00,F,30~39,office,seoul,1,0,0,0,10,0,0,60,0,0,completed
32428,U2431,2025-02-08 07:52:00,2025-02-08 07:58:00,F,40~49,office,seoul,1,0,0,0,19,0,0,38,0,0,completed
32429,U2432,2025-12-07 16:53:00,2025-12-07 16:56:00,M,20~29,office,seoul,1,0,0,0,27,0,0,71,0,0,completed
32430,U2433,2025-04-02 09:19:00,2025-04-02 09:24:00,F,50+,office,seoul,0,0,0,0,14,0,0,29,0,0,completed
32431,U2434,2025-01-25 13:47:00,2025-01-25 13:54:00,M,30~39,office,seoul,1,0,0,0,23,0,0,71,0,0,completed
32432,U2435,2025-08-04 08:11:00,2025-08-04 08:15:00,M,40~49,office,seoul,0,0,0,0,1,0,0,30,0,0,completed
32433,U2436,2025-10-22 11:29:00,2025-10-22 11:33:00,F,30~39,office,seoul,0,0,0,0,7,0,0,35,0,0,completed
32434,U2437,2025-07-18 15:51:00,2025-07-18 15:57:00,F,20~29,office,seoul,0,0,0,0,15,0,0,17,0,0,completed
32435,U2438,2025-05-01 20:04:00,2025-05-01 20:07:00,F,20~29,office,seoul,0,0,0,0,6,0,0,45,0,0,completed
32436,U2439,2025-03-18 11:19:00,2025-03-18 11:23:00,F,20~29,office,seoul,0,0,0,0,15,0,0,79,0,0,completed
32437,U2440,2025-07-19 13:08:00,2025-07-19 13:15:00,F,20~29,office,seoul,1,0,0,0,10,0,0,44,0,0,completed
32438,U2441,2025-02-07 17:55:00,2025-02-07 17:59:00,M,20~29,office,seoul,0,0,0,0,2,0,0,43,0,0,completed
32439,U2442,2025-08-18 07:47:00,2025-08-18 07:52:00,F,20~29,office,seoul,0,0,0,0,27,0,0,15,0,0,completed
32440,U2443,2025-10-19 16:42:00,2025-10-19 16:44:00,F,20~29,office,seoul,1,0,0,0,11,0,0,69,0,0,completed
32441,U2444,2025-08-22 13:07:00,2025-08-22 13:12:00,F,20~29,office,seoul,0,0,0,0,28,0,0,41,0,0,completed
32442,U2445,2025-01-16 17:15:00,2025-01-16 17:21:00,F,30~39,office,seoul,0,0,0,0,27,0,0,24,0,0,completed
32443,U2446,2025-04-22 14:14:00,2025-04-22 14:17:00,F,20~29,office,seoul,0,0,0,0,1,0,0,20,0,0,completed
32444,U2447,2025-01-05 19:46:00,2025-01-05 19:53:00,F,50+,office,seoul,1,0,0,0,16,0,0,51,0,0,completed
32445,U2448,2025-07-18 07:51:00,2025-07-18 07:53:00,M,40~49,office,seoul,0,0,0,0,12,0,0,48,0,0,completed
32446,U2449,2025-07-13 15:13:00,2025-07-13 15:18:00,M,20~29,office,seoul,1,0,0,0,3,0,0,74,0,0,completed
32447,U2450,2025-06-09 13:40:00,2025-06-09 13:47:00,F,40~49,office,seoul,0,0,0,0,16,0,0,28,0,0,completed
32448,U2451,2025-05-08 17:23:00,2025-05-08 17:29:00,F,20~29,office,seoul,0,0,0,0,7,0,0,16,0,0,completed
32449,U2452,2025-10-25 13:22:00,2025-10-25 13:27:00,M,30~39,office,seoul,1,0,0,0,26,0,0,43,0,0,completed
32450,U2453,2025-06-18 07:42:00,2025-06-18 07:47:00,M,20~29,office,seoul,0,0,0,0,28,0,0,47,0,0,timeout
32451,U2454,2025-07-11 07:34:00,2025-07-11 07:36:00,F,20~29,office,seoul,0,0,0,0,10,0,0,29,0,0,completed
32452,U2455,2025-06-22 19:04:00,2025-06-22 19:07:00,F,30~39,office,seoul,1,0,0,0,4,0,0,14,0,0,completed
32453,U2456,2025-07-01 09:52:00,2025-07-01 09:54:00,M,30~39,office,seoul,0,0,0,0,15,0,0,14,0,0,completed
32454,U2457,2025-08-25 16:54:00,2025-08-25 16:58:00,M,30~39,office,seoul,0,0,0,0,5,0,0,14,0,0,completed
32455,U2458,2025-07-11 13:46:00,2025-07-11 13:53:00,F,30~39,office,seoul,0,0,0,0,3,0,0,13,0,0,completed
32456,U2459,2025-03-14 12:13:00,2025-03-14 12:17:00,M,20~29,office,seoul,0,0,0,0,29,0,0,77,0,0,completed
32457,U2460,2025-07-30 15:01:00,2025-07-30 15:06:00,M,40~49,office,seoul,0,0,0,0,5,0,0,31,0,0,completed
32458,U2461,2025-10-15 16:28:00,2025-10-15 16:32:00,F,30~39,office,seoul,0,0,0,0,5,0,0,21,0,0,completed
32459,U2462,2025-05-07 18:34:00,2025-05-07 18:37:00,M,30~39,office,seoul,0,0,0,0,26,0,0,61,0,0,completed
32460,U2463,2025-07-10 12:29:00,2025-07-10 12:32:00,F,30~39,office,seoul,0,0,0,0,11,0,0,27,0,0,completed
32461,U2464,2025-06-10 12:08:00,2025-06-10 12:10:00,M,20~29,office,seoul,0,0,0,0,13,0,0,63,0,0,completed
32462,U2465,2025-10-15 19:13:00,2025-10-15 19:15:00,M,30~39,office,seoul,0,0,0,0,16,0,0,79,0,0,completed
32463,U2466,2025-10-30 13:15:00,2025-10-30 13:19:00,M,50+,office,seoul,0,0,0,0,8,0,0,20,0,0,completed
32464,U2467,2025-05-10 16:14:00,2025-05-10 16:20:00,F,20~29,office,seoul,1,0,0,0,10,0,0,29,0,0,completed
32465,U2468,2025-12-01 17:06:00,2025-12-01 17:13:00,F,20~29,office,seoul,0,0,0,0,13,0,0,23,0,0,completed
32466,U2469,2025-03-01 20:27:00,2025-03-01 20:31:00,M,30~39,office,seoul,1,0,0,0,16,0,0,73,0,0,completed
32467,U2470,2025-09-22 15:13:00,2025-09-22 15:16:00,F,50+,office,seoul,0,0,0,0,13,0,0,48,0,0,completed
32468,U2471,2025-08-11 13:34:00,2025-08-11 13:38:00,M,50+,office,seoul,0,0,0,0,6,0,0,68,0,0,completed
32469,U2472,2025-01-05 19:02:00,2025-01-05 19:04:00,F,20~29,office,seoul,1,0,0,0,9,0,0,57,0,0,completed
32470,U2473,2025-03-02 18:02:00,2025-03-02 18:06:00,F,20~29,office,seoul,1,0,0,0,13,0,0,38,0,0,completed
32471,U2474,2025-03-25 09:39:00,2025-03-25 09:45:00,F,50+,office,seoul,0,0,0,0,3,0,0,73,0,0,completed
32472,U2475,2025-09-08 09:02:00,2025-09-08 09:08:00,M,30~39,office,seoul,0,0,0,0,5,0,0,45,0,0,completed
32473,U2476,2025-03-18 13:57:00,2025-03-18 14:04:00,F,30~39,office,seoul,0,0,0,0,1,0,0,30,0,0,completed
32474,U2477,2025-04-24 19:09:00,2025-04-24 19:14:00,M,50+,office,seoul,0,0,0,0,1,0,0,37,0,0,completed
32475,U2478,2025-06-11 12:14:00,2025-06-11 12:16:00,M,30~39,office,seoul,0,0,0,0,17,0,0,30,0,0,abandoned
32476,U2479,2025-10-27 16:45:00,2025-10-27 16:52:00,F,20~29,office,seoul,0,0,0,0,26,0,0,35,0,0,completed
32477,U2480,2025-11-02 15:44:00,2025-11-02 15:46:00,M,40~49,office,seoul,1,0,0,0,21,0,0,22,0,0,abandoned
32478,U2481,2025-06-08 16:08:00,2025-06-08 16:14:00,M,40~49,office,seoul,1,0,0,0,16,0,0,54,0,0,abandoned
32479,U2482,2025-05-18 18:23:00,2025-05-18 18:29:00,M,20~29,office,seoul,1,0,0,0,5,0,0,63,0,0,completed
32480,U2483,2025-01-07 19:10:00,2025-01-07 19:14:00,F,30~39,office,seoul,0,0,0,0,11,0,0,50,0,0,completed
32481,U2484,2025-08-23 07:38:00,2025-08-23 07:41:00,F,20~29,office,seoul,1,0,0,0,21,0,0,30,0,0,abandoned
32482,U2485,2025-09-06 08:53:00,2025-09-06 08:57:00,F,20~29,office,seoul,1,0,0,0,2,0,0,48,0,0,completed
32483,U2486,2025-06-27 20:38:00,2025-06-27 20:44:00,M,20~29,office,seoul,0,0,0,0,26,0,0,56,0,0,completed
32484,U2487,2025-05-03 15:20:00,2025-05-03 15:23:00,F,20~29,office,seoul,1,0,0,0,3,0,0,68,0,0,completed
32485,U2488,2025-02-13 16:42:00,2025-02-13 16:44:00,M,20~29,office,seoul,0,0,0,0,20,0,0,74,0,0,completed
32486,U2489,2025-02-15 19:36:00,2025-02-15 19:43:00,M,20~29,office,seoul,1,0,0,0,1,0,0,22,0,0,completed
32487,U2490,2025-05-31 16:40:00,2025-05-31 16:46:00,M,40~49,office,seoul,1,0,0,0,21,0,0,31,0,0,completed
32488,U2491,2025-12-18 15:28:00,2025-12-18 15:30:00,F,50+,office,seoul,0,0,0,0,18,0,0,63,0,1,completed
32489,U2492,2025-03-18 09:24:00,2025-03-18 09:29:00,M,20~29,office,seoul,0,0,0,0,3,0,0,37,0,0,completed
32490,U2493,2025-09-14 07:15:00,2025-09-14 07:21:00,M,30~39,office,seoul,1,0,0,0,8,0,0,31,0,0,completed
32491,U2494,2025-11-21 08:08:00,2025-11-21 08:11:00,F,20~29,office,seoul,0,0,0,0,22,0,0,73,0,0,completed
32492,U2495,2025-12-30 08:03:00,2025-12-30 08:08:00,M,30~39,office,seoul,0,0,0,0,5,0,0,55,1,0,completed
32493,U2496,2025-03-29 12:02:00,2025-03-29 12:06:00,M,40~49,office,seoul,1,0,0,0,21,0,0,72,0,0,completed
32494,U2497,2025-10-05 07:11:00,2025-10-05 07:14:00,F,20~29,office,seoul,1,0,0,0,10,0,0,40,0,0,completed
32495,U2498,2025-09-09 15:10:00,2025-09-09 15:14:00,F,20~29,office,seoul,0,0,0,0,29,0,0,64,0,0,completed
32496,U2499,2025-06-12 13:07:00,2025-06-12 13:13:00,F,30~39,office,seoul,0,0,0,0,0,0,0,18,0,0,completed
32497,U2500,2025-02-08 13:07:00,2025-02-08 13:10:00,M,20~29,office,seoul,1,0,0,0,3,0,0,22,0,0,completed
32498,U2501,2025-09-08 20:21:00,2025-09-08 20:28:00,F,20~29,office,seoul,0,0,0,0,8,0,0,21,0,0,completed
32499,U2502,2025-12-17 16:15:00,2025-12-17 16:19:00,F,20~29,office,seoul,0,0,0,0,16,0,0,29,0,0,error
32500,U2503,2025-04-12 12:49:00,2025-04-12 12:56:00,F,40~49,office,seoul,1,0,0,0,0,0,0,34,0,1,completed
32501,U2504,2025-07-04 17:47:00,2025-07-04 17:49:00,F,30~39,office,seoul,0,0,0,0,24,0,0,32,0,0,completed
32502,U2505,2025-07-05 11:13:00,2025-07-05 11:18:00,M,30~39,office,seoul,1,0,0,0,19,0,0,36,0,0,completed
32503,U2506,2025-05-15 22:41:00,2025-05-15 22:48:00,F,50+,office,seoul,0,0,0,0,16,0,0,45,0,0,completed
32504,U2507,2025-07-07 11:33:00,2025-07-07 11:35:00,M,20~29,office,seoul,0,0,0,0,13,0,0,41,0,0,completed
32505,U2508,2025-06-13 13:28:00,2025-06-13 13:31:00,M,30~39,office,seoul,0,0,0,0,4,0,0,25,0,0,completed
32506,U2509,2025-03-02 22:47:00,2025-03-02 22:49:00,F,30~39,office,seoul,1,0,0,0,21,0,0,28,0,0,completed
32507,U2510,2025-11-01 11:48:00,2025-11-01 11:55:00,M,30~39,office,seoul,1,0,0,0,6,0,0,43,1,0,completed
32508,U2511,2025-09-09 07:50:00,2025-09-09 07:53:00,F,20~29,office,seoul,0,0,0,0,26,0,0,46,0,0,completed
32509,U2512,2025-04-24 07:39:00,2025-04-24 07:46:00,F,20~29,office,seoul,0,0,0,0,28,0,0,64,0,0,completed
32510,U2513,2025-10-26 12:41:00,2025-10-26 12:47:00,F,50+,office,seoul,1,0,0,0,3,0,0,71,0,0,abandoned
32511,U2514,2025-11-17 22:00:00,2025-11-17 22:06:00,M,40~49,office,seoul,0,0,0,0,13,0,0,72,0,0,completed
32512,U2515,2025-09-20 12:11:00,2025-09-20 12:15:00,M,20~29,office,seoul,1,0,0,0,2,0,0,70,0,0,completed
32513,U2516,2025-06-08 09:52:00,2025-06-08 09:54:00,F,30~39,office,seoul,1,0,0,0,6,0,0,13,0,0,abandoned
32514,U2517,2025-01-11 13:16:00,2025-01-11 13:23:00,M,50+,office,seoul,1,0,0,0,9,0,0,78,1,1,completed
32515,U2518,2025-12-07 16:18:00,2025-12-07 16:25:00,F,30~39,office,seoul,1,0,0,0,13,0,0,28,0,0,completed
32516,U2519,2025-05-24 13:18:00,2025-05-24 13:23:00,M,30~39,office,seoul,1,0,0,0,20,0,0,22,0,0,completed
32517,U2520,2025-11-27 22:19:00,2025-11-27 22:22:00,F,50+,office,seoul,0,0,0,0,7,0,0,47,0,0,completed
32518,U2521,2025-07-19 14:37:00,2025-07-19 14:41:00,F,20~29,office,seoul,1,0,0,0,9,0,0,75,0,0,completed
32519,U2522,2025-10-07 17:57:00,2025-10-07 18:00:00,M,50+,office,seoul,0,0,0,0,18,0,0,29,0,0,completed
32520,U2523,2025-05-29 07:23:00,2025-05-29 07:29:00,F,20~29,office,seoul,0,0,0,0,2,0,0,44,0,0,completed
32521,U2524,2025-06-20 08:28:00,2025-06-20 08:31:00,M,20~29,office,seoul,0,0,0,0,2,0,0,15,0,0,completed
32522,U2525,2025-10-23 12:24:00,2025-10-23 12:29:00,F,20~29,office,seoul,0,0,0,0,6,0,0,26,0,0,completed
32523,U2526,2025-11-14 16:57:00,2025-11-14 17:02:00,M,20~29,office,seoul,0,0,0,0,6,0,0,26,0,0,completed
32524,U2527,2025-11-30 19:36:00,2025-11-30 19:41:00,F,30~39,office,seoul,1,0,0,0,14,0,0,38,0,0,abandoned
32525,U2528,2025-03-17 17:24:00,2025-03-17 17:28:00,M,40~49,office,seoul,0,0,0,0,28,0,0,33,0,0,completed
32526,U2529,2025-11-30 16:12:00,2025-11-30 16:15:00,F,30~39,office,seoul,1,0,0,0,11,0,0,51,0,0,completed
32527,U2530,2025-07-25 21:55:00,2025-07-25 22:00:00,F,30~39,office,seoul,0,0,0,0,14,0,0,58,0,0,completed
32528,U2531,2025-09-30 12:46:00,2025-09-30 12:52:00,M,40~49,office,seoul,0,0,0,0,15,0,0,57,0,0,completed
32529,U2532,2025-09-26 16:02:00,2025-09-26 16:05:00,F,20~29,office,seoul,0,0,0,0,1,0,0,52,0,0,completed
32530,U2533,2025-01-27 08:05:00,2025-01-27 08:08:00,F,30~39,office,seoul,0,0,0,0,28,0,0,37,0,0,completed
32531,U2534,2025-03-03 17:59:00,2025-03-03 18:06:00,F,20~29,office,seoul,0,0,0,0,21,0,0,34,0,0,completed
32532,U2535,2025-10-13 17:09:00,2025-10-13 17:13:00,F,30~39,office,seoul,0,0,0,0,15,0,0,29,0,0,abandoned
32533,U2536,2025-05-04 08:10:00,2025-05-04 08:14:00,M,50+,office,seoul,1,0,0,0,16,0,0,27,0,1,completed
32534,U2537,2025-09-10 09:18:00,2025-09-10 09:23:00,M,30~39,office,seoul,0,0,0,0,9,0,0,23,0,0,completed
32535,U2538,2025-11-13 12:41:00,2025-11-13 12:43:00,M,30~39,office,seoul,0,0,0,0,1,0,0,22,0,0,completed
32536,U2539,2025-10-13 09:40:00,2025-10-13 09:46:00,F,50+,office,seoul,0,0,0,0,0,0,0,37,0,1,timeout
32537,U2540,2025-10-15 14:05:00,2025-10-15 14:12:00,F,30~39,office,seoul,0,0,0,0,23,0,0,76,0,0,completed
32538,U2541,2025-04-07 12:44:00,2025-04-07 12:49:00,F,50+,office,seoul,0,0,0,0,15,0,0,44,0,0,completed
32539,U2542,2025-11-09 13:48:00,2025-11-09 13:51:00,M,30~39,office,seoul,1,0,0,0,22,0,0,19,0,0,completed
32540,U2543,2025-07-21 18:08:00,2025-07-21 18:14:00,M,40~49,office,seoul,0,0,0,0,28,0,0,47,0,0,completed
32541,U2544,2025-10-25 14:11:00,2025-10-25 14:13:00,F,20~29,office,seoul,1,0,0,0,19,0,0,48,0,0,completed
32542,U2545,2025-08-03 15:06:00,2025-08-03 15:09:00,F,20~29,office,seoul,1,0,0,0,25,0,0,29,0,0,completed
32543,U2546,2025-10-06 11:10:00,2025-10-06 11:14:00,F,20~29,office,seoul,0,0,0,0,4,0,0,43,0,0,completed
32544,U2547,2025-02-18 07:41:00,2025-02-18 07:45:00,M,50+,office,seoul,0,0,0,0,10,0,0,37,0,1,completed
32545,U2548,2025-10-03 07:54:00,2025-10-03 08:01:00,F,50+,office,seoul,0,0,0,0,7,0,0,23,0,0,completed
32546,U2549,2025-01-23 08:36:00,2025-01-23 08:41:00,F,20~29,office,seoul,0,0,0,0,12,0,0,17,0,0,completed
32547,U2550,2025-12-08 08:20:00,2025-12-08 08:24:00,F,40~49,office,seoul,0,0,0,0,12,0,0,49,0,0,completed
32548,U2551,2025-12-16 08:50:00,2025-12-16 08:53:00,M,20~29,office,seoul,0,0,0,0,5,0,0,62,0,0,completed
32549,U2552,2025-09-08 13:43:00,2025-09-08 13:46:00,M,40~49,office,seoul,0,0,0,0,26,0,0,22,1,0,completed
32550,U2553,2025-04-20 20:06:00,2025-04-20 20:09:00,M,20~29,office,seoul,1,0,0,0,18,0,0,19,0,0,completed
32551,U2554,2025-05-19 12:04:00,2025-05-19 12:09:00,F,40~49,office,seoul,0,0,0,0,10,0,0,60,0,0,completed
32552,U2555,2025-07-25 11:26:00,2025-07-25 11:28:00,F,20~29,office,seoul,0,0,0,0,18,0,0,72,0,0,completed
32553,U2556,2025-01-06 21:06:00,2025-01-06 21:11:00,F,20~29,office,seoul,0,0,0,0,21,0,0,24,1,0,completed
32554,U2557,2025-05-23 20:01:00,2025-05-23 20:07:00,M,50+,office,seoul,0,0,0,0,1,0,0,20,0,0,completed
32555,U2558,2025-12-16 17:17:00,2025-12-16 17:22:00,M,20~29,office,seoul,0,0,0,0,12,0,0,19,0,0,completed
32556,U2559,2025-12-09 15:04:00,2025-12-09 15:07:00,M,50+,office,seoul,0,0,0,0,13,0,0,27,0,0,completed
32557,U2560,2025-10-02 21:23:00,2025-10-02 21:29:00,M,20~29,office,seoul,0,0,0,0,24,0,0,33,0,0,completed
32558,U2561,2025-08-31 18:26:00,2025-08-31 18:28:00,M,20~29,office,seoul,1,0,0,0,27,0,0,55,0,0,timeout
32559,U2562,2025-06-02 09:08:00,2025-06-02 09:12:00,F,50+,office,seoul,0,0,0,0,4,0,0,17,0,0,completed
32560,U2563,2025-06-28 20:32:00,2025-06-28 20:38:00,M,30~39,office,seoul,1,0,0,0,0,0,0,12,0,0,completed
32561,U2564,2025-05-31 17:40:00,2025-05-31 17:44:00,F,30~39,office,seoul,1,0,0,0,6,0,0,55,0,0,completed
32562,U2565,2025-02-08 13:40:00,2025-02-08 13:45:00,M,40~49,office,seoul,1,0,0,0,6,0,0,10,0,0,timeout
32563,U2566,2025-03-31 13:11:00,2025-03-31 13:14:00,M,30~39,office,seoul,0,0,0,0,19,0,0,33,0,0,completed
32564,U2567,2025-01-16 07:19:00,2025-01-16 07:22:00,F,20~29,office,seoul,0,0,0,0,15,0,0,63,0,0,completed
32565,U2568,2025-07-17 12:16:00,2025-07-17 12:18:00,F,30~39,office,seoul,0,0,0,0,12,0,0,25,0,0,completed
32566,U2569,2025-04-02 12:00:00,2025-04-02 12:03:00,M,30~39,office,seoul,0,0,0,0,13,0,0,63,0,0,completed
32567,U2570,2025-07-19 15:29:00,2025-07-19 15:32:00,M,30~39,office,seoul,1,0,0,0,8,0,0,28,0,0,timeout
32568,U2571,2025-11-03 21:45:00,2025-11-03 21:49:00,F,50+,office,seoul,0,0,0,0,16,0,0,34,0,0,completed
32569,U2572,2025-03-01 12:51:00,2025-03-01 12:54:00,F,30~39,office,seoul,1,0,0,0,8,0,0,12,0,0,completed
32570,U2573,2025-06-02 16:03:00,2025-06-02 16:08:00,F,20~29,office,seoul,0,0,0,0,1,0,0,51,0,0,completed
32571,U2574,2025-09-06 11:00:00,2025-09-06 11:05:00,M,20~29,office,seoul,1,0,0,0,12,0,0,76,0,0,timeout
32572,U2575,2025-08-21 12:48:00,2025-08-21 12:52:00,M,40~49,office,seoul,0,0,0,0,24,0,0,42,0,0,completed
32573,U2576,2025-12-22 14:39:00,2025-12-22 14:45:00,F,30~39,office,seoul,0,0,0,0,7,0,0,76,0,0,completed
32574,U2577,2025-04-11 16:30:00,2025-04-11 16:33:00,F,30~39,office,seoul,0,0,0,0,11,0,0,21,0,0,completed
32575,U2578,2025-11-29 17:36:00,2025-11-29 17:42:00,F,30~39,office,seoul,1,0,0,0,5,0,0,77,0,0,completed
32576,U2579,2025-07-17 11:16:00,2025-07-17 11:20:00,F,30~39,office,seoul,0,0,0,0,6,0,0,22,1,0,abandoned
32577,U2580,2025-09-21 19:58:00,2025-09-21 20:04:00,M,20~29,office,seoul,1,0,0,0,20,0,0,44,0,0,completed
32578,U2581,2025-12-06 15:26:00,2025-12-06 15:30:00,M,30~39,office,seoul,1,0,0,0,22,0,0,40,0,0,abandoned
32579,U2582,2025-08-02 12:37:00,2025-08-02 12:42:00,F,20~29,office,seoul,1,0,0,0,18,0,0,30,0,0,completed
32580,U2583,2025-02-18 13:07:00,2025-02-18 13:13:00,M,20~29,office,seoul,0,0,0,0,8,0,0,31,0,0,completed
32581,U2584,2025-05-13 16:03:00,2025-05-13 16:06:00,M,40~49,office,seoul,0,0,0,0,23,0,0,66,0,0,completed
32582,U2585,2025-04-29 09:00:00,2025-04-29 09:02:00,M,20~29,office,seoul,0,0,0,0,15,0,0,56,0,0,error
32583,U2586,2025-05-03 13:28:00,2025-05-03 13:35:00,M,20~29,office,seoul,1,0,0,0,17,0,0,55,0,0,completed
32584,U2587,2025-04-19 14:22:00,2025-04-19 14:26:00,F,40~49,office,seoul,1,0,0,0,20,0,0,63,0,0,completed
32585,U2588,2025-05-23 12:40:00,2025-05-23 12:45:00,F,50+,office,seoul,0,0,0,0,10,0,0,40,0,0,completed
32586,U2589,2025-12-04 18:08:00,2025-12-04 18:10:00,F,30~39,office,seoul,0,0,0,0,23,0,0,31,0,0,completed
32587,U2590,2025-05-12 08:30:00,2025-05-12 08:35:00,F,50+,office,seoul,0,0,0,0,21,0,0,74,0,0,completed
32588,U2591,2025-01-28 12:23:00,2025-01-28 12:30:00,M,20~29,office,seoul,0,0,0,0,23,0,0,56,0,0,completed
32589,U2592,2025-01-26 14:55:00,2025-01-26 15:00:00,M,20~29,office,seoul,1,0,0,0,17,0,0,61,0,0,completed
32590,U2593,2025-12-04 07:42:00,2025-12-04 07:49:00,M,30~39,office,seoul,0,0,0,0,28,0,0,48,0,0,completed
32591,U2594,2025-10-25 20:04:00,2025-10-25 20:09:00,F,50+,office,seoul,1,0,0,0,13,0,0,43,0,0,completed
32592,U2595,2025-03-14 18:53:00,2025-03-14 18:56:00,M,20~29,office,seoul,0,0,0,0,26,0,0,52,0,0,completed
32593,U2596,2025-04-09 17:39:00,2025-04-09 17:44:00,M,20~29,office,seoul,0,0,0,0,4,0,0,24,0,0,completed
32594,U2597,2025-09-11 13:02:00,2025-09-11 13:09:00,F,30~39,office,seoul,0,0,0,0,11,0,0,31,0,0,completed
32595,U2598,2025-09-30 12:43:00,2025-09-30 12:49:00,F,30~39,office,seoul,0,0,0,0,28,0,0,76,0,0,completed
32596,U2599,2025-07-21 15:50:00,2025-07-21 15:57:00,F,30~39,office,seoul,0,0,0,0,14,0,0,32,0,0,abandoned
32597,U2600,2025-10-26 09:39:00,2025-10-26 09:42:00,F,30~39,office,seoul,1,0,0,0,9,0,0,18,0,0,completed
32598,U2601,2025-04-03 19:00:00,2025-04-03 19:02:00,F,30~39,office,seoul,0,0,0,0,27,0,0,22,0,0,completed
32599,U2602,2025-08-22 12:26:00,2025-08-22 12:30:00,M,30~39,office,seoul,0,0,0,0,4,0,0,24,0,0,completed
32600,U2603,2025-05-05 09:55:00,2025-05-05 10:01:00,M,20~29,office,seoul,0,0,0,0,2,0,0,26,0,0,abandoned
32601,U2604,2025-11-13 11:22:00,2025-11-13 11:28:00,F,20~29,office,seoul,0,0,0,0,23,0,0,66,0,0,completed
32602,U2605,2025-01-06 12:50:00,2025-01-06 12:55:00,M,20~29,office,seoul,0,0,0,0,16,0,0,65,0,0,completed
32603,U2606,2025-08-14 16:55:00,2025-08-14 17:01:00,F,50+,office,seoul,0,0,0,0,5,0,0,71,0,0,completed
32604,U2607,2025-01-15 09:40:00,2025-01-15 09:42:00,F,20~29,office,seoul,0,0,0,0,13,0,0,54,0,0,completed
32605,U2608,2025-06-22 14:03:00,2025-06-22 14:09:00,M,50+,office,seoul,1,0,0,0,4,0,0,65,0,0,completed
32606,U2609,2025-09-15 07:39:00,2025-09-15 07:46:00,F,20~29,office,seoul,0,0,0,0,8,0,0,62,0,0,completed
32607,U2610,2025-11-02 22:54:00,2025-11-02 23:01:00,M,30~39,office,seoul,1,0,0,0,0,0,0,56,0,0,completed
32608,U2611,2025-01-06 20:52:00,2025-01-06 20:58:00,M,30~39,office,seoul,0,0,0,0,12,0,0,46,0,0,completed
32609,U2612,2025-05-07 12:15:00,2025-05-07 12:20:00,M,40~49,office,seoul,0,0,0,0,3,0,0,76,0,0,completed
32610,U2613,2025-07-17 09:41:00,2025-07-17 09:47:00,M,20~29,office,seoul,0,0,0,0,7,0,0,57,0,0,completed
32611,U2614,2025-12-02 09:42:00,2025-12-02 09:49:00,F,20~29,office,seoul,0,0,0,0,7,0,0,21,0,0,completed
32612,U2615,2025-01-25 07:28:00,2025-01-25 07:32:00,M,30~39,office,seoul,1,0,0,0,8,0,0,27,0,0,completed
32613,U2616,2025-01-17 08:54:00,2025-01-17 08:57:00,F,30~39,office,seoul,0,0,0,0,2,0,0,48,0,0,completed
32614,U2617,2025-04-24 09:09:00,2025-04-24 09:12:00,F,20~29,office,seoul,0,0,0,0,23,0,0,73,0,0,completed
32615,U2618,2025-10-07 20:08:00,2025-10-07 20:12:00,M,20~29,office,seoul,0,0,0,0,22,0,0,73,0,0,completed
32616,U2619,2025-11-19 16:53:00,2025-11-19 16:55:00,M,30~39,office,seoul,0,0,0,0,7,0,0,22,0,0,completed
32617,U2620,2025-05-13 19:24:00,2025-05-13 19:27:00,F,20~29,office,seoul,0,0,0,0,9,0,0,29,0,0,abandoned
32618,U2621,2025-02-23 16:41:00,2025-02-23 16:46:00,F,40~49,office,seoul,1,0,0,0,14,0,0,52,0,0,completed
32619,U2622,2025-12-29 12:02:00,2025-12-29 12:06:00,M,50+,office,seoul,0,0,0,0,27,0,0,33,1,0,completed
32620,U2623,2025-03-06 11:38:00,2025-03-06 11:41:00,M,20~29,office,seoul,0,0,0,0,0,0,0,61,0,0,completed
32621,U2624,2025-01-12 17:07:00,2025-01-12 17:10:00,F,20~29,office,seoul,1,0,0,0,22,0,0,52,0,0,completed
32622,U2625,2025-11-12 14:43:00,2025-11-12 14:50:00,M,30~39,office,seoul,0,0,0,0,17,0,0,37,0,0,completed
32623,U2626,2025-10-05 09:48:00,2025-10-05 09:51:00,F,20~29,office,seoul,1,0,0,0,0,0,0,50,0,0,completed
32624,U2627,2025-04-24 12:51:00,2025-04-24 12:54:00,M,40~49,office,seoul,0,0,0,0,8,0,0,23,1,0,completed
32625,U2628,2025-06-19 20:00:00,2025-06-19 20:02:00,M,30~39,office,seoul,0,0,0,0,5,0,0,20,0,0,completed
32626,U2629,2025-03-25 09:16:00,2025-03-25 09:19:00,F,40~49,office,seoul,0,0,0,0,12,0,0,51,1,0,completed
32627,U2630,2025-11-28 13:04:00,2025-11-28 13:08:00,M,50+,office,seoul,0,0,0,0,28,0,0,64,0,1,completed
32628,U2631,2025-09-23 14:22:00,2025-09-23 14:24:00,F,30~39,office,seoul,0,0,0,0,24,0,0,67,0,0,completed
32629,U2632,2025-10-29 08:02:00,2025-10-29 08:07:00,F,30~39,office,seoul,0,0,0,0,14,0,0,17,0,0,completed
32630,U2633,2025-05-07 19:57:00,2025-05-07 20:04:00,M,30~39,office,seoul,0,0,0,0,5,0,0,24,0,0,completed
32631,U2634,2025-11-25 07:56:00,2025-11-25 07:59:00,F,20~29,office,seoul,0,0,0,0,6,0,0,40,0,0,completed
32632,U2635,2025-01-22 14:04:00,2025-01-22 14:11:00,M,20~29,office,seoul,0,0,0,0,28,0,0,30,0,0,completed
32633,U2636,2025-10-31 12:45:00,2025-10-31 12:51:00,M,30~39,office,seoul,0,0,0,0,11,0,0,17,0,0,completed
32634,U2637,2025-03-13 17:02:00,2025-03-13 17:04:00,M,20~29,office,seoul,0,0,0,0,4,0,0,54,1,0,timeout
32635,U2638,2025-01-06 16:31:00,2025-01-06 16:35:00,M,50+,office,seoul,0,0,0,0,7,0,0,67,0,0,completed
32636,U2639,2025-03-07 14:17:00,2025-03-07 14:21:00,F,30~39,office,seoul,0,0,0,0,1,0,0,35,0,0,completed
32637,U2640,2025-03-02 08:00:00,2025-03-02 08:05:00,F,20~29,office,seoul,1,0,0,0,23,0,0,24,0,0,completed
32638,U2641,2025-05-25 12:36:00,2025-05-25 12:42:00,F,20~29,office,seoul,1,0,0,0,19,0,0,21,0,0,completed
32639,U2642,2025-07-28 07:32:00,2025-07-28 07:35:00,F,20~29,office,seoul,0,0,0,0,26,0,0,49,0,0,completed
32640,U2643,2025-09-13 09:20:00,2025-09-13 09:25:00,F,30~39,office,seoul,1,0,0,0,5,0,0,73,0,0,completed
32641,U2644,2025-04-23 14:46:00,2025-04-23 14:50:00,M,20~29,office,seoul,0,0,0,0,8,0,0,58,0,0,completed
32642,U2645,2025-05-22 22:48:00,2025-05-22 22:50:00,M,40~49,office,seoul,0,0,0,0,26,0,0,39,0,0,completed
32643,U2646,2025-06-17 12:26:00,2025-06-17 12:32:00,F,40~49,office,seoul,0,0,0,0,13,0,0,35,0,0,completed
32644,U2647,2025-04-05 14:00:00,2025-04-05 14:04:00,F,40~49,office,seoul,1,0,0,0,27,0,0,59,0,0,completed
32645,U2648,2025-02-27 12:35:00,2025-02-27 12:42:00,M,40~49,office,seoul,0,0,0,0,29,0,0,20,0,0,completed
32646,U2649,2025-04-21 12:40:00,2025-04-21 12:42:00,F,30~39,office,seoul,0,0,0,0,5,0,0,59,0,0,abandoned
32647,U2650,2025-06-26 11:39:00,2025-06-26 11:43:00,F,40~49,office,seoul,0,0,0,0,7,0,0,14,0,0,completed
32648,U2651,2025-03-22 08:15:00,2025-03-22 08:17:00,F,20~29,office,seoul,1,0,0,0,28,0,0,60,0,0,completed
32649,U2652,2025-07-28 18:38:00,2025-07-28 18:43:00,M,20~29,office,seoul,0,0,0,0,5,0,0,40,1,0,completed
32650,U2653,2025-09-28 16:52:00,2025-09-28 16:55:00,F,40~49,office,seoul,1,0,0,0,28,0,0,33,0,0,completed
32651,U2654,2025-10-12 21:31:00,2025-10-12 21:37:00,F,30~39,office,seoul,1,0,0,0,9,0,0,43,0,0,completed
32652,U2655,2025-12-03 17:34:00,2025-12-03 17:41:00,F,30~39,office,seoul,0,0,0,0,17,0,0,29,0,0,completed
32653,U2656,2025-11-07 13:35:00,2025-11-07 13:41:00,M,20~29,office,seoul,0,0,0,0,26,0,0,31,0,0,completed
32654,U2657,2025-06-26 13:36:00,2025-06-26 13:38:00,M,20~29,office,seoul,0,0,0,0,17,0,0,41,0,0,timeout
32655,U2658,2025-06-12 19:47:00,2025-06-12 19:50:00,M,30~39,office,seoul,0,0,0,0,13,0,0,73,0,0,abandoned
32656,U2659,2025-01-31 13:11:00,2025-01-31 13:14:00,M,50+,office,seoul,0,0,0,0,17,0,0,18,0,0,completed
32657,U2660,2025-03-01 17:23:00,2025-03-01 17:28:00,F,30~39,office,seoul,1,0,0,0,16,0,0,59,0,0,completed
32658,U2661,2025-07-10 12:55:00,2025-07-10 13:01:00,M,30~39,office,seoul,0,0,0,0,12,0,0,30,0,0,completed
32659,U2662,2025-02-07 12:18:00,2025-02-07 12:22:00,F,50+,office,seoul,0,0,0,0,6,0,0,51,0,0,completed
32660,U2663,2025-09-12 09:01:00,2025-09-12 09:04:00,M,20~29,office,seoul,0,0,0,0,13,0,0,45,0,0,completed
32661,U2664,2025-10-22 17:11:00,2025-10-22 17:15:00,M,20~29,office,seoul,0,0,0,0,20,0,0,76,0,0,completed
32662,U2665,2025-03-10 12:25:00,2025-03-10 12:27:00,F,20~29,office,seoul,0,0,0,0,25,0,0,75,0,0,abandoned
32663,U2666,2025-02-07 08:17:00,2025-02-07 08:24:00,M,20~29,office,seoul,0,0,0,0,6,0,0,52,0,0,completed
32664,U2667,2025-05-11 12:08:00,2025-05-11 12:11:00,M,40~49,office,seoul,1,0,0,0,3,0,0,21,0,0,completed
32665,U2668,2025-03-16 18:56:00,2025-03-16 19:03:00,F,40~49,office,seoul,1,0,0,0,2,0,0,14,0,0,completed
32666,U2669,2025-04-12 07:37:00,2025-04-12 07:40:00,F,20~29,office,seoul,1,0,0,0,27,0,0,16,0,0,abandoned
32667,U2670,2025-05-21 12:57:00,2025-05-21 13:00:00,F,20~29,office,seoul,0,0,0,0,19,0,0,33,0,0,completed
32668,U2671,2025-08-04 08:37:00,2025-08-04 08:39:00,M,30~39,office,seoul,0,0,0,0,3,0,0,13,0,0,completed
32669,U2672,2025-05-09 22:57:00,2025-05-09 23:04:00,F,30~39,office,seoul,0,0,0,0,0,0,0,62,0,0,completed
32670,U2673,2025-10-22 08:26:00,2025-10-22 08:31:00,F,50+,office,seoul,0,0,0,0,13,0,0,55,1,0,completed
32671,U2674,2025-02-25 19:04:00,2025-02-25 19:06:00,M,20~29,office,seoul,0,0,0,0,22,0,0,51,0,0,completed
32672,U2675,2025-02-13 11:27:00,2025-02-13 11:33:00,F,40~49,office,seoul,0,0,0,0,9,0,0,56,0,0,completed
32673,U2676,2025-11-13 19:37:00,2025-11-13 19:42:00,F,20~29,office,seoul,0,0,0,0,8,0,0,39,0,0,completed
32674,U2677,2025-11-21 17:40:00,2025-11-21 17:45:00,M,30~39,office,seoul,0,0,0,0,13,0,0,70,0,0,completed
32675,U2678,2025-03-12 16:00:00,2025-03-12 16:05:00,M,20~29,office,seoul,0,0,0,0,15,0,0,43,0,0,completed
32676,U2679,2025-11-03 13:13:00,2025-11-03 13:16:00,M,40~49,office,seoul,0,0,0,0,9,0,0,16,0,0,completed
32677,U2680,2025-07-10 20:57:00,2025-07-10 21:01:00,M,20~29,office,seoul,0,0,0,0,26,0,0,12,0,0,completed
32678,U2681,2025-04-15 22:59:00,2025-04-15 23:02:00,M,20~29,office,seoul,0,0,0,0,3,0,0,26,0,0,completed
32679,U2682,2025-05-25 17:11:00,2025-05-25 17:16:00,F,40~49,office,seoul,1,0,0,0,20,0,0,36,0,0,timeout
32680,U2683,2025-07-30 20:48:00,2025-07-30 20:50:00,F,40~49,office,seoul,0,0,0,0,5,0,0,34,0,0,completed
32681,U2684,2025-06-10 16:54:00,2025-06-10 16:59:00,F,50+,office,seoul,0,0,0,0,13,0,0,19,0,0,completed
32682,U2685,2025-10-24 08:24:00,2025-10-24 08:30:00,F,20~29,office,seoul,0,0,0,0,24,0,0,31,0,0,completed
32683,U2686,2025-12-07 13:58:00,2025-12-07 14:00:00,M,40~49,office,seoul,1,0,0,0,16,0,0,76,0,0,completed
32684,U2687,2025-05-13 21:56:00,2025-05-13 22:02:00,F,20~29,office,seoul,0,0,0,0,25,0,0,29,0,0,completed
32685,U2688,2025-02-01 15:31:00,2025-02-01 15:38:00,F,50+,office,seoul,1,0,0,0,29,0,0,41,0,0,completed
32686,U2689,2025-09-02 09:45:00,2025-09-02 09:51:00,F,50+,office,seoul,0,0,0,0,16,0,0,73,1,0,completed
32687,U2690,2025-07-09 14:02:00,2025-07-09 14:06:00,F,30~39,office,seoul,0,0,0,0,10,0,0,14,1,0,completed
32688,U2691,2025-05-21 15:54:00,2025-05-21 15:57:00,F,20~29,office,seoul,0,0,0,0,18,0,0,68,0,0,completed
32689,U2692,2025-12-31 08:51:00,2025-12-31 08:58:00,M,30~39,office,seoul,0,0,0,0,21,0,0,34,0,0,completed
32690,U2693,2025-02-24 17:58:00,2025-02-24 18:05:00,M,30~39,office,seoul,0,0,0,0,25,0,0,63,0,0,completed
32691,U2694,2025-06-30 13:34:00,2025-06-30 13:39:00,F,20~29,office,seoul,0,0,0,0,18,0,0,18,0,0,completed
32692,U2695,2025-04-10 20:48:00,2025-04-10 20:53:00,F,30~39,office,seoul,0,0,0,0,21,0,0,76,0,0,completed
32693,U2696,2025-10-21 09:20:00,2025-10-21 09:24:00,F,50+,office,seoul,0,0,0,0,2,0,0,62,0,0,completed
32694,U2697,2025-09-27 11:30:00,2025-09-27 11:33:00,F,40~49,office,seoul,1,0,0,0,26,0,0,54,0,0,timeout
32695,U2698,2025-09-05 09:32:00,2025-09-05 09:37:00,F,50+,office,seoul,0,0,0,0,25,0,0,54,0,0,completed
32696,U2699,2025-10-23 09:06:00,2025-10-23 09:11:00,F,40~49,office,seoul,0,0,0,0,6,0,0,17,0,0,completed
32697,U2700,2025-03-01 21:52:00,2025-03-01 21:59:00,F,20~29,office,seoul,1,0,0,0,6,0,0,69,0,0,completed
32698,U2701,2025-12-21 20:09:00,2025-12-21 20:12:00,F,20~29,office,seoul,1,0,0,0,29,0,0,76,0,0,completed
32699,U2702,2025-05-27 12:35:00,2025-05-27 12:38:00,M,20~29,office,seoul,0,0,0,0,24,0,0,24,0,0,completed
32700,U2703,2025-08-10 07:03:00,2025-08-10 07:09:00,M,20~29,office,seoul,1,0,0,0,5,0,0,21,0,0,completed
32701,U2704,2025-11-13 07:24:00,2025-11-13 07:31:00,F,30~39,office,seoul,0,0,0,0,11,0,0,54,0,0,abandoned
32702,U2705,2025-12-26 13:20:00,2025-12-26 13:23:00,M,50+,office,seoul,0,0,0,0,9,0,0,28,0,0,completed
32703,U2706,2025-04-15 19:41:00,2025-04-15 19:43:00,M,30~39,office,seoul,0,0,0,0,23,0,0,57,0,0,completed
32704,U2707,2025-07-10 09:35:00,2025-07-10 09:39:00,F,20~29,office,seoul,0,0,0,0,23,0,0,45,0,0,abandoned
32705,U2708,2025-01-21 18:15:00,2025-01-21 18:22:00,F,20~29,office,seoul,0,0,0,0,16,0,0,13,0,0,completed
32706,U2709,2025-06-15 09:09:00,2025-06-15 09:12:00,F,30~39,office,seoul,1,0,0,0,3,0,0,74,0,0,completed
32707,U2710,2025-01-05 12:45:00,2025-01-05 12:47:00,M,30~39,office,seoul,1,0,0,0,0,0,0,19,0,0,timeout
32708,U2711,2025-06-14 16:14:00,2025-06-14 16:18:00,F,20~29,office,seoul,1,0,0,0,18,0,0,58,0,0,completed
32709,U2712,2025-07-15 08:10:00,2025-07-15 08:12:00,F,20~29,office,seoul,0,0,0,0,26,0,0,69,0,0,completed
32710,U2713,2025-12-17 08:45:00,2025-12-17 08:52:00,M,20~29,office,seoul,0,0,0,0,0,0,0,68,0,0,completed
32711,U2714,2025-12-20 09:48:00,2025-12-20 09:54:00,M,30~39,office,seoul,1,0,0,0,26,0,0,30,0,0,completed
32712,U2715,2025-01-23 15:00:00,2025-01-23 15:03:00,F,30~39,office,seoul,0,0,0,0,6,0,0,15,0,0,completed
32713,U2716,2025-01-16 14:09:00,2025-01-16 14:16:00,F,40~49,office,seoul,0,0,0,0,0,0,0,50,0,0,error
32714,U2717,2025-09-23 09:32:00,2025-09-23 09:35:00,F,40~49,office,seoul,0,0,0,0,2,0,0,38,0,0,completed
32715,U2718,2025-08-24 18:49:00,2025-08-24 18:54:00,F,20~29,office,seoul,1,0,0,0,3,0,0,19,0,0,completed
32716,U2719,2025-09-07 13:52:00,2025-09-07 13:59:00,F,40~49,office,seoul,1,0,0,0,16,0,0,16,0,0,completed
32717,U2720,2025-05-04 07:48:00,2025-05-04 07:50:00,F,30~39,office,seoul,1,0,0,0,24,0,0,12,0,0,completed
32718,U2721,2025-06-22 09:12:00,2025-06-22 09:17:00,M,40~49,office,seoul,1,0,0,0,7,0,0,65,1,0,completed
32719,U2722,2025-03-22 15:12:00,2025-03-22 15:18:00,M,30~39,office,seoul,1,0,0,0,19,0,0,77,0,0,completed
32720,U2723,2025-07-03 14:55:00,2025-07-03 15:00:00,M,20~29,office,seoul,0,0,0,0,7,0,0,62,0,0,abandoned
32721,U2724,2025-03-24 16:48:00,2025-03-24 16:53:00,F,30~39,office,seoul,0,0,0,0,9,0,0,25,0,0,completed
32722,U2725,2025-08-16 09:56:00,2025-08-16 10:02:00,F,20~29,office,seoul,1,0,0,0,3,0,0,11,0,0,completed
32723,U2726,2025-11-19 07:48:00,2025-11-19 07:50:00,M,20~29,office,seoul,0,0,0,0,2,0,0,39,0,0,abandoned
32724,U2727,2025-08-29 11:17:00,2025-08-29 11:21:00,F,20~29,office,seoul,0,0,0,0,16,0,0,49,0,0,completed
32725,U2728,2025-09-16 19:02:00,2025-09-16 19:05:00,M,50+,office,seoul,0,0,0,0,3,0,0,42,0,0,completed
32726,U2729,2025-11-16 15:42:00,2025-11-16 15:46:00,M,20~29,office,seoul,1,0,0,0,13,0,0,53,0,0,completed
32727,U2730,2025-07-30 17:44:00,2025-07-30 17:47:00,M,50+,office,seoul,0,0,0,0,11,0,0,65,0,0,completed
32728,U2731,2025-01-19 19:46:00,2025-01-19 19:52:00,F,20~29,office,seoul,1,0,0,0,13,0,0,79,0,0,completed
32729,U2732,2025-12-31 19:16:00,2025-12-31 19:22:00,M,30~39,office,seoul,0,0,0,0,18,0,0,37,0,0,completed
32730,U2733,2025-02-19 09:26:00,2025-02-19 09:28:00,F,20~29,office,seoul,0,0,0,0,14,0,0,76,0,0,timeout
32731,U2734,2025-04-29 15:23:00,2025-04-29 15:30:00,M,30~39,office,seoul,0,0,0,0,27,0,0,37,0,0,completed
32732,U2735,2025-11-07 17:37:00,2025-11-07 17:40:00,F,20~29,office,seoul,0,0,0,0,20,0,0,14,0,0,completed
32733,U2736,2025-04-02 09:53:00,2025-04-02 09:58:00,F,20~29,office,seoul,0,0,0,0,11,0,0,66,0,0,completed
32734,U2737,2025-04-24 14:29:00,2025-04-24 14:35:00,F,20~29,office,seoul,0,0,0,0,7,0,0,19,0,0,completed
32735,U2738,2025-07-16 12:07:00,2025-07-16 12:11:00,F,20~29,office,seoul,0,0,0,0,28,0,0,38,1,0,completed
32736,U2739,2025-12-23 14:09:00,2025-12-23 14:15:00,M,30~39,office,seoul,0,0,0,0,17,0,0,68,0,0,completed
32737,U2740,2025-06-02 07:21:00,2025-06-02 07:28:00,M,40~49,office,seoul,0,0,0,0,16,0,0,61,0,0,completed
32738,U2741,2025-05-02 18:32:00,2025-05-02 18:34:00,F,40~49,office,seoul,0,0,0,0,29,0,0,48,0,0,completed
32739,U2742,2025-04-08 17:07:00,2025-04-08 17:10:00,M,40~49,office,seoul,0,0,0,0,16,0,0,71,0,0,completed
32740,U2743,2025-05-07 13:06:00,2025-05-07 13:09:00,F,20~29,office,seoul,0,0,0,0,26,0,0,54,0,0,completed
32741,U2744,2025-12-15 12:12:00,2025-12-15 12:15:00,F,50+,office,seoul,0,0,0,0,27,0,0,22,0,0,abandoned
32742,U2745,2025-08-17 14:43:00,2025-08-17 14:46:00,M,20~29,office,seoul,1,0,0,0,28,0,0,10,0,0,completed
32743,U2746,2025-01-22 12:14:00,2025-01-22 12:16:00,F,30~39,office,seoul,0,0,0,0,8,0,0,73,0,0,completed
32744,U2747,2025-03-30 14:36:00,2025-03-30 14:41:00,F,30~39,office,seoul,1,0,0,0,22,0,0,24,0,0,completed
32745,U2748,2025-12-03 14:45:00,2025-12-03 14:47:00,M,30~39,office,seoul,0,0,0,0,16,0,0,20,0,0,completed
32746,U2749,2025-06-13 17:03:00,2025-06-13 17:05:00,M,50+,office,seoul,0,0,0,0,5,0,0,61,0,0,completed
32747,U2750,2025-10-14 22:20:00,2025-10-14 22:25:00,M,50+,office,seoul,0,0,0,0,9,0,0,76,0,0,completed
32748,U2751,2025-07-12 16:15:00,2025-07-12 16:17:00,M,20~29,office,seoul,1,0,0,0,8,0,0,35,0,0,completed
32749,U2752,2025-10-06 12:21:00,2025-10-06 12:23:00,F,40~49,office,seoul,0,0,0,0,15,0,0,13,0,0,completed
32750,U2753,2025-07-30 12:12:00,2025-07-30 12:18:00,F,50+,office,seoul,0,0,0,0,26,0,0,28,0,0,completed
32751,U2754,2025-10-01 17:51:00,2025-10-01 17:57:00,F,30~39,office,seoul,0,0,0,0,1,0,0,28,0,0,completed
32752,U2755,2025-06-16 12:53:00,2025-06-16 12:55:00,M,30~39,office,seoul,0,0,0,0,23,0,0,79,0,0,completed
32753,U2756,2025-10-10 08:32:00,2025-10-10 08:35:00,F,20~29,office,seoul,0,0,0,0,25,0,0,72,0,0,completed
32754,U2757,2025-12-13 20:33:00,2025-12-13 20:37:00,M,50+,office,seoul,1,0,0,0,21,0,0,23,0,1,completed
32755,U2758,2025-11-17 19:29:00,2025-11-17 19:32:00,M,30~39,office,seoul,0,0,0,0,12,0,0,66,0,0,completed
32756,U2759,2025-03-19 13:31:00,2025-03-19 13:38:00,F,30~39,office,seoul,0,0,0,0,26,0,0,75,0,0,completed
32757,U2760,2025-09-03 22:56:00,2025-09-03 22:58:00,M,20~29,office,seoul,0,0,0,0,7,0,0,58,0,0,completed
32758,U2761,2025-08-02 09:51:00,2025-08-02 09:54:00,F,40~49,office,seoul,1,0,0,0,7,0,0,13,0,0,completed
32759,U2762,2025-01-24 20:57:00,2025-01-24 20:59:00,F,30~39,office,seoul,0,0,0,0,18,0,0,49,0,0,completed
32760,U2763,2025-10-31 15:00:00,2025-10-31 15:05:00,F,20~29,office,seoul,0,0,0,0,26,0,0,48,0,0,completed
32761,U2764,2025-07-17 09:10:00,2025-07-17 09:13:00,F,20~29,office,seoul,0,0,0,0,16,0,0,37,0,0,completed
32762,U2765,2025-10-22 07:23:00,2025-10-22 07:30:00,M,30~39,office,seoul,0,0,0,0,21,0,0,79,0,0,abandoned
32763,U2766,2025-07-29 18:27:00,2025-07-29 18:31:00,M,50+,office,seoul,0,0,0,0,2,0,0,67,0,0,completed
32764,U2767,2025-08-03 11:44:00,2025-08-03 11:46:00,F,20~29,office,seoul,1,0,0,0,16,0,0,74,0,0,completed
32765,U2768,2025-01-05 14:08:00,2025-01-05 14:14:00,M,50+,office,seoul,1,0,0,0,7,0,0,30,0,0,completed
32766,U2769,2025-12-10 08:01:00,2025-12-10 08:06:00,F,20~29,office,seoul,0,0,0,0,10,0,0,58,0,0,completed
32767,U2770,2025-01-10 14:47:00,2025-01-10 14:49:00,F,50+,office,seoul,0,0,0,0,22,0,0,31,0,0,completed
32768,U2771,2025-09-25 13:28:00,2025-09-25 13:34:00,F,20~29,office,seoul,0,0,0,0,28,0,0,76,0,0,completed
32769,U2772,2025-08-23 20:08:00,2025-08-23 20:12:00,M,20~29,office,seoul,1,0,0,0,14,0,0,12,0,0,completed
32770,U2773,2025-03-11 15:09:00,2025-03-11 15:16:00,F,30~39,office,seoul,0,0,0,0,12,0,0,34,0,0,completed
32771,U2774,2025-12-25 08:30:00,2025-12-25 08:37:00,F,50+,office,seoul,0,0,0,0,13,0,0,70,0,0,completed
32772,U2775,2025-03-17 14:20:00,2025-03-17 14:27:00,F,40~49,office,seoul,0,0,0,0,29,0,0,66,0,0,completed
32773,U2776,2025-06-04 12:10:00,2025-06-04 12:12:00,F,50+,office,seoul,0,0,0,0,13,0,0,21,0,0,completed
32774,U2777,2025-12-25 16:19:00,2025-12-25 16:26:00,F,50+,office,seoul,0,0,0,0,23,0,0,50,0,0,completed
32775,U2778,2025-05-13 19:28:00,2025-05-13 19:33:00,M,50+,office,seoul,0,0,0,0,20,0,0,13,0,1,abandoned
32776,U2779,2025-12-25 11:02:00,2025-12-25 11:07:00,F,20~29,office,seoul,0,0,0,0,14,0,0,12,0,0,completed
32777,U2780,2025-02-20 13:29:00,2025-02-20 13:31:00,M,20~29,office,seoul,0,0,0,0,16,0,0,37,0,0,completed
32778,U2781,2025-03-06 07:10:00,2025-03-06 07:14:00,F,50+,office,seoul,0,0,0,0,1,0,0,16,0,0,completed
32779,U2782,2025-04-11 09:53:00,2025-04-11 10:00:00,F,30~39,office,seoul,0,0,0,0,25,0,0,64,0,0,timeout
32780,U2783,2025-04-21 15:28:00,2025-04-21 15:32:00,F,20~29,office,seoul,0,0,0,0,27,0,0,11,0,0,error
32781,U2784,2025-10-12 18:24:00,2025-10-12 18:31:00,F,20~29,office,seoul,1,0,0,0,19,0,0,75,0,0,timeout
32782,U2785,2025-01-30 16:46:00,2025-01-30 16:52:00,F,30~39,office,seoul,0,0,0,0,18,0,0,49,0,0,completed
32783,U2786,2025-04-11 11:49:00,2025-04-11 11:54:00,M,20~29,office,seoul,0,0,0,0,6,0,0,38,0,0,completed
32784,U2787,2025-12-26 08:33:00,2025-12-26 08:37:00,F,30~39,office,seoul,0,0,0,0,14,0,0,41,0,0,error
32785,U2788,2025-07-24 22:02:00,2025-07-24 22:09:00,F,20~29,office,seoul,0,0,0,0,10,0,0,37,0,0,completed
32786,U2789,2025-12-13 21:58:00,2025-12-13 22:01:00,F,50+,office,seoul,1,0,0,0,29,0,0,50,1,0,completed
32787,U2790,2025-03-01 13:18:00,2025-03-01 13:22:00,M,40~49,office,seoul,1,0,0,0,16,0,0,60,0,0,completed
32788,U2791,2025-02-07 15:15:00,2025-02-07 15:22:00,F,30~39,office,seoul,0,0,0,0,8,0,0,51,0,0,completed
32789,U2792,2025-05-17 07:28:00,2025-05-17 07:32:00,F,20~29,office,seoul,1,0,0,0,7,0,0,31,0,0,completed
32790,U2793,2025-07-25 09:54:00,2025-07-25 09:59:00,M,20~29,office,seoul,0,0,0,0,18,0,0,64,0,0,timeout
32791,U2794,2025-01-28 22:20:00,2025-01-28 22:25:00,M,30~39,office,seoul,0,0,0,0,0,0,0,31,0,0,completed
32792,U2795,2025-10-07 09:50:00,2025-10-07 09:57:00,M,20~29,office,seoul,0,0,0,0,29,0,0,59,0,0,completed
32793,U2796,2025-11-24 09:47:00,2025-11-24 09:53:00,M,30~39,office,seoul,0,0,0,0,18,0,0,31,0,0,completed
32794,U2797,2025-10-26 19:08:00,2025-10-26 19:10:00,M,20~29,office,seoul,1,0,0,0,17,0,0,24,0,0,abandoned
32795,U2798,2025-12-10 09:03:00,2025-12-10 09:08:00,M,20~29,office,seoul,0,0,0,0,12,0,0,75,0,0,completed
32796,U2799,2025-04-27 16:17:00,2025-04-27 16:23:00,F,40~49,office,seoul,1,0,0,0,5,0,0,17,0,0,completed
32797,U2800,2025-09-19 14:47:00,2025-09-19 14:50:00,M,20~29,office,seoul,0,0,0,0,0,0,0,70,0,0,completed
32798,U2801,2025-10-24 17:26:00,2025-10-24 17:31:00,M,20~29,office,seoul,0,0,0,0,7,0,0,34,0,0,completed
32799,U2802,2025-12-23 14:52:00,2025-12-23 14:55:00,F,50+,office,seoul,0,0,0,0,18,0,0,36,0,1,completed
32800,U2803,2025-02-23 15:09:00,2025-02-23 15:12:00,F,20~29,office,seoul,1,0,0,0,28,0,0,12,0,0,completed
32801,U2804,2025-04-07 12:02:00,2025-04-07 12:09:00,F,20~29,office,seoul,0,0,0,0,6,0,0,37,0,0,abandoned
32802,U2805,2025-12-06 08:43:00,2025-12-06 08:50:00,F,30~39,office,seoul,1,0,0,0,3,0,0,34,0,0,completed
32803,U2806,2025-11-02 13:10:00,2025-11-02 13:16:00,M,50+,office,seoul,1,0,0,0,9,0,0,20,0,0,completed
32804,U2807,2025-02-14 11:50:00,2025-02-14 11:57:00,F,50+,office,seoul,0,0,0,0,12,0,0,50,1,0,completed
32805,U2808,2025-09-19 08:04:00,2025-09-19 08:08:00,M,30~39,office,seoul,0,0,0,0,21,0,0,77,0,0,completed
32806,U2809,2025-04-26 15:17:00,2025-04-26 15:24:00,F,30~39,office,seoul,1,0,0,0,2,0,0,15,0,0,error
32807,U2810,2025-06-14 12:50:00,2025-06-14 12:56:00,F,20~29,office,seoul,1,0,0,0,4,0,0,61,0,0,completed
32808,U2811,2025-12-21 13:24:00,2025-12-21 13:30:00,F,30~39,office,seoul,1,0,0,0,28,0,0,69,0,0,completed
32809,U2812,2025-02-20 19:32:00,2025-02-20 19:34:00,F,20~29,office,seoul,0,0,0,0,14,0,0,49,0,0,completed
32810,U2813,2025-03-02 17:31:00,2025-03-02 17:35:00,F,20~29,office,seoul,1,0,0,0,1,0,0,73,0,0,completed
32811,U2814,2025-12-23 11:28:00,2025-12-23 11:34:00,F,20~29,office,seoul,0,0,0,0,7,0,0,34,0,0,completed
32812,U2815,2025-03-10 16:22:00,2025-03-10 16:25:00,M,20~29,office,seoul,0,0,0,0,8,0,0,51,0,0,abandoned
32813,U2816,2025-06-09 12:15:00,2025-06-09 12:20:00,F,20~29,office,seoul,0,0,0,0,2,0,0,70,0,0,completed
32814,U2817,2025-02-26 16:59:00,2025-02-26 17:06:00,F,20~29,office,seoul,0,0,0,0,2,0,0,35,0,0,completed
32815,U2818,2025-08-26 13:02:00,2025-08-26 13:04:00,F,20~29,office,seoul,0,0,0,0,10,0,0,62,0,0,completed
32816,U2819,2025-06-03 12:39:00,2025-06-03 12:44:00,F,20~29,office,seoul,0,0,0,0,0,0,0,69,0,1,completed
32817,U2820,2025-08-08 09:16:00,2025-08-08 09:21:00,F,20~29,office,seoul,0,0,0,0,10,0,0,33,0,0,completed
32818,U2821,2025-01-30 09:13:00,2025-01-30 09:20:00,M,20~29,office,seoul,0,0,0,0,8,0,0,31,0,0,completed
32819,U2822,2025-04-16 12:09:00,2025-04-16 12:15:00,F,20~29,office,seoul,0,0,0,0,28,0,0,54,0,0,completed
32820,U2823,2025-05-11 11:41:00,2025-05-11 11:44:00,M,30~39,office,seoul,1,0,0,0,23,0,0,65,0,0,completed
32821,U2824,2025-10-17 07:27:00,2025-10-17 07:30:00,F,20~29,office,seoul,0,0,0,0,21,0,0,31,0,0,completed
32822,U2825,2025-03-04 16:14:00,2025-03-04 16:18:00,F,40~49,office,seoul,0,0,0,0,12,0,0,41,0,0,completed
32823,U2826,2025-11-13 08:07:00,2025-11-13 08:13:00,F,30~39,office,seoul,0,0,0,0,26,0,0,72,0,0,completed
32824,U2827,2025-04-16 09:55:00,2025-04-16 09:58:00,F,50+,office,seoul,0,0,0,0,15,0,0,45,1,0,completed
32825,U2828,2025-05-22 12:58:00,2025-05-22 13:03:00,F,30~39,office,seoul,0,0,0,0,3,0,0,45,0,0,timeout
32826,U2829,2025-09-22 08:38:00,2025-09-22 08:43:00,F,50+,office,seoul,0,0,0,0,19,0,0,70,0,0,completed
32827,U2830,2025-06-02 19:53:00,2025-06-02 20:00:00,F,20~29,office,seoul,0,0,0,0,15,0,0,36,0,0,completed
32828,U2831,2025-01-09 22:34:00,2025-01-09 22:36:00,M,20~29,office,seoul,0,0,0,0,29,0,0,16,0,0,abandoned
32829,U2832,2025-07-04 09:49:00,2025-07-04 09:54:00,M,30~39,office,seoul,0,0,0,0,21,0,0,45,0,0,completed
32830,U2833,2025-12-26 08:27:00,2025-12-26 08:32:00,M,20~29,office,seoul,0,0,0,0,13,0,0,46,0,0,completed
32831,U2834,2025-01-02 14:48:00,2025-01-02 14:54:00,F,30~39,office,seoul,0,0,0,0,5,0,0,37,0,0,completed
32832,U2835,2025-04-30 08:32:00,2025-04-30 08:34:00,M,30~39,office,seoul,0,0,0,0,2,0,0,65,0,0,completed
32833,U2836,2025-12-12 16:42:00,2025-12-12 16:46:00,F,20~29,office,seoul,0,0,0,0,4,0,0,27,0,0,completed
32834,U2837,2025-08-01 13:28:00,2025-08-01 13:32:00,M,20~29,office,seoul,0,0,0,0,22,0,0,23,0,0,completed
32835,U2838,2025-09-29 11:36:00,2025-09-29 11:40:00,F,50+,office,seoul,0,0,0,0,13,0,0,49,0,0,completed
32836,U2839,2025-08-30 19:36:00,2025-08-30 19:40:00,F,30~39,office,seoul,1,0,0,0,5,0,0,79,0,0,completed
32837,U2840,2025-04-02 14:51:00,2025-04-02 14:58:00,M,30~39,office,seoul,0,0,0,0,23,0,0,54,0,0,completed
32838,U2841,2025-02-27 17:34:00,2025-02-27 17:38:00,F,30~39,office,seoul,0,0,0,0,10,0,0,51,0,0,abandoned
32839,U2842,2025-02-10 09:05:00,2025-02-10 09:07:00,M,20~29,office,seoul,0,0,0,0,5,0,0,65,0,0,completed
32840,U2843,2025-04-14 07:09:00,2025-04-14 07:16:00,F,40~49,office,seoul,0,0,0,0,1,0,0,22,0,0,completed
32841,U2844,2025-04-04 18:03:00,2025-04-04 18:09:00,F,40~49,office,seoul,0,0,0,0,10,0,0,31,0,0,completed
32842,U2845,2025-11-20 15:51:00,2025-11-20 15:53:00,M,20~29,office,seoul,0,0,0,0,7,0,0,26,0,0,completed
32843,U2846,2025-07-29 09:23:00,2025-07-29 09:30:00,F,40~49,office,seoul,0,0,0,0,10,0,0,33,0,0,completed
32844,U2847,2025-05-05 14:49:00,2025-05-05 14:54:00,F,30~39,office,seoul,0,0,0,0,26,0,0,22,0,0,completed
32845,U2848,2025-02-18 13:46:00,2025-02-18 13:49:00,F,30~39,office,seoul,0,0,0,0,26,0,0,71,0,0,completed
32846,U2849,2025-01-09 09:18:00,2025-01-09 09:20:00,F,20~29,office,seoul,0,0,0,0,12,0,0,42,0,0,completed
32847,U2850,2025-07-21 13:19:00,2025-07-21 13:21:00,F,20~29,office,seoul,0,0,0,0,19,0,0,38,0,0,completed
32848,U2851,2025-12-12 15:49:00,2025-12-12 15:51:00,F,30~39,office,seoul,0,0,0,0,8,0,0,72,0,0,abandoned
32849,U2852,2025-06-06 15:05:00,2025-06-06 15:12:00,F,40~49,office,seoul,0,0,0,0,23,0,0,20,0,0,completed
32850,U2853,2025-07-07 19:47:00,2025-07-07 19:51:00,M,50+,office,seoul,0,0,0,0,7,0,0,12,0,0,completed
32851,U2854,2025-12-28 19:16:00,2025-12-28 19:20:00,F,30~39,office,seoul,1,0,0,0,13,0,0,52,0,0,abandoned
32852,U2855,2025-12-03 14:19:00,2025-12-03 14:22:00,M,30~39,office,seoul,0,0,0,0,13,0,0,47,0,0,completed
32853,U2856,2025-01-02 08:13:00,2025-01-02 08:15:00,F,20~29,office,seoul,0,0,0,0,8,0,0,78,0,0,completed
32854,U2857,2025-09-11 07:30:00,2025-09-11 07:37:00,M,40~49,office,seoul,0,0,0,0,23,0,0,41,0,0,completed
32855,U2858,2025-08-07 13:13:00,2025-08-07 13:17:00,M,50+,office,seoul,0,0,0,0,14,0,0,20,0,0,completed
32856,U2859,2025-02-24 07:48:00,2025-02-24 07:53:00,F,40~49,office,seoul,0,0,0,0,26,0,0,43,1,0,completed
32857,U2860,2025-04-14 15:54:00,2025-04-14 15:59:00,M,40~49,office,seoul,0,0,0,0,2,0,0,66,0,0,completed
32858,U2861,2025-03-26 13:56:00,2025-03-26 14:01:00,F,40~49,office,seoul,0,0,0,0,22,0,0,18,0,0,completed
32859,U2862,2025-10-29 08:03:00,2025-10-29 08:07:00,F,30~39,office,seoul,0,0,0,0,7,0,0,60,0,0,completed
32860,U2863,2025-03-18 14:32:00,2025-03-18 14:39:00,M,50+,office,seoul,0,0,0,0,2,0,0,44,0,0,completed
32861,U2864,2025-06-24 11:45:00,2025-06-24 11:52:00,F,50+,office,seoul,0,0,0,0,24,0,0,39,0,0,completed
32862,U2865,2025-07-05 08:17:00,2025-07-05 08:22:00,F,50+,office,seoul,1,0,0,0,13,0,0,19,1,0,completed
32863,U2866,2025-11-08 19:37:00,2025-11-08 19:42:00,M,30~39,office,seoul,1,0,0,0,16,0,0,35,1,0,completed
32864,U2867,2025-01-08 21:42:00,2025-01-08 21:45:00,F,20~29,office,seoul,0,0,0,0,17,0,0,11,0,0,completed
32865,U2868,2025-01-28 12:26:00,2025-01-28 12:30:00,F,50+,office,seoul,0,0,0,0,8,0,0,67,0,1,error
32866,U2869,2025-08-15 17:29:00,2025-08-15 17:33:00,M,30~39,office,seoul,0,0,0,0,11,0,0,25,0,0,completed
32867,U2870,2025-12-29 22:33:00,2025-12-29 22:37:00,F,20~29,office,seoul,0,0,0,0,19,0,0,35,0,0,completed
32868,U2871,2025-10-01 15:55:00,2025-10-01 15:58:00,M,50+,office,seoul,0,0,0,0,21,0,0,23,0,0,completed
32869,U2872,2025-09-20 20:37:00,2025-09-20 20:41:00,F,30~39,office,seoul,1,0,0,0,15,0,0,39,0,0,completed
32870,U2873,2025-02-08 17:23:00,2025-02-08 17:29:00,M,20~29,office,seoul,1,0,0,0,21,0,0,77,0,0,completed
32871,U2874,2025-07-13 18:57:00,2025-07-13 19:01:00,F,50+,office,seoul,1,0,0,0,11,0,0,72,0,0,completed
32872,U2875,2025-03-31 16:36:00,2025-03-31 16:42:00,F,40~49,office,seoul,0,0,0,0,7,0,0,24,0,0,completed
32873,U2876,2025-02-09 15:53:00,2025-02-09 15:57:00,F,30~39,office,seoul,1,0,0,0,15,0,0,61,0,0,completed
32874,U2877,2025-11-05 14:07:00,2025-11-05 14:10:00,F,30~39,office,seoul,0,0,0,0,16,0,0,56,0,0,completed
32875,U2878,2025-11-10 07:34:00,2025-11-10 07:36:00,F,20~29,office,seoul,0,0,0,0,2,0,0,72,0,0,abandoned
32876,U2879,2025-07-15 14:04:00,2025-07-15 14:11:00,F,30~39,office,seoul,0,0,0,0,2,0,0,51,0,0,completed
32877,U2880,2025-03-22 07:01:00,2025-03-22 07:03:00,M,20~29,office,seoul,1,0,0,0,5,0,0,34,0,0,timeout
32878,U2881,2025-02-10 17:54:00,2025-02-10 17:56:00,M,20~29,office,seoul,0,0,0,0,24,0,0,56,0,0,completed
32879,U2882,2025-06-07 07:55:00,2025-06-07 07:58:00,F,30~39,office,seoul,1,0,0,0,5,0,0,30,0,0,completed
32880,U2883,2025-03-26 12:10:00,2025-03-26 12:12:00,M,50+,office,seoul,0,0,0,0,1,0,0,24,1,0,completed
32881,U2884,2025-08-19 13:22:00,2025-08-19 13:24:00,M,30~39,office,seoul,0,0,0,0,29,0,0,37,0,0,completed
32882,U2885,2025-09-30 14:18:00,2025-09-30 14:23:00,M,20~29,office,seoul,0,0,0,0,25,0,0,31,0,0,completed
32883,U2886,2025-10-13 14:41:00,2025-10-13 14:47:00,M,40~49,office,seoul,0,0,0,0,14,0,0,58,0,0,completed
32884,U2887,2025-07-26 22:19:00,2025-07-26 22:23:00,M,30~39,office,seoul,1,0,0,0,27,0,0,22,0,0,completed
32885,U2888,2025-03-04 11:49:00,2025-03-04 11:53:00,M,20~29,office,seoul,0,0,0,0,21,0,0,30,0,0,completed
32886,U2889,2025-07-18 09:46:00,2025-07-18 09:48:00,F,40~49,office,seoul,0,0,0,0,5,0,0,40,0,0,completed
32887,U2890,2025-03-10 21:52:00,2025-03-10 21:59:00,F,50+,office,seoul,0,0,0,0,20,0,0,39,0,0,completed
32888,U2891,2025-10-18 21:13:00,2025-10-18 21:17:00,F,40~49,office,seoul,1,0,0,0,17,0,0,65,0,0,completed
32889,U2892,2025-03-23 21:44:00,2025-03-23 21:50:00,F,20~29,office,seoul,1,0,0,0,15,0,0,55,0,0,completed
32890,U2893,2025-01-21 07:38:00,2025-01-21 07:41:00,M,50+,office,seoul,0,0,0,0,27,0,0,68,0,0,completed
32891,U2894,2025-04-24 11:46:00,2025-04-24 11:53:00,F,20~29,office,seoul,0,0,0,0,23,0,0,13,0,0,completed
32892,U2895,2025-01-27 17:16:00,2025-01-27 17:20:00,M,20~29,office,seoul,0,0,0,0,2,0,0,32,0,0,completed
32893,U2896,2025-05-30 18:43:00,2025-05-30 18:47:00,M,30~39,office,seoul,0,0,0,0,10,0,0,17,0,0,completed
32894,U2897,2025-09-25 15:16:00,2025-09-25 15:19:00,M,30~39,office,seoul,0,0,0,0,2,0,0,15,0,0,abandoned
32895,U2898,2025-10-09 13:13:00,2025-10-09 13:20:00,F,20~29,office,seoul,0,0,0,0,8,0,0,44,0,0,completed
32896,U2899,2025-10-26 09:19:00,2025-10-26 09:25:00,M,20~29,office,seoul,1,0,0,0,19,0,0,42,0,0,completed
32897,U2900,2025-08-22 11:48:00,2025-08-22 11:54:00,F,50+,office,seoul,0,0,0,0,0,0,0,67,0,0,completed
32898,U2901,2025-02-17 16:45:00,2025-02-17 16:48:00,F,20~29,office,seoul,0,0,0,0,22,0,0,26,0,0,completed
32899,U2902,2025-05-17 09:11:00,2025-05-17 09:15:00,F,20~29,office,seoul,1,0,0,0,16,0,0,27,0,0,completed
32900,U2903,2025-02-12 09:04:00,2025-02-12 09:07:00,M,40~49,office,seoul,0,0,0,0,29,0,0,26,0,0,completed
32901,U2904,2025-11-03 12:35:00,2025-11-03 12:39:00,F,50+,office,seoul,0,0,0,0,6,0,0,54,0,0,completed
32902,U2905,2025-09-27 15:58:00,2025-09-27 16:05:00,M,20~29,office,seoul,1,0,0,0,9,0,0,49,0,0,completed
32903,U2906,2025-01-08 16:08:00,2025-01-08 16:11:00,M,20~29,office,seoul,0,0,0,0,2,0,0,50,0,0,completed
32904,U2907,2025-09-16 12:25:00,2025-09-16 12:30:00,F,20~29,office,seoul,0,0,0,0,15,0,0,52,0,0,abandoned
32905,U2908,2025-06-04 08:38:00,2025-06-04 08:44:00,M,30~39,office,seoul,0,0,0,0,15,0,0,48,0,0,completed
32906,U2909,2025-12-10 09:18:00,2025-12-10 09:20:00,M,20~29,office,seoul,0,0,0,0,21,0,0,17,1,0,completed
32907,U2910,2025-04-07 12:33:00,2025-04-07 12:40:00,F,20~29,office,seoul,0,0,0,0,13,0,0,71,0,0,completed
32908,U2911,2025-12-27 15:21:00,2025-12-27 15:28:00,F,30~39,office,seoul,1,0,0,0,11,0,0,18,0,0,completed
32909,U2912,2025-10-10 21:06:00,2025-10-10 21:09:00,F,20~29,office,seoul,0,0,0,0,29,0,0,56,0,0,completed
32910,U2913,2025-08-10 08:07:00,2025-08-10 08:12:00,M,50+,office,seoul,1,0,0,0,0,0,0,41,0,0,completed
32911,U2914,2025-10-17 09:28:00,2025-10-17 09:31:00,F,30~39,office,seoul,0,0,0,0,1,0,0,51,0,0,abandoned
32912,U2915,2025-09-09 13:04:00,2025-09-09 13:08:00,F,40~49,office,seoul,0,0,0,0,24,0,0,35,1,0,completed
32913,U2916,2025-04-09 09:23:00,2025-04-09 09:30:00,F,50+,office,seoul,0,0,0,0,3,0,0,10,0,0,completed
32914,U2917,2025-05-17 09:22:00,2025-05-17 09:24:00,M,20~29,office,seoul,1,0,0,0,12,0,0,42,0,0,error
32915,U2918,2025-03-05 13:56:00,2025-03-05 14:03:00,F,50+,office,seoul,0,0,0,0,11,0,0,72,0,0,completed
32916,U2919,2025-11-14 12:46:00,2025-11-14 12:50:00,F,50+,office,seoul,0,0,0,0,16,0,0,27,0,0,completed
32917,U2920,2025-12-28 22:51:00,2025-12-28 22:56:00,M,50+,office,seoul,1,0,0,0,28,0,0,56,0,0,completed
32918,U2921,2025-10-08 13:29:00,2025-10-08 13:36:00,M,20~29,office,seoul,0,0,0,0,4,0,0,40,0,0,completed
32919,U2922,2025-03-29 16:00:00,2025-03-29 16:04:00,F,40~49,office,seoul,1,0,0,0,10,0,0,49,0,0,completed
32920,U2923,2025-02-04 18:23:00,2025-02-04 18:26:00,M,20~29,office,seoul,0,0,0,0,2,0,0,62,0,0,error
32921,U2924,2025-05-11 19:51:00,2025-05-11 19:53:00,F,30~39,office,seoul,1,0,0,0,19,0,0,54,0,0,completed
32922,U2925,2025-01-05 13:10:00,2025-01-05 13:14:00,M,50+,office,seoul,1,0,0,0,16,0,0,24,0,0,completed
32923,U2926,2025-04-02 17:36:00,2025-04-02 17:38:00,M,20~29,office,seoul,0,0,0,0,5,0,0,43,0,0,completed
32924,U2927,2025-11-05 12:59:00,2025-11-05 13:04:00,M,30~39,office,seoul,0,0,0,0,6,0,0,59,0,0,abandoned
32925,U2928,2025-07-18 15:28:00,2025-07-18 15:32:00,F,30~39,office,seoul,0,0,0,0,25,0,0,15,0,0,completed
32926,U2929,2025-06-18 20:56:00,2025-06-18 21:01:00,M,40~49,office,seoul,0,0,0,0,25,0,0,44,0,0,completed
32927,U2930,2025-04-02 20:25:00,2025-04-02 20:30:00,F,50+,office,seoul,0,0,0,0,2,0,0,67,0,0,completed
32928,U2931,2025-10-14 16:35:00,2025-10-14 16:38:00,M,30~39,office,seoul,0,0,0,0,3,0,0,10,0,0,completed
32929,U2932,2025-04-07 11:00:00,2025-04-07 11:07:00,F,50+,office,seoul,0,0,0,0,24,0,0,47,0,0,completed
32930,U2933,2025-11-29 12:18:00,2025-11-29 12:22:00,M,20~29,office,seoul,1,0,0,0,4,0,0,29,0,0,abandoned
32931,U2934,2025-06-15 16:36:00,2025-06-15 16:38:00,F,20~29,office,seoul,1,0,0,0,27,0,0,29,0,0,completed
32932,U2935,2025-05-13 13:55:00,2025-05-13 13:58:00,F,30~39,office,seoul,0,0,0,0,14,0,0,29,0,0,completed
32933,U2936,2025-09-16 15:39:00,2025-09-16 15:46:00,F,30~39,office,seoul,0,0,0,0,1,0,0,73,0,0,completed
32934,U2937,2025-07-07 09:51:00,2025-07-07 09:54:00,F,20~29,office,seoul,0,0,0,0,16,0,0,55,0,0,completed
32935,U2938,2025-07-10 12:24:00,2025-07-10 12:26:00,M,20~29,office,seoul,0,0,0,0,22,0,0,60,0,0,completed
32936,U2939,2025-07-07 12:25:00,2025-07-07 12:29:00,M,40~49,office,seoul,0,0,0,0,27,0,0,74,0,0,completed
32937,U2940,2025-06-06 20:33:00,2025-06-06 20:39:00,F,20~29,office,seoul,0,0,0,0,13,0,0,45,0,0,completed
32938,U2941,2025-02-11 19:56:00,2025-02-11 20:03:00,M,50+,office,seoul,0,0,0,0,19,0,0,28,1,0,completed
32939,U2942,2025-12-03 17:57:00,2025-12-03 18:01:00,F,20~29,office,seoul,0,0,0,0,10,0,0,67,0,0,completed
32940,U2943,2025-07-20 13:07:00,2025-07-20 13:14:00,F,30~39,office,seoul,1,0,0,0,4,0,0,33,0,0,completed
32941,U2944,2025-03-17 09:17:00,2025-03-17 09:23:00,F,20~29,office,seoul,0,0,0,0,4,0,0,63,0,0,completed
32942,U2945,2025-11-13 12:58:00,2025-11-13 13:05:00,F,30~39,office,seoul,0,0,0,0,18,0,0,59,0,0,completed
32943,U2946,2025-12-16 13:15:00,2025-12-16 13:19:00,F,20~29,office,seoul,0,0,0,0,26,0,0,29,0,0,completed
32944,U2947,2025-05-31 15:23:00,2025-05-31 15:26:00,F,50+,office,seoul,1,0,0,0,23,0,0,78,0,0,completed
32945,U2948,2025-10-10 11:36:00,2025-10-10 11:42:00,F,20~29,office,seoul,0,0,0,0,11,0,0,47,0,0,completed
32946,U2949,2025-11-05 17:31:00,2025-11-05 17:35:00,F,50+,office,seoul,0,0,0,0,28,0,0,18,0,0,completed
32947,U2950,2025-09-16 16:33:00,2025-09-16 16:37:00,M,40~49,office,seoul,0,0,0,0,4,0,0,23,0,0,completed
32948,U2951,2025-11-21 18:34:00,2025-11-21 18:39:00,F,20~29,office,seoul,0,0,0,0,9,0,0,69,0,0,completed
32949,U2952,2025-05-31 12:08:00,2025-05-31 12:13:00,M,20~29,office,seoul,1,0,0,0,20,0,0,28,0,0,completed
32950,U2953,2025-04-06 12:22:00,2025-04-06 12:25:00,F,20~29,office,seoul,1,0,0,0,24,0,0,41,0,0,completed
32951,U2954,2025-12-06 18:04:00,2025-12-06 18:08:00,M,20~29,office,seoul,1,0,0,0,17,0,0,59,0,0,completed
32952,U2955,2025-06-10 09:57:00,2025-06-10 10:03:00,F,30~39,office,seoul,0,0,0,0,12,0,0,24,0,0,completed
32953,U2956,2025-10-06 15:12:00,2025-10-06 15:15:00,M,20~29,office,seoul,0,0,0,0,24,0,0,17,0,0,completed
32954,U2957,2025-12-05 19:38:00,2025-12-05 19:45:00,F,20~29,office,seoul,0,0,0,0,5,0,0,70,0,0,completed
32955,U2958,2025-12-07 11:52:00,2025-12-07 11:56:00,F,40~49,office,seoul,1,0,0,0,18,0,0,26,0,0,completed
32956,U2959,2025-10-27 15:50:00,2025-10-27 15:54:00,M,20~29,office,seoul,0,0,0,0,6,0,0,27,0,0,completed
32957,U2960,2025-01-21 15:56:00,2025-01-21 15:58:00,F,20~29,office,seoul,0,0,0,0,1,0,0,23,0,0,completed
32958,U2961,2025-05-06 18:44:00,2025-05-06 18:46:00,M,30~39,office,seoul,0,0,0,0,2,0,0,58,0,0,completed
32959,U2962,2025-07-12 09:23:00,2025-07-12 09:25:00,F,50+,office,seoul,1,0,0,0,20,0,0,12,0,0,completed
32960,U2963,2025-02-12 12:47:00,2025-02-12 12:50:00,F,20~29,office,seoul,0,0,0,0,14,0,0,44,0,0,completed
32961,U2964,2025-11-12 12:51:00,2025-11-12 12:57:00,F,30~39,office,seoul,0,0,0,0,5,0,0,16,0,0,completed
32962,U2965,2025-02-17 08:37:00,2025-02-17 08:41:00,F,40~49,office,seoul,0,0,0,0,13,0,0,76,0,0,completed
32963,U2966,2025-10-16 19:04:00,2025-10-16 19:06:00,F,40~49,office,seoul,0,0,0,0,7,0,0,22,0,0,completed
32964,U2967,2025-12-06 07:04:00,2025-12-06 07:08:00,M,20~29,office,seoul,1,0,0,0,16,0,0,74,0,0,completed
32965,U2968,2025-07-07 14:13:00,2025-07-07 14:15:00,F,30~39,office,seoul,0,0,0,0,29,0,0,17,0,0,completed
32966,U2969,2025-07-21 16:46:00,2025-07-21 16:53:00,M,20~29,office,seoul,0,0,0,0,26,0,0,48,0,0,completed
32967,U2970,2025-01-24 09:35:00,2025-01-24 09:41:00,F,50+,office,seoul,0,0,0,0,11,0,0,52,0,0,completed
32968,U2971,2025-02-06 15:42:00,2025-02-06 15:49:00,M,50+,office,seoul,0,0,0,0,15,0,0,34,0,0,completed
32969,U2972,2025-03-08 16:31:00,2025-03-08 16:37:00,F,20~29,office,seoul,1,0,0,0,11,0,0,16,0,0,completed
32970,U2973,2025-01-25 18:56:00,2025-01-25 19:03:00,F,30~39,office,seoul,1,0,0,0,24,0,0,49,0,0,completed
32971,U2974,2025-01-07 13:53:00,2025-01-07 13:59:00,F,50+,office,seoul,0,0,0,0,8,0,0,70,0,0,completed
32972,U2975,2025-11-09 14:28:00,2025-11-09 14:33:00,M,50+,office,seoul,1,0,0,0,21,0,0,11,0,0,completed
32973,U2976,2025-08-23 18:20:00,2025-08-23 18:24:00,M,20~29,office,seoul,1,0,0,0,12,0,0,31,0,0,completed
32974,U2977,2025-04-22 14:18:00,2025-04-22 14:20:00,M,50+,office,seoul,0,0,0,0,8,0,0,52,0,0,completed
32975,U2978,2025-02-17 15:34:00,2025-02-17 15:40:00,F,40~49,office,seoul,0,0,0,0,19,0,0,20,0,0,completed
32976,U2979,2025-03-23 16:10:00,2025-03-23 16:16:00,M,50+,office,seoul,1,0,0,0,4,0,0,49,0,0,completed
32977,U2980,2025-09-22 14:09:00,2025-09-22 14:15:00,M,30~39,office,seoul,0,0,0,0,12,0,0,69,0,0,abandoned
32978,U2981,2025-09-16 19:14:00,2025-09-16 19:17:00,F,50+,office,seoul,0,0,0,0,29,0,0,14,0,0,abandoned
32979,U2982,2025-05-27 14:34:00,2025-05-27 14:41:00,F,30~39,office,seoul,0,0,0,0,3,0,0,25,0,0,abandoned
32980,U2983,2025-04-25 18:15:00,2025-04-25 18:21:00,F,30~39,office,seoul,0,0,0,0,1,0,0,10,0,0,completed
32981,U2984,2025-09-19 19:46:00,2025-09-19 19:52:00,F,20~29,office,seoul,0,0,0,0,6,0,0,57,0,0,completed
32982,U2985,2025-03-28 08:42:00,2025-03-28 08:46:00,F,30~39,office,seoul,0,0,0,0,10,0,0,62,0,0,completed
32983,U2986,2025-10-02 13:00:00,2025-10-02 13:02:00,F,40~49,office,seoul,0,0,0,0,29,0,0,72,0,0,completed
32984,U2987,2025-08-13 17:55:00,2025-08-13 17:58:00,F,20~29,office,seoul,0,0,0,0,6,0,0,60,0,0,completed
32985,U2988,2025-12-27 09:59:00,2025-12-27 10:03:00,F,30~39,office,seoul,1,0,0,0,17,0,0,18,0,0,completed
32986,U2989,2025-06-12 09:16:00,2025-06-12 09:23:00,M,50+,office,seoul,0,0,0,0,25,0,0,64,0,0,completed
32987,U2990,2025-02-15 08:15:00,2025-02-15 08:17:00,F,30~39,office,seoul,1,0,0,0,19,0,0,63,0,0,completed
32988,U2991,2025-01-30 13:31:00,2025-01-30 13:34:00,F,20~29,office,seoul,0,0,0,0,20,0,0,74,0,0,completed
32989,U2992,2025-03-09 12:26:00,2025-03-09 12:29:00,M,20~29,office,seoul,1,0,0,0,29,0,0,51,0,0,completed
32990,U2993,2025-03-07 15:54:00,2025-03-07 16:00:00,M,50+,office,seoul,0,0,0,0,1,0,0,35,1,0,completed
32991,U2994,2025-07-04 13:07:00,2025-07-04 13:09:00,M,30~39,office,seoul,0,0,0,0,13,0,0,36,1,0,abandoned
32992,U2995,2025-09-10 19:40:00,2025-09-10 19:44:00,F,40~49,office,seoul,0,0,0,0,29,0,0,76,0,0,completed
32993,U2996,2025-12-24 08:06:00,2025-12-24 08:12:00,M,50+,office,seoul,0,0,0,0,21,0,0,25,0,0,completed
32994,U2997,2025-01-02 14:07:00,2025-01-02 14:12:00,F,50+,office,seoul,0,0,0,0,12,0,0,11,0,0,completed
32995,U2998,2025-12-02 15:09:00,2025-12-02 15:13:00,F,30~39,office,seoul,0,0,0,0,28,0,0,35,0,0,completed
32996,U2999,2025-04-17 16:51:00,2025-04-17 16:54:00,F,20~29,office,seoul,0,0,0,0,11,0,0,68,0,0,abandoned
32997,U3000,2025-07-01 14:26:00,2025-07-01 14:32:00,F,20~29,office,seoul,0,0,0,0,29,0,0,76,0,0,abandoned
32998,U3001,2025-10-20 16:28:00,2025-10-20 16:33:00,M,20~29,office,seoul,0,0,0,0,9,0,0,29,0,0,abandoned
32999,U3002,2025-05-17 12:19:00,2025-05-17 12:23:00,M,30~39,office,seoul,1,0,0,0,17,0,0,26,0,0,timeout
33000,U3003,2025-07-12 13:03:00,2025-07-12 13:06:00,M,30~39,office,seoul,1,0,0,0,11,0,0,33,0,0,completed
33001,U3004,2025-09-19 12:50:00,2025-09-19 12:56:00,F,50+,office,seoul,0,0,0,0,15,0,0,45,0,0,completed
33002,U3005,2025-05-18 15:08:00,2025-05-18 15:14:00,F,20~29,office,seoul,1,0,0,0,14,0,0,34,0,0,completed
33003,U3006,2025-04-30 12:41:00,2025-04-30 12:46:00,F,20~29,office,seoul,0,0,0,0,8,0,0,16,0,0,completed
33004,U3007,2025-01-08 09:37:00,2025-01-08 09:41:00,F,50+,office,seoul,0,0,0,0,5,0,0,75,0,0,completed
33005,U3008,2025-01-30 14:38:00,2025-01-30 14:42:00,M,30~39,office,seoul,0,0,0,0,28,0,0,19,0,0,completed
33006,U3009,2025-08-15 19:05:00,2025-08-15 19:07:00,M,40~49,office,seoul,0,0,0,0,10,0,0,79,0,0,abandoned
33007,U3010,2025-03-24 08:34:00,2025-03-24 08:40:00,F,20~29,office,seoul,0,0,0,0,5,0,0,40,0,0,completed
33008,U3011,2025-02-26 08:28:00,2025-02-26 08:33:00,F,20~29,office,seoul,0,0,0,0,12,0,0,38,0,0,completed
33009,U3012,2025-03-11 16:13:00,2025-03-11 16:19:00,F,50+,office,seoul,0,0,0,0,4,0,0,24,1,0,completed
33010,U3013,2025-08-06 18:05:00,2025-08-06 18:09:00,M,30~39,office,seoul,0,0,0,0,1,0,0,37,0,0,completed
33011,U3014,2025-08-23 16:29:00,2025-08-23 16:34:00,F,30~39,office,seoul,1,0,0,0,18,0,0,56,0,0,timeout
33012,U3015,2025-07-12 19:32:00,2025-07-12 19:37:00,F,30~39,office,seoul,1,0,0,0,8,0,0,55,0,0,completed
33013,U3016,2025-10-12 13:45:00,2025-10-12 13:52:00,F,40~49,office,seoul,1,0,0,0,2,0,0,63,0,1,completed
33014,U3017,2025-05-09 07:55:00,2025-05-09 08:01:00,M,20~29,office,seoul,0,0,0,0,7,0,0,18,0,0,completed
33015,U3018,2025-10-11 16:54:00,2025-10-11 17:00:00,F,20~29,office,seoul,1,0,0,0,3,0,0,44,0,0,completed
33016,U3019,2025-02-01 12:32:00,2025-02-01 12:39:00,F,40~49,office,seoul,1,0,0,0,4,0,0,58,0,0,completed
33017,U3020,2025-05-02 19:44:00,2025-05-02 19:49:00,F,20~29,office,seoul,0,0,0,0,17,0,0,74,0,0,completed
33018,U3021,2025-08-07 09:41:00,2025-08-07 09:48:00,F,40~49,office,seoul,0,0,0,0,29,0,0,39,0,0,completed
33019,U3022,2025-04-26 14:42:00,2025-04-26 14:47:00,M,40~49,office,seoul,1,0,0,0,7,0,0,57,0,0,completed
33020,U3023,2025-05-15 17:22:00,2025-05-15 17:29:00,F,20~29,office,seoul,0,0,0,0,1,0,0,34,0,0,completed
33021,U3024,2025-08-13 14:58:00,2025-08-13 15:02:00,F,30~39,office,seoul,0,0,0,0,14,0,0,42,0,0,completed
33022,U3025,2025-05-05 18:19:00,2025-05-05 18:22:00,F,30~39,office,seoul,0,0,0,0,25,0,0,46,0,0,completed
33023,U3026,2025-04-01 19:54:00,2025-04-01 19:59:00,M,20~29,office,seoul,0,0,0,0,29,0,0,71,0,0,completed
33024,U3027,2025-05-16 11:03:00,2025-05-16 11:10:00,F,30~39,office,seoul,0,0,0,0,6,0,0,19,0,0,completed
33025,U3028,2025-08-23 09:23:00,2025-08-23 09:25:00,F,20~29,office,seoul,1,0,0,0,6,0,0,79,0,0,completed
33026,U3029,2025-05-10 12:09:00,2025-05-10 12:16:00,F,20~29,office,seoul,1,0,0,0,6,0,0,17,0,0,completed
33027,U3030,2025-07-20 12:27:00,2025-07-20 12:33:00,M,30~39,office,seoul,1,0,0,0,26,0,0,64,0,0,completed
33028,U3031,2025-09-23 15:55:00,2025-09-23 16:01:00,M,40~49,office,seoul,0,0,0,0,7,0,0,18,0,0,completed
33029,U3032,2025-09-05 12:04:00,2025-09-05 12:10:00,F,30~39,office,seoul,0,0,0,0,19,0,0,14,0,0,completed
33030,U3033,2025-10-16 14:01:00,2025-10-16 14:08:00,M,30~39,office,seoul,0,0,0,0,9,0,0,76,0,0,completed
33031,U3034,2025-10-26 16:32:00,2025-10-26 16:38:00,M,20~29,office,seoul,1,0,0,0,9,0,0,59,0,0,timeout
33032,U3035,2025-07-13 17:01:00,2025-07-13 17:06:00,F,30~39,office,seoul,1,0,0,0,24,0,0,20,0,0,completed
33033,U3036,2025-08-12 16:33:00,2025-08-12 16:36:00,F,30~39,office,seoul,0,0,0,0,11,0,0,67,0,0,completed
33034,U3037,2025-04-01 18:41:00,2025-04-01 18:48:00,M,40~49,office,seoul,0,0,0,0,23,0,0,59,0,0,completed
33035,U3038,2025-05-24 18:35:00,2025-05-24 18:38:00,M,20~29,office,seoul,1,0,0,0,15,0,0,28,0,0,error
33036,U3039,2025-03-05 21:19:00,2025-03-05 21:25:00,F,50+,office,seoul,0,0,0,0,9,0,0,17,0,0,completed
33037,U3040,2025-07-29 18:41:00,2025-07-29 18:45:00,F,20~29,office,seoul,0,0,0,0,7,0,0,77,0,0,completed
33038,U3041,2025-10-27 15:36:00,2025-10-27 15:39:00,M,30~39,office,seoul,0,0,0,0,25,0,0,20,0,0,timeout
33039,U3042,2025-12-19 09:14:00,2025-12-19 09:21:00,F,20~29,office,seoul,0,0,0,0,1,0,0,45,0,0,completed
33040,U3043,2025-07-15 15:39:00,2025-07-15 15:43:00,F,20~29,office,seoul,0,0,0,0,4,0,0,71,0,0,completed
33041,U3044,2025-12-27 17:39:00,2025-12-27 17:44:00,F,20~29,office,seoul,1,0,0,0,24,0,0,39,0,0,completed
33042,U3045,2025-05-08 13:14:00,2025-05-08 13:18:00,F,20~29,office,seoul,0,0,0,0,28,0,0,64,0,0,abandoned
33043,U3046,2025-05-17 08:29:00,2025-05-17 08:32:00,F,20~29,office,seoul,1,0,0,0,11,0,0,59,0,0,completed
33044,U3047,2025-01-10 15:24:00,2025-01-10 15:27:00,M,30~39,office,seoul,0,0,0,0,5,0,0,25,0,0,completed
33045,U3048,2025-12-17 20:58:00,2025-12-17 21:02:00,M,20~29,office,seoul,0,0,0,0,0,0,0,55,0,0,completed
33046,U3049,2025-06-16 17:14:00,2025-06-16 17:17:00,F,30~39,office,seoul,0,0,0,0,18,0,0,40,0,0,completed
33047,U3050,2025-05-22 11:50:00,2025-05-22 11:54:00,F,20~29,office,seoul,0,0,0,0,3,0,0,24,0,0,completed
33048,U3051,2025-05-03 14:06:00,2025-05-03 14:13:00,F,40~49,office,seoul,1,0,0,0,5,0,0,53,0,0,completed
33049,U3052,2025-06-15 18:46:00,2025-06-15 18:51:00,M,30~39,office,seoul,1,0,0,0,20,0,0,21,0,0,error
33050,U3053,2025-01-01 12:56:00,2025-01-01 13:02:00,F,20~29,office,seoul,0,0,0,0,19,0,0,24,0,0,completed
33051,U3054,2025-06-17 13:35:00,2025-06-17 13:41:00,F,30~39,office,seoul,0,0,0,0,15,0,0,40,0,0,completed
33052,U3055,2025-11-20 17:56:00,2025-11-20 18:03:00,M,30~39,office,seoul,0,0,0,0,21,0,0,34,0,0,completed
33053,U3056,2025-12-21 11:45:00,2025-12-21 11:52:00,M,50+,office,seoul,1,0,0,0,22,0,0,55,0,0,completed
33054,U3057,2025-02-07 15:35:00,2025-02-07 15:41:00,F,50+,office,seoul,0,0,0,0,26,0,0,49,0,1,abandoned
33055,U3058,2025-02-20 12:52:00,2025-02-20 12:54:00,M,30~39,office,seoul,0,0,0,0,15,0,0,17,0,0,completed
33056,U3059,2025-12-30 19:16:00,2025-12-30 19:23:00,F,40~49,office,seoul,0,0,0,0,12,0,0,48,0,0,completed
33057,U3060,2025-01-21 14:57:00,2025-01-21 15:01:00,F,20~29,office,seoul,0,0,0,0,10,0,0,67,0,0,completed
33058,U3061,2025-11-08 12:41:00,2025-11-08 12:47:00,M,20~29,office,seoul,1,0,0,0,29,0,0,77,0,0,completed
33059,U3062,2025-11-17 08:23:00,2025-11-17 08:28:00,F,20~29,office,seoul,0,0,0,0,20,0,0,10,0,0,completed
33060,U3063,2025-08-08 16:48:00,2025-08-08 16:53:00,F,50+,office,seoul,0,0,0,0,15,0,0,27,0,0,completed
33061,U3064,2025-05-06 14:57:00,2025-05-06 14:59:00,F,30~39,office,seoul,0,0,0,0,26,0,0,62,0,0,completed
33062,U3065,2025-01-01 18:08:00,2025-01-01 18:15:00,F,50+,office,seoul,0,0,0,0,8,0,0,47,0,0,completed
33063,U3066,2025-11-20 17:01:00,2025-11-20 17:04:00,M,50+,office,seoul,0,0,0,0,15,0,0,22,0,0,completed
33064,U3067,2025-04-15 19:11:00,2025-04-15 19:18:00,F,20~29,office,seoul,0,0,0,0,24,0,0,72,0,0,completed
33065,U3068,2025-12-09 18:25:00,2025-12-09 18:27:00,M,20~29,office,seoul,0,0,0,0,11,0,0,62,0,0,completed
33066,U3069,2025-04-22 20:55:00,2025-04-22 20:59:00,F,40~49,office,seoul,0,0,0,0,0,0,0,70,0,0,completed
33067,U3070,2025-11-19 18:54:00,2025-11-19 18:57:00,F,30~39,office,seoul,0,0,0,0,26,0,0,52,0,0,completed
33068,U3071,2025-04-21 17:57:00,2025-04-21 18:02:00,M,50+,office,seoul,0,0,0,0,0,0,0,62,1,0,completed
33069,U3072,2025-03-19 08:44:00,2025-03-19 08:50:00,M,20~29,office,seoul,0,0,0,0,14,0,0,35,0,0,completed
33070,U3073,2025-05-28 18:46:00,2025-05-28 18:53:00,M,20~29,office,seoul,0,0,0,0,24,0,0,74,0,0,abandoned
33071,U3074,2025-12-28 18:17:00,2025-12-28 18:23:00,F,30~39,office,seoul,1,0,0,0,12,0,0,65,0,0,completed
33072,U3075,2025-06-03 09:58:00,2025-06-03 10:01:00,M,20~29,office,seoul,0,0,0,0,21,0,0,12,0,0,completed
33073,U3076,2025-04-13 11:20:00,2025-04-13 11:22:00,F,20~29,office,seoul,1,0,0,0,17,0,0,23,0,0,abandoned
33074,U3077,2025-04-14 20:57:00,2025-04-14 21:04:00,F,30~39,office,seoul,0,0,0,0,19,0,0,28,0,0,completed
33075,U3078,2025-07-10 09:09:00,2025-07-10 09:12:00,F,20~29,office,seoul,0,0,0,0,7,0,0,46,0,0,completed
33076,U3079,2025-09-14 11:29:00,2025-09-14 11:35:00,F,50+,office,seoul,1,0,0,0,24,0,0,17,0,0,abandoned
33077,U3080,2025-06-10 08:53:00,2025-06-10 08:57:00,F,50+,office,seoul,0,0,0,0,19,0,0,48,0,0,completed
33078,U3081,2025-06-10 12:46:00,2025-06-10 12:52:00,M,30~39,office,seoul,0,0,0,0,22,0,0,20,0,0,completed
33079,U3082,2025-09-08 16:39:00,2025-09-08 16:42:00,F,20~29,office,seoul,0,0,0,0,16,0,0,40,0,0,completed
33080,U3083,2025-09-25 08:14:00,2025-09-25 08:21:00,F,30~39,office,seoul,0,0,0,0,21,0,0,75,0,0,abandoned
33081,U3084,2025-06-29 13:24:00,2025-06-29 13:26:00,F,50+,office,seoul,1,0,0,0,15,0,0,65,0,0,completed
33082,U3085,2025-03-31 14:42:00,2025-03-31 14:49:00,M,30~39,office,seoul,0,0,0,0,10,0,0,55,0,0,error
33083,U3086,2025-12-19 08:25:00,2025-12-19 08:28:00,F,50+,office,seoul,0,0,0,0,25,0,0,16,0,0,completed
33084,U3087,2025-02-28 20:11:00,2025-02-28 20:15:00,F,30~39,office,seoul,0,0,0,0,19,0,0,57,0,0,completed
33085,U3088,2025-02-25 13:49:00,2025-02-25 13:55:00,F,20~29,office,seoul,0,0,0,0,1,0,0,53,0,0,completed
33086,U3089,2025-06-10 16:00:00,2025-06-10 16:05:00,F,30~39,office,seoul,0,0,0,0,25,0,0,53,0,0,completed
33087,U3090,2025-01-07 18:54:00,2025-01-07 18:58:00,M,20~29,office,seoul,0,0,0,0,9,0,0,57,0,0,completed
33088,U3091,2025-05-19 09:08:00,2025-05-19 09:11:00,M,30~39,office,seoul,0,0,0,0,3,0,0,40,0,0,completed
33089,U3092,2025-05-15 19:28:00,2025-05-15 19:30:00,F,20~29,office,seoul,0,0,0,0,4,0,0,43,0,0,completed
33090,U3093,2025-06-24 14:20:00,2025-06-24 14:22:00,M,20~29,office,seoul,0,0,0,0,26,0,0,14,0,0,completed
33091,U3094,2025-01-14 20:37:00,2025-01-14 20:39:00,F,20~29,office,seoul,0,0,0,0,14,0,0,19,0,0,completed
33092,U3095,2025-09-27 11:20:00,2025-09-27 11:25:00,F,30~39,office,seoul,1,0,0,0,26,0,0,10,0,0,completed
33093,U3096,2025-12-20 15:31:00,2025-12-20 15:37:00,M,20~29,office,seoul,1,0,0,0,18,0,0,21,0,0,error
33094,U3097,2025-05-05 13:32:00,2025-05-05 13:37:00,F,30~39,office,seoul,0,0,0,0,18,0,0,56,0,0,abandoned
33095,U3098,2025-09-18 16:45:00,2025-09-18 16:50:00,F,50+,office,seoul,0,0,0,0,14,0,0,11,0,1,completed
33096,U3099,2025-04-19 09:15:00,2025-04-19 09:17:00,F,30~39,office,seoul,1,0,0,0,27,0,0,75,0,0,completed
33097,U3100,2025-05-15 13:21:00,2025-05-15 13:28:00,M,30~39,office,seoul,0,0,0,0,9,0,0,51,0,0,completed
33098,U3101,2025-03-11 17:30:00,2025-03-11 17:36:00,F,20~29,office,seoul,0,0,0,0,5,0,0,67,0,0,completed
33099,U3102,2025-06-11 08:53:00,2025-06-11 08:59:00,F,50+,office,seoul,0,0,0,0,0,0,0,55,0,0,completed
33100,U3103,2025-06-02 20:01:00,2025-06-02 20:03:00,F,40~49,office,seoul,0,0,0,0,27,0,0,22,0,0,completed
33101,U3104,2025-03-18 18:43:00,2025-03-18 18:49:00,M,50+,office,seoul,0,0,0,0,10,0,0,38,0,0,completed
33102,U3105,2025-11-17 11:31:00,2025-11-17 11:37:00,F,20~29,office,seoul,0,0,0,0,7,0,0,55,0,0,completed
33103,U3106,2025-02-06 22:14:00,2025-02-06 22:18:00,M,20~29,office,seoul,0,0,0,0,1,0,0,70,0,0,completed
33104,U3107,2025-01-13 11:14:00,2025-01-13 11:19:00,F,20~29,office,seoul,0,0,0,0,19,0,0,43,0,0,completed
33105,U3108,2025-08-14 15:04:00,2025-08-14 15:09:00,M,20~29,office,seoul,0,0,0,0,22,0,0,73,0,0,completed
33106,U3109,2025-02-19 09:26:00,2025-02-19 09:32:00,M,20~29,office,seoul,0,0,0,0,16,0,0,75,0,0,completed
33107,U3110,2025-12-28 13:53:00,2025-12-28 13:55:00,M,50+,office,seoul,1,0,0,0,14,0,0,65,0,0,completed
33108,U3111,2025-03-27 07:06:00,2025-03-27 07:08:00,M,30~39,office,seoul,0,0,0,0,6,0,0,65,0,0,completed
33109,U3112,2025-03-28 07:21:00,2025-03-28 07:24:00,M,30~39,office,seoul,0,0,0,0,2,0,0,54,0,0,completed
33110,U3113,2025-07-02 18:22:00,2025-07-02 18:25:00,M,20~29,office,seoul,0,0,0,0,13,0,0,79,1,0,completed
33111,U3114,2025-05-25 12:35:00,2025-05-25 12:40:00,M,20~29,office,seoul,1,0,0,0,18,0,0,71,0,0,completed
33112,U3115,2025-06-25 11:13:00,2025-06-25 11:19:00,M,40~49,office,seoul,0,0,0,0,24,0,0,66,0,0,completed
33113,U3116,2025-07-16 17:33:00,2025-07-16 17:38:00,M,20~29,office,seoul,0,0,0,0,2,0,0,37,0,0,completed
33114,U3117,2025-10-08 15:25:00,2025-10-08 15:31:00,F,50+,office,seoul,0,0,0,0,8,0,0,61,0,0,completed
33115,U3118,2025-08-28 19:22:00,2025-08-28 19:27:00,M,50+,office,seoul,0,0,0,0,14,0,0,73,0,0,completed
33116,U3119,2025-11-11 15:51:00,2025-11-11 15:54:00,F,40~49,office,seoul,0,0,0,0,21,0,0,12,0,0,completed
33117,U3120,2025-08-09 09:36:00,2025-08-09 09:40:00,F,50+,office,seoul,1,0,0,0,23,0,0,50,0,0,completed
33118,U3121,2025-08-22 07:18:00,2025-08-22 07:24:00,M,50+,office,seoul,0,0,0,0,19,0,0,62,0,0,abandoned
33119,U3122,2025-04-22 13:12:00,2025-04-22 13:15:00,M,20~29,office,seoul,0,0,0,0,3,0,0,65,0,0,completed
33120,U3123,2025-03-21 15:55:00,2025-03-21 16:02:00,M,30~39,office,seoul,0,0,0,0,21,0,0,69,0,0,completed
33121,U3124,2025-02-18 07:49:00,2025-02-18 07:53:00,M,30~39,office,seoul,0,0,0,0,0,0,0,58,0,0,completed
33122,U3125,2025-09-02 15:30:00,2025-09-02 15:33:00,F,20~29,office,seoul,0,0,0,0,22,0,0,19,0,0,completed
33123,U3126,2025-05-11 17:37:00,2025-05-11 17:43:00,F,20~29,office,seoul,1,0,0,0,18,0,0,57,0,0,completed
33124,U3127,2025-08-02 11:03:00,2025-08-02 11:06:00,M,50+,office,seoul,1,0,0,0,25,0,0,42,0,0,completed
33125,U3128,2025-02-27 12:21:00,2025-02-27 12:23:00,M,40~49,office,seoul,0,0,0,0,19,0,0,74,0,0,completed
33126,U3129,2025-12-19 12:57:00,2025-12-19 13:04:00,F,50+,office,seoul,0,0,0,0,1,0,0,44,1,0,completed
33127,U3130,2025-02-14 15:55:00,2025-02-14 16:00:00,M,30~39,office,seoul,0,0,0,0,12,0,0,50,0,0,completed
33128,U3131,2025-03-20 12:34:00,2025-03-20 12:41:00,M,50+,office,seoul,0,0,0,0,13,0,0,77,0,0,abandoned
33129,U3132,2025-09-12 17:25:00,2025-09-12 17:32:00,F,30~39,office,seoul,0,0,0,0,14,0,0,14,0,0,completed
33130,U3133,2025-11-02 16:44:00,2025-11-02 16:51:00,M,40~49,office,seoul,1,0,0,0,25,0,0,40,1,0,completed
33131,U3134,2025-08-23 15:20:00,2025-08-23 15:24:00,F,50+,office,seoul,1,0,0,0,11,0,0,61,0,0,completed
33132,U3135,2025-06-24 13:19:00,2025-06-24 13:26:00,F,30~39,office,seoul,0,0,0,0,13,0,0,31,0,0,completed
33133,U3136,2025-03-19 14:14:00,2025-03-19 14:17:00,M,40~49,office,seoul,0,0,0,0,2,0,0,72,0,0,completed
33134,U3137,2025-07-15 15:53:00,2025-07-15 15:55:00,F,20~29,office,seoul,0,0,0,0,1,0,0,73,0,0,completed
33135,U3138,2025-08-30 21:09:00,2025-08-30 21:16:00,M,40~49,office,seoul,1,0,0,0,19,0,0,21,0,0,completed
33136,U3139,2025-04-25 08:56:00,2025-04-25 09:02:00,M,40~49,office,seoul,0,0,0,0,10,0,0,44,0,0,completed
33137,U3140,2025-06-10 13:35:00,2025-06-10 13:42:00,F,40~49,office,seoul,0,0,0,0,16,0,0,22,0,0,completed
33138,U3141,2025-12-20 19:51:00,2025-12-20 19:56:00,F,30~39,office,seoul,1,0,0,0,18,0,0,24,0,0,completed
33139,U3142,2025-10-12 17:39:00,2025-10-12 17:45:00,F,30~39,office,seoul,1,0,0,0,19,0,0,14,0,0,completed
33140,U3143,2025-04-18 08:22:00,2025-04-18 08:24:00,M,20~29,office,seoul,0,0,0,0,15,0,0,63,0,0,completed
33141,U3144,2025-10-16 12:53:00,2025-10-16 13:00:00,F,20~29,office,seoul,0,0,0,0,27,0,0,18,0,0,completed
33142,U3145,2025-12-31 08:34:00,2025-12-31 08:39:00,M,20~29,office,seoul,0,0,0,0,28,0,0,15,0,0,completed
33143,U3146,2025-01-23 14:11:00,2025-01-23 14:15:00,F,30~39,office,seoul,0,0,0,0,25,0,0,43,0,0,completed
33144,U3147,2025-01-08 09:13:00,2025-01-08 09:17:00,F,20~29,office,seoul,0,0,0,0,10,0,0,67,0,0,completed
33145,U3148,2025-08-17 16:22:00,2025-08-17 16:27:00,M,30~39,office,seoul,1,0,0,0,4,0,0,59,0,0,completed
33146,U3149,2025-03-16 16:30:00,2025-03-16 16:37:00,F,20~29,office,seoul,1,0,0,0,1,0,0,63,0,0,completed
33147,U3150,2025-11-04 13:35:00,2025-11-04 13:41:00,M,40~49,office,seoul,0,0,0,0,19,0,0,55,0,0,completed
33148,U3151,2025-08-14 16:09:00,2025-08-14 16:14:00,M,50+,office,seoul,0,0,0,0,18,0,0,28,0,0,timeout
33149,U3152,2025-08-26 13:55:00,2025-08-26 13:58:00,F,20~29,office,seoul,0,0,0,0,4,0,0,31,0,0,completed
33150,U3153,2025-09-17 20:06:00,2025-09-17 20:08:00,F,20~29,office,seoul,0,0,0,0,4,0,0,12,0,0,completed
33151,U3154,2025-04-28 08:22:00,2025-04-28 08:26:00,F,50+,office,seoul,0,0,0,0,8,0,0,54,0,0,completed
33152,U3155,2025-09-24 08:10:00,2025-09-24 08:14:00,M,20~29,office,seoul,0,0,0,0,17,0,0,20,0,0,error
33153,U3156,2025-12-07 13:50:00,2025-12-07 13:54:00,M,50+,office,seoul,1,0,0,0,25,0,0,66,0,0,completed
33154,U3157,2025-03-18 16:48:00,2025-03-18 16:53:00,F,30~39,office,seoul,0,0,0,0,27,0,0,71,0,0,completed
33155,U3158,2025-10-04 18:42:00,2025-10-04 18:44:00,M,40~49,office,seoul,1,0,0,0,14,0,0,24,0,0,completed
33156,U3159,2025-03-31 20:55:00,2025-03-31 20:58:00,M,30~39,office,seoul,0,0,0,0,11,0,0,45,0,0,completed
33157,U3160,2025-07-15 07:36:00,2025-07-15 07:43:00,F,30~39,office,seoul,0,0,0,0,27,0,0,63,0,0,completed
33158,U3161,2025-01-31 15:03:00,2025-01-31 15:08:00,F,20~29,office,seoul,0,0,0,0,0,0,0,47,0,0,completed
33159,U3162,2025-02-18 12:50:00,2025-02-18 12:52:00,M,20~29,office,seoul,0,0,0,0,13,0,0,75,0,0,completed
33160,U3163,2025-07-15 08:03:00,2025-07-15 08:10:00,M,20~29,office,seoul,0,0,0,0,27,0,0,41,0,0,abandoned
33161,U3164,2025-08-05 12:11:00,2025-08-05 12:15:00,F,30~39,office,seoul,0,0,0,0,1,0,0,24,0,0,completed
33162,U3165,2025-08-27 16:31:00,2025-08-27 16:33:00,F,30~39,office,seoul,0,0,0,0,23,0,0,60,0,0,timeout
33163,U3166,2025-04-13 14:33:00,2025-04-13 14:40:00,F,30~39,office,seoul,1,0,0,0,18,0,0,36,0,0,completed
33164,U3167,2025-10-25 07:42:00,2025-10-25 07:46:00,M,50+,office,seoul,1,0,0,0,27,0,0,53,0,0,completed
33165,U3168,2025-12-27 17:05:00,2025-12-27 17:11:00,M,30~39,office,seoul,1,0,0,0,29,0,0,38,0,0,completed
33166,U3169,2025-02-23 18:24:00,2025-02-23 18:31:00,F,20~29,office,seoul,1,0,0,0,2,0,0,45,0,0,completed
33167,U3170,2025-10-04 14:00:00,2025-10-04 14:03:00,F,20~29,office,seoul,1,0,0,0,24,0,0,46,0,0,completed
33168,U3171,2025-03-21 18:51:00,2025-03-21 18:57:00,F,20~29,office,seoul,0,0,0,0,23,0,0,63,0,0,completed
33169,U3172,2025-01-14 14:07:00,2025-01-14 14:14:00,F,30~39,office,seoul,0,0,0,0,28,0,0,65,0,0,completed
33170,U3173,2025-10-18 15:44:00,2025-10-18 15:51:00,M,40~49,office,seoul,1,0,0,0,7,0,0,29,0,0,completed
33171,U3174,2025-02-22 13:33:00,2025-02-22 13:39:00,F,30~39,office,seoul,1,0,0,0,1,0,0,22,0,0,completed
33172,U3175,2025-10-04 12:26:00,2025-10-04 12:29:00,F,30~39,office,seoul,1,0,0,0,7,0,0,12,0,0,completed
33173,U3176,2025-02-03 09:08:00,2025-02-03 09:12:00,F,40~49,office,seoul,0,0,0,0,26,0,0,20,0,0,completed
33174,U3177,2025-02-25 19:08:00,2025-02-25 19:15:00,F,20~29,office,seoul,0,0,0,0,28,0,0,61,0,0,completed
33175,U3178,2025-12-15 12:09:00,2025-12-15 12:12:00,F,40~49,office,seoul,0,0,0,0,1,0,0,69,0,0,completed
33176,U3179,2025-11-05 19:10:00,2025-11-05 19:17:00,F,30~39,office,seoul,0,0,0,0,1,0,0,54,0,0,completed
33177,U3180,2025-10-16 18:28:00,2025-10-16 18:35:00,M,20~29,office,seoul,0,0,0,0,2,0,0,53,0,0,completed
33178,U3181,2025-03-26 13:11:00,2025-03-26 13:16:00,M,20~29,office,seoul,0,0,0,0,20,0,0,65,0,0,completed
33179,U3182,2025-10-22 11:59:00,2025-10-22 12:05:00,M,40~49,office,seoul,0,0,0,0,1,0,0,76,0,0,completed
33180,U3183,2025-03-15 14:59:00,2025-03-15 15:04:00,F,30~39,office,seoul,1,0,0,0,14,0,0,56,0,0,completed
33181,U3184,2025-12-12 20:44:00,2025-12-12 20:48:00,M,30~39,office,seoul,0,0,0,0,28,0,0,37,0,0,completed
33182,U3185,2025-06-01 19:50:00,2025-06-01 19:54:00,F,40~49,office,seoul,1,0,0,0,1,0,0,42,0,0,completed
33183,U3186,2025-05-17 15:59:00,2025-05-17 16:05:00,F,50+,office,seoul,1,0,0,0,28,0,0,15,0,0,completed
33184,U3187,2025-02-27 08:03:00,2025-02-27 08:10:00,M,40~49,office,seoul,0,0,0,0,26,0,0,40,0,0,completed
33185,U3188,2025-03-11 09:45:00,2025-03-11 09:52:00,F,20~29,office,seoul,0,0,0,0,15,0,0,71,0,0,abandoned
33186,U3189,2025-02-17 16:07:00,2025-02-17 16:11:00,F,30~39,office,seoul,0,0,0,0,10,0,0,16,0,0,completed
33187,U3190,2025-01-29 09:15:00,2025-01-29 09:17:00,F,30~39,office,seoul,0,0,0,0,25,0,0,56,0,0,completed
33188,U3191,2025-07-10 21:03:00,2025-07-10 21:08:00,F,30~39,office,seoul,0,0,0,0,3,0,0,61,0,0,completed
33189,U3192,2025-04-01 11:31:00,2025-04-01 11:38:00,F,50+,office,seoul,0,0,0,0,6,0,0,42,0,0,completed
33190,U3193,2025-05-07 19:19:00,2025-05-07 19:24:00,F,30~39,office,seoul,0,0,0,0,0,0,0,61,0,0,completed
33191,U3194,2025-07-09 20:50:00,2025-07-09 20:53:00,M,20~29,office,seoul,0,0,0,0,21,0,0,43,0,0,abandoned
33192,U3195,2025-12-27 17:41:00,2025-12-27 17:46:00,F,40~49,office,seoul,1,0,0,0,19,0,0,13,0,0,completed
33193,U3196,2025-02-02 13:19:00,2025-02-02 13:21:00,M,40~49,office,seoul,1,0,0,0,21,0,0,38,0,0,completed
33194,U3197,2025-03-21 11:05:00,2025-03-21 11:07:00,M,40~49,office,seoul,0,0,0,0,17,0,0,56,0,0,completed
33195,U3198,2025-11-21 17:11:00,2025-11-21 17:18:00,M,40~49,office,seoul,0,0,0,0,5,0,0,59,0,0,completed
33196,U3199,2025-06-17 20:05:00,2025-06-17 20:12:00,F,50+,office,seoul,0,0,0,0,16,0,0,68,0,0,completed
33197,U3200,2025-04-06 07:52:00,2025-04-06 07:55:00,F,20~29,office,seoul,1,0,0,0,18,0,0,17,0,0,completed
33198,U3201,2025-11-20 16:36:00,2025-11-20 16:41:00,M,20~29,office,seoul,0,0,0,0,8,0,0,68,0,0,completed
33199,U3202,2025-03-10 15:32:00,2025-03-10 15:38:00,M,50+,office,seoul,0,0,0,0,8,0,0,11,0,0,completed
33200,U3203,2025-03-03 20:55:00,2025-03-03 20:57:00,F,30~39,office,seoul,0,0,0,0,3,0,0,21,0,0,completed
33201,U3204,2025-04-10 09:17:00,2025-04-10 09:19:00,F,50+,office,seoul,0,0,0,0,8,0,0,11,0,0,completed
33202,U3205,2025-06-19 19:41:00,2025-06-19 19:43:00,F,30~39,office,seoul,0,0,0,0,17,0,0,21,0,0,completed
33203,U3206,2025-07-28 15:17:00,2025-07-28 15:23:00,F,20~29,office,seoul,0,0,0,0,5,0,0,56,0,0,completed
33204,U3207,2025-03-06 17:43:00,2025-03-06 17:48:00,M,20~29,office,seoul,0,0,0,0,19,0,0,26,0,0,completed
33205,U3208,2025-01-24 15:03:00,2025-01-24 15:07:00,F,40~49,office,seoul,0,0,0,0,14,0,0,42,0,0,completed
33206,U3209,2025-06-02 11:55:00,2025-06-02 11:57:00,F,20~29,office,seoul,0,0,0,0,24,0,0,27,0,0,completed
33207,U3210,2025-12-12 14:44:00,2025-12-12 14:48:00,M,40~49,office,seoul,0,0,0,0,19,0,0,35,0,0,completed
33208,U3211,2025-03-02 15:48:00,2025-03-02 15:51:00,M,20~29,office,seoul,1,0,0,0,2,0,0,77,0,0,completed
33209,U3212,2025-08-10 14:17:00,2025-08-10 14:22:00,M,20~29,office,seoul,1,0,0,0,15,0,0,72,0,0,completed
33210,U3213,2025-11-07 15:55:00,2025-11-07 16:02:00,M,30~39,office,seoul,0,0,0,0,2,0,0,57,0,0,completed
33211,U3214,2025-02-25 07:48:00,2025-02-25 07:52:00,F,30~39,office,seoul,0,0,0,0,8,0,0,41,0,0,completed
33212,U3215,2025-02-16 09:59:00,2025-02-16 10:01:00,F,30~39,office,seoul,1,0,0,0,4,0,0,21,0,0,completed
33213,U3216,2025-01-31 08:41:00,2025-01-31 08:46:00,F,30~39,office,seoul,0,0,0,0,18,0,0,25,0,0,completed
33214,U3217,2025-06-19 22:33:00,2025-06-19 22:36:00,F,50+,office,seoul,0,0,0,0,1,0,0,39,0,0,abandoned
33215,U3218,2025-06-18 12:20:00,2025-06-18 12:27:00,F,50+,office,seoul,0,0,0,0,28,0,0,53,0,0,completed
33216,U3219,2025-11-29 15:44:00,2025-11-29 15:48:00,F,50+,office,seoul,1,0,0,0,21,0,0,78,0,0,completed
33217,U3220,2025-05-04 12:06:00,2025-05-04 12:09:00,M,30~39,office,seoul,1,0,0,0,16,0,0,78,0,0,completed
33218,U3221,2025-06-12 20:08:00,2025-06-12 20:10:00,F,20~29,office,seoul,0,0,0,0,1,0,0,50,0,0,completed
33219,U3222,2025-05-30 07:55:00,2025-05-30 07:59:00,F,20~29,office,seoul,0,0,0,0,11,0,0,65,0,0,completed
33220,U3223,2025-04-10 07:10:00,2025-04-10 07:15:00,F,20~29,office,seoul,0,0,0,0,25,0,0,58,0,0,completed
33221,U3224,2025-10-03 08:49:00,2025-10-03 08:51:00,F,20~29,office,seoul,0,0,0,0,11,0,0,16,0,0,completed
33222,U3225,2025-09-08 21:00:00,2025-09-08 21:02:00,M,30~39,office,seoul,0,0,0,0,16,0,0,38,0,0,completed
33223,U3226,2025-10-22 13:22:00,2025-10-22 13:25:00,F,20~29,office,seoul,0,0,0,0,5,0,0,70,0,0,completed
33224,U3227,2025-03-22 14:55:00,2025-03-22 14:59:00,M,30~39,office,seoul,1,0,0,0,23,0,0,42,0,0,completed
33225,U3228,2025-07-04 13:13:00,2025-07-04 13:20:00,M,20~29,office,seoul,0,0,0,0,13,0,0,66,0,0,completed
33226,U3229,2025-09-06 12:29:00,2025-09-06 12:35:00,F,50+,office,seoul,1,0,0,0,15,0,0,57,0,0,completed
33227,U3230,2025-09-21 16:13:00,2025-09-21 16:19:00,M,40~49,office,seoul,1,0,0,0,5,0,0,40,0,0,completed
33228,U3231,2025-02-25 11:41:00,2025-02-25 11:45:00,M,40~49,office,seoul,0,0,0,0,1,0,0,20,0,0,completed
33229,U3232,2025-06-03 11:13:00,2025-06-03 11:18:00,M,50+,office,seoul,0,0,0,0,0,0,0,56,0,0,completed
33230,U3233,2025-08-26 12:02:00,2025-08-26 12:06:00,M,20~29,office,seoul,0,0,0,0,3,0,0,75,0,0,completed
33231,U3234,2025-05-31 07:02:00,2025-05-31 07:05:00,M,40~49,office,seoul,1,0,0,0,3,0,0,38,0,0,completed
33232,U3235,2025-08-21 21:20:00,2025-08-21 21:24:00,F,20~29,office,seoul,0,0,0,0,18,0,0,63,0,0,completed
33233,U3236,2025-08-13 14:39:00,2025-08-13 14:42:00,F,40~49,office,seoul,0,0,0,0,3,0,0,20,0,0,completed
33234,U3237,2025-03-26 12:32:00,2025-03-26 12:37:00,M,30~39,office,seoul,0,0,0,0,1,0,0,77,0,0,completed
33235,U3238,2025-01-18 16:00:00,2025-01-18 16:06:00,F,30~39,office,seoul,1,0,0,0,7,0,0,68,0,0,completed
33236,U3239,2025-06-18 11:52:00,2025-06-18 11:59:00,M,20~29,office,seoul,0,0,0,0,15,0,0,46,0,0,completed
33237,U3240,2025-09-24 15:44:00,2025-09-24 15:51:00,F,40~49,office,seoul,0,0,0,0,1,0,0,18,0,0,completed
33238,U3241,2025-09-02 15:29:00,2025-09-02 15:34:00,F,30~39,office,seoul,0,0,0,0,20,0,0,47,0,0,completed
33239,U3242,2025-06-28 15:33:00,2025-06-28 15:39:00,M,20~29,office,seoul,1,0,0,0,20,0,0,51,0,0,completed
33240,U3243,2025-11-26 17:08:00,2025-11-26 17:13:00,M,30~39,office,seoul,0,0,0,0,6,0,0,45,0,0,completed
33241,U3244,2025-12-24 14:04:00,2025-12-24 14:08:00,F,40~49,office,seoul,0,0,0,0,11,0,0,21,0,0,completed
33242,U3245,2025-01-30 09:21:00,2025-01-30 09:24:00,F,30~39,office,seoul,0,0,0,0,24,0,0,69,0,0,completed
33243,U3246,2025-11-24 08:32:00,2025-11-24 08:39:00,F,30~39,office,seoul,0,0,0,0,24,0,0,59,1,0,completed
33244,U3247,2025-12-22 11:58:00,2025-12-22 12:01:00,M,20~29,office,seoul,0,0,0,0,27,0,0,62,0,0,completed
33245,U3248,2025-11-07 16:29:00,2025-11-07 16:33:00,F,20~29,office,seoul,0,0,0,0,20,0,0,65,0,0,completed
33246,U3249,2025-05-19 15:52:00,2025-05-19 15:57:00,M,20~29,office,seoul,0,0,0,0,23,0,0,14,0,0,completed
33247,U3250,2025-10-28 11:02:00,2025-10-28 11:09:00,M,20~29,office,seoul,0,0,0,0,1,0,0,28,0,0,completed
33248,U3251,2025-08-21 07:00:00,2025-08-21 07:03:00,M,50+,office,seoul,0,0,0,0,9,0,0,46,0,0,completed
33249,U3252,2025-08-09 15:20:00,2025-08-09 15:24:00,M,30~39,office,seoul,1,0,0,0,3,0,0,17,0,0,completed
33250,U3253,2025-01-24 08:55:00,2025-01-24 09:01:00,M,20~29,office,seoul,0,0,0,0,4,0,0,73,0,0,completed
33251,U3254,2025-09-23 17:55:00,2025-09-23 18:00:00,F,20~29,office,seoul,0,0,0,0,9,0,0,56,0,0,completed
33252,U3255,2025-06-22 20:14:00,2025-06-22 20:17:00,F,40~49,office,seoul,1,0,0,0,28,0,0,59,0,0,completed
33253,U3256,2025-06-23 21:54:00,2025-06-23 21:57:00,M,30~39,office,seoul,0,0,0,0,0,0,0,78,0,0,completed
33254,U3257,2025-06-30 16:26:00,2025-06-30 16:29:00,F,20~29,office,seoul,0,0,0,0,0,0,0,60,0,0,completed
33255,U3258,2025-02-04 13:34:00,2025-02-04 13:41:00,F,40~49,office,seoul,0,0,0,0,18,0,0,38,0,0,completed
33256,U3259,2025-06-15 16:16:00,2025-06-15 16:22:00,F,50+,office,seoul,1,0,0,0,2,0,0,17,0,0,completed
33257,U3260,2025-08-06 13:56:00,2025-08-06 13:58:00,F,20~29,office,seoul,0,0,0,0,29,0,0,36,0,0,abandoned
33258,U3261,2025-03-04 19:44:00,2025-03-04 19:48:00,M,40~49,office,seoul,0,0,0,0,16,0,0,79,0,0,completed
33259,U3262,2025-07-23 14:11:00,2025-07-23 14:16:00,F,30~39,office,seoul,0,0,0,0,26,0,0,10,0,0,completed
33260,U3263,2025-07-28 17:57:00,2025-07-28 18:01:00,F,20~29,office,seoul,0,0,0,0,16,0,0,18,0,0,completed
33261,U3264,2025-05-03 08:22:00,2025-05-03 08:29:00,M,20~29,office,seoul,1,0,0,0,4,0,0,44,0,0,completed
33262,U3265,2025-12-31 21:55:00,2025-12-31 21:59:00,M,20~29,office,seoul,0,0,0,0,4,0,0,20,0,0,completed
33263,U3266,2025-08-16 16:47:00,2025-08-16 16:51:00,M,20~29,office,seoul,1,0,0,0,11,0,0,61,0,0,completed
33264,U3267,2025-12-19 13:01:00,2025-12-19 13:08:00,F,50+,office,seoul,0,0,0,0,8,0,0,30,0,0,completed
33265,U3268,2025-08-30 17:46:00,2025-08-30 17:52:00,F,20~29,office,seoul,1,0,0,0,4,0,0,17,0,0,completed
33266,U3269,2025-11-27 19:23:00,2025-11-27 19:27:00,M,30~39,office,seoul,0,0,0,0,14,0,0,29,0,0,completed
33267,U3270,2025-08-20 18:36:00,2025-08-20 18:38:00,F,40~49,office,seoul,0,0,0,0,16,0,0,17,0,0,completed
33268,U3271,2025-10-25 13:57:00,2025-10-25 14:03:00,F,40~49,office,seoul,1,0,0,0,18,0,0,70,0,0,abandoned
33269,U3272,2025-05-30 13:16:00,2025-05-30 13:19:00,F,30~39,office,seoul,0,0,0,0,11,0,0,37,0,0,completed
33270,U3273,2025-03-19 19:35:00,2025-03-19 19:41:00,F,40~49,office,seoul,0,0,0,0,16,0,0,52,0,0,completed
33271,U3274,2025-08-17 13:28:00,2025-08-17 13:32:00,F,20~29,office,seoul,1,0,0,0,15,0,0,77,0,0,abandoned
33272,U3275,2025-06-28 19:57:00,2025-06-28 19:59:00,M,40~49,office,seoul,1,0,0,0,25,0,0,77,1,0,completed
33273,U3276,2025-03-01 13:01:00,2025-03-01 13:03:00,M,20~29,office,seoul,1,0,0,0,8,0,0,12,0,0,completed
33274,U3277,2025-06-01 13:39:00,2025-06-01 13:43:00,F,50+,office,seoul,1,0,0,0,6,0,0,14,0,0,completed
33275,U3278,2025-12-10 08:18:00,2025-12-10 08:20:00,M,20~29,office,seoul,0,0,0,0,0,0,0,68,0,0,completed
33276,U3279,2025-10-15 15:33:00,2025-10-15 15:39:00,F,40~49,office,seoul,0,0,0,0,22,0,0,18,1,0,completed
33277,U3280,2025-07-16 18:17:00,2025-07-16 18:20:00,F,30~39,office,seoul,0,0,0,0,7,0,0,12,0,0,completed
33278,U3281,2025-05-29 17:29:00,2025-05-29 17:36:00,F,20~29,office,seoul,0,0,0,0,24,0,0,47,0,0,completed
33279,U3282,2025-04-18 08:58:00,2025-04-18 09:05:00,F,40~49,office,seoul,0,0,0,0,7,0,0,32,0,0,completed
33280,U3283,2025-12-03 14:18:00,2025-12-03 14:21:00,F,20~29,office,seoul,0,0,0,0,3,0,0,42,0,0,completed
33281,U3284,2025-08-10 16:44:00,2025-08-10 16:51:00,M,20~29,office,seoul,1,0,0,0,15,0,0,35,0,0,completed
33282,U3285,2025-08-14 07:03:00,2025-08-14 07:05:00,M,30~39,office,seoul,0,0,0,0,5,0,0,17,0,0,completed
33283,U3286,2025-09-29 12:07:00,2025-09-29 12:14:00,M,20~29,office,seoul,0,0,0,0,3,0,0,73,0,0,completed
33284,U3287,2025-05-13 11:10:00,2025-05-13 11:13:00,F,30~39,office,seoul,0,0,0,0,23,0,0,30,0,0,completed
33285,U3288,2025-02-22 17:39:00,2025-02-22 17:45:00,M,20~29,office,seoul,1,0,0,0,9,0,0,67,0,0,completed
33286,U3289,2025-05-07 11:31:00,2025-05-07 11:37:00,F,20~29,office,seoul,0,0,0,0,25,0,0,31,0,0,completed
33287,U3290,2025-01-17 22:57:00,2025-01-17 22:59:00,F,20~29,office,seoul,0,0,0,0,11,0,0,55,0,0,completed
33288,U3291,2025-04-21 22:06:00,2025-04-21 22:10:00,F,30~39,office,seoul,0,0,0,0,1,0,0,29,0,0,completed
33289,U3292,2025-04-04 16:54:00,2025-04-04 16:59:00,F,20~29,office,seoul,0,0,0,0,17,0,0,68,0,0,completed
33290,U3293,2025-04-04 08:05:00,2025-04-04 08:10:00,F,50+,office,seoul,0,0,0,0,17,0,0,14,0,0,completed
33291,U3294,2025-04-13 16:20:00,2025-04-13 16:23:00,F,40~49,office,seoul,1,0,0,0,0,0,0,25,0,0,abandoned
33292,U3295,2025-01-29 19:43:00,2025-01-29 19:45:00,M,40~49,office,seoul,0,0,0,0,17,0,0,19,0,0,completed
33293,U3296,2025-07-30 08:53:00,2025-07-30 08:57:00,F,30~39,office,seoul,0,0,0,0,26,0,0,67,0,0,completed
33294,U3297,2025-01-04 08:09:00,2025-01-04 08:12:00,F,30~39,office,seoul,1,0,0,0,13,0,0,52,0,0,completed
33295,U3298,2025-10-21 21:53:00,2025-10-21 22:00:00,M,30~39,office,seoul,0,0,0,0,20,0,0,11,0,0,completed
33296,U3299,2025-04-02 07:17:00,2025-04-02 07:22:00,F,20~29,office,seoul,0,0,0,0,27,0,0,22,0,0,completed
33297,U3300,2025-10-06 15:24:00,2025-10-06 15:30:00,M,40~49,office,seoul,0,0,0,0,19,0,0,57,0,0,abandoned
33298,U3301,2025-07-07 08:47:00,2025-07-07 08:53:00,M,50+,office,seoul,0,0,0,0,8,0,0,27,0,0,completed
33299,U3302,2025-02-02 07:04:00,2025-02-02 07:06:00,F,40~49,office,seoul,1,0,0,0,4,0,0,31,0,0,completed
33300,U3303,2025-08-06 07:54:00,2025-08-06 07:59:00,F,50+,office,seoul,0,0,0,0,10,0,0,31,0,0,completed
33301,U3304,2025-09-07 15:57:00,2025-09-07 16:04:00,M,40~49,office,seoul,1,0,0,0,29,0,0,59,0,0,completed
33302,U3305,2025-07-05 21:08:00,2025-07-05 21:11:00,M,20~29,office,seoul,1,0,0,0,20,0,0,18,0,0,error
33303,U3306,2025-11-18 16:09:00,2025-11-18 16:16:00,M,20~29,office,seoul,0,0,0,0,22,0,0,61,0,0,completed
33304,U3307,2025-12-29 07:07:00,2025-12-29 07:09:00,F,50+,office,seoul,0,0,0,0,1,0,0,11,0,0,completed
33305,U3308,2025-08-01 17:07:00,2025-08-01 17:09:00,F,50+,office,seoul,0,0,0,0,11,0,0,67,0,0,completed
33306,U3309,2025-10-26 12:51:00,2025-10-26 12:57:00,F,30~39,office,seoul,1,0,0,0,27,0,0,69,0,0,completed
33307,U3310,2025-08-16 16:36:00,2025-08-16 16:42:00,M,50+,office,seoul,1,0,0,0,17,0,0,39,0,0,completed
33308,U3311,2025-04-29 13:14:00,2025-04-29 13:20:00,M,50+,office,seoul,0,0,0,0,8,0,0,57,0,0,completed
33309,U3312,2025-01-12 16:02:00,2025-01-12 16:08:00,F,50+,office,seoul,1,0,0,0,21,0,0,47,0,0,completed
33310,U3313,2025-02-12 16:06:00,2025-02-12 16:11:00,F,50+,office,seoul,0,0,0,0,18,0,0,34,0,0,completed
33311,U3314,2025-07-25 14:34:00,2025-07-25 14:38:00,M,40~49,office,seoul,0,0,0,0,14,0,0,47,0,0,completed
33312,U3315,2025-03-31 15:07:00,2025-03-31 15:13:00,M,20~29,office,seoul,0,0,0,0,29,0,0,40,0,0,completed
33313,U3316,2025-12-31 15:41:00,2025-12-31 15:48:00,F,30~39,office,seoul,0,0,0,0,12,0,0,51,0,0,completed
33314,U3317,2025-12-06 08:57:00,2025-12-06 09:00:00,F,40~49,office,seoul,1,0,0,0,18,0,0,41,0,0,completed
33315,U3318,2025-03-05 17:08:00,2025-03-05 17:11:00,F,40~49,office,seoul,0,0,0,0,26,0,0,15,0,0,completed
33316,U3319,2025-04-15 12:12:00,2025-04-15 12:18:00,F,30~39,office,seoul,0,0,0,0,22,0,0,74,0,0,completed
33317,U3320,2025-07-02 15:11:00,2025-07-02 15:18:00,F,40~49,office,seoul,0,0,0,0,20,0,0,68,0,0,completed
33318,U3321,2025-10-19 18:39:00,2025-10-19 18:45:00,F,20~29,office,seoul,1,0,0,0,29,0,0,42,0,0,completed
33319,U3322,2025-08-26 12:21:00,2025-08-26 12:23:00,F,50+,office,seoul,0,0,0,0,16,0,0,53,0,0,completed
33320,U3323,2025-10-31 16:40:00,2025-10-31 16:43:00,M,30~39,office,seoul,0,0,0,0,17,0,0,72,0,0,completed
33321,U3324,2025-12-07 17:56:00,2025-12-07 17:59:00,M,20~29,office,seoul,1,0,0,0,15,0,0,52,0,0,completed
33322,U3325,2025-10-10 13:09:00,2025-10-10 13:11:00,M,20~29,office,seoul,0,0,0,0,15,0,0,51,0,0,completed
33323,U3326,2025-03-30 14:08:00,2025-03-30 14:15:00,M,30~39,office,seoul,1,0,0,0,14,0,0,27,0,0,completed
33324,U3327,2025-03-20 13:37:00,2025-03-20 13:43:00,F,30~39,office,seoul,0,0,0,0,5,0,0,34,0,0,completed
33325,U3328,2025-06-17 09:49:00,2025-06-17 09:51:00,F,20~29,office,seoul,0,0,0,0,19,0,0,65,0,0,completed
33326,U3329,2025-07-20 13:50:00,2025-07-20 13:53:00,F,20~29,office,seoul,1,0,0,0,1,0,0,12,0,0,completed
33327,U3330,2025-09-25 13:00:00,2025-09-25 13:02:00,M,20~29,office,seoul,0,0,0,0,16,0,0,78,0,0,completed
33328,U3331,2025-09-01 09:43:00,2025-09-01 09:47:00,M,40~49,office,seoul,0,0,0,0,22,0,0,74,0,0,completed
33329,U3332,2025-06-02 18:25:00,2025-06-02 18:29:00,F,30~39,office,seoul,0,0,0,0,15,0,0,33,0,0,completed
33330,U3333,2025-07-02 17:30:00,2025-07-02 17:33:00,F,20~29,office,seoul,0,0,0,0,17,0,0,42,0,0,completed
33331,U3334,2025-07-18 20:04:00,2025-07-18 20:07:00,M,50+,office,seoul,0,0,0,0,23,0,0,42,1,1,completed
33332,U3335,2025-02-10 22:10:00,2025-02-10 22:13:00,F,50+,office,seoul,0,0,0,0,1,0,0,75,1,0,completed
33333,U3336,2025-05-05 14:08:00,2025-05-05 14:10:00,M,40~49,office,seoul,0,0,0,0,14,0,0,73,0,0,completed
33334,U3337,2025-05-03 14:52:00,2025-05-03 14:54:00,F,20~29,office,seoul,1,0,0,0,12,0,0,45,0,0,completed
33335,U3338,2025-09-10 15:57:00,2025-09-10 16:02:00,F,20~29,office,seoul,0,0,0,0,28,0,0,19,0,0,completed
33336,U3339,2025-10-08 17:14:00,2025-10-08 17:19:00,M,30~39,office,seoul,0,0,0,0,8,0,0,69,0,0,completed
33337,U3340,2025-08-25 13:17:00,2025-08-25 13:24:00,F,20~29,office,seoul,0,0,0,0,16,0,0,75,0,0,completed
33338,U3341,2025-08-23 17:17:00,2025-08-23 17:24:00,M,50+,office,seoul,1,0,0,0,23,0,0,69,0,0,completed
33339,U3342,2025-11-13 08:23:00,2025-11-13 08:27:00,M,20~29,office,seoul,0,0,0,0,29,0,0,72,0,0,completed
33340,U3343,2025-09-05 09:57:00,2025-09-05 10:00:00,F,30~39,office,seoul,0,0,0,0,9,0,0,12,0,0,completed
33341,U3344,2025-09-07 09:25:00,2025-09-07 09:28:00,M,20~29,office,seoul,1,0,0,0,7,0,0,24,0,0,completed
33342,U3345,2025-09-15 17:52:00,2025-09-15 17:59:00,F,20~29,office,seoul,0,0,0,0,25,0,0,55,0,0,completed
33343,U3346,2025-02-12 07:59:00,2025-02-12 08:04:00,M,30~39,office,seoul,0,0,0,0,3,0,0,70,0,0,error
33344,U3347,2025-05-20 08:48:00,2025-05-20 08:55:00,F,20~29,office,seoul,0,0,0,0,16,0,0,64,0,0,completed
33345,U3348,2025-12-24 19:04:00,2025-12-24 19:09:00,M,30~39,office,seoul,0,0,0,0,17,0,0,17,0,0,completed
33346,U3349,2025-12-30 16:45:00,2025-12-30 16:49:00,F,20~29,office,seoul,0,0,0,0,29,0,0,63,0,0,abandoned
33347,U3350,2025-10-31 22:54:00,2025-10-31 22:58:00,M,30~39,office,seoul,0,0,0,0,21,0,0,65,0,0,completed
33348,U3351,2025-05-28 15:22:00,2025-05-28 15:24:00,M,30~39,office,seoul,0,0,0,0,7,0,0,65,0,0,completed
33349,U3352,2025-06-06 11:23:00,2025-06-06 11:30:00,F,20~29,office,seoul,0,0,0,0,28,0,0,11,0,0,completed
33350,U3353,2025-11-01 13:38:00,2025-11-01 13:45:00,F,30~39,office,seoul,1,0,0,0,3,0,0,58,0,0,completed
33351,U3354,2025-08-28 09:13:00,2025-08-28 09:20:00,F,30~39,office,seoul,0,0,0,0,28,0,0,24,0,0,completed
33352,U3355,2025-09-14 14:48:00,2025-09-14 14:54:00,M,30~39,office,seoul,1,0,0,0,29,0,0,58,0,0,completed
33353,U3356,2025-08-19 08:39:00,2025-08-19 08:45:00,M,40~49,office,seoul,0,0,0,0,4,0,0,24,0,0,completed
33354,U3357,2025-10-22 15:55:00,2025-10-22 15:57:00,F,50+,office,seoul,0,0,0,0,7,0,0,35,1,0,completed
33355,U3358,2025-04-09 11:49:00,2025-04-09 11:53:00,F,30~39,office,seoul,0,0,0,0,29,0,0,22,1,0,completed
33356,U3359,2025-11-11 18:02:00,2025-11-11 18:04:00,F,40~49,office,seoul,0,0,0,0,18,0,0,78,0,0,completed
33357,U3360,2025-01-26 07:12:00,2025-01-26 07:14:00,M,20~29,office,seoul,1,0,0,0,3,0,0,32,0,0,completed
33358,U3361,2025-05-24 22:54:00,2025-05-24 22:59:00,F,30~39,office,seoul,1,0,0,0,2,0,0,51,0,0,completed
33359,U3362,2025-09-11 22:04:00,2025-09-11 22:08:00,F,20~29,office,seoul,0,0,0,0,17,0,0,19,0,0,completed
33360,U3363,2025-06-05 14:24:00,2025-06-05 14:26:00,F,50+,office,seoul,0,0,0,0,8,0,0,40,0,0,completed
33361,U3364,2025-08-02 09:52:00,2025-08-02 09:54:00,F,20~29,office,seoul,1,0,0,0,7,0,0,65,0,0,abandoned
33362,U3365,2025-01-17 12:03:00,2025-01-17 12:08:00,F,30~39,office,seoul,0,0,0,0,7,0,0,18,0,0,completed
33363,U3366,2025-09-21 09:03:00,2025-09-21 09:07:00,F,30~39,office,seoul,1,0,0,0,24,0,0,61,0,0,completed
33364,U3367,2025-04-18 14:01:00,2025-04-18 14:08:00,F,20~29,office,seoul,0,0,0,0,14,0,0,36,0,0,completed
33365,U3368,2025-04-17 14:50:00,2025-04-17 14:56:00,F,30~39,office,seoul,0,0,0,0,12,0,0,43,0,0,error
33366,U3369,2025-12-29 13:16:00,2025-12-29 13:20:00,F,20~29,office,seoul,0,0,0,0,14,0,0,46,0,0,completed
33367,U3370,2025-05-30 16:18:00,2025-05-30 16:21:00,M,30~39,office,seoul,0,0,0,0,29,0,0,44,0,0,completed
33368,U3371,2025-05-01 17:45:00,2025-05-01 17:48:00,F,30~39,office,seoul,0,0,0,0,5,0,0,39,0,0,completed
33369,U3372,2025-09-12 15:41:00,2025-09-12 15:47:00,F,20~29,office,seoul,0,0,0,0,16,0,0,39,0,0,completed
33370,U3373,2025-08-11 14:00:00,2025-08-11 14:02:00,F,30~39,office,seoul,0,0,0,0,16,0,0,36,0,0,completed
33371,U3374,2025-11-10 07:14:00,2025-11-10 07:19:00,F,30~39,office,seoul,0,0,0,0,3,0,0,68,0,0,completed
33372,U3375,2025-05-08 17:45:00,2025-05-08 17:49:00,F,40~49,office,seoul,0,0,0,0,8,0,0,23,0,0,completed
33373,U3376,2025-12-08 12:19:00,2025-12-08 12:24:00,F,50+,office,seoul,0,0,0,0,19,0,0,36,0,0,completed
33374,U3377,2025-06-30 13:07:00,2025-06-30 13:11:00,F,40~49,office,seoul,0,0,0,0,26,0,0,70,0,0,completed
33375,U3378,2025-07-16 09:10:00,2025-07-16 09:12:00,F,20~29,office,seoul,0,0,0,0,4,0,0,46,0,0,completed
33376,U3379,2025-03-29 16:34:00,2025-03-29 16:40:00,F,20~29,office,seoul,1,0,0,0,5,0,0,76,1,0,completed
33377,U3380,2025-10-20 13:44:00,2025-10-20 13:49:00,F,20~29,office,seoul,0,0,0,0,28,0,0,64,0,0,completed
33378,U3381,2025-08-12 16:08:00,2025-08-12 16:15:00,F,30~39,office,seoul,0,0,0,0,18,0,0,48,0,0,completed
33379,U3382,2025-03-23 08:38:00,2025-03-23 08:44:00,F,20~29,office,seoul,1,0,0,0,24,0,0,50,0,0,completed
33380,U3383,2025-02-27 19:48:00,2025-02-27 19:51:00,F,20~29,office,seoul,0,0,0,0,5,0,0,76,0,0,completed
33381,U3384,2025-06-18 09:41:00,2025-06-18 09:47:00,F,50+,office,seoul,0,0,0,0,18,0,0,25,0,0,completed
33382,U3385,2025-01-30 14:24:00,2025-01-30 14:29:00,M,50+,office,seoul,0,0,0,0,11,0,0,23,0,0,completed
33383,U3386,2025-01-29 18:44:00,2025-01-29 18:49:00,F,30~39,office,seoul,0,0,0,0,5,0,0,74,0,0,completed
33384,U3387,2025-05-05 20:53:00,2025-05-05 20:59:00,M,30~39,office,seoul,0,0,0,0,16,0,0,62,0,0,completed
33385,U3388,2025-08-14 15:49:00,2025-08-14 15:56:00,F,20~29,office,seoul,0,0,0,0,17,0,0,58,0,0,completed
33386,U3389,2025-01-05 09:34:00,2025-01-05 09:36:00,F,20~29,office,seoul,1,0,0,0,17,0,0,77,0,0,completed
33387,U3390,2025-06-05 15:00:00,2025-06-05 15:05:00,F,20~29,office,seoul,0,0,0,0,3,0,0,58,0,0,completed
33388,U3391,2025-08-22 16:02:00,2025-08-22 16:08:00,M,20~29,office,seoul,0,0,0,0,8,0,0,25,0,0,completed
33389,U3392,2025-04-24 19:19:00,2025-04-24 19:25:00,F,40~49,office,seoul,0,0,0,0,7,0,0,34,0,0,completed
33390,U3393,2025-04-25 08:45:00,2025-04-25 08:50:00,M,50+,office,seoul,0,0,0,0,12,0,0,21,0,0,completed
33391,U3394,2025-07-12 08:31:00,2025-07-12 08:33:00,F,50+,office,seoul,1,0,0,0,21,0,0,29,0,0,completed
33392,U3395,2025-07-21 09:00:00,2025-07-21 09:05:00,F,30~39,office,seoul,0,0,0,0,9,0,0,27,0,0,completed
33393,U3396,2025-09-20 18:01:00,2025-09-20 18:05:00,F,20~29,office,seoul,1,0,0,0,28,0,0,20,0,0,completed
33394,U3397,2025-05-13 16:59:00,2025-05-13 17:03:00,M,20~29,office,seoul,0,0,0,0,26,0,0,57,0,0,abandoned
33395,U3398,2025-08-17 17:23:00,2025-08-17 17:25:00,M,40~49,office,seoul,1,0,0,0,29,0,0,63,0,0,completed
33396,U3399,2025-06-26 18:03:00,2025-06-26 18:06:00,M,50+,office,seoul,0,0,0,0,9,0,0,22,0,0,completed
33397,U3400,2025-02-18 17:40:00,2025-02-18 17:45:00,F,40~49,office,seoul,0,0,0,0,22,0,0,67,0,0,completed
33398,U3401,2025-11-17 13:52:00,2025-11-17 13:54:00,M,40~49,office,seoul,0,0,0,0,26,0,0,59,0,0,completed
33399,U3402,2025-08-30 18:07:00,2025-08-30 18:11:00,F,20~29,office,seoul,1,0,0,0,8,0,0,11,0,0,completed
33400,U3403,2025-05-10 08:06:00,2025-05-10 08:09:00,F,20~29,office,seoul,1,0,0,0,8,0,0,58,0,0,completed
33401,U3404,2025-05-15 14:18:00,2025-05-15 14:21:00,F,50+,office,seoul,0,0,0,0,3,0,0,58,0,0,completed
33402,U3405,2025-06-14 16:25:00,2025-06-14 16:27:00,F,20~29,office,seoul,1,0,0,0,25,0,0,74,0,0,completed
33403,U3406,2025-03-03 16:30:00,2025-03-03 16:35:00,M,20~29,office,seoul,0,0,0,0,17,0,0,17,0,0,completed
33404,U3407,2025-12-20 19:27:00,2025-12-20 19:29:00,F,30~39,office,seoul,1,0,0,0,7,0,0,31,0,0,completed
33405,U3408,2025-10-12 20:34:00,2025-10-12 20:40:00,F,30~39,office,seoul,1,0,0,0,20,0,0,77,0,0,completed
33406,U3409,2025-04-27 19:21:00,2025-04-27 19:24:00,M,30~39,office,seoul,1,0,0,0,21,0,0,69,0,0,completed
33407,U3410,2025-05-19 19:15:00,2025-05-19 19:21:00,F,30~39,office,seoul,0,0,0,0,23,0,0,44,0,0,completed
33408,U3411,2025-05-21 22:10:00,2025-05-21 22:17:00,F,40~49,office,seoul,0,0,0,0,16,0,0,76,0,0,completed
33409,U3412,2025-05-09 15:31:00,2025-05-09 15:33:00,F,40~49,office,seoul,0,0,0,0,7,0,0,39,1,0,completed
33410,U3413,2025-07-15 16:22:00,2025-07-15 16:25:00,F,20~29,office,seoul,0,0,0,0,8,0,0,47,0,0,timeout
33411,U3414,2025-02-01 13:59:00,2025-02-01 14:02:00,M,20~29,office,seoul,1,0,0,0,16,0,0,14,0,0,completed
33412,U3415,2025-10-10 15:28:00,2025-10-10 15:33:00,F,20~29,office,seoul,0,0,0,0,4,0,0,41,0,0,completed
33413,U3416,2025-10-24 16:42:00,2025-10-24 16:46:00,M,20~29,office,seoul,0,0,0,0,23,0,0,70,0,0,completed
33414,U3417,2025-04-23 15:10:00,2025-04-23 15:12:00,M,50+,office,seoul,0,0,0,0,5,0,0,64,0,0,completed
33415,U3418,2025-03-16 16:17:00,2025-03-16 16:22:00,F,30~39,office,seoul,1,0,0,0,4,0,0,76,0,0,completed
33416,U3419,2025-01-25 08:58:00,2025-01-25 09:03:00,M,50+,office,seoul,1,0,0,0,2,0,0,35,0,0,completed
33417,U3420,2025-03-01 08:18:00,2025-03-01 08:24:00,F,50+,office,seoul,1,0,0,0,9,0,0,78,0,1,completed
33418,U3421,2025-08-13 13:17:00,2025-08-13 13:20:00,M,50+,office,seoul,0,0,0,0,13,0,0,34,0,0,completed
33419,U3422,2025-08-23 20:34:00,2025-08-23 20:41:00,F,20~29,office,seoul,1,0,0,0,1,0,0,20,0,0,completed
33420,U3423,2025-10-31 17:06:00,2025-10-31 17:13:00,F,30~39,office,seoul,0,0,0,0,25,0,0,28,0,0,completed
33421,U3424,2025-10-27 15:56:00,2025-10-27 16:02:00,M,20~29,office,seoul,0,0,0,0,4,0,0,45,0,0,completed
33422,U3425,2025-04-30 22:12:00,2025-04-30 22:15:00,F,40~49,office,seoul,0,0,0,0,13,0,0,18,0,0,completed
33423,U3426,2025-08-04 16:18:00,2025-08-04 16:20:00,F,40~49,office,seoul,0,0,0,0,0,0,0,58,0,0,completed
33424,U3427,2025-05-07 18:08:00,2025-05-07 18:15:00,M,40~49,office,seoul,0,0,0,0,23,0,0,59,0,0,completed
33425,U3428,2025-09-28 09:20:00,2025-09-28 09:25:00,M,30~39,office,seoul,1,0,0,0,3,0,0,29,0,0,completed
33426,U3429,2025-09-29 18:06:00,2025-09-29 18:09:00,F,30~39,office,seoul,0,0,0,0,11,0,0,56,0,0,completed
33427,U3430,2025-11-09 12:46:00,2025-11-09 12:51:00,F,20~29,office,seoul,1,0,0,0,25,0,0,42,1,0,completed
33428,U3431,2025-04-18 13:50:00,2025-04-18 13:54:00,M,30~39,office,seoul,0,0,0,0,8,0,0,15,0,0,completed
33429,U3432,2025-10-02 12:50:00,2025-10-02 12:52:00,F,50+,office,seoul,0,0,0,0,17,0,0,51,0,0,completed
33430,U3433,2025-05-05 14:22:00,2025-05-05 14:26:00,F,20~29,office,seoul,0,0,0,0,3,0,0,47,0,0,completed
33431,U3434,2025-10-04 08:52:00,2025-10-04 08:57:00,F,40~49,office,seoul,1,0,0,0,1,0,0,49,1,0,abandoned
33432,U3435,2025-09-05 14:32:00,2025-09-05 14:34:00,F,30~39,office,seoul,0,0,0,0,2,0,0,24,0,0,completed
33433,U3436,2025-03-08 14:20:00,2025-03-08 14:25:00,M,50+,office,seoul,1,0,0,0,23,0,0,21,1,0,completed
33434,U3437,2025-07-27 14:39:00,2025-07-27 14:41:00,M,20~29,office,seoul,1,0,0,0,6,0,0,38,0,0,completed
33435,U3438,2025-07-29 17:35:00,2025-07-29 17:38:00,M,40~49,office,seoul,0,0,0,0,22,0,0,55,0,0,completed
33436,U3439,2025-03-29 13:31:00,2025-03-29 13:36:00,M,30~39,office,seoul,1,0,0,0,8,0,0,10,0,0,error
33437,U3440,2025-01-27 12:39:00,2025-01-27 12:46:00,F,30~39,office,seoul,0,0,0,0,26,0,0,58,0,0,completed
33438,U3441,2025-06-15 08:44:00,2025-06-15 08:50:00,M,20~29,office,seoul,1,0,0,0,11,0,0,34,0,0,completed
33439,U3442,2025-10-01 07:10:00,2025-10-01 07:14:00,F,30~39,office,seoul,0,0,0,0,14,0,0,42,0,0,completed
33440,U3443,2025-06-15 13:43:00,2025-06-15 13:46:00,M,40~49,office,seoul,1,0,0,0,18,0,0,65,0,0,completed
33441,U3444,2025-12-27 13:29:00,2025-12-27 13:35:00,M,40~49,office,seoul,1,0,0,0,6,0,0,29,0,0,completed
33442,U3445,2025-11-22 20:42:00,2025-11-22 20:45:00,M,50+,office,seoul,1,0,0,0,11,0,0,76,0,0,completed
33443,U3446,2025-05-13 14:49:00,2025-05-13 14:56:00,F,50+,office,seoul,0,0,0,0,13,0,0,51,0,0,abandoned
33444,U3447,2025-06-06 20:04:00,2025-06-06 20:08:00,M,40~49,office,seoul,0,0,0,0,11,0,0,73,0,0,error
33445,U3448,2025-10-07 17:12:00,2025-10-07 17:15:00,F,40~49,office,seoul,0,0,0,0,25,0,0,15,0,0,error
33446,U3449,2025-09-20 15:01:00,2025-09-20 15:04:00,M,20~29,office,seoul,1,0,0,0,1,0,0,57,0,0,completed
33447,U3450,2025-11-02 13:14:00,2025-11-02 13:21:00,M,50+,office,seoul,1,0,0,0,26,0,0,24,0,0,completed
33448,U3451,2025-02-23 19:40:00,2025-02-23 19:43:00,F,30~39,office,seoul,1,0,0,0,4,0,0,14,0,0,completed
33449,U3452,2025-09-21 13:42:00,2025-09-21 13:44:00,F,50+,office,seoul,1,0,0,0,9,0,0,69,0,0,completed
33450,U3453,2025-01-19 18:37:00,2025-01-19 18:43:00,F,30~39,office,seoul,1,0,0,0,22,0,0,55,0,0,completed
33451,U3454,2025-06-12 09:23:00,2025-06-12 09:27:00,F,30~39,office,seoul,0,0,0,0,29,0,0,77,0,0,completed
33452,U3455,2025-12-06 21:21:00,2025-12-06 21:26:00,M,20~29,office,seoul,1,0,0,0,28,0,0,64,0,0,timeout
33453,U3456,2025-10-19 09:56:00,2025-10-19 10:00:00,F,50+,office,seoul,1,0,0,0,19,0,0,45,0,0,timeout
33454,U3457,2025-11-15 13:31:00,2025-11-15 13:35:00,F,40~49,office,seoul,1,0,0,0,7,0,0,21,0,0,completed
33455,U3458,2025-06-28 11:54:00,2025-06-28 11:59:00,F,20~29,office,seoul,1,0,0,0,22,0,0,36,0,0,abandoned
33456,U3459,2025-11-20 14:35:00,2025-11-20 14:37:00,M,50+,office,seoul,0,0,0,0,20,0,0,22,0,0,completed
33457,U3460,2025-06-13 16:25:00,2025-06-13 16:31:00,F,30~39,office,seoul,0,0,0,0,2,0,0,35,0,0,completed
33458,U3461,2025-08-23 12:31:00,2025-08-23 12:38:00,F,40~49,office,seoul,1,0,0,0,4,0,0,18,0,0,abandoned
33459,U3462,2025-05-22 12:11:00,2025-05-22 12:17:00,M,20~29,office,seoul,0,0,0,0,23,0,0,50,0,0,completed
33460,U3463,2025-06-01 09:25:00,2025-06-01 09:31:00,F,20~29,office,seoul,1,0,0,0,11,0,0,42,0,0,completed
33461,U3464,2025-10-05 09:06:00,2025-10-05 09:10:00,F,50+,office,seoul,1,0,0,0,9,0,0,16,0,0,completed
33462,U3465,2025-06-11 21:20:00,2025-06-11 21:23:00,M,30~39,office,seoul,0,0,0,0,0,0,0,12,0,0,completed
33463,U3466,2025-06-27 12:36:00,2025-06-27 12:42:00,F,50+,office,seoul,0,0,0,0,10,0,0,27,0,1,completed
33464,U3467,2025-07-07 16:39:00,2025-07-07 16:41:00,F,40~49,office,seoul,0,0,0,0,14,0,0,60,0,0,completed
33465,U3468,2025-05-29 12:12:00,2025-05-29 12:18:00,F,40~49,office,seoul,0,0,0,0,15,0,0,67,0,0,completed
33466,U3469,2025-04-28 18:05:00,2025-04-28 18:07:00,M,30~39,office,seoul,0,0,0,0,17,0,0,25,0,0,completed
33467,U3470,2025-05-11 12:15:00,2025-05-11 12:19:00,M,20~29,office,seoul,1,0,0,0,12,0,0,31,0,0,completed
33468,U3471,2025-12-25 08:27:00,2025-12-25 08:34:00,M,40~49,office,seoul,0,0,0,0,11,0,0,37,0,1,completed
33469,U3472,2025-05-23 07:20:00,2025-05-23 07:23:00,F,20~29,office,seoul,0,0,0,0,20,0,0,45,0,0,completed
33470,U3473,2025-10-19 15:07:00,2025-10-19 15:09:00,F,30~39,office,seoul,1,0,0,0,0,0,0,11,0,0,completed
33471,U3474,2025-10-24 11:09:00,2025-10-24 11:14:00,F,20~29,office,seoul,0,0,0,0,8,0,0,79,0,0,completed
33472,U3475,2025-03-17 09:49:00,2025-03-17 09:52:00,F,40~49,office,seoul,0,0,0,0,9,0,0,63,0,0,completed
33473,U3476,2025-02-20 12:20:00,2025-02-20 12:23:00,M,20~29,office,seoul,0,0,0,0,4,0,0,71,1,0,completed
33474,U3477,2025-03-03 16:23:00,2025-03-03 16:25:00,F,50+,office,seoul,0,0,0,0,0,0,0,16,1,0,completed
33475,U3478,2025-10-11 21:53:00,2025-10-11 21:55:00,F,20~29,office,seoul,1,0,0,0,5,0,0,66,0,0,completed
33476,U3479,2025-05-03 07:41:00,2025-05-03 07:43:00,F,20~29,office,seoul,1,0,0,0,28,0,0,79,0,0,completed
33477,U3480,2025-08-04 13:18:00,2025-08-04 13:20:00,F,30~39,office,seoul,0,0,0,0,12,0,0,20,0,0,completed
33478,U3481,2025-10-06 08:02:00,2025-10-06 08:07:00,M,30~39,office,seoul,0,0,0,0,17,0,0,44,0,0,completed
33479,U3482,2025-01-04 09:06:00,2025-01-04 09:08:00,F,50+,office,seoul,1,0,0,0,8,0,0,56,0,0,completed
33480,U3483,2025-12-18 16:02:00,2025-12-18 16:04:00,M,30~39,office,seoul,0,0,0,0,20,0,0,66,0,0,completed
33481,U3484,2025-06-30 11:26:00,2025-06-30 11:33:00,M,30~39,office,seoul,0,0,0,0,16,0,0,55,0,0,abandoned
33482,U3485,2025-02-27 14:40:00,2025-02-27 14:46:00,F,30~39,office,seoul,0,0,0,0,16,0,0,60,0,0,abandoned
33483,U3486,2025-05-11 16:06:00,2025-05-11 16:09:00,F,20~29,office,seoul,1,0,0,0,2,0,0,24,0,0,completed
33484,U3487,2025-01-13 16:09:00,2025-01-13 16:15:00,F,30~39,office,seoul,0,0,0,0,19,0,0,40,1,0,completed
33485,U3488,2025-10-31 22:06:00,2025-10-31 22:10:00,F,20~29,office,seoul,0,0,0,0,9,0,0,48,0,0,completed
33486,U3489,2025-06-20 12:04:00,2025-06-20 12:07:00,F,30~39,office,seoul,0,0,0,0,20,0,0,73,0,0,completed
33487,U3490,2025-08-05 18:59:00,2025-08-05 19:02:00,F,20~29,office,seoul,0,0,0,0,3,0,0,23,0,0,completed
33488,U3491,2025-04-15 22:34:00,2025-04-15 22:40:00,M,40~49,office,seoul,0,0,0,0,26,0,0,12,0,0,completed
33489,U3492,2025-12-19 16:20:00,2025-12-19 16:22:00,M,50+,office,seoul,0,0,0,0,24,0,0,76,1,0,completed
33490,U3493,2025-09-09 15:35:00,2025-09-09 15:37:00,F,40~49,office,seoul,0,0,0,0,26,0,0,37,0,0,completed
33491,U3494,2025-02-02 15:36:00,2025-02-02 15:43:00,M,30~39,office,seoul,1,0,0,0,17,0,0,19,0,0,completed
33492,U3495,2025-03-13 09:08:00,2025-03-13 09:10:00,F,50+,office,seoul,0,0,0,0,21,0,0,54,1,0,completed
33493,U3496,2025-02-22 20:42:00,2025-02-22 20:47:00,M,30~39,office,seoul,1,0,0,0,8,0,0,65,0,0,completed
33494,U3497,2025-07-01 17:24:00,2025-07-01 17:28:00,F,20~29,office,seoul,0,0,0,0,2,0,0,10,0,0,completed
33495,U3498,2025-10-13 17:53:00,2025-10-13 17:56:00,F,50+,office,seoul,0,0,0,0,14,0,0,25,1,0,completed
33496,U3499,2025-01-19 18:26:00,2025-01-19 18:33:00,M,30~39,office,seoul,1,0,0,0,4,0,0,63,0,0,completed
33497,U3500,2025-04-21 17:47:00,2025-04-21 17:50:00,M,50+,office,seoul,0,0,0,0,23,0,0,72,0,0,completed
33498,U3501,2025-02-28 19:40:00,2025-02-28 19:44:00,M,30~39,office,seoul,0,0,0,0,22,0,0,53,0,0,completed
33499,U3502,2025-05-08 14:36:00,2025-05-08 14:43:00,M,50+,office,seoul,0,0,0,0,23,0,0,56,0,0,completed
33500,U3503,2025-09-08 09:05:00,2025-09-08 09:07:00,M,40~49,office,seoul,0,0,0,0,23,0,0,42,0,0,abandoned
33501,U3504,2025-08-12 12:28:00,2025-08-12 12:35:00,M,30~39,office,seoul,0,0,0,0,28,0,0,54,0,0,completed
33502,U3505,2025-06-24 16:09:00,2025-06-24 16:15:00,F,40~49,office,seoul,0,0,0,0,2,0,0,76,0,0,completed
33503,U3506,2025-11-20 18:32:00,2025-11-20 18:38:00,M,40~49,office,seoul,0,0,0,0,28,0,0,41,0,0,completed
33504,U3507,2025-11-07 09:57:00,2025-11-07 10:00:00,M,30~39,office,seoul,0,0,0,0,26,0,0,24,0,0,completed
33505,U3508,2025-01-30 13:01:00,2025-01-30 13:06:00,M,50+,office,seoul,0,0,0,0,2,0,0,46,0,0,completed
33506,U3509,2025-10-29 13:55:00,2025-10-29 13:59:00,F,20~29,office,seoul,0,0,0,0,23,0,0,78,0,0,completed
33507,U3510,2025-04-27 07:44:00,2025-04-27 07:48:00,M,20~29,office,seoul,1,0,0,0,25,0,0,62,0,0,abandoned
33508,U3511,2025-08-20 13:36:00,2025-08-20 13:38:00,M,50+,office,seoul,0,0,0,0,9,0,0,48,0,0,completed
33509,U3512,2025-06-01 08:36:00,2025-06-01 08:43:00,M,50+,office,seoul,1,0,0,0,6,0,0,31,0,0,completed
33510,U3513,2025-05-03 09:14:00,2025-05-03 09:17:00,F,20~29,office,seoul,1,0,0,0,5,0,0,62,0,0,completed
33511,U3514,2025-09-02 12:44:00,2025-09-02 12:46:00,M,40~49,office,seoul,0,0,0,0,11,0,0,62,0,0,completed
33512,U3515,2025-06-04 20:21:00,2025-06-04 20:23:00,F,40~49,office,seoul,0,0,0,0,14,0,0,16,0,0,completed
33513,U3516,2025-05-14 12:28:00,2025-05-14 12:33:00,F,20~29,office,seoul,0,0,0,0,4,0,0,10,0,0,error
33514,U3517,2025-05-14 09:08:00,2025-05-14 09:10:00,M,30~39,office,seoul,0,0,0,0,24,0,0,30,0,0,timeout
33515,U3518,2025-05-26 20:49:00,2025-05-26 20:51:00,M,50+,office,seoul,0,0,0,0,7,0,0,67,0,0,completed
33516,U3519,2025-03-07 14:42:00,2025-03-07 14:46:00,F,20~29,office,seoul,0,0,0,0,8,0,0,62,0,0,completed
33517,U3520,2025-09-03 11:52:00,2025-09-03 11:56:00,F,50+,office,seoul,0,0,0,0,18,0,0,27,0,0,completed
33518,U3521,2025-10-22 17:08:00,2025-10-22 17:10:00,F,30~39,office,seoul,0,0,0,0,11,0,0,37,0,0,completed
33519,U3522,2025-08-15 14:21:00,2025-08-15 14:23:00,F,20~29,office,seoul,0,0,0,0,28,0,0,58,0,0,completed
33520,U3523,2025-08-30 16:44:00,2025-08-30 16:49:00,M,30~39,office,seoul,1,0,0,0,7,0,0,54,0,0,completed
33521,U3524,2025-08-22 17:54:00,2025-08-22 17:59:00,M,20~29,office,seoul,0,0,0,0,8,0,0,44,0,0,completed
33522,U3525,2025-01-18 17:36:00,2025-01-18 17:42:00,M,20~29,office,seoul,1,0,0,0,28,0,0,48,0,0,completed
33523,U3526,2025-01-25 18:05:00,2025-01-25 18:08:00,F,40~49,office,seoul,1,0,0,0,19,0,0,48,0,0,completed
33524,U3527,2025-09-15 15:05:00,2025-09-15 15:12:00,F,20~29,office,seoul,0,0,0,0,22,0,0,18,0,0,completed
33525,U3528,2025-06-13 13:17:00,2025-06-13 13:23:00,M,20~29,office,seoul,0,0,0,0,14,0,0,20,0,0,completed
33526,U3529,2025-11-08 08:14:00,2025-11-08 08:20:00,M,20~29,office,seoul,1,0,0,0,28,0,0,37,0,0,completed
33527,U3530,2025-05-11 17:44:00,2025-05-11 17:47:00,M,30~39,office,seoul,1,0,0,0,15,0,0,20,0,1,completed
33528,U3531,2025-09-16 17:36:00,2025-09-16 17:41:00,F,40~49,office,seoul,0,0,0,0,10,0,0,29,0,0,completed
33529,U3532,2025-04-12 15:15:00,2025-04-12 15:22:00,M,30~39,office,seoul,1,0,0,0,21,0,0,47,0,0,completed
33530,U3533,2025-07-24 19:08:00,2025-07-24 19:10:00,F,40~49,office,seoul,0,0,0,0,9,0,0,22,0,0,completed
33531,U3534,2025-02-25 16:08:00,2025-02-25 16:11:00,F,30~39,office,seoul,0,0,0,0,2,0,0,74,0,0,completed
33532,U3535,2025-10-12 22:08:00,2025-10-12 22:10:00,F,20~29,office,seoul,1,0,0,0,13,0,0,29,0,0,completed
33533,U3536,2025-03-20 11:47:00,2025-03-20 11:52:00,F,30~39,office,seoul,0,0,0,0,20,0,0,58,0,0,completed
33534,U3537,2025-10-05 11:05:00,2025-10-05 11:11:00,M,50+,office,seoul,1,0,0,0,22,0,0,34,0,0,completed
33535,U3538,2025-11-12 20:18:00,2025-11-12 20:24:00,F,30~39,office,seoul,0,0,0,0,2,0,0,21,0,0,completed
33536,U3539,2025-07-21 17:02:00,2025-07-21 17:05:00,F,20~29,office,seoul,0,0,0,0,6,0,0,56,0,0,completed
33537,U3540,2025-01-01 13:58:00,2025-01-01 14:05:00,F,20~29,office,seoul,0,0,0,0,21,0,0,18,0,0,completed
33538,U3541,2025-04-21 07:09:00,2025-04-21 07:12:00,M,30~39,office,seoul,0,0,0,0,2,0,0,57,0,0,completed
33539,U3542,2025-06-08 17:51:00,2025-06-08 17:54:00,F,20~29,office,seoul,1,0,0,0,23,0,0,73,0,0,completed
33540,U3543,2025-03-13 08:29:00,2025-03-13 08:32:00,M,20~29,office,seoul,0,0,0,0,26,0,0,32,0,0,completed
33541,U3544,2025-04-10 15:50:00,2025-04-10 15:56:00,F,20~29,office,seoul,0,0,0,0,23,0,0,14,0,0,timeout
33542,U3545,2025-11-18 18:55:00,2025-11-18 19:01:00,M,30~39,office,seoul,0,0,0,0,16,0,0,19,0,0,completed
33543,U3546,2025-06-27 18:14:00,2025-06-27 18:20:00,F,30~39,office,seoul,0,0,0,0,22,0,0,61,0,0,completed
33544,U3547,2025-12-15 08:46:00,2025-12-15 08:53:00,M,30~39,office,seoul,0,0,0,0,27,0,0,64,0,0,completed
33545,U3548,2025-04-25 11:15:00,2025-04-25 11:17:00,M,20~29,office,seoul,0,0,0,0,8,0,0,32,0,0,completed
33546,U3549,2025-09-03 17:39:00,2025-09-03 17:42:00,M,20~29,office,seoul,0,0,0,0,27,0,0,49,0,0,completed
33547,U3550,2025-09-25 09:01:00,2025-09-25 09:08:00,F,30~39,office,seoul,0,0,0,0,20,0,0,71,0,0,completed
33548,U3551,2025-06-26 16:25:00,2025-06-26 16:28:00,F,30~39,office,seoul,0,0,0,0,4,0,0,22,0,0,completed
33549,U3552,2025-03-27 12:38:00,2025-03-27 12:44:00,F,20~29,office,seoul,0,0,0,0,13,0,0,46,0,0,completed
33550,U3553,2025-08-05 09:26:00,2025-08-05 09:28:00,M,30~39,office,seoul,0,0,0,0,5,0,0,73,0,0,completed
33551,U3554,2025-03-15 12:02:00,2025-03-15 12:06:00,M,20~29,office,seoul,1,0,0,0,24,0,0,29,0,0,completed
33552,U3555,2025-07-14 08:59:00,2025-07-14 09:02:00,F,20~29,office,seoul,0,0,0,0,5,0,0,61,0,0,completed
33553,U3556,2025-04-27 09:06:00,2025-04-27 09:08:00,M,30~39,office,seoul,1,0,0,0,6,0,0,30,0,0,completed
33554,U3557,2025-02-05 17:58:00,2025-02-05 18:01:00,F,50+,office,seoul,0,0,0,0,13,0,0,30,0,0,completed
33555,U3558,2025-04-23 08:40:00,2025-04-23 08:46:00,F,30~39,office,seoul,0,0,0,0,22,0,0,27,0,0,completed
33556,U3559,2025-07-02 08:44:00,2025-07-02 08:48:00,F,30~39,office,seoul,0,0,0,0,17,0,0,30,0,0,completed
33557,U3560,2025-06-19 08:44:00,2025-06-19 08:49:00,M,30~39,office,seoul,0,0,0,0,2,0,0,72,0,0,completed
33558,U3561,2025-06-24 17:39:00,2025-06-24 17:45:00,F,50+,office,seoul,0,0,0,0,17,0,0,71,0,0,completed
33559,U3562,2025-03-22 13:46:00,2025-03-22 13:48:00,F,50+,office,seoul,1,0,0,0,28,0,0,51,0,0,completed
33560,U3563,2025-06-25 09:15:00,2025-06-25 09:22:00,F,50+,office,seoul,0,0,0,0,13,0,0,40,0,0,completed
33561,U3564,2025-07-18 16:09:00,2025-07-18 16:12:00,M,20~29,office,seoul,0,0,0,0,1,0,0,52,1,0,completed
33562,U3565,2025-06-09 07:54:00,2025-06-09 07:58:00,M,30~39,office,seoul,0,0,0,0,23,0,0,32,0,0,completed
33563,U3566,2025-03-23 12:28:00,2025-03-23 12:35:00,F,40~49,office,seoul,1,0,0,0,29,0,0,16,0,0,completed
33564,U3567,2025-05-27 16:47:00,2025-05-27 16:54:00,M,30~39,office,seoul,0,0,0,0,23,0,0,65,0,0,completed
33565,U3568,2025-09-15 09:49:00,2025-09-15 09:56:00,F,30~39,office,seoul,0,0,0,0,19,0,0,26,0,0,completed
33566,U3569,2025-03-23 18:34:00,2025-03-23 18:36:00,F,50+,office,seoul,1,0,0,0,1,0,0,17,0,0,completed
33567,U3570,2025-12-25 13:22:00,2025-12-25 13:29:00,F,20~29,office,seoul,0,0,0,0,12,0,0,67,0,0,completed
33568,U3571,2025-06-30 16:14:00,2025-06-30 16:20:00,F,40~49,office,seoul,0,0,0,0,9,0,0,70,0,0,completed
33569,U3572,2025-04-09 16:55:00,2025-04-09 17:01:00,F,20~29,office,seoul,0,0,0,0,21,0,0,30,0,0,completed
33570,U3573,2025-04-27 15:21:00,2025-04-27 15:27:00,M,30~39,office,seoul,1,0,0,0,2,0,0,22,0,0,completed
33571,U3574,2025-03-02 15:08:00,2025-03-02 15:11:00,F,50+,office,seoul,1,0,0,0,8,0,0,49,0,0,completed
33572,U3575,2025-02-10 11:44:00,2025-02-10 11:49:00,F,20~29,office,seoul,0,0,0,0,4,0,0,26,0,0,completed
33573,U3576,2025-06-15 17:51:00,2025-06-15 17:57:00,M,30~39,office,seoul,1,0,0,0,7,0,0,68,0,0,completed
33574,U3577,2025-03-29 08:57:00,2025-03-29 09:04:00,F,50+,office,seoul,1,0,0,0,25,0,0,33,0,0,completed
33575,U3578,2025-10-27 14:26:00,2025-10-27 14:33:00,M,20~29,office,seoul,0,0,0,0,2,0,0,15,0,0,completed
33576,U3579,2025-09-10 13:35:00,2025-09-10 13:40:00,M,20~29,office,seoul,0,0,0,0,20,0,0,21,0,0,completed
33577,U3580,2025-01-30 13:53:00,2025-01-30 13:55:00,M,30~39,office,seoul,0,0,0,0,11,0,0,11,0,0,completed
33578,U3581,2025-01-01 19:51:00,2025-01-01 19:57:00,F,30~39,office,seoul,0,0,0,0,24,0,0,49,0,0,completed
33579,U3582,2025-02-10 13:07:00,2025-02-10 13:14:00,F,30~39,office,seoul,0,0,0,0,11,0,0,62,0,0,completed
33580,U3583,2025-11-10 19:02:00,2025-11-10 19:09:00,F,40~49,office,seoul,0,0,0,0,0,0,0,79,0,0,completed
33581,U3584,2025-09-04 18:23:00,2025-09-04 18:28:00,M,20~29,office,seoul,0,0,0,0,17,0,0,29,0,0,completed
33582,U3585,2025-10-01 12:41:00,2025-10-01 12:46:00,M,20~29,office,seoul,0,0,0,0,18,0,0,20,0,0,completed
33583,U3586,2025-07-27 09:01:00,2025-07-27 09:04:00,F,30~39,office,seoul,1,0,0,0,10,0,0,19,0,0,completed
33584,U3587,2025-05-01 16:11:00,2025-05-01 16:18:00,F,20~29,office,seoul,0,0,0,0,0,0,0,65,0,0,completed
33585,U3588,2025-10-31 08:49:00,2025-10-31 08:51:00,F,30~39,office,seoul,0,0,0,0,26,0,0,74,0,0,completed
33586,U3589,2025-11-23 15:36:00,2025-11-23 15:40:00,F,50+,office,seoul,1,0,0,0,8,0,0,37,0,0,completed
33587,U3590,2025-03-03 14:02:00,2025-03-03 14:08:00,M,30~39,office,seoul,0,0,0,0,10,0,0,74,0,0,completed
33588,U3591,2025-05-31 15:51:00,2025-05-31 15:56:00,F,20~29,office,seoul,1,0,0,0,14,0,0,64,0,0,completed
33589,U3592,2025-04-17 16:42:00,2025-04-17 16:47:00,M,40~49,office,seoul,0,0,0,0,29,0,0,47,1,0,completed
33590,U3593,2025-02-03 13:33:00,2025-02-03 13:36:00,F,50+,office,seoul,0,0,0,0,14,0,0,48,1,0,completed
33591,U3594,2025-07-20 22:15:00,2025-07-20 22:19:00,M,20~29,office,seoul,1,0,0,0,6,0,0,79,0,0,completed
33592,U3595,2025-11-27 12:58:00,2025-11-27 13:03:00,M,30~39,office,seoul,0,0,0,0,25,0,0,54,0,0,timeout
33593,U3596,2025-05-01 13:07:00,2025-05-01 13:11:00,M,20~29,office,seoul,0,0,0,0,18,0,0,39,0,0,completed
33594,U3597,2025-11-02 19:29:00,2025-11-02 19:31:00,M,50+,office,seoul,1,0,0,0,20,0,0,18,0,1,completed
33595,U3598,2025-07-14 14:17:00,2025-07-14 14:20:00,M,40~49,office,seoul,0,0,0,0,13,0,0,13,0,0,completed
33596,U3599,2025-11-24 11:39:00,2025-11-24 11:43:00,M,30~39,office,seoul,0,0,0,0,15,0,0,52,0,0,completed
33597,U3600,2025-05-20 12:20:00,2025-05-20 12:25:00,M,20~29,office,seoul,0,0,0,0,18,0,0,26,0,0,completed
33598,U3601,2025-11-21 15:34:00,2025-11-21 15:41:00,M,20~29,office,seoul,0,0,0,0,20,0,0,61,0,0,completed
33599,U3602,2025-03-17 11:03:00,2025-03-17 11:07:00,F,30~39,office,seoul,0,0,0,0,4,0,0,79,0,0,completed
33600,U3603,2025-06-20 08:55:00,2025-06-20 08:58:00,F,30~39,office,seoul,0,0,0,0,15,0,0,32,0,0,completed
33601,U3604,2025-05-02 15:39:00,2025-05-02 15:42:00,M,20~29,office,seoul,0,0,0,0,24,0,0,60,0,0,abandoned
33602,U3605,2025-04-01 09:37:00,2025-04-01 09:44:00,F,20~29,office,seoul,0,0,0,0,26,0,0,46,0,0,completed
33603,U3606,2025-09-12 18:06:00,2025-09-12 18:10:00,F,20~29,office,seoul,0,0,0,0,18,0,0,37,1,0,completed
33604,U3607,2025-03-21 09:30:00,2025-03-21 09:35:00,F,20~29,office,seoul,0,0,0,0,22,0,0,46,0,0,completed
33605,U3608,2025-12-16 12:14:00,2025-12-16 12:16:00,F,40~49,office,seoul,0,0,0,0,0,0,0,62,0,0,completed
33606,U3609,2025-02-04 15:59:00,2025-02-04 16:02:00,F,20~29,office,seoul,0,0,0,0,11,0,0,40,0,0,completed
33607,U3610,2025-05-07 18:03:00,2025-05-07 18:05:00,F,30~39,office,seoul,0,0,0,0,22,0,0,45,0,0,completed
33608,U3611,2025-01-19 13:42:00,2025-01-19 13:47:00,F,20~29,office,seoul,1,0,0,0,11,0,0,23,0,0,completed
33609,U3612,2025-05-04 19:57:00,2025-05-04 20:01:00,M,50+,office,seoul,1,0,0,0,4,0,0,72,0,0,completed
33610,U3613,2025-04-25 12:19:00,2025-04-25 12:26:00,F,40~49,office,seoul,0,0,0,0,26,0,0,26,0,0,completed
33611,U3614,2025-03-14 15:31:00,2025-03-14 15:35:00,F,30~39,office,seoul,0,0,0,0,4,0,0,46,0,0,completed
33612,U3615,2025-09-27 17:28:00,2025-09-27 17:35:00,M,20~29,office,seoul,1,0,0,0,13,0,0,31,0,0,completed
33613,U3616,2025-12-24 09:44:00,2025-12-24 09:47:00,M,30~39,office,seoul,0,0,0,0,17,0,0,75,0,0,completed
33614,U3617,2025-12-19 14:19:00,2025-12-19 14:21:00,F,40~49,office,seoul,0,0,0,0,6,0,0,13,0,0,abandoned
33615,U3618,2025-01-26 17:15:00,2025-01-26 17:17:00,F,40~49,office,seoul,1,0,0,0,17,0,0,37,0,0,timeout
33616,U3619,2025-03-30 20:54:00,2025-03-30 20:57:00,F,50+,office,seoul,1,0,0,0,6,0,0,10,0,0,completed
33617,U3620,2025-03-07 20:50:00,2025-03-07 20:57:00,F,50+,office,seoul,0,0,0,0,22,0,0,78,1,0,completed
33618,U3621,2025-06-29 14:16:00,2025-06-29 14:21:00,F,40~49,office,seoul,1,0,0,0,16,0,0,18,0,0,abandoned
33619,U3622,2025-07-30 12:19:00,2025-07-30 12:24:00,M,30~39,office,seoul,0,0,0,0,17,0,0,28,0,0,completed
33620,U3623,2025-08-21 17:39:00,2025-08-21 17:46:00,M,40~49,office,seoul,0,0,0,0,22,0,0,22,0,0,completed
33621,U3624,2025-09-12 18:22:00,2025-09-12 18:27:00,F,30~39,office,seoul,0,0,0,0,1,0,0,17,0,0,completed
33622,U3625,2025-03-07 20:58:00,2025-03-07 21:04:00,F,20~29,office,seoul,0,0,0,0,22,0,0,61,0,0,completed
33623,U3626,2025-07-14 09:35:00,2025-07-14 09:37:00,F,20~29,office,seoul,0,0,0,0,6,0,0,65,0,0,completed
33624,U3627,2025-03-02 18:30:00,2025-03-02 18:32:00,F,40~49,office,seoul,1,0,0,0,3,0,0,10,0,0,timeout
33625,U3628,2025-01-15 20:13:00,2025-01-15 20:19:00,M,20~29,office,seoul,0,0,0,0,14,0,0,68,0,0,completed
33626,U3629,2025-01-11 21:58:00,2025-01-11 22:01:00,F,20~29,office,seoul,1,0,0,0,13,0,0,31,0,0,completed
33627,U3630,2025-09-28 12:05:00,2025-09-28 12:09:00,M,20~29,office,seoul,1,0,0,0,15,0,0,29,0,0,completed
33628,U3631,2025-11-03 17:19:00,2025-11-03 17:26:00,F,50+,office,seoul,0,0,0,0,17,0,0,20,0,0,timeout
33629,U3632,2025-01-21 16:49:00,2025-01-21 16:56:00,F,30~39,office,seoul,0,0,0,0,23,0,0,45,0,0,completed
33630,U3633,2025-07-23 09:24:00,2025-07-23 09:26:00,M,20~29,office,seoul,0,0,0,0,29,0,0,72,0,0,completed
33631,U3634,2025-05-01 16:25:00,2025-05-01 16:27:00,M,30~39,office,seoul,0,0,0,0,22,0,0,63,0,0,completed
33632,U3635,2025-06-12 15:36:00,2025-06-12 15:40:00,F,30~39,office,seoul,0,0,0,0,26,0,0,11,0,0,completed
33633,U3636,2025-04-01 17:28:00,2025-04-01 17:32:00,F,30~39,office,seoul,0,0,0,0,0,0,0,33,0,0,completed
33634,U3637,2025-04-25 13:20:00,2025-04-25 13:25:00,F,30~39,office,seoul,0,0,0,0,15,0,0,44,0,0,completed
33635,U3638,2025-10-07 13:18:00,2025-10-07 13:24:00,F,20~29,office,seoul,0,0,0,0,1,0,0,42,0,0,abandoned
33636,U3639,2025-09-18 15:48:00,2025-09-18 15:54:00,M,20~29,office,seoul,0,0,0,0,28,0,0,32,0,0,completed
33637,U3640,2025-02-28 12:33:00,2025-02-28 12:40:00,M,20~29,office,seoul,0,0,0,0,23,0,0,45,0,0,completed
33638,U3641,2025-11-10 12:17:00,2025-11-10 12:21:00,F,40~49,office,seoul,0,0,0,0,3,0,0,33,0,0,completed
33639,U3642,2025-06-04 12:01:00,2025-06-04 12:05:00,F,20~29,office,seoul,0,0,0,0,15,0,0,37,0,0,completed
33640,U3643,2025-04-02 18:01:00,2025-04-02 18:08:00,F,20~29,office,seoul,0,0,0,0,0,0,0,14,0,0,completed
33641,U3644,2025-09-30 17:35:00,2025-09-30 17:40:00,F,20~29,office,seoul,0,0,0,0,22,0,0,30,0,0,completed
33642,U3645,2025-12-20 13:00:00,2025-12-20 13:02:00,F,50+,office,seoul,1,0,0,0,29,0,0,35,0,1,completed
33643,U3646,2025-10-25 13:33:00,2025-10-25 13:36:00,M,40~49,office,seoul,1,0,0,0,10,0,0,16,0,0,completed
33644,U3647,2025-08-21 09:09:00,2025-08-21 09:13:00,F,20~29,office,seoul,0,0,0,0,19,0,0,73,0,0,completed
33645,U3648,2025-08-10 09:30:00,2025-08-10 09:33:00,M,30~39,office,seoul,1,0,0,0,17,0,0,13,0,0,completed
33646,U3649,2025-09-02 09:40:00,2025-09-02 09:46:00,M,50+,office,seoul,0,0,0,0,1,0,0,58,0,0,completed
33647,U3650,2025-04-05 12:59:00,2025-04-05 13:02:00,M,50+,office,seoul,1,0,0,0,7,0,0,79,0,0,completed
33648,U3651,2025-07-14 12:26:00,2025-07-14 12:32:00,F,20~29,office,seoul,0,0,0,0,6,0,0,78,0,0,timeout
33649,U3652,2025-09-10 09:23:00,2025-09-10 09:27:00,F,20~29,office,seoul,0,0,0,0,18,0,0,50,0,0,completed
33650,U3653,2025-08-25 13:17:00,2025-08-25 13:21:00,M,20~29,office,seoul,0,0,0,0,17,0,0,47,0,0,completed
33651,U3654,2025-01-02 20:53:00,2025-01-02 20:59:00,F,40~49,office,seoul,0,0,0,0,0,0,0,31,0,0,completed
33652,U3655,2025-01-21 18:49:00,2025-01-21 18:51:00,F,20~29,office,seoul,0,0,0,0,22,0,0,19,0,0,completed
33653,U3656,2025-04-14 19:47:00,2025-04-14 19:51:00,M,20~29,office,seoul,0,0,0,0,24,0,0,70,0,0,completed
33654,U3657,2025-10-11 11:14:00,2025-10-11 11:17:00,M,20~29,office,seoul,1,0,0,0,3,0,0,18,0,0,completed
33655,U3658,2025-10-24 11:35:00,2025-10-24 11:37:00,M,30~39,office,seoul,0,0,0,0,7,0,0,42,0,0,timeout
33656,U3659,2025-05-21 12:32:00,2025-05-21 12:35:00,M,30~39,office,seoul,0,0,0,0,17,0,0,73,0,0,completed
33657,U3660,2025-02-24 08:02:00,2025-02-24 08:06:00,M,20~29,office,seoul,0,0,0,0,19,0,0,71,0,0,completed
33658,U3661,2025-01-16 14:43:00,2025-01-16 14:48:00,F,50+,office,seoul,0,0,0,0,5,0,0,38,0,0,completed
33659,U3662,2025-06-04 11:09:00,2025-06-04 11:13:00,M,50+,office,seoul,0,0,0,0,0,0,0,27,0,0,completed
33660,U3663,2025-02-12 15:59:00,2025-02-12 16:04:00,M,50+,office,seoul,0,0,0,0,14,0,0,12,0,0,completed
33661,U3664,2025-08-05 14:00:00,2025-08-05 14:06:00,F,30~39,office,seoul,0,0,0,0,3,0,0,29,0,0,completed
33662,U3665,2025-12-12 13:23:00,2025-12-12 13:28:00,M,30~39,office,seoul,0,0,0,0,25,0,0,32,0,0,completed
33663,U3666,2025-06-12 08:39:00,2025-06-12 08:42:00,M,50+,office,seoul,0,0,0,0,23,0,0,70,0,0,completed
33664,U3667,2025-12-14 18:43:00,2025-12-14 18:47:00,F,30~39,office,seoul,1,0,0,0,27,0,0,26,0,0,completed
33665,U3668,2025-09-28 08:48:00,2025-09-28 08:54:00,M,50+,office,seoul,1,0,0,0,20,0,0,25,0,0,completed
33666,U3669,2025-05-20 14:35:00,2025-05-20 14:39:00,F,40~49,office,seoul,0,0,0,0,25,0,0,79,1,0,completed
33667,U3670,2025-05-05 17:29:00,2025-05-05 17:31:00,F,40~49,office,seoul,0,0,0,0,1,0,0,53,0,0,completed
33668,U3671,2025-02-11 07:43:00,2025-02-11 07:45:00,F,20~29,office,seoul,0,0,0,0,6,0,0,31,0,0,completed
33669,U3672,2025-03-20 15:02:00,2025-03-20 15:06:00,F,40~49,office,seoul,0,0,0,0,24,0,0,28,0,0,completed
33670,U3673,2025-07-13 18:55:00,2025-07-13 18:58:00,M,20~29,office,seoul,1,0,0,0,0,0,0,34,0,0,abandoned
33671,U3674,2025-07-16 11:25:00,2025-07-16 11:32:00,M,30~39,office,seoul,0,0,0,0,28,0,0,62,0,0,completed
33672,U3675,2025-06-02 17:25:00,2025-06-02 17:30:00,F,20~29,office,seoul,0,0,0,0,27,0,0,50,0,0,completed
33673,U3676,2025-09-04 14:17:00,2025-09-04 14:21:00,F,40~49,office,seoul,0,0,0,0,22,0,0,64,0,0,completed
33674,U3677,2025-10-18 13:53:00,2025-10-18 13:57:00,M,40~49,office,seoul,1,0,0,0,13,0,0,51,0,0,completed
33675,U3678,2025-01-30 13:22:00,2025-01-30 13:28:00,F,50+,office,seoul,0,0,0,0,5,0,0,79,0,0,completed
33676,U3679,2025-02-27 09:31:00,2025-02-27 09:37:00,F,50+,office,seoul,0,0,0,0,24,0,0,37,0,0,completed
33677,U3680,2025-10-08 12:28:00,2025-10-08 12:30:00,F,50+,office,seoul,0,0,0,0,3,0,0,70,0,0,completed
33678,U3681,2025-07-08 13:48:00,2025-07-08 13:52:00,F,30~39,office,seoul,0,0,0,0,23,0,0,72,0,0,completed
33679,U3682,2025-11-20 18:24:00,2025-11-20 18:26:00,F,40~49,office,seoul,0,0,0,0,25,0,0,43,0,0,completed
33680,U3683,2025-04-10 15:39:00,2025-04-10 15:43:00,M,30~39,office,seoul,0,0,0,0,1,0,0,47,0,0,completed
33681,U3684,2025-09-17 12:21:00,2025-09-17 12:26:00,F,20~29,office,seoul,0,0,0,0,26,0,0,75,0,0,completed
33682,U3685,2025-07-28 20:49:00,2025-07-28 20:56:00,F,40~49,office,seoul,0,0,0,0,24,0,0,14,0,0,completed
33683,U3686,2025-12-31 14:31:00,2025-12-31 14:36:00,F,20~29,office,seoul,0,0,0,0,29,0,0,72,0,0,completed
33684,U3687,2025-02-13 13:29:00,2025-02-13 13:31:00,F,40~49,office,seoul,0,0,0,0,10,0,0,35,0,0,completed
33685,U3688,2025-09-02 09:51:00,2025-09-02 09:56:00,M,20~29,office,seoul,0,0,0,0,5,0,0,10,0,0,abandoned
33686,U3689,2025-04-30 19:54:00,2025-04-30 20:01:00,F,30~39,office,seoul,0,0,0,0,7,0,0,65,0,0,completed
33687,U3690,2025-06-23 14:13:00,2025-06-23 14:16:00,F,20~29,office,seoul,0,0,0,0,19,0,0,56,0,0,completed
33688,U3691,2025-11-13 09:26:00,2025-11-13 09:28:00,F,50+,office,seoul,0,0,0,0,21,0,0,16,0,0,completed
33689,U3692,2025-03-03 14:09:00,2025-03-03 14:15:00,M,50+,office,seoul,0,0,0,0,14,0,0,69,0,0,completed
33690,U3693,2025-07-02 21:02:00,2025-07-02 21:07:00,F,30~39,office,seoul,0,0,0,0,29,0,0,48,0,0,timeout
33691,U3694,2025-06-03 16:01:00,2025-06-03 16:06:00,M,30~39,office,seoul,0,0,0,0,13,0,0,60,0,0,completed
33692,U3695,2025-10-15 16:08:00,2025-10-15 16:13:00,F,40~49,office,seoul,0,0,0,0,5,0,0,55,0,0,completed
33693,U3696,2025-01-09 18:45:00,2025-01-09 18:48:00,F,40~49,office,seoul,0,0,0,0,1,0,0,13,0,0,completed
33694,U3697,2025-06-08 12:16:00,2025-06-08 12:23:00,M,40~49,office,seoul,1,0,0,0,29,0,0,61,0,0,timeout
33695,U3698,2025-06-08 20:13:00,2025-06-08 20:16:00,M,50+,office,seoul,1,0,0,0,13,0,0,17,0,1,completed
33696,U3699,2025-11-28 11:10:00,2025-11-28 11:17:00,F,50+,office,seoul,0,0,0,0,29,0,0,29,0,0,completed
33697,U3700,2025-03-27 09:46:00,2025-03-27 09:52:00,F,40~49,office,seoul,0,0,0,0,2,0,0,50,0,0,abandoned
33698,U3701,2025-11-19 19:53:00,2025-11-19 20:00:00,F,30~39,office,seoul,0,0,0,0,20,0,0,76,0,0,completed
33699,U3702,2025-05-01 09:02:00,2025-05-01 09:05:00,M,20~29,office,seoul,0,0,0,0,7,0,0,10,0,0,completed
33700,U3703,2025-04-10 13:16:00,2025-04-10 13:23:00,F,30~39,office,seoul,0,0,0,0,2,0,0,57,0,0,completed
33701,U3704,2025-12-26 15:20:00,2025-12-26 15:25:00,F,40~49,office,seoul,0,0,0,0,13,0,0,53,0,0,abandoned
33702,U3705,2025-06-20 18:05:00,2025-06-20 18:09:00,M,30~39,office,seoul,0,0,0,0,7,0,0,75,0,0,completed
33703,U3706,2025-01-30 15:19:00,2025-01-30 15:25:00,M,30~39,office,seoul,0,0,0,0,26,0,0,59,0,0,completed
33704,U3707,2025-12-20 11:30:00,2025-12-20 11:37:00,F,30~39,office,seoul,1,0,0,0,16,0,0,34,0,0,completed
33705,U3708,2025-03-23 11:44:00,2025-03-23 11:46:00,M,20~29,office,seoul,1,0,0,0,22,0,0,56,0,0,completed
33706,U3709,2025-03-07 08:18:00,2025-03-07 08:25:00,F,30~39,office,seoul,0,0,0,0,21,0,0,44,0,0,completed
33707,U3710,2025-10-09 19:45:00,2025-10-09 19:50:00,F,40~49,office,seoul,0,0,0,0,8,0,0,77,0,0,completed
33708,U3711,2025-07-14 18:48:00,2025-07-14 18:53:00,F,40~49,office,seoul,0,0,0,0,9,0,0,73,0,0,completed
33709,U3712,2025-03-27 12:57:00,2025-03-27 13:03:00,F,30~39,office,seoul,0,0,0,0,7,0,0,60,0,0,completed
33710,U3713,2025-02-27 16:16:00,2025-02-27 16:22:00,M,20~29,office,seoul,0,0,0,0,10,0,0,30,0,0,completed
33711,U3714,2025-07-23 08:14:00,2025-07-23 08:18:00,M,20~29,office,seoul,0,0,0,0,18,0,0,30,0,0,timeout
33712,U3715,2025-03-05 16:16:00,2025-03-05 16:22:00,M,20~29,office,seoul,0,0,0,0,5,0,0,76,0,0,completed
33713,U3716,2025-05-09 15:04:00,2025-05-09 15:06:00,M,20~29,office,seoul,0,0,0,0,24,0,0,31,0,0,completed
33714,U3717,2025-12-18 22:52:00,2025-12-18 22:54:00,F,20~29,office,seoul,0,0,0,0,12,0,0,59,0,0,completed
33715,U3718,2025-03-24 14:56:00,2025-03-24 15:03:00,F,30~39,office,seoul,0,0,0,0,7,0,0,58,0,0,completed
33716,U3719,2025-08-19 13:03:00,2025-08-19 13:09:00,M,20~29,office,seoul,0,0,0,0,6,0,0,48,0,0,completed
33717,U3720,2025-03-16 09:03:00,2025-03-16 09:05:00,M,30~39,office,seoul,1,0,0,0,24,0,0,17,0,0,completed
33718,U3721,2025-06-25 08:57:00,2025-06-25 09:00:00,F,20~29,office,seoul,0,0,0,0,0,0,0,20,0,0,completed
33719,U3722,2025-05-03 17:44:00,2025-05-03 17:47:00,F,50+,office,seoul,1,0,0,0,0,0,0,17,0,1,abandoned
33720,U3723,2025-06-30 14:19:00,2025-06-30 14:24:00,F,50+,office,seoul,0,0,0,0,8,0,0,14,0,0,completed
33721,U3724,2025-12-19 12:31:00,2025-12-19 12:36:00,F,20~29,office,seoul,0,0,0,0,28,0,0,32,0,0,completed
33722,U3725,2025-07-05 14:25:00,2025-07-05 14:27:00,M,30~39,office,seoul,1,0,0,0,29,0,0,69,0,0,completed
33723,U3726,2025-08-13 08:04:00,2025-08-13 08:07:00,M,50+,office,seoul,0,0,0,0,10,0,0,40,1,0,completed
33724,U3727,2025-05-05 20:21:00,2025-05-05 20:26:00,M,30~39,office,seoul,0,0,0,0,18,0,0,35,0,0,completed
33725,U3728,2025-07-08 13:44:00,2025-07-08 13:51:00,M,50+,office,seoul,0,0,0,0,4,0,0,40,0,0,completed
33726,U3729,2025-12-03 09:17:00,2025-12-03 09:21:00,M,20~29,office,seoul,0,0,0,0,2,0,0,28,0,0,completed
33727,U3730,2025-11-24 20:34:00,2025-11-24 20:38:00,F,50+,office,seoul,0,0,0,0,12,0,0,11,0,0,completed
33728,U3731,2025-09-09 11:01:00,2025-09-09 11:08:00,F,40~49,office,seoul,0,0,0,0,0,0,0,47,0,0,completed
33729,U3732,2025-02-24 15:42:00,2025-02-24 15:47:00,M,50+,office,seoul,0,0,0,0,27,0,0,51,0,0,abandoned
33730,U3733,2025-12-25 17:14:00,2025-12-25 17:18:00,F,20~29,office,seoul,0,0,0,0,26,0,0,22,0,0,completed
33731,U3734,2025-05-06 15:54:00,2025-05-06 16:01:00,M,30~39,office,seoul,0,0,0,0,24,0,0,79,0,0,completed
33732,U3735,2025-06-02 09:50:00,2025-06-02 09:56:00,F,50+,office,seoul,0,0,0,0,17,0,0,28,0,0,completed
33733,U3736,2025-02-26 15:52:00,2025-02-26 15:55:00,F,40~49,office,seoul,0,0,0,0,25,0,0,51,0,0,completed
33734,U3737,2025-01-23 11:43:00,2025-01-23 11:47:00,M,30~39,office,seoul,0,0,0,0,16,0,0,58,0,0,completed
33735,U3738,2025-12-08 09:58:00,2025-12-08 10:04:00,F,40~49,office,seoul,0,0,0,0,10,0,0,20,0,0,timeout
33736,U3739,2025-04-19 17:30:00,2025-04-19 17:34:00,F,30~39,office,seoul,1,0,0,0,13,0,0,45,0,0,completed
33737,U3740,2025-12-13 08:40:00,2025-12-13 08:46:00,F,40~49,office,seoul,1,0,0,0,7,0,0,42,0,0,completed
33738,U3741,2025-03-24 09:06:00,2025-03-24 09:08:00,M,20~29,office,seoul,0,0,0,0,28,0,0,56,0,0,completed
33739,U3742,2025-02-14 11:08:00,2025-02-14 11:11:00,M,20~29,office,seoul,0,0,0,0,11,0,0,63,0,0,completed
33740,U3743,2025-01-28 11:42:00,2025-01-28 11:49:00,F,20~29,office,seoul,0,0,0,0,24,0,0,20,0,0,abandoned
33741,U3744,2025-01-01 07:33:00,2025-01-01 07:38:00,M,20~29,office,seoul,0,0,0,0,10,0,0,67,0,0,completed
33742,U3745,2025-07-07 17:38:00,2025-07-07 17:45:00,F,50+,office,seoul,0,0,0,0,22,0,0,77,0,0,completed
33743,U3746,2025-06-24 20:41:00,2025-06-24 20:47:00,F,30~39,office,seoul,0,0,0,0,25,0,0,36,0,0,completed
33744,U3747,2025-11-08 15:42:00,2025-11-08 15:45:00,M,20~29,office,seoul,1,0,0,0,8,0,0,19,0,0,abandoned
33745,U3748,2025-03-12 15:44:00,2025-03-12 15:47:00,M,40~49,office,seoul,0,0,0,0,25,0,0,37,0,0,completed
33746,U3749,2025-06-25 17:23:00,2025-06-25 17:25:00,M,30~39,office,seoul,0,0,0,0,0,0,0,29,0,0,completed
33747,U3750,2025-08-28 16:48:00,2025-08-28 16:51:00,F,20~29,office,seoul,0,0,0,0,13,0,0,22,0,0,completed
33748,U3751,2025-04-26 13:31:00,2025-04-26 13:37:00,M,20~29,office,seoul,1,0,0,0,7,0,0,69,0,0,completed
33749,U3752,2025-01-10 15:13:00,2025-01-10 15:15:00,M,40~49,office,seoul,0,0,0,0,1,0,0,75,0,0,completed
33750,U3753,2025-06-01 08:34:00,2025-06-01 08:39:00,F,30~39,office,seoul,1,0,0,0,26,0,0,20,0,0,completed
33751,U3754,2025-08-31 14:16:00,2025-08-31 14:21:00,F,20~29,office,seoul,1,0,0,0,26,0,0,56,0,0,completed
33752,U3755,2025-07-31 17:53:00,2025-07-31 18:00:00,M,20~29,office,seoul,0,0,0,0,18,0,0,17,0,0,completed
33753,U3756,2025-10-09 16:41:00,2025-10-09 16:45:00,M,20~29,office,seoul,0,0,0,0,18,0,0,73,0,0,completed
33754,U3757,2025-12-09 12:36:00,2025-12-09 12:41:00,M,40~49,office,seoul,0,0,0,0,16,0,0,46,0,0,completed
33755,U3758,2025-08-24 21:11:00,2025-08-24 21:15:00,F,50+,office,seoul,1,0,0,0,14,0,0,17,0,0,completed
33756,U3759,2025-07-02 16:00:00,2025-07-02 16:06:00,F,40~49,office,seoul,0,0,0,0,13,0,0,23,1,0,completed
33757,U3760,2025-07-21 11:50:00,2025-07-21 11:53:00,F,30~39,office,seoul,0,0,0,0,29,0,0,11,0,0,completed
33758,U3761,2025-02-22 16:29:00,2025-02-22 16:31:00,M,20~29,office,seoul,1,0,0,0,7,0,0,69,0,0,completed
33759,U3762,2025-07-03 12:32:00,2025-07-03 12:37:00,F,20~29,office,seoul,0,0,0,0,17,0,0,71,0,0,completed
33760,U3763,2025-05-29 16:16:00,2025-05-29 16:23:00,F,40~49,office,seoul,0,0,0,0,21,0,0,13,0,0,completed
33761,U3764,2025-03-08 08:41:00,2025-03-08 08:43:00,M,50+,office,seoul,1,0,0,0,29,0,0,28,0,0,completed
33762,U3765,2025-07-30 12:08:00,2025-07-30 12:13:00,F,50+,office,seoul,0,0,0,0,27,0,0,77,0,0,completed
33763,U3766,2025-11-25 15:24:00,2025-11-25 15:26:00,M,30~39,office,seoul,0,0,0,0,7,0,0,65,0,0,completed
33764,U3767,2025-02-04 08:28:00,2025-02-04 08:35:00,F,20~29,office,seoul,0,0,0,0,2,0,0,32,0,0,completed
33765,U3768,2025-03-07 20:28:00,2025-03-07 20:32:00,F,30~39,office,seoul,0,0,0,0,17,0,0,11,0,0,completed
33766,U3769,2025-06-22 15:56:00,2025-06-22 16:01:00,F,50+,office,seoul,1,0,0,0,9,0,0,47,0,0,completed
33767,U3770,2025-08-21 08:10:00,2025-08-21 08:12:00,M,40~49,office,seoul,0,0,0,0,29,0,0,24,0,0,abandoned
33768,U3771,2025-06-20 14:16:00,2025-06-20 14:22:00,F,30~39,office,seoul,0,0,0,0,25,0,0,19,0,0,completed
33769,U3772,2025-02-20 09:07:00,2025-02-20 09:11:00,M,30~39,office,seoul,0,0,0,0,13,0,0,16,0,0,completed
33770,U3773,2025-04-17 13:05:00,2025-04-17 13:09:00,F,20~29,office,seoul,0,0,0,0,22,0,0,15,0,0,completed
33771,U3774,2025-10-26 09:11:00,2025-10-26 09:14:00,F,20~29,office,seoul,1,0,0,0,14,0,0,42,0,0,completed
33772,U3775,2025-11-26 17:47:00,2025-11-26 17:49:00,M,30~39,office,seoul,0,0,0,0,15,0,0,56,0,0,completed
33773,U3776,2025-12-02 08:11:00,2025-12-02 08:18:00,M,20~29,office,seoul,0,0,0,0,24,0,0,37,0,0,completed
33774,U3777,2025-06-07 15:59:00,2025-06-07 16:03:00,F,30~39,office,seoul,1,0,0,0,27,0,0,16,0,0,completed
33775,U3778,2025-10-01 12:00:00,2025-10-01 12:04:00,F,20~29,office,seoul,0,0,0,0,29,0,0,26,0,0,completed
33776,U3779,2025-05-11 13:28:00,2025-05-11 13:31:00,M,30~39,office,seoul,1,0,0,0,1,0,0,71,0,0,completed
33777,U3780,2025-03-06 09:01:00,2025-03-06 09:03:00,F,40~49,office,seoul,0,0,0,0,10,0,0,47,0,0,abandoned
33778,U3781,2025-01-19 07:22:00,2025-01-19 07:28:00,M,20~29,office,seoul,1,0,0,0,5,0,0,33,0,0,completed
33779,U3782,2025-02-07 09:59:00,2025-02-07 10:03:00,F,20~29,office,seoul,0,0,0,0,28,0,0,76,0,0,completed
33780,U3783,2025-07-09 12:55:00,2025-07-09 13:02:00,F,20~29,office,seoul,0,0,0,0,20,0,0,23,0,0,completed
33781,U3784,2025-03-10 17:09:00,2025-03-10 17:11:00,M,40~49,office,seoul,0,0,0,0,23,0,0,27,0,0,completed
33782,U3785,2025-10-24 12:29:00,2025-10-24 12:35:00,F,20~29,office,seoul,0,0,0,0,14,0,0,16,0,0,completed
33783,U3786,2025-12-27 16:39:00,2025-12-27 16:42:00,F,20~29,office,seoul,1,0,0,0,27,0,0,20,0,0,completed
33784,U3787,2025-05-07 22:29:00,2025-05-07 22:36:00,M,40~49,office,seoul,0,0,0,0,13,0,0,66,0,0,completed
33785,U3788,2025-11-23 13:48:00,2025-11-23 13:51:00,M,30~39,office,seoul,1,0,0,0,26,0,0,69,0,0,completed
33786,U3789,2025-05-16 14:28:00,2025-05-16 14:35:00,M,40~49,office,seoul,0,0,0,0,29,0,0,19,0,0,completed
33787,U3790,2025-06-22 22:33:00,2025-06-22 22:38:00,F,30~39,office,seoul,1,0,0,0,18,0,0,16,0,0,completed
33788,U3791,2025-04-10 13:40:00,2025-04-10 13:47:00,M,30~39,office,seoul,0,0,0,0,9,0,0,66,0,0,completed
33789,U3792,2025-12-15 20:35:00,2025-12-15 20:42:00,F,50+,office,seoul,0,0,0,0,18,0,0,26,0,0,completed
33790,U3793,2025-05-12 15:24:00,2025-05-12 15:26:00,F,30~39,office,seoul,0,0,0,0,7,0,0,49,0,0,completed
33791,U3794,2025-12-28 20:53:00,2025-12-28 20:57:00,F,20~29,office,seoul,1,0,0,0,7,0,0,66,1,0,completed
33792,U3795,2025-08-05 08:47:00,2025-08-05 08:49:00,F,20~29,office,seoul,0,0,0,0,10,0,0,59,0,0,completed
33793,U3796,2025-10-29 08:42:00,2025-10-29 08:48:00,M,50+,office,seoul,0,0,0,0,27,0,0,15,0,0,completed
33794,U3797,2025-03-02 14:55:00,2025-03-02 14:58:00,M,20~29,office,seoul,1,0,0,0,5,0,0,59,0,0,completed
33795,U3798,2025-04-03 09:59:00,2025-04-03 10:03:00,F,30~39,office,seoul,0,0,0,0,21,0,0,16,0,0,completed
33796,U3799,2025-09-23 18:11:00,2025-09-23 18:17:00,M,20~29,office,seoul,0,0,0,0,18,0,0,79,0,0,completed
33797,U3800,2025-07-06 11:18:00,2025-07-06 11:20:00,F,50+,office,seoul,1,0,0,0,18,0,0,27,0,0,completed
33798,U3801,2025-10-15 20:29:00,2025-10-15 20:32:00,M,40~49,office,seoul,0,0,0,0,3,0,0,13,0,0,abandoned
33799,U3802,2025-12-19 07:42:00,2025-12-19 07:47:00,F,30~39,office,seoul,0,0,0,0,18,0,0,34,0,0,completed
33800,U3803,2025-10-21 13:04:00,2025-10-21 13:07:00,F,40~49,office,seoul,0,0,0,0,17,0,0,13,0,0,completed
33801,U3804,2025-11-29 13:52:00,2025-11-29 13:56:00,F,20~29,office,seoul,1,0,0,0,8,0,0,14,0,0,completed
33802,U3805,2025-03-15 16:01:00,2025-03-15 16:05:00,F,30~39,office,seoul,1,0,0,0,26,0,0,25,0,0,completed
33803,U3806,2025-04-16 07:58:00,2025-04-16 08:00:00,F,20~29,office,seoul,0,0,0,0,12,0,0,10,0,0,completed
33804,U3807,2025-10-07 16:43:00,2025-10-07 16:46:00,F,30~39,office,seoul,0,0,0,0,15,0,0,75,0,0,completed
33805,U3808,2025-09-08 13:06:00,2025-09-08 13:09:00,F,40~49,office,seoul,0,0,0,0,17,0,0,51,0,0,completed
33806,U3809,2025-11-21 21:49:00,2025-11-21 21:53:00,F,30~39,office,seoul,0,0,0,0,27,0,0,38,0,0,completed
33807,U3810,2025-07-29 09:13:00,2025-07-29 09:17:00,F,20~29,office,seoul,0,0,0,0,18,0,0,75,0,0,completed
33808,U3811,2025-06-27 09:33:00,2025-06-27 09:36:00,F,50+,office,seoul,0,0,0,0,16,0,0,56,0,0,completed
33809,U3812,2025-02-15 20:47:00,2025-02-15 20:49:00,M,20~29,office,seoul,1,0,0,0,8,0,0,61,0,0,completed
33810,U3813,2025-09-04 11:45:00,2025-09-04 11:50:00,F,20~29,office,seoul,0,0,0,0,16,0,0,78,0,0,completed
33811,U3814,2025-03-05 17:58:00,2025-03-05 18:01:00,M,50+,office,seoul,0,0,0,0,11,0,0,43,0,0,completed
33812,U3815,2025-02-06 17:48:00,2025-02-06 17:55:00,F,20~29,office,seoul,0,0,0,0,25,0,0,78,0,0,completed
33813,U3816,2025-09-23 14:07:00,2025-09-23 14:11:00,M,20~29,office,seoul,0,0,0,0,19,0,0,44,0,0,abandoned
33814,U3817,2025-05-26 19:48:00,2025-05-26 19:50:00,F,30~39,office,seoul,0,0,0,0,1,0,0,39,0,0,completed
33815,U3818,2025-01-01 13:20:00,2025-01-01 13:26:00,F,20~29,office,seoul,0,0,0,0,24,0,0,37,0,0,completed
33816,U3819,2025-01-10 08:32:00,2025-01-10 08:37:00,M,30~39,office,seoul,0,0,0,0,9,0,0,51,0,1,completed
33817,U3820,2025-07-09 08:27:00,2025-07-09 08:34:00,M,30~39,office,seoul,0,0,0,0,29,0,0,21,0,0,completed
33818,U3821,2025-11-09 09:22:00,2025-11-09 09:26:00,M,30~39,office,seoul,1,0,0,0,15,0,0,72,0,0,completed
33819,U3822,2025-07-18 09:40:00,2025-07-18 09:47:00,F,20~29,office,seoul,0,0,0,0,17,0,0,37,0,0,completed
33820,U3823,2025-06-29 19:19:00,2025-06-29 19:25:00,M,40~49,office,seoul,1,0,0,0,14,0,0,34,0,0,timeout
33821,U3824,2025-09-21 19:12:00,2025-09-21 19:16:00,M,20~29,office,seoul,1,0,0,0,21,0,0,22,0,0,completed
33822,U3825,2025-08-04 08:31:00,2025-08-04 08:35:00,F,20~29,office,seoul,0,0,0,0,27,0,0,65,0,0,completed
33823,U3826,2025-01-09 11:22:00,2025-01-09 11:25:00,F,30~39,office,seoul,0,0,0,0,15,0,0,58,0,0,completed
33824,U3827,2025-12-26 16:22:00,2025-12-26 16:24:00,F,30~39,office,seoul,0,0,0,0,6,0,0,66,0,0,timeout
33825,U3828,2025-02-22 17:34:00,2025-02-22 17:39:00,F,30~39,office,seoul,1,0,0,0,27,0,0,54,0,0,completed
33826,U3829,2025-01-23 15:22:00,2025-01-23 15:28:00,M,20~29,office,seoul,0,0,0,0,19,0,0,58,0,0,completed
33827,U3830,2025-07-15 17:34:00,2025-07-15 17:37:00,F,20~29,office,seoul,0,0,0,0,10,0,0,58,0,0,completed
33828,U3831,2025-02-25 16:08:00,2025-02-25 16:13:00,F,50+,office,seoul,0,0,0,0,19,0,0,55,0,0,completed
33829,U3832,2025-07-31 18:11:00,2025-07-31 18:14:00,F,40~49,office,seoul,0,0,0,0,20,0,0,31,0,0,completed
33830,U3833,2025-01-22 09:28:00,2025-01-22 09:34:00,F,40~49,office,seoul,0,0,0,0,27,0,0,69,0,0,completed
33831,U3834,2025-06-14 09:36:00,2025-06-14 09:38:00,M,40~49,office,seoul,1,0,0,0,20,0,0,51,0,0,completed
33832,U3835,2025-01-29 09:21:00,2025-01-29 09:27:00,M,20~29,office,seoul,0,0,0,0,1,0,0,56,0,0,completed
33833,U3836,2025-07-19 11:10:00,2025-07-19 11:14:00,F,40~49,office,seoul,1,0,0,0,17,0,0,25,0,0,completed
33834,U3837,2025-10-31 15:21:00,2025-10-31 15:27:00,M,20~29,office,seoul,0,0,0,0,25,0,0,42,0,0,completed
33835,U3838,2025-03-25 14:48:00,2025-03-25 14:54:00,F,30~39,office,seoul,0,0,0,0,3,0,0,60,0,0,completed
33836,U3839,2025-07-31 12:38:00,2025-07-31 12:43:00,F,50+,office,seoul,0,0,0,0,29,0,0,68,0,1,completed
33837,U3840,2025-02-12 17:51:00,2025-02-12 17:56:00,F,20~29,office,seoul,0,0,0,0,17,0,0,14,0,0,completed
33838,U3841,2025-03-19 13:47:00,2025-03-19 13:50:00,M,40~49,office,seoul,0,0,0,0,18,0,0,58,0,0,completed
33839,U3842,2025-05-20 21:29:00,2025-05-20 21:36:00,F,30~39,office,seoul,0,0,0,0,18,0,0,19,0,0,completed
33840,U3843,2025-03-16 09:39:00,2025-03-16 09:44:00,F,40~49,office,seoul,1,0,0,0,0,0,0,71,0,0,completed
33841,U3844,2025-01-30 11:14:00,2025-01-30 11:20:00,F,20~29,office,seoul,0,0,0,0,11,0,0,29,1,0,completed
33842,U3845,2025-01-09 14:04:00,2025-01-09 14:07:00,F,30~39,office,seoul,0,0,0,0,22,0,0,63,0,0,completed
33843,U3846,2025-11-06 13:49:00,2025-11-06 13:52:00,M,40~49,office,seoul,0,0,0,0,29,0,0,48,0,0,completed
33844,U3847,2025-08-05 07:42:00,2025-08-05 07:48:00,M,30~39,office,seoul,0,0,0,0,18,0,0,12,1,0,completed
33845,U3848,2025-10-08 13:00:00,2025-10-08 13:04:00,M,20~29,office,seoul,0,0,0,0,13,0,0,58,0,0,completed
33846,U3849,2025-07-26 16:33:00,2025-07-26 16:38:00,F,30~39,office,seoul,1,0,0,0,3,0,0,42,0,0,completed
33847,U3850,2025-06-18 22:22:00,2025-06-18 22:25:00,M,30~39,office,seoul,0,0,0,0,19,0,0,68,0,0,completed
33848,U3851,2025-07-09 17:52:00,2025-07-09 17:56:00,F,30~39,office,seoul,0,0,0,0,11,0,0,52,0,0,completed
33849,U3852,2025-07-12 16:03:00,2025-07-12 16:05:00,M,30~39,office,seoul,1,0,0,0,3,0,0,53,0,0,completed
33850,U3853,2025-05-03 15:14:00,2025-05-03 15:17:00,F,20~29,office,seoul,1,0,0,0,25,0,0,17,0,0,completed
33851,U3854,2025-07-07 08:41:00,2025-07-07 08:46:00,M,50+,office,seoul,0,0,0,0,26,0,0,28,0,0,completed
33852,U3855,2025-07-22 15:46:00,2025-07-22 15:49:00,F,20~29,office,seoul,0,0,0,0,10,0,0,11,0,0,completed
33853,U3856,2025-09-18 09:00:00,2025-09-18 09:05:00,F,30~39,office,seoul,0,0,0,0,25,0,0,12,0,0,error
33854,U3857,2025-08-22 08:55:00,2025-08-22 09:02:00,M,50+,office,seoul,0,0,0,0,11,0,0,24,0,0,completed
33855,U3858,2025-01-22 08:08:00,2025-01-22 08:15:00,F,30~39,office,seoul,0,0,0,0,4,0,0,25,0,0,completed
33856,U3859,2025-07-02 16:14:00,2025-07-02 16:20:00,M,20~29,office,seoul,0,0,0,0,22,0,0,36,0,0,completed
33857,U3860,2025-10-16 19:07:00,2025-10-16 19:14:00,M,20~29,office,seoul,0,0,0,0,23,0,0,20,0,0,completed
33858,U3861,2025-11-12 18:02:00,2025-11-12 18:07:00,M,40~49,office,seoul,0,0,0,0,29,0,0,73,0,0,completed
33859,U3862,2025-06-24 11:47:00,2025-06-24 11:49:00,F,20~29,office,seoul,0,0,0,0,24,0,0,16,0,0,completed
33860,U3863,2025-11-10 13:43:00,2025-11-10 13:50:00,M,20~29,office,seoul,0,0,0,0,12,0,0,76,0,0,timeout
33861,U3864,2025-05-10 13:33:00,2025-05-10 13:38:00,F,20~29,office,seoul,1,0,0,0,10,0,0,65,0,0,completed
33862,U3865,2025-09-22 15:13:00,2025-09-22 15:19:00,M,30~39,office,seoul,0,0,0,0,20,0,0,29,0,0,completed
33863,U3866,2025-01-10 17:15:00,2025-01-10 17:22:00,F,20~29,office,seoul,0,0,0,0,18,0,0,41,0,0,completed
33864,U3867,2025-11-12 15:16:00,2025-11-12 15:19:00,F,30~39,office,seoul,0,0,0,0,7,0,0,48,0,0,completed
33865,U3868,2025-11-17 20:47:00,2025-11-17 20:51:00,F,20~29,office,seoul,0,0,0,0,28,0,0,52,0,0,completed
33866,U3869,2025-07-21 14:24:00,2025-07-21 14:31:00,M,30~39,office,seoul,0,0,0,0,9,0,0,53,0,1,completed
33867,U3870,2025-12-30 14:52:00,2025-12-30 14:58:00,M,40~49,office,seoul,0,0,0,0,19,0,0,14,0,0,abandoned
33868,U3871,2025-03-25 09:59:00,2025-03-25 10:03:00,F,20~29,office,seoul,0,0,0,0,25,0,0,49,0,0,completed
33869,U3872,2025-01-02 18:00:00,2025-01-02 18:04:00,M,30~39,office,seoul,0,0,0,0,10,0,0,79,0,0,completed
33870,U3873,2025-04-21 16:02:00,2025-04-21 16:09:00,M,50+,office,seoul,0,0,0,0,10,0,0,65,1,0,completed
33871,U3874,2025-10-24 07:50:00,2025-10-24 07:52:00,F,30~39,office,seoul,0,0,0,0,23,0,0,19,0,0,completed
33872,U3875,2025-12-31 12:03:00,2025-12-31 12:10:00,F,20~29,office,seoul,0,0,0,0,22,0,0,37,0,0,completed
33873,U3876,2025-01-15 09:18:00,2025-01-15 09:25:00,F,20~29,office,seoul,0,0,0,0,24,0,0,38,0,0,completed
33874,U3877,2025-05-29 19:36:00,2025-05-29 19:39:00,F,50+,office,seoul,0,0,0,0,13,0,0,19,1,0,completed
33875,U3878,2025-02-07 13:40:00,2025-02-07 13:44:00,F,30~39,office,seoul,0,0,0,0,14,0,0,61,1,0,completed
33876,U3879,2025-12-03 17:12:00,2025-12-03 17:16:00,F,50+,office,seoul,0,0,0,0,0,0,0,76,0,0,completed
33877,U3880,2025-12-25 22:19:00,2025-12-25 22:26:00,F,50+,office,seoul,0,0,0,0,4,0,0,77,0,0,completed
33878,U3881,2025-02-08 19:02:00,2025-02-08 19:06:00,F,30~39,office,seoul,1,0,0,0,25,0,0,54,0,0,completed
33879,U3882,2025-09-12 20:38:00,2025-09-12 20:42:00,F,20~29,office,seoul,0,0,0,0,20,0,0,41,0,0,timeout
33880,U3883,2025-09-03 09:01:00,2025-09-03 09:08:00,F,40~49,office,seoul,0,0,0,0,14,0,0,28,0,0,completed
33881,U3884,2025-09-24 14:13:00,2025-09-24 14:18:00,M,20~29,office,seoul,0,0,0,0,10,0,0,33,0,0,completed
33882,U3885,2025-04-19 17:41:00,2025-04-19 17:43:00,M,40~49,office,seoul,1,0,0,0,22,0,0,56,1,0,completed
33883,U3886,2025-04-29 22:24:00,2025-04-29 22:31:00,F,20~29,office,seoul,0,0,0,0,5,0,0,53,0,0,completed
33884,U3887,2025-10-19 12:33:00,2025-10-19 12:38:00,M,40~49,office,seoul,1,0,0,0,25,0,0,64,0,0,timeout
33885,U3888,2025-06-12 16:23:00,2025-06-12 16:28:00,F,30~39,office,seoul,0,0,0,0,25,0,0,56,0,0,completed
33886,U3889,2025-02-01 14:42:00,2025-02-01 14:45:00,F,20~29,office,seoul,1,0,0,0,2,0,0,35,0,0,completed
33887,U3890,2025-01-21 09:43:00,2025-01-21 09:47:00,F,30~39,office,seoul,0,0,0,0,15,0,0,31,0,0,completed
33888,U3891,2025-08-31 15:22:00,2025-08-31 15:28:00,F,20~29,office,seoul,1,0,0,0,17,0,0,27,0,0,completed
33889,U3892,2025-09-06 09:13:00,2025-09-06 09:18:00,M,40~49,office,seoul,1,0,0,0,1,0,0,47,0,0,completed
33890,U3893,2025-05-04 09:22:00,2025-05-04 09:24:00,F,50+,office,seoul,1,0,0,0,1,0,0,57,1,0,completed
33891,U3894,2025-04-22 21:36:00,2025-04-22 21:40:00,M,20~29,office,seoul,0,0,0,0,28,0,0,31,0,0,completed
33892,U3895,2025-12-02 14:39:00,2025-12-02 14:44:00,F,50+,office,seoul,0,0,0,0,17,0,0,58,0,0,completed
33893,U3896,2025-09-15 15:25:00,2025-09-15 15:32:00,F,40~49,office,seoul,0,0,0,0,8,0,0,71,0,0,completed
33894,U3897,2025-04-23 09:47:00,2025-04-23 09:53:00,M,50+,office,seoul,0,0,0,0,13,0,0,47,0,0,completed
33895,U3898,2025-07-18 13:17:00,2025-07-18 13:19:00,M,30~39,office,seoul,0,0,0,0,18,0,0,60,0,0,completed
33896,U3899,2025-01-06 13:41:00,2025-01-06 13:47:00,M,20~29,office,seoul,0,0,0,0,6,0,0,69,0,0,completed
33897,U3900,2025-09-26 13:22:00,2025-09-26 13:25:00,F,40~49,office,seoul,0,0,0,0,3,0,0,75,0,0,completed
33898,U3901,2025-02-05 18:37:00,2025-02-05 18:41:00,M,20~29,office,seoul,0,0,0,0,0,0,0,35,0,0,completed
33899,U3902,2025-10-10 07:10:00,2025-10-10 07:17:00,F,30~39,office,seoul,0,0,0,0,22,0,0,43,0,0,completed
33900,U3903,2025-07-21 08:57:00,2025-07-21 09:04:00,F,50+,office,seoul,0,0,0,0,15,0,0,77,0,0,timeout
33901,U3904,2025-06-18 16:34:00,2025-06-18 16:41:00,M,30~39,office,seoul,0,0,0,0,10,0,0,65,0,0,completed
33902,U3905,2025-05-01 14:27:00,2025-05-01 14:34:00,F,30~39,office,seoul,0,0,0,0,0,0,0,49,0,0,completed
33903,U3906,2025-01-31 14:24:00,2025-01-31 14:31:00,F,20~29,office,seoul,0,0,0,0,20,0,0,20,0,0,completed
33904,U3907,2025-04-01 15:02:00,2025-04-01 15:09:00,M,40~49,office,seoul,0,0,0,0,13,0,0,23,0,0,completed
33905,U3908,2025-04-10 08:21:00,2025-04-10 08:23:00,M,20~29,office,seoul,0,0,0,0,26,0,0,16,0,0,timeout
33906,U3909,2025-03-29 15:11:00,2025-03-29 15:17:00,F,40~49,office,seoul,1,0,0,0,23,0,0,33,0,0,completed
33907,U3910,2025-05-11 13:44:00,2025-05-11 13:51:00,M,50+,office,seoul,1,0,0,0,17,0,0,33,0,0,completed
33908,U3911,2025-01-12 19:14:00,2025-01-12 19:19:00,F,30~39,office,seoul,1,0,0,0,25,0,0,38,0,0,completed
33909,U3912,2025-01-12 15:04:00,2025-01-12 15:08:00,F,20~29,office,seoul,1,0,0,0,20,0,0,24,0,0,completed
33910,U3913,2025-07-06 19:40:00,2025-07-06 19:44:00,F,30~39,office,seoul,1,0,0,0,27,0,0,70,0,0,completed
33911,U3914,2025-04-30 22:44:00,2025-04-30 22:51:00,F,50+,office,seoul,0,0,0,0,0,0,0,50,0,0,completed
33912,U3915,2025-08-05 12:55:00,2025-08-05 13:02:00,M,40~49,office,seoul,0,0,0,0,3,0,0,74,1,0,completed
33913,U3916,2025-09-04 12:11:00,2025-09-04 12:17:00,M,20~29,office,seoul,0,0,0,0,10,0,0,28,0,0,completed
33914,U3917,2025-05-04 20:36:00,2025-05-04 20:40:00,F,20~29,office,seoul,1,0,0,0,6,0,0,10,0,0,completed
33915,U3918,2025-02-24 14:53:00,2025-02-24 15:00:00,F,40~49,office,seoul,0,0,0,0,24,0,0,54,0,0,completed
33916,U3919,2025-08-23 14:16:00,2025-08-23 14:20:00,F,20~29,office,seoul,1,0,0,0,13,0,0,15,0,0,completed
33917,U3920,2025-04-03 16:34:00,2025-04-03 16:39:00,F,20~29,office,seoul,0,0,0,0,1,0,0,54,0,0,completed
33918,U3921,2025-11-22 12:33:00,2025-11-22 12:38:00,F,20~29,office,seoul,1,0,0,0,21,0,0,45,0,0,completed
33919,U3922,2025-07-19 09:26:00,2025-07-19 09:32:00,F,50+,office,seoul,1,0,0,0,25,0,0,38,0,0,completed
33920,U3923,2025-11-15 16:02:00,2025-11-15 16:05:00,F,20~29,office,seoul,1,0,0,0,23,0,0,45,0,0,completed
33921,U3924,2025-06-09 16:14:00,2025-06-09 16:16:00,F,50+,office,seoul,0,0,0,0,29,0,0,62,0,0,completed
33922,U3925,2025-05-15 15:59:00,2025-05-15 16:06:00,M,30~39,office,seoul,0,0,0,0,1,0,0,78,0,0,completed
33923,U3926,2025-02-07 07:16:00,2025-02-07 07:19:00,M,30~39,office,seoul,0,0,0,0,16,0,0,48,0,0,timeout
33924,U3927,2025-10-03 09:58:00,2025-10-03 10:03:00,M,50+,office,seoul,0,0,0,0,22,0,0,77,0,0,completed
33925,U3928,2025-03-21 08:47:00,2025-03-21 08:54:00,F,30~39,office,seoul,0,0,0,0,12,0,0,72,0,0,completed
33926,U3929,2025-10-05 19:59:00,2025-10-05 20:03:00,F,50+,office,seoul,1,0,0,0,0,0,0,16,0,0,completed
33927,U3930,2025-07-05 16:38:00,2025-07-05 16:45:00,F,20~29,office,seoul,1,0,0,0,22,0,0,16,0,0,completed
33928,U3931,2025-02-25 12:33:00,2025-02-25 12:37:00,M,30~39,office,seoul,0,0,0,0,25,0,0,29,0,0,abandoned
33929,U3932,2025-03-29 08:44:00,2025-03-29 08:46:00,F,30~39,office,seoul,1,0,0,0,14,0,0,21,0,0,abandoned
33930,U3933,2025-07-05 08:23:00,2025-07-05 08:30:00,F,40~49,office,seoul,1,0,0,0,4,0,0,12,0,0,timeout
33931,U3934,2025-08-04 08:26:00,2025-08-04 08:29:00,F,20~29,office,seoul,0,0,0,0,28,0,0,12,0,0,abandoned
33932,U3935,2025-03-15 21:36:00,2025-03-15 21:40:00,F,20~29,office,seoul,1,0,0,0,28,0,0,33,0,0,completed
33933,U3936,2025-07-14 22:08:00,2025-07-14 22:15:00,F,30~39,office,seoul,0,0,0,0,14,0,0,52,0,0,completed
33934,U3937,2025-06-10 13:39:00,2025-06-10 13:46:00,F,20~29,office,seoul,0,0,0,0,4,0,0,30,0,0,completed
33935,U3938,2025-10-09 16:35:00,2025-10-09 16:41:00,F,30~39,office,seoul,0,0,0,0,4,0,0,19,0,0,completed
33936,U3939,2025-05-04 16:25:00,2025-05-04 16:28:00,F,30~39,office,seoul,1,0,0,0,18,0,0,43,0,0,completed
33937,U3940,2025-01-30 14:42:00,2025-01-30 14:48:00,F,50+,office,seoul,0,0,0,0,5,0,0,57,0,0,completed
33938,U3941,2025-12-23 09:24:00,2025-12-23 09:30:00,M,50+,office,seoul,0,0,0,0,15,0,0,21,0,0,abandoned
33939,U3942,2025-08-27 09:48:00,2025-08-27 09:55:00,F,50+,office,seoul,0,0,0,0,18,0,0,67,0,1,completed
33940,U3943,2025-12-20 18:11:00,2025-12-20 18:14:00,F,20~29,office,seoul,1,0,0,0,10,0,0,13,0,0,completed
33941,U3944,2025-10-12 17:21:00,2025-10-12 17:23:00,F,30~39,office,seoul,1,0,0,0,29,0,0,66,0,0,completed
33942,U3945,2025-07-30 08:52:00,2025-07-30 08:55:00,F,50+,office,seoul,0,0,0,0,28,0,0,41,0,0,completed
33943,U3946,2025-06-14 15:05:00,2025-06-14 15:10:00,F,40~49,office,seoul,1,0,0,0,26,0,0,26,0,0,completed
33944,U3947,2025-09-04 08:55:00,2025-09-04 09:02:00,F,30~39,office,seoul,0,0,0,0,4,0,0,57,0,0,completed
33945,U3948,2025-10-21 07:28:00,2025-10-21 07:34:00,F,30~39,office,seoul,0,0,0,0,1,0,0,26,0,0,completed
33946,U3949,2025-07-19 12:01:00,2025-07-19 12:04:00,M,30~39,office,seoul,1,0,0,0,7,0,0,24,0,0,completed
33947,U3950,2025-12-26 12:10:00,2025-12-26 12:17:00,F,40~49,office,seoul,0,0,0,0,12,0,0,11,0,0,abandoned
33948,U3951,2025-05-15 13:04:00,2025-05-15 13:10:00,F,20~29,office,seoul,0,0,0,0,22,0,0,63,0,0,completed
33949,U3952,2025-08-24 16:21:00,2025-08-24 16:28:00,M,20~29,office,seoul,1,0,0,0,14,0,0,14,0,0,abandoned
33950,U3953,2025-05-10 16:30:00,2025-05-10 16:32:00,F,20~29,office,seoul,1,0,0,0,14,0,0,48,0,0,completed
33951,U3954,2025-04-19 18:59:00,2025-04-19 19:04:00,M,30~39,office,seoul,1,0,0,0,26,0,0,21,0,0,abandoned
33952,U3955,2025-02-12 13:58:00,2025-02-12 14:04:00,F,50+,office,seoul,0,0,0,0,13,0,0,33,0,0,completed
33953,U3956,2025-05-20 19:02:00,2025-05-20 19:04:00,M,30~39,office,seoul,0,0,0,0,16,0,0,75,0,0,completed
33954,U3957,2025-03-11 15:08:00,2025-03-11 15:13:00,F,20~29,office,seoul,0,0,0,0,22,0,0,68,0,0,completed
33955,U3958,2025-05-25 09:22:00,2025-05-25 09:29:00,F,30~39,office,seoul,1,0,0,0,15,0,0,47,0,0,completed
33956,U3959,2025-03-25 07:33:00,2025-03-25 07:37:00,F,30~39,office,seoul,0,0,0,0,0,0,0,65,0,0,completed
33957,U3960,2025-12-15 08:59:00,2025-12-15 09:02:00,M,20~29,office,seoul,0,0,0,0,10,0,0,33,0,0,completed
33958,U3961,2025-05-07 13:16:00,2025-05-07 13:22:00,F,30~39,office,seoul,0,0,0,0,0,0,0,43,0,0,completed
33959,U3962,2025-12-11 14:31:00,2025-12-11 14:36:00,M,20~29,office,seoul,0,0,0,0,10,0,0,39,0,0,completed
33960,U3963,2025-11-28 18:45:00,2025-11-28 18:50:00,F,50+,office,seoul,0,0,0,0,29,0,0,74,0,0,timeout
33961,U3964,2025-12-21 15:22:00,2025-12-21 15:26:00,F,30~39,office,seoul,1,0,0,0,20,0,0,57,0,0,completed
33962,U3965,2025-04-14 08:11:00,2025-04-14 08:17:00,M,20~29,office,seoul,0,0,0,0,3,0,0,36,0,0,completed
33963,U3966,2025-08-01 11:13:00,2025-08-01 11:16:00,F,40~49,office,seoul,0,0,0,0,11,0,0,52,0,0,completed
33964,U3967,2025-05-24 13:37:00,2025-05-24 13:41:00,F,20~29,office,seoul,1,0,0,0,5,0,0,47,0,0,completed
33965,U3968,2025-07-11 17:57:00,2025-07-11 18:01:00,F,30~39,office,seoul,0,0,0,0,9,0,0,49,0,0,completed
33966,U3969,2025-11-03 09:14:00,2025-11-03 09:21:00,F,30~39,office,seoul,0,0,0,0,17,0,0,52,0,0,completed
33967,U3970,2025-12-05 08:19:00,2025-12-05 08:25:00,F,40~49,office,seoul,0,0,0,0,17,0,0,59,0,0,completed
33968,U3971,2025-12-07 17:28:00,2025-12-07 17:35:00,M,20~29,office,seoul,1,0,0,0,20,0,0,25,0,0,completed
33969,U3972,2025-02-15 16:00:00,2025-02-15 16:02:00,F,20~29,office,seoul,1,0,0,0,19,0,0,43,0,0,completed
33970,U3973,2025-07-17 07:49:00,2025-07-17 07:55:00,F,30~39,office,seoul,0,0,0,0,19,0,0,14,0,0,error
33971,U3974,2025-02-18 20:39:00,2025-02-18 20:41:00,F,40~49,office,seoul,0,0,0,0,14,0,0,79,0,0,completed
33972,U3975,2025-08-30 13:26:00,2025-08-30 13:33:00,F,20~29,office,seoul,1,0,0,0,10,0,0,27,0,0,completed
33973,U3976,2025-10-20 17:10:00,2025-10-20 17:13:00,F,20~29,office,seoul,0,0,0,0,13,0,0,37,0,0,completed
33974,U3977,2025-03-17 15:27:00,2025-03-17 15:30:00,F,40~49,office,seoul,0,0,0,0,9,0,0,79,0,0,completed
33975,U3978,2025-06-21 18:34:00,2025-06-21 18:39:00,F,30~39,office,seoul,1,0,0,0,12,0,0,37,0,0,completed
33976,U3979,2025-01-24 14:00:00,2025-01-24 14:06:00,F,50+,office,seoul,0,0,0,0,13,0,0,52,0,0,completed
33977,U3980,2025-01-19 16:34:00,2025-01-19 16:37:00,M,50+,office,seoul,1,0,0,0,26,0,0,14,1,0,completed
33978,U3981,2025-12-22 13:58:00,2025-12-22 14:03:00,F,20~29,office,seoul,0,0,0,0,26,0,0,28,0,0,completed
33979,U3982,2025-08-15 19:29:00,2025-08-15 19:35:00,M,20~29,office,seoul,0,0,0,0,13,0,0,72,0,0,completed
33980,U3983,2025-09-19 12:02:00,2025-09-19 12:07:00,M,30~39,office,seoul,0,0,0,0,12,0,0,60,0,0,completed
33981,U3984,2025-02-17 17:10:00,2025-02-17 17:12:00,F,30~39,office,seoul,0,0,0,0,25,0,0,52,0,0,completed
33982,U3985,2025-02-15 09:14:00,2025-02-15 09:17:00,F,40~49,office,seoul,1,0,0,0,29,0,0,48,0,0,abandoned
33983,U3986,2025-03-30 19:56:00,2025-03-30 20:02:00,M,30~39,office,seoul,1,0,0,0,26,0,0,63,0,0,completed
33984,U3987,2025-06-13 07:46:00,2025-06-13 07:50:00,F,40~49,office,seoul,0,0,0,0,18,0,0,47,0,0,completed
33985,U3988,2025-03-17 18:39:00,2025-03-17 18:44:00,M,30~39,office,seoul,0,0,0,0,12,0,0,75,0,0,completed
33986,U3989,2025-10-17 09:23:00,2025-10-17 09:27:00,M,20~29,office,seoul,0,0,0,0,12,0,0,12,0,0,completed
33987,U3990,2025-08-20 13:30:00,2025-08-20 13:34:00,F,20~29,office,seoul,0,0,0,0,21,0,0,53,0,0,completed
33988,U3991,2025-03-06 17:56:00,2025-03-06 18:00:00,F,50+,office,seoul,0,0,0,0,16,0,0,58,0,0,timeout
33989,U3992,2025-12-14 16:26:00,2025-12-14 16:32:00,F,50+,office,seoul,1,0,0,0,1,0,0,35,0,0,completed
33990,U3993,2025-06-18 18:22:00,2025-06-18 18:25:00,M,20~29,office,seoul,0,0,0,0,27,0,0,21,0,0,completed
33991,U3994,2025-11-10 12:27:00,2025-11-10 12:33:00,F,40~49,office,seoul,0,0,0,0,17,0,0,67,0,0,completed
33992,U3995,2025-09-08 09:08:00,2025-09-08 09:10:00,F,50+,office,seoul,0,0,0,0,3,0,0,11,0,0,completed
33993,U3996,2025-01-17 12:33:00,2025-01-17 12:40:00,F,20~29,office,seoul,0,0,0,0,13,0,0,60,0,0,completed
33994,U3997,2025-11-28 22:48:00,2025-11-28 22:50:00,F,30~39,office,seoul,0,0,0,0,10,0,0,47,0,0,abandoned
33995,U3998,2025-10-05 11:41:00,2025-10-05 11:43:00,M,30~39,office,seoul,1,0,0,0,17,0,0,49,0,0,completed
33996,U3999,2025-01-06 15:34:00,2025-01-06 15:37:00,M,40~49,office,seoul,0,0,0,0,21,0,0,61,0,0,completed
33997,U4000,2025-08-22 14:47:00,2025-08-22 14:53:00,M,20~29,office,seoul,0,0,0,0,26,0,0,28,0,0,completed
33998,U4001,2025-04-15 16:34:00,2025-04-15 16:37:00,F,30~39,office,seoul,0,0,0,0,12,0,0,72,0,0,completed
33999,U4002,2025-09-21 19:51:00,2025-09-21 19:56:00,M,20~29,office,seoul,1,0,0,0,11,0,0,23,0,0,completed
34000,U4003,2025-01-29 20:27:00,2025-01-29 20:30:00,F,30~39,office,seoul,0,0,0,0,7,0,0,33,0,0,completed
34001,U4004,2025-02-07 11:03:00,2025-02-07 11:06:00,M,40~49,office,seoul,0,0,0,0,29,0,0,33,0,0,completed
34002,U4005,2025-01-12 16:36:00,2025-01-12 16:42:00,M,30~39,office,seoul,1,0,0,0,23,0,0,39,0,0,completed
34003,U4006,2025-01-28 12:15:00,2025-01-28 12:21:00,M,20~29,office,seoul,0,0,0,0,2,0,0,42,0,0,completed
34004,U4007,2025-08-06 18:47:00,2025-08-06 18:51:00,M,50+,office,seoul,0,0,0,0,4,0,0,16,0,0,completed
34005,U4008,2025-11-30 15:03:00,2025-11-30 15:07:00,M,20~29,office,seoul,1,0,0,0,5,0,0,44,0,0,completed
34006,U4009,2025-02-26 11:33:00,2025-02-26 11:36:00,F,20~29,office,seoul,0,0,0,0,13,0,0,70,0,0,completed
34007,U4010,2025-07-30 16:14:00,2025-07-30 16:18:00,F,50+,office,seoul,0,0,0,0,1,0,0,31,0,0,completed
34008,U4011,2025-04-30 09:50:00,2025-04-30 09:52:00,F,50+,office,seoul,0,0,0,0,5,0,0,48,0,0,completed
34009,U4012,2025-08-31 21:28:00,2025-08-31 21:32:00,F,20~29,office,seoul,1,0,0,0,17,0,0,23,0,0,timeout
34010,U4013,2025-08-14 14:04:00,2025-08-14 14:11:00,F,50+,office,seoul,0,0,0,0,11,0,0,66,0,0,abandoned
34011,U4014,2025-02-16 15:06:00,2025-02-16 15:13:00,M,30~39,office,seoul,1,0,0,0,8,0,0,38,0,0,error
34012,U4015,2025-06-08 18:22:00,2025-06-08 18:25:00,M,30~39,office,seoul,1,0,0,0,0,0,0,25,0,0,completed
34013,U4016,2025-01-21 07:28:00,2025-01-21 07:31:00,F,30~39,office,seoul,0,0,0,0,29,0,0,76,0,0,completed
34014,U4017,2025-02-12 09:40:00,2025-02-12 09:43:00,F,30~39,office,seoul,0,0,0,0,4,0,0,17,0,0,completed
34015,U4018,2025-01-05 16:48:00,2025-01-05 16:54:00,F,40~49,office,seoul,1,0,0,0,26,0,0,48,0,0,completed
34016,U4019,2025-09-03 14:33:00,2025-09-03 14:40:00,F,40~49,office,seoul,0,0,0,0,15,0,0,47,0,0,completed
34017,U4020,2025-04-21 08:12:00,2025-04-21 08:19:00,F,40~49,office,seoul,0,0,0,0,10,0,0,32,0,0,completed
34018,U4021,2025-06-22 14:07:00,2025-06-22 14:10:00,M,30~39,office,seoul,1,0,0,0,7,0,0,59,0,0,completed
34019,U4022,2025-08-01 16:56:00,2025-08-01 16:58:00,M,20~29,office,seoul,0,0,0,0,12,0,0,29,0,0,completed
34020,U4023,2025-12-26 16:28:00,2025-12-26 16:32:00,M,40~49,office,seoul,0,0,0,0,24,0,0,71,0,0,completed
34021,U4024,2025-10-04 09:40:00,2025-10-04 09:44:00,M,20~29,office,seoul,1,0,0,0,12,0,0,11,0,0,completed
34022,U4025,2025-02-04 12:36:00,2025-02-04 12:40:00,M,50+,office,seoul,0,0,0,0,13,0,0,10,0,0,completed
34023,U4026,2025-01-23 16:44:00,2025-01-23 16:50:00,M,20~29,office,seoul,0,0,0,0,15,0,0,21,1,0,completed
34024,U4027,2025-07-07 08:07:00,2025-07-07 08:11:00,F,30~39,office,seoul,0,0,0,0,20,0,0,15,0,0,completed
34025,U4028,2025-10-30 13:54:00,2025-10-30 13:59:00,F,30~39,office,seoul,0,0,0,0,2,0,0,64,0,0,completed
34026,U4029,2025-07-17 09:07:00,2025-07-17 09:09:00,F,30~39,office,seoul,0,0,0,0,16,0,0,52,0,0,completed
34027,U4030,2025-11-22 22:31:00,2025-11-22 22:37:00,M,40~49,office,seoul,1,0,0,0,22,0,0,69,0,0,completed
34028,U4031,2025-10-11 16:23:00,2025-10-11 16:30:00,M,30~39,office,seoul,1,0,0,0,17,0,0,59,0,0,completed
34029,U4032,2025-04-27 12:29:00,2025-04-27 12:33:00,F,20~29,office,seoul,1,0,0,0,17,0,0,74,0,0,abandoned
34030,U4033,2025-05-01 16:45:00,2025-05-01 16:52:00,M,30~39,office,seoul,0,0,0,0,10,0,0,53,0,0,completed
34031,U4034,2025-11-26 19:14:00,2025-11-26 19:16:00,M,20~29,office,seoul,0,0,0,0,29,0,0,23,0,0,completed
34032,U4035,2025-09-22 17:51:00,2025-09-22 17:57:00,F,30~39,office,seoul,0,0,0,0,21,0,0,24,0,0,completed
34033,U4036,2025-03-11 21:01:00,2025-03-11 21:08:00,M,30~39,office,seoul,0,0,0,0,22,0,0,52,0,0,completed
34034,U4037,2025-06-18 07:33:00,2025-06-18 07:38:00,F,20~29,office,seoul,0,0,0,0,17,0,0,23,0,0,completed
34035,U4038,2025-06-08 12:40:00,2025-06-08 12:45:00,M,20~29,office,seoul,1,0,0,0,22,0,0,41,1,0,completed
34036,U4039,2025-05-31 19:06:00,2025-05-31 19:08:00,F,40~49,office,seoul,1,0,0,0,18,0,0,38,0,0,completed
34037,U4040,2025-03-21 17:47:00,2025-03-21 17:50:00,M,30~39,office,seoul,0,0,0,0,28,0,0,72,0,0,completed
34038,U4041,2025-08-01 19:59:00,2025-08-01 20:02:00,F,30~39,office,seoul,0,0,0,0,6,0,0,38,0,0,completed
34039,U4042,2025-04-24 19:08:00,2025-04-24 19:13:00,F,50+,office,seoul,0,0,0,0,17,0,0,74,1,0,completed
34040,U4043,2025-07-25 08:01:00,2025-07-25 08:07:00,M,50+,office,seoul,0,0,0,0,15,0,0,53,1,0,completed
34041,U4044,2025-05-10 12:07:00,2025-05-10 12:13:00,F,20~29,office,seoul,1,0,0,0,11,0,0,61,0,0,completed
34042,U4045,2025-12-19 16:20:00,2025-12-19 16:24:00,F,40~49,office,seoul,0,0,0,0,20,0,0,14,0,0,completed
34043,U4046,2025-08-15 19:25:00,2025-08-15 19:32:00,F,20~29,office,seoul,0,0,0,0,6,0,0,36,0,0,completed
34044,U4047,2025-01-08 16:13:00,2025-01-08 16:15:00,F,30~39,office,seoul,0,0,0,0,18,0,0,67,0,0,completed
34045,U4048,2025-10-14 13:55:00,2025-10-14 13:59:00,F,20~29,office,seoul,0,0,0,0,10,0,0,58,0,0,completed
34046,U4049,2025-12-08 08:11:00,2025-12-08 08:18:00,F,50+,office,seoul,0,0,0,0,13,0,0,28,0,0,completed
34047,U4050,2025-12-14 12:28:00,2025-12-14 12:32:00,M,20~29,office,seoul,1,0,0,0,6,0,0,42,0,0,completed
34048,U4051,2025-01-04 09:19:00,2025-01-04 09:24:00,F,20~29,office,seoul,1,0,0,0,12,0,0,24,0,0,abandoned
34049,U4052,2025-05-29 08:03:00,2025-05-29 08:06:00,F,20~29,office,seoul,0,0,0,0,27,0,0,57,0,0,completed
34050,U4053,2025-03-11 14:43:00,2025-03-11 14:46:00,M,30~39,office,seoul,0,0,0,0,20,0,0,49,0,0,abandoned
34051,U4054,2025-06-14 18:50:00,2025-06-14 18:57:00,M,30~39,office,seoul,1,0,0,0,13,0,0,58,0,0,completed
34052,U4055,2025-04-13 12:33:00,2025-04-13 12:37:00,M,30~39,office,seoul,1,0,0,0,27,0,0,50,0,0,completed
34053,U4056,2025-07-12 20:24:00,2025-07-12 20:28:00,F,40~49,office,seoul,1,0,0,0,5,0,0,18,0,0,completed
34054,U4057,2025-06-15 08:21:00,2025-06-15 08:28:00,M,40~49,office,seoul,1,0,0,0,5,0,0,52,0,0,completed
34055,U4058,2025-04-18 22:54:00,2025-04-18 22:56:00,F,30~39,office,seoul,0,0,0,0,21,0,0,67,0,0,abandoned
34056,U4059,2025-03-29 16:18:00,2025-03-29 16:25:00,F,50+,office,seoul,1,0,0,0,1,0,0,79,0,0,completed
34057,U4060,2025-09-04 12:11:00,2025-09-04 12:15:00,F,30~39,office,seoul,0,0,0,0,28,0,0,38,0,0,completed
34058,U4061,2025-09-01 11:48:00,2025-09-01 11:54:00,F,50+,office,seoul,0,0,0,0,7,0,0,17,0,0,completed
34059,U4062,2025-04-21 13:43:00,2025-04-21 13:48:00,M,20~29,office,seoul,0,0,0,0,2,0,0,13,0,0,completed
34060,U4063,2025-11-17 14:34:00,2025-11-17 14:38:00,M,20~29,office,seoul,0,0,0,0,3,0,0,48,0,0,completed
34061,U4064,2025-07-31 08:12:00,2025-07-31 08:18:00,M,20~29,office,seoul,0,0,0,0,0,0,0,27,0,0,completed
34062,U4065,2025-03-24 07:14:00,2025-03-24 07:17:00,F,40~49,office,seoul,0,0,0,0,8,0,0,38,0,0,completed
34063,U4066,2025-05-18 11:08:00,2025-05-18 11:13:00,F,50+,office,seoul,1,0,0,0,11,0,0,45,0,1,completed
34064,U4067,2025-01-08 18:59:00,2025-01-08 19:05:00,F,30~39,office,seoul,0,0,0,0,5,0,0,30,0,0,completed
34065,U4068,2025-03-16 15:26:00,2025-03-16 15:29:00,F,30~39,office,seoul,1,0,0,0,9,0,0,68,0,0,completed
34066,U4069,2025-02-05 15:50:00,2025-02-05 15:53:00,M,40~49,office,seoul,0,0,0,0,3,0,0,18,0,0,completed
34067,U4070,2025-11-28 19:15:00,2025-11-28 19:22:00,M,40~49,office,seoul,0,0,0,0,14,0,0,65,0,0,completed
34068,U4071,2025-04-22 09:58:00,2025-04-22 10:03:00,F,40~49,office,seoul,0,0,0,0,21,0,0,42,0,0,completed
34069,U4072,2025-01-21 14:50:00,2025-01-21 14:52:00,F,20~29,office,seoul,0,0,0,0,25,0,0,36,0,0,completed
34070,U4073,2025-01-21 11:53:00,2025-01-21 12:00:00,F,30~39,office,seoul,0,0,0,0,17,0,0,18,0,0,completed
34071,U4074,2025-03-29 08:43:00,2025-03-29 08:47:00,F,30~39,office,seoul,1,0,0,0,20,0,0,71,0,0,completed
34072,U4075,2025-08-14 09:53:00,2025-08-14 10:00:00,M,50+,office,seoul,0,0,0,0,25,0,0,50,0,0,completed
34073,U4076,2025-04-23 09:44:00,2025-04-23 09:48:00,M,30~39,office,seoul,0,0,0,0,14,0,0,40,0,0,completed
34074,U4077,2025-06-19 09:06:00,2025-06-19 09:13:00,M,50+,office,seoul,0,0,0,0,28,0,0,19,0,0,abandoned
34075,U4078,2025-06-06 12:33:00,2025-06-06 12:37:00,M,20~29,office,seoul,0,0,0,0,18,0,0,47,0,0,completed
34076,U4079,2025-10-01 22:33:00,2025-10-01 22:36:00,M,50+,office,seoul,0,0,0,0,27,0,0,46,1,0,completed
34077,U4080,2025-05-29 22:37:00,2025-05-29 22:41:00,M,40~49,office,seoul,0,0,0,0,12,0,0,72,0,1,completed
34078,U4081,2025-05-15 09:35:00,2025-05-15 09:42:00,F,40~49,office,seoul,0,0,0,0,29,0,0,37,0,0,abandoned
34079,U4082,2025-09-14 19:21:00,2025-09-14 19:23:00,F,20~29,office,seoul,1,0,0,0,21,0,0,39,0,0,error
34080,U4083,2025-12-10 18:42:00,2025-12-10 18:49:00,F,20~29,office,seoul,0,0,0,0,19,0,0,25,1,0,completed
34081,U4084,2025-06-07 13:03:00,2025-06-07 13:05:00,F,50+,office,seoul,1,0,0,0,8,0,0,78,0,0,completed
34082,U4085,2025-06-19 13:41:00,2025-06-19 13:46:00,F,20~29,office,seoul,0,0,0,0,29,0,0,42,0,0,completed
34083,U4086,2025-03-26 14:19:00,2025-03-26 14:25:00,M,40~49,office,seoul,0,0,0,0,27,0,0,68,0,0,completed
34084,U4087,2025-07-18 14:43:00,2025-07-18 14:46:00,M,30~39,office,seoul,0,0,0,0,20,0,0,45,0,0,completed
34085,U4088,2025-09-24 17:27:00,2025-09-24 17:30:00,M,20~29,office,seoul,0,0,0,0,13,0,0,69,0,0,completed
34086,U4089,2025-12-15 19:07:00,2025-12-15 19:14:00,F,30~39,office,seoul,0,0,0,0,28,0,0,79,0,0,completed
34087,U4090,2025-09-15 21:38:00,2025-09-15 21:41:00,F,40~49,office,seoul,0,0,0,0,16,0,0,44,0,0,completed
34088,U4091,2025-02-17 19:28:00,2025-02-17 19:35:00,F,20~29,office,seoul,0,0,0,0,19,0,0,43,0,0,completed
34089,U4092,2025-08-29 21:10:00,2025-08-29 21:15:00,M,20~29,office,seoul,0,0,0,0,12,0,0,53,0,0,completed
34090,U4093,2025-02-23 11:47:00,2025-02-23 11:50:00,M,20~29,office,seoul,1,0,0,0,22,0,0,13,0,0,completed
34091,U4094,2025-10-31 12:13:00,2025-10-31 12:17:00,M,40~49,office,seoul,0,0,0,0,8,0,0,22,0,0,completed
34092,U4095,2025-09-07 17:26:00,2025-09-07 17:32:00,M,20~29,office,seoul,1,0,0,0,27,0,0,41,0,0,abandoned
34093,U4096,2025-12-23 18:42:00,2025-12-23 18:46:00,F,30~39,office,seoul,0,0,0,0,1,0,0,18,0,0,completed
34094,U4097,2025-04-03 16:18:00,2025-04-03 16:25:00,F,50+,office,seoul,0,0,0,0,17,0,0,69,1,0,abandoned
34095,U4098,2025-05-15 11:34:00,2025-05-15 11:36:00,F,40~49,office,seoul,0,0,0,0,2,0,0,67,0,0,completed
34096,U4099,2025-12-10 14:42:00,2025-12-10 14:47:00,F,50+,office,seoul,0,0,0,0,27,0,0,49,0,0,completed
34097,U4100,2025-03-02 15:40:00,2025-03-02 15:46:00,F,20~29,office,seoul,1,0,0,0,7,0,0,65,0,0,completed
34098,U4101,2025-07-09 19:04:00,2025-07-09 19:08:00,M,30~39,office,seoul,0,0,0,0,2,0,0,23,0,0,completed
34099,U4102,2025-07-21 15:55:00,2025-07-21 15:57:00,F,40~49,office,seoul,0,0,0,0,21,0,0,20,0,0,completed
34100,U4103,2025-07-03 14:17:00,2025-07-03 14:20:00,M,20~29,office,seoul,0,0,0,0,5,0,0,42,0,0,completed
34101,U4104,2025-01-31 08:59:00,2025-01-31 09:05:00,M,40~49,office,seoul,0,0,0,0,2,0,0,32,0,1,completed
34102,U4105,2025-04-07 12:30:00,2025-04-07 12:36:00,M,30~39,office,seoul,0,0,0,0,22,0,0,79,0,0,completed
34103,U4106,2025-03-08 19:23:00,2025-03-08 19:28:00,M,30~39,office,seoul,1,0,0,0,6,0,0,56,0,0,completed
34104,U4107,2025-11-26 18:53:00,2025-11-26 18:58:00,M,30~39,office,seoul,0,0,0,0,29,0,0,67,0,0,completed
34105,U4108,2025-10-06 16:33:00,2025-10-06 16:35:00,M,50+,office,seoul,0,0,0,0,29,0,0,20,0,1,completed
34106,U4109,2025-07-04 13:32:00,2025-07-04 13:38:00,F,50+,office,seoul,0,0,0,0,20,0,0,56,0,0,completed
34107,U4110,2025-05-22 07:54:00,2025-05-22 07:59:00,M,20~29,office,seoul,0,0,0,0,11,0,0,71,0,0,abandoned
34108,U4111,2025-05-18 20:12:00,2025-05-18 20:18:00,F,30~39,office,seoul,1,0,0,0,5,0,0,72,0,0,completed
34109,U4112,2025-09-25 19:52:00,2025-09-25 19:58:00,F,30~39,office,seoul,0,0,0,0,23,0,0,53,0,0,completed
34110,U4113,2025-10-28 14:28:00,2025-10-28 14:33:00,M,20~29,office,seoul,0,0,0,0,10,0,0,72,0,0,completed
34111,U4114,2025-07-15 20:21:00,2025-07-15 20:25:00,F,40~49,office,seoul,0,0,0,0,24,0,0,24,0,0,completed
34112,U4115,2025-08-25 17:45:00,2025-08-25 17:51:00,F,20~29,office,seoul,0,0,0,0,21,0,0,21,0,0,completed
34113,U4116,2025-11-17 09:36:00,2025-11-17 09:40:00,F,50+,office,seoul,0,0,0,0,11,0,0,75,1,0,completed
34114,U4117,2025-07-22 16:31:00,2025-07-22 16:37:00,M,50+,office,seoul,0,0,0,0,25,0,0,41,1,0,completed
34115,U4118,2025-07-04 09:16:00,2025-07-04 09:18:00,F,30~39,office,seoul,0,0,0,0,15,0,0,11,0,0,abandoned
34116,U4119,2025-12-14 09:47:00,2025-12-14 09:54:00,F,40~49,office,seoul,1,0,0,0,29,0,0,46,0,0,completed
34117,U4120,2025-10-07 19:30:00,2025-10-07 19:35:00,M,30~39,office,seoul,0,0,0,0,11,0,0,45,0,0,completed
34118,U4121,2025-12-27 11:53:00,2025-12-27 11:56:00,F,40~49,office,seoul,1,0,0,0,13,0,0,12,0,0,completed
34119,U4122,2025-04-11 19:57:00,2025-04-11 20:03:00,F,20~29,office,seoul,0,0,0,0,21,0,0,32,0,0,completed
34120,U4123,2025-02-28 12:36:00,2025-02-28 12:43:00,F,50+,office,seoul,0,0,0,0,8,0,0,47,0,0,completed
34121,U4124,2025-08-31 15:57:00,2025-08-31 16:03:00,F,40~49,office,seoul,1,0,0,0,24,0,0,47,0,0,completed
34122,U4125,2025-03-04 15:03:00,2025-03-04 15:08:00,M,20~29,office,seoul,0,0,0,0,26,0,0,51,0,0,completed
34123,U4126,2025-05-17 11:46:00,2025-05-17 11:49:00,M,50+,office,seoul,1,0,0,0,8,0,0,31,0,0,completed
34124,U4127,2025-11-21 20:53:00,2025-11-21 21:00:00,M,30~39,office,seoul,0,0,0,0,15,0,0,14,0,0,timeout
34125,U4128,2025-11-21 08:25:00,2025-11-21 08:32:00,F,50+,office,seoul,0,0,0,0,23,0,0,73,0,0,completed
34126,U4129,2025-10-23 09:55:00,2025-10-23 09:59:00,F,20~29,office,seoul,0,0,0,0,2,0,0,72,1,0,completed
34127,U4130,2025-12-01 19:32:00,2025-12-01 19:34:00,F,30~39,office,seoul,0,0,0,0,29,0,0,48,0,0,completed
34128,U4131,2025-12-22 15:48:00,2025-12-22 15:50:00,F,20~29,office,seoul,0,0,0,0,27,0,0,66,0,0,abandoned
34129,U4132,2025-12-28 16:10:00,2025-12-28 16:15:00,F,20~29,office,seoul,1,0,0,0,6,0,0,28,0,0,completed
34130,U4133,2025-03-04 13:25:00,2025-03-04 13:27:00,M,30~39,office,seoul,0,0,0,0,8,0,0,21,0,0,completed
34131,U4134,2025-07-14 18:12:00,2025-07-14 18:16:00,F,20~29,office,seoul,0,0,0,0,3,0,0,32,0,0,completed
34132,U4135,2025-08-09 08:24:00,2025-08-09 08:31:00,F,40~49,office,seoul,1,0,0,0,16,0,0,64,0,0,completed
34133,U4136,2025-08-03 14:37:00,2025-08-03 14:41:00,F,30~39,office,seoul,1,0,0,0,27,0,0,42,0,0,completed
34134,U4137,2025-02-08 20:54:00,2025-02-08 20:57:00,M,20~29,office,seoul,1,0,0,0,7,0,0,16,0,0,completed
34135,U4138,2025-08-22 20:07:00,2025-08-22 20:09:00,M,30~39,office,seoul,0,0,0,0,1,0,0,12,0,0,completed
34136,U4139,2025-03-26 08:10:00,2025-03-26 08:17:00,M,40~49,office,seoul,0,0,0,0,1,0,0,65,0,0,completed
34137,U4140,2025-04-27 14:35:00,2025-04-27 14:38:00,M,30~39,office,seoul,1,0,0,0,21,0,0,30,0,0,completed
34138,U4141,2025-07-03 13:54:00,2025-07-03 13:59:00,F,20~29,office,seoul,0,0,0,0,11,0,0,28,0,0,completed
34139,U4142,2025-03-25 12:58:00,2025-03-25 13:00:00,F,20~29,office,seoul,0,0,0,0,1,0,0,36,0,0,completed
34140,U4143,2025-10-01 11:33:00,2025-10-01 11:38:00,M,20~29,office,seoul,0,0,0,0,7,0,0,75,0,0,completed
34141,U4144,2025-01-28 12:48:00,2025-01-28 12:50:00,M,20~29,office,seoul,0,0,0,0,15,0,0,45,0,0,error
34142,U4145,2025-11-02 19:02:00,2025-11-02 19:04:00,F,40~49,office,seoul,1,0,0,0,21,0,0,76,0,0,completed
34143,U4146,2025-10-29 08:31:00,2025-10-29 08:34:00,M,20~29,office,seoul,0,0,0,0,12,0,0,36,0,0,timeout
34144,U4147,2025-03-13 13:27:00,2025-03-13 13:34:00,M,40~49,office,seoul,0,0,0,0,27,0,0,70,0,0,completed
34145,U4148,2025-04-24 07:23:00,2025-04-24 07:29:00,F,30~39,office,seoul,0,0,0,0,3,0,0,76,0,0,completed
34146,U4149,2025-11-11 09:07:00,2025-11-11 09:09:00,F,20~29,office,seoul,0,0,0,0,15,0,0,67,0,0,completed
34147,U4150,2025-05-07 20:24:00,2025-05-07 20:30:00,F,20~29,office,seoul,0,0,0,0,3,0,0,15,0,0,completed
34148,U4151,2025-02-24 07:59:00,2025-02-24 08:01:00,F,30~39,office,seoul,0,0,0,0,10,0,0,14,0,0,completed
34149,U4152,2025-11-27 15:05:00,2025-11-27 15:10:00,M,30~39,office,seoul,0,0,0,0,21,0,0,64,0,0,completed
34150,U4153,2025-11-26 14:44:00,2025-11-26 14:50:00,M,20~29,office,seoul,0,0,0,0,26,0,0,17,0,0,completed
34151,U4154,2025-05-21 11:32:00,2025-05-21 11:38:00,F,20~29,office,seoul,0,0,0,0,1,0,0,16,0,0,completed
34152,U4155,2025-04-23 12:53:00,2025-04-23 13:00:00,M,30~39,office,seoul,0,0,0,0,2,0,0,19,0,0,completed
34153,U4156,2025-08-02 11:02:00,2025-08-02 11:05:00,F,20~29,office,seoul,1,0,0,0,23,0,0,24,0,0,completed
34154,U4157,2025-07-27 17:10:00,2025-07-27 17:12:00,M,30~39,office,seoul,1,0,0,0,26,0,0,64,0,0,completed
34155,U4158,2025-10-26 11:08:00,2025-10-26 11:11:00,F,20~29,office,seoul,1,0,0,0,15,0,0,37,0,0,completed
34156,U4159,2025-12-11 18:24:00,2025-12-11 18:29:00,F,30~39,office,seoul,0,0,0,0,19,0,0,33,0,0,completed
34157,U4160,2025-08-13 07:58:00,2025-08-13 08:00:00,M,50+,office,seoul,0,0,0,0,6,0,0,50,0,0,completed
34158,U4161,2025-06-23 12:59:00,2025-06-23 13:03:00,F,30~39,office,seoul,0,0,0,0,24,0,0,74,0,0,abandoned
34159,U4162,2025-03-05 16:07:00,2025-03-05 16:11:00,F,20~29,office,seoul,0,0,0,0,6,0,0,49,0,0,completed
34160,U4163,2025-03-09 17:31:00,2025-03-09 17:34:00,M,50+,office,seoul,1,0,0,0,23,0,0,61,0,1,completed
34161,U4164,2025-10-25 13:20:00,2025-10-25 13:26:00,M,40~49,office,seoul,1,0,0,0,18,0,0,74,0,0,completed
34162,U4165,2025-05-24 17:24:00,2025-05-24 17:29:00,F,30~39,office,seoul,1,0,0,0,16,0,0,70,0,0,error
34163,U4166,2025-01-07 15:26:00,2025-01-07 15:32:00,F,20~29,office,seoul,0,0,0,0,26,0,0,73,0,0,error
34164,U4167,2025-01-24 09:55:00,2025-01-24 09:58:00,F,50+,office,seoul,0,0,0,0,11,0,0,18,0,0,completed
34165,U4168,2025-04-26 14:31:00,2025-04-26 14:38:00,F,30~39,office,seoul,1,0,0,0,2,0,0,14,0,0,completed
34166,U4169,2025-11-22 07:17:00,2025-11-22 07:21:00,M,30~39,office,seoul,1,0,0,0,24,0,0,19,0,0,completed
34167,U4170,2025-07-14 15:35:00,2025-07-14 15:39:00,F,50+,office,seoul,0,0,0,0,13,0,0,68,0,0,completed
34168,U4171,2025-04-28 09:58:00,2025-04-28 10:05:00,M,50+,office,seoul,0,0,0,0,3,0,0,65,0,0,abandoned
34169,U4172,2025-09-02 12:09:00,2025-09-02 12:15:00,F,30~39,office,seoul,0,0,0,0,28,0,0,18,0,0,completed
34170,U4173,2025-02-18 08:46:00,2025-02-18 08:51:00,F,30~39,office,seoul,0,0,0,0,1,0,0,62,0,0,completed
34171,U4174,2025-05-02 18:44:00,2025-05-02 18:51:00,M,30~39,office,seoul,0,0,0,0,11,0,0,50,0,0,abandoned
34172,U4175,2025-01-29 11:12:00,2025-01-29 11:18:00,F,20~29,office,seoul,0,0,0,0,7,0,0,28,0,0,completed
34173,U4176,2025-01-15 07:57:00,2025-01-15 08:04:00,F,30~39,office,seoul,0,0,0,0,14,0,0,11,0,0,completed
34174,U4177,2025-05-05 21:14:00,2025-05-05 21:17:00,F,50+,office,seoul,0,0,0,0,23,0,0,50,0,0,completed
34175,U4178,2025-04-18 12:56:00,2025-04-18 13:02:00,F,50+,office,seoul,0,0,0,0,19,0,0,54,0,0,completed
34176,U4179,2025-11-20 08:50:00,2025-11-20 08:55:00,M,20~29,office,seoul,0,0,0,0,1,0,0,33,0,0,abandoned
34177,U4180,2025-07-22 18:12:00,2025-07-22 18:19:00,F,20~29,office,seoul,0,0,0,0,13,0,0,21,0,0,completed
34178,U4181,2025-11-02 19:43:00,2025-11-02 19:48:00,M,50+,office,seoul,1,0,0,0,18,0,0,61,1,0,completed
34179,U4182,2025-04-03 17:35:00,2025-04-03 17:39:00,F,40~49,office,seoul,0,0,0,0,7,0,0,75,0,0,completed
34180,U4183,2025-04-21 18:10:00,2025-04-21 18:17:00,M,30~39,office,seoul,0,0,0,0,1,0,0,51,0,0,completed
34181,U4184,2025-10-01 15:18:00,2025-10-01 15:21:00,M,20~29,office,seoul,0,0,0,0,7,0,0,43,0,0,completed
34182,U4185,2025-04-01 14:46:00,2025-04-01 14:49:00,F,30~39,office,seoul,0,0,0,0,13,0,0,69,1,0,completed
34183,U4186,2025-06-29 12:16:00,2025-06-29 12:21:00,M,30~39,office,seoul,1,0,0,0,15,0,0,14,0,0,completed
34184,U4187,2025-03-04 14:58:00,2025-03-04 15:01:00,M,50+,office,seoul,0,0,0,0,29,0,0,71,0,0,completed
34185,U4188,2025-04-11 08:30:00,2025-04-11 08:34:00,M,40~49,office,seoul,0,0,0,0,29,0,0,28,0,0,completed
34186,U4189,2025-10-21 19:47:00,2025-10-21 19:51:00,M,30~39,office,seoul,0,0,0,0,25,0,0,34,0,0,abandoned
34187,U4190,2025-11-02 14:13:00,2025-11-02 14:19:00,F,30~39,office,seoul,1,0,0,0,23,0,0,73,0,0,completed
34188,U4191,2025-08-10 15:05:00,2025-08-10 15:07:00,M,20~29,office,seoul,1,0,0,0,28,0,0,23,0,0,completed
34189,U4192,2025-09-21 13:50:00,2025-09-21 13:52:00,M,20~29,office,seoul,1,0,0,0,21,0,0,46,0,0,completed
34190,U4193,2025-04-22 21:16:00,2025-04-22 21:21:00,F,20~29,office,seoul,0,0,0,0,20,0,0,77,0,0,completed
34191,U4194,2025-09-23 13:41:00,2025-09-23 13:43:00,F,30~39,office,seoul,0,0,0,0,22,0,0,31,0,0,completed
34192,U4195,2025-08-07 13:11:00,2025-08-07 13:14:00,F,20~29,office,seoul,0,0,0,0,3,0,0,19,0,0,completed
34193,U4196,2025-02-10 13:18:00,2025-02-10 13:24:00,F,30~39,office,seoul,0,0,0,0,5,0,0,24,0,0,completed
34194,U4197,2025-08-06 15:33:00,2025-08-06 15:38:00,F,30~39,office,seoul,0,0,0,0,22,0,0,33,0,0,completed
34195,U4198,2025-11-27 11:59:00,2025-11-27 12:01:00,F,20~29,office,seoul,0,0,0,0,12,0,0,41,0,0,completed
34196,U4199,2025-11-30 09:00:00,2025-11-30 09:07:00,F,30~39,office,seoul,1,0,0,0,11,0,0,50,0,0,completed
34197,U4200,2025-12-05 19:51:00,2025-12-05 19:54:00,M,30~39,office,seoul,0,0,0,0,20,0,0,31,0,0,timeout
34198,U4201,2025-11-15 16:43:00,2025-11-15 16:48:00,F,40~49,office,seoul,1,0,0,0,18,0,0,72,0,0,completed
34199,U4202,2025-07-07 14:16:00,2025-07-07 14:19:00,M,20~29,office,seoul,0,0,0,0,27,0,0,60,0,0,completed
34200,U4203,2025-09-19 16:22:00,2025-09-19 16:27:00,M,30~39,office,seoul,0,0,0,0,12,0,0,43,0,0,completed
34201,U4204,2025-01-29 09:00:00,2025-01-29 09:04:00,M,30~39,office,seoul,0,0,0,0,5,0,0,57,0,0,completed
34202,U4205,2025-10-11 18:00:00,2025-10-11 18:03:00,M,20~29,office,seoul,1,0,0,0,15,0,0,58,0,0,completed
34203,U4206,2025-10-13 12:51:00,2025-10-13 12:53:00,F,50+,office,seoul,0,0,0,0,18,0,0,41,0,0,completed
34204,U4207,2025-06-09 09:30:00,2025-06-09 09:37:00,M,20~29,office,seoul,0,0,0,0,7,0,0,65,0,0,completed
34205,U4208,2025-05-09 08:11:00,2025-05-09 08:14:00,F,50+,office,seoul,0,0,0,0,17,0,0,32,1,0,completed
34206,U4209,2025-04-10 19:05:00,2025-04-10 19:11:00,F,30~39,office,seoul,0,0,0,0,24,0,0,70,0,0,completed
34207,U4210,2025-09-19 18:48:00,2025-09-19 18:50:00,F,40~49,office,seoul,0,0,0,0,6,0,0,54,0,0,completed
34208,U4211,2025-12-20 11:00:00,2025-12-20 11:06:00,F,30~39,office,seoul,1,0,0,0,6,0,0,50,0,0,abandoned
34209,U4212,2025-06-04 12:13:00,2025-06-04 12:20:00,F,20~29,office,seoul,0,0,0,0,25,0,0,79,0,0,completed
34210,U4213,2025-04-27 16:21:00,2025-04-27 16:27:00,M,30~39,office,seoul,1,0,0,0,0,0,0,12,0,0,abandoned
34211,U4214,2025-04-20 09:48:00,2025-04-20 09:50:00,F,40~49,office,seoul,1,0,0,0,4,0,0,19,0,0,completed
34212,U4215,2025-01-13 16:19:00,2025-01-13 16:26:00,M,40~49,office,seoul,0,0,0,0,22,0,0,15,0,1,completed
34213,U4216,2025-03-11 20:05:00,2025-03-11 20:09:00,F,50+,office,seoul,0,0,0,0,26,0,0,61,0,0,completed
34214,U4217,2025-04-21 14:50:00,2025-04-21 14:57:00,M,20~29,office,seoul,0,0,0,0,28,0,0,51,0,0,completed
34215,U4218,2025-09-12 09:21:00,2025-09-12 09:25:00,F,40~49,office,seoul,0,0,0,0,6,0,0,13,0,0,completed
34216,U4219,2025-08-10 11:36:00,2025-08-10 11:42:00,F,30~39,office,seoul,1,0,0,0,10,0,0,45,0,0,abandoned
34217,U4220,2025-01-30 13:05:00,2025-01-30 13:08:00,M,40~49,office,seoul,0,0,0,0,19,0,0,16,0,0,completed
34218,U4221,2025-04-08 17:33:00,2025-04-08 17:38:00,M,30~39,office,seoul,0,0,0,0,8,0,0,37,0,0,completed
34219,U4222,2025-01-07 21:06:00,2025-01-07 21:08:00,M,50+,office,seoul,0,0,0,0,27,0,0,76,0,0,completed
34220,U4223,2025-02-10 14:08:00,2025-02-10 14:14:00,M,40~49,office,seoul,0,0,0,0,15,0,0,46,0,0,completed
34221,U4224,2025-03-13 15:57:00,2025-03-13 16:03:00,M,20~29,office,seoul,0,0,0,0,8,0,0,53,0,0,completed
34222,U4225,2025-04-07 14:22:00,2025-04-07 14:24:00,F,20~29,office,seoul,0,0,0,0,15,0,0,19,0,0,completed
34223,U4226,2025-04-12 19:54:00,2025-04-12 19:56:00,F,40~49,office,seoul,1,0,0,0,22,0,0,25,0,0,completed
34224,U4227,2025-11-19 15:34:00,2025-11-19 15:41:00,M,30~39,office,seoul,0,0,0,0,3,0,0,60,0,0,completed
34225,U4228,2025-12-14 07:08:00,2025-12-14 07:13:00,F,30~39,office,seoul,1,0,0,0,2,0,0,62,0,0,completed
34226,U4229,2025-03-29 17:46:00,2025-03-29 17:53:00,F,50+,office,seoul,1,0,0,0,3,0,0,61,0,0,completed
34227,U4230,2025-07-04 15:07:00,2025-07-04 15:10:00,F,40~49,office,seoul,0,0,0,0,16,0,0,77,0,0,completed
34228,U4231,2025-10-17 16:20:00,2025-10-17 16:23:00,M,30~39,office,seoul,0,0,0,0,4,0,0,65,0,0,abandoned
34229,U4232,2025-10-23 18:19:00,2025-10-23 18:22:00,F,30~39,office,seoul,0,0,0,0,26,0,0,34,0,0,completed
34230,U4233,2025-04-12 08:01:00,2025-04-12 08:06:00,F,30~39,office,seoul,1,0,0,0,0,0,0,67,1,0,completed
34231,U4234,2025-06-09 16:11:00,2025-06-09 16:13:00,F,20~29,office,seoul,0,0,0,0,15,0,0,33,0,0,completed
34232,U4235,2025-08-13 16:52:00,2025-08-13 16:55:00,F,50+,office,seoul,0,0,0,0,16,0,0,65,0,0,completed
34233,U4236,2025-01-17 12:23:00,2025-01-17 12:30:00,F,20~29,office,seoul,0,0,0,0,15,0,0,33,0,0,completed
34234,U4237,2025-01-30 08:26:00,2025-01-30 08:29:00,F,30~39,office,seoul,0,0,0,0,28,0,0,23,0,0,completed
34235,U4238,2025-03-24 07:05:00,2025-03-24 07:12:00,M,50+,office,seoul,0,0,0,0,16,0,0,27,0,0,abandoned
34236,U4239,2025-04-14 17:53:00,2025-04-14 17:57:00,F,30~39,office,seoul,0,0,0,0,28,0,0,49,0,0,completed
34237,U4240,2025-09-20 17:20:00,2025-09-20 17:25:00,F,20~29,office,seoul,1,0,0,0,18,0,0,76,0,0,completed
34238,U4241,2025-04-13 17:44:00,2025-04-13 17:48:00,M,30~39,office,seoul,1,0,0,0,21,0,0,44,0,0,timeout
34239,U4242,2025-07-29 18:22:00,2025-07-29 18:24:00,F,30~39,office,seoul,0,0,0,0,28,0,0,38,0,0,completed
34240,U4243,2025-07-31 18:31:00,2025-07-31 18:38:00,F,20~29,office,seoul,0,0,0,0,4,0,0,73,0,0,abandoned
34241,U4244,2025-05-19 14:11:00,2025-05-19 14:18:00,F,50+,office,seoul,0,0,0,0,22,0,0,37,0,0,completed
34242,U4245,2025-02-28 11:23:00,2025-02-28 11:25:00,F,40~49,office,seoul,0,0,0,0,0,0,0,28,0,0,completed
34243,U4246,2025-04-11 08:07:00,2025-04-11 08:10:00,F,50+,office,seoul,0,0,0,0,24,0,0,64,0,0,completed
34244,U4247,2025-04-12 09:44:00,2025-04-12 09:51:00,M,20~29,office,seoul,1,0,0,0,18,0,0,28,0,0,completed
34245,U4248,2025-10-21 08:58:00,2025-10-21 09:04:00,F,50+,office,seoul,0,0,0,0,8,0,0,16,0,0,completed
34246,U4249,2025-09-26 07:58:00,2025-09-26 08:01:00,M,40~49,office,seoul,0,0,0,0,5,0,0,74,1,0,completed
34247,U4250,2025-07-22 09:05:00,2025-07-22 09:12:00,F,20~29,office,seoul,0,0,0,0,11,0,0,30,0,1,completed
34248,U4251,2025-09-08 14:42:00,2025-09-08 14:46:00,F,30~39,office,seoul,0,0,0,0,11,0,0,48,0,0,timeout
34249,U4252,2025-07-18 22:03:00,2025-07-18 22:06:00,F,30~39,office,seoul,0,0,0,0,5,0,0,28,0,1,completed
34250,U4253,2025-02-09 07:24:00,2025-02-09 07:28:00,F,20~29,office,seoul,1,0,0,0,19,0,0,18,0,0,completed
34251,U4254,2025-08-29 08:04:00,2025-08-29 08:06:00,M,40~49,office,seoul,0,0,0,0,10,0,0,62,0,0,completed
34252,U4255,2025-06-20 14:05:00,2025-06-20 14:10:00,F,30~39,office,seoul,0,0,0,0,1,0,0,36,1,0,completed
34253,U4256,2025-10-13 19:38:00,2025-10-13 19:43:00,F,20~29,office,seoul,0,0,0,0,4,0,0,19,0,0,completed
34254,U4257,2025-03-05 20:19:00,2025-03-05 20:23:00,F,30~39,office,seoul,0,0,0,0,2,0,0,78,0,0,completed
34255,U4258,2025-04-21 18:06:00,2025-04-21 18:12:00,M,40~49,office,seoul,0,0,0,0,15,0,0,34,0,0,completed
34256,U4259,2025-01-10 19:25:00,2025-01-10 19:29:00,F,20~29,office,seoul,0,0,0,0,20,0,0,26,0,0,completed
34257,U4260,2025-07-17 11:20:00,2025-07-17 11:24:00,F,30~39,office,seoul,0,0,0,0,11,0,0,33,0,0,abandoned
34258,U4261,2025-11-04 07:52:00,2025-11-04 07:58:00,F,50+,office,seoul,0,0,0,0,12,0,0,57,0,0,completed
34259,U4262,2025-10-01 12:47:00,2025-10-01 12:51:00,F,20~29,office,seoul,0,0,0,0,9,0,0,75,0,0,completed
34260,U4263,2025-10-24 16:06:00,2025-10-24 16:13:00,F,50+,office,seoul,0,0,0,0,6,0,0,53,0,0,completed
34261,U4264,2025-06-03 14:11:00,2025-06-03 14:18:00,F,20~29,office,seoul,0,0,0,0,10,0,0,68,0,0,completed
34262,U4265,2025-07-24 09:26:00,2025-07-24 09:30:00,F,40~49,office,seoul,0,0,0,0,5,0,0,46,0,0,completed
34263,U4266,2025-10-27 13:42:00,2025-10-27 13:48:00,M,50+,office,seoul,0,0,0,0,4,0,0,70,0,1,completed
34264,U4267,2025-07-24 12:42:00,2025-07-24 12:45:00,M,50+,office,seoul,0,0,0,0,29,0,0,27,1,0,completed
34265,U4268,2025-09-11 11:02:00,2025-09-11 11:09:00,F,20~29,office,seoul,0,0,0,0,11,0,0,27,0,0,completed
34266,U4269,2025-01-16 09:20:00,2025-01-16 09:23:00,F,20~29,office,seoul,0,0,0,0,5,0,0,76,0,0,completed
34267,U4270,2025-05-14 15:02:00,2025-05-14 15:05:00,M,20~29,office,seoul,0,0,0,0,18,0,0,35,0,0,completed
34268,U4271,2025-07-12 12:07:00,2025-07-12 12:09:00,M,20~29,office,seoul,1,0,0,0,12,0,0,36,0,0,completed
34269,U4272,2025-11-19 08:20:00,2025-11-19 08:22:00,M,20~29,office,seoul,0,0,0,0,25,0,0,67,0,0,completed
34270,U4273,2025-01-14 18:59:00,2025-01-14 19:05:00,F,20~29,office,seoul,0,0,0,0,14,0,0,58,0,0,completed
34271,U4274,2025-02-24 14:58:00,2025-02-24 15:00:00,F,20~29,office,seoul,0,0,0,0,16,0,0,75,0,0,abandoned
34272,U4275,2025-01-19 20:01:00,2025-01-19 20:07:00,F,30~39,office,seoul,1,0,0,0,6,0,0,24,0,0,completed
34273,U4276,2025-01-20 13:08:00,2025-01-20 13:11:00,F,50+,office,seoul,0,0,0,0,11,0,0,49,0,0,completed
34274,U4277,2025-10-08 17:51:00,2025-10-08 17:54:00,F,20~29,office,seoul,0,0,0,0,26,0,0,48,0,0,completed
34275,U4278,2025-09-20 13:25:00,2025-09-20 13:32:00,F,20~29,office,seoul,1,0,0,0,6,0,0,49,0,0,completed
34276,U4279,2025-05-08 17:57:00,2025-05-08 17:59:00,M,30~39,office,seoul,0,0,0,0,12,0,0,19,0,0,completed
34277,U4280,2025-08-06 09:21:00,2025-08-06 09:27:00,F,50+,office,seoul,0,0,0,0,13,0,0,77,0,0,completed
34278,U4281,2025-04-12 14:57:00,2025-04-12 15:00:00,F,20~29,office,seoul,1,0,0,0,19,0,0,24,0,0,completed
34279,U4282,2025-12-13 13:41:00,2025-12-13 13:48:00,F,30~39,office,seoul,1,0,0,0,28,0,0,73,0,0,timeout
34280,U4283,2025-03-12 09:31:00,2025-03-12 09:35:00,F,40~49,office,seoul,0,0,0,0,2,0,0,32,0,0,abandoned
34281,U4284,2025-08-01 19:30:00,2025-08-01 19:37:00,F,30~39,office,seoul,0,0,0,0,27,0,0,60,0,0,completed
34282,U4285,2025-03-16 18:09:00,2025-03-16 18:14:00,F,40~49,office,seoul,1,0,0,0,22,0,0,24,0,0,completed
34283,U4286,2025-12-23 16:41:00,2025-12-23 16:47:00,F,40~49,office,seoul,0,0,0,0,3,0,0,51,0,0,completed
34284,U4287,2025-09-05 16:53:00,2025-09-05 17:00:00,F,20~29,office,seoul,0,0,0,0,13,0,0,16,0,0,completed
34285,U4288,2025-12-17 20:35:00,2025-12-17 20:41:00,F,40~49,office,seoul,0,0,0,0,5,0,0,58,1,0,completed
34286,U4289,2025-04-22 13:21:00,2025-04-22 13:24:00,F,40~49,office,seoul,0,0,0,0,9,0,0,56,0,0,completed
34287,U4290,2025-05-02 18:44:00,2025-05-02 18:46:00,F,40~49,office,seoul,0,0,0,0,25,0,0,46,0,0,completed
34288,U4291,2025-09-07 15:41:00,2025-09-07 15:47:00,M,30~39,office,seoul,1,0,0,0,0,0,0,27,0,0,completed
34289,U4292,2025-10-16 16:26:00,2025-10-16 16:32:00,M,30~39,office,seoul,0,0,0,0,21,0,0,33,0,0,abandoned
34290,U4293,2025-01-29 14:52:00,2025-01-29 14:59:00,M,40~49,office,seoul,0,0,0,0,26,0,0,34,0,0,completed
34291,U4294,2025-08-17 15:18:00,2025-08-17 15:24:00,F,30~39,office,seoul,1,0,0,0,29,0,0,61,0,0,completed
34292,U4295,2025-07-13 07:42:00,2025-07-13 07:45:00,F,20~29,office,seoul,1,0,0,0,8,0,0,43,0,0,abandoned
34293,U4296,2025-10-04 08:03:00,2025-10-04 08:05:00,M,20~29,office,seoul,1,0,0,0,25,0,0,50,0,0,completed
34294,U4297,2025-10-23 17:05:00,2025-10-23 17:09:00,M,30~39,office,seoul,0,0,0,0,5,0,0,21,0,0,completed
34295,U4298,2025-08-14 11:27:00,2025-08-14 11:31:00,F,20~29,office,seoul,0,0,0,0,4,0,0,43,0,0,completed
34296,U4299,2025-02-24 12:42:00,2025-02-24 12:45:00,F,20~29,office,seoul,0,0,0,0,20,0,0,13,0,0,completed
34297,U4300,2025-03-13 09:51:00,2025-03-13 09:58:00,F,40~49,office,seoul,0,0,0,0,1,0,0,38,0,0,completed
34298,U4301,2025-08-18 12:04:00,2025-08-18 12:06:00,F,20~29,office,seoul,0,0,0,0,0,0,0,32,0,0,completed
34299,U4302,2025-04-10 18:20:00,2025-04-10 18:26:00,F,20~29,office,seoul,0,0,0,0,24,0,0,59,0,0,completed
34300,U4303,2025-07-01 20:19:00,2025-07-01 20:22:00,M,20~29,office,seoul,0,0,0,0,19,0,0,28,0,0,abandoned
34301,U4304,2025-07-24 20:07:00,2025-07-24 20:14:00,F,50+,office,seoul,0,0,0,0,9,0,0,23,0,0,completed
34302,U4305,2025-11-05 08:45:00,2025-11-05 08:50:00,F,30~39,office,seoul,0,0,0,0,11,0,0,55,0,0,completed
34303,U4306,2025-02-10 21:05:00,2025-02-10 21:07:00,F,50+,office,seoul,0,0,0,0,15,0,0,33,0,0,completed
34304,U4307,2025-04-21 22:50:00,2025-04-21 22:57:00,F,30~39,office,seoul,0,0,0,0,17,0,0,11,0,0,completed
34305,U4308,2025-11-14 15:37:00,2025-11-14 15:40:00,M,30~39,office,seoul,0,0,0,0,21,0,0,62,0,0,completed
34306,U4309,2025-10-29 14:38:00,2025-10-29 14:41:00,F,30~39,office,seoul,0,0,0,0,12,0,0,44,0,0,completed
34307,U4310,2025-06-10 15:11:00,2025-06-10 15:17:00,M,30~39,office,seoul,0,0,0,0,7,0,0,72,0,0,completed
34308,U4311,2025-06-21 18:37:00,2025-06-21 18:40:00,M,20~29,office,seoul,1,0,0,0,7,0,0,61,0,1,completed
34309,U4312,2025-08-21 17:38:00,2025-08-21 17:45:00,F,50+,office,seoul,0,0,0,0,15,0,0,43,0,0,completed
34310,U4313,2025-03-08 13:58:00,2025-03-08 14:05:00,M,50+,office,seoul,1,0,0,0,14,0,0,49,0,0,completed
34311,U4314,2025-05-10 16:04:00,2025-05-10 16:07:00,F,20~29,office,seoul,1,0,0,0,16,0,0,54,0,0,completed
34312,U4315,2025-09-22 21:49:00,2025-09-22 21:56:00,F,20~29,office,seoul,0,0,0,0,2,0,0,11,0,0,completed
34313,U4316,2025-04-26 07:32:00,2025-04-26 07:38:00,M,30~39,office,seoul,1,0,0,0,27,0,0,15,0,0,completed
34314,U4317,2025-09-06 08:16:00,2025-09-06 08:19:00,M,30~39,office,seoul,1,0,0,0,6,0,0,78,0,0,completed
34315,U4318,2025-08-16 15:32:00,2025-08-16 15:37:00,M,20~29,office,seoul,1,0,0,0,10,0,0,46,0,0,completed
34316,U4319,2025-01-25 15:19:00,2025-01-25 15:24:00,F,30~39,office,seoul,1,0,0,0,23,0,0,60,0,0,completed
34317,U4320,2025-05-21 11:33:00,2025-05-21 11:40:00,F,20~29,office,seoul,0,0,0,0,27,0,0,74,0,0,completed
34318,U4321,2025-04-30 17:19:00,2025-04-30 17:26:00,M,30~39,office,seoul,0,0,0,0,7,0,0,38,0,0,completed
34319,U4322,2025-02-15 17:39:00,2025-02-15 17:44:00,F,20~29,office,seoul,1,0,0,0,4,0,0,23,0,0,completed
34320,U4323,2025-09-06 16:50:00,2025-09-06 16:52:00,F,40~49,office,seoul,1,0,0,0,27,0,0,18,0,0,completed
34321,U4324,2025-07-29 17:00:00,2025-07-29 17:02:00,F,30~39,office,seoul,0,0,0,0,2,0,0,78,0,0,completed
34322,U4325,2025-05-14 20:46:00,2025-05-14 20:49:00,F,40~49,office,seoul,0,0,0,0,2,0,0,14,0,0,completed
34323,U4326,2025-11-06 15:26:00,2025-11-06 15:30:00,F,20~29,office,seoul,0,0,0,0,4,0,0,40,0,0,completed
34324,U4327,2025-08-22 08:13:00,2025-08-22 08:15:00,M,40~49,office,seoul,0,0,0,0,9,0,0,54,0,0,completed
34325,U4328,2025-11-29 12:05:00,2025-11-29 12:08:00,F,20~29,office,seoul,1,0,0,0,25,0,0,11,0,0,completed
34326,U4329,2025-05-18 17:33:00,2025-05-18 17:38:00,F,40~49,office,seoul,1,0,0,0,11,0,0,53,0,0,completed
34327,U4330,2025-07-21 15:34:00,2025-07-21 15:36:00,M,40~49,office,seoul,0,0,0,0,15,0,0,20,0,0,completed
34328,U4331,2025-05-06 16:16:00,2025-05-06 16:22:00,M,20~29,office,seoul,0,0,0,0,19,0,0,20,0,0,completed
34329,U4332,2025-01-26 15:30:00,2025-01-26 15:32:00,F,20~29,office,seoul,1,0,0,0,7,0,0,43,0,0,completed
34330,U4333,2025-07-30 11:10:00,2025-07-30 11:15:00,F,50+,office,seoul,0,0,0,0,12,0,0,51,0,0,completed
34331,U4334,2025-01-03 16:20:00,2025-01-03 16:22:00,F,30~39,office,seoul,0,0,0,0,0,0,0,68,0,0,completed
34332,U4335,2025-01-12 14:20:00,2025-01-12 14:26:00,F,20~29,office,seoul,1,0,0,0,8,0,0,37,0,0,completed
34333,U4336,2025-01-15 07:34:00,2025-01-15 07:36:00,M,40~49,office,seoul,0,0,0,0,6,0,0,49,0,0,completed
34334,U4337,2025-06-12 18:52:00,2025-06-12 18:54:00,F,20~29,office,seoul,0,0,0,0,1,0,0,67,0,0,error
34335,U4338,2025-09-03 15:28:00,2025-09-03 15:31:00,M,30~39,office,seoul,0,0,0,0,28,0,0,55,0,0,completed
34336,U4339,2025-02-11 13:21:00,2025-02-11 13:25:00,F,50+,office,seoul,0,0,0,0,29,0,0,36,0,0,abandoned
34337,U4340,2025-02-03 19:13:00,2025-02-03 19:20:00,F,20~29,office,seoul,0,0,0,0,11,0,0,16,0,0,completed
34338,U4341,2025-06-12 11:42:00,2025-06-12 11:45:00,F,40~49,office,seoul,0,0,0,0,6,0,0,47,0,0,completed
34339,U4342,2025-08-05 09:58:00,2025-08-05 10:01:00,F,50+,office,seoul,0,0,0,0,21,0,0,46,0,0,completed
34340,U4343,2025-02-10 09:39:00,2025-02-10 09:45:00,M,20~29,office,seoul,0,0,0,0,0,0,0,74,0,0,completed
34341,U4344,2025-08-30 12:27:00,2025-08-30 12:32:00,F,30~39,office,seoul,1,0,0,0,17,0,0,46,0,0,timeout
34342,U4345,2025-04-26 08:26:00,2025-04-26 08:30:00,F,20~29,office,seoul,1,0,0,0,24,0,0,67,0,0,completed
34343,U4346,2025-03-28 22:47:00,2025-03-28 22:52:00,F,30~39,office,seoul,0,0,0,0,29,0,0,55,0,0,completed
34344,U4347,2025-08-13 17:22:00,2025-08-13 17:26:00,M,40~49,office,seoul,0,0,0,0,27,0,0,68,1,0,completed
34345,U4348,2025-04-06 18:29:00,2025-04-06 18:36:00,F,20~29,office,seoul,1,0,0,0,3,0,0,54,0,0,completed
34346,U4349,2025-03-27 16:14:00,2025-03-27 16:17:00,M,50+,office,seoul,0,0,0,0,11,0,0,75,0,0,completed
34347,U4350,2025-05-16 07:43:00,2025-05-16 07:45:00,F,40~49,office,seoul,0,0,0,0,13,0,0,11,0,1,completed
34348,U4351,2025-12-25 08:15:00,2025-12-25 08:21:00,M,30~39,office,seoul,0,0,0,0,2,0,0,26,0,0,completed
34349,U4352,2025-02-12 16:23:00,2025-02-12 16:29:00,M,20~29,office,seoul,0,0,0,0,3,0,0,31,0,0,completed
34350,U4353,2025-02-07 11:34:00,2025-02-07 11:38:00,F,40~49,office,seoul,0,0,0,0,1,0,0,73,0,0,completed
34351,U4354,2025-08-03 12:06:00,2025-08-03 12:13:00,M,30~39,office,seoul,1,0,0,0,26,0,0,35,0,0,completed
34352,U4355,2025-09-14 12:21:00,2025-09-14 12:25:00,M,20~29,office,seoul,1,0,0,0,7,0,0,14,0,0,completed
34353,U4356,2025-06-26 17:37:00,2025-06-26 17:40:00,F,20~29,office,seoul,0,0,0,0,27,0,0,68,0,0,completed
34354,U4357,2025-03-14 07:12:00,2025-03-14 07:17:00,M,30~39,office,seoul,0,0,0,0,9,0,0,15,0,0,completed
34355,U4358,2025-02-27 07:04:00,2025-02-27 07:10:00,F,40~49,office,seoul,0,0,0,0,9,0,0,77,0,0,completed
34356,U4359,2025-02-28 18:35:00,2025-02-28 18:38:00,M,20~29,office,seoul,0,0,0,0,14,0,0,37,0,0,completed
34357,U4360,2025-06-24 08:59:00,2025-06-24 09:06:00,F,50+,office,seoul,0,0,0,0,21,0,0,79,1,0,timeout
34358,U4361,2025-05-31 16:34:00,2025-05-31 16:37:00,F,20~29,office,seoul,1,0,0,0,22,0,0,34,1,0,completed
34359,U4362,2025-06-03 11:07:00,2025-06-03 11:14:00,F,30~39,office,seoul,0,0,0,0,15,0,0,25,0,0,completed
34360,U4363,2025-12-06 16:05:00,2025-12-06 16:07:00,F,30~39,office,seoul,1,0,0,0,19,0,0,73,0,0,completed
34361,U4364,2025-08-07 14:09:00,2025-08-07 14:11:00,M,20~29,office,seoul,0,0,0,0,9,0,0,33,0,0,completed
34362,U4365,2025-12-30 14:37:00,2025-12-30 14:43:00,F,30~39,office,seoul,0,0,0,0,9,0,0,35,0,0,completed
34363,U4366,2025-03-11 11:11:00,2025-03-11 11:18:00,F,20~29,office,seoul,0,0,0,0,9,0,0,57,0,0,abandoned
34364,U4367,2025-04-10 18:41:00,2025-04-10 18:46:00,M,20~29,office,seoul,0,0,0,0,29,0,0,36,0,0,completed
34365,U4368,2025-06-04 13:56:00,2025-06-04 14:02:00,F,40~49,office,seoul,0,0,0,0,16,0,0,77,0,0,completed
34366,U4369,2025-02-28 08:11:00,2025-02-28 08:16:00,M,50+,office,seoul,0,0,0,0,5,0,0,19,0,0,abandoned
34367,U4370,2025-07-30 09:29:00,2025-07-30 09:33:00,M,40~49,office,seoul,0,0,0,0,23,0,0,60,0,0,completed
34368,U4371,2025-07-12 15:35:00,2025-07-12 15:42:00,M,40~49,office,seoul,1,0,0,0,19,0,0,33,1,0,completed
34369,U4372,2025-06-30 18:19:00,2025-06-30 18:23:00,F,30~39,office,seoul,0,0,0,0,27,0,0,30,0,0,completed
34370,U4373,2025-04-23 08:46:00,2025-04-23 08:52:00,F,20~29,office,seoul,0,0,0,0,25,0,0,10,0,0,error
34371,U4374,2025-11-24 11:42:00,2025-11-24 11:45:00,F,20~29,office,seoul,0,0,0,0,13,0,0,78,0,0,completed
34372,U4375,2025-09-16 14:41:00,2025-09-16 14:48:00,M,20~29,office,seoul,0,0,0,0,0,0,0,10,0,0,completed
34373,U4376,2025-09-02 09:32:00,2025-09-02 09:37:00,F,20~29,office,seoul,0,0,0,0,4,0,0,39,0,0,completed
34374,U4377,2025-03-29 08:13:00,2025-03-29 08:15:00,F,40~49,office,seoul,1,0,0,0,1,0,0,67,0,0,completed
34375,U4378,2025-05-29 14:22:00,2025-05-29 14:27:00,M,20~29,office,seoul,0,0,0,0,5,0,0,10,0,0,completed
34376,U4379,2025-05-19 09:31:00,2025-05-19 09:37:00,F,20~29,office,seoul,0,0,0,0,9,0,0,34,0,0,completed
34377,U4380,2025-02-14 20:26:00,2025-02-14 20:30:00,F,20~29,office,seoul,0,0,0,0,20,0,0,17,0,0,completed
34378,U4381,2025-08-04 12:56:00,2025-08-04 13:00:00,M,30~39,office,seoul,0,0,0,0,24,0,0,32,0,0,completed
34379,U4382,2025-01-07 09:19:00,2025-01-07 09:25:00,F,40~49,office,seoul,0,0,0,0,18,0,0,70,0,0,completed
34380,U4383,2025-11-19 13:44:00,2025-11-19 13:48:00,F,30~39,office,seoul,0,0,0,0,2,0,0,22,1,0,completed
34381,U4384,2025-09-04 20:34:00,2025-09-04 20:37:00,F,20~29,office,seoul,0,0,0,0,12,0,0,65,0,0,completed
34382,U4385,2025-06-10 19:41:00,2025-06-10 19:47:00,M,30~39,office,seoul,0,0,0,0,9,0,0,63,0,0,completed
34383,U4386,2025-09-15 15:18:00,2025-09-15 15:20:00,F,40~49,office,seoul,0,0,0,0,13,0,0,71,0,0,completed
34384,U4387,2025-03-05 15:43:00,2025-03-05 15:47:00,F,30~39,office,seoul,0,0,0,0,26,0,0,15,0,0,completed
34385,U4388,2025-08-14 16:23:00,2025-08-14 16:30:00,M,30~39,office,seoul,0,0,0,0,7,0,0,73,0,0,completed
34386,U4389,2025-03-12 14:06:00,2025-03-12 14:12:00,F,30~39,office,seoul,0,0,0,0,16,0,0,54,0,0,completed
34387,U4390,2025-03-27 14:21:00,2025-03-27 14:23:00,M,20~29,office,seoul,0,0,0,0,21,0,0,43,0,0,completed
34388,U4391,2025-07-02 09:06:00,2025-07-02 09:11:00,M,20~29,office,seoul,0,0,0,0,14,0,0,44,0,0,completed
34389,U4392,2025-02-25 13:09:00,2025-02-25 13:15:00,F,30~39,office,seoul,0,0,0,0,15,0,0,54,0,0,completed
34390,U4393,2025-06-11 16:05:00,2025-06-11 16:12:00,F,20~29,office,seoul,0,0,0,0,3,0,0,74,0,0,completed
34391,U4394,2025-06-03 08:29:00,2025-06-03 08:33:00,M,20~29,office,seoul,0,0,0,0,23,0,0,74,0,0,completed
34392,U4395,2025-03-16 08:07:00,2025-03-16 08:14:00,M,20~29,office,seoul,1,0,0,0,15,0,0,16,0,0,timeout
34393,U4396,2025-05-07 08:15:00,2025-05-07 08:17:00,F,30~39,office,seoul,0,0,0,0,10,0,0,17,0,0,abandoned
34394,U4397,2025-06-04 18:42:00,2025-06-04 18:48:00,M,20~29,office,seoul,0,0,0,0,2,0,0,68,0,0,completed
34395,U4398,2025-08-19 11:35:00,2025-08-19 11:37:00,F,20~29,office,seoul,0,0,0,0,13,0,0,54,0,0,completed
34396,U4399,2025-10-29 16:52:00,2025-10-29 16:54:00,M,20~29,office,seoul,0,0,0,0,10,0,0,54,0,0,completed
34397,U4400,2025-02-17 16:19:00,2025-02-17 16:21:00,F,20~29,office,seoul,0,0,0,0,8,0,0,37,0,0,completed
34398,U4401,2025-11-06 20:45:00,2025-11-06 20:48:00,F,40~49,office,seoul,0,0,0,0,25,0,0,17,0,0,completed
34399,U4402,2025-09-03 17:26:00,2025-09-03 17:28:00,F,20~29,office,seoul,0,0,0,0,8,0,0,65,0,0,completed
34400,U4403,2025-07-10 07:49:00,2025-07-10 07:55:00,M,20~29,office,seoul,0,0,0,0,13,0,0,22,0,0,timeout
34401,U4404,2025-07-24 22:13:00,2025-07-24 22:16:00,F,50+,office,seoul,0,0,0,0,25,0,0,52,0,0,completed
34402,U4405,2025-06-14 20:14:00,2025-06-14 20:18:00,F,40~49,office,seoul,1,0,0,0,25,0,0,35,0,0,completed
34403,U4406,2025-04-05 14:16:00,2025-04-05 14:21:00,M,40~49,office,seoul,1,0,0,0,28,0,0,44,0,0,completed
34404,U4407,2025-03-24 12:50:00,2025-03-24 12:53:00,M,50+,office,seoul,0,0,0,0,1,0,0,68,0,0,completed
34405,U4408,2025-03-13 12:21:00,2025-03-13 12:25:00,M,30~39,office,seoul,0,0,0,0,23,0,0,57,0,0,completed
34406,U4409,2025-12-26 16:42:00,2025-12-26 16:47:00,M,30~39,office,seoul,0,0,0,0,17,0,0,17,0,0,completed
34407,U4410,2025-07-03 21:27:00,2025-07-03 21:32:00,F,40~49,office,seoul,0,0,0,0,26,0,0,23,0,0,timeout
34408,U4411,2025-09-15 15:42:00,2025-09-15 15:45:00,F,30~39,office,seoul,0,0,0,0,16,0,0,28,0,0,completed
34409,U4412,2025-10-03 12:21:00,2025-10-03 12:24:00,M,20~29,office,seoul,0,0,0,0,5,0,0,74,0,0,completed
34410,U4413,2025-10-20 15:19:00,2025-10-20 15:26:00,M,50+,office,seoul,0,0,0,0,19,0,0,26,0,1,error
34411,U4414,2025-09-22 17:07:00,2025-09-22 17:10:00,M,20~29,office,seoul,0,0,0,0,27,0,0,37,0,0,completed
34412,U4415,2025-05-16 16:51:00,2025-05-16 16:58:00,M,50+,office,seoul,0,0,0,0,9,0,0,40,0,1,completed
34413,U4416,2025-06-02 09:40:00,2025-06-02 09:42:00,F,50+,office,seoul,0,0,0,0,16,0,0,57,0,0,completed
34414,U4417,2025-08-29 20:10:00,2025-08-29 20:12:00,F,20~29,office,seoul,0,0,0,0,7,0,0,77,0,0,completed
34415,U4418,2025-11-15 11:35:00,2025-11-15 11:38:00,M,30~39,office,seoul,1,0,0,0,10,0,0,24,0,0,completed
34416,U4419,2025-10-09 17:01:00,2025-10-09 17:07:00,F,50+,office,seoul,0,0,0,0,7,0,0,28,0,0,completed
34417,U4420,2025-04-01 13:12:00,2025-04-01 13:16:00,F,30~39,office,seoul,0,0,0,0,20,0,0,14,0,0,completed
34418,U4421,2025-05-19 15:38:00,2025-05-19 15:44:00,F,30~39,office,seoul,0,0,0,0,2,0,0,41,0,0,completed
34419,U4422,2025-06-21 19:54:00,2025-06-21 20:01:00,M,30~39,office,seoul,1,0,0,0,27,0,0,19,0,0,timeout
34420,U4423,2025-08-30 14:50:00,2025-08-30 14:54:00,M,40~49,office,seoul,1,0,0,0,24,0,0,63,0,0,completed
34421,U4424,2025-09-29 15:15:00,2025-09-29 15:17:00,F,30~39,office,seoul,0,0,0,0,2,0,0,45,0,0,completed
34422,U4425,2025-07-17 12:33:00,2025-07-17 12:37:00,F,30~39,office,seoul,0,0,0,0,21,0,0,35,0,0,completed
34423,U4426,2025-02-21 22:06:00,2025-02-21 22:08:00,F,20~29,office,seoul,0,0,0,0,2,0,0,73,0,0,completed
34424,U4427,2025-12-04 11:52:00,2025-12-04 11:57:00,F,50+,office,seoul,0,0,0,0,14,0,0,28,0,0,abandoned
34425,U4428,2025-02-27 19:57:00,2025-02-27 20:03:00,M,50+,office,seoul,0,0,0,0,13,0,0,75,0,0,completed
34426,U4429,2025-09-19 19:26:00,2025-09-19 19:28:00,M,50+,office,seoul,0,0,0,0,10,0,0,48,0,0,completed
34427,U4430,2025-06-22 13:04:00,2025-06-22 13:06:00,F,20~29,office,seoul,1,0,0,0,1,0,0,50,0,0,completed
34428,U4431,2025-01-16 18:07:00,2025-01-16 18:09:00,M,20~29,office,seoul,0,0,0,0,25,0,0,60,0,0,completed
34429,U4432,2025-05-06 22:04:00,2025-05-06 22:07:00,F,30~39,office,seoul,0,0,0,0,12,0,0,57,0,0,completed
34430,U4433,2025-08-09 13:55:00,2025-08-09 13:58:00,F,50+,office,seoul,1,0,0,0,14,0,0,18,0,0,completed
34431,U4434,2025-11-12 13:31:00,2025-11-12 13:38:00,F,20~29,office,seoul,0,0,0,0,29,0,0,74,0,0,abandoned
34432,U4435,2025-01-18 07:25:00,2025-01-18 07:29:00,F,50+,office,seoul,1,0,0,0,19,0,0,39,0,0,completed
34433,U4436,2025-09-16 15:11:00,2025-09-16 15:15:00,M,50+,office,seoul,0,0,0,0,26,0,0,46,1,0,completed
34434,U4437,2025-09-11 14:05:00,2025-09-11 14:08:00,M,50+,office,seoul,0,0,0,0,3,0,0,65,0,0,completed
34435,U4438,2025-12-17 09:27:00,2025-12-17 09:30:00,F,20~29,office,seoul,0,0,0,0,8,0,0,30,0,0,completed
34436,U4439,2025-10-24 13:47:00,2025-10-24 13:51:00,F,20~29,office,seoul,0,0,0,0,3,0,0,49,0,0,completed
34437,U4440,2025-05-09 16:30:00,2025-05-09 16:34:00,F,40~49,office,seoul,0,0,0,0,16,0,0,47,0,0,completed
34438,U4441,2025-09-05 11:57:00,2025-09-05 12:01:00,F,50+,office,seoul,0,0,0,0,21,0,0,67,0,0,completed
34439,U4442,2025-02-16 14:52:00,2025-02-16 14:56:00,F,20~29,office,seoul,1,0,0,0,24,0,0,66,0,0,error
34440,U4443,2025-05-03 16:12:00,2025-05-03 16:17:00,F,20~29,office,seoul,1,0,0,0,17,0,0,30,0,0,completed
34441,U4444,2025-06-19 14:00:00,2025-06-19 14:06:00,F,20~29,office,seoul,0,0,0,0,27,0,0,19,0,0,completed
34442,U4445,2025-08-03 12:30:00,2025-08-03 12:34:00,F,20~29,office,seoul,1,0,0,0,3,0,0,29,0,0,completed
34443,U4446,2025-08-08 11:51:00,2025-08-08 11:55:00,F,50+,office,seoul,0,0,0,0,29,0,0,56,0,0,completed
34444,U4447,2025-12-10 20:44:00,2025-12-10 20:46:00,M,20~29,office,seoul,0,0,0,0,3,0,0,45,0,0,timeout
34445,U4448,2025-09-20 12:22:00,2025-09-20 12:29:00,M,50+,office,seoul,1,0,0,0,21,0,0,56,0,1,completed
34446,U4449,2025-02-18 11:10:00,2025-02-18 11:12:00,M,20~29,office,seoul,0,0,0,0,23,0,0,67,0,0,completed
34447,U4450,2025-05-20 18:38:00,2025-05-20 18:41:00,F,50+,office,seoul,0,0,0,0,22,0,0,70,0,0,completed
34448,U4451,2025-08-13 12:05:00,2025-08-13 12:09:00,M,40~49,office,seoul,0,0,0,0,20,0,0,18,0,0,completed
34449,U4452,2025-08-01 12:39:00,2025-08-01 12:42:00,F,20~29,office,seoul,0,0,0,0,20,0,0,49,1,0,completed
34450,U4453,2025-07-27 13:33:00,2025-07-27 13:40:00,F,50+,office,seoul,1,0,0,0,20,0,0,69,0,0,completed
34451,U4454,2025-02-07 12:23:00,2025-02-07 12:26:00,M,40~49,office,seoul,0,0,0,0,13,0,0,69,0,0,completed
34452,U4455,2025-03-13 09:09:00,2025-03-13 09:15:00,M,40~49,office,seoul,0,0,0,0,7,0,0,20,0,0,completed
34453,U4456,2025-02-20 08:55:00,2025-02-20 08:58:00,F,20~29,office,seoul,0,0,0,0,7,0,0,78,0,0,abandoned
34454,U4457,2025-10-20 11:59:00,2025-10-20 12:02:00,M,40~49,office,seoul,0,0,0,0,10,0,0,68,0,0,completed
34455,U4458,2025-02-07 12:25:00,2025-02-07 12:32:00,F,50+,office,seoul,0,0,0,0,29,0,0,59,0,0,completed
34456,U4459,2025-07-04 14:54:00,2025-07-04 15:01:00,F,20~29,office,seoul,0,0,0,0,25,0,0,67,0,0,completed
34457,U4460,2025-11-29 09:15:00,2025-11-29 09:22:00,F,30~39,office,seoul,1,0,0,0,2,0,0,76,0,0,completed
34458,U4461,2025-07-07 09:46:00,2025-07-07 09:53:00,F,20~29,office,seoul,0,0,0,0,21,0,0,16,0,0,completed
34459,U4462,2025-03-06 07:57:00,2025-03-06 08:01:00,F,30~39,office,seoul,0,0,0,0,11,0,0,32,0,0,completed
34460,U4463,2025-10-22 18:23:00,2025-10-22 18:27:00,M,50+,office,seoul,0,0,0,0,26,0,0,72,1,0,completed
34461,U4464,2025-10-06 15:41:00,2025-10-06 15:48:00,M,50+,office,seoul,0,0,0,0,4,0,0,47,0,0,error
34462,U4465,2025-08-06 15:32:00,2025-08-06 15:36:00,F,20~29,office,seoul,0,0,0,0,25,0,0,24,0,0,completed
34463,U4466,2025-12-09 19:18:00,2025-12-09 19:22:00,F,40~49,office,seoul,0,0,0,0,12,0,0,11,0,0,completed
34464,U4467,2025-12-13 13:00:00,2025-12-13 13:06:00,F,40~49,office,seoul,1,0,0,0,21,0,0,59,0,0,completed
34465,U4468,2025-05-22 13:53:00,2025-05-22 13:58:00,F,30~39,office,seoul,0,0,0,0,25,0,0,51,0,0,completed
34466,U4469,2025-03-22 12:39:00,2025-03-22 12:41:00,M,20~29,office,seoul,1,0,0,0,15,0,0,11,0,0,completed
34467,U4470,2025-05-03 12:51:00,2025-05-03 12:55:00,M,20~29,office,seoul,1,0,0,0,6,0,0,53,0,0,completed
34468,U4471,2025-05-07 13:42:00,2025-05-07 13:44:00,M,20~29,office,seoul,0,0,0,0,28,0,0,34,1,0,completed
34469,U4472,2025-11-18 20:23:00,2025-11-18 20:26:00,M,30~39,office,seoul,0,0,0,0,3,0,0,57,0,0,completed
34470,U4473,2025-07-05 17:30:00,2025-07-05 17:35:00,F,30~39,office,seoul,1,0,0,0,18,0,0,41,0,0,completed
34471,U4474,2025-12-06 16:10:00,2025-12-06 16:17:00,F,40~49,office,seoul,1,0,0,0,14,0,0,48,0,0,completed
34472,U4475,2025-01-17 16:29:00,2025-01-17 16:32:00,F,30~39,office,seoul,0,0,0,0,20,0,0,56,0,0,completed
34473,U4476,2025-08-01 12:25:00,2025-08-01 12:31:00,F,40~49,office,seoul,0,0,0,0,1,0,0,49,0,0,completed
34474,U4477,2025-08-18 08:06:00,2025-08-18 08:11:00,F,20~29,office,seoul,0,0,0,0,2,0,0,35,0,0,completed
34475,U4478,2025-06-09 15:35:00,2025-06-09 15:38:00,F,50+,office,seoul,0,0,0,0,22,0,0,10,0,0,abandoned
34476,U4479,2025-06-14 20:58:00,2025-06-14 21:00:00,M,40~49,office,seoul,1,0,0,0,9,0,0,53,0,0,completed
34477,U4480,2025-03-14 19:27:00,2025-03-14 19:29:00,F,40~49,office,seoul,0,0,0,0,20,0,0,15,0,0,completed
34478,U4481,2025-04-16 12:40:00,2025-04-16 12:46:00,M,20~29,office,seoul,0,0,0,0,26,0,0,67,0,0,completed
34479,U4482,2025-01-24 16:05:00,2025-01-24 16:10:00,M,20~29,office,seoul,0,0,0,0,20,0,0,35,0,0,completed
34480,U4483,2025-05-06 12:16:00,2025-05-06 12:22:00,M,50+,office,seoul,0,0,0,0,23,0,0,34,0,0,completed
34481,U4484,2025-11-09 18:20:00,2025-11-09 18:26:00,F,50+,office,seoul,1,0,0,0,17,0,0,31,0,1,completed
34482,U4485,2025-06-22 14:14:00,2025-06-22 14:18:00,M,30~39,office,seoul,1,0,0,0,1,0,0,70,0,0,completed
34483,U4486,2025-05-22 16:19:00,2025-05-22 16:23:00,F,50+,office,seoul,0,0,0,0,26,0,0,45,0,0,completed
34484,U4487,2025-05-15 19:08:00,2025-05-15 19:15:00,F,30~39,office,seoul,0,0,0,0,21,0,0,11,0,0,completed
34485,U4488,2025-09-29 09:47:00,2025-09-29 09:53:00,M,40~49,office,seoul,0,0,0,0,8,0,0,27,0,1,completed
34486,U4489,2025-10-03 15:34:00,2025-10-03 15:36:00,F,30~39,office,seoul,0,0,0,0,2,0,0,73,0,0,completed
34487,U4490,2025-03-25 11:58:00,2025-03-25 12:04:00,F,20~29,office,seoul,0,0,0,0,9,0,0,24,0,0,completed
34488,U4491,2025-11-11 20:56:00,2025-11-11 21:00:00,F,20~29,office,seoul,0,0,0,0,23,0,0,75,0,0,completed
34489,U4492,2025-04-20 09:15:00,2025-04-20 09:22:00,F,30~39,office,seoul,1,0,0,0,0,0,0,64,0,0,completed
34490,U4493,2025-02-23 08:02:00,2025-02-23 08:09:00,F,30~39,office,seoul,1,0,0,0,25,0,0,49,0,0,completed
34491,U4494,2025-01-11 18:15:00,2025-01-11 18:21:00,F,20~29,office,seoul,1,0,0,0,7,0,0,32,0,0,completed
34492,U4495,2025-12-28 11:07:00,2025-12-28 11:10:00,F,40~49,office,seoul,1,0,0,0,14,0,0,32,0,0,completed
34493,U4496,2025-08-24 20:39:00,2025-08-24 20:44:00,M,30~39,office,seoul,1,0,0,0,18,0,0,39,0,0,completed
34494,U4497,2025-08-03 15:21:00,2025-08-03 15:28:00,M,20~29,office,seoul,1,0,0,0,25,0,0,27,0,0,completed
34495,U4498,2025-07-07 17:36:00,2025-07-07 17:38:00,F,20~29,office,seoul,0,0,0,0,22,0,0,72,0,0,completed
34496,U4499,2025-04-16 12:27:00,2025-04-16 12:34:00,F,20~29,office,seoul,0,0,0,0,15,0,0,46,0,0,completed
34497,U4500,2025-09-12 14:45:00,2025-09-12 14:51:00,F,20~29,office,seoul,0,0,0,0,12,0,0,39,0,0,completed
34498,U4501,2025-09-21 12:02:00,2025-09-21 12:09:00,F,40~49,office,seoul,1,0,0,0,29,0,0,47,0,0,completed
34499,U4502,2025-02-03 16:26:00,2025-02-03 16:33:00,F,30~39,office,seoul,0,0,0,0,14,0,0,52,0,0,completed
34500,U4503,2025-08-05 09:39:00,2025-08-05 09:46:00,F,30~39,office,seoul,0,0,0,0,14,0,0,19,0,0,completed
34501,U4504,2025-07-29 16:07:00,2025-07-29 16:10:00,F,20~29,office,seoul,0,0,0,0,22,0,0,60,0,0,completed
34502,U4505,2025-03-31 07:22:00,2025-03-31 07:25:00,F,30~39,office,seoul,0,0,0,0,2,0,0,65,0,0,completed
34503,U4506,2025-06-08 09:32:00,2025-06-08 09:38:00,F,20~29,office,seoul,1,0,0,0,17,0,0,69,0,0,completed
34504,U4507,2025-11-19 08:53:00,2025-11-19 08:57:00,F,40~49,office,seoul,0,0,0,0,3,0,0,19,0,0,completed
34505,U4508,2025-02-19 13:49:00,2025-02-19 13:54:00,F,50+,office,seoul,0,0,0,0,13,0,0,54,0,0,completed
34506,U4509,2025-05-26 07:04:00,2025-05-26 07:09:00,F,30~39,office,seoul,0,0,0,0,23,0,0,46,0,0,completed
34507,U4510,2025-10-20 15:27:00,2025-10-20 15:32:00,F,20~29,office,seoul,0,0,0,0,0,0,0,12,0,0,abandoned
34508,U4511,2025-02-21 17:24:00,2025-02-21 17:29:00,F,20~29,office,seoul,0,0,0,0,21,0,0,13,0,1,completed
34509,U4512,2025-02-18 11:04:00,2025-02-18 11:06:00,M,20~29,office,seoul,0,0,0,0,8,0,0,18,0,0,completed
34510,U4513,2025-06-18 18:20:00,2025-06-18 18:23:00,M,20~29,office,seoul,0,0,0,0,14,0,0,30,0,0,completed
34511,U4514,2025-04-16 14:23:00,2025-04-16 14:29:00,M,40~49,office,seoul,0,0,0,0,10,0,0,21,0,0,abandoned
34512,U4515,2025-06-05 18:19:00,2025-06-05 18:23:00,F,40~49,office,seoul,0,0,0,0,10,0,0,27,0,0,completed
34513,U4516,2025-10-07 13:51:00,2025-10-07 13:53:00,F,20~29,office,seoul,0,0,0,0,13,0,0,67,0,0,completed
34514,U4517,2025-07-08 07:16:00,2025-07-08 07:20:00,F,20~29,office,seoul,0,0,0,0,5,0,0,60,0,0,completed
34515,U4518,2025-06-15 22:59:00,2025-06-15 23:02:00,F,20~29,office,seoul,1,0,0,0,8,0,0,34,0,0,completed
34516,U4519,2025-07-07 15:09:00,2025-07-07 15:15:00,M,20~29,office,seoul,0,0,0,0,21,0,0,79,0,0,completed
34517,U4520,2025-10-17 08:58:00,2025-10-17 09:03:00,F,30~39,office,seoul,0,0,0,0,0,0,0,51,0,0,abandoned
34518,U4521,2025-07-22 16:43:00,2025-07-22 16:49:00,F,30~39,office,seoul,0,0,0,0,20,0,0,43,0,0,completed
34519,U4522,2025-12-04 16:56:00,2025-12-04 16:58:00,F,40~49,office,seoul,0,0,0,0,11,0,0,14,0,0,completed
34520,U4523,2025-01-23 08:17:00,2025-01-23 08:24:00,M,40~49,office,seoul,0,0,0,0,18,0,0,53,0,0,completed
34521,U4524,2025-04-05 08:32:00,2025-04-05 08:35:00,M,20~29,office,seoul,1,0,0,0,18,0,0,45,0,0,completed
34522,U4525,2025-12-01 09:25:00,2025-12-01 09:27:00,F,40~49,office,seoul,0,0,0,0,26,0,0,24,0,0,completed
34523,U4526,2025-07-09 18:48:00,2025-07-09 18:51:00,F,50+,office,seoul,0,0,0,0,24,0,0,13,0,0,completed
34524,U4527,2025-04-25 20:25:00,2025-04-25 20:31:00,M,50+,office,seoul,0,0,0,0,4,0,0,55,1,0,completed
34525,U4528,2025-02-23 21:30:00,2025-02-23 21:34:00,F,20~29,office,seoul,1,0,0,0,4,0,0,50,0,0,completed
34526,U4529,2025-07-04 15:54:00,2025-07-04 16:00:00,F,20~29,office,seoul,0,0,0,0,22,0,0,56,0,0,completed
34527,U4530,2025-09-17 12:12:00,2025-09-17 12:19:00,F,20~29,office,seoul,0,0,0,0,8,0,0,61,0,0,completed
34528,U4531,2025-08-30 11:09:00,2025-08-30 11:13:00,F,20~29,office,seoul,1,0,0,0,24,0,0,51,1,0,completed
34529,U4532,2025-06-30 08:51:00,2025-06-30 08:56:00,M,40~49,office,seoul,0,0,0,0,4,0,0,23,0,0,completed
34530,U4533,2025-04-08 22:17:00,2025-04-08 22:24:00,M,30~39,office,seoul,0,0,0,0,1,0,0,33,0,0,completed
34531,U4534,2025-03-02 16:16:00,2025-03-02 16:21:00,M,30~39,office,seoul,1,0,0,0,0,0,0,71,0,0,completed
34532,U4535,2025-01-30 14:40:00,2025-01-30 14:46:00,F,20~29,office,seoul,0,0,0,0,9,0,0,21,0,0,completed
34533,U4536,2025-05-20 08:35:00,2025-05-20 08:42:00,F,20~29,office,seoul,0,0,0,0,14,0,0,52,0,0,abandoned
34534,U4537,2025-08-18 13:17:00,2025-08-18 13:20:00,M,20~29,office,seoul,0,0,0,0,27,0,0,42,0,0,completed
34535,U4538,2025-01-19 17:48:00,2025-01-19 17:52:00,F,40~49,office,seoul,1,0,0,0,18,0,0,19,0,0,completed
34536,U4539,2025-08-21 12:18:00,2025-08-21 12:23:00,F,40~49,office,seoul,0,0,0,0,4,0,0,68,0,0,completed
34537,U4540,2025-06-18 13:09:00,2025-06-18 13:12:00,F,50+,office,seoul,0,0,0,0,24,0,0,24,0,1,completed
34538,U4541,2025-07-15 18:58:00,2025-07-15 19:02:00,M,30~39,office,seoul,0,0,0,0,4,0,0,64,0,0,completed
34539,U4542,2025-12-22 18:51:00,2025-12-22 18:58:00,M,20~29,office,seoul,0,0,0,0,11,0,0,23,0,0,completed
34540,U4543,2025-06-16 14:42:00,2025-06-16 14:46:00,F,40~49,office,seoul,0,0,0,0,4,0,0,22,0,0,completed
34541,U4544,2025-07-17 15:37:00,2025-07-17 15:43:00,F,50+,office,seoul,0,0,0,0,9,0,0,33,1,0,completed
34542,U4545,2025-01-18 13:38:00,2025-01-18 13:43:00,F,20~29,office,seoul,1,0,0,0,15,0,0,22,0,0,error
34543,U4546,2025-09-01 12:41:00,2025-09-01 12:43:00,F,50+,office,seoul,0,0,0,0,23,0,0,53,0,0,completed
34544,U4547,2025-12-06 16:31:00,2025-12-06 16:34:00,F,40~49,office,seoul,1,0,0,0,5,0,0,61,0,0,completed
34545,U4548,2025-08-28 17:28:00,2025-08-28 17:31:00,M,30~39,office,seoul,0,0,0,0,7,0,0,57,0,0,completed
34546,U4549,2025-10-18 12:45:00,2025-10-18 12:51:00,M,20~29,office,seoul,1,0,0,0,12,0,0,46,0,0,completed
34547,U4550,2025-03-26 19:38:00,2025-03-26 19:40:00,F,50+,office,seoul,0,0,0,0,29,0,0,40,0,0,timeout
34548,U4551,2025-01-08 20:38:00,2025-01-08 20:43:00,F,20~29,office,seoul,0,0,0,0,13,0,0,67,0,0,completed
34549,U4552,2025-02-27 17:48:00,2025-02-27 17:53:00,F,20~29,office,seoul,0,0,0,0,7,0,0,72,0,0,completed
34550,U4553,2025-06-07 08:58:00,2025-06-07 09:00:00,M,30~39,office,seoul,1,0,0,0,22,0,0,26,0,0,error
34551,U4554,2025-08-06 14:24:00,2025-08-06 14:30:00,M,50+,office,seoul,0,0,0,0,3,0,0,49,0,0,completed
34552,U4555,2025-01-07 13:06:00,2025-01-07 13:09:00,F,20~29,office,seoul,0,0,0,0,18,0,0,63,0,0,completed
34553,U4556,2025-10-16 17:30:00,2025-10-16 17:33:00,M,50+,office,seoul,0,0,0,0,19,0,0,24,0,0,completed
34554,U4557,2025-02-05 07:02:00,2025-02-05 07:08:00,M,40~49,office,seoul,0,0,0,0,25,0,0,21,0,0,completed
34555,U4558,2025-09-20 21:41:00,2025-09-20 21:47:00,M,30~39,office,seoul,1,0,0,0,23,0,0,45,0,0,completed
34556,U4559,2025-02-28 13:18:00,2025-02-28 13:25:00,F,30~39,office,seoul,0,0,0,0,6,0,0,55,0,0,abandoned
34557,U4560,2025-02-01 20:51:00,2025-02-01 20:56:00,M,40~49,office,seoul,1,0,0,0,9,0,0,54,0,0,error
34558,U4561,2025-08-28 09:08:00,2025-08-28 09:15:00,F,30~39,office,seoul,0,0,0,0,3,0,0,29,0,0,abandoned
34559,U4562,2025-02-22 08:51:00,2025-02-22 08:56:00,F,40~49,office,seoul,1,0,0,0,6,0,0,65,0,0,completed
34560,U4563,2025-06-20 16:03:00,2025-06-20 16:07:00,M,50+,office,seoul,0,0,0,0,2,0,0,75,0,0,completed
34561,U4564,2025-02-15 15:11:00,2025-02-15 15:14:00,M,40~49,office,seoul,1,0,0,0,11,0,0,66,0,0,completed
34562,U4565,2025-04-02 12:26:00,2025-04-02 12:31:00,F,20~29,office,seoul,0,0,0,0,12,0,0,49,0,0,completed
34563,U4566,2025-09-12 13:18:00,2025-09-12 13:25:00,M,40~49,office,seoul,0,0,0,0,10,0,0,50,0,0,completed
34564,U4567,2025-06-29 16:41:00,2025-06-29 16:46:00,M,30~39,office,seoul,1,0,0,0,23,0,0,36,0,0,completed
34565,U4568,2025-05-20 15:21:00,2025-05-20 15:27:00,M,30~39,office,seoul,0,0,0,0,5,0,0,41,0,0,error
34566,U4569,2025-09-03 15:49:00,2025-09-03 15:56:00,F,30~39,office,seoul,0,0,0,0,9,0,0,47,0,0,completed
34567,U4570,2025-04-26 08:17:00,2025-04-26 08:21:00,F,50+,office,seoul,1,0,0,0,25,0,0,67,0,0,completed
34568,U4571,2025-06-01 13:04:00,2025-06-01 13:07:00,F,50+,office,seoul,1,0,0,0,26,0,0,17,0,0,completed
34569,U4572,2025-09-20 08:28:00,2025-09-20 08:34:00,M,30~39,office,seoul,1,0,0,0,19,0,0,79,0,0,completed
34570,U4573,2025-06-06 17:43:00,2025-06-06 17:48:00,F,30~39,office,seoul,0,0,0,0,0,0,0,58,0,0,completed
34571,U4574,2025-02-25 18:45:00,2025-02-25 18:50:00,M,30~39,office,seoul,0,0,0,0,20,0,0,56,0,0,error
34572,U4575,2025-05-08 17:58:00,2025-05-08 18:02:00,F,30~39,office,seoul,0,0,0,0,15,0,0,70,0,0,abandoned
34573,U4576,2025-07-27 16:58:00,2025-07-27 17:00:00,M,30~39,office,seoul,1,0,0,0,6,0,0,29,0,0,completed
34574,U4577,2025-02-05 18:57:00,2025-02-05 19:03:00,F,20~29,office,seoul,0,0,0,0,0,0,0,26,0,0,completed
34575,U4578,2025-07-28 17:12:00,2025-07-28 17:18:00,F,50+,office,seoul,0,0,0,0,7,0,0,74,0,0,completed
34576,U4579,2025-01-19 14:08:00,2025-01-19 14:13:00,F,30~39,office,seoul,1,0,0,0,14,0,0,26,0,0,timeout
34577,U4580,2025-08-09 13:32:00,2025-08-09 13:38:00,F,40~49,office,seoul,1,0,0,0,13,0,0,21,0,0,completed
34578,U4581,2025-06-08 08:39:00,2025-06-08 08:41:00,F,50+,office,seoul,1,0,0,0,3,0,0,41,1,0,completed
34579,U4582,2025-09-11 22:40:00,2025-09-11 22:43:00,F,20~29,office,seoul,0,0,0,0,10,0,0,14,0,0,completed
34580,U4583,2025-09-09 18:55:00,2025-09-09 19:01:00,F,20~29,office,seoul,0,0,0,0,4,0,0,19,0,0,completed
34581,U4584,2025-06-17 09:48:00,2025-06-17 09:50:00,M,20~29,office,seoul,0,0,0,0,4,0,0,27,0,0,completed
34582,U4585,2025-07-05 09:12:00,2025-07-05 09:18:00,F,20~29,office,seoul,1,0,0,0,4,0,0,44,0,0,completed
34583,U4586,2025-05-30 09:03:00,2025-05-30 09:06:00,F,40~49,office,seoul,0,0,0,0,14,0,0,23,0,0,completed
34584,U4587,2025-01-20 16:10:00,2025-01-20 16:15:00,F,30~39,office,seoul,0,0,0,0,27,0,0,34,0,0,abandoned
34585,U4588,2025-11-11 08:35:00,2025-11-11 08:37:00,F,40~49,office,seoul,0,0,0,0,21,0,0,75,0,0,completed
34586,U4589,2025-03-07 12:31:00,2025-03-07 12:36:00,F,20~29,office,seoul,0,0,0,0,3,0,0,51,0,0,completed
34587,U4590,2025-01-28 19:40:00,2025-01-28 19:45:00,F,30~39,office,seoul,0,0,0,0,28,0,0,46,1,0,completed
34588,U4591,2025-06-24 22:21:00,2025-06-24 22:28:00,F,30~39,office,seoul,0,0,0,0,7,0,0,67,0,0,completed
34589,U4592,2025-06-25 13:11:00,2025-06-25 13:13:00,F,30~39,office,seoul,0,0,0,0,26,0,0,55,0,0,completed
34590,U4593,2025-11-13 11:41:00,2025-11-13 11:44:00,F,20~29,office,seoul,0,0,0,0,3,0,0,19,0,0,completed
34591,U4594,2025-01-08 13:00:00,2025-01-08 13:05:00,F,30~39,office,seoul,0,0,0,0,15,0,0,47,0,0,completed
34592,U4595,2025-11-01 12:50:00,2025-11-01 12:55:00,F,50+,office,seoul,1,0,0,0,13,0,0,31,0,0,timeout
34593,U4596,2025-05-11 11:06:00,2025-05-11 11:10:00,F,20~29,office,seoul,1,0,0,0,21,0,0,77,0,0,completed
34594,U4597,2025-08-15 19:52:00,2025-08-15 19:57:00,F,20~29,office,seoul,0,0,0,0,5,0,0,39,0,0,completed
34595,U4598,2025-08-11 09:45:00,2025-08-11 09:49:00,F,50+,office,seoul,0,0,0,0,4,0,0,56,0,0,completed
34596,U4599,2025-05-11 13:55:00,2025-05-11 13:57:00,F,40~49,office,seoul,1,0,0,0,21,0,0,49,0,0,completed
34597,U4600,2025-08-05 15:24:00,2025-08-05 15:26:00,F,20~29,office,seoul,0,0,0,0,14,0,0,60,0,0,timeout
34598,U4601,2025-04-14 14:26:00,2025-04-14 14:30:00,F,30~39,office,seoul,0,0,0,0,7,0,0,75,0,0,completed
34599,U4602,2025-12-29 09:35:00,2025-12-29 09:38:00,M,40~49,office,seoul,0,0,0,0,25,0,0,32,0,0,completed
34600,U4603,2025-09-28 07:48:00,2025-09-28 07:52:00,M,30~39,office,seoul,1,0,0,0,19,0,0,32,0,0,abandoned
34601,U4604,2025-11-15 13:58:00,2025-11-15 14:04:00,F,40~49,office,seoul,1,0,0,0,16,0,0,73,0,0,completed
34602,U4605,2025-12-20 14:23:00,2025-12-20 14:25:00,M,30~39,office,seoul,1,0,0,0,3,0,0,44,0,0,abandoned
34603,U4606,2025-04-30 16:11:00,2025-04-30 16:16:00,F,30~39,office,seoul,0,0,0,0,7,0,0,77,0,0,completed
34604,U4607,2025-05-28 12:09:00,2025-05-28 12:15:00,F,20~29,office,seoul,0,0,0,0,4,0,0,49,0,0,completed
34605,U4608,2025-01-28 20:52:00,2025-01-28 20:59:00,F,30~39,office,seoul,0,0,0,0,2,0,0,27,0,0,completed
34606,U4609,2025-11-19 12:18:00,2025-11-19 12:25:00,F,20~29,office,seoul,0,0,0,0,28,0,0,25,0,0,completed
34607,U4610,2025-10-04 13:37:00,2025-10-04 13:39:00,F,40~49,office,seoul,1,0,0,0,25,0,0,78,0,0,completed
34608,U4611,2025-01-24 08:30:00,2025-01-24 08:33:00,M,30~39,office,seoul,0,0,0,0,5,0,0,51,0,0,completed
34609,U4612,2025-02-14 22:27:00,2025-02-14 22:31:00,F,40~49,office,seoul,0,0,0,0,8,0,0,44,0,0,completed
34610,U4613,2025-07-09 16:38:00,2025-07-09 16:43:00,F,20~29,office,seoul,0,0,0,0,21,0,0,20,0,0,completed
34611,U4614,2025-02-13 20:13:00,2025-02-13 20:20:00,M,40~49,office,seoul,0,0,0,0,13,0,0,21,0,0,completed
34612,U4615,2025-08-03 08:22:00,2025-08-03 08:24:00,F,20~29,office,seoul,1,0,0,0,23,0,0,35,0,0,completed
34613,U4616,2025-10-30 08:19:00,2025-10-30 08:25:00,F,40~49,office,seoul,0,0,0,0,18,0,0,39,0,0,completed
34614,U4617,2025-04-10 09:07:00,2025-04-10 09:12:00,F,30~39,office,seoul,0,0,0,0,25,0,0,58,0,0,completed
34615,U4618,2025-10-08 12:47:00,2025-10-08 12:51:00,F,20~29,office,seoul,0,0,0,0,2,0,0,45,0,0,completed
34616,U4619,2025-04-07 08:12:00,2025-04-07 08:18:00,M,50+,office,seoul,0,0,0,0,15,0,0,73,1,0,completed
34617,U4620,2025-09-14 13:42:00,2025-09-14 13:44:00,F,20~29,office,seoul,1,0,0,0,14,0,0,44,0,0,completed
34618,U4621,2025-05-26 14:16:00,2025-05-26 14:18:00,M,30~39,office,seoul,0,0,0,0,23,0,0,74,0,0,completed
34619,U4622,2025-09-27 19:00:00,2025-09-27 19:06:00,F,40~49,office,seoul,1,0,0,0,21,0,0,59,0,0,completed
34620,U4623,2025-04-10 18:38:00,2025-04-10 18:44:00,F,20~29,office,seoul,0,0,0,0,18,0,0,46,0,0,abandoned
34621,U4624,2025-07-28 09:22:00,2025-07-28 09:29:00,F,30~39,office,seoul,0,0,0,0,16,0,0,22,0,0,completed
34622,U4625,2025-12-22 11:16:00,2025-12-22 11:21:00,M,50+,office,seoul,0,0,0,0,24,0,0,79,1,0,completed
34623,U4626,2025-06-12 08:20:00,2025-06-12 08:27:00,F,50+,office,seoul,0,0,0,0,28,0,0,41,0,0,completed
34624,U4627,2025-12-19 17:43:00,2025-12-19 17:47:00,F,30~39,office,seoul,0,0,0,0,7,0,0,59,0,0,completed
34625,U4628,2025-06-15 07:14:00,2025-06-15 07:19:00,F,20~29,office,seoul,1,0,0,0,24,0,0,28,0,0,completed
34626,U4629,2025-01-31 16:35:00,2025-01-31 16:37:00,F,20~29,office,seoul,0,0,0,0,4,0,0,16,0,0,completed
34627,U4630,2025-04-16 07:31:00,2025-04-16 07:36:00,M,20~29,office,seoul,0,0,0,0,26,0,0,21,1,0,abandoned
34628,U4631,2025-10-24 11:12:00,2025-10-24 11:16:00,F,50+,office,seoul,0,0,0,0,8,0,0,11,1,0,completed
34629,U4632,2025-09-03 12:52:00,2025-09-03 12:58:00,F,30~39,office,seoul,0,0,0,0,7,0,0,60,0,0,completed
34630,U4633,2025-08-26 07:30:00,2025-08-26 07:33:00,F,20~29,office,seoul,0,0,0,0,27,0,0,46,0,0,completed
34631,U4634,2025-08-30 17:39:00,2025-08-30 17:45:00,F,20~29,office,seoul,1,0,0,0,28,0,0,33,0,0,completed
34632,U4635,2025-02-17 12:08:00,2025-02-17 12:12:00,F,20~29,office,seoul,0,0,0,0,13,0,0,20,0,0,completed
34633,U4636,2025-02-11 20:16:00,2025-02-11 20:18:00,F,30~39,office,seoul,0,0,0,0,25,0,0,76,0,0,completed
34634,U4637,2025-03-18 19:00:00,2025-03-18 19:02:00,F,20~29,office,seoul,0,0,0,0,1,0,0,44,0,0,completed
34635,U4638,2025-05-27 08:56:00,2025-05-27 08:59:00,F,50+,office,seoul,0,0,0,0,27,0,0,46,0,0,completed
34636,U4639,2025-07-27 12:39:00,2025-07-27 12:42:00,M,30~39,office,seoul,1,0,0,0,17,0,0,19,0,0,completed
34637,U4640,2025-03-14 14:08:00,2025-03-14 14:11:00,F,40~49,office,seoul,0,0,0,0,24,0,0,68,0,0,completed
34638,U4641,2025-01-17 16:26:00,2025-01-17 16:33:00,M,30~39,office,seoul,0,0,0,0,10,0,0,57,0,0,completed
34639,U4642,2025-10-27 15:18:00,2025-10-27 15:23:00,F,30~39,office,seoul,0,0,0,0,1,0,0,54,0,0,completed
34640,U4643,2025-11-22 09:19:00,2025-11-22 09:22:00,M,20~29,office,seoul,1,0,0,0,16,0,0,30,0,0,completed
34641,U4644,2025-04-08 15:37:00,2025-04-08 15:41:00,F,30~39,office,seoul,0,0,0,0,23,0,0,45,0,0,completed
34642,U4645,2025-10-20 12:25:00,2025-10-20 12:28:00,M,30~39,office,seoul,0,0,0,0,10,0,0,44,0,0,completed
34643,U4646,2025-04-20 07:34:00,2025-04-20 07:39:00,M,40~49,office,seoul,1,0,0,0,7,0,0,53,0,0,abandoned
34644,U4647,2025-10-14 11:05:00,2025-10-14 11:10:00,F,20~29,office,seoul,0,0,0,0,23,0,0,27,0,0,completed
34645,U4648,2025-02-06 14:47:00,2025-02-06 14:50:00,F,30~39,office,seoul,0,0,0,0,21,0,0,70,0,0,completed
34646,U4649,2025-10-21 17:59:00,2025-10-21 18:06:00,F,20~29,office,seoul,0,0,0,0,9,0,0,20,0,0,completed
34647,U4650,2025-09-12 13:11:00,2025-09-12 13:17:00,F,50+,office,seoul,0,0,0,0,5,0,0,51,1,0,completed
34648,U4651,2025-11-22 08:39:00,2025-11-22 08:44:00,M,20~29,office,seoul,1,0,0,0,18,0,0,22,0,0,completed
34649,U4652,2025-07-15 14:54:00,2025-07-15 14:56:00,M,30~39,office,seoul,0,0,0,0,12,0,0,77,0,0,completed
34650,U4653,2025-04-03 11:14:00,2025-04-03 11:21:00,F,20~29,office,seoul,0,0,0,0,2,0,0,76,0,0,completed
34651,U4654,2025-12-26 14:40:00,2025-12-26 14:45:00,F,20~29,office,seoul,0,0,0,0,2,0,0,79,0,0,timeout
34652,U4655,2025-10-31 17:56:00,2025-10-31 18:01:00,F,40~49,office,seoul,0,0,0,0,14,0,0,16,0,0,completed
34653,U4656,2025-03-04 09:55:00,2025-03-04 09:57:00,M,20~29,office,seoul,0,0,0,0,11,0,0,44,0,0,completed
34654,U4657,2025-08-10 14:24:00,2025-08-10 14:27:00,M,30~39,office,seoul,1,0,0,0,1,0,0,77,0,0,completed
34655,U4658,2025-05-30 08:32:00,2025-05-30 08:35:00,M,40~49,office,seoul,0,0,0,0,2,0,0,31,0,0,completed
34656,U4659,2025-05-23 12:38:00,2025-05-23 12:44:00,M,30~39,office,seoul,0,0,0,0,10,0,0,25,0,0,error
34657,U4660,2025-10-11 18:27:00,2025-10-11 18:32:00,F,20~29,office,seoul,1,0,0,0,4,0,0,26,0,0,completed
34658,U4661,2025-07-02 16:10:00,2025-07-02 16:16:00,F,20~29,office,seoul,0,0,0,0,21,0,0,55,0,0,abandoned
34659,U4662,2025-12-19 11:59:00,2025-12-19 12:06:00,F,20~29,office,seoul,0,0,0,0,21,0,0,60,0,0,completed
34660,U4663,2025-11-30 19:13:00,2025-11-30 19:18:00,M,40~49,office,seoul,1,0,0,0,5,0,0,62,0,0,completed
34661,U4664,2025-11-21 08:24:00,2025-11-21 08:31:00,F,30~39,office,seoul,0,0,0,0,11,0,0,64,0,0,completed
34662,U4665,2025-03-03 14:48:00,2025-03-03 14:51:00,F,20~29,office,seoul,0,0,0,0,11,0,0,66,0,0,completed
34663,U4666,2025-10-05 09:22:00,2025-10-05 09:28:00,F,50+,office,seoul,1,0,0,0,23,0,0,48,0,0,completed
34664,U4667,2025-07-21 09:53:00,2025-07-21 09:56:00,F,40~49,office,seoul,0,0,0,0,8,0,0,61,0,0,completed
34665,U4668,2025-01-01 08:40:00,2025-01-01 08:44:00,M,50+,office,seoul,0,0,0,0,19,0,0,28,0,0,completed
34666,U4669,2025-08-26 14:42:00,2025-08-26 14:45:00,M,30~39,office,seoul,0,0,0,0,18,0,0,59,0,0,completed
34667,U4670,2025-04-19 14:16:00,2025-04-19 14:19:00,M,40~49,office,seoul,1,0,0,0,21,0,0,56,0,0,completed
34668,U4671,2025-11-15 15:39:00,2025-11-15 15:46:00,M,40~49,office,seoul,1,0,0,0,18,0,0,62,0,0,completed
34669,U4672,2025-07-05 22:24:00,2025-07-05 22:26:00,M,30~39,office,seoul,1,0,0,0,22,0,0,57,0,0,completed
34670,U4673,2025-05-03 09:22:00,2025-05-03 09:28:00,M,30~39,office,seoul,1,0,0,0,2,0,0,78,0,0,completed
34671,U4674,2025-08-05 18:07:00,2025-08-05 18:14:00,F,30~39,office,seoul,0,0,0,0,13,0,0,17,0,0,completed
34672,U4675,2025-05-24 19:57:00,2025-05-24 20:00:00,M,20~29,office,seoul,1,0,0,0,20,0,0,60,0,0,completed
34673,U4676,2025-12-04 18:57:00,2025-12-04 19:01:00,F,30~39,office,seoul,0,0,0,0,21,0,0,43,0,0,completed
34674,U4677,2025-12-03 11:37:00,2025-12-03 11:43:00,F,20~29,office,seoul,0,0,0,0,22,0,0,32,0,0,completed
34675,U4678,2025-01-25 16:02:00,2025-01-25 16:06:00,M,20~29,office,seoul,1,0,0,0,3,0,0,29,0,0,completed
34676,U4679,2025-11-14 07:44:00,2025-11-14 07:46:00,M,50+,office,seoul,0,0,0,0,2,0,0,75,0,0,timeout
34677,U4680,2025-04-28 14:11:00,2025-04-28 14:16:00,F,30~39,office,seoul,0,0,0,0,5,0,0,34,0,0,completed
34678,U4681,2025-04-06 11:34:00,2025-04-06 11:38:00,M,20~29,office,seoul,1,0,0,0,10,0,0,17,0,0,completed
34679,U4682,2025-05-19 18:39:00,2025-05-19 18:45:00,F,20~29,office,seoul,0,0,0,0,19,0,0,10,0,0,completed
34680,U4683,2025-02-03 07:13:00,2025-02-03 07:18:00,F,30~39,office,seoul,0,0,0,0,0,0,0,18,0,0,timeout
34681,U4684,2025-12-15 13:51:00,2025-12-15 13:55:00,M,40~49,office,seoul,0,0,0,0,27,0,0,78,0,0,completed
34682,U4685,2025-01-08 20:27:00,2025-01-08 20:31:00,M,50+,office,seoul,0,0,0,0,6,0,0,43,0,0,completed
34683,U4686,2025-04-24 15:15:00,2025-04-24 15:22:00,M,40~49,office,seoul,0,0,0,0,15,0,0,77,0,0,completed
34684,U4687,2025-10-03 17:09:00,2025-10-03 17:16:00,F,40~49,office,seoul,0,0,0,0,3,0,0,17,0,0,completed
34685,U4688,2025-10-16 16:47:00,2025-10-16 16:54:00,F,30~39,office,seoul,0,0,0,0,12,0,0,76,0,0,completed
34686,U4689,2025-04-06 12:53:00,2025-04-06 13:00:00,F,50+,office,seoul,1,0,0,0,7,0,0,22,1,0,completed
34687,U4690,2025-12-20 22:45:00,2025-12-20 22:49:00,M,20~29,office,seoul,1,0,0,0,17,0,0,15,0,0,completed
34688,U4691,2025-10-06 09:57:00,2025-10-06 10:02:00,M,40~49,office,seoul,0,0,0,0,13,0,0,24,0,0,abandoned
34689,U4692,2025-04-10 16:59:00,2025-04-10 17:02:00,M,30~39,office,seoul,0,0,0,0,24,0,0,71,0,1,completed
34690,U4693,2025-12-03 16:27:00,2025-12-03 16:34:00,F,20~29,office,seoul,0,0,0,0,15,0,0,20,0,0,completed
34691,U4694,2025-12-10 17:52:00,2025-12-10 17:54:00,F,20~29,office,seoul,0,0,0,0,4,0,0,42,0,0,completed
34692,U4695,2025-12-22 09:33:00,2025-12-22 09:39:00,F,30~39,office,seoul,0,0,0,0,29,0,0,37,0,0,completed
34693,U4696,2025-11-17 13:30:00,2025-11-17 13:36:00,F,20~29,office,seoul,0,0,0,0,17,0,0,14,0,0,completed
34694,U4697,2025-01-24 17:40:00,2025-01-24 17:42:00,M,40~49,office,seoul,0,0,0,0,14,0,0,63,1,0,completed
34695,U4698,2025-10-28 09:11:00,2025-10-28 09:15:00,F,30~39,office,seoul,0,0,0,0,28,0,0,27,0,0,completed
34696,U4699,2025-08-11 15:16:00,2025-08-11 15:20:00,M,20~29,office,seoul,0,0,0,0,4,0,0,23,0,0,completed
34697,U4700,2025-07-08 14:38:00,2025-07-08 14:41:00,M,30~39,office,seoul,0,0,0,0,10,0,0,47,1,0,abandoned
34698,U4701,2025-09-01 21:32:00,2025-09-01 21:37:00,F,30~39,office,seoul,0,0,0,0,6,0,0,75,0,0,timeout
34699,U4702,2025-05-13 07:35:00,2025-05-13 07:40:00,F,30~39,office,seoul,0,0,0,0,25,0,0,74,0,0,completed
34700,U4703,2025-09-30 15:29:00,2025-09-30 15:36:00,M,20~29,office,seoul,0,0,0,0,19,0,0,30,0,1,completed
34701,U4704,2025-07-07 16:47:00,2025-07-07 16:52:00,F,50+,office,seoul,0,0,0,0,13,0,0,77,0,0,completed
34702,U4705,2025-05-04 15:31:00,2025-05-04 15:38:00,F,20~29,office,seoul,1,0,0,0,12,0,0,24,0,0,abandoned
34703,U4706,2025-06-30 15:39:00,2025-06-30 15:42:00,F,30~39,office,seoul,0,0,0,0,19,0,0,42,0,0,completed
34704,U4707,2025-12-04 19:53:00,2025-12-04 19:55:00,F,50+,office,seoul,0,0,0,0,24,0,0,60,0,0,completed
34705,U4708,2025-05-10 19:05:00,2025-05-10 19:10:00,F,20~29,office,seoul,1,0,0,0,13,0,0,10,0,0,completed
34706,U4709,2025-03-08 20:08:00,2025-03-08 20:12:00,M,30~39,office,seoul,1,0,0,0,27,0,0,61,0,0,completed
34707,U4710,2025-10-11 11:40:00,2025-10-11 11:47:00,F,40~49,office,seoul,1,0,0,0,25,0,0,17,0,0,completed
34708,U4711,2025-05-20 08:45:00,2025-05-20 08:48:00,F,20~29,office,seoul,0,0,0,0,0,0,0,60,0,0,completed
34709,U4712,2025-07-21 08:27:00,2025-07-21 08:33:00,F,40~49,office,seoul,0,0,0,0,29,0,0,28,0,1,completed
34710,U4713,2025-02-27 16:49:00,2025-02-27 16:53:00,F,20~29,office,seoul,0,0,0,0,20,0,0,68,0,0,completed
34711,U4714,2025-04-14 08:50:00,2025-04-14 08:54:00,F,20~29,office,seoul,0,0,0,0,2,0,0,61,0,0,completed
34712,U4715,2025-05-22 19:30:00,2025-05-22 19:33:00,M,50+,office,seoul,0,0,0,0,19,0,0,43,0,0,completed
34713,U4716,2025-03-24 08:47:00,2025-03-24 08:51:00,F,20~29,office,seoul,0,0,0,0,28,0,0,26,0,0,completed
34714,U4717,2025-05-26 09:18:00,2025-05-26 09:25:00,F,30~39,office,seoul,0,0,0,0,18,0,0,27,0,0,abandoned
34715,U4718,2025-03-09 19:54:00,2025-03-09 19:56:00,F,40~49,office,seoul,1,0,0,0,4,0,0,14,0,0,completed
34716,U4719,2025-10-20 12:23:00,2025-10-20 12:28:00,F,30~39,office,seoul,0,0,0,0,27,0,0,71,0,0,abandoned
34717,U4720,2025-07-30 18:29:00,2025-07-30 18:35:00,M,30~39,office,seoul,0,0,0,0,9,0,0,51,0,0,completed
34718,U4721,2025-05-23 15:34:00,2025-05-23 15:40:00,M,30~39,office,seoul,0,0,0,0,9,0,0,62,0,0,completed
34719,U4722,2025-12-16 18:09:00,2025-12-16 18:12:00,F,50+,office,seoul,0,0,0,0,10,0,0,30,0,0,completed
34720,U4723,2025-02-27 17:53:00,2025-02-27 17:57:00,F,20~29,office,seoul,0,0,0,0,8,0,0,47,0,0,completed
34721,U4724,2025-08-31 22:13:00,2025-08-31 22:18:00,M,50+,office,seoul,1,0,0,0,22,0,0,44,0,0,completed
34722,U4725,2025-08-03 22:25:00,2025-08-03 22:29:00,F,30~39,office,seoul,1,0,0,0,23,0,0,29,0,0,completed
34723,U4726,2025-06-12 12:18:00,2025-06-12 12:24:00,M,30~39,office,seoul,0,0,0,0,27,0,0,51,0,0,completed
34724,U4727,2025-08-21 12:04:00,2025-08-21 12:10:00,F,20~29,office,seoul,0,0,0,0,22,0,0,52,0,0,completed
34725,U4728,2025-05-22 17:04:00,2025-05-22 17:07:00,F,40~49,office,seoul,0,0,0,0,7,0,0,23,0,0,completed
34726,U4729,2025-11-07 20:17:00,2025-11-07 20:23:00,M,40~49,office,seoul,0,0,0,0,18,0,0,26,0,0,completed
34727,U4730,2025-01-26 15:45:00,2025-01-26 15:52:00,F,20~29,office,seoul,1,0,0,0,3,0,0,35,1,0,completed
34728,U4731,2025-05-24 09:32:00,2025-05-24 09:35:00,F,20~29,office,seoul,1,0,0,0,28,0,0,68,0,0,completed
34729,U4732,2025-04-24 08:54:00,2025-04-24 08:58:00,F,50+,office,seoul,0,0,0,0,10,0,0,65,0,0,error
34730,U4733,2025-10-26 15:47:00,2025-10-26 15:54:00,M,30~39,office,seoul,1,0,0,0,10,0,0,16,0,0,completed
34731,U4734,2025-06-27 20:46:00,2025-06-27 20:52:00,F,40~49,office,seoul,0,0,0,0,7,0,0,56,0,0,completed
34732,U4735,2025-01-31 11:24:00,2025-01-31 11:29:00,F,30~39,office,seoul,0,0,0,0,29,0,0,45,0,0,completed
34733,U4736,2025-03-16 16:40:00,2025-03-16 16:47:00,F,20~29,office,seoul,1,0,0,0,28,0,0,75,0,0,completed
34734,U4737,2025-09-26 14:51:00,2025-09-26 14:58:00,F,40~49,office,seoul,0,0,0,0,1,0,0,22,0,0,completed
34735,U4738,2025-09-22 07:08:00,2025-09-22 07:14:00,M,40~49,office,seoul,0,0,0,0,17,0,0,70,0,0,completed
34736,U4739,2025-08-06 18:50:00,2025-08-06 18:53:00,F,30~39,office,seoul,0,0,0,0,0,0,0,13,0,0,completed
34737,U4740,2025-05-07 15:14:00,2025-05-07 15:21:00,F,20~29,office,seoul,0,0,0,0,9,0,0,68,0,0,completed
34738,U4741,2025-07-01 09:07:00,2025-07-01 09:14:00,M,20~29,office,seoul,0,0,0,0,1,0,0,74,0,0,completed
34739,U4742,2025-08-17 16:28:00,2025-08-17 16:30:00,F,40~49,office,seoul,1,0,0,0,18,0,0,17,0,0,completed
34740,U4743,2025-01-05 12:27:00,2025-01-05 12:31:00,M,20~29,office,seoul,1,0,0,0,10,0,0,31,0,0,completed
34741,U4744,2025-08-19 13:08:00,2025-08-19 13:11:00,F,30~39,office,seoul,0,0,0,0,4,0,0,34,0,0,completed
34742,U4745,2025-02-25 16:12:00,2025-02-25 16:19:00,F,40~49,office,seoul,0,0,0,0,3,0,0,28,0,0,completed
34743,U4746,2025-07-31 18:36:00,2025-07-31 18:38:00,F,40~49,office,seoul,0,0,0,0,5,0,0,38,0,0,completed
34744,U4747,2025-08-02 08:55:00,2025-08-02 08:58:00,M,30~39,office,seoul,1,0,0,0,9,0,0,79,0,0,completed
34745,U4748,2025-08-12 21:01:00,2025-08-12 21:07:00,F,20~29,office,seoul,0,0,0,0,24,0,0,57,0,0,completed
34746,U4749,2025-09-30 12:35:00,2025-09-30 12:40:00,F,30~39,office,seoul,0,0,0,0,12,0,0,70,0,0,completed
34747,U4750,2025-04-30 12:49:00,2025-04-30 12:56:00,F,20~29,office,seoul,0,0,0,0,21,0,0,46,0,0,completed
34748,U4751,2025-04-16 13:12:00,2025-04-16 13:15:00,F,30~39,office,seoul,0,0,0,0,14,0,0,52,0,0,completed
34749,U4752,2025-01-30 22:46:00,2025-01-30 22:53:00,F,50+,office,seoul,0,0,0,0,0,0,0,12,0,0,completed
34750,U4753,2025-12-23 09:53:00,2025-12-23 10:00:00,F,30~39,office,seoul,0,0,0,0,19,0,0,45,0,0,completed
34751,U4754,2025-12-30 17:46:00,2025-12-30 17:52:00,F,20~29,office,seoul,0,0,0,0,28,0,0,40,0,0,completed
34752,U4755,2025-05-09 08:58:00,2025-05-09 09:02:00,F,20~29,office,seoul,0,0,0,0,14,0,0,14,0,0,completed
34753,U4756,2025-01-06 19:11:00,2025-01-06 19:18:00,F,40~49,office,seoul,0,0,0,0,26,0,0,35,0,0,completed
34754,U4757,2025-03-13 17:14:00,2025-03-13 17:19:00,F,30~39,office,seoul,0,0,0,0,23,0,0,60,0,0,completed
34755,U4758,2025-03-12 18:50:00,2025-03-12 18:54:00,M,20~29,office,seoul,0,0,0,0,21,0,0,60,0,0,completed
34756,U4759,2025-07-19 08:08:00,2025-07-19 08:14:00,F,20~29,office,seoul,1,0,0,0,15,0,0,37,0,0,completed
34757,U4760,2025-11-22 09:46:00,2025-11-22 09:50:00,F,50+,office,seoul,1,0,0,0,13,0,0,53,0,0,completed
34758,U4761,2025-01-18 12:35:00,2025-01-18 12:39:00,M,40~49,office,seoul,1,0,0,0,25,0,0,79,1,0,completed
34759,U4762,2025-12-02 15:44:00,2025-12-02 15:46:00,F,20~29,office,seoul,0,0,0,0,20,0,0,72,0,0,completed
34760,U4763,2025-08-08 13:02:00,2025-08-08 13:07:00,F,30~39,office,seoul,0,0,0,0,27,0,0,34,0,0,completed
34761,U4764,2025-10-23 08:10:00,2025-10-23 08:16:00,F,40~49,office,seoul,0,0,0,0,11,0,0,25,0,0,completed
34762,U4765,2025-09-13 07:10:00,2025-09-13 07:15:00,F,30~39,office,seoul,1,0,0,0,13,0,0,33,0,0,completed
34763,U4766,2025-02-09 07:46:00,2025-02-09 07:52:00,M,50+,office,seoul,1,0,0,0,3,0,0,15,0,0,completed
34764,U4767,2025-09-18 09:55:00,2025-09-18 10:00:00,F,30~39,office,seoul,0,0,0,0,2,0,0,74,0,0,completed
34765,U4768,2025-07-18 16:36:00,2025-07-18 16:38:00,F,30~39,office,seoul,0,0,0,0,18,0,0,48,0,0,completed
34766,U4769,2025-12-24 12:48:00,2025-12-24 12:50:00,M,20~29,office,seoul,0,0,0,0,4,0,0,29,0,0,completed
34767,U4770,2025-04-23 18:13:00,2025-04-23 18:18:00,F,40~49,office,seoul,0,0,0,0,20,0,0,19,0,0,completed
34768,U4771,2025-09-21 14:56:00,2025-09-21 15:01:00,F,20~29,office,seoul,1,0,0,0,5,0,0,34,0,0,completed
34769,U4772,2025-03-01 07:00:00,2025-03-01 07:06:00,F,20~29,office,seoul,1,0,0,0,20,0,0,38,0,0,completed
34770,U4773,2025-06-17 14:18:00,2025-06-17 14:23:00,M,50+,office,seoul,0,0,0,0,22,0,0,24,0,0,completed
34771,U4774,2025-02-13 09:21:00,2025-02-13 09:23:00,F,40~49,office,seoul,0,0,0,0,27,0,0,16,0,0,completed
34772,U4775,2025-07-13 12:38:00,2025-07-13 12:40:00,F,20~29,office,seoul,1,0,0,0,28,0,0,53,0,0,completed
34773,U4776,2025-02-09 15:21:00,2025-02-09 15:25:00,M,50+,office,seoul,1,0,0,0,26,0,0,42,0,0,completed
34774,U4777,2025-06-10 17:30:00,2025-06-10 17:37:00,F,20~29,office,seoul,0,0,0,0,21,0,0,50,0,0,completed
34775,U4778,2025-08-11 12:09:00,2025-08-11 12:16:00,F,30~39,office,seoul,0,0,0,0,24,0,0,35,0,0,completed
34776,U4779,2025-08-12 16:02:00,2025-08-12 16:08:00,F,40~49,office,seoul,0,0,0,0,29,0,0,28,0,0,completed
34777,U4780,2025-12-08 20:38:00,2025-12-08 20:44:00,F,40~49,office,seoul,0,0,0,0,9,0,0,34,0,0,completed
34778,U4781,2025-04-07 11:00:00,2025-04-07 11:07:00,F,30~39,office,seoul,0,0,0,0,28,0,0,11,0,0,completed
34779,U4782,2025-07-17 14:11:00,2025-07-17 14:17:00,M,50+,office,seoul,0,0,0,0,20,0,0,63,0,0,completed
34780,U4783,2025-03-04 14:38:00,2025-03-04 14:41:00,M,20~29,office,seoul,0,0,0,0,22,0,0,33,0,0,completed
34781,U4784,2025-03-04 16:42:00,2025-03-04 16:48:00,M,30~39,office,seoul,0,0,0,0,18,0,0,52,0,0,completed
34782,U4785,2025-07-29 15:03:00,2025-07-29 15:10:00,F,20~29,office,seoul,0,0,0,0,9,0,0,16,0,0,completed
34783,U4786,2025-10-26 16:17:00,2025-10-26 16:21:00,F,50+,office,seoul,1,0,0,0,19,0,0,31,0,0,completed
34784,U4787,2025-01-14 14:33:00,2025-01-14 14:37:00,F,20~29,office,seoul,0,0,0,0,25,0,0,59,0,0,completed
34785,U4788,2025-03-29 07:24:00,2025-03-29 07:29:00,F,20~29,office,seoul,1,0,0,0,1,0,0,27,0,0,completed
34786,U4789,2025-07-10 07:21:00,2025-07-10 07:26:00,F,20~29,office,seoul,0,0,0,0,24,0,0,30,0,0,completed
34787,U4790,2025-11-29 07:14:00,2025-11-29 07:17:00,F,20~29,office,seoul,1,0,0,0,15,0,0,62,0,0,timeout
34788,U4791,2025-12-12 16:23:00,2025-12-12 16:26:00,F,40~49,office,seoul,0,0,0,0,6,0,0,33,0,0,completed
34789,U4792,2025-09-15 13:54:00,2025-09-15 13:59:00,F,30~39,office,seoul,0,0,0,0,3,0,0,11,0,0,completed
34790,U4793,2025-03-25 16:51:00,2025-03-25 16:58:00,M,40~49,office,seoul,0,0,0,0,14,0,0,74,0,0,completed
34791,U4794,2025-05-04 15:03:00,2025-05-04 15:07:00,F,20~29,office,seoul,1,0,0,0,10,0,0,58,0,0,completed
34792,U4795,2025-12-22 09:47:00,2025-12-22 09:52:00,M,30~39,office,seoul,0,0,0,0,9,0,0,50,0,0,completed
34793,U4796,2025-03-14 15:52:00,2025-03-14 15:58:00,F,40~49,office,seoul,0,0,0,0,9,0,0,36,0,0,completed
34794,U4797,2025-07-20 18:04:00,2025-07-20 18:08:00,M,50+,office,seoul,1,0,0,0,15,0,0,53,0,0,completed
34795,U4798,2025-11-06 17:01:00,2025-11-06 17:04:00,F,40~49,office,seoul,0,0,0,0,26,0,0,75,0,0,completed
34796,U4799,2025-08-10 09:16:00,2025-08-10 09:18:00,F,30~39,office,seoul,1,0,0,0,2,0,0,37,0,0,completed
34797,U4800,2025-04-14 18:24:00,2025-04-14 18:29:00,F,30~39,office,seoul,0,0,0,0,28,0,0,32,0,0,completed
34798,U4801,2025-08-05 07:25:00,2025-08-05 07:30:00,F,20~29,office,seoul,0,0,0,0,27,0,0,67,0,0,completed
34799,U4802,2025-05-16 16:47:00,2025-05-16 16:52:00,F,30~39,office,seoul,0,0,0,0,0,0,0,23,0,0,abandoned
34800,U4803,2025-11-27 14:30:00,2025-11-27 14:36:00,M,20~29,office,seoul,0,0,0,0,25,0,0,33,0,0,completed
34801,U4804,2025-06-19 17:20:00,2025-06-19 17:22:00,F,40~49,office,seoul,0,0,0,0,18,0,0,24,0,0,completed
34802,U4805,2025-04-03 11:24:00,2025-04-03 11:27:00,F,20~29,office,seoul,0,0,0,0,0,0,0,56,0,0,completed
34803,U4806,2025-06-09 17:37:00,2025-06-09 17:43:00,F,20~29,office,seoul,0,0,0,0,20,0,0,30,0,0,completed
34804,U4807,2025-01-09 07:47:00,2025-01-09 07:52:00,F,40~49,office,seoul,0,0,0,0,15,0,0,20,0,0,completed
34805,U4808,2025-04-28 14:37:00,2025-04-28 14:41:00,F,50+,office,seoul,0,0,0,0,27,0,0,66,0,0,completed
34806,U4809,2025-11-30 19:21:00,2025-11-30 19:26:00,F,30~39,office,seoul,1,0,0,0,9,0,0,54,0,0,completed
34807,U4810,2025-04-08 13:46:00,2025-04-08 13:52:00,F,20~29,office,seoul,0,0,0,0,19,0,0,51,0,0,completed
34808,U4811,2025-07-31 16:11:00,2025-07-31 16:14:00,M,20~29,office,seoul,0,0,0,0,26,0,0,41,0,0,completed
34809,U4812,2025-09-02 20:50:00,2025-09-02 20:56:00,F,40~49,office,seoul,0,0,0,0,7,0,0,27,0,0,completed
34810,U4813,2025-12-13 09:09:00,2025-12-13 09:11:00,M,30~39,office,seoul,1,0,0,0,19,0,0,38,0,0,completed
34811,U4814,2025-01-16 18:55:00,2025-01-16 18:57:00,F,30~39,office,seoul,0,0,0,0,28,0,0,17,0,0,completed
34812,U4815,2025-04-06 15:02:00,2025-04-06 15:09:00,F,20~29,office,seoul,1,0,0,0,18,0,0,39,0,0,completed
34813,U4816,2025-02-06 22:25:00,2025-02-06 22:27:00,F,20~29,office,seoul,0,0,0,0,23,0,0,12,0,0,completed
34814,U4817,2025-07-30 16:12:00,2025-07-30 16:16:00,F,50+,office,seoul,0,0,0,0,19,0,0,18,0,0,completed
34815,U4818,2025-08-29 15:36:00,2025-08-29 15:42:00,M,40~49,office,seoul,0,0,0,0,2,0,0,74,0,0,completed
34816,U4819,2025-01-24 16:58:00,2025-01-24 17:04:00,F,20~29,office,seoul,0,0,0,0,23,0,0,65,0,0,completed
34817,U4820,2025-06-09 13:10:00,2025-06-09 13:17:00,M,20~29,office,seoul,0,0,0,0,1,0,0,51,0,0,completed
34818,U4821,2025-09-20 15:27:00,2025-09-20 15:32:00,M,30~39,office,seoul,1,0,0,0,13,0,0,29,0,0,completed
34819,U4822,2025-03-29 18:14:00,2025-03-29 18:19:00,M,50+,office,seoul,1,0,0,0,12,0,0,56,0,0,completed
34820,U4823,2025-05-10 14:20:00,2025-05-10 14:22:00,M,20~29,office,seoul,1,0,0,0,22,0,0,74,0,0,timeout
34821,U4824,2025-08-09 16:40:00,2025-08-09 16:43:00,F,40~49,office,seoul,1,0,0,0,11,0,0,58,0,0,completed
34822,U4825,2025-08-26 20:14:00,2025-08-26 20:19:00,F,20~29,office,seoul,0,0,0,0,3,0,0,45,0,0,completed
34823,U4826,2025-09-01 09:15:00,2025-09-01 09:22:00,F,30~39,office,seoul,0,0,0,0,7,0,0,33,0,0,completed
34824,U4827,2025-12-31 07:30:00,2025-12-31 07:35:00,M,30~39,office,seoul,0,0,0,0,11,0,0,55,0,0,completed
34825,U4828,2025-08-05 13:18:00,2025-08-05 13:23:00,M,20~29,office,seoul,0,0,0,0,10,0,0,74,0,0,error
34826,U4829,2025-05-09 09:21:00,2025-05-09 09:26:00,F,20~29,office,seoul,0,0,0,0,29,0,0,12,0,0,completed
34827,U4830,2025-11-27 07:02:00,2025-11-27 07:07:00,F,50+,office,seoul,0,0,0,0,20,0,0,48,0,0,completed
34828,U4831,2025-08-14 11:06:00,2025-08-14 11:13:00,M,30~39,office,seoul,0,0,0,0,17,0,0,77,0,0,completed
34829,U4832,2025-04-26 15:55:00,2025-04-26 16:00:00,M,50+,office,seoul,1,0,0,0,9,0,0,70,0,0,completed
34830,U4833,2025-11-13 11:18:00,2025-11-13 11:22:00,M,40~49,office,seoul,0,0,0,0,12,0,0,75,0,0,completed
34831,U4834,2025-10-13 11:54:00,2025-10-13 11:59:00,M,20~29,office,seoul,0,0,0,0,26,0,0,69,0,0,completed
34832,U4835,2025-11-05 17:25:00,2025-11-05 17:30:00,F,20~29,office,seoul,0,0,0,0,3,0,0,36,0,0,completed
34833,U4836,2025-06-01 09:02:00,2025-06-01 09:07:00,F,20~29,office,seoul,1,0,0,0,29,0,0,75,0,0,completed
34834,U4837,2025-12-14 09:48:00,2025-12-14 09:50:00,M,40~49,office,seoul,1,0,0,0,12,0,0,32,0,0,timeout
34835,U4838,2025-05-13 16:18:00,2025-05-13 16:21:00,F,50+,office,seoul,0,0,0,0,14,0,0,63,0,0,completed
34836,U4839,2025-05-01 19:01:00,2025-05-01 19:04:00,M,30~39,office,seoul,0,0,0,0,1,0,0,61,0,0,completed
34837,U4840,2025-03-13 15:23:00,2025-03-13 15:25:00,M,30~39,office,seoul,0,0,0,0,8,0,0,33,0,0,completed
34838,U4841,2025-09-30 14:14:00,2025-09-30 14:16:00,M,40~49,office,seoul,0,0,0,0,9,0,0,72,0,0,completed
34839,U4842,2025-03-22 17:35:00,2025-03-22 17:42:00,F,40~49,office,seoul,1,0,0,0,20,0,0,30,1,0,completed
34840,U4843,2025-07-01 14:15:00,2025-07-01 14:20:00,F,40~49,office,seoul,0,0,0,0,22,0,0,23,0,0,completed
34841,U4844,2025-02-21 18:10:00,2025-02-21 18:15:00,F,40~49,office,seoul,0,0,0,0,25,0,0,20,0,0,completed
34842,U4845,2025-03-25 08:25:00,2025-03-25 08:31:00,F,30~39,office,seoul,0,0,0,0,13,0,0,47,0,0,completed
34843,U4846,2025-02-03 14:39:00,2025-02-03 14:42:00,M,40~49,office,seoul,0,0,0,0,28,0,0,49,0,0,completed
34844,U4847,2025-11-22 17:29:00,2025-11-22 17:35:00,F,30~39,office,seoul,1,0,0,0,17,0,0,58,0,0,completed
34845,U4848,2025-03-12 16:05:00,2025-03-12 16:09:00,F,20~29,office,seoul,0,0,0,0,4,0,0,45,0,0,completed
34846,U4849,2025-04-20 14:24:00,2025-04-20 14:29:00,M,30~39,office,seoul,1,0,0,0,2,0,0,12,0,0,completed
34847,U4850,2025-12-29 19:28:00,2025-12-29 19:30:00,F,20~29,office,seoul,0,0,0,0,26,0,0,68,0,0,completed
34848,U4851,2025-01-26 17:15:00,2025-01-26 17:21:00,F,50+,office,seoul,1,0,0,0,25,0,0,23,0,0,completed
34849,U4852,2025-04-15 16:05:00,2025-04-15 16:10:00,F,50+,office,seoul,0,0,0,0,4,0,0,31,0,0,abandoned
34850,U4853,2025-08-01 13:23:00,2025-08-01 13:29:00,M,40~49,office,seoul,0,0,0,0,29,0,0,23,0,0,completed
34851,U4854,2025-03-05 12:11:00,2025-03-05 12:17:00,F,30~39,office,seoul,0,0,0,0,21,0,0,16,0,0,completed
34852,U4855,2025-08-31 16:50:00,2025-08-31 16:57:00,F,30~39,office,seoul,1,0,0,0,7,0,0,52,0,0,completed
34853,U4856,2025-10-02 13:05:00,2025-10-02 13:10:00,F,40~49,office,seoul,0,0,0,0,17,0,0,11,0,0,completed
34854,U4857,2025-10-01 18:51:00,2025-10-01 18:55:00,M,30~39,office,seoul,0,0,0,0,4,0,0,16,0,0,completed
34855,U4858,2025-11-12 12:40:00,2025-11-12 12:45:00,F,20~29,office,seoul,0,0,0,0,17,0,0,47,0,0,completed
34856,U4859,2025-06-09 09:42:00,2025-06-09 09:47:00,F,40~49,office,seoul,0,0,0,0,16,0,0,41,0,0,completed
34857,U4860,2025-09-21 08:54:00,2025-09-21 08:58:00,M,40~49,office,seoul,1,0,0,0,4,0,0,24,0,0,completed
34858,U4861,2025-08-10 16:07:00,2025-08-10 16:10:00,M,20~29,office,seoul,1,0,0,0,1,0,0,44,0,0,completed
34859,U4862,2025-02-25 12:33:00,2025-02-25 12:36:00,F,50+,office,seoul,0,0,0,0,28,0,0,75,0,0,abandoned
34860,U4863,2025-09-17 14:06:00,2025-09-17 14:08:00,F,40~49,office,seoul,0,0,0,0,17,0,0,28,0,0,completed
34861,U4864,2025-05-23 15:56:00,2025-05-23 15:59:00,F,30~39,office,seoul,0,0,0,0,11,0,0,29,0,0,timeout
34862,U4865,2025-06-23 09:32:00,2025-06-23 09:36:00,M,40~49,office,seoul,0,0,0,0,24,0,0,66,0,0,completed
34863,U4866,2025-10-21 07:22:00,2025-10-21 07:24:00,M,20~29,office,seoul,0,0,0,0,15,0,0,11,0,0,completed
34864,U4867,2025-03-28 13:49:00,2025-03-28 13:53:00,F,20~29,office,seoul,0,0,0,0,21,0,0,15,0,0,completed
34865,U4868,2025-06-07 12:08:00,2025-06-07 12:13:00,M,40~49,office,seoul,1,0,0,0,27,0,0,37,0,0,completed
34866,U4869,2025-09-13 09:08:00,2025-09-13 09:10:00,F,30~39,office,seoul,1,0,0,0,16,0,0,41,0,0,completed
34867,U4870,2025-09-06 18:55:00,2025-09-06 19:00:00,M,20~29,office,seoul,1,0,0,0,4,0,0,69,0,0,completed
34868,U4871,2025-10-25 19:35:00,2025-10-25 19:41:00,F,20~29,office,seoul,1,0,0,0,3,0,0,20,0,0,completed
34869,U4872,2025-10-06 16:55:00,2025-10-06 17:00:00,F,50+,office,seoul,0,0,0,0,15,0,0,49,0,1,timeout
34870,U4873,2025-09-29 13:02:00,2025-09-29 13:06:00,F,30~39,office,seoul,0,0,0,0,3,0,0,10,0,0,completed
34871,U4874,2025-01-12 16:16:00,2025-01-12 16:20:00,F,50+,office,seoul,1,0,0,0,17,0,0,27,0,0,completed
34872,U4875,2025-05-04 11:42:00,2025-05-04 11:48:00,F,50+,office,seoul,1,0,0,0,21,0,0,33,0,0,completed
34873,U4876,2025-02-13 12:02:00,2025-02-13 12:04:00,F,40~49,office,seoul,0,0,0,0,25,0,0,75,0,0,completed
34874,U4877,2025-09-09 16:34:00,2025-09-09 16:39:00,F,20~29,office,seoul,0,0,0,0,19,0,0,10,0,0,completed
34875,U4878,2025-05-13 17:56:00,2025-05-13 18:03:00,F,30~39,office,seoul,0,0,0,0,8,0,0,24,0,0,completed
34876,U4879,2025-04-13 15:32:00,2025-04-13 15:37:00,F,20~29,office,seoul,1,0,0,0,24,0,0,69,0,0,completed
34877,U4880,2025-10-29 12:10:00,2025-10-29 12:14:00,F,50+,office,seoul,0,0,0,0,28,0,0,77,0,1,completed
34878,U4881,2025-03-21 11:27:00,2025-03-21 11:33:00,F,40~49,office,seoul,0,0,0,0,6,0,0,77,0,0,completed
34879,U4882,2025-10-03 13:40:00,2025-10-03 13:43:00,M,30~39,office,seoul,0,0,0,0,16,0,0,24,0,0,completed
34880,U4883,2025-10-06 08:30:00,2025-10-06 08:35:00,F,20~29,office,seoul,0,0,0,0,16,0,0,58,0,0,completed
34881,U4884,2025-07-26 08:22:00,2025-07-26 08:26:00,F,30~39,office,seoul,1,0,0,0,2,0,0,17,0,0,completed
34882,U4885,2025-08-31 12:43:00,2025-08-31 12:45:00,F,20~29,office,seoul,1,0,0,0,28,0,0,69,0,0,abandoned
34883,U4886,2025-04-12 12:06:00,2025-04-12 12:12:00,F,20~29,office,seoul,1,0,0,0,2,0,0,26,0,0,error
34884,U4887,2025-11-06 07:52:00,2025-11-06 07:54:00,F,20~29,office,seoul,0,0,0,0,13,0,0,21,0,0,completed
34885,U4888,2025-03-24 09:34:00,2025-03-24 09:38:00,F,20~29,office,seoul,0,0,0,0,1,0,0,79,0,0,completed
34886,U4889,2025-01-29 14:19:00,2025-01-29 14:25:00,M,20~29,office,seoul,0,0,0,0,26,0,0,50,0,0,completed
34887,U4890,2025-11-06 12:13:00,2025-11-06 12:16:00,M,30~39,office,seoul,0,0,0,0,12,0,0,18,0,0,completed
34888,U4891,2025-10-22 17:26:00,2025-10-22 17:31:00,F,20~29,office,seoul,0,0,0,0,15,0,0,60,0,0,completed
34889,U4892,2025-08-28 12:26:00,2025-08-28 12:33:00,F,30~39,office,seoul,0,0,0,0,18,0,0,31,0,0,completed
34890,U4893,2025-05-17 09:29:00,2025-05-17 09:31:00,F,20~29,office,seoul,1,0,0,0,20,0,0,75,0,1,completed
34891,U4894,2025-01-28 15:55:00,2025-01-28 16:01:00,F,30~39,office,seoul,0,0,0,0,4,0,0,53,0,0,completed
34892,U4895,2025-12-17 15:08:00,2025-12-17 15:12:00,F,40~49,office,seoul,0,0,0,0,19,0,0,64,0,0,completed
34893,U4896,2025-11-06 15:07:00,2025-11-06 15:14:00,M,20~29,office,seoul,0,0,0,0,2,0,0,17,0,0,completed
34894,U4897,2025-06-03 08:37:00,2025-06-03 08:41:00,F,30~39,office,seoul,0,0,0,0,19,0,0,24,0,0,completed
34895,U4898,2025-02-10 12:58:00,2025-02-10 13:05:00,F,40~49,office,seoul,0,0,0,0,6,0,0,37,0,0,completed
34896,U4899,2025-11-14 08:50:00,2025-11-14 08:57:00,M,40~49,office,seoul,0,0,0,0,7,0,0,41,0,0,completed
34897,U4900,2025-02-13 15:24:00,2025-02-13 15:26:00,F,50+,office,seoul,0,0,0,0,13,0,0,57,0,0,completed
34898,U4901,2025-04-23 19:03:00,2025-04-23 19:10:00,M,30~39,office,seoul,0,0,0,0,21,0,0,24,0,0,completed
34899,U4902,2025-10-14 08:32:00,2025-10-14 08:34:00,F,30~39,office,seoul,0,0,0,0,11,0,0,51,0,0,completed
34900,U4903,2025-07-25 13:24:00,2025-07-25 13:30:00,F,40~49,office,seoul,0,0,0,0,12,0,0,42,0,0,completed
34901,U4904,2025-12-15 14:56:00,2025-12-15 14:59:00,F,30~39,office,seoul,0,0,0,0,24,0,0,15,0,0,completed
34902,U4905,2025-09-01 11:51:00,2025-09-01 11:55:00,F,20~29,office,seoul,0,0,0,0,13,0,0,10,0,0,completed
34903,U4906,2025-02-25 12:31:00,2025-02-25 12:35:00,F,20~29,office,seoul,0,0,0,0,3,0,0,58,0,0,completed
34904,U4907,2025-07-13 11:11:00,2025-07-13 11:16:00,M,20~29,office,seoul,1,0,0,0,10,0,0,48,0,0,completed
34905,U4908,2025-02-04 19:03:00,2025-02-04 19:09:00,F,20~29,office,seoul,0,0,0,0,23,0,0,48,0,0,abandoned
34906,U4909,2025-01-02 09:08:00,2025-01-02 09:12:00,F,20~29,office,seoul,0,0,0,0,9,0,0,73,0,0,completed
34907,U4910,2025-07-31 07:08:00,2025-07-31 07:15:00,F,30~39,office,seoul,0,0,0,0,8,0,0,12,0,0,completed
34908,U4911,2025-01-17 14:28:00,2025-01-17 14:34:00,F,30~39,office,seoul,0,0,0,0,25,0,0,45,0,0,completed
34909,U4912,2025-08-06 07:24:00,2025-08-06 07:27:00,M,20~29,office,seoul,0,0,0,0,8,0,0,14,0,0,error
34910,U4913,2025-04-27 20:22:00,2025-04-27 20:26:00,F,40~49,office,seoul,1,0,0,0,12,0,0,16,0,0,completed
34911,U4914,2025-12-21 14:50:00,2025-12-21 14:54:00,M,40~49,office,seoul,1,0,0,0,9,0,0,21,0,0,completed
34912,U4915,2025-12-27 17:54:00,2025-12-27 18:01:00,M,30~39,office,seoul,1,0,0,0,24,0,0,55,0,0,completed
34913,U4916,2025-07-26 08:11:00,2025-07-26 08:16:00,M,30~39,office,seoul,1,0,0,0,8,0,0,16,0,0,completed
34914,U4917,2025-06-18 13:08:00,2025-06-18 13:14:00,M,20~29,office,seoul,0,0,0,0,9,0,0,47,0,0,timeout
34915,U4918,2025-12-04 07:28:00,2025-12-04 07:32:00,M,40~49,office,seoul,0,0,0,0,9,0,0,64,0,0,completed
34916,U4919,2025-04-06 11:40:00,2025-04-06 11:44:00,F,20~29,office,seoul,1,0,0,0,17,0,0,65,0,0,completed
34917,U4920,2025-12-08 08:45:00,2025-12-08 08:48:00,M,20~29,office,seoul,0,0,0,0,21,0,0,17,0,0,completed
34918,U4921,2025-01-08 17:34:00,2025-01-08 17:40:00,F,50+,office,seoul,0,0,0,0,1,0,0,73,0,0,completed
34919,U4922,2025-02-05 17:23:00,2025-02-05 17:29:00,M,50+,office,seoul,0,0,0,0,11,0,0,25,0,0,completed
34920,U4923,2025-06-02 15:33:00,2025-06-02 15:39:00,F,20~29,office,seoul,0,0,0,0,2,0,0,57,0,0,completed
34921,U4924,2025-06-30 09:58:00,2025-06-30 10:03:00,F,20~29,office,seoul,0,0,0,0,1,0,0,43,0,0,error
34922,U4925,2025-11-27 13:14:00,2025-11-27 13:21:00,F,30~39,office,seoul,0,0,0,0,14,0,0,18,0,0,completed
34923,U4926,2025-05-27 15:48:00,2025-05-27 15:54:00,M,50+,office,seoul,0,0,0,0,14,0,0,77,0,0,completed
34924,U4927,2025-04-27 14:55:00,2025-04-27 14:58:00,F,20~29,office,seoul,1,0,0,0,20,0,0,62,0,0,completed
34925,U4928,2025-03-09 17:58:00,2025-03-09 18:03:00,F,30~39,office,seoul,1,0,0,0,21,0,0,45,0,0,completed
34926,U4929,2025-01-05 09:44:00,2025-01-05 09:48:00,F,30~39,office,seoul,1,0,0,0,11,0,0,60,0,0,completed
34927,U4930,2025-03-13 13:31:00,2025-03-13 13:34:00,F,40~49,office,seoul,0,0,0,0,0,0,0,34,0,0,completed
34928,U4931,2025-06-27 15:25:00,2025-06-27 15:27:00,M,30~39,office,seoul,0,0,0,0,10,0,0,17,0,0,completed
34929,U4932,2025-01-17 12:44:00,2025-01-17 12:47:00,F,40~49,office,seoul,0,0,0,0,16,0,0,23,0,0,completed
34930,U4933,2025-09-21 07:01:00,2025-09-21 07:07:00,F,40~49,office,seoul,1,0,0,0,6,0,0,74,0,0,completed
34931,U4934,2025-11-29 20:25:00,2025-11-29 20:29:00,F,30~39,office,seoul,1,0,0,0,27,0,0,69,0,0,completed
34932,U4935,2025-05-03 17:10:00,2025-05-03 17:13:00,F,30~39,office,seoul,1,0,0,0,29,0,0,74,0,0,completed
34933,U4936,2025-07-10 13:21:00,2025-07-10 13:28:00,F,20~29,office,seoul,0,0,0,0,6,0,0,58,0,0,completed
34934,U4937,2025-01-08 18:28:00,2025-01-08 18:34:00,F,40~49,office,seoul,0,0,0,0,26,0,0,48,0,0,completed
34935,U4938,2025-01-02 21:57:00,2025-01-02 22:00:00,F,30~39,office,seoul,0,0,0,0,11,0,0,78,0,0,completed
34936,U4939,2025-05-10 16:06:00,2025-05-10 16:10:00,F,20~29,office,seoul,1,0,0,0,28,0,0,33,0,0,completed
34937,U4940,2025-06-11 09:36:00,2025-06-11 09:39:00,M,30~39,office,seoul,0,0,0,0,2,0,0,14,0,0,completed
34938,U4941,2025-04-09 19:56:00,2025-04-09 20:00:00,F,20~29,office,seoul,0,0,0,0,3,0,0,40,0,0,completed
34939,U4942,2025-07-11 13:09:00,2025-07-11 13:13:00,F,20~29,office,seoul,0,0,0,0,9,0,0,30,0,0,completed
34940,U4943,2025-03-21 17:47:00,2025-03-21 17:50:00,F,40~49,office,seoul,0,0,0,0,15,0,0,71,0,0,completed
34941,U4944,2025-12-02 08:20:00,2025-12-02 08:23:00,F,30~39,office,seoul,0,0,0,0,19,0,0,52,0,0,completed
34942,U4945,2025-11-26 07:53:00,2025-11-26 07:59:00,M,20~29,office,seoul,0,0,0,0,0,0,0,25,0,0,completed
34943,U4946,2025-11-29 07:36:00,2025-11-29 07:38:00,F,40~49,office,seoul,1,0,0,0,10,0,0,20,0,0,completed
34944,U4947,2025-08-21 09:14:00,2025-08-21 09:16:00,M,30~39,office,seoul,0,0,0,0,17,0,0,39,0,0,completed
34945,U4948,2025-08-29 18:20:00,2025-08-29 18:25:00,F,20~29,office,seoul,0,0,0,0,13,0,0,52,0,0,completed
34946,U4949,2025-03-21 21:37:00,2025-03-21 21:41:00,M,50+,office,seoul,0,0,0,0,24,0,0,36,0,0,abandoned
34947,U4950,2025-07-24 07:54:00,2025-07-24 08:00:00,M,30~39,office,seoul,0,0,0,0,6,0,0,32,0,0,completed
34948,U4951,2025-03-06 08:38:00,2025-03-06 08:44:00,F,40~49,office,seoul,0,0,0,0,27,0,0,23,0,0,completed
34949,U4952,2025-06-26 16:22:00,2025-06-26 16:26:00,F,30~39,office,seoul,0,0,0,0,7,0,0,18,0,0,completed
34950,U4953,2025-03-27 09:50:00,2025-03-27 09:57:00,F,30~39,office,seoul,0,0,0,0,24,0,0,17,0,0,completed
34951,U4954,2025-11-27 19:20:00,2025-11-27 19:27:00,F,40~49,office,seoul,0,0,0,0,3,0,0,40,0,0,completed
34952,U4955,2025-12-04 13:12:00,2025-12-04 13:14:00,F,40~49,office,seoul,0,0,0,0,0,0,0,52,0,0,completed
34953,U4956,2025-07-31 16:00:00,2025-07-31 16:04:00,M,50+,office,seoul,0,0,0,0,23,0,0,27,0,0,completed
34954,U4957,2025-07-07 14:51:00,2025-07-07 14:55:00,M,20~29,office,seoul,0,0,0,0,7,0,0,62,0,0,completed
34955,U4958,2025-04-30 08:53:00,2025-04-30 08:55:00,M,30~39,office,seoul,0,0,0,0,12,0,0,14,0,0,completed
34956,U4959,2025-10-01 12:57:00,2025-10-01 13:01:00,F,40~49,office,seoul,0,0,0,0,18,0,0,18,0,0,completed
34957,U4960,2025-04-28 13:05:00,2025-04-28 13:12:00,F,20~29,office,seoul,0,0,0,0,10,0,0,74,0,0,completed
34958,U4961,2025-07-10 11:20:00,2025-07-10 11:24:00,M,20~29,office,seoul,0,0,0,0,24,0,0,58,0,0,completed
34959,U4962,2025-12-03 21:57:00,2025-12-03 22:01:00,F,30~39,office,seoul,0,0,0,0,28,0,0,59,0,0,completed
34960,U4963,2025-04-14 17:04:00,2025-04-14 17:07:00,F,40~49,office,seoul,0,0,0,0,16,0,0,11,0,0,completed
34961,U4964,2025-03-31 14:10:00,2025-03-31 14:16:00,M,50+,office,seoul,0,0,0,0,6,0,0,50,0,0,completed
34962,U4965,2025-04-11 14:44:00,2025-04-11 14:47:00,F,30~39,office,seoul,0,0,0,0,1,0,0,18,0,0,completed
34963,U4966,2025-01-25 09:27:00,2025-01-25 09:34:00,M,40~49,office,seoul,1,0,0,0,2,0,0,54,0,0,completed
34964,U4967,2025-01-15 15:29:00,2025-01-15 15:35:00,M,50+,office,seoul,0,0,0,0,16,0,0,53,0,0,completed
34965,U4968,2025-01-01 15:53:00,2025-01-01 15:57:00,M,20~29,office,seoul,0,0,0,0,15,0,0,25,0,0,completed
34966,U4969,2025-12-20 13:21:00,2025-12-20 13:25:00,F,20~29,office,seoul,1,0,0,0,25,0,0,72,0,0,completed
34967,U4970,2025-09-01 12:46:00,2025-09-01 12:52:00,F,20~29,office,seoul,0,0,0,0,8,0,0,20,0,0,completed
34968,U4971,2025-02-28 17:08:00,2025-02-28 17:10:00,F,20~29,office,seoul,0,0,0,0,27,0,0,78,0,0,completed
34969,U4972,2025-10-07 18:29:00,2025-10-07 18:35:00,M,20~29,office,seoul,0,0,0,0,25,0,0,36,0,0,completed
34970,U4973,2025-03-18 09:02:00,2025-03-18 09:09:00,F,20~29,office,seoul,0,0,0,0,11,0,0,39,0,0,completed
34971,U4974,2025-11-13 09:23:00,2025-11-13 09:26:00,M,40~49,office,seoul,0,0,0,0,11,0,0,22,0,0,completed
34972,U4975,2025-05-26 15:03:00,2025-05-26 15:05:00,F,30~39,office,seoul,0,0,0,0,27,0,0,78,0,0,completed
34973,U4976,2025-08-18 08:28:00,2025-08-18 08:34:00,F,50+,office,seoul,0,0,0,0,12,0,0,25,1,0,completed
34974,U4977,2025-05-09 19:10:00,2025-05-09 19:16:00,F,30~39,office,seoul,0,0,0,0,0,0,0,33,0,0,completed
34975,U4978,2025-12-31 13:08:00,2025-12-31 13:15:00,F,40~49,office,seoul,0,0,0,0,29,0,0,73,0,0,completed
34976,U4979,2025-05-04 20:59:00,2025-05-04 21:01:00,M,50+,office,seoul,1,0,0,0,27,0,0,70,0,0,completed
34977,U4980,2025-11-04 17:19:00,2025-11-04 17:22:00,M,20~29,office,seoul,0,0,0,0,1,0,0,33,0,0,completed
34978,U4981,2025-01-30 15:36:00,2025-01-30 15:41:00,F,30~39,office,seoul,0,0,0,0,7,0,0,30,0,0,completed
34979,U4982,2025-04-16 14:27:00,2025-04-16 14:30:00,F,20~29,office,seoul,0,0,0,0,17,0,0,77,0,0,completed
34980,U4983,2025-04-10 13:21:00,2025-04-10 13:26:00,M,20~29,office,seoul,0,0,0,0,1,0,0,41,0,0,completed
34981,U4984,2025-02-06 07:36:00,2025-02-06 07:40:00,F,30~39,office,seoul,0,0,0,0,20,0,0,54,0,0,completed
34982,U4985,2025-10-29 18:14:00,2025-10-29 18:16:00,F,30~39,office,seoul,0,0,0,0,23,0,0,40,0,0,completed
34983,U4986,2025-09-14 22:11:00,2025-09-14 22:16:00,F,50+,office,seoul,1,0,0,0,19,0,0,14,0,0,completed
34984,U4987,2025-12-16 15:45:00,2025-12-16 15:52:00,F,40~49,office,seoul,0,0,0,0,28,0,0,21,0,0,completed
34985,U4988,2025-04-29 19:18:00,2025-04-29 19:21:00,F,20~29,office,seoul,0,0,0,0,2,0,0,15,0,0,completed
34986,U4989,2025-02-02 08:32:00,2025-02-02 08:36:00,F,30~39,office,seoul,1,0,0,0,15,0,0,16,0,0,completed
34987,U4990,2025-03-25 15:29:00,2025-03-25 15:36:00,M,20~29,office,seoul,0,0,0,0,2,0,0,44,0,0,completed
34988,U4991,2025-04-17 20:16:00,2025-04-17 20:20:00,F,30~39,office,seoul,0,0,0,0,12,0,0,48,0,0,completed
34989,U4992,2025-09-18 14:05:00,2025-09-18 14:11:00,F,30~39,office,seoul,0,0,0,0,22,0,0,61,0,0,completed
34990,U4993,2025-12-12 09:17:00,2025-12-12 09:24:00,F,50+,office,seoul,0,0,0,0,27,0,0,54,0,0,completed
34991,U4994,2025-06-24 16:33:00,2025-06-24 16:37:00,M,40~49,office,seoul,0,0,0,0,12,0,0,65,0,0,abandoned
34992,U4995,2025-12-26 11:07:00,2025-12-26 11:11:00,F,50+,office,seoul,0,0,0,0,8,0,0,52,0,0,completed
34993,U4996,2025-08-09 13:06:00,2025-08-09 13:09:00,F,30~39,office,seoul,1,0,0,0,4,0,0,47,0,0,completed
34994,U4997,2025-04-25 09:46:00,2025-04-25 09:53:00,M,30~39,office,seoul,0,0,0,0,22,0,0,63,0,0,completed
34995,U4998,2025-05-31 19:13:00,2025-05-31 19:15:00,M,20~29,office,seoul,1,0,0,0,22,0,0,29,0,0,completed
34996,U4999,2025-11-13 12:22:00,2025-11-13 12:24:00,F,20~29,office,seoul,0,0,0,0,27,0,0,47,0,0,completed
34997,U5000,2025-08-21 14:34:00,2025-08-21 14:40:00,F,50+,office,seoul,0,0,0,0,21,0,0,78,0,0,abandoned
34998,U5001,2025-12-19 07:04:00,2025-12-19 07:08:00,F,50+,office,seoul,0,0,0,0,9,0,0,78,0,0,completed
34999,U5002,2025-07-22 16:53:00,2025-07-22 16:56:00,M,20~29,office,seoul,0,0,0,0,9,0,0,31,0,0,completed
35000,U5003,2025-02-06 21:11:00,2025-02-06 21:17:00,F,50+,office,seoul,0,0,0,0,5,0,0,15,0,0,completed
35001,U5004,2025-07-23 11:37:00,2025-07-23 11:42:00,F,20~29,office,seoul,0,0,0,0,29,0,0,53,0,0,completed
35002,U5005,2025-04-26 16:29:00,2025-04-26 16:31:00,F,50+,office,seoul,1,0,0,0,26,0,0,18,0,0,completed
35003,U5006,2025-02-23 08:30:00,2025-02-23 08:36:00,F,20~29,office,seoul,1,0,0,0,22,0,0,49,0,0,completed
35004,U5007,2025-02-07 14:12:00,2025-02-07 14:16:00,F,30~39,office,seoul,0,0,0,0,8,0,0,44,0,0,completed
35005,U5008,2025-07-18 20:51:00,2025-07-18 20:53:00,F,30~39,office,seoul,0,0,0,0,9,0,0,25,0,1,error
35006,U5009,2025-01-27 19:28:00,2025-01-27 19:31:00,F,50+,office,seoul,0,0,0,0,11,0,0,74,0,0,completed
35007,U5010,2025-06-15 07:32:00,2025-06-15 07:36:00,M,20~29,office,seoul,1,0,0,0,2,0,0,28,0,0,completed
35008,U5011,2025-10-21 17:03:00,2025-10-21 17:10:00,M,30~39,office,seoul,0,0,0,0,10,0,0,34,0,0,completed
35009,U5012,2025-02-09 16:37:00,2025-02-09 16:41:00,F,30~39,office,seoul,1,0,0,0,8,0,0,23,0,0,completed
35010,U5013,2025-02-19 20:37:00,2025-02-19 20:40:00,F,40~49,office,seoul,0,0,0,0,21,0,0,46,0,0,completed
35011,U5014,2025-11-16 08:01:00,2025-11-16 08:03:00,F,50+,office,seoul,1,0,0,0,21,0,0,77,0,0,completed
35012,U5015,2025-12-07 15:17:00,2025-12-07 15:19:00,F,30~39,office,seoul,1,0,0,0,19,0,0,60,0,0,completed
35013,U5016,2025-06-29 16:11:00,2025-06-29 16:16:00,M,40~49,office,seoul,1,0,0,0,0,0,0,51,0,0,timeout
35014,U5017,2025-10-14 18:05:00,2025-10-14 18:07:00,F,30~39,office,seoul,0,0,0,0,16,0,0,48,0,0,completed
35015,U5018,2025-05-19 09:59:00,2025-05-19 10:01:00,F,40~49,office,seoul,0,0,0,0,10,0,0,38,0,0,completed
35016,U5019,2025-11-10 12:18:00,2025-11-10 12:24:00,F,30~39,office,seoul,0,0,0,0,1,0,0,47,0,0,completed
35017,U5020,2025-06-05 13:31:00,2025-06-05 13:35:00,F,40~49,office,seoul,0,0,0,0,3,0,0,27,0,0,completed
35018,U5021,2025-08-30 12:01:00,2025-08-30 12:04:00,F,30~39,office,seoul,1,0,0,0,21,0,0,26,0,0,completed
35019,U5022,2025-11-05 22:14:00,2025-11-05 22:20:00,F,20~29,office,seoul,0,0,0,0,13,0,0,65,0,0,completed
35020,U5023,2025-06-30 08:24:00,2025-06-30 08:29:00,F,40~49,office,seoul,0,0,0,0,22,0,0,15,1,0,completed
35021,U5024,2025-01-24 08:59:00,2025-01-24 09:06:00,M,20~29,office,seoul,0,0,0,0,24,0,0,69,0,0,completed
35022,U5025,2025-02-28 15:27:00,2025-02-28 15:34:00,F,20~29,office,seoul,0,0,0,0,29,0,0,10,0,0,completed
35023,U5026,2025-06-07 11:33:00,2025-06-07 11:37:00,M,50+,office,seoul,1,0,0,0,21,0,0,39,1,0,completed
35024,U5027,2025-01-17 09:10:00,2025-01-17 09:17:00,F,20~29,office,seoul,0,0,0,0,11,0,0,53,0,0,completed
35025,U5028,2025-07-06 15:25:00,2025-07-06 15:29:00,M,30~39,office,seoul,1,0,0,0,25,0,0,39,0,0,completed
35026,U5029,2025-10-28 12:25:00,2025-10-28 12:30:00,M,30~39,office,seoul,0,0,0,0,7,0,0,12,0,0,completed
35027,U5030,2025-09-28 09:07:00,2025-09-28 09:11:00,F,20~29,office,seoul,1,0,0,0,12,0,0,31,0,0,completed
35028,U5031,2025-05-12 11:26:00,2025-05-12 11:31:00,M,20~29,office,seoul,0,0,0,0,17,0,0,59,0,0,completed
35029,U5032,2025-12-04 19:51:00,2025-12-04 19:55:00,M,20~29,office,seoul,0,0,0,0,28,0,0,59,0,0,completed
35030,U5033,2025-01-01 09:38:00,2025-01-01 09:43:00,F,40~49,office,seoul,0,0,0,0,8,0,0,67,0,0,completed
35031,U5034,2025-08-17 17:48:00,2025-08-17 17:53:00,F,20~29,office,seoul,1,0,0,0,27,0,0,14,0,0,timeout
35032,U5035,2025-09-05 19:51:00,2025-09-05 19:57:00,M,40~49,office,seoul,0,0,0,0,26,0,0,10,0,0,completed
35033,U5036,2025-07-16 08:45:00,2025-07-16 08:48:00,M,40~49,office,seoul,0,0,0,0,13,0,0,40,0,0,completed
35034,U5037,2025-02-14 20:37:00,2025-02-14 20:41:00,M,30~39,office,seoul,0,0,0,0,28,0,0,64,0,0,completed
35035,U5038,2025-04-11 17:51:00,2025-04-11 17:55:00,M,20~29,office,seoul,0,0,0,0,15,0,0,31,0,0,completed
35036,U5039,2025-07-03 15:12:00,2025-07-03 15:15:00,F,20~29,office,seoul,0,0,0,0,19,0,0,47,1,0,completed
35037,U5040,2025-07-05 12:59:00,2025-07-05 13:05:00,F,20~29,office,seoul,1,0,0,0,17,0,0,29,0,0,completed
35038,U5041,2025-12-25 15:34:00,2025-12-25 15:36:00,F,30~39,office,seoul,0,0,0,0,6,0,0,13,0,0,completed
35039,U5042,2025-04-30 07:22:00,2025-04-30 07:28:00,F,20~29,office,seoul,0,0,0,0,20,0,0,10,0,0,completed
35040,U5043,2025-03-15 22:03:00,2025-03-15 22:10:00,M,40~49,office,seoul,1,0,0,0,8,0,0,38,0,0,completed
35041,U5044,2025-10-20 15:20:00,2025-10-20 15:26:00,F,40~49,office,seoul,0,0,0,0,27,0,0,11,0,0,completed
35042,U5045,2025-03-10 13:08:00,2025-03-10 13:11:00,F,50+,office,seoul,0,0,0,0,11,0,0,14,0,0,completed
35043,U5046,2025-11-20 09:21:00,2025-11-20 09:27:00,F,50+,office,seoul,0,0,0,0,12,0,0,11,0,0,abandoned
35044,U5047,2025-01-16 08:15:00,2025-01-16 08:19:00,M,30~39,office,seoul,0,0,0,0,27,0,0,24,0,0,completed
35045,U5048,2025-10-31 12:23:00,2025-10-31 12:25:00,F,20~29,office,seoul,0,0,0,0,12,0,0,15,0,0,completed
35046,U5049,2025-04-16 07:07:00,2025-04-16 07:11:00,F,30~39,office,seoul,0,0,0,0,27,0,0,11,0,0,completed
35047,U5050,2025-04-10 14:53:00,2025-04-10 14:57:00,M,40~49,office,seoul,0,0,0,0,16,0,0,57,1,0,completed
35048,U5051,2025-02-09 17:53:00,2025-02-09 17:59:00,M,50+,office,seoul,1,0,0,0,1,0,0,47,0,0,completed
35049,U5052,2025-12-14 16:14:00,2025-12-14 16:17:00,F,50+,office,seoul,1,0,0,0,24,0,0,60,0,0,completed
35050,U5053,2025-03-05 13:13:00,2025-03-05 13:16:00,F,40~49,office,seoul,0,0,0,0,17,0,0,73,0,0,completed
35051,U5054,2025-06-10 12:49:00,2025-06-10 12:55:00,F,30~39,office,seoul,0,0,0,0,8,0,0,36,0,0,completed
35052,U5055,2025-07-23 13:20:00,2025-07-23 13:26:00,F,30~39,office,seoul,0,0,0,0,28,0,0,54,0,0,completed
35053,U5056,2025-11-07 11:03:00,2025-11-07 11:06:00,M,40~49,office,seoul,0,0,0,0,2,0,0,29,0,0,completed
35054,U5057,2025-07-18 17:33:00,2025-07-18 17:39:00,M,50+,office,seoul,0,0,0,0,19,0,0,54,0,0,completed
35055,U5058,2025-02-08 22:33:00,2025-02-08 22:40:00,F,30~39,office,seoul,1,0,0,0,28,0,0,42,0,0,completed
35056,U5059,2025-03-05 13:04:00,2025-03-05 13:08:00,F,40~49,office,seoul,0,0,0,0,28,0,0,21,0,0,abandoned
35057,U5060,2025-02-03 14:18:00,2025-02-03 14:24:00,F,50+,office,seoul,0,0,0,0,21,0,0,71,0,1,completed
35058,U5061,2025-07-01 09:21:00,2025-07-01 09:26:00,F,20~29,office,seoul,0,0,0,0,26,0,0,48,0,0,completed
35059,U5062,2025-09-11 09:54:00,2025-09-11 09:58:00,F,30~39,office,seoul,0,0,0,0,16,0,0,25,0,0,completed
35060,U5063,2025-06-15 09:40:00,2025-06-15 09:42:00,M,30~39,office,seoul,1,0,0,0,2,0,0,48,0,0,error
35061,U5064,2025-11-23 16:20:00,2025-11-23 16:26:00,F,30~39,office,seoul,1,0,0,0,14,0,0,60,0,0,completed
35062,U5065,2025-01-06 12:04:00,2025-01-06 12:09:00,M,30~39,office,seoul,0,0,0,0,15,0,0,41,0,0,completed
35063,U5066,2025-12-08 11:25:00,2025-12-08 11:31:00,F,30~39,office,seoul,0,0,0,0,6,0,0,59,0,0,completed
35064,U5067,2025-10-21 18:57:00,2025-10-21 19:03:00,M,30~39,office,seoul,0,0,0,0,14,0,0,36,0,0,completed
35065,U5068,2025-01-10 12:38:00,2025-01-10 12:44:00,M,40~49,office,seoul,0,0,0,0,7,0,0,10,0,0,completed
35066,U5069,2025-05-16 14:04:00,2025-05-16 14:08:00,F,20~29,office,seoul,0,0,0,0,14,0,0,44,0,0,completed
35067,U5070,2025-01-22 15:30:00,2025-01-22 15:35:00,M,30~39,office,seoul,0,0,0,0,29,0,0,28,0,0,completed
35068,U5071,2025-01-08 14:44:00,2025-01-08 14:49:00,M,20~29,office,seoul,0,0,0,0,6,0,0,56,0,0,completed
35069,U5072,2025-05-21 14:33:00,2025-05-21 14:35:00,F,20~29,office,seoul,0,0,0,0,3,0,0,66,0,0,completed
35070,U5073,2025-03-20 12:09:00,2025-03-20 12:14:00,F,50+,office,seoul,0,0,0,0,13,0,0,32,0,0,completed
35071,U5074,2025-04-07 21:32:00,2025-04-07 21:39:00,F,30~39,office,seoul,0,0,0,0,12,0,0,79,0,0,timeout
35072,U5075,2025-03-29 18:48:00,2025-03-29 18:55:00,F,20~29,office,seoul,1,0,0,0,0,0,0,32,0,0,completed
35073,U5076,2025-04-04 09:58:00,2025-04-04 10:04:00,F,50+,office,seoul,0,0,0,0,12,0,0,44,0,0,completed
35074,U5077,2025-12-13 20:46:00,2025-12-13 20:48:00,F,40~49,office,seoul,1,0,0,0,18,0,0,67,0,0,completed
35075,U5078,2025-11-11 11:13:00,2025-11-11 11:17:00,M,20~29,office,seoul,0,0,0,0,11,0,0,36,0,0,completed
35076,U5079,2025-06-06 12:45:00,2025-06-06 12:48:00,M,30~39,office,seoul,0,0,0,0,29,0,0,27,0,0,completed
35077,U5080,2025-10-22 20:27:00,2025-10-22 20:29:00,M,30~39,office,seoul,0,0,0,0,13,0,0,52,1,0,completed
35078,U5081,2025-07-12 15:59:00,2025-07-12 16:05:00,F,40~49,office,seoul,1,0,0,0,4,0,0,58,0,0,completed
35079,U5082,2025-08-10 15:12:00,2025-08-10 15:15:00,M,30~39,office,seoul,1,0,0,0,22,0,0,46,0,0,completed
35080,U5083,2025-02-06 14:03:00,2025-02-06 14:07:00,F,20~29,office,seoul,0,0,0,0,12,0,0,12,0,0,completed
35081,U5084,2025-04-03 12:47:00,2025-04-03 12:51:00,F,20~29,office,seoul,0,0,0,0,5,0,0,62,0,0,completed
35082,U5085,2025-07-21 14:08:00,2025-07-21 14:12:00,M,20~29,office,seoul,0,0,0,0,14,0,0,57,0,0,completed
35083,U5086,2025-01-07 14:27:00,2025-01-07 14:29:00,M,30~39,office,seoul,0,0,0,0,17,0,0,21,0,0,completed
35084,U5087,2025-03-06 18:46:00,2025-03-06 18:49:00,M,50+,office,seoul,0,0,0,0,3,0,0,48,0,0,completed
35085,U5088,2025-12-15 21:36:00,2025-12-15 21:41:00,F,20~29,office,seoul,0,0,0,0,18,0,0,57,0,0,completed
35086,U5089,2025-12-06 12:41:00,2025-12-06 12:48:00,M,30~39,office,seoul,1,0,0,0,29,0,0,51,0,0,completed
35087,U5090,2025-03-11 12:38:00,2025-03-11 12:41:00,F,20~29,office,seoul,0,0,0,0,9,0,0,41,0,0,completed
35088,U5091,2025-01-29 14:52:00,2025-01-29 14:56:00,M,30~39,office,seoul,0,0,0,0,21,0,0,40,0,0,completed
35089,U5092,2025-11-05 11:21:00,2025-11-05 11:25:00,M,20~29,office,seoul,0,0,0,0,22,0,0,21,0,0,completed
35090,U5093,2025-02-18 14:52:00,2025-02-18 14:56:00,M,40~49,office,seoul,0,0,0,0,7,0,0,77,0,0,completed
35091,U5094,2025-06-06 22:56:00,2025-06-06 23:00:00,F,30~39,office,seoul,0,0,0,0,18,0,0,35,0,0,completed
35092,U5095,2025-01-29 09:50:00,2025-01-29 09:57:00,F,20~29,office,seoul,0,0,0,0,5,0,0,69,0,0,completed
35093,U5096,2025-05-06 09:40:00,2025-05-06 09:47:00,F,40~49,office,seoul,0,0,0,0,22,0,0,30,0,0,completed
35094,U5097,2025-07-14 14:16:00,2025-07-14 14:19:00,F,40~49,office,seoul,0,0,0,0,1,0,0,18,0,0,completed
35095,U5098,2025-05-11 13:26:00,2025-05-11 13:29:00,F,30~39,office,seoul,1,0,0,0,11,0,0,22,0,0,completed
35096,U5099,2025-10-06 19:52:00,2025-10-06 19:59:00,F,50+,office,seoul,0,0,0,0,7,0,0,55,0,0,completed
35097,U5100,2025-10-02 15:09:00,2025-10-02 15:11:00,F,50+,office,seoul,0,0,0,0,19,0,0,21,0,0,timeout
35098,U5101,2025-03-12 19:46:00,2025-03-12 19:48:00,F,20~29,office,seoul,0,0,0,0,6,0,0,48,0,0,completed
35099,U5102,2025-07-11 11:47:00,2025-07-11 11:53:00,M,30~39,office,seoul,0,0,0,0,21,0,0,53,0,0,timeout
35100,U5103,2025-05-27 09:00:00,2025-05-27 09:04:00,F,40~49,office,seoul,0,0,0,0,10,0,0,53,0,0,completed
35101,U5104,2025-12-28 16:52:00,2025-12-28 16:55:00,F,30~39,office,seoul,1,0,0,0,21,0,0,18,0,0,completed
35102,U5105,2025-04-22 15:33:00,2025-04-22 15:38:00,F,20~29,office,seoul,0,0,0,0,10,0,0,68,0,0,abandoned
35103,U5106,2025-05-27 18:51:00,2025-05-27 18:58:00,F,50+,office,seoul,0,0,0,0,13,0,0,49,0,0,completed
35104,U5107,2025-07-10 11:19:00,2025-07-10 11:26:00,M,20~29,office,seoul,0,0,0,0,22,0,0,36,0,1,completed
35105,U5108,2025-04-05 12:04:00,2025-04-05 12:07:00,F,40~49,office,seoul,1,0,0,0,18,0,0,69,0,0,completed
35106,U5109,2025-08-08 21:33:00,2025-08-08 21:35:00,M,40~49,office,seoul,0,0,0,0,26,0,0,70,0,0,completed
35107,U5110,2025-11-21 14:12:00,2025-11-21 14:18:00,F,20~29,office,seoul,0,0,0,0,28,0,0,60,0,0,completed
35108,U5111,2025-12-14 15:33:00,2025-12-14 15:39:00,F,20~29,office,seoul,1,0,0,0,12,0,0,19,0,0,completed
35109,U5112,2025-07-25 09:44:00,2025-07-25 09:46:00,F,40~49,office,seoul,0,0,0,0,3,0,0,66,0,0,completed
35110,U5113,2025-05-17 16:34:00,2025-05-17 16:39:00,M,40~49,office,seoul,1,0,0,0,0,0,0,79,0,0,completed
35111,U5114,2025-12-18 08:38:00,2025-12-18 08:44:00,F,30~39,office,seoul,0,0,0,0,19,0,0,63,0,0,completed
35112,U5115,2025-01-11 12:53:00,2025-01-11 12:56:00,F,20~29,office,seoul,1,0,0,0,4,0,0,48,0,0,completed
35113,U5116,2025-10-27 15:09:00,2025-10-27 15:16:00,F,20~29,office,seoul,0,0,0,0,17,0,0,19,0,0,completed
35114,U5117,2025-10-12 19:36:00,2025-10-12 19:42:00,F,20~29,office,seoul,1,0,0,0,15,0,0,71,0,0,completed
35115,U5118,2025-01-26 17:09:00,2025-01-26 17:16:00,M,50+,office,seoul,1,0,0,0,24,0,0,44,0,0,abandoned
35116,U5119,2025-05-10 11:20:00,2025-05-10 11:22:00,F,20~29,office,seoul,1,0,0,0,5,0,0,29,1,0,completed
35117,U5120,2025-06-16 12:56:00,2025-06-16 13:01:00,F,20~29,office,seoul,0,0,0,0,7,0,0,51,0,0,abandoned
35118,U5121,2025-05-28 21:39:00,2025-05-28 21:46:00,F,40~49,office,seoul,0,0,0,0,12,0,0,67,0,0,completed
35119,U5122,2025-12-30 15:39:00,2025-12-30 15:43:00,F,40~49,office,seoul,0,0,0,0,5,0,0,71,0,0,completed
35120,U5123,2025-10-20 08:38:00,2025-10-20 08:40:00,M,40~49,office,seoul,0,0,0,0,4,0,0,73,0,0,completed
35121,U5124,2025-01-22 09:45:00,2025-01-22 09:51:00,F,50+,office,seoul,0,0,0,0,11,0,0,23,0,0,completed
35122,U5125,2025-11-05 13:08:00,2025-11-05 13:14:00,M,20~29,office,seoul,0,0,0,0,3,0,0,28,0,0,completed
35123,U5126,2025-02-04 15:41:00,2025-02-04 15:48:00,F,30~39,office,seoul,0,0,0,0,13,0,0,29,0,0,completed
35124,U5127,2025-09-17 08:22:00,2025-09-17 08:26:00,F,20~29,office,seoul,0,0,0,0,1,0,0,15,0,0,completed
35125,U5128,2025-02-28 07:58:00,2025-02-28 08:02:00,F,20~29,office,seoul,0,0,0,0,28,0,0,18,0,0,completed
35126,U5129,2025-12-09 09:01:00,2025-12-09 09:04:00,M,30~39,office,seoul,0,0,0,0,1,0,0,26,0,0,completed
35127,U5130,2025-03-21 14:15:00,2025-03-21 14:22:00,F,20~29,office,seoul,0,0,0,0,24,0,0,46,0,0,completed
35128,U5131,2025-08-10 16:56:00,2025-08-10 16:58:00,M,30~39,office,seoul,1,0,0,0,25,0,0,47,0,0,completed
35129,U5132,2025-04-22 17:32:00,2025-04-22 17:36:00,F,40~49,office,seoul,0,0,0,0,29,0,0,36,0,0,completed
35130,U5133,2025-08-09 09:46:00,2025-08-09 09:53:00,F,50+,office,seoul,1,0,0,0,24,0,0,62,0,0,completed
35131,U5134,2025-10-15 17:40:00,2025-10-15 17:46:00,M,30~39,office,seoul,0,0,0,0,7,0,0,69,0,0,completed
35132,U5135,2025-09-16 19:34:00,2025-09-16 19:37:00,F,50+,office,seoul,0,0,0,0,4,0,0,72,0,0,abandoned
35133,U5136,2025-08-31 20:44:00,2025-08-31 20:51:00,M,40~49,office,seoul,1,0,0,0,5,0,0,34,0,0,completed
35134,U5137,2025-04-30 14:21:00,2025-04-30 14:23:00,F,50+,office,seoul,0,0,0,0,18,0,0,22,0,0,abandoned
35135,U5138,2025-01-12 16:33:00,2025-01-12 16:37:00,F,20~29,office,seoul,1,0,0,0,26,0,0,35,0,0,completed
35136,U5139,2025-12-03 07:31:00,2025-12-03 07:38:00,F,30~39,office,seoul,0,0,0,0,27,0,0,25,0,0,completed
35137,U5140,2025-12-08 15:22:00,2025-12-08 15:28:00,M,40~49,office,seoul,0,0,0,0,25,0,0,56,0,0,completed
35138,U5141,2025-06-17 22:23:00,2025-06-17 22:30:00,M,30~39,office,seoul,0,0,0,0,22,0,0,19,1,0,timeout
35139,U5142,2025-07-12 15:36:00,2025-07-12 15:42:00,F,20~29,office,seoul,1,0,0,0,25,0,0,40,0,0,completed
35140,U5143,2025-08-19 14:44:00,2025-08-19 14:50:00,M,20~29,office,seoul,0,0,0,0,7,0,0,26,0,0,completed
35141,U5144,2025-09-12 08:06:00,2025-09-12 08:08:00,F,20~29,office,seoul,0,0,0,0,7,0,0,49,0,0,completed
35142,U5145,2025-10-12 09:00:00,2025-10-12 09:07:00,M,30~39,office,seoul,1,0,0,0,7,0,0,22,0,0,abandoned
35143,U5146,2025-10-12 14:53:00,2025-10-12 14:59:00,M,20~29,office,seoul,1,0,0,0,21,0,0,29,0,0,completed
35144,U5147,2025-06-09 14:49:00,2025-06-09 14:55:00,M,40~49,office,seoul,0,0,0,0,4,0,0,58,0,0,completed
35145,U5148,2025-07-07 09:43:00,2025-07-07 09:45:00,F,30~39,office,seoul,0,0,0,0,6,0,0,22,0,0,error
35146,U5149,2025-10-25 19:50:00,2025-10-25 19:55:00,M,20~29,office,seoul,1,0,0,0,28,0,0,36,0,0,completed
35147,U5150,2025-11-03 15:37:00,2025-11-03 15:43:00,M,20~29,office,seoul,0,0,0,0,6,0,0,79,1,0,completed
35148,U5151,2025-03-27 11:58:00,2025-03-27 12:05:00,M,40~49,office,seoul,0,0,0,0,11,0,0,35,0,0,completed
35149,U5152,2025-08-06 15:46:00,2025-08-06 15:48:00,F,20~29,office,seoul,0,0,0,0,11,0,0,50,0,0,completed
35150,U5153,2025-02-13 12:46:00,2025-02-13 12:50:00,F,20~29,office,seoul,0,0,0,0,29,0,0,21,0,0,completed
35151,U5154,2025-07-13 07:57:00,2025-07-13 08:00:00,M,30~39,office,seoul,1,0,0,0,15,0,0,13,0,0,completed
35152,U5155,2025-07-09 09:22:00,2025-07-09 09:26:00,F,20~29,office,seoul,0,0,0,0,17,0,0,41,0,0,completed
35153,U5156,2025-09-06 09:56:00,2025-09-06 10:02:00,M,20~29,office,seoul,1,0,0,0,18,0,0,37,0,0,completed
35154,U5157,2025-05-27 16:03:00,2025-05-27 16:10:00,F,20~29,office,seoul,0,0,0,0,17,0,0,10,0,0,completed
35155,U5158,2025-12-25 15:55:00,2025-12-25 16:00:00,F,30~39,office,seoul,0,0,0,0,16,0,0,35,0,0,completed
35156,U5159,2025-10-12 07:05:00,2025-10-12 07:07:00,M,40~49,office,seoul,1,0,0,0,0,0,0,20,0,0,completed
35157,U5160,2025-06-09 22:35:00,2025-06-09 22:42:00,F,20~29,office,seoul,0,0,0,0,0,0,0,68,0,1,completed
35158,U5161,2025-01-21 18:11:00,2025-01-21 18:16:00,F,20~29,office,seoul,0,0,0,0,5,0,0,19,0,0,completed
35159,U5162,2025-08-15 09:07:00,2025-08-15 09:09:00,F,30~39,office,seoul,0,0,0,0,6,0,0,54,0,0,completed
35160,U5163,2025-04-21 19:31:00,2025-04-21 19:38:00,F,20~29,office,seoul,0,0,0,0,23,0,0,60,0,0,completed
35161,U5164,2025-05-10 11:30:00,2025-05-10 11:32:00,F,30~39,office,seoul,1,0,0,0,8,0,0,28,0,0,completed
35162,U5165,2025-03-22 09:35:00,2025-03-22 09:39:00,F,30~39,office,seoul,1,0,0,0,24,0,0,77,0,0,completed
35163,U5166,2025-03-14 20:40:00,2025-03-14 20:42:00,F,40~49,office,seoul,0,0,0,0,8,0,0,71,0,0,completed
35164,U5167,2025-03-04 16:44:00,2025-03-04 16:46:00,F,40~49,office,seoul,0,0,0,0,6,0,0,66,0,0,abandoned
35165,U5168,2025-06-13 09:11:00,2025-06-13 09:15:00,F,30~39,office,seoul,0,0,0,0,4,0,0,77,0,0,completed
35166,U5169,2025-10-31 15:27:00,2025-10-31 15:32:00,F,20~29,office,seoul,0,0,0,0,20,0,0,46,0,0,completed
35167,U5170,2025-07-07 09:04:00,2025-07-07 09:11:00,F,30~39,office,seoul,0,0,0,0,12,0,0,46,0,0,completed
35168,U5171,2025-06-27 17:32:00,2025-06-27 17:35:00,F,20~29,office,seoul,0,0,0,0,12,0,0,68,0,0,abandoned
35169,U5172,2025-09-07 16:49:00,2025-09-07 16:54:00,F,20~29,office,seoul,1,0,0,0,11,0,0,15,0,0,completed
35170,U5173,2025-01-13 15:07:00,2025-01-13 15:14:00,F,50+,office,seoul,0,0,0,0,27,0,0,24,0,0,completed
35171,U5174,2025-01-15 16:39:00,2025-01-15 16:45:00,F,30~39,office,seoul,0,0,0,0,12,0,0,25,0,0,completed
35172,U5175,2025-01-30 12:05:00,2025-01-30 12:08:00,F,30~39,office,seoul,0,0,0,0,24,0,0,60,0,0,completed
35173,U5176,2025-05-13 14:33:00,2025-05-13 14:40:00,M,50+,office,seoul,0,0,0,0,20,0,0,36,0,0,completed
35174,U5177,2025-12-16 14:45:00,2025-12-16 14:47:00,F,40~49,office,seoul,0,0,0,0,27,0,0,25,0,0,abandoned
35175,U5178,2025-07-17 12:30:00,2025-07-17 12:33:00,F,50+,office,seoul,0,0,0,0,26,0,0,38,0,0,completed
35176,U5179,2025-08-18 08:32:00,2025-08-18 08:34:00,M,50+,office,seoul,0,0,0,0,2,0,0,26,0,0,completed
35177,U5180,2025-04-08 08:59:00,2025-04-08 09:06:00,M,40~49,office,seoul,0,0,0,0,18,0,0,59,0,0,completed
35178,U5181,2025-08-13 17:03:00,2025-08-13 17:06:00,F,30~39,office,seoul,0,0,0,0,6,0,0,67,0,0,completed
35179,U5182,2025-02-08 19:34:00,2025-02-08 19:37:00,F,30~39,office,seoul,1,0,0,0,7,0,0,64,0,0,completed
35180,U5183,2025-06-07 09:51:00,2025-06-07 09:58:00,M,40~49,office,seoul,1,0,0,0,12,0,0,48,0,0,completed
35181,U5184,2025-11-01 16:51:00,2025-11-01 16:54:00,F,50+,office,seoul,1,0,0,0,26,0,0,66,0,0,completed
35182,U5185,2025-07-13 12:59:00,2025-07-13 13:04:00,M,20~29,office,seoul,1,0,0,0,22,0,0,43,0,0,completed
35183,U5186,2025-10-07 09:44:00,2025-10-07 09:49:00,F,20~29,office,seoul,0,0,0,0,12,0,0,12,0,0,completed
35184,U5187,2025-04-21 15:04:00,2025-04-21 15:09:00,F,30~39,office,seoul,0,0,0,0,17,0,0,23,0,1,completed
35185,U5188,2025-02-08 09:25:00,2025-02-08 09:27:00,M,30~39,office,seoul,1,0,0,0,4,0,0,15,0,0,completed
35186,U5189,2025-06-07 12:19:00,2025-06-07 12:23:00,M,50+,office,seoul,1,0,0,0,6,0,0,50,0,1,completed
35187,U5190,2025-12-11 08:42:00,2025-12-11 08:47:00,F,20~29,office,seoul,0,0,0,0,19,0,0,75,0,0,abandoned
35188,U5191,2025-07-09 15:46:00,2025-07-09 15:53:00,F,30~39,office,seoul,0,0,0,0,7,0,0,62,0,0,abandoned
35189,U5192,2025-07-12 11:21:00,2025-07-12 11:28:00,F,30~39,office,seoul,1,0,0,0,19,0,0,66,0,0,completed
35190,U5193,2025-12-22 15:18:00,2025-12-22 15:22:00,F,30~39,office,seoul,0,0,0,0,6,0,0,33,0,0,completed
35191,U5194,2025-03-26 11:46:00,2025-03-26 11:48:00,F,30~39,office,seoul,0,0,0,0,19,0,0,21,0,0,completed
35192,U5195,2025-02-01 08:03:00,2025-02-01 08:05:00,M,30~39,office,seoul,1,0,0,0,24,0,0,76,0,0,completed
35193,U5196,2025-08-07 14:39:00,2025-08-07 14:43:00,F,20~29,office,seoul,0,0,0,0,12,0,0,24,0,0,completed
35194,U5197,2025-04-20 09:40:00,2025-04-20 09:47:00,F,30~39,office,seoul,1,0,0,0,5,0,0,46,0,0,abandoned
35195,U5198,2025-12-13 08:15:00,2025-12-13 08:18:00,F,30~39,office,seoul,1,0,0,0,25,0,0,23,0,0,completed
35196,U5199,2025-12-24 18:01:00,2025-12-24 18:08:00,F,30~39,office,seoul,0,0,0,0,16,0,0,10,0,0,error
35197,U5200,2025-09-25 11:41:00,2025-09-25 11:46:00,F,40~49,office,seoul,0,0,0,0,24,0,0,49,0,0,completed
35198,U5201,2025-04-05 19:55:00,2025-04-05 19:57:00,M,40~49,office,seoul,1,0,0,0,18,0,0,74,1,0,completed
35199,U5202,2025-07-15 11:35:00,2025-07-15 11:42:00,F,50+,office,seoul,0,0,0,0,7,0,0,47,0,0,completed
35200,U5203,2025-08-11 11:08:00,2025-08-11 11:14:00,F,30~39,office,seoul,0,0,0,0,12,0,0,55,0,0,completed
35201,U5204,2025-12-28 15:44:00,2025-12-28 15:48:00,M,30~39,office,seoul,1,0,0,0,20,0,0,16,0,0,completed
35202,U5205,2025-07-07 11:28:00,2025-07-07 11:30:00,F,20~29,office,seoul,0,0,0,0,16,0,0,46,0,0,completed
35203,U5206,2025-04-03 08:00:00,2025-04-03 08:03:00,M,30~39,office,seoul,0,0,0,0,16,0,0,14,0,0,completed
35204,U5207,2025-01-11 22:02:00,2025-01-11 22:08:00,F,50+,office,seoul,1,0,0,0,20,0,0,61,0,0,abandoned
35205,U5208,2025-12-13 11:23:00,2025-12-13 11:28:00,F,20~29,office,seoul,1,0,0,0,2,0,0,12,0,0,completed
35206,U5209,2025-05-20 12:17:00,2025-05-20 12:24:00,F,50+,office,seoul,0,0,0,0,26,0,0,58,0,0,completed
35207,U5210,2025-03-13 07:17:00,2025-03-13 07:23:00,M,40~49,office,seoul,0,0,0,0,3,0,0,79,0,0,completed
35208,U5211,2025-12-13 17:00:00,2025-12-13 17:05:00,M,30~39,office,seoul,1,0,0,0,4,0,0,45,0,0,completed
35209,U5212,2025-03-14 16:02:00,2025-03-14 16:05:00,M,40~49,office,seoul,0,0,0,0,28,0,0,53,0,0,timeout
35210,U5213,2025-06-30 13:46:00,2025-06-30 13:48:00,F,40~49,office,seoul,0,0,0,0,3,0,0,63,0,0,completed
35211,U5214,2025-04-02 07:17:00,2025-04-02 07:23:00,M,20~29,office,seoul,0,0,0,0,16,0,0,68,0,0,completed
35212,U5215,2025-07-19 11:40:00,2025-07-19 11:44:00,F,30~39,office,seoul,1,0,0,0,3,0,0,61,0,0,completed
35213,U5216,2025-02-01 08:28:00,2025-02-01 08:34:00,F,40~49,office,seoul,1,0,0,0,11,0,0,16,0,0,completed
35214,U5217,2025-08-05 15:00:00,2025-08-05 15:02:00,F,30~39,office,seoul,0,0,0,0,24,0,0,77,0,0,completed
35215,U5218,2025-04-12 13:25:00,2025-04-12 13:31:00,M,30~39,office,seoul,1,0,0,0,13,0,0,36,0,0,completed
35216,U5219,2025-02-03 18:39:00,2025-02-03 18:44:00,M,30~39,office,seoul,0,0,0,0,21,0,0,57,0,0,completed
35217,U5220,2025-04-20 17:47:00,2025-04-20 17:49:00,M,20~29,office,seoul,1,0,0,0,8,0,0,46,0,0,abandoned
35218,U5221,2025-05-14 12:52:00,2025-05-14 12:54:00,F,30~39,office,seoul,0,0,0,0,0,0,0,55,0,0,completed
35219,U5222,2025-05-22 07:10:00,2025-05-22 07:14:00,F,40~49,office,seoul,0,0,0,0,13,0,0,65,0,0,completed
35220,U5223,2025-09-17 18:51:00,2025-09-17 18:54:00,F,20~29,office,seoul,0,0,0,0,16,0,0,55,0,0,completed
35221,U5224,2025-01-26 18:34:00,2025-01-26 18:38:00,F,30~39,office,seoul,1,0,0,0,6,0,0,39,0,0,completed
35222,U5225,2025-11-21 09:32:00,2025-11-21 09:38:00,F,50+,office,seoul,0,0,0,0,17,0,0,75,0,0,completed
35223,U5226,2025-11-28 14:19:00,2025-11-28 14:24:00,M,50+,office,seoul,0,0,0,0,14,0,0,57,0,0,completed
35224,U5227,2025-07-14 15:37:00,2025-07-14 15:39:00,M,40~49,office,seoul,0,0,0,0,27,0,0,77,0,0,completed
35225,U5228,2025-01-10 19:16:00,2025-01-10 19:22:00,M,40~49,office,seoul,0,0,0,0,25,0,0,13,1,0,completed
35226,U5229,2025-11-13 12:05:00,2025-11-13 12:11:00,F,20~29,office,seoul,0,0,0,0,26,0,0,55,0,0,completed
35227,U5230,2025-12-22 12:14:00,2025-12-22 12:17:00,M,20~29,office,seoul,0,0,0,0,0,0,0,78,0,0,abandoned
35228,U5231,2025-04-13 17:14:00,2025-04-13 17:19:00,M,30~39,office,seoul,1,0,0,0,4,0,0,61,0,0,completed
35229,U5232,2025-04-15 11:10:00,2025-04-15 11:16:00,F,50+,office,seoul,0,0,0,0,23,0,0,64,0,0,completed
35230,U5233,2025-05-06 11:47:00,2025-05-06 11:49:00,F,30~39,office,seoul,0,0,0,0,23,0,0,36,0,0,completed
35231,U5234,2025-08-03 11:01:00,2025-08-03 11:08:00,M,20~29,office,seoul,1,0,0,0,13,0,0,57,0,0,completed
35232,U5235,2025-12-25 08:14:00,2025-12-25 08:18:00,M,20~29,office,seoul,0,0,0,0,23,0,0,74,0,0,completed
35233,U5236,2025-02-26 16:07:00,2025-02-26 16:14:00,M,20~29,office,seoul,0,0,0,0,5,0,0,55,0,0,completed
35234,U5237,2025-09-12 11:18:00,2025-09-12 11:22:00,F,40~49,office,seoul,0,0,0,0,21,0,0,73,0,0,completed
35235,U5238,2025-11-16 16:40:00,2025-11-16 16:42:00,M,40~49,office,seoul,1,0,0,0,29,0,0,55,0,0,completed
35236,U5239,2025-07-24 13:58:00,2025-07-24 14:01:00,F,30~39,office,seoul,0,0,0,0,1,0,0,37,0,0,completed
35237,U5240,2025-07-16 12:28:00,2025-07-16 12:30:00,M,50+,office,seoul,0,0,0,0,6,0,0,58,0,0,completed
35238,U5241,2025-02-14 12:13:00,2025-02-14 12:17:00,F,20~29,office,seoul,0,0,0,0,23,0,0,30,0,0,completed
35239,U5242,2025-10-09 20:18:00,2025-10-09 20:21:00,F,40~49,office,seoul,0,0,0,0,6,0,0,70,0,0,completed
35240,U5243,2025-03-26 13:54:00,2025-03-26 13:57:00,F,40~49,office,seoul,0,0,0,0,13,0,0,20,0,0,completed
35241,U5244,2025-02-11 14:52:00,2025-02-11 14:54:00,M,40~49,office,seoul,0,0,0,0,17,0,0,23,0,0,abandoned
35242,U5245,2025-10-15 08:10:00,2025-10-15 08:16:00,F,20~29,office,seoul,0,0,0,0,0,0,0,41,0,0,completed
35243,U5246,2025-09-28 12:47:00,2025-09-28 12:50:00,F,20~29,office,seoul,1,0,0,0,29,0,0,42,0,0,completed
35244,U5247,2025-01-19 17:47:00,2025-01-19 17:51:00,M,50+,office,seoul,1,0,0,0,14,0,0,56,1,1,completed
35245,U5248,2025-03-11 18:49:00,2025-03-11 18:51:00,F,30~39,office,seoul,0,0,0,0,28,0,0,63,0,0,completed
35246,U5249,2025-01-25 15:08:00,2025-01-25 15:12:00,F,50+,office,seoul,1,0,0,0,23,0,0,27,0,0,timeout
35247,U5250,2025-03-12 08:44:00,2025-03-12 08:51:00,M,20~29,office,seoul,0,0,0,0,6,0,0,78,0,0,completed
35248,U5251,2025-06-29 16:59:00,2025-06-29 17:06:00,F,50+,office,seoul,1,0,0,0,18,0,0,63,0,0,completed
35249,U5252,2025-06-21 11:42:00,2025-06-21 11:47:00,M,50+,office,seoul,1,0,0,0,29,0,0,17,0,0,completed
35250,U5253,2025-08-06 13:02:00,2025-08-06 13:05:00,M,30~39,office,seoul,0,0,0,0,4,0,0,66,0,0,completed
35251,U5254,2025-09-01 18:20:00,2025-09-01 18:25:00,F,50+,office,seoul,0,0,0,0,1,0,0,11,0,0,completed
35252,U5255,2025-03-04 18:40:00,2025-03-04 18:43:00,F,40~49,office,seoul,0,0,0,0,1,0,0,42,0,0,completed
35253,U5256,2025-06-08 12:46:00,2025-06-08 12:49:00,M,40~49,office,seoul,1,0,0,0,15,0,0,55,0,0,completed
35254,U5257,2025-07-05 13:12:00,2025-07-05 13:15:00,M,40~49,office,seoul,1,0,0,0,18,0,0,34,0,0,completed
35255,U5258,2025-08-20 14:19:00,2025-08-20 14:24:00,F,40~49,office,seoul,0,0,0,0,8,0,0,21,0,0,completed
35256,U5259,2025-12-15 09:37:00,2025-12-15 09:42:00,F,50+,office,seoul,0,0,0,0,6,0,0,59,0,0,completed
35257,U5260,2025-10-22 20:11:00,2025-10-22 20:18:00,F,50+,office,seoul,0,0,0,0,24,0,0,40,1,0,completed
35258,U5261,2025-04-15 09:08:00,2025-04-15 09:14:00,M,20~29,office,seoul,0,0,0,0,7,0,0,12,0,0,completed
35259,U5262,2025-07-22 11:32:00,2025-07-22 11:35:00,M,40~49,office,seoul,0,0,0,0,16,0,0,21,0,0,abandoned
35260,U5263,2025-04-06 16:37:00,2025-04-06 16:44:00,M,20~29,office,seoul,1,0,0,0,0,0,0,27,0,0,completed
35261,U5264,2025-05-22 16:50:00,2025-05-22 16:54:00,F,50+,office,seoul,0,0,0,0,23,0,0,37,0,0,timeout
35262,U5265,2025-09-19 18:09:00,2025-09-19 18:16:00,F,30~39,office,seoul,0,0,0,0,17,0,0,26,0,0,completed
35263,U5266,2025-09-04 16:56:00,2025-09-04 17:02:00,M,50+,office,seoul,0,0,0,0,24,0,0,29,0,0,completed
35264,U5267,2025-05-04 16:21:00,2025-05-04 16:28:00,M,30~39,office,seoul,1,0,0,0,22,0,0,79,0,0,completed
35265,U5268,2025-03-19 14:51:00,2025-03-19 14:58:00,F,20~29,office,seoul,0,0,0,0,1,0,0,72,0,0,completed
35266,U5269,2025-01-05 15:26:00,2025-01-05 15:31:00,F,40~49,office,seoul,1,0,0,0,12,0,0,59,0,0,completed
35267,U5270,2025-10-02 11:53:00,2025-10-02 11:58:00,M,20~29,office,seoul,0,0,0,0,29,0,0,74,0,0,completed
35268,U5271,2025-08-12 15:41:00,2025-08-12 15:44:00,F,30~39,office,seoul,0,0,0,0,4,0,0,64,0,0,completed
35269,U5272,2025-08-26 12:34:00,2025-08-26 12:40:00,F,40~49,office,seoul,0,0,0,0,10,0,0,63,0,0,abandoned
35270,U5273,2025-03-25 09:17:00,2025-03-25 09:19:00,F,30~39,office,seoul,0,0,0,0,26,0,0,46,0,0,abandoned
35271,U5274,2025-10-21 14:07:00,2025-10-21 14:12:00,F,20~29,office,seoul,0,0,0,0,7,0,0,37,0,0,completed
35272,U5275,2025-06-01 14:56:00,2025-06-01 14:59:00,M,30~39,office,seoul,1,0,0,0,21,0,0,69,0,0,completed
35273,U5276,2025-11-24 07:23:00,2025-11-24 07:27:00,F,20~29,office,seoul,0,0,0,0,26,0,0,24,0,0,completed
35274,U5277,2025-07-30 11:58:00,2025-07-30 12:03:00,M,20~29,office,seoul,0,0,0,0,16,0,0,74,0,0,timeout
35275,U5278,2025-10-24 19:35:00,2025-10-24 19:39:00,M,20~29,office,seoul,0,0,0,0,14,0,0,47,0,0,completed
35276,U5279,2025-12-07 13:41:00,2025-12-07 13:43:00,M,40~49,office,seoul,1,0,0,0,1,0,0,22,0,0,completed
35277,U5280,2025-05-10 15:21:00,2025-05-10 15:28:00,F,40~49,office,seoul,1,0,0,0,21,0,0,28,0,0,abandoned
35278,U5281,2025-03-25 17:51:00,2025-03-25 17:54:00,M,20~29,office,seoul,0,0,0,0,12,0,0,62,0,0,completed
35279,U5282,2025-06-11 08:26:00,2025-06-11 08:28:00,F,30~39,office,seoul,0,0,0,0,3,0,0,22,0,0,completed
35280,U5283,2025-12-29 09:04:00,2025-12-29 09:11:00,F,50+,office,seoul,0,0,0,0,7,0,0,36,0,0,completed
35281,U5284,2025-08-16 11:05:00,2025-08-16 11:10:00,M,30~39,office,seoul,1,0,0,0,24,0,0,71,0,0,completed
35282,U5285,2025-12-08 09:57:00,2025-12-08 10:04:00,F,40~49,office,seoul,0,0,0,0,21,0,0,26,0,0,completed
35283,U5286,2025-02-02 13:27:00,2025-02-02 13:32:00,M,20~29,office,seoul,1,0,0,0,9,0,0,26,0,0,completed
35284,U5287,2025-06-30 18:16:00,2025-06-30 18:18:00,M,30~39,office,seoul,0,0,0,0,23,0,0,13,0,0,completed
35285,U5288,2025-04-15 08:48:00,2025-04-15 08:52:00,F,30~39,office,seoul,0,0,0,0,1,0,0,23,0,0,abandoned
35286,U5289,2025-12-06 07:42:00,2025-12-06 07:45:00,M,20~29,office,seoul,1,0,0,0,27,0,0,11,0,0,completed
35287,U5290,2025-12-09 15:49:00,2025-12-09 15:55:00,F,30~39,office,seoul,0,0,0,0,28,0,0,47,0,0,completed
35288,U5291,2025-02-01 12:24:00,2025-02-01 12:31:00,M,20~29,office,seoul,1,0,0,0,19,0,0,69,0,0,completed
35289,U5292,2025-11-24 16:48:00,2025-11-24 16:52:00,F,40~49,office,seoul,0,0,0,0,15,0,0,19,0,0,completed
35290,U5293,2025-02-27 20:35:00,2025-02-27 20:37:00,F,50+,office,seoul,0,0,0,0,20,0,0,64,0,0,abandoned
35291,U5294,2025-12-18 12:04:00,2025-12-18 12:11:00,M,50+,office,seoul,0,0,0,0,4,0,0,12,0,0,completed
35292,U5295,2025-03-05 16:52:00,2025-03-05 16:54:00,M,20~29,office,seoul,0,0,0,0,19,0,0,61,0,0,completed
35293,U5296,2025-12-13 16:29:00,2025-12-13 16:35:00,F,30~39,office,seoul,1,0,0,0,18,0,0,19,0,0,completed
35294,U5297,2025-02-14 14:44:00,2025-02-14 14:48:00,M,20~29,office,seoul,0,0,0,0,25,0,0,31,0,0,completed
35295,U5298,2025-02-14 21:00:00,2025-02-14 21:03:00,M,20~29,office,seoul,0,0,0,0,12,0,0,53,0,0,completed
35296,U5299,2025-01-27 12:43:00,2025-01-27 12:46:00,M,50+,office,seoul,0,0,0,0,4,0,0,10,0,0,completed
35297,U5300,2025-01-02 16:50:00,2025-01-02 16:55:00,F,20~29,office,seoul,0,0,0,0,3,0,0,63,0,0,completed
35298,U5301,2025-05-30 22:40:00,2025-05-30 22:44:00,F,30~39,office,seoul,0,0,0,0,26,0,0,63,0,0,completed
35299,U5302,2025-03-20 09:26:00,2025-03-20 09:29:00,F,40~49,office,seoul,0,0,0,0,20,0,0,48,0,0,completed
35300,U5303,2025-01-13 13:15:00,2025-01-13 13:22:00,F,20~29,office,seoul,0,0,0,0,29,0,0,49,0,0,completed
35301,U5304,2025-04-12 20:42:00,2025-04-12 20:44:00,M,50+,office,seoul,1,0,0,0,26,0,0,33,0,0,completed
35302,U5305,2025-10-31 20:37:00,2025-10-31 20:44:00,F,30~39,office,seoul,0,0,0,0,28,0,0,12,0,0,completed
35303,U5306,2025-05-24 20:21:00,2025-05-24 20:23:00,F,20~29,office,seoul,1,0,0,0,4,0,0,60,0,0,completed
35304,U5307,2025-12-10 22:48:00,2025-12-10 22:51:00,F,30~39,office,seoul,0,0,0,0,19,0,0,38,0,0,completed
35305,U5308,2025-04-20 16:43:00,2025-04-20 16:46:00,F,20~29,office,seoul,1,0,0,0,1,0,0,22,0,0,completed
35306,U5309,2025-11-20 14:43:00,2025-11-20 14:45:00,M,50+,office,seoul,0,0,0,0,15,0,0,33,1,0,completed
35307,U5310,2025-04-11 11:26:00,2025-04-11 11:28:00,F,30~39,office,seoul,0,0,0,0,18,0,0,73,0,0,completed
35308,U5311,2025-03-16 08:28:00,2025-03-16 08:30:00,M,40~49,office,seoul,1,0,0,0,3,0,0,41,0,0,completed
35309,U5312,2025-12-30 19:24:00,2025-12-30 19:29:00,M,40~49,office,seoul,0,0,0,0,12,0,0,30,0,0,completed
35310,U5313,2025-09-19 13:47:00,2025-09-19 13:50:00,F,20~29,office,seoul,0,0,0,0,0,0,0,29,0,0,completed
35311,U5314,2025-09-30 08:44:00,2025-09-30 08:48:00,M,30~39,office,seoul,0,0,0,0,27,0,0,31,0,0,completed
35312,U5315,2025-06-05 08:19:00,2025-06-05 08:21:00,M,20~29,office,seoul,0,0,0,0,4,0,0,58,0,0,completed
35313,U5316,2025-02-10 14:23:00,2025-02-10 14:30:00,F,20~29,office,seoul,0,0,0,0,23,0,0,34,0,0,completed
35314,U5317,2025-12-08 15:58:00,2025-12-08 16:03:00,M,30~39,office,seoul,0,0,0,0,14,0,0,63,0,0,completed
35315,U5318,2025-10-23 16:44:00,2025-10-23 16:50:00,F,50+,office,seoul,0,0,0,0,15,0,0,47,0,0,completed
35316,U5319,2025-04-15 12:19:00,2025-04-15 12:24:00,M,30~39,office,seoul,0,0,0,0,5,0,0,52,0,0,completed
35317,U5320,2025-11-27 15:02:00,2025-11-27 15:04:00,M,20~29,office,seoul,0,0,0,0,12,0,0,74,0,0,completed
35318,U5321,2025-09-06 08:57:00,2025-09-06 08:59:00,F,50+,office,seoul,1,0,0,0,23,0,0,76,0,0,completed
35319,U5322,2025-02-18 18:21:00,2025-02-18 18:26:00,M,40~49,office,seoul,0,0,0,0,25,0,0,56,0,0,error
35320,U5323,2025-04-28 14:22:00,2025-04-28 14:27:00,F,20~29,office,seoul,0,0,0,0,6,0,0,35,0,0,completed
35321,U5324,2025-07-05 12:43:00,2025-07-05 12:49:00,F,40~49,office,seoul,1,0,0,0,2,0,0,49,0,0,completed
35322,U5325,2025-10-08 09:47:00,2025-10-08 09:54:00,F,20~29,office,seoul,0,0,0,0,21,0,0,13,0,0,completed
35323,U5326,2025-04-01 08:30:00,2025-04-01 08:35:00,M,20~29,office,seoul,0,0,0,0,0,0,0,49,0,0,completed
35324,U5327,2025-07-16 07:38:00,2025-07-16 07:43:00,M,50+,office,seoul,0,0,0,0,2,0,0,30,1,1,completed
35325,U5328,2025-05-31 14:45:00,2025-05-31 14:47:00,M,20~29,office,seoul,1,0,0,0,5,0,0,29,0,0,completed
35326,U5329,2025-12-29 22:15:00,2025-12-29 22:19:00,M,20~29,office,seoul,0,0,0,0,12,0,0,60,0,0,completed
35327,U5330,2025-10-14 16:27:00,2025-10-14 16:31:00,M,40~49,office,seoul,0,0,0,0,27,0,0,21,0,0,completed
35328,U5331,2025-06-01 19:35:00,2025-06-01 19:38:00,M,40~49,office,seoul,1,0,0,0,28,0,0,50,0,0,timeout
35329,U5332,2025-10-26 08:43:00,2025-10-26 08:48:00,F,30~39,office,seoul,1,0,0,0,23,0,0,27,0,0,completed
35330,U5333,2025-02-12 17:04:00,2025-02-12 17:07:00,M,40~49,office,seoul,0,0,0,0,8,0,0,52,0,0,completed
35331,U5334,2025-04-11 11:30:00,2025-04-11 11:36:00,M,30~39,office,seoul,0,0,0,0,10,0,0,64,0,0,abandoned
35332,U5335,2025-01-15 11:13:00,2025-01-15 11:19:00,F,40~49,office,seoul,0,0,0,0,24,0,0,19,0,0,completed
35333,U5336,2025-03-04 17:00:00,2025-03-04 17:06:00,F,20~29,office,seoul,0,0,0,0,3,0,0,72,0,0,completed
35334,U5337,2025-06-29 12:25:00,2025-06-29 12:28:00,F,30~39,office,seoul,1,0,0,0,19,0,0,22,0,0,completed
35335,U5338,2025-08-01 18:40:00,2025-08-01 18:43:00,F,30~39,office,seoul,0,0,0,0,9,0,0,14,0,0,completed
35336,U5339,2025-10-29 16:17:00,2025-10-29 16:22:00,M,30~39,office,seoul,0,0,0,0,18,0,0,74,0,0,completed
35337,U5340,2025-03-28 21:04:00,2025-03-28 21:11:00,F,30~39,office,seoul,0,0,0,0,20,0,0,76,0,0,completed
35338,U5341,2025-12-08 14:11:00,2025-12-08 14:16:00,F,50+,office,seoul,0,0,0,0,13,0,0,33,1,0,completed
35339,U5342,2025-01-20 14:51:00,2025-01-20 14:54:00,F,30~39,office,seoul,0,0,0,0,12,0,0,78,0,0,abandoned
35340,U5343,2025-05-31 17:14:00,2025-05-31 17:16:00,M,40~49,office,seoul,1,0,0,0,6,0,0,30,0,0,completed
35341,U5344,2025-03-05 14:20:00,2025-03-05 14:26:00,F,20~29,office,seoul,0,0,0,0,23,0,0,73,0,0,completed
35342,U5345,2025-10-31 14:33:00,2025-10-31 14:36:00,M,40~49,office,seoul,0,0,0,0,3,0,0,75,0,0,completed
35343,U5346,2025-07-17 15:46:00,2025-07-17 15:53:00,M,50+,office,seoul,0,0,0,0,8,0,0,10,0,1,completed
35344,U5347,2025-07-19 12:16:00,2025-07-19 12:22:00,F,50+,office,seoul,1,0,0,0,6,0,0,23,1,0,completed
35345,U5348,2025-09-04 08:14:00,2025-09-04 08:20:00,M,30~39,office,seoul,0,0,0,0,2,0,0,32,0,0,completed
35346,U5349,2025-01-09 18:48:00,2025-01-09 18:52:00,M,50+,office,seoul,0,0,0,0,2,0,0,30,0,0,completed
35347,U5350,2025-03-05 12:29:00,2025-03-05 12:34:00,M,20~29,office,seoul,0,0,0,0,7,0,0,37,0,0,completed
35348,U5351,2025-02-04 15:17:00,2025-02-04 15:23:00,F,40~49,office,seoul,0,0,0,0,3,0,0,74,0,0,completed
35349,U5352,2025-10-27 17:18:00,2025-10-27 17:23:00,M,50+,office,seoul,0,0,0,0,4,0,0,41,0,0,abandoned
35350,U5353,2025-01-23 11:46:00,2025-01-23 11:48:00,M,20~29,office,seoul,0,0,0,0,28,0,0,38,0,0,completed
35351,U5354,2025-09-24 13:40:00,2025-09-24 13:45:00,M,50+,office,seoul,0,0,0,0,4,0,0,57,0,0,completed
35352,U5355,2025-03-03 09:26:00,2025-03-03 09:30:00,M,40~49,office,seoul,0,0,0,0,24,0,0,62,0,0,completed
35353,U5356,2025-04-29 11:37:00,2025-04-29 11:41:00,M,30~39,office,seoul,0,0,0,0,1,0,0,64,0,0,completed
35354,U5357,2025-12-31 16:19:00,2025-12-31 16:21:00,F,40~49,office,seoul,0,0,0,0,14,0,0,55,0,0,completed
35355,U5358,2025-03-05 09:24:00,2025-03-05 09:30:00,M,20~29,office,seoul,0,0,0,0,6,0,0,30,0,0,completed
35356,U5359,2025-06-18 15:10:00,2025-06-18 15:16:00,F,40~49,office,seoul,0,0,0,0,11,0,0,53,0,0,completed
35357,U5360,2025-03-16 17:07:00,2025-03-16 17:12:00,F,30~39,office,seoul,1,0,0,0,29,0,0,27,0,0,completed
35358,U5361,2025-07-27 13:58:00,2025-07-27 14:03:00,M,20~29,office,seoul,1,0,0,0,27,0,0,78,0,0,abandoned
35359,U5362,2025-03-22 14:35:00,2025-03-22 14:40:00,F,30~39,office,seoul,1,0,0,0,21,0,0,24,0,0,completed
35360,U5363,2025-03-14 13:24:00,2025-03-14 13:31:00,F,40~49,office,seoul,0,0,0,0,17,0,0,41,0,1,completed
35361,U5364,2025-10-23 15:59:00,2025-10-23 16:03:00,M,20~29,office,seoul,0,0,0,0,5,0,0,10,0,0,completed
35362,U5365,2025-04-18 09:14:00,2025-04-18 09:16:00,F,40~49,office,seoul,0,0,0,0,4,0,0,20,0,0,completed
35363,U5366,2025-02-01 18:03:00,2025-02-01 18:10:00,F,40~49,office,seoul,1,0,0,0,3,0,0,64,0,0,completed
35364,U5367,2025-01-13 09:07:00,2025-01-13 09:11:00,F,30~39,office,seoul,0,0,0,0,1,0,0,67,0,0,completed
35365,U5368,2025-03-24 17:55:00,2025-03-24 18:00:00,F,20~29,office,seoul,0,0,0,0,17,0,0,65,0,0,completed
35366,U5369,2025-01-01 19:16:00,2025-01-01 19:18:00,F,40~49,office,seoul,0,0,0,0,6,0,0,41,0,0,completed
35367,U5370,2025-08-24 13:40:00,2025-08-24 13:46:00,F,20~29,office,seoul,1,0,0,0,14,0,0,46,0,0,abandoned
35368,U5371,2025-12-27 17:00:00,2025-12-27 17:06:00,F,50+,office,seoul,1,0,0,0,10,0,0,56,0,0,completed
35369,U5372,2025-03-18 11:02:00,2025-03-18 11:05:00,F,30~39,office,seoul,0,0,0,0,26,0,0,61,0,0,completed
35370,U5373,2025-10-06 15:38:00,2025-10-06 15:41:00,M,20~29,office,seoul,0,0,0,0,10,0,0,68,0,0,completed
35371,U5374,2025-09-03 15:04:00,2025-09-03 15:10:00,M,20~29,office,seoul,0,0,0,0,22,0,0,11,0,1,completed
35372,U5375,2025-01-15 07:31:00,2025-01-15 07:38:00,M,30~39,office,seoul,0,0,0,0,15,0,0,79,0,0,completed
35373,U5376,2025-12-24 12:41:00,2025-12-24 12:48:00,F,20~29,office,seoul,0,0,0,0,9,0,0,59,0,0,timeout
35374,U5377,2025-06-17 08:53:00,2025-06-17 09:00:00,F,40~49,office,seoul,0,0,0,0,10,0,0,74,0,0,completed
35375,U5378,2025-07-03 12:41:00,2025-07-03 12:48:00,F,20~29,office,seoul,0,0,0,0,15,0,0,14,0,0,completed
35376,U5379,2025-01-03 17:58:00,2025-01-03 18:01:00,M,20~29,office,seoul,0,0,0,0,27,0,0,54,0,0,completed
35377,U5380,2025-07-12 15:01:00,2025-07-12 15:04:00,F,20~29,office,seoul,1,0,0,0,2,0,0,33,0,0,completed
35378,U5381,2025-12-01 14:12:00,2025-12-01 14:16:00,M,20~29,office,seoul,0,0,0,0,19,0,0,73,0,0,completed
35379,U5382,2025-08-02 07:06:00,2025-08-02 07:10:00,F,20~29,office,seoul,1,0,0,0,7,0,0,77,0,0,completed
35380,U5383,2025-02-23 18:47:00,2025-02-23 18:54:00,F,40~49,office,seoul,1,0,0,0,17,0,0,46,0,0,completed
35381,U5384,2025-06-01 09:54:00,2025-06-01 09:57:00,M,20~29,office,seoul,1,0,0,0,17,0,0,53,0,0,completed
35382,U5385,2025-05-22 08:34:00,2025-05-22 08:36:00,M,50+,office,seoul,0,0,0,0,4,0,0,23,0,0,completed
35383,U5386,2025-05-07 14:43:00,2025-05-07 14:47:00,M,30~39,office,seoul,0,0,0,0,1,0,0,65,0,0,completed
35384,U5387,2025-04-02 16:21:00,2025-04-02 16:27:00,M,20~29,office,seoul,0,0,0,0,18,0,0,78,0,0,completed
35385,U5388,2025-10-28 18:29:00,2025-10-28 18:31:00,M,30~39,office,seoul,0,0,0,0,29,0,0,22,0,0,timeout
35386,U5389,2025-04-07 08:30:00,2025-04-07 08:37:00,F,20~29,office,seoul,0,0,0,0,15,0,0,46,0,0,completed
35387,U5390,2025-06-27 13:22:00,2025-06-27 13:24:00,M,20~29,office,seoul,0,0,0,0,8,0,0,36,0,0,completed
35388,U5391,2025-06-16 15:37:00,2025-06-16 15:43:00,F,20~29,office,seoul,0,0,0,0,0,0,0,50,0,0,completed
35389,U5392,2025-06-09 17:40:00,2025-06-09 17:44:00,F,30~39,office,seoul,0,0,0,0,20,0,0,47,0,0,completed
35390,U5393,2025-08-04 22:00:00,2025-08-04 22:02:00,M,40~49,office,seoul,0,0,0,0,26,0,0,10,0,0,completed
35391,U5394,2025-03-21 14:13:00,2025-03-21 14:16:00,F,50+,office,seoul,0,0,0,0,18,0,0,74,1,0,completed
35392,U5395,2025-02-19 07:38:00,2025-02-19 07:40:00,F,30~39,office,seoul,0,0,0,0,3,0,0,31,0,0,completed
35393,U5396,2025-10-23 09:42:00,2025-10-23 09:49:00,F,30~39,office,seoul,0,0,0,0,17,0,0,49,0,0,completed
35394,U5397,2025-05-09 14:40:00,2025-05-09 14:43:00,F,50+,office,seoul,0,0,0,0,15,0,0,54,1,0,completed
35395,U5398,2025-11-02 22:00:00,2025-11-02 22:02:00,M,50+,office,seoul,1,0,0,0,3,0,0,59,0,0,completed
35396,U5399,2025-09-02 16:55:00,2025-09-02 16:57:00,M,30~39,office,seoul,0,0,0,0,26,0,0,24,0,0,completed
35397,U5400,2025-04-06 15:38:00,2025-04-06 15:45:00,M,20~29,office,seoul,1,0,0,0,24,0,0,62,0,0,completed
35398,U5401,2025-12-23 08:08:00,2025-12-23 08:13:00,M,50+,office,seoul,0,0,0,0,27,0,0,20,0,0,completed
35399,U5402,2025-05-21 20:19:00,2025-05-21 20:24:00,M,20~29,office,seoul,0,0,0,0,27,0,0,62,0,0,completed
35400,U5403,2025-10-23 14:12:00,2025-10-23 14:17:00,F,40~49,office,seoul,0,0,0,0,10,0,0,79,0,0,completed
35401,U5404,2025-10-12 15:01:00,2025-10-12 15:05:00,M,40~49,office,seoul,1,0,0,0,10,0,0,63,0,0,completed
35402,U5405,2025-06-30 20:10:00,2025-06-30 20:13:00,M,30~39,office,seoul,0,0,0,0,12,0,0,46,0,0,completed
35403,U5406,2025-10-07 14:54:00,2025-10-07 14:58:00,F,40~49,office,seoul,0,0,0,0,28,0,0,53,0,0,completed
35404,U5407,2025-03-05 13:02:00,2025-03-05 13:06:00,F,50+,office,seoul,0,0,0,0,17,0,0,60,1,0,completed
35405,U5408,2025-03-28 15:14:00,2025-03-28 15:17:00,M,30~39,office,seoul,0,0,0,0,29,0,0,10,0,0,timeout
35406,U5409,2025-01-17 16:35:00,2025-01-17 16:40:00,F,50+,office,seoul,0,0,0,0,16,0,0,43,1,0,abandoned
35407,U5410,2025-09-07 15:53:00,2025-09-07 15:55:00,M,20~29,office,seoul,1,0,0,0,0,0,0,50,0,0,completed
35408,U5411,2025-08-28 19:21:00,2025-08-28 19:23:00,F,30~39,office,seoul,0,0,0,0,9,0,0,75,0,1,completed
35409,U5412,2025-08-14 09:01:00,2025-08-14 09:05:00,M,30~39,office,seoul,0,0,0,0,11,0,0,70,0,0,completed
35410,U5413,2025-04-08 13:58:00,2025-04-08 14:05:00,F,40~49,office,seoul,0,0,0,0,13,0,0,79,0,0,completed
35411,U5414,2025-10-08 13:42:00,2025-10-08 13:44:00,F,20~29,office,seoul,0,0,0,0,24,0,0,13,0,0,completed
35412,U5415,2025-07-25 12:57:00,2025-07-25 13:02:00,M,40~49,office,seoul,0,0,0,0,29,0,0,29,0,0,completed
35413,U5416,2025-07-09 15:40:00,2025-07-09 15:43:00,M,20~29,office,seoul,0,0,0,0,22,0,0,41,0,0,completed
35414,U5417,2025-11-26 13:22:00,2025-11-26 13:29:00,F,20~29,office,seoul,0,0,0,0,7,0,0,34,0,0,completed
35415,U5418,2025-07-09 18:09:00,2025-07-09 18:12:00,M,20~29,office,seoul,0,0,0,0,19,0,0,22,0,0,completed
35416,U5419,2025-03-27 15:13:00,2025-03-27 15:17:00,M,20~29,office,seoul,0,0,0,0,29,0,0,26,0,0,completed
35417,U5420,2025-11-21 18:01:00,2025-11-21 18:07:00,F,20~29,office,seoul,0,0,0,0,16,0,0,53,0,0,completed
35418,U5421,2025-06-21 15:04:00,2025-06-21 15:06:00,F,50+,office,seoul,1,0,0,0,4,0,0,20,0,0,completed
35419,U5422,2025-07-21 12:28:00,2025-07-21 12:32:00,F,30~39,office,seoul,0,0,0,0,25,0,0,38,0,0,completed
35420,U5423,2025-07-24 08:47:00,2025-07-24 08:54:00,F,20~29,office,seoul,0,0,0,0,20,0,0,41,0,0,completed
35421,U5424,2025-05-26 13:48:00,2025-05-26 13:54:00,M,30~39,office,seoul,0,0,0,0,14,0,0,36,0,0,completed
35422,U5425,2025-06-03 21:38:00,2025-06-03 21:43:00,F,20~29,office,seoul,0,0,0,0,24,0,0,53,0,0,completed
35423,U5426,2025-05-26 13:35:00,2025-05-26 13:37:00,M,20~29,office,seoul,0,0,0,0,7,0,0,57,0,0,completed
35424,U5427,2025-03-26 18:38:00,2025-03-26 18:44:00,M,20~29,office,seoul,0,0,0,0,4,0,0,78,0,0,completed
35425,U5428,2025-10-01 09:51:00,2025-10-01 09:54:00,F,30~39,office,seoul,0,0,0,0,4,0,0,79,0,0,completed
35426,U5429,2025-11-17 12:44:00,2025-11-17 12:51:00,M,30~39,office,seoul,0,0,0,0,13,0,0,57,0,0,completed
35427,U5430,2025-10-07 12:14:00,2025-10-07 12:19:00,F,30~39,office,seoul,0,0,0,0,6,0,0,22,0,0,completed
35428,U5431,2025-07-05 16:05:00,2025-07-05 16:07:00,F,20~29,office,seoul,1,0,0,0,22,0,0,40,0,0,completed
35429,U5432,2025-01-31 18:30:00,2025-01-31 18:37:00,M,30~39,office,seoul,0,0,0,0,1,0,0,25,0,0,completed
35430,U5433,2025-01-22 18:29:00,2025-01-22 18:33:00,F,30~39,office,seoul,0,0,0,0,1,0,0,49,0,0,abandoned
35431,U5434,2025-03-23 13:34:00,2025-03-23 13:39:00,F,50+,office,seoul,1,0,0,0,14,0,0,41,0,0,abandoned
35432,U5435,2025-01-19 13:37:00,2025-01-19 13:44:00,F,40~49,office,seoul,1,0,0,0,23,0,0,37,0,0,completed
35433,U5436,2025-03-25 22:29:00,2025-03-25 22:33:00,F,30~39,office,seoul,0,0,0,0,9,0,0,30,0,0,abandoned
35434,U5437,2025-03-11 18:20:00,2025-03-11 18:27:00,F,50+,office,seoul,0,0,0,0,24,0,0,31,0,0,completed
35435,U5438,2025-07-23 18:55:00,2025-07-23 18:58:00,M,20~29,office,seoul,0,0,0,0,19,0,0,32,1,0,completed
35436,U5439,2025-12-14 14:00:00,2025-12-14 14:04:00,M,20~29,office,seoul,1,0,0,0,21,0,0,11,0,0,completed
35437,U5440,2025-09-08 14:15:00,2025-09-08 14:18:00,M,40~49,office,seoul,0,0,0,0,28,0,0,44,0,0,abandoned
35438,U5441,2025-10-15 20:31:00,2025-10-15 20:34:00,M,20~29,office,seoul,0,0,0,0,7,0,0,14,0,0,completed
35439,U5442,2025-05-19 19:53:00,2025-05-19 19:56:00,F,40~49,office,seoul,0,0,0,0,4,0,0,16,0,0,completed
35440,U5443,2025-05-04 17:03:00,2025-05-04 17:06:00,F,40~49,office,seoul,1,0,0,0,14,0,0,21,0,0,abandoned
35441,U5444,2025-03-18 08:05:00,2025-03-18 08:08:00,F,20~29,office,seoul,0,0,0,0,19,0,0,23,0,0,completed
35442,U5445,2025-04-05 15:14:00,2025-04-05 15:19:00,F,20~29,office,seoul,1,0,0,0,20,0,0,75,0,0,completed
35443,U5446,2025-05-10 09:35:00,2025-05-10 09:38:00,M,20~29,office,seoul,1,0,0,0,29,0,0,57,0,0,completed
35444,U5447,2025-01-31 09:37:00,2025-01-31 09:44:00,F,20~29,office,seoul,0,0,0,0,11,0,0,46,0,0,completed
35445,U5448,2025-11-19 17:55:00,2025-11-19 18:02:00,F,50+,office,seoul,0,0,0,0,5,0,0,51,0,1,completed
35446,U5449,2025-07-26 16:30:00,2025-07-26 16:35:00,F,30~39,office,seoul,1,0,0,0,17,0,0,52,0,0,completed
35447,U5450,2025-11-24 14:20:00,2025-11-24 14:27:00,F,30~39,office,seoul,0,0,0,0,2,0,0,67,0,0,completed
35448,U5451,2025-03-08 19:19:00,2025-03-08 19:21:00,M,20~29,office,seoul,1,0,0,0,29,0,0,11,0,0,completed
35449,U5452,2025-09-21 15:58:00,2025-09-21 16:04:00,M,40~49,office,seoul,1,0,0,0,0,0,0,28,0,0,completed
35450,U5453,2025-06-26 18:07:00,2025-06-26 18:09:00,F,30~39,office,seoul,0,0,0,0,26,0,0,69,0,0,completed
35451,U5454,2025-11-26 12:20:00,2025-11-26 12:26:00,M,20~29,office,seoul,0,0,0,0,18,0,0,78,0,0,completed
35452,U5455,2025-10-22 13:16:00,2025-10-22 13:19:00,M,50+,office,seoul,0,0,0,0,5,0,0,39,1,0,completed
35453,U5456,2025-01-29 22:42:00,2025-01-29 22:48:00,M,40~49,office,seoul,0,0,0,0,23,0,0,14,0,0,completed
35454,U5457,2025-09-19 20:59:00,2025-09-19 21:04:00,F,40~49,office,seoul,0,0,0,0,13,0,0,10,0,0,completed
35455,U5458,2025-04-23 17:27:00,2025-04-23 17:32:00,M,50+,office,seoul,0,0,0,0,25,0,0,15,1,0,completed
35456,U5459,2025-05-12 17:16:00,2025-05-12 17:22:00,M,30~39,office,seoul,0,0,0,0,23,0,0,42,0,0,completed
35457,U5460,2025-04-02 13:12:00,2025-04-02 13:14:00,F,30~39,office,seoul,0,0,0,0,0,0,0,34,0,0,completed
35458,U5461,2025-05-03 08:29:00,2025-05-03 08:32:00,F,30~39,office,seoul,1,0,0,0,13,0,0,52,0,0,completed
35459,U5462,2025-02-18 14:13:00,2025-02-18 14:17:00,F,30~39,office,seoul,0,0,0,0,11,0,0,47,0,0,completed
35460,U5463,2025-07-25 12:06:00,2025-07-25 12:11:00,F,50+,office,seoul,0,0,0,0,27,0,0,41,1,0,completed
35461,U5464,2025-03-18 11:27:00,2025-03-18 11:34:00,F,20~29,office,seoul,0,0,0,0,25,0,0,63,0,0,completed
35462,U5465,2025-10-06 12:09:00,2025-10-06 12:14:00,F,20~29,office,seoul,0,0,0,0,24,0,0,11,0,0,completed
35463,U5466,2025-11-28 17:38:00,2025-11-28 17:41:00,F,30~39,office,seoul,0,0,0,0,2,0,0,70,0,0,abandoned
35464,U5467,2025-08-14 12:42:00,2025-08-14 12:45:00,F,50+,office,seoul,0,0,0,0,1,0,0,30,0,0,completed
35465,U5468,2025-04-04 22:11:00,2025-04-04 22:18:00,F,50+,office,seoul,0,0,0,0,5,0,0,23,0,0,completed
35466,U5469,2025-02-24 17:09:00,2025-02-24 17:12:00,F,30~39,office,seoul,0,0,0,0,1,0,0,76,0,0,completed
35467,U5470,2025-12-02 09:23:00,2025-12-02 09:26:00,M,20~29,office,seoul,0,0,0,0,17,0,0,26,0,0,completed
35468,U5471,2025-05-26 12:57:00,2025-05-26 13:03:00,M,40~49,office,seoul,0,0,0,0,2,0,0,65,0,0,completed
35469,U5472,2025-07-25 14:20:00,2025-07-25 14:26:00,M,20~29,office,seoul,0,0,0,0,23,0,0,58,0,0,abandoned
35470,U5473,2025-11-08 19:27:00,2025-11-08 19:30:00,F,20~29,office,seoul,1,0,0,0,5,0,0,19,0,0,abandoned
35471,U5474,2025-01-07 12:01:00,2025-01-07 12:05:00,F,20~29,office,seoul,0,0,0,0,12,0,0,65,0,0,completed
35472,U5475,2025-07-01 15:53:00,2025-07-01 15:56:00,M,40~49,office,seoul,0,0,0,0,2,0,0,23,1,0,error
35473,U5476,2025-01-30 19:28:00,2025-01-30 19:31:00,M,30~39,office,seoul,0,0,0,0,26,0,0,15,0,0,completed
35474,U5477,2025-07-02 08:40:00,2025-07-02 08:46:00,F,40~49,office,seoul,0,0,0,0,29,0,0,23,0,0,timeout
35475,U5478,2025-01-20 08:46:00,2025-01-20 08:53:00,F,20~29,office,seoul,0,0,0,0,3,0,0,17,0,0,completed
35476,U5479,2025-01-03 14:02:00,2025-01-03 14:06:00,F,30~39,office,seoul,0,0,0,0,6,0,0,42,0,0,completed
35477,U5480,2025-12-17 18:54:00,2025-12-17 18:57:00,M,40~49,office,seoul,0,0,0,0,10,0,0,12,0,0,completed
35478,U5481,2025-11-25 07:05:00,2025-11-25 07:08:00,F,30~39,office,seoul,0,0,0,0,6,0,0,18,0,0,abandoned
35479,U5482,2025-01-29 12:25:00,2025-01-29 12:32:00,F,20~29,office,seoul,0,0,0,0,14,0,0,67,0,0,timeout
35480,U5483,2025-01-12 11:23:00,2025-01-12 11:30:00,M,30~39,office,seoul,1,0,0,0,13,0,0,24,0,0,completed
35481,U5484,2025-09-11 20:00:00,2025-09-11 20:03:00,F,40~49,office,seoul,0,0,0,0,12,0,0,36,0,0,completed
35482,U5485,2025-12-12 13:36:00,2025-12-12 13:41:00,F,30~39,office,seoul,0,0,0,0,21,0,0,13,0,0,abandoned
35483,U5486,2025-08-12 15:08:00,2025-08-12 15:15:00,F,30~39,office,seoul,0,0,0,0,10,0,0,75,0,0,timeout
35484,U5487,2025-07-17 09:31:00,2025-07-17 09:38:00,F,50+,office,seoul,0,0,0,0,10,0,0,31,0,0,completed
35485,U5488,2025-06-08 13:18:00,2025-06-08 13:23:00,M,40~49,office,seoul,1,0,0,0,5,0,0,61,0,0,completed
35486,U5489,2025-07-24 14:18:00,2025-07-24 14:21:00,F,40~49,office,seoul,0,0,0,0,5,0,0,69,1,0,completed
35487,U5490,2025-01-29 18:26:00,2025-01-29 18:33:00,F,40~49,office,seoul,0,0,0,0,28,0,0,15,0,0,completed
35488,U5491,2025-07-24 08:11:00,2025-07-24 08:16:00,M,50+,office,seoul,0,0,0,0,10,0,0,59,0,0,completed
35489,U5492,2025-02-09 21:47:00,2025-02-09 21:54:00,F,40~49,office,seoul,1,0,0,0,24,0,0,15,0,0,completed
35490,U5493,2025-06-05 16:16:00,2025-06-05 16:23:00,F,20~29,office,seoul,0,0,0,0,20,0,0,52,0,0,timeout
35491,U5494,2025-09-22 16:00:00,2025-09-22 16:04:00,F,30~39,office,seoul,0,0,0,0,14,0,0,40,0,0,completed
35492,U5495,2025-03-30 15:41:00,2025-03-30 15:48:00,F,30~39,office,seoul,1,0,0,0,9,0,0,22,0,0,completed
35493,U5496,2025-07-11 15:43:00,2025-07-11 15:46:00,F,20~29,office,seoul,0,0,0,0,5,0,0,62,0,0,completed
35494,U5497,2025-12-13 16:11:00,2025-12-13 16:13:00,M,20~29,office,seoul,1,0,0,0,1,0,0,39,0,0,abandoned
35495,U5498,2025-02-15 20:59:00,2025-02-15 21:02:00,M,30~39,office,seoul,1,0,0,0,9,0,0,11,0,0,completed
35496,U5499,2025-10-10 17:20:00,2025-10-10 17:24:00,F,20~29,office,seoul,0,0,0,0,13,0,0,28,0,0,completed
35497,U5500,2025-10-17 15:27:00,2025-10-17 15:29:00,M,30~39,office,seoul,0,0,0,0,5,0,0,54,0,0,completed
35498,U5501,2025-03-31 07:10:00,2025-03-31 07:15:00,M,20~29,office,seoul,0,0,0,0,11,0,0,21,0,0,completed
35499,U5502,2025-09-27 12:01:00,2025-09-27 12:04:00,M,20~29,office,seoul,1,0,0,0,6,0,0,24,0,0,completed
35500,U5503,2025-01-19 08:43:00,2025-01-19 08:50:00,F,30~39,office,seoul,1,0,0,0,9,0,0,24,0,0,completed
35501,U5504,2025-03-03 11:44:00,2025-03-03 11:46:00,F,20~29,office,seoul,0,0,0,0,23,0,0,30,0,0,completed
35502,U5505,2025-05-25 14:52:00,2025-05-25 14:55:00,F,30~39,office,seoul,1,0,0,0,12,0,0,64,0,0,completed
35503,U5506,2025-06-24 18:49:00,2025-06-24 18:52:00,F,20~29,office,seoul,0,0,0,0,10,0,0,72,0,0,completed
35504,U5507,2025-01-07 07:39:00,2025-01-07 07:42:00,M,30~39,office,seoul,0,0,0,0,18,0,0,60,0,0,completed
35505,U5508,2025-03-22 08:23:00,2025-03-22 08:25:00,M,30~39,office,seoul,1,0,0,0,22,0,0,37,0,0,abandoned
35506,U5509,2025-06-02 09:23:00,2025-06-02 09:28:00,M,40~49,office,seoul,0,0,0,0,24,0,0,22,0,0,abandoned
35507,U5510,2025-04-27 14:23:00,2025-04-27 14:27:00,F,30~39,office,seoul,1,0,0,0,13,0,0,14,0,0,completed
35508,U5511,2025-12-15 09:29:00,2025-12-15 09:34:00,F,20~29,office,seoul,0,0,0,0,7,0,0,42,0,0,completed
35509,U5512,2025-08-01 22:19:00,2025-08-01 22:22:00,M,40~49,office,seoul,0,0,0,0,27,0,0,53,0,0,completed
35510,U5513,2025-02-17 09:24:00,2025-02-17 09:28:00,F,40~49,office,seoul,0,0,0,0,5,0,0,50,1,0,completed
35511,U5514,2025-09-05 16:30:00,2025-09-05 16:37:00,F,50+,office,seoul,0,0,0,0,15,0,0,38,0,0,completed
35512,U5515,2025-10-04 15:27:00,2025-10-04 15:30:00,M,40~49,office,seoul,1,0,0,0,1,0,0,15,0,0,completed
35513,U5516,2025-11-03 15:10:00,2025-11-03 15:13:00,F,20~29,office,seoul,0,0,0,0,29,0,0,65,0,0,completed
35514,U5517,2025-06-03 15:37:00,2025-06-03 15:40:00,F,20~29,office,seoul,0,0,0,0,15,0,0,33,0,0,completed
35515,U5518,2025-05-30 07:48:00,2025-05-30 07:51:00,F,30~39,office,seoul,0,0,0,0,29,0,0,32,0,0,completed
35516,U5519,2025-01-02 12:33:00,2025-01-02 12:35:00,F,20~29,office,seoul,0,0,0,0,3,0,0,36,0,0,completed
35517,U5520,2025-07-19 08:24:00,2025-07-19 08:29:00,F,30~39,office,seoul,1,0,0,0,6,0,0,68,0,0,abandoned
35518,U5521,2025-05-17 13:57:00,2025-05-17 14:00:00,F,50+,office,seoul,1,0,0,0,15,0,0,65,1,0,completed
35519,U5522,2025-12-15 16:10:00,2025-12-15 16:15:00,M,20~29,office,seoul,0,0,0,0,21,0,0,75,0,0,abandoned
35520,U5523,2025-02-25 09:00:00,2025-02-25 09:05:00,F,30~39,office,seoul,0,0,0,0,14,0,0,62,0,0,completed
35521,U5524,2025-06-26 11:30:00,2025-06-26 11:35:00,M,20~29,office,seoul,0,0,0,0,6,0,0,20,0,0,completed
35522,U5525,2025-07-24 16:22:00,2025-07-24 16:28:00,M,50+,office,seoul,0,0,0,0,8,0,0,15,0,0,completed
35523,U5526,2025-01-24 15:35:00,2025-01-24 15:38:00,F,20~29,office,seoul,0,0,0,0,5,0,0,70,0,0,completed
35524,U5527,2025-06-14 12:06:00,2025-06-14 12:13:00,M,20~29,office,seoul,1,0,0,0,5,0,0,79,0,0,completed
35525,U5528,2025-02-11 11:52:00,2025-02-11 11:56:00,F,30~39,office,seoul,0,0,0,0,19,0,0,40,0,0,completed
35526,U5529,2025-04-14 07:33:00,2025-04-14 07:39:00,F,30~39,office,seoul,0,0,0,0,27,0,0,10,0,0,completed
35527,U5530,2025-11-12 08:51:00,2025-11-12 08:53:00,F,40~49,office,seoul,0,0,0,0,10,0,0,46,0,0,completed
35528,U5531,2025-10-25 18:53:00,2025-10-25 18:56:00,F,30~39,office,seoul,1,0,0,0,15,0,0,72,0,0,completed
35529,U5532,2025-10-28 07:13:00,2025-10-28 07:19:00,F,30~39,office,seoul,0,0,0,0,24,0,0,53,0,0,completed
35530,U5533,2025-09-18 12:18:00,2025-09-18 12:23:00,M,40~49,office,seoul,0,0,0,0,12,0,0,53,0,0,completed
35531,U5534,2025-04-21 09:34:00,2025-04-21 09:41:00,F,20~29,office,seoul,0,0,0,0,18,0,0,31,0,0,completed
35532,U5535,2025-10-03 09:47:00,2025-10-03 09:49:00,F,50+,office,seoul,0,0,0,0,15,0,0,23,0,0,completed
35533,U5536,2025-10-22 11:45:00,2025-10-22 11:52:00,F,30~39,office,seoul,0,0,0,0,6,0,0,78,0,0,timeout
35534,U5537,2025-11-27 13:50:00,2025-11-27 13:55:00,M,50+,office,seoul,0,0,0,0,22,0,0,46,0,0,completed
35535,U5538,2025-03-27 09:49:00,2025-03-27 09:53:00,F,20~29,office,seoul,0,0,0,0,14,0,0,23,0,0,completed
35536,U5539,2025-10-23 16:45:00,2025-10-23 16:47:00,M,30~39,office,seoul,0,0,0,0,25,0,0,12,0,0,completed
35537,U5540,2025-07-01 14:46:00,2025-07-01 14:50:00,M,50+,office,seoul,0,0,0,0,25,0,0,42,0,0,completed
35538,U5541,2025-08-25 11:36:00,2025-08-25 11:39:00,M,20~29,office,seoul,0,0,0,0,10,0,0,38,0,0,abandoned
35539,U5542,2025-05-27 22:12:00,2025-05-27 22:18:00,M,30~39,office,seoul,0,0,0,0,23,0,0,40,0,0,abandoned
35540,U5543,2025-11-10 15:28:00,2025-11-10 15:30:00,F,40~49,office,seoul,0,0,0,0,28,0,0,73,0,0,completed
35541,U5544,2025-09-24 18:10:00,2025-09-24 18:15:00,F,40~49,office,seoul,0,0,0,0,16,0,0,47,0,0,completed
35542,U5545,2025-02-04 12:31:00,2025-02-04 12:36:00,F,20~29,office,seoul,0,0,0,0,5,0,0,73,0,0,completed
35543,U5546,2025-01-26 09:49:00,2025-01-26 09:53:00,F,40~49,office,seoul,1,0,0,0,21,0,0,50,0,0,completed
35544,U5547,2025-01-08 11:09:00,2025-01-08 11:12:00,F,40~49,office,seoul,0,0,0,0,7,0,0,55,0,0,completed
35545,U5548,2025-03-03 21:56:00,2025-03-03 22:02:00,F,40~49,office,seoul,0,0,0,0,23,0,0,20,0,0,completed
35546,U5549,2025-11-01 19:17:00,2025-11-01 19:19:00,F,20~29,office,seoul,1,0,0,0,17,0,0,46,0,0,completed
35547,U5550,2025-01-04 14:56:00,2025-01-04 15:02:00,M,50+,office,seoul,1,0,0,0,7,0,0,70,0,0,completed
35548,U5551,2025-08-04 15:08:00,2025-08-04 15:10:00,F,30~39,office,seoul,0,0,0,0,28,0,0,65,0,0,completed
35549,U5552,2025-09-29 09:50:00,2025-09-29 09:52:00,F,20~29,office,seoul,0,0,0,0,9,0,0,29,0,0,abandoned
35550,U5553,2025-02-13 21:19:00,2025-02-13 21:23:00,F,30~39,office,seoul,0,0,0,0,20,0,0,30,0,0,completed
35551,U5554,2025-08-04 17:15:00,2025-08-04 17:21:00,F,40~49,office,seoul,0,0,0,0,19,0,0,73,0,1,completed
35552,U5555,2025-01-07 09:30:00,2025-01-07 09:32:00,F,40~49,office,seoul,0,0,0,0,14,0,0,13,0,0,completed
35553,U5556,2025-04-27 19:48:00,2025-04-27 19:52:00,F,20~29,office,seoul,1,0,0,0,10,0,0,23,0,0,completed
35554,U5557,2025-02-02 15:02:00,2025-02-02 15:06:00,F,20~29,office,seoul,1,0,0,0,2,0,0,50,0,1,completed
35555,U5558,2025-02-04 18:39:00,2025-02-04 18:42:00,F,50+,office,seoul,0,0,0,0,23,0,0,26,0,0,completed
35556,U5559,2025-05-10 18:44:00,2025-05-10 18:50:00,M,30~39,office,seoul,1,0,0,0,16,0,0,35,0,0,completed
35557,U5560,2025-09-06 08:31:00,2025-09-06 08:33:00,F,40~49,office,seoul,1,0,0,0,24,0,0,28,0,0,abandoned
35558,U5561,2025-05-09 08:18:00,2025-05-09 08:21:00,F,30~39,office,seoul,0,0,0,0,12,0,0,21,0,0,completed
35559,U5562,2025-01-15 09:30:00,2025-01-15 09:34:00,M,20~29,office,seoul,0,0,0,0,15,0,0,64,0,0,completed
35560,U5563,2025-06-19 11:45:00,2025-06-19 11:52:00,F,20~29,office,seoul,0,0,0,0,26,0,0,15,0,0,completed
35561,U5564,2025-08-21 12:16:00,2025-08-21 12:18:00,M,40~49,office,seoul,0,0,0,0,16,0,0,67,0,0,abandoned
35562,U5565,2025-06-14 14:14:00,2025-06-14 14:17:00,M,40~49,office,seoul,1,0,0,0,7,0,0,39,0,0,timeout
35563,U5566,2025-12-06 16:34:00,2025-12-06 16:37:00,F,30~39,office,seoul,1,0,0,0,27,0,0,33,0,0,completed
35564,U5567,2025-08-29 18:35:00,2025-08-29 18:39:00,F,30~39,office,seoul,0,0,0,0,0,0,0,33,0,0,completed
35565,U5568,2025-02-01 14:49:00,2025-02-01 14:55:00,F,30~39,office,seoul,1,0,0,0,29,0,0,74,0,0,completed
35566,U5569,2025-09-02 07:04:00,2025-09-02 07:09:00,F,20~29,office,seoul,0,0,0,0,1,0,0,19,0,0,timeout
35567,U5570,2025-05-20 18:08:00,2025-05-20 18:12:00,F,30~39,office,seoul,0,0,0,0,22,0,0,48,0,0,completed
35568,U5571,2025-03-21 19:38:00,2025-03-21 19:40:00,M,50+,office,seoul,0,0,0,0,12,0,0,54,0,0,completed
35569,U5572,2025-08-30 07:16:00,2025-08-30 07:20:00,F,30~39,office,seoul,1,0,0,0,8,0,0,38,0,0,completed
35570,U5573,2025-12-09 21:02:00,2025-12-09 21:05:00,M,20~29,office,seoul,0,0,0,0,28,0,0,45,0,0,abandoned
35571,U5574,2025-10-24 15:55:00,2025-10-24 16:01:00,F,40~49,office,seoul,0,0,0,0,20,0,0,78,0,0,completed
35572,U5575,2025-04-19 09:28:00,2025-04-19 09:30:00,F,20~29,office,seoul,1,0,0,0,14,0,0,67,0,0,completed
35573,U5576,2025-01-07 19:27:00,2025-01-07 19:29:00,M,50+,office,seoul,0,0,0,0,27,0,0,76,0,0,error
35574,U5577,2025-08-04 14:29:00,2025-08-04 14:35:00,F,50+,office,seoul,0,0,0,0,2,0,0,47,0,0,completed
35575,U5578,2025-08-08 20:55:00,2025-08-08 20:57:00,M,30~39,office,seoul,0,0,0,0,13,0,0,55,0,0,completed
35576,U5579,2025-08-30 08:35:00,2025-08-30 08:40:00,M,50+,office,seoul,1,0,0,0,10,0,0,49,0,0,completed
35577,U5580,2025-10-12 14:07:00,2025-10-12 14:10:00,F,40~49,office,seoul,1,0,0,0,13,0,0,40,0,0,completed
35578,U5581,2025-09-08 11:36:00,2025-09-08 11:43:00,F,20~29,office,seoul,0,0,0,0,2,0,0,36,0,0,completed
35579,U5582,2025-11-20 15:06:00,2025-11-20 15:12:00,M,20~29,office,seoul,0,0,0,0,13,0,0,18,0,0,completed
35580,U5583,2025-01-12 09:26:00,2025-01-12 09:28:00,M,40~49,office,seoul,1,0,0,0,29,0,0,13,0,0,completed
35581,U5584,2025-01-09 21:02:00,2025-01-09 21:08:00,F,30~39,office,seoul,0,0,0,0,8,0,0,36,0,0,completed
35582,U5585,2025-10-12 20:42:00,2025-10-12 20:44:00,M,40~49,office,seoul,1,0,0,0,0,0,0,51,0,0,completed
35583,U5586,2025-01-15 21:41:00,2025-01-15 21:43:00,M,50+,office,seoul,0,0,0,0,28,0,0,39,0,0,completed
35584,U5587,2025-01-30 21:16:00,2025-01-30 21:19:00,M,20~29,office,seoul,0,0,0,0,12,0,0,34,0,0,completed
35585,U5588,2025-05-27 12:10:00,2025-05-27 12:16:00,F,30~39,office,seoul,0,0,0,0,22,0,0,20,1,0,completed
35586,U5589,2025-06-29 15:21:00,2025-06-29 15:27:00,M,30~39,office,seoul,1,0,0,0,11,0,0,34,0,0,completed
35587,U5590,2025-10-16 14:03:00,2025-10-16 14:10:00,M,20~29,office,seoul,0,0,0,0,8,0,0,11,0,0,completed
35588,U5591,2025-03-30 12:26:00,2025-03-30 12:29:00,M,30~39,office,seoul,1,0,0,0,22,0,0,69,0,0,completed
35589,U5592,2025-08-08 12:40:00,2025-08-08 12:45:00,F,30~39,office,seoul,0,0,0,0,27,0,0,63,0,0,completed
35590,U5593,2025-12-21 17:42:00,2025-12-21 17:47:00,M,40~49,office,seoul,1,0,0,0,0,0,0,71,0,0,completed
35591,U5594,2025-09-17 14:17:00,2025-09-17 14:22:00,F,30~39,office,seoul,0,0,0,0,26,0,0,31,0,0,timeout
35592,U5595,2025-10-05 13:03:00,2025-10-05 13:10:00,F,20~29,office,seoul,1,0,0,0,5,0,0,65,0,0,completed
35593,U5596,2025-02-25 17:38:00,2025-02-25 17:40:00,F,40~49,office,seoul,0,0,0,0,10,0,0,70,0,0,completed
35594,U5597,2025-04-22 18:28:00,2025-04-22 18:30:00,F,30~39,office,seoul,0,0,0,0,6,0,0,53,0,0,completed
35595,U5598,2025-05-17 14:42:00,2025-05-17 14:47:00,M,20~29,office,seoul,1,0,0,0,2,0,0,18,0,0,abandoned
35596,U5599,2025-02-09 12:45:00,2025-02-09 12:50:00,F,20~29,office,seoul,1,0,0,0,17,0,0,69,0,0,completed
35597,U5600,2025-08-18 15:46:00,2025-08-18 15:50:00,M,20~29,office,seoul,0,0,0,0,3,0,0,43,0,0,timeout
35598,U5601,2025-10-01 08:58:00,2025-10-01 09:02:00,M,30~39,office,seoul,0,0,0,0,20,0,0,13,0,0,completed
35599,U5602,2025-06-19 16:12:00,2025-06-19 16:16:00,F,50+,office,seoul,0,0,0,0,26,0,0,31,0,0,completed
35600,U5603,2025-08-04 12:07:00,2025-08-04 12:10:00,F,20~29,office,seoul,0,0,0,0,14,0,0,42,0,0,completed
35601,U5604,2025-03-24 17:40:00,2025-03-24 17:43:00,F,30~39,office,seoul,0,0,0,0,13,0,0,32,0,0,completed
35602,U5605,2025-02-06 09:21:00,2025-02-06 09:24:00,M,50+,office,seoul,0,0,0,0,25,0,0,65,0,0,completed
35603,U5606,2025-06-30 09:47:00,2025-06-30 09:50:00,F,40~49,office,seoul,0,0,0,0,20,0,0,58,1,0,completed
35604,U5607,2025-07-11 16:38:00,2025-07-11 16:41:00,M,30~39,office,seoul,0,0,0,0,23,0,0,22,0,0,completed
35605,U5608,2025-09-21 07:10:00,2025-09-21 07:17:00,M,30~39,office,seoul,1,0,0,0,17,0,0,36,0,0,completed
35606,U5609,2025-07-19 08:45:00,2025-07-19 08:48:00,F,50+,office,seoul,1,0,0,0,14,0,0,77,0,0,completed
35607,U5610,2025-02-06 07:58:00,2025-02-06 08:00:00,F,40~49,office,seoul,0,0,0,0,27,0,0,64,0,0,completed
35608,U5611,2025-10-05 07:11:00,2025-10-05 07:15:00,F,40~49,office,seoul,1,0,0,0,29,0,0,62,0,0,completed
35609,U5612,2025-02-27 07:49:00,2025-02-27 07:56:00,F,20~29,office,seoul,0,0,0,0,29,0,0,62,1,0,completed
35610,U5613,2025-04-19 20:38:00,2025-04-19 20:43:00,M,20~29,office,seoul,1,0,0,0,16,0,0,25,0,0,completed
35611,U5614,2025-05-10 17:22:00,2025-05-10 17:28:00,F,30~39,office,seoul,1,0,0,0,6,0,0,75,0,0,completed
35612,U5615,2025-05-04 13:12:00,2025-05-04 13:17:00,M,30~39,office,seoul,1,0,0,0,1,0,0,37,0,0,completed
35613,U5616,2025-09-05 22:06:00,2025-09-05 22:10:00,F,20~29,office,seoul,0,0,0,0,6,0,0,50,0,0,completed
35614,U5617,2025-01-02 13:03:00,2025-01-02 13:07:00,F,40~49,office,seoul,0,0,0,0,1,0,0,19,0,0,completed
35615,U5618,2025-09-01 16:01:00,2025-09-01 16:08:00,M,40~49,office,seoul,0,0,0,0,24,0,0,31,0,0,completed
35616,U5619,2025-03-08 14:56:00,2025-03-08 14:59:00,F,20~29,office,seoul,1,0,0,0,1,0,0,22,0,0,completed
35617,U5620,2025-10-10 14:55:00,2025-10-10 15:00:00,F,30~39,office,seoul,0,0,0,0,21,0,0,77,0,0,completed
35618,U5621,2025-02-23 16:31:00,2025-02-23 16:33:00,M,20~29,office,seoul,1,0,0,0,0,0,0,10,0,0,completed
35619,U5622,2025-12-27 16:36:00,2025-12-27 16:43:00,F,50+,office,seoul,1,0,0,0,0,0,0,30,0,0,completed
35620,U5623,2025-10-03 12:31:00,2025-10-03 12:38:00,F,40~49,office,seoul,0,0,0,0,24,0,0,79,0,0,abandoned
35621,U5624,2025-08-02 14:59:00,2025-08-02 15:04:00,F,30~39,office,seoul,1,0,0,0,0,0,0,48,0,0,abandoned
35622,U5625,2025-03-08 19:59:00,2025-03-08 20:03:00,F,30~39,office,seoul,1,0,0,0,18,0,0,47,0,0,completed
35623,U5626,2025-05-04 15:35:00,2025-05-04 15:42:00,F,30~39,office,seoul,1,0,0,0,1,0,0,20,0,0,completed
35624,U5627,2025-09-30 20:16:00,2025-09-30 20:18:00,F,40~49,office,seoul,0,0,0,0,2,0,0,33,0,1,completed
35625,U5628,2025-08-17 14:11:00,2025-08-17 14:16:00,F,30~39,office,seoul,1,0,0,0,28,0,0,31,0,0,completed
35626,U5629,2025-04-15 19:51:00,2025-04-15 19:53:00,M,40~49,office,seoul,0,0,0,0,18,0,0,34,0,0,completed
35627,U5630,2025-09-27 15:52:00,2025-09-27 15:54:00,M,20~29,office,seoul,1,0,0,0,20,0,0,79,0,0,completed
35628,U5631,2025-08-05 09:03:00,2025-08-05 09:07:00,F,30~39,office,seoul,0,0,0,0,0,0,0,30,0,0,completed
35629,U5632,2025-05-30 21:27:00,2025-05-30 21:30:00,M,50+,office,seoul,0,0,0,0,17,0,0,14,1,1,completed
35630,U5633,2025-08-30 18:26:00,2025-08-30 18:32:00,F,20~29,office,seoul,1,0,0,0,19,0,0,75,0,0,completed
35631,U5634,2025-12-02 18:57:00,2025-12-02 19:03:00,F,20~29,office,seoul,0,0,0,0,26,0,0,48,0,0,completed
35632,U5635,2025-11-28 12:19:00,2025-11-28 12:25:00,M,40~49,office,seoul,0,0,0,0,12,0,0,59,0,0,completed
35633,U5636,2025-11-24 12:55:00,2025-11-24 12:58:00,F,40~49,office,seoul,0,0,0,0,9,0,0,61,0,0,completed
35634,U5637,2025-06-26 19:31:00,2025-06-26 19:35:00,M,50+,office,seoul,0,0,0,0,12,0,0,58,0,0,abandoned
35635,U5638,2025-04-07 09:41:00,2025-04-07 09:45:00,M,20~29,office,seoul,0,0,0,0,10,0,0,61,0,0,completed
35636,U5639,2025-12-23 20:34:00,2025-12-23 20:36:00,F,50+,office,seoul,0,0,0,0,19,0,0,23,0,0,completed
35637,U5640,2025-10-07 15:34:00,2025-10-07 15:36:00,F,50+,office,seoul,0,0,0,0,27,0,0,17,0,0,completed
35638,U5641,2025-11-15 18:22:00,2025-11-15 18:29:00,M,40~49,office,seoul,1,0,0,0,15,0,0,16,1,0,timeout
35639,U5642,2025-09-14 11:54:00,2025-09-14 11:57:00,M,30~39,office,seoul,1,0,0,0,24,0,0,17,0,0,completed
35640,U5643,2025-05-15 13:29:00,2025-05-15 13:34:00,M,50+,office,seoul,0,0,0,0,26,0,0,46,0,0,timeout
35641,U5644,2025-04-27 16:41:00,2025-04-27 16:44:00,M,20~29,office,seoul,1,0,0,0,13,0,0,49,0,0,completed
35642,U5645,2025-08-16 08:26:00,2025-08-16 08:28:00,F,20~29,office,seoul,1,0,0,0,5,0,0,73,0,0,completed
35643,U5646,2025-10-17 21:28:00,2025-10-17 21:34:00,F,40~49,office,seoul,0,0,0,0,9,0,0,32,0,0,abandoned
35644,U5647,2025-03-24 15:22:00,2025-03-24 15:26:00,M,20~29,office,seoul,0,0,0,0,10,0,0,56,0,0,completed
35645,U5648,2025-12-09 19:55:00,2025-12-09 20:02:00,F,20~29,office,seoul,0,0,0,0,7,0,0,71,0,0,abandoned
35646,U5649,2025-06-13 12:35:00,2025-06-13 12:42:00,M,20~29,office,seoul,0,0,0,0,29,0,0,46,0,0,completed
35647,U5650,2025-01-28 09:18:00,2025-01-28 09:25:00,F,30~39,office,seoul,0,0,0,0,20,0,0,47,0,0,completed
35648,U5651,2025-11-26 08:27:00,2025-11-26 08:34:00,M,50+,office,seoul,0,0,0,0,29,0,0,11,1,0,completed
35649,U5652,2025-07-21 08:38:00,2025-07-21 08:41:00,F,20~29,office,seoul,0,0,0,0,3,0,0,11,0,0,completed
35650,U5653,2025-09-19 15:46:00,2025-09-19 15:52:00,M,20~29,office,seoul,0,0,0,0,28,0,0,14,0,0,completed
35651,U5654,2025-11-24 09:43:00,2025-11-24 09:46:00,F,50+,office,seoul,0,0,0,0,20,0,0,64,1,0,completed
35652,U5655,2025-09-19 07:48:00,2025-09-19 07:54:00,F,30~39,office,seoul,0,0,0,0,9,0,0,43,0,0,completed
35653,U5656,2025-09-12 12:51:00,2025-09-12 12:53:00,F,30~39,office,seoul,0,0,0,0,6,0,0,33,0,0,completed
35654,U5657,2025-04-18 14:22:00,2025-04-18 14:28:00,M,20~29,office,seoul,0,0,0,0,26,0,0,53,0,0,completed
35655,U5658,2025-03-12 12:11:00,2025-03-12 12:13:00,F,40~49,office,seoul,0,0,0,0,4,0,0,46,0,0,completed
35656,U5659,2025-10-11 08:23:00,2025-10-11 08:27:00,M,40~49,office,seoul,1,0,0,0,8,0,0,19,0,0,completed
35657,U5660,2025-12-30 16:42:00,2025-12-30 16:47:00,M,30~39,office,seoul,0,0,0,0,11,0,0,30,0,0,completed
35658,U5661,2025-12-06 18:38:00,2025-12-06 18:41:00,F,50+,office,seoul,1,0,0,0,4,0,0,55,0,0,completed
35659,U5662,2025-02-02 17:54:00,2025-02-02 18:00:00,M,40~49,office,seoul,1,0,0,0,19,0,0,10,0,0,completed
35660,U5663,2025-01-06 14:01:00,2025-01-06 14:06:00,M,20~29,office,seoul,0,0,0,0,26,0,0,40,0,0,completed
35661,U5664,2025-03-02 17:28:00,2025-03-02 17:30:00,F,30~39,office,seoul,1,0,0,0,15,0,0,16,0,0,completed
35662,U5665,2025-04-10 19:40:00,2025-04-10 19:47:00,F,50+,office,seoul,0,0,0,0,13,0,0,69,0,0,completed
35663,U5666,2025-09-19 09:55:00,2025-09-19 10:01:00,F,40~49,office,seoul,0,0,0,0,9,0,0,55,0,0,completed
35664,U5667,2025-12-27 15:29:00,2025-12-27 15:36:00,M,30~39,office,seoul,1,0,0,0,27,0,0,31,0,0,error
35665,U5668,2025-01-09 07:25:00,2025-01-09 07:27:00,F,50+,office,seoul,0,0,0,0,14,0,0,62,0,0,completed
35666,U5669,2025-04-18 09:42:00,2025-04-18 09:49:00,F,20~29,office,seoul,0,0,0,0,5,0,0,34,0,0,completed
35667,U5670,2025-07-15 08:21:00,2025-07-15 08:27:00,F,30~39,office,seoul,0,0,0,0,20,0,0,17,0,0,completed
35668,U5671,2025-10-05 13:44:00,2025-10-05 13:50:00,M,20~29,office,seoul,1,0,0,0,0,0,0,30,0,0,completed
35669,U5672,2025-09-27 07:13:00,2025-09-27 07:17:00,F,20~29,office,seoul,1,0,0,0,8,0,0,40,0,0,completed
35670,U5673,2025-07-28 19:48:00,2025-07-28 19:55:00,F,50+,office,seoul,0,0,0,0,16,0,0,64,0,0,completed
35671,U5674,2025-08-14 14:53:00,2025-08-14 14:56:00,F,20~29,office,seoul,0,0,0,0,15,0,0,43,0,0,abandoned
35672,U5675,2025-01-17 09:31:00,2025-01-17 09:35:00,F,30~39,office,seoul,0,0,0,0,26,0,0,26,0,0,completed
35673,U5676,2025-01-30 20:53:00,2025-01-30 20:55:00,F,20~29,office,seoul,0,0,0,0,26,0,0,75,0,0,completed
35674,U5677,2025-12-07 15:47:00,2025-12-07 15:53:00,F,40~49,office,seoul,1,0,0,0,4,0,0,34,0,0,completed
35675,U5678,2025-05-16 12:35:00,2025-05-16 12:38:00,F,20~29,office,seoul,0,0,0,0,23,0,0,11,0,0,abandoned
35676,U5679,2025-06-08 16:39:00,2025-06-08 16:41:00,F,30~39,office,seoul,1,0,0,0,28,0,0,61,0,0,completed
35677,U5680,2025-09-07 19:11:00,2025-09-07 19:16:00,M,20~29,office,seoul,1,0,0,0,7,0,0,17,0,0,completed
35678,U5681,2025-01-23 17:44:00,2025-01-23 17:51:00,M,50+,office,seoul,0,0,0,0,18,0,0,51,0,0,completed
35679,U5682,2025-11-16 11:00:00,2025-11-16 11:05:00,F,20~29,office,seoul,1,0,0,0,23,0,0,70,0,0,completed
35680,U5683,2025-11-08 13:20:00,2025-11-08 13:23:00,F,20~29,office,seoul,1,0,0,0,6,0,0,50,0,0,completed
35681,U5684,2025-03-28 17:52:00,2025-03-28 17:58:00,M,20~29,office,seoul,0,0,0,0,18,0,0,20,0,0,completed
35682,U5685,2025-02-07 16:12:00,2025-02-07 16:19:00,M,40~49,office,seoul,0,0,0,0,28,0,0,42,0,0,completed
35683,U5686,2025-04-27 07:43:00,2025-04-27 07:47:00,F,20~29,office,seoul,1,0,0,0,24,0,0,57,0,0,completed
35684,U5687,2025-08-05 11:06:00,2025-08-05 11:11:00,M,40~49,office,seoul,0,0,0,0,4,0,0,38,0,0,completed
35685,U5688,2025-09-27 15:33:00,2025-09-27 15:39:00,F,50+,office,seoul,1,0,0,0,21,0,0,70,0,0,completed
35686,U5689,2025-08-27 14:27:00,2025-08-27 14:32:00,M,20~29,office,seoul,0,0,0,0,1,0,0,65,0,0,completed
35687,U5690,2025-12-13 14:10:00,2025-12-13 14:14:00,F,50+,office,seoul,1,0,0,0,4,0,0,66,0,0,completed
35688,U5691,2025-10-08 09:41:00,2025-10-08 09:45:00,M,30~39,office,seoul,0,0,0,0,9,0,0,73,0,0,completed
35689,U5692,2025-12-17 08:14:00,2025-12-17 08:19:00,M,30~39,office,seoul,0,0,0,0,9,0,0,74,0,0,completed
35690,U5693,2025-05-05 17:27:00,2025-05-05 17:33:00,F,40~49,office,seoul,0,0,0,0,0,0,0,69,0,0,completed
35691,U5694,2025-07-08 12:44:00,2025-07-08 12:48:00,F,30~39,office,seoul,0,0,0,0,19,0,0,54,0,0,completed
35692,U5695,2025-02-14 21:48:00,2025-02-14 21:51:00,F,50+,office,seoul,0,0,0,0,24,0,0,31,0,0,completed
35693,U5696,2025-12-08 14:05:00,2025-12-08 14:09:00,F,20~29,office,seoul,0,0,0,0,2,0,0,52,0,0,completed
35694,U5697,2025-07-15 20:17:00,2025-07-15 20:22:00,F,50+,office,seoul,0,0,0,0,10,0,0,32,0,0,abandoned
35695,U5698,2025-12-17 16:03:00,2025-12-17 16:07:00,F,20~29,office,seoul,0,0,0,0,5,0,0,68,0,0,completed
35696,U5699,2025-08-03 22:20:00,2025-08-03 22:24:00,F,30~39,office,seoul,1,0,0,0,20,0,0,36,0,0,abandoned
35697,U5700,2025-06-30 09:36:00,2025-06-30 09:43:00,F,30~39,office,seoul,0,0,0,0,21,0,0,11,0,0,completed
35698,U5701,2025-08-16 16:49:00,2025-08-16 16:53:00,M,40~49,office,seoul,1,0,0,0,5,0,0,46,0,0,completed
35699,U5702,2025-03-18 13:17:00,2025-03-18 13:19:00,M,40~49,office,seoul,0,0,0,0,24,0,0,48,0,0,completed
35700,U5703,2025-02-19 07:28:00,2025-02-19 07:32:00,F,30~39,office,seoul,0,0,0,0,10,0,0,64,0,0,completed
35701,U5704,2025-01-23 19:50:00,2025-01-23 19:56:00,F,30~39,office,seoul,0,0,0,0,28,0,0,16,0,0,timeout
35702,U5705,2025-07-31 11:39:00,2025-07-31 11:42:00,F,30~39,office,seoul,0,0,0,0,8,0,0,32,0,0,abandoned
35703,U5706,2025-08-29 11:39:00,2025-08-29 11:44:00,F,40~49,office,seoul,0,0,0,0,28,0,0,18,0,0,completed
35704,U5707,2025-01-30 15:42:00,2025-01-30 15:46:00,F,40~49,office,seoul,0,0,0,0,20,0,0,66,0,0,completed
35705,U5708,2025-01-14 08:27:00,2025-01-14 08:30:00,F,40~49,office,seoul,0,0,0,0,2,0,0,65,0,0,completed
35706,U5709,2025-06-20 17:57:00,2025-06-20 18:01:00,F,20~29,office,seoul,0,0,0,0,7,0,0,70,0,0,completed
35707,U5710,2025-02-22 22:54:00,2025-02-22 23:01:00,M,50+,office,seoul,1,0,0,0,25,0,0,16,0,0,completed
35708,U5711,2025-10-23 12:42:00,2025-10-23 12:45:00,F,30~39,office,seoul,0,0,0,0,27,0,0,77,0,0,completed
35709,U5712,2025-12-19 14:26:00,2025-12-19 14:28:00,F,20~29,office,seoul,0,0,0,0,12,0,0,19,0,0,completed
35710,U5713,2025-06-05 18:39:00,2025-06-05 18:46:00,F,20~29,office,seoul,0,0,0,0,27,0,0,24,0,0,completed
35711,U5714,2025-04-29 15:35:00,2025-04-29 15:42:00,M,40~49,office,seoul,0,0,0,0,4,0,0,41,0,0,completed
35712,U5715,2025-02-02 11:52:00,2025-02-02 11:59:00,M,30~39,office,seoul,1,0,0,0,23,0,0,13,0,0,completed
35713,U5716,2025-09-16 13:21:00,2025-09-16 13:23:00,F,30~39,office,seoul,0,0,0,0,22,0,0,12,0,0,completed
35714,U5717,2025-10-26 13:34:00,2025-10-26 13:38:00,F,20~29,office,seoul,1,0,0,0,25,0,0,25,0,0,completed
35715,U5718,2025-11-20 09:23:00,2025-11-20 09:25:00,F,50+,office,seoul,0,0,0,0,6,0,0,22,0,0,completed
35716,U5719,2025-02-28 11:46:00,2025-02-28 11:48:00,M,50+,office,seoul,0,0,0,0,12,0,0,46,0,0,completed
35717,U5720,2025-10-03 12:11:00,2025-10-03 12:17:00,F,40~49,office,seoul,0,0,0,0,19,0,0,52,0,1,abandoned
35718,U5721,2025-12-06 13:11:00,2025-12-06 13:16:00,F,20~29,office,seoul,1,0,0,0,18,0,0,66,0,0,abandoned
35719,U5722,2025-08-04 16:06:00,2025-08-04 16:08:00,M,20~29,office,seoul,0,0,0,0,17,0,0,77,0,0,completed
35720,U5723,2025-09-13 07:59:00,2025-09-13 08:02:00,F,30~39,office,seoul,1,0,0,0,9,0,0,72,0,0,completed
35721,U5724,2025-10-25 15:39:00,2025-10-25 15:45:00,M,20~29,office,seoul,1,0,0,0,12,0,0,68,0,0,completed
35722,U5725,2025-02-19 19:06:00,2025-02-19 19:12:00,M,30~39,office,seoul,0,0,0,0,24,0,0,26,0,0,abandoned
35723,U5726,2025-10-10 14:56:00,2025-10-10 15:00:00,M,20~29,office,seoul,0,0,0,0,5,0,0,62,0,0,abandoned
35724,U5727,2025-07-21 15:13:00,2025-07-21 15:20:00,F,50+,office,seoul,0,0,0,0,6,0,0,27,0,0,completed
35725,U5728,2025-04-16 15:46:00,2025-04-16 15:49:00,F,30~39,office,seoul,0,0,0,0,10,0,0,32,0,0,completed
35726,U5729,2025-01-15 08:23:00,2025-01-15 08:26:00,F,40~49,office,seoul,0,0,0,0,4,0,0,44,1,0,error
35727,U5730,2025-03-23 17:14:00,2025-03-23 17:18:00,M,20~29,office,seoul,1,0,0,0,15,0,0,14,0,0,completed
35728,U5731,2025-08-25 18:54:00,2025-08-25 18:59:00,F,50+,office,seoul,0,0,0,0,1,0,0,52,0,0,completed
35729,U5732,2025-09-09 13:39:00,2025-09-09 13:44:00,M,20~29,office,seoul,0,0,0,0,3,0,0,66,0,0,error
35730,U5733,2025-07-16 15:53:00,2025-07-16 15:58:00,F,30~39,office,seoul,0,0,0,0,11,0,0,62,0,0,completed
35731,U5734,2025-06-10 08:39:00,2025-06-10 08:41:00,M,50+,office,seoul,0,0,0,0,5,0,0,31,1,1,completed
35732,U5735,2025-06-17 08:21:00,2025-06-17 08:25:00,F,40~49,office,seoul,0,0,0,0,9,0,0,70,0,1,completed
35733,U5736,2025-02-12 09:46:00,2025-02-12 09:51:00,M,50+,office,seoul,0,0,0,0,12,0,0,24,0,0,completed
35734,U5737,2025-11-08 13:11:00,2025-11-08 13:14:00,M,40~49,office,seoul,1,0,0,0,20,0,0,63,0,0,timeout
35735,U5738,2025-03-30 21:46:00,2025-03-30 21:50:00,F,50+,office,seoul,1,0,0,0,21,0,0,42,0,0,completed
35736,U5739,2025-06-06 20:35:00,2025-06-06 20:39:00,F,30~39,office,seoul,0,0,0,0,21,0,0,77,0,0,completed
35737,U5740,2025-11-19 16:16:00,2025-11-19 16:23:00,F,20~29,office,seoul,0,0,0,0,11,0,0,35,0,0,completed
35738,U5741,2025-04-01 16:24:00,2025-04-01 16:29:00,F,40~49,office,seoul,0,0,0,0,20,0,0,36,0,0,completed
35739,U5742,2025-09-12 11:54:00,2025-09-12 12:00:00,F,20~29,office,seoul,0,0,0,0,6,0,0,33,0,0,completed
35740,U5743,2025-10-16 08:04:00,2025-10-16 08:09:00,M,20~29,office,seoul,0,0,0,0,17,0,0,40,0,0,abandoned
35741,U5744,2025-11-12 07:55:00,2025-11-12 08:00:00,M,50+,office,seoul,0,0,0,0,5,0,0,27,0,0,completed
35742,U5745,2025-07-11 09:43:00,2025-07-11 09:46:00,M,20~29,office,seoul,0,0,0,0,7,0,0,21,0,0,completed
35743,U5746,2025-05-03 14:31:00,2025-05-03 14:36:00,F,30~39,office,seoul,1,0,0,0,13,0,0,49,0,0,completed
35744,U5747,2025-08-02 09:15:00,2025-08-02 09:18:00,M,30~39,office,seoul,1,0,0,0,6,0,0,25,0,0,completed
35745,U5748,2025-07-21 22:05:00,2025-07-21 22:09:00,F,20~29,office,seoul,0,0,0,0,4,0,0,54,0,0,completed
35746,U5749,2025-08-29 14:13:00,2025-08-29 14:19:00,M,40~49,office,seoul,0,0,0,0,17,0,0,49,0,0,completed
35747,U5750,2025-07-04 21:36:00,2025-07-04 21:39:00,F,20~29,office,seoul,0,0,0,0,14,0,0,58,0,0,completed
35748,U5751,2025-09-01 16:58:00,2025-09-01 17:01:00,M,20~29,office,seoul,0,0,0,0,1,0,0,54,0,0,completed
35749,U5752,2025-02-14 09:58:00,2025-02-14 10:04:00,F,50+,office,seoul,0,0,0,0,2,0,0,39,0,1,completed
35750,U5753,2025-08-31 19:14:00,2025-08-31 19:21:00,M,30~39,office,seoul,1,0,0,0,14,0,0,23,0,0,abandoned
35751,U5754,2025-07-25 14:30:00,2025-07-25 14:36:00,M,20~29,office,seoul,0,0,0,0,23,0,0,39,0,0,completed
35752,U5755,2025-05-22 11:37:00,2025-05-22 11:43:00,F,30~39,office,seoul,0,0,0,0,0,0,0,76,0,0,completed
35753,U5756,2025-01-15 17:28:00,2025-01-15 17:30:00,F,40~49,office,seoul,0,0,0,0,10,0,0,10,0,0,completed
35754,U5757,2025-09-20 14:08:00,2025-09-20 14:14:00,M,20~29,office,seoul,1,0,0,0,26,0,0,15,0,0,completed
35755,U5758,2025-02-12 17:12:00,2025-02-12 17:15:00,M,30~39,office,seoul,0,0,0,0,10,0,0,30,0,0,completed
35756,U5759,2025-07-07 08:58:00,2025-07-07 09:04:00,M,30~39,office,seoul,0,0,0,0,25,0,0,77,0,0,completed
35757,U5760,2025-09-27 17:35:00,2025-09-27 17:37:00,M,40~49,office,seoul,1,0,0,0,26,0,0,33,0,0,completed
35758,U5761,2025-09-16 19:23:00,2025-09-16 19:29:00,M,20~29,office,seoul,0,0,0,0,9,0,0,30,0,0,timeout
35759,U5762,2025-03-28 14:58:00,2025-03-28 15:01:00,M,20~29,office,seoul,0,0,0,0,28,0,0,45,0,0,completed
35760,U5763,2025-10-03 07:45:00,2025-10-03 07:51:00,F,50+,office,seoul,0,0,0,0,15,0,0,37,0,0,completed
35761,U5764,2025-01-07 08:56:00,2025-01-07 09:01:00,M,50+,office,seoul,0,0,0,0,4,0,0,65,0,0,completed
35762,U5765,2025-02-03 15:41:00,2025-02-03 15:43:00,M,50+,office,seoul,0,0,0,0,0,0,0,63,0,1,completed
35763,U5766,2025-02-01 08:36:00,2025-02-01 08:38:00,M,30~39,office,seoul,1,0,0,0,1,0,0,47,0,0,completed
35764,U5767,2025-12-04 17:24:00,2025-12-04 17:28:00,F,40~49,office,seoul,0,0,0,0,29,0,0,75,0,0,completed
35765,U5768,2025-05-12 20:51:00,2025-05-12 20:53:00,F,20~29,office,seoul,0,0,0,0,6,0,0,62,0,0,completed
35766,U5769,2025-11-13 16:10:00,2025-11-13 16:17:00,F,20~29,office,seoul,0,0,0,0,0,0,0,48,0,0,completed
35767,U5770,2025-05-18 09:48:00,2025-05-18 09:50:00,F,20~29,office,seoul,1,0,0,0,2,0,0,31,0,0,completed
35768,U5771,2025-11-11 17:02:00,2025-11-11 17:06:00,F,50+,office,seoul,0,0,0,0,28,0,0,64,0,0,completed
35769,U5772,2025-04-18 21:50:00,2025-04-18 21:54:00,F,20~29,office,seoul,0,0,0,0,24,0,0,11,0,0,timeout
35770,U5773,2025-11-07 17:50:00,2025-11-07 17:52:00,M,20~29,office,seoul,0,0,0,0,11,0,0,19,0,0,completed
35771,U5774,2025-07-20 07:32:00,2025-07-20 07:35:00,F,30~39,office,seoul,1,0,0,0,8,0,0,68,0,0,completed
35772,U5775,2025-06-25 12:38:00,2025-06-25 12:41:00,M,50+,office,seoul,0,0,0,0,27,0,0,68,0,1,completed
35773,U5776,2025-03-24 19:56:00,2025-03-24 20:02:00,F,40~49,office,seoul,0,0,0,0,11,0,0,70,0,0,timeout
35774,U5777,2025-10-26 17:14:00,2025-10-26 17:19:00,F,30~39,office,seoul,1,0,0,0,15,0,0,55,0,0,completed
35775,U5778,2025-03-28 12:50:00,2025-03-28 12:57:00,F,30~39,office,seoul,0,0,0,0,14,0,0,76,0,0,completed
35776,U5779,2025-08-11 19:53:00,2025-08-11 19:59:00,M,40~49,office,seoul,0,0,0,0,13,0,0,58,0,0,completed
35777,U5780,2025-08-15 12:04:00,2025-08-15 12:11:00,M,30~39,office,seoul,0,0,0,0,21,0,0,26,0,0,completed
35778,U5781,2025-03-26 08:51:00,2025-03-26 08:58:00,M,30~39,office,seoul,0,0,0,0,11,0,0,70,0,0,completed
35779,U5782,2025-07-22 17:53:00,2025-07-22 17:57:00,M,30~39,office,seoul,0,0,0,0,5,0,0,32,0,0,completed
35780,U5783,2025-12-18 15:12:00,2025-12-18 15:17:00,M,40~49,office,seoul,0,0,0,0,26,0,0,68,0,0,completed
35781,U5784,2025-02-25 16:45:00,2025-02-25 16:48:00,M,40~49,office,seoul,0,0,0,0,1,0,0,31,0,0,completed
35782,U5785,2025-05-10 08:34:00,2025-05-10 08:37:00,F,40~49,office,seoul,1,0,0,0,12,0,0,20,0,1,completed
35783,U5786,2025-03-19 12:53:00,2025-03-19 12:58:00,M,30~39,office,seoul,0,0,0,0,25,0,0,31,0,0,completed
35784,U5787,2025-05-23 15:51:00,2025-05-23 15:55:00,F,30~39,office,seoul,0,0,0,0,25,0,0,37,0,0,completed
35785,U5788,2025-05-27 19:41:00,2025-05-27 19:47:00,M,40~49,office,seoul,0,0,0,0,29,0,0,16,0,0,completed
35786,U5789,2025-09-14 18:17:00,2025-09-14 18:22:00,F,50+,office,seoul,1,0,0,0,2,0,0,33,0,0,completed
35787,U5790,2025-07-30 17:08:00,2025-07-30 17:10:00,F,30~39,office,seoul,0,0,0,0,28,0,0,70,0,0,error
35788,U5791,2025-04-28 09:22:00,2025-04-28 09:26:00,F,20~29,office,seoul,0,0,0,0,1,0,0,58,0,0,completed
35789,U5792,2025-09-13 12:32:00,2025-09-13 12:35:00,F,20~29,office,seoul,1,0,0,0,19,0,0,21,0,0,completed
35790,U5793,2025-04-14 18:23:00,2025-04-14 18:28:00,F,30~39,office,seoul,0,0,0,0,26,0,0,32,0,0,completed
35791,U5794,2025-08-04 19:45:00,2025-08-04 19:52:00,F,30~39,office,seoul,0,0,0,0,8,0,0,52,0,0,completed
35792,U5795,2025-09-29 15:54:00,2025-09-29 16:00:00,F,30~39,office,seoul,0,0,0,0,11,0,0,39,0,0,completed
35793,U5796,2025-04-17 12:13:00,2025-04-17 12:16:00,M,50+,office,seoul,0,0,0,0,7,0,0,16,0,0,abandoned
35794,U5797,2025-08-02 08:14:00,2025-08-02 08:16:00,M,30~39,office,seoul,1,0,0,0,4,0,0,34,0,0,abandoned
35795,U5798,2025-11-19 16:11:00,2025-11-19 16:18:00,F,20~29,office,seoul,0,0,0,0,19,0,0,61,0,0,completed
35796,U5799,2025-03-26 17:42:00,2025-03-26 17:48:00,M,40~49,office,seoul,0,0,0,0,18,0,0,11,0,0,abandoned
35797,U5800,2025-01-04 16:37:00,2025-01-04 16:42:00,F,30~39,office,seoul,1,0,0,0,15,0,0,10,0,0,timeout
35798,U5801,2025-05-22 08:35:00,2025-05-22 08:39:00,M,20~29,office,seoul,0,0,0,0,29,0,0,44,0,0,completed
35799,U5802,2025-01-16 19:59:00,2025-01-16 20:04:00,M,20~29,office,seoul,0,0,0,0,26,0,0,51,0,0,completed
35800,U5803,2025-01-10 20:46:00,2025-01-10 20:52:00,M,30~39,office,seoul,0,0,0,0,19,0,0,68,0,0,abandoned
35801,U5804,2025-01-06 16:29:00,2025-01-06 16:33:00,F,30~39,office,seoul,0,0,0,0,24,0,0,14,0,0,completed
35802,U5805,2025-12-09 14:33:00,2025-12-09 14:40:00,F,50+,office,seoul,0,0,0,0,13,0,0,47,0,0,completed
35803,U5806,2025-08-18 12:54:00,2025-08-18 12:58:00,M,40~49,office,seoul,0,0,0,0,26,0,0,34,0,0,completed
35804,U5807,2025-02-08 09:55:00,2025-02-08 10:01:00,F,30~39,office,seoul,1,0,0,0,14,0,0,70,0,0,completed
35805,U5808,2025-09-02 18:45:00,2025-09-02 18:50:00,F,20~29,office,seoul,0,0,0,0,1,0,0,27,0,0,timeout
35806,U5809,2025-12-08 13:57:00,2025-12-08 14:00:00,M,20~29,office,seoul,0,0,0,0,9,0,0,20,0,0,completed
35807,U5810,2025-12-29 16:11:00,2025-12-29 16:18:00,F,50+,office,seoul,0,0,0,0,16,0,0,47,1,0,completed
35808,U5811,2025-12-16 08:02:00,2025-12-16 08:08:00,F,20~29,office,seoul,0,0,0,0,13,0,0,39,0,0,completed
35809,U5812,2025-06-10 11:19:00,2025-06-10 11:22:00,M,40~49,office,seoul,0,0,0,0,13,0,0,27,0,0,completed
35810,U5813,2025-12-20 09:23:00,2025-12-20 09:28:00,F,40~49,office,seoul,1,0,0,0,17,0,0,70,0,0,completed
35811,U5814,2025-09-03 14:10:00,2025-09-03 14:12:00,F,30~39,office,seoul,0,0,0,0,4,0,0,77,0,0,completed
35812,U5815,2025-05-20 09:36:00,2025-05-20 09:39:00,M,20~29,office,seoul,0,0,0,0,4,0,0,71,0,0,completed
35813,U5816,2025-04-24 07:33:00,2025-04-24 07:38:00,F,20~29,office,seoul,0,0,0,0,22,0,0,23,0,0,completed
35814,U5817,2025-10-16 14:54:00,2025-10-16 14:59:00,M,50+,office,seoul,0,0,0,0,11,0,0,26,0,0,completed
35815,U5818,2025-04-20 15:14:00,2025-04-20 15:20:00,F,50+,office,seoul,1,0,0,0,22,0,0,10,0,0,completed
35816,U5819,2025-07-12 08:00:00,2025-07-12 08:02:00,M,30~39,office,seoul,1,0,0,0,14,0,0,66,0,0,completed
35817,U5820,2025-11-24 16:14:00,2025-11-24 16:17:00,F,20~29,office,seoul,0,0,0,0,11,0,0,10,0,0,completed
35818,U5821,2025-09-11 12:49:00,2025-09-11 12:51:00,F,20~29,office,seoul,0,0,0,0,14,0,0,22,0,0,completed
35819,U5822,2025-11-27 14:34:00,2025-11-27 14:38:00,M,50+,office,seoul,0,0,0,0,21,0,0,63,0,0,completed
35820,U5823,2025-04-04 11:52:00,2025-04-04 11:59:00,M,40~49,office,seoul,0,0,0,0,10,0,0,71,0,0,completed
35821,U5824,2025-02-22 22:00:00,2025-02-22 22:06:00,F,20~29,office,seoul,1,0,0,0,25,0,0,60,0,0,completed
35822,U5825,2025-08-08 22:22:00,2025-08-08 22:28:00,F,50+,office,seoul,0,0,0,0,26,0,0,56,0,1,completed
35823,U5826,2025-07-08 09:43:00,2025-07-08 09:46:00,F,30~39,office,seoul,0,0,0,0,13,0,0,65,0,0,completed
35824,U5827,2025-09-08 15:06:00,2025-09-08 15:11:00,F,50+,office,seoul,0,0,0,0,22,0,0,33,0,0,completed
35825,U5828,2025-02-06 08:48:00,2025-02-06 08:53:00,M,30~39,office,seoul,0,0,0,0,0,0,0,15,0,0,completed
35826,U5829,2025-10-01 07:33:00,2025-10-01 07:38:00,F,20~29,office,seoul,0,0,0,0,21,0,0,45,0,0,completed
35827,U5830,2025-10-08 17:39:00,2025-10-08 17:46:00,F,50+,office,seoul,0,0,0,0,7,0,0,67,0,0,completed
35828,U5831,2025-12-17 13:28:00,2025-12-17 13:33:00,M,20~29,office,seoul,0,0,0,0,22,0,0,14,0,0,completed
35829,U5832,2025-12-18 09:58:00,2025-12-18 10:04:00,F,40~49,office,seoul,0,0,0,0,6,0,0,66,0,0,completed
35830,U5833,2025-08-27 18:08:00,2025-08-27 18:12:00,M,20~29,office,seoul,0,0,0,0,23,0,0,67,0,0,completed
35831,U5834,2025-07-01 08:04:00,2025-07-01 08:10:00,M,30~39,office,seoul,0,0,0,0,1,0,0,27,1,0,completed
35832,U5835,2025-04-08 08:03:00,2025-04-08 08:07:00,M,30~39,office,seoul,0,0,0,0,11,0,0,65,0,0,completed
35833,U5836,2025-08-20 17:24:00,2025-08-20 17:27:00,M,20~29,office,seoul,0,0,0,0,0,0,0,63,0,0,completed
35834,U5837,2025-11-15 13:34:00,2025-11-15 13:40:00,F,50+,office,seoul,1,0,0,0,13,0,0,67,1,0,timeout
35835,U5838,2025-02-17 12:45:00,2025-02-17 12:50:00,F,20~29,office,seoul,0,0,0,0,12,0,0,71,0,0,completed
35836,U5839,2025-04-20 13:36:00,2025-04-20 13:39:00,M,40~49,office,seoul,1,0,0,0,12,0,0,41,0,0,completed
35837,U5840,2025-08-09 15:09:00,2025-08-09 15:14:00,M,20~29,office,seoul,1,0,0,0,18,0,0,10,0,0,completed
35838,U5841,2025-12-11 15:25:00,2025-12-11 15:28:00,M,40~49,office,seoul,0,0,0,0,21,0,0,23,0,0,completed
35839,U5842,2025-12-11 14:45:00,2025-12-11 14:51:00,M,20~29,office,seoul,0,0,0,0,26,0,0,13,0,0,completed
35840,U5843,2025-08-11 18:22:00,2025-08-11 18:24:00,M,20~29,office,seoul,0,0,0,0,5,0,0,48,0,0,completed
35841,U5844,2025-09-09 15:30:00,2025-09-09 15:35:00,F,20~29,office,seoul,0,0,0,0,12,0,0,69,0,0,completed
35842,U5845,2025-11-25 17:28:00,2025-11-25 17:30:00,M,20~29,office,seoul,0,0,0,0,26,0,0,21,0,0,completed
35843,U5846,2025-04-10 15:26:00,2025-04-10 15:32:00,M,50+,office,seoul,0,0,0,0,10,0,0,79,0,0,timeout
35844,U5847,2025-08-10 18:53:00,2025-08-10 18:56:00,F,50+,office,seoul,1,0,0,0,5,0,0,16,0,0,completed
35845,U5848,2025-08-01 18:39:00,2025-08-01 18:42:00,M,30~39,office,seoul,0,0,0,0,15,0,0,55,0,0,abandoned
35846,U5849,2025-12-07 13:58:00,2025-12-07 14:02:00,M,20~29,office,seoul,1,0,0,0,3,0,0,42,0,0,completed
35847,U5850,2025-05-26 11:17:00,2025-05-26 11:21:00,F,30~39,office,seoul,0,0,0,0,27,0,0,74,0,0,completed
35848,U5851,2025-05-15 22:28:00,2025-05-15 22:35:00,M,20~29,office,seoul,0,0,0,0,24,0,0,49,0,0,completed
35849,U5852,2025-08-27 08:11:00,2025-08-27 08:16:00,F,40~49,office,seoul,0,0,0,0,21,0,0,24,0,0,abandoned
35850,U5853,2025-03-12 12:51:00,2025-03-12 12:58:00,M,40~49,office,seoul,0,0,0,0,0,0,0,39,0,0,completed
35851,U5854,2025-09-15 17:03:00,2025-09-15 17:05:00,M,30~39,office,seoul,0,0,0,0,10,0,0,72,0,0,completed
35852,U5855,2025-08-25 19:03:00,2025-08-25 19:05:00,F,30~39,office,seoul,0,0,0,0,2,0,0,30,0,0,completed
35853,U5856,2025-08-07 15:47:00,2025-08-07 15:51:00,M,40~49,office,seoul,0,0,0,0,14,0,0,33,0,0,completed
35854,U5857,2025-02-23 13:36:00,2025-02-23 13:38:00,F,20~29,office,seoul,1,0,0,0,3,0,0,50,0,0,completed
35855,U5858,2025-07-18 14:43:00,2025-07-18 14:47:00,M,50+,office,seoul,0,0,0,0,15,0,0,18,0,0,completed
35856,U5859,2025-06-17 08:00:00,2025-06-17 08:05:00,M,30~39,office,seoul,0,0,0,0,23,0,0,56,0,0,completed
35857,U5860,2025-04-24 18:30:00,2025-04-24 18:37:00,M,30~39,office,seoul,0,0,0,0,5,0,0,13,0,0,completed
35858,U5861,2025-11-23 12:33:00,2025-11-23 12:35:00,F,20~29,office,seoul,1,0,0,0,5,0,0,19,0,0,completed
35859,U5862,2025-07-19 11:28:00,2025-07-19 11:35:00,F,20~29,office,seoul,1,0,0,0,19,0,0,30,0,0,completed
35860,U5863,2025-11-02 12:43:00,2025-11-02 12:47:00,F,20~29,office,seoul,1,0,0,0,1,0,0,61,0,0,abandoned
35861,U5864,2025-05-10 15:42:00,2025-05-10 15:45:00,F,20~29,office,seoul,1,0,0,0,2,0,0,69,0,0,completed
35862,U5865,2025-10-18 16:49:00,2025-10-18 16:52:00,F,20~29,office,seoul,1,0,0,0,23,0,0,18,0,0,completed
35863,U5866,2025-08-15 12:40:00,2025-08-15 12:44:00,F,50+,office,seoul,0,0,0,0,16,0,0,38,0,0,completed
35864,U5867,2025-11-06 09:24:00,2025-11-06 09:26:00,F,20~29,office,seoul,0,0,0,0,8,0,0,50,0,0,completed
35865,U5868,2025-08-09 18:54:00,2025-08-09 18:56:00,F,20~29,office,seoul,1,0,0,0,9,0,0,39,0,0,completed
35866,U5869,2025-08-05 18:59:00,2025-08-05 19:06:00,M,20~29,office,seoul,0,0,0,0,11,0,0,70,0,0,completed
35867,U5870,2025-08-13 15:59:00,2025-08-13 16:06:00,F,30~39,office,seoul,0,0,0,0,15,0,0,62,0,0,completed
35868,U5871,2025-10-21 09:14:00,2025-10-21 09:19:00,M,20~29,office,seoul,0,0,0,0,20,0,0,78,0,0,completed
35869,U5872,2025-08-26 15:50:00,2025-08-26 15:57:00,M,20~29,office,seoul,0,0,0,0,29,0,0,37,0,0,abandoned
35870,U5873,2025-04-03 08:30:00,2025-04-03 08:32:00,F,50+,office,seoul,0,0,0,0,25,0,0,67,0,0,completed
35871,U5874,2025-04-01 13:02:00,2025-04-01 13:05:00,F,30~39,office,seoul,0,0,0,0,20,0,0,13,0,0,completed
35872,U5875,2025-06-16 08:50:00,2025-06-16 08:57:00,M,30~39,office,seoul,0,0,0,0,14,0,0,68,0,0,completed
35873,U5876,2025-11-06 17:29:00,2025-11-06 17:33:00,F,40~49,office,seoul,0,0,0,0,27,0,0,26,1,0,completed
35874,U5877,2025-09-28 11:57:00,2025-09-28 12:02:00,M,30~39,office,seoul,1,0,0,0,15,0,0,55,0,0,completed
35875,U5878,2025-03-27 17:09:00,2025-03-27 17:12:00,M,40~49,office,seoul,0,0,0,0,19,0,0,11,0,0,abandoned
35876,U5879,2025-03-13 12:16:00,2025-03-13 12:19:00,F,30~39,office,seoul,0,0,0,0,27,0,0,75,0,0,completed
35877,U5880,2025-05-16 13:38:00,2025-05-16 13:41:00,F,50+,office,seoul,0,0,0,0,28,0,0,11,1,0,completed
35878,U5881,2025-08-02 16:58:00,2025-08-02 17:01:00,F,20~29,office,seoul,1,0,0,0,11,0,0,61,0,0,completed
35879,U5882,2025-09-24 13:53:00,2025-09-24 13:59:00,F,30~39,office,seoul,0,0,0,0,24,0,0,14,0,0,completed
35880,U5883,2025-07-01 11:35:00,2025-07-01 11:39:00,F,30~39,office,seoul,0,0,0,0,9,0,0,57,0,0,completed
35881,U5884,2025-10-27 17:32:00,2025-10-27 17:36:00,F,20~29,office,seoul,0,0,0,0,13,0,0,70,0,0,abandoned
35882,U5885,2025-07-18 15:53:00,2025-07-18 15:58:00,F,20~29,office,seoul,0,0,0,0,13,0,0,18,0,0,abandoned
35883,U5886,2025-08-21 15:41:00,2025-08-21 15:48:00,F,20~29,office,seoul,0,0,0,0,18,0,0,48,0,0,completed
35884,U5887,2025-10-19 12:07:00,2025-10-19 12:12:00,F,30~39,office,seoul,1,0,0,0,6,0,0,24,0,0,completed
35885,U5888,2025-10-12 15:22:00,2025-10-12 15:25:00,F,40~49,office,seoul,1,0,0,0,23,0,0,25,0,0,completed
35886,U5889,2025-12-12 15:06:00,2025-12-12 15:10:00,F,30~39,office,seoul,0,0,0,0,27,0,0,78,0,0,abandoned
35887,U5890,2025-04-26 17:22:00,2025-04-26 17:29:00,M,20~29,office,seoul,1,0,0,0,4,0,0,71,0,0,completed
35888,U5891,2025-07-21 13:11:00,2025-07-21 13:16:00,M,30~39,office,seoul,0,0,0,0,11,0,0,77,0,0,completed
35889,U5892,2025-02-16 13:13:00,2025-02-16 13:16:00,F,20~29,office,seoul,1,0,0,0,9,0,0,72,0,0,abandoned
35890,U5893,2025-11-25 14:54:00,2025-11-25 14:56:00,F,50+,office,seoul,0,0,0,0,19,0,0,14,0,0,timeout
35891,U5894,2025-07-30 14:55:00,2025-07-30 15:02:00,F,30~39,office,seoul,0,0,0,0,19,0,0,20,0,0,completed
35892,U5895,2025-07-29 09:50:00,2025-07-29 09:57:00,F,40~49,office,seoul,0,0,0,0,5,0,0,16,0,0,completed
35893,U5896,2025-06-04 17:41:00,2025-06-04 17:43:00,F,40~49,office,seoul,0,0,0,0,9,0,0,76,0,1,completed
35894,U5897,2025-10-21 14:57:00,2025-10-21 15:01:00,F,20~29,office,seoul,0,0,0,0,12,0,0,79,0,0,abandoned
35895,U5898,2025-06-04 14:19:00,2025-06-04 14:25:00,M,50+,office,seoul,0,0,0,0,19,0,0,15,0,0,completed
35896,U5899,2025-06-13 13:04:00,2025-06-13 13:06:00,M,30~39,office,seoul,0,0,0,0,2,0,0,20,0,0,completed
35897,U5900,2025-09-26 11:39:00,2025-09-26 11:44:00,M,30~39,office,seoul,0,0,0,0,24,0,0,49,0,0,completed
35898,U5901,2025-11-04 11:58:00,2025-11-04 12:05:00,M,40~49,office,seoul,0,0,0,0,15,0,0,41,0,0,completed
35899,U5902,2025-05-06 12:16:00,2025-05-06 12:23:00,M,40~49,office,seoul,0,0,0,0,10,0,0,76,0,0,completed
35900,U5903,2025-11-14 11:36:00,2025-11-14 11:43:00,F,20~29,office,seoul,0,0,0,0,2,0,0,46,0,0,abandoned
35901,U5904,2025-02-09 08:30:00,2025-02-09 08:32:00,M,20~29,office,seoul,1,0,0,0,15,0,0,57,0,0,completed
35902,U5905,2025-05-25 12:38:00,2025-05-25 12:45:00,M,30~39,office,seoul,1,0,0,0,16,0,0,32,0,0,completed
35903,U5906,2025-01-11 12:40:00,2025-01-11 12:45:00,M,20~29,office,seoul,1,0,0,0,16,0,0,38,0,0,completed
35904,U5907,2025-01-13 20:09:00,2025-01-13 20:15:00,F,40~49,office,seoul,0,0,0,0,6,0,0,32,0,0,completed
35905,U5908,2025-05-13 15:37:00,2025-05-13 15:40:00,F,40~49,office,seoul,0,0,0,0,0,0,0,49,0,0,error
35906,U5909,2025-08-12 13:31:00,2025-08-12 13:33:00,F,20~29,office,seoul,0,0,0,0,3,0,0,19,0,0,completed
35907,U5910,2025-06-21 07:26:00,2025-06-21 07:33:00,F,20~29,office,seoul,1,0,0,0,24,0,0,42,0,0,timeout
35908,U5911,2025-10-18 17:04:00,2025-10-18 17:07:00,F,20~29,office,seoul,1,0,0,0,11,0,0,47,0,0,completed
35909,U5912,2025-07-11 13:42:00,2025-07-11 13:49:00,F,20~29,office,seoul,0,0,0,0,16,0,0,42,0,0,completed
35910,U5913,2025-07-01 20:34:00,2025-07-01 20:41:00,F,50+,office,seoul,0,0,0,0,21,0,0,48,0,0,completed
35911,U5914,2025-09-26 17:42:00,2025-09-26 17:46:00,F,50+,office,seoul,0,0,0,0,27,0,0,10,0,0,completed
35912,U5915,2025-10-18 16:53:00,2025-10-18 16:58:00,F,50+,office,seoul,1,0,0,0,10,0,0,45,0,0,completed
35913,U5916,2025-01-26 14:47:00,2025-01-26 14:50:00,F,20~29,office,seoul,1,0,0,0,11,0,0,35,0,0,completed
35914,U5917,2025-02-27 14:23:00,2025-02-27 14:26:00,M,40~49,office,seoul,0,0,0,0,0,0,0,24,0,0,completed
35915,U5918,2025-06-16 17:01:00,2025-06-16 17:04:00,F,20~29,office,seoul,0,0,0,0,10,0,0,57,0,0,completed
35916,U5919,2025-11-14 15:38:00,2025-11-14 15:41:00,M,30~39,office,seoul,0,0,0,0,13,0,0,23,0,0,completed
35917,U5920,2025-09-10 18:24:00,2025-09-10 18:29:00,F,20~29,office,seoul,0,0,0,0,7,0,0,54,0,0,completed
35918,U5921,2025-03-21 22:54:00,2025-03-21 22:56:00,F,30~39,office,seoul,0,0,0,0,21,0,0,35,0,0,completed
35919,U5922,2025-06-03 12:08:00,2025-06-03 12:12:00,F,40~49,office,seoul,0,0,0,0,3,0,0,38,0,0,completed
35920,U5923,2025-06-29 19:18:00,2025-06-29 19:24:00,F,20~29,office,seoul,1,0,0,0,13,0,0,47,0,0,completed
35921,U5924,2025-12-29 15:23:00,2025-12-29 15:28:00,F,30~39,office,seoul,0,0,0,0,0,0,0,58,0,0,completed
35922,U5925,2025-08-22 12:27:00,2025-08-22 12:31:00,M,40~49,office,seoul,0,0,0,0,26,0,0,36,0,0,abandoned
35923,U5926,2025-03-05 08:57:00,2025-03-05 09:00:00,M,30~39,office,seoul,0,0,0,0,16,0,0,38,0,0,completed
35924,U5927,2025-11-25 12:45:00,2025-11-25 12:50:00,F,30~39,office,seoul,0,0,0,0,28,0,0,53,0,0,completed
35925,U5928,2025-08-05 13:52:00,2025-08-05 13:56:00,M,30~39,office,seoul,0,0,0,0,12,0,0,39,0,0,completed
35926,U5929,2025-01-16 08:40:00,2025-01-16 08:45:00,M,40~49,office,seoul,0,0,0,0,27,0,0,36,0,0,completed
35927,U5930,2025-12-20 18:40:00,2025-12-20 18:46:00,M,40~49,office,seoul,1,0,0,0,13,0,0,61,0,0,completed
35928,U5931,2025-06-18 19:13:00,2025-06-18 19:17:00,M,30~39,office,seoul,0,0,0,0,13,0,0,63,0,0,completed
35929,U5932,2025-03-10 09:43:00,2025-03-10 09:49:00,F,30~39,office,seoul,0,0,0,0,12,0,0,54,0,0,completed
35930,U5933,2025-01-19 19:13:00,2025-01-19 19:16:00,F,30~39,office,seoul,1,0,0,0,8,0,0,71,0,0,completed
35931,U5934,2025-11-08 11:44:00,2025-11-08 11:51:00,M,50+,office,seoul,1,0,0,0,23,0,0,61,0,0,completed
35932,U5935,2025-04-02 18:58:00,2025-04-02 19:05:00,F,50+,office,seoul,0,0,0,0,14,0,0,46,0,0,completed
35933,U5936,2025-07-30 22:09:00,2025-07-30 22:13:00,F,30~39,office,seoul,0,0,0,0,21,0,0,69,0,0,completed
35934,U5937,2025-01-14 11:25:00,2025-01-14 11:32:00,M,20~29,office,seoul,0,0,0,0,23,0,0,20,1,0,abandoned
35935,U5938,2025-09-29 09:37:00,2025-09-29 09:40:00,M,20~29,office,seoul,0,0,0,0,3,0,0,73,0,0,completed
35936,U5939,2025-08-03 16:24:00,2025-08-03 16:31:00,F,40~49,office,seoul,1,0,0,0,4,0,0,19,0,0,completed
35937,U5940,2025-03-19 11:00:00,2025-03-19 11:03:00,F,40~49,office,seoul,0,0,0,0,22,0,0,15,0,0,completed
35938,U5941,2025-08-26 16:10:00,2025-08-26 16:12:00,F,50+,office,seoul,0,0,0,0,15,0,0,78,0,0,abandoned
35939,U5942,2025-05-21 12:43:00,2025-05-21 12:47:00,F,20~29,office,seoul,0,0,0,0,18,0,0,51,0,0,completed
35940,U5943,2025-12-15 15:38:00,2025-12-15 15:41:00,F,20~29,office,seoul,0,0,0,0,17,0,0,59,0,0,completed
35941,U5944,2025-03-21 08:28:00,2025-03-21 08:30:00,M,30~39,office,seoul,0,0,0,0,22,0,0,28,0,0,completed
35942,U5945,2025-09-12 09:47:00,2025-09-12 09:50:00,F,50+,office,seoul,0,0,0,0,26,0,0,64,0,0,abandoned
35943,U5946,2025-11-20 22:12:00,2025-11-20 22:18:00,M,40~49,office,seoul,0,0,0,0,7,0,0,70,0,0,completed
35944,U5947,2025-03-06 12:38:00,2025-03-06 12:44:00,F,20~29,office,seoul,0,0,0,0,19,0,0,41,0,0,timeout
35945,U5948,2025-07-20 19:56:00,2025-07-20 20:01:00,M,40~49,office,seoul,1,0,0,0,11,0,0,15,0,0,completed
35946,U5949,2025-01-04 14:17:00,2025-01-04 14:21:00,F,50+,office,seoul,1,0,0,0,4,0,0,78,0,1,completed
35947,U5950,2025-10-26 17:32:00,2025-10-26 17:36:00,F,20~29,office,seoul,1,0,0,0,16,0,0,41,0,0,completed
35948,U5951,2025-06-07 09:01:00,2025-06-07 09:06:00,F,30~39,office,seoul,1,0,0,0,3,0,0,36,0,0,completed
35949,U5952,2025-09-29 09:06:00,2025-09-29 09:11:00,F,40~49,office,seoul,0,0,0,0,15,0,0,48,0,0,completed
35950,U5953,2025-04-24 12:07:00,2025-04-24 12:09:00,F,30~39,office,seoul,0,0,0,0,1,0,0,19,0,0,completed
35951,U5954,2025-11-13 09:53:00,2025-11-13 10:00:00,M,20~29,office,seoul,0,0,0,0,19,0,0,33,0,0,completed
35952,U5955,2025-02-26 16:07:00,2025-02-26 16:10:00,M,30~39,office,seoul,0,0,0,0,22,0,0,67,0,0,completed
35953,U5956,2025-02-18 09:12:00,2025-02-18 09:17:00,F,40~49,office,seoul,0,0,0,0,25,0,0,15,0,0,completed
35954,U5957,2025-04-03 19:36:00,2025-04-03 19:42:00,F,50+,office,seoul,0,0,0,0,10,0,0,50,0,0,completed
35955,U5958,2025-03-28 08:43:00,2025-03-28 08:49:00,F,40~49,office,seoul,0,0,0,0,3,0,0,44,0,0,completed
35956,U5959,2025-10-12 17:26:00,2025-10-12 17:30:00,M,20~29,office,seoul,1,0,0,0,2,0,0,27,0,0,completed
35957,U5960,2025-08-16 18:06:00,2025-08-16 18:12:00,M,30~39,office,seoul,1,0,0,0,13,0,0,77,0,0,completed
35958,U5961,2025-03-13 19:46:00,2025-03-13 19:48:00,F,20~29,office,seoul,0,0,0,0,20,0,0,26,0,0,abandoned
35959,U5962,2025-06-29 16:16:00,2025-06-29 16:19:00,M,20~29,office,seoul,1,0,0,0,19,0,0,11,0,0,completed
35960,U5963,2025-12-13 15:04:00,2025-12-13 15:07:00,F,20~29,office,seoul,1,0,0,0,18,0,0,22,0,0,completed
35961,U5964,2025-05-27 11:24:00,2025-05-27 11:26:00,M,40~49,office,seoul,0,0,0,0,21,0,0,29,0,0,completed
35962,U5965,2025-05-19 14:21:00,2025-05-19 14:25:00,M,50+,office,seoul,0,0,0,0,23,0,0,63,0,0,completed
35963,U5966,2025-09-20 12:43:00,2025-09-20 12:48:00,F,30~39,office,seoul,1,0,0,0,28,0,0,47,0,0,completed
35964,U5967,2025-06-17 15:13:00,2025-06-17 15:16:00,M,40~49,office,seoul,0,0,0,0,10,0,0,60,0,0,completed
35965,U5968,2025-07-04 16:10:00,2025-07-04 16:16:00,F,20~29,office,seoul,0,0,0,0,11,0,0,64,0,0,completed
35966,U5969,2025-11-03 17:39:00,2025-11-03 17:41:00,M,20~29,office,seoul,0,0,0,0,10,0,0,41,0,0,abandoned
35967,U5970,2025-05-28 11:54:00,2025-05-28 11:59:00,F,30~39,office,seoul,0,0,0,0,17,0,0,13,0,0,completed
35968,U5971,2025-10-30 16:53:00,2025-10-30 17:00:00,F,30~39,office,seoul,0,0,0,0,18,0,0,38,0,1,completed
35969,U5972,2025-02-05 22:22:00,2025-02-05 22:26:00,M,30~39,office,seoul,0,0,0,0,26,0,0,58,0,0,completed
35970,U5973,2025-01-05 14:28:00,2025-01-05 14:33:00,M,30~39,office,seoul,1,0,0,0,2,0,0,29,0,0,completed
35971,U5974,2025-03-28 12:25:00,2025-03-28 12:30:00,F,40~49,office,seoul,0,0,0,0,2,0,0,16,0,0,completed
35972,U5975,2025-04-08 07:54:00,2025-04-08 07:57:00,F,50+,office,seoul,0,0,0,0,15,0,0,33,0,0,completed
35973,U5976,2025-09-16 08:15:00,2025-09-16 08:19:00,M,50+,office,seoul,0,0,0,0,10,0,0,54,0,0,completed
35974,U5977,2025-03-27 13:18:00,2025-03-27 13:22:00,F,20~29,office,seoul,0,0,0,0,27,0,0,63,0,0,completed
35975,U5978,2025-11-06 16:42:00,2025-11-06 16:44:00,F,30~39,office,seoul,0,0,0,0,26,0,0,60,0,0,completed
35976,U5979,2025-03-07 18:44:00,2025-03-07 18:47:00,F,30~39,office,seoul,0,0,0,0,7,0,0,65,0,0,abandoned
35977,U5980,2025-12-30 19:00:00,2025-12-30 19:03:00,F,50+,office,seoul,0,0,0,0,23,0,0,36,0,0,completed
35978,U5981,2025-02-09 16:26:00,2025-02-09 16:31:00,F,20~29,office,seoul,1,0,0,0,24,0,0,16,0,0,completed
35979,U5982,2025-02-08 12:53:00,2025-02-08 12:57:00,F,30~39,office,seoul,1,0,0,0,8,0,0,23,0,0,completed
35980,U5983,2025-02-26 16:14:00,2025-02-26 16:19:00,F,40~49,office,seoul,0,0,0,0,13,0,0,38,0,0,completed
35981,U5984,2025-08-29 08:55:00,2025-08-29 09:02:00,M,30~39,office,seoul,0,0,0,0,18,0,0,11,0,0,completed
35982,U5985,2025-10-08 16:53:00,2025-10-08 16:56:00,F,40~49,office,seoul,0,0,0,0,0,0,0,56,0,0,abandoned
35983,U5986,2025-09-02 08:22:00,2025-09-02 08:25:00,F,20~29,office,seoul,0,0,0,0,25,0,0,31,0,0,completed
35984,U5987,2025-09-15 15:59:00,2025-09-15 16:02:00,F,50+,office,seoul,0,0,0,0,4,0,0,61,0,0,completed
35985,U5988,2025-01-24 12:43:00,2025-01-24 12:47:00,F,20~29,office,seoul,0,0,0,0,20,0,0,23,0,0,completed
35986,U5989,2025-10-10 08:12:00,2025-10-10 08:15:00,M,50+,office,seoul,0,0,0,0,26,0,0,68,0,0,completed
35987,U5990,2025-09-06 13:43:00,2025-09-06 13:47:00,F,30~39,office,seoul,1,0,0,0,29,0,0,12,0,0,completed
35988,U5991,2025-05-20 07:20:00,2025-05-20 07:25:00,F,40~49,office,seoul,0,0,0,0,9,0,0,57,1,0,completed
35989,U5992,2025-07-05 14:02:00,2025-07-05 14:09:00,M,40~49,office,seoul,1,0,0,0,21,0,0,70,0,0,completed
35990,U5993,2025-07-04 11:40:00,2025-07-04 11:46:00,F,50+,office,seoul,0,0,0,0,14,0,0,24,0,0,completed
35991,U5994,2025-02-05 17:13:00,2025-02-05 17:15:00,M,20~29,office,seoul,0,0,0,0,28,0,0,71,0,0,completed
35992,U5995,2025-11-21 15:25:00,2025-11-21 15:31:00,F,20~29,office,seoul,0,0,0,0,6,0,0,59,0,0,completed
35993,U5996,2025-05-06 17:53:00,2025-05-06 17:58:00,F,20~29,office,seoul,0,0,0,0,18,0,0,49,0,0,completed
35994,U5997,2025-10-23 19:01:00,2025-10-23 19:08:00,M,50+,office,seoul,0,0,0,0,8,0,0,74,0,0,completed
35995,U5998,2025-11-19 12:34:00,2025-11-19 12:41:00,M,30~39,office,seoul,0,0,0,0,13,0,0,47,0,0,completed
35996,U5999,2025-01-25 18:35:00,2025-01-25 18:41:00,M,50+,office,seoul,1,0,0,0,4,0,0,31,0,0,completed
35997,U6000,2025-08-27 19:39:00,2025-08-27 19:45:00,M,30~39,office,seoul,0,0,0,0,25,0,0,29,0,0,completed
35998,U6001,2025-03-12 09:54:00,2025-03-12 10:00:00,M,20~29,office,seoul,0,0,0,0,7,0,0,20,0,0,completed
35999,U6002,2025-12-07 07:29:00,2025-12-07 07:33:00,F,50+,office,seoul,1,0,0,0,6,0,0,56,0,0,completed
36000,U6003,2025-05-28 07:29:00,2025-05-28 07:33:00,M,40~49,office,seoul,0,0,0,0,9,0,0,45,0,0,completed
36001,U6004,2025-03-30 17:21:00,2025-03-30 17:28:00,M,50+,office,seoul,1,0,0,0,14,0,0,36,0,0,completed
36002,U6005,2025-08-15 17:08:00,2025-08-15 17:10:00,F,40~49,office,seoul,0,0,0,0,8,0,0,48,0,0,completed
36003,U6006,2025-05-16 09:30:00,2025-05-16 09:34:00,M,20~29,office,seoul,0,0,0,0,6,0,0,15,0,0,completed
36004,U6007,2025-08-25 09:16:00,2025-08-25 09:21:00,F,50+,office,seoul,0,0,0,0,14,0,0,65,0,0,completed
36005,U6008,2025-11-13 08:12:00,2025-11-13 08:15:00,M,40~49,office,seoul,0,0,0,0,0,0,0,56,0,0,completed
36006,U6009,2025-06-02 08:08:00,2025-06-02 08:12:00,M,50+,office,seoul,0,0,0,0,29,0,0,61,0,0,completed
36007,U6010,2025-06-07 09:59:00,2025-06-07 10:02:00,F,50+,office,seoul,1,0,0,0,23,0,0,70,0,1,completed
36008,U6011,2025-04-21 18:54:00,2025-04-21 18:59:00,F,50+,office,seoul,0,0,0,0,23,0,0,18,1,0,completed
36009,U6012,2025-08-19 20:52:00,2025-08-19 20:55:00,M,30~39,office,seoul,0,0,0,0,24,0,0,40,0,0,completed
36010,U6013,2025-12-17 16:42:00,2025-12-17 16:45:00,F,30~39,office,seoul,0,0,0,0,25,0,0,46,0,0,completed
36011,U6014,2025-02-23 13:30:00,2025-02-23 13:33:00,F,20~29,office,seoul,1,0,0,0,4,0,0,47,0,0,completed
36012,U6015,2025-03-14 07:52:00,2025-03-14 07:59:00,F,30~39,office,seoul,0,0,0,0,4,0,0,63,0,0,completed
36013,U6016,2025-06-03 14:56:00,2025-06-03 15:00:00,M,40~49,office,seoul,0,0,0,0,21,0,0,78,0,0,completed
36014,U6017,2025-06-02 13:41:00,2025-06-02 13:46:00,F,40~49,office,seoul,0,0,0,0,8,0,0,47,0,0,completed
36015,U6018,2025-07-22 12:09:00,2025-07-22 12:15:00,M,50+,office,seoul,0,0,0,0,26,0,0,51,0,0,abandoned
36016,U6019,2025-12-18 09:28:00,2025-12-18 09:32:00,F,50+,office,seoul,0,0,0,0,19,0,0,42,0,0,completed
36017,U6020,2025-08-30 14:08:00,2025-08-30 14:15:00,F,30~39,office,seoul,1,0,0,0,15,0,0,56,0,0,completed
36018,U6021,2025-11-23 17:45:00,2025-11-23 17:47:00,F,50+,office,seoul,1,0,0,0,12,0,0,54,0,0,error
36019,U6022,2025-07-23 09:38:00,2025-07-23 09:42:00,M,20~29,office,seoul,0,0,0,0,0,0,0,43,0,0,timeout
36020,U6023,2025-08-12 11:00:00,2025-08-12 11:07:00,F,40~49,office,seoul,0,0,0,0,2,0,0,55,0,0,completed
36021,U6024,2025-05-23 15:35:00,2025-05-23 15:37:00,M,30~39,office,seoul,0,0,0,0,20,0,0,19,0,0,completed
36022,U6025,2025-07-05 15:40:00,2025-07-05 15:42:00,F,20~29,office,seoul,1,0,0,0,20,0,0,61,0,1,completed
36023,U6026,2025-05-09 21:08:00,2025-05-09 21:12:00,F,20~29,office,seoul,0,0,0,0,28,0,0,24,0,0,completed
36024,U6027,2025-05-22 14:40:00,2025-05-22 14:42:00,F,20~29,office,seoul,0,0,0,0,15,0,0,57,0,0,completed
36025,U6028,2025-03-14 15:09:00,2025-03-14 15:13:00,M,40~49,office,seoul,0,0,0,0,27,0,0,64,0,0,abandoned
36026,U6029,2025-11-30 12:31:00,2025-11-30 12:36:00,F,40~49,office,seoul,1,0,0,0,28,0,0,15,0,0,completed
36027,U6030,2025-11-11 19:41:00,2025-11-11 19:47:00,F,40~49,office,seoul,0,0,0,0,7,0,0,65,0,0,completed
36028,U6031,2025-04-18 13:09:00,2025-04-18 13:13:00,M,40~49,office,seoul,0,0,0,0,23,0,0,45,0,0,completed
36029,U6032,2025-05-19 22:42:00,2025-05-19 22:48:00,F,40~49,office,seoul,0,0,0,0,6,0,0,26,0,0,completed
36030,U6033,2025-07-16 17:35:00,2025-07-16 17:39:00,M,40~49,office,seoul,0,0,0,0,29,0,0,65,0,0,completed
36031,U6034,2025-09-10 19:01:00,2025-09-10 19:05:00,F,20~29,office,seoul,0,0,0,0,28,0,0,47,0,0,abandoned
36032,U6035,2025-02-25 09:48:00,2025-02-25 09:55:00,M,40~49,office,seoul,0,0,0,0,26,0,0,33,0,0,completed
36033,U6036,2025-05-13 18:15:00,2025-05-13 18:20:00,F,40~49,office,seoul,0,0,0,0,7,0,0,57,0,0,completed
36034,U6037,2025-03-15 13:08:00,2025-03-15 13:15:00,M,30~39,office,seoul,1,0,0,0,26,0,0,74,0,0,completed
36035,U6038,2025-01-30 13:38:00,2025-01-30 13:42:00,M,20~29,office,seoul,0,0,0,0,11,0,0,30,0,0,completed
36036,U6039,2025-06-05 17:12:00,2025-06-05 17:18:00,M,30~39,office,seoul,0,0,0,0,4,0,0,64,0,0,completed
36037,U6040,2025-05-30 13:16:00,2025-05-30 13:20:00,F,20~29,office,seoul,0,0,0,0,8,0,0,30,0,0,completed
36038,U6041,2025-11-23 14:40:00,2025-11-23 14:42:00,F,20~29,office,seoul,1,0,0,0,16,0,0,38,0,0,completed
36039,U6042,2025-08-01 18:35:00,2025-08-01 18:38:00,F,40~49,office,seoul,0,0,0,0,4,0,0,51,0,0,completed
36040,U6043,2025-10-13 22:19:00,2025-10-13 22:21:00,F,40~49,office,seoul,0,0,0,0,27,0,0,16,0,0,completed
36041,U6044,2025-10-15 08:11:00,2025-10-15 08:14:00,F,30~39,office,seoul,0,0,0,0,6,0,0,21,0,0,abandoned
36042,U6045,2025-03-29 09:51:00,2025-03-29 09:54:00,F,30~39,office,seoul,1,0,0,0,19,0,0,78,1,0,completed
36043,U6046,2025-11-06 09:26:00,2025-11-06 09:28:00,F,20~29,office,seoul,0,0,0,0,10,0,0,58,0,0,completed
36044,U6047,2025-02-10 12:44:00,2025-02-10 12:50:00,M,20~29,office,seoul,0,0,0,0,15,0,0,15,0,0,completed
36045,U6048,2025-07-26 07:46:00,2025-07-26 07:51:00,M,30~39,office,seoul,1,0,0,0,6,0,0,72,0,0,completed
36046,U6049,2025-06-30 20:16:00,2025-06-30 20:20:00,F,20~29,office,seoul,0,0,0,0,6,0,0,26,0,0,abandoned
36047,U6050,2025-11-13 16:20:00,2025-11-13 16:26:00,F,40~49,office,seoul,0,0,0,0,4,0,0,29,0,0,completed
36048,U6051,2025-04-01 16:30:00,2025-04-01 16:34:00,M,30~39,office,seoul,0,0,0,0,11,0,0,32,0,0,completed
36049,U6052,2025-09-08 11:38:00,2025-09-08 11:42:00,F,20~29,office,seoul,0,0,0,0,17,0,0,32,0,0,completed
36050,U6053,2025-09-10 14:35:00,2025-09-10 14:38:00,M,20~29,office,seoul,0,0,0,0,21,0,0,42,0,0,completed
36051,U6054,2025-04-06 17:07:00,2025-04-06 17:10:00,M,20~29,office,seoul,1,0,0,0,12,0,0,16,0,0,completed
36052,U6055,2025-01-04 15:10:00,2025-01-04 15:14:00,F,20~29,office,seoul,1,0,0,0,21,0,0,55,0,0,completed
36053,U6056,2025-02-05 15:59:00,2025-02-05 16:05:00,F,40~49,office,seoul,0,0,0,0,20,0,0,31,0,0,completed
36054,U6057,2025-07-05 15:26:00,2025-07-05 15:30:00,M,30~39,office,seoul,1,0,0,0,3,0,0,36,0,0,completed
36055,U6058,2025-10-04 17:15:00,2025-10-04 17:22:00,F,20~29,office,seoul,1,0,0,0,9,0,0,61,0,0,completed
36056,U6059,2025-03-01 12:07:00,2025-03-01 12:14:00,F,20~29,office,seoul,1,0,0,0,13,0,0,28,0,0,completed
36057,U6060,2025-08-16 14:56:00,2025-08-16 14:59:00,M,30~39,office,seoul,1,0,0,0,18,0,0,43,0,0,completed
36058,U6061,2025-09-09 16:08:00,2025-09-09 16:12:00,F,20~29,office,seoul,0,0,0,0,21,0,0,65,0,0,completed
36059,U6062,2025-08-23 08:38:00,2025-08-23 08:43:00,M,30~39,office,seoul,1,0,0,0,4,0,0,10,0,0,completed
36060,U6063,2025-03-21 19:20:00,2025-03-21 19:24:00,F,50+,office,seoul,0,0,0,0,22,0,0,45,1,0,completed
36061,U6064,2025-02-04 07:30:00,2025-02-04 07:32:00,F,30~39,office,seoul,0,0,0,0,8,0,0,76,0,0,completed
36062,U6065,2025-03-24 09:57:00,2025-03-24 10:01:00,F,40~49,office,seoul,0,0,0,0,3,0,0,11,0,0,completed
36063,U6066,2025-04-26 20:58:00,2025-04-26 21:04:00,F,30~39,office,seoul,1,0,0,0,25,0,0,54,0,0,completed
36064,U6067,2025-12-11 16:48:00,2025-12-11 16:52:00,F,30~39,office,seoul,0,0,0,0,21,0,0,42,0,0,abandoned
36065,U6068,2025-11-03 12:41:00,2025-11-03 12:48:00,M,40~49,office,seoul,0,0,0,0,13,0,0,34,0,0,completed
36066,U6069,2025-11-13 08:11:00,2025-11-13 08:16:00,F,30~39,office,seoul,0,0,0,0,23,0,0,24,0,0,error
36067,U6070,2025-11-28 18:43:00,2025-11-28 18:48:00,F,20~29,office,seoul,0,0,0,0,13,0,0,25,0,0,completed
36068,U6071,2025-03-26 11:20:00,2025-03-26 11:24:00,F,50+,office,seoul,0,0,0,0,16,0,0,43,0,0,completed
36069,U6072,2025-07-03 18:42:00,2025-07-03 18:47:00,F,40~49,office,seoul,0,0,0,0,22,0,0,34,0,0,completed
36070,U6073,2025-12-30 18:27:00,2025-12-30 18:30:00,F,30~39,office,seoul,0,0,0,0,1,0,0,44,0,0,completed
36071,U6074,2025-01-04 18:00:00,2025-01-04 18:03:00,F,40~49,office,seoul,1,0,0,0,18,0,0,49,1,0,completed
36072,U6075,2025-08-16 14:38:00,2025-08-16 14:43:00,M,30~39,office,seoul,1,0,0,0,17,0,0,17,0,0,completed
36073,U6076,2025-01-20 16:01:00,2025-01-20 16:08:00,M,20~29,office,seoul,0,0,0,0,2,0,0,42,0,0,completed
36074,U6077,2025-05-22 07:54:00,2025-05-22 07:57:00,M,50+,office,seoul,0,0,0,0,23,0,0,16,0,0,completed
36075,U6078,2025-04-17 11:07:00,2025-04-17 11:14:00,F,30~39,office,seoul,0,0,0,0,4,0,0,14,0,0,timeout
36076,U6079,2025-10-27 18:08:00,2025-10-27 18:13:00,F,20~29,office,seoul,0,0,0,0,3,0,0,12,0,0,completed
36077,U6080,2025-05-24 15:00:00,2025-05-24 15:04:00,F,50+,office,seoul,1,0,0,0,15,0,0,12,0,0,completed
36078,U6081,2025-02-11 19:40:00,2025-02-11 19:46:00,F,40~49,office,seoul,0,0,0,0,18,0,0,78,0,0,completed
36079,U6082,2025-07-23 17:41:00,2025-07-23 17:44:00,M,40~49,office,seoul,0,0,0,0,18,0,0,20,0,0,completed
36080,U6083,2025-09-25 19:44:00,2025-09-25 19:50:00,F,30~39,office,seoul,0,0,0,0,17,0,0,63,0,0,completed
36081,U6084,2025-07-22 19:19:00,2025-07-22 19:21:00,F,20~29,office,seoul,0,0,0,0,9,0,0,47,0,0,completed
36082,U6085,2025-06-30 16:19:00,2025-06-30 16:22:00,F,30~39,office,seoul,0,0,0,0,18,0,0,56,0,0,timeout
36083,U6086,2025-07-05 09:25:00,2025-07-05 09:31:00,F,50+,office,seoul,1,0,0,0,2,0,0,22,0,0,completed
36084,U6087,2025-08-10 14:49:00,2025-08-10 14:53:00,F,20~29,office,seoul,1,0,0,0,13,0,0,31,0,0,completed
36085,U6088,2025-06-15 17:13:00,2025-06-15 17:15:00,F,30~39,office,seoul,1,0,0,0,26,0,0,71,0,0,completed
36086,U6089,2025-12-29 19:54:00,2025-12-29 20:01:00,M,40~49,office,seoul,0,0,0,0,0,0,0,69,0,0,completed
36087,U6090,2025-07-03 21:09:00,2025-07-03 21:12:00,F,20~29,office,seoul,0,0,0,0,1,0,0,20,0,0,completed
36088,U6091,2025-03-30 08:35:00,2025-03-30 08:41:00,F,30~39,office,seoul,1,0,0,0,23,0,0,54,0,0,completed
36089,U6092,2025-04-14 16:35:00,2025-04-14 16:37:00,F,30~39,office,seoul,0,0,0,0,24,0,0,42,0,0,completed
36090,U6093,2025-03-07 22:28:00,2025-03-07 22:34:00,F,20~29,office,seoul,0,0,0,0,12,0,0,61,0,0,completed
36091,U6094,2025-02-20 15:24:00,2025-02-20 15:26:00,M,20~29,office,seoul,0,0,0,0,29,0,0,67,0,0,completed
36092,U6095,2025-08-14 12:37:00,2025-08-14 12:39:00,F,50+,office,seoul,0,0,0,0,23,0,0,39,0,0,completed
36093,U6096,2025-04-15 12:13:00,2025-04-15 12:16:00,F,30~39,office,seoul,0,0,0,0,13,0,0,57,0,0,completed
36094,U6097,2025-05-07 08:50:00,2025-05-07 08:53:00,F,50+,office,seoul,0,0,0,0,8,0,0,68,0,0,completed
36095,U6098,2025-07-12 15:24:00,2025-07-12 15:31:00,M,20~29,office,seoul,1,0,0,0,25,0,0,68,0,0,completed
36096,U6099,2025-10-02 20:09:00,2025-10-02 20:11:00,M,30~39,office,seoul,0,0,0,0,1,0,0,18,0,0,completed
36097,U6100,2025-01-27 18:34:00,2025-01-27 18:40:00,M,30~39,office,seoul,0,0,0,0,2,0,0,22,0,0,completed
36098,U6101,2025-03-29 16:27:00,2025-03-29 16:31:00,M,40~49,office,seoul,1,0,0,0,14,0,0,74,1,0,completed
36099,U6102,2025-02-21 13:49:00,2025-02-21 13:52:00,M,30~39,office,seoul,0,0,0,0,17,0,0,74,0,1,completed
36100,U6103,2025-07-05 15:39:00,2025-07-05 15:44:00,F,20~29,office,seoul,1,0,0,0,22,0,0,29,0,0,completed
36101,U6104,2025-03-08 13:28:00,2025-03-08 13:32:00,F,30~39,office,seoul,1,0,0,0,0,0,0,44,0,0,completed
36102,U6105,2025-10-08 17:23:00,2025-10-08 17:28:00,F,20~29,office,seoul,0,0,0,0,7,0,0,52,0,0,completed
36103,U6106,2025-12-23 09:57:00,2025-12-23 10:01:00,F,20~29,office,seoul,0,0,0,0,9,0,0,27,0,0,completed
36104,U6107,2025-04-11 16:12:00,2025-04-11 16:14:00,M,20~29,office,seoul,0,0,0,0,11,0,0,68,0,0,completed
36105,U6108,2025-03-30 16:20:00,2025-03-30 16:26:00,M,30~39,office,seoul,1,0,0,0,20,0,0,33,0,0,completed
36106,U6109,2025-07-19 16:12:00,2025-07-19 16:16:00,M,40~49,office,seoul,1,0,0,0,10,0,0,73,0,0,completed
36107,U6110,2025-08-20 15:17:00,2025-08-20 15:19:00,F,30~39,office,seoul,0,0,0,0,14,0,0,40,0,0,completed
36108,U6111,2025-05-04 14:08:00,2025-05-04 14:10:00,F,20~29,office,seoul,1,0,0,0,24,0,0,14,0,0,completed
36109,U6112,2025-05-25 17:01:00,2025-05-25 17:06:00,F,40~49,office,seoul,1,0,0,0,3,0,0,25,0,0,completed
36110,U6113,2025-05-14 12:58:00,2025-05-14 13:05:00,M,30~39,office,seoul,0,0,0,0,3,0,0,31,0,0,timeout
36111,U6114,2025-06-23 09:04:00,2025-06-23 09:08:00,M,40~49,office,seoul,0,0,0,0,2,0,0,60,0,0,completed
36112,U6115,2025-06-25 09:46:00,2025-06-25 09:48:00,F,20~29,office,seoul,0,0,0,0,7,0,0,40,0,0,completed
36113,U6116,2025-01-12 15:34:00,2025-01-12 15:36:00,M,30~39,office,seoul,1,0,0,0,16,0,0,30,0,0,completed
36114,U6117,2025-09-28 09:47:00,2025-09-28 09:53:00,M,30~39,office,seoul,1,0,0,0,29,0,0,79,0,0,completed
36115,U6118,2025-01-12 13:58:00,2025-01-12 14:00:00,M,40~49,office,seoul,1,0,0,0,4,0,0,16,0,0,completed
36116,U6119,2025-01-17 13:57:00,2025-01-17 14:00:00,F,30~39,office,seoul,0,0,0,0,28,0,0,42,0,0,completed
36117,U6120,2025-12-15 19:55:00,2025-12-15 20:01:00,F,30~39,office,seoul,0,0,0,0,21,0,0,74,0,0,completed
36118,U6121,2025-02-23 20:56:00,2025-02-23 21:03:00,M,30~39,office,seoul,1,0,0,0,19,0,0,42,1,0,completed
36119,U6122,2025-11-28 11:15:00,2025-11-28 11:18:00,M,30~39,office,seoul,0,0,0,0,5,0,0,15,1,0,completed
36120,U6123,2025-08-20 13:57:00,2025-08-20 14:02:00,F,20~29,office,seoul,0,0,0,0,1,0,0,16,0,0,completed
36121,U6124,2025-06-16 21:27:00,2025-06-16 21:30:00,F,20~29,office,seoul,0,0,0,0,25,0,0,42,0,0,completed
36122,U6125,2025-04-24 15:30:00,2025-04-24 15:36:00,M,20~29,office,seoul,0,0,0,0,24,0,0,29,0,0,completed
36123,U6126,2025-12-19 07:58:00,2025-12-19 08:05:00,M,20~29,office,seoul,0,0,0,0,28,0,0,20,0,0,completed
36124,U6127,2025-10-31 14:32:00,2025-10-31 14:35:00,M,40~49,office,seoul,0,0,0,0,28,0,0,75,0,0,completed
36125,U6128,2025-11-10 15:47:00,2025-11-10 15:54:00,F,30~39,office,seoul,0,0,0,0,15,0,0,19,0,0,abandoned
36126,U6129,2025-08-07 11:07:00,2025-08-07 11:12:00,F,20~29,office,seoul,0,0,0,0,15,0,0,49,0,0,completed
36127,U6130,2025-03-27 12:16:00,2025-03-27 12:20:00,M,40~49,office,seoul,0,0,0,0,2,0,0,45,0,0,completed
36128,U6131,2025-02-23 07:25:00,2025-02-23 07:32:00,M,40~49,office,seoul,1,0,0,0,12,0,0,36,0,0,completed
36129,U6132,2025-12-20 12:41:00,2025-12-20 12:48:00,M,30~39,office,seoul,1,0,0,0,27,0,0,18,0,0,completed
36130,U6133,2025-04-09 14:38:00,2025-04-09 14:45:00,M,20~29,office,seoul,0,0,0,0,21,0,0,48,0,0,completed
36131,U6134,2025-06-13 13:14:00,2025-06-13 13:18:00,M,20~29,office,seoul,0,0,0,0,13,0,0,23,0,0,completed
36132,U6135,2025-12-12 12:22:00,2025-12-12 12:24:00,F,20~29,office,seoul,0,0,0,0,28,0,0,24,0,0,completed
36133,U6136,2025-09-22 07:52:00,2025-09-22 07:56:00,F,20~29,office,seoul,0,0,0,0,24,0,0,22,0,0,completed
36134,U6137,2025-09-07 20:38:00,2025-09-07 20:43:00,F,20~29,office,seoul,1,0,0,0,21,0,0,59,0,0,completed
36135,U6138,2025-02-19 15:04:00,2025-02-19 15:08:00,F,30~39,office,seoul,0,0,0,0,13,0,0,28,0,0,completed
36136,U6139,2025-02-11 20:07:00,2025-02-11 20:11:00,F,30~39,office,seoul,0,0,0,0,2,0,0,76,0,0,completed
36137,U6140,2025-12-08 12:50:00,2025-12-08 12:55:00,F,30~39,office,seoul,0,0,0,0,17,0,0,21,0,0,completed
36138,U6141,2025-04-15 19:23:00,2025-04-15 19:25:00,M,40~49,office,seoul,0,0,0,0,17,0,0,61,0,0,completed
36139,U6142,2025-07-12 09:14:00,2025-07-12 09:18:00,F,20~29,office,seoul,1,0,0,0,22,0,0,27,0,0,abandoned
36140,U6143,2025-07-31 11:58:00,2025-07-31 12:00:00,F,40~49,office,seoul,0,0,0,0,0,0,0,59,0,0,completed
36141,U6144,2025-01-04 08:32:00,2025-01-04 08:39:00,M,30~39,office,seoul,1,0,0,0,11,0,0,64,0,0,completed
36142,U6145,2025-07-15 16:03:00,2025-07-15 16:06:00,F,20~29,office,seoul,0,0,0,0,27,0,0,79,0,0,completed
36143,U6146,2025-05-24 08:57:00,2025-05-24 09:01:00,F,40~49,office,seoul,1,0,0,0,13,0,0,74,0,0,completed
36144,U6147,2025-01-06 16:06:00,2025-01-06 16:10:00,M,20~29,office,seoul,0,0,0,0,2,0,0,38,0,0,completed
36145,U6148,2025-12-10 12:37:00,2025-12-10 12:40:00,F,40~49,office,seoul,0,0,0,0,5,0,0,52,0,0,completed
36146,U6149,2025-03-21 09:59:00,2025-03-21 10:01:00,M,40~49,office,seoul,0,0,0,0,16,0,0,10,0,0,completed
36147,U6150,2025-02-18 22:05:00,2025-02-18 22:08:00,M,40~49,office,seoul,0,0,0,0,19,0,0,12,0,0,completed
36148,U6151,2025-11-15 14:22:00,2025-11-15 14:27:00,F,30~39,office,seoul,1,0,0,0,15,0,0,50,0,0,completed
36149,U6152,2025-03-01 17:40:00,2025-03-01 17:47:00,M,20~29,office,seoul,1,0,0,0,28,0,0,21,0,0,completed
36150,U6153,2025-08-01 14:29:00,2025-08-01 14:32:00,M,30~39,office,seoul,0,0,0,0,24,0,0,50,0,0,completed
36151,U6154,2025-02-11 21:12:00,2025-02-11 21:19:00,F,30~39,office,seoul,0,0,0,0,9,0,0,30,0,0,abandoned
36152,U6155,2025-09-12 08:55:00,2025-09-12 08:57:00,F,30~39,office,seoul,0,0,0,0,26,0,0,38,0,0,error
36153,U6156,2025-03-03 12:41:00,2025-03-03 12:47:00,F,20~29,office,seoul,0,0,0,0,25,0,0,55,0,0,completed
36154,U6157,2025-12-19 12:43:00,2025-12-19 12:46:00,F,30~39,office,seoul,0,0,0,0,20,0,0,15,0,0,completed
36155,U6158,2025-11-04 09:42:00,2025-11-04 09:45:00,F,20~29,office,seoul,0,0,0,0,27,0,0,19,0,0,completed
36156,U6159,2025-11-01 09:10:00,2025-11-01 09:14:00,M,30~39,office,seoul,1,0,0,0,1,0,0,57,0,0,completed
36157,U6160,2025-03-17 20:39:00,2025-03-17 20:42:00,F,30~39,office,seoul,0,0,0,0,27,0,0,31,0,0,completed
36158,U6161,2025-01-07 19:34:00,2025-01-07 19:37:00,F,20~29,office,seoul,0,0,0,0,4,0,0,74,0,0,completed
36159,U6162,2025-09-14 13:15:00,2025-09-14 13:22:00,M,40~49,office,seoul,1,0,0,0,18,0,0,28,0,0,completed
36160,U6163,2025-12-05 18:16:00,2025-12-05 18:23:00,F,20~29,office,seoul,0,0,0,0,10,0,0,26,0,0,completed
36161,U6164,2025-06-28 09:58:00,2025-06-28 10:05:00,M,30~39,office,seoul,1,0,0,0,15,0,0,26,0,0,completed
36162,U6165,2025-07-14 14:11:00,2025-07-14 14:14:00,F,20~29,office,seoul,0,0,0,0,0,0,0,77,0,0,completed
36163,U6166,2025-07-31 13:13:00,2025-07-31 13:18:00,M,40~49,office,seoul,0,0,0,0,19,0,0,33,0,0,completed
36164,U6167,2025-03-03 11:32:00,2025-03-03 11:35:00,F,20~29,office,seoul,0,0,0,0,15,0,0,61,0,0,completed
36165,U6168,2025-12-05 08:35:00,2025-12-05 08:37:00,M,40~49,office,seoul,0,0,0,0,13,0,0,70,0,0,completed
36166,U6169,2025-03-02 17:31:00,2025-03-02 17:34:00,F,20~29,office,seoul,1,0,0,0,15,0,0,57,0,0,completed
36167,U6170,2025-12-15 12:36:00,2025-12-15 12:41:00,F,20~29,office,seoul,0,0,0,0,13,0,0,75,0,0,abandoned
36168,U6171,2025-02-15 14:05:00,2025-02-15 14:10:00,M,20~29,office,seoul,1,0,0,0,4,0,0,57,0,0,completed
36169,U6172,2025-03-19 11:29:00,2025-03-19 11:32:00,F,40~49,office,seoul,0,0,0,0,26,0,0,30,0,0,abandoned
36170,U6173,2025-01-04 12:47:00,2025-01-04 12:50:00,F,50+,office,seoul,1,0,0,0,4,0,0,22,0,0,completed
36171,U6174,2025-01-08 19:32:00,2025-01-08 19:34:00,M,20~29,office,seoul,0,0,0,0,16,0,0,64,0,0,completed
36172,U6175,2025-10-28 08:08:00,2025-10-28 08:15:00,F,30~39,office,seoul,0,0,0,0,27,0,0,48,0,0,completed
36173,U6176,2025-05-15 14:49:00,2025-05-15 14:53:00,M,50+,office,seoul,0,0,0,0,2,0,0,50,0,0,completed
36174,U6177,2025-11-06 08:22:00,2025-11-06 08:27:00,F,40~49,office,seoul,0,0,0,0,4,0,0,38,0,0,completed
36175,U6178,2025-11-09 09:09:00,2025-11-09 09:14:00,F,50+,office,seoul,1,0,0,0,25,0,0,58,0,0,completed
36176,U6179,2025-01-09 19:10:00,2025-01-09 19:16:00,F,40~49,office,seoul,0,0,0,0,5,0,0,72,0,1,completed
36177,U6180,2025-10-05 18:22:00,2025-10-05 18:25:00,F,20~29,office,seoul,1,0,0,0,23,0,0,77,0,0,timeout
36178,U6181,2025-04-17 19:44:00,2025-04-17 19:49:00,F,30~39,office,seoul,0,0,0,0,26,0,0,79,0,0,timeout
36179,U6182,2025-06-19 13:50:00,2025-06-19 13:57:00,F,20~29,office,seoul,0,0,0,0,26,0,0,78,0,0,completed
36180,U6183,2025-12-27 18:10:00,2025-12-27 18:12:00,F,20~29,office,seoul,1,0,0,0,4,0,0,58,0,0,completed
36181,U6184,2025-10-06 15:35:00,2025-10-06 15:38:00,M,30~39,office,seoul,0,0,0,0,11,0,0,44,0,0,completed
36182,U6185,2025-01-28 15:19:00,2025-01-28 15:23:00,F,40~49,office,seoul,0,0,0,0,13,0,0,57,0,0,completed
36183,U6186,2025-04-20 08:01:00,2025-04-20 08:08:00,F,20~29,office,seoul,1,0,0,0,6,0,0,18,0,0,abandoned
36184,U6187,2025-05-21 19:12:00,2025-05-21 19:16:00,M,50+,office,seoul,0,0,0,0,23,0,0,32,0,0,completed
36185,U6188,2025-06-03 08:45:00,2025-06-03 08:48:00,F,20~29,office,seoul,0,0,0,0,28,0,0,19,0,0,completed
36186,U6189,2025-04-12 11:46:00,2025-04-12 11:52:00,M,30~39,office,seoul,1,0,0,0,1,0,0,41,0,0,completed
36187,U6190,2025-04-28 18:42:00,2025-04-28 18:49:00,M,20~29,office,seoul,0,0,0,0,23,0,0,13,0,0,completed
36188,U6191,2025-07-10 08:49:00,2025-07-10 08:51:00,M,30~39,office,seoul,0,0,0,0,26,0,0,70,0,0,completed
36189,U6192,2025-06-16 13:04:00,2025-06-16 13:11:00,F,40~49,office,seoul,0,0,0,0,20,0,0,55,0,0,completed
36190,U6193,2025-08-04 13:34:00,2025-08-04 13:38:00,F,50+,office,seoul,0,0,0,0,13,0,0,49,0,0,completed
36191,U6194,2025-04-11 17:59:00,2025-04-11 18:02:00,M,40~49,office,seoul,0,0,0,0,10,0,0,11,0,0,completed
36192,U6195,2025-05-30 20:35:00,2025-05-30 20:40:00,M,50+,office,seoul,0,0,0,0,19,0,0,24,0,0,completed
36193,U6196,2025-12-03 11:53:00,2025-12-03 11:57:00,M,20~29,office,seoul,0,0,0,0,14,0,0,25,0,0,completed
36194,U6197,2025-04-10 16:59:00,2025-04-10 17:04:00,M,20~29,office,seoul,0,0,0,0,10,0,0,65,0,0,completed
36195,U6198,2025-12-27 13:09:00,2025-12-27 13:12:00,F,30~39,office,seoul,1,0,0,0,13,0,0,18,0,0,completed
36196,U6199,2025-04-20 16:22:00,2025-04-20 16:28:00,M,20~29,office,seoul,1,0,0,0,6,0,0,29,0,0,timeout
36197,U6200,2025-10-29 14:49:00,2025-10-29 14:51:00,F,30~39,office,seoul,0,0,0,0,29,0,0,67,0,0,completed
36198,U6201,2025-03-04 08:39:00,2025-03-04 08:44:00,F,30~39,office,seoul,0,0,0,0,11,0,0,66,0,0,completed
36199,U6202,2025-03-25 20:37:00,2025-03-25 20:39:00,M,20~29,office,seoul,0,0,0,0,9,0,0,73,0,0,abandoned
36200,U6203,2025-06-29 19:44:00,2025-06-29 19:46:00,F,30~39,office,seoul,1,0,0,0,2,0,0,22,0,0,abandoned
36201,U6204,2025-07-17 15:09:00,2025-07-17 15:15:00,F,40~49,office,seoul,0,0,0,0,26,0,0,67,0,0,completed
36202,U6205,2025-01-16 13:50:00,2025-01-16 13:52:00,F,20~29,office,seoul,0,0,0,0,17,0,0,57,0,0,completed
36203,U6206,2025-12-06 18:10:00,2025-12-06 18:14:00,F,40~49,office,seoul,1,0,0,0,15,0,0,73,0,0,completed
36204,U6207,2025-02-20 20:08:00,2025-02-20 20:14:00,F,30~39,office,seoul,0,0,0,0,27,0,0,76,0,0,completed
36205,U6208,2025-10-15 13:44:00,2025-10-15 13:49:00,F,30~39,office,seoul,0,0,0,0,5,0,0,69,0,0,completed
36206,U6209,2025-11-26 12:45:00,2025-11-26 12:51:00,F,30~39,office,seoul,0,0,0,0,17,0,0,13,0,0,completed
36207,U6210,2025-08-13 16:19:00,2025-08-13 16:24:00,M,20~29,office,seoul,0,0,0,0,29,0,0,33,0,0,completed
36208,U6211,2025-09-08 16:22:00,2025-09-08 16:27:00,F,20~29,office,seoul,0,0,0,0,2,0,0,29,0,0,completed
36209,U6212,2025-12-09 19:07:00,2025-12-09 19:13:00,F,50+,office,seoul,0,0,0,0,11,0,0,78,0,0,timeout
36210,U6213,2025-03-31 09:58:00,2025-03-31 10:02:00,M,20~29,office,seoul,0,0,0,0,18,0,0,62,0,0,completed
36211,U6214,2025-12-17 14:50:00,2025-12-17 14:53:00,F,20~29,office,seoul,0,0,0,0,5,0,0,68,0,0,completed
36212,U6215,2025-08-08 09:48:00,2025-08-08 09:50:00,M,40~49,office,seoul,0,0,0,0,28,0,0,20,0,0,completed
36213,U6216,2025-03-02 19:01:00,2025-03-02 19:06:00,M,50+,office,seoul,1,0,0,0,8,0,0,43,0,0,completed
36214,U6217,2025-12-06 08:00:00,2025-12-06 08:05:00,M,50+,office,seoul,1,0,0,0,19,0,0,40,0,1,completed
36215,U6218,2025-11-24 17:41:00,2025-11-24 17:48:00,M,50+,office,seoul,0,0,0,0,11,0,0,19,0,1,completed
36216,U6219,2025-11-10 14:12:00,2025-11-10 14:16:00,F,30~39,office,seoul,0,0,0,0,11,0,0,16,0,0,completed
36217,U6220,2025-09-06 08:59:00,2025-09-06 09:06:00,F,40~49,office,seoul,1,0,0,0,26,0,0,25,0,0,completed
36218,U6221,2025-03-07 08:05:00,2025-03-07 08:07:00,M,50+,office,seoul,0,0,0,0,9,0,0,12,0,0,completed
36219,U6222,2025-07-29 08:43:00,2025-07-29 08:49:00,F,50+,office,seoul,0,0,0,0,14,0,0,46,0,0,completed
36220,U6223,2025-05-13 18:46:00,2025-05-13 18:53:00,F,30~39,office,seoul,0,0,0,0,12,0,0,41,0,0,completed
36221,U6224,2025-04-06 11:58:00,2025-04-06 12:03:00,M,20~29,office,seoul,1,0,0,0,5,0,0,46,0,0,completed
36222,U6225,2025-02-10 16:04:00,2025-02-10 16:09:00,F,50+,office,seoul,0,0,0,0,0,0,0,14,0,0,completed
36223,U6226,2025-02-18 14:09:00,2025-02-18 14:16:00,F,30~39,office,seoul,0,0,0,0,1,0,0,54,0,0,completed
36224,U6227,2025-11-20 15:51:00,2025-11-20 15:53:00,F,20~29,office,seoul,0,0,0,0,16,0,0,53,0,0,completed
36225,U6228,2025-11-05 18:53:00,2025-11-05 18:56:00,M,40~49,office,seoul,0,0,0,0,7,0,0,70,0,0,completed
36226,U6229,2025-06-23 14:11:00,2025-06-23 14:14:00,M,30~39,office,seoul,0,0,0,0,9,0,0,44,0,0,completed
36227,U6230,2025-11-11 17:46:00,2025-11-11 17:53:00,F,30~39,office,seoul,0,0,0,0,29,0,0,14,0,0,completed
36228,U6231,2025-07-12 17:16:00,2025-07-12 17:20:00,F,20~29,office,seoul,1,0,0,0,0,0,0,57,0,0,timeout
36229,U6232,2025-08-12 17:13:00,2025-08-12 17:15:00,F,20~29,office,seoul,0,0,0,0,6,0,0,53,0,0,completed
36230,U6233,2025-01-25 14:16:00,2025-01-25 14:22:00,F,20~29,office,seoul,1,0,0,0,2,0,0,73,0,0,completed
36231,U6234,2025-12-17 16:35:00,2025-12-17 16:42:00,F,30~39,office,seoul,0,0,0,0,16,0,0,42,0,0,completed
36232,U6235,2025-01-03 09:38:00,2025-01-03 09:42:00,M,30~39,office,seoul,0,0,0,0,19,0,0,67,0,0,completed
36233,U6236,2025-04-20 19:29:00,2025-04-20 19:32:00,F,30~39,office,seoul,1,0,0,0,10,0,0,11,0,0,completed
36234,U6237,2025-08-30 16:52:00,2025-08-30 16:56:00,M,20~29,office,seoul,1,0,0,0,20,0,0,18,0,0,completed
36235,U6238,2025-07-23 15:12:00,2025-07-23 15:18:00,M,40~49,office,seoul,0,0,0,0,10,0,0,76,0,0,abandoned
36236,U6239,2025-08-28 08:41:00,2025-08-28 08:46:00,F,30~39,office,seoul,0,0,0,0,24,0,0,75,0,0,abandoned
36237,U6240,2025-09-14 14:57:00,2025-09-14 15:02:00,F,30~39,office,seoul,1,0,0,0,16,0,0,62,0,0,completed
36238,U6241,2025-10-07 15:31:00,2025-10-07 15:33:00,F,50+,office,seoul,0,0,0,0,18,0,0,71,0,1,completed
36239,U6242,2025-12-18 12:59:00,2025-12-18 13:06:00,M,30~39,office,seoul,0,0,0,0,9,0,0,47,0,0,completed
36240,U6243,2025-06-10 14:59:00,2025-06-10 15:06:00,M,40~49,office,seoul,0,0,0,0,0,0,0,56,0,0,completed
36241,U6244,2025-10-30 12:24:00,2025-10-30 12:30:00,M,20~29,office,seoul,0,0,0,0,9,0,0,38,0,0,completed
36242,U6245,2025-10-05 12:36:00,2025-10-05 12:41:00,M,20~29,office,seoul,1,0,0,0,25,0,0,63,0,0,error
36243,U6246,2025-01-07 21:05:00,2025-01-07 21:08:00,M,20~29,office,seoul,0,0,0,0,21,0,0,78,0,0,completed
36244,U6247,2025-12-28 12:50:00,2025-12-28 12:57:00,M,50+,office,seoul,1,0,0,0,2,0,0,58,0,0,completed
36245,U6248,2025-02-23 21:37:00,2025-02-23 21:42:00,M,40~49,office,seoul,1,0,0,0,24,0,0,50,0,0,completed
36246,U6249,2025-09-03 12:19:00,2025-09-03 12:23:00,F,30~39,office,seoul,0,0,0,0,19,0,0,43,0,0,completed
36247,U6250,2025-03-15 16:51:00,2025-03-15 16:58:00,M,50+,office,seoul,1,0,0,0,17,0,0,35,0,0,completed
36248,U6251,2025-10-08 13:52:00,2025-10-08 13:55:00,M,30~39,office,seoul,0,0,0,0,10,0,0,43,0,0,completed
36249,U6252,2025-12-02 19:23:00,2025-12-02 19:25:00,F,20~29,office,seoul,0,0,0,0,10,0,0,17,0,0,completed
36250,U6253,2025-08-29 13:26:00,2025-08-29 13:32:00,F,20~29,office,seoul,0,0,0,0,14,0,0,23,0,0,completed
36251,U6254,2025-08-12 09:23:00,2025-08-12 09:29:00,M,50+,office,seoul,0,0,0,0,17,0,0,42,0,0,completed
36252,U6255,2025-08-04 17:31:00,2025-08-04 17:36:00,M,30~39,office,seoul,0,0,0,0,27,0,0,49,0,0,completed
36253,U6256,2025-01-01 09:01:00,2025-01-01 09:03:00,F,20~29,office,seoul,0,0,0,0,19,0,0,40,0,0,completed
36254,U6257,2025-12-23 19:46:00,2025-12-23 19:49:00,M,50+,office,seoul,0,0,0,0,26,0,0,28,0,0,abandoned
36255,U6258,2025-09-15 18:25:00,2025-09-15 18:27:00,M,20~29,office,seoul,0,0,0,0,9,0,0,63,0,0,completed
36256,U6259,2025-08-05 12:42:00,2025-08-05 12:46:00,F,50+,office,seoul,0,0,0,0,26,0,0,42,0,0,completed
36257,U6260,2025-03-29 08:39:00,2025-03-29 08:42:00,M,40~49,office,seoul,1,0,0,0,8,0,0,77,0,0,completed
36258,U6261,2025-12-03 13:28:00,2025-12-03 13:33:00,F,40~49,office,seoul,0,0,0,0,15,0,0,48,1,0,completed
36259,U6262,2025-02-18 11:23:00,2025-02-18 11:25:00,M,20~29,office,seoul,0,0,0,0,17,0,0,14,0,0,completed
36260,U6263,2025-07-18 16:21:00,2025-07-18 16:27:00,F,30~39,office,seoul,0,0,0,0,28,0,0,79,0,0,completed
36261,U6264,2025-08-19 12:34:00,2025-08-19 12:40:00,M,40~49,office,seoul,0,0,0,0,11,0,0,77,0,0,completed
36262,U6265,2025-02-04 08:58:00,2025-02-04 09:01:00,M,30~39,office,seoul,0,0,0,0,12,0,0,46,0,0,completed
36263,U6266,2025-03-13 12:10:00,2025-03-13 12:14:00,F,30~39,office,seoul,0,0,0,0,14,0,0,46,0,0,completed
36264,U6267,2025-05-19 12:12:00,2025-05-19 12:17:00,F,30~39,office,seoul,0,0,0,0,16,0,0,19,0,0,error
36265,U6268,2025-03-30 17:26:00,2025-03-30 17:32:00,M,40~49,office,seoul,1,0,0,0,23,0,0,41,0,0,completed
36266,U6269,2025-12-13 17:19:00,2025-12-13 17:24:00,F,20~29,office,seoul,1,0,0,0,18,0,0,62,0,0,completed
36267,U6270,2025-07-30 16:57:00,2025-07-30 17:01:00,M,40~49,office,seoul,0,0,0,0,14,0,0,66,0,0,completed
36268,U6271,2025-07-30 16:05:00,2025-07-30 16:11:00,F,50+,office,seoul,0,0,0,0,0,0,0,78,0,0,completed
36269,U6272,2025-01-15 12:10:00,2025-01-15 12:16:00,M,40~49,office,seoul,0,0,0,0,14,0,0,37,0,0,completed
36270,U6273,2025-03-27 15:41:00,2025-03-27 15:46:00,F,50+,office,seoul,0,0,0,0,3,0,0,53,0,0,completed
36271,U6274,2025-08-04 16:29:00,2025-08-04 16:32:00,F,30~39,office,seoul,0,0,0,0,5,0,0,45,0,0,abandoned
36272,U6275,2025-05-27 12:09:00,2025-05-27 12:11:00,F,30~39,office,seoul,0,0,0,0,1,0,0,78,0,0,completed
36273,U6276,2025-07-11 15:14:00,2025-07-11 15:20:00,F,30~39,office,seoul,0,0,0,0,9,0,0,25,0,0,completed
36274,U6277,2025-07-02 22:25:00,2025-07-02 22:29:00,F,20~29,office,seoul,0,0,0,0,27,0,0,74,0,0,completed
36275,U6278,2025-04-07 08:44:00,2025-04-07 08:48:00,F,20~29,office,seoul,0,0,0,0,7,0,0,49,1,0,abandoned
36276,U6279,2025-11-08 15:05:00,2025-11-08 15:11:00,M,20~29,office,seoul,1,0,0,0,10,0,0,15,0,0,completed
36277,U6280,2025-12-23 12:42:00,2025-12-23 12:45:00,F,40~49,office,seoul,0,0,0,0,5,0,0,42,0,0,completed
36278,U6281,2025-02-01 14:29:00,2025-02-01 14:33:00,M,30~39,office,seoul,1,0,0,0,19,0,0,55,0,0,completed
36279,U6282,2025-08-08 18:00:00,2025-08-08 18:04:00,F,50+,office,seoul,0,0,0,0,13,0,0,22,0,0,completed
36280,U6283,2025-04-25 12:42:00,2025-04-25 12:48:00,F,30~39,office,seoul,0,0,0,0,19,0,0,14,0,0,completed
36281,U6284,2025-02-19 16:15:00,2025-02-19 16:19:00,F,40~49,office,seoul,0,0,0,0,17,0,0,44,1,0,completed
36282,U6285,2025-06-01 11:40:00,2025-06-01 11:45:00,F,50+,office,seoul,1,0,0,0,8,0,0,19,0,0,completed
36283,U6286,2025-05-02 07:22:00,2025-05-02 07:27:00,M,20~29,office,seoul,0,0,0,0,16,0,0,50,0,0,completed
36284,U6287,2025-05-11 07:44:00,2025-05-11 07:46:00,M,30~39,office,seoul,1,0,0,0,26,0,0,25,0,0,completed
36285,U6288,2025-02-19 09:26:00,2025-02-19 09:28:00,M,50+,office,seoul,0,0,0,0,6,0,0,67,0,0,completed
36286,U6289,2025-05-04 09:33:00,2025-05-04 09:35:00,F,40~49,office,seoul,1,0,0,0,5,0,0,30,0,0,abandoned
36287,U6290,2025-11-29 17:58:00,2025-11-29 18:00:00,F,50+,office,seoul,1,0,0,0,17,0,0,12,1,0,completed
36288,U6291,2025-10-06 13:27:00,2025-10-06 13:34:00,F,30~39,office,seoul,0,0,0,0,22,0,0,13,0,0,completed
36289,U6292,2025-08-07 08:40:00,2025-08-07 08:47:00,F,20~29,office,seoul,0,0,0,0,13,0,0,77,0,0,completed
36290,U6293,2025-08-11 14:16:00,2025-08-11 14:23:00,F,20~29,office,seoul,0,0,0,0,7,0,0,29,0,0,completed
36291,U6294,2025-08-08 15:54:00,2025-08-08 15:58:00,M,50+,office,seoul,0,0,0,0,3,0,0,71,0,0,completed
36292,U6295,2025-04-25 15:27:00,2025-04-25 15:30:00,M,20~29,office,seoul,0,0,0,0,26,0,0,58,0,0,completed
36293,U6296,2025-05-09 18:27:00,2025-05-09 18:32:00,F,30~39,office,seoul,0,0,0,0,11,0,0,78,0,0,completed
36294,U6297,2025-11-07 17:23:00,2025-11-07 17:29:00,M,40~49,office,seoul,0,0,0,0,11,0,0,21,0,0,completed
36295,U6298,2025-07-09 14:03:00,2025-07-09 14:09:00,F,40~49,office,seoul,0,0,0,0,5,0,0,58,1,0,completed
36296,U6299,2025-07-19 13:15:00,2025-07-19 13:22:00,F,40~49,office,seoul,1,0,0,0,28,0,0,62,0,0,completed
36297,U6300,2025-05-27 13:41:00,2025-05-27 13:47:00,F,20~29,office,seoul,0,0,0,0,8,0,0,49,0,0,completed
36298,U6301,2025-09-27 12:34:00,2025-09-27 12:38:00,F,20~29,office,seoul,1,0,0,0,22,0,0,27,0,0,completed
36299,U6302,2025-06-03 07:47:00,2025-06-03 07:51:00,F,20~29,office,seoul,0,0,0,0,26,0,0,71,0,0,completed
36300,U6303,2025-10-01 19:20:00,2025-10-01 19:24:00,F,20~29,office,seoul,0,0,0,0,1,0,0,48,0,0,completed
36301,U6304,2025-12-09 16:44:00,2025-12-09 16:48:00,M,20~29,office,seoul,0,0,0,0,13,0,0,58,0,0,completed
36302,U6305,2025-02-02 08:51:00,2025-02-02 08:56:00,F,40~49,office,seoul,1,0,0,0,12,0,0,74,0,0,completed
36303,U6306,2025-10-21 20:41:00,2025-10-21 20:44:00,F,30~39,office,seoul,0,0,0,0,23,0,0,49,0,0,completed
36304,U6307,2025-03-26 07:51:00,2025-03-26 07:57:00,F,30~39,office,seoul,0,0,0,0,10,0,0,53,0,0,completed
36305,U6308,2025-09-22 13:13:00,2025-09-22 13:19:00,M,50+,office,seoul,0,0,0,0,1,0,0,13,0,0,completed
36306,U6309,2025-09-17 09:28:00,2025-09-17 09:35:00,F,20~29,office,seoul,0,0,0,0,10,0,0,66,0,0,completed
36307,U6310,2025-02-04 13:53:00,2025-02-04 13:55:00,M,40~49,office,seoul,0,0,0,0,0,0,0,58,0,0,completed
36308,U6311,2025-11-25 14:56:00,2025-11-25 15:00:00,F,20~29,office,seoul,0,0,0,0,10,0,0,37,0,0,abandoned
36309,U6312,2025-05-30 11:06:00,2025-05-30 11:08:00,M,30~39,office,seoul,0,0,0,0,2,0,0,27,0,0,completed
36310,U6313,2025-02-25 16:14:00,2025-02-25 16:18:00,F,30~39,office,seoul,0,0,0,0,27,0,0,48,0,0,completed
36311,U6314,2025-12-31 14:32:00,2025-12-31 14:35:00,F,20~29,office,seoul,0,0,0,0,7,0,0,47,0,0,completed
36312,U6315,2025-10-11 08:58:00,2025-10-11 09:03:00,F,20~29,office,seoul,1,0,0,0,27,0,0,40,0,0,completed
36313,U6316,2025-02-14 14:48:00,2025-02-14 14:52:00,F,30~39,office,seoul,0,0,0,0,18,0,0,33,0,0,completed
36314,U6317,2025-12-09 19:32:00,2025-12-09 19:34:00,F,40~49,office,seoul,0,0,0,0,12,0,0,21,0,0,completed
36315,U6318,2025-04-30 12:02:00,2025-04-30 12:07:00,M,20~29,office,seoul,0,0,0,0,4,0,0,53,0,0,completed
36316,U6319,2025-09-29 12:07:00,2025-09-29 12:14:00,M,20~29,office,seoul,0,0,0,0,8,0,0,35,0,0,completed
36317,U6320,2025-09-11 15:17:00,2025-09-11 15:24:00,M,20~29,office,seoul,0,0,0,0,3,0,0,13,0,0,completed
36318,U6321,2025-04-18 13:36:00,2025-04-18 13:40:00,F,30~39,office,seoul,0,0,0,0,26,0,0,42,0,0,completed
36319,U6322,2025-12-28 18:21:00,2025-12-28 18:28:00,F,50+,office,seoul,1,0,0,0,25,0,0,55,1,0,completed
36320,U6323,2025-12-29 18:51:00,2025-12-29 18:55:00,M,40~49,office,seoul,0,0,0,0,9,0,0,55,0,0,completed
36321,U6324,2025-07-03 18:48:00,2025-07-03 18:54:00,F,20~29,office,seoul,0,0,0,0,7,0,0,41,0,1,completed
36322,U6325,2025-06-09 17:26:00,2025-06-09 17:30:00,F,20~29,office,seoul,0,0,0,0,21,0,0,22,0,0,completed
36323,U6326,2025-05-15 09:33:00,2025-05-15 09:35:00,F,30~39,office,seoul,0,0,0,0,19,0,0,22,0,0,completed
36324,U6327,2025-09-10 15:35:00,2025-09-10 15:41:00,F,20~29,office,seoul,0,0,0,0,0,0,0,18,0,0,completed
36325,U6328,2025-10-13 07:05:00,2025-10-13 07:07:00,F,40~49,office,seoul,0,0,0,0,20,0,0,66,0,0,completed
36326,U6329,2025-12-25 21:56:00,2025-12-25 21:59:00,F,30~39,office,seoul,0,0,0,0,1,0,0,38,0,0,completed
36327,U6330,2025-01-25 15:03:00,2025-01-25 15:06:00,F,40~49,office,seoul,1,0,0,0,5,0,0,57,0,0,completed
36328,U6331,2025-04-14 09:41:00,2025-04-14 09:43:00,F,20~29,office,seoul,0,0,0,0,8,0,0,44,0,0,completed
36329,U6332,2025-12-02 11:12:00,2025-12-02 11:18:00,F,50+,office,seoul,0,0,0,0,28,0,0,71,1,0,completed
36330,U6333,2025-09-07 09:42:00,2025-09-07 09:46:00,F,30~39,office,seoul,1,0,0,0,3,0,0,75,0,0,completed
36331,U6334,2025-10-11 12:37:00,2025-10-11 12:40:00,F,20~29,office,seoul,1,0,0,0,6,0,0,25,0,0,completed
36332,U6335,2025-08-26 15:54:00,2025-08-26 15:59:00,F,20~29,office,seoul,0,0,0,0,7,0,0,19,0,0,completed
36333,U6336,2025-10-06 12:15:00,2025-10-06 12:22:00,M,40~49,office,seoul,0,0,0,0,18,0,0,27,0,0,completed
36334,U6337,2025-12-13 21:57:00,2025-12-13 22:02:00,M,20~29,office,seoul,1,0,0,0,13,0,0,18,0,0,completed
36335,U6338,2025-01-29 12:33:00,2025-01-29 12:37:00,F,30~39,office,seoul,0,0,0,0,26,0,0,16,0,0,completed
36336,U6339,2025-02-20 11:19:00,2025-02-20 11:22:00,F,20~29,office,seoul,0,0,0,0,4,0,0,51,0,0,completed
36337,U6340,2025-09-20 17:15:00,2025-09-20 17:21:00,F,20~29,office,seoul,1,0,0,0,23,0,0,46,0,0,completed
36338,U6341,2025-06-30 09:45:00,2025-06-30 09:50:00,M,20~29,office,seoul,0,0,0,0,21,0,0,65,0,0,completed
36339,U6342,2025-04-15 08:33:00,2025-04-15 08:39:00,F,30~39,office,seoul,0,0,0,0,3,0,0,49,0,0,completed
36340,U6343,2025-12-05 13:43:00,2025-12-05 13:49:00,M,20~29,office,seoul,0,0,0,0,26,0,0,48,0,0,completed
36341,U6344,2025-10-23 09:23:00,2025-10-23 09:27:00,F,20~29,office,seoul,0,0,0,0,15,0,0,10,0,0,completed
36342,U6345,2025-05-07 11:07:00,2025-05-07 11:10:00,M,20~29,office,seoul,0,0,0,0,16,0,0,12,0,0,completed
36343,U6346,2025-05-22 08:41:00,2025-05-22 08:46:00,F,50+,office,seoul,0,0,0,0,2,0,0,34,0,0,completed
36344,U6347,2025-09-16 12:20:00,2025-09-16 12:25:00,F,30~39,office,seoul,0,0,0,0,23,0,0,49,0,0,completed
36345,U6348,2025-05-05 16:56:00,2025-05-05 17:00:00,F,30~39,office,seoul,0,0,0,0,6,0,0,20,0,0,completed
36346,U6349,2025-05-24 13:43:00,2025-05-24 13:50:00,F,20~29,office,seoul,1,0,0,0,19,0,0,13,0,0,completed
36347,U6350,2025-08-05 14:48:00,2025-08-05 14:52:00,M,20~29,office,seoul,0,0,0,0,27,0,0,56,0,0,error
36348,U6351,2025-05-27 09:00:00,2025-05-27 09:03:00,M,30~39,office,seoul,0,0,0,0,7,0,0,47,0,0,abandoned
36349,U6352,2025-02-26 20:52:00,2025-02-26 20:54:00,M,40~49,office,seoul,0,0,0,0,6,0,0,22,0,0,abandoned
36350,U6353,2025-01-15 14:20:00,2025-01-15 14:26:00,M,30~39,office,seoul,0,0,0,0,28,0,0,25,0,0,completed
36351,U6354,2025-03-07 14:50:00,2025-03-07 14:52:00,F,20~29,office,seoul,0,0,0,0,21,0,0,10,0,0,completed
36352,U6355,2025-11-27 09:39:00,2025-11-27 09:44:00,F,40~49,office,seoul,0,0,0,0,8,0,0,36,0,0,completed
36353,U6356,2025-01-28 19:08:00,2025-01-28 19:11:00,M,30~39,office,seoul,0,0,0,0,19,0,0,24,0,0,completed
36354,U6357,2025-10-14 20:45:00,2025-10-14 20:51:00,F,50+,office,seoul,0,0,0,0,23,0,0,47,0,0,completed
36355,U6358,2025-04-25 09:23:00,2025-04-25 09:25:00,F,20~29,office,seoul,0,0,0,0,19,0,0,10,0,0,completed
36356,U6359,2025-10-10 11:17:00,2025-10-10 11:24:00,M,20~29,office,seoul,0,0,0,0,3,0,0,45,0,0,completed
36357,U6360,2025-02-24 12:36:00,2025-02-24 12:38:00,M,40~49,office,seoul,0,0,0,0,16,0,0,46,0,0,completed
36358,U6361,2025-12-17 18:39:00,2025-12-17 18:46:00,F,50+,office,seoul,0,0,0,0,24,0,0,66,0,0,completed
36359,U6362,2025-04-04 07:43:00,2025-04-04 07:48:00,F,40~49,office,seoul,0,0,0,0,23,0,0,19,0,0,completed
36360,U6363,2025-09-21 09:46:00,2025-09-21 09:50:00,F,20~29,office,seoul,1,0,0,0,12,0,0,73,0,0,completed
36361,U6364,2025-03-16 07:56:00,2025-03-16 08:02:00,F,20~29,office,seoul,1,0,0,0,4,0,0,33,0,0,completed
36362,U6365,2025-05-14 19:20:00,2025-05-14 19:27:00,M,50+,office,seoul,0,0,0,0,7,0,0,48,0,0,completed
36363,U6366,2025-08-20 08:06:00,2025-08-20 08:12:00,F,40~49,office,seoul,0,0,0,0,5,0,0,11,0,0,abandoned
36364,U6367,2025-10-03 07:37:00,2025-10-03 07:41:00,F,20~29,office,seoul,0,0,0,0,27,0,0,37,0,0,completed
36365,U6368,2025-05-23 17:01:00,2025-05-23 17:07:00,M,30~39,office,seoul,0,0,0,0,7,0,0,50,0,0,completed
36366,U6369,2025-09-18 16:42:00,2025-09-18 16:44:00,F,30~39,office,seoul,0,0,0,0,15,0,0,50,0,0,completed
36367,U6370,2025-10-29 14:28:00,2025-10-29 14:33:00,M,30~39,office,seoul,0,0,0,0,15,0,0,43,0,0,completed
36368,U6371,2025-06-23 12:20:00,2025-06-23 12:24:00,F,20~29,office,seoul,0,0,0,0,27,0,0,30,0,0,completed
36369,U6372,2025-03-19 16:43:00,2025-03-19 16:49:00,M,20~29,office,seoul,0,0,0,0,28,0,0,14,0,0,completed
36370,U6373,2025-06-09 14:31:00,2025-06-09 14:37:00,F,30~39,office,seoul,0,0,0,0,0,0,0,28,0,0,completed
36371,U6374,2025-01-20 16:04:00,2025-01-20 16:07:00,M,20~29,office,seoul,0,0,0,0,14,0,0,72,0,0,completed
36372,U6375,2025-09-04 14:12:00,2025-09-04 14:19:00,M,20~29,office,seoul,0,0,0,0,2,0,0,47,0,0,completed
36373,U6376,2025-01-01 16:56:00,2025-01-01 17:01:00,F,40~49,office,seoul,0,0,0,0,0,0,0,53,1,0,completed
36374,U6377,2025-07-07 08:08:00,2025-07-07 08:12:00,F,20~29,office,seoul,0,0,0,0,16,0,0,17,0,0,completed
36375,U6378,2025-04-22 12:36:00,2025-04-22 12:38:00,M,30~39,office,seoul,0,0,0,0,7,0,0,65,0,0,completed
36376,U6379,2025-05-17 14:07:00,2025-05-17 14:14:00,F,20~29,office,seoul,1,0,0,0,14,0,0,67,0,0,completed
36377,U6380,2025-09-24 13:51:00,2025-09-24 13:53:00,M,20~29,office,seoul,0,0,0,0,10,0,0,62,0,0,completed
36378,U6381,2025-09-28 17:07:00,2025-09-28 17:10:00,F,50+,office,seoul,1,0,0,0,3,0,0,30,1,0,completed
36379,U6382,2025-06-30 07:49:00,2025-06-30 07:51:00,F,40~49,office,seoul,0,0,0,0,25,0,0,39,0,1,error
36380,U6383,2025-03-21 08:37:00,2025-03-21 08:42:00,M,20~29,office,seoul,0,0,0,0,26,0,0,77,0,0,abandoned
36381,U6384,2025-04-08 12:53:00,2025-04-08 12:58:00,F,30~39,office,seoul,0,0,0,0,5,0,0,10,0,0,completed
36382,U6385,2025-05-28 12:35:00,2025-05-28 12:38:00,F,30~39,office,seoul,0,0,0,0,26,0,0,48,0,0,completed
36383,U6386,2025-04-19 15:15:00,2025-04-19 15:22:00,F,20~29,office,seoul,1,0,0,0,17,0,0,19,0,0,completed
36384,U6387,2025-01-17 11:48:00,2025-01-17 11:52:00,F,30~39,office,seoul,0,0,0,0,23,0,0,20,0,0,completed
36385,U6388,2025-09-04 09:59:00,2025-09-04 10:05:00,M,20~29,office,seoul,0,0,0,0,20,0,0,58,0,0,completed
36386,U6389,2025-10-05 20:49:00,2025-10-05 20:55:00,M,20~29,office,seoul,1,0,0,0,12,0,0,58,0,0,completed
36387,U6390,2025-09-15 17:13:00,2025-09-15 17:18:00,F,40~49,office,seoul,0,0,0,0,6,0,0,45,0,0,completed
36388,U6391,2025-01-27 16:27:00,2025-01-27 16:29:00,M,20~29,office,seoul,0,0,0,0,26,0,0,42,0,0,completed
36389,U6392,2025-06-23 22:43:00,2025-06-23 22:47:00,F,40~49,office,seoul,0,0,0,0,13,0,0,42,0,0,completed
36390,U6393,2025-10-02 17:21:00,2025-10-02 17:23:00,M,40~49,office,seoul,0,0,0,0,4,0,0,22,1,0,completed
36391,U6394,2025-09-10 16:30:00,2025-09-10 16:36:00,M,30~39,office,seoul,0,0,0,0,18,0,0,54,0,0,completed
36392,U6395,2025-08-01 11:02:00,2025-08-01 11:05:00,M,40~49,office,seoul,0,0,0,0,3,0,0,74,0,0,completed
36393,U6396,2025-12-02 08:25:00,2025-12-02 08:28:00,F,40~49,office,seoul,0,0,0,0,28,0,0,51,0,0,completed
36394,U6397,2025-06-01 16:30:00,2025-06-01 16:34:00,F,30~39,office,seoul,1,0,0,0,17,0,0,18,0,0,completed
36395,U6398,2025-04-18 11:30:00,2025-04-18 11:36:00,M,20~29,office,seoul,0,0,0,0,18,0,0,32,0,0,completed
36396,U6399,2025-07-20 09:24:00,2025-07-20 09:30:00,M,30~39,office,seoul,1,0,0,0,22,0,0,58,0,0,abandoned
36397,U6400,2025-03-12 22:58:00,2025-03-12 23:03:00,M,30~39,office,seoul,0,0,0,0,10,0,0,52,0,0,completed
36398,U6401,2025-02-10 14:39:00,2025-02-10 14:46:00,F,20~29,office,seoul,0,0,0,0,8,0,0,77,0,0,completed
36399,U6402,2025-11-30 16:24:00,2025-11-30 16:29:00,F,20~29,office,seoul,1,0,0,0,12,0,0,38,0,0,completed
36400,U6403,2025-09-09 08:39:00,2025-09-09 08:43:00,F,20~29,office,seoul,0,0,0,0,0,0,0,27,0,0,completed
36401,U6404,2025-08-13 19:27:00,2025-08-13 19:32:00,M,30~39,office,seoul,0,0,0,0,17,0,0,41,0,0,completed
36402,U6405,2025-07-28 12:23:00,2025-07-28 12:30:00,F,20~29,office,seoul,0,0,0,0,25,0,0,40,0,0,completed
36403,U6406,2025-08-11 08:06:00,2025-08-11 08:12:00,F,20~29,office,seoul,0,0,0,0,5,0,0,79,0,0,completed
36404,U6407,2025-12-14 13:47:00,2025-12-14 13:50:00,F,20~29,office,seoul,1,0,0,0,11,0,0,68,0,0,completed
36405,U6408,2025-11-05 22:11:00,2025-11-05 22:16:00,M,20~29,office,seoul,0,0,0,0,8,0,0,39,0,0,completed
36406,U6409,2025-11-28 22:00:00,2025-11-28 22:05:00,F,40~49,office,seoul,0,0,0,0,26,0,0,47,0,0,completed
36407,U6410,2025-03-31 20:34:00,2025-03-31 20:41:00,F,40~49,office,seoul,0,0,0,0,26,0,0,54,0,0,completed
36408,U6411,2025-11-23 12:25:00,2025-11-23 12:32:00,M,50+,office,seoul,1,0,0,0,28,0,0,49,0,0,completed
36409,U6412,2025-08-24 18:33:00,2025-08-24 18:40:00,M,50+,office,seoul,1,0,0,0,27,0,0,64,0,0,completed
36410,U6413,2025-12-29 07:28:00,2025-12-29 07:35:00,F,20~29,office,seoul,0,0,0,0,14,0,0,54,0,0,completed
36411,U6414,2025-06-28 11:02:00,2025-06-28 11:07:00,F,20~29,office,seoul,1,0,0,0,20,0,0,20,0,0,completed
36412,U6415,2025-09-13 12:45:00,2025-09-13 12:48:00,F,20~29,office,seoul,1,0,0,0,13,0,0,76,0,0,completed
36413,U6416,2025-12-06 07:26:00,2025-12-06 07:32:00,M,50+,office,seoul,1,0,0,0,13,0,0,57,0,0,completed
36414,U6417,2025-07-24 09:28:00,2025-07-24 09:30:00,F,20~29,office,seoul,0,0,0,0,5,0,0,19,0,0,completed
36415,U6418,2025-10-02 09:37:00,2025-10-02 09:40:00,F,30~39,office,seoul,0,0,0,0,25,0,0,59,0,0,completed
36416,U6419,2025-11-08 17:42:00,2025-11-08 17:45:00,M,30~39,office,seoul,1,0,0,0,2,0,0,10,0,0,completed
36417,U6420,2025-07-01 08:16:00,2025-07-01 08:20:00,F,20~29,office,seoul,0,0,0,0,21,0,0,43,0,0,completed
36418,U6421,2025-09-06 13:27:00,2025-09-06 13:31:00,F,20~29,office,seoul,1,0,0,0,9,0,0,78,0,0,completed
36419,U6422,2025-01-03 15:53:00,2025-01-03 15:57:00,F,30~39,office,seoul,0,0,0,0,19,0,0,52,0,0,completed
36420,U6423,2025-03-02 14:36:00,2025-03-02 14:39:00,F,30~39,office,seoul,1,0,0,0,8,0,0,52,0,0,completed
36421,U6424,2025-10-01 07:24:00,2025-10-01 07:30:00,M,50+,office,seoul,0,0,0,0,13,0,0,79,0,0,completed
36422,U6425,2025-12-07 16:16:00,2025-12-07 16:21:00,M,40~49,office,seoul,1,0,0,0,19,0,0,64,0,0,completed
36423,U6426,2025-03-13 15:59:00,2025-03-13 16:06:00,F,50+,office,seoul,0,0,0,0,2,0,0,19,0,0,completed
36424,U6427,2025-12-02 16:44:00,2025-12-02 16:51:00,F,50+,office,seoul,0,0,0,0,7,0,0,40,0,0,completed
36425,U6428,2025-09-13 12:53:00,2025-09-13 13:00:00,F,20~29,office,seoul,1,0,0,0,21,0,0,34,0,0,completed
36426,U6429,2025-11-27 07:31:00,2025-11-27 07:34:00,F,30~39,office,seoul,0,0,0,0,26,0,0,33,0,0,completed
36427,U6430,2025-07-23 07:29:00,2025-07-23 07:34:00,M,40~49,office,seoul,0,0,0,0,1,0,0,19,0,0,completed
36428,U6431,2025-04-24 09:24:00,2025-04-24 09:30:00,M,20~29,office,seoul,0,0,0,0,16,0,0,31,0,0,completed
36429,U6432,2025-03-05 15:53:00,2025-03-05 15:56:00,F,30~39,office,seoul,0,0,0,0,11,0,0,28,0,0,completed
36430,U6433,2025-06-22 20:03:00,2025-06-22 20:09:00,F,30~39,office,seoul,1,0,0,0,9,0,0,49,0,0,completed
36431,U6434,2025-01-09 14:37:00,2025-01-09 14:42:00,M,50+,office,seoul,0,0,0,0,3,0,0,51,0,0,completed
36432,U6435,2025-12-12 09:39:00,2025-12-12 09:41:00,M,50+,office,seoul,0,0,0,0,19,0,0,14,0,0,completed
36433,U6436,2025-05-09 12:44:00,2025-05-09 12:46:00,F,30~39,office,seoul,0,0,0,0,25,0,0,14,0,0,abandoned
36434,U6437,2025-07-30 19:04:00,2025-07-30 19:09:00,F,40~49,office,seoul,0,0,0,0,11,0,0,15,0,0,abandoned
36435,U6438,2025-05-02 08:15:00,2025-05-02 08:19:00,M,50+,office,seoul,0,0,0,0,9,0,0,70,0,0,completed
36436,U6439,2025-04-15 09:45:00,2025-04-15 09:48:00,M,20~29,office,seoul,0,0,0,0,14,0,0,67,0,0,completed
36437,U6440,2025-07-28 17:32:00,2025-07-28 17:38:00,F,30~39,office,seoul,0,0,0,0,10,0,0,38,0,0,completed
36438,U6441,2025-05-24 08:40:00,2025-05-24 08:44:00,F,20~29,office,seoul,1,0,0,0,13,0,0,69,0,0,completed
36439,U6442,2025-03-22 15:48:00,2025-03-22 15:50:00,F,20~29,office,seoul,1,0,0,0,21,0,0,27,0,0,completed
36440,U6443,2025-06-04 09:37:00,2025-06-04 09:40:00,F,20~29,office,seoul,0,0,0,0,8,0,0,28,0,0,completed
36441,U6444,2025-08-30 13:25:00,2025-08-30 13:28:00,F,50+,office,seoul,1,0,0,0,15,0,0,23,0,0,completed
36442,U6445,2025-02-19 15:50:00,2025-02-19 15:52:00,F,20~29,office,seoul,0,0,0,0,10,0,0,58,0,0,completed
36443,U6446,2025-09-23 15:12:00,2025-09-23 15:18:00,F,50+,office,seoul,0,0,0,0,11,0,0,48,0,0,abandoned
36444,U6447,2025-12-21 08:10:00,2025-12-21 08:17:00,M,20~29,office,seoul,1,0,0,0,7,0,0,39,0,0,completed
36445,U6448,2025-10-13 14:30:00,2025-10-13 14:37:00,M,30~39,office,seoul,0,0,0,0,25,0,0,41,0,0,completed
36446,U6449,2025-07-19 17:59:00,2025-07-19 18:05:00,M,40~49,office,seoul,1,0,0,0,19,0,0,29,0,0,abandoned
36447,U6450,2025-12-30 19:50:00,2025-12-30 19:57:00,F,20~29,office,seoul,0,0,0,0,25,0,0,36,0,0,completed
36448,U6451,2025-12-23 16:54:00,2025-12-23 17:01:00,M,30~39,office,seoul,0,0,0,0,21,0,0,14,0,0,completed
36449,U6452,2025-07-20 15:21:00,2025-07-20 15:25:00,F,40~49,office,seoul,1,0,0,0,13,0,0,46,0,0,completed
36450,U6453,2025-09-04 15:19:00,2025-09-04 15:25:00,F,20~29,office,seoul,0,0,0,0,27,0,0,42,0,0,completed
36451,U6454,2025-11-06 09:45:00,2025-11-06 09:48:00,F,20~29,office,seoul,0,0,0,0,11,0,0,35,0,0,completed
36452,U6455,2025-02-13 12:45:00,2025-02-13 12:49:00,M,50+,office,seoul,0,0,0,0,5,0,0,35,0,0,completed
36453,U6456,2025-02-16 18:46:00,2025-02-16 18:48:00,M,30~39,office,seoul,1,0,0,0,1,0,0,37,0,0,completed
36454,U6457,2025-07-08 11:29:00,2025-07-08 11:32:00,F,40~49,office,seoul,0,0,0,0,24,0,0,45,0,0,completed
36455,U6458,2025-11-20 13:12:00,2025-11-20 13:14:00,M,20~29,office,seoul,0,0,0,0,5,0,0,45,0,0,completed
36456,U6459,2025-12-20 15:25:00,2025-12-20 15:31:00,F,30~39,office,seoul,1,0,0,0,26,0,0,62,0,0,completed
36457,U6460,2025-08-30 13:29:00,2025-08-30 13:36:00,F,20~29,office,seoul,1,0,0,0,18,0,0,70,0,0,completed
36458,U6461,2025-11-03 12:30:00,2025-11-03 12:33:00,M,30~39,office,seoul,0,0,0,0,17,0,0,41,0,0,completed
36459,U6462,2025-01-11 15:20:00,2025-01-11 15:26:00,M,50+,office,seoul,1,0,0,0,23,0,0,32,0,0,completed
36460,U6463,2025-08-12 13:18:00,2025-08-12 13:25:00,F,50+,office,seoul,0,0,0,0,3,0,0,34,0,0,completed
36461,U6464,2025-12-20 12:00:00,2025-12-20 12:05:00,M,30~39,office,seoul,1,0,0,0,10,0,0,31,0,0,completed
36462,U6465,2025-05-06 12:51:00,2025-05-06 12:55:00,F,20~29,office,seoul,0,0,0,0,10,0,0,48,0,0,abandoned
36463,U6466,2025-02-01 15:39:00,2025-02-01 15:45:00,F,20~29,office,seoul,1,0,0,0,19,0,0,56,0,0,completed
36464,U6467,2025-08-05 16:19:00,2025-08-05 16:24:00,M,30~39,office,seoul,0,0,0,0,16,0,0,64,0,0,completed
36465,U6468,2025-06-03 13:40:00,2025-06-03 13:46:00,M,40~49,office,seoul,0,0,0,0,10,0,0,44,0,0,completed
36466,U6469,2025-06-26 11:41:00,2025-06-26 11:47:00,F,40~49,office,seoul,0,0,0,0,27,0,0,36,0,0,completed
36467,U6470,2025-02-17 08:50:00,2025-02-17 08:52:00,M,40~49,office,seoul,0,0,0,0,27,0,0,43,0,0,completed
36468,U6471,2025-08-12 17:14:00,2025-08-12 17:17:00,F,20~29,office,seoul,0,0,0,0,15,0,0,59,0,0,completed
36469,U6472,2025-01-03 12:42:00,2025-01-03 12:47:00,M,50+,office,seoul,0,0,0,0,7,0,0,72,0,0,completed
36470,U6473,2025-12-28 08:09:00,2025-12-28 08:16:00,F,20~29,office,seoul,1,0,0,0,28,0,0,74,0,0,completed
36471,U6474,2025-10-03 09:15:00,2025-10-03 09:22:00,M,30~39,office,seoul,0,0,0,0,8,0,0,70,0,0,completed
36472,U6475,2025-06-20 07:17:00,2025-06-20 07:19:00,F,30~39,office,seoul,0,0,0,0,20,0,0,69,0,0,completed
36473,U6476,2025-04-20 09:16:00,2025-04-20 09:21:00,M,40~49,office,seoul,1,0,0,0,23,0,0,14,0,0,completed
36474,U6477,2025-02-27 12:58:00,2025-02-27 13:04:00,M,40~49,office,seoul,0,0,0,0,2,0,0,13,0,1,completed
36475,U6478,2025-09-14 12:52:00,2025-09-14 12:59:00,F,20~29,office,seoul,1,0,0,0,3,0,0,13,0,0,completed
36476,U6479,2025-04-02 15:01:00,2025-04-02 15:07:00,F,20~29,office,seoul,0,0,0,0,26,0,0,20,0,0,completed
36477,U6480,2025-07-21 08:10:00,2025-07-21 08:16:00,M,30~39,office,seoul,0,0,0,0,25,0,0,51,0,0,completed
36478,U6481,2025-01-16 18:13:00,2025-01-16 18:19:00,F,40~49,office,seoul,0,0,0,0,14,0,0,68,0,0,abandoned
36479,U6482,2025-07-18 14:26:00,2025-07-18 14:29:00,M,50+,office,seoul,0,0,0,0,6,0,0,52,0,0,completed
36480,U6483,2025-04-12 16:20:00,2025-04-12 16:25:00,F,50+,office,seoul,1,0,0,0,13,0,0,15,0,0,completed
36481,U6484,2025-07-02 07:17:00,2025-07-02 07:22:00,M,20~29,office,seoul,0,0,0,0,13,0,0,77,0,0,completed
36482,U6485,2025-04-08 18:31:00,2025-04-08 18:35:00,F,40~49,office,seoul,0,0,0,0,20,0,0,57,0,0,completed
36483,U6486,2025-11-17 08:38:00,2025-11-17 08:43:00,F,30~39,office,seoul,0,0,0,0,18,0,0,55,0,0,completed
36484,U6487,2025-10-17 08:21:00,2025-10-17 08:28:00,F,20~29,office,seoul,0,0,0,0,16,0,0,59,0,0,completed
36485,U6488,2025-09-25 19:17:00,2025-09-25 19:22:00,F,50+,office,seoul,0,0,0,0,28,0,0,13,1,0,completed
36486,U6489,2025-03-19 13:31:00,2025-03-19 13:38:00,M,50+,office,seoul,0,0,0,0,5,0,0,33,0,0,completed
36487,U6490,2025-03-21 09:38:00,2025-03-21 09:41:00,F,50+,office,seoul,0,0,0,0,23,0,0,36,0,0,completed
36488,U6491,2025-09-29 18:36:00,2025-09-29 18:41:00,F,40~49,office,seoul,0,0,0,0,15,0,0,29,0,0,completed
36489,U6492,2025-10-23 09:35:00,2025-10-23 09:37:00,F,20~29,office,seoul,0,0,0,0,6,0,0,19,0,0,completed
36490,U6493,2025-08-23 17:01:00,2025-08-23 17:08:00,M,40~49,office,seoul,1,0,0,0,11,0,0,23,0,0,completed
36491,U6494,2025-07-11 18:34:00,2025-07-11 18:39:00,F,20~29,office,seoul,0,0,0,0,23,0,0,64,1,0,completed
36492,U6495,2025-10-31 17:10:00,2025-10-31 17:16:00,M,20~29,office,seoul,0,0,0,0,28,0,0,74,0,0,abandoned
36493,U6496,2025-05-19 13:53:00,2025-05-19 13:58:00,F,30~39,office,seoul,0,0,0,0,2,0,0,29,0,0,completed
36494,U6497,2025-07-08 17:46:00,2025-07-08 17:50:00,F,50+,office,seoul,0,0,0,0,9,0,0,18,0,0,completed
36495,U6498,2025-10-26 15:46:00,2025-10-26 15:53:00,F,20~29,office,seoul,1,0,0,0,15,0,0,53,0,0,abandoned
36496,U6499,2025-04-15 08:14:00,2025-04-15 08:21:00,F,20~29,office,seoul,0,0,0,0,1,0,0,29,0,0,completed
36497,U6500,2025-10-19 08:54:00,2025-10-19 09:01:00,M,30~39,office,seoul,1,0,0,0,14,0,0,13,0,0,completed
36498,U6501,2025-03-05 18:31:00,2025-03-05 18:38:00,M,30~39,office,seoul,0,0,0,0,18,0,0,11,0,0,completed
36499,U6502,2025-12-20 20:20:00,2025-12-20 20:23:00,F,30~39,office,seoul,1,0,0,0,26,0,0,77,0,0,completed
36500,U6503,2025-06-06 12:01:00,2025-06-06 12:07:00,F,30~39,office,seoul,0,0,0,0,13,0,0,25,0,0,completed
36501,U6504,2025-09-21 16:41:00,2025-09-21 16:44:00,M,20~29,office,seoul,1,0,0,0,2,0,0,26,0,0,abandoned
36502,U6505,2025-12-12 22:46:00,2025-12-12 22:51:00,F,30~39,office,seoul,0,0,0,0,17,0,0,32,0,0,completed
36503,U6506,2025-08-30 17:15:00,2025-08-30 17:22:00,M,20~29,office,seoul,1,0,0,0,29,0,0,73,0,1,completed
36504,U6507,2025-06-19 09:08:00,2025-06-19 09:11:00,F,20~29,office,seoul,0,0,0,0,0,0,0,33,0,0,abandoned
36505,U6508,2025-11-30 09:18:00,2025-11-30 09:22:00,F,40~49,office,seoul,1,0,0,0,7,0,0,67,0,0,completed
36506,U6509,2025-09-16 16:05:00,2025-09-16 16:10:00,M,40~49,office,seoul,0,0,0,0,22,0,0,37,0,0,completed
36507,U6510,2025-06-01 07:12:00,2025-06-01 07:17:00,F,20~29,office,seoul,1,0,0,0,26,0,0,64,0,0,completed
36508,U6511,2025-01-10 12:53:00,2025-01-10 12:58:00,F,30~39,office,seoul,0,0,0,0,21,0,0,47,0,0,completed
36509,U6512,2025-10-22 11:04:00,2025-10-22 11:10:00,F,40~49,office,seoul,0,0,0,0,20,0,0,21,0,0,completed
36510,U6513,2025-02-08 19:08:00,2025-02-08 19:15:00,M,30~39,office,seoul,1,0,0,0,11,0,0,36,0,0,completed
36511,U6514,2025-08-07 13:13:00,2025-08-07 13:15:00,M,20~29,office,seoul,0,0,0,0,29,0,0,55,0,0,completed
36512,U6515,2025-02-26 12:33:00,2025-02-26 12:35:00,F,40~49,office,seoul,0,0,0,0,11,0,0,58,0,1,completed
36513,U6516,2025-07-13 16:26:00,2025-07-13 16:28:00,M,20~29,office,seoul,1,0,0,0,21,0,0,15,0,0,error
36514,U6517,2025-11-05 07:57:00,2025-11-05 08:01:00,M,40~49,office,seoul,0,0,0,0,29,0,0,53,0,0,completed
36515,U6518,2025-06-15 16:45:00,2025-06-15 16:48:00,M,40~49,office,seoul,1,0,0,0,5,0,0,64,0,0,timeout
36516,U6519,2025-11-12 09:28:00,2025-11-12 09:32:00,F,50+,office,seoul,0,0,0,0,22,0,0,69,0,1,completed
36517,U6520,2025-02-25 15:00:00,2025-02-25 15:02:00,F,50+,office,seoul,0,0,0,0,6,0,0,30,0,0,completed
36518,U6521,2025-10-15 15:07:00,2025-10-15 15:12:00,F,20~29,office,seoul,0,0,0,0,15,0,0,61,0,0,completed
36519,U6522,2025-08-03 16:04:00,2025-08-03 16:09:00,M,20~29,office,seoul,1,0,0,0,14,0,0,22,1,0,completed
36520,U6523,2025-09-06 12:47:00,2025-09-06 12:49:00,F,20~29,office,seoul,1,0,0,0,6,0,0,20,0,0,completed
36521,U6524,2025-05-30 14:56:00,2025-05-30 14:59:00,F,20~29,office,seoul,0,0,0,0,5,0,0,19,0,0,completed
36522,U6525,2025-02-01 13:59:00,2025-02-01 14:01:00,F,30~39,office,seoul,1,0,0,0,21,0,0,61,0,0,completed
36523,U6526,2025-07-15 07:17:00,2025-07-15 07:24:00,F,20~29,office,seoul,0,0,0,0,29,0,0,13,0,0,completed
36524,U6527,2025-12-22 09:38:00,2025-12-22 09:44:00,F,50+,office,seoul,0,0,0,0,17,0,0,27,0,0,completed
36525,U6528,2025-08-11 15:14:00,2025-08-11 15:19:00,M,50+,office,seoul,0,0,0,0,7,0,0,64,0,0,completed
36526,U6529,2025-03-26 16:40:00,2025-03-26 16:45:00,M,20~29,office,seoul,0,0,0,0,15,0,0,10,0,0,completed
36527,U6530,2025-11-17 15:49:00,2025-11-17 15:53:00,M,30~39,office,seoul,0,0,0,0,4,0,0,12,0,0,completed
36528,U6531,2025-07-18 20:46:00,2025-07-18 20:53:00,F,50+,office,seoul,0,0,0,0,2,0,0,67,0,1,completed
36529,U6532,2025-06-08 07:28:00,2025-06-08 07:35:00,M,20~29,office,seoul,1,0,0,0,24,0,0,72,0,0,completed
36530,U6533,2025-11-27 15:43:00,2025-11-27 15:50:00,F,50+,office,seoul,0,0,0,0,10,0,0,12,1,0,abandoned
36531,U6534,2025-02-04 18:49:00,2025-02-04 18:51:00,M,40~49,office,seoul,0,0,0,0,9,0,0,58,0,0,abandoned
36532,U6535,2025-08-24 15:35:00,2025-08-24 15:40:00,F,40~49,office,seoul,1,0,0,0,18,0,0,21,0,0,completed
36533,U6536,2025-10-02 08:00:00,2025-10-02 08:04:00,F,20~29,office,seoul,0,0,0,0,21,0,0,70,0,0,completed
36534,U6537,2025-03-18 15:47:00,2025-03-18 15:50:00,F,30~39,office,seoul,0,0,0,0,22,0,0,34,0,1,completed
36535,U6538,2025-07-08 11:54:00,2025-07-08 11:57:00,M,20~29,office,seoul,0,0,0,0,8,0,0,57,0,0,completed
36536,U6539,2025-03-09 11:43:00,2025-03-09 11:48:00,M,20~29,office,seoul,1,0,0,0,1,0,0,28,0,0,completed
36537,U6540,2025-09-06 20:03:00,2025-09-06 20:10:00,F,20~29,office,seoul,1,0,0,0,29,0,0,41,0,0,timeout
36538,U6541,2025-04-12 11:27:00,2025-04-12 11:29:00,M,50+,office,seoul,1,0,0,0,12,0,0,77,0,0,completed
36539,U6542,2025-12-09 17:09:00,2025-12-09 17:16:00,F,40~49,office,seoul,0,0,0,0,4,0,0,57,0,0,completed
36540,U6543,2025-05-01 21:23:00,2025-05-01 21:28:00,M,20~29,office,seoul,0,0,0,0,22,0,0,51,0,0,completed
36541,U6544,2025-07-01 13:00:00,2025-07-01 13:07:00,M,20~29,office,seoul,0,0,0,0,28,0,0,22,0,0,abandoned
36542,U6545,2025-08-31 14:42:00,2025-08-31 14:45:00,M,20~29,office,seoul,1,0,0,0,0,0,0,40,0,0,completed
36543,U6546,2025-08-13 15:20:00,2025-08-13 15:25:00,M,30~39,office,seoul,0,0,0,0,27,0,0,46,0,0,completed
36544,U6547,2025-10-07 17:00:00,2025-10-07 17:03:00,M,20~29,office,seoul,0,0,0,0,12,0,0,17,0,0,completed
36545,U6548,2025-11-16 14:07:00,2025-11-16 14:11:00,F,20~29,office,seoul,1,0,0,0,18,0,0,57,0,0,completed
36546,U6549,2025-12-23 22:38:00,2025-12-23 22:43:00,M,20~29,office,seoul,0,0,0,0,1,0,0,26,0,0,completed
36547,U6550,2025-12-09 14:59:00,2025-12-09 15:02:00,M,30~39,office,seoul,0,0,0,0,26,0,0,21,0,0,completed
36548,U6551,2025-02-17 15:03:00,2025-02-17 15:10:00,M,50+,office,seoul,0,0,0,0,2,0,0,66,0,0,completed
36549,U6552,2025-03-25 15:54:00,2025-03-25 15:59:00,M,30~39,office,seoul,0,0,0,0,5,0,0,26,0,0,completed
36550,U6553,2025-06-02 14:52:00,2025-06-02 14:57:00,M,20~29,office,seoul,0,0,0,0,1,0,0,17,0,0,completed
36551,U6554,2025-11-06 16:33:00,2025-11-06 16:36:00,M,30~39,office,seoul,0,0,0,0,18,0,0,49,0,0,completed
36552,U6555,2025-10-04 15:16:00,2025-10-04 15:21:00,M,30~39,office,seoul,1,0,0,0,29,0,0,56,0,0,completed
36553,U6556,2025-03-10 17:53:00,2025-03-10 17:59:00,F,30~39,office,seoul,0,0,0,0,17,0,0,52,0,0,completed
36554,U6557,2025-07-16 11:42:00,2025-07-16 11:45:00,M,50+,office,seoul,0,0,0,0,10,0,0,46,0,0,completed
36555,U6558,2025-02-26 08:44:00,2025-02-26 08:49:00,M,30~39,office,seoul,0,0,0,0,5,0,0,69,0,0,completed
36556,U6559,2025-10-12 12:36:00,2025-10-12 12:41:00,F,30~39,office,seoul,1,0,0,0,25,0,0,36,0,0,completed
36557,U6560,2025-06-18 19:47:00,2025-06-18 19:52:00,F,40~49,office,seoul,0,0,0,0,12,0,0,14,0,0,completed
36558,U6561,2025-06-04 09:51:00,2025-06-04 09:54:00,F,50+,office,seoul,0,0,0,0,22,0,0,29,0,0,completed
36559,U6562,2025-12-26 13:15:00,2025-12-26 13:20:00,F,30~39,office,seoul,0,0,0,0,19,0,0,16,0,0,completed
36560,U6563,2025-08-07 15:14:00,2025-08-07 15:21:00,F,20~29,office,seoul,0,0,0,0,25,0,0,45,0,1,completed
36561,U6564,2025-06-16 16:07:00,2025-06-16 16:13:00,M,40~49,office,seoul,0,0,0,0,18,0,0,52,0,1,completed
36562,U6565,2025-08-11 08:25:00,2025-08-11 08:28:00,F,30~39,office,seoul,0,0,0,0,28,0,0,43,0,0,completed
36563,U6566,2025-02-26 14:57:00,2025-02-26 15:04:00,F,50+,office,seoul,0,0,0,0,12,0,0,69,0,0,completed
36564,U6567,2025-12-22 09:03:00,2025-12-22 09:10:00,M,20~29,office,seoul,0,0,0,0,15,0,0,16,0,0,completed
36565,U6568,2025-05-13 18:04:00,2025-05-13 18:07:00,M,30~39,office,seoul,0,0,0,0,28,0,0,74,0,0,completed
36566,U6569,2025-04-12 08:55:00,2025-04-12 09:02:00,M,20~29,office,seoul,1,0,0,0,23,0,0,51,0,0,completed
36567,U6570,2025-06-08 14:57:00,2025-06-08 15:00:00,M,30~39,office,seoul,1,0,0,0,17,0,0,73,0,0,completed
36568,U6571,2025-09-15 17:27:00,2025-09-15 17:33:00,M,30~39,office,seoul,0,0,0,0,0,0,0,42,0,0,completed
36569,U6572,2025-01-04 19:28:00,2025-01-04 19:32:00,M,30~39,office,seoul,1,0,0,0,13,0,0,35,0,0,completed
36570,U6573,2025-05-21 08:50:00,2025-05-21 08:53:00,F,30~39,office,seoul,0,0,0,0,2,0,0,65,0,0,completed
36571,U6574,2025-10-09 09:56:00,2025-10-09 09:59:00,F,20~29,office,seoul,0,0,0,0,16,0,0,61,0,0,completed
36572,U6575,2025-05-01 21:01:00,2025-05-01 21:04:00,M,30~39,office,seoul,0,0,0,0,1,0,0,79,0,0,completed
36573,U6576,2025-08-28 12:41:00,2025-08-28 12:43:00,F,30~39,office,seoul,0,0,0,0,19,0,0,26,0,0,completed
36574,U6577,2025-11-30 16:39:00,2025-11-30 16:42:00,F,30~39,office,seoul,1,0,0,0,13,0,0,62,0,0,completed
36575,U6578,2025-07-02 07:55:00,2025-07-02 07:59:00,F,20~29,office,seoul,0,0,0,0,3,0,0,65,0,0,completed
36576,U6579,2025-01-15 19:52:00,2025-01-15 19:59:00,F,20~29,office,seoul,0,0,0,0,5,0,0,30,0,0,completed
36577,U6580,2025-12-05 09:33:00,2025-12-05 09:37:00,F,30~39,office,seoul,0,0,0,0,2,0,0,24,0,0,completed
36578,U6581,2025-09-06 15:53:00,2025-09-06 15:55:00,M,40~49,office,seoul,1,0,0,0,4,0,0,55,0,0,completed
36579,U6582,2025-11-08 19:22:00,2025-11-08 19:25:00,M,40~49,office,seoul,1,0,0,0,2,0,0,20,0,0,completed
36580,U6583,2025-09-18 16:15:00,2025-09-18 16:19:00,F,40~49,office,seoul,0,0,0,0,4,0,0,43,0,0,completed
36581,U6584,2025-03-16 15:18:00,2025-03-16 15:24:00,M,40~49,office,seoul,1,0,0,0,3,0,0,46,0,0,completed
36582,U6585,2025-12-28 15:31:00,2025-12-28 15:34:00,F,40~49,office,seoul,1,0,0,0,3,0,0,76,0,0,completed
36583,U6586,2025-10-07 16:41:00,2025-10-07 16:44:00,F,40~49,office,seoul,0,0,0,0,7,0,0,12,0,0,completed
36584,U6587,2025-04-19 14:47:00,2025-04-19 14:49:00,M,20~29,office,seoul,1,0,0,0,1,0,0,11,0,0,completed
36585,U6588,2025-03-06 12:11:00,2025-03-06 12:15:00,F,30~39,office,seoul,0,0,0,0,28,0,0,57,0,0,completed
36586,U6589,2025-01-24 15:38:00,2025-01-24 15:43:00,F,30~39,office,seoul,0,0,0,0,0,0,0,60,0,0,completed
36587,U6590,2025-12-18 09:45:00,2025-12-18 09:52:00,F,20~29,office,seoul,0,0,0,0,18,0,0,50,0,0,completed
36588,U6591,2025-06-07 16:20:00,2025-06-07 16:25:00,M,40~49,office,seoul,1,0,0,0,24,0,0,28,0,0,completed
36589,U6592,2025-09-10 09:48:00,2025-09-10 09:51:00,F,40~49,office,seoul,0,0,0,0,12,0,0,52,0,0,completed
36590,U6593,2025-08-25 18:26:00,2025-08-25 18:32:00,M,30~39,office,seoul,0,0,0,0,15,0,0,13,0,0,completed
36591,U6594,2025-03-23 16:01:00,2025-03-23 16:04:00,F,20~29,office,seoul,1,0,0,0,22,0,0,31,0,0,completed
36592,U6595,2025-01-01 09:24:00,2025-01-01 09:28:00,F,40~49,office,seoul,0,0,0,0,23,0,0,57,0,0,completed
36593,U6596,2025-03-18 12:59:00,2025-03-18 13:04:00,M,20~29,office,seoul,0,0,0,0,22,0,0,39,0,0,completed
36594,U6597,2025-06-23 17:39:00,2025-06-23 17:43:00,M,40~49,office,seoul,0,0,0,0,19,0,0,15,0,0,completed
36595,U6598,2025-12-04 19:06:00,2025-12-04 19:13:00,F,30~39,office,seoul,0,0,0,0,14,0,0,45,0,0,completed
36596,U6599,2025-04-16 16:13:00,2025-04-16 16:20:00,F,30~39,office,seoul,0,0,0,0,2,0,0,73,0,0,timeout
36597,U6600,2025-11-30 12:06:00,2025-11-30 12:10:00,M,20~29,office,seoul,1,0,0,0,20,0,0,51,0,0,completed
36598,U6601,2025-10-10 19:26:00,2025-10-10 19:31:00,F,30~39,office,seoul,0,0,0,0,3,0,0,23,0,0,completed
36599,U6602,2025-09-29 13:35:00,2025-09-29 13:40:00,F,20~29,office,seoul,0,0,0,0,7,0,0,27,0,0,completed
36600,U6603,2025-10-19 21:44:00,2025-10-19 21:49:00,F,40~49,office,seoul,1,0,0,0,16,0,0,16,0,0,timeout
36601,U6604,2025-06-28 09:45:00,2025-06-28 09:47:00,M,50+,office,seoul,1,0,0,0,27,0,0,78,0,0,completed
36602,U6605,2025-04-02 09:04:00,2025-04-02 09:09:00,F,40~49,office,seoul,0,0,0,0,26,0,0,63,0,0,completed
36603,U6606,2025-03-04 15:40:00,2025-03-04 15:46:00,F,30~39,office,seoul,0,0,0,0,17,0,0,20,0,0,completed
36604,U6607,2025-11-01 14:38:00,2025-11-01 14:45:00,M,50+,office,seoul,1,0,0,0,4,0,0,69,0,0,abandoned
36605,U6608,2025-04-28 08:57:00,2025-04-28 08:59:00,M,20~29,office,seoul,0,0,0,0,22,0,0,13,0,0,completed
36606,U6609,2025-07-31 16:27:00,2025-07-31 16:34:00,F,20~29,office,seoul,0,0,0,0,16,0,0,36,0,0,completed
36607,U6610,2025-11-16 18:01:00,2025-11-16 18:05:00,F,20~29,office,seoul,1,0,0,0,27,0,0,40,0,0,completed
36608,U6611,2025-09-11 09:34:00,2025-09-11 09:37:00,M,30~39,office,seoul,0,0,0,0,27,0,0,54,0,0,completed
36609,U6612,2025-05-01 07:42:00,2025-05-01 07:47:00,F,20~29,office,seoul,0,0,0,0,18,0,0,77,0,0,completed
36610,U6613,2025-10-11 17:53:00,2025-10-11 17:59:00,F,40~49,office,seoul,1,0,0,0,2,0,0,79,0,0,timeout
36611,U6614,2025-06-02 16:00:00,2025-06-02 16:02:00,F,50+,office,seoul,0,0,0,0,13,0,0,41,0,0,completed
36612,U6615,2025-08-24 12:23:00,2025-08-24 12:28:00,F,30~39,office,seoul,1,0,0,0,15,0,0,27,0,0,completed
36613,U6616,2025-12-15 19:24:00,2025-12-15 19:30:00,F,40~49,office,seoul,0,0,0,0,11,0,0,39,0,0,completed
36614,U6617,2025-07-14 07:09:00,2025-07-14 07:13:00,F,50+,office,seoul,0,0,0,0,1,0,0,63,0,0,completed
36615,U6618,2025-04-03 17:47:00,2025-04-03 17:53:00,M,20~29,office,seoul,0,0,0,0,12,0,0,68,0,0,completed
36616,U6619,2025-07-18 22:00:00,2025-07-18 22:03:00,F,40~49,office,seoul,0,0,0,0,13,0,0,21,0,0,abandoned
36617,U6620,2025-08-25 12:18:00,2025-08-25 12:22:00,M,40~49,office,seoul,0,0,0,0,17,0,0,74,0,0,completed
36618,U6621,2025-01-22 12:26:00,2025-01-22 12:33:00,F,30~39,office,seoul,0,0,0,0,28,0,0,29,0,1,completed
36619,U6622,2025-05-03 09:43:00,2025-05-03 09:47:00,F,20~29,office,seoul,1,0,0,0,7,0,0,77,0,0,completed
36620,U6623,2025-09-14 16:32:00,2025-09-14 16:35:00,M,50+,office,seoul,1,0,0,0,22,0,0,26,0,0,completed
36621,U6624,2025-10-19 19:52:00,2025-10-19 19:56:00,M,50+,office,seoul,1,0,0,0,28,0,0,52,0,0,completed
36622,U6625,2025-04-26 09:14:00,2025-04-26 09:21:00,F,40~49,office,seoul,1,0,0,0,6,0,0,21,0,1,completed
36623,U6626,2025-12-31 15:23:00,2025-12-31 15:29:00,M,50+,office,seoul,0,0,0,0,25,0,0,28,0,0,completed
36624,U6627,2025-12-05 18:49:00,2025-12-05 18:56:00,F,20~29,office,seoul,0,0,0,0,2,0,0,12,0,0,completed
36625,U6628,2025-03-17 17:54:00,2025-03-17 18:01:00,M,20~29,office,seoul,0,0,0,0,14,0,0,42,0,0,completed
36626,U6629,2025-11-13 13:03:00,2025-11-13 13:08:00,M,20~29,office,seoul,0,0,0,0,20,0,0,28,0,0,completed
36627,U6630,2025-10-26 09:10:00,2025-10-26 09:16:00,M,20~29,office,seoul,1,0,0,0,3,0,0,28,0,0,abandoned
36628,U6631,2025-12-18 17:30:00,2025-12-18 17:32:00,M,30~39,office,seoul,0,0,0,0,15,0,0,72,0,0,completed
36629,U6632,2025-05-25 12:46:00,2025-05-25 12:49:00,F,40~49,office,seoul,1,0,0,0,18,0,0,31,0,0,abandoned
36630,U6633,2025-02-17 20:56:00,2025-02-17 20:59:00,F,50+,office,seoul,0,0,0,0,15,0,0,34,0,0,completed
36631,U6634,2025-11-27 09:36:00,2025-11-27 09:38:00,F,20~29,office,seoul,0,0,0,0,8,0,0,27,0,0,completed
36632,U6635,2025-03-29 12:17:00,2025-03-29 12:20:00,M,50+,office,seoul,1,0,0,0,5,0,0,46,0,0,completed
36633,U6636,2025-01-05 07:29:00,2025-01-05 07:36:00,M,40~49,office,seoul,1,0,0,0,6,0,0,52,0,0,completed
36634,U6637,2025-03-24 17:06:00,2025-03-24 17:12:00,M,40~49,office,seoul,0,0,0,0,18,0,0,44,0,0,completed
36635,U6638,2025-01-09 11:34:00,2025-01-09 11:37:00,F,30~39,office,seoul,0,0,0,0,18,0,0,19,0,0,completed
36636,U6639,2025-07-08 14:03:00,2025-07-08 14:08:00,F,40~49,office,seoul,0,0,0,0,24,0,0,74,0,0,completed
36637,U6640,2025-06-01 08:08:00,2025-06-01 08:12:00,F,30~39,office,seoul,1,0,0,0,21,0,0,54,0,0,abandoned
36638,U6641,2025-11-18 16:27:00,2025-11-18 16:29:00,M,50+,office,seoul,0,0,0,0,5,0,0,33,0,0,timeout
36639,U6642,2025-06-12 17:03:00,2025-06-12 17:10:00,M,40~49,office,seoul,0,0,0,0,15,0,0,70,0,0,completed
36640,U6643,2025-05-18 17:00:00,2025-05-18 17:07:00,F,20~29,office,seoul,1,0,0,0,0,0,0,15,0,0,completed
36641,U6644,2025-04-03 08:33:00,2025-04-03 08:37:00,F,40~49,office,seoul,0,0,0,0,6,0,0,34,0,0,completed
36642,U6645,2025-05-07 09:35:00,2025-05-07 09:38:00,M,40~49,office,seoul,0,0,0,0,13,0,0,43,0,0,completed
36643,U6646,2025-01-29 14:49:00,2025-01-29 14:51:00,F,20~29,office,seoul,0,0,0,0,23,0,0,69,0,0,completed
36644,U6647,2025-11-20 11:12:00,2025-11-20 11:16:00,F,20~29,office,seoul,0,0,0,0,8,0,0,78,0,0,completed
36645,U6648,2025-06-04 07:26:00,2025-06-04 07:30:00,F,20~29,office,seoul,0,0,0,0,26,0,0,55,0,0,completed
36646,U6649,2025-02-19 20:39:00,2025-02-19 20:41:00,M,30~39,office,seoul,0,0,0,0,24,0,0,69,0,0,timeout
36647,U6650,2025-02-01 18:34:00,2025-02-01 18:39:00,M,50+,office,seoul,1,0,0,0,11,0,0,21,0,0,completed
36648,U6651,2025-07-12 22:11:00,2025-07-12 22:15:00,F,50+,office,seoul,1,0,0,0,15,0,0,17,0,0,completed
36649,U6652,2025-07-25 14:30:00,2025-07-25 14:33:00,M,50+,office,seoul,0,0,0,0,21,0,0,58,0,0,completed
36650,U6653,2025-11-17 13:53:00,2025-11-17 13:57:00,F,30~39,office,seoul,0,0,0,0,11,0,0,38,0,0,completed
36651,U6654,2025-12-11 14:46:00,2025-12-11 14:53:00,F,20~29,office,seoul,0,0,0,0,7,0,0,64,0,0,completed
36652,U6655,2025-06-17 15:58:00,2025-06-17 16:04:00,F,30~39,office,seoul,0,0,0,0,19,0,0,77,0,0,completed
36653,U6656,2025-11-20 17:09:00,2025-11-20 17:14:00,F,30~39,office,seoul,0,0,0,0,21,0,0,27,0,0,completed
36654,U6657,2025-09-05 15:39:00,2025-09-05 15:44:00,F,30~39,office,seoul,0,0,0,0,8,0,0,13,0,0,completed
36655,U6658,2025-09-20 11:30:00,2025-09-20 11:34:00,M,50+,office,seoul,1,0,0,0,26,0,0,69,0,0,completed
36656,U6659,2025-04-02 15:58:00,2025-04-02 16:04:00,F,30~39,office,seoul,0,0,0,0,21,0,0,38,0,0,completed
36657,U6660,2025-04-09 14:29:00,2025-04-09 14:35:00,M,30~39,office,seoul,0,0,0,0,3,0,0,79,0,0,completed
36658,U6661,2025-01-29 21:57:00,2025-01-29 22:00:00,M,20~29,office,seoul,0,0,0,0,13,0,0,51,0,0,completed
36659,U6662,2025-04-06 19:33:00,2025-04-06 19:36:00,F,40~49,office,seoul,1,0,0,0,14,0,0,62,0,0,completed
36660,U6663,2025-09-21 14:37:00,2025-09-21 14:40:00,M,20~29,office,seoul,1,0,0,0,1,0,0,60,0,0,completed
36661,U6664,2025-10-10 11:32:00,2025-10-10 11:39:00,F,30~39,office,seoul,0,0,0,0,19,0,0,64,0,0,completed
36662,U6665,2025-10-05 20:14:00,2025-10-05 20:19:00,M,40~49,office,seoul,1,0,0,0,13,0,0,79,0,0,completed
36663,U6666,2025-08-02 17:39:00,2025-08-02 17:45:00,F,20~29,office,seoul,1,0,0,0,9,0,0,34,0,0,completed
36664,U6667,2025-06-08 18:02:00,2025-06-08 18:05:00,F,20~29,office,seoul,1,0,0,0,6,0,0,61,0,0,completed
36665,U6668,2025-02-23 20:57:00,2025-02-23 21:04:00,F,50+,office,seoul,1,0,0,0,25,0,0,41,0,0,completed
36666,U6669,2025-10-15 08:40:00,2025-10-15 08:42:00,M,30~39,office,seoul,0,0,0,0,13,0,0,18,0,0,completed
36667,U6670,2025-08-12 12:46:00,2025-08-12 12:49:00,F,40~49,office,seoul,0,0,0,0,22,0,0,47,0,0,completed
36668,U6671,2025-10-09 19:47:00,2025-10-09 19:54:00,M,40~49,office,seoul,0,0,0,0,0,0,0,41,1,0,completed
36669,U6672,2025-01-03 12:40:00,2025-01-03 12:47:00,M,40~49,office,seoul,0,0,0,0,8,0,0,25,0,0,error
36670,U6673,2025-08-03 17:51:00,2025-08-03 17:58:00,M,30~39,office,seoul,1,0,0,0,24,0,0,75,0,0,completed
36671,U6674,2025-06-15 17:42:00,2025-06-15 17:49:00,M,30~39,office,seoul,1,0,0,0,18,0,0,13,0,0,completed
36672,U6675,2025-07-15 22:34:00,2025-07-15 22:40:00,M,40~49,office,seoul,0,0,0,0,27,0,0,21,0,0,completed
36673,U6676,2025-11-13 18:49:00,2025-11-13 18:51:00,M,40~49,office,seoul,0,0,0,0,23,0,0,14,0,0,completed
36674,U6677,2025-07-21 15:55:00,2025-07-21 16:00:00,M,40~49,office,seoul,0,0,0,0,2,0,0,62,0,0,completed
36675,U6678,2025-03-23 17:50:00,2025-03-23 17:53:00,F,20~29,office,seoul,1,0,0,0,25,0,0,56,0,0,completed
36676,U6679,2025-07-21 08:25:00,2025-07-21 08:27:00,M,40~49,office,seoul,0,0,0,0,1,0,0,16,0,0,timeout
36677,U6680,2025-08-05 09:46:00,2025-08-05 09:50:00,M,20~29,office,seoul,0,0,0,0,5,0,0,71,0,0,abandoned
36678,U6681,2025-04-10 13:37:00,2025-04-10 13:43:00,M,50+,office,seoul,0,0,0,0,9,0,0,27,0,0,error
36679,U6682,2025-09-27 15:24:00,2025-09-27 15:28:00,F,50+,office,seoul,1,0,0,0,4,0,0,14,0,0,completed
36680,U6683,2025-11-24 17:00:00,2025-11-24 17:04:00,F,20~29,office,seoul,0,0,0,0,14,0,0,74,0,0,completed
36681,U6684,2025-12-27 07:40:00,2025-12-27 07:45:00,F,40~49,office,seoul,1,0,0,0,24,0,0,46,0,0,completed
36682,U6685,2025-01-15 16:56:00,2025-01-15 17:02:00,F,50+,office,seoul,0,0,0,0,24,0,0,70,0,0,completed
36683,U6686,2025-04-04 09:09:00,2025-04-04 09:13:00,M,20~29,office,seoul,0,0,0,0,23,0,0,30,0,0,completed
36684,U6687,2025-10-27 18:23:00,2025-10-27 18:30:00,M,30~39,office,seoul,0,0,0,0,21,0,0,79,0,0,completed
36685,U6688,2025-05-02 16:44:00,2025-05-02 16:46:00,F,20~29,office,seoul,0,0,0,0,15,0,0,66,0,0,completed
36686,U6689,2025-12-24 07:59:00,2025-12-24 08:04:00,F,20~29,office,seoul,0,0,0,0,19,0,0,29,0,0,completed
36687,U6690,2025-03-28 14:04:00,2025-03-28 14:10:00,F,20~29,office,seoul,0,0,0,0,28,0,0,45,0,0,error
36688,U6691,2025-04-26 17:57:00,2025-04-26 18:02:00,M,20~29,office,seoul,1,0,0,0,28,0,0,37,0,0,completed
36689,U6692,2025-04-29 20:58:00,2025-04-29 21:02:00,M,40~49,office,seoul,0,0,0,0,4,0,0,59,0,0,completed
36690,U6693,2025-09-21 16:45:00,2025-09-21 16:49:00,F,30~39,office,seoul,1,0,0,0,17,0,0,24,0,0,abandoned
36691,U6694,2025-11-24 12:14:00,2025-11-24 12:21:00,F,40~49,office,seoul,0,0,0,0,12,0,0,15,0,0,completed
36692,U6695,2025-03-18 09:32:00,2025-03-18 09:38:00,F,50+,office,seoul,0,0,0,0,1,0,0,53,0,0,completed
36693,U6696,2025-09-15 11:18:00,2025-09-15 11:25:00,F,20~29,office,seoul,0,0,0,0,8,0,0,61,0,0,completed
36694,U6697,2025-09-19 17:19:00,2025-09-19 17:22:00,M,40~49,office,seoul,0,0,0,0,11,0,0,16,0,0,completed
36695,U6698,2025-02-05 21:42:00,2025-02-05 21:48:00,F,30~39,office,seoul,0,0,0,0,12,0,0,57,0,0,completed
36696,U6699,2025-08-17 18:43:00,2025-08-17 18:50:00,F,30~39,office,seoul,1,0,0,0,13,0,0,53,0,0,completed
36697,U6700,2025-09-30 09:46:00,2025-09-30 09:48:00,M,50+,office,seoul,0,0,0,0,3,0,0,28,0,0,completed
36698,U6701,2025-07-13 12:02:00,2025-07-13 12:06:00,F,30~39,office,seoul,1,0,0,0,27,0,0,13,0,0,completed
36699,U6702,2025-11-30 11:15:00,2025-11-30 11:18:00,F,30~39,office,seoul,1,0,0,0,21,0,0,69,0,0,abandoned
36700,U6703,2025-05-27 20:32:00,2025-05-27 20:39:00,F,30~39,office,seoul,0,0,0,0,15,0,0,69,0,0,completed
36701,U6704,2025-08-10 19:56:00,2025-08-10 19:59:00,F,50+,office,seoul,1,0,0,0,18,0,0,28,0,0,completed
36702,U6705,2025-05-16 16:59:00,2025-05-16 17:03:00,M,40~49,office,seoul,0,0,0,0,4,0,0,45,0,0,completed
36703,U6706,2025-10-21 12:06:00,2025-10-21 12:13:00,F,20~29,office,seoul,0,0,0,0,16,0,0,61,0,0,completed
36704,U6707,2025-05-15 11:42:00,2025-05-15 11:46:00,F,50+,office,seoul,0,0,0,0,15,0,0,13,0,0,completed
36705,U6708,2025-11-13 08:28:00,2025-11-13 08:31:00,F,20~29,office,seoul,0,0,0,0,18,0,0,67,0,0,completed
36706,U6709,2025-07-01 15:35:00,2025-07-01 15:40:00,F,30~39,office,seoul,0,0,0,0,11,0,0,42,0,0,completed
36707,U6710,2025-02-28 08:42:00,2025-02-28 08:48:00,F,50+,office,seoul,0,0,0,0,7,0,0,35,0,0,completed
36708,U6711,2025-12-16 15:49:00,2025-12-16 15:56:00,F,50+,office,seoul,0,0,0,0,27,0,0,51,0,0,completed
36709,U6712,2025-06-03 15:50:00,2025-06-03 15:57:00,M,50+,office,seoul,0,0,0,0,5,0,0,15,0,1,completed
36710,U6713,2025-07-27 09:33:00,2025-07-27 09:40:00,F,30~39,office,seoul,1,0,0,0,1,0,0,30,0,0,completed
36711,U6714,2025-04-14 15:45:00,2025-04-14 15:51:00,F,30~39,office,seoul,0,0,0,0,4,0,0,20,0,0,timeout
36712,U6715,2025-02-14 13:03:00,2025-02-14 13:06:00,M,20~29,office,seoul,0,0,0,0,25,0,0,15,0,0,completed
36713,U6716,2025-01-13 09:15:00,2025-01-13 09:19:00,M,40~49,office,seoul,0,0,0,0,4,0,0,68,0,0,completed
36714,U6717,2025-01-18 08:48:00,2025-01-18 08:55:00,F,30~39,office,seoul,1,0,0,0,27,0,0,23,0,0,completed
36715,U6718,2025-12-13 14:19:00,2025-12-13 14:21:00,F,40~49,office,seoul,1,0,0,0,11,0,0,72,0,1,completed
36716,U6719,2025-06-09 08:17:00,2025-06-09 08:22:00,F,40~49,office,seoul,0,0,0,0,5,0,0,67,0,0,completed
36717,U6720,2025-06-05 19:43:00,2025-06-05 19:46:00,M,30~39,office,seoul,0,0,0,0,4,0,0,24,0,0,completed
36718,U6721,2025-01-18 16:27:00,2025-01-18 16:29:00,M,30~39,office,seoul,1,0,0,0,14,0,0,17,1,0,completed
36719,U6722,2025-06-26 08:47:00,2025-06-26 08:49:00,F,40~49,office,seoul,0,0,0,0,15,0,0,36,0,0,completed
36720,U6723,2025-01-09 14:29:00,2025-01-09 14:31:00,F,30~39,office,seoul,0,0,0,0,5,0,0,53,0,0,completed
36721,U6724,2025-08-03 09:02:00,2025-08-03 09:06:00,M,30~39,office,seoul,1,0,0,0,3,0,0,22,0,0,completed
36722,U6725,2025-07-21 12:27:00,2025-07-21 12:33:00,F,20~29,office,seoul,0,0,0,0,13,0,0,28,0,0,completed
36723,U6726,2025-02-23 09:18:00,2025-02-23 09:21:00,F,20~29,office,seoul,1,0,0,0,23,0,0,52,0,0,completed
36724,U6727,2025-08-29 13:49:00,2025-08-29 13:52:00,M,20~29,office,seoul,0,0,0,0,2,0,0,15,0,0,completed
36725,U6728,2025-09-23 15:36:00,2025-09-23 15:38:00,F,30~39,office,seoul,0,0,0,0,29,0,0,69,0,0,completed
36726,U6729,2025-08-30 14:40:00,2025-08-30 14:44:00,F,20~29,office,seoul,1,0,0,0,14,0,0,15,0,0,completed
36727,U6730,2025-03-14 14:19:00,2025-03-14 14:22:00,M,30~39,office,seoul,0,0,0,0,19,0,0,51,0,0,completed
36728,U6731,2025-11-25 13:52:00,2025-11-25 13:54:00,M,20~29,office,seoul,0,0,0,0,1,0,0,63,0,0,error
36729,U6732,2025-08-30 14:32:00,2025-08-30 14:34:00,F,30~39,office,seoul,1,0,0,0,5,0,0,64,0,0,completed
36730,U6733,2025-07-21 12:59:00,2025-07-21 13:05:00,F,20~29,office,seoul,0,0,0,0,23,0,0,46,0,0,completed
36731,U6734,2025-09-21 16:48:00,2025-09-21 16:52:00,F,20~29,office,seoul,1,0,0,0,11,0,0,73,0,0,completed
36732,U6735,2025-01-27 19:42:00,2025-01-27 19:46:00,M,30~39,office,seoul,0,0,0,0,20,0,0,51,0,0,completed
36733,U6736,2025-12-07 08:35:00,2025-12-07 08:42:00,F,30~39,office,seoul,1,0,0,0,9,0,0,47,0,0,completed
36734,U6737,2025-10-21 14:33:00,2025-10-21 14:37:00,F,30~39,office,seoul,0,0,0,0,12,0,0,13,0,0,completed
36735,U6738,2025-05-19 20:41:00,2025-05-19 20:48:00,F,50+,office,seoul,0,0,0,0,27,0,0,70,1,0,completed
36736,U6739,2025-08-09 09:55:00,2025-08-09 09:59:00,F,20~29,office,seoul,1,0,0,0,15,0,0,30,0,0,completed
36737,U6740,2025-01-17 08:14:00,2025-01-17 08:20:00,F,30~39,office,seoul,0,0,0,0,24,0,0,75,0,0,abandoned
36738,U6741,2025-12-05 16:08:00,2025-12-05 16:13:00,F,20~29,office,seoul,0,0,0,0,5,0,0,77,0,0,completed
36739,U6742,2025-07-09 12:41:00,2025-07-09 12:43:00,M,20~29,office,seoul,0,0,0,0,0,0,0,46,0,0,completed
36740,U6743,2025-01-29 09:52:00,2025-01-29 09:55:00,F,30~39,office,seoul,0,0,0,0,7,0,0,67,0,0,completed
36741,U6744,2025-05-19 08:35:00,2025-05-19 08:38:00,M,50+,office,seoul,0,0,0,0,22,0,0,49,0,0,completed
36742,U6745,2025-02-07 17:51:00,2025-02-07 17:58:00,F,40~49,office,seoul,0,0,0,0,20,0,0,71,0,0,completed
36743,U6746,2025-07-11 11:49:00,2025-07-11 11:54:00,F,20~29,office,seoul,0,0,0,0,10,0,0,28,0,0,completed
36744,U6747,2025-06-20 16:50:00,2025-06-20 16:56:00,F,50+,office,seoul,0,0,0,0,15,0,0,12,0,0,completed
36745,U6748,2025-01-08 07:18:00,2025-01-08 07:23:00,F,40~49,office,seoul,0,0,0,0,1,0,0,16,0,0,timeout
36746,U6749,2025-08-09 13:28:00,2025-08-09 13:32:00,F,20~29,office,seoul,1,0,0,0,17,0,0,22,1,0,completed
36747,U6750,2025-09-17 12:23:00,2025-09-17 12:25:00,F,40~49,office,seoul,0,0,0,0,18,0,0,17,0,1,abandoned
36748,U6751,2025-02-27 09:59:00,2025-02-27 10:05:00,F,50+,office,seoul,0,0,0,0,6,0,0,57,0,0,completed
36749,U6752,2025-09-24 11:31:00,2025-09-24 11:35:00,M,30~39,office,seoul,0,0,0,0,3,0,0,39,0,0,completed
36750,U6753,2025-03-16 11:02:00,2025-03-16 11:08:00,F,50+,office,seoul,1,0,0,0,24,0,0,75,0,0,completed
36751,U6754,2025-08-27 07:37:00,2025-08-27 07:41:00,M,30~39,office,seoul,0,0,0,0,9,0,0,18,0,0,completed
36752,U6755,2025-03-22 19:12:00,2025-03-22 19:18:00,M,50+,office,seoul,1,0,0,0,0,0,0,28,0,0,completed
36753,U6756,2025-11-01 16:20:00,2025-11-01 16:24:00,F,30~39,office,seoul,1,0,0,0,15,0,0,41,0,0,completed
36754,U6757,2025-04-29 14:09:00,2025-04-29 14:16:00,M,20~29,office,seoul,0,0,0,0,7,0,0,24,0,0,completed
36755,U6758,2025-01-17 20:43:00,2025-01-17 20:50:00,F,30~39,office,seoul,0,0,0,0,16,0,0,68,0,0,completed
36756,U6759,2025-06-23 09:45:00,2025-06-23 09:47:00,M,20~29,office,seoul,0,0,0,0,2,0,0,73,0,0,completed
36757,U6760,2025-04-29 09:49:00,2025-04-29 09:52:00,M,40~49,office,seoul,0,0,0,0,6,0,0,56,0,0,completed
36758,U6761,2025-04-17 08:24:00,2025-04-17 08:28:00,M,30~39,office,seoul,0,0,0,0,19,0,0,75,0,0,completed
36759,U6762,2025-09-15 17:23:00,2025-09-15 17:26:00,M,30~39,office,seoul,0,0,0,0,15,0,0,67,0,0,completed
36760,U6763,2025-02-22 15:07:00,2025-02-22 15:10:00,F,40~49,office,seoul,1,0,0,0,24,0,0,37,0,0,completed
36761,U6764,2025-02-01 14:03:00,2025-02-01 14:05:00,M,50+,office,seoul,1,0,0,0,11,0,0,38,0,0,abandoned
36762,U6765,2025-11-29 15:34:00,2025-11-29 15:38:00,F,30~39,office,seoul,1,0,0,0,15,0,0,12,0,0,completed
36763,U6766,2025-07-12 08:35:00,2025-07-12 08:40:00,F,30~39,office,seoul,1,0,0,0,8,0,0,22,0,0,completed
36764,U6767,2025-02-13 21:16:00,2025-02-13 21:23:00,F,20~29,office,seoul,0,0,0,0,15,0,0,65,0,0,timeout
36765,U6768,2025-11-25 18:21:00,2025-11-25 18:26:00,F,50+,office,seoul,0,0,0,0,17,0,0,64,0,0,completed
36766,U6769,2025-08-06 09:20:00,2025-08-06 09:23:00,F,30~39,office,seoul,0,0,0,0,28,0,0,16,0,0,abandoned
36767,U6770,2025-11-17 09:17:00,2025-11-17 09:24:00,M,50+,office,seoul,0,0,0,0,5,0,0,48,1,0,completed
36768,U6771,2025-02-21 07:57:00,2025-02-21 08:01:00,F,30~39,office,seoul,0,0,0,0,3,0,0,34,0,0,completed
36769,U6772,2025-07-11 14:25:00,2025-07-11 14:32:00,M,50+,office,seoul,0,0,0,0,6,0,0,29,0,1,abandoned
36770,U6773,2025-11-28 14:00:00,2025-11-28 14:02:00,F,30~39,office,seoul,0,0,0,0,8,0,0,15,0,0,completed
36771,U6774,2025-12-07 16:06:00,2025-12-07 16:11:00,M,20~29,office,seoul,1,0,0,0,7,0,0,69,0,0,completed
36772,U6775,2025-04-10 13:28:00,2025-04-10 13:34:00,F,20~29,office,seoul,0,0,0,0,11,0,0,68,0,0,completed
36773,U6776,2025-01-29 08:16:00,2025-01-29 08:20:00,F,50+,office,seoul,0,0,0,0,12,0,0,66,0,0,abandoned
36774,U6777,2025-03-30 13:52:00,2025-03-30 13:55:00,F,40~49,office,seoul,1,0,0,0,23,0,0,34,1,0,completed
36775,U6778,2025-07-01 13:25:00,2025-07-01 13:31:00,F,30~39,office,seoul,0,0,0,0,0,0,0,45,0,0,completed
36776,U6779,2025-09-05 15:12:00,2025-09-05 15:18:00,M,40~49,office,seoul,0,0,0,0,20,0,0,71,0,0,completed
36777,U6780,2025-03-16 21:04:00,2025-03-16 21:09:00,M,50+,office,seoul,1,0,0,0,0,0,0,12,0,0,completed
36778,U6781,2025-10-04 12:03:00,2025-10-04 12:10:00,F,50+,office,seoul,1,0,0,0,2,0,0,73,0,0,completed
36779,U6782,2025-11-08 18:18:00,2025-11-08 18:21:00,M,30~39,office,seoul,1,0,0,0,0,0,0,41,1,0,completed
36780,U6783,2025-05-25 20:17:00,2025-05-25 20:19:00,M,20~29,office,seoul,1,0,0,0,29,0,0,17,0,0,completed
36781,U6784,2025-07-28 09:05:00,2025-07-28 09:07:00,M,30~39,office,seoul,0,0,0,0,17,0,0,39,0,0,completed
36782,U6785,2025-01-07 12:03:00,2025-01-07 12:05:00,M,50+,office,seoul,0,0,0,0,29,0,0,74,0,0,completed
36783,U6786,2025-07-25 17:34:00,2025-07-25 17:36:00,F,20~29,office,seoul,0,0,0,0,24,0,0,58,0,0,completed
36784,U6787,2025-12-12 08:13:00,2025-12-12 08:15:00,M,20~29,office,seoul,0,0,0,0,6,0,0,14,0,0,completed
36785,U6788,2025-08-03 08:27:00,2025-08-03 08:29:00,F,30~39,office,seoul,1,0,0,0,22,0,0,52,0,0,completed
36786,U6789,2025-09-25 20:12:00,2025-09-25 20:17:00,M,20~29,office,seoul,0,0,0,0,11,0,0,40,0,0,completed
36787,U6790,2025-01-10 11:50:00,2025-01-10 11:52:00,F,20~29,office,seoul,0,0,0,0,25,0,0,39,0,0,completed
36788,U6791,2025-07-10 18:39:00,2025-07-10 18:41:00,F,20~29,office,seoul,0,0,0,0,1,0,0,49,0,0,completed
36789,U6792,2025-11-26 14:06:00,2025-11-26 14:12:00,M,20~29,office,seoul,0,0,0,0,24,0,0,48,0,0,completed
36790,U6793,2025-12-18 17:01:00,2025-12-18 17:04:00,F,20~29,office,seoul,0,0,0,0,13,0,0,74,0,0,completed
36791,U6794,2025-02-10 08:17:00,2025-02-10 08:23:00,M,20~29,office,seoul,0,0,0,0,27,0,0,43,0,0,completed
36792,U6795,2025-11-24 17:07:00,2025-11-24 17:12:00,F,30~39,office,seoul,0,0,0,0,11,0,0,28,0,0,completed
36793,U6796,2025-08-27 12:26:00,2025-08-27 12:33:00,M,30~39,office,seoul,0,0,0,0,1,0,0,59,0,0,completed
36794,U6797,2025-01-03 08:25:00,2025-01-03 08:30:00,F,30~39,office,seoul,0,0,0,0,13,0,0,77,0,0,completed
36795,U6798,2025-09-02 12:31:00,2025-09-02 12:38:00,M,40~49,office,seoul,0,0,0,0,13,0,0,33,0,0,completed
36796,U6799,2025-07-09 17:31:00,2025-07-09 17:34:00,M,20~29,office,seoul,0,0,0,0,29,0,0,60,0,0,completed
36797,U6800,2025-12-10 21:17:00,2025-12-10 21:23:00,F,20~29,office,seoul,0,0,0,0,6,0,0,65,0,0,completed
36798,U6801,2025-06-28 12:53:00,2025-06-28 12:55:00,F,20~29,office,seoul,1,0,0,0,7,0,0,76,0,0,completed
36799,U6802,2025-08-21 09:52:00,2025-08-21 09:54:00,M,20~29,office,seoul,0,0,0,0,8,0,0,71,0,0,completed
36800,U6803,2025-12-26 16:48:00,2025-12-26 16:55:00,F,30~39,office,seoul,0,0,0,0,21,0,0,26,0,0,completed
36801,U6804,2025-04-22 20:46:00,2025-04-22 20:52:00,M,40~49,office,seoul,0,0,0,0,23,0,0,41,1,0,abandoned
36802,U6805,2025-02-11 13:07:00,2025-02-11 13:12:00,F,40~49,office,seoul,0,0,0,0,2,0,0,51,0,0,completed
36803,U6806,2025-07-12 09:32:00,2025-07-12 09:39:00,F,40~49,office,seoul,1,0,0,0,7,0,0,31,0,0,error
36804,U6807,2025-11-08 21:01:00,2025-11-08 21:08:00,M,50+,office,seoul,1,0,0,0,28,0,0,69,0,0,completed
36805,U6808,2025-10-26 11:22:00,2025-10-26 11:26:00,F,50+,office,seoul,1,0,0,0,7,0,0,45,0,0,completed
36806,U6809,2025-08-18 07:47:00,2025-08-18 07:50:00,F,40~49,office,seoul,0,0,0,0,16,0,0,23,0,0,completed
36807,U6810,2025-05-28 14:29:00,2025-05-28 14:31:00,M,20~29,office,seoul,0,0,0,0,15,0,0,32,0,0,completed
36808,U6811,2025-10-30 13:39:00,2025-10-30 13:45:00,F,20~29,office,seoul,0,0,0,0,15,0,0,77,0,0,completed
36809,U6812,2025-10-21 08:06:00,2025-10-21 08:13:00,M,40~49,office,seoul,0,0,0,0,22,0,0,10,0,0,completed
36810,U6813,2025-09-08 18:11:00,2025-09-08 18:14:00,F,20~29,office,seoul,0,0,0,0,7,0,0,35,0,0,completed
36811,U6814,2025-07-21 20:10:00,2025-07-21 20:13:00,F,30~39,office,seoul,0,0,0,0,4,0,0,52,0,0,completed
36812,U6815,2025-07-23 11:19:00,2025-07-23 11:24:00,M,50+,office,seoul,0,0,0,0,1,0,0,51,0,0,completed
36813,U6816,2025-04-25 19:43:00,2025-04-25 19:48:00,F,50+,office,seoul,0,0,0,0,19,0,0,78,1,0,completed
36814,U6817,2025-10-20 09:10:00,2025-10-20 09:17:00,F,40~49,office,seoul,0,0,0,0,16,0,0,76,0,0,completed
36815,U6818,2025-07-07 08:18:00,2025-07-07 08:24:00,F,40~49,office,seoul,0,0,0,0,28,0,0,78,0,0,completed
36816,U6819,2025-05-16 13:51:00,2025-05-16 13:56:00,M,40~49,office,seoul,0,0,0,0,14,0,0,61,0,0,completed
36817,U6820,2025-11-06 11:15:00,2025-11-06 11:20:00,M,20~29,office,seoul,0,0,0,0,4,0,0,48,0,0,completed
36818,U6821,2025-03-19 08:21:00,2025-03-19 08:27:00,M,40~49,office,seoul,0,0,0,0,28,0,0,39,0,0,completed
36819,U6822,2025-07-11 11:21:00,2025-07-11 11:24:00,M,20~29,office,seoul,0,0,0,0,8,0,0,29,0,0,completed
36820,U6823,2025-04-03 15:29:00,2025-04-03 15:33:00,M,30~39,office,seoul,0,0,0,0,29,0,0,76,0,0,completed
36821,U6824,2025-10-12 16:37:00,2025-10-12 16:40:00,M,20~29,office,seoul,1,0,0,0,27,0,0,75,0,0,completed
36822,U6825,2025-03-03 12:52:00,2025-03-03 12:59:00,M,20~29,office,seoul,0,0,0,0,22,0,0,34,0,0,completed
36823,U6826,2025-12-19 12:34:00,2025-12-19 12:40:00,F,30~39,office,seoul,0,0,0,0,20,0,0,14,0,0,completed
36824,U6827,2025-10-19 16:06:00,2025-10-19 16:09:00,F,20~29,office,seoul,1,0,0,0,0,0,0,38,0,0,completed
36825,U6828,2025-12-21 14:48:00,2025-12-21 14:50:00,F,30~39,office,seoul,1,0,0,0,25,0,0,48,0,0,completed
36826,U6829,2025-11-12 17:59:00,2025-11-12 18:01:00,F,50+,office,seoul,0,0,0,0,14,0,0,38,0,1,abandoned
36827,U6830,2025-04-30 07:26:00,2025-04-30 07:29:00,M,40~49,office,seoul,0,0,0,0,20,0,0,14,1,0,completed
36828,U6831,2025-11-01 16:33:00,2025-11-01 16:38:00,F,30~39,office,seoul,1,0,0,0,12,0,0,20,0,0,completed
36829,U6832,2025-12-08 18:12:00,2025-12-08 18:18:00,M,40~49,office,seoul,0,0,0,0,10,0,0,29,0,0,completed
36830,U6833,2025-01-31 19:29:00,2025-01-31 19:31:00,M,20~29,office,seoul,0,0,0,0,20,0,0,55,0,0,completed
36831,U6834,2025-08-24 08:44:00,2025-08-24 08:50:00,F,40~49,office,seoul,1,0,0,0,14,0,0,69,0,1,completed
36832,U6835,2025-12-17 12:01:00,2025-12-17 12:05:00,F,30~39,office,seoul,0,0,0,0,0,0,0,51,0,0,timeout
36833,U6836,2025-10-04 11:55:00,2025-10-04 12:02:00,M,20~29,office,seoul,1,0,0,0,28,0,0,30,0,0,completed
36834,U6837,2025-06-09 15:17:00,2025-06-09 15:21:00,M,20~29,office,seoul,0,0,0,0,23,0,0,74,0,0,completed
36835,U6838,2025-03-05 09:23:00,2025-03-05 09:26:00,M,20~29,office,seoul,0,0,0,0,21,0,0,72,0,0,abandoned
36836,U6839,2025-03-03 11:42:00,2025-03-03 11:48:00,F,30~39,office,seoul,0,0,0,0,18,0,0,72,0,0,completed
36837,U6840,2025-11-24 12:47:00,2025-11-24 12:50:00,M,20~29,office,seoul,0,0,0,0,24,0,0,13,0,0,completed
36838,U6841,2025-05-07 17:28:00,2025-05-07 17:33:00,F,30~39,office,seoul,0,0,0,0,11,0,0,13,0,0,completed
36839,U6842,2025-02-04 13:30:00,2025-02-04 13:34:00,F,20~29,office,seoul,0,0,0,0,14,0,0,73,0,0,completed
36840,U6843,2025-07-25 12:12:00,2025-07-25 12:19:00,F,50+,office,seoul,0,0,0,0,25,0,0,47,0,0,completed
36841,U6844,2025-05-17 15:24:00,2025-05-17 15:27:00,F,20~29,office,seoul,1,0,0,0,17,0,0,50,0,0,completed
36842,U6845,2025-05-21 16:09:00,2025-05-21 16:12:00,F,20~29,office,seoul,0,0,0,0,15,0,0,24,0,0,completed
36843,U6846,2025-08-19 15:52:00,2025-08-19 15:55:00,F,20~29,office,seoul,0,0,0,0,4,0,0,31,0,0,completed
36844,U6847,2025-05-15 17:51:00,2025-05-15 17:58:00,M,50+,office,seoul,0,0,0,0,23,0,0,40,0,0,completed
36845,U6848,2025-02-18 07:58:00,2025-02-18 08:00:00,M,30~39,office,seoul,0,0,0,0,10,0,0,23,0,0,abandoned
36846,U6849,2025-01-08 17:49:00,2025-01-08 17:53:00,F,40~49,office,seoul,0,0,0,0,0,0,0,69,0,0,completed
36847,U6850,2025-12-13 15:15:00,2025-12-13 15:22:00,F,30~39,office,seoul,1,0,0,0,22,0,0,77,0,0,completed
36848,U6851,2025-01-27 16:45:00,2025-01-27 16:49:00,M,40~49,office,seoul,0,0,0,0,9,0,0,12,0,0,completed
36849,U6852,2025-05-30 16:11:00,2025-05-30 16:13:00,M,50+,office,seoul,0,0,0,0,16,0,0,36,0,0,completed
36850,U6853,2025-06-26 08:51:00,2025-06-26 08:55:00,M,20~29,office,seoul,0,0,0,0,26,0,0,61,0,0,completed
36851,U6854,2025-09-09 18:46:00,2025-09-09 18:49:00,M,20~29,office,seoul,0,0,0,0,21,0,0,70,0,0,completed
36852,U6855,2025-09-01 12:19:00,2025-09-01 12:22:00,M,30~39,office,seoul,0,0,0,0,1,0,0,56,0,0,completed
36853,U6856,2025-05-12 22:49:00,2025-05-12 22:52:00,M,40~49,office,seoul,0,0,0,0,8,0,0,24,0,0,completed
36854,U6857,2025-10-25 07:55:00,2025-10-25 07:57:00,F,40~49,office,seoul,1,0,0,0,5,0,0,22,0,0,completed
36855,U6858,2025-12-16 22:21:00,2025-12-16 22:24:00,F,20~29,office,seoul,0,0,0,0,9,0,0,17,1,0,completed
36856,U6859,2025-07-14 16:38:00,2025-07-14 16:44:00,F,20~29,office,seoul,0,0,0,0,14,0,0,77,0,0,completed
36857,U6860,2025-03-04 09:57:00,2025-03-04 09:59:00,M,50+,office,seoul,0,0,0,0,26,0,0,26,0,0,completed
36858,U6861,2025-08-10 15:20:00,2025-08-10 15:22:00,F,40~49,office,seoul,1,0,0,0,21,0,0,74,0,0,completed
36859,U6862,2025-03-14 22:13:00,2025-03-14 22:16:00,M,30~39,office,seoul,0,0,0,0,0,0,0,44,0,0,completed
36860,U6863,2025-02-11 07:12:00,2025-02-11 07:18:00,M,30~39,office,seoul,0,0,0,0,2,0,0,34,0,0,completed
36861,U6864,2025-01-05 15:47:00,2025-01-05 15:49:00,F,40~49,office,seoul,1,0,0,0,29,0,0,44,0,0,abandoned
36862,U6865,2025-08-29 09:19:00,2025-08-29 09:26:00,F,20~29,office,seoul,0,0,0,0,8,0,0,54,0,0,completed
36863,U6866,2025-11-29 21:09:00,2025-11-29 21:16:00,F,30~39,office,seoul,1,0,0,0,25,0,0,47,0,0,completed
36864,U6867,2025-09-22 12:10:00,2025-09-22 12:16:00,M,20~29,office,seoul,0,0,0,0,9,0,0,41,0,0,completed
36865,U6868,2025-07-21 08:59:00,2025-07-21 09:01:00,F,30~39,office,seoul,0,0,0,0,15,0,0,15,0,0,completed
36866,U6869,2025-10-19 16:39:00,2025-10-19 16:41:00,F,40~49,office,seoul,1,0,0,0,26,0,0,66,0,0,completed
36867,U6870,2025-05-03 17:40:00,2025-05-03 17:47:00,F,50+,office,seoul,1,0,0,0,28,0,0,30,0,0,completed
36868,U6871,2025-04-06 09:38:00,2025-04-06 09:42:00,F,40~49,office,seoul,1,0,0,0,15,0,0,76,0,0,completed
36869,U6872,2025-09-20 21:25:00,2025-09-20 21:28:00,M,20~29,office,seoul,1,0,0,0,16,0,0,70,0,0,completed
36870,U6873,2025-07-09 15:04:00,2025-07-09 15:07:00,M,20~29,office,seoul,0,0,0,0,13,0,0,26,0,0,abandoned
36871,U6874,2025-02-07 11:48:00,2025-02-07 11:53:00,F,20~29,office,seoul,0,0,0,0,5,0,0,11,0,0,completed
36872,U6875,2025-02-03 09:21:00,2025-02-03 09:26:00,M,20~29,office,seoul,0,0,0,0,22,0,0,57,0,0,error
36873,U6876,2025-05-21 07:38:00,2025-05-21 07:45:00,M,30~39,office,seoul,0,0,0,0,13,0,0,77,0,0,completed
36874,U6877,2025-09-25 13:10:00,2025-09-25 13:15:00,M,20~29,office,seoul,0,0,0,0,13,0,0,54,0,0,completed
36875,U6878,2025-05-29 12:55:00,2025-05-29 12:57:00,M,30~39,office,seoul,0,0,0,0,17,0,0,12,0,0,completed
36876,U6879,2025-07-07 17:25:00,2025-07-07 17:28:00,F,20~29,office,seoul,0,0,0,0,11,0,0,25,0,0,completed
36877,U6880,2025-11-27 14:53:00,2025-11-27 14:57:00,M,40~49,office,seoul,0,0,0,0,29,0,0,11,0,0,completed
36878,U6881,2025-10-26 07:27:00,2025-10-26 07:34:00,M,50+,office,seoul,1,0,0,0,1,0,0,47,0,1,abandoned
36879,U6882,2025-12-13 14:11:00,2025-12-13 14:15:00,F,30~39,office,seoul,1,0,0,0,7,0,0,78,0,0,completed
36880,U6883,2025-09-22 08:36:00,2025-09-22 08:40:00,F,20~29,office,seoul,0,0,0,0,12,0,0,61,0,0,completed
36881,U6884,2025-04-27 16:02:00,2025-04-27 16:07:00,M,20~29,office,seoul,1,0,0,0,13,0,0,54,0,0,completed
36882,U6885,2025-08-02 17:46:00,2025-08-02 17:51:00,M,30~39,office,seoul,1,0,0,0,16,0,0,25,0,0,completed
36883,U6886,2025-02-16 15:51:00,2025-02-16 15:57:00,M,30~39,office,seoul,1,0,0,0,16,0,0,66,0,0,completed
36884,U6887,2025-06-30 16:27:00,2025-06-30 16:32:00,F,40~49,office,seoul,0,0,0,0,22,0,0,72,0,0,completed
36885,U6888,2025-05-27 14:29:00,2025-05-27 14:36:00,M,30~39,office,seoul,0,0,0,0,12,0,0,10,0,0,completed
36886,U6889,2025-09-11 09:59:00,2025-09-11 10:03:00,M,20~29,office,seoul,0,0,0,0,10,0,0,31,0,0,completed
36887,U6890,2025-05-31 09:31:00,2025-05-31 09:38:00,F,20~29,office,seoul,1,0,0,0,21,0,0,29,0,0,completed
36888,U6891,2025-10-04 14:34:00,2025-10-04 14:36:00,F,30~39,office,seoul,1,0,0,0,19,0,0,42,0,0,completed
36889,U6892,2025-11-30 15:05:00,2025-11-30 15:12:00,F,30~39,office,seoul,1,0,0,0,18,0,0,27,0,0,completed
36890,U6893,2025-09-05 17:44:00,2025-09-05 17:51:00,F,20~29,office,seoul,0,0,0,0,20,0,0,14,0,0,completed
36891,U6894,2025-07-28 22:32:00,2025-07-28 22:38:00,M,30~39,office,seoul,0,0,0,0,6,0,0,16,0,0,completed
36892,U6895,2025-10-20 13:21:00,2025-10-20 13:25:00,M,20~29,office,seoul,0,0,0,0,8,0,0,67,0,0,completed
36893,U6896,2025-04-27 07:59:00,2025-04-27 08:06:00,F,20~29,office,seoul,1,0,0,0,29,0,0,67,0,0,completed
36894,U6897,2025-08-08 08:40:00,2025-08-08 08:43:00,M,20~29,office,seoul,0,0,0,0,1,0,0,50,0,0,error
36895,U6898,2025-03-05 18:59:00,2025-03-05 19:03:00,M,30~39,office,seoul,0,0,0,0,5,0,0,26,0,0,completed
36896,U6899,2025-09-24 08:41:00,2025-09-24 08:43:00,F,20~29,office,seoul,0,0,0,0,5,0,0,41,0,0,completed
36897,U6900,2025-04-12 17:21:00,2025-04-12 17:27:00,F,20~29,office,seoul,1,0,0,0,28,0,0,79,0,0,completed
36898,U6901,2025-12-14 17:04:00,2025-12-14 17:08:00,F,40~49,office,seoul,1,0,0,0,17,0,0,36,0,0,completed
36899,U6902,2025-02-23 12:35:00,2025-02-23 12:38:00,F,40~49,office,seoul,1,0,0,0,1,0,0,37,0,0,completed
36900,U6903,2025-01-06 15:46:00,2025-01-06 15:52:00,F,20~29,office,seoul,0,0,0,0,1,0,0,73,0,0,completed
36901,U6904,2025-07-01 15:30:00,2025-07-01 15:35:00,M,40~49,office,seoul,0,0,0,0,21,0,0,61,0,0,completed
36902,U6905,2025-04-14 16:11:00,2025-04-14 16:13:00,M,30~39,office,seoul,0,0,0,0,15,0,0,59,0,0,completed
36903,U6906,2025-03-08 08:12:00,2025-03-08 08:19:00,M,30~39,office,seoul,1,0,0,0,27,0,0,62,0,0,completed
36904,U6907,2025-09-15 15:39:00,2025-09-15 15:45:00,M,30~39,office,seoul,0,0,0,0,8,0,0,14,0,0,completed
36905,U6908,2025-03-16 20:10:00,2025-03-16 20:13:00,M,30~39,office,seoul,1,0,0,0,7,0,0,64,0,0,timeout
36906,U6909,2025-01-16 17:07:00,2025-01-16 17:14:00,F,40~49,office,seoul,0,0,0,0,2,0,0,18,0,0,completed
36907,U6910,2025-05-01 09:34:00,2025-05-01 09:38:00,F,40~49,office,seoul,0,0,0,0,7,0,0,42,0,0,completed
36908,U6911,2025-08-05 08:50:00,2025-08-05 08:56:00,F,40~49,office,seoul,0,0,0,0,21,0,0,67,0,0,completed
36909,U6912,2025-04-17 13:35:00,2025-04-17 13:40:00,F,20~29,office,seoul,0,0,0,0,8,0,0,74,0,0,completed
36910,U6913,2025-02-09 16:32:00,2025-02-09 16:38:00,F,50+,office,seoul,1,0,0,0,24,0,0,19,0,0,completed
36911,U6914,2025-10-15 19:56:00,2025-10-15 20:01:00,F,50+,office,seoul,0,0,0,0,9,0,0,27,0,0,completed
36912,U6915,2025-06-10 15:32:00,2025-06-10 15:38:00,M,20~29,office,seoul,0,0,0,0,6,0,0,63,0,0,completed
36913,U6916,2025-05-09 19:02:00,2025-05-09 19:05:00,M,40~49,office,seoul,0,0,0,0,17,0,0,24,0,0,completed
36914,U6917,2025-03-31 20:47:00,2025-03-31 20:53:00,M,30~39,office,seoul,0,0,0,0,22,0,0,78,0,0,completed
36915,U6918,2025-06-19 19:20:00,2025-06-19 19:23:00,M,50+,office,seoul,0,0,0,0,8,0,0,27,0,0,completed
36916,U6919,2025-05-28 11:43:00,2025-05-28 11:48:00,F,20~29,office,seoul,0,0,0,0,29,0,0,73,0,0,completed
36917,U6920,2025-10-27 09:45:00,2025-10-27 09:52:00,M,20~29,office,seoul,0,0,0,0,22,0,0,25,0,0,completed
36918,U6921,2025-06-14 15:10:00,2025-06-14 15:14:00,M,50+,office,seoul,1,0,0,0,21,0,0,46,0,0,completed
36919,U6922,2025-05-24 08:35:00,2025-05-24 08:42:00,M,50+,office,seoul,1,0,0,0,2,0,0,42,0,0,completed
36920,U6923,2025-06-27 22:02:00,2025-06-27 22:06:00,F,20~29,office,seoul,0,0,0,0,20,0,0,44,0,0,completed
36921,U6924,2025-05-30 19:39:00,2025-05-30 19:46:00,M,40~49,office,seoul,0,0,0,0,14,0,0,59,0,1,completed
36922,U6925,2025-11-01 12:21:00,2025-11-01 12:25:00,F,20~29,office,seoul,1,0,0,0,7,0,0,44,0,0,completed
36923,U6926,2025-05-21 19:48:00,2025-05-21 19:54:00,F,20~29,office,seoul,0,0,0,0,11,0,0,69,0,0,completed
36924,U6927,2025-01-28 17:28:00,2025-01-28 17:31:00,M,40~49,office,seoul,0,0,0,0,10,0,0,32,0,0,error
36925,U6928,2025-07-28 11:04:00,2025-07-28 11:11:00,M,20~29,office,seoul,0,0,0,0,0,0,0,57,0,0,completed
36926,U6929,2025-01-12 17:05:00,2025-01-12 17:07:00,F,20~29,office,seoul,1,0,0,0,29,0,0,61,0,0,completed
36927,U6930,2025-12-20 17:05:00,2025-12-20 17:12:00,F,40~49,office,seoul,1,0,0,0,16,0,0,52,0,0,completed
36928,U6931,2025-05-30 12:59:00,2025-05-30 13:06:00,F,20~29,office,seoul,0,0,0,0,18,0,0,68,0,0,completed
36929,U6932,2025-07-16 12:08:00,2025-07-16 12:15:00,M,30~39,office,seoul,0,0,0,0,20,0,0,39,0,0,completed
36930,U6933,2025-08-11 15:31:00,2025-08-11 15:38:00,F,20~29,office,seoul,0,0,0,0,11,0,0,15,0,0,completed
36931,U6934,2025-04-24 19:06:00,2025-04-24 19:09:00,F,30~39,office,seoul,0,0,0,0,23,0,0,12,0,0,completed
36932,U6935,2025-08-01 14:44:00,2025-08-01 14:46:00,F,20~29,office,seoul,0,0,0,0,19,0,0,38,0,0,completed
36933,U6936,2025-11-16 08:43:00,2025-11-16 08:46:00,M,20~29,office,seoul,1,0,0,0,1,0,0,17,0,0,completed
36934,U6937,2025-11-04 17:17:00,2025-11-04 17:22:00,M,30~39,office,seoul,0,0,0,0,12,0,0,38,0,0,completed
36935,U6938,2025-08-15 16:33:00,2025-08-15 16:35:00,M,50+,office,seoul,0,0,0,0,23,0,0,56,0,0,completed
36936,U6939,2025-11-15 12:55:00,2025-11-15 12:58:00,F,50+,office,seoul,1,0,0,0,22,0,0,68,0,0,completed
36937,U6940,2025-08-06 15:19:00,2025-08-06 15:22:00,M,30~39,office,seoul,0,0,0,0,6,0,0,39,0,0,completed
36938,U6941,2025-04-12 17:08:00,2025-04-12 17:12:00,F,50+,office,seoul,1,0,0,0,4,0,0,30,0,0,completed
36939,U6942,2025-08-17 11:41:00,2025-08-17 11:45:00,M,20~29,office,seoul,1,0,0,0,11,0,0,71,0,0,completed
36940,U6943,2025-10-25 09:46:00,2025-10-25 09:52:00,F,30~39,office,seoul,1,0,0,0,18,0,0,26,0,0,completed
36941,U6944,2025-12-01 16:24:00,2025-12-01 16:31:00,F,30~39,office,seoul,0,0,0,0,1,0,0,37,0,0,completed
36942,U6945,2025-10-11 15:09:00,2025-10-11 15:16:00,F,20~29,office,seoul,1,0,0,0,4,0,0,19,0,0,completed
36943,U6946,2025-09-30 19:43:00,2025-09-30 19:46:00,F,40~49,office,seoul,0,0,0,0,24,0,0,20,0,0,completed
36944,U6947,2025-09-30 07:06:00,2025-09-30 07:13:00,M,40~49,office,seoul,0,0,0,0,3,0,0,70,0,0,abandoned
36945,U6948,2025-04-18 16:23:00,2025-04-18 16:28:00,F,20~29,office,seoul,0,0,0,0,2,0,0,47,0,0,completed
36946,U6949,2025-11-20 15:08:00,2025-11-20 15:10:00,M,20~29,office,seoul,0,0,0,0,0,0,0,33,0,0,completed
36947,U6950,2025-11-05 16:29:00,2025-11-05 16:31:00,M,40~49,office,seoul,0,0,0,0,23,0,0,60,0,0,completed
36948,U6951,2025-08-14 14:28:00,2025-08-14 14:30:00,F,40~49,office,seoul,0,0,0,0,28,0,0,63,0,0,completed
36949,U6952,2025-12-07 15:34:00,2025-12-07 15:40:00,F,20~29,office,seoul,1,0,0,0,15,0,0,69,0,0,completed
36950,U6953,2025-10-28 18:08:00,2025-10-28 18:12:00,F,30~39,office,seoul,0,0,0,0,7,0,0,23,0,0,completed
36951,U6954,2025-01-24 15:15:00,2025-01-24 15:22:00,F,50+,office,seoul,0,0,0,0,19,0,0,53,0,0,completed
36952,U6955,2025-07-08 14:17:00,2025-07-08 14:23:00,M,20~29,office,seoul,0,0,0,0,7,0,0,45,0,0,completed
36953,U6956,2025-03-29 12:42:00,2025-03-29 12:44:00,M,50+,office,seoul,1,0,0,0,22,0,0,63,0,0,completed
36954,U6957,2025-11-27 14:06:00,2025-11-27 14:09:00,F,20~29,office,seoul,0,0,0,0,5,0,0,34,0,0,completed
36955,U6958,2025-08-21 16:02:00,2025-08-21 16:06:00,F,40~49,office,seoul,0,0,0,0,6,0,0,57,0,0,completed
36956,U6959,2025-08-21 16:07:00,2025-08-21 16:12:00,F,30~39,office,seoul,0,0,0,0,6,0,0,62,0,0,completed
36957,U6960,2025-07-16 12:48:00,2025-07-16 12:51:00,M,20~29,office,seoul,0,0,0,0,11,0,0,48,0,0,abandoned
36958,U6961,2025-10-09 15:19:00,2025-10-09 15:26:00,F,50+,office,seoul,0,0,0,0,23,0,0,75,0,0,completed
36959,U6962,2025-06-07 13:39:00,2025-06-07 13:43:00,F,30~39,office,seoul,1,0,0,0,22,0,0,18,0,0,completed
36960,U6963,2025-07-07 13:11:00,2025-07-07 13:15:00,M,20~29,office,seoul,0,0,0,0,2,0,0,46,0,0,completed
36961,U6964,2025-02-15 14:21:00,2025-02-15 14:28:00,F,20~29,office,seoul,1,0,0,0,5,0,0,53,0,0,completed
36962,U6965,2025-11-03 15:47:00,2025-11-03 15:54:00,M,20~29,office,seoul,0,0,0,0,21,0,0,56,0,0,abandoned
36963,U6966,2025-07-22 14:45:00,2025-07-22 14:49:00,F,20~29,office,seoul,0,0,0,0,8,0,0,55,0,0,completed
36964,U6967,2025-06-16 08:26:00,2025-06-16 08:28:00,F,40~49,office,seoul,0,0,0,0,21,0,0,59,0,0,completed
36965,U6968,2025-01-01 07:59:00,2025-01-01 08:06:00,M,50+,office,seoul,0,0,0,0,15,0,0,47,0,0,completed
36966,U6969,2025-07-10 18:25:00,2025-07-10 18:30:00,M,20~29,office,seoul,0,0,0,0,21,0,0,11,0,0,completed
36967,U6970,2025-06-22 17:42:00,2025-06-22 17:45:00,M,20~29,office,seoul,1,0,0,0,21,0,0,13,0,0,completed
36968,U6971,2025-05-06 16:22:00,2025-05-06 16:25:00,F,20~29,office,seoul,0,0,0,0,18,0,0,74,0,0,completed
36969,U6972,2025-02-12 12:04:00,2025-02-12 12:06:00,M,30~39,office,seoul,0,0,0,0,22,0,0,69,0,1,completed
36970,U6973,2025-09-01 13:04:00,2025-09-01 13:06:00,F,30~39,office,seoul,0,0,0,0,25,0,0,37,0,0,completed
36971,U6974,2025-06-21 14:30:00,2025-06-21 14:33:00,F,20~29,office,seoul,1,0,0,0,6,0,0,72,0,0,completed
36972,U6975,2025-04-26 20:22:00,2025-04-26 20:25:00,F,40~49,office,seoul,1,0,0,0,25,0,0,59,0,0,completed
36973,U6976,2025-05-08 17:40:00,2025-05-08 17:42:00,F,30~39,office,seoul,0,0,0,0,7,0,0,73,0,0,completed
36974,U6977,2025-12-19 14:46:00,2025-12-19 14:52:00,F,30~39,office,seoul,0,0,0,0,2,0,0,27,0,0,completed
36975,U6978,2025-07-11 09:15:00,2025-07-11 09:17:00,M,20~29,office,seoul,0,0,0,0,21,0,0,69,0,0,completed
36976,U6979,2025-06-11 17:11:00,2025-06-11 17:15:00,F,40~49,office,seoul,0,0,0,0,11,0,0,15,0,0,completed
36977,U6980,2025-05-25 09:49:00,2025-05-25 09:55:00,M,20~29,office,seoul,1,0,0,0,16,0,0,62,0,0,completed
36978,U6981,2025-01-10 09:14:00,2025-01-10 09:18:00,F,30~39,office,seoul,0,0,0,0,4,0,0,34,0,0,completed
36979,U6982,2025-08-30 14:50:00,2025-08-30 14:55:00,F,20~29,office,seoul,1,0,0,0,3,0,0,36,0,0,completed
36980,U6983,2025-11-04 15:38:00,2025-11-04 15:44:00,F,50+,office,seoul,0,0,0,0,1,0,0,35,0,0,completed
36981,U6984,2025-12-15 18:48:00,2025-12-15 18:51:00,F,50+,office,seoul,0,0,0,0,12,0,0,46,0,0,completed
36982,U6985,2025-06-20 08:00:00,2025-06-20 08:04:00,F,40~49,office,seoul,0,0,0,0,15,0,0,30,0,0,completed
36983,U6986,2025-08-07 15:17:00,2025-08-07 15:21:00,M,50+,office,seoul,0,0,0,0,26,0,0,72,0,1,completed
36984,U6987,2025-01-03 09:27:00,2025-01-03 09:31:00,M,20~29,office,seoul,0,0,0,0,9,0,0,39,0,0,completed
36985,U6988,2025-11-20 12:52:00,2025-11-20 12:58:00,F,40~49,office,seoul,0,0,0,0,12,0,0,12,0,0,abandoned
36986,U6989,2025-01-12 12:37:00,2025-01-12 12:41:00,M,30~39,office,seoul,1,0,0,0,22,0,0,41,0,0,completed
36987,U6990,2025-06-17 15:22:00,2025-06-17 15:29:00,F,50+,office,seoul,0,0,0,0,7,0,0,53,0,0,timeout
36988,U6991,2025-03-23 07:43:00,2025-03-23 07:48:00,F,20~29,office,seoul,1,0,0,0,26,0,0,79,0,0,completed
36989,U6992,2025-02-20 09:05:00,2025-02-20 09:07:00,F,20~29,office,seoul,0,0,0,0,23,0,0,69,0,0,abandoned
36990,U6993,2025-11-01 18:48:00,2025-11-01 18:55:00,F,20~29,office,seoul,1,0,0,0,20,0,0,65,0,0,completed
36991,U6994,2025-06-06 18:44:00,2025-06-06 18:50:00,F,30~39,office,seoul,0,0,0,0,7,0,0,23,0,0,completed
36992,U6995,2025-06-09 16:42:00,2025-06-09 16:45:00,F,50+,office,seoul,0,0,0,0,4,0,0,55,0,0,completed
36993,U6996,2025-07-15 18:28:00,2025-07-15 18:35:00,F,20~29,office,seoul,0,0,0,0,18,0,0,18,0,0,completed
36994,U6997,2025-04-01 12:14:00,2025-04-01 12:20:00,M,50+,office,seoul,0,0,0,0,9,0,0,15,0,0,completed
36995,U6998,2025-03-09 12:32:00,2025-03-09 12:36:00,F,20~29,office,seoul,1,0,0,0,9,0,0,65,0,0,abandoned
36996,U6999,2025-02-14 12:10:00,2025-02-14 12:14:00,M,20~29,office,seoul,0,0,0,0,10,0,0,34,0,0,completed
36997,U7000,2025-02-18 18:47:00,2025-02-18 18:54:00,F,40~49,office,seoul,0,0,0,0,29,0,0,40,0,0,completed
36998,U7001,2025-12-13 18:53:00,2025-12-13 18:57:00,F,30~39,office,seoul,1,0,0,0,11,0,0,30,0,0,completed
36999,U7002,2025-07-02 14:59:00,2025-07-02 15:02:00,F,50+,office,seoul,0,0,0,0,2,0,0,26,0,0,completed
37000,U7003,2025-05-14 19:41:00,2025-05-14 19:43:00,F,20~29,office,seoul,0,0,0,0,22,0,0,56,0,0,completed
37001,U7004,2025-10-29 12:58:00,2025-10-29 13:02:00,F,20~29,office,seoul,0,0,0,0,29,0,0,16,0,0,completed
37002,U7005,2025-12-31 16:07:00,2025-12-31 16:09:00,F,20~29,office,seoul,0,0,0,0,27,0,0,10,0,0,completed
37003,U7006,2025-03-03 09:57:00,2025-03-03 10:04:00,M,30~39,office,seoul,0,0,0,0,8,0,0,31,0,0,completed
37004,U7007,2025-08-29 18:15:00,2025-08-29 18:18:00,M,30~39,office,seoul,0,0,0,0,23,0,0,47,0,0,completed
37005,U7008,2025-07-19 16:31:00,2025-07-19 16:33:00,F,40~49,office,seoul,1,0,0,0,13,0,0,56,0,0,abandoned
37006,U7009,2025-06-13 13:01:00,2025-06-13 13:08:00,F,40~49,office,seoul,0,0,0,0,23,0,0,52,0,0,completed
37007,U7010,2025-08-19 16:00:00,2025-08-19 16:07:00,M,30~39,office,seoul,0,0,0,0,27,0,0,42,0,0,completed
37008,U7011,2025-04-03 07:54:00,2025-04-03 07:59:00,M,20~29,office,seoul,0,0,0,0,29,0,0,50,0,0,completed
37009,U7012,2025-07-26 18:33:00,2025-07-26 18:39:00,F,30~39,office,seoul,1,0,0,0,26,0,0,68,0,0,completed
37010,U7013,2025-12-10 12:52:00,2025-12-10 12:56:00,F,30~39,office,seoul,0,0,0,0,10,0,0,54,0,0,completed
37011,U7014,2025-07-10 22:54:00,2025-07-10 23:00:00,F,30~39,office,seoul,0,0,0,0,29,0,0,67,0,0,completed
37012,U7015,2025-03-27 15:08:00,2025-03-27 15:10:00,F,40~49,office,seoul,0,0,0,0,20,0,0,17,0,0,error
37013,U7016,2025-05-20 13:52:00,2025-05-20 13:58:00,M,30~39,office,seoul,0,0,0,0,10,0,0,49,0,0,completed
37014,U7017,2025-08-03 15:12:00,2025-08-03 15:14:00,M,30~39,office,seoul,1,0,0,0,16,0,0,27,0,0,completed
37015,U7018,2025-08-05 16:09:00,2025-08-05 16:11:00,M,20~29,office,seoul,0,0,0,0,13,0,0,76,0,0,completed
37016,U7019,2025-07-02 15:25:00,2025-07-02 15:31:00,M,30~39,office,seoul,0,0,0,0,22,0,0,25,0,0,completed
37017,U7020,2025-07-14 14:25:00,2025-07-14 14:29:00,F,40~49,office,seoul,0,0,0,0,5,0,0,20,0,0,completed
37018,U7021,2025-10-29 17:01:00,2025-10-29 17:06:00,M,30~39,office,seoul,0,0,0,0,15,0,0,41,0,0,completed
37019,U7022,2025-05-04 12:59:00,2025-05-04 13:01:00,F,40~49,office,seoul,1,0,0,0,7,0,0,60,0,0,completed
37020,U7023,2025-04-23 08:33:00,2025-04-23 08:37:00,M,40~49,office,seoul,0,0,0,0,2,0,0,74,0,0,completed
37021,U7024,2025-01-19 18:21:00,2025-01-19 18:27:00,M,30~39,office,seoul,1,0,0,0,27,0,0,35,0,0,completed
37022,U7025,2025-08-02 20:03:00,2025-08-02 20:09:00,F,30~39,office,seoul,1,0,0,0,13,0,0,72,0,0,completed
37023,U7026,2025-04-25 16:17:00,2025-04-25 16:23:00,F,20~29,office,seoul,0,0,0,0,26,0,0,20,0,0,completed
37024,U7027,2025-09-02 20:37:00,2025-09-02 20:43:00,F,20~29,office,seoul,0,0,0,0,20,0,0,54,0,0,completed
37025,U7028,2025-05-31 19:34:00,2025-05-31 19:37:00,F,30~39,office,seoul,1,0,0,0,24,0,0,12,0,0,completed
37026,U7029,2025-07-19 11:05:00,2025-07-19 11:12:00,F,30~39,office,seoul,1,0,0,0,7,0,0,25,0,0,completed
37027,U7030,2025-09-22 19:11:00,2025-09-22 19:13:00,F,50+,office,seoul,0,0,0,0,29,0,0,55,0,0,completed
37028,U7031,2025-08-15 09:41:00,2025-08-15 09:47:00,M,20~29,office,seoul,0,0,0,0,10,0,0,70,0,0,completed
37029,U7032,2025-06-15 08:29:00,2025-06-15 08:36:00,M,20~29,office,seoul,1,0,0,0,2,0,0,45,0,0,completed
37030,U7033,2025-10-11 15:45:00,2025-10-11 15:50:00,F,30~39,office,seoul,1,0,0,0,16,0,0,42,0,0,completed
37031,U7034,2025-01-04 14:34:00,2025-01-04 14:41:00,M,30~39,office,seoul,1,0,0,0,22,0,0,76,0,0,completed
37032,U7035,2025-03-20 17:56:00,2025-03-20 17:58:00,M,20~29,office,seoul,0,0,0,0,14,0,0,46,0,0,completed
37033,U7036,2025-11-07 09:53:00,2025-11-07 09:57:00,M,20~29,office,seoul,0,0,0,0,13,0,0,42,0,0,completed
37034,U7037,2025-12-10 22:28:00,2025-12-10 22:35:00,F,50+,office,seoul,0,0,0,0,8,0,0,38,1,0,completed
37035,U7038,2025-08-12 07:47:00,2025-08-12 07:49:00,F,40~49,office,seoul,0,0,0,0,5,0,0,15,1,0,timeout
37036,U7039,2025-03-20 13:16:00,2025-03-20 13:20:00,F,20~29,office,seoul,0,0,0,0,27,0,0,38,0,0,completed
37037,U7040,2025-04-25 08:46:00,2025-04-25 08:53:00,M,40~49,office,seoul,0,0,0,0,1,0,0,64,0,0,completed
37038,U7041,2025-10-05 12:31:00,2025-10-05 12:35:00,F,20~29,office,seoul,1,0,0,0,29,0,0,67,0,0,completed
37039,U7042,2025-09-07 18:13:00,2025-09-07 18:18:00,M,40~49,office,seoul,1,0,0,0,9,0,0,42,0,0,completed
37040,U7043,2025-01-04 16:56:00,2025-01-04 17:02:00,F,30~39,office,seoul,1,0,0,0,29,0,0,64,0,0,completed
37041,U7044,2025-07-02 13:20:00,2025-07-02 13:22:00,F,50+,office,seoul,0,0,0,0,27,0,0,61,0,0,completed
37042,U7045,2025-04-01 21:34:00,2025-04-01 21:40:00,F,50+,office,seoul,0,0,0,0,12,0,0,71,0,0,completed
37043,U7046,2025-06-17 09:34:00,2025-06-17 09:41:00,F,20~29,office,seoul,0,0,0,0,9,0,0,56,0,0,completed
37044,U7047,2025-07-01 16:23:00,2025-07-01 16:25:00,F,30~39,office,seoul,0,0,0,0,6,0,0,33,0,0,completed
37045,U7048,2025-12-22 12:05:00,2025-12-22 12:12:00,M,20~29,office,seoul,0,0,0,0,27,0,0,47,0,0,completed
37046,U7049,2025-08-21 19:59:00,2025-08-21 20:03:00,F,40~49,office,seoul,0,0,0,0,18,0,0,44,0,0,abandoned
37047,U7050,2025-04-27 16:42:00,2025-04-27 16:46:00,F,20~29,office,seoul,1,0,0,0,12,0,0,41,0,0,completed
37048,U7051,2025-04-14 11:32:00,2025-04-14 11:35:00,F,40~49,office,seoul,0,0,0,0,14,0,0,54,0,0,completed
37049,U7052,2025-11-16 17:09:00,2025-11-16 17:12:00,F,20~29,office,seoul,1,0,0,0,24,0,0,30,0,0,completed
37050,U7053,2025-07-22 16:50:00,2025-07-22 16:53:00,M,40~49,office,seoul,0,0,0,0,8,0,0,76,1,0,completed
37051,U7054,2025-02-13 12:55:00,2025-02-13 12:57:00,M,30~39,office,seoul,0,0,0,0,3,0,0,79,0,0,abandoned
37052,U7055,2025-10-24 16:39:00,2025-10-24 16:45:00,F,40~49,office,seoul,0,0,0,0,7,0,0,66,0,0,completed
37053,U7056,2025-01-18 21:44:00,2025-01-18 21:49:00,M,50+,office,seoul,1,0,0,0,8,0,0,78,0,0,completed
37054,U7057,2025-02-13 17:55:00,2025-02-13 17:57:00,M,30~39,office,seoul,0,0,0,0,15,0,0,66,0,0,completed
37055,U7058,2025-12-10 16:02:00,2025-12-10 16:07:00,F,30~39,office,seoul,0,0,0,0,22,0,0,29,0,0,completed
37056,U7059,2025-07-21 17:05:00,2025-07-21 17:08:00,M,20~29,office,seoul,0,0,0,0,14,0,0,52,0,0,completed
37057,U7060,2025-07-13 19:13:00,2025-07-13 19:15:00,M,50+,office,seoul,1,0,0,0,10,0,0,17,0,0,completed
37058,U7061,2025-05-09 13:56:00,2025-05-09 13:58:00,M,40~49,office,seoul,0,0,0,0,6,0,0,63,0,0,completed
37059,U7062,2025-06-13 09:37:00,2025-06-13 09:41:00,M,50+,office,seoul,0,0,0,0,27,0,0,50,0,0,completed
37060,U7063,2025-03-04 15:41:00,2025-03-04 15:48:00,M,30~39,office,seoul,0,0,0,0,6,0,0,65,0,0,completed
37061,U7064,2025-01-26 15:13:00,2025-01-26 15:19:00,F,20~29,office,seoul,1,0,0,0,3,0,0,20,0,0,completed
37062,U7065,2025-05-02 12:29:00,2025-05-02 12:36:00,M,50+,office,seoul,0,0,0,0,25,0,0,23,0,0,completed
37063,U7066,2025-07-03 08:55:00,2025-07-03 08:57:00,M,50+,office,seoul,0,0,0,0,12,0,0,77,0,0,completed
37064,U7067,2025-07-29 12:28:00,2025-07-29 12:34:00,F,20~29,office,seoul,0,0,0,0,19,0,0,57,0,0,completed
37065,U7068,2025-03-29 16:32:00,2025-03-29 16:36:00,F,40~49,office,seoul,1,0,0,0,13,0,0,77,0,0,completed
37066,U7069,2025-08-11 18:00:00,2025-08-11 18:07:00,F,40~49,office,seoul,0,0,0,0,12,0,0,78,0,0,timeout
37067,U7070,2025-08-30 08:26:00,2025-08-30 08:30:00,M,30~39,office,seoul,1,0,0,0,24,0,0,16,0,0,abandoned
37068,U7071,2025-06-13 16:47:00,2025-06-13 16:54:00,M,20~29,office,seoul,0,0,0,0,9,0,0,65,0,0,completed
37069,U7072,2025-05-05 07:14:00,2025-05-05 07:17:00,M,40~49,office,seoul,0,0,0,0,17,0,0,50,0,0,abandoned
37070,U7073,2025-05-28 15:13:00,2025-05-28 15:17:00,M,50+,office,seoul,0,0,0,0,6,0,0,34,0,0,completed
37071,U7074,2025-12-09 13:09:00,2025-12-09 13:16:00,M,30~39,office,seoul,0,0,0,0,19,0,0,43,0,0,abandoned
37072,U7075,2025-06-21 16:52:00,2025-06-21 16:55:00,M,50+,office,seoul,1,0,0,0,26,0,0,19,0,0,completed
37073,U7076,2025-09-11 14:37:00,2025-09-11 14:42:00,F,30~39,office,seoul,0,0,0,0,2,0,0,32,0,0,completed
37074,U7077,2025-06-10 19:07:00,2025-06-10 19:13:00,F,20~29,office,seoul,0,0,0,0,12,0,0,45,0,0,completed
37075,U7078,2025-04-21 09:23:00,2025-04-21 09:26:00,F,30~39,office,seoul,0,0,0,0,10,0,0,39,0,0,completed
37076,U7079,2025-02-25 08:16:00,2025-02-25 08:19:00,M,30~39,office,seoul,0,0,0,0,3,0,0,69,0,0,abandoned
37077,U7080,2025-03-15 08:58:00,2025-03-15 09:02:00,M,30~39,office,seoul,1,0,0,0,22,0,0,34,0,0,abandoned
37078,U7081,2025-02-27 09:53:00,2025-02-27 09:57:00,F,20~29,office,seoul,0,0,0,0,7,0,0,16,0,0,completed
37079,U7082,2025-10-24 14:17:00,2025-10-24 14:24:00,M,30~39,office,seoul,0,0,0,0,27,0,0,32,0,0,completed
37080,U7083,2025-02-22 15:16:00,2025-02-22 15:18:00,M,30~39,office,seoul,1,0,0,0,25,0,0,10,0,0,abandoned
37081,U7084,2025-04-06 13:05:00,2025-04-06 13:12:00,M,30~39,office,seoul,1,0,0,0,7,0,0,14,0,0,completed
37082,U7085,2025-03-09 15:17:00,2025-03-09 15:19:00,F,20~29,office,seoul,1,0,0,0,1,0,0,44,0,0,completed
37083,U7086,2025-01-19 20:06:00,2025-01-19 20:13:00,M,20~29,office,seoul,1,0,0,0,3,0,0,74,0,0,completed
37084,U7087,2025-05-27 16:47:00,2025-05-27 16:54:00,F,30~39,office,seoul,0,0,0,0,17,0,0,74,0,0,completed
37085,U7088,2025-05-08 08:26:00,2025-05-08 08:29:00,M,40~49,office,seoul,0,0,0,0,3,0,0,73,0,0,completed
37086,U7089,2025-02-11 11:58:00,2025-02-11 12:03:00,F,20~29,office,seoul,0,0,0,0,22,0,0,11,0,0,completed
37087,U7090,2025-02-22 17:38:00,2025-02-22 17:43:00,M,20~29,office,seoul,1,0,0,0,13,0,0,44,0,0,completed
37088,U7091,2025-11-13 18:04:00,2025-11-13 18:10:00,F,20~29,office,seoul,0,0,0,0,23,0,0,18,0,0,completed
37089,U7092,2025-04-25 22:39:00,2025-04-25 22:44:00,F,30~39,office,seoul,0,0,0,0,22,0,0,21,0,1,completed
37090,U7093,2025-03-19 09:19:00,2025-03-19 09:24:00,F,50+,office,seoul,0,0,0,0,2,0,0,39,0,0,completed
37091,U7094,2025-10-08 07:11:00,2025-10-08 07:17:00,F,30~39,office,seoul,0,0,0,0,8,0,0,20,0,0,completed
37092,U7095,2025-03-04 15:50:00,2025-03-04 15:55:00,F,40~49,office,seoul,0,0,0,0,24,0,0,28,0,0,completed
37093,U7096,2025-02-28 13:02:00,2025-02-28 13:07:00,M,40~49,office,seoul,0,0,0,0,2,0,0,53,0,0,completed
37094,U7097,2025-07-28 17:46:00,2025-07-28 17:50:00,M,40~49,office,seoul,0,0,0,0,29,0,0,24,0,0,completed
37095,U7098,2025-09-20 15:02:00,2025-09-20 15:06:00,M,20~29,office,seoul,1,0,0,0,19,0,0,13,0,0,completed
37096,U7099,2025-12-21 19:18:00,2025-12-21 19:22:00,M,50+,office,seoul,1,0,0,0,16,0,0,39,0,0,completed
37097,U7100,2025-05-15 19:07:00,2025-05-15 19:10:00,F,50+,office,seoul,0,0,0,0,14,0,0,13,0,0,completed
37098,U7101,2025-05-19 16:15:00,2025-05-19 16:21:00,M,20~29,office,seoul,0,0,0,0,0,0,0,35,0,0,completed
37099,U7102,2025-12-30 20:11:00,2025-12-30 20:14:00,F,40~49,office,seoul,0,0,0,0,27,0,0,66,0,0,completed
37100,U7103,2025-10-25 11:52:00,2025-10-25 11:56:00,F,30~39,office,seoul,1,0,0,0,4,0,0,64,0,0,completed
37101,U7104,2025-12-11 18:22:00,2025-12-11 18:26:00,F,20~29,office,seoul,0,0,0,0,27,0,0,62,0,0,completed
37102,U7105,2025-06-12 15:08:00,2025-06-12 15:10:00,F,30~39,office,seoul,0,0,0,0,28,0,0,69,0,0,completed
37103,U7106,2025-09-24 20:13:00,2025-09-24 20:18:00,F,30~39,office,seoul,0,0,0,0,15,0,0,14,0,0,completed
37104,U7107,2025-12-02 09:19:00,2025-12-02 09:21:00,F,20~29,office,seoul,0,0,0,0,1,0,0,19,0,0,completed
37105,U7108,2025-11-03 16:41:00,2025-11-03 16:48:00,F,30~39,office,seoul,0,0,0,0,5,0,0,26,0,0,completed
37106,U7109,2025-06-21 21:43:00,2025-06-21 21:47:00,F,30~39,office,seoul,1,0,0,0,5,0,0,39,0,0,completed
37107,U7110,2025-05-17 15:42:00,2025-05-17 15:46:00,F,40~49,office,seoul,1,0,0,0,24,0,0,66,0,0,abandoned
37108,U7111,2025-12-18 17:38:00,2025-12-18 17:41:00,F,40~49,office,seoul,0,0,0,0,12,0,0,74,0,0,completed
37109,U7112,2025-04-27 17:06:00,2025-04-27 17:09:00,F,30~39,office,seoul,1,0,0,0,26,0,0,72,0,0,completed
37110,U7113,2025-11-06 09:51:00,2025-11-06 09:54:00,F,20~29,office,seoul,0,0,0,0,23,0,0,51,0,0,completed
37111,U7114,2025-05-04 14:33:00,2025-05-04 14:37:00,F,30~39,office,seoul,1,0,0,0,25,0,0,43,0,0,completed
37112,U7115,2025-02-13 18:17:00,2025-02-13 18:22:00,F,40~49,office,seoul,0,0,0,0,6,0,0,45,0,0,completed
37113,U7116,2025-09-01 09:30:00,2025-09-01 09:33:00,F,30~39,office,seoul,0,0,0,0,8,0,0,47,0,0,completed
37114,U7117,2025-02-01 20:07:00,2025-02-01 20:09:00,M,40~49,office,seoul,1,0,0,0,11,0,0,14,0,0,completed
37115,U7118,2025-11-07 11:50:00,2025-11-07 11:54:00,M,40~49,office,seoul,0,0,0,0,18,0,0,62,0,0,completed
37116,U7119,2025-11-01 16:02:00,2025-11-01 16:05:00,M,40~49,office,seoul,1,0,0,0,5,0,0,62,0,0,completed
37117,U7120,2025-08-18 16:13:00,2025-08-18 16:18:00,F,30~39,office,seoul,0,0,0,0,28,0,0,38,1,0,completed
37118,U7121,2025-12-19 17:56:00,2025-12-19 18:03:00,F,30~39,office,seoul,0,0,0,0,0,0,0,52,0,0,completed
37119,U7122,2025-04-13 07:20:00,2025-04-13 07:24:00,F,30~39,office,seoul,1,0,0,0,22,0,0,61,0,0,completed
37120,U7123,2025-01-30 09:15:00,2025-01-30 09:18:00,M,20~29,office,seoul,0,0,0,0,27,0,0,32,0,0,completed
37121,U7124,2025-12-27 16:55:00,2025-12-27 17:02:00,F,30~39,office,seoul,1,0,0,0,28,0,0,40,0,0,completed
37122,U7125,2025-06-04 19:37:00,2025-06-04 19:42:00,F,50+,office,seoul,0,0,0,0,23,0,0,78,0,0,completed
37123,U7126,2025-03-11 18:01:00,2025-03-11 18:03:00,F,30~39,office,seoul,0,0,0,0,28,0,0,18,0,0,completed
37124,U7127,2025-11-03 16:46:00,2025-11-03 16:52:00,F,30~39,office,seoul,0,0,0,0,5,0,0,47,0,0,completed
37125,U7128,2025-11-18 15:23:00,2025-11-18 15:25:00,M,20~29,office,seoul,0,0,0,0,3,0,0,60,0,0,completed
37126,U7129,2025-01-26 11:33:00,2025-01-26 11:35:00,M,20~29,office,seoul,1,0,0,0,5,0,0,67,0,0,completed
37127,U7130,2025-07-26 11:20:00,2025-07-26 11:24:00,F,50+,office,seoul,1,0,0,0,0,0,0,61,0,0,completed
37128,U7131,2025-06-12 18:22:00,2025-06-12 18:24:00,M,20~29,office,seoul,0,0,0,0,4,0,0,31,0,0,completed
37129,U7132,2025-06-22 08:01:00,2025-06-22 08:03:00,M,40~49,office,seoul,1,0,0,0,19,0,0,36,0,0,completed
37130,U7133,2025-07-28 08:47:00,2025-07-28 08:49:00,F,50+,office,seoul,0,0,0,0,11,0,0,46,0,0,completed
37131,U7134,2025-10-17 14:49:00,2025-10-17 14:55:00,F,30~39,office,seoul,0,0,0,0,16,0,0,40,0,0,completed
37132,U7135,2025-08-15 12:38:00,2025-08-15 12:43:00,F,40~49,office,seoul,0,0,0,0,22,0,0,70,0,1,completed
37133,U7136,2025-06-22 19:59:00,2025-06-22 20:02:00,M,20~29,office,seoul,1,0,0,0,7,0,0,13,0,0,completed
37134,U7137,2025-04-22 14:56:00,2025-04-22 15:01:00,F,40~49,office,seoul,0,0,0,0,24,0,0,72,0,0,completed
37135,U7138,2025-06-30 15:27:00,2025-06-30 15:29:00,M,40~49,office,seoul,0,0,0,0,0,0,0,71,0,0,completed
37136,U7139,2025-10-09 15:31:00,2025-10-09 15:38:00,M,50+,office,seoul,0,0,0,0,29,0,0,71,0,0,completed
37137,U7140,2025-03-10 12:34:00,2025-03-10 12:36:00,M,50+,office,seoul,0,0,0,0,13,0,0,47,0,0,completed
37138,U7141,2025-10-16 09:36:00,2025-10-16 09:38:00,F,30~39,office,seoul,0,0,0,0,4,0,0,47,0,0,completed
37139,U7142,2025-03-05 15:28:00,2025-03-05 15:35:00,F,50+,office,seoul,0,0,0,0,25,0,0,67,1,0,completed
37140,U7143,2025-06-24 09:08:00,2025-06-24 09:12:00,M,20~29,office,seoul,0,0,0,0,11,0,0,73,0,0,abandoned
37141,U7144,2025-11-24 08:12:00,2025-11-24 08:16:00,F,50+,office,seoul,0,0,0,0,10,0,0,28,0,0,completed
37142,U7145,2025-08-21 13:38:00,2025-08-21 13:42:00,M,30~39,office,seoul,0,0,0,0,6,0,0,79,0,0,completed
37143,U7146,2025-03-30 13:19:00,2025-03-30 13:24:00,F,40~49,office,seoul,1,0,0,0,16,0,0,56,0,0,completed
37144,U7147,2025-04-04 16:32:00,2025-04-04 16:39:00,M,40~49,office,seoul,0,0,0,0,18,0,0,53,0,0,completed
37145,U7148,2025-12-26 12:00:00,2025-12-26 12:04:00,M,20~29,office,seoul,0,0,0,0,21,0,0,45,0,0,completed
37146,U7149,2025-01-21 14:07:00,2025-01-21 14:10:00,M,20~29,office,seoul,0,0,0,0,13,0,0,34,0,0,completed
37147,U7150,2025-07-25 16:41:00,2025-07-25 16:44:00,M,40~49,office,seoul,0,0,0,0,26,0,0,69,0,0,completed
37148,U7151,2025-10-31 08:07:00,2025-10-31 08:12:00,F,20~29,office,seoul,0,0,0,0,17,0,0,76,0,0,completed
37149,U7152,2025-07-13 17:19:00,2025-07-13 17:24:00,M,50+,office,seoul,1,0,0,0,10,0,0,57,0,0,completed
37150,U7153,2025-01-29 19:35:00,2025-01-29 19:41:00,M,40~49,office,seoul,0,0,0,0,22,0,0,78,0,0,completed
37151,U7154,2025-12-21 13:49:00,2025-12-21 13:54:00,F,20~29,office,seoul,1,0,0,0,1,0,0,64,0,0,completed
37152,U7155,2025-10-09 09:29:00,2025-10-09 09:33:00,M,40~49,office,seoul,0,0,0,0,6,0,0,69,0,0,completed
37153,U7156,2025-07-02 11:08:00,2025-07-02 11:13:00,M,20~29,office,seoul,0,0,0,0,22,0,0,29,0,0,completed
37154,U7157,2025-08-02 18:33:00,2025-08-02 18:39:00,F,20~29,office,seoul,1,0,0,0,19,0,0,37,0,0,completed
37155,U7158,2025-11-09 21:06:00,2025-11-09 21:10:00,M,30~39,office,seoul,1,0,0,0,11,0,0,78,0,0,completed
37156,U7159,2025-08-08 13:19:00,2025-08-08 13:24:00,F,50+,office,seoul,0,0,0,0,6,0,0,14,0,0,completed
37157,U7160,2025-02-10 12:12:00,2025-02-10 12:18:00,M,20~29,office,seoul,0,0,0,0,17,0,0,21,0,0,completed
37158,U7161,2025-08-15 08:07:00,2025-08-15 08:09:00,M,20~29,office,seoul,0,0,0,0,17,0,0,76,0,0,completed
37159,U7162,2025-05-19 18:32:00,2025-05-19 18:37:00,M,50+,office,seoul,0,0,0,0,9,0,0,48,0,0,completed
37160,U7163,2025-07-25 15:07:00,2025-07-25 15:14:00,M,40~49,office,seoul,0,0,0,0,21,0,0,28,0,0,abandoned
37161,U7164,2025-01-22 17:21:00,2025-01-22 17:26:00,F,20~29,office,seoul,0,0,0,0,10,0,0,34,0,0,completed
37162,U7165,2025-02-24 19:33:00,2025-02-24 19:39:00,F,20~29,office,seoul,0,0,0,0,17,0,0,41,0,0,completed
37163,U7166,2025-11-13 12:24:00,2025-11-13 12:28:00,F,40~49,office,seoul,0,0,0,0,15,0,0,58,0,0,completed
37164,U7167,2025-08-30 12:16:00,2025-08-30 12:21:00,F,40~49,office,seoul,1,0,0,0,2,0,0,79,0,0,completed
37165,U7168,2025-12-31 13:46:00,2025-12-31 13:52:00,F,30~39,office,seoul,0,0,0,0,18,0,0,27,0,0,completed
37166,U7169,2025-04-06 16:54:00,2025-04-06 17:00:00,M,30~39,office,seoul,1,0,0,0,15,0,0,70,0,0,completed
37167,U7170,2025-12-12 08:52:00,2025-12-12 08:56:00,F,20~29,office,seoul,0,0,0,0,28,0,0,69,0,0,completed
37168,U7171,2025-10-30 09:17:00,2025-10-30 09:19:00,F,40~49,office,seoul,0,0,0,0,20,0,0,35,0,0,completed
37169,U7172,2025-01-16 17:14:00,2025-01-16 17:19:00,F,50+,office,seoul,0,0,0,0,23,0,0,71,0,0,completed
37170,U7173,2025-05-05 13:22:00,2025-05-05 13:25:00,F,20~29,office,seoul,0,0,0,0,26,0,0,27,0,0,completed
37171,U7174,2025-11-05 19:25:00,2025-11-05 19:27:00,F,30~39,office,seoul,0,0,0,0,29,0,0,57,0,0,completed
37172,U7175,2025-06-16 18:54:00,2025-06-16 19:00:00,M,20~29,office,seoul,0,0,0,0,4,0,0,20,0,0,completed
37173,U7176,2025-01-25 19:12:00,2025-01-25 19:15:00,F,40~49,office,seoul,1,0,0,0,22,0,0,38,0,0,completed
37174,U7177,2025-03-13 19:40:00,2025-03-13 19:45:00,M,40~49,office,seoul,0,0,0,0,7,0,0,36,1,0,completed
37175,U7178,2025-07-03 12:52:00,2025-07-03 12:57:00,F,40~49,office,seoul,0,0,0,0,23,0,0,11,0,0,completed
37176,U7179,2025-02-20 11:02:00,2025-02-20 11:04:00,M,20~29,office,seoul,0,0,0,0,14,0,0,68,0,0,completed
37177,U7180,2025-07-21 19:44:00,2025-07-21 19:49:00,M,30~39,office,seoul,0,0,0,0,14,0,0,15,0,0,completed
37178,U7181,2025-09-23 12:31:00,2025-09-23 12:33:00,F,20~29,office,seoul,0,0,0,0,18,0,0,68,0,0,completed
37179,U7182,2025-06-16 17:41:00,2025-06-16 17:47:00,F,50+,office,seoul,0,0,0,0,18,0,0,63,0,0,completed
37180,U7183,2025-09-04 17:08:00,2025-09-04 17:10:00,M,20~29,office,seoul,0,0,0,0,20,0,0,18,0,0,completed
37181,U7184,2025-10-22 17:47:00,2025-10-22 17:52:00,F,30~39,office,seoul,0,0,0,0,13,0,0,11,0,0,completed
37182,U7185,2025-03-07 09:32:00,2025-03-07 09:34:00,F,50+,office,seoul,0,0,0,0,23,0,0,77,0,0,completed
37183,U7186,2025-05-09 15:49:00,2025-05-09 15:51:00,M,40~49,office,seoul,0,0,0,0,20,0,0,46,0,0,completed
37184,U7187,2025-01-26 14:01:00,2025-01-26 14:06:00,M,20~29,office,seoul,1,0,0,0,4,0,0,28,0,0,completed
37185,U7188,2025-09-08 12:01:00,2025-09-08 12:07:00,M,40~49,office,seoul,0,0,0,0,10,0,0,69,0,0,completed
37186,U7189,2025-01-17 14:14:00,2025-01-17 14:21:00,F,50+,office,seoul,0,0,0,0,27,0,0,62,0,0,completed
37187,U7190,2025-03-31 08:08:00,2025-03-31 08:11:00,M,40~49,office,seoul,0,0,0,0,21,0,0,58,0,0,error
37188,U7191,2025-04-08 12:21:00,2025-04-08 12:25:00,F,40~49,office,seoul,0,0,0,0,11,0,0,13,0,0,completed
37189,U7192,2025-04-04 17:42:00,2025-04-04 17:47:00,M,30~39,office,seoul,0,0,0,0,11,0,0,28,0,0,completed
37190,U7193,2025-09-08 13:26:00,2025-09-08 13:30:00,F,30~39,office,seoul,0,0,0,0,5,0,0,26,0,0,completed
37191,U7194,2025-07-04 15:49:00,2025-07-04 15:56:00,M,20~29,office,seoul,0,0,0,0,1,0,0,78,0,0,completed
37192,U7195,2025-05-06 16:19:00,2025-05-06 16:25:00,F,30~39,office,seoul,0,0,0,0,4,0,0,23,0,0,completed
37193,U7196,2025-05-19 12:35:00,2025-05-19 12:38:00,F,20~29,office,seoul,0,0,0,0,2,0,0,69,0,0,completed
37194,U7197,2025-10-05 15:17:00,2025-10-05 15:20:00,F,20~29,office,seoul,1,0,0,0,28,0,0,49,0,0,completed
37195,U7198,2025-05-03 14:53:00,2025-05-03 14:55:00,F,20~29,office,seoul,1,0,0,0,27,0,0,11,0,0,completed
37196,U7199,2025-11-26 09:56:00,2025-11-26 10:02:00,M,30~39,office,seoul,0,0,0,0,9,0,0,61,0,0,completed
37197,U7200,2025-09-03 17:28:00,2025-09-03 17:30:00,M,50+,office,seoul,0,0,0,0,22,0,0,52,0,0,completed
37198,U7201,2025-10-31 19:40:00,2025-10-31 19:42:00,M,50+,office,seoul,0,0,0,0,8,0,0,79,0,0,completed
37199,U7202,2025-08-03 07:35:00,2025-08-03 07:41:00,F,40~49,office,seoul,1,0,0,0,23,0,0,23,0,0,completed
37200,U7203,2025-06-14 15:19:00,2025-06-14 15:24:00,F,20~29,office,seoul,1,0,0,0,13,0,0,11,0,0,completed
37201,U7204,2025-08-03 12:21:00,2025-08-03 12:27:00,F,20~29,office,seoul,1,0,0,0,26,0,0,12,0,1,completed
37202,U7205,2025-10-07 19:05:00,2025-10-07 19:12:00,F,20~29,office,seoul,0,0,0,0,17,0,0,45,0,0,completed
37203,U7206,2025-07-20 12:23:00,2025-07-20 12:29:00,M,20~29,office,seoul,1,0,0,0,9,0,0,43,0,0,completed
37204,U7207,2025-07-17 13:49:00,2025-07-17 13:53:00,M,40~49,office,seoul,0,0,0,0,1,0,0,23,0,0,completed
37205,U7208,2025-10-03 07:59:00,2025-10-03 08:01:00,F,30~39,office,seoul,0,0,0,0,1,0,0,44,0,0,completed
37206,U7209,2025-12-14 15:58:00,2025-12-14 16:05:00,M,50+,office,seoul,1,0,0,0,7,0,0,68,0,0,completed
37207,U7210,2025-12-07 08:51:00,2025-12-07 08:58:00,F,30~39,office,seoul,1,0,0,0,3,0,0,12,0,0,completed
37208,U7211,2025-05-30 13:18:00,2025-05-30 13:25:00,F,20~29,office,seoul,0,0,0,0,19,0,0,20,0,0,completed
37209,U7212,2025-10-03 20:03:00,2025-10-03 20:06:00,M,30~39,office,seoul,0,0,0,0,25,0,0,35,0,0,completed
37210,U7213,2025-05-14 16:39:00,2025-05-14 16:44:00,F,20~29,office,seoul,0,0,0,0,19,0,0,44,0,0,completed
37211,U7214,2025-01-22 11:10:00,2025-01-22 11:17:00,F,30~39,office,seoul,0,0,0,0,25,0,0,25,0,0,completed
37212,U7215,2025-05-17 09:58:00,2025-05-17 10:00:00,F,20~29,office,seoul,1,0,0,0,29,0,0,66,0,0,completed
37213,U7216,2025-09-06 17:10:00,2025-09-06 17:17:00,F,30~39,office,seoul,1,0,0,0,14,0,0,78,0,0,completed
37214,U7217,2025-07-27 18:43:00,2025-07-27 18:46:00,F,30~39,office,seoul,1,0,0,0,21,0,0,28,0,0,completed
37215,U7218,2025-08-05 08:48:00,2025-08-05 08:55:00,F,30~39,office,seoul,0,0,0,0,21,0,0,37,0,0,completed
37216,U7219,2025-10-09 17:30:00,2025-10-09 17:33:00,F,30~39,office,seoul,0,0,0,0,4,0,0,59,0,0,completed
37217,U7220,2025-11-02 16:47:00,2025-11-02 16:53:00,F,40~49,office,seoul,1,0,0,0,15,0,0,46,0,0,completed
37218,U7221,2025-06-26 08:36:00,2025-06-26 08:38:00,F,30~39,office,seoul,0,0,0,0,22,0,0,70,0,0,completed
37219,U7222,2025-12-06 15:57:00,2025-12-06 16:01:00,F,40~49,office,seoul,1,0,0,0,29,0,0,71,0,0,completed
37220,U7223,2025-04-21 18:43:00,2025-04-21 18:49:00,F,30~39,office,seoul,0,0,0,0,22,0,0,12,0,0,completed
37221,U7224,2025-02-19 14:29:00,2025-02-19 14:32:00,F,40~49,office,seoul,0,0,0,0,22,0,0,21,0,0,completed
37222,U7225,2025-12-18 08:37:00,2025-12-18 08:43:00,M,20~29,office,seoul,0,0,0,0,17,0,0,58,0,0,completed
37223,U7226,2025-01-19 18:03:00,2025-01-19 18:09:00,M,40~49,office,seoul,1,0,0,0,17,0,0,54,0,0,completed
37224,U7227,2025-09-18 12:43:00,2025-09-18 12:50:00,F,40~49,office,seoul,0,0,0,0,11,0,0,65,0,0,timeout
37225,U7228,2025-12-18 07:33:00,2025-12-18 07:37:00,M,30~39,office,seoul,0,0,0,0,17,0,0,57,0,0,completed
37226,U7229,2025-06-21 16:38:00,2025-06-21 16:45:00,F,50+,office,seoul,1,0,0,0,0,0,0,42,0,0,completed
37227,U7230,2025-03-02 21:35:00,2025-03-02 21:38:00,M,30~39,office,seoul,1,0,0,0,25,0,0,33,0,0,completed
37228,U7231,2025-01-18 13:55:00,2025-01-18 14:01:00,M,20~29,office,seoul,1,0,0,0,13,0,0,46,0,0,completed
37229,U7232,2025-01-18 15:53:00,2025-01-18 15:57:00,M,20~29,office,seoul,1,0,0,0,8,0,0,58,0,0,completed
37230,U7233,2025-09-13 18:20:00,2025-09-13 18:25:00,F,40~49,office,seoul,1,0,0,0,7,0,0,40,0,0,completed
37231,U7234,2025-08-18 08:14:00,2025-08-18 08:19:00,M,40~49,office,seoul,0,0,0,0,6,0,0,12,0,0,completed
37232,U7235,2025-01-09 17:33:00,2025-01-09 17:40:00,F,30~39,office,seoul,0,0,0,0,21,0,0,36,0,0,completed
37233,U7236,2025-03-24 21:15:00,2025-03-24 21:22:00,M,30~39,office,seoul,0,0,0,0,18,0,0,56,0,0,completed
37234,U7237,2025-06-10 11:13:00,2025-06-10 11:17:00,M,30~39,office,seoul,0,0,0,0,29,0,0,15,0,0,completed
37235,U7238,2025-09-23 09:32:00,2025-09-23 09:39:00,M,20~29,office,seoul,0,0,0,0,2,0,0,57,0,0,completed
37236,U7239,2025-08-06 11:35:00,2025-08-06 11:39:00,M,40~49,office,seoul,0,0,0,0,21,0,0,10,1,0,completed
37237,U7240,2025-04-15 16:28:00,2025-04-15 16:30:00,F,30~39,office,seoul,0,0,0,0,11,0,0,10,0,0,abandoned
37238,U7241,2025-12-10 11:42:00,2025-12-10 11:45:00,F,40~49,office,seoul,0,0,0,0,20,0,0,55,0,0,completed
37239,U7242,2025-03-29 11:09:00,2025-03-29 11:13:00,F,40~49,office,seoul,1,0,0,0,4,0,0,42,0,0,completed
37240,U7243,2025-01-22 14:03:00,2025-01-22 14:06:00,F,20~29,office,seoul,0,0,0,0,24,0,0,47,1,0,completed
37241,U7244,2025-05-22 22:45:00,2025-05-22 22:48:00,F,30~39,office,seoul,0,0,0,0,25,0,0,35,0,0,completed
37242,U7245,2025-12-11 16:14:00,2025-12-11 16:16:00,F,30~39,office,seoul,0,0,0,0,4,0,0,10,0,0,abandoned
37243,U7246,2025-06-05 14:31:00,2025-06-05 14:36:00,F,30~39,office,seoul,0,0,0,0,2,0,0,41,0,0,completed
37244,U7247,2025-06-21 12:42:00,2025-06-21 12:44:00,M,20~29,office,seoul,1,0,0,0,19,0,0,51,0,0,completed
37245,U7248,2025-10-07 09:55:00,2025-10-07 10:02:00,M,20~29,office,seoul,0,0,0,0,19,0,0,61,0,0,completed
37246,U7249,2025-07-04 14:51:00,2025-07-04 14:54:00,F,30~39,office,seoul,0,0,0,0,16,0,0,54,0,0,completed
37247,U7250,2025-10-04 09:19:00,2025-10-04 09:26:00,F,30~39,office,seoul,1,0,0,0,9,0,0,28,1,0,completed
37248,U7251,2025-03-11 11:42:00,2025-03-11 11:48:00,M,30~39,office,seoul,0,0,0,0,1,0,0,26,0,0,completed
37249,U7252,2025-06-22 09:47:00,2025-06-22 09:53:00,F,50+,office,seoul,1,0,0,0,29,0,0,14,0,0,completed
37250,U7253,2025-04-03 20:28:00,2025-04-03 20:34:00,F,50+,office,seoul,0,0,0,0,15,0,0,55,0,0,completed
37251,U7254,2025-06-28 15:21:00,2025-06-28 15:25:00,F,40~49,office,seoul,1,0,0,0,17,0,0,65,0,0,completed
37252,U7255,2025-03-29 21:05:00,2025-03-29 21:07:00,F,50+,office,seoul,1,0,0,0,28,0,0,24,0,0,completed
37253,U7256,2025-11-24 14:45:00,2025-11-24 14:47:00,F,20~29,office,seoul,0,0,0,0,8,0,0,56,0,0,completed
37254,U7257,2025-06-23 11:04:00,2025-06-23 11:09:00,F,30~39,office,seoul,0,0,0,0,24,0,0,10,0,0,completed
37255,U7258,2025-12-19 19:55:00,2025-12-19 19:59:00,M,20~29,office,seoul,0,0,0,0,2,0,0,35,0,0,completed
37256,U7259,2025-05-04 07:25:00,2025-05-04 07:29:00,M,30~39,office,seoul,1,0,0,0,4,0,0,70,0,0,abandoned
37257,U7260,2025-03-30 18:34:00,2025-03-30 18:36:00,M,50+,office,seoul,1,0,0,0,15,0,0,47,0,0,abandoned
37258,U7261,2025-07-08 14:59:00,2025-07-08 15:04:00,F,30~39,office,seoul,0,0,0,0,9,0,0,73,0,0,completed
37259,U7262,2025-09-03 07:56:00,2025-09-03 08:00:00,M,30~39,office,seoul,0,0,0,0,4,0,0,37,0,0,completed
37260,U7263,2025-01-17 20:19:00,2025-01-17 20:26:00,F,20~29,office,seoul,0,0,0,0,26,0,0,34,0,0,completed
37261,U7264,2025-01-01 07:32:00,2025-01-01 07:39:00,M,50+,office,seoul,0,0,0,0,11,0,0,63,0,0,completed
37262,U7265,2025-08-13 09:46:00,2025-08-13 09:52:00,F,20~29,office,seoul,0,0,0,0,19,0,0,19,0,0,completed
37263,U7266,2025-09-30 11:27:00,2025-09-30 11:33:00,F,20~29,office,seoul,0,0,0,0,4,0,0,18,0,0,completed
37264,U7267,2025-01-03 15:48:00,2025-01-03 15:52:00,F,20~29,office,seoul,0,0,0,0,7,0,0,13,0,0,completed
37265,U7268,2025-04-17 16:04:00,2025-04-17 16:08:00,F,20~29,office,seoul,0,0,0,0,11,0,0,14,0,0,completed
37266,U7269,2025-02-27 12:28:00,2025-02-27 12:33:00,F,40~49,office,seoul,0,0,0,0,27,0,0,60,0,0,completed
37267,U7270,2025-12-25 15:44:00,2025-12-25 15:49:00,M,30~39,office,seoul,0,0,0,0,22,0,0,28,0,0,completed
37268,U7271,2025-05-23 09:09:00,2025-05-23 09:15:00,M,30~39,office,seoul,0,0,0,0,12,0,0,33,0,0,completed
37269,U7272,2025-02-06 14:59:00,2025-02-06 15:02:00,F,50+,office,seoul,0,0,0,0,15,0,0,50,0,0,completed
37270,U7273,2025-04-20 18:12:00,2025-04-20 18:18:00,F,20~29,office,seoul,1,0,0,0,22,0,0,14,0,0,completed
37271,U7274,2025-01-13 13:07:00,2025-01-13 13:11:00,F,30~39,office,seoul,0,0,0,0,18,0,0,69,0,0,completed
37272,U7275,2025-11-07 16:52:00,2025-11-07 16:57:00,M,20~29,office,seoul,0,0,0,0,13,0,0,17,0,0,completed
37273,U7276,2025-07-01 11:12:00,2025-07-01 11:17:00,M,30~39,office,seoul,0,0,0,0,23,0,0,74,0,0,completed
37274,U7277,2025-11-28 08:58:00,2025-11-28 09:00:00,F,20~29,office,seoul,0,0,0,0,16,0,0,30,0,0,completed
37275,U7278,2025-11-24 15:42:00,2025-11-24 15:47:00,M,50+,office,seoul,0,0,0,0,1,0,0,55,0,0,completed
37276,U7279,2025-01-30 07:53:00,2025-01-30 07:59:00,F,40~49,office,seoul,0,0,0,0,15,0,0,52,0,0,completed
37277,U7280,2025-11-29 18:32:00,2025-11-29 18:37:00,F,20~29,office,seoul,1,0,0,0,3,0,0,26,0,0,completed
37278,U7281,2025-06-19 20:40:00,2025-06-19 20:47:00,M,30~39,office,seoul,0,0,0,0,17,0,0,54,0,0,completed
37279,U7282,2025-07-22 07:52:00,2025-07-22 07:56:00,F,30~39,office,seoul,0,0,0,0,14,0,0,56,0,0,completed
37280,U7283,2025-07-12 07:37:00,2025-07-12 07:39:00,M,20~29,office,seoul,1,0,0,0,23,0,0,56,0,0,completed
37281,U7284,2025-06-14 12:14:00,2025-06-14 12:18:00,M,40~49,office,seoul,1,0,0,0,3,0,0,66,0,0,completed
37282,U7285,2025-01-10 16:03:00,2025-01-10 16:08:00,F,40~49,office,seoul,0,0,0,0,8,0,0,47,0,0,completed
37283,U7286,2025-12-31 18:54:00,2025-12-31 18:58:00,F,20~29,office,seoul,0,0,0,0,11,0,0,49,0,0,timeout
37284,U7287,2025-12-22 15:31:00,2025-12-22 15:33:00,F,20~29,office,seoul,0,0,0,0,19,0,0,46,0,0,completed
37285,U7288,2025-04-23 19:57:00,2025-04-23 20:03:00,M,40~49,office,seoul,0,0,0,0,7,0,0,69,1,0,completed
37286,U7289,2025-06-26 07:34:00,2025-06-26 07:37:00,F,50+,office,seoul,0,0,0,0,20,0,0,15,0,0,completed
37287,U7290,2025-02-08 12:46:00,2025-02-08 12:50:00,F,30~39,office,seoul,1,0,0,0,8,0,0,20,0,0,completed
37288,U7291,2025-03-21 13:36:00,2025-03-21 13:40:00,F,20~29,office,seoul,0,0,0,0,24,0,0,60,0,0,completed
37289,U7292,2025-04-23 15:44:00,2025-04-23 15:46:00,M,30~39,office,seoul,0,0,0,0,10,0,0,13,0,1,completed
37290,U7293,2025-09-29 07:18:00,2025-09-29 07:25:00,F,30~39,office,seoul,0,0,0,0,6,0,0,72,0,0,completed
37291,U7294,2025-12-13 17:42:00,2025-12-13 17:45:00,M,20~29,office,seoul,1,0,0,0,14,0,0,76,0,0,abandoned
37292,U7295,2025-03-07 12:57:00,2025-03-07 13:03:00,F,40~49,office,seoul,0,0,0,0,3,0,0,11,0,0,completed
37293,U7296,2025-10-19 16:36:00,2025-10-19 16:39:00,F,30~39,office,seoul,1,0,0,0,21,0,0,79,0,0,completed
37294,U7297,2025-03-24 15:50:00,2025-03-24 15:52:00,F,20~29,office,seoul,0,0,0,0,18,0,0,39,0,0,completed
37295,U7298,2025-09-20 15:07:00,2025-09-20 15:11:00,F,30~39,office,seoul,1,0,0,0,28,0,0,76,0,0,timeout
37296,U7299,2025-12-19 12:19:00,2025-12-19 12:22:00,F,50+,office,seoul,0,0,0,0,5,0,0,33,0,0,completed
37297,U7300,2025-12-25 12:05:00,2025-12-25 12:07:00,M,50+,office,seoul,0,0,0,0,22,0,0,60,0,0,completed
37298,U7301,2025-05-03 08:42:00,2025-05-03 08:46:00,M,30~39,office,seoul,1,0,0,0,29,0,0,34,0,0,completed
37299,U7302,2025-07-25 17:08:00,2025-07-25 17:11:00,F,40~49,office,seoul,0,0,0,0,26,0,0,21,0,0,completed
37300,U7303,2025-12-01 13:42:00,2025-12-01 13:44:00,F,20~29,office,seoul,0,0,0,0,17,0,0,67,0,0,completed
37301,U7304,2025-03-26 17:03:00,2025-03-26 17:05:00,M,30~39,office,seoul,0,0,0,0,12,0,0,17,0,0,completed
37302,U7305,2025-06-19 11:31:00,2025-06-19 11:35:00,F,50+,office,seoul,0,0,0,0,18,0,0,26,0,0,completed
37303,U7306,2025-04-18 21:56:00,2025-04-18 22:02:00,F,40~49,office,seoul,0,0,0,0,1,0,0,63,0,0,completed
37304,U7307,2025-11-05 11:46:00,2025-11-05 11:49:00,M,20~29,office,seoul,0,0,0,0,4,0,0,10,0,0,completed
37305,U7308,2025-10-09 14:32:00,2025-10-09 14:34:00,F,20~29,office,seoul,0,0,0,0,4,0,0,77,0,0,error
37306,U7309,2025-02-24 22:16:00,2025-02-24 22:23:00,M,20~29,office,seoul,0,0,0,0,25,0,0,72,0,0,completed
37307,U7310,2025-04-25 15:42:00,2025-04-25 15:44:00,F,20~29,office,seoul,0,0,0,0,10,0,0,10,0,0,completed
37308,U7311,2025-07-29 08:53:00,2025-07-29 08:57:00,M,50+,office,seoul,0,0,0,0,3,0,0,69,0,0,completed
37309,U7312,2025-09-28 15:46:00,2025-09-28 15:51:00,M,30~39,office,seoul,1,0,0,0,19,0,0,18,0,0,completed
37310,U7313,2025-11-29 08:22:00,2025-11-29 08:29:00,F,40~49,office,seoul,1,0,0,0,14,0,0,67,0,0,abandoned
37311,U7314,2025-03-14 13:10:00,2025-03-14 13:13:00,F,40~49,office,seoul,0,0,0,0,2,0,0,49,0,0,completed
37312,U7315,2025-12-19 16:23:00,2025-12-19 16:27:00,F,40~49,office,seoul,0,0,0,0,29,0,0,23,0,0,completed
37313,U7316,2025-07-24 14:34:00,2025-07-24 14:41:00,F,50+,office,seoul,0,0,0,0,0,0,0,29,1,0,completed
37314,U7317,2025-07-17 15:11:00,2025-07-17 15:15:00,M,40~49,office,seoul,0,0,0,0,26,0,0,63,0,0,completed
37315,U7318,2025-01-14 16:46:00,2025-01-14 16:50:00,M,30~39,office,seoul,0,0,0,0,22,0,0,53,0,0,completed
37316,U7319,2025-02-02 08:34:00,2025-02-02 08:37:00,M,40~49,office,seoul,1,0,0,0,1,0,0,34,0,0,completed
37317,U7320,2025-02-16 20:25:00,2025-02-16 20:27:00,F,40~49,office,seoul,1,0,0,0,0,0,0,43,0,1,completed
37318,U7321,2025-04-22 09:03:00,2025-04-22 09:07:00,F,50+,office,seoul,0,0,0,0,3,0,0,53,0,0,completed
37319,U7322,2025-08-28 09:11:00,2025-08-28 09:16:00,M,30~39,office,seoul,0,0,0,0,16,0,0,67,0,0,completed
37320,U7323,2025-04-23 16:39:00,2025-04-23 16:41:00,M,50+,office,seoul,0,0,0,0,13,0,0,17,0,0,completed
37321,U7324,2025-05-15 13:34:00,2025-05-15 13:36:00,F,20~29,office,seoul,0,0,0,0,16,0,0,42,0,0,completed
37322,U7325,2025-06-22 09:39:00,2025-06-22 09:44:00,M,20~29,office,seoul,1,0,0,0,7,0,0,25,0,0,completed
37323,U7326,2025-03-13 22:21:00,2025-03-13 22:25:00,F,20~29,office,seoul,0,0,0,0,0,0,0,25,1,0,completed
37324,U7327,2025-08-27 17:25:00,2025-08-27 17:28:00,F,40~49,office,seoul,0,0,0,0,0,0,0,38,0,0,completed
37325,U7328,2025-10-28 16:23:00,2025-10-28 16:29:00,M,20~29,office,seoul,0,0,0,0,6,0,0,36,0,0,completed
37326,U7329,2025-07-31 09:47:00,2025-07-31 09:52:00,F,20~29,office,seoul,0,0,0,0,26,0,0,63,0,0,abandoned
37327,U7330,2025-06-03 13:09:00,2025-06-03 13:14:00,F,30~39,office,seoul,0,0,0,0,2,0,0,45,0,0,completed
37328,U7331,2025-12-06 15:37:00,2025-12-06 15:44:00,M,30~39,office,seoul,1,0,0,0,27,0,0,74,0,0,completed
37329,U7332,2025-10-25 14:23:00,2025-10-25 14:27:00,F,50+,office,seoul,1,0,0,0,18,0,0,60,0,0,completed
37330,U7333,2025-01-23 18:36:00,2025-01-23 18:40:00,F,20~29,office,seoul,0,0,0,0,0,0,0,43,0,0,completed
37331,U7334,2025-11-23 13:18:00,2025-11-23 13:22:00,F,40~49,office,seoul,1,0,0,0,14,0,0,29,0,0,completed
37332,U7335,2025-02-08 14:19:00,2025-02-08 14:22:00,F,30~39,office,seoul,1,0,0,0,19,0,0,67,0,0,completed
37333,U7336,2025-01-09 16:14:00,2025-01-09 16:16:00,F,40~49,office,seoul,0,0,0,0,18,0,0,52,0,0,completed
37334,U7337,2025-06-21 16:53:00,2025-06-21 16:55:00,M,40~49,office,seoul,1,0,0,0,16,0,0,34,0,0,completed
37335,U7338,2025-02-28 12:21:00,2025-02-28 12:28:00,M,20~29,office,seoul,0,0,0,0,28,0,0,39,0,0,completed
37336,U7339,2025-06-17 18:44:00,2025-06-17 18:50:00,F,30~39,office,seoul,0,0,0,0,17,0,0,38,0,0,completed
37337,U7340,2025-09-16 09:14:00,2025-09-16 09:19:00,M,50+,office,seoul,0,0,0,0,19,0,0,10,0,0,completed
37338,U7341,2025-06-17 20:02:00,2025-06-17 20:07:00,F,30~39,office,seoul,0,0,0,0,0,0,0,78,0,0,completed
37339,U7342,2025-10-05 19:09:00,2025-10-05 19:15:00,F,30~39,office,seoul,1,0,0,0,0,0,0,47,0,0,completed
37340,U7343,2025-11-30 12:47:00,2025-11-30 12:52:00,M,20~29,office,seoul,1,0,0,0,14,0,0,61,0,0,completed
37341,U7344,2025-02-20 12:46:00,2025-02-20 12:50:00,M,20~29,office,seoul,0,0,0,0,4,0,0,67,0,0,completed
37342,U7345,2025-08-27 09:14:00,2025-08-27 09:21:00,F,20~29,office,seoul,0,0,0,0,18,0,0,55,0,0,completed
37343,U7346,2025-10-04 13:47:00,2025-10-04 13:51:00,F,30~39,office,seoul,1,0,0,0,28,0,0,67,0,0,completed
37344,U7347,2025-06-19 16:27:00,2025-06-19 16:33:00,F,50+,office,seoul,0,0,0,0,13,0,0,74,0,0,abandoned
37345,U7348,2025-06-08 15:11:00,2025-06-08 15:15:00,F,40~49,office,seoul,1,0,0,0,23,0,0,55,0,0,completed
37346,U7349,2025-10-06 14:04:00,2025-10-06 14:06:00,M,30~39,office,seoul,0,0,0,0,24,0,0,36,0,0,completed
37347,U7350,2025-02-11 08:49:00,2025-02-11 08:55:00,M,20~29,office,seoul,0,0,0,0,5,0,0,23,0,0,completed
37348,U7351,2025-12-08 16:43:00,2025-12-08 16:45:00,M,50+,office,seoul,0,0,0,0,7,0,0,30,0,0,completed
37349,U7352,2025-05-27 16:36:00,2025-05-27 16:38:00,F,20~29,office,seoul,0,0,0,0,29,0,0,10,0,0,completed
37350,U7353,2025-08-15 09:28:00,2025-08-15 09:30:00,M,30~39,office,seoul,0,0,0,0,17,0,0,42,0,0,completed
37351,U7354,2025-02-14 20:21:00,2025-02-14 20:26:00,F,20~29,office,seoul,0,0,0,0,9,0,0,30,0,0,completed
37352,U7355,2025-08-10 13:57:00,2025-08-10 14:02:00,F,50+,office,seoul,1,0,0,0,12,0,0,17,1,0,completed
37353,U7356,2025-04-04 11:25:00,2025-04-04 11:27:00,M,30~39,office,seoul,0,0,0,0,10,0,0,67,0,0,abandoned
37354,U7357,2025-11-21 12:24:00,2025-11-21 12:31:00,M,50+,office,seoul,0,0,0,0,0,0,0,46,0,1,completed
37355,U7358,2025-02-13 15:05:00,2025-02-13 15:10:00,M,50+,office,seoul,0,0,0,0,8,0,0,77,0,0,completed
37356,U7359,2025-01-02 09:30:00,2025-01-02 09:32:00,F,20~29,office,seoul,0,0,0,0,0,0,0,37,0,0,completed
37357,U7360,2025-12-10 11:10:00,2025-12-10 11:16:00,F,40~49,office,seoul,0,0,0,0,23,0,0,20,0,0,completed
37358,U7361,2025-11-04 12:02:00,2025-11-04 12:08:00,F,20~29,office,seoul,0,0,0,0,14,0,0,29,0,0,timeout
37359,U7362,2025-02-03 15:21:00,2025-02-03 15:25:00,F,20~29,office,seoul,0,0,0,0,13,0,0,17,0,0,completed
37360,U7363,2025-05-07 08:31:00,2025-05-07 08:37:00,F,40~49,office,seoul,0,0,0,0,19,0,0,72,0,0,completed
37361,U7364,2025-06-23 14:26:00,2025-06-23 14:29:00,F,40~49,office,seoul,0,0,0,0,29,0,0,39,0,0,completed
37362,U7365,2025-02-07 12:59:00,2025-02-07 13:03:00,M,20~29,office,seoul,0,0,0,0,10,0,0,26,0,0,completed
37363,U7366,2025-03-22 11:07:00,2025-03-22 11:11:00,F,20~29,office,seoul,1,0,0,0,11,0,0,64,0,0,completed
37364,U7367,2025-05-16 14:23:00,2025-05-16 14:29:00,M,40~49,office,seoul,0,0,0,0,8,0,0,79,0,0,completed
37365,U7368,2025-02-02 21:13:00,2025-02-02 21:18:00,M,20~29,office,seoul,1,0,0,0,19,0,0,45,0,0,completed
37366,U7369,2025-03-26 14:03:00,2025-03-26 14:08:00,M,20~29,office,seoul,0,0,0,0,0,0,0,64,1,0,completed
37367,U7370,2025-07-19 08:45:00,2025-07-19 08:52:00,F,40~49,office,seoul,1,0,0,0,24,0,0,57,0,0,completed
37368,U7371,2025-09-29 11:19:00,2025-09-29 11:22:00,M,40~49,office,seoul,0,0,0,0,7,0,0,47,0,0,completed
37369,U7372,2025-03-30 09:54:00,2025-03-30 10:00:00,M,30~39,office,seoul,1,0,0,0,0,0,0,33,0,0,completed
37370,U7373,2025-04-28 22:52:00,2025-04-28 22:56:00,M,50+,office,seoul,0,0,0,0,7,0,0,11,0,0,abandoned
37371,U7374,2025-07-13 22:29:00,2025-07-13 22:35:00,F,20~29,office,seoul,1,0,0,0,13,0,0,30,0,0,completed
37372,U7375,2025-02-10 08:36:00,2025-02-10 08:41:00,M,50+,office,seoul,0,0,0,0,18,0,0,16,0,1,completed
37373,U7376,2025-09-04 12:10:00,2025-09-04 12:14:00,F,50+,office,seoul,0,0,0,0,22,0,0,78,0,0,completed
37374,U7377,2025-05-11 08:13:00,2025-05-11 08:18:00,M,20~29,office,seoul,1,0,0,0,6,0,0,77,0,0,completed
37375,U7378,2025-04-21 11:35:00,2025-04-21 11:39:00,F,30~39,office,seoul,0,0,0,0,25,0,0,29,0,0,completed
37376,U7379,2025-07-15 22:25:00,2025-07-15 22:29:00,M,50+,office,seoul,0,0,0,0,6,0,0,26,0,0,completed
37377,U7380,2025-05-20 12:00:00,2025-05-20 12:05:00,M,50+,office,seoul,0,0,0,0,28,0,0,63,0,0,abandoned
37378,U7381,2025-05-29 11:15:00,2025-05-29 11:21:00,F,20~29,office,seoul,0,0,0,0,13,0,0,24,0,0,completed
37379,U7382,2025-03-31 17:27:00,2025-03-31 17:29:00,F,50+,office,seoul,0,0,0,0,12,0,0,22,0,0,completed
37380,U7383,2025-09-01 14:37:00,2025-09-01 14:40:00,M,20~29,office,seoul,0,0,0,0,3,0,0,57,0,0,completed
37381,U7384,2025-04-12 07:48:00,2025-04-12 07:50:00,F,30~39,office,seoul,1,0,0,0,27,0,0,45,0,0,completed
37382,U7385,2025-12-31 09:23:00,2025-12-31 09:28:00,M,40~49,office,seoul,0,0,0,0,5,0,0,41,0,0,abandoned
37383,U7386,2025-09-06 13:24:00,2025-09-06 13:29:00,F,30~39,office,seoul,1,0,0,0,11,0,0,41,0,0,abandoned
37384,U7387,2025-08-24 07:16:00,2025-08-24 07:19:00,M,20~29,office,seoul,1,0,0,0,13,0,0,64,0,0,error
37385,U7388,2025-07-09 14:22:00,2025-07-09 14:28:00,F,20~29,office,seoul,0,0,0,0,24,0,0,76,0,0,completed
37386,U7389,2025-12-26 16:19:00,2025-12-26 16:25:00,F,20~29,office,seoul,0,0,0,0,19,0,0,60,0,0,abandoned
37387,U7390,2025-04-13 12:18:00,2025-04-13 12:21:00,M,30~39,office,seoul,1,0,0,0,25,0,0,20,0,0,abandoned
37388,U7391,2025-12-18 18:17:00,2025-12-18 18:23:00,M,40~49,office,seoul,0,0,0,0,7,0,0,13,0,0,completed
37389,U7392,2025-04-12 19:35:00,2025-04-12 19:42:00,M,40~49,office,seoul,1,0,0,0,12,0,0,64,0,0,completed
37390,U7393,2025-11-08 11:15:00,2025-11-08 11:21:00,M,30~39,office,seoul,1,0,0,0,12,0,0,12,0,0,completed
37391,U7394,2025-03-24 16:10:00,2025-03-24 16:12:00,M,50+,office,seoul,0,0,0,0,3,0,0,16,0,0,completed
37392,U7395,2025-03-09 11:13:00,2025-03-09 11:19:00,F,30~39,office,seoul,1,0,0,0,25,0,0,64,0,0,completed
37393,U7396,2025-07-16 09:44:00,2025-07-16 09:50:00,F,30~39,office,seoul,0,0,0,0,11,0,0,11,0,0,completed
37394,U7397,2025-06-10 08:23:00,2025-06-10 08:25:00,M,20~29,office,seoul,0,0,0,0,15,0,0,58,0,0,abandoned
37395,U7398,2025-02-27 15:23:00,2025-02-27 15:28:00,F,20~29,office,seoul,0,0,0,0,22,0,0,15,0,0,completed
37396,U7399,2025-09-29 15:12:00,2025-09-29 15:16:00,M,30~39,office,seoul,0,0,0,0,17,0,0,37,0,0,completed
37397,U7400,2025-06-28 12:10:00,2025-06-28 12:17:00,F,30~39,office,seoul,1,0,0,0,18,0,0,30,0,0,completed
37398,U7401,2025-11-03 08:02:00,2025-11-03 08:04:00,F,20~29,office,seoul,0,0,0,0,21,0,0,27,0,0,completed
37399,U7402,2025-10-19 09:42:00,2025-10-19 09:47:00,M,40~49,office,seoul,1,0,0,0,0,0,0,23,0,0,completed
37400,U7403,2025-07-30 14:17:00,2025-07-30 14:20:00,F,40~49,office,seoul,0,0,0,0,1,0,0,59,0,0,abandoned
37401,U7404,2025-02-07 07:33:00,2025-02-07 07:40:00,F,20~29,office,seoul,0,0,0,0,3,0,0,70,0,0,completed
37402,U7405,2025-02-28 20:56:00,2025-02-28 20:58:00,M,20~29,office,seoul,0,0,0,0,5,0,0,16,0,0,completed
37403,U7406,2025-12-24 14:22:00,2025-12-24 14:25:00,M,50+,office,seoul,0,0,0,0,22,0,0,30,0,0,completed
37404,U7407,2025-06-20 09:58:00,2025-06-20 10:05:00,F,40~49,office,seoul,0,0,0,0,28,0,0,50,0,0,completed
37405,U7408,2025-02-05 21:51:00,2025-02-05 21:57:00,F,30~39,office,seoul,0,0,0,0,0,0,0,62,0,0,timeout
37406,U7409,2025-05-02 15:33:00,2025-05-02 15:36:00,F,40~49,office,seoul,0,0,0,0,16,0,0,18,0,0,completed
37407,U7410,2025-03-04 16:44:00,2025-03-04 16:47:00,M,20~29,office,seoul,0,0,0,0,4,0,0,60,0,0,completed
37408,U7411,2025-01-16 11:22:00,2025-01-16 11:27:00,F,40~49,office,seoul,0,0,0,0,20,0,0,24,0,0,completed
37409,U7412,2025-04-19 14:12:00,2025-04-19 14:19:00,F,40~49,office,seoul,1,0,0,0,4,0,0,12,0,0,completed
37410,U7413,2025-11-26 16:06:00,2025-11-26 16:13:00,M,20~29,office,seoul,0,0,0,0,16,0,0,20,0,0,completed
37411,U7414,2025-09-20 12:46:00,2025-09-20 12:50:00,M,20~29,office,seoul,1,0,0,0,14,0,0,77,0,0,completed
37412,U7415,2025-06-09 12:55:00,2025-06-09 13:02:00,M,20~29,office,seoul,0,0,0,0,13,0,0,35,0,0,completed
37413,U7416,2025-11-15 16:35:00,2025-11-15 16:39:00,F,50+,office,seoul,1,0,0,0,4,0,0,62,0,0,completed
37414,U7417,2025-10-18 07:31:00,2025-10-18 07:38:00,F,30~39,office,seoul,1,0,0,0,22,0,0,59,0,0,completed
37415,U7418,2025-06-22 22:37:00,2025-06-22 22:42:00,M,40~49,office,seoul,1,0,0,0,4,0,0,69,0,0,completed
37416,U7419,2025-10-25 22:30:00,2025-10-25 22:37:00,M,50+,office,seoul,1,0,0,0,14,0,0,18,0,0,completed
37417,U7420,2025-08-20 14:24:00,2025-08-20 14:31:00,F,20~29,office,seoul,0,0,0,0,25,0,0,75,0,0,abandoned
37418,U7421,2025-10-15 21:12:00,2025-10-15 21:17:00,F,20~29,office,seoul,0,0,0,0,6,0,0,15,0,0,completed
37419,U7422,2025-03-26 22:58:00,2025-03-26 23:03:00,M,50+,office,seoul,0,0,0,0,3,0,0,21,0,0,abandoned
37420,U7423,2025-03-28 08:13:00,2025-03-28 08:18:00,F,30~39,office,seoul,0,0,0,0,28,0,0,14,0,0,completed
37421,U7424,2025-08-01 09:25:00,2025-08-01 09:30:00,M,50+,office,seoul,0,0,0,0,14,0,0,44,0,1,completed
37422,U7425,2025-06-14 12:43:00,2025-06-14 12:45:00,M,20~29,office,seoul,1,0,0,0,22,0,0,42,0,0,completed
37423,U7426,2025-02-04 14:41:00,2025-02-04 14:47:00,F,20~29,office,seoul,0,0,0,0,10,0,0,17,0,0,completed
37424,U7427,2025-08-18 16:46:00,2025-08-18 16:48:00,M,50+,office,seoul,0,0,0,0,0,0,0,15,1,0,error
37425,U7428,2025-12-23 07:42:00,2025-12-23 07:46:00,F,30~39,office,seoul,0,0,0,0,13,0,0,53,0,0,timeout
37426,U7429,2025-06-13 09:52:00,2025-06-13 09:55:00,M,20~29,office,seoul,0,0,0,0,15,0,0,64,0,0,completed
37427,U7430,2025-05-08 13:32:00,2025-05-08 13:36:00,F,30~39,office,seoul,0,0,0,0,12,0,0,49,0,0,completed
37428,U7431,2025-08-08 12:59:00,2025-08-08 13:05:00,M,50+,office,seoul,0,0,0,0,25,0,0,38,0,0,completed
37429,U7432,2025-10-20 11:44:00,2025-10-20 11:50:00,F,20~29,office,seoul,0,0,0,0,13,0,0,29,0,0,timeout
37430,U7433,2025-01-21 07:25:00,2025-01-21 07:28:00,M,40~49,office,seoul,0,0,0,0,8,0,0,76,0,0,completed
37431,U7434,2025-08-04 07:50:00,2025-08-04 07:52:00,M,30~39,office,seoul,0,0,0,0,25,0,0,16,0,0,completed
37432,U7435,2025-10-18 08:34:00,2025-10-18 08:41:00,M,20~29,office,seoul,1,0,0,0,23,0,0,10,0,0,completed
37433,U7436,2025-11-02 08:17:00,2025-11-02 08:23:00,M,40~49,office,seoul,1,0,0,0,26,0,0,30,0,0,completed
37434,U7437,2025-04-18 16:12:00,2025-04-18 16:19:00,F,30~39,office,seoul,0,0,0,0,29,0,0,55,0,0,completed
37435,U7438,2025-04-13 20:23:00,2025-04-13 20:29:00,F,50+,office,seoul,1,0,0,0,7,0,0,20,0,0,completed
37436,U7439,2025-12-16 19:51:00,2025-12-16 19:54:00,F,20~29,office,seoul,0,0,0,0,7,0,0,44,0,0,completed
37437,U7440,2025-08-14 19:52:00,2025-08-14 19:56:00,F,40~49,office,seoul,0,0,0,0,15,0,0,53,0,0,completed
37438,U7441,2025-07-23 07:24:00,2025-07-23 07:26:00,M,30~39,office,seoul,0,0,0,0,10,0,0,52,0,0,completed
37439,U7442,2025-12-26 11:50:00,2025-12-26 11:57:00,F,20~29,office,seoul,0,0,0,0,9,0,0,63,0,0,completed
37440,U7443,2025-08-06 14:29:00,2025-08-06 14:35:00,F,30~39,office,seoul,0,0,0,0,14,0,0,60,0,0,completed
37441,U7444,2025-02-11 14:41:00,2025-02-11 14:45:00,M,30~39,office,seoul,0,0,0,0,3,0,0,25,0,0,completed
37442,U7445,2025-04-03 15:31:00,2025-04-03 15:37:00,F,20~29,office,seoul,0,0,0,0,1,0,0,60,0,0,completed
37443,U7446,2025-05-18 08:36:00,2025-05-18 08:38:00,F,50+,office,seoul,1,0,0,0,2,0,0,18,0,0,completed
37444,U7447,2025-07-22 17:56:00,2025-07-22 17:59:00,M,50+,office,seoul,0,0,0,0,20,0,0,19,1,0,completed
37445,U7448,2025-10-31 09:44:00,2025-10-31 09:51:00,F,20~29,office,seoul,0,0,0,0,13,0,0,60,0,0,completed
37446,U7449,2025-04-10 20:33:00,2025-04-10 20:37:00,F,30~39,office,seoul,0,0,0,0,18,0,0,41,0,0,completed
37447,U7450,2025-09-11 18:44:00,2025-09-11 18:51:00,M,30~39,office,seoul,0,0,0,0,12,0,0,55,0,0,completed
37448,U7451,2025-09-02 19:28:00,2025-09-02 19:31:00,M,30~39,office,seoul,0,0,0,0,5,0,0,63,0,0,completed
37449,U7452,2025-10-15 13:35:00,2025-10-15 13:42:00,F,20~29,office,seoul,0,0,0,0,3,0,0,42,0,0,completed
37450,U7453,2025-06-30 15:23:00,2025-06-30 15:27:00,F,30~39,office,seoul,0,0,0,0,29,0,0,66,0,0,completed
37451,U7454,2025-08-03 16:28:00,2025-08-03 16:35:00,F,40~49,office,seoul,1,0,0,0,12,0,0,14,0,0,completed
37452,U7455,2025-05-16 18:35:00,2025-05-16 18:39:00,F,30~39,office,seoul,0,0,0,0,23,0,0,68,1,0,completed
37453,U7456,2025-01-11 08:42:00,2025-01-11 08:48:00,F,30~39,office,seoul,1,0,0,0,20,0,0,32,0,0,completed
37454,U7457,2025-07-10 16:47:00,2025-07-10 16:52:00,M,20~29,office,seoul,0,0,0,0,1,0,0,27,0,0,completed
37455,U7458,2025-03-22 18:34:00,2025-03-22 18:40:00,M,50+,office,seoul,1,0,0,0,17,0,0,46,0,0,abandoned
37456,U7459,2025-04-08 12:34:00,2025-04-08 12:41:00,F,40~49,office,seoul,0,0,0,0,6,0,0,40,0,0,completed
37457,U7460,2025-02-07 13:12:00,2025-02-07 13:19:00,F,40~49,office,seoul,0,0,0,0,26,0,0,24,1,0,completed
37458,U7461,2025-05-20 21:21:00,2025-05-20 21:27:00,M,20~29,office,seoul,0,0,0,0,5,0,0,62,0,0,completed
37459,U7462,2025-01-12 09:01:00,2025-01-12 09:07:00,F,30~39,office,seoul,1,0,0,0,20,0,0,79,0,0,completed
37460,U7463,2025-04-18 20:03:00,2025-04-18 20:05:00,M,20~29,office,seoul,0,0,0,0,13,0,0,11,0,0,completed
37461,U7464,2025-10-06 15:08:00,2025-10-06 15:15:00,F,40~49,office,seoul,0,0,0,0,7,0,0,44,0,0,completed
37462,U7465,2025-02-21 11:52:00,2025-02-21 11:55:00,F,20~29,office,seoul,0,0,0,0,12,0,0,12,0,0,completed
37463,U7466,2025-10-14 08:12:00,2025-10-14 08:16:00,F,20~29,office,seoul,0,0,0,0,22,0,0,78,0,0,completed
37464,U7467,2025-02-06 18:14:00,2025-02-06 18:21:00,F,20~29,office,seoul,0,0,0,0,10,0,0,20,0,0,completed
37465,U7468,2025-08-11 19:23:00,2025-08-11 19:26:00,M,20~29,office,seoul,0,0,0,0,5,0,0,51,0,0,completed
37466,U7469,2025-08-19 15:12:00,2025-08-19 15:15:00,F,50+,office,seoul,0,0,0,0,9,0,0,78,0,0,completed
37467,U7470,2025-11-06 12:08:00,2025-11-06 12:11:00,F,30~39,office,seoul,0,0,0,0,11,0,0,33,0,0,completed
37468,U7471,2025-05-22 09:03:00,2025-05-22 09:09:00,F,40~49,office,seoul,0,0,0,0,13,0,0,45,0,0,completed
37469,U7472,2025-05-18 11:41:00,2025-05-18 11:43:00,F,50+,office,seoul,1,0,0,0,28,0,0,57,1,0,completed
37470,U7473,2025-08-22 09:59:00,2025-08-22 10:02:00,F,20~29,office,seoul,0,0,0,0,24,0,0,13,0,0,completed
37471,U7474,2025-12-06 07:31:00,2025-12-06 07:33:00,M,40~49,office,seoul,1,0,0,0,4,0,0,28,0,0,completed
37472,U7475,2025-04-14 16:48:00,2025-04-14 16:54:00,F,30~39,office,seoul,0,0,0,0,28,0,0,30,0,0,completed
37473,U7476,2025-02-20 15:57:00,2025-02-20 16:03:00,F,20~29,office,seoul,0,0,0,0,8,0,0,36,0,0,completed
37474,U7477,2025-04-23 09:52:00,2025-04-23 09:59:00,M,50+,office,seoul,0,0,0,0,19,0,0,58,0,0,completed
37475,U7478,2025-07-25 07:54:00,2025-07-25 08:01:00,M,30~39,office,seoul,0,0,0,0,11,0,0,48,0,0,completed
37476,U7479,2025-03-21 22:14:00,2025-03-21 22:21:00,F,20~29,office,seoul,0,0,0,0,24,0,0,75,0,0,completed
37477,U7480,2025-05-01 09:02:00,2025-05-01 09:09:00,F,40~49,office,seoul,0,0,0,0,22,0,0,39,0,0,completed
37478,U7481,2025-04-07 12:14:00,2025-04-07 12:17:00,M,20~29,office,seoul,0,0,0,0,24,0,0,43,0,0,completed
37479,U7482,2025-02-20 09:42:00,2025-02-20 09:49:00,F,40~49,office,seoul,0,0,0,0,22,0,0,37,0,1,completed
37480,U7483,2025-10-25 18:55:00,2025-10-25 18:58:00,M,20~29,office,seoul,1,0,0,0,10,0,0,22,0,0,completed
37481,U7484,2025-05-20 14:15:00,2025-05-20 14:17:00,F,50+,office,seoul,0,0,0,0,12,0,0,69,0,0,completed
37482,U7485,2025-06-28 14:49:00,2025-06-28 14:54:00,M,20~29,office,seoul,1,0,0,0,16,0,0,39,0,0,completed
37483,U7486,2025-02-14 15:41:00,2025-02-14 15:46:00,F,40~49,office,seoul,0,0,0,0,19,0,0,58,0,0,completed
37484,U7487,2025-07-02 08:29:00,2025-07-02 08:32:00,M,50+,office,seoul,0,0,0,0,23,0,0,56,1,0,completed
37485,U7488,2025-04-13 14:41:00,2025-04-13 14:48:00,F,20~29,office,seoul,1,0,0,0,8,0,0,65,0,0,abandoned
37486,U7489,2025-07-25 07:15:00,2025-07-25 07:22:00,F,30~39,office,seoul,0,0,0,0,29,0,0,37,0,0,completed
37487,U7490,2025-11-03 20:16:00,2025-11-03 20:21:00,F,20~29,office,seoul,0,0,0,0,3,0,0,62,0,0,completed
37488,U7491,2025-09-25 09:59:00,2025-09-25 10:05:00,F,20~29,office,seoul,0,0,0,0,29,0,0,49,0,0,completed
37489,U7492,2025-09-10 22:24:00,2025-09-10 22:30:00,F,40~49,office,seoul,0,0,0,0,29,0,0,18,0,0,completed
37490,U7493,2025-04-13 16:12:00,2025-04-13 16:18:00,M,30~39,office,seoul,1,0,0,0,0,0,0,29,0,0,completed
37491,U7494,2025-10-18 11:03:00,2025-10-18 11:09:00,M,40~49,office,seoul,1,0,0,0,4,0,0,74,0,0,completed
37492,U7495,2025-08-30 22:41:00,2025-08-30 22:43:00,M,30~39,office,seoul,1,0,0,0,5,0,0,74,0,0,completed
37493,U7496,2025-03-28 12:00:00,2025-03-28 12:07:00,F,30~39,office,seoul,0,0,0,0,17,0,0,37,0,0,completed
37494,U7497,2025-01-30 18:40:00,2025-01-30 18:44:00,F,30~39,office,seoul,0,0,0,0,12,0,0,29,0,0,completed
37495,U7498,2025-11-13 17:31:00,2025-11-13 17:37:00,M,40~49,office,seoul,0,0,0,0,9,0,0,63,0,0,completed
37496,U7499,2025-08-18 16:31:00,2025-08-18 16:36:00,F,20~29,office,seoul,0,0,0,0,10,0,0,31,0,0,completed
37497,U7500,2025-11-27 16:15:00,2025-11-27 16:19:00,F,20~29,office,seoul,0,0,0,0,23,0,0,66,0,0,completed
37498,U7501,2025-08-29 14:17:00,2025-08-29 14:21:00,M,40~49,office,seoul,0,0,0,0,22,0,0,34,0,0,completed
37499,U7502,2025-11-19 12:30:00,2025-11-19 12:35:00,F,30~39,office,seoul,0,0,0,0,10,0,0,73,0,0,completed
37500,U7503,2025-08-08 20:56:00,2025-08-08 21:03:00,F,20~29,office,seoul,0,0,0,0,7,0,0,32,0,0,completed
37501,U7504,2025-09-27 08:55:00,2025-09-27 09:01:00,F,50+,office,seoul,1,0,0,0,21,0,0,69,0,0,completed
37502,U7505,2025-06-14 12:51:00,2025-06-14 12:57:00,M,30~39,office,seoul,1,0,0,0,7,0,0,18,0,0,completed
37503,U7506,2025-12-22 09:55:00,2025-12-22 09:59:00,F,40~49,office,seoul,0,0,0,0,5,0,0,65,0,0,completed
37504,U7507,2025-09-24 16:07:00,2025-09-24 16:11:00,M,40~49,office,seoul,0,0,0,0,7,0,0,37,0,0,completed
37505,U7508,2025-01-01 16:11:00,2025-01-01 16:17:00,F,20~29,office,seoul,0,0,0,0,9,0,0,14,0,0,completed
37506,U7509,2025-05-28 16:08:00,2025-05-28 16:12:00,F,20~29,office,seoul,0,0,0,0,22,0,0,44,0,0,completed
37507,U7510,2025-09-23 20:41:00,2025-09-23 20:48:00,F,40~49,office,seoul,0,0,0,0,2,0,0,11,0,0,completed
37508,U7511,2025-12-27 09:34:00,2025-12-27 09:41:00,F,50+,office,seoul,1,0,0,0,15,0,0,72,0,0,completed
37509,U7512,2025-05-08 18:39:00,2025-05-08 18:44:00,F,20~29,office,seoul,0,0,0,0,25,0,0,59,0,0,completed
37510,U7513,2025-03-19 15:26:00,2025-03-19 15:29:00,F,40~49,office,seoul,0,0,0,0,8,0,0,31,0,0,completed
37511,U7514,2025-06-13 12:51:00,2025-06-13 12:57:00,M,50+,office,seoul,0,0,0,0,27,0,0,70,0,0,completed
37512,U7515,2025-12-24 16:43:00,2025-12-24 16:46:00,F,20~29,office,seoul,0,0,0,0,2,0,0,18,0,0,completed
37513,U7516,2025-03-31 08:50:00,2025-03-31 08:55:00,F,40~49,office,seoul,0,0,0,0,1,0,0,39,0,0,completed
37514,U7517,2025-07-31 13:41:00,2025-07-31 13:46:00,M,50+,office,seoul,0,0,0,0,14,0,0,22,0,0,completed
37515,U7518,2025-04-18 16:56:00,2025-04-18 17:02:00,F,30~39,office,seoul,0,0,0,0,2,0,0,33,0,0,error
37516,U7519,2025-02-16 09:42:00,2025-02-16 09:44:00,F,40~49,office,seoul,1,0,0,0,18,0,0,30,0,1,completed
37517,U7520,2025-04-21 21:27:00,2025-04-21 21:31:00,F,40~49,office,seoul,0,0,0,0,10,0,0,76,0,0,completed
37518,U7521,2025-07-22 22:46:00,2025-07-22 22:51:00,F,20~29,office,seoul,0,0,0,0,26,0,0,37,0,0,completed
37519,U7522,2025-12-15 12:38:00,2025-12-15 12:42:00,M,20~29,office,seoul,0,0,0,0,27,0,0,31,0,0,completed
37520,U7523,2025-08-18 14:24:00,2025-08-18 14:27:00,F,30~39,office,seoul,0,0,0,0,24,0,0,36,0,0,completed
37521,U7524,2025-04-30 12:00:00,2025-04-30 12:07:00,F,50+,office,seoul,0,0,0,0,23,0,0,76,0,0,completed
37522,U7525,2025-10-20 15:29:00,2025-10-20 15:32:00,F,20~29,office,seoul,0,0,0,0,26,0,0,22,0,0,completed
37523,U7526,2025-11-26 18:50:00,2025-11-26 18:54:00,F,30~39,office,seoul,0,0,0,0,3,0,0,44,0,0,completed
37524,U7527,2025-03-02 09:44:00,2025-03-02 09:47:00,F,50+,office,seoul,1,0,0,0,16,0,0,74,0,0,completed
37525,U7528,2025-07-28 16:44:00,2025-07-28 16:47:00,M,20~29,office,seoul,0,0,0,0,5,0,0,78,0,0,completed
37526,U7529,2025-12-24 15:02:00,2025-12-24 15:08:00,M,30~39,office,seoul,0,0,0,0,19,0,0,79,0,0,completed
37527,U7530,2025-07-17 20:00:00,2025-07-17 20:06:00,M,20~29,office,seoul,0,0,0,0,23,0,0,68,0,0,completed
37528,U7531,2025-11-01 13:37:00,2025-11-01 13:40:00,M,40~49,office,seoul,1,0,0,0,5,0,0,12,0,0,abandoned
37529,U7532,2025-10-26 11:42:00,2025-10-26 11:49:00,M,40~49,office,seoul,1,0,0,0,24,0,0,77,0,0,completed
37530,U7533,2025-01-25 17:40:00,2025-01-25 17:47:00,F,20~29,office,seoul,1,0,0,0,6,0,0,70,0,0,completed
37531,U7534,2025-11-27 12:09:00,2025-11-27 12:16:00,M,30~39,office,seoul,0,0,0,0,10,0,0,67,0,0,completed
37532,U7535,2025-01-11 12:16:00,2025-01-11 12:20:00,F,50+,office,seoul,1,0,0,0,3,0,0,55,0,0,completed
37533,U7536,2025-10-29 16:38:00,2025-10-29 16:43:00,F,40~49,office,seoul,0,0,0,0,24,0,0,12,0,1,error
37534,U7537,2025-09-30 18:59:00,2025-09-30 19:04:00,F,20~29,office,seoul,0,0,0,0,24,0,0,17,0,0,completed
37535,U7538,2025-06-07 09:07:00,2025-06-07 09:11:00,F,30~39,office,seoul,1,0,0,0,23,0,0,27,0,0,completed
37536,U7539,2025-11-05 19:36:00,2025-11-05 19:38:00,M,20~29,office,seoul,0,0,0,0,12,0,0,76,1,0,completed
37537,U7540,2025-04-29 09:28:00,2025-04-29 09:35:00,M,20~29,office,seoul,0,0,0,0,3,0,0,49,0,0,completed
37538,U7541,2025-03-04 15:02:00,2025-03-04 15:09:00,F,20~29,office,seoul,0,0,0,0,21,0,0,31,0,0,completed
37539,U7542,2025-04-04 20:12:00,2025-04-04 20:18:00,F,30~39,office,seoul,0,0,0,0,4,0,0,10,0,0,completed
37540,U7543,2025-03-09 09:18:00,2025-03-09 09:24:00,F,30~39,office,seoul,1,0,0,0,2,0,0,29,0,0,completed
37541,U7544,2025-03-11 13:57:00,2025-03-11 14:03:00,M,50+,office,seoul,0,0,0,0,23,0,0,40,0,0,completed
37542,U7545,2025-08-13 07:20:00,2025-08-13 07:24:00,F,20~29,office,seoul,0,0,0,0,5,0,0,53,0,0,abandoned
37543,U7546,2025-02-16 18:12:00,2025-02-16 18:19:00,M,20~29,office,seoul,1,0,0,0,12,0,0,15,0,0,completed
37544,U7547,2025-03-09 15:46:00,2025-03-09 15:51:00,M,40~49,office,seoul,1,0,0,0,18,0,0,46,0,0,completed
37545,U7548,2025-12-10 18:50:00,2025-12-10 18:56:00,F,40~49,office,seoul,0,0,0,0,6,0,0,11,0,0,completed
37546,U7549,2025-11-11 21:48:00,2025-11-11 21:51:00,F,20~29,office,seoul,0,0,0,0,12,0,0,41,0,0,abandoned
37547,U7550,2025-10-31 14:43:00,2025-10-31 14:46:00,M,50+,office,seoul,0,0,0,0,16,0,0,52,0,0,completed
37548,U7551,2025-11-26 17:27:00,2025-11-26 17:32:00,M,50+,office,seoul,0,0,0,0,7,0,0,71,0,0,completed
37549,U7552,2025-05-30 15:03:00,2025-05-30 15:06:00,M,40~49,office,seoul,0,0,0,0,24,0,0,29,0,0,completed
37550,U7553,2025-08-06 20:45:00,2025-08-06 20:48:00,M,20~29,office,seoul,0,0,0,0,22,0,0,12,0,0,completed
37551,U7554,2025-02-03 11:03:00,2025-02-03 11:10:00,M,50+,office,seoul,0,0,0,0,2,0,0,68,0,0,completed
37552,U7555,2025-08-29 12:03:00,2025-08-29 12:06:00,M,40~49,office,seoul,0,0,0,0,0,0,0,29,0,0,completed
37553,U7556,2025-09-18 11:04:00,2025-09-18 11:10:00,M,40~49,office,seoul,0,0,0,0,5,0,0,24,0,0,completed
37554,U7557,2025-09-25 15:49:00,2025-09-25 15:54:00,M,30~39,office,seoul,0,0,0,0,10,0,0,60,0,0,completed
37555,U7558,2025-06-09 15:36:00,2025-06-09 15:39:00,F,20~29,office,seoul,0,0,0,0,11,0,0,64,0,0,completed
37556,U7559,2025-03-02 09:10:00,2025-03-02 09:12:00,F,20~29,office,seoul,1,0,0,0,6,0,0,16,0,0,completed
37557,U7560,2025-02-10 20:53:00,2025-02-10 20:59:00,M,20~29,office,seoul,0,0,0,0,9,0,0,69,0,0,completed
37558,U7561,2025-11-22 14:46:00,2025-11-22 14:51:00,F,20~29,office,seoul,1,0,0,0,1,0,0,43,0,0,completed
37559,U7562,2025-05-25 15:59:00,2025-05-25 16:05:00,M,30~39,office,seoul,1,0,0,0,19,0,0,74,0,0,completed
37560,U7563,2025-11-14 15:13:00,2025-11-14 15:15:00,M,50+,office,seoul,0,0,0,0,24,0,0,49,0,0,completed
37561,U7564,2025-01-08 08:39:00,2025-01-08 08:44:00,M,20~29,office,seoul,0,0,0,0,10,0,0,31,0,0,completed
37562,U7565,2025-07-09 08:38:00,2025-07-09 08:45:00,F,20~29,office,seoul,0,0,0,0,15,0,0,24,0,0,abandoned
37563,U7566,2025-02-21 19:19:00,2025-02-21 19:21:00,M,40~49,office,seoul,0,0,0,0,17,0,0,44,0,0,completed
37564,U7567,2025-08-30 15:23:00,2025-08-30 15:28:00,F,40~49,office,seoul,1,0,0,0,21,0,0,35,0,0,completed
37565,U7568,2025-09-23 19:22:00,2025-09-23 19:24:00,F,20~29,office,seoul,0,0,0,0,17,0,0,64,0,0,completed
37566,U7569,2025-06-22 15:12:00,2025-06-22 15:15:00,M,40~49,office,seoul,1,0,0,0,16,0,0,14,0,1,completed
37567,U7570,2025-12-12 13:42:00,2025-12-12 13:46:00,F,20~29,office,seoul,0,0,0,0,12,0,0,55,0,0,completed
37568,U7571,2025-06-12 09:41:00,2025-06-12 09:48:00,F,30~39,office,seoul,0,0,0,0,3,0,0,39,0,0,completed
37569,U7572,2025-12-06 12:44:00,2025-12-06 12:48:00,F,50+,office,seoul,1,0,0,0,5,0,0,52,0,1,completed
37570,U7573,2025-11-20 13:04:00,2025-11-20 13:07:00,M,40~49,office,seoul,0,0,0,0,26,0,0,31,0,0,completed
37571,U7574,2025-04-18 12:25:00,2025-04-18 12:31:00,M,40~49,office,seoul,0,0,0,0,11,0,0,54,0,0,completed
37572,U7575,2025-08-21 19:19:00,2025-08-21 19:23:00,F,40~49,office,seoul,0,0,0,0,2,0,0,65,0,0,completed
37573,U7576,2025-12-23 07:27:00,2025-12-23 07:30:00,F,50+,office,seoul,0,0,0,0,29,0,0,75,0,0,completed
37574,U7577,2025-11-08 12:11:00,2025-11-08 12:18:00,F,20~29,office,seoul,1,0,0,0,1,0,0,59,0,0,completed
37575,U7578,2025-08-28 12:37:00,2025-08-28 12:39:00,M,40~49,office,seoul,0,0,0,0,3,0,0,72,0,0,completed
37576,U7579,2025-08-24 08:56:00,2025-08-24 09:01:00,F,40~49,office,seoul,1,0,0,0,24,0,0,60,1,1,completed
37577,U7580,2025-01-03 16:07:00,2025-01-03 16:12:00,M,50+,office,seoul,0,0,0,0,18,0,0,21,1,0,timeout
37578,U7581,2025-01-26 17:49:00,2025-01-26 17:55:00,F,30~39,office,seoul,1,0,0,0,8,0,0,78,0,0,completed
37579,U7582,2025-05-28 07:18:00,2025-05-28 07:24:00,M,30~39,office,seoul,0,0,0,0,16,0,0,48,0,0,completed
37580,U7583,2025-07-08 16:27:00,2025-07-08 16:32:00,M,20~29,office,seoul,0,0,0,0,25,0,0,61,0,0,completed
37581,U7584,2025-10-25 19:03:00,2025-10-25 19:07:00,M,20~29,office,seoul,1,0,0,0,12,0,0,12,0,0,completed
37582,U7585,2025-09-16 13:53:00,2025-09-16 13:57:00,F,40~49,office,seoul,0,0,0,0,12,0,0,58,0,0,completed
37583,U7586,2025-10-24 15:53:00,2025-10-24 16:00:00,F,30~39,office,seoul,0,0,0,0,26,0,0,30,0,0,completed
37584,U7587,2025-06-24 18:05:00,2025-06-24 18:07:00,F,30~39,office,seoul,0,0,0,0,1,0,0,49,0,0,completed
37585,U7588,2025-05-18 14:34:00,2025-05-18 14:39:00,F,50+,office,seoul,1,0,0,0,21,0,0,19,0,0,completed
37586,U7589,2025-02-03 07:43:00,2025-02-03 07:49:00,M,50+,office,seoul,0,0,0,0,15,0,0,58,0,0,completed
37587,U7590,2025-09-20 13:22:00,2025-09-20 13:25:00,F,30~39,office,seoul,1,0,0,0,29,0,0,17,0,0,abandoned
37588,U7591,2025-03-08 15:23:00,2025-03-08 15:27:00,F,30~39,office,seoul,1,0,0,0,15,0,0,12,0,0,completed
37589,U7592,2025-10-14 07:03:00,2025-10-14 07:05:00,M,20~29,office,seoul,0,0,0,0,26,0,0,77,0,0,completed
37590,U7593,2025-07-17 11:58:00,2025-07-17 12:00:00,F,40~49,office,seoul,0,0,0,0,23,0,0,32,0,0,abandoned
37591,U7594,2025-06-22 09:52:00,2025-06-22 09:55:00,F,20~29,office,seoul,1,0,0,0,16,0,0,37,0,0,completed
37592,U7595,2025-11-15 22:24:00,2025-11-15 22:30:00,M,50+,office,seoul,1,0,0,0,10,0,0,30,0,0,completed
37593,U7596,2025-04-27 12:08:00,2025-04-27 12:14:00,F,30~39,office,seoul,1,0,0,0,28,0,0,13,0,0,timeout
37594,U7597,2025-05-08 17:47:00,2025-05-08 17:50:00,M,30~39,office,seoul,0,0,0,0,13,0,0,32,0,0,completed
37595,U7598,2025-02-16 15:29:00,2025-02-16 15:33:00,M,20~29,office,seoul,1,0,0,0,8,0,0,33,0,0,completed
37596,U7599,2025-05-10 16:43:00,2025-05-10 16:45:00,M,30~39,office,seoul,1,0,0,0,4,0,0,40,0,0,completed
37597,U7600,2025-03-06 12:35:00,2025-03-06 12:39:00,M,30~39,office,seoul,0,0,0,0,20,0,0,63,0,0,completed
37598,U7601,2025-05-22 11:31:00,2025-05-22 11:35:00,F,30~39,office,seoul,0,0,0,0,19,0,0,26,0,0,completed
37599,U7602,2025-04-03 08:06:00,2025-04-03 08:09:00,F,30~39,office,seoul,0,0,0,0,28,0,0,77,0,0,completed
37600,U7603,2025-01-09 16:19:00,2025-01-09 16:26:00,F,20~29,office,seoul,0,0,0,0,22,0,0,27,0,0,completed
37601,U7604,2025-08-22 16:11:00,2025-08-22 16:13:00,F,20~29,office,seoul,0,0,0,0,7,0,0,50,0,0,completed
37602,U7605,2025-03-20 12:32:00,2025-03-20 12:39:00,F,40~49,office,seoul,0,0,0,0,12,0,0,15,0,0,completed
37603,U7606,2025-12-05 16:18:00,2025-12-05 16:25:00,F,40~49,office,seoul,0,0,0,0,25,0,0,51,0,0,completed
37604,U7607,2025-03-15 19:22:00,2025-03-15 19:28:00,M,40~49,office,seoul,1,0,0,0,11,0,0,74,0,0,completed
37605,U7608,2025-12-01 11:13:00,2025-12-01 11:18:00,M,50+,office,seoul,0,0,0,0,14,0,0,44,0,1,completed
37606,U7609,2025-04-29 13:24:00,2025-04-29 13:31:00,M,50+,office,seoul,0,0,0,0,10,0,0,68,0,0,completed
37607,U7610,2025-04-23 18:56:00,2025-04-23 18:58:00,F,30~39,office,seoul,0,0,0,0,12,0,0,25,0,0,completed
37608,U7611,2025-05-10 11:49:00,2025-05-10 11:54:00,F,30~39,office,seoul,1,0,0,0,9,0,0,45,0,0,completed
37609,U7612,2025-06-23 12:43:00,2025-06-23 12:48:00,M,40~49,office,seoul,0,0,0,0,20,0,0,43,0,0,completed
37610,U7613,2025-06-08 12:06:00,2025-06-08 12:10:00,F,20~29,office,seoul,1,0,0,0,14,0,0,46,0,0,completed
37611,U7614,2025-11-23 16:40:00,2025-11-23 16:47:00,M,20~29,office,seoul,1,0,0,0,26,0,0,26,0,0,completed
37612,U7615,2025-12-21 12:33:00,2025-12-21 12:37:00,M,30~39,office,seoul,1,0,0,0,13,0,0,62,0,0,completed
37613,U7616,2025-09-14 15:49:00,2025-09-14 15:52:00,M,40~49,office,seoul,1,0,0,0,22,0,0,23,0,0,completed
37614,U7617,2025-10-08 08:41:00,2025-10-08 08:45:00,F,50+,office,seoul,0,0,0,0,15,0,0,35,0,0,completed
37615,U7618,2025-11-04 11:38:00,2025-11-04 11:43:00,M,30~39,office,seoul,0,0,0,0,1,0,0,49,0,0,completed
37616,U7619,2025-02-15 20:45:00,2025-02-15 20:52:00,M,30~39,office,seoul,1,0,0,0,28,0,0,27,0,0,completed
37617,U7620,2025-08-03 16:42:00,2025-08-03 16:44:00,F,50+,office,seoul,1,0,0,0,1,0,0,35,1,1,completed
37618,U7621,2025-09-19 09:02:00,2025-09-19 09:06:00,F,30~39,office,seoul,0,0,0,0,11,0,0,57,0,0,completed
37619,U7622,2025-06-19 16:05:00,2025-06-19 16:12:00,F,40~49,office,seoul,0,0,0,0,17,0,0,55,0,0,completed
37620,U7623,2025-12-09 17:11:00,2025-12-09 17:14:00,F,20~29,office,seoul,0,0,0,0,22,0,0,19,0,0,completed
37621,U7624,2025-09-21 14:43:00,2025-09-21 14:46:00,F,30~39,office,seoul,1,0,0,0,4,0,0,40,0,0,error
37622,U7625,2025-07-03 17:41:00,2025-07-03 17:46:00,F,30~39,office,seoul,0,0,0,0,5,0,0,32,0,0,completed
37623,U7626,2025-08-11 13:03:00,2025-08-11 13:05:00,F,40~49,office,seoul,0,0,0,0,23,0,0,22,0,0,completed
37624,U7627,2025-07-09 18:11:00,2025-07-09 18:13:00,F,20~29,office,seoul,0,0,0,0,3,0,0,27,0,0,completed
37625,U7628,2025-11-30 18:46:00,2025-11-30 18:53:00,M,20~29,office,seoul,1,0,0,0,5,0,0,68,0,0,completed
37626,U7629,2025-09-01 12:09:00,2025-09-01 12:11:00,M,30~39,office,seoul,0,0,0,0,13,0,0,46,0,0,completed
37627,U7630,2025-01-22 15:25:00,2025-01-22 15:27:00,M,20~29,office,seoul,0,0,0,0,29,0,0,33,0,0,completed
37628,U7631,2025-04-28 17:27:00,2025-04-28 17:29:00,F,50+,office,seoul,0,0,0,0,16,0,0,73,0,1,completed
37629,U7632,2025-05-19 19:06:00,2025-05-19 19:11:00,F,40~49,office,seoul,0,0,0,0,23,0,0,43,0,0,completed
37630,U7633,2025-03-09 15:05:00,2025-03-09 15:08:00,F,30~39,office,seoul,1,0,0,0,17,0,0,21,0,0,completed
37631,U7634,2025-06-09 09:01:00,2025-06-09 09:07:00,F,30~39,office,seoul,0,0,0,0,27,0,0,49,0,0,completed
37632,U7635,2025-08-24 18:41:00,2025-08-24 18:47:00,F,30~39,office,seoul,1,0,0,0,27,0,0,33,0,0,completed
37633,U7636,2025-06-21 09:06:00,2025-06-21 09:13:00,F,30~39,office,seoul,1,0,0,0,29,0,0,15,0,0,completed
37634,U7637,2025-02-02 20:39:00,2025-02-02 20:41:00,F,40~49,office,seoul,1,0,0,0,20,0,0,20,0,0,completed
37635,U7638,2025-05-09 16:19:00,2025-05-09 16:26:00,M,50+,office,seoul,0,0,0,0,1,0,0,77,0,0,completed
37636,U7639,2025-08-03 15:25:00,2025-08-03 15:28:00,M,20~29,office,seoul,1,0,0,0,20,0,0,55,0,0,completed
37637,U7640,2025-10-21 18:29:00,2025-10-21 18:36:00,F,30~39,office,seoul,0,0,0,0,23,0,0,27,0,0,completed
37638,U7641,2025-05-07 11:02:00,2025-05-07 11:04:00,F,50+,office,seoul,0,0,0,0,11,0,0,69,0,0,completed
37639,U7642,2025-02-07 11:35:00,2025-02-07 11:41:00,F,50+,office,seoul,0,0,0,0,0,0,0,63,1,0,completed
37640,U7643,2025-02-23 15:20:00,2025-02-23 15:22:00,M,30~39,office,seoul,1,0,0,0,7,0,0,74,0,0,completed
37641,U7644,2025-03-29 19:22:00,2025-03-29 19:28:00,F,30~39,office,seoul,1,0,0,0,2,0,0,38,0,0,completed
37642,U7645,2025-10-22 09:09:00,2025-10-22 09:12:00,M,30~39,office,seoul,0,0,0,0,4,0,0,51,0,0,completed
37643,U7646,2025-07-20 17:08:00,2025-07-20 17:10:00,F,20~29,office,seoul,1,0,0,0,23,0,0,73,0,0,completed
37644,U7647,2025-12-19 17:38:00,2025-12-19 17:43:00,M,40~49,office,seoul,0,0,0,0,7,0,0,50,0,0,completed
37645,U7648,2025-10-20 12:22:00,2025-10-20 12:24:00,M,30~39,office,seoul,0,0,0,0,3,0,0,57,0,0,completed
37646,U7649,2025-11-13 12:23:00,2025-11-13 12:29:00,F,40~49,office,seoul,0,0,0,0,1,0,0,77,0,0,completed
37647,U7650,2025-02-18 16:03:00,2025-02-18 16:10:00,F,30~39,office,seoul,0,0,0,0,16,0,0,47,0,0,completed
37648,U7651,2025-07-31 19:16:00,2025-07-31 19:18:00,F,50+,office,seoul,0,0,0,0,2,0,0,17,0,0,completed
37649,U7652,2025-05-23 12:36:00,2025-05-23 12:43:00,M,20~29,office,seoul,0,0,0,0,21,0,0,22,0,0,completed
37650,U7653,2025-02-10 12:32:00,2025-02-10 12:38:00,M,20~29,office,seoul,0,0,0,0,5,0,0,49,0,0,completed
37651,U7654,2025-03-07 17:27:00,2025-03-07 17:30:00,M,20~29,office,seoul,0,0,0,0,15,0,0,58,0,0,completed
37652,U7655,2025-10-22 13:48:00,2025-10-22 13:53:00,F,30~39,office,seoul,0,0,0,0,14,0,0,63,0,0,completed
37653,U7656,2025-01-31 22:05:00,2025-01-31 22:09:00,F,30~39,office,seoul,0,0,0,0,3,0,0,70,0,0,completed
37654,U7657,2025-04-24 09:19:00,2025-04-24 09:24:00,F,20~29,office,seoul,0,0,0,0,27,0,0,32,0,0,completed
37655,U7658,2025-01-19 15:20:00,2025-01-19 15:27:00,F,30~39,office,seoul,1,0,0,0,0,0,0,10,0,0,completed
37656,U7659,2025-08-01 12:46:00,2025-08-01 12:50:00,M,20~29,office,seoul,0,0,0,0,2,0,0,59,0,0,completed
37657,U7660,2025-02-07 21:02:00,2025-02-07 21:05:00,M,50+,office,seoul,0,0,0,0,2,0,0,79,0,0,completed
37658,U7661,2025-05-18 22:37:00,2025-05-18 22:43:00,M,50+,office,seoul,1,0,0,0,6,0,0,10,0,0,completed
37659,U7662,2025-10-25 17:45:00,2025-10-25 17:51:00,M,20~29,office,seoul,1,0,0,0,20,0,0,36,0,0,completed
37660,U7663,2025-09-25 12:49:00,2025-09-25 12:56:00,M,40~49,office,seoul,0,0,0,0,1,0,0,71,1,0,completed
37661,U7664,2025-07-12 15:57:00,2025-07-12 16:01:00,F,40~49,office,seoul,1,0,0,0,2,0,0,14,0,0,error
37662,U7665,2025-01-25 16:20:00,2025-01-25 16:25:00,M,40~49,office,seoul,1,0,0,0,29,0,0,28,0,0,error
37663,U7666,2025-06-04 19:28:00,2025-06-04 19:32:00,F,30~39,office,seoul,0,0,0,0,10,0,0,41,0,0,abandoned
37664,U7667,2025-12-08 20:23:00,2025-12-08 20:29:00,F,40~49,office,seoul,0,0,0,0,25,0,0,28,0,0,completed
37665,U7668,2025-05-12 15:57:00,2025-05-12 16:04:00,M,30~39,office,seoul,0,0,0,0,2,0,0,37,0,0,completed
37666,U7669,2025-10-19 15:49:00,2025-10-19 15:51:00,F,30~39,office,seoul,1,0,0,0,21,0,0,29,0,0,completed
37667,U7670,2025-02-03 07:47:00,2025-02-03 07:51:00,F,40~49,office,seoul,0,0,0,0,25,0,0,15,0,0,completed
37668,U7671,2025-01-16 15:09:00,2025-01-16 15:14:00,F,20~29,office,seoul,0,0,0,0,29,0,0,39,0,0,timeout
37669,U7672,2025-07-30 07:56:00,2025-07-30 08:02:00,F,20~29,office,seoul,0,0,0,0,9,0,0,40,0,0,completed
37670,U7673,2025-07-04 15:35:00,2025-07-04 15:41:00,M,20~29,office,seoul,0,0,0,0,23,0,0,12,0,0,completed
37671,U7674,2025-09-11 12:29:00,2025-09-11 12:33:00,F,30~39,office,seoul,0,0,0,0,11,0,0,63,0,0,completed
37672,U7675,2025-03-17 18:06:00,2025-03-17 18:13:00,M,50+,office,seoul,0,0,0,0,9,0,0,65,1,0,completed
37673,U7676,2025-01-24 09:21:00,2025-01-24 09:28:00,F,20~29,office,seoul,0,0,0,0,25,0,0,41,0,0,completed
37674,U7677,2025-08-09 18:06:00,2025-08-09 18:09:00,M,30~39,office,seoul,1,0,0,0,18,0,0,42,0,0,completed
37675,U7678,2025-10-30 08:12:00,2025-10-30 08:16:00,F,50+,office,seoul,0,0,0,0,27,0,0,14,0,0,completed
37676,U7679,2025-12-06 09:02:00,2025-12-06 09:07:00,F,30~39,office,seoul,1,0,0,0,27,0,0,73,0,0,abandoned
37677,U7680,2025-10-27 16:25:00,2025-10-27 16:31:00,F,20~29,office,seoul,0,0,0,0,6,0,0,35,0,0,completed
37678,U7681,2025-08-06 07:42:00,2025-08-06 07:44:00,M,30~39,office,seoul,0,0,0,0,20,0,0,29,0,0,completed
37679,U7682,2025-03-23 15:08:00,2025-03-23 15:12:00,F,20~29,office,seoul,1,0,0,0,21,0,0,32,0,0,completed
37680,U7683,2025-10-19 09:44:00,2025-10-19 09:49:00,F,20~29,office,seoul,1,0,0,0,28,0,0,73,0,0,completed
37681,U7684,2025-08-21 07:52:00,2025-08-21 07:57:00,F,30~39,office,seoul,0,0,0,0,9,0,0,69,0,0,completed
37682,U7685,2025-11-27 12:18:00,2025-11-27 12:23:00,F,50+,office,seoul,0,0,0,0,16,0,0,64,0,0,completed
37683,U7686,2025-08-24 15:22:00,2025-08-24 15:28:00,M,30~39,office,seoul,1,0,0,0,25,0,0,40,0,0,completed
37684,U7687,2025-03-03 17:35:00,2025-03-03 17:39:00,F,30~39,office,seoul,0,0,0,0,29,0,0,37,0,0,completed
37685,U7688,2025-12-27 15:13:00,2025-12-27 15:20:00,F,30~39,office,seoul,1,0,0,0,4,0,0,74,0,0,completed
37686,U7689,2025-03-07 08:19:00,2025-03-07 08:24:00,F,30~39,office,seoul,0,0,0,0,1,0,0,77,0,0,completed
37687,U7690,2025-11-15 12:00:00,2025-11-15 12:04:00,F,20~29,office,seoul,1,0,0,0,6,0,0,45,0,0,completed
37688,U7691,2025-01-18 22:52:00,2025-01-18 22:59:00,F,40~49,office,seoul,1,0,0,0,1,0,0,46,0,0,completed
37689,U7692,2025-08-09 08:25:00,2025-08-09 08:31:00,F,20~29,office,seoul,1,0,0,0,19,0,0,31,0,0,completed
37690,U7693,2025-09-21 15:55:00,2025-09-21 16:00:00,F,20~29,office,seoul,1,0,0,0,21,0,0,66,0,0,completed
37691,U7694,2025-08-12 08:05:00,2025-08-12 08:12:00,F,20~29,office,seoul,0,0,0,0,5,0,0,43,0,0,completed
37692,U7695,2025-05-02 09:37:00,2025-05-02 09:43:00,F,20~29,office,seoul,0,0,0,0,11,0,0,60,0,0,completed
37693,U7696,2025-04-15 08:49:00,2025-04-15 08:53:00,F,30~39,office,seoul,0,0,0,0,27,0,0,41,0,0,completed
37694,U7697,2025-12-24 16:49:00,2025-12-24 16:54:00,M,40~49,office,seoul,0,0,0,0,28,0,0,40,0,0,completed
37695,U7698,2025-10-15 14:05:00,2025-10-15 14:07:00,M,20~29,office,seoul,0,0,0,0,12,0,0,51,0,0,completed
37696,U7699,2025-09-04 20:47:00,2025-09-04 20:54:00,F,30~39,office,seoul,0,0,0,0,5,0,0,39,0,0,completed
37697,U7700,2025-02-08 19:18:00,2025-02-08 19:24:00,F,40~49,office,seoul,1,0,0,0,5,0,0,19,0,0,completed
37698,U7701,2025-12-18 15:27:00,2025-12-18 15:32:00,M,20~29,office,seoul,0,0,0,0,19,0,0,32,0,0,completed
37699,U7702,2025-04-06 12:41:00,2025-04-06 12:46:00,F,20~29,office,seoul,1,0,0,0,8,0,0,51,0,0,completed
37700,U7703,2025-03-04 22:37:00,2025-03-04 22:40:00,M,40~49,office,seoul,0,0,0,0,29,0,0,17,0,0,completed
37701,U7704,2025-05-03 19:15:00,2025-05-03 19:17:00,F,30~39,office,seoul,1,0,0,0,28,0,0,19,0,0,completed
37702,U7705,2025-08-23 14:10:00,2025-08-23 14:15:00,M,40~49,office,seoul,1,0,0,0,18,0,0,39,0,0,completed
37703,U7706,2025-04-28 15:58:00,2025-04-28 16:02:00,M,20~29,office,seoul,0,0,0,0,5,0,0,14,0,0,completed
37704,U7707,2025-02-18 07:17:00,2025-02-18 07:22:00,M,50+,office,seoul,0,0,0,0,24,0,0,28,1,0,completed
37705,U7708,2025-11-07 15:45:00,2025-11-07 15:52:00,F,20~29,office,seoul,0,0,0,0,28,0,0,29,0,0,completed
37706,U7709,2025-04-12 08:31:00,2025-04-12 08:37:00,F,40~49,office,seoul,1,0,0,0,14,0,0,49,0,0,error
37707,U7710,2025-10-14 18:19:00,2025-10-14 18:22:00,M,50+,office,seoul,0,0,0,0,21,0,0,44,0,0,completed
37708,U7711,2025-04-05 16:01:00,2025-04-05 16:08:00,F,50+,office,seoul,1,0,0,0,16,0,0,57,1,0,completed
37709,U7712,2025-09-24 09:16:00,2025-09-24 09:20:00,F,30~39,office,seoul,0,0,0,0,13,0,0,57,0,0,completed
37710,U7713,2025-07-14 16:14:00,2025-07-14 16:21:00,F,20~29,office,seoul,0,0,0,0,19,0,0,55,0,0,completed
37711,U7714,2025-09-06 14:09:00,2025-09-06 14:11:00,F,30~39,office,seoul,1,0,0,0,25,0,0,27,0,0,completed
37712,U7715,2025-09-25 08:19:00,2025-09-25 08:26:00,M,30~39,office,seoul,0,0,0,0,10,0,0,55,0,0,completed
37713,U7716,2025-09-06 15:14:00,2025-09-06 15:21:00,M,40~49,office,seoul,1,0,0,0,12,0,0,48,0,0,completed
37714,U7717,2025-11-23 22:31:00,2025-11-23 22:33:00,F,20~29,office,seoul,1,0,0,0,2,0,0,73,0,0,completed
37715,U7718,2025-10-15 17:10:00,2025-10-15 17:15:00,M,30~39,office,seoul,0,0,0,0,1,0,0,18,0,0,completed
37716,U7719,2025-08-04 17:55:00,2025-08-04 18:01:00,M,20~29,office,seoul,0,0,0,0,21,0,0,75,0,0,completed
37717,U7720,2025-07-01 17:59:00,2025-07-01 18:06:00,F,20~29,office,seoul,0,0,0,0,21,0,0,13,0,0,completed
37718,U7721,2025-05-17 12:26:00,2025-05-17 12:32:00,M,50+,office,seoul,1,0,0,0,20,0,0,10,0,0,completed
37719,U7722,2025-11-16 08:41:00,2025-11-16 08:44:00,F,30~39,office,seoul,1,0,0,0,26,0,0,62,0,0,completed
37720,U7723,2025-03-07 20:52:00,2025-03-07 20:59:00,M,40~49,office,seoul,0,0,0,0,6,0,0,15,0,0,timeout
37721,U7724,2025-02-26 20:56:00,2025-02-26 20:59:00,F,20~29,office,seoul,0,0,0,0,8,0,0,11,0,0,completed
37722,U7725,2025-08-24 12:38:00,2025-08-24 12:42:00,M,50+,office,seoul,1,0,0,0,3,0,0,44,0,0,completed
37723,U7726,2025-03-11 21:04:00,2025-03-11 21:06:00,M,20~29,office,seoul,0,0,0,0,26,0,0,54,0,0,completed
37724,U7727,2025-06-12 08:05:00,2025-06-12 08:09:00,M,40~49,office,seoul,0,0,0,0,12,0,0,71,0,0,abandoned
37725,U7728,2025-05-09 13:32:00,2025-05-09 13:34:00,M,40~49,office,seoul,0,0,0,0,10,0,0,69,0,0,completed
37726,U7729,2025-12-20 17:46:00,2025-12-20 17:51:00,M,40~49,office,seoul,1,0,0,0,25,0,0,29,0,0,completed
37727,U7730,2025-08-06 18:55:00,2025-08-06 18:58:00,M,30~39,office,seoul,0,0,0,0,15,0,0,70,0,0,completed
37728,U7731,2025-11-14 07:30:00,2025-11-14 07:32:00,F,40~49,office,seoul,0,0,0,0,0,0,0,22,0,0,completed
37729,U7732,2025-04-05 15:24:00,2025-04-05 15:29:00,M,30~39,office,seoul,1,0,0,0,11,0,0,42,0,0,abandoned
37730,U7733,2025-10-25 11:27:00,2025-10-25 11:32:00,F,20~29,office,seoul,1,0,0,0,6,0,0,29,0,0,completed
37731,U7734,2025-01-27 16:57:00,2025-01-27 17:01:00,M,40~49,office,seoul,0,0,0,0,5,0,0,18,0,0,completed
37732,U7735,2025-06-02 11:02:00,2025-06-02 11:08:00,F,40~49,office,seoul,0,0,0,0,15,0,0,70,0,0,completed
37733,U7736,2025-08-28 18:10:00,2025-08-28 18:17:00,F,40~49,office,seoul,0,0,0,0,8,0,0,36,0,1,completed
37734,U7737,2025-03-04 09:20:00,2025-03-04 09:26:00,F,40~49,office,seoul,0,0,0,0,9,0,0,64,0,0,completed
37735,U7738,2025-06-20 15:03:00,2025-06-20 15:10:00,M,50+,office,seoul,0,0,0,0,16,0,0,17,0,0,abandoned
37736,U7739,2025-10-22 15:15:00,2025-10-22 15:22:00,M,20~29,office,seoul,0,0,0,0,27,0,0,40,0,0,completed
37737,U7740,2025-01-06 12:50:00,2025-01-06 12:52:00,F,50+,office,seoul,0,0,0,0,27,0,0,42,0,0,completed
37738,U7741,2025-07-13 14:42:00,2025-07-13 14:44:00,M,30~39,office,seoul,1,0,0,0,6,0,0,18,0,0,completed
37739,U7742,2025-05-02 22:02:00,2025-05-02 22:04:00,F,30~39,office,seoul,0,0,0,0,2,0,0,16,0,0,completed
37740,U7743,2025-01-12 07:10:00,2025-01-12 07:14:00,M,40~49,office,seoul,1,0,0,0,21,0,0,19,0,1,completed
37741,U7744,2025-07-28 08:55:00,2025-07-28 08:58:00,F,40~49,office,seoul,0,0,0,0,5,0,0,71,0,0,completed
37742,U7745,2025-12-04 19:47:00,2025-12-04 19:54:00,F,50+,office,seoul,0,0,0,0,6,0,0,27,0,0,completed
37743,U7746,2025-09-14 15:24:00,2025-09-14 15:26:00,F,20~29,office,seoul,1,0,0,0,17,0,0,63,0,0,completed
37744,U7747,2025-09-02 22:02:00,2025-09-02 22:07:00,M,20~29,office,seoul,0,0,0,0,3,0,0,43,0,0,completed
37745,U7748,2025-03-11 17:26:00,2025-03-11 17:30:00,M,20~29,office,seoul,0,0,0,0,29,0,0,14,0,0,completed
37746,U7749,2025-10-22 09:34:00,2025-10-22 09:41:00,F,30~39,office,seoul,0,0,0,0,20,0,0,18,0,0,completed
37747,U7750,2025-07-21 18:50:00,2025-07-21 18:57:00,F,20~29,office,seoul,0,0,0,0,4,0,0,21,0,0,completed
37748,U7751,2025-03-04 17:18:00,2025-03-04 17:23:00,F,20~29,office,seoul,0,0,0,0,22,0,0,60,0,0,completed
37749,U7752,2025-07-29 12:19:00,2025-07-29 12:25:00,F,30~39,office,seoul,0,0,0,0,7,0,0,13,0,0,abandoned
37750,U7753,2025-04-30 16:59:00,2025-04-30 17:03:00,M,50+,office,seoul,0,0,0,0,3,0,0,60,0,0,completed
37751,U7754,2025-05-10 12:58:00,2025-05-10 13:03:00,M,20~29,office,seoul,1,0,0,0,10,0,0,56,0,0,completed
37752,U7755,2025-08-01 09:41:00,2025-08-01 09:44:00,F,50+,office,seoul,0,0,0,0,5,0,0,68,0,0,completed
37753,U7756,2025-09-22 16:30:00,2025-09-22 16:32:00,F,30~39,office,seoul,0,0,0,0,13,0,0,20,0,0,completed
37754,U7757,2025-09-16 12:01:00,2025-09-16 12:06:00,F,30~39,office,seoul,0,0,0,0,18,0,0,28,0,0,completed
37755,U7758,2025-07-18 17:59:00,2025-07-18 18:06:00,F,30~39,office,seoul,0,0,0,0,21,0,0,66,0,0,completed
37756,U7759,2025-04-09 08:47:00,2025-04-09 08:54:00,F,20~29,office,seoul,0,0,0,0,9,0,0,67,0,0,completed
37757,U7760,2025-05-22 09:00:00,2025-05-22 09:07:00,M,20~29,office,seoul,0,0,0,0,2,0,0,78,0,0,completed
37758,U7761,2025-06-13 19:17:00,2025-06-13 19:19:00,F,40~49,office,seoul,0,0,0,0,18,0,0,20,0,0,abandoned
37759,U7762,2025-02-27 15:42:00,2025-02-27 15:44:00,M,30~39,office,seoul,0,0,0,0,23,0,0,62,0,0,completed
37760,U7763,2025-10-26 11:24:00,2025-10-26 11:31:00,F,30~39,office,seoul,1,0,0,0,12,0,0,66,0,0,completed
37761,U7764,2025-01-23 12:59:00,2025-01-23 13:04:00,F,40~49,office,seoul,0,0,0,0,13,0,0,74,0,0,completed
37762,U7765,2025-06-29 20:40:00,2025-06-29 20:47:00,F,30~39,office,seoul,1,0,0,0,21,0,0,55,0,0,completed
37763,U7766,2025-03-22 12:08:00,2025-03-22 12:10:00,M,40~49,office,seoul,1,0,0,0,2,0,0,17,0,0,completed
37764,U7767,2025-07-12 15:17:00,2025-07-12 15:19:00,F,40~49,office,seoul,1,0,0,0,10,0,0,33,0,0,completed
37765,U7768,2025-08-08 11:54:00,2025-08-08 12:00:00,F,20~29,office,seoul,0,0,0,0,14,0,0,28,0,0,completed
37766,U7769,2025-11-02 17:28:00,2025-11-02 17:32:00,M,30~39,office,seoul,1,0,0,0,22,0,0,68,0,0,completed
37767,U7770,2025-01-24 19:49:00,2025-01-24 19:52:00,M,20~29,office,seoul,0,0,0,0,17,0,0,10,0,0,completed
37768,U7771,2025-06-30 17:05:00,2025-06-30 17:07:00,M,30~39,office,seoul,0,0,0,0,6,0,0,66,0,0,completed
37769,U7772,2025-07-09 17:14:00,2025-07-09 17:20:00,M,20~29,office,seoul,0,0,0,0,6,0,0,73,0,0,completed
37770,U7773,2025-12-24 09:32:00,2025-12-24 09:38:00,M,20~29,office,seoul,0,0,0,0,9,0,0,27,0,0,completed
37771,U7774,2025-08-02 16:01:00,2025-08-02 16:07:00,F,20~29,office,seoul,1,0,0,0,18,0,0,44,0,0,completed
37772,U7775,2025-01-31 17:30:00,2025-01-31 17:34:00,M,30~39,office,seoul,0,0,0,0,20,0,0,44,0,0,completed
37773,U7776,2025-11-04 17:48:00,2025-11-04 17:52:00,F,30~39,office,seoul,0,0,0,0,21,0,0,42,0,0,completed
37774,U7777,2025-06-25 12:15:00,2025-06-25 12:22:00,F,30~39,office,seoul,0,0,0,0,24,0,0,34,0,0,completed
37775,U7778,2025-10-04 07:45:00,2025-10-04 07:50:00,F,20~29,office,seoul,1,0,0,0,20,0,0,64,0,0,completed
37776,U7779,2025-04-06 08:35:00,2025-04-06 08:38:00,F,20~29,office,seoul,1,0,0,0,15,0,0,22,0,0,completed
37777,U7780,2025-10-03 16:15:00,2025-10-03 16:22:00,F,40~49,office,seoul,0,0,0,0,1,0,0,20,0,0,completed
37778,U7781,2025-04-06 15:42:00,2025-04-06 15:45:00,F,30~39,office,seoul,1,0,0,0,27,0,0,21,0,0,completed
37779,U7782,2025-11-22 09:49:00,2025-11-22 09:55:00,F,20~29,office,seoul,1,0,0,0,24,0,0,23,0,0,completed
37780,U7783,2025-06-05 17:47:00,2025-06-05 17:50:00,M,40~49,office,seoul,0,0,0,0,24,0,0,38,0,0,completed
37781,U7784,2025-07-05 14:32:00,2025-07-05 14:35:00,M,20~29,office,seoul,1,0,0,0,10,0,0,43,0,0,completed
37782,U7785,2025-03-24 17:01:00,2025-03-24 17:06:00,F,20~29,office,seoul,0,0,0,0,17,0,0,70,0,0,completed
37783,U7786,2025-05-29 08:41:00,2025-05-29 08:43:00,M,20~29,office,seoul,0,0,0,0,20,0,0,71,0,0,completed
37784,U7787,2025-10-02 14:44:00,2025-10-02 14:49:00,M,20~29,office,seoul,0,0,0,0,13,0,0,32,0,0,completed
37785,U7788,2025-07-16 18:17:00,2025-07-16 18:23:00,M,20~29,office,seoul,0,0,0,0,14,0,0,35,0,0,completed
37786,U7789,2025-04-05 12:05:00,2025-04-05 12:12:00,F,30~39,office,seoul,1,0,0,0,27,0,0,66,0,0,completed
37787,U7790,2025-02-26 12:12:00,2025-02-26 12:15:00,F,30~39,office,seoul,0,0,0,0,0,0,0,32,0,0,abandoned
37788,U7791,2025-08-29 11:20:00,2025-08-29 11:22:00,M,20~29,office,seoul,0,0,0,0,21,0,0,78,0,0,completed
37789,U7792,2025-05-28 18:31:00,2025-05-28 18:33:00,F,20~29,office,seoul,0,0,0,0,6,0,0,54,0,0,completed
37790,U7793,2025-08-09 11:55:00,2025-08-09 12:02:00,M,40~49,office,seoul,1,0,0,0,15,0,0,78,0,0,completed
37791,U7794,2025-08-20 14:39:00,2025-08-20 14:45:00,F,30~39,office,seoul,0,0,0,0,12,0,0,58,0,0,completed
37792,U7795,2025-07-25 14:28:00,2025-07-25 14:32:00,F,20~29,office,seoul,0,0,0,0,22,0,0,55,0,0,completed
37793,U7796,2025-02-06 07:46:00,2025-02-06 07:53:00,F,30~39,office,seoul,0,0,0,0,22,0,0,61,0,0,completed
37794,U7797,2025-02-25 08:26:00,2025-02-25 08:33:00,F,30~39,office,seoul,0,0,0,0,17,0,0,46,0,0,abandoned
37795,U7798,2025-04-17 15:15:00,2025-04-17 15:21:00,F,40~49,office,seoul,0,0,0,0,26,0,0,64,0,0,completed
37796,U7799,2025-10-03 11:48:00,2025-10-03 11:53:00,M,40~49,office,seoul,0,0,0,0,5,0,0,75,0,0,completed
37797,U7800,2025-09-24 11:46:00,2025-09-24 11:48:00,F,30~39,office,seoul,0,0,0,0,13,0,0,77,0,0,completed
37798,U7801,2025-10-25 20:46:00,2025-10-25 20:52:00,F,40~49,office,seoul,1,0,0,0,6,0,0,61,0,0,completed
37799,U7802,2025-01-23 14:54:00,2025-01-23 14:58:00,M,20~29,office,seoul,0,0,0,0,29,0,0,42,0,0,completed
37800,U7803,2025-11-27 13:48:00,2025-11-27 13:52:00,M,20~29,office,seoul,0,0,0,0,7,0,0,65,0,0,completed
37801,U7804,2025-05-14 11:13:00,2025-05-14 11:19:00,M,40~49,office,seoul,0,0,0,0,16,0,0,38,0,0,error
37802,U7805,2025-04-28 15:17:00,2025-04-28 15:24:00,M,50+,office,seoul,0,0,0,0,1,0,0,47,0,0,abandoned
37803,U7806,2025-04-18 13:21:00,2025-04-18 13:26:00,M,50+,office,seoul,0,0,0,0,16,0,0,53,0,0,completed
37804,U7807,2025-04-16 16:44:00,2025-04-16 16:48:00,F,30~39,office,seoul,0,0,0,0,23,0,0,14,0,0,completed
37805,U7808,2025-06-02 18:09:00,2025-06-02 18:16:00,F,20~29,office,seoul,0,0,0,0,10,0,0,24,0,0,completed
37806,U7809,2025-05-19 11:51:00,2025-05-19 11:57:00,F,40~49,office,seoul,0,0,0,0,24,0,0,29,0,0,completed
37807,U7810,2025-12-31 07:57:00,2025-12-31 08:01:00,F,30~39,office,seoul,0,0,0,0,18,0,0,68,0,0,completed
37808,U7811,2025-01-19 18:15:00,2025-01-19 18:19:00,F,30~39,office,seoul,1,0,0,0,26,0,0,44,0,0,completed
37809,U7812,2025-12-16 19:52:00,2025-12-16 19:54:00,F,20~29,office,seoul,0,0,0,0,26,0,0,53,0,0,timeout
37810,U7813,2025-02-26 14:26:00,2025-02-26 14:29:00,M,20~29,office,seoul,0,0,0,0,21,0,0,22,0,0,completed
37811,U7814,2025-06-22 15:07:00,2025-06-22 15:09:00,F,20~29,office,seoul,1,0,0,0,20,0,0,56,0,0,completed
37812,U7815,2025-08-05 11:18:00,2025-08-05 11:20:00,F,50+,office,seoul,0,0,0,0,28,0,0,55,0,0,completed
37813,U7816,2025-09-05 07:46:00,2025-09-05 07:52:00,F,30~39,office,seoul,0,0,0,0,15,0,0,28,0,0,completed
37814,U7817,2025-09-05 16:25:00,2025-09-05 16:31:00,F,40~49,office,seoul,0,0,0,0,10,0,0,76,0,0,completed
37815,U7818,2025-02-11 14:02:00,2025-02-11 14:09:00,F,30~39,office,seoul,0,0,0,0,14,0,0,12,0,0,completed
37816,U7819,2025-10-02 13:14:00,2025-10-02 13:20:00,M,30~39,office,seoul,0,0,0,0,0,0,0,41,0,0,completed
37817,U7820,2025-11-06 19:01:00,2025-11-06 19:07:00,F,20~29,office,seoul,0,0,0,0,13,0,0,55,0,0,completed
37818,U7821,2025-01-21 11:35:00,2025-01-21 11:42:00,M,20~29,office,seoul,0,0,0,0,15,0,0,64,0,0,completed
37819,U7822,2025-04-25 13:00:00,2025-04-25 13:04:00,M,30~39,office,seoul,0,0,0,0,29,0,0,59,0,0,completed
37820,U7823,2025-09-28 18:16:00,2025-09-28 18:19:00,F,40~49,office,seoul,1,0,0,0,13,0,0,33,0,0,completed
37821,U7824,2025-11-25 14:52:00,2025-11-25 14:55:00,F,20~29,office,seoul,0,0,0,0,19,0,0,77,0,0,completed
37822,U7825,2025-08-25 17:22:00,2025-08-25 17:26:00,F,20~29,office,seoul,0,0,0,0,6,0,0,41,0,1,error
37823,U7826,2025-12-19 19:03:00,2025-12-19 19:10:00,M,20~29,office,seoul,0,0,0,0,13,0,0,69,0,0,completed
37824,U7827,2025-07-31 14:46:00,2025-07-31 14:48:00,F,30~39,office,seoul,0,0,0,0,13,0,0,66,0,0,completed
37825,U7828,2025-09-12 09:12:00,2025-09-12 09:16:00,F,30~39,office,seoul,0,0,0,0,16,0,0,51,0,0,completed
37826,U7829,2025-03-17 07:48:00,2025-03-17 07:51:00,F,30~39,office,seoul,0,0,0,0,4,0,0,52,0,0,completed
37827,U7830,2025-11-17 16:15:00,2025-11-17 16:20:00,M,20~29,office,seoul,0,0,0,0,22,0,0,32,0,0,completed
37828,U7831,2025-01-13 07:47:00,2025-01-13 07:54:00,F,40~49,office,seoul,0,0,0,0,22,0,0,18,0,0,completed
37829,U7832,2025-11-25 13:44:00,2025-11-25 13:46:00,M,30~39,office,seoul,0,0,0,0,27,0,0,60,0,0,abandoned
37830,U7833,2025-08-29 18:04:00,2025-08-29 18:07:00,F,40~49,office,seoul,0,0,0,0,13,0,0,75,0,0,completed
37831,U7834,2025-07-02 12:34:00,2025-07-02 12:37:00,F,50+,office,seoul,0,0,0,0,6,0,0,25,0,0,completed
37832,U7835,2025-05-28 12:44:00,2025-05-28 12:47:00,M,30~39,office,seoul,0,0,0,0,5,0,0,62,0,0,completed
37833,U7836,2025-07-24 08:16:00,2025-07-24 08:18:00,M,20~29,office,seoul,0,0,0,0,29,0,0,57,0,0,completed
37834,U7837,2025-02-26 11:17:00,2025-02-26 11:24:00,M,30~39,office,seoul,0,0,0,0,16,0,0,40,0,0,abandoned
37835,U7838,2025-06-04 16:32:00,2025-06-04 16:39:00,F,40~49,office,seoul,0,0,0,0,26,0,0,65,0,0,completed
37836,U7839,2025-05-07 08:35:00,2025-05-07 08:38:00,F,30~39,office,seoul,0,0,0,0,15,0,0,76,0,0,completed
37837,U7840,2025-05-23 11:41:00,2025-05-23 11:45:00,F,40~49,office,seoul,0,0,0,0,22,0,0,55,0,0,completed
37838,U7841,2025-12-23 14:33:00,2025-12-23 14:36:00,M,50+,office,seoul,0,0,0,0,21,0,0,77,0,0,abandoned
37839,U7842,2025-05-22 17:57:00,2025-05-22 18:02:00,F,40~49,office,seoul,0,0,0,0,23,0,0,25,0,0,completed
37840,U7843,2025-05-31 12:19:00,2025-05-31 12:22:00,F,20~29,office,seoul,1,0,0,0,22,0,0,48,0,0,completed
37841,U7844,2025-07-09 11:52:00,2025-07-09 11:59:00,F,50+,office,seoul,0,0,0,0,10,0,0,29,0,0,completed
37842,U7845,2025-07-10 17:00:00,2025-07-10 17:04:00,M,30~39,office,seoul,0,0,0,0,10,0,0,64,0,0,completed
37843,U7846,2025-09-20 13:53:00,2025-09-20 13:59:00,F,40~49,office,seoul,1,0,0,0,24,0,0,65,0,0,completed
37844,U7847,2025-07-09 13:55:00,2025-07-09 13:59:00,F,50+,office,seoul,0,0,0,0,16,0,0,29,0,0,completed
37845,U7848,2025-09-28 11:23:00,2025-09-28 11:26:00,F,20~29,office,seoul,1,0,0,0,11,0,0,78,0,0,completed
37846,U7849,2025-06-29 11:17:00,2025-06-29 11:22:00,M,20~29,office,seoul,1,0,0,0,28,0,0,53,0,0,completed
37847,U7850,2025-08-04 13:35:00,2025-08-04 13:40:00,F,20~29,office,seoul,0,0,0,0,22,0,0,46,0,0,abandoned
37848,U7851,2025-10-28 12:36:00,2025-10-28 12:41:00,M,50+,office,seoul,0,0,0,0,10,0,0,64,0,0,error
37849,U7852,2025-08-04 13:52:00,2025-08-04 13:57:00,F,20~29,office,seoul,0,0,0,0,19,0,0,17,0,0,completed
37850,U7853,2025-11-17 20:40:00,2025-11-17 20:46:00,M,40~49,office,seoul,0,0,0,0,3,0,0,28,0,0,completed
37851,U7854,2025-08-11 12:36:00,2025-08-11 12:43:00,F,40~49,office,seoul,0,0,0,0,23,0,0,12,0,0,completed
37852,U7855,2025-08-07 17:30:00,2025-08-07 17:32:00,M,30~39,office,seoul,0,0,0,0,29,0,0,24,0,0,completed
37853,U7856,2025-02-01 16:40:00,2025-02-01 16:44:00,F,40~49,office,seoul,1,0,0,0,24,0,0,49,0,0,completed
37854,U7857,2025-12-12 15:34:00,2025-12-12 15:36:00,M,20~29,office,seoul,0,0,0,0,5,0,0,13,0,0,completed
37855,U7858,2025-08-12 18:57:00,2025-08-12 18:59:00,F,40~49,office,seoul,0,0,0,0,14,0,0,66,0,0,completed
37856,U7859,2025-11-22 08:16:00,2025-11-22 08:23:00,F,30~39,office,seoul,1,0,0,0,21,0,0,39,0,0,completed
37857,U7860,2025-05-31 16:18:00,2025-05-31 16:21:00,M,50+,office,seoul,1,0,0,0,17,0,0,49,0,0,completed
37858,U7861,2025-12-23 17:30:00,2025-12-23 17:37:00,F,20~29,office,seoul,0,0,0,0,15,0,0,10,0,0,completed
37859,U7862,2025-08-31 19:33:00,2025-08-31 19:40:00,F,40~49,office,seoul,1,0,0,0,3,0,0,76,0,0,completed
37860,U7863,2025-03-22 17:34:00,2025-03-22 17:41:00,M,30~39,office,seoul,1,0,0,0,1,0,0,33,0,0,completed
37861,U7864,2025-06-11 16:28:00,2025-06-11 16:31:00,M,50+,office,seoul,0,0,0,0,1,0,0,18,1,0,completed
37862,U7865,2025-01-04 17:12:00,2025-01-04 17:14:00,M,20~29,office,seoul,1,0,0,0,24,0,0,44,0,0,completed
37863,U7866,2025-07-14 17:29:00,2025-07-14 17:33:00,F,40~49,office,seoul,0,0,0,0,8,0,0,64,0,0,completed
37864,U7867,2025-11-04 14:37:00,2025-11-04 14:39:00,F,40~49,office,seoul,0,0,0,0,17,0,0,53,0,0,completed
37865,U7868,2025-05-05 15:01:00,2025-05-05 15:06:00,M,40~49,office,seoul,0,0,0,0,28,0,0,62,0,0,completed
37866,U7869,2025-03-17 16:26:00,2025-03-17 16:30:00,F,20~29,office,seoul,0,0,0,0,0,0,0,31,0,0,completed
37867,U7870,2025-12-16 14:16:00,2025-12-16 14:22:00,F,30~39,office,seoul,0,0,0,0,8,0,0,38,0,0,completed
37868,U7871,2025-01-10 20:35:00,2025-01-10 20:37:00,F,20~29,office,seoul,0,0,0,0,11,0,0,44,0,0,completed
37869,U7872,2025-10-09 15:47:00,2025-10-09 15:50:00,F,40~49,office,seoul,0,0,0,0,1,0,0,78,0,0,completed
37870,U7873,2025-09-15 08:07:00,2025-09-15 08:12:00,M,40~49,office,seoul,0,0,0,0,9,0,0,50,0,0,completed
37871,U7874,2025-04-20 07:22:00,2025-04-20 07:29:00,M,20~29,office,seoul,1,0,0,0,14,0,0,71,0,0,completed
37872,U7875,2025-01-20 15:11:00,2025-01-20 15:18:00,F,50+,office,seoul,0,0,0,0,13,0,0,74,0,0,completed
37873,U7876,2025-06-18 17:09:00,2025-06-18 17:12:00,F,30~39,office,seoul,0,0,0,0,15,0,0,54,0,0,completed
37874,U7877,2025-12-31 18:30:00,2025-12-31 18:35:00,F,20~29,office,seoul,0,0,0,0,5,0,0,55,0,0,completed
37875,U7878,2025-06-30 17:30:00,2025-06-30 17:32:00,M,40~49,office,seoul,0,0,0,0,20,0,0,50,0,0,completed
37876,U7879,2025-09-11 11:54:00,2025-09-11 11:57:00,F,40~49,office,seoul,0,0,0,0,5,0,0,43,0,0,completed
37877,U7880,2025-06-11 13:51:00,2025-06-11 13:58:00,F,20~29,office,seoul,0,0,0,0,2,0,0,43,0,0,completed
37878,U7881,2025-10-12 09:24:00,2025-10-12 09:28:00,F,20~29,office,seoul,1,0,0,0,26,0,0,59,0,0,completed
37879,U7882,2025-07-17 18:02:00,2025-07-17 18:09:00,F,30~39,office,seoul,0,0,0,0,3,0,0,54,0,0,completed
37880,U7883,2025-12-19 13:12:00,2025-12-19 13:17:00,M,50+,office,seoul,0,0,0,0,23,0,0,24,0,0,completed
37881,U7884,2025-03-12 13:18:00,2025-03-12 13:25:00,F,30~39,office,seoul,0,0,0,0,7,0,0,38,0,0,completed
37882,U7885,2025-12-27 14:18:00,2025-12-27 14:20:00,F,30~39,office,seoul,1,0,0,0,8,0,0,44,0,0,completed
37883,U7886,2025-06-10 16:04:00,2025-06-10 16:10:00,F,40~49,office,seoul,0,0,0,0,27,0,0,69,0,0,completed
37884,U7887,2025-06-20 07:29:00,2025-06-20 07:35:00,F,20~29,office,seoul,0,0,0,0,0,0,0,51,0,0,completed
37885,U7888,2025-05-27 15:49:00,2025-05-27 15:51:00,F,40~49,office,seoul,0,0,0,0,19,0,0,16,0,0,completed
37886,U7889,2025-11-06 12:02:00,2025-11-06 12:09:00,F,50+,office,seoul,0,0,0,0,1,0,0,22,0,0,completed
37887,U7890,2025-08-08 14:24:00,2025-08-08 14:28:00,M,40~49,office,seoul,0,0,0,0,18,0,0,14,0,1,completed
37888,U7891,2025-12-09 08:19:00,2025-12-09 08:24:00,M,20~29,office,seoul,0,0,0,0,27,0,0,77,0,0,completed
37889,U7892,2025-08-11 16:28:00,2025-08-11 16:35:00,F,30~39,office,seoul,0,0,0,0,27,0,0,19,0,0,completed
37890,U7893,2025-03-31 21:03:00,2025-03-31 21:10:00,F,30~39,office,seoul,0,0,0,0,2,0,0,71,0,0,completed
37891,U7894,2025-10-04 13:11:00,2025-10-04 13:14:00,M,40~49,office,seoul,1,0,0,0,29,0,0,21,0,0,completed
37892,U7895,2025-07-10 21:33:00,2025-07-10 21:39:00,M,20~29,office,seoul,0,0,0,0,28,0,0,72,0,0,completed
37893,U7896,2025-03-29 11:27:00,2025-03-29 11:34:00,F,30~39,office,seoul,1,0,0,0,21,0,0,76,0,0,completed
37894,U7897,2025-08-07 11:45:00,2025-08-07 11:51:00,F,30~39,office,seoul,0,0,0,0,27,0,0,32,0,0,completed
37895,U7898,2025-01-19 07:17:00,2025-01-19 07:19:00,M,20~29,office,seoul,1,0,0,0,28,0,0,12,0,0,completed
37896,U7899,2025-08-04 07:10:00,2025-08-04 07:13:00,M,30~39,office,seoul,0,0,0,0,0,0,0,15,0,0,completed
37897,U7900,2025-09-23 20:01:00,2025-09-23 20:07:00,F,50+,office,seoul,0,0,0,0,4,0,0,53,0,0,completed
37898,U7901,2025-03-26 12:20:00,2025-03-26 12:25:00,F,20~29,office,seoul,0,0,0,0,18,0,0,12,0,0,completed
37899,U7902,2025-03-20 12:12:00,2025-03-20 12:19:00,F,40~49,office,seoul,0,0,0,0,14,0,0,72,0,0,completed
37900,U7903,2025-04-27 15:50:00,2025-04-27 15:56:00,M,20~29,office,seoul,1,0,0,0,9,0,0,50,0,0,completed
37901,U7904,2025-07-28 09:54:00,2025-07-28 09:58:00,M,30~39,office,seoul,0,0,0,0,18,0,0,78,0,0,completed
37902,U7905,2025-04-30 07:25:00,2025-04-30 07:28:00,F,30~39,office,seoul,0,0,0,0,22,0,0,43,0,0,completed
37903,U7906,2025-07-26 19:11:00,2025-07-26 19:15:00,F,40~49,office,seoul,1,0,0,0,19,0,0,10,0,0,completed
37904,U7907,2025-10-25 11:36:00,2025-10-25 11:39:00,M,40~49,office,seoul,1,0,0,0,29,0,0,32,0,0,completed
37905,U7908,2025-07-04 11:16:00,2025-07-04 11:21:00,M,30~39,office,seoul,0,0,0,0,4,0,0,10,0,1,completed
37906,U7909,2025-07-06 12:25:00,2025-07-06 12:32:00,M,30~39,office,seoul,1,0,0,0,3,0,0,79,0,0,completed
37907,U7910,2025-04-22 14:58:00,2025-04-22 15:02:00,M,20~29,office,seoul,0,0,0,0,25,0,0,79,0,0,completed
37908,U7911,2025-05-01 14:49:00,2025-05-01 14:53:00,F,50+,office,seoul,0,0,0,0,0,0,0,68,0,0,completed
37909,U7912,2025-03-06 15:36:00,2025-03-06 15:38:00,F,50+,office,seoul,0,0,0,0,11,0,0,38,0,0,completed
37910,U7913,2025-01-08 18:02:00,2025-01-08 18:06:00,F,20~29,office,seoul,0,0,0,0,2,0,0,42,0,0,completed
37911,U7914,2025-12-24 09:22:00,2025-12-24 09:27:00,F,40~49,office,seoul,0,0,0,0,9,0,0,11,0,0,completed
37912,U7915,2025-07-13 11:10:00,2025-07-13 11:17:00,M,20~29,office,seoul,1,0,0,0,4,0,0,18,1,0,completed
37913,U7916,2025-03-28 15:24:00,2025-03-28 15:30:00,F,20~29,office,seoul,0,0,0,0,9,0,0,38,1,0,completed
37914,U7917,2025-05-17 17:02:00,2025-05-17 17:04:00,F,30~39,office,seoul,1,0,0,0,10,0,0,42,0,0,completed
37915,U7918,2025-01-25 17:56:00,2025-01-25 18:02:00,M,40~49,office,seoul,1,0,0,0,29,0,0,31,0,0,completed
37916,U7919,2025-08-19 15:12:00,2025-08-19 15:17:00,F,50+,office,seoul,0,0,0,0,12,0,0,79,0,0,completed
37917,U7920,2025-01-20 17:05:00,2025-01-20 17:07:00,F,20~29,office,seoul,0,0,0,0,19,0,0,66,0,0,completed
37918,U7921,2025-05-22 15:56:00,2025-05-22 15:58:00,M,40~49,office,seoul,0,0,0,0,7,0,0,11,0,0,completed
37919,U7922,2025-11-19 11:01:00,2025-11-19 11:03:00,M,20~29,office,seoul,0,0,0,0,29,0,0,33,0,0,completed
37920,U7923,2025-07-26 13:44:00,2025-07-26 13:48:00,M,20~29,office,seoul,1,0,0,0,2,0,0,61,0,0,completed
37921,U7924,2025-06-20 20:58:00,2025-06-20 21:01:00,F,50+,office,seoul,0,0,0,0,18,0,0,31,0,0,completed
37922,U7925,2025-04-29 11:41:00,2025-04-29 11:43:00,M,30~39,office,seoul,0,0,0,0,19,0,0,70,0,0,completed
37923,U7926,2025-11-16 13:25:00,2025-11-16 13:30:00,F,20~29,office,seoul,1,0,0,0,9,0,0,70,0,0,completed
37924,U7927,2025-04-26 20:04:00,2025-04-26 20:06:00,M,40~49,office,seoul,1,0,0,0,3,0,0,43,0,1,completed
37925,U7928,2025-10-05 09:42:00,2025-10-05 09:48:00,F,30~39,office,seoul,1,0,0,0,20,0,0,78,0,0,error
37926,U7929,2025-06-23 13:54:00,2025-06-23 13:57:00,M,20~29,office,seoul,0,0,0,0,23,0,0,52,0,0,completed
37927,U7930,2025-04-22 12:21:00,2025-04-22 12:27:00,F,20~29,office,seoul,0,0,0,0,25,0,0,43,0,0,completed
37928,U7931,2025-04-01 20:20:00,2025-04-01 20:24:00,M,20~29,office,seoul,0,0,0,0,5,0,0,73,0,0,completed
37929,U7932,2025-01-13 08:01:00,2025-01-13 08:04:00,M,30~39,office,seoul,0,0,0,0,13,0,0,34,0,0,completed
37930,U7933,2025-04-06 20:36:00,2025-04-06 20:42:00,F,20~29,office,seoul,1,0,0,0,23,0,0,78,0,0,completed
37931,U7934,2025-10-07 20:47:00,2025-10-07 20:49:00,F,20~29,office,seoul,0,0,0,0,20,0,0,63,0,0,abandoned
37932,U7935,2025-12-04 15:11:00,2025-12-04 15:18:00,M,40~49,office,seoul,0,0,0,0,25,0,0,66,0,0,completed
37933,U7936,2025-02-09 13:57:00,2025-02-09 14:02:00,F,30~39,office,seoul,1,0,0,0,26,0,0,11,0,0,abandoned
37934,U7937,2025-09-25 22:12:00,2025-09-25 22:19:00,F,30~39,office,seoul,0,0,0,0,15,0,0,59,0,0,timeout
37935,U7938,2025-10-02 15:36:00,2025-10-02 15:39:00,F,20~29,office,seoul,0,0,0,0,4,0,0,41,0,0,completed
37936,U7939,2025-04-29 12:05:00,2025-04-29 12:10:00,F,20~29,office,seoul,0,0,0,0,22,0,0,50,0,0,abandoned
37937,U7940,2025-03-29 13:17:00,2025-03-29 13:24:00,M,50+,office,seoul,1,0,0,0,8,0,0,35,0,0,completed
37938,U7941,2025-02-04 12:55:00,2025-02-04 12:59:00,F,20~29,office,seoul,0,0,0,0,28,0,0,43,0,0,completed
37939,U7942,2025-08-26 14:50:00,2025-08-26 14:57:00,F,20~29,office,seoul,0,0,0,0,15,0,0,77,0,0,completed
37940,U7943,2025-02-17 08:34:00,2025-02-17 08:37:00,F,50+,office,seoul,0,0,0,0,2,0,0,79,0,0,completed
37941,U7944,2025-05-29 17:09:00,2025-05-29 17:12:00,M,30~39,office,seoul,0,0,0,0,22,0,0,24,0,0,completed
37942,U7945,2025-06-12 19:31:00,2025-06-12 19:34:00,M,20~29,office,seoul,0,0,0,0,22,0,0,55,0,0,completed
37943,U7946,2025-11-28 12:13:00,2025-11-28 12:19:00,F,20~29,office,seoul,0,0,0,0,2,0,0,70,0,0,completed
37944,U7947,2025-04-30 16:44:00,2025-04-30 16:46:00,M,20~29,office,seoul,0,0,0,0,20,0,0,79,0,0,completed
37945,U7948,2025-04-24 18:56:00,2025-04-24 19:02:00,F,40~49,office,seoul,0,0,0,0,19,0,0,79,0,0,completed
37946,U7949,2025-09-17 17:09:00,2025-09-17 17:15:00,F,50+,office,seoul,0,0,0,0,4,0,0,15,0,0,completed
37947,U7950,2025-05-16 15:47:00,2025-05-16 15:50:00,F,20~29,office,seoul,0,0,0,0,26,0,0,25,0,0,completed
37948,U7951,2025-02-26 13:43:00,2025-02-26 13:49:00,M,30~39,office,seoul,0,0,0,0,16,0,0,64,0,0,completed
37949,U7952,2025-02-23 13:20:00,2025-02-23 13:27:00,F,20~29,office,seoul,1,0,0,0,2,0,0,44,0,0,completed
37950,U7953,2025-01-30 09:49:00,2025-01-30 09:56:00,F,20~29,office,seoul,0,0,0,0,25,0,0,22,0,0,completed
37951,U7954,2025-03-19 07:39:00,2025-03-19 07:44:00,F,20~29,office,seoul,0,0,0,0,1,0,0,66,0,0,completed
37952,U7955,2025-04-19 15:59:00,2025-04-19 16:04:00,F,20~29,office,seoul,1,0,0,0,2,0,0,59,0,0,completed
37953,U7956,2025-06-15 08:33:00,2025-06-15 08:40:00,F,20~29,office,seoul,1,0,0,0,3,0,0,60,0,0,completed
37954,U7957,2025-08-17 13:13:00,2025-08-17 13:18:00,M,30~39,office,seoul,1,0,0,0,13,0,0,72,0,0,completed
37955,U7958,2025-09-24 08:31:00,2025-09-24 08:37:00,F,20~29,office,seoul,0,0,0,0,26,0,0,30,0,0,completed
37956,U7959,2025-04-04 19:04:00,2025-04-04 19:09:00,M,20~29,office,seoul,0,0,0,0,11,0,0,15,0,0,error
37957,U7960,2025-11-07 13:41:00,2025-11-07 13:48:00,F,50+,office,seoul,0,0,0,0,19,0,0,26,0,0,completed
37958,U7961,2025-02-12 09:12:00,2025-02-12 09:17:00,M,30~39,office,seoul,0,0,0,0,9,0,0,27,0,1,completed
37959,U7962,2025-09-01 19:19:00,2025-09-01 19:22:00,M,20~29,office,seoul,0,0,0,0,23,0,0,71,0,0,abandoned
37960,U7963,2025-11-05 11:20:00,2025-11-05 11:22:00,F,50+,office,seoul,0,0,0,0,29,0,0,67,0,0,completed
37961,U7964,2025-05-01 11:50:00,2025-05-01 11:55:00,M,20~29,office,seoul,0,0,0,0,4,0,0,26,0,0,completed
37962,U7965,2025-03-02 14:15:00,2025-03-02 14:22:00,M,30~39,office,seoul,1,0,0,0,13,0,0,17,0,0,completed
37963,U7966,2025-02-24 12:31:00,2025-02-24 12:38:00,F,50+,office,seoul,0,0,0,0,11,0,0,75,0,0,timeout
37964,U7967,2025-11-13 18:30:00,2025-11-13 18:37:00,F,50+,office,seoul,0,0,0,0,26,0,0,54,0,0,completed
37965,U7968,2025-11-17 07:53:00,2025-11-17 07:55:00,M,30~39,office,seoul,0,0,0,0,26,0,0,73,0,0,completed
37966,U7969,2025-03-17 08:03:00,2025-03-17 08:05:00,M,30~39,office,seoul,0,0,0,0,17,0,0,75,0,0,completed
37967,U7970,2025-01-09 17:22:00,2025-01-09 17:25:00,F,20~29,office,seoul,0,0,0,0,13,0,0,64,0,0,completed
37968,U7971,2025-09-01 16:00:00,2025-09-01 16:05:00,M,20~29,office,seoul,0,0,0,0,11,0,0,52,0,0,completed
37969,U7972,2025-07-06 21:14:00,2025-07-06 21:18:00,F,20~29,office,seoul,1,0,0,0,25,0,0,40,0,0,timeout
37970,U7973,2025-03-28 09:23:00,2025-03-28 09:26:00,F,30~39,office,seoul,0,0,0,0,19,0,0,68,0,0,completed
37971,U7974,2025-05-05 09:22:00,2025-05-05 09:26:00,F,20~29,office,seoul,0,0,0,0,19,0,0,31,0,0,completed
37972,U7975,2025-08-08 07:51:00,2025-08-08 07:57:00,M,30~39,office,seoul,0,0,0,0,4,0,0,57,0,0,completed
37973,U7976,2025-07-08 12:46:00,2025-07-08 12:48:00,M,30~39,office,seoul,0,0,0,0,26,0,0,14,0,0,completed
37974,U7977,2025-01-30 14:28:00,2025-01-30 14:30:00,M,40~49,office,seoul,0,0,0,0,10,0,0,35,0,0,completed
37975,U7978,2025-02-18 19:10:00,2025-02-18 19:16:00,M,20~29,office,seoul,0,0,0,0,17,0,0,28,0,0,error
37976,U7979,2025-03-31 17:45:00,2025-03-31 17:49:00,M,20~29,office,seoul,0,0,0,0,18,0,0,12,0,0,completed
37977,U7980,2025-06-13 17:48:00,2025-06-13 17:55:00,F,20~29,office,seoul,0,0,0,0,18,0,0,38,0,0,completed
37978,U7981,2025-06-22 18:42:00,2025-06-22 18:46:00,M,50+,office,seoul,1,0,0,0,15,0,0,38,0,0,completed
37979,U7982,2025-03-29 09:25:00,2025-03-29 09:30:00,M,20~29,office,seoul,1,0,0,0,3,0,0,63,0,0,completed
37980,U7983,2025-09-21 20:56:00,2025-09-21 21:03:00,M,20~29,office,seoul,1,0,0,0,3,0,0,67,0,0,completed
37981,U7984,2025-05-28 09:39:00,2025-05-28 09:41:00,F,30~39,office,seoul,0,0,0,0,20,0,0,37,0,0,completed
37982,U7985,2025-05-02 11:03:00,2025-05-02 11:07:00,M,50+,office,seoul,0,0,0,0,19,0,0,73,0,0,completed
37983,U7986,2025-11-09 20:02:00,2025-11-09 20:06:00,M,40~49,office,seoul,1,0,0,0,29,0,0,34,0,0,completed
37984,U7987,2025-07-17 19:50:00,2025-07-17 19:57:00,M,20~29,office,seoul,0,0,0,0,22,0,0,30,0,0,completed
37985,U7988,2025-01-22 12:40:00,2025-01-22 12:47:00,F,40~49,office,seoul,0,0,0,0,18,0,0,25,0,0,completed
37986,U7989,2025-11-04 15:14:00,2025-11-04 15:21:00,F,30~39,office,seoul,0,0,0,0,11,0,0,29,0,0,completed
37987,U7990,2025-12-09 17:48:00,2025-12-09 17:51:00,M,40~49,office,seoul,0,0,0,0,25,0,0,49,0,0,completed
37988,U7991,2025-10-07 20:43:00,2025-10-07 20:45:00,F,40~49,office,seoul,0,0,0,0,27,0,0,19,0,0,completed
37989,U7992,2025-01-31 17:14:00,2025-01-31 17:21:00,M,20~29,office,seoul,0,0,0,0,29,0,0,43,0,0,error
37990,U7993,2025-05-18 08:12:00,2025-05-18 08:14:00,M,20~29,office,seoul,1,0,0,0,11,0,0,65,0,0,timeout
37991,U7994,2025-08-01 09:28:00,2025-08-01 09:33:00,M,20~29,office,seoul,0,0,0,0,2,0,0,38,0,1,completed
37992,U7995,2025-08-26 14:57:00,2025-08-26 15:01:00,F,20~29,office,seoul,0,0,0,0,24,0,0,59,0,0,completed
37993,U7996,2025-08-19 18:41:00,2025-08-19 18:44:00,F,30~39,office,seoul,0,0,0,0,5,0,0,40,0,0,completed
37994,U7997,2025-05-09 15:03:00,2025-05-09 15:09:00,F,20~29,office,seoul,0,0,0,0,23,0,0,17,0,0,completed
37995,U7998,2025-12-25 17:57:00,2025-12-25 18:01:00,F,50+,office,seoul,0,0,0,0,6,0,0,42,0,0,completed
37996,U7999,2025-11-18 08:38:00,2025-11-18 08:45:00,M,40~49,office,seoul,0,0,0,0,20,0,0,17,0,0,completed
37997,U8000,2025-01-26 14:01:00,2025-01-26 14:03:00,F,50+,office,seoul,1,0,0,0,6,0,0,78,0,0,completed
37998,U8001,2025-02-21 16:49:00,2025-02-21 16:52:00,M,30~39,office,seoul,0,0,0,0,8,0,0,17,0,0,completed
37999,U8002,2025-08-15 22:25:00,2025-08-15 22:27:00,F,30~39,office,seoul,0,0,0,0,7,0,0,31,0,0,completed
38000,U8003,2025-05-13 12:16:00,2025-05-13 12:19:00,M,40~49,office,seoul,0,0,0,0,6,0,0,32,0,0,completed
38001,U8004,2025-06-28 18:20:00,2025-06-28 18:23:00,M,40~49,office,seoul,1,0,0,0,19,0,0,74,0,0,completed
38002,U8005,2025-03-06 09:52:00,2025-03-06 09:54:00,F,40~49,office,seoul,0,0,0,0,20,0,0,46,0,0,completed
38003,U8006,2025-08-23 20:35:00,2025-08-23 20:38:00,F,20~29,office,seoul,1,0,0,0,11,0,0,57,0,0,completed
38004,U8007,2025-05-16 15:45:00,2025-05-16 15:52:00,F,20~29,office,seoul,0,0,0,0,6,0,0,30,0,0,completed
38005,U8008,2025-12-21 15:07:00,2025-12-21 15:11:00,F,30~39,office,seoul,1,0,0,0,29,0,0,52,0,0,completed
38006,U8009,2025-10-12 16:58:00,2025-10-12 17:00:00,F,30~39,office,seoul,1,0,0,0,29,0,0,54,0,0,abandoned
38007,U8010,2025-06-20 12:52:00,2025-06-20 12:57:00,F,20~29,office,seoul,0,0,0,0,23,0,0,13,0,0,completed
38008,U8011,2025-05-11 16:22:00,2025-05-11 16:29:00,M,40~49,office,seoul,1,0,0,0,21,0,0,35,0,0,completed
38009,U8012,2025-10-24 09:27:00,2025-10-24 09:31:00,F,40~49,office,seoul,0,0,0,0,7,0,0,13,0,0,completed
38010,U8013,2025-02-28 17:37:00,2025-02-28 17:43:00,F,30~39,office,seoul,0,0,0,0,22,0,0,68,0,0,completed
38011,U8014,2025-08-02 11:32:00,2025-08-02 11:38:00,M,30~39,office,seoul,1,0,0,0,9,0,0,53,0,0,completed
38012,U8015,2025-06-10 07:26:00,2025-06-10 07:31:00,F,30~39,office,seoul,0,0,0,0,0,0,0,35,0,0,completed
38013,U8016,2025-10-21 18:41:00,2025-10-21 18:43:00,M,50+,office,seoul,0,0,0,0,2,0,0,68,0,0,completed
38014,U8017,2025-08-06 11:44:00,2025-08-06 11:46:00,M,20~29,office,seoul,0,0,0,0,17,0,0,59,0,0,completed
38015,U8018,2025-02-07 17:02:00,2025-02-07 17:08:00,F,20~29,office,seoul,0,0,0,0,8,0,0,59,0,0,completed
38016,U8019,2025-09-29 15:18:00,2025-09-29 15:25:00,F,50+,office,seoul,0,0,0,0,18,0,0,71,0,0,completed
38017,U8020,2025-04-25 14:32:00,2025-04-25 14:36:00,F,30~39,office,seoul,0,0,0,0,25,0,0,70,0,0,completed
38018,U8021,2025-01-18 14:03:00,2025-01-18 14:05:00,F,30~39,office,seoul,1,0,0,0,9,0,0,64,0,0,completed
38019,U8022,2025-04-14 15:22:00,2025-04-14 15:26:00,M,20~29,office,seoul,0,0,0,0,9,0,0,59,0,0,completed
38020,U8023,2025-12-02 18:56:00,2025-12-02 19:02:00,F,40~49,office,seoul,0,0,0,0,24,0,0,45,0,0,completed
38021,U8024,2025-04-28 15:02:00,2025-04-28 15:05:00,F,20~29,office,seoul,0,0,0,0,1,0,0,52,0,0,completed
38022,U8025,2025-10-05 11:10:00,2025-10-05 11:15:00,M,40~49,office,seoul,1,0,0,0,21,0,0,35,0,0,completed
38023,U8026,2025-06-16 12:07:00,2025-06-16 12:10:00,M,20~29,office,seoul,0,0,0,0,20,0,0,47,0,0,completed
38024,U8027,2025-08-08 13:47:00,2025-08-08 13:53:00,M,50+,office,seoul,0,0,0,0,29,0,0,12,0,0,abandoned
38025,U8028,2025-01-17 19:30:00,2025-01-17 19:33:00,F,40~49,office,seoul,0,0,0,0,27,0,0,25,0,0,completed
38026,U8029,2025-05-07 17:33:00,2025-05-07 17:37:00,M,30~39,office,seoul,0,0,0,0,15,0,0,53,0,0,completed
38027,U8030,2025-11-27 11:51:00,2025-11-27 11:55:00,F,40~49,office,seoul,0,0,0,0,13,0,0,45,0,0,completed
38028,U8031,2025-06-10 13:24:00,2025-06-10 13:27:00,F,20~29,office,seoul,0,0,0,0,21,0,0,30,0,0,completed
38029,U8032,2025-10-16 08:17:00,2025-10-16 08:19:00,M,50+,office,seoul,0,0,0,0,7,0,0,20,0,0,completed
38030,U8033,2025-12-07 19:11:00,2025-12-07 19:13:00,F,40~49,office,seoul,1,0,0,0,28,0,0,52,0,0,completed
38031,U8034,2025-05-28 15:30:00,2025-05-28 15:33:00,M,30~39,office,seoul,0,0,0,0,15,0,0,25,0,0,completed
38032,U8035,2025-12-31 13:28:00,2025-12-31 13:34:00,F,50+,office,seoul,0,0,0,0,22,0,0,32,0,0,completed
38033,U8036,2025-04-06 09:47:00,2025-04-06 09:49:00,F,40~49,office,seoul,1,0,0,0,12,0,0,29,0,0,completed
38034,U8037,2025-09-26 18:02:00,2025-09-26 18:09:00,M,50+,office,seoul,0,0,0,0,5,0,0,57,0,0,completed
38035,U8038,2025-06-30 17:44:00,2025-06-30 17:46:00,F,30~39,office,seoul,0,0,0,0,15,0,0,16,0,0,completed
38036,U8039,2025-08-08 14:12:00,2025-08-08 14:17:00,M,20~29,office,seoul,0,0,0,0,28,0,0,59,0,0,completed
38037,U8040,2025-07-04 13:00:00,2025-07-04 13:07:00,F,20~29,office,seoul,0,0,0,0,29,0,0,25,0,0,completed
38038,U8041,2025-02-28 07:37:00,2025-02-28 07:39:00,F,50+,office,seoul,0,0,0,0,29,0,0,68,0,0,completed
38039,U8042,2025-11-14 15:05:00,2025-11-14 15:08:00,F,30~39,office,seoul,0,0,0,0,19,0,0,18,0,0,completed
38040,U8043,2025-07-02 12:32:00,2025-07-02 12:39:00,F,20~29,office,seoul,0,0,0,0,4,0,0,14,0,0,abandoned
38041,U8044,2025-11-19 11:40:00,2025-11-19 11:45:00,F,20~29,office,seoul,0,0,0,0,9,0,0,52,0,0,completed
38042,U8045,2025-05-05 19:52:00,2025-05-05 19:58:00,F,30~39,office,seoul,0,0,0,0,16,0,0,65,0,0,completed
38043,U8046,2025-12-02 17:11:00,2025-12-02 17:13:00,F,20~29,office,seoul,0,0,0,0,18,0,0,39,0,0,completed
38044,U8047,2025-06-16 12:01:00,2025-06-16 12:05:00,F,30~39,office,seoul,0,0,0,0,23,0,0,54,0,0,completed
38045,U8048,2025-02-07 09:09:00,2025-02-07 09:12:00,M,20~29,office,seoul,0,0,0,0,10,0,0,56,0,0,completed
38046,U8049,2025-06-27 08:53:00,2025-06-27 08:56:00,F,50+,office,seoul,0,0,0,0,20,0,0,76,1,0,error
38047,U8050,2025-06-13 16:19:00,2025-06-13 16:26:00,F,40~49,office,seoul,0,0,0,0,27,0,0,50,0,0,completed
38048,U8051,2025-12-08 15:09:00,2025-12-08 15:15:00,F,20~29,office,seoul,0,0,0,0,25,0,0,76,0,0,completed
38049,U8052,2025-02-12 13:07:00,2025-02-12 13:13:00,F,20~29,office,seoul,0,0,0,0,25,0,0,37,0,0,completed
38050,U8053,2025-06-13 12:57:00,2025-06-13 13:04:00,F,30~39,office,seoul,0,0,0,0,7,0,0,32,0,0,completed
38051,U8054,2025-12-23 11:49:00,2025-12-23 11:53:00,F,20~29,office,seoul,0,0,0,0,12,0,0,19,0,0,completed
38052,U8055,2025-10-07 16:40:00,2025-10-07 16:46:00,M,30~39,office,seoul,0,0,0,0,7,0,0,39,0,0,completed
38053,U8056,2025-12-17 21:37:00,2025-12-17 21:39:00,F,30~39,office,seoul,0,0,0,0,18,0,0,41,0,0,completed
38054,U8057,2025-09-06 07:11:00,2025-09-06 07:14:00,F,30~39,office,seoul,1,0,0,0,0,0,0,47,0,0,completed
38055,U8058,2025-10-02 09:43:00,2025-10-02 09:50:00,M,20~29,office,seoul,0,0,0,0,24,0,0,56,0,0,completed
38056,U8059,2025-11-03 09:01:00,2025-11-03 09:03:00,F,40~49,office,seoul,0,0,0,0,2,0,0,62,0,0,completed
38057,U8060,2025-06-30 13:08:00,2025-06-30 13:15:00,M,20~29,office,seoul,0,0,0,0,13,0,0,69,0,0,completed
38058,U8061,2025-12-05 22:22:00,2025-12-05 22:28:00,M,20~29,office,seoul,0,0,0,0,19,0,0,66,0,0,completed
38059,U8062,2025-06-01 15:45:00,2025-06-01 15:51:00,M,50+,office,seoul,1,0,0,0,13,0,0,55,0,0,completed
38060,U8063,2025-10-26 19:25:00,2025-10-26 19:32:00,F,30~39,office,seoul,1,0,0,0,6,0,0,39,0,0,timeout
38061,U8064,2025-06-02 17:43:00,2025-06-02 17:46:00,M,20~29,office,seoul,0,0,0,0,19,0,0,12,0,0,completed
38062,U8065,2025-03-19 20:49:00,2025-03-19 20:52:00,F,30~39,office,seoul,0,0,0,0,3,0,0,54,0,0,completed
38063,U8066,2025-04-25 19:21:00,2025-04-25 19:25:00,F,40~49,office,seoul,0,0,0,0,0,0,0,77,0,0,completed
38064,U8067,2025-12-19 17:26:00,2025-12-19 17:32:00,F,20~29,office,seoul,0,0,0,0,27,0,0,46,0,0,timeout
38065,U8068,2025-08-02 11:41:00,2025-08-02 11:48:00,M,30~39,office,seoul,1,0,0,0,7,0,0,50,0,0,completed
38066,U8069,2025-10-23 12:41:00,2025-10-23 12:43:00,F,30~39,office,seoul,0,0,0,0,8,0,0,63,0,0,completed
38067,U8070,2025-11-07 09:52:00,2025-11-07 09:54:00,M,20~29,office,seoul,0,0,0,0,13,0,0,48,0,0,completed
38068,U8071,2025-08-14 07:14:00,2025-08-14 07:20:00,M,20~29,office,seoul,0,0,0,0,19,0,0,64,0,0,completed
38069,U8072,2025-12-12 16:34:00,2025-12-12 16:38:00,M,50+,office,seoul,0,0,0,0,15,0,0,61,0,0,completed
38070,U8073,2025-11-02 18:54:00,2025-11-02 18:57:00,M,20~29,office,seoul,1,0,0,0,20,0,0,72,0,0,completed
38071,U8074,2025-05-20 18:22:00,2025-05-20 18:28:00,F,30~39,office,seoul,0,0,0,0,8,0,0,48,0,0,error
38072,U8075,2025-05-02 07:52:00,2025-05-02 07:56:00,M,40~49,office,seoul,0,0,0,0,12,0,0,34,0,0,completed
38073,U8076,2025-02-05 16:25:00,2025-02-05 16:30:00,F,40~49,office,seoul,0,0,0,0,6,0,0,44,0,0,completed
38074,U8077,2025-10-15 12:57:00,2025-10-15 13:01:00,M,20~29,office,seoul,0,0,0,0,23,0,0,21,0,0,timeout
38075,U8078,2025-06-13 22:40:00,2025-06-13 22:43:00,F,50+,office,seoul,0,0,0,0,13,0,0,51,0,0,completed
38076,U8079,2025-03-23 14:27:00,2025-03-23 14:29:00,F,30~39,office,seoul,1,0,0,0,13,0,0,50,0,0,completed
38077,U8080,2025-07-01 22:51:00,2025-07-01 22:55:00,F,30~39,office,seoul,0,0,0,0,4,0,0,19,0,0,completed
38078,U8081,2025-01-03 12:19:00,2025-01-03 12:24:00,M,30~39,office,seoul,0,0,0,0,17,0,0,16,0,0,completed
38079,U8082,2025-04-29 13:36:00,2025-04-29 13:38:00,M,40~49,office,seoul,0,0,0,0,27,0,0,52,1,0,completed
38080,U8083,2025-05-07 19:35:00,2025-05-07 19:37:00,F,50+,office,seoul,0,0,0,0,10,0,0,28,0,0,completed
38081,U8084,2025-09-04 09:53:00,2025-09-04 09:58:00,F,20~29,office,seoul,0,0,0,0,15,0,0,34,0,0,completed
38082,U8085,2025-01-22 16:40:00,2025-01-22 16:46:00,F,30~39,office,seoul,0,0,0,0,5,0,0,63,0,0,completed
38083,U8086,2025-06-19 15:09:00,2025-06-19 15:14:00,F,50+,office,seoul,0,0,0,0,10,0,0,58,0,0,completed
38084,U8087,2025-07-27 11:15:00,2025-07-27 11:19:00,M,40~49,office,seoul,1,0,0,0,27,0,0,37,0,0,completed
38085,U8088,2025-03-13 14:02:00,2025-03-13 14:08:00,M,50+,office,seoul,0,0,0,0,29,0,0,15,0,0,completed
38086,U8089,2025-08-27 13:10:00,2025-08-27 13:12:00,M,30~39,office,seoul,0,0,0,0,24,0,0,24,0,0,completed
38087,U8090,2025-03-06 08:07:00,2025-03-06 08:13:00,F,30~39,office,seoul,0,0,0,0,16,0,0,29,0,0,completed
38088,U8091,2025-11-23 08:38:00,2025-11-23 08:40:00,M,40~49,office,seoul,1,0,0,0,23,0,0,73,0,0,completed
38089,U8092,2025-12-09 17:08:00,2025-12-09 17:13:00,F,50+,office,seoul,0,0,0,0,27,0,0,13,0,0,completed
38090,U8093,2025-11-06 15:52:00,2025-11-06 15:56:00,F,20~29,office,seoul,0,0,0,0,15,0,0,65,0,0,completed
38091,U8094,2025-04-24 16:39:00,2025-04-24 16:44:00,M,30~39,office,seoul,0,0,0,0,12,0,0,22,0,0,completed
38092,U8095,2025-08-09 16:25:00,2025-08-09 16:32:00,M,30~39,office,seoul,1,0,0,0,8,0,0,18,0,0,completed
38093,U8096,2025-12-08 21:35:00,2025-12-08 21:42:00,F,40~49,office,seoul,0,0,0,0,1,0,0,70,0,0,completed
38094,U8097,2025-07-07 16:20:00,2025-07-07 16:27:00,F,30~39,office,seoul,0,0,0,0,29,0,0,68,0,0,completed
38095,U8098,2025-04-13 07:12:00,2025-04-13 07:18:00,F,20~29,office,seoul,1,0,0,0,0,0,0,51,0,0,completed
38096,U8099,2025-01-29 13:55:00,2025-01-29 13:59:00,F,20~29,office,seoul,0,0,0,0,14,0,0,75,0,0,completed
38097,U8100,2025-08-12 14:39:00,2025-08-12 14:46:00,M,40~49,office,seoul,0,0,0,0,7,0,0,26,0,0,completed
38098,U8101,2025-07-07 07:07:00,2025-07-07 07:11:00,F,40~49,office,seoul,0,0,0,0,21,0,0,70,0,0,completed
38099,U8102,2025-03-15 15:16:00,2025-03-15 15:22:00,F,30~39,office,seoul,1,0,0,0,10,0,0,43,0,0,completed
38100,U8103,2025-10-16 17:48:00,2025-10-16 17:55:00,F,30~39,office,seoul,0,0,0,0,10,0,0,71,0,0,completed
38101,U8104,2025-03-15 15:53:00,2025-03-15 15:56:00,F,20~29,office,seoul,1,0,0,0,16,0,0,24,0,0,abandoned
38102,U8105,2025-10-23 16:43:00,2025-10-23 16:47:00,F,30~39,office,seoul,0,0,0,0,25,0,0,14,0,0,completed
38103,U8106,2025-01-12 14:05:00,2025-01-12 14:12:00,M,30~39,office,seoul,1,0,0,0,12,0,0,37,0,0,completed
38104,U8107,2025-11-03 19:38:00,2025-11-03 19:43:00,F,30~39,office,seoul,0,0,0,0,9,0,0,47,0,0,completed
38105,U8108,2025-06-17 13:19:00,2025-06-17 13:22:00,M,30~39,office,seoul,0,0,0,0,9,0,0,25,0,0,completed
38106,U8109,2025-05-21 15:58:00,2025-05-21 16:02:00,F,40~49,office,seoul,0,0,0,0,28,0,0,46,0,0,completed
38107,U8110,2025-02-12 16:34:00,2025-02-12 16:39:00,F,40~49,office,seoul,0,0,0,0,27,0,0,13,0,0,completed
38108,U8111,2025-01-31 19:32:00,2025-01-31 19:38:00,F,20~29,office,seoul,0,0,0,0,24,0,0,57,0,0,completed
38109,U8112,2025-01-16 12:10:00,2025-01-16 12:17:00,F,50+,office,seoul,0,0,0,0,14,0,0,26,0,0,error
38110,U8113,2025-01-30 09:44:00,2025-01-30 09:46:00,M,30~39,office,seoul,0,0,0,0,4,0,0,27,0,0,completed
38111,U8114,2025-08-28 19:31:00,2025-08-28 19:36:00,M,20~29,office,seoul,0,0,0,0,23,0,0,34,0,0,abandoned
38112,U8115,2025-12-11 14:57:00,2025-12-11 15:02:00,M,30~39,office,seoul,0,0,0,0,8,0,0,59,0,0,completed
38113,U8116,2025-10-05 22:26:00,2025-10-05 22:30:00,F,30~39,office,seoul,1,0,0,0,28,0,0,18,0,0,completed
38114,U8117,2025-09-22 18:43:00,2025-09-22 18:48:00,F,20~29,office,seoul,0,0,0,0,8,0,0,51,0,0,completed
38115,U8118,2025-02-25 08:31:00,2025-02-25 08:36:00,F,30~39,office,seoul,0,0,0,0,3,0,0,67,0,0,completed
38116,U8119,2025-07-06 13:29:00,2025-07-06 13:31:00,M,50+,office,seoul,1,0,0,0,4,0,0,31,0,0,abandoned
38117,U8120,2025-01-03 19:19:00,2025-01-03 19:25:00,M,40~49,office,seoul,0,0,0,0,6,0,0,69,0,0,completed
38118,U8121,2025-06-18 07:55:00,2025-06-18 08:00:00,F,40~49,office,seoul,0,0,0,0,3,0,0,11,0,0,abandoned
38119,U8122,2025-12-30 09:11:00,2025-12-30 09:18:00,F,20~29,office,seoul,0,0,0,0,17,0,0,29,0,0,completed
38120,U8123,2025-07-17 17:41:00,2025-07-17 17:43:00,M,20~29,office,seoul,0,0,0,0,7,0,0,73,0,0,completed
38121,U8124,2025-02-17 22:23:00,2025-02-17 22:29:00,F,40~49,office,seoul,0,0,0,0,6,0,0,56,0,0,completed
38122,U8125,2025-06-17 11:17:00,2025-06-17 11:20:00,F,30~39,office,seoul,0,0,0,0,6,0,0,71,0,0,completed
38123,U8126,2025-11-03 16:47:00,2025-11-03 16:53:00,M,30~39,office,seoul,0,0,0,0,27,0,0,17,0,0,timeout
38124,U8127,2025-04-23 16:58:00,2025-04-23 17:02:00,F,20~29,office,seoul,0,0,0,0,7,0,0,25,0,0,completed
38125,U8128,2025-07-17 08:50:00,2025-07-17 08:52:00,M,30~39,office,seoul,0,0,0,0,19,0,0,64,0,0,error
38126,U8129,2025-02-23 08:58:00,2025-02-23 09:00:00,M,50+,office,seoul,1,0,0,0,9,0,0,21,0,0,completed
38127,U8130,2025-10-25 20:54:00,2025-10-25 20:59:00,F,50+,office,seoul,1,0,0,0,17,0,0,61,0,0,abandoned
38128,U8131,2025-08-19 13:49:00,2025-08-19 13:53:00,M,30~39,office,seoul,0,0,0,0,28,0,0,61,0,0,completed
38129,U8132,2025-08-17 13:52:00,2025-08-17 13:56:00,M,20~29,office,seoul,1,0,0,0,24,0,0,69,0,0,abandoned
38130,U8133,2025-08-18 09:42:00,2025-08-18 09:45:00,F,20~29,office,seoul,0,0,0,0,11,0,0,73,0,0,completed
38131,U8134,2025-10-07 13:06:00,2025-10-07 13:08:00,M,30~39,office,seoul,0,0,0,0,27,0,0,44,0,0,completed
38132,U8135,2025-10-15 09:24:00,2025-10-15 09:31:00,F,20~29,office,seoul,0,0,0,0,9,0,0,76,0,0,completed
38133,U8136,2025-06-30 12:31:00,2025-06-30 12:38:00,M,50+,office,seoul,0,0,0,0,19,0,0,17,0,0,completed
38134,U8137,2025-11-09 09:40:00,2025-11-09 09:42:00,M,40~49,office,seoul,1,0,0,0,28,0,0,42,0,0,completed
38135,U8138,2025-08-07 20:44:00,2025-08-07 20:51:00,F,40~49,office,seoul,0,0,0,0,1,0,0,10,0,0,abandoned
38136,U8139,2025-11-07 20:40:00,2025-11-07 20:44:00,M,20~29,office,seoul,0,0,0,0,22,0,0,76,0,0,completed
38137,U8140,2025-02-01 15:32:00,2025-02-01 15:35:00,F,50+,office,seoul,1,0,0,0,21,0,0,76,0,0,error
38138,U8141,2025-07-09 20:24:00,2025-07-09 20:30:00,F,50+,office,seoul,0,0,0,0,26,0,0,10,0,0,completed
38139,U8142,2025-08-07 20:53:00,2025-08-07 20:59:00,F,40~49,office,seoul,0,0,0,0,18,0,0,36,0,0,completed
38140,U8143,2025-11-20 17:49:00,2025-11-20 17:53:00,F,30~39,office,seoul,0,0,0,0,24,0,0,56,0,0,completed
38141,U8144,2025-05-03 16:40:00,2025-05-03 16:46:00,M,20~29,office,seoul,1,0,0,0,9,0,0,65,0,0,completed
38142,U8145,2025-01-19 14:28:00,2025-01-19 14:35:00,M,20~29,office,seoul,1,0,0,0,29,0,0,27,0,0,timeout
38143,U8146,2025-03-03 19:47:00,2025-03-03 19:51:00,F,50+,office,seoul,0,0,0,0,21,0,0,26,0,0,completed
38144,U8147,2025-03-07 08:32:00,2025-03-07 08:37:00,F,40~49,office,seoul,0,0,0,0,8,0,0,73,0,0,completed
38145,U8148,2025-10-13 11:03:00,2025-10-13 11:06:00,M,30~39,office,seoul,0,0,0,0,5,0,0,30,0,0,completed
38146,U8149,2025-08-26 17:29:00,2025-08-26 17:34:00,F,20~29,office,seoul,0,0,0,0,24,0,0,68,0,0,completed
38147,U8150,2025-04-07 15:22:00,2025-04-07 15:26:00,M,20~29,office,seoul,0,0,0,0,28,0,0,26,0,0,completed
38148,U8151,2025-08-17 09:15:00,2025-08-17 09:17:00,F,30~39,office,seoul,1,0,0,0,13,0,0,14,0,0,completed
38149,U8152,2025-05-06 14:38:00,2025-05-06 14:45:00,M,30~39,office,seoul,0,0,0,0,11,0,0,48,0,0,completed
38150,U8153,2025-02-17 12:19:00,2025-02-17 12:22:00,F,30~39,office,seoul,0,0,0,0,2,0,0,66,0,0,completed
38151,U8154,2025-06-18 14:30:00,2025-06-18 14:32:00,F,50+,office,seoul,0,0,0,0,11,0,0,72,0,0,completed
38152,U8155,2025-01-23 16:59:00,2025-01-23 17:01:00,F,20~29,office,seoul,0,0,0,0,2,0,0,73,0,0,completed
38153,U8156,2025-06-18 08:57:00,2025-06-18 09:03:00,M,50+,office,seoul,0,0,0,0,7,0,0,63,0,0,completed
38154,U8157,2025-07-05 16:27:00,2025-07-05 16:31:00,M,20~29,office,seoul,1,0,0,0,9,0,0,54,0,1,completed
38155,U8158,2025-04-27 08:00:00,2025-04-27 08:02:00,F,30~39,office,seoul,1,0,0,0,29,0,0,41,0,0,completed
38156,U8159,2025-12-11 11:10:00,2025-12-11 11:17:00,F,40~49,office,seoul,0,0,0,0,13,0,0,20,0,0,completed
38157,U8160,2025-03-15 12:51:00,2025-03-15 12:54:00,M,30~39,office,seoul,1,0,0,0,25,0,0,20,0,0,completed
38158,U8161,2025-01-23 16:29:00,2025-01-23 16:35:00,M,40~49,office,seoul,0,0,0,0,7,0,0,26,1,0,completed
38159,U8162,2025-04-08 18:13:00,2025-04-08 18:15:00,F,20~29,office,seoul,0,0,0,0,27,0,0,65,0,0,completed
38160,U8163,2025-07-03 19:45:00,2025-07-03 19:48:00,F,20~29,office,seoul,0,0,0,0,3,0,0,10,0,0,completed
38161,U8164,2025-08-17 15:07:00,2025-08-17 15:10:00,M,20~29,office,seoul,1,0,0,0,13,0,0,69,0,0,completed
38162,U8165,2025-06-26 18:39:00,2025-06-26 18:41:00,M,30~39,office,seoul,0,0,0,0,1,0,0,53,0,0,completed
38163,U8166,2025-01-14 14:58:00,2025-01-14 15:03:00,M,20~29,office,seoul,0,0,0,0,1,0,0,69,0,0,completed
38164,U8167,2025-09-14 13:41:00,2025-09-14 13:48:00,M,40~49,office,seoul,1,0,0,0,22,0,0,40,0,0,completed
38165,U8168,2025-08-28 13:12:00,2025-08-28 13:14:00,F,20~29,office,seoul,0,0,0,0,28,0,0,42,0,0,completed
38166,U8169,2025-11-24 15:48:00,2025-11-24 15:50:00,M,20~29,office,seoul,0,0,0,0,1,0,0,18,1,0,completed
38167,U8170,2025-08-12 14:27:00,2025-08-12 14:34:00,F,40~49,office,seoul,0,0,0,0,26,0,0,57,0,0,completed
38168,U8171,2025-11-17 13:14:00,2025-11-17 13:21:00,F,40~49,office,seoul,0,0,0,0,14,0,0,73,0,0,completed
38169,U8172,2025-04-25 16:41:00,2025-04-25 16:45:00,M,30~39,office,seoul,0,0,0,0,25,0,0,22,0,0,completed
38170,U8173,2025-10-08 18:31:00,2025-10-08 18:33:00,F,30~39,office,seoul,0,0,0,0,17,0,0,37,0,0,completed
38171,U8174,2025-04-01 07:13:00,2025-04-01 07:15:00,M,30~39,office,seoul,0,0,0,0,21,0,0,43,0,0,completed
38172,U8175,2025-06-16 12:00:00,2025-06-16 12:03:00,F,20~29,office,seoul,0,0,0,0,21,0,0,66,0,0,abandoned
38173,U8176,2025-10-01 09:07:00,2025-10-01 09:14:00,F,20~29,office,seoul,0,0,0,0,14,0,0,38,0,0,completed
38174,U8177,2025-12-09 15:11:00,2025-12-09 15:17:00,F,50+,office,seoul,0,0,0,0,8,0,0,23,0,0,completed
38175,U8178,2025-06-19 13:41:00,2025-06-19 13:44:00,F,20~29,office,seoul,0,0,0,0,27,0,0,66,0,0,completed
38176,U8179,2025-01-08 12:08:00,2025-01-08 12:11:00,M,40~49,office,seoul,0,0,0,0,22,0,0,39,0,0,completed
38177,U8180,2025-09-14 14:20:00,2025-09-14 14:24:00,F,30~39,office,seoul,1,0,0,0,20,0,0,78,0,0,completed
38178,U8181,2025-06-15 12:08:00,2025-06-15 12:15:00,M,30~39,office,seoul,1,0,0,0,6,0,0,21,0,0,completed
38179,U8182,2025-02-07 07:49:00,2025-02-07 07:52:00,F,30~39,office,seoul,0,0,0,0,16,0,0,15,0,0,abandoned
38180,U8183,2025-01-25 22:33:00,2025-01-25 22:39:00,F,40~49,office,seoul,1,0,0,0,15,0,0,55,0,0,completed
38181,U8184,2025-11-24 15:52:00,2025-11-24 15:58:00,M,20~29,office,seoul,0,0,0,0,3,0,0,43,0,0,completed
38182,U8185,2025-05-25 11:10:00,2025-05-25 11:12:00,F,30~39,office,seoul,1,0,0,0,0,0,0,31,0,0,completed
38183,U8186,2025-09-06 20:22:00,2025-09-06 20:28:00,F,30~39,office,seoul,1,0,0,0,20,0,0,13,0,0,completed
38184,U8187,2025-12-30 09:56:00,2025-12-30 09:58:00,F,30~39,office,seoul,0,0,0,0,18,0,0,21,0,0,completed
38185,U8188,2025-04-23 15:56:00,2025-04-23 16:00:00,F,30~39,office,seoul,0,0,0,0,7,0,0,79,0,0,completed
38186,U8189,2025-10-13 18:29:00,2025-10-13 18:35:00,F,40~49,office,seoul,0,0,0,0,18,0,0,17,0,0,completed
38187,U8190,2025-09-21 19:06:00,2025-09-21 19:12:00,M,40~49,office,seoul,1,0,0,0,29,0,0,66,0,0,timeout
38188,U8191,2025-11-03 12:06:00,2025-11-03 12:13:00,M,30~39,office,seoul,0,0,0,0,12,0,0,25,0,0,completed
38189,U8192,2025-02-19 16:18:00,2025-02-19 16:23:00,F,30~39,office,seoul,0,0,0,0,26,0,0,52,0,0,abandoned
38190,U8193,2025-11-19 17:20:00,2025-11-19 17:26:00,F,30~39,office,seoul,0,0,0,0,3,0,0,17,0,0,timeout
38191,U8194,2025-05-29 15:11:00,2025-05-29 15:14:00,F,30~39,office,seoul,0,0,0,0,15,0,0,44,1,0,completed
38192,U8195,2025-03-18 08:31:00,2025-03-18 08:36:00,M,30~39,office,seoul,0,0,0,0,2,0,0,34,0,0,completed
38193,U8196,2025-01-28 17:44:00,2025-01-28 17:49:00,M,20~29,office,seoul,0,0,0,0,11,0,0,67,0,0,completed
38194,U8197,2025-03-02 08:58:00,2025-03-02 09:00:00,M,50+,office,seoul,1,0,0,0,18,0,0,36,0,0,completed
38195,U8198,2025-11-08 17:01:00,2025-11-08 17:08:00,M,30~39,office,seoul,1,0,0,0,18,0,0,29,0,0,completed
38196,U8199,2025-06-19 09:44:00,2025-06-19 09:46:00,F,50+,office,seoul,0,0,0,0,22,0,0,73,0,0,completed
38197,U8200,2025-01-15 12:19:00,2025-01-15 12:23:00,F,20~29,office,seoul,0,0,0,0,19,0,0,37,0,0,completed
38198,U8201,2025-05-23 19:31:00,2025-05-23 19:38:00,F,30~39,office,seoul,0,0,0,0,11,0,0,62,0,0,completed
38199,U8202,2025-04-20 16:07:00,2025-04-20 16:12:00,F,20~29,office,seoul,1,0,0,0,4,0,0,20,0,0,completed
38200,U8203,2025-05-26 08:33:00,2025-05-26 08:39:00,F,30~39,office,seoul,0,0,0,0,2,0,0,35,0,0,completed
38201,U8204,2025-03-13 15:13:00,2025-03-13 15:16:00,M,40~49,office,seoul,0,0,0,0,14,0,0,34,0,0,completed
38202,U8205,2025-08-30 16:22:00,2025-08-30 16:28:00,F,30~39,office,seoul,1,0,0,0,4,0,0,61,0,0,completed
38203,U8206,2025-11-07 18:46:00,2025-11-07 18:48:00,F,30~39,office,seoul,0,0,0,0,17,0,0,17,0,0,completed
38204,U8207,2025-12-06 12:31:00,2025-12-06 12:36:00,F,20~29,office,seoul,1,0,0,0,28,0,0,69,0,0,completed
38205,U8208,2025-07-24 16:04:00,2025-07-24 16:11:00,M,30~39,office,seoul,0,0,0,0,3,0,0,10,0,0,completed
38206,U8209,2025-05-23 09:11:00,2025-05-23 09:13:00,F,30~39,office,seoul,0,0,0,0,15,0,0,12,0,0,abandoned
38207,U8210,2025-01-18 09:13:00,2025-01-18 09:16:00,M,40~49,office,seoul,1,0,0,0,17,0,0,62,0,0,completed
38208,U8211,2025-09-23 14:35:00,2025-09-23 14:40:00,M,30~39,office,seoul,0,0,0,0,3,0,0,41,0,0,timeout
38209,U8212,2025-04-02 18:40:00,2025-04-02 18:47:00,F,30~39,office,seoul,0,0,0,0,4,0,0,64,0,0,completed
38210,U8213,2025-05-16 17:38:00,2025-05-16 17:43:00,F,20~29,office,seoul,0,0,0,0,20,0,0,68,0,0,abandoned
38211,U8214,2025-03-16 14:17:00,2025-03-16 14:19:00,M,40~49,office,seoul,1,0,0,0,0,0,0,19,0,0,completed
38212,U8215,2025-08-10 14:36:00,2025-08-10 14:40:00,M,30~39,office,seoul,1,0,0,0,16,0,0,54,0,0,timeout
38213,U8216,2025-10-04 15:06:00,2025-10-04 15:08:00,F,20~29,office,seoul,1,0,0,0,7,0,0,50,0,0,completed
38214,U8217,2025-07-03 19:55:00,2025-07-03 19:57:00,F,30~39,office,seoul,0,0,0,0,28,0,0,19,0,0,completed
38215,U8218,2025-08-27 11:49:00,2025-08-27 11:51:00,F,40~49,office,seoul,0,0,0,0,0,0,0,19,0,0,completed
38216,U8219,2025-10-09 08:30:00,2025-10-09 08:33:00,F,30~39,office,seoul,0,0,0,0,10,0,0,19,0,0,completed
38217,U8220,2025-08-11 20:11:00,2025-08-11 20:13:00,F,50+,office,seoul,0,0,0,0,22,0,0,41,0,0,completed
38218,U8221,2025-12-03 08:43:00,2025-12-03 08:48:00,F,30~39,office,seoul,0,0,0,0,9,0,0,15,0,0,completed
38219,U8222,2025-08-08 09:29:00,2025-08-08 09:33:00,F,40~49,office,seoul,0,0,0,0,2,0,0,51,1,1,completed
38220,U8223,2025-11-24 20:16:00,2025-11-24 20:22:00,M,20~29,office,seoul,0,0,0,0,16,0,0,79,0,0,completed
38221,U8224,2025-04-27 18:10:00,2025-04-27 18:12:00,F,20~29,office,seoul,1,0,0,0,5,0,0,15,0,0,completed
38222,U8225,2025-01-27 12:14:00,2025-01-27 12:21:00,F,50+,office,seoul,0,0,0,0,27,0,0,74,0,0,completed
38223,U8226,2025-08-06 16:04:00,2025-08-06 16:08:00,F,30~39,office,seoul,0,0,0,0,18,0,0,78,0,0,completed
38224,U8227,2025-06-30 12:23:00,2025-06-30 12:26:00,M,20~29,office,seoul,0,0,0,0,27,0,0,52,0,0,completed
38225,U8228,2025-02-04 07:45:00,2025-02-04 07:52:00,M,30~39,office,seoul,0,0,0,0,25,0,0,73,1,0,completed
38226,U8229,2025-02-25 17:08:00,2025-02-25 17:14:00,M,20~29,office,seoul,0,0,0,0,11,0,0,38,0,0,completed
38227,U8230,2025-09-09 11:44:00,2025-09-09 11:46:00,M,20~29,office,seoul,0,0,0,0,22,0,0,31,0,1,completed
38228,U8231,2025-06-07 15:14:00,2025-06-07 15:16:00,F,20~29,office,seoul,1,0,0,0,10,0,0,56,0,0,completed
38229,U8232,2025-02-26 09:07:00,2025-02-26 09:13:00,F,20~29,office,seoul,0,0,0,0,6,0,0,66,0,0,completed
38230,U8233,2025-05-15 08:20:00,2025-05-15 08:22:00,F,20~29,office,seoul,0,0,0,0,6,0,0,30,0,0,completed
38231,U8234,2025-02-22 18:50:00,2025-02-22 18:53:00,F,40~49,office,seoul,1,0,0,0,3,0,0,63,0,0,completed
38232,U8235,2025-03-19 16:11:00,2025-03-19 16:17:00,F,30~39,office,seoul,0,0,0,0,11,0,0,63,0,0,completed
38233,U8236,2025-04-02 20:13:00,2025-04-02 20:18:00,F,30~39,office,seoul,0,0,0,0,6,0,0,54,0,0,completed
38234,U8237,2025-04-02 09:37:00,2025-04-02 09:44:00,F,50+,office,seoul,0,0,0,0,8,0,0,51,0,0,completed
38235,U8238,2025-03-18 14:27:00,2025-03-18 14:34:00,F,40~49,office,seoul,0,0,0,0,11,0,0,55,0,0,completed
38236,U8239,2025-08-14 07:37:00,2025-08-14 07:39:00,M,50+,office,seoul,0,0,0,0,1,0,0,14,0,0,completed
38237,U8240,2025-11-17 08:22:00,2025-11-17 08:25:00,M,40~49,office,seoul,0,0,0,0,4,0,0,62,0,0,completed
38238,U8241,2025-08-03 12:21:00,2025-08-03 12:25:00,F,30~39,office,seoul,1,0,0,0,17,0,0,59,0,0,timeout
38239,U8242,2025-01-02 09:28:00,2025-01-02 09:35:00,F,30~39,office,seoul,0,0,0,0,18,0,0,37,0,0,abandoned
38240,U8243,2025-11-21 11:59:00,2025-11-21 12:03:00,M,30~39,office,seoul,0,0,0,0,2,0,0,78,0,0,completed
38241,U8244,2025-11-04 13:10:00,2025-11-04 13:14:00,M,50+,office,seoul,0,0,0,0,23,0,0,11,1,0,completed
38242,U8245,2025-10-11 14:42:00,2025-10-11 14:44:00,M,40~49,office,seoul,1,0,0,0,5,0,0,59,0,0,abandoned
38243,U8246,2025-04-20 13:57:00,2025-04-20 13:59:00,M,40~49,office,seoul,1,0,0,0,7,0,0,64,0,0,completed
38244,U8247,2025-12-31 14:06:00,2025-12-31 14:08:00,M,40~49,office,seoul,0,0,0,0,2,0,0,72,0,0,abandoned
38245,U8248,2025-02-18 14:04:00,2025-02-18 14:10:00,F,40~49,office,seoul,0,0,0,0,28,0,0,41,0,0,completed
38246,U8249,2025-12-19 13:53:00,2025-12-19 13:57:00,M,20~29,office,seoul,0,0,0,0,19,0,0,24,0,0,completed
38247,U8250,2025-06-16 19:33:00,2025-06-16 19:40:00,F,40~49,office,seoul,0,0,0,0,28,0,0,48,0,0,completed
38248,U8251,2025-05-28 14:35:00,2025-05-28 14:37:00,M,50+,office,seoul,0,0,0,0,28,0,0,32,0,0,completed
38249,U8252,2025-06-04 15:49:00,2025-06-04 15:56:00,F,40~49,office,seoul,0,0,0,0,18,0,0,15,0,0,completed
38250,U8253,2025-03-11 11:26:00,2025-03-11 11:32:00,M,50+,office,seoul,0,0,0,0,19,0,0,75,1,0,error
38251,U8254,2025-12-23 09:04:00,2025-12-23 09:08:00,F,20~29,office,seoul,0,0,0,0,0,0,0,47,0,0,completed
38252,U8255,2025-09-23 19:10:00,2025-09-23 19:17:00,F,20~29,office,seoul,0,0,0,0,6,0,0,68,0,0,completed
38253,U8256,2025-06-15 09:33:00,2025-06-15 09:38:00,F,20~29,office,seoul,1,0,0,0,21,0,0,25,0,0,abandoned
38254,U8257,2025-08-07 11:19:00,2025-08-07 11:26:00,F,20~29,office,seoul,0,0,0,0,15,0,0,74,0,1,completed
38255,U8258,2025-08-18 12:31:00,2025-08-18 12:33:00,M,40~49,office,seoul,0,0,0,0,13,0,0,19,0,0,completed
38256,U8259,2025-09-10 13:41:00,2025-09-10 13:47:00,M,30~39,office,seoul,0,0,0,0,15,0,0,16,0,0,completed
38257,U8260,2025-09-10 19:15:00,2025-09-10 19:20:00,M,20~29,office,seoul,0,0,0,0,13,0,0,23,0,0,completed
38258,U8261,2025-07-02 08:01:00,2025-07-02 08:03:00,F,40~49,office,seoul,0,0,0,0,29,0,0,52,0,0,completed
38259,U8262,2025-12-25 18:20:00,2025-12-25 18:24:00,F,40~49,office,seoul,0,0,0,0,29,0,0,12,0,0,completed
38260,U8263,2025-12-29 18:37:00,2025-12-29 18:42:00,M,20~29,office,seoul,0,0,0,0,8,0,0,51,0,0,completed
38261,U8264,2025-03-19 09:12:00,2025-03-19 09:17:00,F,20~29,office,seoul,0,0,0,0,16,0,0,31,0,0,completed
38262,U8265,2025-06-29 12:47:00,2025-06-29 12:52:00,F,30~39,office,seoul,1,0,0,0,8,0,0,26,0,0,completed
38263,U8266,2025-05-25 13:52:00,2025-05-25 13:54:00,M,30~39,office,seoul,1,0,0,0,27,0,0,10,0,0,completed
38264,U8267,2025-01-10 20:13:00,2025-01-10 20:15:00,M,50+,office,seoul,0,0,0,0,19,0,0,67,0,0,completed
38265,U8268,2025-11-23 07:38:00,2025-11-23 07:41:00,F,40~49,office,seoul,1,0,0,0,5,0,0,35,0,0,completed
38266,U8269,2025-01-02 20:28:00,2025-01-02 20:32:00,F,40~49,office,seoul,0,0,0,0,25,0,0,14,0,0,completed
38267,U8270,2025-01-24 17:24:00,2025-01-24 17:30:00,M,20~29,office,seoul,0,0,0,0,26,0,0,51,0,0,completed
38268,U8271,2025-08-21 16:17:00,2025-08-21 16:21:00,F,30~39,office,seoul,0,0,0,0,22,0,0,11,0,0,completed
38269,U8272,2025-11-18 15:35:00,2025-11-18 15:42:00,F,50+,office,seoul,0,0,0,0,6,0,0,18,0,0,completed
38270,U8273,2025-10-09 11:47:00,2025-10-09 11:54:00,M,50+,office,seoul,0,0,0,0,25,0,0,58,0,0,completed
38271,U8274,2025-02-18 19:33:00,2025-02-18 19:36:00,F,20~29,office,seoul,0,0,0,0,0,0,0,35,0,0,completed
38272,U8275,2025-09-01 19:36:00,2025-09-01 19:41:00,F,30~39,office,seoul,0,0,0,0,13,0,0,15,0,0,completed
38273,U8276,2025-06-08 18:21:00,2025-06-08 18:25:00,M,20~29,office,seoul,1,0,0,0,12,0,0,77,0,0,completed
38274,U8277,2025-07-21 07:57:00,2025-07-21 08:00:00,M,50+,office,seoul,0,0,0,0,11,0,0,76,0,0,completed
38275,U8278,2025-05-10 18:19:00,2025-05-10 18:22:00,F,20~29,office,seoul,1,0,0,0,21,0,0,21,0,0,completed
38276,U8279,2025-06-12 15:01:00,2025-06-12 15:06:00,F,50+,office,seoul,0,0,0,0,12,0,0,49,0,0,completed
38277,U8280,2025-12-05 16:16:00,2025-12-05 16:21:00,F,40~49,office,seoul,0,0,0,0,27,0,0,66,0,0,completed
38278,U8281,2025-10-03 16:02:00,2025-10-03 16:07:00,M,40~49,office,seoul,0,0,0,0,23,0,0,14,0,0,completed
38279,U8282,2025-02-02 08:31:00,2025-02-02 08:35:00,F,40~49,office,seoul,1,0,0,0,13,0,0,65,0,0,completed
38280,U8283,2025-05-08 08:46:00,2025-05-08 08:49:00,M,40~49,office,seoul,0,0,0,0,3,0,0,49,0,0,timeout
38281,U8284,2025-01-03 15:30:00,2025-01-03 15:33:00,M,40~49,office,seoul,0,0,0,0,24,0,0,18,0,0,completed
38282,U8285,2025-03-30 19:05:00,2025-03-30 19:08:00,M,30~39,office,seoul,1,0,0,0,13,0,0,67,0,0,completed
38283,U8286,2025-11-25 11:41:00,2025-11-25 11:46:00,M,50+,office,seoul,0,0,0,0,10,0,0,14,0,0,error
38284,U8287,2025-07-04 13:49:00,2025-07-04 13:53:00,M,40~49,office,seoul,0,0,0,0,23,0,0,12,0,0,completed
38285,U8288,2025-06-28 14:08:00,2025-06-28 14:14:00,F,20~29,office,seoul,1,0,0,0,4,0,0,18,0,0,completed
38286,U8289,2025-06-26 07:25:00,2025-06-26 07:31:00,M,30~39,office,seoul,0,0,0,0,2,0,0,45,0,0,completed
38287,U8290,2025-07-31 13:47:00,2025-07-31 13:51:00,F,30~39,office,seoul,0,0,0,0,8,0,0,24,0,0,completed
38288,U8291,2025-05-03 17:55:00,2025-05-03 18:01:00,F,20~29,office,seoul,1,0,0,0,14,0,0,69,0,0,completed
38289,U8292,2025-12-05 13:10:00,2025-12-05 13:12:00,M,50+,office,seoul,0,0,0,0,23,0,0,43,0,1,completed
38290,U8293,2025-01-27 09:57:00,2025-01-27 10:03:00,F,40~49,office,seoul,0,0,0,0,8,0,0,76,0,0,completed
38291,U8294,2025-02-17 12:45:00,2025-02-17 12:50:00,M,30~39,office,seoul,0,0,0,0,26,0,0,15,0,0,completed
38292,U8295,2025-01-02 19:14:00,2025-01-02 19:16:00,F,20~29,office,seoul,0,0,0,0,26,0,0,70,0,0,completed
38293,U8296,2025-09-14 08:23:00,2025-09-14 08:26:00,F,30~39,office,seoul,1,0,0,0,13,0,0,75,0,0,completed
38294,U8297,2025-10-10 12:29:00,2025-10-10 12:31:00,F,20~29,office,seoul,0,0,0,0,20,0,0,30,0,0,completed
38295,U8298,2025-11-15 15:44:00,2025-11-15 15:48:00,M,40~49,office,seoul,1,0,0,0,13,0,0,70,0,0,completed
38296,U8299,2025-01-09 13:36:00,2025-01-09 13:40:00,F,30~39,office,seoul,0,0,0,0,19,0,0,28,0,0,completed
38297,U8300,2025-02-18 18:28:00,2025-02-18 18:34:00,M,20~29,office,seoul,0,0,0,0,3,0,0,43,0,0,completed
38298,U8301,2025-03-08 08:51:00,2025-03-08 08:53:00,M,30~39,office,seoul,1,0,0,0,18,0,0,16,0,0,completed
38299,U8302,2025-09-21 12:10:00,2025-09-21 12:12:00,F,20~29,office,seoul,1,0,0,0,4,0,0,73,0,0,completed
38300,U8303,2025-12-20 17:38:00,2025-12-20 17:45:00,M,20~29,office,seoul,1,0,0,0,12,0,0,18,0,0,completed
38301,U8304,2025-05-30 13:36:00,2025-05-30 13:41:00,M,20~29,office,seoul,0,0,0,0,14,0,0,27,0,0,completed
38302,U8305,2025-04-13 18:26:00,2025-04-13 18:32:00,F,20~29,office,seoul,1,0,0,0,14,0,0,22,0,0,completed
38303,U8306,2025-02-22 20:32:00,2025-02-22 20:36:00,F,20~29,office,seoul,1,0,0,0,2,0,0,64,0,0,error
38304,U8307,2025-10-20 11:27:00,2025-10-20 11:29:00,M,30~39,office,seoul,0,0,0,0,0,0,0,61,0,0,abandoned
38305,U8308,2025-01-04 13:50:00,2025-01-04 13:56:00,M,20~29,office,seoul,1,0,0,0,25,0,0,56,0,0,completed
38306,U8309,2025-05-01 18:54:00,2025-05-01 18:56:00,F,20~29,office,seoul,0,0,0,0,2,0,0,56,0,0,completed
38307,U8310,2025-11-27 21:10:00,2025-11-27 21:15:00,M,40~49,office,seoul,0,0,0,0,25,0,0,19,0,0,completed
38308,U8311,2025-04-10 21:47:00,2025-04-10 21:53:00,F,40~49,office,seoul,0,0,0,0,2,0,0,22,0,0,completed
38309,U8312,2025-08-18 16:45:00,2025-08-18 16:51:00,F,20~29,office,seoul,0,0,0,0,1,0,0,77,0,0,completed
38310,U8313,2025-07-21 15:36:00,2025-07-21 15:41:00,F,30~39,office,seoul,0,0,0,0,5,0,0,23,0,0,completed
38311,U8314,2025-05-18 19:44:00,2025-05-18 19:48:00,F,30~39,office,seoul,1,0,0,0,15,0,0,67,0,0,completed
38312,U8315,2025-01-16 15:53:00,2025-01-16 15:56:00,M,20~29,office,seoul,0,0,0,0,10,0,0,19,0,0,completed
38313,U8316,2025-04-17 19:23:00,2025-04-17 19:30:00,M,40~49,office,seoul,0,0,0,0,12,0,0,17,0,0,completed
38314,U8317,2025-07-10 19:06:00,2025-07-10 19:13:00,F,40~49,office,seoul,0,0,0,0,19,0,0,46,0,0,completed
38315,U8318,2025-03-24 12:09:00,2025-03-24 12:16:00,F,50+,office,seoul,0,0,0,0,3,0,0,45,0,0,completed
38316,U8319,2025-04-26 19:19:00,2025-04-26 19:26:00,F,20~29,office,seoul,1,0,0,0,11,0,0,57,0,0,completed
38317,U8320,2025-07-02 13:29:00,2025-07-02 13:36:00,M,30~39,office,seoul,0,0,0,0,5,0,0,68,0,0,abandoned
38318,U8321,2025-09-01 15:35:00,2025-09-01 15:41:00,M,40~49,office,seoul,0,0,0,0,16,0,0,65,0,0,completed
38319,U8322,2025-01-01 09:40:00,2025-01-01 09:44:00,M,50+,office,seoul,0,0,0,0,21,0,0,52,0,0,error
38320,U8323,2025-11-02 15:44:00,2025-11-02 15:49:00,F,20~29,office,seoul,1,0,0,0,4,0,0,62,0,0,completed
38321,U8324,2025-08-07 11:06:00,2025-08-07 11:13:00,M,30~39,office,seoul,0,0,0,0,14,0,0,52,0,0,timeout
38322,U8325,2025-07-22 13:34:00,2025-07-22 13:38:00,F,40~49,office,seoul,0,0,0,0,25,0,0,70,0,1,completed
38323,U8326,2025-10-17 16:09:00,2025-10-17 16:16:00,F,20~29,office,seoul,0,0,0,0,20,0,0,39,0,0,timeout
38324,U8327,2025-07-09 12:15:00,2025-07-09 12:19:00,M,40~49,office,seoul,0,0,0,0,2,0,0,75,0,0,completed
38325,U8328,2025-12-11 09:26:00,2025-12-11 09:33:00,F,40~49,office,seoul,0,0,0,0,3,0,0,76,0,0,abandoned
38326,U8329,2025-04-18 09:08:00,2025-04-18 09:12:00,F,30~39,office,seoul,0,0,0,0,2,0,0,58,0,0,abandoned
38327,U8330,2025-04-19 07:46:00,2025-04-19 07:51:00,F,20~29,office,seoul,1,0,0,0,4,0,0,30,0,0,completed
38328,U8331,2025-12-24 07:51:00,2025-12-24 07:57:00,F,50+,office,seoul,0,0,0,0,3,0,0,14,0,0,completed
38329,U8332,2025-02-08 11:51:00,2025-02-08 11:57:00,M,30~39,office,seoul,1,0,0,0,3,0,0,58,0,0,completed
38330,U8333,2025-05-05 12:47:00,2025-05-05 12:51:00,F,40~49,office,seoul,0,0,0,0,1,0,0,44,0,0,completed
38331,U8334,2025-03-21 14:50:00,2025-03-21 14:55:00,M,30~39,office,seoul,0,0,0,0,15,0,0,72,0,0,completed
38332,U8335,2025-04-18 16:22:00,2025-04-18 16:24:00,F,20~29,office,seoul,0,0,0,0,6,0,0,44,0,0,completed
38333,U8336,2025-08-06 14:32:00,2025-08-06 14:36:00,M,50+,office,seoul,0,0,0,0,22,0,0,44,0,0,completed
38334,U8337,2025-02-08 15:30:00,2025-02-08 15:33:00,F,20~29,office,seoul,1,0,0,0,3,0,0,71,0,0,abandoned
38335,U8338,2025-06-15 18:47:00,2025-06-15 18:54:00,F,20~29,office,seoul,1,0,0,0,13,0,0,49,0,0,completed
38336,U8339,2025-04-03 09:23:00,2025-04-03 09:29:00,M,20~29,office,seoul,0,0,0,0,29,0,0,33,0,0,completed
38337,U8340,2025-11-11 20:54:00,2025-11-11 20:58:00,M,30~39,office,seoul,0,0,0,0,3,0,0,70,0,0,completed
38338,U8341,2025-02-06 11:19:00,2025-02-06 11:23:00,F,30~39,office,seoul,0,0,0,0,5,0,0,16,0,0,completed
38339,U8342,2025-11-07 09:31:00,2025-11-07 09:33:00,M,20~29,office,seoul,0,0,0,0,8,0,0,61,0,0,completed
38340,U8343,2025-01-08 09:14:00,2025-01-08 09:20:00,F,40~49,office,seoul,0,0,0,0,2,0,0,54,0,0,completed
38341,U8344,2025-04-28 08:50:00,2025-04-28 08:56:00,F,30~39,office,seoul,0,0,0,0,17,0,0,65,0,0,completed
38342,U8345,2025-09-20 16:20:00,2025-09-20 16:24:00,F,20~29,office,seoul,1,0,0,0,2,0,0,76,0,0,abandoned
38343,U8346,2025-09-27 09:36:00,2025-09-27 09:41:00,F,20~29,office,seoul,1,0,0,0,16,0,0,45,0,0,completed
38344,U8347,2025-02-25 17:24:00,2025-02-25 17:30:00,M,20~29,office,seoul,0,0,0,0,26,0,0,55,0,0,completed
38345,U8348,2025-09-06 15:01:00,2025-09-06 15:03:00,M,30~39,office,seoul,1,0,0,0,24,0,0,22,0,0,completed
38346,U8349,2025-08-30 20:07:00,2025-08-30 20:14:00,M,30~39,office,seoul,1,0,0,0,12,0,0,54,0,0,completed
38347,U8350,2025-02-01 18:05:00,2025-02-01 18:09:00,M,20~29,office,seoul,1,0,0,0,28,0,0,54,0,0,abandoned
38348,U8351,2025-03-29 08:05:00,2025-03-29 08:11:00,M,20~29,office,seoul,1,0,0,0,22,0,0,35,0,0,completed
38349,U8352,2025-04-30 18:56:00,2025-04-30 19:00:00,M,40~49,office,seoul,0,0,0,0,19,0,0,79,0,0,completed
38350,U8353,2025-06-08 16:17:00,2025-06-08 16:19:00,F,40~49,office,seoul,1,0,0,0,5,0,0,47,0,0,completed
38351,U8354,2025-10-05 15:48:00,2025-10-05 15:50:00,M,40~49,office,seoul,1,0,0,0,10,0,0,18,0,0,completed
38352,U8355,2025-07-14 09:51:00,2025-07-14 09:54:00,F,20~29,office,seoul,0,0,0,0,29,0,0,55,0,0,completed
38353,U8356,2025-02-24 13:00:00,2025-02-24 13:03:00,F,20~29,office,seoul,0,0,0,0,11,0,0,66,0,0,completed
38354,U8357,2025-11-14 12:59:00,2025-11-14 13:06:00,M,30~39,office,seoul,0,0,0,0,4,0,0,35,0,0,completed
38355,U8358,2025-06-09 13:40:00,2025-06-09 13:42:00,F,30~39,office,seoul,0,0,0,0,8,0,0,38,0,1,abandoned
38356,U8359,2025-11-25 16:52:00,2025-11-25 16:57:00,F,50+,office,seoul,0,0,0,0,12,0,0,40,0,0,completed
38357,U8360,2025-11-25 12:04:00,2025-11-25 12:06:00,M,30~39,office,seoul,0,0,0,0,26,0,0,55,0,0,completed
38358,U8361,2025-03-29 17:46:00,2025-03-29 17:48:00,F,20~29,office,seoul,1,0,0,0,2,0,0,67,0,0,completed
38359,U8362,2025-11-06 17:53:00,2025-11-06 17:55:00,F,20~29,office,seoul,0,0,0,0,22,0,0,42,0,0,completed
38360,U8363,2025-03-22 17:01:00,2025-03-22 17:05:00,M,40~49,office,seoul,1,0,0,0,8,0,0,64,0,0,completed
38361,U8364,2025-05-16 12:56:00,2025-05-16 13:03:00,F,50+,office,seoul,0,0,0,0,6,0,0,46,0,0,completed
38362,U8365,2025-12-04 20:04:00,2025-12-04 20:09:00,M,20~29,office,seoul,0,0,0,0,15,0,0,41,0,0,completed
38363,U8366,2025-04-23 08:52:00,2025-04-23 08:55:00,M,20~29,office,seoul,0,0,0,0,23,0,0,41,0,0,completed
38364,U8367,2025-03-18 12:32:00,2025-03-18 12:35:00,F,20~29,office,seoul,0,0,0,0,20,0,0,11,0,0,completed
38365,U8368,2025-06-12 20:06:00,2025-06-12 20:12:00,F,20~29,office,seoul,0,0,0,0,23,0,0,35,0,0,abandoned
38366,U8369,2025-07-28 20:24:00,2025-07-28 20:29:00,F,20~29,office,seoul,0,0,0,0,8,0,0,72,0,0,completed
38367,U8370,2025-04-02 19:08:00,2025-04-02 19:10:00,F,30~39,office,seoul,0,0,0,0,14,0,0,23,0,0,completed
38368,U8371,2025-11-29 07:48:00,2025-11-29 07:51:00,M,30~39,office,seoul,1,0,0,0,0,0,0,47,0,0,completed
38369,U8372,2025-02-02 07:17:00,2025-02-02 07:21:00,F,50+,office,seoul,1,0,0,0,4,0,0,73,0,0,completed
38370,U8373,2025-12-14 16:29:00,2025-12-14 16:33:00,M,40~49,office,seoul,1,0,0,0,20,0,0,53,0,0,completed
38371,U8374,2025-04-15 17:44:00,2025-04-15 17:46:00,F,30~39,office,seoul,0,0,0,0,16,0,0,43,0,0,completed
38372,U8375,2025-11-30 16:37:00,2025-11-30 16:41:00,F,30~39,office,seoul,1,0,0,0,10,0,0,60,0,0,completed
38373,U8376,2025-09-15 15:54:00,2025-09-15 16:01:00,M,30~39,office,seoul,0,0,0,0,20,0,0,74,0,0,completed
38374,U8377,2025-05-25 12:43:00,2025-05-25 12:46:00,F,20~29,office,seoul,1,0,0,0,10,0,0,52,0,0,completed
38375,U8378,2025-07-19 08:46:00,2025-07-19 08:49:00,F,30~39,office,seoul,1,0,0,0,3,0,0,52,0,0,completed
38376,U8379,2025-10-06 11:31:00,2025-10-06 11:36:00,M,50+,office,seoul,0,0,0,0,23,0,0,41,1,0,completed
38377,U8380,2025-07-22 12:59:00,2025-07-22 13:05:00,F,40~49,office,seoul,0,0,0,0,15,0,0,77,0,0,completed
38378,U8381,2025-12-07 20:48:00,2025-12-07 20:52:00,F,30~39,office,seoul,1,0,0,0,13,0,0,41,0,0,timeout
38379,U8382,2025-09-25 13:36:00,2025-09-25 13:38:00,M,40~49,office,seoul,0,0,0,0,4,0,0,53,1,0,completed
38380,U8383,2025-03-30 15:30:00,2025-03-30 15:32:00,M,30~39,office,seoul,1,0,0,0,9,0,0,48,0,0,completed
38381,U8384,2025-12-28 11:24:00,2025-12-28 11:27:00,F,30~39,office,seoul,1,0,0,0,25,0,0,33,0,0,timeout
38382,U8385,2025-10-20 09:15:00,2025-10-20 09:20:00,M,30~39,office,seoul,0,0,0,0,11,0,0,70,0,0,completed
38383,U8386,2025-02-20 07:06:00,2025-02-20 07:08:00,F,50+,office,seoul,0,0,0,0,22,0,0,50,0,0,completed
38384,U8387,2025-08-14 16:12:00,2025-08-14 16:15:00,F,20~29,office,seoul,0,0,0,0,20,0,0,40,0,0,completed
38385,U8388,2025-09-22 09:26:00,2025-09-22 09:32:00,F,30~39,office,seoul,0,0,0,0,17,0,0,54,0,0,completed
38386,U8389,2025-11-19 16:58:00,2025-11-19 17:01:00,F,20~29,office,seoul,0,0,0,0,20,0,0,66,0,0,completed
38387,U8390,2025-02-09 14:52:00,2025-02-09 14:54:00,M,30~39,office,seoul,1,0,0,0,19,0,0,60,0,0,completed
38388,U8391,2025-10-27 07:25:00,2025-10-27 07:29:00,F,30~39,office,seoul,0,0,0,0,29,0,0,75,0,0,completed
38389,U8392,2025-04-21 17:42:00,2025-04-21 17:48:00,F,30~39,office,seoul,0,0,0,0,28,0,0,71,0,0,completed
38390,U8393,2025-02-17 15:29:00,2025-02-17 15:33:00,M,20~29,office,seoul,0,0,0,0,7,0,0,23,0,0,completed
38391,U8394,2025-04-29 11:50:00,2025-04-29 11:56:00,M,30~39,office,seoul,0,0,0,0,2,0,0,69,0,0,error
38392,U8395,2025-12-26 18:38:00,2025-12-26 18:44:00,M,20~29,office,seoul,0,0,0,0,15,0,0,36,0,0,completed
38393,U8396,2025-08-25 20:00:00,2025-08-25 20:06:00,F,20~29,office,seoul,0,0,0,0,25,0,0,64,0,0,completed
38394,U8397,2025-03-09 09:38:00,2025-03-09 09:43:00,F,50+,office,seoul,1,0,0,0,6,0,0,68,0,0,completed
38395,U8398,2025-08-20 13:48:00,2025-08-20 13:52:00,F,50+,office,seoul,0,0,0,0,7,0,0,76,0,0,completed
38396,U8399,2025-03-20 09:19:00,2025-03-20 09:21:00,F,40~49,office,seoul,0,0,0,0,4,0,0,62,0,0,completed
38397,U8400,2025-11-05 07:51:00,2025-11-05 07:53:00,F,30~39,office,seoul,0,0,0,0,14,0,0,36,0,0,abandoned
38398,U8401,2025-12-28 08:06:00,2025-12-28 08:11:00,F,40~49,office,seoul,1,0,0,0,12,0,0,45,0,0,abandoned
38399,U8402,2025-07-02 12:29:00,2025-07-02 12:33:00,M,30~39,office,seoul,0,0,0,0,22,0,0,17,0,0,completed
38400,U8403,2025-01-16 11:05:00,2025-01-16 11:07:00,F,30~39,office,seoul,0,0,0,0,28,0,0,41,0,0,completed
38401,U8404,2025-03-21 11:34:00,2025-03-21 11:36:00,F,20~29,office,seoul,0,0,0,0,9,0,0,60,0,0,completed
38402,U8405,2025-09-13 12:39:00,2025-09-13 12:46:00,F,40~49,office,seoul,1,0,0,0,17,0,0,55,0,0,error
38403,U8406,2025-06-09 18:43:00,2025-06-09 18:47:00,M,20~29,office,seoul,0,0,0,0,27,0,0,43,0,0,completed
38404,U8407,2025-02-22 13:04:00,2025-02-22 13:07:00,F,30~39,office,seoul,1,0,0,0,12,0,0,70,0,0,completed
38405,U8408,2025-08-01 19:25:00,2025-08-01 19:27:00,F,40~49,office,seoul,0,0,0,0,18,0,0,40,0,0,completed
38406,U8409,2025-03-08 11:52:00,2025-03-08 11:54:00,M,30~39,office,seoul,1,0,0,0,16,0,0,35,0,0,completed
38407,U8410,2025-06-03 07:17:00,2025-06-03 07:22:00,M,20~29,office,seoul,0,0,0,0,28,0,0,35,0,0,completed
38408,U8411,2025-07-31 09:25:00,2025-07-31 09:30:00,M,30~39,office,seoul,0,0,0,0,26,0,0,20,0,0,completed
38409,U8412,2025-05-04 20:14:00,2025-05-04 20:20:00,F,20~29,office,seoul,1,0,0,0,29,0,0,58,0,0,abandoned
38410,U8413,2025-07-04 15:47:00,2025-07-04 15:51:00,M,50+,office,seoul,0,0,0,0,12,0,0,24,0,0,completed
38411,U8414,2025-10-11 16:00:00,2025-10-11 16:04:00,F,50+,office,seoul,1,0,0,0,8,0,0,55,0,0,completed
38412,U8415,2025-06-24 17:20:00,2025-06-24 17:23:00,M,20~29,office,seoul,0,0,0,0,24,0,0,64,0,0,completed
38413,U8416,2025-12-08 18:21:00,2025-12-08 18:24:00,M,20~29,office,seoul,0,0,0,0,3,0,0,37,0,0,completed
38414,U8417,2025-03-27 13:09:00,2025-03-27 13:15:00,F,20~29,office,seoul,0,0,0,0,4,0,0,51,0,0,completed
38415,U8418,2025-06-14 15:39:00,2025-06-14 15:42:00,F,40~49,office,seoul,1,0,0,0,18,0,0,36,0,0,completed
38416,U8419,2025-07-05 18:16:00,2025-07-05 18:20:00,F,20~29,office,seoul,1,0,0,0,5,0,0,24,0,0,abandoned
38417,U8420,2025-04-11 17:30:00,2025-04-11 17:36:00,F,20~29,office,seoul,0,0,0,0,13,0,0,28,0,0,completed
38418,U8421,2025-09-03 15:03:00,2025-09-03 15:07:00,F,30~39,office,seoul,0,0,0,0,18,0,0,47,0,0,completed
38419,U8422,2025-01-17 17:29:00,2025-01-17 17:35:00,M,50+,office,seoul,0,0,0,0,8,0,0,31,0,0,abandoned
38420,U8423,2025-03-13 16:09:00,2025-03-13 16:15:00,M,40~49,office,seoul,0,0,0,0,21,0,0,28,0,0,completed
38421,U8424,2025-11-23 12:48:00,2025-11-23 12:50:00,F,30~39,office,seoul,1,0,0,0,23,0,0,57,0,0,completed
38422,U8425,2025-11-28 18:39:00,2025-11-28 18:44:00,F,50+,office,seoul,0,0,0,0,19,0,0,73,0,0,completed
38423,U8426,2025-04-12 07:52:00,2025-04-12 07:58:00,M,30~39,office,seoul,1,0,0,0,16,0,0,16,0,0,completed
38424,U8427,2025-06-17 09:10:00,2025-06-17 09:17:00,F,30~39,office,seoul,0,0,0,0,0,0,0,36,0,0,completed
38425,U8428,2025-10-23 15:46:00,2025-10-23 15:48:00,M,30~39,office,seoul,0,0,0,0,19,0,0,70,0,0,completed
38426,U8429,2025-05-01 16:06:00,2025-05-01 16:12:00,M,30~39,office,seoul,0,0,0,0,29,0,0,63,0,0,completed
38427,U8430,2025-09-06 19:13:00,2025-09-06 19:17:00,F,30~39,office,seoul,1,0,0,0,29,0,0,55,0,0,completed
38428,U8431,2025-10-12 07:57:00,2025-10-12 08:00:00,F,30~39,office,seoul,1,0,0,0,17,0,0,52,0,0,completed
38429,U8432,2025-07-26 13:01:00,2025-07-26 13:05:00,M,20~29,office,seoul,1,0,0,0,3,0,0,37,0,0,completed
38430,U8433,2025-10-09 09:00:00,2025-10-09 09:02:00,M,40~49,office,seoul,0,0,0,0,10,0,0,43,0,0,abandoned
38431,U8434,2025-09-05 12:20:00,2025-09-05 12:24:00,M,30~39,office,seoul,0,0,0,0,27,0,0,59,0,0,completed
38432,U8435,2025-01-06 19:16:00,2025-01-06 19:18:00,F,20~29,office,seoul,0,0,0,0,8,0,0,32,0,0,timeout
38433,U8436,2025-10-28 14:40:00,2025-10-28 14:46:00,M,50+,office,seoul,0,0,0,0,15,0,0,67,0,0,completed
38434,U8437,2025-06-06 11:55:00,2025-06-06 11:57:00,M,20~29,office,seoul,0,0,0,0,10,0,0,18,0,0,completed
38435,U8438,2025-10-07 16:20:00,2025-10-07 16:22:00,M,20~29,office,seoul,0,0,0,0,2,0,0,68,0,0,completed
38436,U8439,2025-05-12 07:08:00,2025-05-12 07:13:00,F,30~39,office,seoul,0,0,0,0,13,0,0,16,0,0,completed
38437,U8440,2025-10-30 18:34:00,2025-10-30 18:40:00,M,20~29,office,seoul,0,0,0,0,25,0,0,73,0,0,completed
38438,U8441,2025-02-21 19:52:00,2025-02-21 19:58:00,M,30~39,office,seoul,0,0,0,0,11,0,0,53,0,0,completed
38439,U8442,2025-11-23 09:47:00,2025-11-23 09:52:00,F,50+,office,seoul,1,0,0,0,16,0,0,61,0,0,completed
38440,U8443,2025-06-08 13:31:00,2025-06-08 13:38:00,F,20~29,office,seoul,1,0,0,0,21,0,0,49,0,0,completed
38441,U8444,2025-11-29 07:36:00,2025-11-29 07:41:00,F,30~39,office,seoul,1,0,0,0,25,0,0,75,0,0,completed
38442,U8445,2025-01-31 13:46:00,2025-01-31 13:50:00,M,30~39,office,seoul,0,0,0,0,4,0,0,16,0,0,completed
38443,U8446,2025-07-21 14:38:00,2025-07-21 14:42:00,F,40~49,office,seoul,0,0,0,0,8,0,0,51,0,0,completed
38444,U8447,2025-11-12 07:11:00,2025-11-12 07:17:00,M,30~39,office,seoul,0,0,0,0,8,0,0,30,0,0,completed
38445,U8448,2025-01-04 07:26:00,2025-01-04 07:31:00,F,40~49,office,seoul,1,0,0,0,1,0,0,62,0,0,completed
38446,U8449,2025-07-14 18:38:00,2025-07-14 18:45:00,M,20~29,office,seoul,0,0,0,0,15,0,0,20,0,0,abandoned
38447,U8450,2025-08-19 17:23:00,2025-08-19 17:28:00,M,30~39,office,seoul,0,0,0,0,24,0,0,37,0,0,completed
38448,U8451,2025-01-03 09:26:00,2025-01-03 09:29:00,F,20~29,office,seoul,0,0,0,0,4,0,0,12,0,0,completed
38449,U8452,2025-03-15 15:32:00,2025-03-15 15:34:00,F,40~49,office,seoul,1,0,0,0,24,0,0,71,0,0,completed
38450,U8453,2025-02-22 15:31:00,2025-02-22 15:38:00,M,40~49,office,seoul,1,0,0,0,12,0,0,39,0,0,completed
38451,U8454,2025-05-06 16:08:00,2025-05-06 16:12:00,M,20~29,office,seoul,0,0,0,0,19,0,0,40,0,0,completed
38452,U8455,2025-01-05 09:36:00,2025-01-05 09:42:00,M,20~29,office,seoul,1,0,0,0,12,0,0,36,0,0,completed
38453,U8456,2025-12-18 13:53:00,2025-12-18 13:56:00,F,20~29,office,seoul,0,0,0,0,15,0,0,43,0,0,completed
38454,U8457,2025-08-26 16:26:00,2025-08-26 16:30:00,M,40~49,office,seoul,0,0,0,0,1,0,0,69,0,0,completed
38455,U8458,2025-12-23 18:24:00,2025-12-23 18:29:00,M,30~39,office,seoul,0,0,0,0,21,0,0,36,0,0,completed
38456,U8459,2025-04-06 16:36:00,2025-04-06 16:39:00,F,40~49,office,seoul,1,0,0,0,3,0,0,35,0,0,completed
38457,U8460,2025-02-25 15:50:00,2025-02-25 15:55:00,F,30~39,office,seoul,0,0,0,0,14,0,0,38,0,0,completed
38458,U8461,2025-07-17 16:41:00,2025-07-17 16:48:00,F,50+,office,seoul,0,0,0,0,24,0,0,25,0,0,completed
38459,U8462,2025-08-04 22:05:00,2025-08-04 22:08:00,F,30~39,office,seoul,0,0,0,0,14,0,0,35,0,0,completed
38460,U8463,2025-01-22 14:44:00,2025-01-22 14:50:00,F,20~29,office,seoul,0,0,0,0,20,0,0,49,0,0,completed
38461,U8464,2025-12-13 15:20:00,2025-12-13 15:27:00,F,20~29,office,seoul,1,0,0,0,4,0,0,45,0,0,completed
38462,U8465,2025-01-24 17:52:00,2025-01-24 17:56:00,F,50+,office,seoul,0,0,0,0,10,0,0,15,0,0,completed
38463,U8466,2025-08-13 17:36:00,2025-08-13 17:41:00,M,30~39,office,seoul,0,0,0,0,2,0,0,22,0,0,completed
38464,U8467,2025-09-14 12:10:00,2025-09-14 12:14:00,F,20~29,office,seoul,1,0,0,0,13,0,0,10,0,0,completed
38465,U8468,2025-10-31 21:08:00,2025-10-31 21:13:00,F,40~49,office,seoul,0,0,0,0,6,0,0,77,0,0,completed
38466,U8469,2025-11-28 07:26:00,2025-11-28 07:30:00,M,40~49,office,seoul,0,0,0,0,13,0,0,25,1,0,abandoned
38467,U8470,2025-03-20 08:31:00,2025-03-20 08:35:00,F,40~49,office,seoul,0,0,0,0,11,0,0,47,0,0,error
38468,U8471,2025-01-15 19:44:00,2025-01-15 19:50:00,F,40~49,office,seoul,0,0,0,0,16,0,0,67,0,0,completed
38469,U8472,2025-08-29 14:48:00,2025-08-29 14:51:00,F,20~29,office,seoul,0,0,0,0,9,0,0,42,0,0,completed
38470,U8473,2025-01-28 17:45:00,2025-01-28 17:52:00,M,30~39,office,seoul,0,0,0,0,7,0,0,40,0,0,completed
38471,U8474,2025-10-14 12:32:00,2025-10-14 12:37:00,F,40~49,office,seoul,0,0,0,0,12,0,0,36,0,0,completed
38472,U8475,2025-09-16 20:50:00,2025-09-16 20:57:00,F,30~39,office,seoul,0,0,0,0,4,0,0,75,0,0,completed
38473,U8476,2025-06-30 09:27:00,2025-06-30 09:31:00,F,30~39,office,seoul,0,0,0,0,14,0,0,26,0,0,completed
38474,U8477,2025-05-18 14:06:00,2025-05-18 14:08:00,F,20~29,office,seoul,1,0,0,0,10,0,0,39,0,0,completed
38475,U8478,2025-05-31 12:17:00,2025-05-31 12:22:00,M,20~29,office,seoul,1,0,0,0,0,0,0,64,0,0,completed
38476,U8479,2025-11-09 08:29:00,2025-11-09 08:36:00,M,40~49,office,seoul,1,0,0,0,19,0,0,78,0,0,completed
38477,U8480,2025-10-15 09:43:00,2025-10-15 09:48:00,F,50+,office,seoul,0,0,0,0,5,0,0,34,0,0,completed
38478,U8481,2025-08-28 13:51:00,2025-08-28 13:53:00,M,20~29,office,seoul,0,0,0,0,6,0,0,23,0,0,completed
38479,U8482,2025-03-15 20:42:00,2025-03-15 20:44:00,M,20~29,office,seoul,1,0,0,0,26,0,0,73,0,1,completed
38480,U8483,2025-07-09 13:54:00,2025-07-09 13:57:00,M,20~29,office,seoul,0,0,0,0,1,0,0,27,0,0,timeout
38481,U8484,2025-12-29 21:39:00,2025-12-29 21:45:00,F,20~29,office,seoul,0,0,0,0,16,0,0,73,0,0,completed
38482,U8485,2025-08-05 15:21:00,2025-08-05 15:26:00,F,20~29,office,seoul,0,0,0,0,26,0,0,17,0,0,completed
38483,U8486,2025-11-13 11:34:00,2025-11-13 11:40:00,F,20~29,office,seoul,0,0,0,0,27,0,0,72,0,0,completed
38484,U8487,2025-04-03 14:33:00,2025-04-03 14:36:00,M,20~29,office,seoul,0,0,0,0,10,0,0,52,0,0,abandoned
38485,U8488,2025-02-08 08:03:00,2025-02-08 08:10:00,F,30~39,office,seoul,1,0,0,0,15,0,0,57,0,0,completed
38486,U8489,2025-07-21 18:46:00,2025-07-21 18:51:00,M,20~29,office,seoul,0,0,0,0,27,0,0,71,0,0,completed
38487,U8490,2025-02-18 14:51:00,2025-02-18 14:58:00,F,20~29,office,seoul,0,0,0,0,17,0,0,39,0,0,completed
38488,U8491,2025-06-20 14:59:00,2025-06-20 15:06:00,F,30~39,office,seoul,0,0,0,0,22,0,0,21,0,0,error
38489,U8492,2025-10-28 14:18:00,2025-10-28 14:21:00,F,50+,office,seoul,0,0,0,0,20,0,0,62,0,0,completed
38490,U8493,2025-02-17 17:47:00,2025-02-17 17:49:00,F,40~49,office,seoul,0,0,0,0,25,0,0,23,0,0,completed
38491,U8494,2025-05-06 14:23:00,2025-05-06 14:28:00,M,40~49,office,seoul,0,0,0,0,19,0,0,20,0,0,abandoned
38492,U8495,2025-09-23 15:36:00,2025-09-23 15:42:00,M,50+,office,seoul,0,0,0,0,27,0,0,74,0,0,completed
38493,U8496,2025-06-08 18:12:00,2025-06-08 18:18:00,F,20~29,office,seoul,1,0,0,0,14,0,0,52,0,0,completed
38494,U8497,2025-08-29 16:04:00,2025-08-29 16:08:00,F,20~29,office,seoul,0,0,0,0,17,0,0,62,0,0,completed
38495,U8498,2025-03-31 21:10:00,2025-03-31 21:14:00,M,20~29,office,seoul,0,0,0,0,27,0,0,17,0,0,completed
38496,U8499,2025-07-13 13:15:00,2025-07-13 13:17:00,M,50+,office,seoul,1,0,0,0,20,0,0,34,0,1,completed
38497,U8500,2025-06-02 09:34:00,2025-06-02 09:38:00,M,20~29,office,seoul,0,0,0,0,5,0,0,72,0,0,completed
38498,U8501,2025-01-23 12:37:00,2025-01-23 12:42:00,M,30~39,office,seoul,0,0,0,0,9,0,0,49,0,0,abandoned
38499,U8502,2025-11-06 12:20:00,2025-11-06 12:23:00,M,40~49,office,seoul,0,0,0,0,9,0,0,65,0,0,completed
38500,U8503,2025-07-19 13:30:00,2025-07-19 13:34:00,M,20~29,office,seoul,1,0,0,0,23,0,0,21,0,0,completed
38501,U8504,2025-12-15 16:15:00,2025-12-15 16:19:00,M,20~29,office,seoul,0,0,0,0,22,0,0,21,0,0,completed
38502,U8505,2025-08-03 19:05:00,2025-08-03 19:09:00,F,40~49,office,seoul,1,0,0,0,26,0,0,51,0,0,completed
38503,U8506,2025-12-05 15:38:00,2025-12-05 15:42:00,M,40~49,office,seoul,0,0,0,0,29,0,0,24,0,0,completed
38504,U8507,2025-09-12 13:44:00,2025-09-12 13:49:00,F,30~39,office,seoul,0,0,0,0,28,0,0,20,0,0,completed
38505,U8508,2025-10-17 11:18:00,2025-10-17 11:22:00,M,30~39,office,seoul,0,0,0,0,25,0,0,46,0,0,completed
38506,U8509,2025-11-05 22:14:00,2025-11-05 22:20:00,F,50+,office,seoul,0,0,0,0,22,0,0,60,0,0,completed
38507,U8510,2025-06-06 19:12:00,2025-06-06 19:17:00,M,30~39,office,seoul,0,0,0,0,25,0,0,14,0,0,completed
38508,U8511,2025-03-18 16:00:00,2025-03-18 16:03:00,M,40~49,office,seoul,0,0,0,0,26,0,0,60,0,0,completed
38509,U8512,2025-10-06 12:29:00,2025-10-06 12:34:00,M,30~39,office,seoul,0,0,0,0,24,0,0,61,0,0,abandoned
38510,U8513,2025-06-13 09:08:00,2025-06-13 09:14:00,M,30~39,office,seoul,0,0,0,0,29,0,0,12,0,0,completed
38511,U8514,2025-06-04 08:04:00,2025-06-04 08:10:00,M,40~49,office,seoul,0,0,0,0,11,0,0,21,0,0,completed
38512,U8515,2025-03-10 19:37:00,2025-03-10 19:39:00,F,20~29,office,seoul,0,0,0,0,21,0,0,52,0,0,completed
38513,U8516,2025-09-04 17:51:00,2025-09-04 17:57:00,M,20~29,office,seoul,0,0,0,0,6,0,0,17,1,0,completed
38514,U8517,2025-07-27 20:26:00,2025-07-27 20:28:00,M,20~29,office,seoul,1,0,0,0,29,0,0,22,0,0,completed
38515,U8518,2025-02-22 08:02:00,2025-02-22 08:06:00,F,50+,office,seoul,1,0,0,0,12,0,0,44,0,0,completed
38516,U8519,2025-12-31 14:35:00,2025-12-31 14:37:00,M,40~49,office,seoul,0,0,0,0,29,0,0,56,0,0,completed
38517,U8520,2025-07-24 19:17:00,2025-07-24 19:23:00,M,30~39,office,seoul,0,0,0,0,2,0,0,68,0,0,completed
38518,U8521,2025-02-12 18:20:00,2025-02-12 18:24:00,M,40~49,office,seoul,0,0,0,0,8,0,0,51,0,0,completed
38519,U8522,2025-05-11 15:49:00,2025-05-11 15:52:00,M,30~39,office,seoul,1,0,0,0,28,0,0,49,0,0,completed
38520,U8523,2025-06-03 11:29:00,2025-06-03 11:34:00,F,20~29,office,seoul,0,0,0,0,26,0,0,34,0,0,completed
38521,U8524,2025-10-07 15:19:00,2025-10-07 15:22:00,F,40~49,office,seoul,0,0,0,0,7,0,0,58,0,0,completed
38522,U8525,2025-06-07 15:37:00,2025-06-07 15:43:00,M,20~29,office,seoul,1,0,0,0,24,0,0,63,0,0,completed
38523,U8526,2025-04-02 07:08:00,2025-04-02 07:15:00,M,30~39,office,seoul,0,0,0,0,10,0,0,69,0,0,completed
38524,U8527,2025-08-01 15:56:00,2025-08-01 16:02:00,M,30~39,office,seoul,0,0,0,0,11,0,0,51,0,0,timeout
38525,U8528,2025-08-02 17:44:00,2025-08-02 17:49:00,F,40~49,office,seoul,1,0,0,0,7,0,0,35,0,0,completed
38526,U8529,2025-04-10 18:41:00,2025-04-10 18:44:00,F,30~39,office,seoul,0,0,0,0,12,0,0,27,0,0,completed
38527,U8530,2025-05-28 09:27:00,2025-05-28 09:33:00,F,50+,office,seoul,0,0,0,0,21,0,0,67,0,1,completed
38528,U8531,2025-02-14 12:20:00,2025-02-14 12:26:00,M,20~29,office,seoul,0,0,0,0,22,0,0,78,0,0,abandoned
38529,U8532,2025-02-21 12:21:00,2025-02-21 12:24:00,F,50+,office,seoul,0,0,0,0,1,0,0,49,0,0,completed
38530,U8533,2025-03-22 12:28:00,2025-03-22 12:31:00,M,20~29,office,seoul,1,0,0,0,21,0,0,14,0,0,completed
38531,U8534,2025-05-13 09:28:00,2025-05-13 09:34:00,F,30~39,office,seoul,0,0,0,0,22,0,0,16,0,0,completed
38532,U8535,2025-05-29 20:13:00,2025-05-29 20:20:00,M,20~29,office,seoul,0,0,0,0,8,0,0,25,0,0,completed
38533,U8536,2025-10-08 21:32:00,2025-10-08 21:34:00,F,20~29,office,seoul,0,0,0,0,21,0,0,23,0,0,completed
38534,U8537,2025-03-23 09:15:00,2025-03-23 09:21:00,F,20~29,office,seoul,1,0,0,0,16,0,0,12,0,0,abandoned
38535,U8538,2025-03-09 16:08:00,2025-03-09 16:14:00,F,40~49,office,seoul,1,0,0,0,28,0,0,20,0,0,completed
38536,U8539,2025-06-25 09:50:00,2025-06-25 09:52:00,F,30~39,office,seoul,0,0,0,0,27,0,0,22,0,0,error
38537,U8540,2025-09-28 14:56:00,2025-09-28 14:59:00,F,30~39,office,seoul,1,0,0,0,23,0,0,68,0,0,completed
38538,U8541,2025-11-12 20:28:00,2025-11-12 20:31:00,M,40~49,office,seoul,0,0,0,0,0,0,0,74,0,1,completed
38539,U8542,2025-07-27 18:46:00,2025-07-27 18:49:00,M,40~49,office,seoul,1,0,0,0,6,0,0,16,0,1,completed
38540,U8543,2025-03-04 11:51:00,2025-03-04 11:57:00,F,50+,office,seoul,0,0,0,0,18,0,0,16,0,0,completed
38541,U8544,2025-10-25 13:30:00,2025-10-25 13:33:00,M,20~29,office,seoul,1,0,0,0,3,0,0,12,0,0,completed
38542,U8545,2025-10-23 15:09:00,2025-10-23 15:16:00,M,20~29,office,seoul,0,0,0,0,25,0,0,22,0,0,completed
38543,U8546,2025-04-30 14:10:00,2025-04-30 14:12:00,F,50+,office,seoul,0,0,0,0,5,0,0,18,1,1,completed
38544,U8547,2025-06-17 15:16:00,2025-06-17 15:20:00,M,30~39,office,seoul,0,0,0,0,5,0,0,73,0,0,abandoned
38545,U8548,2025-01-21 12:40:00,2025-01-21 12:42:00,F,50+,office,seoul,0,0,0,0,16,0,0,50,0,0,abandoned
38546,U8549,2025-10-06 08:18:00,2025-10-06 08:23:00,M,20~29,office,seoul,0,0,0,0,26,0,0,17,0,0,completed
38547,U8550,2025-09-01 12:19:00,2025-09-01 12:22:00,M,30~39,office,seoul,0,0,0,0,7,0,0,44,0,0,completed
38548,U8551,2025-11-30 17:24:00,2025-11-30 17:27:00,M,50+,office,seoul,1,0,0,0,10,0,0,25,0,0,completed
38549,U8552,2025-08-03 21:39:00,2025-08-03 21:41:00,M,40~49,office,seoul,1,0,0,0,6,0,0,21,0,0,completed
38550,U8553,2025-03-06 09:06:00,2025-03-06 09:13:00,F,30~39,office,seoul,0,0,0,0,0,0,0,50,0,0,timeout
38551,U8554,2025-05-08 13:28:00,2025-05-08 13:30:00,F,50+,office,seoul,0,0,0,0,5,0,0,11,0,0,completed
38552,U8555,2025-07-15 13:14:00,2025-07-15 13:20:00,M,40~49,office,seoul,0,0,0,0,29,0,0,13,0,0,completed
38553,U8556,2025-02-05 09:52:00,2025-02-05 09:59:00,M,20~29,office,seoul,0,0,0,0,21,0,0,25,0,0,completed
38554,U8557,2025-11-06 15:37:00,2025-11-06 15:40:00,F,30~39,office,seoul,0,0,0,0,16,0,0,20,0,0,completed
38555,U8558,2025-11-26 12:24:00,2025-11-26 12:31:00,F,20~29,office,seoul,0,0,0,0,18,0,0,49,0,0,completed
38556,U8559,2025-02-28 09:17:00,2025-02-28 09:23:00,F,50+,office,seoul,0,0,0,0,28,0,0,56,0,0,completed
38557,U8560,2025-08-14 19:54:00,2025-08-14 19:59:00,M,30~39,office,seoul,0,0,0,0,26,0,0,72,0,0,abandoned
38558,U8561,2025-03-26 11:45:00,2025-03-26 11:48:00,M,20~29,office,seoul,0,0,0,0,29,0,0,79,0,0,error
38559,U8562,2025-07-11 07:28:00,2025-07-11 07:31:00,M,30~39,office,seoul,0,0,0,0,13,0,0,51,0,0,completed
38560,U8563,2025-10-19 19:41:00,2025-10-19 19:46:00,M,50+,office,seoul,1,0,0,0,25,0,0,46,0,0,abandoned
38561,U8564,2025-02-16 18:46:00,2025-02-16 18:52:00,F,50+,office,seoul,1,0,0,0,8,0,0,11,0,0,completed
38562,U8565,2025-08-15 08:44:00,2025-08-15 08:46:00,M,50+,office,seoul,0,0,0,0,9,0,0,31,0,0,abandoned
38563,U8566,2025-04-15 07:24:00,2025-04-15 07:29:00,F,30~39,office,seoul,0,0,0,0,14,0,0,74,0,0,completed
38564,U8567,2025-03-10 09:15:00,2025-03-10 09:17:00,M,20~29,office,seoul,0,0,0,0,23,0,0,31,0,0,completed
38565,U8568,2025-11-13 17:05:00,2025-11-13 17:10:00,M,30~39,office,seoul,0,0,0,0,5,0,0,69,0,0,completed
38566,U8569,2025-04-07 12:55:00,2025-04-07 12:59:00,F,20~29,office,seoul,0,0,0,0,11,0,0,59,0,0,completed
38567,U8570,2025-08-01 09:08:00,2025-08-01 09:10:00,F,30~39,office,seoul,0,0,0,0,13,0,0,40,0,0,completed
38568,U8571,2025-06-25 11:39:00,2025-06-25 11:46:00,F,30~39,office,seoul,0,0,0,0,18,0,0,32,0,0,completed
38569,U8572,2025-04-02 09:49:00,2025-04-02 09:56:00,F,50+,office,seoul,0,0,0,0,3,0,0,61,0,0,completed
38570,U8573,2025-06-19 08:55:00,2025-06-19 08:58:00,F,30~39,office,seoul,0,0,0,0,18,0,0,62,0,0,completed
38571,U8574,2025-02-08 14:13:00,2025-02-08 14:16:00,F,20~29,office,seoul,1,0,0,0,9,0,0,27,0,0,completed
38572,U8575,2025-12-09 15:50:00,2025-12-09 15:54:00,F,20~29,office,seoul,0,0,0,0,21,0,0,50,0,0,completed
38573,U8576,2025-08-05 16:59:00,2025-08-05 17:01:00,M,20~29,office,seoul,0,0,0,0,12,0,0,72,0,0,completed
38574,U8577,2025-04-11 08:18:00,2025-04-11 08:22:00,M,40~49,office,seoul,0,0,0,0,8,0,0,54,0,0,completed
38575,U8578,2025-05-09 07:23:00,2025-05-09 07:29:00,M,50+,office,seoul,0,0,0,0,25,0,0,56,0,0,completed
38576,U8579,2025-05-16 13:46:00,2025-05-16 13:52:00,F,30~39,office,seoul,0,0,0,0,9,0,0,60,0,0,completed
38577,U8580,2025-12-19 16:03:00,2025-12-19 16:07:00,F,20~29,office,seoul,0,0,0,0,24,0,0,32,0,0,completed
38578,U8581,2025-10-20 17:54:00,2025-10-20 17:57:00,F,30~39,office,seoul,0,0,0,0,29,0,0,28,0,0,completed
38579,U8582,2025-11-23 16:21:00,2025-11-23 16:28:00,F,30~39,office,seoul,1,0,0,0,2,0,0,56,0,0,completed
38580,U8583,2025-12-17 16:12:00,2025-12-17 16:18:00,M,30~39,office,seoul,0,0,0,0,26,0,0,61,0,0,completed
38581,U8584,2025-03-18 08:59:00,2025-03-18 09:05:00,F,30~39,office,seoul,0,0,0,0,25,0,0,58,0,0,abandoned
38582,U8585,2025-06-21 21:54:00,2025-06-21 21:56:00,M,20~29,office,seoul,1,0,0,0,20,0,0,14,0,0,completed
38583,U8586,2025-08-26 18:16:00,2025-08-26 18:22:00,F,30~39,office,seoul,0,0,0,0,23,0,0,18,0,0,completed
38584,U8587,2025-11-14 08:20:00,2025-11-14 08:24:00,M,50+,office,seoul,0,0,0,0,4,0,0,70,0,1,completed
38585,U8588,2025-02-25 20:45:00,2025-02-25 20:47:00,F,50+,office,seoul,0,0,0,0,20,0,0,51,0,0,completed
38586,U8589,2025-12-10 15:49:00,2025-12-10 15:51:00,F,40~49,office,seoul,0,0,0,0,8,0,0,76,0,0,completed
38587,U8590,2025-02-26 17:29:00,2025-02-26 17:34:00,F,50+,office,seoul,0,0,0,0,4,0,0,77,0,0,completed
38588,U8591,2025-04-24 14:57:00,2025-04-24 15:02:00,M,40~49,office,seoul,0,0,0,0,1,0,0,47,0,0,completed
38589,U8592,2025-11-18 15:48:00,2025-11-18 15:52:00,M,20~29,office,seoul,0,0,0,0,17,0,0,58,0,0,timeout
38590,U8593,2025-04-19 07:06:00,2025-04-19 07:13:00,F,40~49,office,seoul,1,0,0,0,29,0,0,40,0,0,completed
38591,U8594,2025-12-12 13:12:00,2025-12-12 13:15:00,F,30~39,office,seoul,0,0,0,0,20,0,0,12,0,0,completed
38592,U8595,2025-11-25 20:05:00,2025-11-25 20:12:00,F,30~39,office,seoul,0,0,0,0,9,0,0,23,0,0,completed
38593,U8596,2025-08-10 09:39:00,2025-08-10 09:42:00,F,50+,office,seoul,1,0,0,0,25,0,0,29,0,0,completed
38594,U8597,2025-05-27 08:36:00,2025-05-27 08:43:00,F,20~29,office,seoul,0,0,0,0,20,0,0,18,0,1,completed
38595,U8598,2025-10-07 13:55:00,2025-10-07 13:57:00,F,20~29,office,seoul,0,0,0,0,7,0,0,64,0,0,completed
38596,U8599,2025-09-13 15:21:00,2025-09-13 15:24:00,F,20~29,office,seoul,1,0,0,0,12,0,0,16,0,0,abandoned
38597,U8600,2025-06-23 14:22:00,2025-06-23 14:26:00,M,50+,office,seoul,0,0,0,0,14,0,0,51,0,0,completed
38598,U8601,2025-11-01 09:33:00,2025-11-01 09:40:00,M,50+,office,seoul,1,0,0,0,24,0,0,16,0,0,completed
38599,U8602,2025-10-16 07:31:00,2025-10-16 07:37:00,F,30~39,office,seoul,0,0,0,0,26,0,0,37,0,0,completed
38600,U8603,2025-10-31 07:08:00,2025-10-31 07:11:00,M,40~49,office,seoul,0,0,0,0,18,0,0,25,0,0,error
38601,U8604,2025-07-13 12:45:00,2025-07-13 12:52:00,F,50+,office,seoul,1,0,0,0,5,0,0,22,0,0,completed
38602,U8605,2025-01-06 12:52:00,2025-01-06 12:54:00,F,30~39,office,seoul,0,0,0,0,4,0,0,74,0,0,completed
38603,U8606,2025-10-15 18:58:00,2025-10-15 19:04:00,M,40~49,office,seoul,0,0,0,0,17,0,0,58,0,0,abandoned
38604,U8607,2025-01-26 15:46:00,2025-01-26 15:52:00,M,50+,office,seoul,1,0,0,0,0,0,0,59,0,1,completed
38605,U8608,2025-03-15 16:47:00,2025-03-15 16:50:00,M,20~29,office,seoul,1,0,0,0,27,0,0,61,0,1,completed
38606,U8609,2025-06-02 12:27:00,2025-06-02 12:32:00,M,50+,office,seoul,0,0,0,0,25,0,0,39,0,0,completed
38607,U8610,2025-04-15 15:59:00,2025-04-15 16:06:00,F,40~49,office,seoul,0,0,0,0,24,0,0,48,0,0,completed
38608,U8611,2025-09-19 14:25:00,2025-09-19 14:27:00,F,20~29,office,seoul,0,0,0,0,24,0,0,64,0,0,completed
38609,U8612,2025-09-14 13:20:00,2025-09-14 13:24:00,M,20~29,office,seoul,1,0,0,0,16,0,0,54,0,0,completed
38610,U8613,2025-12-04 17:40:00,2025-12-04 17:45:00,M,50+,office,seoul,0,0,0,0,28,0,0,15,1,0,timeout
38611,U8614,2025-07-19 15:00:00,2025-07-19 15:03:00,F,50+,office,seoul,1,0,0,0,10,0,0,29,0,0,abandoned
38612,U8615,2025-09-25 17:32:00,2025-09-25 17:38:00,F,40~49,office,seoul,0,0,0,0,17,0,0,19,0,0,completed
38613,U8616,2025-03-19 18:11:00,2025-03-19 18:14:00,M,30~39,office,seoul,0,0,0,0,16,0,0,47,0,0,completed
38614,U8617,2025-02-27 20:53:00,2025-02-27 20:58:00,F,20~29,office,seoul,0,0,0,0,0,0,0,35,0,0,completed
38615,U8618,2025-06-18 13:15:00,2025-06-18 13:19:00,F,30~39,office,seoul,0,0,0,0,15,0,0,27,0,0,completed
38616,U8619,2025-09-02 07:56:00,2025-09-02 08:00:00,M,20~29,office,seoul,0,0,0,0,21,0,0,30,0,0,completed
38617,U8620,2025-12-10 14:51:00,2025-12-10 14:57:00,F,20~29,office,seoul,0,0,0,0,2,0,0,77,0,0,completed
38618,U8621,2025-04-14 15:01:00,2025-04-14 15:03:00,M,30~39,office,seoul,0,0,0,0,17,0,0,18,0,0,completed
38619,U8622,2025-12-23 19:06:00,2025-12-23 19:09:00,F,40~49,office,seoul,0,0,0,0,29,0,0,78,0,0,completed
38620,U8623,2025-11-17 09:35:00,2025-11-17 09:37:00,M,50+,office,seoul,0,0,0,0,19,0,0,48,0,0,completed
38621,U8624,2025-12-04 15:39:00,2025-12-04 15:46:00,M,20~29,office,seoul,0,0,0,0,19,0,0,20,0,0,abandoned
38622,U8625,2025-11-12 22:56:00,2025-11-12 23:00:00,F,20~29,office,seoul,0,0,0,0,22,0,0,64,0,0,completed
38623,U8626,2025-02-22 11:17:00,2025-02-22 11:21:00,F,30~39,office,seoul,1,0,0,0,28,0,0,73,0,0,completed
38624,U8627,2025-04-28 15:22:00,2025-04-28 15:27:00,F,30~39,office,seoul,0,0,0,0,1,0,0,13,0,0,abandoned
38625,U8628,2025-06-12 14:56:00,2025-06-12 14:58:00,M,30~39,office,seoul,0,0,0,0,18,0,0,57,0,0,abandoned
38626,U8629,2025-10-04 15:43:00,2025-10-04 15:50:00,F,30~39,office,seoul,1,0,0,0,24,0,0,59,0,0,completed
38627,U8630,2025-11-27 13:43:00,2025-11-27 13:50:00,F,40~49,office,seoul,0,0,0,0,18,0,0,13,0,0,abandoned
38628,U8631,2025-04-02 14:12:00,2025-04-02 14:15:00,M,20~29,office,seoul,0,0,0,0,5,0,0,60,0,0,completed
38629,U8632,2025-03-17 07:19:00,2025-03-17 07:25:00,M,20~29,office,seoul,0,0,0,0,29,0,0,40,0,0,completed
38630,U8633,2025-09-14 09:32:00,2025-09-14 09:39:00,F,50+,office,seoul,1,0,0,0,2,0,0,24,0,0,completed
38631,U8634,2025-10-06 11:04:00,2025-10-06 11:11:00,M,40~49,office,seoul,0,0,0,0,14,0,0,71,0,0,completed
38632,U8635,2025-12-27 22:10:00,2025-12-27 22:15:00,F,30~39,office,seoul,1,0,0,0,17,0,0,32,0,0,completed
38633,U8636,2025-10-28 14:53:00,2025-10-28 14:59:00,F,30~39,office,seoul,0,0,0,0,13,0,0,15,0,0,completed
38634,U8637,2025-11-29 15:04:00,2025-11-29 15:09:00,F,20~29,office,seoul,1,0,0,0,8,0,0,66,0,0,completed
38635,U8638,2025-01-26 08:02:00,2025-01-26 08:05:00,M,40~49,office,seoul,1,0,0,0,3,0,0,61,0,0,completed
38636,U8639,2025-03-16 08:31:00,2025-03-16 08:33:00,M,50+,office,seoul,1,0,0,0,0,0,0,61,1,0,completed
38637,U8640,2025-03-21 09:44:00,2025-03-21 09:47:00,M,50+,office,seoul,0,0,0,0,12,0,0,21,0,0,timeout
38638,U8641,2025-05-28 12:44:00,2025-05-28 12:51:00,M,20~29,office,seoul,0,0,0,0,24,0,0,76,0,0,completed
38639,U8642,2025-05-17 11:22:00,2025-05-17 11:29:00,F,40~49,office,seoul,1,0,0,0,23,0,0,51,0,0,completed
38640,U8643,2025-10-05 09:57:00,2025-10-05 10:01:00,F,30~39,office,seoul,1,0,0,0,4,0,0,67,0,0,completed
38641,U8644,2025-06-12 08:43:00,2025-06-12 08:48:00,F,40~49,office,seoul,0,0,0,0,6,0,0,13,0,0,completed
38642,U8645,2025-01-23 14:11:00,2025-01-23 14:16:00,F,30~39,office,seoul,0,0,0,0,27,0,0,48,0,0,completed
38643,U8646,2025-08-05 18:25:00,2025-08-05 18:27:00,M,20~29,office,seoul,0,0,0,0,6,0,0,62,0,0,completed
38644,U8647,2025-02-14 14:57:00,2025-02-14 15:04:00,M,30~39,office,seoul,0,0,0,0,28,0,0,48,0,0,completed
38645,U8648,2025-10-11 13:19:00,2025-10-11 13:23:00,F,50+,office,seoul,1,0,0,0,1,0,0,65,0,0,completed
38646,U8649,2025-01-03 15:38:00,2025-01-03 15:44:00,M,50+,office,seoul,0,0,0,0,18,0,0,21,0,0,completed
38647,U8650,2025-10-24 08:29:00,2025-10-24 08:32:00,F,50+,office,seoul,0,0,0,0,22,0,0,61,0,0,completed
38648,U8651,2025-06-22 18:11:00,2025-06-22 18:17:00,M,50+,office,seoul,1,0,0,0,3,0,0,18,0,0,completed
38649,U8652,2025-05-04 14:06:00,2025-05-04 14:11:00,F,20~29,office,seoul,1,0,0,0,2,0,0,64,0,0,completed
38650,U8653,2025-06-29 13:14:00,2025-06-29 13:16:00,M,50+,office,seoul,1,0,0,0,27,0,0,32,0,0,completed
38651,U8654,2025-06-20 17:43:00,2025-06-20 17:48:00,M,20~29,office,seoul,0,0,0,0,5,0,0,35,0,0,completed
38652,U8655,2025-02-03 16:38:00,2025-02-03 16:44:00,F,40~49,office,seoul,0,0,0,0,20,0,0,54,0,0,completed
38653,U8656,2025-08-22 16:02:00,2025-08-22 16:06:00,F,30~39,office,seoul,0,0,0,0,19,0,0,48,0,0,completed
38654,U8657,2025-11-05 12:05:00,2025-11-05 12:07:00,F,40~49,office,seoul,0,0,0,0,3,0,0,67,0,0,completed
38655,U8658,2025-11-18 09:48:00,2025-11-18 09:52:00,F,20~29,office,seoul,0,0,0,0,29,0,0,53,0,0,error
38656,U8659,2025-06-05 09:02:00,2025-06-05 09:06:00,M,30~39,office,seoul,0,0,0,0,27,0,0,11,0,0,completed
38657,U8660,2025-12-05 16:45:00,2025-12-05 16:48:00,F,30~39,office,seoul,0,0,0,0,14,0,0,38,0,0,completed
38658,U8661,2025-03-31 08:32:00,2025-03-31 08:39:00,F,30~39,office,seoul,0,0,0,0,4,0,0,50,0,0,abandoned
38659,U8662,2025-01-06 13:55:00,2025-01-06 14:02:00,M,40~49,office,seoul,0,0,0,0,20,0,0,40,0,0,completed
38660,U8663,2025-12-11 15:35:00,2025-12-11 15:40:00,M,40~49,office,seoul,0,0,0,0,3,0,0,38,0,0,completed
38661,U8664,2025-10-22 15:37:00,2025-10-22 15:44:00,F,20~29,office,seoul,0,0,0,0,11,0,0,12,0,0,completed
38662,U8665,2025-01-20 22:46:00,2025-01-20 22:51:00,F,50+,office,seoul,0,0,0,0,14,0,0,40,0,1,completed
38663,U8666,2025-08-30 12:31:00,2025-08-30 12:38:00,M,50+,office,seoul,1,0,0,0,25,0,0,67,0,0,abandoned
38664,U8667,2025-10-01 16:34:00,2025-10-01 16:36:00,M,30~39,office,seoul,0,0,0,0,25,0,0,27,0,0,completed
38665,U8668,2025-05-15 14:54:00,2025-05-15 14:56:00,M,50+,office,seoul,0,0,0,0,14,0,0,64,0,0,completed
38666,U8669,2025-09-08 14:51:00,2025-09-08 14:55:00,M,30~39,office,seoul,0,0,0,0,11,0,0,48,0,0,completed
38667,U8670,2025-04-11 14:09:00,2025-04-11 14:15:00,M,50+,office,seoul,0,0,0,0,0,0,0,12,0,0,completed
38668,U8671,2025-12-15 09:56:00,2025-12-15 09:59:00,M,20~29,office,seoul,0,0,0,0,10,0,0,58,0,0,completed
38669,U8672,2025-10-02 09:07:00,2025-10-02 09:10:00,F,30~39,office,seoul,0,0,0,0,18,0,0,35,0,0,completed
38670,U8673,2025-08-10 20:48:00,2025-08-10 20:53:00,M,20~29,office,seoul,1,0,0,0,3,0,0,15,0,0,completed
38671,U8674,2025-11-15 21:11:00,2025-11-15 21:15:00,M,50+,office,seoul,1,0,0,0,9,0,0,44,0,0,completed
38672,U8675,2025-07-28 08:58:00,2025-07-28 09:01:00,M,20~29,office,seoul,0,0,0,0,29,0,0,19,0,0,completed
38673,U8676,2025-10-28 09:54:00,2025-10-28 09:59:00,M,20~29,office,seoul,0,0,0,0,27,0,0,36,0,0,completed
38674,U8677,2025-12-21 17:41:00,2025-12-21 17:44:00,F,40~49,office,seoul,1,0,0,0,19,0,0,67,0,0,completed
38675,U8678,2025-12-08 09:38:00,2025-12-08 09:43:00,F,50+,office,seoul,0,0,0,0,25,0,0,14,0,0,completed
38676,U8679,2025-08-23 13:25:00,2025-08-23 13:29:00,M,30~39,office,seoul,1,0,0,0,17,0,0,25,0,0,completed
38677,U8680,2025-10-29 12:41:00,2025-10-29 12:47:00,F,50+,office,seoul,0,0,0,0,15,0,0,51,0,0,abandoned
38678,U8681,2025-06-28 09:38:00,2025-06-28 09:44:00,M,50+,office,seoul,1,0,0,0,1,0,0,29,0,0,abandoned
38679,U8682,2025-02-24 17:15:00,2025-02-24 17:19:00,F,20~29,office,seoul,0,0,0,0,27,0,0,25,0,0,completed
38680,U8683,2025-01-28 20:38:00,2025-01-28 20:44:00,F,20~29,office,seoul,0,0,0,0,21,0,0,11,0,0,completed
38681,U8684,2025-03-22 08:31:00,2025-03-22 08:33:00,F,20~29,office,seoul,1,0,0,0,29,0,0,60,0,0,completed
38682,U8685,2025-06-22 16:57:00,2025-06-22 17:03:00,M,50+,office,seoul,1,0,0,0,21,0,0,51,0,0,timeout
38683,U8686,2025-03-08 09:25:00,2025-03-08 09:31:00,M,20~29,office,seoul,1,0,0,0,4,0,0,67,0,0,completed
38684,U8687,2025-08-13 09:40:00,2025-08-13 09:47:00,F,50+,office,seoul,0,0,0,0,13,0,0,38,0,0,completed
38685,U8688,2025-03-14 14:48:00,2025-03-14 14:54:00,F,30~39,office,seoul,0,0,0,0,22,0,0,31,0,0,completed
38686,U8689,2025-06-03 17:26:00,2025-06-03 17:32:00,F,50+,office,seoul,0,0,0,0,1,0,0,75,1,0,completed
38687,U8690,2025-12-27 09:47:00,2025-12-27 09:52:00,F,50+,office,seoul,1,0,0,0,5,0,0,62,0,0,completed
38688,U8691,2025-07-08 14:46:00,2025-07-08 14:51:00,F,50+,office,seoul,0,0,0,0,1,0,0,71,0,1,completed
38689,U8692,2025-12-26 07:40:00,2025-12-26 07:46:00,F,20~29,office,seoul,0,0,0,0,29,0,0,18,0,1,abandoned
38690,U8693,2025-03-29 18:00:00,2025-03-29 18:03:00,M,40~49,office,seoul,1,0,0,0,4,0,0,79,1,0,abandoned
38691,U8694,2025-12-07 13:19:00,2025-12-07 13:21:00,F,50+,office,seoul,1,0,0,0,27,0,0,24,0,0,completed
38692,U8695,2025-05-11 19:19:00,2025-05-11 19:21:00,F,30~39,office,seoul,1,0,0,0,11,0,0,29,0,0,abandoned
38693,U8696,2025-11-04 15:55:00,2025-11-04 15:59:00,F,40~49,office,seoul,0,0,0,0,9,0,0,58,0,0,completed
38694,U8697,2025-03-04 19:38:00,2025-03-04 19:41:00,F,30~39,office,seoul,0,0,0,0,5,0,0,57,0,0,completed
38695,U8698,2025-02-18 19:02:00,2025-02-18 19:06:00,F,20~29,office,seoul,0,0,0,0,3,0,0,40,0,0,completed
38696,U8699,2025-10-05 18:40:00,2025-10-05 18:45:00,F,20~29,office,seoul,1,0,0,0,16,0,0,51,0,0,completed
38697,U8700,2025-10-09 15:02:00,2025-10-09 15:05:00,M,30~39,office,seoul,0,0,0,0,0,0,0,34,0,0,completed
38698,U8701,2025-01-02 17:50:00,2025-01-02 17:52:00,M,30~39,office,seoul,0,0,0,0,15,0,0,19,0,0,completed
38699,U8702,2025-11-21 09:06:00,2025-11-21 09:09:00,M,20~29,office,seoul,0,0,0,0,16,0,0,16,0,0,abandoned
38700,U8703,2025-08-30 08:31:00,2025-08-30 08:35:00,M,30~39,office,seoul,1,0,0,0,3,0,0,43,0,0,completed
38701,U8704,2025-03-18 17:48:00,2025-03-18 17:55:00,F,30~39,office,seoul,0,0,0,0,11,0,0,24,0,0,completed
38702,U8705,2025-09-18 20:32:00,2025-09-18 20:39:00,M,20~29,office,seoul,0,0,0,0,21,0,0,56,0,0,completed
38703,U8706,2025-10-15 11:59:00,2025-10-15 12:06:00,F,20~29,office,seoul,0,0,0,0,21,0,0,11,0,0,completed
38704,U8707,2025-06-29 12:10:00,2025-06-29 12:15:00,M,30~39,office,seoul,1,0,0,0,21,0,0,64,0,0,completed
38705,U8708,2025-03-07 16:48:00,2025-03-07 16:52:00,F,40~49,office,seoul,0,0,0,0,23,0,0,72,0,0,abandoned
38706,U8709,2025-07-02 17:52:00,2025-07-02 17:59:00,F,40~49,office,seoul,0,0,0,0,19,0,0,63,0,0,completed
38707,U8710,2025-06-21 17:21:00,2025-06-21 17:24:00,F,40~49,office,seoul,1,0,0,0,15,0,0,68,0,0,completed
38708,U8711,2025-02-05 16:16:00,2025-02-05 16:23:00,F,20~29,office,seoul,0,0,0,0,17,0,0,47,0,0,completed
38709,U8712,2025-02-13 14:20:00,2025-02-13 14:27:00,F,20~29,office,seoul,0,0,0,0,13,0,0,52,0,0,completed
38710,U8713,2025-11-13 18:38:00,2025-11-13 18:42:00,M,30~39,office,seoul,0,0,0,0,20,0,0,37,0,0,completed
38711,U8714,2025-01-18 20:14:00,2025-01-18 20:21:00,M,30~39,office,seoul,1,0,0,0,2,0,0,74,0,0,completed
38712,U8715,2025-01-31 13:49:00,2025-01-31 13:53:00,M,30~39,office,seoul,0,0,0,0,7,0,0,20,0,0,completed
38713,U8716,2025-04-18 15:43:00,2025-04-18 15:48:00,M,30~39,office,seoul,0,0,0,0,11,0,0,42,0,0,completed
38714,U8717,2025-03-17 21:35:00,2025-03-17 21:40:00,M,20~29,office,seoul,0,0,0,0,7,0,0,19,1,0,completed
38715,U8718,2025-05-29 16:01:00,2025-05-29 16:07:00,M,20~29,office,seoul,0,0,0,0,8,0,0,22,0,0,timeout
38716,U8719,2025-03-06 17:16:00,2025-03-06 17:21:00,M,30~39,office,seoul,0,0,0,0,11,0,0,29,0,0,completed
38717,U8720,2025-07-06 17:23:00,2025-07-06 17:30:00,M,40~49,office,seoul,1,0,0,0,12,0,0,50,0,0,completed
38718,U8721,2025-09-04 13:32:00,2025-09-04 13:38:00,M,20~29,office,seoul,0,0,0,0,20,0,0,78,1,0,completed
38719,U8722,2025-04-06 21:27:00,2025-04-06 21:30:00,M,20~29,office,seoul,1,0,0,0,20,0,0,70,0,0,completed
38720,U8723,2025-06-23 08:36:00,2025-06-23 08:43:00,F,30~39,office,seoul,0,0,0,0,12,0,0,30,0,1,completed
38721,U8724,2025-11-30 07:56:00,2025-11-30 07:59:00,F,30~39,office,seoul,1,0,0,0,7,0,0,53,0,0,completed
38722,U8725,2025-08-25 13:33:00,2025-08-25 13:40:00,M,40~49,office,seoul,0,0,0,0,7,0,0,62,0,0,abandoned
38723,U8726,2025-01-06 17:27:00,2025-01-06 17:33:00,F,30~39,office,seoul,0,0,0,0,29,0,0,17,0,0,timeout
38724,U8727,2025-11-26 12:28:00,2025-11-26 12:33:00,F,50+,office,seoul,0,0,0,0,29,0,0,62,0,0,completed
38725,U8728,2025-04-03 08:50:00,2025-04-03 08:55:00,F,20~29,office,seoul,0,0,0,0,1,0,0,18,0,0,completed
38726,U8729,2025-12-03 09:16:00,2025-12-03 09:19:00,F,40~49,office,seoul,0,0,0,0,21,0,0,62,0,0,completed
38727,U8730,2025-04-09 12:20:00,2025-04-09 12:25:00,F,20~29,office,seoul,0,0,0,0,14,0,0,18,0,0,completed
38728,U8731,2025-01-05 18:45:00,2025-01-05 18:49:00,F,40~49,office,seoul,1,0,0,0,29,0,0,49,0,0,completed
38729,U8732,2025-01-25 15:02:00,2025-01-25 15:04:00,M,20~29,office,seoul,1,0,0,0,25,0,0,72,0,0,completed
38730,U8733,2025-10-30 17:37:00,2025-10-30 17:39:00,F,40~49,office,seoul,0,0,0,0,3,0,0,60,0,0,completed
38731,U8734,2025-05-07 16:00:00,2025-05-07 16:03:00,M,30~39,office,seoul,0,0,0,0,18,0,0,49,0,0,completed
38732,U8735,2025-02-09 07:46:00,2025-02-09 07:52:00,F,20~29,office,seoul,1,0,0,0,29,0,0,27,0,0,completed
38733,U8736,2025-09-17 09:03:00,2025-09-17 09:07:00,F,30~39,office,seoul,0,0,0,0,7,0,0,41,0,0,abandoned
38734,U8737,2025-03-15 12:06:00,2025-03-15 12:10:00,M,20~29,office,seoul,1,0,0,0,13,0,0,40,0,0,completed
38735,U8738,2025-02-21 18:39:00,2025-02-21 18:42:00,M,30~39,office,seoul,0,0,0,0,12,0,0,44,0,0,completed
38736,U8739,2025-01-16 14:57:00,2025-01-16 15:03:00,F,40~49,office,seoul,0,0,0,0,17,0,0,39,0,0,completed
38737,U8740,2025-06-05 13:44:00,2025-06-05 13:49:00,M,30~39,office,seoul,0,0,0,0,24,0,0,58,0,0,completed
38738,U8741,2025-02-16 14:35:00,2025-02-16 14:41:00,F,30~39,office,seoul,1,0,0,0,25,0,0,55,0,0,timeout
38739,U8742,2025-12-08 13:02:00,2025-12-08 13:09:00,M,20~29,office,seoul,0,0,0,0,0,0,0,28,0,0,completed
38740,U8743,2025-11-16 19:26:00,2025-11-16 19:28:00,M,30~39,office,seoul,1,0,0,0,1,0,0,33,0,0,completed
38741,U8744,2025-06-11 18:14:00,2025-06-11 18:17:00,M,20~29,office,seoul,0,0,0,0,6,0,0,30,0,0,completed
38742,U8745,2025-01-05 14:02:00,2025-01-05 14:09:00,F,20~29,office,seoul,1,0,0,0,9,0,0,76,0,0,completed
38743,U8746,2025-04-17 15:36:00,2025-04-17 15:43:00,F,50+,office,seoul,0,0,0,0,27,0,0,39,0,0,completed
38744,U8747,2025-07-13 17:10:00,2025-07-13 17:12:00,F,30~39,office,seoul,1,0,0,0,22,0,0,41,0,0,completed
38745,U8748,2025-08-26 14:57:00,2025-08-26 14:59:00,M,20~29,office,seoul,0,0,0,0,18,0,0,70,0,0,timeout
38746,U8749,2025-11-07 14:45:00,2025-11-07 14:49:00,F,20~29,office,seoul,0,0,0,0,7,0,0,25,0,0,completed
38747,U8750,2025-09-14 09:00:00,2025-09-14 09:02:00,F,40~49,office,seoul,1,0,0,0,25,0,0,37,0,0,completed
38748,U8751,2025-01-28 18:35:00,2025-01-28 18:38:00,M,20~29,office,seoul,0,0,0,0,20,0,0,33,0,0,completed
38749,U8752,2025-02-17 07:33:00,2025-02-17 07:40:00,M,50+,office,seoul,0,0,0,0,14,0,0,48,0,0,completed
38750,U8753,2025-05-11 15:49:00,2025-05-11 15:56:00,F,20~29,office,seoul,1,0,0,0,12,0,0,16,0,0,completed
38751,U8754,2025-03-01 16:23:00,2025-03-01 16:29:00,F,20~29,office,seoul,1,0,0,0,26,0,0,59,0,0,completed
38752,U8755,2025-04-12 08:19:00,2025-04-12 08:26:00,F,20~29,office,seoul,1,0,0,0,21,0,0,21,0,0,completed
38753,U8756,2025-10-09 07:04:00,2025-10-09 07:09:00,F,40~49,office,seoul,0,0,0,0,29,0,0,11,0,0,completed
38754,U8757,2025-12-28 09:49:00,2025-12-28 09:51:00,M,20~29,office,seoul,1,0,0,0,20,0,0,21,0,0,completed
38755,U8758,2025-09-26 15:51:00,2025-09-26 15:53:00,F,50+,office,seoul,0,0,0,0,22,0,0,48,0,0,completed
38756,U8759,2025-03-05 11:29:00,2025-03-05 11:31:00,F,30~39,office,seoul,0,0,0,0,28,0,0,56,0,0,completed
38757,U8760,2025-08-07 14:34:00,2025-08-07 14:38:00,M,20~29,office,seoul,0,0,0,0,12,0,0,65,0,0,completed
38758,U8761,2025-09-26 17:22:00,2025-09-26 17:25:00,M,30~39,office,seoul,0,0,0,0,2,0,0,54,0,0,completed
38759,U8762,2025-02-10 12:18:00,2025-02-10 12:20:00,M,20~29,office,seoul,0,0,0,0,11,0,0,40,0,0,completed
38760,U8763,2025-06-08 13:32:00,2025-06-08 13:36:00,F,30~39,office,seoul,1,0,0,0,3,0,0,37,0,0,abandoned
38761,U8764,2025-01-26 18:05:00,2025-01-26 18:07:00,F,30~39,office,seoul,1,0,0,0,14,0,0,22,0,0,completed
38762,U8765,2025-12-28 08:04:00,2025-12-28 08:07:00,F,50+,office,seoul,1,0,0,0,14,0,0,13,0,0,completed
38763,U8766,2025-01-03 22:00:00,2025-01-03 22:03:00,M,20~29,office,seoul,0,0,0,0,18,0,0,76,0,0,completed
38764,U8767,2025-02-15 15:57:00,2025-02-15 16:01:00,M,50+,office,seoul,1,0,0,0,18,0,0,50,0,0,completed
38765,U8768,2025-07-31 13:35:00,2025-07-31 13:37:00,F,30~39,office,seoul,0,0,0,0,24,0,0,42,0,0,completed
38766,U8769,2025-12-03 20:35:00,2025-12-03 20:41:00,M,40~49,office,seoul,0,0,0,0,13,0,0,63,0,0,completed
38767,U8770,2025-10-09 11:16:00,2025-10-09 11:20:00,F,20~29,office,seoul,0,0,0,0,7,0,0,69,0,0,completed
38768,U8771,2025-04-15 11:50:00,2025-04-15 11:52:00,F,40~49,office,seoul,0,0,0,0,2,0,0,72,0,0,completed
38769,U8772,2025-06-20 12:42:00,2025-06-20 12:49:00,M,50+,office,seoul,0,0,0,0,28,0,0,64,0,0,completed
38770,U8773,2025-09-26 09:02:00,2025-09-26 09:05:00,F,20~29,office,seoul,0,0,0,0,0,0,0,59,0,0,completed
38771,U8774,2025-04-03 12:14:00,2025-04-03 12:20:00,F,50+,office,seoul,0,0,0,0,5,0,0,76,0,0,completed
38772,U8775,2025-09-29 09:36:00,2025-09-29 09:38:00,F,20~29,office,seoul,0,0,0,0,28,0,0,14,0,0,completed
38773,U8776,2025-11-14 13:58:00,2025-11-14 14:01:00,F,40~49,office,seoul,0,0,0,0,12,0,0,28,0,0,abandoned
38774,U8777,2025-08-09 16:34:00,2025-08-09 16:36:00,M,20~29,office,seoul,1,0,0,0,27,0,0,50,0,0,completed
38775,U8778,2025-10-13 08:41:00,2025-10-13 08:47:00,F,40~49,office,seoul,0,0,0,0,11,0,0,73,0,0,completed
38776,U8779,2025-02-14 16:25:00,2025-02-14 16:32:00,F,20~29,office,seoul,0,0,0,0,10,0,0,49,0,0,completed
38777,U8780,2025-02-28 15:44:00,2025-02-28 15:48:00,F,50+,office,seoul,0,0,0,0,2,0,0,65,0,1,completed
38778,U8781,2025-03-19 13:01:00,2025-03-19 13:06:00,F,40~49,office,seoul,0,0,0,0,25,0,0,13,0,0,completed
38779,U8782,2025-12-03 11:03:00,2025-12-03 11:06:00,M,30~39,office,seoul,0,0,0,0,17,0,0,21,0,0,completed
38780,U8783,2025-04-16 16:44:00,2025-04-16 16:51:00,F,20~29,office,seoul,0,0,0,0,4,0,0,75,0,1,completed
38781,U8784,2025-07-18 14:57:00,2025-07-18 15:03:00,F,40~49,office,seoul,0,0,0,0,18,0,0,30,0,0,completed
38782,U8785,2025-09-09 12:27:00,2025-09-09 12:31:00,F,20~29,office,seoul,0,0,0,0,25,0,0,44,0,0,completed
38783,U8786,2025-06-08 13:11:00,2025-06-08 13:13:00,M,40~49,office,seoul,1,0,0,0,13,0,0,71,0,0,completed
38784,U8787,2025-05-31 09:45:00,2025-05-31 09:47:00,M,40~49,office,seoul,1,0,0,0,8,0,0,52,0,0,completed
38785,U8788,2025-01-31 14:53:00,2025-01-31 15:00:00,M,30~39,office,seoul,0,0,0,0,15,0,0,69,0,0,completed
38786,U8789,2025-03-04 21:06:00,2025-03-04 21:12:00,F,40~49,office,seoul,0,0,0,0,12,0,0,31,0,0,completed
38787,U8790,2025-03-10 19:40:00,2025-03-10 19:43:00,F,20~29,office,seoul,0,0,0,0,27,0,0,61,0,0,completed
38788,U8791,2025-03-29 14:06:00,2025-03-29 14:12:00,M,20~29,office,seoul,1,0,0,0,1,0,0,76,0,0,completed
38789,U8792,2025-07-24 12:07:00,2025-07-24 12:10:00,F,40~49,office,seoul,0,0,0,0,23,0,0,11,0,0,completed
38790,U8793,2025-06-05 12:51:00,2025-06-05 12:55:00,F,30~39,office,seoul,0,0,0,0,23,0,0,64,0,0,completed
38791,U8794,2025-06-15 11:43:00,2025-06-15 11:49:00,F,20~29,office,seoul,1,0,0,0,20,0,0,78,0,0,completed
38792,U8795,2025-03-14 18:27:00,2025-03-14 18:30:00,M,30~39,office,seoul,0,0,0,0,3,0,0,17,0,0,completed
38793,U8796,2025-01-05 17:33:00,2025-01-05 17:35:00,M,30~39,office,seoul,1,0,0,0,29,0,0,58,0,0,completed
38794,U8797,2025-09-10 08:49:00,2025-09-10 08:51:00,F,20~29,office,seoul,0,0,0,0,22,0,0,57,0,0,completed
38795,U8798,2025-02-10 14:52:00,2025-02-10 14:54:00,F,20~29,office,seoul,0,0,0,0,4,0,0,70,0,0,completed
38796,U8799,2025-08-12 07:37:00,2025-08-12 07:43:00,M,20~29,office,seoul,0,0,0,0,18,0,0,28,0,0,completed
38797,U8800,2025-06-13 17:11:00,2025-06-13 17:17:00,F,50+,office,seoul,0,0,0,0,3,0,0,44,0,0,completed
38798,U8801,2025-03-08 12:32:00,2025-03-08 12:35:00,M,40~49,office,seoul,1,0,0,0,5,0,0,45,0,0,completed
38799,U8802,2025-09-28 20:05:00,2025-09-28 20:12:00,F,40~49,office,seoul,1,0,0,0,27,0,0,43,0,0,completed
38800,U8803,2025-06-15 16:54:00,2025-06-15 17:01:00,F,20~29,office,seoul,1,0,0,0,22,0,0,53,0,0,completed
38801,U8804,2025-10-21 17:32:00,2025-10-21 17:37:00,F,40~49,office,seoul,0,0,0,0,1,0,0,64,0,1,completed
38802,U8805,2025-02-25 14:28:00,2025-02-25 14:34:00,F,30~39,office,seoul,0,0,0,0,27,0,0,70,1,0,timeout
38803,U8806,2025-05-09 13:46:00,2025-05-09 13:50:00,F,50+,office,seoul,0,0,0,0,29,0,0,77,0,0,completed
38804,U8807,2025-07-16 18:15:00,2025-07-16 18:20:00,F,20~29,office,seoul,0,0,0,0,25,0,0,24,0,0,completed
38805,U8808,2025-09-21 18:59:00,2025-09-21 19:06:00,F,40~49,office,seoul,1,0,0,0,7,0,0,32,0,0,completed
38806,U8809,2025-03-24 14:05:00,2025-03-24 14:09:00,F,50+,office,seoul,0,0,0,0,9,0,0,21,0,0,completed
38807,U8810,2025-04-17 11:16:00,2025-04-17 11:23:00,F,20~29,office,seoul,0,0,0,0,4,0,0,20,0,0,abandoned
38808,U8811,2025-11-26 12:32:00,2025-11-26 12:37:00,M,20~29,office,seoul,0,0,0,0,23,0,0,39,0,0,completed
38809,U8812,2025-10-21 12:05:00,2025-10-21 12:11:00,F,40~49,office,seoul,0,0,0,0,29,0,0,23,1,0,completed
38810,U8813,2025-10-05 18:05:00,2025-10-05 18:09:00,M,30~39,office,seoul,1,0,0,0,6,0,0,34,0,0,completed
38811,U8814,2025-01-10 15:41:00,2025-01-10 15:45:00,M,40~49,office,seoul,0,0,0,0,16,0,0,15,0,0,completed
38812,U8815,2025-03-22 16:28:00,2025-03-22 16:32:00,F,20~29,office,seoul,1,0,0,0,4,0,0,36,0,0,completed
38813,U8816,2025-01-28 13:44:00,2025-01-28 13:46:00,F,30~39,office,seoul,0,0,0,0,11,0,0,32,0,0,completed
38814,U8817,2025-12-13 11:34:00,2025-12-13 11:37:00,F,50+,office,seoul,1,0,0,0,12,0,0,11,0,0,completed
38815,U8818,2025-10-23 19:41:00,2025-10-23 19:43:00,M,30~39,office,seoul,0,0,0,0,4,0,0,35,0,0,completed
38816,U8819,2025-05-09 15:21:00,2025-05-09 15:23:00,M,30~39,office,seoul,0,0,0,0,21,0,0,52,0,0,completed
38817,U8820,2025-07-13 15:54:00,2025-07-13 15:57:00,M,40~49,office,seoul,1,0,0,0,5,0,0,27,0,0,completed
38818,U8821,2025-11-30 08:30:00,2025-11-30 08:37:00,M,50+,office,seoul,1,0,0,0,6,0,0,19,0,0,completed
38819,U8822,2025-01-24 14:44:00,2025-01-24 14:51:00,F,20~29,office,seoul,0,0,0,0,23,0,0,77,0,0,completed
38820,U8823,2025-01-13 08:48:00,2025-01-13 08:55:00,F,20~29,office,seoul,0,0,0,0,4,0,0,11,0,0,completed
38821,U8824,2025-09-17 15:15:00,2025-09-17 15:21:00,M,30~39,office,seoul,0,0,0,0,6,0,0,26,0,0,completed
38822,U8825,2025-06-16 08:37:00,2025-06-16 08:44:00,M,50+,office,seoul,0,0,0,0,22,0,0,51,0,0,completed
38823,U8826,2025-10-15 19:21:00,2025-10-15 19:28:00,M,20~29,office,seoul,0,0,0,0,3,0,0,23,0,0,completed
38824,U8827,2025-03-25 12:27:00,2025-03-25 12:33:00,F,50+,office,seoul,0,0,0,0,18,0,0,60,0,0,completed
38825,U8828,2025-07-13 20:05:00,2025-07-13 20:09:00,F,30~39,office,seoul,1,0,0,0,2,0,0,50,0,0,completed
38826,U8829,2025-10-27 12:49:00,2025-10-27 12:54:00,M,30~39,office,seoul,0,0,0,0,18,0,0,62,0,0,completed
38827,U8830,2025-09-10 17:16:00,2025-09-10 17:20:00,F,40~49,office,seoul,0,0,0,0,29,0,0,58,0,0,completed
38828,U8831,2025-07-16 21:27:00,2025-07-16 21:29:00,M,30~39,office,seoul,0,0,0,0,12,0,0,44,0,0,abandoned
38829,U8832,2025-06-29 12:27:00,2025-06-29 12:31:00,F,40~49,office,seoul,1,0,0,0,3,0,0,42,0,0,completed
38830,U8833,2025-07-25 15:50:00,2025-07-25 15:53:00,F,20~29,office,seoul,0,0,0,0,24,0,0,49,0,0,completed
38831,U8834,2025-01-23 14:41:00,2025-01-23 14:43:00,M,50+,office,seoul,0,0,0,0,4,0,0,78,0,0,completed
38832,U8835,2025-08-12 15:25:00,2025-08-12 15:28:00,F,20~29,office,seoul,0,0,0,0,3,0,0,53,0,0,completed
38833,U8836,2025-08-31 17:53:00,2025-08-31 17:58:00,F,30~39,office,seoul,1,0,0,0,27,0,0,23,0,0,completed
38834,U8837,2025-12-23 09:44:00,2025-12-23 09:51:00,F,20~29,office,seoul,0,0,0,0,27,0,0,77,0,0,abandoned
38835,U8838,2025-08-05 12:19:00,2025-08-05 12:22:00,F,30~39,office,seoul,0,0,0,0,0,0,0,73,0,0,completed
38836,U8839,2025-07-27 16:53:00,2025-07-27 16:55:00,F,20~29,office,seoul,1,0,0,0,29,0,0,50,0,0,completed
38837,U8840,2025-07-21 17:17:00,2025-07-21 17:23:00,F,20~29,office,seoul,0,0,0,0,18,0,0,77,0,0,completed
38838,U8841,2025-09-08 12:12:00,2025-09-08 12:19:00,F,20~29,office,seoul,0,0,0,0,9,0,0,69,0,0,completed
38839,U8842,2025-08-17 15:24:00,2025-08-17 15:30:00,F,40~49,office,seoul,1,0,0,0,19,0,0,45,0,0,completed
38840,U8843,2025-04-30 21:17:00,2025-04-30 21:20:00,F,20~29,office,seoul,0,0,0,0,11,0,0,47,0,0,completed
38841,U8844,2025-03-10 07:38:00,2025-03-10 07:45:00,M,30~39,office,seoul,0,0,0,0,26,0,0,61,0,0,completed
38842,U8845,2025-05-03 12:44:00,2025-05-03 12:51:00,M,20~29,office,seoul,1,0,0,0,11,0,0,45,0,0,completed
38843,U8846,2025-12-22 16:29:00,2025-12-22 16:34:00,M,40~49,office,seoul,0,0,0,0,6,0,0,38,0,0,completed
38844,U8847,2025-09-28 16:24:00,2025-09-28 16:26:00,M,30~39,office,seoul,1,0,0,0,27,0,0,10,0,0,completed
38845,U8848,2025-09-11 15:33:00,2025-09-11 15:37:00,M,30~39,office,seoul,0,0,0,0,19,0,0,77,0,0,completed
38846,U8849,2025-08-01 12:03:00,2025-08-01 12:07:00,F,20~29,office,seoul,0,0,0,0,16,0,0,23,0,0,completed
38847,U8850,2025-10-12 13:10:00,2025-10-12 13:15:00,M,30~39,office,seoul,1,0,0,0,2,0,0,74,0,0,completed
38848,U8851,2025-10-09 21:48:00,2025-10-09 21:51:00,M,40~49,office,seoul,0,0,0,0,17,0,0,76,0,0,completed
38849,U8852,2025-09-17 15:33:00,2025-09-17 15:38:00,F,30~39,office,seoul,0,0,0,0,17,0,0,32,0,0,completed
38850,U8853,2025-03-25 18:19:00,2025-03-25 18:25:00,F,40~49,office,seoul,0,0,0,0,26,0,0,65,0,0,completed
38851,U8854,2025-12-17 13:51:00,2025-12-17 13:54:00,F,50+,office,seoul,0,0,0,0,19,0,0,14,0,0,completed
38852,U8855,2025-05-22 12:09:00,2025-05-22 12:11:00,F,20~29,office,seoul,0,0,0,0,24,0,0,35,0,0,abandoned
38853,U8856,2025-07-09 21:18:00,2025-07-09 21:21:00,F,30~39,office,seoul,0,0,0,0,27,0,0,41,0,0,completed
38854,U8857,2025-02-28 19:15:00,2025-02-28 19:18:00,F,30~39,office,seoul,0,0,0,0,6,0,0,53,0,0,completed
38855,U8858,2025-04-09 12:00:00,2025-04-09 12:06:00,M,40~49,office,seoul,0,0,0,0,9,0,0,57,0,0,completed
38856,U8859,2025-09-23 08:36:00,2025-09-23 08:39:00,M,40~49,office,seoul,0,0,0,0,0,0,0,30,0,0,completed
38857,U8860,2025-08-03 18:03:00,2025-08-03 18:07:00,F,20~29,office,seoul,1,0,0,0,12,0,0,16,0,0,completed
38858,U8861,2025-07-11 11:17:00,2025-07-11 11:24:00,F,30~39,office,seoul,0,0,0,0,12,0,0,36,0,0,completed
38859,U8862,2025-04-16 12:21:00,2025-04-16 12:24:00,F,30~39,office,seoul,0,0,0,0,1,0,0,61,0,0,completed
38860,U8863,2025-01-13 16:44:00,2025-01-13 16:50:00,M,30~39,office,seoul,0,0,0,0,15,0,0,44,0,0,timeout
38861,U8864,2025-06-12 08:42:00,2025-06-12 08:48:00,M,40~49,office,seoul,0,0,0,0,4,0,0,43,0,0,completed
38862,U8865,2025-07-22 14:18:00,2025-07-22 14:24:00,M,30~39,office,seoul,0,0,0,0,2,0,0,50,0,0,completed
38863,U8866,2025-09-09 16:26:00,2025-09-09 16:33:00,F,30~39,office,seoul,0,0,0,0,14,0,0,28,0,0,completed
38864,U8867,2025-01-20 14:54:00,2025-01-20 14:57:00,F,30~39,office,seoul,0,0,0,0,26,0,0,62,0,0,completed
38865,U8868,2025-08-01 18:28:00,2025-08-01 18:32:00,F,50+,office,seoul,0,0,0,0,19,0,0,26,0,0,completed
38866,U8869,2025-09-21 20:10:00,2025-09-21 20:17:00,M,50+,office,seoul,1,0,0,0,8,0,0,25,0,0,completed
38867,U8870,2025-09-30 08:56:00,2025-09-30 09:01:00,M,50+,office,seoul,0,0,0,0,0,0,0,75,0,1,completed
38868,U8871,2025-11-03 09:42:00,2025-11-03 09:49:00,F,30~39,office,seoul,0,0,0,0,9,0,0,11,0,0,completed
38869,U8872,2025-05-17 12:38:00,2025-05-17 12:42:00,F,40~49,office,seoul,1,0,0,0,25,0,0,52,0,0,completed
38870,U8873,2025-07-14 12:26:00,2025-07-14 12:31:00,F,30~39,office,seoul,0,0,0,0,9,0,0,49,0,0,completed
38871,U8874,2025-04-25 16:08:00,2025-04-25 16:11:00,F,20~29,office,seoul,0,0,0,0,10,0,0,32,0,0,completed
38872,U8875,2025-09-19 11:04:00,2025-09-19 11:08:00,M,20~29,office,seoul,0,0,0,0,16,0,0,36,0,0,error
38873,U8876,2025-09-14 16:32:00,2025-09-14 16:36:00,M,50+,office,seoul,1,0,0,0,12,0,0,26,0,0,completed
38874,U8877,2025-09-12 11:43:00,2025-09-12 11:46:00,M,30~39,office,seoul,0,0,0,0,2,0,0,46,0,0,completed
38875,U8878,2025-07-17 15:45:00,2025-07-17 15:52:00,F,50+,office,seoul,0,0,0,0,2,0,0,30,0,0,completed
38876,U8879,2025-02-12 18:53:00,2025-02-12 18:56:00,M,30~39,office,seoul,0,0,0,0,23,0,0,19,0,0,completed
38877,U8880,2025-04-27 08:07:00,2025-04-27 08:14:00,M,40~49,office,seoul,1,0,0,0,6,0,0,50,0,0,completed
38878,U8881,2025-01-14 14:50:00,2025-01-14 14:55:00,F,30~39,office,seoul,0,0,0,0,10,0,0,68,0,0,completed
38879,U8882,2025-08-08 09:37:00,2025-08-08 09:44:00,M,40~49,office,seoul,0,0,0,0,14,0,0,17,0,0,completed
38880,U8883,2025-02-17 18:19:00,2025-02-17 18:22:00,M,20~29,office,seoul,0,0,0,0,20,0,0,26,0,0,completed
38881,U8884,2025-03-25 17:38:00,2025-03-25 17:44:00,F,40~49,office,seoul,0,0,0,0,24,0,0,77,0,0,completed
38882,U8885,2025-09-13 15:18:00,2025-09-13 15:25:00,M,50+,office,seoul,1,0,0,0,22,0,0,54,0,0,completed
38883,U8886,2025-11-02 14:20:00,2025-11-02 14:26:00,M,40~49,office,seoul,1,0,0,0,28,0,0,70,0,0,completed
38884,U8887,2025-11-09 14:38:00,2025-11-09 14:44:00,F,30~39,office,seoul,1,0,0,0,21,0,0,53,0,0,completed
38885,U8888,2025-01-07 08:35:00,2025-01-07 08:39:00,F,40~49,office,seoul,0,0,0,0,6,0,0,77,0,0,completed
38886,U8889,2025-08-08 08:36:00,2025-08-08 08:38:00,M,30~39,office,seoul,0,0,0,0,22,0,0,40,0,0,completed
38887,U8890,2025-03-27 17:57:00,2025-03-27 18:01:00,F,40~49,office,seoul,0,0,0,0,24,0,0,64,0,0,abandoned
38888,U8891,2025-10-02 16:04:00,2025-10-02 16:08:00,M,40~49,office,seoul,0,0,0,0,17,0,0,10,0,0,abandoned
38889,U8892,2025-09-09 14:30:00,2025-09-09 14:36:00,M,20~29,office,seoul,0,0,0,0,5,0,0,50,0,0,completed
38890,U8893,2025-08-31 20:35:00,2025-08-31 20:41:00,M,20~29,office,seoul,1,0,0,0,5,0,0,16,0,0,completed
38891,U8894,2025-11-09 09:55:00,2025-11-09 10:00:00,F,40~49,office,seoul,1,0,0,0,29,0,0,44,0,0,completed
38892,U8895,2025-11-30 16:43:00,2025-11-30 16:48:00,M,20~29,office,seoul,1,0,0,0,5,0,0,71,0,0,completed
38893,U8896,2025-06-25 16:34:00,2025-06-25 16:41:00,M,30~39,office,seoul,0,0,0,0,14,0,0,53,0,0,completed
38894,U8897,2025-12-08 18:55:00,2025-12-08 19:00:00,F,20~29,office,seoul,0,0,0,0,3,0,0,62,0,0,completed
38895,U8898,2025-09-06 08:48:00,2025-09-06 08:55:00,M,30~39,office,seoul,1,0,0,0,25,0,0,10,0,0,completed
38896,U8899,2025-10-12 17:07:00,2025-10-12 17:14:00,M,30~39,office,seoul,1,0,0,0,12,0,0,57,0,0,completed
38897,U8900,2025-01-26 15:19:00,2025-01-26 15:25:00,F,20~29,office,seoul,1,0,0,0,10,0,0,37,0,0,completed
38898,U8901,2025-12-06 18:43:00,2025-12-06 18:48:00,F,50+,office,seoul,1,0,0,0,23,0,0,63,0,0,completed
38899,U8902,2025-09-15 09:10:00,2025-09-15 09:15:00,F,30~39,office,seoul,0,0,0,0,28,0,0,76,0,0,abandoned
38900,U8903,2025-03-05 15:49:00,2025-03-05 15:51:00,F,30~39,office,seoul,0,0,0,0,28,0,0,27,0,0,completed
38901,U8904,2025-09-27 16:26:00,2025-09-27 16:30:00,M,30~39,office,seoul,1,0,0,0,22,0,0,73,0,0,completed
38902,U8905,2025-11-13 11:33:00,2025-11-13 11:38:00,F,30~39,office,seoul,0,0,0,0,17,0,0,30,0,0,completed
38903,U8906,2025-01-21 15:44:00,2025-01-21 15:48:00,F,30~39,office,seoul,0,0,0,0,0,0,0,40,0,0,abandoned
38904,U8907,2025-04-15 14:19:00,2025-04-15 14:24:00,F,30~39,office,seoul,0,0,0,0,7,0,0,76,0,0,completed
38905,U8908,2025-09-08 20:35:00,2025-09-08 20:38:00,F,30~39,office,seoul,0,0,0,0,5,0,0,32,0,0,completed
38906,U8909,2025-04-04 14:59:00,2025-04-04 15:03:00,M,20~29,office,seoul,0,0,0,0,22,0,0,65,0,0,completed
38907,U8910,2025-01-27 17:35:00,2025-01-27 17:40:00,M,30~39,office,seoul,0,0,0,0,22,0,0,63,0,0,completed
38908,U8911,2025-11-20 21:51:00,2025-11-20 21:55:00,M,30~39,office,seoul,0,0,0,0,18,0,0,57,0,0,completed
38909,U8912,2025-05-18 17:49:00,2025-05-18 17:54:00,M,20~29,office,seoul,1,0,0,0,20,0,0,44,0,0,abandoned
38910,U8913,2025-04-25 07:22:00,2025-04-25 07:24:00,F,40~49,office,seoul,0,0,0,0,13,0,0,20,0,0,completed
38911,U8914,2025-06-13 14:10:00,2025-06-13 14:14:00,F,30~39,office,seoul,0,0,0,0,17,0,0,53,0,0,completed
38912,U8915,2025-03-18 07:50:00,2025-03-18 07:52:00,F,30~39,office,seoul,0,0,0,0,24,0,0,31,0,0,completed
38913,U8916,2025-01-12 13:10:00,2025-01-12 13:12:00,F,50+,office,seoul,1,0,0,0,23,0,0,58,0,0,completed
38914,U8917,2025-09-12 08:06:00,2025-09-12 08:08:00,F,30~39,office,seoul,0,0,0,0,26,0,0,15,0,0,completed
38915,U8918,2025-09-18 07:33:00,2025-09-18 07:39:00,F,50+,office,seoul,0,0,0,0,25,0,0,75,0,0,completed
38916,U8919,2025-09-27 16:11:00,2025-09-27 16:17:00,F,20~29,office,seoul,1,0,0,0,12,0,0,70,0,0,abandoned
38917,U8920,2025-02-13 18:00:00,2025-02-13 18:07:00,F,20~29,office,seoul,0,0,0,0,24,0,0,13,0,0,completed
38918,U8921,2025-07-15 15:05:00,2025-07-15 15:08:00,M,20~29,office,seoul,0,0,0,0,1,0,0,47,0,0,completed
38919,U8922,2025-06-30 09:25:00,2025-06-30 09:32:00,F,40~49,office,seoul,0,0,0,0,21,0,0,78,0,0,completed
38920,U8923,2025-09-18 12:09:00,2025-09-18 12:12:00,M,50+,office,seoul,0,0,0,0,5,0,0,26,0,1,completed
38921,U8924,2025-07-05 13:10:00,2025-07-05 13:13:00,M,40~49,office,seoul,1,0,0,0,26,0,0,10,0,0,completed
38922,U8925,2025-02-26 07:17:00,2025-02-26 07:21:00,F,30~39,office,seoul,0,0,0,0,1,0,0,48,0,0,completed
38923,U8926,2025-04-06 15:51:00,2025-04-06 15:57:00,M,20~29,office,seoul,1,0,0,0,18,0,0,63,0,0,completed
38924,U8927,2025-10-03 15:04:00,2025-10-03 15:09:00,F,30~39,office,seoul,0,0,0,0,25,0,0,56,0,0,completed
38925,U8928,2025-12-26 12:11:00,2025-12-26 12:17:00,F,20~29,office,seoul,0,0,0,0,28,0,0,71,0,0,completed
38926,U8929,2025-12-26 12:37:00,2025-12-26 12:43:00,M,40~49,office,seoul,0,0,0,0,16,0,0,50,0,0,completed
38927,U8930,2025-03-05 08:08:00,2025-03-05 08:14:00,F,20~29,office,seoul,0,0,0,0,4,0,0,21,0,0,completed
38928,U8931,2025-03-05 16:26:00,2025-03-05 16:33:00,F,40~49,office,seoul,0,0,0,0,11,0,0,30,0,0,completed
38929,U8932,2025-06-11 12:00:00,2025-06-11 12:04:00,F,20~29,office,seoul,0,0,0,0,21,0,0,40,0,0,completed
38930,U8933,2025-07-11 12:49:00,2025-07-11 12:55:00,F,40~49,office,seoul,0,0,0,0,24,0,0,77,0,0,completed
38931,U8934,2025-04-30 09:11:00,2025-04-30 09:14:00,F,40~49,office,seoul,0,0,0,0,4,0,0,54,0,0,completed
38932,U8935,2025-02-01 14:11:00,2025-02-01 14:13:00,F,30~39,office,seoul,1,0,0,0,10,0,0,61,0,0,completed
38933,U8936,2025-06-14 12:28:00,2025-06-14 12:30:00,M,40~49,office,seoul,1,0,0,0,26,0,0,72,0,0,abandoned
38934,U8937,2025-10-04 16:41:00,2025-10-04 16:46:00,F,50+,office,seoul,1,0,0,0,26,0,0,47,0,0,completed
38935,U8938,2025-11-05 09:42:00,2025-11-05 09:44:00,M,50+,office,seoul,0,0,0,0,1,0,0,44,0,0,completed
38936,U8939,2025-09-04 13:52:00,2025-09-04 13:56:00,F,20~29,office,seoul,0,0,0,0,21,0,0,68,0,0,abandoned
38937,U8940,2025-08-07 13:56:00,2025-08-07 13:58:00,F,40~49,office,seoul,0,0,0,0,4,0,0,72,0,0,completed
38938,U8941,2025-12-16 13:23:00,2025-12-16 13:28:00,F,20~29,office,seoul,0,0,0,0,20,0,0,57,0,0,completed
38939,U8942,2025-04-30 17:27:00,2025-04-30 17:30:00,M,40~49,office,seoul,0,0,0,0,24,0,0,10,0,0,abandoned
38940,U8943,2025-09-05 16:10:00,2025-09-05 16:16:00,F,20~29,office,seoul,0,0,0,0,13,0,0,68,0,0,completed
38941,U8944,2025-04-05 12:39:00,2025-04-05 12:46:00,M,20~29,office,seoul,1,0,0,0,21,0,0,31,0,0,abandoned
38942,U8945,2025-04-01 09:41:00,2025-04-01 09:45:00,M,40~49,office,seoul,0,0,0,0,9,0,0,36,0,0,completed
38943,U8946,2025-03-27 08:56:00,2025-03-27 08:59:00,F,20~29,office,seoul,0,0,0,0,27,0,0,66,0,0,completed
38944,U8947,2025-12-16 13:53:00,2025-12-16 13:58:00,F,40~49,office,seoul,0,0,0,0,6,0,0,60,0,0,completed
38945,U8948,2025-09-23 13:22:00,2025-09-23 13:28:00,M,30~39,office,seoul,0,0,0,0,21,0,0,38,0,0,completed
38946,U8949,2025-03-27 13:44:00,2025-03-27 13:46:00,F,30~39,office,seoul,0,0,0,0,25,0,0,44,0,0,completed
38947,U8950,2025-06-09 07:47:00,2025-06-09 07:49:00,F,30~39,office,seoul,0,0,0,0,20,0,0,77,0,0,completed
38948,U8951,2025-01-27 15:07:00,2025-01-27 15:10:00,M,50+,office,seoul,0,0,0,0,4,0,0,22,0,0,completed
38949,U8952,2025-04-13 09:33:00,2025-04-13 09:38:00,F,20~29,office,seoul,1,0,0,0,14,0,0,68,0,0,completed
38950,U8953,2025-01-16 08:20:00,2025-01-16 08:24:00,F,30~39,office,seoul,0,0,0,0,15,0,0,47,0,0,completed
38951,U8954,2025-04-06 07:52:00,2025-04-06 07:59:00,F,40~49,office,seoul,1,0,0,0,14,0,0,70,0,0,error
38952,U8955,2025-06-15 15:11:00,2025-06-15 15:17:00,F,40~49,office,seoul,1,0,0,0,4,0,0,15,0,0,completed
38953,U8956,2025-01-08 07:10:00,2025-01-08 07:13:00,F,40~49,office,seoul,0,0,0,0,14,0,0,44,0,0,completed
38954,U8957,2025-05-06 09:32:00,2025-05-06 09:39:00,F,20~29,office,seoul,0,0,0,0,1,0,0,46,0,0,completed
38955,U8958,2025-05-12 09:42:00,2025-05-12 09:47:00,F,30~39,office,seoul,0,0,0,0,2,0,0,63,0,0,abandoned
38956,U8959,2025-03-30 18:07:00,2025-03-30 18:13:00,F,30~39,office,seoul,1,0,0,0,0,0,0,43,0,0,completed
38957,U8960,2025-09-02 17:16:00,2025-09-02 17:21:00,M,30~39,office,seoul,0,0,0,0,19,0,0,39,1,0,completed
38958,U8961,2025-03-10 15:57:00,2025-03-10 16:04:00,M,20~29,office,seoul,0,0,0,0,1,0,0,12,1,0,completed
38959,U8962,2025-09-18 07:37:00,2025-09-18 07:40:00,F,40~49,office,seoul,0,0,0,0,22,0,0,74,0,0,completed
38960,U8963,2025-03-15 17:51:00,2025-03-15 17:58:00,M,30~39,office,seoul,1,0,0,0,23,0,0,57,0,0,completed
38961,U8964,2025-02-07 17:13:00,2025-02-07 17:18:00,F,20~29,office,seoul,0,0,0,0,16,0,0,31,0,0,abandoned
38962,U8965,2025-06-22 15:46:00,2025-06-22 15:53:00,F,30~39,office,seoul,1,0,0,0,29,0,0,72,0,0,completed
38963,U8966,2025-09-06 22:24:00,2025-09-06 22:29:00,M,20~29,office,seoul,1,0,0,0,22,0,0,58,0,0,abandoned
38964,U8967,2025-05-15 21:32:00,2025-05-15 21:34:00,M,40~49,office,seoul,0,0,0,0,16,0,0,30,0,0,completed
38965,U8968,2025-04-15 13:25:00,2025-04-15 13:29:00,F,30~39,office,seoul,0,0,0,0,21,0,0,69,0,0,completed
38966,U8969,2025-10-09 09:19:00,2025-10-09 09:24:00,F,50+,office,seoul,0,0,0,0,11,0,0,24,0,0,completed
38967,U8970,2025-09-17 18:37:00,2025-09-17 18:39:00,F,40~49,office,seoul,0,0,0,0,7,0,0,15,0,0,completed
38968,U8971,2025-01-31 08:33:00,2025-01-31 08:38:00,M,40~49,office,seoul,0,0,0,0,18,0,0,64,0,0,completed
38969,U8972,2025-05-21 21:08:00,2025-05-21 21:14:00,M,50+,office,seoul,0,0,0,0,29,0,0,37,0,0,completed
38970,U8973,2025-12-13 09:27:00,2025-12-13 09:32:00,M,20~29,office,seoul,1,0,0,0,23,0,0,59,0,0,completed
38971,U8974,2025-04-23 16:09:00,2025-04-23 16:12:00,F,50+,office,seoul,0,0,0,0,20,0,0,27,0,0,completed
38972,U8975,2025-02-13 09:54:00,2025-02-13 10:00:00,F,40~49,office,seoul,0,0,0,0,20,0,0,27,0,0,completed
38973,U8976,2025-12-04 11:39:00,2025-12-04 11:42:00,M,30~39,office,seoul,0,0,0,0,28,0,0,57,0,0,completed
38974,U8977,2025-03-09 16:49:00,2025-03-09 16:56:00,M,30~39,office,seoul,1,0,0,0,29,0,0,38,0,0,completed
38975,U8978,2025-11-30 18:45:00,2025-11-30 18:51:00,F,40~49,office,seoul,1,0,0,0,12,0,0,29,0,0,completed
38976,U8979,2025-11-07 09:06:00,2025-11-07 09:11:00,F,20~29,office,seoul,0,0,0,0,20,0,0,39,0,0,completed
38977,U8980,2025-05-31 08:32:00,2025-05-31 08:34:00,F,30~39,office,seoul,1,0,0,0,20,0,0,60,0,0,completed
38978,U8981,2025-12-21 09:02:00,2025-12-21 09:04:00,M,20~29,office,seoul,1,0,0,0,24,0,0,62,0,0,completed
38979,U8982,2025-06-03 14:17:00,2025-06-03 14:24:00,F,30~39,office,seoul,0,0,0,0,6,0,0,13,0,0,completed
38980,U8983,2025-10-01 16:59:00,2025-10-01 17:04:00,M,20~29,office,seoul,0,0,0,0,25,0,0,65,0,0,timeout
38981,U8984,2025-05-05 14:26:00,2025-05-05 14:32:00,M,40~49,office,seoul,0,0,0,0,23,0,0,63,0,0,completed
38982,U8985,2025-06-09 15:02:00,2025-06-09 15:08:00,F,30~39,office,seoul,0,0,0,0,21,0,0,56,0,0,timeout
38983,U8986,2025-12-27 15:24:00,2025-12-27 15:28:00,F,20~29,office,seoul,1,0,0,0,6,0,0,20,0,0,completed
38984,U8987,2025-03-18 09:55:00,2025-03-18 10:00:00,F,50+,office,seoul,0,0,0,0,23,0,0,18,0,0,completed
38985,U8988,2025-12-06 08:37:00,2025-12-06 08:41:00,F,30~39,office,seoul,1,0,0,0,25,0,0,69,0,0,completed
38986,U8989,2025-01-12 17:44:00,2025-01-12 17:47:00,F,30~39,office,seoul,1,0,0,0,11,0,0,63,0,0,completed
38987,U8990,2025-11-16 21:58:00,2025-11-16 22:04:00,F,40~49,office,seoul,1,0,0,0,12,0,0,21,0,0,error
38988,U8991,2025-10-23 20:08:00,2025-10-23 20:12:00,M,40~49,office,seoul,0,0,0,0,24,0,0,37,0,0,completed
38989,U8992,2025-01-08 12:25:00,2025-01-08 12:29:00,M,20~29,office,seoul,0,0,0,0,20,0,0,49,0,0,completed
38990,U8993,2025-06-15 13:53:00,2025-06-15 13:55:00,M,20~29,office,seoul,1,0,0,0,20,0,0,21,0,0,completed
38991,U8994,2025-05-03 14:08:00,2025-05-03 14:11:00,M,30~39,office,seoul,1,0,0,0,1,0,0,68,0,0,completed
38992,U8995,2025-02-10 18:40:00,2025-02-10 18:46:00,F,20~29,office,seoul,0,0,0,0,19,0,0,19,0,0,completed
38993,U8996,2025-02-24 15:33:00,2025-02-24 15:35:00,F,20~29,office,seoul,0,0,0,0,2,0,0,14,0,0,completed
38994,U8997,2025-08-02 08:13:00,2025-08-02 08:18:00,M,50+,office,seoul,1,0,0,0,10,0,0,49,0,0,completed
38995,U8998,2025-03-15 11:57:00,2025-03-15 12:02:00,M,50+,office,seoul,1,0,0,0,12,0,0,56,0,0,completed
38996,U8999,2025-07-12 16:14:00,2025-07-12 16:21:00,F,20~29,office,seoul,1,0,0,0,11,0,0,66,1,0,completed
38997,U9000,2025-06-26 13:12:00,2025-06-26 13:16:00,F,30~39,office,seoul,0,0,0,0,8,0,0,22,0,0,completed
38998,U9001,2025-12-13 09:00:00,2025-12-13 09:05:00,F,20~29,office,seoul,1,0,0,0,24,0,0,50,0,0,completed
38999,U9002,2025-03-16 20:48:00,2025-03-16 20:53:00,M,50+,office,seoul,1,0,0,0,5,0,0,23,0,0,completed
39000,U9003,2025-11-21 19:08:00,2025-11-21 19:15:00,F,20~29,office,seoul,0,0,0,0,21,0,0,76,0,0,completed
39001,U9004,2025-06-25 18:01:00,2025-06-25 18:05:00,M,40~49,office,seoul,0,0,0,0,9,0,0,29,0,0,completed
39002,U9005,2025-11-27 09:14:00,2025-11-27 09:20:00,M,50+,office,seoul,0,0,0,0,29,0,0,79,0,0,timeout
39003,U9006,2025-04-29 12:54:00,2025-04-29 13:00:00,F,30~39,office,seoul,0,0,0,0,12,0,0,20,0,0,abandoned
39004,U9007,2025-04-06 19:52:00,2025-04-06 19:59:00,M,40~49,office,seoul,1,0,0,0,17,0,0,26,0,0,completed
39005,U9008,2025-01-28 22:49:00,2025-01-28 22:55:00,F,40~49,office,seoul,0,0,0,0,11,0,0,12,0,0,completed
39006,U9009,2025-02-07 11:07:00,2025-02-07 11:09:00,F,20~29,office,seoul,0,0,0,0,11,0,0,28,0,0,abandoned
39007,U9010,2025-06-30 19:06:00,2025-06-30 19:09:00,F,20~29,office,seoul,0,0,0,0,6,0,0,75,0,0,completed
39008,U9011,2025-10-30 09:36:00,2025-10-30 09:40:00,M,50+,office,seoul,0,0,0,0,6,0,0,15,0,0,error
39009,U9012,2025-05-29 09:55:00,2025-05-29 10:01:00,M,50+,office,seoul,0,0,0,0,12,0,0,29,0,0,completed
39010,U9013,2025-05-16 19:23:00,2025-05-16 19:25:00,F,40~49,office,seoul,0,0,0,0,20,0,0,53,0,0,abandoned
39011,U9014,2025-08-31 08:44:00,2025-08-31 08:51:00,F,20~29,office,seoul,1,0,0,0,19,0,0,39,0,0,completed
39012,U9015,2025-11-21 09:09:00,2025-11-21 09:14:00,M,20~29,office,seoul,0,0,0,0,28,0,0,15,0,0,completed
39013,U9016,2025-02-06 16:13:00,2025-02-06 16:19:00,M,30~39,office,seoul,0,0,0,0,6,0,0,29,0,0,completed
39014,U9017,2025-06-19 19:19:00,2025-06-19 19:26:00,F,20~29,office,seoul,0,0,0,0,2,0,0,36,0,0,completed
39015,U9018,2025-09-11 12:01:00,2025-09-11 12:03:00,M,50+,office,seoul,0,0,0,0,24,0,0,66,0,1,completed
39016,U9019,2025-05-25 14:34:00,2025-05-25 14:41:00,M,20~29,office,seoul,1,0,0,0,16,0,0,60,0,0,completed
39017,U9020,2025-05-17 13:32:00,2025-05-17 13:39:00,F,50+,office,seoul,1,0,0,0,4,0,0,19,0,0,completed
39018,U9021,2025-09-01 08:13:00,2025-09-01 08:20:00,F,30~39,office,seoul,0,0,0,0,5,0,0,64,0,0,completed
39019,U9022,2025-04-19 15:42:00,2025-04-19 15:45:00,M,50+,office,seoul,1,0,0,0,14,0,0,39,0,0,completed
39020,U9023,2025-12-21 15:19:00,2025-12-21 15:24:00,F,20~29,office,seoul,1,0,0,0,12,0,0,28,0,0,completed
39021,U9024,2025-09-09 11:22:00,2025-09-09 11:29:00,M,30~39,office,seoul,0,0,0,0,6,0,0,46,0,0,completed
39022,U9025,2025-09-27 14:21:00,2025-09-27 14:24:00,F,50+,office,seoul,1,0,0,0,16,0,0,16,0,0,completed
39023,U9026,2025-05-09 15:21:00,2025-05-09 15:27:00,M,30~39,office,seoul,0,0,0,0,3,0,0,72,0,0,completed
39024,U9027,2025-02-02 18:40:00,2025-02-02 18:47:00,F,30~39,office,seoul,1,0,0,0,6,0,0,19,0,0,timeout
39025,U9028,2025-04-19 12:28:00,2025-04-19 12:31:00,M,40~49,office,seoul,1,0,0,0,17,0,0,55,0,0,completed
39026,U9029,2025-12-21 08:35:00,2025-12-21 08:41:00,F,40~49,office,seoul,1,0,0,0,2,0,0,24,0,0,completed
39027,U9030,2025-02-28 18:37:00,2025-02-28 18:39:00,F,20~29,office,seoul,0,0,0,0,9,0,0,47,0,0,completed
39028,U9031,2025-12-10 18:45:00,2025-12-10 18:51:00,M,20~29,office,seoul,0,0,0,0,26,0,0,52,0,0,completed
39029,U9032,2025-07-29 12:18:00,2025-07-29 12:25:00,M,30~39,office,seoul,0,0,0,0,11,0,0,32,0,0,completed
39030,U9033,2025-06-13 13:10:00,2025-06-13 13:15:00,M,30~39,office,seoul,0,0,0,0,4,0,0,63,0,0,completed
39031,U9034,2025-06-20 11:22:00,2025-06-20 11:28:00,M,20~29,office,seoul,0,0,0,0,1,0,0,33,0,0,completed
39032,U9035,2025-11-14 14:34:00,2025-11-14 14:39:00,M,30~39,office,seoul,0,0,0,0,27,0,0,50,0,0,completed
39033,U9036,2025-06-03 20:49:00,2025-06-03 20:52:00,F,30~39,office,seoul,0,0,0,0,2,0,0,39,0,0,timeout
39034,U9037,2025-03-06 17:39:00,2025-03-06 17:45:00,M,50+,office,seoul,0,0,0,0,28,0,0,29,0,0,completed
39035,U9038,2025-06-24 13:54:00,2025-06-24 14:00:00,M,50+,office,seoul,0,0,0,0,9,0,0,57,0,0,abandoned
39036,U9039,2025-12-04 09:28:00,2025-12-04 09:35:00,F,50+,office,seoul,0,0,0,0,5,0,0,33,0,0,completed
39037,U9040,2025-03-06 16:11:00,2025-03-06 16:13:00,F,20~29,office,seoul,0,0,0,0,18,0,0,19,0,0,completed
39038,U9041,2025-08-23 09:26:00,2025-08-23 09:28:00,F,30~39,office,seoul,1,0,0,0,23,0,0,74,0,0,completed
39039,U9042,2025-08-16 12:59:00,2025-08-16 13:01:00,F,30~39,office,seoul,1,0,0,0,2,0,0,58,0,0,completed
39040,U9043,2025-07-01 16:04:00,2025-07-01 16:09:00,F,20~29,office,seoul,0,0,0,0,0,0,0,23,0,0,completed
39041,U9044,2025-05-08 08:08:00,2025-05-08 08:10:00,F,20~29,office,seoul,0,0,0,0,0,0,0,71,0,0,completed
39042,U9045,2025-05-12 15:38:00,2025-05-12 15:40:00,F,30~39,office,seoul,0,0,0,0,10,0,0,47,0,0,completed
39043,U9046,2025-09-03 07:08:00,2025-09-03 07:14:00,F,30~39,office,seoul,0,0,0,0,12,0,0,78,0,0,completed
39044,U9047,2025-03-01 21:11:00,2025-03-01 21:13:00,F,50+,office,seoul,1,0,0,0,5,0,0,11,0,0,completed
39045,U9048,2025-02-08 16:33:00,2025-02-08 16:35:00,M,30~39,office,seoul,1,0,0,0,20,0,0,11,0,0,completed
39046,U9049,2025-03-02 16:07:00,2025-03-02 16:12:00,F,20~29,office,seoul,1,0,0,0,0,0,0,53,0,0,completed
39047,U9050,2025-08-07 07:08:00,2025-08-07 07:12:00,F,40~49,office,seoul,0,0,0,0,2,0,0,60,0,1,completed
39048,U9051,2025-06-14 17:37:00,2025-06-14 17:40:00,F,20~29,office,seoul,1,0,0,0,12,0,0,38,0,0,timeout
39049,U9052,2025-08-28 15:19:00,2025-08-28 15:23:00,M,40~49,office,seoul,0,0,0,0,26,0,0,17,0,0,completed
39050,U9053,2025-01-31 08:13:00,2025-01-31 08:17:00,F,40~49,office,seoul,0,0,0,0,9,0,0,11,0,0,completed
39051,U9054,2025-10-05 16:08:00,2025-10-05 16:13:00,M,40~49,office,seoul,1,0,0,0,13,0,0,78,0,0,completed
39052,U9055,2025-01-09 09:33:00,2025-01-09 09:39:00,M,50+,office,seoul,0,0,0,0,29,0,0,15,1,0,completed
39053,U9056,2025-02-06 15:16:00,2025-02-06 15:18:00,F,50+,office,seoul,0,0,0,0,5,0,0,23,0,1,completed
39054,U9057,2025-09-17 09:17:00,2025-09-17 09:21:00,F,30~39,office,seoul,0,0,0,0,21,0,0,47,0,0,completed
39055,U9058,2025-11-01 08:03:00,2025-11-01 08:08:00,M,40~49,office,seoul,1,0,0,0,2,0,0,14,0,0,completed
39056,U9059,2025-01-09 07:03:00,2025-01-09 07:08:00,M,40~49,office,seoul,0,0,0,0,19,0,0,49,0,0,error
39057,U9060,2025-02-16 17:34:00,2025-02-16 17:38:00,F,40~49,office,seoul,1,0,0,0,13,0,0,48,0,0,completed
39058,U9061,2025-08-15 09:15:00,2025-08-15 09:21:00,F,20~29,office,seoul,0,0,0,0,28,0,0,66,0,0,completed
39059,U9062,2025-11-15 11:58:00,2025-11-15 12:03:00,F,30~39,office,seoul,1,0,0,0,21,0,0,11,0,0,completed
39060,U9063,2025-01-12 12:01:00,2025-01-12 12:07:00,M,50+,office,seoul,1,0,0,0,27,0,0,56,0,0,completed
39061,U9064,2025-10-29 17:15:00,2025-10-29 17:18:00,F,30~39,office,seoul,0,0,0,0,3,0,0,70,0,0,timeout
39062,U9065,2025-05-22 07:37:00,2025-05-22 07:39:00,F,40~49,office,seoul,0,0,0,0,28,0,0,53,0,0,abandoned
39063,U9066,2025-08-15 16:37:00,2025-08-15 16:43:00,F,40~49,office,seoul,0,0,0,0,8,0,0,55,0,0,completed
39064,U9067,2025-05-14 11:59:00,2025-05-14 12:03:00,M,30~39,office,seoul,0,0,0,0,20,0,0,46,1,0,completed
39065,U9068,2025-04-21 08:17:00,2025-04-21 08:22:00,F,20~29,office,seoul,0,0,0,0,7,0,0,66,0,0,completed
39066,U9069,2025-12-21 12:33:00,2025-12-21 12:40:00,M,20~29,office,seoul,1,0,0,0,5,0,0,56,0,0,completed
39067,U9070,2025-11-24 16:11:00,2025-11-24 16:14:00,F,40~49,office,seoul,0,0,0,0,11,0,0,70,0,0,completed
39068,U9071,2025-05-07 20:50:00,2025-05-07 20:57:00,F,20~29,office,seoul,0,0,0,0,26,0,0,77,0,0,completed
39069,U9072,2025-02-04 09:45:00,2025-02-04 09:47:00,F,30~39,office,seoul,0,0,0,0,27,0,0,28,0,0,completed
39070,U9073,2025-01-28 07:54:00,2025-01-28 08:00:00,F,20~29,office,seoul,0,0,0,0,22,0,0,12,0,0,completed
39071,U9074,2025-12-23 16:46:00,2025-12-23 16:53:00,M,30~39,office,seoul,0,0,0,0,15,0,0,32,0,0,completed
39072,U9075,2025-09-27 14:09:00,2025-09-27 14:14:00,F,40~49,office,seoul,1,0,0,0,12,0,0,75,0,0,completed
39073,U9076,2025-08-21 15:56:00,2025-08-21 15:58:00,F,50+,office,seoul,0,0,0,0,29,0,0,19,0,0,completed
39074,U9077,2025-11-06 18:09:00,2025-11-06 18:15:00,F,40~49,office,seoul,0,0,0,0,0,0,0,75,0,0,completed
39075,U9078,2025-03-28 15:34:00,2025-03-28 15:36:00,F,20~29,office,seoul,0,0,0,0,14,0,0,17,0,0,completed
39076,U9079,2025-02-24 13:50:00,2025-02-24 13:56:00,M,40~49,office,seoul,0,0,0,0,8,0,0,75,0,0,completed
39077,U9080,2025-12-11 15:23:00,2025-12-11 15:25:00,F,40~49,office,seoul,0,0,0,0,21,0,0,24,0,0,completed
39078,U9081,2025-11-16 17:43:00,2025-11-16 17:48:00,M,30~39,office,seoul,1,0,0,0,22,0,0,11,0,0,completed
39079,U9082,2025-09-13 07:28:00,2025-09-13 07:33:00,M,50+,office,seoul,1,0,0,0,0,0,0,48,0,0,completed
39080,U9083,2025-04-12 16:50:00,2025-04-12 16:52:00,M,20~29,office,seoul,1,0,0,0,29,0,0,33,0,0,completed
39081,U9084,2025-02-04 16:00:00,2025-02-04 16:07:00,M,20~29,office,seoul,0,0,0,0,24,0,0,15,0,0,completed
39082,U9085,2025-10-10 09:24:00,2025-10-10 09:29:00,F,20~29,office,seoul,0,0,0,0,26,0,0,46,0,0,completed
39083,U9086,2025-04-14 19:34:00,2025-04-14 19:39:00,F,40~49,office,seoul,0,0,0,0,23,0,0,79,0,0,completed
39084,U9087,2025-12-27 16:08:00,2025-12-27 16:10:00,F,20~29,office,seoul,1,0,0,0,1,0,0,75,0,0,completed
39085,U9088,2025-01-10 19:08:00,2025-01-10 19:13:00,F,40~49,office,seoul,0,0,0,0,12,0,0,68,1,0,completed
39086,U9089,2025-07-20 19:12:00,2025-07-20 19:15:00,F,40~49,office,seoul,1,0,0,0,25,0,0,59,0,0,completed
39087,U9090,2025-11-29 16:23:00,2025-11-29 16:29:00,F,20~29,office,seoul,1,0,0,0,29,0,0,37,0,0,completed
39088,U9091,2025-05-02 14:06:00,2025-05-02 14:10:00,F,50+,office,seoul,0,0,0,0,14,0,0,51,0,0,completed
39089,U9092,2025-02-09 16:35:00,2025-02-09 16:42:00,M,50+,office,seoul,1,0,0,0,24,0,0,53,0,0,completed
39090,U9093,2025-12-21 15:12:00,2025-12-21 15:19:00,M,20~29,office,seoul,1,0,0,0,13,0,0,28,0,0,completed
39091,U9094,2025-07-05 13:16:00,2025-07-05 13:22:00,M,30~39,office,seoul,1,0,0,0,18,0,0,13,0,0,completed
39092,U9095,2025-09-19 11:09:00,2025-09-19 11:13:00,M,40~49,office,seoul,0,0,0,0,27,0,0,32,0,0,error
39093,U9096,2025-07-20 07:26:00,2025-07-20 07:32:00,F,50+,office,seoul,1,0,0,0,28,0,0,21,0,0,completed
39094,U9097,2025-09-16 11:53:00,2025-09-16 11:56:00,F,30~39,office,seoul,0,0,0,0,26,0,0,58,0,0,completed
39095,U9098,2025-01-18 18:23:00,2025-01-18 18:30:00,M,30~39,office,seoul,1,0,0,0,3,0,0,50,0,0,completed
39096,U9099,2025-02-16 16:12:00,2025-02-16 16:16:00,F,20~29,office,seoul,1,0,0,0,25,0,0,10,0,0,abandoned
39097,U9100,2025-04-12 22:52:00,2025-04-12 22:55:00,F,40~49,office,seoul,1,0,0,0,20,0,0,34,0,0,completed
39098,U9101,2025-07-07 09:08:00,2025-07-07 09:13:00,M,20~29,office,seoul,0,0,0,0,7,0,0,69,0,0,completed
39099,U9102,2025-03-26 13:18:00,2025-03-26 13:22:00,F,40~49,office,seoul,0,0,0,0,23,0,0,12,0,0,completed
39100,U9103,2025-02-10 12:39:00,2025-02-10 12:41:00,F,40~49,office,seoul,0,0,0,0,3,0,0,10,1,0,abandoned
39101,U9104,2025-09-28 15:16:00,2025-09-28 15:19:00,M,20~29,office,seoul,1,0,0,0,25,0,0,76,0,0,completed
39102,U9105,2025-04-09 11:18:00,2025-04-09 11:25:00,M,40~49,office,seoul,0,0,0,0,12,0,0,24,0,0,completed
39103,U9106,2025-09-04 21:34:00,2025-09-04 21:41:00,M,20~29,office,seoul,0,0,0,0,26,0,0,52,0,0,completed
39104,U9107,2025-03-21 07:37:00,2025-03-21 07:39:00,F,30~39,office,seoul,0,0,0,0,11,0,0,68,0,0,completed
39105,U9108,2025-11-08 13:16:00,2025-11-08 13:19:00,F,20~29,office,seoul,1,0,0,0,25,0,0,51,0,0,completed
39106,U9109,2025-01-31 20:21:00,2025-01-31 20:26:00,F,50+,office,seoul,0,0,0,0,16,0,0,18,0,0,completed
39107,U9110,2025-06-30 20:09:00,2025-06-30 20:15:00,M,20~29,office,seoul,0,0,0,0,8,0,0,29,0,0,completed
39108,U9111,2025-01-30 07:14:00,2025-01-30 07:18:00,F,50+,office,seoul,0,0,0,0,19,0,0,11,0,0,completed
39109,U9112,2025-02-22 09:35:00,2025-02-22 09:38:00,M,20~29,office,seoul,1,0,0,0,20,0,0,76,0,0,completed
39110,U9113,2025-07-06 15:49:00,2025-07-06 15:55:00,M,40~49,office,seoul,1,0,0,0,8,0,0,49,0,0,completed
39111,U9114,2025-11-20 09:36:00,2025-11-20 09:40:00,M,30~39,office,seoul,0,0,0,0,3,0,0,61,0,0,completed
39112,U9115,2025-03-03 13:56:00,2025-03-03 14:00:00,F,50+,office,seoul,0,0,0,0,10,0,0,23,0,1,completed
39113,U9116,2025-08-01 08:39:00,2025-08-01 08:43:00,M,30~39,office,seoul,0,0,0,0,5,0,0,44,0,0,completed
39114,U9117,2025-01-29 19:45:00,2025-01-29 19:49:00,M,30~39,office,seoul,0,0,0,0,13,0,0,38,0,0,completed
39115,U9118,2025-11-26 14:24:00,2025-11-26 14:29:00,M,50+,office,seoul,0,0,0,0,2,0,0,35,0,0,completed
39116,U9119,2025-03-17 19:37:00,2025-03-17 19:39:00,F,20~29,office,seoul,0,0,0,0,8,0,0,18,0,0,completed
39117,U9120,2025-11-25 14:54:00,2025-11-25 15:01:00,F,50+,office,seoul,0,0,0,0,11,0,0,34,0,0,completed
39118,U9121,2025-11-03 12:42:00,2025-11-03 12:47:00,M,20~29,office,seoul,0,0,0,0,18,0,0,33,0,0,completed
39119,U9122,2025-12-01 17:11:00,2025-12-01 17:16:00,F,50+,office,seoul,0,0,0,0,15,0,0,61,0,0,completed
39120,U9123,2025-03-17 09:08:00,2025-03-17 09:13:00,F,20~29,office,seoul,0,0,0,0,11,0,0,48,0,0,completed
39121,U9124,2025-06-20 14:02:00,2025-06-20 14:08:00,F,20~29,office,seoul,0,0,0,0,16,0,0,12,0,0,completed
39122,U9125,2025-03-28 12:50:00,2025-03-28 12:57:00,F,20~29,office,seoul,0,0,0,0,14,0,0,34,0,0,timeout
39123,U9126,2025-03-20 17:18:00,2025-03-20 17:20:00,F,50+,office,seoul,0,0,0,0,0,0,0,46,0,0,error
39124,U9127,2025-05-11 15:09:00,2025-05-11 15:11:00,F,40~49,office,seoul,1,0,0,0,6,0,0,23,0,0,completed
39125,U9128,2025-02-01 20:07:00,2025-02-01 20:12:00,M,40~49,office,seoul,1,0,0,0,19,0,0,62,0,0,completed
39126,U9129,2025-03-12 18:03:00,2025-03-12 18:07:00,F,40~49,office,seoul,0,0,0,0,2,0,0,60,0,0,completed
39127,U9130,2025-12-19 18:16:00,2025-12-19 18:19:00,M,30~39,office,seoul,0,0,0,0,12,0,0,33,0,0,completed
39128,U9131,2025-10-25 19:12:00,2025-10-25 19:19:00,F,30~39,office,seoul,1,0,0,0,10,0,0,17,0,0,completed
39129,U9132,2025-02-13 19:58:00,2025-02-13 20:01:00,F,50+,office,seoul,0,0,0,0,28,0,0,56,0,0,completed
39130,U9133,2025-04-12 12:45:00,2025-04-12 12:51:00,F,50+,office,seoul,1,0,0,0,24,0,0,13,0,0,abandoned
39131,U9134,2025-02-04 11:08:00,2025-02-04 11:15:00,F,20~29,office,seoul,0,0,0,0,23,0,0,49,0,0,completed
39132,U9135,2025-08-06 12:53:00,2025-08-06 12:55:00,F,30~39,office,seoul,0,0,0,0,22,0,0,27,0,0,completed
39133,U9136,2025-12-27 07:49:00,2025-12-27 07:53:00,F,40~49,office,seoul,1,0,0,0,16,0,0,30,0,0,completed
39134,U9137,2025-11-05 12:38:00,2025-11-05 12:44:00,M,40~49,office,seoul,0,0,0,0,13,0,0,73,0,0,completed
39135,U9138,2025-03-17 13:13:00,2025-03-17 13:18:00,F,20~29,office,seoul,0,0,0,0,19,0,0,49,0,0,completed
39136,U9139,2025-02-02 09:07:00,2025-02-02 09:14:00,F,50+,office,seoul,1,0,0,0,5,0,0,22,0,0,completed
39137,U9140,2025-01-12 11:43:00,2025-01-12 11:45:00,F,30~39,office,seoul,1,0,0,0,4,0,0,18,0,0,completed
39138,U9141,2025-10-15 14:55:00,2025-10-15 15:02:00,F,30~39,office,seoul,0,0,0,0,28,0,0,49,0,0,error
39139,U9142,2025-05-13 08:37:00,2025-05-13 08:44:00,F,30~39,office,seoul,0,0,0,0,4,0,0,76,0,0,completed
39140,U9143,2025-11-11 14:34:00,2025-11-11 14:36:00,F,40~49,office,seoul,0,0,0,0,27,0,0,72,0,0,completed
39141,U9144,2025-10-18 14:04:00,2025-10-18 14:08:00,F,20~29,office,seoul,1,0,0,0,8,0,0,70,0,0,completed
39142,U9145,2025-11-28 13:13:00,2025-11-28 13:18:00,F,30~39,office,seoul,0,0,0,0,22,0,0,68,0,0,completed
39143,U9146,2025-03-13 11:13:00,2025-03-13 11:16:00,M,20~29,office,seoul,0,0,0,0,14,0,0,27,0,0,completed
39144,U9147,2025-02-23 17:01:00,2025-02-23 17:06:00,M,30~39,office,seoul,1,0,0,0,10,0,0,30,0,0,completed
39145,U9148,2025-08-25 07:54:00,2025-08-25 07:57:00,F,40~49,office,seoul,0,0,0,0,23,0,0,69,0,0,abandoned
39146,U9149,2025-06-24 19:44:00,2025-06-24 19:50:00,F,30~39,office,seoul,0,0,0,0,29,0,0,48,0,0,completed
39147,U9150,2025-02-08 17:53:00,2025-02-08 17:55:00,F,20~29,office,seoul,1,0,0,0,0,0,0,44,0,0,completed
39148,U9151,2025-09-08 13:40:00,2025-09-08 13:44:00,F,40~49,office,seoul,0,0,0,0,9,0,0,26,0,0,completed
39149,U9152,2025-04-28 13:30:00,2025-04-28 13:36:00,F,20~29,office,seoul,0,0,0,0,12,0,0,76,0,0,abandoned
39150,U9153,2025-01-10 21:29:00,2025-01-10 21:34:00,M,20~29,office,seoul,0,0,0,0,28,0,0,11,0,0,completed
39151,U9154,2025-04-24 16:18:00,2025-04-24 16:25:00,M,50+,office,seoul,0,0,0,0,1,0,0,32,0,0,completed
39152,U9155,2025-03-14 14:48:00,2025-03-14 14:51:00,F,50+,office,seoul,0,0,0,0,29,0,0,68,0,0,completed
39153,U9156,2025-02-06 17:50:00,2025-02-06 17:52:00,M,40~49,office,seoul,0,0,0,0,9,0,0,60,0,0,completed
39154,U9157,2025-08-19 09:57:00,2025-08-19 10:03:00,M,40~49,office,seoul,0,0,0,0,4,0,0,41,0,0,completed
39155,U9158,2025-05-15 14:45:00,2025-05-15 14:50:00,M,20~29,office,seoul,0,0,0,0,7,0,0,76,0,0,completed
39156,U9159,2025-06-09 16:56:00,2025-06-09 17:01:00,F,20~29,office,seoul,0,0,0,0,25,0,0,18,0,0,completed
39157,U9160,2025-09-19 18:43:00,2025-09-19 18:45:00,F,40~49,office,seoul,0,0,0,0,28,0,0,75,0,0,completed
39158,U9161,2025-07-20 17:17:00,2025-07-20 17:21:00,F,20~29,office,seoul,1,0,0,0,13,0,0,42,0,0,completed
39159,U9162,2025-07-20 15:15:00,2025-07-20 15:18:00,M,50+,office,seoul,1,0,0,0,29,0,0,51,0,0,completed
39160,U9163,2025-03-03 14:39:00,2025-03-03 14:44:00,M,50+,office,seoul,0,0,0,0,3,0,0,27,1,1,completed
39161,U9164,2025-09-20 13:29:00,2025-09-20 13:32:00,F,30~39,office,seoul,1,0,0,0,29,0,0,43,0,0,completed
39162,U9165,2025-02-10 11:31:00,2025-02-10 11:37:00,M,40~49,office,seoul,0,0,0,0,4,0,0,62,0,0,completed
39163,U9166,2025-07-24 12:28:00,2025-07-24 12:35:00,F,40~49,office,seoul,0,0,0,0,25,0,0,28,0,0,completed
39164,U9167,2025-01-12 19:07:00,2025-01-12 19:14:00,F,40~49,office,seoul,1,0,0,0,22,0,0,55,0,0,completed
39165,U9168,2025-03-03 09:29:00,2025-03-03 09:33:00,F,40~49,office,seoul,0,0,0,0,7,0,0,59,0,0,completed
39166,U9169,2025-07-16 18:17:00,2025-07-16 18:20:00,F,50+,office,seoul,0,0,0,0,6,0,0,15,0,0,completed
39167,U9170,2025-06-26 12:01:00,2025-06-26 12:07:00,F,30~39,office,seoul,0,0,0,0,23,0,0,65,0,0,completed
39168,U9171,2025-11-03 17:56:00,2025-11-03 17:59:00,F,20~29,office,seoul,0,0,0,0,15,0,0,66,0,0,completed
39169,U9172,2025-12-11 16:03:00,2025-12-11 16:05:00,M,30~39,office,seoul,0,0,0,0,27,0,0,36,0,0,completed
39170,U9173,2025-04-13 08:13:00,2025-04-13 08:20:00,F,20~29,office,seoul,1,0,0,0,13,0,0,23,0,0,completed
39171,U9174,2025-02-27 14:16:00,2025-02-27 14:18:00,M,50+,office,seoul,0,0,0,0,5,0,0,71,0,0,completed
39172,U9175,2025-05-07 12:49:00,2025-05-07 12:51:00,F,30~39,office,seoul,0,0,0,0,5,0,0,44,0,0,completed
39173,U9176,2025-07-16 13:14:00,2025-07-16 13:21:00,M,40~49,office,seoul,0,0,0,0,22,0,0,76,0,0,completed
39174,U9177,2025-03-13 14:17:00,2025-03-13 14:22:00,M,20~29,office,seoul,0,0,0,0,14,0,0,37,0,0,completed
39175,U9178,2025-06-01 18:33:00,2025-06-01 18:37:00,F,40~49,office,seoul,1,0,0,0,14,0,0,68,0,0,timeout
39176,U9179,2025-11-20 20:23:00,2025-11-20 20:30:00,F,50+,office,seoul,0,0,0,0,17,0,0,15,0,0,abandoned
39177,U9180,2025-04-26 09:22:00,2025-04-26 09:24:00,M,30~39,office,seoul,1,0,0,0,19,0,0,49,0,0,completed
39178,U9181,2025-11-23 16:38:00,2025-11-23 16:43:00,F,30~39,office,seoul,1,0,0,0,17,0,0,35,0,0,completed
39179,U9182,2025-12-13 19:30:00,2025-12-13 19:36:00,M,20~29,office,seoul,1,0,0,0,22,0,0,30,0,0,completed
39180,U9183,2025-02-03 11:45:00,2025-02-03 11:49:00,M,30~39,office,seoul,0,0,0,0,18,0,0,59,0,0,completed
39181,U9184,2025-11-28 08:11:00,2025-11-28 08:17:00,M,40~49,office,seoul,0,0,0,0,4,0,0,51,0,0,completed
39182,U9185,2025-11-29 12:27:00,2025-11-29 12:31:00,F,20~29,office,seoul,1,0,0,0,15,0,0,72,0,0,completed
39183,U9186,2025-09-26 20:18:00,2025-09-26 20:21:00,F,50+,office,seoul,0,0,0,0,4,0,0,38,0,0,completed
39184,U9187,2025-03-16 13:21:00,2025-03-16 13:25:00,M,20~29,office,seoul,1,0,0,0,4,0,0,22,0,0,error
39185,U9188,2025-01-13 16:22:00,2025-01-13 16:24:00,F,20~29,office,seoul,0,0,0,0,12,0,0,57,0,0,timeout
39186,U9189,2025-02-05 16:37:00,2025-02-05 16:44:00,F,50+,office,seoul,0,0,0,0,12,0,0,74,0,0,completed
39187,U9190,2025-12-20 13:33:00,2025-12-20 13:36:00,F,40~49,office,seoul,1,0,0,0,12,0,0,39,0,0,completed
39188,U9191,2025-06-14 19:46:00,2025-06-14 19:48:00,M,50+,office,seoul,1,0,0,0,19,0,0,37,0,0,completed
39189,U9192,2025-06-27 16:28:00,2025-06-27 16:31:00,F,50+,office,seoul,0,0,0,0,0,0,0,55,1,0,completed
39190,U9193,2025-03-25 07:19:00,2025-03-25 07:26:00,F,40~49,office,seoul,0,0,0,0,15,0,0,23,0,0,completed
39191,U9194,2025-03-05 17:28:00,2025-03-05 17:33:00,F,30~39,office,seoul,0,0,0,0,16,0,0,27,0,0,completed
39192,U9195,2025-07-23 17:34:00,2025-07-23 17:40:00,M,30~39,office,seoul,0,0,0,0,7,0,0,68,0,0,completed
39193,U9196,2025-09-21 20:42:00,2025-09-21 20:46:00,M,20~29,office,seoul,1,0,0,0,6,0,0,51,0,0,error
39194,U9197,2025-03-13 19:51:00,2025-03-13 19:53:00,M,20~29,office,seoul,0,0,0,0,2,0,0,18,0,0,completed
39195,U9198,2025-11-08 16:29:00,2025-11-08 16:34:00,M,20~29,office,seoul,1,0,0,0,18,0,0,36,0,0,completed
39196,U9199,2025-05-02 12:46:00,2025-05-02 12:49:00,F,30~39,office,seoul,0,0,0,0,12,0,0,40,0,0,completed
39197,U9200,2025-04-05 16:26:00,2025-04-05 16:28:00,M,30~39,office,seoul,1,0,0,0,14,0,0,67,0,0,completed
39198,U9201,2025-11-17 18:55:00,2025-11-17 19:01:00,F,30~39,office,seoul,0,0,0,0,18,0,0,24,0,0,completed
39199,U9202,2025-05-01 12:48:00,2025-05-01 12:53:00,F,50+,office,seoul,0,0,0,0,27,0,0,22,0,0,completed
39200,U9203,2025-04-21 14:47:00,2025-04-21 14:51:00,F,40~49,office,seoul,0,0,0,0,22,0,0,60,0,0,abandoned
39201,U9204,2025-11-18 14:30:00,2025-11-18 14:34:00,M,30~39,office,seoul,0,0,0,0,15,0,0,78,0,0,completed
39202,U9205,2025-11-27 08:00:00,2025-11-27 08:06:00,F,40~49,office,seoul,0,0,0,0,6,0,0,31,0,0,completed
39203,U9206,2025-05-19 09:24:00,2025-05-19 09:27:00,F,20~29,office,seoul,0,0,0,0,4,0,0,76,0,0,completed
39204,U9207,2025-03-23 12:47:00,2025-03-23 12:53:00,F,30~39,office,seoul,1,0,0,0,5,0,0,77,0,0,completed
39205,U9208,2025-10-27 11:38:00,2025-10-27 11:41:00,F,40~49,office,seoul,0,0,0,0,13,0,0,27,0,0,abandoned
39206,U9209,2025-01-14 17:55:00,2025-01-14 18:00:00,F,20~29,office,seoul,0,0,0,0,26,0,0,42,0,0,completed
39207,U9210,2025-03-07 11:23:00,2025-03-07 11:25:00,F,30~39,office,seoul,0,0,0,0,27,0,0,50,0,0,completed
39208,U9211,2025-05-26 17:57:00,2025-05-26 18:00:00,M,20~29,office,seoul,0,0,0,0,7,0,0,79,0,0,completed
39209,U9212,2025-08-29 17:29:00,2025-08-29 17:31:00,M,50+,office,seoul,0,0,0,0,14,0,0,67,0,0,completed
39210,U9213,2025-05-31 15:34:00,2025-05-31 15:36:00,M,20~29,office,seoul,1,0,0,0,21,0,0,27,0,0,abandoned
39211,U9214,2025-04-05 15:41:00,2025-04-05 15:47:00,M,40~49,office,seoul,1,0,0,0,27,0,0,39,0,0,abandoned
39212,U9215,2025-06-04 08:58:00,2025-06-04 09:02:00,F,20~29,office,seoul,0,0,0,0,26,0,0,77,0,0,completed
39213,U9216,2025-12-30 08:04:00,2025-12-30 08:10:00,M,20~29,office,seoul,0,0,0,0,9,0,0,28,0,0,completed
39214,U9217,2025-02-10 09:12:00,2025-02-10 09:19:00,F,30~39,office,seoul,0,0,0,0,3,0,0,78,0,0,completed
39215,U9218,2025-04-27 08:24:00,2025-04-27 08:26:00,F,20~29,office,seoul,1,0,0,0,6,0,0,33,0,0,completed
39216,U9219,2025-12-18 18:50:00,2025-12-18 18:53:00,F,50+,office,seoul,0,0,0,0,17,0,0,24,0,0,abandoned
39217,U9220,2025-04-09 11:23:00,2025-04-09 11:30:00,F,50+,office,seoul,0,0,0,0,15,0,0,59,0,0,completed
39218,U9221,2025-04-07 15:59:00,2025-04-07 16:03:00,F,30~39,office,seoul,0,0,0,0,27,0,0,56,0,0,completed
39219,U9222,2025-12-29 19:46:00,2025-12-29 19:50:00,M,40~49,office,seoul,0,0,0,0,28,0,0,35,0,0,completed
39220,U9223,2025-07-31 08:29:00,2025-07-31 08:34:00,F,30~39,office,seoul,0,0,0,0,16,0,0,59,0,0,completed
39221,U9224,2025-12-13 13:41:00,2025-12-13 13:46:00,M,30~39,office,seoul,1,0,0,0,4,0,0,58,0,0,completed
39222,U9225,2025-03-28 17:57:00,2025-03-28 18:03:00,M,40~49,office,seoul,0,0,0,0,26,0,0,56,0,0,completed
39223,U9226,2025-05-04 15:55:00,2025-05-04 16:00:00,F,50+,office,seoul,1,0,0,0,8,0,0,68,0,0,completed
39224,U9227,2025-01-05 09:19:00,2025-01-05 09:26:00,F,20~29,office,seoul,1,0,0,0,14,0,0,17,0,0,completed
39225,U9228,2025-03-03 09:17:00,2025-03-03 09:23:00,M,50+,office,seoul,0,0,0,0,1,0,0,76,0,0,completed
39226,U9229,2025-06-22 11:59:00,2025-06-22 12:03:00,F,20~29,office,seoul,1,0,0,0,11,0,0,57,0,0,completed
39227,U9230,2025-05-13 09:50:00,2025-05-13 09:57:00,M,20~29,office,seoul,0,0,0,0,10,0,0,75,0,0,completed
39228,U9231,2025-08-15 11:30:00,2025-08-15 11:37:00,M,50+,office,seoul,0,0,0,0,27,0,0,27,0,0,completed
39229,U9232,2025-03-20 18:57:00,2025-03-20 19:00:00,F,20~29,office,seoul,0,0,0,0,7,0,0,22,0,0,completed
39230,U9233,2025-07-19 17:59:00,2025-07-19 18:06:00,F,40~49,office,seoul,1,0,0,0,11,0,0,79,0,0,completed
39231,U9234,2025-10-16 16:06:00,2025-10-16 16:13:00,M,50+,office,seoul,0,0,0,0,8,0,0,26,0,0,completed
39232,U9235,2025-05-23 08:24:00,2025-05-23 08:31:00,F,30~39,office,seoul,0,0,0,0,15,0,0,63,0,0,completed
39233,U9236,2025-05-31 19:06:00,2025-05-31 19:11:00,M,40~49,office,seoul,1,0,0,0,12,0,0,49,0,0,completed
39234,U9237,2025-11-18 16:15:00,2025-11-18 16:22:00,F,20~29,office,seoul,0,0,0,0,4,0,0,10,0,0,abandoned
39235,U9238,2025-10-13 18:49:00,2025-10-13 18:55:00,M,50+,office,seoul,0,0,0,0,6,0,0,25,0,0,timeout
39236,U9239,2025-11-03 12:09:00,2025-11-03 12:11:00,M,20~29,office,seoul,0,0,0,0,25,0,0,72,0,0,completed
39237,U9240,2025-05-23 07:47:00,2025-05-23 07:53:00,F,30~39,office,seoul,0,0,0,0,15,0,0,15,0,0,completed
39238,U9241,2025-12-27 13:54:00,2025-12-27 13:57:00,M,40~49,office,seoul,1,0,0,0,0,0,0,67,0,0,abandoned
39239,U9242,2025-09-21 18:18:00,2025-09-21 18:24:00,F,20~29,office,seoul,1,0,0,0,23,0,0,49,0,0,completed
39240,U9243,2025-01-15 17:16:00,2025-01-15 17:22:00,F,20~29,office,seoul,0,0,0,0,22,0,0,38,0,0,completed
39241,U9244,2025-03-02 17:31:00,2025-03-02 17:36:00,F,40~49,office,seoul,1,0,0,0,5,0,0,72,0,1,completed
39242,U9245,2025-07-20 12:18:00,2025-07-20 12:20:00,F,30~39,office,seoul,1,0,0,0,19,0,0,70,0,0,completed
39243,U9246,2025-12-22 15:47:00,2025-12-22 15:53:00,M,30~39,office,seoul,0,0,0,0,1,0,0,28,0,0,completed
39244,U9247,2025-07-09 09:27:00,2025-07-09 09:33:00,M,50+,office,seoul,0,0,0,0,9,0,0,25,0,0,abandoned
39245,U9248,2025-01-01 19:57:00,2025-01-01 20:02:00,F,30~39,office,seoul,0,0,0,0,11,0,0,73,0,0,completed
39246,U9249,2025-01-16 12:07:00,2025-01-16 12:09:00,F,50+,office,seoul,0,0,0,0,28,0,0,28,0,0,completed
39247,U9250,2025-02-27 18:24:00,2025-02-27 18:30:00,F,30~39,office,seoul,0,0,0,0,8,0,0,57,0,0,completed
39248,U9251,2025-10-16 16:44:00,2025-10-16 16:47:00,F,40~49,office,seoul,0,0,0,0,17,0,0,44,0,0,completed
39249,U9252,2025-11-19 20:18:00,2025-11-19 20:23:00,F,30~39,office,seoul,0,0,0,0,20,0,0,43,0,0,completed
39250,U9253,2025-03-28 14:53:00,2025-03-28 14:58:00,M,40~49,office,seoul,0,0,0,0,19,0,0,56,0,0,completed
39251,U9254,2025-05-22 16:28:00,2025-05-22 16:31:00,F,40~49,office,seoul,0,0,0,0,3,0,0,23,0,0,completed
39252,U9255,2025-01-16 11:15:00,2025-01-16 11:20:00,F,50+,office,seoul,0,0,0,0,0,0,0,31,0,0,completed
39253,U9256,2025-11-09 12:39:00,2025-11-09 12:43:00,M,50+,office,seoul,1,0,0,0,19,0,0,64,0,0,completed
39254,U9257,2025-08-10 17:24:00,2025-08-10 17:31:00,F,20~29,office,seoul,1,0,0,0,14,0,0,57,0,0,abandoned
39255,U9258,2025-11-18 11:59:00,2025-11-18 12:03:00,F,30~39,office,seoul,0,0,0,0,21,0,0,73,0,0,completed
39256,U9259,2025-04-01 07:44:00,2025-04-01 07:47:00,M,40~49,office,seoul,0,0,0,0,2,0,0,70,0,0,abandoned
39257,U9260,2025-10-28 17:39:00,2025-10-28 17:41:00,F,30~39,office,seoul,0,0,0,0,25,0,0,62,0,0,timeout
39258,U9261,2025-03-05 09:23:00,2025-03-05 09:28:00,F,50+,office,seoul,0,0,0,0,26,0,0,58,0,0,completed
39259,U9262,2025-01-27 16:34:00,2025-01-27 16:39:00,M,20~29,office,seoul,0,0,0,0,23,0,0,64,0,0,completed
39260,U9263,2025-04-18 19:16:00,2025-04-18 19:21:00,F,30~39,office,seoul,0,0,0,0,4,0,0,68,0,0,completed
39261,U9264,2025-03-25 16:58:00,2025-03-25 17:00:00,M,50+,office,seoul,0,0,0,0,3,0,0,73,0,0,completed
39262,U9265,2025-05-23 07:05:00,2025-05-23 07:10:00,M,30~39,office,seoul,0,0,0,0,20,0,0,72,1,0,completed
39263,U9266,2025-09-06 22:03:00,2025-09-06 22:06:00,F,40~49,office,seoul,1,0,0,0,8,0,0,75,0,0,completed
39264,U9267,2025-09-04 15:52:00,2025-09-04 15:55:00,F,20~29,office,seoul,0,0,0,0,16,0,0,33,0,0,completed
39265,U9268,2025-09-18 14:06:00,2025-09-18 14:10:00,M,20~29,office,seoul,0,0,0,0,29,0,0,64,0,0,completed
39266,U9269,2025-03-15 18:28:00,2025-03-15 18:34:00,F,20~29,office,seoul,1,0,0,0,15,0,0,71,0,0,completed
39267,U9270,2025-07-17 09:08:00,2025-07-17 09:14:00,F,40~49,office,seoul,0,0,0,0,7,0,0,46,0,0,completed
39268,U9271,2025-11-13 15:11:00,2025-11-13 15:18:00,M,20~29,office,seoul,0,0,0,0,17,0,0,20,0,0,completed
39269,U9272,2025-10-09 18:31:00,2025-10-09 18:33:00,F,20~29,office,seoul,0,0,0,0,22,0,0,53,0,0,completed
39270,U9273,2025-01-21 14:43:00,2025-01-21 14:50:00,F,20~29,office,seoul,0,0,0,0,22,0,0,22,0,0,abandoned
39271,U9274,2025-04-29 16:35:00,2025-04-29 16:38:00,M,20~29,office,seoul,0,0,0,0,11,0,0,76,0,0,completed
39272,U9275,2025-02-15 09:07:00,2025-02-15 09:09:00,F,40~49,office,seoul,1,0,0,0,21,0,0,62,0,0,completed
39273,U9276,2025-08-09 12:15:00,2025-08-09 12:20:00,F,40~49,office,seoul,1,0,0,0,8,0,0,24,0,0,completed
39274,U9277,2025-10-08 21:21:00,2025-10-08 21:25:00,F,20~29,office,seoul,0,0,0,0,29,0,0,34,0,0,completed
39275,U9278,2025-12-01 12:32:00,2025-12-01 12:38:00,F,20~29,office,seoul,0,0,0,0,7,0,0,61,0,0,completed
39276,U9279,2025-07-04 14:33:00,2025-07-04 14:38:00,F,20~29,office,seoul,0,0,0,0,22,0,0,71,0,0,completed
39277,U9280,2025-03-04 11:55:00,2025-03-04 11:57:00,F,20~29,office,seoul,0,0,0,0,29,0,0,21,0,0,completed
39278,U9281,2025-06-25 14:51:00,2025-06-25 14:56:00,F,20~29,office,seoul,0,0,0,0,7,0,0,47,0,0,completed
39279,U9282,2025-04-22 16:33:00,2025-04-22 16:37:00,F,30~39,office,seoul,0,0,0,0,15,0,0,58,0,0,completed
39280,U9283,2025-01-02 22:43:00,2025-01-02 22:48:00,F,50+,office,seoul,0,0,0,0,23,0,0,57,0,0,completed
39281,U9284,2025-12-07 18:11:00,2025-12-07 18:15:00,F,40~49,office,seoul,1,0,0,0,6,0,0,27,0,0,completed
39282,U9285,2025-09-12 18:25:00,2025-09-12 18:28:00,F,20~29,office,seoul,0,0,0,0,17,0,0,73,0,0,abandoned
39283,U9286,2025-03-23 15:03:00,2025-03-23 15:10:00,F,40~49,office,seoul,1,0,0,0,26,0,0,44,0,0,completed
39284,U9287,2025-01-25 18:38:00,2025-01-25 18:41:00,F,40~49,office,seoul,1,0,0,0,27,0,0,68,0,0,completed
39285,U9288,2025-11-20 21:40:00,2025-11-20 21:42:00,F,40~49,office,seoul,0,0,0,0,20,0,0,50,0,0,completed
39286,U9289,2025-03-01 09:27:00,2025-03-01 09:32:00,M,30~39,office,seoul,1,0,0,0,24,0,0,42,0,0,completed
39287,U9290,2025-08-23 08:18:00,2025-08-23 08:23:00,F,40~49,office,seoul,1,0,0,0,27,0,0,66,0,0,completed
39288,U9291,2025-07-16 07:24:00,2025-07-16 07:30:00,F,50+,office,seoul,0,0,0,0,21,0,0,45,0,0,completed
39289,U9292,2025-09-07 15:23:00,2025-09-07 15:25:00,F,20~29,office,seoul,1,0,0,0,23,0,0,70,0,0,abandoned
39290,U9293,2025-09-05 21:18:00,2025-09-05 21:24:00,M,40~49,office,seoul,0,0,0,0,2,0,0,63,0,0,completed
39291,U9294,2025-02-06 12:24:00,2025-02-06 12:28:00,F,30~39,office,seoul,0,0,0,0,27,0,0,74,0,0,completed
39292,U9295,2025-10-26 08:01:00,2025-10-26 08:03:00,F,20~29,office,seoul,1,0,0,0,25,0,0,21,0,0,completed
39293,U9296,2025-11-22 07:59:00,2025-11-22 08:06:00,M,40~49,office,seoul,1,0,0,0,12,0,0,36,0,0,completed
39294,U9297,2025-07-08 14:22:00,2025-07-08 14:24:00,F,30~39,office,seoul,0,0,0,0,9,0,0,61,0,0,abandoned
39295,U9298,2025-07-05 11:16:00,2025-07-05 11:21:00,F,30~39,office,seoul,1,0,0,0,8,0,0,65,0,0,completed
39296,U9299,2025-09-17 15:02:00,2025-09-17 15:08:00,F,30~39,office,seoul,0,0,0,0,24,0,0,14,0,0,completed
39297,U9300,2025-03-15 12:39:00,2025-03-15 12:42:00,F,30~39,office,seoul,1,0,0,0,4,0,0,71,0,0,timeout
39298,U9301,2025-05-31 17:54:00,2025-05-31 18:00:00,F,30~39,office,seoul,1,0,0,0,5,0,0,49,0,0,completed
39299,U9302,2025-12-22 22:23:00,2025-12-22 22:26:00,F,40~49,office,seoul,0,0,0,0,23,0,0,79,0,0,completed
39300,U9303,2025-06-28 15:22:00,2025-06-28 15:28:00,F,20~29,office,seoul,1,0,0,0,12,0,0,10,0,0,completed
39301,U9304,2025-10-06 08:44:00,2025-10-06 08:49:00,M,50+,office,seoul,0,0,0,0,8,0,0,78,0,0,completed
39302,U9305,2025-03-04 12:53:00,2025-03-04 12:56:00,F,20~29,office,seoul,0,0,0,0,15,0,0,51,0,0,completed
39303,U9306,2025-07-05 15:54:00,2025-07-05 15:56:00,M,40~49,office,seoul,1,0,0,0,22,0,0,75,0,0,completed
39304,U9307,2025-02-11 13:02:00,2025-02-11 13:07:00,M,40~49,office,seoul,0,0,0,0,10,0,0,78,0,0,completed
39305,U9308,2025-10-24 08:42:00,2025-10-24 08:48:00,M,30~39,office,seoul,0,0,0,0,9,0,0,22,0,0,completed
39306,U9309,2025-05-15 08:40:00,2025-05-15 08:43:00,F,20~29,office,seoul,0,0,0,0,7,0,0,68,0,0,completed
39307,U9310,2025-05-03 14:48:00,2025-05-03 14:52:00,F,30~39,office,seoul,1,0,0,0,12,0,0,24,0,0,completed
39308,U9311,2025-02-19 07:46:00,2025-02-19 07:50:00,F,20~29,office,seoul,0,0,0,0,23,0,0,51,0,0,completed
39309,U9312,2025-10-30 22:29:00,2025-10-30 22:33:00,F,50+,office,seoul,0,0,0,0,17,0,0,40,0,0,completed
39310,U9313,2025-09-15 12:37:00,2025-09-15 12:39:00,M,30~39,office,seoul,0,0,0,0,5,0,0,15,0,0,completed
39311,U9314,2025-07-18 22:52:00,2025-07-18 22:56:00,F,20~29,office,seoul,0,0,0,0,10,0,0,45,0,0,completed
39312,U9315,2025-12-07 12:41:00,2025-12-07 12:44:00,M,20~29,office,seoul,1,0,0,0,12,0,0,30,0,0,completed
39313,U9316,2025-11-18 17:16:00,2025-11-18 17:21:00,F,50+,office,seoul,0,0,0,0,18,0,0,47,1,0,completed
39314,U9317,2025-02-03 11:09:00,2025-02-03 11:15:00,F,20~29,office,seoul,0,0,0,0,28,0,0,67,0,0,completed
39315,U9318,2025-10-04 11:23:00,2025-10-04 11:28:00,M,20~29,office,seoul,1,0,0,0,1,0,0,75,0,0,completed
39316,U9319,2025-10-16 12:02:00,2025-10-16 12:06:00,F,30~39,office,seoul,0,0,0,0,4,0,0,18,0,0,completed
39317,U9320,2025-08-04 11:56:00,2025-08-04 12:02:00,F,30~39,office,seoul,0,0,0,0,4,0,0,35,0,0,completed
39318,U9321,2025-09-14 17:46:00,2025-09-14 17:53:00,F,40~49,office,seoul,1,0,0,0,23,0,0,62,0,0,completed
39319,U9322,2025-10-30 09:35:00,2025-10-30 09:37:00,M,40~49,office,seoul,0,0,0,0,9,0,0,70,1,0,completed
39320,U9323,2025-10-26 14:09:00,2025-10-26 14:16:00,F,20~29,office,seoul,1,0,0,0,23,0,0,28,0,0,completed
39321,U9324,2025-08-14 08:48:00,2025-08-14 08:51:00,M,30~39,office,seoul,0,0,0,0,29,0,0,16,0,0,completed
39322,U9325,2025-08-04 16:46:00,2025-08-04 16:49:00,M,20~29,office,seoul,0,0,0,0,16,0,0,33,0,0,completed
39323,U9326,2025-03-03 17:40:00,2025-03-03 17:42:00,M,50+,office,seoul,0,0,0,0,29,0,0,79,0,0,completed
39324,U9327,2025-11-02 17:35:00,2025-11-02 17:40:00,F,20~29,office,seoul,1,0,0,0,29,0,0,75,0,0,timeout
39325,U9328,2025-03-11 15:30:00,2025-03-11 15:32:00,M,20~29,office,seoul,0,0,0,0,18,0,0,15,0,0,completed
39326,U9329,2025-10-01 12:46:00,2025-10-01 12:49:00,F,20~29,office,seoul,0,0,0,0,6,0,0,31,0,0,completed
39327,U9330,2025-06-12 15:08:00,2025-06-12 15:13:00,M,30~39,office,seoul,0,0,0,0,20,0,0,10,1,0,completed
39328,U9331,2025-06-01 14:17:00,2025-06-01 14:21:00,M,30~39,office,seoul,1,0,0,0,3,0,0,37,0,0,completed
39329,U9332,2025-11-27 20:19:00,2025-11-27 20:23:00,F,40~49,office,seoul,0,0,0,0,21,0,0,66,0,0,completed
39330,U9333,2025-06-29 14:06:00,2025-06-29 14:13:00,F,30~39,office,seoul,1,0,0,0,28,0,0,72,0,0,completed
39331,U9334,2025-03-26 12:26:00,2025-03-26 12:29:00,M,50+,office,seoul,0,0,0,0,25,0,0,71,0,0,completed
39332,U9335,2025-03-28 16:08:00,2025-03-28 16:15:00,F,30~39,office,seoul,0,0,0,0,3,0,0,21,0,0,completed
39333,U9336,2025-08-31 20:15:00,2025-08-31 20:19:00,F,30~39,office,seoul,1,0,0,0,23,0,0,15,0,0,completed
39334,U9337,2025-11-22 11:53:00,2025-11-22 11:59:00,F,20~29,office,seoul,1,0,0,0,26,0,0,30,0,0,completed
39335,U9338,2025-04-10 15:02:00,2025-04-10 15:09:00,M,50+,office,seoul,0,0,0,0,8,0,0,45,0,0,abandoned
39336,U9339,2025-08-22 13:57:00,2025-08-22 14:00:00,F,50+,office,seoul,0,0,0,0,22,0,0,13,0,0,completed
39337,U9340,2025-11-20 07:34:00,2025-11-20 07:38:00,F,50+,office,seoul,0,0,0,0,24,0,0,14,0,0,completed
39338,U9341,2025-11-15 18:44:00,2025-11-15 18:47:00,F,20~29,office,seoul,1,0,0,0,12,0,0,40,0,0,completed
39339,U9342,2025-10-08 09:28:00,2025-10-08 09:35:00,F,30~39,office,seoul,0,0,0,0,19,0,0,12,0,0,completed
39340,U9343,2025-08-30 11:56:00,2025-08-30 12:00:00,F,20~29,office,seoul,1,0,0,0,21,0,0,58,0,0,completed
39341,U9344,2025-12-26 09:35:00,2025-12-26 09:41:00,M,30~39,office,seoul,0,0,0,0,6,0,0,44,0,0,completed
39342,U9345,2025-12-18 09:09:00,2025-12-18 09:15:00,F,20~29,office,seoul,0,0,0,0,14,0,0,74,0,0,abandoned
39343,U9346,2025-02-14 12:15:00,2025-02-14 12:18:00,F,50+,office,seoul,0,0,0,0,0,0,0,40,0,0,abandoned
39344,U9347,2025-01-08 15:04:00,2025-01-08 15:09:00,M,20~29,office,seoul,0,0,0,0,27,0,0,60,0,0,completed
39345,U9348,2025-02-22 16:18:00,2025-02-22 16:22:00,F,50+,office,seoul,1,0,0,0,12,0,0,56,0,0,completed
39346,U9349,2025-09-22 18:49:00,2025-09-22 18:56:00,F,20~29,office,seoul,0,0,0,0,29,0,0,60,0,0,completed
39347,U9350,2025-02-25 11:45:00,2025-02-25 11:49:00,F,30~39,office,seoul,0,0,0,0,16,0,0,23,0,0,completed
39348,U9351,2025-04-10 20:56:00,2025-04-10 20:58:00,F,30~39,office,seoul,0,0,0,0,19,0,0,22,0,0,completed
39349,U9352,2025-08-11 17:38:00,2025-08-11 17:44:00,F,40~49,office,seoul,0,0,0,0,0,0,0,67,0,0,completed
39350,U9353,2025-05-31 09:17:00,2025-05-31 09:21:00,F,20~29,office,seoul,1,0,0,0,17,0,0,65,0,0,completed
39351,U9354,2025-04-19 12:02:00,2025-04-19 12:05:00,F,30~39,office,seoul,1,0,0,0,8,0,0,75,0,0,completed
39352,U9355,2025-01-28 22:41:00,2025-01-28 22:45:00,F,20~29,office,seoul,0,0,0,0,2,0,0,45,0,0,completed
39353,U9356,2025-12-12 13:14:00,2025-12-12 13:21:00,F,40~49,office,seoul,0,0,0,0,10,0,0,18,0,0,completed
39354,U9357,2025-11-30 20:02:00,2025-11-30 20:05:00,F,30~39,office,seoul,1,0,0,0,29,0,0,44,0,0,completed
39355,U9358,2025-04-06 13:58:00,2025-04-06 14:02:00,F,30~39,office,seoul,1,0,0,0,14,0,0,66,0,0,completed
39356,U9359,2025-08-26 14:11:00,2025-08-26 14:16:00,M,40~49,office,seoul,0,0,0,0,10,0,0,13,0,0,completed
39357,U9360,2025-03-25 11:19:00,2025-03-25 11:24:00,F,20~29,office,seoul,0,0,0,0,25,0,0,54,0,0,completed
39358,U9361,2025-06-06 15:59:00,2025-06-06 16:01:00,F,20~29,office,seoul,0,0,0,0,0,0,0,38,1,0,completed
39359,U9362,2025-03-30 13:49:00,2025-03-30 13:51:00,F,20~29,office,seoul,1,0,0,0,14,0,0,31,0,0,completed
39360,U9363,2025-08-09 17:57:00,2025-08-09 18:04:00,F,40~49,office,seoul,1,0,0,0,19,0,0,18,0,0,timeout
39361,U9364,2025-03-03 18:59:00,2025-03-03 19:05:00,F,30~39,office,seoul,0,0,0,0,0,0,0,31,0,0,completed
39362,U9365,2025-06-17 09:24:00,2025-06-17 09:26:00,M,20~29,office,seoul,0,0,0,0,14,0,0,43,0,0,completed
39363,U9366,2025-04-21 11:54:00,2025-04-21 12:00:00,M,30~39,office,seoul,0,0,0,0,1,0,0,24,0,0,completed
39364,U9367,2025-01-11 19:44:00,2025-01-11 19:49:00,F,50+,office,seoul,1,0,0,0,14,0,0,47,0,0,completed
39365,U9368,2025-10-21 16:16:00,2025-10-21 16:22:00,F,40~49,office,seoul,0,0,0,0,12,0,0,37,0,0,completed
39366,U9369,2025-07-18 17:49:00,2025-07-18 17:56:00,F,20~29,office,seoul,0,0,0,0,28,0,0,57,0,0,completed
39367,U9370,2025-09-23 15:43:00,2025-09-23 15:46:00,F,20~29,office,seoul,0,0,0,0,23,0,0,50,0,0,completed
39368,U9371,2025-01-20 15:17:00,2025-01-20 15:24:00,M,30~39,office,seoul,0,0,0,0,25,0,0,12,0,0,completed
39369,U9372,2025-05-12 12:15:00,2025-05-12 12:21:00,M,40~49,office,seoul,0,0,0,0,18,0,0,39,0,0,completed
39370,U9373,2025-04-22 13:03:00,2025-04-22 13:08:00,M,30~39,office,seoul,0,0,0,0,12,0,0,45,0,0,completed
39371,U9374,2025-06-11 09:56:00,2025-06-11 10:01:00,M,50+,office,seoul,0,0,0,0,12,0,0,38,1,0,completed
39372,U9375,2025-03-31 15:38:00,2025-03-31 15:44:00,F,30~39,office,seoul,0,0,0,0,16,0,0,46,0,0,error
39373,U9376,2025-10-19 07:57:00,2025-10-19 08:00:00,M,20~29,office,seoul,1,0,0,0,11,0,0,50,0,0,completed
39374,U9377,2025-06-15 08:40:00,2025-06-15 08:43:00,M,20~29,office,seoul,1,0,0,0,17,0,0,12,0,0,timeout
39375,U9378,2025-10-17 16:47:00,2025-10-17 16:54:00,M,20~29,office,seoul,0,0,0,0,6,0,0,35,0,0,completed
39376,U9379,2025-08-06 12:50:00,2025-08-06 12:54:00,M,30~39,office,seoul,0,0,0,0,17,0,0,26,0,0,completed
39377,U9380,2025-07-22 19:31:00,2025-07-22 19:33:00,M,50+,office,seoul,0,0,0,0,22,0,0,53,0,0,completed
39378,U9381,2025-07-17 07:01:00,2025-07-17 07:04:00,F,20~29,office,seoul,0,0,0,0,28,0,0,70,0,0,completed
39379,U9382,2025-01-02 15:51:00,2025-01-02 15:58:00,M,30~39,office,seoul,0,0,0,0,22,0,0,29,0,0,completed
39380,U9383,2025-11-09 11:24:00,2025-11-09 11:29:00,F,20~29,office,seoul,1,0,0,0,5,0,0,56,0,0,completed
39381,U9384,2025-06-03 08:46:00,2025-06-03 08:50:00,M,40~49,office,seoul,0,0,0,0,21,0,0,51,0,0,completed
39382,U9385,2025-11-02 08:18:00,2025-11-02 08:23:00,F,30~39,office,seoul,1,0,0,0,16,0,0,22,0,0,completed
39383,U9386,2025-05-06 09:50:00,2025-05-06 09:53:00,F,40~49,office,seoul,0,0,0,0,13,0,0,11,0,0,completed
39384,U9387,2025-09-24 18:57:00,2025-09-24 19:00:00,M,20~29,office,seoul,0,0,0,0,20,0,0,68,0,0,completed
39385,U9388,2025-12-25 14:31:00,2025-12-25 14:38:00,F,30~39,office,seoul,0,0,0,0,8,0,0,11,0,0,completed
39386,U9389,2025-08-28 16:02:00,2025-08-28 16:08:00,F,30~39,office,seoul,0,0,0,0,23,0,0,38,1,0,completed
39387,U9390,2025-09-12 15:59:00,2025-09-12 16:04:00,M,40~49,office,seoul,0,0,0,0,28,0,0,42,0,0,completed
39388,U9391,2025-08-24 17:08:00,2025-08-24 17:15:00,M,30~39,office,seoul,1,0,0,0,10,0,0,60,0,0,completed
39389,U9392,2025-01-25 09:07:00,2025-01-25 09:12:00,F,30~39,office,seoul,1,0,0,0,0,0,0,57,0,0,timeout
39390,U9393,2025-01-25 15:20:00,2025-01-25 15:27:00,M,30~39,office,seoul,1,0,0,0,22,0,0,41,0,0,completed
39391,U9394,2025-12-13 19:25:00,2025-12-13 19:28:00,F,30~39,office,seoul,1,0,0,0,16,0,0,16,0,0,completed
39392,U9395,2025-05-28 17:39:00,2025-05-28 17:42:00,F,30~39,office,seoul,0,0,0,0,12,0,0,51,0,0,completed
39393,U9396,2025-09-15 09:09:00,2025-09-15 09:14:00,F,30~39,office,seoul,0,0,0,0,20,0,0,66,0,0,completed
39394,U9397,2025-04-11 17:53:00,2025-04-11 17:56:00,F,30~39,office,seoul,0,0,0,0,1,0,0,73,1,0,completed
39395,U9398,2025-07-21 08:55:00,2025-07-21 08:57:00,F,20~29,office,seoul,0,0,0,0,8,0,0,38,0,0,completed
39396,U9399,2025-08-03 14:19:00,2025-08-03 14:24:00,F,40~49,office,seoul,1,0,0,0,29,0,0,31,0,0,completed
39397,U9400,2025-06-20 16:06:00,2025-06-20 16:12:00,M,50+,office,seoul,0,0,0,0,18,0,0,58,0,1,completed
39398,U9401,2025-06-26 14:50:00,2025-06-26 14:57:00,M,20~29,office,seoul,0,0,0,0,3,0,0,32,0,0,completed
39399,U9402,2025-08-26 15:19:00,2025-08-26 15:21:00,F,20~29,office,seoul,0,0,0,0,27,0,0,35,0,0,completed
39400,U9403,2025-03-15 09:53:00,2025-03-15 09:59:00,M,30~39,office,seoul,1,0,0,0,26,0,0,27,0,0,completed
39401,U9404,2025-07-26 07:45:00,2025-07-26 07:48:00,M,30~39,office,seoul,1,0,0,0,24,0,0,62,0,0,completed
39402,U9405,2025-08-25 12:45:00,2025-08-25 12:52:00,F,40~49,office,seoul,0,0,0,0,2,0,0,62,0,0,completed
39403,U9406,2025-07-23 12:14:00,2025-07-23 12:19:00,M,40~49,office,seoul,0,0,0,0,9,0,0,69,0,0,completed
39404,U9407,2025-09-09 08:01:00,2025-09-09 08:05:00,M,20~29,office,seoul,0,0,0,0,15,0,0,43,0,0,abandoned
39405,U9408,2025-11-10 12:23:00,2025-11-10 12:29:00,F,40~49,office,seoul,0,0,0,0,10,0,0,32,0,0,abandoned
39406,U9409,2025-06-29 11:10:00,2025-06-29 11:16:00,F,30~39,office,seoul,1,0,0,0,27,0,0,45,0,0,completed
39407,U9410,2025-04-02 14:05:00,2025-04-02 14:11:00,M,50+,office,seoul,0,0,0,0,23,0,0,63,0,0,completed
39408,U9411,2025-05-26 09:40:00,2025-05-26 09:45:00,F,40~49,office,seoul,0,0,0,0,19,0,0,62,0,0,completed
39409,U9412,2025-08-13 15:29:00,2025-08-13 15:35:00,F,20~29,office,seoul,0,0,0,0,9,0,0,65,0,0,completed
39410,U9413,2025-07-16 16:14:00,2025-07-16 16:19:00,M,30~39,office,seoul,0,0,0,0,25,0,0,36,0,0,completed
39411,U9414,2025-01-23 16:29:00,2025-01-23 16:31:00,M,30~39,office,seoul,0,0,0,0,21,0,0,59,0,0,completed
39412,U9415,2025-06-24 14:13:00,2025-06-24 14:15:00,F,20~29,office,seoul,0,0,0,0,6,0,0,60,0,0,timeout
39413,U9416,2025-08-03 20:33:00,2025-08-03 20:35:00,F,30~39,office,seoul,1,0,0,0,12,0,0,78,0,0,completed
39414,U9417,2025-06-19 17:22:00,2025-06-19 17:29:00,F,20~29,office,seoul,0,0,0,0,15,0,0,55,0,0,completed
39415,U9418,2025-09-16 18:19:00,2025-09-16 18:21:00,M,40~49,office,seoul,0,0,0,0,27,0,0,12,0,0,completed
39416,U9419,2025-05-19 09:18:00,2025-05-19 09:23:00,F,50+,office,seoul,0,0,0,0,18,0,0,35,1,0,completed
39417,U9420,2025-12-02 16:56:00,2025-12-02 17:03:00,F,30~39,office,seoul,0,0,0,0,27,0,0,50,0,0,abandoned
39418,U9421,2025-12-28 08:21:00,2025-12-28 08:27:00,F,20~29,office,seoul,1,0,0,0,5,0,0,73,0,0,completed
39419,U9422,2025-11-25 15:08:00,2025-11-25 15:13:00,F,30~39,office,seoul,0,0,0,0,20,0,0,37,0,0,completed
39420,U9423,2025-07-18 16:31:00,2025-07-18 16:37:00,F,20~29,office,seoul,0,0,0,0,29,0,0,24,0,0,completed
39421,U9424,2025-11-01 13:13:00,2025-11-01 13:19:00,F,50+,office,seoul,1,0,0,0,23,0,0,65,0,0,abandoned
39422,U9425,2025-01-26 17:43:00,2025-01-26 17:50:00,F,20~29,office,seoul,1,0,0,0,14,0,0,51,0,0,completed
39423,U9426,2025-10-11 14:55:00,2025-10-11 14:58:00,F,30~39,office,seoul,1,0,0,0,9,0,0,27,0,0,abandoned
39424,U9427,2025-11-08 12:04:00,2025-11-08 12:08:00,F,50+,office,seoul,1,0,0,0,11,0,0,67,0,0,completed
39425,U9428,2025-12-27 12:09:00,2025-12-27 12:13:00,M,20~29,office,seoul,1,0,0,0,8,0,0,63,0,0,completed
39426,U9429,2025-10-17 12:50:00,2025-10-17 12:56:00,M,40~49,office,seoul,0,0,0,0,18,0,0,43,0,0,completed
39427,U9430,2025-01-17 14:12:00,2025-01-17 14:19:00,F,30~39,office,seoul,0,0,0,0,12,0,0,15,0,0,completed
39428,U9431,2025-07-16 08:52:00,2025-07-16 08:59:00,F,20~29,office,seoul,0,0,0,0,21,0,0,22,0,0,completed
39429,U9432,2025-02-09 19:00:00,2025-02-09 19:05:00,F,20~29,office,seoul,1,0,0,0,5,0,0,33,0,0,completed
39430,U9433,2025-05-01 07:28:00,2025-05-01 07:30:00,F,30~39,office,seoul,0,0,0,0,19,0,0,61,0,0,completed
39431,U9434,2025-03-22 11:25:00,2025-03-22 11:32:00,F,30~39,office,seoul,1,0,0,0,28,0,0,64,0,0,abandoned
39432,U9435,2025-05-27 09:03:00,2025-05-27 09:05:00,M,20~29,office,seoul,0,0,0,0,9,0,0,35,0,0,completed
39433,U9436,2025-08-31 15:28:00,2025-08-31 15:35:00,F,20~29,office,seoul,1,0,0,0,28,0,0,38,0,0,completed
39434,U9437,2025-04-29 14:02:00,2025-04-29 14:08:00,M,50+,office,seoul,0,0,0,0,6,0,0,39,0,0,completed
39435,U9438,2025-08-30 08:35:00,2025-08-30 08:41:00,M,40~49,office,seoul,1,0,0,0,8,0,0,41,0,0,completed
39436,U9439,2025-05-16 15:56:00,2025-05-16 15:58:00,M,40~49,office,seoul,0,0,0,0,23,0,0,70,0,0,timeout
39437,U9440,2025-08-27 16:39:00,2025-08-27 16:43:00,F,40~49,office,seoul,0,0,0,0,24,0,0,65,0,0,completed
39438,U9441,2025-05-01 15:16:00,2025-05-01 15:22:00,F,20~29,office,seoul,0,0,0,0,3,0,0,74,0,0,completed
39439,U9442,2025-02-28 13:46:00,2025-02-28 13:49:00,M,40~49,office,seoul,0,0,0,0,18,0,0,28,0,0,completed
39440,U9443,2025-07-01 18:11:00,2025-07-01 18:16:00,M,50+,office,seoul,0,0,0,0,8,0,0,24,0,0,completed
39441,U9444,2025-07-07 08:19:00,2025-07-07 08:23:00,M,20~29,office,seoul,0,0,0,0,25,0,0,57,0,0,completed
39442,U9445,2025-04-05 08:47:00,2025-04-05 08:49:00,F,30~39,office,seoul,1,0,0,0,0,0,0,64,0,0,completed
39443,U9446,2025-12-30 20:44:00,2025-12-30 20:50:00,F,50+,office,seoul,0,0,0,0,23,0,0,48,0,0,completed
39444,U9447,2025-12-22 09:15:00,2025-12-22 09:21:00,M,20~29,office,seoul,0,0,0,0,0,0,0,45,0,0,abandoned
39445,U9448,2025-03-09 17:39:00,2025-03-09 17:44:00,M,30~39,office,seoul,1,0,0,0,1,0,0,39,0,1,completed
39446,U9449,2025-12-24 17:53:00,2025-12-24 17:56:00,F,30~39,office,seoul,0,0,0,0,27,0,0,40,0,0,completed
39447,U9450,2025-10-18 21:09:00,2025-10-18 21:13:00,F,30~39,office,seoul,1,0,0,0,12,0,0,55,0,0,completed
39448,U9451,2025-12-31 15:10:00,2025-12-31 15:14:00,M,50+,office,seoul,0,0,0,0,29,0,0,42,0,0,abandoned
39449,U9452,2025-10-23 12:53:00,2025-10-23 12:58:00,M,50+,office,seoul,0,0,0,0,25,0,0,34,0,0,completed
39450,U9453,2025-08-14 17:24:00,2025-08-14 17:26:00,M,50+,office,seoul,0,0,0,0,14,0,0,62,0,0,completed
39451,U9454,2025-04-18 17:34:00,2025-04-18 17:37:00,F,50+,office,seoul,0,0,0,0,3,0,0,29,0,0,completed
39452,U9455,2025-12-31 17:22:00,2025-12-31 17:26:00,F,50+,office,seoul,0,0,0,0,2,0,0,53,0,0,timeout
39453,U9456,2025-10-19 16:34:00,2025-10-19 16:41:00,M,40~49,office,seoul,1,0,0,0,0,0,0,10,0,0,completed
39454,U9457,2025-02-23 19:30:00,2025-02-23 19:32:00,M,20~29,office,seoul,1,0,0,0,15,0,0,62,0,0,completed
39455,U9458,2025-06-10 14:08:00,2025-06-10 14:15:00,F,30~39,office,seoul,0,0,0,0,18,0,0,20,0,0,error
39456,U9459,2025-11-24 11:01:00,2025-11-24 11:05:00,M,40~49,office,seoul,0,0,0,0,23,0,0,69,0,0,completed
39457,U9460,2025-06-07 15:00:00,2025-06-07 15:03:00,M,30~39,office,seoul,1,0,0,0,23,0,0,68,0,0,completed
39458,U9461,2025-12-03 08:25:00,2025-12-03 08:30:00,F,20~29,office,seoul,0,0,0,0,20,0,0,61,0,0,completed
39459,U9462,2025-11-03 18:34:00,2025-11-03 18:40:00,F,50+,office,seoul,0,0,0,0,11,0,0,28,0,0,completed
39460,U9463,2025-07-04 13:01:00,2025-07-04 13:06:00,F,20~29,office,seoul,0,0,0,0,26,0,0,59,0,0,completed
39461,U9464,2025-04-20 09:59:00,2025-04-20 10:03:00,F,40~49,office,seoul,1,0,0,0,11,0,0,34,1,0,completed
39462,U9465,2025-01-04 15:24:00,2025-01-04 15:30:00,M,40~49,office,seoul,1,0,0,0,7,0,0,41,1,0,completed
39463,U9466,2025-09-22 12:46:00,2025-09-22 12:48:00,F,40~49,office,seoul,0,0,0,0,14,0,0,51,0,0,abandoned
39464,U9467,2025-04-26 14:20:00,2025-04-26 14:26:00,M,20~29,office,seoul,1,0,0,0,8,0,0,48,0,0,completed
39465,U9468,2025-09-19 18:57:00,2025-09-19 19:03:00,F,50+,office,seoul,0,0,0,0,24,0,0,52,0,0,completed
39466,U9469,2025-10-25 15:30:00,2025-10-25 15:34:00,F,30~39,office,seoul,1,0,0,0,29,0,0,27,0,0,completed
39467,U9470,2025-10-08 09:53:00,2025-10-08 09:59:00,F,20~29,office,seoul,0,0,0,0,18,0,0,58,0,0,completed
39468,U9471,2025-10-16 15:48:00,2025-10-16 15:52:00,F,20~29,office,seoul,0,0,0,0,26,0,0,10,0,0,abandoned
39469,U9472,2025-06-25 13:23:00,2025-06-25 13:27:00,M,40~49,office,seoul,0,0,0,0,20,0,0,38,0,0,completed
39470,U9473,2025-12-16 14:06:00,2025-12-16 14:12:00,F,20~29,office,seoul,0,0,0,0,24,0,0,21,0,0,completed
39471,U9474,2025-02-17 18:54:00,2025-02-17 19:01:00,F,30~39,office,seoul,0,0,0,0,22,0,0,46,0,0,completed
39472,U9475,2025-08-20 08:51:00,2025-08-20 08:57:00,M,30~39,office,seoul,0,0,0,0,15,0,0,18,0,0,completed
39473,U9476,2025-05-13 08:43:00,2025-05-13 08:50:00,F,20~29,office,seoul,0,0,0,0,12,0,0,30,0,0,completed
39474,U9477,2025-02-23 16:14:00,2025-02-23 16:16:00,F,20~29,office,seoul,1,0,0,0,7,0,0,78,0,0,completed
39475,U9478,2025-08-03 16:18:00,2025-08-03 16:20:00,F,40~49,office,seoul,1,0,0,0,3,0,0,41,0,0,completed
39476,U9479,2025-04-05 16:17:00,2025-04-05 16:19:00,F,40~49,office,seoul,1,0,0,0,22,0,0,45,0,0,completed
39477,U9480,2025-06-19 12:10:00,2025-06-19 12:17:00,F,30~39,office,seoul,0,0,0,0,21,0,0,47,0,0,completed
39478,U9481,2025-05-14 13:47:00,2025-05-14 13:49:00,M,20~29,office,seoul,0,0,0,0,5,0,0,32,0,0,completed
39479,U9482,2025-08-07 16:16:00,2025-08-07 16:20:00,F,30~39,office,seoul,0,0,0,0,26,0,0,76,0,0,completed
39480,U9483,2025-10-24 11:14:00,2025-10-24 11:17:00,M,20~29,office,seoul,0,0,0,0,5,0,0,70,0,0,completed
39481,U9484,2025-07-19 09:56:00,2025-07-19 10:01:00,M,40~49,office,seoul,1,0,0,0,2,0,0,59,0,0,abandoned
39482,U9485,2025-04-24 12:38:00,2025-04-24 12:42:00,F,30~39,office,seoul,0,0,0,0,13,0,0,11,0,0,completed
39483,U9486,2025-11-20 14:13:00,2025-11-20 14:18:00,M,20~29,office,seoul,0,0,0,0,23,0,0,69,0,0,completed
39484,U9487,2025-06-20 19:38:00,2025-06-20 19:45:00,M,30~39,office,seoul,0,0,0,0,26,0,0,27,0,0,completed
39485,U9488,2025-11-26 22:32:00,2025-11-26 22:38:00,M,30~39,office,seoul,0,0,0,0,28,0,0,32,0,0,completed
39486,U9489,2025-02-17 07:03:00,2025-02-17 07:09:00,F,40~49,office,seoul,0,0,0,0,12,0,0,73,0,1,completed
39487,U9490,2025-05-18 16:59:00,2025-05-18 17:05:00,M,20~29,office,seoul,1,0,0,0,20,0,0,53,0,0,completed
39488,U9491,2025-06-13 09:42:00,2025-06-13 09:49:00,M,50+,office,seoul,0,0,0,0,9,0,0,49,1,0,completed
39489,U9492,2025-12-29 08:45:00,2025-12-29 08:50:00,M,20~29,office,seoul,0,0,0,0,27,0,0,50,0,0,completed
39490,U9493,2025-10-09 14:17:00,2025-10-09 14:21:00,M,40~49,office,seoul,0,0,0,0,3,0,0,43,0,0,completed
39491,U9494,2025-12-03 07:13:00,2025-12-03 07:16:00,F,20~29,office,seoul,0,0,0,0,7,0,0,77,0,0,abandoned
39492,U9495,2025-11-01 18:57:00,2025-11-01 19:00:00,F,20~29,office,seoul,1,0,0,0,14,0,0,30,0,0,completed
39493,U9496,2025-05-08 12:41:00,2025-05-08 12:45:00,F,30~39,office,seoul,0,0,0,0,29,0,0,15,0,0,completed
39494,U9497,2025-02-21 14:31:00,2025-02-21 14:33:00,F,50+,office,seoul,0,0,0,0,16,0,0,20,0,0,completed
39495,U9498,2025-12-10 13:43:00,2025-12-10 13:46:00,F,20~29,office,seoul,0,0,0,0,8,0,0,57,0,0,completed
39496,U9499,2025-09-11 08:31:00,2025-09-11 08:34:00,F,20~29,office,seoul,0,0,0,0,1,0,0,16,0,0,completed
39497,U9500,2025-10-31 14:31:00,2025-10-31 14:38:00,F,20~29,office,seoul,0,0,0,0,13,0,0,22,0,0,completed
39498,U9501,2025-04-06 17:26:00,2025-04-06 17:29:00,F,20~29,office,seoul,1,0,0,0,5,0,0,12,0,0,completed
39499,U9502,2025-05-29 15:04:00,2025-05-29 15:07:00,M,50+,office,seoul,0,0,0,0,27,0,0,12,0,0,completed
39500,U9503,2025-03-02 21:43:00,2025-03-02 21:47:00,F,20~29,office,seoul,1,0,0,0,23,0,0,66,0,1,completed
39501,U9504,2025-01-18 07:44:00,2025-01-18 07:47:00,M,40~49,office,seoul,1,0,0,0,25,0,0,66,0,0,completed
39502,U9505,2025-04-06 17:21:00,2025-04-06 17:23:00,M,40~49,office,seoul,1,0,0,0,24,0,0,76,0,0,completed
39503,U9506,2025-12-28 13:06:00,2025-12-28 13:08:00,F,30~39,office,seoul,1,0,0,0,4,0,0,47,0,0,completed
39504,U9507,2025-02-22 18:11:00,2025-02-22 18:14:00,F,20~29,office,seoul,1,0,0,0,27,0,0,36,0,0,completed
39505,U9508,2025-08-12 14:49:00,2025-08-12 14:56:00,F,30~39,office,seoul,0,0,0,0,9,0,0,27,0,0,completed
39506,U9509,2025-06-23 07:09:00,2025-06-23 07:12:00,M,40~49,office,seoul,0,0,0,0,15,0,0,52,0,0,abandoned
39507,U9510,2025-05-05 20:31:00,2025-05-05 20:36:00,M,30~39,office,seoul,0,0,0,0,25,0,0,35,0,0,completed
39508,U9511,2025-09-06 08:01:00,2025-09-06 08:04:00,M,30~39,office,seoul,1,0,0,0,17,0,0,53,0,0,completed
39509,U9512,2025-04-11 16:57:00,2025-04-11 17:04:00,M,50+,office,seoul,0,0,0,0,21,0,0,70,0,0,completed
39510,U9513,2025-01-07 13:47:00,2025-01-07 13:49:00,M,40~49,office,seoul,0,0,0,0,18,0,0,20,0,0,completed
39511,U9514,2025-09-01 13:01:00,2025-09-01 13:07:00,M,30~39,office,seoul,0,0,0,0,5,0,0,42,0,0,completed
39512,U9515,2025-12-02 17:09:00,2025-12-02 17:13:00,M,50+,office,seoul,0,0,0,0,16,0,0,15,0,0,completed
39513,U9516,2025-02-18 12:26:00,2025-02-18 12:32:00,F,40~49,office,seoul,0,0,0,0,8,0,0,60,0,0,completed
39514,U9517,2025-02-21 14:21:00,2025-02-21 14:26:00,F,20~29,office,seoul,0,0,0,0,27,0,0,54,0,0,completed
39515,U9518,2025-06-14 09:02:00,2025-06-14 09:08:00,M,40~49,office,seoul,1,0,0,0,27,0,0,66,0,0,completed
39516,U9519,2025-08-20 13:00:00,2025-08-20 13:05:00,F,50+,office,seoul,0,0,0,0,22,0,0,20,0,1,completed
39517,U9520,2025-08-22 12:55:00,2025-08-22 12:57:00,M,40~49,office,seoul,0,0,0,0,9,0,0,11,0,0,completed
39518,U9521,2025-03-12 16:57:00,2025-03-12 17:02:00,M,20~29,office,seoul,0,0,0,0,14,0,0,27,0,0,completed
39519,U9522,2025-07-19 13:30:00,2025-07-19 13:35:00,F,20~29,office,seoul,1,0,0,0,20,0,0,22,0,0,completed
39520,U9523,2025-09-05 16:22:00,2025-09-05 16:29:00,M,50+,office,seoul,0,0,0,0,19,0,0,72,0,0,completed
39521,U9524,2025-09-28 09:02:00,2025-09-28 09:06:00,M,20~29,office,seoul,1,0,0,0,9,0,0,32,0,0,completed
39522,U9525,2025-11-09 11:38:00,2025-11-09 11:44:00,M,20~29,office,seoul,1,0,0,0,4,0,0,45,0,0,abandoned
39523,U9526,2025-01-29 22:26:00,2025-01-29 22:33:00,M,30~39,office,seoul,0,0,0,0,10,0,0,16,0,0,completed
39524,U9527,2025-05-31 14:30:00,2025-05-31 14:36:00,M,20~29,office,seoul,1,0,0,0,11,0,0,11,0,0,completed
39525,U9528,2025-12-27 17:32:00,2025-12-27 17:38:00,F,30~39,office,seoul,1,0,0,0,8,0,0,20,0,0,completed
39526,U9529,2025-05-16 12:01:00,2025-05-16 12:03:00,F,50+,office,seoul,0,0,0,0,5,0,0,61,0,0,completed
39527,U9530,2025-10-08 07:10:00,2025-10-08 07:16:00,M,20~29,office,seoul,0,0,0,0,9,0,0,33,0,0,completed
39528,U9531,2025-01-06 08:00:00,2025-01-06 08:05:00,F,20~29,office,seoul,0,0,0,0,25,0,0,16,0,0,completed
39529,U9532,2025-02-14 16:13:00,2025-02-14 16:17:00,F,20~29,office,seoul,0,0,0,0,24,0,0,67,0,0,completed
39530,U9533,2025-04-16 11:51:00,2025-04-16 11:55:00,F,50+,office,seoul,0,0,0,0,6,0,0,77,0,0,completed
39531,U9534,2025-10-01 09:46:00,2025-10-01 09:49:00,M,30~39,office,seoul,0,0,0,0,4,0,0,54,0,0,completed
39532,U9535,2025-10-30 16:11:00,2025-10-30 16:16:00,F,50+,office,seoul,0,0,0,0,3,0,0,17,0,0,completed
39533,U9536,2025-08-06 16:36:00,2025-08-06 16:41:00,M,20~29,office,seoul,0,0,0,0,28,0,0,15,0,0,completed
39534,U9537,2025-04-17 09:13:00,2025-04-17 09:19:00,M,20~29,office,seoul,0,0,0,0,11,0,0,18,0,0,completed
39535,U9538,2025-03-16 16:24:00,2025-03-16 16:27:00,F,30~39,office,seoul,1,0,0,0,25,0,0,74,0,0,completed
39536,U9539,2025-05-20 19:13:00,2025-05-20 19:18:00,F,30~39,office,seoul,0,0,0,0,24,0,0,39,0,0,abandoned
39537,U9540,2025-05-21 14:46:00,2025-05-21 14:53:00,F,30~39,office,seoul,0,0,0,0,18,0,0,44,0,0,completed
39538,U9541,2025-01-10 14:44:00,2025-01-10 14:48:00,F,40~49,office,seoul,0,0,0,0,25,0,0,11,0,0,completed
39539,U9542,2025-07-30 17:48:00,2025-07-30 17:51:00,M,20~29,office,seoul,0,0,0,0,20,0,0,42,0,0,completed
39540,U9543,2025-12-19 12:33:00,2025-12-19 12:39:00,F,20~29,office,seoul,0,0,0,0,6,0,0,59,0,0,completed
39541,U9544,2025-10-11 20:22:00,2025-10-11 20:29:00,F,20~29,office,seoul,1,0,0,0,10,0,0,13,0,0,completed
39542,U9545,2025-01-03 15:55:00,2025-01-03 16:01:00,F,20~29,office,seoul,0,0,0,0,15,0,0,50,0,0,completed
39543,U9546,2025-04-30 08:07:00,2025-04-30 08:09:00,F,20~29,office,seoul,0,0,0,0,13,0,0,16,0,0,completed
39544,U9547,2025-05-14 12:41:00,2025-05-14 12:45:00,F,30~39,office,seoul,0,0,0,0,2,0,0,10,0,0,completed
39545,U9548,2025-11-05 09:38:00,2025-11-05 09:43:00,F,30~39,office,seoul,0,0,0,0,3,0,0,10,0,0,abandoned
39546,U9549,2025-05-14 07:00:00,2025-05-14 07:03:00,M,40~49,office,seoul,0,0,0,0,7,0,0,42,0,0,completed
39547,U9550,2025-11-10 11:33:00,2025-11-10 11:35:00,F,30~39,office,seoul,0,0,0,0,15,0,0,75,0,0,completed
39548,U9551,2025-09-23 18:38:00,2025-09-23 18:45:00,F,40~49,office,seoul,0,0,0,0,6,0,0,41,0,0,error
39549,U9552,2025-09-17 16:55:00,2025-09-17 16:57:00,F,30~39,office,seoul,0,0,0,0,17,0,0,77,0,0,completed
39550,U9553,2025-05-08 15:02:00,2025-05-08 15:05:00,M,30~39,office,seoul,0,0,0,0,27,0,0,74,0,0,completed
39551,U9554,2025-09-22 15:13:00,2025-09-22 15:16:00,M,20~29,office,seoul,0,0,0,0,24,0,0,56,0,0,completed
39552,U9555,2025-06-08 19:00:00,2025-06-08 19:02:00,F,20~29,office,seoul,1,0,0,0,20,0,0,62,0,0,completed
39553,U9556,2025-11-30 12:09:00,2025-11-30 12:11:00,F,50+,office,seoul,1,0,0,0,28,0,0,77,1,0,completed
39554,U9557,2025-04-16 14:07:00,2025-04-16 14:12:00,M,20~29,office,seoul,0,0,0,0,4,0,0,45,0,0,completed
39555,U9558,2025-01-09 14:52:00,2025-01-09 14:59:00,M,50+,office,seoul,0,0,0,0,21,0,0,72,0,1,completed
39556,U9559,2025-04-14 09:12:00,2025-04-14 09:16:00,F,50+,office,seoul,0,0,0,0,28,0,0,46,1,0,abandoned
39557,U9560,2025-05-18 19:43:00,2025-05-18 19:45:00,M,40~49,office,seoul,1,0,0,0,15,0,0,61,1,0,completed
39558,U9561,2025-05-01 12:47:00,2025-05-01 12:54:00,F,30~39,office,seoul,0,0,0,0,12,0,0,17,0,0,completed
39559,U9562,2025-04-14 16:09:00,2025-04-14 16:11:00,F,40~49,office,seoul,0,0,0,0,21,0,0,29,0,0,abandoned
39560,U9563,2025-03-09 11:44:00,2025-03-09 11:49:00,F,50+,office,seoul,1,0,0,0,15,0,0,27,0,0,completed
39561,U9564,2025-04-09 20:49:00,2025-04-09 20:52:00,F,30~39,office,seoul,0,0,0,0,24,0,0,56,0,0,abandoned
39562,U9565,2025-01-11 08:57:00,2025-01-11 09:01:00,M,20~29,office,seoul,1,0,0,0,11,0,0,31,1,0,completed
39563,U9566,2025-11-28 08:25:00,2025-11-28 08:31:00,F,40~49,office,seoul,0,0,0,0,24,0,0,61,0,0,abandoned
39564,U9567,2025-04-25 16:35:00,2025-04-25 16:37:00,M,20~29,office,seoul,0,0,0,0,8,0,0,65,0,1,completed
39565,U9568,2025-10-12 19:13:00,2025-10-12 19:20:00,F,40~49,office,seoul,1,0,0,0,13,0,0,45,0,0,completed
39566,U9569,2025-08-09 12:46:00,2025-08-09 12:50:00,F,50+,office,seoul,1,0,0,0,5,0,0,12,0,0,completed
39567,U9570,2025-07-29 20:12:00,2025-07-29 20:16:00,M,30~39,office,seoul,0,0,0,0,16,0,0,23,0,0,completed
39568,U9571,2025-08-30 12:36:00,2025-08-30 12:43:00,F,30~39,office,seoul,1,0,0,0,6,0,0,25,0,0,completed
39569,U9572,2025-05-25 15:06:00,2025-05-25 15:08:00,F,30~39,office,seoul,1,0,0,0,20,0,0,21,0,0,abandoned
39570,U9573,2025-05-09 09:13:00,2025-05-09 09:15:00,F,50+,office,seoul,0,0,0,0,12,0,0,48,0,0,error
39571,U9574,2025-12-28 09:24:00,2025-12-28 09:29:00,F,30~39,office,seoul,1,0,0,0,15,0,0,35,0,0,completed
39572,U9575,2025-11-29 08:29:00,2025-11-29 08:36:00,F,20~29,office,seoul,1,0,0,0,27,0,0,43,0,0,completed
39573,U9576,2025-01-23 20:30:00,2025-01-23 20:33:00,F,50+,office,seoul,0,0,0,0,21,0,0,45,0,0,completed
39574,U9577,2025-01-19 14:24:00,2025-01-19 14:28:00,F,20~29,office,seoul,1,0,0,0,2,0,0,17,0,0,timeout
39575,U9578,2025-03-24 09:55:00,2025-03-24 10:01:00,M,40~49,office,seoul,0,0,0,0,22,0,0,16,0,0,completed
39576,U9579,2025-01-08 12:43:00,2025-01-08 12:46:00,F,40~49,office,seoul,0,0,0,0,19,0,0,37,0,0,completed
39577,U9580,2025-11-09 09:56:00,2025-11-09 10:00:00,M,20~29,office,seoul,1,0,0,0,8,0,0,16,0,0,completed
39578,U9581,2025-12-20 16:03:00,2025-12-20 16:05:00,F,20~29,office,seoul,1,0,0,0,7,0,0,50,0,0,completed
39579,U9582,2025-01-19 16:48:00,2025-01-19 16:52:00,M,40~49,office,seoul,1,0,0,0,14,0,0,19,0,0,completed
39580,U9583,2025-04-12 20:40:00,2025-04-12 20:43:00,F,20~29,office,seoul,1,0,0,0,14,0,0,71,0,0,completed
39581,U9584,2025-09-17 09:23:00,2025-09-17 09:30:00,F,20~29,office,seoul,0,0,0,0,26,0,0,24,0,0,abandoned
39582,U9585,2025-03-28 16:50:00,2025-03-28 16:56:00,M,20~29,office,seoul,0,0,0,0,28,0,0,26,0,0,completed
39583,U9586,2025-10-15 08:43:00,2025-10-15 08:48:00,M,30~39,office,seoul,0,0,0,0,15,0,0,60,0,0,completed
39584,U9587,2025-11-25 22:38:00,2025-11-25 22:41:00,M,30~39,office,seoul,0,0,0,0,4,0,0,76,0,0,completed
39585,U9588,2025-08-23 15:44:00,2025-08-23 15:49:00,F,20~29,office,seoul,1,0,0,0,0,0,0,41,0,0,completed
39586,U9589,2025-11-23 08:52:00,2025-11-23 08:57:00,F,40~49,office,seoul,1,0,0,0,21,0,0,13,0,0,completed
39587,U9590,2025-07-06 12:53:00,2025-07-06 12:56:00,F,30~39,office,seoul,1,0,0,0,26,0,0,20,1,0,timeout
39588,U9591,2025-02-03 16:28:00,2025-02-03 16:34:00,F,20~29,office,seoul,0,0,0,0,12,0,0,39,0,0,abandoned
39589,U9592,2025-09-03 18:51:00,2025-09-03 18:54:00,F,40~49,office,seoul,0,0,0,0,23,0,0,59,0,0,completed
39590,U9593,2025-03-22 09:13:00,2025-03-22 09:17:00,F,20~29,office,seoul,1,0,0,0,19,0,0,75,0,0,completed
39591,U9594,2025-05-03 13:19:00,2025-05-03 13:26:00,M,40~49,office,seoul,1,0,0,0,6,0,0,11,0,0,completed
39592,U9595,2025-03-21 16:27:00,2025-03-21 16:31:00,F,30~39,office,seoul,0,0,0,0,16,0,0,67,0,0,completed
39593,U9596,2025-08-25 08:52:00,2025-08-25 08:54:00,M,20~29,office,seoul,0,0,0,0,21,0,0,45,0,0,completed
39594,U9597,2025-12-03 13:07:00,2025-12-03 13:09:00,M,20~29,office,seoul,0,0,0,0,22,0,0,36,0,0,completed
39595,U9598,2025-12-14 20:42:00,2025-12-14 20:46:00,F,30~39,office,seoul,1,0,0,0,13,0,0,52,0,0,completed
39596,U9599,2025-12-04 08:25:00,2025-12-04 08:27:00,M,20~29,office,seoul,0,0,0,0,7,0,0,44,0,0,completed
39597,U9600,2025-05-12 16:23:00,2025-05-12 16:28:00,F,40~49,office,seoul,0,0,0,0,8,0,0,73,0,0,abandoned
39598,U9601,2025-02-27 19:23:00,2025-02-27 19:26:00,F,20~29,office,seoul,0,0,0,0,6,0,0,39,0,0,completed
39599,U9602,2025-10-03 07:05:00,2025-10-03 07:10:00,M,40~49,office,seoul,0,0,0,0,16,0,0,30,0,0,completed
39600,U9603,2025-06-11 14:06:00,2025-06-11 14:11:00,M,20~29,office,seoul,0,0,0,0,7,0,0,55,0,0,completed
39601,U9604,2025-05-21 15:48:00,2025-05-21 15:55:00,F,30~39,office,seoul,0,0,0,0,8,0,0,45,0,0,completed
39602,U9605,2025-02-24 12:43:00,2025-02-24 12:45:00,M,30~39,office,seoul,0,0,0,0,28,0,0,29,0,0,completed
39603,U9606,2025-10-17 08:08:00,2025-10-17 08:11:00,M,20~29,office,seoul,0,0,0,0,11,0,0,36,0,0,completed
39604,U9607,2025-11-02 16:15:00,2025-11-02 16:22:00,M,40~49,office,seoul,1,0,0,0,2,0,0,13,1,0,completed
39605,U9608,2025-02-15 13:50:00,2025-02-15 13:55:00,F,30~39,office,seoul,1,0,0,0,12,0,0,20,0,0,completed
39606,U9609,2025-11-11 14:50:00,2025-11-11 14:52:00,F,30~39,office,seoul,0,0,0,0,23,0,0,67,0,0,timeout
39607,U9610,2025-12-25 17:42:00,2025-12-25 17:49:00,M,40~49,office,seoul,0,0,0,0,19,0,0,12,0,0,completed
39608,U9611,2025-04-24 13:29:00,2025-04-24 13:36:00,F,40~49,office,seoul,0,0,0,0,14,0,0,74,0,0,completed
39609,U9612,2025-09-20 17:40:00,2025-09-20 17:43:00,M,40~49,office,seoul,1,0,0,0,19,0,0,64,0,0,completed
39610,U9613,2025-11-12 18:53:00,2025-11-12 18:58:00,F,30~39,office,seoul,0,0,0,0,9,0,0,25,0,0,completed
39611,U9614,2025-08-29 16:41:00,2025-08-29 16:46:00,F,20~29,office,seoul,0,0,0,0,12,0,0,14,0,0,completed
39612,U9615,2025-08-02 16:11:00,2025-08-02 16:15:00,F,40~49,office,seoul,1,0,0,0,3,0,0,21,0,0,completed
39613,U9616,2025-10-30 18:39:00,2025-10-30 18:45:00,F,40~49,office,seoul,0,0,0,0,26,0,0,65,0,0,timeout
39614,U9617,2025-03-01 11:20:00,2025-03-01 11:25:00,F,20~29,office,seoul,1,0,0,0,27,0,0,27,0,0,completed
39615,U9618,2025-02-18 07:22:00,2025-02-18 07:24:00,M,20~29,office,seoul,0,0,0,0,8,0,0,37,0,0,completed
39616,U9619,2025-10-30 11:43:00,2025-10-30 11:49:00,F,30~39,office,seoul,0,0,0,0,4,0,0,77,0,0,completed
39617,U9620,2025-08-31 19:25:00,2025-08-31 19:30:00,M,40~49,office,seoul,1,0,0,0,0,0,0,27,0,0,timeout
39618,U9621,2025-07-20 12:26:00,2025-07-20 12:32:00,F,30~39,office,seoul,1,0,0,0,9,0,0,11,0,0,completed
39619,U9622,2025-06-05 17:28:00,2025-06-05 17:32:00,F,20~29,office,seoul,0,0,0,0,16,0,0,35,0,0,completed
39620,U9623,2025-06-16 15:56:00,2025-06-16 16:02:00,F,50+,office,seoul,0,0,0,0,21,0,0,55,0,0,completed
39621,U9624,2025-08-18 14:17:00,2025-08-18 14:23:00,F,20~29,office,seoul,0,0,0,0,10,0,0,55,0,0,completed
39622,U9625,2025-04-29 14:47:00,2025-04-29 14:49:00,F,20~29,office,seoul,0,0,0,0,0,0,0,16,0,0,completed
39623,U9626,2025-01-17 09:49:00,2025-01-17 09:55:00,F,50+,office,seoul,0,0,0,0,11,0,0,71,0,0,completed
39624,U9627,2025-05-22 07:40:00,2025-05-22 07:47:00,M,20~29,office,seoul,0,0,0,0,14,0,0,50,0,0,completed
39625,U9628,2025-04-20 16:37:00,2025-04-20 16:41:00,M,30~39,office,seoul,1,0,0,0,25,0,0,63,0,0,completed
39626,U9629,2025-06-01 16:22:00,2025-06-01 16:26:00,F,30~39,office,seoul,1,0,0,0,15,0,0,29,0,0,completed
39627,U9630,2025-02-20 09:44:00,2025-02-20 09:49:00,F,40~49,office,seoul,0,0,0,0,1,0,0,41,0,0,completed
39628,U9631,2025-03-15 18:01:00,2025-03-15 18:06:00,F,20~29,office,seoul,1,0,0,0,29,0,0,61,0,0,completed
39629,U9632,2025-07-14 13:36:00,2025-07-14 13:38:00,F,20~29,office,seoul,0,0,0,0,7,0,0,17,0,0,completed
39630,U9633,2025-09-26 15:46:00,2025-09-26 15:51:00,F,30~39,office,seoul,0,0,0,0,13,0,0,68,0,0,completed
39631,U9634,2025-04-02 14:06:00,2025-04-02 14:09:00,M,50+,office,seoul,0,0,0,0,25,0,0,11,1,0,completed
39632,U9635,2025-09-11 16:05:00,2025-09-11 16:09:00,M,20~29,office,seoul,0,0,0,0,19,0,0,49,0,0,completed
39633,U9636,2025-07-29 08:09:00,2025-07-29 08:15:00,M,40~49,office,seoul,0,0,0,0,2,0,0,56,0,0,completed
39634,U9637,2025-07-25 15:22:00,2025-07-25 15:26:00,M,30~39,office,seoul,0,0,0,0,28,0,0,67,0,0,completed
39635,U9638,2025-05-09 15:17:00,2025-05-09 15:24:00,M,20~29,office,seoul,0,0,0,0,22,0,0,78,0,0,completed
39636,U9639,2025-08-12 19:44:00,2025-08-12 19:46:00,F,30~39,office,seoul,0,0,0,0,16,0,0,18,0,0,completed
39637,U9640,2025-06-13 09:37:00,2025-06-13 09:40:00,F,50+,office,seoul,0,0,0,0,11,0,0,73,0,0,completed
39638,U9641,2025-02-01 17:38:00,2025-02-01 17:43:00,M,20~29,office,seoul,1,0,0,0,13,0,0,49,0,0,completed
39639,U9642,2025-12-28 09:47:00,2025-12-28 09:49:00,F,20~29,office,seoul,1,0,0,0,18,0,0,79,0,0,completed
39640,U9643,2025-04-15 13:12:00,2025-04-15 13:15:00,F,40~49,office,seoul,0,0,0,0,20,0,0,40,0,0,completed
39641,U9644,2025-10-07 19:02:00,2025-10-07 19:07:00,M,50+,office,seoul,0,0,0,0,5,0,0,44,0,0,abandoned
39642,U9645,2025-11-08 07:00:00,2025-11-08 07:02:00,M,50+,office,seoul,1,0,0,0,6,0,0,65,0,0,completed
39643,U9646,2025-06-28 11:38:00,2025-06-28 11:44:00,M,20~29,office,seoul,1,0,0,0,16,0,0,20,0,0,completed
39644,U9647,2025-06-18 12:31:00,2025-06-18 12:34:00,F,20~29,office,seoul,0,0,0,0,1,0,0,30,0,0,completed
39645,U9648,2025-04-22 16:56:00,2025-04-22 17:00:00,F,20~29,office,seoul,0,0,0,0,17,0,0,42,0,0,completed
39646,U9649,2025-03-01 16:09:00,2025-03-01 16:13:00,F,20~29,office,seoul,1,0,0,0,4,0,0,27,0,0,completed
39647,U9650,2025-12-01 18:31:00,2025-12-01 18:37:00,M,40~49,office,seoul,0,0,0,0,21,0,0,44,0,0,completed
39648,U9651,2025-07-14 15:11:00,2025-07-14 15:15:00,M,20~29,office,seoul,0,0,0,0,9,0,0,65,0,0,completed
39649,U9652,2025-11-03 13:18:00,2025-11-03 13:22:00,M,40~49,office,seoul,0,0,0,0,8,0,0,63,0,0,completed
39650,U9653,2025-02-23 12:23:00,2025-02-23 12:29:00,F,50+,office,seoul,1,0,0,0,3,0,0,54,0,0,abandoned
39651,U9654,2025-02-23 15:28:00,2025-02-23 15:33:00,M,30~39,office,seoul,1,0,0,0,1,0,0,58,0,0,completed
39652,U9655,2025-07-23 11:24:00,2025-07-23 11:26:00,M,30~39,office,seoul,0,0,0,0,9,0,0,22,0,0,completed
39653,U9656,2025-02-10 08:17:00,2025-02-10 08:21:00,M,50+,office,seoul,0,0,0,0,20,0,0,34,1,0,completed
39654,U9657,2025-10-23 15:46:00,2025-10-23 15:51:00,M,30~39,office,seoul,0,0,0,0,9,0,0,64,0,0,completed
39655,U9658,2025-05-25 20:22:00,2025-05-25 20:28:00,M,30~39,office,seoul,1,0,0,0,13,0,0,46,0,0,completed
39656,U9659,2025-02-27 17:18:00,2025-02-27 17:24:00,M,40~49,office,seoul,0,0,0,0,18,0,0,47,0,0,completed
39657,U9660,2025-05-19 13:16:00,2025-05-19 13:23:00,M,20~29,office,seoul,0,0,0,0,24,0,0,55,0,0,timeout
39658,U9661,2025-09-03 13:39:00,2025-09-03 13:41:00,F,20~29,office,seoul,0,0,0,0,12,0,0,42,0,0,completed
39659,U9662,2025-09-01 15:08:00,2025-09-01 15:15:00,F,20~29,office,seoul,0,0,0,0,4,0,0,11,0,0,completed
39660,U9663,2025-12-30 12:02:00,2025-12-30 12:08:00,M,50+,office,seoul,0,0,0,0,10,0,0,46,0,0,completed
39661,U9664,2025-01-07 11:15:00,2025-01-07 11:17:00,F,30~39,office,seoul,0,0,0,0,18,0,0,12,0,0,completed
39662,U9665,2025-07-28 09:57:00,2025-07-28 09:59:00,F,20~29,office,seoul,0,0,0,0,0,0,0,30,0,0,completed
39663,U9666,2025-07-22 14:45:00,2025-07-22 14:48:00,F,50+,office,seoul,0,0,0,0,17,0,0,23,0,0,timeout
39664,U9667,2025-12-15 17:14:00,2025-12-15 17:18:00,M,20~29,office,seoul,0,0,0,0,11,0,0,53,0,0,completed
39665,U9668,2025-02-27 13:48:00,2025-02-27 13:51:00,M,20~29,office,seoul,0,0,0,0,12,0,0,10,0,0,completed
39666,U9669,2025-01-30 07:26:00,2025-01-30 07:30:00,F,40~49,office,seoul,0,0,0,0,7,0,0,20,0,0,completed
39667,U9670,2025-07-22 14:12:00,2025-07-22 14:17:00,F,50+,office,seoul,0,0,0,0,24,0,0,18,1,0,completed
39668,U9671,2025-01-21 19:17:00,2025-01-21 19:23:00,M,50+,office,seoul,0,0,0,0,5,0,0,27,0,0,error
39669,U9672,2025-05-07 15:46:00,2025-05-07 15:53:00,F,30~39,office,seoul,0,0,0,0,2,0,0,48,0,0,completed
39670,U9673,2025-10-12 08:58:00,2025-10-12 09:05:00,M,30~39,office,seoul,1,0,0,0,20,0,0,55,0,0,completed
39671,U9674,2025-01-17 15:28:00,2025-01-17 15:32:00,M,40~49,office,seoul,0,0,0,0,14,0,0,73,0,0,completed
39672,U9675,2025-07-09 13:33:00,2025-07-09 13:37:00,M,30~39,office,seoul,0,0,0,0,29,0,0,22,0,0,completed
39673,U9676,2025-05-08 12:45:00,2025-05-08 12:51:00,F,20~29,office,seoul,0,0,0,0,23,0,0,20,0,0,abandoned
39674,U9677,2025-10-09 16:01:00,2025-10-09 16:07:00,F,30~39,office,seoul,0,0,0,0,20,0,0,53,0,0,completed
39675,U9678,2025-08-04 15:23:00,2025-08-04 15:29:00,M,30~39,office,seoul,0,0,0,0,28,0,0,44,0,0,completed
39676,U9679,2025-01-04 12:42:00,2025-01-04 12:45:00,F,20~29,office,seoul,1,0,0,0,6,0,0,36,0,1,completed
39677,U9680,2025-02-28 19:43:00,2025-02-28 19:50:00,F,30~39,office,seoul,0,0,0,0,25,0,0,28,0,0,completed
39678,U9681,2025-04-12 15:14:00,2025-04-12 15:19:00,M,20~29,office,seoul,1,0,0,0,20,0,0,39,0,0,completed
39679,U9682,2025-02-20 13:24:00,2025-02-20 13:27:00,F,30~39,office,seoul,0,0,0,0,22,0,0,57,0,0,timeout
39680,U9683,2025-10-01 15:02:00,2025-10-01 15:08:00,M,20~29,office,seoul,0,0,0,0,12,0,0,73,0,0,completed
39681,U9684,2025-07-31 21:03:00,2025-07-31 21:05:00,F,20~29,office,seoul,0,0,0,0,7,0,0,43,0,0,completed
39682,U9685,2025-01-24 17:12:00,2025-01-24 17:16:00,F,30~39,office,seoul,0,0,0,0,6,0,0,69,0,0,completed
39683,U9686,2025-08-13 16:44:00,2025-08-13 16:48:00,M,20~29,office,seoul,0,0,0,0,0,0,0,38,1,0,completed
39684,U9687,2025-05-28 09:34:00,2025-05-28 09:36:00,M,40~49,office,seoul,0,0,0,0,29,0,0,64,0,0,completed
39685,U9688,2025-07-25 19:22:00,2025-07-25 19:24:00,M,40~49,office,seoul,0,0,0,0,14,0,0,74,0,0,completed
39686,U9689,2025-02-16 15:23:00,2025-02-16 15:28:00,F,20~29,office,seoul,1,0,0,0,19,0,0,19,0,0,completed
39687,U9690,2025-10-21 19:12:00,2025-10-21 19:15:00,M,20~29,office,seoul,0,0,0,0,15,0,0,54,0,0,completed
39688,U9691,2025-12-04 07:15:00,2025-12-04 07:21:00,F,50+,office,seoul,0,0,0,0,26,0,0,51,0,0,completed
39689,U9692,2025-11-22 19:38:00,2025-11-22 19:44:00,F,50+,office,seoul,1,0,0,0,3,0,0,34,0,0,completed
39690,U9693,2025-11-08 18:53:00,2025-11-08 18:58:00,F,50+,office,seoul,1,0,0,0,8,0,0,53,0,0,completed
39691,U9694,2025-10-27 12:09:00,2025-10-27 12:13:00,F,20~29,office,seoul,0,0,0,0,7,0,0,55,0,0,completed
39692,U9695,2025-11-21 19:21:00,2025-11-21 19:28:00,M,20~29,office,seoul,0,0,0,0,29,0,0,17,0,0,completed
39693,U9696,2025-06-06 13:58:00,2025-06-06 14:01:00,F,20~29,office,seoul,0,0,0,0,9,0,0,40,0,0,completed
39694,U9697,2025-11-09 13:15:00,2025-11-09 13:17:00,F,50+,office,seoul,1,0,0,0,27,0,0,38,0,0,completed
39695,U9698,2025-06-04 16:15:00,2025-06-04 16:19:00,F,20~29,office,seoul,0,0,0,0,26,0,0,36,0,0,completed
39696,U9699,2025-01-27 08:22:00,2025-01-27 08:28:00,M,40~49,office,seoul,0,0,0,0,1,0,0,35,0,0,completed
39697,U9700,2025-08-19 14:15:00,2025-08-19 14:21:00,M,30~39,office,seoul,0,0,0,0,14,0,0,57,0,0,completed
39698,U9701,2025-03-05 18:21:00,2025-03-05 18:25:00,M,50+,office,seoul,0,0,0,0,9,0,0,11,0,0,completed
39699,U9702,2025-12-06 22:35:00,2025-12-06 22:40:00,M,50+,office,seoul,1,0,0,0,11,0,0,58,0,1,abandoned
39700,U9703,2025-10-25 15:02:00,2025-10-25 15:06:00,F,50+,office,seoul,1,0,0,0,0,0,0,53,0,0,completed
39701,U9704,2025-09-07 16:12:00,2025-09-07 16:14:00,M,30~39,office,seoul,1,0,0,0,8,0,0,60,0,0,completed
39702,U9705,2025-09-05 15:41:00,2025-09-05 15:48:00,M,30~39,office,seoul,0,0,0,0,1,0,0,40,0,0,completed
39703,U9706,2025-07-30 12:33:00,2025-07-30 12:39:00,M,40~49,office,seoul,0,0,0,0,24,0,0,15,0,0,completed
39704,U9707,2025-06-26 22:08:00,2025-06-26 22:15:00,M,30~39,office,seoul,0,0,0,0,9,0,0,64,0,0,completed
39705,U9708,2025-11-30 15:10:00,2025-11-30 15:15:00,F,30~39,office,seoul,1,0,0,0,6,0,0,64,0,0,abandoned
39706,U9709,2025-11-09 15:54:00,2025-11-09 15:57:00,M,20~29,office,seoul,1,0,0,0,0,0,0,67,0,0,completed
39707,U9710,2025-07-31 15:48:00,2025-07-31 15:51:00,F,30~39,office,seoul,0,0,0,0,25,0,0,15,0,0,completed
39708,U9711,2025-02-21 07:49:00,2025-02-21 07:51:00,M,30~39,office,seoul,0,0,0,0,10,0,0,31,0,0,abandoned
39709,U9712,2025-12-30 19:00:00,2025-12-30 19:06:00,M,50+,office,seoul,0,0,0,0,25,0,0,78,0,0,completed
39710,U9713,2025-06-21 18:04:00,2025-06-21 18:07:00,M,30~39,office,seoul,1,0,0,0,6,0,0,65,0,0,completed
39711,U9714,2025-05-02 09:29:00,2025-05-02 09:33:00,F,30~39,office,seoul,0,0,0,0,5,0,0,56,1,0,completed
39712,U9715,2025-09-17 11:48:00,2025-09-17 11:50:00,M,30~39,office,seoul,0,0,0,0,3,0,0,79,0,0,completed
39713,U9716,2025-02-07 07:29:00,2025-02-07 07:32:00,M,30~39,office,seoul,0,0,0,0,29,0,0,22,0,0,completed
39714,U9717,2025-06-18 12:21:00,2025-06-18 12:26:00,M,30~39,office,seoul,0,0,0,0,23,0,0,18,0,0,completed
39715,U9718,2025-04-14 12:59:00,2025-04-14 13:01:00,M,20~29,office,seoul,0,0,0,0,6,0,0,26,0,0,completed
39716,U9719,2025-06-05 11:41:00,2025-06-05 11:43:00,F,30~39,office,seoul,0,0,0,0,5,0,0,28,0,1,timeout
39717,U9720,2025-08-04 15:03:00,2025-08-04 15:10:00,M,40~49,office,seoul,0,0,0,0,17,0,0,37,0,0,completed
39718,U9721,2025-10-20 11:44:00,2025-10-20 11:51:00,M,40~49,office,seoul,0,0,0,0,0,0,0,54,0,0,completed
39719,U9722,2025-02-20 12:04:00,2025-02-20 12:06:00,F,40~49,office,seoul,0,0,0,0,8,0,0,55,0,0,completed
39720,U9723,2025-05-02 15:38:00,2025-05-02 15:43:00,M,40~49,office,seoul,0,0,0,0,14,0,0,48,0,0,completed
39721,U9724,2025-08-02 08:45:00,2025-08-02 08:48:00,F,20~29,office,seoul,1,0,0,0,23,0,0,38,0,0,completed
39722,U9725,2025-05-30 09:01:00,2025-05-30 09:08:00,M,50+,office,seoul,0,0,0,0,24,0,0,73,0,0,completed
39723,U9726,2025-03-20 14:59:00,2025-03-20 15:04:00,F,50+,office,seoul,0,0,0,0,29,0,0,20,0,0,completed
39724,U9727,2025-10-27 16:16:00,2025-10-27 16:19:00,M,40~49,office,seoul,0,0,0,0,20,0,0,78,0,0,completed
39725,U9728,2025-04-25 17:19:00,2025-04-25 17:25:00,F,30~39,office,seoul,0,0,0,0,20,0,0,66,0,0,completed
39726,U9729,2025-04-28 22:27:00,2025-04-28 22:29:00,F,20~29,office,seoul,0,0,0,0,8,0,0,28,0,0,completed
39727,U9730,2025-05-31 12:19:00,2025-05-31 12:24:00,F,30~39,office,seoul,1,0,0,0,24,0,0,47,0,0,completed
39728,U9731,2025-10-06 17:23:00,2025-10-06 17:25:00,F,20~29,office,seoul,0,0,0,0,28,0,0,13,0,0,timeout
39729,U9732,2025-09-11 12:28:00,2025-09-11 12:31:00,M,50+,office,seoul,0,0,0,0,18,0,0,75,0,0,completed
39730,U9733,2025-10-15 14:39:00,2025-10-15 14:42:00,M,50+,office,seoul,0,0,0,0,28,0,0,50,0,1,completed
39731,U9734,2025-08-20 07:58:00,2025-08-20 08:05:00,M,50+,office,seoul,0,0,0,0,0,0,0,67,0,0,completed
39732,U9735,2025-08-16 20:18:00,2025-08-16 20:21:00,F,20~29,office,seoul,1,0,0,0,14,0,0,55,0,0,completed
39733,U9736,2025-04-17 15:48:00,2025-04-17 15:55:00,M,40~49,office,seoul,0,0,0,0,18,0,0,12,0,0,completed
39734,U9737,2025-04-30 18:48:00,2025-04-30 18:52:00,F,50+,office,seoul,0,0,0,0,29,0,0,17,0,0,completed
39735,U9738,2025-10-30 19:04:00,2025-10-30 19:11:00,M,30~39,office,seoul,0,0,0,0,1,0,0,58,0,0,completed
39736,U9739,2025-07-15 13:18:00,2025-07-15 13:24:00,M,20~29,office,seoul,0,0,0,0,5,0,0,53,0,0,timeout
39737,U9740,2025-06-08 13:00:00,2025-06-08 13:06:00,F,30~39,office,seoul,1,0,0,0,17,0,0,11,0,0,completed
39738,U9741,2025-12-08 12:31:00,2025-12-08 12:33:00,F,20~29,office,seoul,0,0,0,0,0,0,0,78,0,0,completed
39739,U9742,2025-05-14 08:14:00,2025-05-14 08:17:00,M,30~39,office,seoul,0,0,0,0,25,0,0,71,0,0,completed
39740,U9743,2025-11-29 19:52:00,2025-11-29 19:54:00,M,20~29,office,seoul,1,0,0,0,11,0,0,55,0,0,abandoned
39741,U9744,2025-03-08 15:19:00,2025-03-08 15:23:00,F,20~29,office,seoul,1,0,0,0,6,0,0,66,0,0,completed
39742,U9745,2025-01-31 15:27:00,2025-01-31 15:34:00,F,20~29,office,seoul,0,0,0,0,9,0,0,11,0,0,completed
39743,U9746,2025-10-07 18:15:00,2025-10-07 18:17:00,F,20~29,office,seoul,0,0,0,0,6,0,0,47,0,0,completed
39744,U9747,2025-06-16 08:15:00,2025-06-16 08:18:00,M,50+,office,seoul,0,0,0,0,9,0,0,77,0,0,error
39745,U9748,2025-01-11 11:03:00,2025-01-11 11:10:00,F,20~29,office,seoul,1,0,0,0,5,0,0,13,0,0,completed
39746,U9749,2025-07-29 17:34:00,2025-07-29 17:37:00,F,20~29,office,seoul,0,0,0,0,18,0,0,42,0,0,completed
39747,U9750,2025-08-17 18:37:00,2025-08-17 18:43:00,F,30~39,office,seoul,1,0,0,0,23,0,0,59,0,0,completed
39748,U9751,2025-08-24 09:21:00,2025-08-24 09:24:00,F,30~39,office,seoul,1,0,0,0,17,0,0,47,0,0,completed
39749,U9752,2025-07-11 16:08:00,2025-07-11 16:13:00,M,30~39,office,seoul,0,0,0,0,15,0,0,47,0,0,completed
39750,U9753,2025-07-29 11:18:00,2025-07-29 11:23:00,M,50+,office,seoul,0,0,0,0,0,0,0,36,1,0,error
39751,U9754,2025-12-12 16:24:00,2025-12-12 16:28:00,F,50+,office,seoul,0,0,0,0,28,0,0,19,0,0,completed
39752,U9755,2025-04-30 14:02:00,2025-04-30 14:05:00,F,50+,office,seoul,0,0,0,0,25,0,0,32,0,0,completed
39753,U9756,2025-08-06 14:06:00,2025-08-06 14:13:00,F,20~29,office,seoul,0,0,0,0,17,0,0,33,0,0,completed
39754,U9757,2025-06-30 13:09:00,2025-06-30 13:11:00,F,20~29,office,seoul,0,0,0,0,29,0,0,57,0,0,completed
39755,U9758,2025-04-01 12:32:00,2025-04-01 12:38:00,M,20~29,office,seoul,0,0,0,0,19,0,0,74,0,0,completed
39756,U9759,2025-07-07 12:42:00,2025-07-07 12:46:00,M,40~49,office,seoul,0,0,0,0,26,0,0,56,0,1,completed
39757,U9760,2025-03-20 19:47:00,2025-03-20 19:54:00,F,20~29,office,seoul,0,0,0,0,6,0,0,72,0,0,completed
39758,U9761,2025-10-06 20:34:00,2025-10-06 20:38:00,M,30~39,office,seoul,0,0,0,0,12,0,0,71,0,0,completed
39759,U9762,2025-04-06 20:40:00,2025-04-06 20:44:00,F,40~49,office,seoul,1,0,0,0,13,0,0,70,0,0,timeout
39760,U9763,2025-07-31 07:57:00,2025-07-31 08:03:00,F,30~39,office,seoul,0,0,0,0,27,0,0,23,0,0,completed
39761,U9764,2025-08-10 19:33:00,2025-08-10 19:37:00,M,20~29,office,seoul,1,0,0,0,16,0,0,46,0,0,completed
39762,U9765,2025-12-08 19:09:00,2025-12-08 19:13:00,F,50+,office,seoul,0,0,0,0,4,0,0,74,0,0,completed
39763,U9766,2025-12-26 18:32:00,2025-12-26 18:35:00,F,50+,office,seoul,0,0,0,0,18,0,0,48,0,1,timeout
39764,U9767,2025-07-11 17:20:00,2025-07-11 17:22:00,M,40~49,office,seoul,0,0,0,0,26,0,0,53,1,0,abandoned
39765,U9768,2025-08-24 11:43:00,2025-08-24 11:45:00,F,20~29,office,seoul,1,0,0,0,8,0,0,78,0,0,completed
39766,U9769,2025-09-23 08:06:00,2025-09-23 08:11:00,M,30~39,office,seoul,0,0,0,0,0,0,0,51,0,0,completed
39767,U9770,2025-10-06 09:44:00,2025-10-06 09:47:00,F,40~49,office,seoul,0,0,0,0,2,0,0,28,0,0,completed
39768,U9771,2025-10-15 11:37:00,2025-10-15 11:43:00,M,30~39,office,seoul,0,0,0,0,1,0,0,30,0,0,completed
39769,U9772,2025-11-10 14:40:00,2025-11-10 14:43:00,F,20~29,office,seoul,0,0,0,0,15,0,0,55,0,0,completed
39770,U9773,2025-09-04 12:47:00,2025-09-04 12:51:00,F,50+,office,seoul,0,0,0,0,17,0,0,17,0,0,completed
39771,U9774,2025-10-31 16:05:00,2025-10-31 16:12:00,M,30~39,office,seoul,0,0,0,0,2,0,0,47,0,0,completed
39772,U9775,2025-03-13 07:20:00,2025-03-13 07:23:00,M,20~29,office,seoul,0,0,0,0,21,0,0,60,0,0,completed
39773,U9776,2025-04-17 13:40:00,2025-04-17 13:44:00,F,40~49,office,seoul,0,0,0,0,14,0,0,28,0,0,completed
39774,U9777,2025-12-05 16:13:00,2025-12-05 16:19:00,M,30~39,office,seoul,0,0,0,0,19,0,0,13,0,0,completed
39775,U9778,2025-07-05 15:36:00,2025-07-05 15:39:00,F,50+,office,seoul,1,0,0,0,21,0,0,33,0,1,completed
39776,U9779,2025-07-19 15:02:00,2025-07-19 15:09:00,F,30~39,office,seoul,1,0,0,0,13,0,0,56,0,0,completed
39777,U9780,2025-05-24 16:29:00,2025-05-24 16:36:00,M,50+,office,seoul,1,0,0,0,27,0,0,58,0,0,completed
39778,U9781,2025-03-13 12:32:00,2025-03-13 12:35:00,F,40~49,office,seoul,0,0,0,0,9,0,0,21,0,0,completed
39779,U9782,2025-11-28 18:26:00,2025-11-28 18:28:00,F,30~39,office,seoul,0,0,0,0,11,0,0,23,0,0,completed
39780,U9783,2025-03-02 15:39:00,2025-03-02 15:44:00,F,20~29,office,seoul,1,0,0,0,7,0,0,20,0,0,abandoned
39781,U9784,2025-04-15 16:32:00,2025-04-15 16:39:00,F,20~29,office,seoul,0,0,0,0,10,0,0,25,0,0,completed
39782,U9785,2025-10-17 07:34:00,2025-10-17 07:41:00,F,40~49,office,seoul,0,0,0,0,25,0,0,15,0,0,completed
39783,U9786,2025-10-22 19:18:00,2025-10-22 19:23:00,F,50+,office,seoul,0,0,0,0,0,0,0,28,0,1,completed
39784,U9787,2025-01-14 17:28:00,2025-01-14 17:30:00,F,50+,office,seoul,0,0,0,0,25,0,0,40,0,0,completed
39785,U9788,2025-10-06 12:17:00,2025-10-06 12:23:00,F,20~29,office,seoul,0,0,0,0,8,0,0,71,0,0,completed
39786,U9789,2025-11-19 18:12:00,2025-11-19 18:19:00,M,30~39,office,seoul,0,0,0,0,6,0,0,48,0,0,timeout
39787,U9790,2025-09-17 15:54:00,2025-09-17 15:59:00,F,30~39,office,seoul,0,0,0,0,17,0,0,14,0,0,completed
39788,U9791,2025-10-31 15:24:00,2025-10-31 15:31:00,F,20~29,office,seoul,0,0,0,0,8,0,0,38,0,0,completed
39789,U9792,2025-04-15 08:56:00,2025-04-15 09:01:00,F,30~39,office,seoul,0,0,0,0,26,0,0,45,0,0,completed
39790,U9793,2025-08-07 07:06:00,2025-08-07 07:12:00,M,20~29,office,seoul,0,0,0,0,16,0,0,20,0,0,completed
39791,U9794,2025-09-03 17:44:00,2025-09-03 17:50:00,F,40~49,office,seoul,0,0,0,0,4,0,0,59,0,0,completed
39792,U9795,2025-08-22 09:23:00,2025-08-22 09:29:00,F,30~39,office,seoul,0,0,0,0,1,0,0,37,0,0,completed
39793,U9796,2025-05-02 08:10:00,2025-05-02 08:16:00,F,50+,office,seoul,0,0,0,0,26,0,0,24,0,0,completed
39794,U9797,2025-01-30 12:43:00,2025-01-30 12:47:00,M,50+,office,seoul,0,0,0,0,3,0,0,25,0,0,completed
39795,U9798,2025-11-24 18:11:00,2025-11-24 18:18:00,F,40~49,office,seoul,0,0,0,0,21,0,0,11,0,0,completed
39796,U9799,2025-03-29 11:12:00,2025-03-29 11:17:00,F,30~39,office,seoul,1,0,0,0,26,0,0,45,0,0,completed
39797,U9800,2025-05-10 21:23:00,2025-05-10 21:30:00,M,30~39,office,seoul,1,0,0,0,20,0,0,36,0,0,completed
39798,U9801,2025-04-25 07:22:00,2025-04-25 07:25:00,F,30~39,office,seoul,0,0,0,0,15,0,0,22,0,0,completed
39799,U9802,2025-12-21 20:44:00,2025-12-21 20:48:00,M,20~29,office,seoul,1,0,0,0,21,0,0,14,0,0,completed
39800,U9803,2025-05-23 18:32:00,2025-05-23 18:35:00,M,20~29,office,seoul,0,0,0,0,4,0,0,51,0,0,completed
39801,U9804,2025-11-22 13:34:00,2025-11-22 13:36:00,F,30~39,office,seoul,1,0,0,0,2,0,0,19,0,0,completed
39802,U9805,2025-05-02 12:10:00,2025-05-02 12:16:00,F,20~29,office,seoul,0,0,0,0,24,0,0,63,0,0,completed
39803,U9806,2025-01-20 13:10:00,2025-01-20 13:12:00,F,40~49,office,seoul,0,0,0,0,19,0,0,27,0,0,completed
39804,U9807,2025-07-26 08:45:00,2025-07-26 08:48:00,F,30~39,office,seoul,1,0,0,0,5,0,0,77,0,0,completed
39805,U9808,2025-01-27 19:07:00,2025-01-27 19:09:00,F,20~29,office,seoul,0,0,0,0,0,0,0,38,0,0,completed
39806,U9809,2025-09-25 12:48:00,2025-09-25 12:51:00,M,20~29,office,seoul,0,0,0,0,11,0,0,55,0,0,completed
39807,U9810,2025-08-14 12:33:00,2025-08-14 12:40:00,F,50+,office,seoul,0,0,0,0,28,0,0,76,0,0,completed
39808,U9811,2025-02-19 15:40:00,2025-02-19 15:47:00,M,20~29,office,seoul,0,0,0,0,11,0,0,23,0,0,completed
39809,U9812,2025-11-08 14:31:00,2025-11-08 14:34:00,F,20~29,office,seoul,1,0,0,0,8,0,0,19,0,0,completed
39810,U9813,2025-06-27 15:09:00,2025-06-27 15:15:00,F,40~49,office,seoul,0,0,0,0,25,0,0,57,0,0,completed
39811,U9814,2025-12-10 14:44:00,2025-12-10 14:49:00,F,50+,office,seoul,0,0,0,0,10,0,0,10,0,0,completed
39812,U9815,2025-07-05 17:47:00,2025-07-05 17:52:00,F,40~49,office,seoul,1,0,0,0,26,0,0,40,0,0,completed
39813,U9816,2025-10-01 20:33:00,2025-10-01 20:37:00,M,40~49,office,seoul,0,0,0,0,23,0,0,27,0,0,completed
39814,U9817,2025-10-08 19:56:00,2025-10-08 19:58:00,F,40~49,office,seoul,0,0,0,0,26,0,0,11,0,0,error
39815,U9818,2025-03-23 17:53:00,2025-03-23 17:59:00,M,40~49,office,seoul,1,0,0,0,3,0,0,21,0,0,completed
39816,U9819,2025-12-25 17:27:00,2025-12-25 17:30:00,M,20~29,office,seoul,0,0,0,0,13,0,0,55,0,0,completed
39817,U9820,2025-05-16 16:54:00,2025-05-16 16:56:00,M,50+,office,seoul,0,0,0,0,7,0,0,38,0,0,completed
39818,U9821,2025-01-04 12:09:00,2025-01-04 12:12:00,F,30~39,office,seoul,1,0,0,0,20,0,0,76,0,0,completed
39819,U9822,2025-12-18 12:18:00,2025-12-18 12:22:00,F,40~49,office,seoul,0,0,0,0,24,0,0,56,0,0,completed
39820,U9823,2025-02-13 17:52:00,2025-02-13 17:56:00,F,30~39,office,seoul,0,0,0,0,23,0,0,72,0,0,completed
39821,U9824,2025-03-08 15:33:00,2025-03-08 15:37:00,M,30~39,office,seoul,1,0,0,0,18,0,0,45,0,0,completed
39822,U9825,2025-09-15 07:28:00,2025-09-15 07:34:00,M,20~29,office,seoul,0,0,0,0,0,0,0,64,0,0,abandoned
39823,U9826,2025-09-29 08:21:00,2025-09-29 08:25:00,F,20~29,office,seoul,0,0,0,0,26,0,0,78,0,0,completed
39824,U9827,2025-09-06 16:38:00,2025-09-06 16:42:00,F,30~39,office,seoul,1,0,0,0,25,0,0,69,0,0,completed
39825,U9828,2025-02-25 09:43:00,2025-02-25 09:48:00,M,20~29,office,seoul,0,0,0,0,13,0,0,42,0,0,completed
39826,U9829,2025-12-06 15:46:00,2025-12-06 15:48:00,M,40~49,office,seoul,1,0,0,0,21,0,0,79,0,0,completed
39827,U9830,2025-04-26 18:25:00,2025-04-26 18:29:00,M,50+,office,seoul,1,0,0,0,3,0,0,64,0,0,completed
39828,U9831,2025-09-07 16:46:00,2025-09-07 16:52:00,M,20~29,office,seoul,1,0,0,0,15,0,0,25,0,0,completed
39829,U9832,2025-05-08 12:02:00,2025-05-08 12:09:00,F,50+,office,seoul,0,0,0,0,24,0,0,71,0,0,completed
39830,U9833,2025-01-11 15:34:00,2025-01-11 15:36:00,F,20~29,office,seoul,1,0,0,0,27,0,0,38,0,0,abandoned
39831,U9834,2025-06-06 12:00:00,2025-06-06 12:07:00,F,50+,office,seoul,0,0,0,0,11,0,0,32,0,0,completed
39832,U9835,2025-05-01 20:45:00,2025-05-01 20:52:00,F,40~49,office,seoul,0,0,0,0,21,0,0,73,0,0,completed
39833,U9836,2025-03-09 16:11:00,2025-03-09 16:18:00,F,30~39,office,seoul,1,0,0,0,23,0,0,78,0,0,completed
39834,U9837,2025-12-17 09:38:00,2025-12-17 09:41:00,F,50+,office,seoul,0,0,0,0,2,0,0,38,0,0,completed
39835,U9838,2025-04-04 18:59:00,2025-04-04 19:05:00,M,40~49,office,seoul,0,0,0,0,29,0,0,45,0,0,completed
39836,U9839,2025-12-28 18:14:00,2025-12-28 18:18:00,M,40~49,office,seoul,1,0,0,0,27,0,0,11,0,0,completed
39837,U9840,2025-09-24 17:03:00,2025-09-24 17:06:00,F,40~49,office,seoul,0,0,0,0,23,0,0,68,0,0,completed
39838,U9841,2025-09-30 16:17:00,2025-09-30 16:22:00,M,30~39,office,seoul,0,0,0,0,23,0,0,75,0,0,abandoned
39839,U9842,2025-12-22 11:38:00,2025-12-22 11:43:00,F,30~39,office,seoul,0,0,0,0,11,0,0,73,0,0,completed
39840,U9843,2025-12-14 18:53:00,2025-12-14 18:55:00,F,30~39,office,seoul,1,0,0,0,21,0,0,34,0,0,completed
39841,U9844,2025-01-28 17:24:00,2025-01-28 17:30:00,M,20~29,office,seoul,0,0,0,0,17,0,0,11,0,0,completed
39842,U9845,2025-01-19 21:13:00,2025-01-19 21:20:00,F,30~39,office,seoul,1,0,0,0,1,0,0,30,1,0,completed
39843,U9846,2025-07-03 21:07:00,2025-07-03 21:14:00,F,20~29,office,seoul,0,0,0,0,21,0,0,69,0,0,completed
39844,U9847,2025-02-14 12:01:00,2025-02-14 12:03:00,M,40~49,office,seoul,0,0,0,0,28,0,0,25,0,0,abandoned
39845,U9848,2025-03-20 13:32:00,2025-03-20 13:38:00,F,50+,office,seoul,0,0,0,0,22,0,0,11,0,0,completed
39846,U9849,2025-11-05 15:42:00,2025-11-05 15:49:00,F,50+,office,seoul,0,0,0,0,26,0,0,13,0,0,completed
39847,U9850,2025-04-16 17:52:00,2025-04-16 17:57:00,F,40~49,office,seoul,0,0,0,0,10,0,0,44,0,0,completed
39848,U9851,2025-09-14 15:49:00,2025-09-14 15:53:00,M,30~39,office,seoul,1,0,0,0,2,0,0,22,0,0,abandoned
39849,U9852,2025-11-20 15:26:00,2025-11-20 15:32:00,M,20~29,office,seoul,0,0,0,0,29,0,0,12,0,0,completed
39850,U9853,2025-12-24 20:10:00,2025-12-24 20:12:00,M,20~29,office,seoul,0,0,0,0,12,0,0,79,0,0,completed
39851,U9854,2025-10-15 07:38:00,2025-10-15 07:45:00,F,40~49,office,seoul,0,0,0,0,23,0,0,46,1,0,completed
39852,U9855,2025-04-11 20:00:00,2025-04-11 20:02:00,F,40~49,office,seoul,0,0,0,0,9,0,0,42,0,0,completed
39853,U9856,2025-06-27 07:46:00,2025-06-27 07:49:00,M,50+,office,seoul,0,0,0,0,2,0,0,16,0,0,completed
39854,U9857,2025-11-09 15:04:00,2025-11-09 15:07:00,M,40~49,office,seoul,1,0,0,0,19,0,0,16,0,0,completed
39855,U9858,2025-04-05 16:36:00,2025-04-05 16:40:00,F,30~39,office,seoul,1,0,0,0,6,0,0,47,0,0,completed
39856,U9859,2025-02-23 20:07:00,2025-02-23 20:10:00,F,30~39,office,seoul,1,0,0,0,0,0,0,13,0,0,completed
39857,U9860,2025-06-17 08:39:00,2025-06-17 08:41:00,M,50+,office,seoul,0,0,0,0,29,0,0,21,0,0,completed
39858,U9861,2025-11-03 18:14:00,2025-11-03 18:16:00,M,40~49,office,seoul,0,0,0,0,9,0,0,71,0,0,completed
39859,U9862,2025-03-03 11:33:00,2025-03-03 11:39:00,M,40~49,office,seoul,0,0,0,0,22,0,0,51,0,0,completed
39860,U9863,2025-01-27 08:29:00,2025-01-27 08:32:00,F,20~29,office,seoul,0,0,0,0,15,0,0,18,0,0,completed
39861,U9864,2025-04-25 08:46:00,2025-04-25 08:49:00,M,50+,office,seoul,0,0,0,0,1,0,0,14,0,0,completed
39862,U9865,2025-09-21 12:39:00,2025-09-21 12:44:00,F,20~29,office,seoul,1,0,0,0,22,0,0,50,0,0,completed
39863,U9866,2025-10-14 12:04:00,2025-10-14 12:07:00,M,40~49,office,seoul,0,0,0,0,1,0,0,23,0,0,completed
39864,U9867,2025-05-11 15:20:00,2025-05-11 15:22:00,F,30~39,office,seoul,1,0,0,0,0,0,0,74,0,0,completed
39865,U9868,2025-02-12 19:14:00,2025-02-12 19:17:00,F,30~39,office,seoul,0,0,0,0,21,0,0,66,0,0,completed
39866,U9869,2025-06-09 13:19:00,2025-06-09 13:24:00,F,50+,office,seoul,0,0,0,0,4,0,0,49,1,0,completed
39867,U9870,2025-08-26 09:13:00,2025-08-26 09:16:00,M,20~29,office,seoul,0,0,0,0,1,0,0,78,0,0,abandoned
39868,U9871,2025-06-02 16:57:00,2025-06-02 17:00:00,F,20~29,office,seoul,0,0,0,0,12,0,0,70,0,0,completed
39869,U9872,2025-01-08 17:33:00,2025-01-08 17:40:00,F,20~29,office,seoul,0,0,0,0,5,0,0,12,0,0,completed
39870,U9873,2025-09-01 08:12:00,2025-09-01 08:15:00,M,20~29,office,seoul,0,0,0,0,21,0,0,64,0,0,timeout
39871,U9874,2025-09-16 19:38:00,2025-09-16 19:43:00,F,30~39,office,seoul,0,0,0,0,7,0,0,68,0,0,completed
39872,U9875,2025-11-24 09:35:00,2025-11-24 09:41:00,F,40~49,office,seoul,0,0,0,0,0,0,0,36,0,0,completed
39873,U9876,2025-05-12 14:17:00,2025-05-12 14:19:00,M,30~39,office,seoul,0,0,0,0,23,0,0,57,0,0,completed
39874,U9877,2025-04-05 08:38:00,2025-04-05 08:40:00,F,30~39,office,seoul,1,0,0,0,23,0,0,11,0,0,completed
39875,U9878,2025-02-12 15:25:00,2025-02-12 15:31:00,M,20~29,office,seoul,0,0,0,0,9,0,0,68,0,0,completed
39876,U9879,2025-04-01 09:25:00,2025-04-01 09:29:00,M,40~49,office,seoul,0,0,0,0,14,0,0,64,0,0,completed
39877,U9880,2025-11-21 11:48:00,2025-11-21 11:53:00,M,20~29,office,seoul,0,0,0,0,18,0,0,36,0,0,completed
39878,U9881,2025-04-25 15:15:00,2025-04-25 15:19:00,M,20~29,office,seoul,0,0,0,0,10,0,0,15,0,0,completed
39879,U9882,2025-04-10 16:05:00,2025-04-10 16:08:00,F,30~39,office,seoul,0,0,0,0,6,0,0,49,0,0,completed
39880,U9883,2025-01-10 17:42:00,2025-01-10 17:49:00,F,40~49,office,seoul,0,0,0,0,5,0,0,21,0,0,completed
39881,U9884,2025-02-07 14:38:00,2025-02-07 14:45:00,F,20~29,office,seoul,0,0,0,0,28,0,0,72,0,0,completed
39882,U9885,2025-12-25 19:27:00,2025-12-25 19:31:00,F,20~29,office,seoul,0,0,0,0,11,0,0,78,0,0,completed
39883,U9886,2025-09-13 12:22:00,2025-09-13 12:28:00,F,20~29,office,seoul,1,0,0,0,1,0,0,73,0,0,completed
39884,U9887,2025-11-02 09:45:00,2025-11-02 09:48:00,M,20~29,office,seoul,1,0,0,0,18,0,0,35,0,0,completed
39885,U9888,2025-12-28 19:47:00,2025-12-28 19:53:00,F,30~39,office,seoul,1,0,0,0,1,0,0,70,0,0,completed
39886,U9889,2025-04-23 09:33:00,2025-04-23 09:39:00,F,50+,office,seoul,0,0,0,0,19,0,0,47,0,0,completed
39887,U9890,2025-08-04 09:41:00,2025-08-04 09:46:00,F,40~49,office,seoul,0,0,0,0,3,0,0,43,0,0,completed
39888,U9891,2025-10-20 15:03:00,2025-10-20 15:08:00,F,20~29,office,seoul,0,0,0,0,12,0,0,39,0,0,abandoned
39889,U9892,2025-10-31 19:49:00,2025-10-31 19:51:00,M,20~29,office,seoul,0,0,0,0,3,0,0,60,0,0,completed
39890,U9893,2025-05-07 09:09:00,2025-05-07 09:13:00,M,30~39,office,seoul,0,0,0,0,7,0,0,19,0,0,completed
39891,U9894,2025-03-22 08:04:00,2025-03-22 08:11:00,F,30~39,office,seoul,1,0,0,0,18,0,0,29,0,0,abandoned
39892,U9895,2025-04-20 16:15:00,2025-04-20 16:19:00,F,30~39,office,seoul,1,0,0,0,2,0,0,46,0,0,completed
39893,U9896,2025-03-23 07:54:00,2025-03-23 07:56:00,F,50+,office,seoul,1,0,0,0,16,0,0,74,0,0,completed
39894,U9897,2025-11-20 16:30:00,2025-11-20 16:37:00,M,40~49,office,seoul,0,0,0,0,6,0,0,40,0,0,completed
39895,U9898,2025-07-01 09:21:00,2025-07-01 09:24:00,M,40~49,office,seoul,0,0,0,0,24,0,0,46,0,0,completed
39896,U9899,2025-08-19 14:01:00,2025-08-19 14:06:00,M,20~29,office,seoul,0,0,0,0,4,0,0,39,0,0,timeout
39897,U9900,2025-06-03 15:56:00,2025-06-03 16:00:00,M,20~29,office,seoul,0,0,0,0,10,0,0,50,0,0,abandoned
39898,U9901,2025-01-08 08:45:00,2025-01-08 08:47:00,M,20~29,office,seoul,0,0,0,0,2,0,0,17,0,0,completed
39899,U9902,2025-05-15 12:10:00,2025-05-15 12:17:00,F,30~39,office,seoul,0,0,0,0,29,0,0,46,0,0,completed
39900,U9903,2025-12-05 16:58:00,2025-12-05 17:04:00,M,40~49,office,seoul,0,0,0,0,12,0,0,64,0,0,completed
39901,U9904,2025-07-21 20:44:00,2025-07-21 20:50:00,F,50+,office,seoul,0,0,0,0,22,0,0,30,0,0,completed
39902,U9905,2025-05-15 21:45:00,2025-05-15 21:52:00,F,30~39,office,seoul,0,0,0,0,11,0,0,60,0,0,completed
39903,U9906,2025-10-05 13:14:00,2025-10-05 13:21:00,F,20~29,office,seoul,1,0,0,0,2,0,0,68,0,0,completed
39904,U9907,2025-10-23 18:02:00,2025-10-23 18:07:00,F,40~49,office,seoul,0,0,0,0,2,0,0,58,0,0,completed
39905,U9908,2025-01-06 18:18:00,2025-01-06 18:23:00,M,20~29,office,seoul,0,0,0,0,2,0,0,77,0,0,abandoned
39906,U9909,2025-12-24 11:36:00,2025-12-24 11:42:00,M,20~29,office,seoul,0,0,0,0,12,0,0,71,0,0,completed
39907,U9910,2025-02-15 09:49:00,2025-02-15 09:56:00,F,30~39,office,seoul,1,0,0,0,23,0,0,39,0,0,completed
39908,U9911,2025-11-08 09:58:00,2025-11-08 10:01:00,F,20~29,office,seoul,1,0,0,0,16,0,0,29,0,0,completed
39909,U9912,2025-05-06 09:30:00,2025-05-06 09:32:00,F,20~29,office,seoul,0,0,0,0,2,0,0,55,0,0,completed
39910,U9913,2025-09-08 14:36:00,2025-09-08 14:43:00,M,20~29,office,seoul,0,0,0,0,17,0,0,42,0,0,completed
39911,U9914,2025-04-12 16:54:00,2025-04-12 16:57:00,M,20~29,office,seoul,1,0,0,0,15,0,0,42,0,0,completed
39912,U9915,2025-06-12 12:20:00,2025-06-12 12:26:00,M,30~39,office,seoul,0,0,0,0,14,0,0,15,0,0,completed
39913,U9916,2025-10-07 17:54:00,2025-10-07 17:56:00,M,20~29,office,seoul,0,0,0,0,3,0,0,19,0,0,completed
39914,U9917,2025-01-18 09:04:00,2025-01-18 09:08:00,F,50+,office,seoul,1,0,0,0,22,0,0,11,0,0,completed
39915,U9918,2025-05-18 13:17:00,2025-05-18 13:21:00,M,50+,office,seoul,1,0,0,0,29,0,0,21,0,0,completed
39916,U9919,2025-02-12 11:42:00,2025-02-12 11:48:00,M,30~39,office,seoul,0,0,0,0,24,0,0,66,0,0,completed
39917,U9920,2025-12-12 20:29:00,2025-12-12 20:34:00,F,20~29,office,seoul,0,0,0,0,28,0,0,26,0,0,abandoned
39918,U9921,2025-08-22 19:20:00,2025-08-22 19:22:00,F,20~29,office,seoul,0,0,0,0,11,0,0,60,0,0,completed
39919,U9922,2025-11-10 14:17:00,2025-11-10 14:23:00,F,50+,office,seoul,0,0,0,0,8,0,0,53,0,0,completed
39920,U9923,2025-02-27 15:50:00,2025-02-27 15:57:00,M,20~29,office,seoul,0,0,0,0,2,0,0,26,0,0,error
39921,U9924,2025-09-19 07:25:00,2025-09-19 07:30:00,F,30~39,office,seoul,0,0,0,0,7,0,0,26,0,0,completed
39922,U9925,2025-08-20 11:59:00,2025-08-20 12:01:00,M,50+,office,seoul,0,0,0,0,22,0,0,15,0,0,completed
39923,U9926,2025-08-07 11:14:00,2025-08-07 11:20:00,F,20~29,office,seoul,0,0,0,0,3,0,0,14,0,0,completed
39924,U9927,2025-02-20 09:54:00,2025-02-20 09:59:00,M,20~29,office,seoul,0,0,0,0,23,0,0,51,0,0,completed
39925,U9928,2025-11-17 14:18:00,2025-11-17 14:25:00,F,50+,office,seoul,0,0,0,0,18,0,0,48,0,0,completed
39926,U9929,2025-12-17 15:56:00,2025-12-17 16:00:00,F,50+,office,seoul,0,0,0,0,10,0,0,13,0,0,completed
39927,U9930,2025-05-21 07:59:00,2025-05-21 08:03:00,M,30~39,office,seoul,0,0,0,0,24,0,0,38,0,0,timeout
39928,U9931,2025-01-02 18:33:00,2025-01-02 18:40:00,F,50+,office,seoul,0,0,0,0,14,0,0,20,0,1,completed
39929,U9932,2025-01-14 16:26:00,2025-01-14 16:32:00,M,30~39,office,seoul,0,0,0,0,13,0,0,43,0,0,completed
39930,U9933,2025-08-05 14:20:00,2025-08-05 14:26:00,F,30~39,office,seoul,0,0,0,0,14,0,0,49,0,0,completed
39931,U9934,2025-05-16 18:48:00,2025-05-16 18:55:00,F,40~49,office,seoul,0,0,0,0,9,0,0,57,0,0,completed
39932,U9935,2025-10-08 15:50:00,2025-10-08 15:55:00,F,30~39,office,seoul,0,0,0,0,5,0,0,20,0,0,completed
39933,U9936,2025-09-26 12:28:00,2025-09-26 12:33:00,F,20~29,office,seoul,0,0,0,0,0,0,0,19,0,0,completed
39934,U9937,2025-12-02 18:02:00,2025-12-02 18:07:00,F,20~29,office,seoul,0,0,0,0,6,0,0,32,0,0,completed
39935,U9938,2025-02-06 09:48:00,2025-02-06 09:51:00,M,50+,office,seoul,0,0,0,0,2,0,0,65,1,0,error
39936,U9939,2025-12-31 13:49:00,2025-12-31 13:52:00,F,20~29,office,seoul,0,0,0,0,20,0,0,59,0,0,completed
39937,U9940,2025-06-23 18:48:00,2025-06-23 18:51:00,M,30~39,office,seoul,0,0,0,0,3,0,0,15,0,0,completed
39938,U9941,2025-10-16 18:38:00,2025-10-16 18:44:00,F,30~39,office,seoul,0,0,0,0,23,0,0,14,0,0,completed
39939,U9942,2025-09-11 13:32:00,2025-09-11 13:34:00,F,40~49,office,seoul,0,0,0,0,1,0,0,58,0,0,completed
39940,U9943,2025-03-21 16:29:00,2025-03-21 16:33:00,M,40~49,office,seoul,0,0,0,0,9,0,0,68,0,0,completed
39941,U9944,2025-11-30 16:08:00,2025-11-30 16:12:00,F,20~29,office,seoul,1,0,0,0,3,0,0,22,0,0,completed
39942,U9945,2025-04-17 13:15:00,2025-04-17 13:17:00,M,20~29,office,seoul,0,0,0,0,10,0,0,71,0,0,completed
39943,U9946,2025-05-09 08:31:00,2025-05-09 08:35:00,F,30~39,office,seoul,0,0,0,0,8,0,0,79,0,0,completed
39944,U9947,2025-04-12 12:12:00,2025-04-12 12:17:00,M,30~39,office,seoul,1,0,0,0,22,0,0,79,0,0,completed
39945,U9948,2025-08-16 19:08:00,2025-08-16 19:11:00,F,30~39,office,seoul,1,0,0,0,2,0,0,10,0,0,completed
39946,U9949,2025-04-28 14:16:00,2025-04-28 14:22:00,F,30~39,office,seoul,0,0,0,0,8,0,0,24,0,0,completed
39947,U9950,2025-07-31 18:31:00,2025-07-31 18:34:00,F,30~39,office,seoul,0,0,0,0,15,0,0,61,0,0,completed
39948,U9951,2025-01-06 13:55:00,2025-01-06 13:57:00,M,50+,office,seoul,0,0,0,0,22,0,0,63,0,0,completed
39949,U9952,2025-02-27 12:05:00,2025-02-27 12:08:00,F,30~39,office,seoul,0,0,0,0,0,0,0,29,0,0,completed
39950,U9953,2025-01-30 17:06:00,2025-01-30 17:10:00,M,20~29,office,seoul,0,0,0,0,8,0,0,42,0,0,completed
39951,U9954,2025-01-14 14:35:00,2025-01-14 14:39:00,F,50+,office,seoul,0,0,0,0,4,0,0,33,0,0,completed
39952,U9955,2025-08-31 15:13:00,2025-08-31 15:20:00,M,20~29,office,seoul,1,0,0,0,17,0,0,64,0,0,completed
39953,U9956,2025-01-30 14:27:00,2025-01-30 14:31:00,M,40~49,office,seoul,0,0,0,0,27,0,0,19,0,0,completed
39954,U9957,2025-12-22 09:30:00,2025-12-22 09:37:00,M,30~39,office,seoul,0,0,0,0,1,0,0,50,0,0,completed
39955,U9958,2025-08-23 14:54:00,2025-08-23 14:57:00,M,30~39,office,seoul,1,0,0,0,17,0,0,76,0,0,completed
39956,U9959,2025-05-01 18:55:00,2025-05-01 18:59:00,F,20~29,office,seoul,0,0,0,0,18,0,0,38,1,0,completed
39957,U9960,2025-12-01 20:33:00,2025-12-01 20:39:00,F,20~29,office,seoul,0,0,0,0,25,0,0,76,0,0,completed
39958,U9961,2025-02-25 11:04:00,2025-02-25 11:08:00,F,40~49,office,seoul,0,0,0,0,26,0,0,48,0,0,completed
39959,U9962,2025-12-30 09:15:00,2025-12-30 09:22:00,M,40~49,office,seoul,0,0,0,0,20,0,0,53,0,0,completed
39960,U9963,2025-08-13 16:46:00,2025-08-13 16:53:00,F,20~29,office,seoul,0,0,0,0,12,0,0,67,0,0,completed
39961,U9964,2025-11-16 22:51:00,2025-11-16 22:57:00,F,30~39,office,seoul,1,0,0,0,10,0,0,78,0,0,completed
39962,U9965,2025-10-02 13:00:00,2025-10-02 13:04:00,M,40~49,office,seoul,0,0,0,0,19,0,0,76,0,0,completed
39963,U9966,2025-10-16 16:19:00,2025-10-16 16:25:00,M,50+,office,seoul,0,0,0,0,2,0,0,70,0,0,completed
39964,U9967,2025-05-05 08:08:00,2025-05-05 08:10:00,F,20~29,office,seoul,0,0,0,0,25,0,0,76,0,0,completed
39965,U9968,2025-02-14 08:31:00,2025-02-14 08:34:00,M,30~39,office,seoul,0,0,0,0,9,0,0,38,0,0,completed
39966,U9969,2025-06-08 17:45:00,2025-06-08 17:48:00,F,40~49,office,seoul,1,0,0,0,17,0,0,44,0,0,completed
39967,U9970,2025-01-02 16:44:00,2025-01-02 16:47:00,F,40~49,office,seoul,0,0,0,0,27,0,0,68,0,0,completed
39968,U9971,2025-03-19 21:00:00,2025-03-19 21:04:00,F,40~49,office,seoul,0,0,0,0,26,0,0,73,0,0,completed
39969,U9972,2025-10-07 21:53:00,2025-10-07 21:55:00,M,40~49,office,seoul,0,0,0,0,9,0,0,34,0,0,completed
39970,U9973,2025-12-15 16:17:00,2025-12-15 16:21:00,F,20~29,office,seoul,0,0,0,0,29,0,0,18,0,0,completed
39971,U9974,2025-04-14 07:58:00,2025-04-14 08:00:00,F,30~39,office,seoul,0,0,0,0,19,0,0,74,0,0,abandoned
39972,U9975,2025-12-02 19:01:00,2025-12-02 19:05:00,F,20~29,office,seoul,0,0,0,0,29,0,0,62,0,0,completed
39973,U9976,2025-12-06 07:57:00,2025-12-06 07:59:00,M,20~29,office,seoul,1,0,0,0,21,0,0,49,0,0,completed
39974,U9977,2025-01-06 20:23:00,2025-01-06 20:30:00,F,20~29,office,seoul,0,0,0,0,0,0,0,57,0,0,completed
39975,U9978,2025-07-04 11:24:00,2025-07-04 11:28:00,F,50+,office,seoul,0,0,0,0,21,0,0,79,0,0,completed
39976,U9979,2025-04-29 12:36:00,2025-04-29 12:40:00,F,50+,office,seoul,0,0,0,0,4,0,0,28,0,0,completed
39977,U9980,2025-11-05 16:21:00,2025-11-05 16:25:00,M,20~29,office,seoul,0,0,0,0,29,0,0,43,0,0,completed
39978,U9981,2025-07-22 22:43:00,2025-07-22 22:50:00,F,50+,office,seoul,0,0,0,0,15,0,0,21,0,0,completed
39979,U9982,2025-08-02 13:31:00,2025-08-02 13:35:00,M,40~49,office,seoul,1,0,0,0,27,0,0,72,0,0,completed
39980,U9983,2025-12-25 16:18:00,2025-12-25 16:25:00,F,40~49,office,seoul,0,0,0,0,11,0,0,40,0,0,timeout
39981,U9984,2025-05-21 12:04:00,2025-05-21 12:10:00,M,40~49,office,seoul,0,0,0,0,4,0,0,25,0,0,completed
39982,U9985,2025-04-16 13:32:00,2025-04-16 13:38:00,F,20~29,office,seoul,0,0,0,0,26,0,0,35,0,0,completed
39983,U9986,2025-07-31 09:43:00,2025-07-31 09:46:00,F,40~49,office,seoul,0,0,0,0,1,0,0,54,0,0,completed
39984,U9987,2025-10-08 13:50:00,2025-10-08 13:52:00,M,30~39,office,seoul,0,0,0,0,22,0,0,65,0,0,completed
39985,U9988,2025-03-31 11:06:00,2025-03-31 11:13:00,F,30~39,office,seoul,0,0,0,0,17,0,0,51,0,0,completed
39986,U9989,2025-09-06 16:45:00,2025-09-06 16:47:00,F,30~39,office,seoul,1,0,0,0,29,0,0,34,0,0,completed
39987,U9990,2025-10-18 12:53:00,2025-10-18 12:59:00,M,30~39,office,seoul,1,0,0,0,2,0,0,32,0,0,completed
39988,U9991,2025-06-15 16:14:00,2025-06-15 16:21:00,F,20~29,office,seoul,1,0,0,0,25,0,0,74,0,0,completed
39989,U9992,2025-07-12 16:01:00,2025-07-12 16:08:00,M,20~29,office,seoul,1,0,0,0,15,0,0,34,0,0,completed
39990,U9993,2025-08-12 13:29:00,2025-08-12 13:35:00,M,20~29,office,seoul,0,0,0,0,16,0,0,77,0,0,completed
39991,U9994,2025-04-13 15:47:00,2025-04-13 15:54:00,F,50+,office,seoul,1,0,0,0,18,0,0,41,0,0,abandoned
39992,U9995,2025-10-04 16:33:00,2025-10-04 16:37:00,F,20~29,office,seoul,1,0,0,0,13,0,0,35,0,0,completed
39993,U9996,2025-02-03 13:58:00,2025-02-03 14:03:00,M,20~29,office,seoul,0,0,0,0,12,0,0,71,0,0,timeout
39994,U9997,2025-08-07 16:58:00,2025-08-07 17:00:00,F,30~39,office,seoul,0,0,0,0,4,0,0,71,0,0,abandoned
39995,U9998,2025-11-06 09:16:00,2025-11-06 09:18:00,M,20~29,office,seoul,0,0,0,0,9,0,0,22,0,0,completed
39996,U0000,2025-01-23 16:09:00,2025-01-23 16:13:00,M,20~29,office,seoul,0,0,0,0,23,0,0,46,0,0,completed
39997,U0001,2025-05-04 14:03:00,2025-05-04 14:05:00,F,20~29,office,seoul,1,0,0,0,18,0,0,78,0,0,completed
39998,U0002,2025-06-10 21:00:00,2025-06-10 21:05:00,F,50+,office,seoul,0,0,0,0,23,0,0,39,0,0,completed
39999,U0003,2025-04-11 11:02:00,2025-04-11 11:05:00,M,50+,office,seoul,0,0,0,0,29,0,0,59,0,0,completed
40000,U0004,2025-12-06 16:46:00,2025-12-06 16:52:00,M,40~49,office,seoul,1,0,0,0,17,0,0,61,0,0,completed
40001,U0005,2025-05-10 07:50:00,2025-05-10 07:56:00,M,30~39,office,seoul,1,0,0,0,25,0,0,44,0,0,timeout
40002,U0006,2025-03-06 17:47:00,2025-03-06 17:51:00,F,50+,office,seoul,0,0,0,0,11,0,0,37,0,1,completed
40003,U0007,2025-02-24 11:48:00,2025-02-24 11:52:00,M,30~39,office,seoul,0,0,0,0,15,0,0,35,0,0,completed
40004,U0008,2025-03-06 19:24:00,2025-03-06 19:28:00,M,50+,office,seoul,0,0,0,0,9,0,0,11,0,0,completed
40005,U0009,2025-04-16 08:46:00,2025-04-16 08:51:00,F,30~39,office,seoul,0,0,0,0,23,0,0,24,0,0,completed
40006,U0010,2025-06-20 16:35:00,2025-06-20 16:41:00,F,20~29,office,seoul,0,0,0,0,19,0,0,15,0,0,completed
40007,U0011,2025-06-13 13:56:00,2025-06-13 13:59:00,M,30~39,office,seoul,0,0,0,0,4,0,0,21,0,0,completed
40008,U0012,2025-01-12 08:01:00,2025-01-12 08:04:00,F,30~39,office,seoul,1,0,0,0,24,0,0,79,0,0,completed
40009,U0013,2025-10-28 20:33:00,2025-10-28 20:39:00,F,30~39,office,seoul,0,0,0,0,9,0,0,55,0,0,completed
40010,U0014,2025-12-31 08:43:00,2025-12-31 08:46:00,M,40~49,office,seoul,0,0,0,0,10,0,0,69,0,0,completed
40011,U0015,2025-04-07 16:38:00,2025-04-07 16:41:00,F,20~29,office,seoul,0,0,0,0,3,0,0,57,0,0,completed
40012,U0016,2025-07-02 15:22:00,2025-07-02 15:25:00,F,50+,office,seoul,0,0,0,0,5,0,0,46,0,0,completed
40013,U0017,2025-06-15 13:40:00,2025-06-15 13:44:00,M,30~39,office,seoul,1,0,0,0,23,0,0,62,0,0,completed
40014,U0018,2025-03-10 09:38:00,2025-03-10 09:41:00,M,20~29,office,seoul,0,0,0,0,18,0,0,68,0,0,completed
40015,U0019,2025-07-12 14:58:00,2025-07-12 15:02:00,M,20~29,office,seoul,1,0,0,0,19,0,0,38,0,0,completed
40016,U0020,2025-07-12 15:21:00,2025-07-12 15:26:00,F,30~39,office,seoul,1,0,0,0,24,0,0,34,0,0,completed
40017,U0021,2025-12-05 15:28:00,2025-12-05 15:34:00,F,20~29,office,seoul,0,0,0,0,26,0,0,78,0,0,timeout
40018,U0022,2025-03-17 20:21:00,2025-03-17 20:28:00,F,50+,office,seoul,0,0,0,0,17,0,0,45,0,0,completed
40019,U0023,2025-05-18 08:20:00,2025-05-18 08:24:00,F,40~49,office,seoul,1,0,0,0,5,0,0,30,0,1,completed
40020,U0024,2025-03-04 22:28:00,2025-03-04 22:31:00,F,30~39,office,seoul,0,0,0,0,20,0,0,27,1,0,completed
40021,U0025,2025-03-27 16:08:00,2025-03-27 16:11:00,M,30~39,office,seoul,0,0,0,0,2,0,0,60,0,0,completed
40022,U0026,2025-07-15 15:44:00,2025-07-15 15:47:00,M,20~29,office,seoul,0,0,0,0,28,0,0,12,0,0,abandoned
40023,U0027,2025-02-05 16:08:00,2025-02-05 16:10:00,M,40~49,office,seoul,0,0,0,0,29,0,0,10,0,0,completed
40024,U0028,2025-03-01 21:35:00,2025-03-01 21:40:00,M,50+,office,seoul,1,0,0,0,3,0,0,25,0,0,completed
40025,U0029,2025-10-23 15:09:00,2025-10-23 15:15:00,F,30~39,office,seoul,0,0,0,0,22,0,0,37,0,0,completed
40026,U0030,2025-10-02 09:01:00,2025-10-02 09:07:00,F,50+,office,seoul,0,0,0,0,12,0,0,72,0,0,completed
40027,U0031,2025-04-22 08:14:00,2025-04-22 08:16:00,M,40~49,office,seoul,0,0,0,0,23,0,0,77,0,0,completed
40028,U0032,2025-03-16 07:56:00,2025-03-16 08:01:00,M,40~49,office,seoul,1,0,0,0,14,0,0,51,0,0,completed
40029,U0033,2025-06-28 11:42:00,2025-06-28 11:48:00,F,30~39,office,seoul,1,0,0,0,26,0,0,69,0,0,completed
40030,U0034,2025-01-11 15:34:00,2025-01-11 15:38:00,M,30~39,office,seoul,1,0,0,0,3,0,0,36,0,0,abandoned
40031,U0035,2025-05-22 20:28:00,2025-05-22 20:34:00,F,20~29,office,seoul,0,0,0,0,6,0,0,24,0,0,completed
40032,U0036,2025-10-15 15:16:00,2025-10-15 15:22:00,F,40~49,office,seoul,0,0,0,0,17,0,0,76,0,0,completed
40033,U0037,2025-07-23 19:10:00,2025-07-23 19:13:00,F,30~39,office,seoul,0,0,0,0,12,0,0,62,0,0,completed
40034,U0038,2025-04-23 12:28:00,2025-04-23 12:31:00,M,50+,office,seoul,0,0,0,0,0,0,0,51,0,0,completed
40035,U0039,2025-12-06 22:42:00,2025-12-06 22:44:00,M,40~49,office,seoul,1,0,0,0,9,0,0,41,0,0,completed
40036,U0040,2025-11-20 07:05:00,2025-11-20 07:12:00,F,30~39,office,seoul,0,0,0,0,1,0,0,39,0,0,completed
40037,U0041,2025-12-30 17:00:00,2025-12-30 17:05:00,F,40~49,office,seoul,0,0,0,0,17,0,0,35,0,0,completed
40038,U0042,2025-03-22 08:44:00,2025-03-22 08:49:00,M,30~39,office,seoul,1,0,0,0,23,0,0,46,0,0,completed
40039,U0043,2025-01-23 15:21:00,2025-01-23 15:24:00,F,30~39,office,seoul,0,0,0,0,22,0,0,21,0,0,completed
40040,U0044,2025-09-15 09:21:00,2025-09-15 09:25:00,F,50+,office,seoul,0,0,0,0,13,0,0,44,0,0,completed
40041,U0045,2025-10-07 18:17:00,2025-10-07 18:21:00,F,30~39,office,seoul,0,0,0,0,10,0,0,79,0,0,error
40042,U0046,2025-07-02 15:54:00,2025-07-02 16:01:00,M,50+,office,seoul,0,0,0,0,15,0,0,29,1,0,completed
40043,U0047,2025-10-27 16:05:00,2025-10-27 16:08:00,F,20~29,office,seoul,0,0,0,0,1,0,0,74,0,0,completed
40044,U0048,2025-12-02 09:18:00,2025-12-02 09:24:00,M,20~29,office,seoul,0,0,0,0,23,0,0,37,0,0,completed
40045,U0049,2025-05-30 14:17:00,2025-05-30 14:23:00,F,20~29,office,seoul,0,0,0,0,24,0,0,55,0,0,completed
40046,U0050,2025-04-07 11:50:00,2025-04-07 11:53:00,F,20~29,office,seoul,0,0,0,0,25,0,0,71,0,0,completed
40047,U0051,2025-11-09 14:10:00,2025-11-09 14:14:00,M,20~29,office,seoul,1,0,0,0,3,0,0,69,0,0,completed
40048,U0052,2025-12-31 12:21:00,2025-12-31 12:23:00,M,20~29,office,seoul,0,0,0,0,5,0,0,38,0,0,completed
40049,U0053,2025-04-22 19:28:00,2025-04-22 19:32:00,F,30~39,office,seoul,0,0,0,0,8,0,0,73,0,0,completed
40050,U0054,2025-07-17 17:27:00,2025-07-17 17:32:00,M,50+,office,seoul,0,0,0,0,3,0,0,43,0,0,completed
40051,U0055,2025-04-13 19:45:00,2025-04-13 19:51:00,M,30~39,office,seoul,1,0,0,0,9,0,0,11,0,0,completed
40052,U0056,2025-08-19 11:17:00,2025-08-19 11:20:00,M,50+,office,seoul,0,0,0,0,5,0,0,11,0,0,completed
40053,U0057,2025-08-14 12:22:00,2025-08-14 12:27:00,M,40~49,office,seoul,0,0,0,0,29,0,0,39,0,0,completed
40054,U0058,2025-04-25 15:18:00,2025-04-25 15:23:00,F,20~29,office,seoul,0,0,0,0,1,0,0,44,0,0,completed
40055,U0059,2025-05-22 07:37:00,2025-05-22 07:39:00,M,50+,office,seoul,0,0,0,0,2,0,0,21,0,1,completed
40056,U0060,2025-05-01 15:21:00,2025-05-01 15:25:00,M,30~39,office,seoul,0,0,0,0,29,0,0,23,0,0,completed
40057,U0061,2025-07-20 09:26:00,2025-07-20 09:31:00,M,30~39,office,seoul,1,0,0,0,4,0,0,41,1,0,completed
40058,U0062,2025-09-13 09:56:00,2025-09-13 09:59:00,F,20~29,office,seoul,1,0,0,0,0,0,0,77,0,0,completed
40059,U0063,2025-07-02 12:37:00,2025-07-02 12:44:00,F,20~29,office,seoul,0,0,0,0,14,0,0,11,0,0,completed
40060,U0064,2025-03-15 14:15:00,2025-03-15 14:19:00,M,50+,office,seoul,1,0,0,0,11,0,0,65,0,0,completed
40061,U0065,2025-06-29 14:55:00,2025-06-29 14:59:00,F,40~49,office,seoul,1,0,0,0,9,0,0,21,0,0,completed
40062,U0066,2025-03-24 08:43:00,2025-03-24 08:49:00,F,40~49,office,seoul,0,0,0,0,4,0,0,10,0,0,completed
40063,U0067,2025-04-14 14:37:00,2025-04-14 14:44:00,M,30~39,office,seoul,0,0,0,0,25,0,0,39,0,0,error
40064,U0068,2025-07-16 17:03:00,2025-07-16 17:07:00,M,20~29,office,seoul,0,0,0,0,24,0,0,73,0,0,completed
40065,U0069,2025-11-06 09:24:00,2025-11-06 09:31:00,F,30~39,office,seoul,0,0,0,0,7,0,0,11,0,0,completed
40066,U0070,2025-08-31 17:11:00,2025-08-31 17:13:00,F,30~39,office,seoul,1,0,0,0,2,0,0,13,0,0,completed
40067,U0071,2025-11-14 16:11:00,2025-11-14 16:15:00,F,50+,office,seoul,0,0,0,0,17,0,0,44,0,0,completed
40068,U0072,2025-09-02 07:07:00,2025-09-02 07:14:00,F,40~49,office,seoul,0,0,0,0,4,0,0,16,0,0,completed
40069,U0073,2025-02-26 17:03:00,2025-02-26 17:05:00,M,20~29,office,seoul,0,0,0,0,5,0,0,66,0,0,completed
40070,U0074,2025-10-13 08:36:00,2025-10-13 08:41:00,F,30~39,office,seoul,0,0,0,0,5,0,0,52,0,0,completed
40071,U0075,2025-12-17 14:47:00,2025-12-17 14:52:00,F,30~39,office,seoul,0,0,0,0,0,0,0,66,0,0,completed
40072,U0076,2025-10-13 08:09:00,2025-10-13 08:12:00,F,20~29,office,seoul,0,0,0,0,9,0,0,67,0,0,abandoned
40073,U0077,2025-03-03 11:53:00,2025-03-03 11:55:00,F,20~29,office,seoul,0,0,0,0,22,0,0,32,0,0,completed
40074,U0078,2025-12-04 15:33:00,2025-12-04 15:36:00,M,30~39,office,seoul,0,0,0,0,16,0,0,63,0,0,error
40075,U0079,2025-03-11 18:58:00,2025-03-11 19:02:00,F,50+,office,seoul,0,0,0,0,19,0,0,42,0,0,completed
40076,U0080,2025-06-23 22:26:00,2025-06-23 22:33:00,M,20~29,office,seoul,0,0,0,0,18,0,0,72,0,0,completed
40077,U0081,2025-09-19 15:38:00,2025-09-19 15:43:00,F,50+,office,seoul,0,0,0,0,11,0,0,31,0,0,completed
40078,U0082,2025-05-11 07:48:00,2025-05-11 07:55:00,F,20~29,office,seoul,1,0,0,0,21,0,0,36,0,0,completed
40079,U0083,2025-11-11 13:11:00,2025-11-11 13:13:00,F,30~39,office,seoul,0,0,0,0,11,0,0,41,0,0,timeout
40080,U0084,2025-06-07 18:09:00,2025-06-07 18:13:00,F,30~39,office,seoul,1,0,0,0,22,0,0,49,0,0,completed
40081,U0085,2025-07-18 17:56:00,2025-07-18 18:00:00,F,40~49,office,seoul,0,0,0,0,27,0,0,76,0,0,abandoned
40082,U0086,2025-04-15 09:06:00,2025-04-15 09:11:00,F,40~49,office,seoul,0,0,0,0,6,0,0,27,0,0,abandoned
40083,U0087,2025-06-27 12:07:00,2025-06-27 12:09:00,F,40~49,office,seoul,0,0,0,0,29,0,0,51,0,0,completed
40084,U0088,2025-04-06 18:01:00,2025-04-06 18:07:00,F,20~29,office,seoul,1,0,0,0,1,0,0,60,0,0,completed
40085,U0089,2025-05-03 15:03:00,2025-05-03 15:07:00,M,50+,office,seoul,1,0,0,0,16,0,0,31,0,0,completed
40086,U0090,2025-01-22 16:39:00,2025-01-22 16:42:00,F,30~39,office,seoul,0,0,0,0,3,0,0,68,0,0,abandoned
40087,U0091,2025-07-17 15:55:00,2025-07-17 16:00:00,M,20~29,office,seoul,0,0,0,0,6,0,0,63,0,0,completed
40088,U0092,2025-03-25 22:53:00,2025-03-25 22:57:00,F,50+,office,seoul,0,0,0,0,18,0,0,49,0,0,completed
40089,U0093,2025-01-08 08:27:00,2025-01-08 08:29:00,F,20~29,office,seoul,0,0,0,0,10,0,0,59,0,0,completed
40090,U0094,2025-03-10 16:21:00,2025-03-10 16:24:00,F,40~49,office,seoul,0,0,0,0,9,0,0,33,0,0,completed
40091,U0095,2025-08-26 11:44:00,2025-08-26 11:48:00,F,20~29,office,seoul,0,0,0,0,6,0,0,22,0,0,completed
40092,U0096,2025-01-27 16:37:00,2025-01-27 16:41:00,M,40~49,office,seoul,0,0,0,0,27,0,0,24,0,0,completed
40093,U0097,2025-01-04 20:11:00,2025-01-04 20:13:00,F,40~49,office,seoul,1,0,0,0,13,0,0,72,0,0,completed
40094,U0098,2025-03-03 08:21:00,2025-03-03 08:26:00,F,20~29,office,seoul,0,0,0,0,1,0,0,56,0,0,completed
40095,U0099,2025-03-10 11:34:00,2025-03-10 11:40:00,F,40~49,office,seoul,0,0,0,0,23,0,0,32,0,0,completed
40096,U0100,2025-01-07 12:56:00,2025-01-07 13:01:00,M,40~49,office,seoul,0,0,0,0,10,0,0,39,0,0,completed
40097,U0101,2025-04-10 08:49:00,2025-04-10 08:55:00,M,20~29,office,seoul,0,0,0,0,21,0,0,73,0,0,completed
40098,U0102,2025-11-19 08:55:00,2025-11-19 09:02:00,F,40~49,office,seoul,0,0,0,0,29,0,0,64,0,0,completed
40099,U0103,2025-01-27 09:03:00,2025-01-27 09:08:00,M,50+,office,seoul,0,0,0,0,5,0,0,51,0,0,completed
40100,U0104,2025-01-02 22:40:00,2025-01-02 22:46:00,F,40~49,office,seoul,0,0,0,0,17,0,0,59,0,0,completed
40101,U0105,2025-10-24 15:50:00,2025-10-24 15:55:00,F,40~49,office,seoul,0,0,0,0,22,0,0,51,0,0,completed
40102,U0106,2025-11-23 20:54:00,2025-11-23 20:59:00,M,40~49,office,seoul,1,0,0,0,8,0,0,46,0,0,completed
40103,U0107,2025-08-27 07:20:00,2025-08-27 07:26:00,M,20~29,office,seoul,0,0,0,0,29,0,0,61,0,0,completed
40104,U0108,2025-07-05 12:46:00,2025-07-05 12:49:00,F,50+,office,seoul,1,0,0,0,25,0,0,76,0,0,completed
40105,U0109,2025-04-18 12:17:00,2025-04-18 12:23:00,F,20~29,office,seoul,0,0,0,0,3,0,0,46,0,0,completed
40106,U0110,2025-11-09 19:41:00,2025-11-09 19:43:00,M,30~39,office,seoul,1,0,0,0,4,0,0,48,0,0,completed
40107,U0111,2025-03-04 07:37:00,2025-03-04 07:43:00,M,20~29,office,seoul,0,0,0,0,12,0,0,14,0,0,abandoned
40108,U0112,2025-07-29 18:28:00,2025-07-29 18:33:00,M,50+,office,seoul,0,0,0,0,24,0,0,28,0,0,completed
40109,U0113,2025-01-10 11:17:00,2025-01-10 11:23:00,M,40~49,office,seoul,0,0,0,0,11,0,0,72,0,0,completed
40110,U0114,2025-06-04 12:02:00,2025-06-04 12:06:00,F,20~29,office,seoul,0,0,0,0,24,0,0,53,0,0,completed
40111,U0115,2025-06-30 09:43:00,2025-06-30 09:47:00,F,40~49,office,seoul,0,0,0,0,22,0,0,65,0,0,completed
40112,U0116,2025-04-01 17:40:00,2025-04-01 17:44:00,F,20~29,office,seoul,0,0,0,0,13,0,0,68,0,0,completed
40113,U0117,2025-07-18 14:02:00,2025-07-18 14:07:00,F,30~39,office,seoul,0,0,0,0,4,0,0,54,0,0,completed
40114,U0118,2025-02-16 13:37:00,2025-02-16 13:42:00,M,20~29,office,seoul,1,0,0,0,12,0,0,69,0,0,completed
40115,U0119,2025-01-10 17:49:00,2025-01-10 17:54:00,F,40~49,office,seoul,0,0,0,0,20,0,0,37,0,0,completed
40116,U0120,2025-01-18 08:56:00,2025-01-18 08:59:00,F,30~39,office,seoul,1,0,0,0,16,0,0,57,0,0,abandoned
40117,U0121,2025-12-26 11:54:00,2025-12-26 12:00:00,F,40~49,office,seoul,0,0,0,0,11,0,0,72,1,0,completed
40118,U0122,2025-10-17 15:09:00,2025-10-17 15:12:00,F,30~39,office,seoul,0,0,0,0,8,0,0,68,1,0,completed
40119,U0123,2025-05-04 22:42:00,2025-05-04 22:45:00,M,40~49,office,seoul,1,0,0,0,9,0,0,48,0,1,completed
40120,U0124,2025-06-20 19:17:00,2025-06-20 19:24:00,M,50+,office,seoul,0,0,0,0,10,0,0,54,0,1,completed
40121,U0125,2025-10-22 09:19:00,2025-10-22 09:23:00,M,30~39,office,seoul,0,0,0,0,23,0,0,66,0,0,completed
40122,U0126,2025-07-05 18:14:00,2025-07-05 18:21:00,M,30~39,office,seoul,1,0,0,0,6,0,0,25,0,0,completed
40123,U0127,2025-12-13 08:10:00,2025-12-13 08:17:00,M,30~39,office,seoul,1,0,0,0,14,0,0,17,0,0,completed
40124,U0128,2025-03-20 17:04:00,2025-03-20 17:07:00,F,20~29,office,seoul,0,0,0,0,1,0,0,65,0,0,completed
40125,U0129,2025-05-21 15:00:00,2025-05-21 15:04:00,F,20~29,office,seoul,0,0,0,0,0,0,0,27,0,0,abandoned
40126,U0130,2025-08-20 13:37:00,2025-08-20 13:44:00,F,50+,office,seoul,0,0,0,0,9,0,0,47,0,0,completed
40127,U0131,2025-05-29 15:05:00,2025-05-29 15:10:00,F,50+,office,seoul,0,0,0,0,25,0,0,16,1,0,completed
40128,U0132,2025-09-21 12:53:00,2025-09-21 12:57:00,F,20~29,office,seoul,1,0,0,0,26,0,0,23,0,0,completed
40129,U0133,2025-11-12 13:00:00,2025-11-12 13:07:00,F,20~29,office,seoul,0,0,0,0,26,0,0,74,0,0,completed
40130,U0134,2025-02-02 09:21:00,2025-02-02 09:27:00,M,20~29,office,seoul,1,0,0,0,11,0,0,43,0,0,completed
40131,U0135,2025-12-25 09:25:00,2025-12-25 09:32:00,M,20~29,office,seoul,0,0,0,0,7,0,0,47,0,0,completed
40132,U0136,2025-06-03 14:27:00,2025-06-03 14:32:00,F,40~49,office,seoul,0,0,0,0,22,0,0,69,0,0,completed
40133,U0137,2025-04-03 09:13:00,2025-04-03 09:16:00,F,30~39,office,seoul,0,0,0,0,13,0,0,63,0,0,completed
40134,U0138,2025-08-09 08:02:00,2025-08-09 08:09:00,F,20~29,office,seoul,1,0,0,0,29,0,0,77,0,0,completed
40135,U0139,2025-06-03 16:49:00,2025-06-03 16:56:00,M,20~29,office,seoul,0,0,0,0,1,0,0,28,0,0,completed
40136,U0140,2025-03-14 08:21:00,2025-03-14 08:25:00,M,40~49,office,seoul,0,0,0,0,12,0,0,55,0,0,completed
40137,U0141,2025-11-22 14:05:00,2025-11-22 14:11:00,M,20~29,office,seoul,1,0,0,0,28,0,0,73,0,0,abandoned
40138,U0142,2025-12-31 12:38:00,2025-12-31 12:41:00,M,50+,office,seoul,0,0,0,0,25,0,0,20,0,0,completed
40139,U0143,2025-03-07 14:12:00,2025-03-07 14:18:00,M,40~49,office,seoul,0,0,0,0,4,0,0,68,0,0,completed
40140,U0144,2025-02-22 12:41:00,2025-02-22 12:48:00,M,20~29,office,seoul,1,0,0,0,25,0,0,39,0,0,completed
40141,U0145,2025-08-27 17:52:00,2025-08-27 17:59:00,M,50+,office,seoul,0,0,0,0,13,0,0,39,0,0,completed
40142,U0146,2025-10-09 19:06:00,2025-10-09 19:08:00,F,20~29,office,seoul,0,0,0,0,4,0,0,78,0,0,completed
40143,U0147,2025-01-22 11:01:00,2025-01-22 11:06:00,M,40~49,office,seoul,0,0,0,0,0,0,0,17,0,0,completed
40144,U0148,2025-04-16 21:22:00,2025-04-16 21:26:00,M,20~29,office,seoul,0,0,0,0,0,0,0,59,0,0,completed
40145,U0149,2025-02-08 18:17:00,2025-02-08 18:23:00,M,40~49,office,seoul,1,0,0,0,13,0,0,59,0,0,completed
40146,U0150,2025-04-27 14:25:00,2025-04-27 14:31:00,F,40~49,office,seoul,1,0,0,0,9,0,0,23,0,0,completed
40147,U0151,2025-08-26 09:01:00,2025-08-26 09:07:00,M,20~29,office,seoul,0,0,0,0,10,0,0,59,0,0,completed
40148,U0152,2025-07-07 16:55:00,2025-07-07 16:58:00,F,50+,office,seoul,0,0,0,0,14,0,0,17,0,0,completed
40149,U0153,2025-05-04 16:19:00,2025-05-04 16:25:00,M,20~29,office,seoul,1,0,0,0,16,0,0,16,0,0,completed
40150,U0154,2025-06-12 08:07:00,2025-06-12 08:10:00,M,40~49,office,seoul,0,0,0,0,0,0,0,19,0,0,completed
40151,U0155,2025-10-19 08:16:00,2025-10-19 08:19:00,F,30~39,office,seoul,1,0,0,0,24,0,0,41,0,0,abandoned
40152,U0156,2025-07-04 08:17:00,2025-07-04 08:23:00,M,30~39,office,seoul,0,0,0,0,28,0,0,63,0,0,completed
40153,U0157,2025-02-02 09:18:00,2025-02-02 09:21:00,F,30~39,office,seoul,1,0,0,0,29,0,0,17,0,0,completed
40154,U0158,2025-05-06 16:13:00,2025-05-06 16:20:00,M,30~39,office,seoul,0,0,0,0,11,0,0,70,0,0,completed
40155,U0159,2025-05-22 15:08:00,2025-05-22 15:10:00,F,20~29,office,seoul,0,0,0,0,4,0,0,73,0,0,completed
40156,U0160,2025-05-20 08:41:00,2025-05-20 08:43:00,F,30~39,office,seoul,0,0,0,0,14,0,0,17,0,0,completed
40157,U0161,2025-07-09 12:03:00,2025-07-09 12:07:00,M,40~49,office,seoul,0,0,0,0,7,0,0,11,0,0,completed
40158,U0162,2025-04-07 15:30:00,2025-04-07 15:33:00,F,20~29,office,seoul,0,0,0,0,18,0,0,58,0,0,completed
40159,U0163,2025-11-21 17:49:00,2025-11-21 17:54:00,M,20~29,office,seoul,0,0,0,0,7,0,0,45,0,0,completed
40160,U0164,2025-01-24 15:26:00,2025-01-24 15:32:00,M,30~39,office,seoul,0,0,0,0,20,0,0,75,0,0,completed
40161,U0165,2025-12-31 13:41:00,2025-12-31 13:44:00,M,20~29,office,seoul,0,0,0,0,12,0,0,45,0,1,abandoned
40162,U0166,2025-02-23 16:33:00,2025-02-23 16:36:00,F,30~39,office,seoul,1,0,0,0,26,0,0,77,0,0,abandoned
40163,U0167,2025-02-06 12:07:00,2025-02-06 12:12:00,M,40~49,office,seoul,0,0,0,0,11,0,0,60,0,0,completed
40164,U0168,2025-10-27 13:32:00,2025-10-27 13:38:00,F,40~49,office,seoul,0,0,0,0,20,0,0,67,0,0,error
40165,U0169,2025-11-06 19:14:00,2025-11-06 19:18:00,F,20~29,office,seoul,0,0,0,0,16,0,0,62,0,0,completed
40166,U0170,2025-01-26 09:26:00,2025-01-26 09:29:00,F,20~29,office,seoul,1,0,0,0,11,0,0,78,0,0,completed
40167,U0171,2025-09-19 12:08:00,2025-09-19 12:13:00,M,20~29,office,seoul,0,0,0,0,29,0,0,18,0,0,completed
40168,U0172,2025-07-27 09:40:00,2025-07-27 09:43:00,F,30~39,office,seoul,1,0,0,0,24,0,0,62,0,0,completed
40169,U0173,2025-08-15 07:38:00,2025-08-15 07:40:00,M,50+,office,seoul,0,0,0,0,23,0,0,59,0,0,completed
40170,U0174,2025-04-04 20:12:00,2025-04-04 20:18:00,F,30~39,office,seoul,0,0,0,0,13,0,0,50,0,0,completed
40171,U0175,2025-08-30 08:14:00,2025-08-30 08:20:00,F,20~29,office,seoul,1,0,0,0,29,0,0,13,1,0,completed
40172,U0176,2025-01-29 09:18:00,2025-01-29 09:22:00,F,20~29,office,seoul,0,0,0,0,25,0,0,33,0,0,error
40173,U0177,2025-02-16 14:21:00,2025-02-16 14:26:00,M,20~29,office,seoul,1,0,0,0,15,0,0,33,0,0,completed
40174,U0178,2025-07-24 16:31:00,2025-07-24 16:35:00,M,50+,office,seoul,0,0,0,0,25,0,0,76,0,0,completed
40175,U0179,2025-07-10 15:57:00,2025-07-10 15:59:00,M,30~39,office,seoul,0,0,0,0,29,0,0,78,0,0,completed
40176,U0180,2025-04-23 17:00:00,2025-04-23 17:02:00,M,20~29,office,seoul,0,0,0,0,27,0,0,19,0,0,completed
40177,U0181,2025-03-26 12:31:00,2025-03-26 12:35:00,F,40~49,office,seoul,0,0,0,0,17,0,0,10,0,0,completed
40178,U0182,2025-05-12 21:01:00,2025-05-12 21:07:00,M,30~39,office,seoul,0,0,0,0,17,0,0,61,0,0,abandoned
40179,U0183,2025-05-07 16:46:00,2025-05-07 16:51:00,M,30~39,office,seoul,0,0,0,0,12,0,0,32,0,0,completed
40180,U0184,2025-04-12 08:33:00,2025-04-12 08:39:00,F,50+,office,seoul,1,0,0,0,21,0,0,26,0,1,completed
40181,U0185,2025-12-22 22:34:00,2025-12-22 22:38:00,F,40~49,office,seoul,0,0,0,0,11,0,0,59,0,0,completed
40182,U0186,2025-07-25 22:00:00,2025-07-25 22:02:00,F,40~49,office,seoul,0,0,0,0,20,0,0,51,0,0,completed
40183,U0187,2025-06-27 14:11:00,2025-06-27 14:18:00,M,30~39,office,seoul,0,0,0,0,29,0,0,45,0,0,completed
40184,U0188,2025-02-14 12:20:00,2025-02-14 12:25:00,F,30~39,office,seoul,0,0,0,0,21,0,0,66,0,0,completed
40185,U0189,2025-05-23 12:14:00,2025-05-23 12:20:00,F,20~29,office,seoul,0,0,0,0,13,0,0,79,0,0,completed
40186,U0190,2025-09-05 16:10:00,2025-09-05 16:13:00,M,20~29,office,seoul,0,0,0,0,21,0,0,67,0,0,completed
40187,U0191,2025-05-11 11:34:00,2025-05-11 11:40:00,F,30~39,office,seoul,1,0,0,0,25,0,0,48,0,0,completed
40188,U0192,2025-09-01 14:43:00,2025-09-01 14:47:00,F,30~39,office,seoul,0,0,0,0,29,0,0,44,1,0,completed
40189,U0193,2025-11-05 12:05:00,2025-11-05 12:09:00,F,50+,office,seoul,0,0,0,0,27,0,0,39,0,0,completed
40190,U0194,2025-07-15 17:04:00,2025-07-15 17:09:00,F,20~29,office,seoul,0,0,0,0,19,0,0,62,0,0,completed
40191,U0195,2025-04-16 12:15:00,2025-04-16 12:17:00,F,40~49,office,seoul,0,0,0,0,28,0,0,19,0,0,completed
40192,U0196,2025-06-28 19:14:00,2025-06-28 19:21:00,F,30~39,office,seoul,1,0,0,0,17,0,0,39,0,0,abandoned
40193,U0197,2025-01-24 09:30:00,2025-01-24 09:33:00,F,30~39,office,seoul,0,0,0,0,19,0,0,39,0,0,completed
40194,U0198,2025-10-21 14:21:00,2025-10-21 14:27:00,M,20~29,office,seoul,0,0,0,0,23,0,0,59,0,0,completed
40195,U0199,2025-07-01 16:23:00,2025-07-01 16:27:00,F,50+,office,seoul,0,0,0,0,27,0,0,50,0,0,completed
40196,U0200,2025-04-07 16:36:00,2025-04-07 16:42:00,M,50+,office,seoul,0,0,0,0,1,0,0,45,0,0,abandoned
40197,U0201,2025-09-28 12:05:00,2025-09-28 12:09:00,F,30~39,office,seoul,1,0,0,0,18,0,0,23,0,0,completed
40198,U0202,2025-05-14 17:28:00,2025-05-14 17:34:00,F,20~29,office,seoul,0,0,0,0,12,0,0,70,0,0,completed
40199,U0203,2025-04-19 12:54:00,2025-04-19 13:00:00,M,20~29,office,seoul,1,0,0,0,12,0,0,56,0,0,completed
40200,U0204,2025-11-30 14:21:00,2025-11-30 14:26:00,F,50+,office,seoul,1,0,0,0,4,0,0,40,0,0,completed
40201,U0205,2025-03-04 19:40:00,2025-03-04 19:44:00,F,50+,office,seoul,0,0,0,0,14,0,0,32,0,0,completed
40202,U0206,2025-02-03 08:06:00,2025-02-03 08:12:00,F,40~49,office,seoul,0,0,0,0,21,0,0,71,0,0,completed
40203,U0207,2025-12-24 15:33:00,2025-12-24 15:38:00,F,50+,office,seoul,0,0,0,0,10,0,0,61,0,0,completed
40204,U0208,2025-12-05 12:52:00,2025-12-05 12:59:00,F,50+,office,seoul,0,0,0,0,26,0,0,38,0,0,completed
40205,U0209,2025-05-29 08:01:00,2025-05-29 08:05:00,M,30~39,office,seoul,0,0,0,0,9,0,0,66,0,0,completed
40206,U0210,2025-07-12 13:35:00,2025-07-12 13:37:00,F,20~29,office,seoul,1,0,0,0,18,0,0,65,0,0,completed
40207,U0211,2025-11-09 08:01:00,2025-11-09 08:05:00,M,20~29,office,seoul,1,0,0,0,13,0,0,60,0,0,completed
40208,U0212,2025-01-15 08:35:00,2025-01-15 08:42:00,F,30~39,office,seoul,0,0,0,0,26,0,0,75,0,0,completed
40209,U0213,2025-08-25 07:27:00,2025-08-25 07:29:00,M,40~49,office,seoul,0,0,0,0,23,0,0,45,0,0,completed
40210,U0214,2025-06-26 17:00:00,2025-06-26 17:04:00,M,40~49,office,seoul,0,0,0,0,11,0,0,61,0,0,completed
40211,U0215,2025-04-14 18:24:00,2025-04-14 18:31:00,F,40~49,office,seoul,0,0,0,0,3,0,0,38,0,0,completed
40212,U0216,2025-12-28 16:48:00,2025-12-28 16:51:00,F,50+,office,seoul,1,0,0,0,2,0,0,48,0,0,completed
40213,U0217,2025-01-07 12:42:00,2025-01-07 12:46:00,M,50+,office,seoul,0,0,0,0,6,0,0,77,1,0,completed
40214,U0218,2025-05-23 16:15:00,2025-05-23 16:18:00,F,30~39,office,seoul,0,0,0,0,18,0,0,39,0,0,abandoned
40215,U0219,2025-08-24 13:16:00,2025-08-24 13:22:00,F,30~39,office,seoul,1,0,0,0,24,0,0,36,0,0,completed
40216,U0220,2025-10-02 18:01:00,2025-10-02 18:07:00,M,50+,office,seoul,0,0,0,0,23,0,0,60,0,0,completed
40217,U0221,2025-02-05 12:05:00,2025-02-05 12:08:00,F,40~49,office,seoul,0,0,0,0,16,0,0,23,0,0,completed
40218,U0222,2025-10-20 18:48:00,2025-10-20 18:54:00,F,40~49,office,seoul,0,0,0,0,23,0,0,23,0,0,completed
40219,U0223,2025-08-10 15:22:00,2025-08-10 15:27:00,M,30~39,office,seoul,1,0,0,0,20,0,0,43,0,0,completed
40220,U0224,2025-11-15 08:28:00,2025-11-15 08:35:00,M,20~29,office,seoul,1,0,0,0,0,0,0,52,0,0,completed
40221,U0225,2025-06-20 09:44:00,2025-06-20 09:50:00,F,40~49,office,seoul,0,0,0,0,21,0,0,47,0,0,completed
40222,U0226,2025-04-10 18:20:00,2025-04-10 18:27:00,F,50+,office,seoul,0,0,0,0,20,0,0,44,0,0,completed
40223,U0227,2025-04-26 15:11:00,2025-04-26 15:18:00,M,50+,office,seoul,1,0,0,0,12,0,0,22,1,0,completed
40224,U0228,2025-03-27 08:12:00,2025-03-27 08:15:00,M,30~39,office,seoul,0,0,0,0,12,0,0,14,0,0,abandoned
40225,U0229,2025-09-19 15:12:00,2025-09-19 15:19:00,F,50+,office,seoul,0,0,0,0,20,0,0,65,0,0,completed
40226,U0230,2025-06-30 14:20:00,2025-06-30 14:24:00,F,30~39,office,seoul,0,0,0,0,20,0,0,37,0,0,completed
40227,U0231,2025-10-20 12:34:00,2025-10-20 12:39:00,F,40~49,office,seoul,0,0,0,0,27,0,0,69,0,0,completed
40228,U0232,2025-04-20 08:05:00,2025-04-20 08:12:00,M,20~29,office,seoul,1,0,0,0,20,0,0,71,0,0,completed
40229,U0233,2025-07-22 08:17:00,2025-07-22 08:22:00,F,30~39,office,seoul,0,0,0,0,5,0,0,66,0,0,completed
40230,U0234,2025-05-06 16:13:00,2025-05-06 16:16:00,F,50+,office,seoul,0,0,0,0,16,0,0,19,1,0,completed
40231,U0235,2025-02-17 12:51:00,2025-02-17 12:55:00,M,40~49,office,seoul,0,0,0,0,26,0,0,36,0,0,completed
40232,U0236,2025-04-10 12:33:00,2025-04-10 12:40:00,F,40~49,office,seoul,0,0,0,0,24,0,0,72,0,0,completed
40233,U0237,2025-04-16 11:23:00,2025-04-16 11:25:00,F,40~49,office,seoul,0,0,0,0,1,0,0,51,0,0,completed
40234,U0238,2025-10-03 16:11:00,2025-10-03 16:14:00,M,30~39,office,seoul,0,0,0,0,21,0,0,47,0,0,completed
40235,U0239,2025-02-04 14:55:00,2025-02-04 14:59:00,F,30~39,office,seoul,0,0,0,0,6,0,0,61,0,0,completed
40236,U0240,2025-04-17 19:59:00,2025-04-17 20:05:00,M,30~39,office,seoul,0,0,0,0,15,0,0,63,0,0,completed
40237,U0241,2025-06-25 11:38:00,2025-06-25 11:45:00,M,40~49,office,seoul,0,0,0,0,5,0,0,30,0,0,completed
40238,U0242,2025-02-28 15:03:00,2025-02-28 15:08:00,F,40~49,office,seoul,0,0,0,0,14,0,0,29,0,1,completed
40239,U0243,2025-07-26 12:54:00,2025-07-26 12:57:00,M,30~39,office,seoul,1,0,0,0,8,0,0,32,0,0,abandoned
40240,U0244,2025-11-20 13:45:00,2025-11-20 13:49:00,F,40~49,office,seoul,0,0,0,0,10,0,0,41,0,0,abandoned
40241,U0245,2025-09-06 14:16:00,2025-09-06 14:18:00,M,30~39,office,seoul,1,0,0,0,27,0,0,68,0,0,completed
40242,U0246,2025-04-12 16:16:00,2025-04-12 16:21:00,F,30~39,office,seoul,1,0,0,0,5,0,0,56,0,0,completed
40243,U0247,2025-12-22 14:52:00,2025-12-22 14:54:00,F,20~29,office,seoul,0,0,0,0,19,0,0,18,0,0,completed
40244,U0248,2025-04-02 12:04:00,2025-04-02 12:11:00,F,20~29,office,seoul,0,0,0,0,23,0,0,15,1,0,completed
40245,U0249,2025-11-28 07:40:00,2025-11-28 07:42:00,F,20~29,office,seoul,0,0,0,0,6,0,0,31,0,0,completed
40246,U0250,2025-05-01 08:12:00,2025-05-01 08:14:00,M,40~49,office,seoul,0,0,0,0,17,0,0,33,0,0,completed
40247,U0251,2025-08-02 15:16:00,2025-08-02 15:21:00,M,20~29,office,seoul,1,0,0,0,18,0,0,22,0,0,completed
40248,U0252,2025-05-02 13:51:00,2025-05-02 13:55:00,F,40~49,office,seoul,0,0,0,0,6,0,0,36,0,0,completed
40249,U0253,2025-02-22 19:03:00,2025-02-22 19:10:00,F,30~39,office,seoul,1,0,0,0,19,0,0,35,0,0,completed
40250,U0254,2025-11-26 20:53:00,2025-11-26 20:55:00,F,30~39,office,seoul,0,0,0,0,25,0,0,75,0,0,completed
40251,U0255,2025-11-18 17:26:00,2025-11-18 17:29:00,M,20~29,office,seoul,0,0,0,0,27,0,0,78,0,0,completed
40252,U0256,2025-10-03 15:37:00,2025-10-03 15:42:00,F,20~29,office,seoul,0,0,0,0,13,0,0,60,0,0,completed
40253,U0257,2025-05-17 20:10:00,2025-05-17 20:15:00,M,40~49,office,seoul,1,0,0,0,9,0,0,75,0,0,completed
40254,U0258,2025-03-28 12:27:00,2025-03-28 12:34:00,M,40~49,office,seoul,0,0,0,0,23,0,0,41,0,0,completed
40255,U0259,2025-03-24 18:49:00,2025-03-24 18:51:00,M,20~29,office,seoul,0,0,0,0,6,0,0,36,0,0,completed
40256,U0260,2025-10-23 16:06:00,2025-10-23 16:11:00,F,30~39,office,seoul,0,0,0,0,15,0,0,36,0,0,completed
40257,U0261,2025-08-22 09:41:00,2025-08-22 09:43:00,M,50+,office,seoul,0,0,0,0,3,0,0,23,0,0,completed
40258,U0262,2025-07-06 08:03:00,2025-07-06 08:10:00,M,30~39,office,seoul,1,0,0,0,2,0,0,74,0,0,completed
40259,U0263,2025-05-30 07:59:00,2025-05-30 08:01:00,F,40~49,office,seoul,0,0,0,0,13,0,0,11,0,0,abandoned
40260,U0264,2025-11-18 14:08:00,2025-11-18 14:11:00,M,50+,office,seoul,0,0,0,0,23,0,0,53,0,0,completed
40261,U0265,2025-12-03 16:59:00,2025-12-03 17:04:00,M,20~29,office,seoul,0,0,0,0,0,0,0,79,0,0,completed
40262,U0266,2025-03-09 16:32:00,2025-03-09 16:39:00,M,20~29,office,seoul,1,0,0,0,4,0,0,20,0,0,completed
40263,U0267,2025-04-04 08:09:00,2025-04-04 08:12:00,F,20~29,office,seoul,0,0,0,0,12,0,0,18,0,0,completed
40264,U0268,2025-05-23 09:53:00,2025-05-23 09:56:00,M,20~29,office,seoul,0,0,0,0,21,0,0,64,0,0,completed
40265,U0269,2025-05-19 18:02:00,2025-05-19 18:06:00,M,20~29,office,seoul,0,0,0,0,6,0,0,20,0,0,completed
40266,U0270,2025-04-04 13:35:00,2025-04-04 13:39:00,F,30~39,office,seoul,0,0,0,0,15,0,0,20,1,0,completed
40267,U0271,2025-02-04 15:55:00,2025-02-04 16:00:00,F,30~39,office,seoul,0,0,0,0,1,0,0,78,0,0,completed
40268,U0272,2025-06-01 17:08:00,2025-06-01 17:14:00,F,30~39,office,seoul,1,0,0,0,28,0,0,11,1,0,completed
40269,U0273,2025-12-07 21:50:00,2025-12-07 21:53:00,M,20~29,office,seoul,1,0,0,0,25,0,0,38,0,0,completed
40270,U0274,2025-01-30 09:41:00,2025-01-30 09:46:00,M,20~29,office,seoul,0,0,0,0,28,0,0,58,0,0,completed
40271,U0275,2025-09-26 21:28:00,2025-09-26 21:31:00,F,30~39,office,seoul,0,0,0,0,23,0,0,53,0,0,completed
40272,U0276,2025-06-03 17:07:00,2025-06-03 17:10:00,M,20~29,office,seoul,0,0,0,0,27,0,0,28,0,0,completed
40273,U0277,2025-02-05 16:53:00,2025-02-05 16:56:00,F,30~39,office,seoul,0,0,0,0,6,0,0,49,0,0,completed
40274,U0278,2025-06-14 18:27:00,2025-06-14 18:33:00,F,20~29,office,seoul,1,0,0,0,18,0,0,62,0,0,completed
40275,U0279,2025-08-11 14:51:00,2025-08-11 14:57:00,F,30~39,office,seoul,0,0,0,0,18,0,0,23,0,0,completed
40276,U0280,2025-08-09 14:04:00,2025-08-09 14:09:00,M,50+,office,seoul,1,0,0,0,1,0,0,15,1,0,completed
40277,U0281,2025-11-30 15:39:00,2025-11-30 15:42:00,F,40~49,office,seoul,1,0,0,0,22,0,0,21,0,0,completed
40278,U0282,2025-07-12 08:12:00,2025-07-12 08:16:00,F,40~49,office,seoul,1,0,0,0,13,0,0,14,0,0,abandoned
40279,U0283,2025-06-15 09:20:00,2025-06-15 09:24:00,F,30~39,office,seoul,1,0,0,0,1,0,0,32,0,0,completed
40280,U0284,2025-10-13 15:59:00,2025-10-13 16:03:00,F,40~49,office,seoul,0,0,0,0,18,0,0,59,0,0,completed
40281,U0285,2025-12-09 11:50:00,2025-12-09 11:55:00,M,30~39,office,seoul,0,0,0,0,23,0,0,29,0,0,completed
40282,U0286,2025-07-23 12:28:00,2025-07-23 12:32:00,F,30~39,office,seoul,0,0,0,0,27,0,0,54,0,0,completed
40283,U0287,2025-04-24 14:50:00,2025-04-24 14:57:00,F,30~39,office,seoul,0,0,0,0,17,0,0,15,0,0,completed
40284,U0288,2025-11-09 08:29:00,2025-11-09 08:35:00,F,30~39,office,seoul,1,0,0,0,17,0,0,26,0,0,completed
40285,U0289,2025-02-04 09:15:00,2025-02-04 09:21:00,F,50+,office,seoul,0,0,0,0,27,0,0,75,0,0,completed
40286,U0290,2025-11-12 19:25:00,2025-11-12 19:30:00,M,30~39,office,seoul,0,0,0,0,25,0,0,44,0,0,completed
40287,U0291,2025-01-11 09:01:00,2025-01-11 09:08:00,M,50+,office,seoul,1,0,0,0,13,0,0,16,0,0,abandoned
40288,U0292,2025-02-17 19:30:00,2025-02-17 19:35:00,F,50+,office,seoul,0,0,0,0,3,0,0,62,1,0,completed
40289,U0293,2025-12-30 08:58:00,2025-12-30 09:04:00,F,40~49,office,seoul,0,0,0,0,13,0,0,21,0,0,completed
40290,U0294,2025-06-03 19:42:00,2025-06-03 19:49:00,F,40~49,office,seoul,0,0,0,0,19,0,0,79,0,0,completed
40291,U0295,2025-01-19 20:34:00,2025-01-19 20:40:00,M,30~39,office,seoul,1,0,0,0,19,0,0,50,0,0,completed
40292,U0296,2025-03-13 12:21:00,2025-03-13 12:28:00,F,20~29,office,seoul,0,0,0,0,28,0,0,34,0,0,completed
40293,U0297,2025-11-08 09:24:00,2025-11-08 09:29:00,F,40~49,office,seoul,1,0,0,0,28,0,0,78,0,0,completed
40294,U0298,2025-07-15 11:18:00,2025-07-15 11:22:00,M,30~39,office,seoul,0,0,0,0,16,0,0,42,0,0,completed
40295,U0299,2025-09-19 14:14:00,2025-09-19 14:17:00,F,20~29,office,seoul,0,0,0,0,8,0,0,28,0,0,completed
40296,U0300,2025-06-26 20:27:00,2025-06-26 20:32:00,M,20~29,office,seoul,0,0,0,0,14,0,0,10,0,0,completed
40297,U0301,2025-04-15 13:41:00,2025-04-15 13:43:00,F,40~49,office,seoul,0,0,0,0,24,0,0,61,0,0,completed
40298,U0302,2025-11-27 19:52:00,2025-11-27 19:56:00,M,20~29,office,seoul,0,0,0,0,22,0,0,15,0,0,completed
40299,U0303,2025-02-04 12:49:00,2025-02-04 12:56:00,F,30~39,office,seoul,0,0,0,0,25,0,0,25,0,0,completed
40300,U0304,2025-06-26 07:25:00,2025-06-26 07:31:00,M,50+,office,seoul,0,0,0,0,21,0,0,77,0,0,abandoned
40301,U0305,2025-06-27 07:16:00,2025-06-27 07:20:00,M,20~29,office,seoul,0,0,0,0,28,0,0,13,0,0,completed
40302,U0306,2025-03-13 17:34:00,2025-03-13 17:38:00,F,20~29,office,seoul,0,0,0,0,28,0,0,64,0,0,abandoned
40303,U0307,2025-10-28 12:30:00,2025-10-28 12:37:00,F,40~49,office,seoul,0,0,0,0,12,0,0,49,0,0,abandoned
40304,U0308,2025-01-22 20:31:00,2025-01-22 20:33:00,F,20~29,office,seoul,0,0,0,0,6,0,0,60,0,0,completed
40305,U0309,2025-07-01 21:55:00,2025-07-01 22:02:00,F,40~49,office,seoul,0,0,0,0,25,0,0,41,0,0,completed
40306,U0310,2025-09-10 11:15:00,2025-09-10 11:17:00,M,20~29,office,seoul,0,0,0,0,3,0,0,42,0,0,completed
40307,U0311,2025-12-31 16:58:00,2025-12-31 17:00:00,M,50+,office,seoul,0,0,0,0,0,0,0,43,1,0,completed
40308,U0312,2025-10-03 19:23:00,2025-10-03 19:29:00,F,30~39,office,seoul,0,0,0,0,25,0,0,11,0,0,completed
40309,U0313,2025-10-01 17:12:00,2025-10-01 17:15:00,M,20~29,office,seoul,0,0,0,0,4,0,0,26,0,0,completed
40310,U0314,2025-10-07 13:06:00,2025-10-07 13:12:00,F,40~49,office,seoul,0,0,0,0,13,0,0,51,0,0,completed
40311,U0315,2025-10-26 13:58:00,2025-10-26 14:01:00,F,30~39,office,seoul,1,0,0,0,26,0,0,47,0,0,completed
40312,U0316,2025-07-24 14:36:00,2025-07-24 14:43:00,F,20~29,office,seoul,0,0,0,0,15,0,0,67,0,0,abandoned
40313,U0317,2025-05-17 14:11:00,2025-05-17 14:13:00,M,20~29,office,seoul,1,0,0,0,1,0,0,46,0,0,completed
40314,U0318,2025-07-16 09:49:00,2025-07-16 09:52:00,F,20~29,office,seoul,0,0,0,0,5,0,0,71,0,0,completed
40315,U0319,2025-03-15 11:24:00,2025-03-15 11:29:00,F,30~39,office,seoul,1,0,0,0,21,0,0,54,0,0,completed
40316,U0320,2025-07-02 16:13:00,2025-07-02 16:16:00,F,30~39,office,seoul,0,0,0,0,21,0,0,55,0,0,completed
40317,U0321,2025-04-27 09:25:00,2025-04-27 09:29:00,F,30~39,office,seoul,1,0,0,0,28,0,0,45,0,0,completed
40318,U0322,2025-04-22 16:48:00,2025-04-22 16:52:00,F,20~29,office,seoul,0,0,0,0,15,0,0,50,0,0,abandoned
40319,U0323,2025-05-29 18:14:00,2025-05-29 18:16:00,F,50+,office,seoul,0,0,0,0,17,0,0,20,1,0,completed
40320,U0324,2025-09-22 16:12:00,2025-09-22 16:18:00,M,50+,office,seoul,0,0,0,0,17,0,0,41,0,0,abandoned
40321,U0325,2025-11-28 14:49:00,2025-11-28 14:56:00,F,20~29,office,seoul,0,0,0,0,3,0,0,32,0,0,completed
40322,U0326,2025-07-06 19:19:00,2025-07-06 19:26:00,F,20~29,office,seoul,1,0,0,0,4,0,0,42,0,0,completed
40323,U0327,2025-06-12 14:01:00,2025-06-12 14:04:00,M,30~39,office,seoul,0,0,0,0,2,0,0,45,0,0,completed
40324,U0328,2025-09-24 17:21:00,2025-09-24 17:28:00,F,20~29,office,seoul,0,0,0,0,9,0,0,76,0,0,completed
40325,U0329,2025-05-27 16:25:00,2025-05-27 16:30:00,F,40~49,office,seoul,0,0,0,0,24,0,0,51,0,0,completed
40326,U0330,2025-04-15 16:13:00,2025-04-15 16:17:00,F,30~39,office,seoul,0,0,0,0,12,0,0,73,0,0,completed
40327,U0331,2025-12-10 15:43:00,2025-12-10 15:47:00,F,50+,office,seoul,0,0,0,0,9,0,0,27,1,0,completed
40328,U0332,2025-06-08 17:09:00,2025-06-08 17:13:00,M,50+,office,seoul,1,0,0,0,28,0,0,26,0,0,completed
40329,U0333,2025-10-28 14:20:00,2025-10-28 14:25:00,F,20~29,office,seoul,0,0,0,0,3,0,0,29,0,0,abandoned
40330,U0334,2025-02-18 12:08:00,2025-02-18 12:12:00,M,40~49,office,seoul,0,0,0,0,18,0,0,17,0,0,completed
40331,U0335,2025-10-31 17:22:00,2025-10-31 17:25:00,F,30~39,office,seoul,0,0,0,0,9,0,0,39,0,0,completed
40332,U0336,2025-10-21 11:23:00,2025-10-21 11:26:00,F,20~29,office,seoul,0,0,0,0,17,0,0,63,0,0,completed
40333,U0337,2025-03-01 16:03:00,2025-03-01 16:07:00,M,50+,office,seoul,1,0,0,0,4,0,0,27,0,0,completed
40334,U0338,2025-01-16 11:27:00,2025-01-16 11:33:00,F,40~49,office,seoul,0,0,0,0,9,0,0,77,0,0,completed
40335,U0339,2025-09-06 12:09:00,2025-09-06 12:14:00,F,50+,office,seoul,1,0,0,0,23,0,0,29,1,0,completed
40336,U0340,2025-09-25 15:48:00,2025-09-25 15:55:00,M,30~39,office,seoul,0,0,0,0,15,0,0,59,0,0,completed
40337,U0341,2025-10-01 17:52:00,2025-10-01 17:57:00,M,50+,office,seoul,0,0,0,0,10,0,0,74,0,0,completed
40338,U0342,2025-07-18 16:48:00,2025-07-18 16:52:00,M,40~49,office,seoul,0,0,0,0,27,0,0,66,0,0,completed
40339,U0343,2025-07-20 16:26:00,2025-07-20 16:33:00,M,30~39,office,seoul,1,0,0,0,7,0,0,18,0,0,completed
40340,U0344,2025-11-01 08:41:00,2025-11-01 08:47:00,M,50+,office,seoul,1,0,0,0,28,0,0,69,0,1,completed
40341,U0345,2025-12-12 08:19:00,2025-12-12 08:21:00,F,20~29,office,seoul,0,0,0,0,22,0,0,79,0,0,completed
40342,U0346,2025-06-17 18:12:00,2025-06-17 18:17:00,F,30~39,office,seoul,0,0,0,0,5,0,0,40,0,0,completed
40343,U0347,2025-11-08 17:43:00,2025-11-08 17:47:00,F,40~49,office,seoul,1,0,0,0,4,0,0,22,0,0,completed
40344,U0348,2025-10-12 12:10:00,2025-10-12 12:12:00,F,30~39,office,seoul,1,0,0,0,17,0,0,17,0,0,completed
40345,U0349,2025-01-03 09:09:00,2025-01-03 09:16:00,F,20~29,office,seoul,0,0,0,0,29,0,0,32,0,0,completed
40346,U0350,2025-04-18 09:54:00,2025-04-18 09:57:00,M,20~29,office,seoul,0,0,0,0,10,0,0,31,0,0,completed
40347,U0351,2025-05-14 19:32:00,2025-05-14 19:36:00,F,40~49,office,seoul,0,0,0,0,16,0,0,47,0,0,completed
40348,U0352,2025-04-12 16:18:00,2025-04-12 16:25:00,F,30~39,office,seoul,1,0,0,0,3,0,0,38,0,0,completed
40349,U0353,2025-03-03 17:43:00,2025-03-03 17:49:00,F,50+,office,seoul,0,0,0,0,6,0,0,48,0,0,completed
40350,U0354,2025-12-04 13:58:00,2025-12-04 14:00:00,M,40~49,office,seoul,0,0,0,0,10,0,0,35,0,0,error
40351,U0355,2025-10-03 21:57:00,2025-10-03 22:00:00,F,30~39,office,seoul,0,0,0,0,27,0,0,31,0,0,abandoned
40352,U0356,2025-11-05 11:47:00,2025-11-05 11:51:00,F,40~49,office,seoul,0,0,0,0,21,0,0,46,0,0,completed
40353,U0357,2025-01-22 13:31:00,2025-01-22 13:35:00,M,50+,office,seoul,0,0,0,0,19,0,0,47,0,0,error
40354,U0358,2025-10-24 21:07:00,2025-10-24 21:14:00,F,30~39,office,seoul,0,0,0,0,4,0,0,15,0,0,abandoned
40355,U0359,2025-04-21 14:10:00,2025-04-21 14:17:00,M,50+,office,seoul,0,0,0,0,5,0,0,30,0,0,completed
40356,U0360,2025-05-20 17:27:00,2025-05-20 17:30:00,M,30~39,office,seoul,0,0,0,0,8,0,0,39,0,0,completed
40357,U0361,2025-06-03 08:25:00,2025-06-03 08:30:00,F,20~29,office,seoul,0,0,0,0,8,0,0,31,0,0,abandoned
40358,U0362,2025-10-16 17:53:00,2025-10-16 17:55:00,M,40~49,office,seoul,0,0,0,0,4,0,0,35,0,0,completed
40359,U0363,2025-12-14 15:58:00,2025-12-14 16:04:00,M,20~29,office,seoul,1,0,0,0,22,0,0,43,0,0,completed
40360,U0364,2025-10-01 16:13:00,2025-10-01 16:20:00,F,50+,office,seoul,0,0,0,0,0,0,0,79,0,0,completed
40361,U0365,2025-02-14 09:26:00,2025-02-14 09:29:00,M,20~29,office,seoul,0,0,0,0,29,0,0,65,0,0,completed
40362,U0366,2025-10-09 12:53:00,2025-10-09 12:58:00,M,30~39,office,seoul,0,0,0,0,1,0,0,78,0,0,completed
40363,U0367,2025-07-24 13:02:00,2025-07-24 13:06:00,F,20~29,office,seoul,0,0,0,0,25,0,0,41,0,0,completed
40364,U0368,2025-01-15 12:31:00,2025-01-15 12:33:00,F,20~29,office,seoul,0,0,0,0,10,0,0,19,0,0,completed
40365,U0369,2025-06-14 09:29:00,2025-06-14 09:35:00,F,20~29,office,seoul,1,0,0,0,0,0,0,75,0,0,completed
40366,U0370,2025-09-06 17:28:00,2025-09-06 17:34:00,F,50+,office,seoul,1,0,0,0,18,0,0,45,0,0,completed
40367,U0371,2025-07-25 07:49:00,2025-07-25 07:55:00,F,30~39,office,seoul,0,0,0,0,26,0,0,31,0,0,completed
40368,U0372,2025-12-02 11:20:00,2025-12-02 11:23:00,F,20~29,office,seoul,0,0,0,0,24,0,0,66,0,0,completed
40369,U0373,2025-08-02 09:37:00,2025-08-02 09:40:00,F,20~29,office,seoul,1,0,0,0,13,0,0,58,0,0,completed
40370,U0374,2025-07-18 16:31:00,2025-07-18 16:37:00,F,30~39,office,seoul,0,0,0,0,3,0,0,13,1,0,completed
40371,U0375,2025-07-18 16:25:00,2025-07-18 16:29:00,M,30~39,office,seoul,0,0,0,0,17,0,0,15,0,0,completed
40372,U0376,2025-02-19 13:43:00,2025-02-19 13:45:00,F,50+,office,seoul,0,0,0,0,7,0,0,62,0,0,completed
40373,U0377,2025-12-18 15:35:00,2025-12-18 15:42:00,M,40~49,office,seoul,0,0,0,0,24,0,0,32,0,0,completed
40374,U0378,2025-07-17 15:32:00,2025-07-17 15:37:00,F,30~39,office,seoul,0,0,0,0,3,0,0,72,0,0,completed
40375,U0379,2025-12-21 12:30:00,2025-12-21 12:37:00,F,50+,office,seoul,1,0,0,0,3,0,0,20,0,1,completed
40376,U0380,2025-07-03 11:10:00,2025-07-03 11:16:00,F,50+,office,seoul,0,0,0,0,19,0,0,29,0,1,completed
40377,U0381,2025-11-27 07:54:00,2025-11-27 08:00:00,M,50+,office,seoul,0,0,0,0,11,0,0,18,0,0,completed
40378,U0382,2025-12-18 09:32:00,2025-12-18 09:38:00,F,30~39,office,seoul,0,0,0,0,9,0,0,60,0,0,completed
40379,U0383,2025-11-23 08:22:00,2025-11-23 08:28:00,F,30~39,office,seoul,1,0,0,0,0,0,0,49,0,0,completed
40380,U0384,2025-05-05 08:01:00,2025-05-05 08:08:00,F,50+,office,seoul,0,0,0,0,10,0,0,13,0,1,completed
40381,U0385,2025-02-19 13:28:00,2025-02-19 13:34:00,M,50+,office,seoul,0,0,0,0,7,0,0,25,0,1,completed
40382,U0386,2025-12-31 09:37:00,2025-12-31 09:41:00,M,20~29,office,seoul,0,0,0,0,26,0,0,64,0,0,completed
40383,U0387,2025-05-15 08:29:00,2025-05-15 08:36:00,F,20~29,office,seoul,0,0,0,0,24,0,0,73,0,0,completed
40384,U0388,2025-08-12 22:38:00,2025-08-12 22:44:00,F,20~29,office,seoul,0,0,0,0,15,0,0,48,0,0,completed
40385,U0389,2025-09-22 20:06:00,2025-09-22 20:09:00,F,20~29,office,seoul,0,0,0,0,0,0,0,12,0,0,completed
40386,U0390,2025-03-12 12:51:00,2025-03-12 12:58:00,M,30~39,office,seoul,0,0,0,0,11,0,0,79,0,0,completed
40387,U0391,2025-06-09 16:09:00,2025-06-09 16:14:00,M,40~49,office,seoul,0,0,0,0,21,0,0,54,0,0,completed
40388,U0392,2025-08-17 15:12:00,2025-08-17 15:14:00,F,30~39,office,seoul,1,0,0,0,26,0,0,13,0,0,completed
40389,U0393,2025-06-25 22:57:00,2025-06-25 23:00:00,F,30~39,office,seoul,0,0,0,0,17,0,0,10,0,0,completed
40390,U0394,2025-08-30 15:13:00,2025-08-30 15:20:00,M,30~39,office,seoul,1,0,0,0,4,0,0,45,0,0,completed
40391,U0395,2025-05-20 19:06:00,2025-05-20 19:10:00,F,40~49,office,seoul,0,0,0,0,1,0,0,21,0,0,completed
40392,U0396,2025-08-31 20:10:00,2025-08-31 20:17:00,M,20~29,office,seoul,1,0,0,0,29,0,0,58,0,0,completed
40393,U0397,2025-07-25 08:39:00,2025-07-25 08:44:00,F,30~39,office,seoul,0,0,0,0,9,0,0,54,0,0,timeout
40394,U0398,2025-10-01 09:55:00,2025-10-01 10:01:00,F,20~29,office,seoul,0,0,0,0,13,0,0,76,1,0,completed
40395,U0399,2025-11-06 18:11:00,2025-11-06 18:15:00,F,20~29,office,seoul,0,0,0,0,14,0,0,12,0,0,completed
40396,U0400,2025-01-28 15:25:00,2025-01-28 15:27:00,M,20~29,office,seoul,0,0,0,0,22,0,0,14,0,0,completed
40397,U0401,2025-02-24 14:59:00,2025-02-24 15:06:00,F,30~39,office,seoul,0,0,0,0,10,0,0,25,0,0,completed
40398,U0402,2025-03-14 12:03:00,2025-03-14 12:10:00,M,20~29,office,seoul,0,0,0,0,22,0,0,41,0,0,completed
40399,U0403,2025-11-19 17:36:00,2025-11-19 17:38:00,F,50+,office,seoul,0,0,0,0,4,0,0,41,0,0,abandoned
40400,U0404,2025-09-08 15:48:00,2025-09-08 15:51:00,M,50+,office,seoul,0,0,0,0,13,0,0,59,0,0,completed
40401,U0405,2025-04-14 11:16:00,2025-04-14 11:19:00,F,20~29,office,seoul,0,0,0,0,11,0,0,68,0,0,completed
40402,U0406,2025-02-17 07:38:00,2025-02-17 07:45:00,M,30~39,office,seoul,0,0,0,0,3,0,0,34,1,0,completed
40403,U0407,2025-07-21 13:23:00,2025-07-21 13:30:00,M,50+,office,seoul,0,0,0,0,0,0,0,33,1,0,completed
40404,U0408,2025-02-18 07:38:00,2025-02-18 07:45:00,M,20~29,office,seoul,0,0,0,0,25,0,0,76,1,0,completed
40405,U0409,2025-08-13 17:30:00,2025-08-13 17:32:00,F,40~49,office,seoul,0,0,0,0,4,0,0,52,0,0,abandoned
40406,U0410,2025-11-01 16:16:00,2025-11-01 16:21:00,M,30~39,office,seoul,1,0,0,0,4,0,0,35,0,0,completed
40407,U0411,2025-09-21 17:40:00,2025-09-21 17:42:00,F,30~39,office,seoul,1,0,0,0,13,0,0,38,0,0,completed
40408,U0412,2025-05-13 08:40:00,2025-05-13 08:44:00,F,40~49,office,seoul,0,0,0,0,10,0,0,49,0,0,completed
40409,U0413,2025-07-17 15:43:00,2025-07-17 15:47:00,M,20~29,office,seoul,0,0,0,0,10,0,0,55,0,0,completed
40410,U0414,2025-12-14 19:56:00,2025-12-14 20:01:00,F,20~29,office,seoul,1,0,0,0,5,0,0,40,0,0,completed
40411,U0415,2025-06-13 08:08:00,2025-06-13 08:15:00,M,30~39,office,seoul,0,0,0,0,11,0,0,13,0,0,completed
40412,U0416,2025-04-02 07:23:00,2025-04-02 07:29:00,F,30~39,office,seoul,0,0,0,0,29,0,0,78,0,0,completed
40413,U0417,2025-06-11 08:13:00,2025-06-11 08:16:00,F,50+,office,seoul,0,0,0,0,8,0,0,22,0,0,completed
40414,U0418,2025-09-07 17:50:00,2025-09-07 17:52:00,M,20~29,office,seoul,1,0,0,0,21,0,0,57,0,0,abandoned
40415,U0419,2025-05-08 08:02:00,2025-05-08 08:07:00,F,20~29,office,seoul,0,0,0,0,23,0,0,66,0,0,completed
40416,U0420,2025-02-01 14:25:00,2025-02-01 14:31:00,F,20~29,office,seoul,1,0,0,0,12,0,0,26,0,0,completed
40417,U0421,2025-07-18 16:12:00,2025-07-18 16:18:00,F,20~29,office,seoul,0,0,0,0,24,0,0,63,0,0,completed
40418,U0422,2025-12-03 17:21:00,2025-12-03 17:26:00,F,20~29,office,seoul,0,0,0,0,4,0,0,19,0,0,completed
40419,U0423,2025-06-08 16:05:00,2025-06-08 16:07:00,M,30~39,office,seoul,1,0,0,0,10,0,0,49,0,0,completed
40420,U0424,2025-03-30 17:51:00,2025-03-30 17:53:00,F,50+,office,seoul,1,0,0,0,9,0,0,41,1,0,completed
40421,U0425,2025-05-10 12:14:00,2025-05-10 12:16:00,M,50+,office,seoul,1,0,0,0,28,0,0,46,0,0,completed
40422,U0426,2025-05-19 16:30:00,2025-05-19 16:37:00,F,20~29,office,seoul,0,0,0,0,22,0,0,48,0,0,completed
40423,U0427,2025-02-24 19:02:00,2025-02-24 19:07:00,F,20~29,office,seoul,0,0,0,0,13,0,0,46,0,0,abandoned
40424,U0428,2025-02-17 16:13:00,2025-02-17 16:19:00,M,30~39,office,seoul,0,0,0,0,9,0,0,22,0,0,completed
40425,U0429,2025-09-21 19:57:00,2025-09-21 19:59:00,M,30~39,office,seoul,1,0,0,0,26,0,0,52,0,0,completed
40426,U0430,2025-10-27 18:39:00,2025-10-27 18:46:00,M,30~39,office,seoul,0,0,0,0,16,0,0,65,0,0,completed
40427,U0431,2025-04-12 11:48:00,2025-04-12 11:55:00,M,20~29,office,seoul,1,0,0,0,4,0,0,64,0,0,completed
40428,U0432,2025-02-03 08:52:00,2025-02-03 08:58:00,F,20~29,office,seoul,0,0,0,0,20,0,0,69,0,0,abandoned
40429,U0433,2025-03-30 16:42:00,2025-03-30 16:49:00,F,30~39,office,seoul,1,0,0,0,12,0,0,78,0,0,abandoned
40430,U0434,2025-03-23 11:49:00,2025-03-23 11:52:00,F,20~29,office,seoul,1,0,0,0,24,0,0,24,0,0,completed
40431,U0435,2025-03-03 11:21:00,2025-03-03 11:23:00,M,20~29,office,seoul,0,0,0,0,8,0,0,53,0,0,completed
40432,U0436,2025-04-22 16:05:00,2025-04-22 16:08:00,F,50+,office,seoul,0,0,0,0,23,0,0,62,0,0,completed
40433,U0437,2025-05-07 14:32:00,2025-05-07 14:35:00,F,40~49,office,seoul,0,0,0,0,9,0,0,27,0,0,completed
40434,U0438,2025-08-12 13:52:00,2025-08-12 13:55:00,F,20~29,office,seoul,0,0,0,0,23,0,0,67,0,0,completed
40435,U0439,2025-12-01 12:52:00,2025-12-01 12:55:00,M,30~39,office,seoul,0,0,0,0,12,0,0,52,0,0,completed
40436,U0440,2025-06-27 12:42:00,2025-06-27 12:47:00,F,40~49,office,seoul,0,0,0,0,15,0,0,66,1,0,completed
40437,U0441,2025-07-25 12:00:00,2025-07-25 12:02:00,F,30~39,office,seoul,0,0,0,0,2,0,0,70,0,0,completed
40438,U0442,2025-10-12 09:52:00,2025-10-12 09:55:00,M,40~49,office,seoul,1,0,0,0,6,0,0,46,0,0,completed
40439,U0443,2025-02-01 20:02:00,2025-02-01 20:06:00,M,30~39,office,seoul,1,0,0,0,5,0,0,53,0,0,completed
40440,U0444,2025-11-11 12:37:00,2025-11-11 12:43:00,F,40~49,office,seoul,0,0,0,0,24,0,0,22,0,0,completed
40441,U0445,2025-07-02 09:58:00,2025-07-02 10:00:00,M,20~29,office,seoul,0,0,0,0,25,0,0,74,0,0,completed
40442,U0446,2025-11-21 15:08:00,2025-11-21 15:14:00,F,40~49,office,seoul,0,0,0,0,1,0,0,78,0,0,completed
40443,U0447,2025-03-06 09:06:00,2025-03-06 09:10:00,F,30~39,office,seoul,0,0,0,0,10,0,0,18,0,0,completed
40444,U0448,2025-12-31 14:01:00,2025-12-31 14:06:00,F,40~49,office,seoul,0,0,0,0,28,0,0,14,0,0,completed
40445,U0449,2025-06-04 15:12:00,2025-06-04 15:19:00,M,40~49,office,seoul,0,0,0,0,6,0,0,14,0,0,completed
40446,U0450,2025-08-27 07:10:00,2025-08-27 07:17:00,M,30~39,office,seoul,0,0,0,0,1,0,0,16,0,0,abandoned
40447,U0451,2025-07-19 08:45:00,2025-07-19 08:49:00,F,20~29,office,seoul,1,0,0,0,2,0,0,53,0,0,completed
40448,U0452,2025-05-30 16:33:00,2025-05-30 16:35:00,F,30~39,office,seoul,0,0,0,0,7,0,0,39,0,0,completed
40449,U0453,2025-04-07 12:18:00,2025-04-07 12:25:00,F,30~39,office,seoul,0,0,0,0,18,0,0,65,0,0,abandoned
40450,U0454,2025-07-22 19:11:00,2025-07-22 19:16:00,M,30~39,office,seoul,0,0,0,0,21,0,0,61,0,0,completed
40451,U0455,2025-10-16 07:23:00,2025-10-16 07:27:00,M,40~49,office,seoul,0,0,0,0,0,0,0,48,0,0,completed
40452,U0456,2025-12-05 11:02:00,2025-12-05 11:08:00,F,40~49,office,seoul,0,0,0,0,8,0,0,13,1,0,completed
40453,U0457,2025-11-22 15:05:00,2025-11-22 15:10:00,M,30~39,office,seoul,1,0,0,0,26,0,0,25,0,0,completed
40454,U0458,2025-11-01 12:17:00,2025-11-01 12:24:00,F,40~49,office,seoul,1,0,0,0,15,0,0,57,0,0,completed
40455,U0459,2025-10-08 15:55:00,2025-10-08 15:58:00,F,50+,office,seoul,0,0,0,0,20,0,0,39,0,0,completed
40456,U0460,2025-04-23 18:03:00,2025-04-23 18:05:00,F,20~29,office,seoul,0,0,0,0,29,0,0,15,0,0,completed
40457,U0461,2025-11-06 09:04:00,2025-11-06 09:08:00,M,20~29,office,seoul,0,0,0,0,29,0,0,28,0,0,completed
40458,U0462,2025-07-27 12:40:00,2025-07-27 12:46:00,F,20~29,office,seoul,1,0,0,0,27,0,0,50,0,0,completed
40459,U0463,2025-09-28 14:34:00,2025-09-28 14:37:00,M,40~49,office,seoul,1,0,0,0,11,0,0,22,0,0,completed
40460,U0464,2025-02-07 18:30:00,2025-02-07 18:36:00,F,20~29,office,seoul,0,0,0,0,20,0,0,77,0,0,abandoned
40461,U0465,2025-09-23 08:39:00,2025-09-23 08:44:00,F,20~29,office,seoul,0,0,0,0,5,0,0,33,0,0,timeout
40462,U0466,2025-05-16 09:14:00,2025-05-16 09:21:00,M,50+,office,seoul,0,0,0,0,20,0,0,12,0,0,completed
40463,U0467,2025-12-08 15:41:00,2025-12-08 15:46:00,F,20~29,office,seoul,0,0,0,0,0,0,0,39,0,0,completed
40464,U0468,2025-02-27 15:22:00,2025-02-27 15:26:00,M,40~49,office,seoul,0,0,0,0,27,0,0,45,0,0,completed
40465,U0469,2025-11-26 13:46:00,2025-11-26 13:53:00,M,30~39,office,seoul,0,0,0,0,4,0,0,44,0,0,completed
40466,U0470,2025-07-06 19:08:00,2025-07-06 19:12:00,F,30~39,office,seoul,1,0,0,0,22,0,0,60,0,0,completed
40467,U0471,2025-07-24 12:10:00,2025-07-24 12:13:00,M,40~49,office,seoul,0,0,0,0,17,0,0,67,0,0,completed
40468,U0472,2025-05-07 15:55:00,2025-05-07 15:58:00,F,30~39,office,seoul,0,0,0,0,21,0,0,25,0,0,completed
40469,U0473,2025-03-12 18:37:00,2025-03-12 18:39:00,M,20~29,office,seoul,0,0,0,0,9,0,0,42,0,0,completed
40470,U0474,2025-06-20 17:36:00,2025-06-20 17:38:00,F,50+,office,seoul,0,0,0,0,23,0,0,54,0,0,completed
40471,U0475,2025-01-19 08:08:00,2025-01-19 08:10:00,F,30~39,office,seoul,1,0,0,0,22,0,0,54,0,0,completed
40472,U0476,2025-03-14 17:53:00,2025-03-14 17:59:00,F,40~49,office,seoul,0,0,0,0,21,0,0,13,0,0,completed
40473,U0477,2025-08-03 09:07:00,2025-08-03 09:12:00,F,20~29,office,seoul,1,0,0,0,22,0,0,39,0,0,completed
40474,U0478,2025-09-03 16:34:00,2025-09-03 16:38:00,F,20~29,office,seoul,0,0,0,0,3,0,0,53,0,0,completed
40475,U0479,2025-10-16 14:36:00,2025-10-16 14:41:00,F,30~39,office,seoul,0,0,0,0,29,0,0,43,0,0,completed
40476,U0480,2025-05-26 17:41:00,2025-05-26 17:46:00,F,30~39,office,seoul,0,0,0,0,12,0,0,43,0,0,completed
40477,U0481,2025-08-10 12:38:00,2025-08-10 12:41:00,F,40~49,office,seoul,1,0,0,0,25,0,0,31,0,0,completed
40478,U0482,2025-08-29 08:50:00,2025-08-29 08:54:00,F,50+,office,seoul,0,0,0,0,8,0,0,10,0,0,completed
40479,U0483,2025-06-22 13:51:00,2025-06-22 13:58:00,F,30~39,office,seoul,1,0,0,0,16,0,0,25,0,0,completed
40480,U0484,2025-10-12 13:57:00,2025-10-12 13:59:00,M,20~29,office,seoul,1,0,0,0,2,0,0,50,0,0,completed
40481,U0485,2025-11-09 08:28:00,2025-11-09 08:35:00,F,20~29,office,seoul,1,0,0,0,20,0,0,64,0,0,completed
40482,U0486,2025-09-14 08:00:00,2025-09-14 08:03:00,M,20~29,office,seoul,1,0,0,0,14,0,0,74,0,0,completed
40483,U0487,2025-01-02 15:44:00,2025-01-02 15:47:00,F,30~39,office,seoul,0,0,0,0,13,0,0,16,0,0,error
40484,U0488,2025-08-01 18:00:00,2025-08-01 18:07:00,M,30~39,office,seoul,0,0,0,0,11,0,0,76,0,0,completed
40485,U0489,2025-04-11 08:04:00,2025-04-11 08:07:00,F,20~29,office,seoul,0,0,0,0,17,0,0,62,0,0,completed
40486,U0490,2025-10-27 21:01:00,2025-10-27 21:06:00,M,30~39,office,seoul,0,0,0,0,11,0,0,44,0,0,completed
40487,U0491,2025-07-28 15:59:00,2025-07-28 16:04:00,M,50+,office,seoul,0,0,0,0,3,0,0,49,0,0,completed
40488,U0492,2025-03-20 09:42:00,2025-03-20 09:47:00,F,40~49,office,seoul,0,0,0,0,26,0,0,34,0,0,completed
40489,U0493,2025-03-12 13:52:00,2025-03-12 13:56:00,F,40~49,office,seoul,0,0,0,0,15,0,0,73,0,0,completed
40490,U0494,2025-06-08 15:53:00,2025-06-08 15:55:00,F,30~39,office,seoul,1,0,0,0,23,0,0,74,0,0,completed
40491,U0495,2025-08-29 17:17:00,2025-08-29 17:19:00,M,40~49,office,seoul,0,0,0,0,21,0,0,75,0,0,completed
40492,U0496,2025-04-15 16:11:00,2025-04-15 16:13:00,F,20~29,office,seoul,0,0,0,0,15,0,0,53,0,0,completed
40493,U0497,2025-03-29 12:42:00,2025-03-29 12:49:00,F,20~29,office,seoul,1,0,0,0,4,0,0,56,0,0,completed
40494,U0498,2025-06-02 17:42:00,2025-06-02 17:46:00,M,20~29,office,seoul,0,0,0,0,6,0,0,71,0,0,completed
40495,U0499,2025-08-10 13:21:00,2025-08-10 13:25:00,F,30~39,office,seoul,1,0,0,0,3,0,0,71,0,0,completed
40496,U0500,2025-01-05 17:26:00,2025-01-05 17:29:00,M,50+,office,seoul,1,0,0,0,6,0,0,16,0,0,completed
40497,U0501,2025-09-09 14:29:00,2025-09-09 14:32:00,M,50+,office,seoul,0,0,0,0,22,0,0,77,0,0,completed
40498,U0502,2025-07-06 20:49:00,2025-07-06 20:56:00,F,40~49,office,seoul,1,0,0,0,11,0,0,28,0,0,completed
40499,U0503,2025-08-10 15:37:00,2025-08-10 15:39:00,M,30~39,office,seoul,1,0,0,0,25,0,0,16,0,0,abandoned
40500,U0504,2025-04-22 14:54:00,2025-04-22 15:01:00,F,30~39,office,seoul,0,0,0,0,7,0,0,26,0,0,completed
40501,U0505,2025-11-11 12:45:00,2025-11-11 12:51:00,F,30~39,office,seoul,0,0,0,0,28,0,0,15,0,0,completed
40502,U0506,2025-06-17 11:13:00,2025-06-17 11:17:00,F,30~39,office,seoul,0,0,0,0,0,0,0,15,0,0,completed
40503,U0507,2025-05-22 13:08:00,2025-05-22 13:11:00,M,50+,office,seoul,0,0,0,0,26,0,0,48,0,0,completed
40504,U0508,2025-04-21 11:22:00,2025-04-21 11:27:00,F,20~29,office,seoul,0,0,0,0,0,0,0,45,0,0,completed
40505,U0509,2025-09-26 12:39:00,2025-09-26 12:45:00,F,20~29,office,seoul,0,0,0,0,15,0,0,56,0,0,completed
40506,U0510,2025-07-25 15:37:00,2025-07-25 15:40:00,F,40~49,office,seoul,0,0,0,0,11,0,0,47,0,0,completed
40507,U0511,2025-07-16 22:49:00,2025-07-16 22:55:00,F,40~49,office,seoul,0,0,0,0,8,0,0,26,0,0,completed
40508,U0512,2025-07-01 14:27:00,2025-07-01 14:31:00,M,20~29,office,seoul,0,0,0,0,12,0,0,73,0,0,completed
40509,U0513,2025-11-18 08:50:00,2025-11-18 08:54:00,M,20~29,office,seoul,0,0,0,0,17,0,0,43,0,0,completed
40510,U0514,2025-12-25 15:28:00,2025-12-25 15:30:00,F,30~39,office,seoul,0,0,0,0,0,0,0,55,0,0,completed
40511,U0515,2025-07-12 16:34:00,2025-07-12 16:37:00,M,20~29,office,seoul,1,0,0,0,19,0,0,67,0,0,completed
40512,U0516,2025-07-18 16:00:00,2025-07-18 16:05:00,F,40~49,office,seoul,0,0,0,0,29,0,0,25,0,0,timeout
40513,U0517,2025-11-06 17:45:00,2025-11-06 17:49:00,F,20~29,office,seoul,0,0,0,0,28,0,0,10,0,0,completed
40514,U0518,2025-02-11 14:00:00,2025-02-11 14:04:00,M,20~29,office,seoul,0,0,0,0,20,0,0,59,0,0,completed
40515,U0519,2025-05-25 18:13:00,2025-05-25 18:18:00,M,50+,office,seoul,1,0,0,0,13,0,0,71,0,0,completed
40516,U0520,2025-01-31 15:29:00,2025-01-31 15:31:00,F,40~49,office,seoul,0,0,0,0,5,0,0,31,0,1,completed
40517,U0521,2025-08-08 08:20:00,2025-08-08 08:25:00,M,20~29,office,seoul,0,0,0,0,25,0,0,73,0,0,abandoned
40518,U0522,2025-12-20 17:15:00,2025-12-20 17:21:00,F,50+,office,seoul,1,0,0,0,18,0,0,63,0,0,completed
40519,U0523,2025-10-21 16:25:00,2025-10-21 16:31:00,F,40~49,office,seoul,0,0,0,0,0,0,0,14,0,0,completed
40520,U0524,2025-01-15 20:24:00,2025-01-15 20:30:00,F,30~39,office,seoul,0,0,0,0,22,0,0,65,0,0,completed
40521,U0525,2025-10-04 11:34:00,2025-10-04 11:37:00,F,50+,office,seoul,1,0,0,0,25,0,0,14,0,0,completed
40522,U0526,2025-04-03 18:04:00,2025-04-03 18:11:00,F,40~49,office,seoul,0,0,0,0,15,0,0,42,0,0,timeout
40523,U0527,2025-08-09 07:01:00,2025-08-09 07:06:00,M,40~49,office,seoul,1,0,0,0,10,0,0,15,0,0,completed
40524,U0528,2025-08-13 16:54:00,2025-08-13 16:57:00,F,30~39,office,seoul,0,0,0,0,8,0,0,51,0,0,completed
40525,U0529,2025-01-26 09:33:00,2025-01-26 09:37:00,M,50+,office,seoul,1,0,0,0,18,0,0,67,0,0,completed
40526,U0530,2025-06-24 08:12:00,2025-06-24 08:16:00,M,50+,office,seoul,0,0,0,0,21,0,0,29,0,0,completed
40527,U0531,2025-07-26 18:35:00,2025-07-26 18:41:00,F,30~39,office,seoul,1,0,0,0,24,0,0,75,0,0,completed
40528,U0532,2025-09-16 12:42:00,2025-09-16 12:45:00,M,50+,office,seoul,0,0,0,0,23,0,0,49,0,0,completed
40529,U0533,2025-04-22 15:21:00,2025-04-22 15:24:00,F,30~39,office,seoul,0,0,0,0,13,0,0,69,0,0,completed
40530,U0534,2025-10-21 13:00:00,2025-10-21 13:03:00,F,30~39,office,seoul,0,0,0,0,18,0,0,32,0,0,completed
40531,U0535,2025-12-21 12:07:00,2025-12-21 12:10:00,M,40~49,office,seoul,1,0,0,0,21,0,0,37,0,0,abandoned
40532,U0536,2025-09-02 12:11:00,2025-09-02 12:13:00,F,50+,office,seoul,0,0,0,0,19,0,0,43,0,0,completed
40533,U0537,2025-02-02 09:03:00,2025-02-02 09:07:00,F,20~29,office,seoul,1,0,0,0,1,0,0,17,0,0,abandoned
40534,U0538,2025-03-21 14:51:00,2025-03-21 14:58:00,F,40~49,office,seoul,0,0,0,0,23,0,0,76,0,0,completed
40535,U0539,2025-03-22 18:15:00,2025-03-22 18:20:00,F,40~49,office,seoul,1,0,0,0,10,0,0,15,0,0,completed
40536,U0540,2025-12-29 17:35:00,2025-12-29 17:38:00,M,50+,office,seoul,0,0,0,0,8,0,0,16,0,1,completed
40537,U0541,2025-09-14 09:40:00,2025-09-14 09:42:00,F,20~29,office,seoul,1,0,0,0,26,0,0,55,0,0,abandoned
40538,U0542,2025-03-07 21:21:00,2025-03-07 21:25:00,F,20~29,office,seoul,0,0,0,0,26,0,0,40,0,0,completed
40539,U0543,2025-08-15 18:58:00,2025-08-15 19:05:00,M,50+,office,seoul,0,0,0,0,26,0,0,25,0,0,completed
40540,U0544,2025-01-18 16:11:00,2025-01-18 16:16:00,M,20~29,office,seoul,1,0,0,0,20,0,0,25,0,0,completed
40541,U0545,2025-03-26 08:33:00,2025-03-26 08:38:00,F,30~39,office,seoul,0,0,0,0,11,0,0,30,0,0,completed
40542,U0546,2025-04-20 09:26:00,2025-04-20 09:32:00,F,50+,office,seoul,1,0,0,0,18,0,0,40,0,0,abandoned
40543,U0547,2025-01-30 13:09:00,2025-01-30 13:12:00,F,40~49,office,seoul,0,0,0,0,5,0,0,74,0,0,abandoned
40544,U0548,2025-09-03 09:03:00,2025-09-03 09:05:00,F,20~29,office,seoul,0,0,0,0,18,0,0,50,0,0,completed
40545,U0549,2025-03-25 09:49:00,2025-03-25 09:55:00,F,50+,office,seoul,0,0,0,0,5,0,0,49,0,0,completed
40546,U0550,2025-02-27 18:18:00,2025-02-27 18:21:00,F,30~39,office,seoul,0,0,0,0,12,0,0,42,0,0,completed
40547,U0551,2025-05-16 09:05:00,2025-05-16 09:09:00,F,20~29,office,seoul,0,0,0,0,25,0,0,78,0,0,completed
40548,U0552,2025-08-19 16:51:00,2025-08-19 16:57:00,M,20~29,office,seoul,0,0,0,0,0,0,0,34,0,0,completed
40549,U0553,2025-08-09 21:50:00,2025-08-09 21:52:00,M,20~29,office,seoul,1,0,0,0,24,0,0,27,1,1,completed
40550,U0554,2025-05-12 16:40:00,2025-05-12 16:47:00,F,30~39,office,seoul,0,0,0,0,19,0,0,34,0,0,abandoned
40551,U0555,2025-05-18 17:57:00,2025-05-18 18:03:00,F,40~49,office,seoul,1,0,0,0,15,0,0,60,0,0,completed
40552,U0556,2025-02-17 17:26:00,2025-02-17 17:33:00,M,20~29,office,seoul,0,0,0,0,23,0,0,12,0,0,completed
40553,U0557,2025-12-06 12:46:00,2025-12-06 12:52:00,F,40~49,office,seoul,1,0,0,0,28,0,0,39,0,0,completed
40554,U0558,2025-02-04 15:58:00,2025-02-04 16:03:00,F,40~49,office,seoul,0,0,0,0,3,0,0,39,1,0,completed
40555,U0559,2025-09-12 16:58:00,2025-09-12 17:03:00,M,20~29,office,seoul,0,0,0,0,29,0,0,58,0,0,completed
40556,U0560,2025-05-19 15:17:00,2025-05-19 15:23:00,F,30~39,office,seoul,0,0,0,0,28,0,0,14,0,0,completed
40557,U0561,2025-10-15 16:35:00,2025-10-15 16:39:00,F,40~49,office,seoul,0,0,0,0,15,0,0,65,0,0,completed
40558,U0562,2025-02-05 08:03:00,2025-02-05 08:06:00,M,30~39,office,seoul,0,0,0,0,29,0,0,29,0,0,completed
40559,U0563,2025-03-11 16:38:00,2025-03-11 16:42:00,M,30~39,office,seoul,0,0,0,0,27,0,0,11,0,0,completed
40560,U0564,2025-08-24 09:47:00,2025-08-24 09:52:00,M,30~39,office,seoul,1,0,0,0,6,0,0,29,0,0,completed
40561,U0565,2025-12-08 14:55:00,2025-12-08 15:00:00,F,30~39,office,seoul,0,0,0,0,17,0,0,15,0,0,completed
40562,U0566,2025-06-05 12:47:00,2025-06-05 12:49:00,M,30~39,office,seoul,0,0,0,0,24,0,0,66,0,0,completed
40563,U0567,2025-02-18 09:23:00,2025-02-18 09:30:00,F,50+,office,seoul,0,0,0,0,26,0,0,67,0,0,completed
40564,U0568,2025-05-26 09:46:00,2025-05-26 09:51:00,F,20~29,office,seoul,0,0,0,0,24,0,0,10,0,0,completed
40565,U0569,2025-05-30 15:48:00,2025-05-30 15:54:00,M,20~29,office,seoul,0,0,0,0,15,0,0,58,0,0,completed
40566,U0570,2025-03-21 09:16:00,2025-03-21 09:22:00,F,50+,office,seoul,0,0,0,0,13,0,0,21,0,0,completed
40567,U0571,2025-04-11 19:13:00,2025-04-11 19:16:00,F,20~29,office,seoul,0,0,0,0,25,0,0,57,0,0,completed
40568,U0572,2025-09-25 14:58:00,2025-09-25 15:01:00,M,20~29,office,seoul,0,0,0,0,25,0,0,71,0,0,completed
40569,U0573,2025-09-21 16:06:00,2025-09-21 16:12:00,F,20~29,office,seoul,1,0,0,0,10,0,0,34,0,0,completed
40570,U0574,2025-11-19 11:16:00,2025-11-19 11:22:00,F,30~39,office,seoul,0,0,0,0,10,0,0,72,0,0,completed
40571,U0575,2025-10-07 09:58:00,2025-10-07 10:04:00,F,30~39,office,seoul,0,0,0,0,16,0,0,31,0,0,completed
40572,U0576,2025-05-16 15:36:00,2025-05-16 15:40:00,M,30~39,office,seoul,0,0,0,0,11,0,0,12,0,0,completed
40573,U0577,2025-10-29 08:27:00,2025-10-29 08:34:00,F,40~49,office,seoul,0,0,0,0,9,0,0,49,0,0,completed
40574,U0578,2025-05-09 22:01:00,2025-05-09 22:04:00,F,40~49,office,seoul,0,0,0,0,26,0,0,37,1,0,completed
40575,U0579,2025-03-03 11:01:00,2025-03-03 11:07:00,F,20~29,office,seoul,0,0,0,0,11,0,0,75,0,0,completed
40576,U0580,2025-10-24 07:20:00,2025-10-24 07:24:00,F,50+,office,seoul,0,0,0,0,22,0,0,58,0,0,completed
40577,U0581,2025-01-30 14:42:00,2025-01-30 14:47:00,F,40~49,office,seoul,0,0,0,0,19,0,0,38,0,0,completed
40578,U0582,2025-10-02 17:56:00,2025-10-02 18:01:00,M,30~39,office,seoul,0,0,0,0,20,0,0,78,0,0,completed
40579,U0583,2025-07-18 11:17:00,2025-07-18 11:23:00,M,20~29,office,seoul,0,0,0,0,23,0,0,46,0,0,completed
40580,U0584,2025-03-17 17:04:00,2025-03-17 17:07:00,F,30~39,office,seoul,0,0,0,0,26,0,0,66,0,0,completed
40581,U0585,2025-09-26 11:50:00,2025-09-26 11:54:00,M,20~29,office,seoul,0,0,0,0,26,0,0,27,0,0,completed
40582,U0586,2025-07-06 11:47:00,2025-07-06 11:50:00,F,40~49,office,seoul,1,0,0,0,14,0,0,54,0,0,abandoned
40583,U0587,2025-03-04 08:58:00,2025-03-04 09:01:00,F,30~39,office,seoul,0,0,0,0,12,0,0,38,0,0,completed
40584,U0588,2025-02-24 16:56:00,2025-02-24 17:03:00,M,20~29,office,seoul,0,0,0,0,25,0,0,40,0,0,abandoned
40585,U0589,2025-09-20 19:34:00,2025-09-20 19:39:00,F,20~29,office,seoul,1,0,0,0,15,0,0,73,0,0,completed
40586,U0590,2025-06-11 21:57:00,2025-06-11 22:04:00,F,30~39,office,seoul,0,0,0,0,26,0,0,19,0,0,completed
40587,U0591,2025-05-12 11:48:00,2025-05-12 11:54:00,M,30~39,office,seoul,0,0,0,0,7,0,0,66,0,0,completed
40588,U0592,2025-10-04 09:48:00,2025-10-04 09:55:00,F,20~29,office,seoul,1,0,0,0,14,0,0,19,0,0,completed
40589,U0593,2025-06-13 15:15:00,2025-06-13 15:22:00,F,30~39,office,seoul,0,0,0,0,9,0,0,68,0,0,completed
40590,U0594,2025-09-05 08:07:00,2025-09-05 08:12:00,F,20~29,office,seoul,0,0,0,0,17,0,0,41,0,0,completed
40591,U0595,2025-07-10 13:44:00,2025-07-10 13:47:00,F,20~29,office,seoul,0,0,0,0,11,0,0,30,0,0,completed
40592,U0596,2025-01-31 11:07:00,2025-01-31 11:14:00,M,50+,office,seoul,0,0,0,0,3,0,0,74,1,0,timeout
40593,U0597,2025-10-28 15:20:00,2025-10-28 15:25:00,F,20~29,office,seoul,0,0,0,0,19,0,0,70,1,0,completed
40594,U0598,2025-09-15 12:58:00,2025-09-15 13:05:00,M,20~29,office,seoul,0,0,0,0,20,0,0,44,0,0,completed
40595,U0599,2025-11-22 08:11:00,2025-11-22 08:15:00,F,30~39,office,seoul,1,0,0,0,14,0,0,25,0,0,completed
40596,U0600,2025-11-08 09:52:00,2025-11-08 09:56:00,F,30~39,office,seoul,1,0,0,0,15,0,0,56,0,0,completed
40597,U0601,2025-12-25 12:49:00,2025-12-25 12:56:00,F,50+,office,seoul,0,0,0,0,15,0,0,46,0,0,completed
40598,U0602,2025-07-08 07:07:00,2025-07-08 07:12:00,F,30~39,office,seoul,0,0,0,0,3,0,0,66,0,0,completed
40599,U0603,2025-02-21 15:30:00,2025-02-21 15:37:00,M,30~39,office,seoul,0,0,0,0,13,0,0,77,0,0,abandoned
40600,U0604,2025-09-30 07:13:00,2025-09-30 07:15:00,F,20~29,office,seoul,0,0,0,0,8,0,0,71,0,0,completed
40601,U0605,2025-06-05 18:02:00,2025-06-05 18:07:00,M,40~49,office,seoul,0,0,0,0,13,0,0,71,0,0,completed
40602,U0606,2025-06-21 13:02:00,2025-06-21 13:08:00,M,30~39,office,seoul,1,0,0,0,20,0,0,54,0,0,error
40603,U0607,2025-07-15 07:58:00,2025-07-15 08:05:00,F,30~39,office,seoul,0,0,0,0,23,0,0,35,0,0,completed
40604,U0608,2025-11-29 13:03:00,2025-11-29 13:06:00,M,30~39,office,seoul,1,0,0,0,21,0,0,42,0,0,completed
40605,U0609,2025-08-07 09:49:00,2025-08-07 09:54:00,F,40~49,office,seoul,0,0,0,0,22,0,0,57,0,0,completed
40606,U0610,2025-12-02 21:15:00,2025-12-02 21:22:00,M,30~39,office,seoul,0,0,0,0,8,0,0,48,0,0,abandoned
40607,U0611,2025-11-16 15:18:00,2025-11-16 15:21:00,M,30~39,office,seoul,1,0,0,0,12,0,0,74,0,0,completed
40608,U0612,2025-09-07 15:07:00,2025-09-07 15:11:00,M,40~49,office,seoul,1,0,0,0,4,0,0,77,0,0,completed
40609,U0613,2025-02-15 15:22:00,2025-02-15 15:28:00,M,30~39,office,seoul,1,0,0,0,7,0,0,12,0,0,completed
40610,U0614,2025-04-05 15:35:00,2025-04-05 15:39:00,F,40~49,office,seoul,1,0,0,0,9,0,0,49,0,0,completed
40611,U0615,2025-02-23 08:20:00,2025-02-23 08:25:00,F,50+,office,seoul,1,0,0,0,20,0,0,60,0,0,completed
40612,U0616,2025-06-05 09:26:00,2025-06-05 09:33:00,M,20~29,office,seoul,0,0,0,0,20,0,0,39,0,0,completed
40613,U0617,2025-11-01 09:41:00,2025-11-01 09:48:00,F,30~39,office,seoul,1,0,0,0,16,0,0,53,0,0,completed
40614,U0618,2025-04-06 09:43:00,2025-04-06 09:45:00,F,20~29,office,seoul,1,0,0,0,1,0,0,19,0,0,completed
40615,U0619,2025-10-07 19:52:00,2025-10-07 19:55:00,M,50+,office,seoul,0,0,0,0,8,0,0,22,0,1,completed
40616,U0620,2025-01-24 13:47:00,2025-01-24 13:54:00,F,40~49,office,seoul,0,0,0,0,2,0,0,53,0,0,completed
40617,U0621,2025-11-01 07:56:00,2025-11-01 08:00:00,F,20~29,office,seoul,1,0,0,0,18,0,0,48,0,0,completed
40618,U0622,2025-10-20 08:02:00,2025-10-20 08:08:00,F,40~49,office,seoul,0,0,0,0,20,0,0,69,0,0,completed
40619,U0623,2025-07-30 17:09:00,2025-07-30 17:15:00,M,30~39,office,seoul,0,0,0,0,29,0,0,79,0,0,timeout
40620,U0624,2025-09-01 16:43:00,2025-09-01 16:48:00,F,30~39,office,seoul,0,0,0,0,3,0,0,13,0,0,completed
40621,U0625,2025-09-04 20:23:00,2025-09-04 20:27:00,M,40~49,office,seoul,0,0,0,0,20,0,0,22,0,0,completed
40622,U0626,2025-07-16 15:19:00,2025-07-16 15:21:00,M,30~39,office,seoul,0,0,0,0,8,0,0,40,0,0,completed
40623,U0627,2025-12-10 13:53:00,2025-12-10 13:55:00,F,40~49,office,seoul,0,0,0,0,20,0,0,70,0,0,completed
40624,U0628,2025-01-21 16:14:00,2025-01-21 16:18:00,F,40~49,office,seoul,0,0,0,0,11,0,0,33,0,0,completed
40625,U0629,2025-10-11 08:43:00,2025-10-11 08:49:00,M,30~39,office,seoul,1,0,0,0,25,0,0,56,0,0,completed
40626,U0630,2025-04-18 12:49:00,2025-04-18 12:54:00,F,50+,office,seoul,0,0,0,0,11,0,0,59,0,1,completed
40627,U0631,2025-09-06 13:52:00,2025-09-06 13:55:00,M,20~29,office,seoul,1,0,0,0,13,0,0,73,0,0,completed
40628,U0632,2025-09-23 08:18:00,2025-09-23 08:23:00,F,40~49,office,seoul,0,0,0,0,17,0,0,35,0,0,completed
40629,U0633,2025-09-23 09:30:00,2025-09-23 09:32:00,M,50+,office,seoul,0,0,0,0,22,0,0,33,0,1,completed
40630,U0634,2025-12-31 16:56:00,2025-12-31 17:03:00,F,50+,office,seoul,0,0,0,0,23,0,0,43,0,0,completed
40631,U0635,2025-04-11 20:29:00,2025-04-11 20:32:00,F,30~39,office,seoul,0,0,0,0,7,0,0,38,0,0,timeout
40632,U0636,2025-06-07 17:16:00,2025-06-07 17:21:00,F,40~49,office,seoul,1,0,0,0,28,0,0,23,0,0,completed
40633,U0637,2025-12-14 18:44:00,2025-12-14 18:46:00,F,40~49,office,seoul,1,0,0,0,15,0,0,33,0,0,abandoned
40634,U0638,2025-10-24 12:20:00,2025-10-24 12:26:00,F,30~39,office,seoul,0,0,0,0,26,0,0,11,0,0,completed
40635,U0639,2025-12-27 16:51:00,2025-12-27 16:55:00,M,40~49,office,seoul,1,0,0,0,9,0,0,11,0,0,completed
40636,U0640,2025-11-21 18:31:00,2025-11-21 18:33:00,M,40~49,office,seoul,0,0,0,0,26,0,0,36,0,0,completed
40637,U0641,2025-08-02 14:12:00,2025-08-02 14:17:00,F,20~29,office,seoul,1,0,0,0,1,0,0,28,0,0,error
40638,U0642,2025-05-24 21:27:00,2025-05-24 21:34:00,M,30~39,office,seoul,1,0,0,0,20,0,0,44,0,0,completed
40639,U0643,2025-07-01 22:08:00,2025-07-01 22:10:00,M,40~49,office,seoul,0,0,0,0,21,0,0,62,0,0,completed
40640,U0644,2025-12-14 20:27:00,2025-12-14 20:33:00,M,40~49,office,seoul,1,0,0,0,24,0,0,40,0,0,completed
40641,U0645,2025-07-02 13:47:00,2025-07-02 13:53:00,M,40~49,office,seoul,0,0,0,0,12,0,0,55,0,0,abandoned
40642,U0646,2025-07-21 12:02:00,2025-07-21 12:07:00,F,20~29,office,seoul,0,0,0,0,21,0,0,21,0,0,completed
40643,U0647,2025-04-12 13:05:00,2025-04-12 13:10:00,F,20~29,office,seoul,1,0,0,0,4,0,0,33,0,0,timeout
40644,U0648,2025-06-01 08:37:00,2025-06-01 08:39:00,F,30~39,office,seoul,1,0,0,0,29,0,0,63,0,0,completed
40645,U0649,2025-10-01 16:22:00,2025-10-01 16:24:00,F,20~29,office,seoul,0,0,0,0,1,0,0,63,0,0,completed
40646,U0650,2025-06-27 14:20:00,2025-06-27 14:24:00,M,20~29,office,seoul,0,0,0,0,15,0,0,20,0,0,completed
40647,U0651,2025-08-28 15:17:00,2025-08-28 15:19:00,F,50+,office,seoul,0,0,0,0,22,0,0,45,0,0,completed
40648,U0652,2025-07-08 15:50:00,2025-07-08 15:52:00,F,30~39,office,seoul,0,0,0,0,14,0,0,33,0,0,completed
40649,U0653,2025-10-02 12:52:00,2025-10-02 12:55:00,M,20~29,office,seoul,0,0,0,0,26,0,0,11,0,0,completed
40650,U0654,2025-03-11 12:33:00,2025-03-11 12:40:00,F,20~29,office,seoul,0,0,0,0,11,0,0,64,0,0,completed
40651,U0655,2025-03-09 15:10:00,2025-03-09 15:15:00,M,30~39,office,seoul,1,0,0,0,20,0,0,42,0,0,completed
40652,U0656,2025-07-20 12:36:00,2025-07-20 12:41:00,F,40~49,office,seoul,1,0,0,0,0,0,0,34,0,1,completed
40653,U0657,2025-03-20 08:30:00,2025-03-20 08:34:00,F,40~49,office,seoul,0,0,0,0,10,0,0,57,0,0,completed
40654,U0658,2025-05-20 21:31:00,2025-05-20 21:36:00,F,40~49,office,seoul,0,0,0,0,26,0,0,16,0,0,completed
40655,U0659,2025-11-16 15:21:00,2025-11-16 15:24:00,F,40~49,office,seoul,1,0,0,0,4,0,0,43,0,0,completed
40656,U0660,2025-05-28 12:22:00,2025-05-28 12:28:00,M,50+,office,seoul,0,0,0,0,23,0,0,48,0,0,timeout
40657,U0661,2025-08-18 09:49:00,2025-08-18 09:53:00,F,40~49,office,seoul,0,0,0,0,2,0,0,74,0,0,completed
40658,U0662,2025-04-15 20:06:00,2025-04-15 20:08:00,F,30~39,office,seoul,0,0,0,0,22,0,0,28,0,0,completed
40659,U0663,2025-01-28 16:21:00,2025-01-28 16:26:00,M,30~39,office,seoul,0,0,0,0,9,0,0,73,0,0,completed
40660,U0664,2025-12-05 13:26:00,2025-12-05 13:28:00,M,20~29,office,seoul,0,0,0,0,19,0,0,39,0,0,completed
40661,U0665,2025-03-01 08:52:00,2025-03-01 08:58:00,F,30~39,office,seoul,1,0,0,0,1,0,0,39,0,0,error
40662,U0666,2025-01-18 12:20:00,2025-01-18 12:23:00,M,40~49,office,seoul,1,0,0,0,5,0,0,38,0,0,abandoned
40663,U0667,2025-06-09 17:28:00,2025-06-09 17:31:00,F,30~39,office,seoul,0,0,0,0,19,0,0,13,0,0,completed
40664,U0668,2025-03-15 14:41:00,2025-03-15 14:47:00,M,20~29,office,seoul,1,0,0,0,29,0,0,18,0,0,completed
40665,U0669,2025-11-27 17:18:00,2025-11-27 17:22:00,M,30~39,office,seoul,0,0,0,0,23,0,0,57,1,0,completed
40666,U0670,2025-09-18 18:38:00,2025-09-18 18:40:00,F,40~49,office,seoul,0,0,0,0,23,0,0,62,0,0,completed
40667,U0671,2025-01-01 15:29:00,2025-01-01 15:35:00,M,30~39,office,seoul,0,0,0,0,18,0,0,60,0,0,completed
40668,U0672,2025-08-06 18:11:00,2025-08-06 18:15:00,F,50+,office,seoul,0,0,0,0,21,0,0,13,0,0,completed
40669,U0673,2025-05-30 14:05:00,2025-05-30 14:10:00,F,20~29,office,seoul,0,0,0,0,19,0,0,35,0,0,completed
40670,U0674,2025-11-12 11:54:00,2025-11-12 11:59:00,F,30~39,office,seoul,0,0,0,0,16,0,0,50,0,0,completed
40671,U0675,2025-07-11 14:09:00,2025-07-11 14:16:00,M,30~39,office,seoul,0,0,0,0,3,0,0,13,0,0,completed
40672,U0676,2025-05-28 14:55:00,2025-05-28 15:02:00,F,40~49,office,seoul,0,0,0,0,1,0,0,32,0,0,completed
40673,U0677,2025-12-26 18:08:00,2025-12-26 18:11:00,M,40~49,office,seoul,0,0,0,0,29,0,0,45,0,0,abandoned
40674,U0678,2025-09-02 12:09:00,2025-09-02 12:14:00,M,30~39,office,seoul,0,0,0,0,12,0,0,48,0,0,abandoned
40675,U0679,2025-04-30 20:06:00,2025-04-30 20:12:00,M,40~49,office,seoul,0,0,0,0,27,0,0,72,0,0,completed
40676,U0680,2025-10-10 19:29:00,2025-10-10 19:35:00,M,20~29,office,seoul,0,0,0,0,26,0,0,77,1,0,completed
40677,U0681,2025-06-21 09:19:00,2025-06-21 09:23:00,M,50+,office,seoul,1,0,0,0,6,0,0,51,0,0,completed
40678,U0682,2025-06-15 20:47:00,2025-06-15 20:53:00,F,50+,office,seoul,1,0,0,0,7,0,0,29,0,0,completed
40679,U0683,2025-03-14 20:51:00,2025-03-14 20:56:00,F,20~29,office,seoul,0,0,0,0,12,0,0,64,0,0,completed
40680,U0684,2025-12-14 19:54:00,2025-12-14 19:59:00,M,40~49,office,seoul,1,0,0,0,3,0,0,18,0,0,completed
40681,U0685,2025-05-08 12:38:00,2025-05-08 12:45:00,M,30~39,office,seoul,0,0,0,0,28,0,0,35,1,0,abandoned
40682,U0686,2025-07-14 17:38:00,2025-07-14 17:42:00,M,40~49,office,seoul,0,0,0,0,2,0,0,31,0,0,completed
40683,U0687,2025-09-29 09:19:00,2025-09-29 09:23:00,F,50+,office,seoul,0,0,0,0,6,0,0,14,0,1,completed
40684,U0688,2025-01-12 09:18:00,2025-01-12 09:20:00,M,30~39,office,seoul,1,0,0,0,20,0,0,63,0,0,completed
40685,U0689,2025-09-19 12:50:00,2025-09-19 12:52:00,F,40~49,office,seoul,0,0,0,0,17,0,0,21,0,0,completed
40686,U0690,2025-09-21 11:14:00,2025-09-21 11:20:00,M,50+,office,seoul,1,0,0,0,29,0,0,20,0,0,completed
40687,U0691,2025-07-07 14:14:00,2025-07-07 14:21:00,F,20~29,office,seoul,0,0,0,0,0,0,0,41,0,0,completed
40688,U0692,2025-01-08 09:26:00,2025-01-08 09:29:00,F,40~49,office,seoul,0,0,0,0,22,0,0,49,0,0,timeout
40689,U0693,2025-06-14 18:18:00,2025-06-14 18:20:00,F,50+,office,seoul,1,0,0,0,2,0,0,29,0,0,completed
40690,U0694,2025-10-22 13:31:00,2025-10-22 13:38:00,F,20~29,office,seoul,0,0,0,0,15,0,0,69,0,0,completed
40691,U0695,2025-03-19 08:34:00,2025-03-19 08:40:00,F,40~49,office,seoul,0,0,0,0,8,0,0,60,0,0,completed
40692,U0696,2025-08-08 15:01:00,2025-08-08 15:03:00,M,50+,office,seoul,0,0,0,0,27,0,0,49,0,0,completed
40693,U0697,2025-02-11 14:34:00,2025-02-11 14:38:00,M,50+,office,seoul,0,0,0,0,3,0,0,49,0,0,completed
40694,U0698,2025-11-29 12:53:00,2025-11-29 12:57:00,F,20~29,office,seoul,1,0,0,0,26,0,0,54,0,0,completed
40695,U0699,2025-12-24 09:35:00,2025-12-24 09:40:00,M,20~29,office,seoul,0,0,0,0,12,0,0,75,0,0,completed
40696,U0700,2025-06-25 11:51:00,2025-06-25 11:58:00,F,20~29,office,seoul,0,0,0,0,14,0,0,71,0,0,completed
40697,U0701,2025-04-29 16:13:00,2025-04-29 16:16:00,M,20~29,office,seoul,0,0,0,0,4,0,0,66,0,0,completed
40698,U0702,2025-07-06 08:48:00,2025-07-06 08:55:00,M,20~29,office,seoul,1,0,0,0,6,0,0,57,0,0,completed
40699,U0703,2025-02-28 14:23:00,2025-02-28 14:29:00,M,30~39,office,seoul,0,0,0,0,15,0,0,72,0,0,completed
40700,U0704,2025-04-01 16:23:00,2025-04-01 16:27:00,M,30~39,office,seoul,0,0,0,0,22,0,0,65,0,0,completed
40701,U0705,2025-05-28 13:58:00,2025-05-28 14:01:00,M,40~49,office,seoul,0,0,0,0,24,0,0,75,0,0,completed
40702,U0706,2025-11-28 14:57:00,2025-11-28 15:03:00,M,50+,office,seoul,0,0,0,0,23,0,0,78,0,0,completed
40703,U0707,2025-03-26 12:04:00,2025-03-26 12:08:00,F,40~49,office,seoul,0,0,0,0,2,0,0,75,0,0,abandoned
40704,U0708,2025-09-15 13:22:00,2025-09-15 13:24:00,F,50+,office,seoul,0,0,0,0,19,0,0,38,0,0,completed
40705,U0709,2025-11-14 16:01:00,2025-11-14 16:06:00,M,20~29,office,seoul,0,0,0,0,6,0,0,68,0,0,completed
40706,U0710,2025-03-11 20:49:00,2025-03-11 20:55:00,F,20~29,office,seoul,0,0,0,0,15,0,0,55,0,0,completed
40707,U0711,2025-04-12 08:00:00,2025-04-12 08:04:00,M,30~39,office,seoul,1,0,0,0,2,0,0,68,0,0,error
40708,U0712,2025-09-02 08:23:00,2025-09-02 08:27:00,M,30~39,office,seoul,0,0,0,0,5,0,0,29,0,0,completed
40709,U0713,2025-04-28 15:52:00,2025-04-28 15:57:00,F,40~49,office,seoul,0,0,0,0,23,0,0,22,0,0,completed
40710,U0714,2025-10-14 11:33:00,2025-10-14 11:39:00,F,50+,office,seoul,0,0,0,0,17,0,0,25,1,0,completed
40711,U0715,2025-12-22 09:54:00,2025-12-22 09:58:00,M,30~39,office,seoul,0,0,0,0,14,0,0,32,0,0,timeout
40712,U0716,2025-05-31 18:13:00,2025-05-31 18:15:00,F,20~29,office,seoul,1,0,0,0,12,0,0,57,0,0,completed
40713,U0717,2025-07-08 19:10:00,2025-07-08 19:15:00,F,30~39,office,seoul,0,0,0,0,19,0,0,13,0,0,completed
40714,U0718,2025-11-04 18:56:00,2025-11-04 19:01:00,F,40~49,office,seoul,0,0,0,0,9,0,0,72,0,0,completed
40715,U0719,2025-04-28 08:29:00,2025-04-28 08:33:00,M,40~49,office,seoul,0,0,0,0,19,0,0,16,0,0,completed
40716,U0720,2025-08-03 19:28:00,2025-08-03 19:33:00,M,20~29,office,seoul,1,0,0,0,12,0,0,39,0,0,abandoned
40717,U0721,2025-09-29 09:31:00,2025-09-29 09:35:00,F,50+,office,seoul,0,0,0,0,17,0,0,55,0,0,completed
40718,U0722,2025-03-04 18:51:00,2025-03-04 18:56:00,F,20~29,office,seoul,0,0,0,0,24,0,0,62,0,0,completed
40719,U0723,2025-12-10 09:18:00,2025-12-10 09:25:00,F,40~49,office,seoul,0,0,0,0,12,0,0,65,0,0,completed
40720,U0724,2025-06-09 14:38:00,2025-06-09 14:43:00,F,20~29,office,seoul,0,0,0,0,3,0,0,16,0,0,completed
40721,U0725,2025-09-28 17:28:00,2025-09-28 17:33:00,M,40~49,office,seoul,1,0,0,0,14,0,0,43,0,0,completed
40722,U0726,2025-10-15 09:10:00,2025-10-15 09:13:00,F,30~39,office,seoul,0,0,0,0,26,0,0,14,0,0,abandoned
40723,U0727,2025-06-15 08:46:00,2025-06-15 08:49:00,F,20~29,office,seoul,1,0,0,0,25,0,0,57,0,0,completed
40724,U0728,2025-07-25 19:31:00,2025-07-25 19:33:00,F,20~29,office,seoul,0,0,0,0,29,0,0,66,0,0,completed
40725,U0729,2025-08-05 17:19:00,2025-08-05 17:24:00,M,20~29,office,seoul,0,0,0,0,10,0,0,23,0,0,completed
40726,U0730,2025-09-19 18:58:00,2025-09-19 19:05:00,M,40~49,office,seoul,0,0,0,0,23,0,0,57,0,0,completed
40727,U0731,2025-01-31 19:05:00,2025-01-31 19:07:00,M,20~29,office,seoul,0,0,0,0,29,0,0,31,0,0,completed
40728,U0732,2025-12-14 15:59:00,2025-12-14 16:05:00,F,40~49,office,seoul,1,0,0,0,13,0,0,53,0,0,completed
40729,U0733,2025-12-05 12:35:00,2025-12-05 12:42:00,F,30~39,office,seoul,0,0,0,0,24,0,0,73,0,0,completed
40730,U0734,2025-09-28 16:02:00,2025-09-28 16:07:00,M,20~29,office,seoul,1,0,0,0,1,0,0,39,0,0,completed
40731,U0735,2025-01-30 09:05:00,2025-01-30 09:09:00,F,30~39,office,seoul,0,0,0,0,10,0,0,27,0,0,completed
40732,U0736,2025-05-26 13:44:00,2025-05-26 13:49:00,F,50+,office,seoul,0,0,0,0,2,0,0,29,0,0,completed
40733,U0737,2025-11-08 13:22:00,2025-11-08 13:25:00,M,20~29,office,seoul,1,0,0,0,15,0,0,41,0,0,completed
40734,U0738,2025-11-08 08:52:00,2025-11-08 08:56:00,F,30~39,office,seoul,1,0,0,0,6,0,0,72,0,0,completed
40735,U0739,2025-02-23 11:46:00,2025-02-23 11:50:00,F,50+,office,seoul,1,0,0,0,16,0,0,31,0,0,completed
40736,U0740,2025-06-16 11:02:00,2025-06-16 11:05:00,F,20~29,office,seoul,0,0,0,0,19,0,0,10,0,0,completed
40737,U0741,2025-02-21 09:47:00,2025-02-21 09:51:00,F,30~39,office,seoul,0,0,0,0,16,0,0,47,0,0,completed
40738,U0742,2025-03-20 15:02:00,2025-03-20 15:09:00,M,20~29,office,seoul,0,0,0,0,18,0,0,21,0,0,completed
40739,U0743,2025-05-31 08:33:00,2025-05-31 08:36:00,M,20~29,office,seoul,1,0,0,0,21,0,0,18,0,0,completed
40740,U0744,2025-07-02 15:58:00,2025-07-02 16:05:00,F,50+,office,seoul,0,0,0,0,14,0,0,47,0,0,completed
40741,U0745,2025-09-05 16:02:00,2025-09-05 16:07:00,F,20~29,office,seoul,0,0,0,0,22,0,0,42,0,0,completed
40742,U0746,2025-10-25 16:03:00,2025-10-25 16:05:00,F,30~39,office,seoul,1,0,0,0,8,0,0,20,0,0,completed
40743,U0747,2025-06-05 22:50:00,2025-06-05 22:52:00,F,40~49,office,seoul,0,0,0,0,6,0,0,75,0,0,abandoned
40744,U0748,2025-12-21 08:21:00,2025-12-21 08:28:00,M,40~49,office,seoul,1,0,0,0,22,0,0,24,1,0,abandoned
40745,U0749,2025-11-27 07:15:00,2025-11-27 07:21:00,M,20~29,office,seoul,0,0,0,0,25,0,0,57,0,0,completed
40746,U0750,2025-09-01 19:33:00,2025-09-01 19:38:00,F,40~49,office,seoul,0,0,0,0,19,0,0,36,0,0,completed
40747,U0751,2025-08-10 12:49:00,2025-08-10 12:52:00,M,30~39,office,seoul,1,0,0,0,5,0,0,43,0,0,abandoned
40748,U0752,2025-02-04 09:22:00,2025-02-04 09:29:00,F,30~39,office,seoul,0,0,0,0,26,0,0,13,0,0,completed
40749,U0753,2025-07-11 17:24:00,2025-07-11 17:31:00,F,20~29,office,seoul,0,0,0,0,20,0,0,12,0,0,completed
40750,U0754,2025-08-22 22:27:00,2025-08-22 22:32:00,M,40~49,office,seoul,0,0,0,0,3,0,0,54,0,0,completed
40751,U0755,2025-03-17 15:44:00,2025-03-17 15:48:00,F,20~29,office,seoul,0,0,0,0,23,0,0,72,0,0,completed
40752,U0756,2025-03-27 13:20:00,2025-03-27 13:25:00,M,20~29,office,seoul,0,0,0,0,24,0,0,20,0,0,completed
40753,U0757,2025-03-03 08:29:00,2025-03-03 08:31:00,F,20~29,office,seoul,0,0,0,0,4,0,0,63,0,0,completed
40754,U0758,2025-11-23 11:21:00,2025-11-23 11:28:00,F,30~39,office,seoul,1,0,0,0,29,0,0,19,0,0,completed
40755,U0759,2025-05-11 11:05:00,2025-05-11 11:09:00,F,40~49,office,seoul,1,0,0,0,13,0,0,46,0,0,completed
40756,U0760,2025-08-27 19:27:00,2025-08-27 19:29:00,F,20~29,office,seoul,0,0,0,0,15,0,0,67,0,0,completed
40757,U0761,2025-05-03 16:22:00,2025-05-03 16:28:00,M,20~29,office,seoul,1,0,0,0,1,0,0,52,0,0,completed
40758,U0762,2025-08-06 11:14:00,2025-08-06 11:19:00,M,40~49,office,seoul,0,0,0,0,19,0,0,17,0,0,completed
40759,U0763,2025-06-16 11:43:00,2025-06-16 11:48:00,F,50+,office,seoul,0,0,0,0,11,0,0,55,0,0,completed
40760,U0764,2025-04-30 16:31:00,2025-04-30 16:36:00,M,30~39,office,seoul,0,0,0,0,10,0,0,44,0,0,completed
40761,U0765,2025-03-23 18:13:00,2025-03-23 18:19:00,F,20~29,office,seoul,1,0,0,0,20,0,0,61,0,0,completed
40762,U0766,2025-10-11 08:45:00,2025-10-11 08:52:00,F,30~39,office,seoul,1,0,0,0,13,0,0,50,0,0,completed
40763,U0767,2025-05-19 13:56:00,2025-05-19 13:58:00,M,30~39,office,seoul,0,0,0,0,25,0,0,54,0,0,error
40764,U0768,2025-04-10 12:50:00,2025-04-10 12:54:00,F,40~49,office,seoul,0,0,0,0,17,0,0,69,0,0,completed
40765,U0769,2025-09-12 15:57:00,2025-09-12 16:00:00,M,40~49,office,seoul,0,0,0,0,24,0,0,63,0,0,completed
40766,U0770,2025-11-24 22:52:00,2025-11-24 22:58:00,F,50+,office,seoul,0,0,0,0,12,0,0,70,0,0,completed
40767,U0771,2025-09-04 11:21:00,2025-09-04 11:25:00,F,30~39,office,seoul,0,0,0,0,4,0,0,42,0,0,abandoned
40768,U0772,2025-10-22 18:09:00,2025-10-22 18:13:00,F,30~39,office,seoul,0,0,0,0,20,0,0,52,0,0,completed
40769,U0773,2025-02-17 07:14:00,2025-02-17 07:19:00,M,30~39,office,seoul,0,0,0,0,18,0,0,59,0,0,completed
40770,U0774,2025-06-15 12:59:00,2025-06-15 13:01:00,F,20~29,office,seoul,1,0,0,0,27,0,0,24,0,0,completed
40771,U0775,2025-05-24 18:42:00,2025-05-24 18:49:00,M,20~29,office,seoul,1,0,0,0,6,0,0,49,0,0,completed
40772,U0776,2025-06-03 13:08:00,2025-06-03 13:10:00,F,20~29,office,seoul,0,0,0,0,19,0,0,73,0,0,timeout
40773,U0777,2025-07-16 20:24:00,2025-07-16 20:31:00,F,40~49,office,seoul,0,0,0,0,4,0,0,42,0,0,completed
40774,U0778,2025-02-02 17:28:00,2025-02-02 17:34:00,F,30~39,office,seoul,1,0,0,0,26,0,0,68,1,0,completed
40775,U0779,2025-11-01 17:12:00,2025-11-01 17:19:00,M,30~39,office,seoul,1,0,0,0,17,0,0,28,0,0,timeout
40776,U0780,2025-07-10 15:41:00,2025-07-10 15:43:00,F,20~29,office,seoul,0,0,0,0,16,0,0,54,0,0,completed
40777,U0781,2025-11-21 12:46:00,2025-11-21 12:48:00,M,40~49,office,seoul,0,0,0,0,7,0,0,50,0,0,abandoned
40778,U0782,2025-02-03 07:10:00,2025-02-03 07:12:00,M,30~39,office,seoul,0,0,0,0,19,0,0,16,0,0,completed
40779,U0783,2025-08-13 14:28:00,2025-08-13 14:35:00,M,40~49,office,seoul,0,0,0,0,20,0,0,78,0,0,completed
40780,U0784,2025-06-01 11:54:00,2025-06-01 11:57:00,F,50+,office,seoul,1,0,0,0,6,0,0,36,0,0,completed
40781,U0785,2025-09-12 11:33:00,2025-09-12 11:35:00,M,40~49,office,seoul,0,0,0,0,10,0,0,76,0,0,completed
40782,U0786,2025-12-23 19:44:00,2025-12-23 19:47:00,M,20~29,office,seoul,0,0,0,0,10,0,0,56,0,0,timeout
40783,U0787,2025-12-30 12:23:00,2025-12-30 12:30:00,M,30~39,office,seoul,0,0,0,0,11,0,0,22,0,0,completed
40784,U0788,2025-02-07 08:06:00,2025-02-07 08:09:00,F,30~39,office,seoul,0,0,0,0,5,0,0,60,0,0,completed
40785,U0789,2025-09-14 15:28:00,2025-09-14 15:35:00,F,30~39,office,seoul,1,0,0,0,15,0,0,56,0,0,completed
40786,U0790,2025-06-13 19:25:00,2025-06-13 19:32:00,F,20~29,office,seoul,0,0,0,0,25,0,0,59,0,0,completed
40787,U0791,2025-02-16 16:32:00,2025-02-16 16:34:00,F,40~49,office,seoul,1,0,0,0,29,0,0,24,1,0,completed
40788,U0792,2025-03-02 14:19:00,2025-03-02 14:21:00,M,30~39,office,seoul,1,0,0,0,5,0,0,24,0,0,completed
40789,U0793,2025-04-22 15:58:00,2025-04-22 16:04:00,M,20~29,office,seoul,0,0,0,0,18,0,0,62,0,0,abandoned
40790,U0794,2025-11-03 15:43:00,2025-11-03 15:49:00,F,30~39,office,seoul,0,0,0,0,5,0,0,40,0,0,completed
40791,U0795,2025-04-06 16:17:00,2025-04-06 16:22:00,M,50+,office,seoul,1,0,0,0,18,0,0,73,0,0,completed
40792,U0796,2025-05-11 11:19:00,2025-05-11 11:22:00,F,30~39,office,seoul,1,0,0,0,24,0,0,38,0,0,abandoned
40793,U0797,2025-11-26 08:06:00,2025-11-26 08:13:00,M,40~49,office,seoul,0,0,0,0,20,0,0,24,0,0,completed
40794,U0798,2025-05-10 11:15:00,2025-05-10 11:21:00,F,40~49,office,seoul,1,0,0,0,6,0,0,35,0,0,completed
40795,U0799,2025-03-02 13:10:00,2025-03-02 13:13:00,F,20~29,office,seoul,1,0,0,0,17,0,0,30,0,0,completed
40796,U0800,2025-09-18 12:39:00,2025-09-18 12:41:00,M,30~39,office,seoul,0,0,0,0,27,0,0,71,0,0,completed
40797,U0801,2025-12-25 08:56:00,2025-12-25 09:01:00,F,20~29,office,seoul,0,0,0,0,6,0,0,72,0,0,completed
40798,U0802,2025-08-11 18:12:00,2025-08-11 18:16:00,M,20~29,office,seoul,0,0,0,0,17,0,0,53,0,0,abandoned
40799,U0803,2025-07-15 16:02:00,2025-07-15 16:09:00,F,50+,office,seoul,0,0,0,0,11,0,0,13,0,0,completed
40800,U0804,2025-11-03 12:17:00,2025-11-03 12:23:00,M,50+,office,seoul,0,0,0,0,8,0,0,52,1,0,completed
40801,U0805,2025-07-10 17:08:00,2025-07-10 17:13:00,F,30~39,office,seoul,0,0,0,0,5,0,0,55,0,0,completed
40802,U0806,2025-06-10 14:12:00,2025-06-10 14:17:00,F,30~39,office,seoul,0,0,0,0,0,0,0,19,0,0,completed
40803,U0807,2025-12-08 12:21:00,2025-12-08 12:27:00,F,50+,office,seoul,0,0,0,0,25,0,0,62,0,0,completed
40804,U0808,2025-11-17 08:35:00,2025-11-17 08:40:00,F,30~39,office,seoul,0,0,0,0,14,0,0,64,0,0,timeout
40805,U0809,2025-04-23 17:46:00,2025-04-23 17:51:00,F,30~39,office,seoul,0,0,0,0,20,0,0,29,0,0,abandoned
40806,U0810,2025-05-14 12:07:00,2025-05-14 12:12:00,F,40~49,office,seoul,0,0,0,0,4,0,0,21,0,0,completed
40807,U0811,2025-09-05 13:31:00,2025-09-05 13:37:00,F,40~49,office,seoul,0,0,0,0,23,0,0,50,0,0,completed
40808,U0812,2025-01-04 12:55:00,2025-01-04 13:01:00,F,30~39,office,seoul,1,0,0,0,13,0,0,53,0,0,completed
40809,U0813,2025-09-25 17:11:00,2025-09-25 17:13:00,F,20~29,office,seoul,0,0,0,0,2,0,0,25,0,0,timeout
40810,U0814,2025-03-28 13:36:00,2025-03-28 13:43:00,F,30~39,office,seoul,0,0,0,0,5,0,0,42,0,0,completed
40811,U0815,2025-07-30 11:15:00,2025-07-30 11:17:00,F,50+,office,seoul,0,0,0,0,29,0,0,31,0,0,completed
40812,U0816,2025-01-15 07:54:00,2025-01-15 07:59:00,F,30~39,office,seoul,0,0,0,0,16,0,0,29,0,0,completed
40813,U0817,2025-03-26 09:28:00,2025-03-26 09:30:00,M,20~29,office,seoul,0,0,0,0,16,0,0,27,0,0,completed
40814,U0818,2025-01-07 14:24:00,2025-01-07 14:27:00,M,20~29,office,seoul,0,0,0,0,18,0,0,57,0,0,abandoned
40815,U0819,2025-02-12 17:08:00,2025-02-12 17:12:00,M,50+,office,seoul,0,0,0,0,22,0,0,46,0,0,completed
40816,U0820,2025-02-25 20:27:00,2025-02-25 20:34:00,F,20~29,office,seoul,0,0,0,0,13,0,0,22,0,0,completed
40817,U0821,2025-05-29 12:02:00,2025-05-29 12:05:00,F,50+,office,seoul,0,0,0,0,22,0,0,35,0,0,completed
40818,U0822,2025-12-02 14:01:00,2025-12-02 14:03:00,F,40~49,office,seoul,0,0,0,0,23,0,0,47,0,0,completed
40819,U0823,2025-06-24 09:36:00,2025-06-24 09:39:00,M,30~39,office,seoul,0,0,0,0,24,0,0,42,0,0,completed
40820,U0824,2025-09-29 15:32:00,2025-09-29 15:38:00,M,40~49,office,seoul,0,0,0,0,0,0,0,61,0,0,completed
40821,U0825,2025-07-11 12:21:00,2025-07-11 12:25:00,M,50+,office,seoul,0,0,0,0,8,0,0,61,0,0,timeout
40822,U0826,2025-09-24 15:12:00,2025-09-24 15:15:00,F,20~29,office,seoul,0,0,0,0,15,0,0,74,0,0,completed
40823,U0827,2025-05-24 15:32:00,2025-05-24 15:39:00,M,40~49,office,seoul,1,0,0,0,24,0,0,10,0,0,completed
40824,U0828,2025-10-14 12:54:00,2025-10-14 12:58:00,F,40~49,office,seoul,0,0,0,0,4,0,0,18,0,0,completed
40825,U0829,2025-11-15 14:26:00,2025-11-15 14:33:00,M,40~49,office,seoul,1,0,0,0,10,0,0,79,0,0,completed
40826,U0830,2025-11-15 18:09:00,2025-11-15 18:16:00,F,30~39,office,seoul,1,0,0,0,15,0,0,64,0,0,completed
40827,U0831,2025-06-07 17:58:00,2025-06-07 18:02:00,F,20~29,office,seoul,1,0,0,0,2,0,0,69,0,0,completed
40828,U0832,2025-08-28 12:47:00,2025-08-28 12:54:00,M,20~29,office,seoul,0,0,0,0,9,0,0,25,0,0,completed
40829,U0833,2025-12-21 18:06:00,2025-12-21 18:10:00,F,40~49,office,seoul,1,0,0,0,23,0,0,57,0,0,completed
40830,U0834,2025-02-04 20:33:00,2025-02-04 20:37:00,F,50+,office,seoul,0,0,0,0,17,0,0,34,0,0,completed
40831,U0835,2025-03-10 15:58:00,2025-03-10 16:02:00,M,20~29,office,seoul,0,0,0,0,25,0,0,26,0,0,completed
40832,U0836,2025-06-01 20:24:00,2025-06-01 20:30:00,F,30~39,office,seoul,1,0,0,0,26,0,0,10,1,0,completed
40833,U0837,2025-06-09 12:21:00,2025-06-09 12:23:00,F,30~39,office,seoul,0,0,0,0,0,0,0,56,0,0,completed
40834,U0838,2025-01-14 07:12:00,2025-01-14 07:15:00,F,20~29,office,seoul,0,0,0,0,16,0,0,24,0,0,completed
40835,U0839,2025-10-12 07:04:00,2025-10-12 07:11:00,M,30~39,office,seoul,1,0,0,0,25,0,0,38,0,0,completed
40836,U0840,2025-09-15 07:39:00,2025-09-15 07:43:00,F,20~29,office,seoul,0,0,0,0,4,0,0,20,0,0,completed
40837,U0841,2025-01-22 12:50:00,2025-01-22 12:55:00,F,20~29,office,seoul,0,0,0,0,8,0,0,66,0,0,completed
40838,U0842,2025-05-10 13:49:00,2025-05-10 13:52:00,F,30~39,office,seoul,1,0,0,0,25,0,0,19,0,0,completed
40839,U0843,2025-04-24 12:51:00,2025-04-24 12:57:00,F,20~29,office,seoul,0,0,0,0,29,0,0,70,0,0,completed
40840,U0844,2025-10-13 22:14:00,2025-10-13 22:19:00,F,30~39,office,seoul,0,0,0,0,4,0,0,75,0,0,completed
40841,U0845,2025-08-11 19:25:00,2025-08-11 19:28:00,F,50+,office,seoul,0,0,0,0,21,0,0,66,0,0,completed
40842,U0846,2025-10-29 18:30:00,2025-10-29 18:32:00,F,30~39,office,seoul,0,0,0,0,21,0,0,41,0,0,completed
40843,U0847,2025-08-09 16:46:00,2025-08-09 16:50:00,F,20~29,office,seoul,1,0,0,0,29,0,0,75,0,0,completed
40844,U0848,2025-08-14 11:32:00,2025-08-14 11:38:00,M,30~39,office,seoul,0,0,0,0,20,0,0,44,0,0,completed
40845,U0849,2025-05-18 14:49:00,2025-05-18 14:52:00,F,40~49,office,seoul,1,0,0,0,18,0,0,32,0,0,completed
40846,U0850,2025-09-29 11:22:00,2025-09-29 11:24:00,M,30~39,office,seoul,0,0,0,0,3,0,0,43,1,0,completed
40847,U0851,2025-07-23 07:03:00,2025-07-23 07:05:00,M,40~49,office,seoul,0,0,0,0,5,0,0,47,0,0,completed
40848,U0852,2025-09-20 14:21:00,2025-09-20 14:28:00,M,20~29,office,seoul,1,0,0,0,0,0,0,69,0,0,completed
40849,U0853,2025-02-13 19:29:00,2025-02-13 19:35:00,M,20~29,office,seoul,0,0,0,0,13,0,0,79,0,0,completed
40850,U0854,2025-07-24 15:12:00,2025-07-24 15:15:00,M,40~49,office,seoul,0,0,0,0,17,0,0,65,0,0,completed
40851,U0855,2025-08-14 14:12:00,2025-08-14 14:16:00,F,30~39,office,seoul,0,0,0,0,2,0,0,62,0,0,completed
40852,U0856,2025-03-19 09:07:00,2025-03-19 09:09:00,F,30~39,office,seoul,0,0,0,0,22,0,0,10,0,0,completed
40853,U0857,2025-03-12 09:41:00,2025-03-12 09:43:00,F,20~29,office,seoul,0,0,0,0,1,0,0,24,0,0,timeout
40854,U0858,2025-09-05 12:15:00,2025-09-05 12:19:00,F,50+,office,seoul,0,0,0,0,25,0,0,39,0,0,completed
40855,U0859,2025-08-29 12:12:00,2025-08-29 12:14:00,M,50+,office,seoul,0,0,0,0,10,0,0,55,0,0,completed
40856,U0860,2025-01-06 08:56:00,2025-01-06 08:58:00,M,20~29,office,seoul,0,0,0,0,26,0,0,53,0,0,completed
40857,U0861,2025-01-24 14:31:00,2025-01-24 14:36:00,F,30~39,office,seoul,0,0,0,0,23,0,0,30,0,0,completed
40858,U0862,2025-08-21 08:23:00,2025-08-21 08:30:00,F,30~39,office,seoul,0,0,0,0,11,0,0,39,0,0,completed
40859,U0863,2025-07-06 13:11:00,2025-07-06 13:14:00,M,20~29,office,seoul,1,0,0,0,19,0,0,75,0,0,completed
40860,U0864,2025-02-28 09:09:00,2025-02-28 09:13:00,M,50+,office,seoul,0,0,0,0,29,0,0,35,0,0,completed
40861,U0865,2025-04-04 17:35:00,2025-04-04 17:42:00,F,20~29,office,seoul,0,0,0,0,14,0,0,55,0,0,completed
40862,U0866,2025-04-27 19:34:00,2025-04-27 19:40:00,M,50+,office,seoul,1,0,0,0,18,0,0,64,0,0,completed
40863,U0867,2025-05-14 09:54:00,2025-05-14 09:58:00,M,40~49,office,seoul,0,0,0,0,11,0,0,19,0,0,abandoned
40864,U0868,2025-11-20 18:21:00,2025-11-20 18:25:00,M,40~49,office,seoul,0,0,0,0,25,0,0,52,0,0,completed
40865,U0869,2025-01-05 15:32:00,2025-01-05 15:39:00,F,20~29,office,seoul,1,0,0,0,19,0,0,21,0,0,completed
40866,U0870,2025-04-11 15:07:00,2025-04-11 15:10:00,F,30~39,office,seoul,0,0,0,0,29,0,0,60,0,0,completed
40867,U0871,2025-03-07 13:40:00,2025-03-07 13:45:00,M,30~39,office,seoul,0,0,0,0,19,0,0,68,0,0,completed
40868,U0872,2025-04-05 19:27:00,2025-04-05 19:33:00,F,40~49,office,seoul,1,0,0,0,18,0,0,20,0,0,completed
40869,U0873,2025-12-25 14:14:00,2025-12-25 14:19:00,M,40~49,office,seoul,0,0,0,0,4,0,0,10,0,0,completed
40870,U0874,2025-06-18 16:02:00,2025-06-18 16:08:00,F,50+,office,seoul,0,0,0,0,14,0,0,40,0,0,completed
40871,U0875,2025-04-14 07:53:00,2025-04-14 08:00:00,F,20~29,office,seoul,0,0,0,0,10,0,0,27,0,0,completed
40872,U0876,2025-06-04 11:48:00,2025-06-04 11:51:00,F,20~29,office,seoul,0,0,0,0,18,0,0,28,0,0,completed
40873,U0877,2025-03-24 15:04:00,2025-03-24 15:06:00,F,20~29,office,seoul,0,0,0,0,5,0,0,41,0,0,error
40874,U0878,2025-06-26 17:34:00,2025-06-26 17:36:00,F,20~29,office,seoul,0,0,0,0,22,0,0,58,0,0,abandoned
40875,U0879,2025-08-14 20:10:00,2025-08-14 20:12:00,M,20~29,office,seoul,0,0,0,0,3,0,0,71,0,0,completed
40876,U0880,2025-03-31 14:58:00,2025-03-31 15:00:00,F,20~29,office,seoul,0,0,0,0,9,0,0,78,0,0,completed
40877,U0881,2025-12-28 19:21:00,2025-12-28 19:23:00,M,20~29,office,seoul,1,0,0,0,0,0,0,60,0,0,completed
40878,U0882,2025-12-14 15:05:00,2025-12-14 15:09:00,M,20~29,office,seoul,1,0,0,0,1,0,0,66,0,0,completed
40879,U0883,2025-12-12 16:50:00,2025-12-12 16:52:00,F,30~39,office,seoul,0,0,0,0,29,0,0,50,0,0,completed
40880,U0884,2025-12-28 15:06:00,2025-12-28 15:11:00,M,30~39,office,seoul,1,0,0,0,5,0,0,24,0,0,completed
40881,U0885,2025-11-26 11:43:00,2025-11-26 11:50:00,M,30~39,office,seoul,0,0,0,0,10,0,0,33,0,0,timeout
40882,U0886,2025-12-29 13:20:00,2025-12-29 13:27:00,F,40~49,office,seoul,0,0,0,0,22,0,0,56,0,0,completed
40883,U0887,2025-08-19 15:29:00,2025-08-19 15:35:00,F,20~29,office,seoul,0,0,0,0,17,0,0,33,0,0,completed
40884,U0888,2025-05-09 13:44:00,2025-05-09 13:49:00,M,50+,office,seoul,0,0,0,0,2,0,0,71,0,0,completed
40885,U0889,2025-01-31 12:05:00,2025-01-31 12:12:00,M,30~39,office,seoul,0,0,0,0,23,0,0,39,0,0,completed
40886,U0890,2025-03-27 15:50:00,2025-03-27 15:53:00,F,20~29,office,seoul,0,0,0,0,25,0,0,23,0,0,error
40887,U0891,2025-12-23 15:29:00,2025-12-23 15:31:00,F,30~39,office,seoul,0,0,0,0,28,0,0,51,0,0,completed
40888,U0892,2025-05-06 15:42:00,2025-05-06 15:48:00,M,20~29,office,seoul,0,0,0,0,11,0,0,35,0,0,completed
40889,U0893,2025-04-09 09:19:00,2025-04-09 09:24:00,F,30~39,office,seoul,0,0,0,0,18,0,0,60,0,0,completed
40890,U0894,2025-01-21 13:25:00,2025-01-21 13:31:00,F,30~39,office,seoul,0,0,0,0,20,0,0,65,0,0,completed
40891,U0895,2025-03-27 22:18:00,2025-03-27 22:24:00,M,40~49,office,seoul,0,0,0,0,26,0,0,70,0,0,completed
40892,U0896,2025-10-05 11:53:00,2025-10-05 11:58:00,M,20~29,office,seoul,1,0,0,0,8,0,0,74,0,0,abandoned
40893,U0897,2025-02-23 09:44:00,2025-02-23 09:51:00,M,30~39,office,seoul,1,0,0,0,13,0,0,28,0,0,timeout
40894,U0898,2025-06-10 20:53:00,2025-06-10 20:59:00,F,40~49,office,seoul,0,0,0,0,16,0,0,41,0,0,abandoned
40895,U0899,2025-07-25 19:41:00,2025-07-25 19:45:00,F,30~39,office,seoul,0,0,0,0,19,0,0,54,0,0,completed
40896,U0900,2025-04-12 20:26:00,2025-04-12 20:28:00,M,20~29,office,seoul,1,0,0,0,0,0,0,55,0,0,completed
40897,U0901,2025-08-24 22:05:00,2025-08-24 22:07:00,F,20~29,office,seoul,1,0,0,0,27,0,0,35,0,0,abandoned
40898,U0902,2025-08-17 08:23:00,2025-08-17 08:25:00,F,20~29,office,seoul,1,0,0,0,15,0,0,50,0,0,completed
40899,U0903,2025-07-22 07:15:00,2025-07-22 07:18:00,M,30~39,office,seoul,0,0,0,0,27,0,0,76,0,0,timeout
40900,U0904,2025-03-22 11:55:00,2025-03-22 11:57:00,F,30~39,office,seoul,1,0,0,0,8,0,0,39,0,0,completed
40901,U0905,2025-05-18 19:44:00,2025-05-18 19:48:00,F,50+,office,seoul,1,0,0,0,1,0,0,14,0,0,completed
40902,U0906,2025-04-10 20:29:00,2025-04-10 20:35:00,M,20~29,office,seoul,0,0,0,0,21,0,0,23,0,0,completed
40903,U0907,2025-09-29 07:10:00,2025-09-29 07:15:00,F,40~49,office,seoul,0,0,0,0,7,0,0,48,0,0,completed
40904,U0908,2025-09-02 22:54:00,2025-09-02 23:01:00,M,30~39,office,seoul,0,0,0,0,11,0,0,25,0,0,completed
40905,U0909,2025-04-18 11:46:00,2025-04-18 11:50:00,F,30~39,office,seoul,0,0,0,0,21,0,0,77,0,0,abandoned
40906,U0910,2025-08-27 20:30:00,2025-08-27 20:33:00,M,20~29,office,seoul,0,0,0,0,21,0,0,65,0,0,completed
40907,U0911,2025-05-16 15:44:00,2025-05-16 15:46:00,M,20~29,office,seoul,0,0,0,0,2,0,0,11,0,0,completed
40908,U0912,2025-09-09 14:22:00,2025-09-09 14:25:00,F,20~29,office,seoul,0,0,0,0,28,0,0,17,0,0,completed
40909,U0913,2025-11-30 09:02:00,2025-11-30 09:05:00,F,30~39,office,seoul,1,0,0,0,15,0,0,11,0,0,completed
40910,U0914,2025-06-20 12:43:00,2025-06-20 12:46:00,F,20~29,office,seoul,0,0,0,0,26,0,0,66,0,0,abandoned
40911,U0915,2025-09-16 15:12:00,2025-09-16 15:16:00,F,20~29,office,seoul,0,0,0,0,5,0,0,37,0,0,completed
40912,U0916,2025-02-28 08:00:00,2025-02-28 08:05:00,M,20~29,office,seoul,0,0,0,0,13,0,0,25,0,0,completed
40913,U0917,2025-07-06 14:39:00,2025-07-06 14:45:00,M,30~39,office,seoul,1,0,0,0,12,0,0,45,0,0,completed
40914,U0918,2025-08-31 09:38:00,2025-08-31 09:42:00,F,30~39,office,seoul,1,0,0,0,8,0,0,44,0,0,completed
40915,U0919,2025-10-28 14:03:00,2025-10-28 14:09:00,M,20~29,office,seoul,0,0,0,0,17,0,0,10,0,0,completed
40916,U0920,2025-12-28 22:17:00,2025-12-28 22:21:00,M,20~29,office,seoul,1,0,0,0,16,0,0,42,0,0,completed
40917,U0921,2025-04-29 21:33:00,2025-04-29 21:36:00,M,30~39,office,seoul,0,0,0,0,3,0,0,12,0,0,completed
40918,U0922,2025-07-05 09:24:00,2025-07-05 09:28:00,F,40~49,office,seoul,1,0,0,0,26,0,0,60,0,0,completed
40919,U0923,2025-04-27 21:31:00,2025-04-27 21:34:00,F,50+,office,seoul,1,0,0,0,3,0,0,29,0,0,completed
40920,U0924,2025-04-03 11:18:00,2025-04-03 11:20:00,M,20~29,office,seoul,0,0,0,0,22,0,0,66,0,1,completed
40921,U0925,2025-02-03 12:07:00,2025-02-03 12:11:00,F,50+,office,seoul,0,0,0,0,12,0,0,64,0,0,completed
40922,U0926,2025-11-29 08:27:00,2025-11-29 08:33:00,M,30~39,office,seoul,1,0,0,0,3,0,0,40,0,0,completed
40923,U0927,2025-09-22 19:16:00,2025-09-22 19:19:00,M,50+,office,seoul,0,0,0,0,29,0,0,12,0,0,completed
40924,U0928,2025-01-26 16:41:00,2025-01-26 16:45:00,F,20~29,office,seoul,1,0,0,0,14,0,0,24,0,0,completed
40925,U0929,2025-08-06 09:56:00,2025-08-06 10:03:00,F,40~49,office,seoul,0,0,0,0,7,0,0,79,0,0,completed
40926,U0930,2025-03-18 12:03:00,2025-03-18 12:05:00,M,40~49,office,seoul,0,0,0,0,4,0,0,35,0,0,completed
40927,U0931,2025-07-18 16:39:00,2025-07-18 16:41:00,M,20~29,office,seoul,0,0,0,0,19,0,0,49,0,0,completed
40928,U0932,2025-02-25 22:54:00,2025-02-25 23:01:00,M,30~39,office,seoul,0,0,0,0,1,0,0,58,0,0,completed
40929,U0933,2025-08-07 14:52:00,2025-08-07 14:56:00,F,20~29,office,seoul,0,0,0,0,23,0,0,31,0,0,completed
40930,U0934,2025-02-09 07:32:00,2025-02-09 07:39:00,F,40~49,office,seoul,1,0,0,0,6,0,0,34,0,0,completed
40931,U0935,2025-03-24 16:51:00,2025-03-24 16:54:00,M,20~29,office,seoul,0,0,0,0,10,0,0,67,0,0,completed
40932,U0936,2025-07-31 08:08:00,2025-07-31 08:11:00,M,30~39,office,seoul,0,0,0,0,8,0,0,26,0,0,completed
40933,U0937,2025-01-05 20:32:00,2025-01-05 20:39:00,F,20~29,office,seoul,1,0,0,0,9,0,0,39,0,0,completed
40934,U0938,2025-11-11 09:20:00,2025-11-11 09:22:00,F,30~39,office,seoul,0,0,0,0,25,0,0,15,0,0,completed
40935,U0939,2025-12-15 15:24:00,2025-12-15 15:30:00,M,20~29,office,seoul,0,0,0,0,3,0,0,71,0,0,completed
40936,U0940,2025-11-03 12:45:00,2025-11-03 12:47:00,F,20~29,office,seoul,0,0,0,0,24,0,0,44,0,0,completed
40937,U0941,2025-07-10 12:57:00,2025-07-10 12:59:00,F,30~39,office,seoul,0,0,0,0,0,0,0,40,0,0,completed
40938,U0942,2025-06-20 17:13:00,2025-06-20 17:18:00,M,50+,office,seoul,0,0,0,0,5,0,0,55,0,0,completed
40939,U0943,2025-05-21 08:15:00,2025-05-21 08:18:00,F,40~49,office,seoul,0,0,0,0,7,0,0,10,0,0,completed
40940,U0944,2025-01-12 17:34:00,2025-01-12 17:37:00,F,30~39,office,seoul,1,0,0,0,23,0,0,45,0,0,completed
40941,U0945,2025-05-01 09:13:00,2025-05-01 09:17:00,F,30~39,office,seoul,0,0,0,0,29,0,0,24,0,0,completed
40942,U0946,2025-09-04 14:54:00,2025-09-04 15:00:00,F,40~49,office,seoul,0,0,0,0,17,0,0,66,0,0,timeout
40943,U0947,2025-03-09 11:09:00,2025-03-09 11:12:00,F,30~39,office,seoul,1,0,0,0,9,0,0,23,0,0,completed
40944,U0948,2025-01-30 08:21:00,2025-01-30 08:24:00,F,30~39,office,seoul,0,0,0,0,9,0,0,42,0,0,completed
40945,U0949,2025-04-25 09:07:00,2025-04-25 09:09:00,M,30~39,office,seoul,0,0,0,0,14,0,0,24,0,0,completed
40946,U0950,2025-01-10 09:59:00,2025-01-10 10:04:00,F,20~29,office,seoul,0,0,0,0,23,0,0,10,0,0,completed
40947,U0951,2025-03-31 12:47:00,2025-03-31 12:49:00,F,40~49,office,seoul,0,0,0,0,12,0,0,49,0,0,completed
40948,U0952,2025-07-18 09:54:00,2025-07-18 10:01:00,F,30~39,office,seoul,0,0,0,0,0,0,0,11,0,0,completed
40949,U0953,2025-06-24 16:06:00,2025-06-24 16:09:00,F,20~29,office,seoul,0,0,0,0,5,0,0,12,0,0,completed
40950,U0954,2025-02-18 18:04:00,2025-02-18 18:07:00,M,30~39,office,seoul,0,0,0,0,25,0,0,77,0,0,completed
40951,U0955,2025-06-22 14:13:00,2025-06-22 14:15:00,F,40~49,office,seoul,1,0,0,0,19,0,0,56,0,0,completed
40952,U0956,2025-03-04 12:23:00,2025-03-04 12:25:00,F,50+,office,seoul,0,0,0,0,11,0,0,21,0,0,completed
40953,U0957,2025-03-07 12:49:00,2025-03-07 12:56:00,M,30~39,office,seoul,0,0,0,0,29,0,0,47,0,0,completed
40954,U0958,2025-04-12 12:13:00,2025-04-12 12:18:00,M,50+,office,seoul,1,0,0,0,21,0,0,57,0,0,completed
40955,U0959,2025-11-13 14:59:00,2025-11-13 15:02:00,F,40~49,office,seoul,0,0,0,0,9,0,0,70,0,0,completed
40956,U0960,2025-03-30 12:08:00,2025-03-30 12:10:00,F,20~29,office,seoul,1,0,0,0,13,0,0,66,0,0,completed
40957,U0961,2025-06-09 09:21:00,2025-06-09 09:28:00,M,30~39,office,seoul,0,0,0,0,7,0,0,47,0,0,completed
40958,U0962,2025-02-13 12:08:00,2025-02-13 12:15:00,F,40~49,office,seoul,0,0,0,0,23,0,0,30,0,0,completed
40959,U0963,2025-10-06 12:12:00,2025-10-06 12:14:00,F,40~49,office,seoul,0,0,0,0,0,0,0,57,0,0,completed
40960,U0964,2025-02-02 17:26:00,2025-02-02 17:32:00,F,30~39,office,seoul,1,0,0,0,25,0,0,55,0,0,completed
40961,U0965,2025-01-01 08:05:00,2025-01-01 08:10:00,F,50+,office,seoul,0,0,0,0,16,0,0,23,0,0,completed
40962,U0966,2025-07-11 16:52:00,2025-07-11 16:55:00,M,50+,office,seoul,0,0,0,0,10,0,0,68,0,0,completed
40963,U0967,2025-10-15 15:08:00,2025-10-15 15:13:00,M,20~29,office,seoul,0,0,0,0,12,0,0,51,0,0,error
40964,U0968,2025-03-25 09:05:00,2025-03-25 09:10:00,F,40~49,office,seoul,0,0,0,0,0,0,0,53,0,0,completed
40965,U0969,2025-10-18 12:55:00,2025-10-18 12:58:00,F,20~29,office,seoul,1,0,0,0,24,0,0,18,0,0,completed
40966,U0970,2025-03-15 12:23:00,2025-03-15 12:29:00,F,20~29,office,seoul,1,0,0,0,0,0,0,58,0,0,abandoned
40967,U0971,2025-07-13 17:11:00,2025-07-13 17:13:00,F,30~39,office,seoul,1,0,0,0,11,0,0,16,0,0,completed
40968,U0972,2025-04-05 13:01:00,2025-04-05 13:03:00,M,30~39,office,seoul,1,0,0,0,24,0,0,58,0,0,completed
40969,U0973,2025-11-07 12:56:00,2025-11-07 12:58:00,F,20~29,office,seoul,0,0,0,0,20,0,0,66,0,0,completed
40970,U0974,2025-04-30 19:21:00,2025-04-30 19:25:00,F,20~29,office,seoul,0,0,0,0,6,0,0,29,0,0,completed
40971,U0975,2025-12-14 14:10:00,2025-12-14 14:15:00,F,50+,office,seoul,1,0,0,0,10,0,0,11,0,0,completed
40972,U0976,2025-04-15 21:02:00,2025-04-15 21:06:00,M,40~49,office,seoul,0,0,0,0,6,0,0,32,1,0,completed
40973,U0977,2025-09-19 18:19:00,2025-09-19 18:23:00,F,30~39,office,seoul,0,0,0,0,11,0,0,68,0,0,completed
40974,U0978,2025-07-08 17:14:00,2025-07-08 17:19:00,M,30~39,office,seoul,0,0,0,0,8,0,0,61,0,0,completed
40975,U0979,2025-06-29 09:23:00,2025-06-29 09:29:00,M,20~29,office,seoul,1,0,0,0,18,0,0,46,0,0,completed
40976,U0980,2025-02-23 09:49:00,2025-02-23 09:56:00,M,30~39,office,seoul,1,0,0,0,18,0,0,33,0,0,completed
40977,U0981,2025-05-29 07:30:00,2025-05-29 07:35:00,M,20~29,office,seoul,0,0,0,0,24,0,0,58,0,0,completed
40978,U0982,2025-04-25 13:59:00,2025-04-25 14:05:00,M,30~39,office,seoul,0,0,0,0,6,0,0,65,0,0,completed
40979,U0983,2025-04-10 09:58:00,2025-04-10 10:04:00,F,30~39,office,seoul,0,0,0,0,24,0,0,56,0,0,completed
40980,U0984,2025-10-27 13:18:00,2025-10-27 13:23:00,M,20~29,office,seoul,0,0,0,0,15,0,0,45,0,0,completed
40981,U0985,2025-10-28 15:59:00,2025-10-28 16:04:00,M,40~49,office,seoul,0,0,0,0,28,0,0,59,0,1,completed
40982,U0986,2025-05-21 15:26:00,2025-05-21 15:28:00,M,40~49,office,seoul,0,0,0,0,10,0,0,43,0,0,completed
40983,U0987,2025-06-30 16:46:00,2025-06-30 16:49:00,M,30~39,office,seoul,0,0,0,0,21,0,0,17,0,0,completed
40984,U0988,2025-11-20 07:09:00,2025-11-20 07:16:00,M,40~49,office,seoul,0,0,0,0,25,0,0,21,0,0,completed
40985,U0989,2025-12-17 14:58:00,2025-12-17 15:05:00,F,40~49,office,seoul,0,0,0,0,29,0,0,17,0,0,completed
40986,U0990,2025-03-09 12:04:00,2025-03-09 12:08:00,F,20~29,office,seoul,1,0,0,0,18,0,0,58,0,0,completed
40987,U0991,2025-05-07 12:18:00,2025-05-07 12:23:00,M,20~29,office,seoul,0,0,0,0,14,0,0,13,0,0,completed
40988,U0992,2025-02-25 18:18:00,2025-02-25 18:23:00,M,50+,office,seoul,0,0,0,0,19,0,0,25,0,0,completed
40989,U0993,2025-06-10 08:59:00,2025-06-10 09:02:00,F,50+,office,seoul,0,0,0,0,19,0,0,16,0,0,completed
40990,U0994,2025-09-16 16:10:00,2025-09-16 16:15:00,F,20~29,office,seoul,0,0,0,0,7,0,0,37,0,0,completed
40991,U0995,2025-05-17 13:41:00,2025-05-17 13:47:00,F,30~39,office,seoul,1,0,0,0,11,0,0,55,0,0,completed
40992,U0996,2025-03-01 11:46:00,2025-03-01 11:49:00,F,30~39,office,seoul,1,0,0,0,8,0,0,44,0,0,completed
40993,U0997,2025-01-26 19:57:00,2025-01-26 20:03:00,F,50+,office,seoul,1,0,0,0,22,0,0,17,0,0,abandoned
40994,U0998,2025-06-05 17:55:00,2025-06-05 18:02:00,F,50+,office,seoul,0,0,0,0,26,0,0,75,0,0,completed
40995,U0999,2025-08-29 16:49:00,2025-08-29 16:52:00,F,30~39,office,seoul,0,0,0,0,5,0,0,60,0,0,timeout
40996,U1000,2025-12-28 15:09:00,2025-12-28 15:11:00,F,40~49,office,seoul,1,0,0,0,14,0,0,67,0,0,completed
40997,U1001,2025-10-23 17:30:00,2025-10-23 17:35:00,F,30~39,office,seoul,0,0,0,0,26,0,0,16,0,0,completed
40998,U1002,2025-01-29 16:51:00,2025-01-29 16:55:00,F,30~39,office,seoul,0,0,0,0,16,0,0,42,0,0,completed
40999,U1003,2025-06-01 16:45:00,2025-06-01 16:51:00,M,30~39,office,seoul,1,0,0,0,24,0,0,51,0,0,completed
41000,U1004,2025-06-15 15:33:00,2025-06-15 15:37:00,F,40~49,office,seoul,1,0,0,0,3,0,0,28,0,0,completed
41001,U1005,2025-07-18 17:33:00,2025-07-18 17:38:00,F,50+,office,seoul,0,0,0,0,19,0,0,25,0,0,completed
41002,U1006,2025-04-16 12:55:00,2025-04-16 12:57:00,M,30~39,office,seoul,0,0,0,0,9,0,0,29,0,0,abandoned
41003,U1007,2025-10-25 17:07:00,2025-10-25 17:13:00,M,30~39,office,seoul,1,0,0,0,9,0,0,58,0,0,completed
41004,U1008,2025-06-26 15:25:00,2025-06-26 15:27:00,F,30~39,office,seoul,0,0,0,0,9,0,0,64,0,0,completed
41005,U1009,2025-07-15 18:36:00,2025-07-15 18:43:00,M,20~29,office,seoul,0,0,0,0,2,0,0,79,0,0,error
41006,U1010,2025-07-03 21:28:00,2025-07-03 21:31:00,F,50+,office,seoul,0,0,0,0,19,0,0,67,0,0,completed
41007,U1011,2025-06-19 16:16:00,2025-06-19 16:23:00,F,20~29,office,seoul,0,0,0,0,21,0,0,62,0,0,completed
41008,U1012,2025-09-20 18:21:00,2025-09-20 18:24:00,F,30~39,office,seoul,1,0,0,0,15,0,0,24,0,0,completed
41009,U1013,2025-09-24 20:05:00,2025-09-24 20:11:00,F,30~39,office,seoul,0,0,0,0,9,0,0,55,0,0,completed
41010,U1014,2025-06-26 09:10:00,2025-06-26 09:13:00,M,20~29,office,seoul,0,0,0,0,1,0,0,78,0,0,completed
41011,U1015,2025-07-29 12:12:00,2025-07-29 12:14:00,F,50+,office,seoul,0,0,0,0,1,0,0,76,0,0,completed
41012,U1016,2025-06-05 09:51:00,2025-06-05 09:56:00,F,20~29,office,seoul,0,0,0,0,17,0,0,70,0,0,completed
41013,U1017,2025-12-27 08:56:00,2025-12-27 08:58:00,M,20~29,office,seoul,1,0,0,0,9,0,0,52,0,0,completed
41014,U1018,2025-05-08 08:10:00,2025-05-08 08:13:00,F,40~49,office,seoul,0,0,0,0,25,0,0,17,0,0,completed
41015,U1019,2025-11-22 15:42:00,2025-11-22 15:48:00,M,40~49,office,seoul,1,0,0,0,17,0,0,66,0,0,completed
41016,U1020,2025-09-16 16:30:00,2025-09-16 16:37:00,M,30~39,office,seoul,0,0,0,0,16,0,0,66,0,0,completed
41017,U1021,2025-03-23 17:33:00,2025-03-23 17:40:00,M,20~29,office,seoul,1,0,0,0,27,0,0,10,0,0,completed
41018,U1022,2025-06-16 16:33:00,2025-06-16 16:39:00,F,50+,office,seoul,0,0,0,0,25,0,0,24,0,0,error
41019,U1023,2025-10-10 16:11:00,2025-10-10 16:14:00,F,30~39,office,seoul,0,0,0,0,20,0,0,13,0,0,completed
41020,U1024,2025-05-26 16:28:00,2025-05-26 16:34:00,F,40~49,office,seoul,0,0,0,0,9,0,0,15,0,0,completed
41021,U1025,2025-08-23 17:54:00,2025-08-23 17:58:00,M,20~29,office,seoul,1,0,0,0,28,0,0,42,0,0,completed
41022,U1026,2025-04-04 17:28:00,2025-04-04 17:32:00,M,50+,office,seoul,0,0,0,0,11,0,0,38,0,0,completed
41023,U1027,2025-06-03 19:47:00,2025-06-03 19:52:00,M,40~49,office,seoul,0,0,0,0,22,0,0,45,0,0,completed
41024,U1028,2025-10-16 21:18:00,2025-10-16 21:20:00,M,40~49,office,seoul,0,0,0,0,25,0,0,79,0,0,completed
41025,U1029,2025-10-10 16:58:00,2025-10-10 17:03:00,M,50+,office,seoul,0,0,0,0,21,0,0,79,1,0,completed
41026,U1030,2025-02-10 15:55:00,2025-02-10 15:57:00,M,30~39,office,seoul,0,0,0,0,13,0,0,18,0,0,completed
41027,U1031,2025-12-28 16:22:00,2025-12-28 16:29:00,F,30~39,office,seoul,1,0,0,0,14,0,0,31,0,0,completed
41028,U1032,2025-06-30 08:59:00,2025-06-30 09:06:00,F,40~49,office,seoul,0,0,0,0,22,0,0,48,0,0,timeout
41029,U1033,2025-03-04 18:01:00,2025-03-04 18:04:00,F,30~39,office,seoul,0,0,0,0,26,0,0,41,0,0,completed
41030,U1034,2025-05-24 11:40:00,2025-05-24 11:42:00,F,40~49,office,seoul,1,0,0,0,14,0,0,45,0,0,completed
41031,U1035,2025-02-13 20:40:00,2025-02-13 20:43:00,F,40~49,office,seoul,0,0,0,0,29,0,0,19,0,0,completed
41032,U1036,2025-09-19 11:25:00,2025-09-19 11:27:00,M,20~29,office,seoul,0,0,0,0,21,0,0,62,0,0,abandoned
41033,U1037,2025-10-12 08:37:00,2025-10-12 08:41:00,F,20~29,office,seoul,1,0,0,0,18,0,0,72,0,0,completed
41034,U1038,2025-04-20 20:24:00,2025-04-20 20:27:00,F,30~39,office,seoul,1,0,0,0,29,0,0,20,0,0,completed
41035,U1039,2025-04-27 13:38:00,2025-04-27 13:45:00,F,20~29,office,seoul,1,0,0,0,11,0,0,61,0,0,completed
41036,U1040,2025-03-19 14:24:00,2025-03-19 14:26:00,F,50+,office,seoul,0,0,0,0,23,0,0,45,1,1,completed
41037,U1041,2025-08-21 17:43:00,2025-08-21 17:50:00,M,30~39,office,seoul,0,0,0,0,27,0,0,14,0,0,completed
41038,U1042,2025-08-31 09:45:00,2025-08-31 09:51:00,F,40~49,office,seoul,1,0,0,0,13,0,0,18,0,0,completed
41039,U1043,2025-03-10 18:30:00,2025-03-10 18:33:00,F,30~39,office,seoul,0,0,0,0,9,0,0,73,0,0,completed
41040,U1044,2025-09-23 11:59:00,2025-09-23 12:04:00,F,50+,office,seoul,0,0,0,0,21,0,0,54,0,0,completed
41041,U1045,2025-01-03 11:46:00,2025-01-03 11:48:00,F,40~49,office,seoul,0,0,0,0,6,0,0,23,0,0,completed
41042,U1046,2025-10-02 17:05:00,2025-10-02 17:08:00,F,20~29,office,seoul,0,0,0,0,29,0,0,56,0,0,completed
41043,U1047,2025-08-13 15:26:00,2025-08-13 15:29:00,F,40~49,office,seoul,0,0,0,0,6,0,0,50,0,0,completed
41044,U1048,2025-01-15 09:56:00,2025-01-15 09:59:00,M,50+,office,seoul,0,0,0,0,11,0,0,19,0,0,completed
41045,U1049,2025-11-19 11:36:00,2025-11-19 11:43:00,F,40~49,office,seoul,0,0,0,0,4,0,0,54,0,1,completed
41046,U1050,2025-06-07 20:25:00,2025-06-07 20:28:00,M,30~39,office,seoul,1,0,0,0,3,0,0,24,0,0,completed
41047,U1051,2025-11-29 17:16:00,2025-11-29 17:23:00,F,50+,office,seoul,1,0,0,0,25,0,0,24,0,0,completed
41048,U1052,2025-07-13 09:41:00,2025-07-13 09:47:00,M,50+,office,seoul,1,0,0,0,3,0,0,24,0,0,completed
41049,U1053,2025-04-19 14:00:00,2025-04-19 14:02:00,M,50+,office,seoul,1,0,0,0,2,0,0,13,0,0,abandoned
41050,U1054,2025-06-19 12:34:00,2025-06-19 12:39:00,F,40~49,office,seoul,0,0,0,0,10,0,0,27,0,0,completed
41051,U1055,2025-07-13 11:25:00,2025-07-13 11:29:00,F,20~29,office,seoul,1,0,0,0,5,0,0,53,0,0,completed
41052,U1056,2025-07-21 18:14:00,2025-07-21 18:16:00,M,40~49,office,seoul,0,0,0,0,11,0,0,60,0,0,completed
41053,U1057,2025-03-23 17:53:00,2025-03-23 17:58:00,M,40~49,office,seoul,1,0,0,0,21,0,0,43,0,0,completed
41054,U1058,2025-04-10 22:32:00,2025-04-10 22:37:00,M,30~39,office,seoul,0,0,0,0,9,0,0,12,0,0,completed
41055,U1059,2025-09-23 08:43:00,2025-09-23 08:48:00,M,20~29,office,seoul,0,0,0,0,3,0,0,34,0,0,completed
41056,U1060,2025-10-24 17:40:00,2025-10-24 17:46:00,M,20~29,office,seoul,0,0,0,0,6,0,0,39,0,0,completed
41057,U1061,2025-12-10 17:14:00,2025-12-10 17:16:00,F,40~49,office,seoul,0,0,0,0,22,0,0,65,0,0,completed
41058,U1062,2025-10-15 07:00:00,2025-10-15 07:02:00,F,40~49,office,seoul,0,0,0,0,6,0,0,51,1,0,timeout
41059,U1063,2025-03-24 09:42:00,2025-03-24 09:48:00,F,50+,office,seoul,0,0,0,0,1,0,0,20,1,0,completed
41060,U1064,2025-01-21 17:19:00,2025-01-21 17:24:00,M,20~29,office,seoul,0,0,0,0,6,0,0,32,0,0,completed
41061,U1065,2025-01-17 14:46:00,2025-01-17 14:50:00,M,20~29,office,seoul,0,0,0,0,17,0,0,37,0,0,completed
41062,U1066,2025-09-06 12:39:00,2025-09-06 12:45:00,F,30~39,office,seoul,1,0,0,0,25,0,0,11,0,0,completed
41063,U1067,2025-12-18 12:25:00,2025-12-18 12:28:00,M,40~49,office,seoul,0,0,0,0,25,0,0,13,0,0,completed
41064,U1068,2025-02-09 15:44:00,2025-02-09 15:48:00,M,30~39,office,seoul,1,0,0,0,21,0,0,42,0,0,completed
41065,U1069,2025-09-08 15:17:00,2025-09-08 15:22:00,M,30~39,office,seoul,0,0,0,0,3,0,0,43,0,0,completed
41066,U1070,2025-04-14 18:00:00,2025-04-14 18:06:00,F,50+,office,seoul,0,0,0,0,14,0,0,41,0,0,completed
41067,U1071,2025-01-04 18:17:00,2025-01-04 18:20:00,M,50+,office,seoul,1,0,0,0,20,0,0,30,0,0,completed
41068,U1072,2025-06-21 07:29:00,2025-06-21 07:36:00,F,20~29,office,seoul,1,0,0,0,4,0,0,59,0,0,completed
41069,U1073,2025-04-08 16:47:00,2025-04-08 16:50:00,M,30~39,office,seoul,0,0,0,0,5,0,0,42,0,0,completed
41070,U1074,2025-06-30 14:52:00,2025-06-30 14:57:00,M,50+,office,seoul,0,0,0,0,2,0,0,22,1,0,completed
41071,U1075,2025-08-17 11:44:00,2025-08-17 11:49:00,M,50+,office,seoul,1,0,0,0,3,0,0,44,0,0,completed
41072,U1076,2025-07-18 11:37:00,2025-07-18 11:39:00,M,20~29,office,seoul,0,0,0,0,7,0,0,43,0,0,completed
41073,U1077,2025-09-25 08:10:00,2025-09-25 08:17:00,F,20~29,office,seoul,0,0,0,0,3,0,0,33,0,0,completed
41074,U1078,2025-12-19 15:22:00,2025-12-19 15:25:00,F,40~49,office,seoul,0,0,0,0,16,0,0,59,0,0,completed
41075,U1079,2025-04-28 19:33:00,2025-04-28 19:38:00,F,50+,office,seoul,0,0,0,0,19,0,0,15,0,0,completed
41076,U1080,2025-06-13 16:24:00,2025-06-13 16:30:00,F,30~39,office,seoul,0,0,0,0,24,0,0,15,0,0,completed
41077,U1081,2025-12-10 13:11:00,2025-12-10 13:14:00,F,20~29,office,seoul,0,0,0,0,9,0,0,47,0,0,completed
41078,U1082,2025-04-15 07:44:00,2025-04-15 07:48:00,M,20~29,office,seoul,0,0,0,0,6,0,0,28,0,0,completed
41079,U1083,2025-01-19 12:26:00,2025-01-19 12:31:00,F,50+,office,seoul,1,0,0,0,15,0,0,35,0,0,error
41080,U1084,2025-04-20 19:44:00,2025-04-20 19:47:00,M,30~39,office,seoul,1,0,0,0,14,0,0,19,0,0,completed
41081,U1085,2025-07-08 17:23:00,2025-07-08 17:26:00,F,20~29,office,seoul,0,0,0,0,25,0,0,15,0,0,completed
41082,U1086,2025-09-15 08:33:00,2025-09-15 08:39:00,F,20~29,office,seoul,0,0,0,0,9,0,0,37,0,0,completed
41083,U1087,2025-02-20 15:03:00,2025-02-20 15:07:00,M,20~29,office,seoul,0,0,0,0,10,0,0,55,0,0,abandoned
41084,U1088,2025-11-24 12:49:00,2025-11-24 12:56:00,F,30~39,office,seoul,0,0,0,0,12,0,0,16,0,0,completed
41085,U1089,2025-05-29 15:48:00,2025-05-29 15:53:00,F,30~39,office,seoul,0,0,0,0,19,0,0,48,0,0,abandoned
41086,U1090,2025-10-10 16:57:00,2025-10-10 17:04:00,M,20~29,office,seoul,0,0,0,0,20,0,0,33,0,0,completed
41087,U1091,2025-04-26 09:56:00,2025-04-26 09:59:00,F,30~39,office,seoul,1,0,0,0,9,0,0,59,0,0,completed
41088,U1092,2025-10-20 15:16:00,2025-10-20 15:21:00,F,40~49,office,seoul,0,0,0,0,14,0,0,23,0,0,completed
41089,U1093,2025-09-23 07:56:00,2025-09-23 08:02:00,F,40~49,office,seoul,0,0,0,0,23,0,0,46,0,0,completed
41090,U1094,2025-10-23 15:45:00,2025-10-23 15:51:00,F,20~29,office,seoul,0,0,0,0,3,0,0,39,0,0,completed
41091,U1095,2025-01-27 08:48:00,2025-01-27 08:50:00,F,20~29,office,seoul,0,0,0,0,18,0,0,31,0,0,completed
41092,U1096,2025-11-23 09:16:00,2025-11-23 09:22:00,M,20~29,office,seoul,1,0,0,0,26,0,0,62,0,0,completed
41093,U1097,2025-06-17 22:42:00,2025-06-17 22:47:00,M,20~29,office,seoul,0,0,0,0,8,0,0,27,0,0,completed
41094,U1098,2025-08-30 14:03:00,2025-08-30 14:09:00,F,20~29,office,seoul,1,0,0,0,17,0,0,37,0,0,completed
41095,U1099,2025-04-14 08:10:00,2025-04-14 08:15:00,F,30~39,office,seoul,0,0,0,0,16,0,0,47,0,0,completed
41096,U1100,2025-06-11 11:12:00,2025-06-11 11:16:00,F,50+,office,seoul,0,0,0,0,0,0,0,53,0,0,abandoned
41097,U1101,2025-11-26 19:58:00,2025-11-26 20:04:00,F,20~29,office,seoul,0,0,0,0,13,0,0,61,0,0,completed
41098,U1102,2025-03-22 19:19:00,2025-03-22 19:26:00,F,20~29,office,seoul,1,0,0,0,13,0,0,30,0,0,completed
41099,U1103,2025-11-06 09:11:00,2025-11-06 09:13:00,M,20~29,office,seoul,0,0,0,0,8,0,0,78,0,0,completed
41100,U1104,2025-02-07 17:09:00,2025-02-07 17:16:00,F,20~29,office,seoul,0,0,0,0,12,0,0,60,0,0,completed
41101,U1105,2025-01-13 08:15:00,2025-01-13 08:22:00,F,40~49,office,seoul,0,0,0,0,7,0,0,26,0,0,timeout
41102,U1106,2025-05-24 14:56:00,2025-05-24 15:01:00,F,30~39,office,seoul,1,0,0,0,14,0,0,14,0,0,completed
41103,U1107,2025-09-08 12:41:00,2025-09-08 12:44:00,M,40~49,office,seoul,0,0,0,0,20,0,0,76,0,0,completed
41104,U1108,2025-06-03 13:10:00,2025-06-03 13:13:00,M,40~49,office,seoul,0,0,0,0,4,0,0,30,0,0,timeout
41105,U1109,2025-09-21 20:57:00,2025-09-21 21:02:00,F,30~39,office,seoul,1,0,0,0,3,0,0,52,0,0,abandoned
41106,U1110,2025-04-28 09:17:00,2025-04-28 09:22:00,M,30~39,office,seoul,0,0,0,0,16,0,0,55,0,0,completed
41107,U1111,2025-01-04 08:46:00,2025-01-04 08:51:00,M,20~29,office,seoul,1,0,0,0,24,0,0,14,0,0,completed
41108,U1112,2025-09-02 17:50:00,2025-09-02 17:54:00,M,40~49,office,seoul,0,0,0,0,5,0,0,32,0,0,completed
41109,U1113,2025-12-09 11:42:00,2025-12-09 11:49:00,F,50+,office,seoul,0,0,0,0,7,0,0,50,0,0,completed
41110,U1114,2025-02-07 14:29:00,2025-02-07 14:31:00,F,40~49,office,seoul,0,0,0,0,1,0,0,78,0,0,abandoned
41111,U1115,2025-08-31 11:56:00,2025-08-31 12:01:00,M,30~39,office,seoul,1,0,0,0,7,0,0,55,0,0,completed
41112,U1116,2025-01-10 09:07:00,2025-01-10 09:12:00,M,20~29,office,seoul,0,0,0,0,12,0,0,74,0,0,completed
41113,U1117,2025-06-10 19:48:00,2025-06-10 19:54:00,M,20~29,office,seoul,0,0,0,0,20,0,0,70,0,0,completed
41114,U1118,2025-02-21 13:13:00,2025-02-21 13:16:00,F,50+,office,seoul,0,0,0,0,21,0,0,60,0,0,completed
41115,U1119,2025-12-12 17:56:00,2025-12-12 18:01:00,F,40~49,office,seoul,0,0,0,0,25,0,0,61,0,0,error
41116,U1120,2025-08-18 15:53:00,2025-08-18 16:00:00,M,20~29,office,seoul,0,0,0,0,26,0,0,17,0,0,completed
41117,U1121,2025-02-14 22:16:00,2025-02-14 22:20:00,F,30~39,office,seoul,0,0,0,0,19,0,0,57,0,0,completed
41118,U1122,2025-09-13 16:24:00,2025-09-13 16:30:00,F,20~29,office,seoul,1,0,0,0,22,0,0,61,0,0,completed
41119,U1123,2025-06-14 13:10:00,2025-06-14 13:15:00,F,20~29,office,seoul,1,0,0,0,14,0,0,73,0,0,completed
41120,U1124,2025-03-21 15:10:00,2025-03-21 15:15:00,M,20~29,office,seoul,0,0,0,0,15,0,0,69,0,0,completed
41121,U1125,2025-09-01 14:00:00,2025-09-01 14:03:00,M,20~29,office,seoul,0,0,0,0,23,0,0,57,1,0,completed
41122,U1126,2025-10-28 19:08:00,2025-10-28 19:15:00,F,30~39,office,seoul,0,0,0,0,10,0,0,53,0,0,completed
41123,U1127,2025-01-08 17:59:00,2025-01-08 18:01:00,M,50+,office,seoul,0,0,0,0,20,0,0,17,0,0,completed
41124,U1128,2025-02-26 14:51:00,2025-02-26 14:53:00,M,20~29,office,seoul,0,0,0,0,25,0,0,58,0,0,completed
41125,U1129,2025-10-20 08:26:00,2025-10-20 08:32:00,M,30~39,office,seoul,0,0,0,0,16,0,0,67,0,0,completed
41126,U1130,2025-04-08 22:28:00,2025-04-08 22:35:00,F,50+,office,seoul,0,0,0,0,27,0,0,10,0,0,completed
41127,U1131,2025-08-27 08:51:00,2025-08-27 08:56:00,F,50+,office,seoul,0,0,0,0,12,0,0,16,1,0,error
41128,U1132,2025-11-06 20:32:00,2025-11-06 20:36:00,M,40~49,office,seoul,0,0,0,0,13,0,0,33,0,0,completed
41129,U1133,2025-08-11 12:28:00,2025-08-11 12:30:00,F,30~39,office,seoul,0,0,0,0,24,0,0,11,0,0,completed
41130,U1134,2025-08-14 14:28:00,2025-08-14 14:32:00,M,20~29,office,seoul,0,0,0,0,15,0,0,11,0,0,abandoned
41131,U1135,2025-07-11 08:45:00,2025-07-11 08:51:00,F,40~49,office,seoul,0,0,0,0,26,0,0,14,0,0,completed
41132,U1136,2025-11-30 16:49:00,2025-11-30 16:51:00,M,20~29,office,seoul,1,0,0,0,27,0,0,18,0,0,completed
41133,U1137,2025-09-07 13:20:00,2025-09-07 13:25:00,F,20~29,office,seoul,1,0,0,0,26,0,0,31,0,0,completed
41134,U1138,2025-10-02 17:21:00,2025-10-02 17:23:00,M,40~49,office,seoul,0,0,0,0,14,0,0,15,0,0,completed
41135,U1139,2025-01-14 12:56:00,2025-01-14 12:59:00,F,50+,office,seoul,0,0,0,0,23,0,0,52,0,0,completed
41136,U1140,2025-12-18 08:12:00,2025-12-18 08:17:00,M,40~49,office,seoul,0,0,0,0,25,0,0,11,0,0,completed
41137,U1141,2025-06-08 12:37:00,2025-06-08 12:39:00,F,30~39,office,seoul,1,0,0,0,14,0,0,38,0,0,completed
41138,U1142,2025-04-03 15:33:00,2025-04-03 15:37:00,M,20~29,office,seoul,0,0,0,0,6,0,0,10,0,0,completed
41139,U1143,2025-07-21 07:10:00,2025-07-21 07:14:00,M,20~29,office,seoul,0,0,0,0,23,0,0,36,0,1,completed
41140,U1144,2025-08-29 17:10:00,2025-08-29 17:12:00,F,20~29,office,seoul,0,0,0,0,21,0,0,59,0,0,completed
41141,U1145,2025-06-20 09:00:00,2025-06-20 09:07:00,F,40~49,office,seoul,0,0,0,0,10,0,0,29,0,0,completed
41142,U1146,2025-12-29 15:24:00,2025-12-29 15:28:00,M,30~39,office,seoul,0,0,0,0,9,0,0,22,0,0,completed
41143,U1147,2025-04-27 08:58:00,2025-04-27 09:02:00,M,30~39,office,seoul,1,0,0,0,6,0,0,44,0,0,completed
41144,U1148,2025-07-30 08:03:00,2025-07-30 08:05:00,F,20~29,office,seoul,0,0,0,0,12,0,0,32,0,0,completed
41145,U1149,2025-08-26 17:41:00,2025-08-26 17:45:00,F,20~29,office,seoul,0,0,0,0,6,0,0,23,0,0,completed
41146,U1150,2025-08-23 09:50:00,2025-08-23 09:52:00,F,30~39,office,seoul,1,0,0,0,21,0,0,73,0,0,error
41147,U1151,2025-05-04 09:29:00,2025-05-04 09:34:00,M,50+,office,seoul,1,0,0,0,16,0,0,65,0,0,completed
41148,U1152,2025-10-17 18:30:00,2025-10-17 18:35:00,M,40~49,office,seoul,0,0,0,0,7,0,0,64,0,0,completed
41149,U1153,2025-11-16 11:23:00,2025-11-16 11:28:00,M,30~39,office,seoul,1,0,0,0,7,0,0,18,0,0,completed
41150,U1154,2025-09-27 08:14:00,2025-09-27 08:19:00,F,20~29,office,seoul,1,0,0,0,24,0,0,55,0,0,completed
41151,U1155,2025-01-15 09:30:00,2025-01-15 09:33:00,M,40~49,office,seoul,0,0,0,0,29,0,0,74,0,0,completed
41152,U1156,2025-05-26 09:21:00,2025-05-26 09:26:00,F,20~29,office,seoul,0,0,0,0,23,0,0,79,0,0,completed
41153,U1157,2025-11-03 07:44:00,2025-11-03 07:47:00,F,30~39,office,seoul,0,0,0,0,12,0,0,21,0,0,completed
41154,U1158,2025-02-06 17:44:00,2025-02-06 17:46:00,F,20~29,office,seoul,0,0,0,0,20,0,0,74,0,0,completed
41155,U1159,2025-09-23 07:48:00,2025-09-23 07:54:00,F,30~39,office,seoul,0,0,0,0,20,0,0,41,0,0,completed
41156,U1160,2025-03-03 14:13:00,2025-03-03 14:18:00,F,30~39,office,seoul,0,0,0,0,1,0,0,50,0,0,completed
41157,U1161,2025-02-20 20:20:00,2025-02-20 20:22:00,F,30~39,office,seoul,0,0,0,0,19,0,0,45,0,0,abandoned
41158,U1162,2025-04-11 11:40:00,2025-04-11 11:44:00,M,20~29,office,seoul,0,0,0,0,16,0,0,25,0,0,completed
41159,U1163,2025-07-17 08:48:00,2025-07-17 08:53:00,M,20~29,office,seoul,0,0,0,0,17,0,0,19,0,0,completed
41160,U1164,2025-01-01 13:27:00,2025-01-01 13:29:00,M,20~29,office,seoul,0,0,0,0,27,0,0,43,0,0,completed
41161,U1165,2025-11-25 22:43:00,2025-11-25 22:46:00,M,30~39,office,seoul,0,0,0,0,5,0,0,21,0,0,completed
41162,U1166,2025-12-07 18:39:00,2025-12-07 18:44:00,M,20~29,office,seoul,1,0,0,0,9,0,0,39,0,0,completed
41163,U1167,2025-07-17 19:04:00,2025-07-17 19:06:00,M,30~39,office,seoul,0,0,0,0,7,0,0,59,0,0,completed
41164,U1168,2025-09-06 15:39:00,2025-09-06 15:45:00,F,30~39,office,seoul,1,0,0,0,18,0,0,11,0,0,completed
41165,U1169,2025-07-28 17:25:00,2025-07-28 17:28:00,M,20~29,office,seoul,0,0,0,0,18,0,0,79,0,0,completed
41166,U1170,2025-04-05 16:18:00,2025-04-05 16:25:00,M,20~29,office,seoul,1,0,0,0,17,0,0,23,0,0,completed
41167,U1171,2025-06-26 19:07:00,2025-06-26 19:10:00,M,20~29,office,seoul,0,0,0,0,19,0,0,57,0,0,completed
41168,U1172,2025-09-05 20:25:00,2025-09-05 20:27:00,M,20~29,office,seoul,0,0,0,0,15,0,0,66,0,0,completed
41169,U1173,2025-12-09 16:36:00,2025-12-09 16:38:00,F,20~29,office,seoul,0,0,0,0,25,0,0,10,0,0,completed
41170,U1174,2025-12-14 13:31:00,2025-12-14 13:35:00,M,50+,office,seoul,1,0,0,0,20,0,0,63,0,0,completed
41171,U1175,2025-12-14 15:15:00,2025-12-14 15:21:00,F,30~39,office,seoul,1,0,0,0,4,0,0,36,0,0,completed
41172,U1176,2025-02-23 18:28:00,2025-02-23 18:31:00,F,40~49,office,seoul,1,0,0,0,3,0,0,75,0,0,completed
41173,U1177,2025-10-29 19:27:00,2025-10-29 19:30:00,M,20~29,office,seoul,0,0,0,0,18,0,0,52,0,0,abandoned
41174,U1178,2025-04-10 16:46:00,2025-04-10 16:48:00,F,20~29,office,seoul,0,0,0,0,15,0,0,40,0,0,completed
41175,U1179,2025-03-29 12:22:00,2025-03-29 12:28:00,M,20~29,office,seoul,1,0,0,0,17,0,0,63,0,0,completed
41176,U1180,2025-01-06 17:12:00,2025-01-06 17:16:00,F,40~49,office,seoul,0,0,0,0,13,0,0,29,0,0,completed
41177,U1181,2025-02-17 20:44:00,2025-02-17 20:48:00,M,20~29,office,seoul,0,0,0,0,22,0,0,56,0,0,completed
41178,U1182,2025-03-09 12:20:00,2025-03-09 12:22:00,M,30~39,office,seoul,1,0,0,0,1,0,0,13,0,0,completed
41179,U1183,2025-08-17 14:41:00,2025-08-17 14:48:00,M,50+,office,seoul,1,0,0,0,22,0,0,56,0,0,abandoned
41180,U1184,2025-03-28 16:04:00,2025-03-28 16:08:00,M,40~49,office,seoul,0,0,0,0,24,0,0,73,0,0,completed
41181,U1185,2025-10-21 17:42:00,2025-10-21 17:49:00,M,30~39,office,seoul,0,0,0,0,4,0,0,38,0,0,completed
41182,U1186,2025-07-07 09:55:00,2025-07-07 10:00:00,F,30~39,office,seoul,0,0,0,0,9,0,0,40,0,0,completed
41183,U1187,2025-01-07 21:41:00,2025-01-07 21:46:00,M,20~29,office,seoul,0,0,0,0,23,0,0,47,0,0,completed
41184,U1188,2025-08-30 15:55:00,2025-08-30 16:02:00,M,20~29,office,seoul,1,0,0,0,23,0,0,47,0,0,completed
41185,U1189,2025-09-19 18:30:00,2025-09-19 18:36:00,F,40~49,office,seoul,0,0,0,0,14,0,0,22,1,0,completed
41186,U1190,2025-03-23 15:54:00,2025-03-23 16:00:00,F,30~39,office,seoul,1,0,0,0,1,0,0,53,0,0,completed
41187,U1191,2025-04-21 20:47:00,2025-04-21 20:52:00,F,20~29,office,seoul,0,0,0,0,25,0,0,15,0,0,completed
41188,U1192,2025-01-29 19:07:00,2025-01-29 19:10:00,F,40~49,office,seoul,0,0,0,0,3,0,0,57,0,0,completed
41189,U1193,2025-02-19 17:59:00,2025-02-19 18:01:00,M,20~29,office,seoul,0,0,0,0,11,0,0,67,0,0,completed
41190,U1194,2025-03-29 14:13:00,2025-03-29 14:18:00,F,20~29,office,seoul,1,0,0,0,6,0,0,53,0,0,abandoned
41191,U1195,2025-02-10 09:54:00,2025-02-10 10:00:00,M,30~39,office,seoul,0,0,0,0,3,0,0,54,0,0,completed
41192,U1196,2025-09-03 11:32:00,2025-09-03 11:38:00,F,50+,office,seoul,0,0,0,0,18,0,0,62,0,0,completed
41193,U1197,2025-12-17 18:07:00,2025-12-17 18:11:00,M,50+,office,seoul,0,0,0,0,20,0,0,40,0,0,completed
41194,U1198,2025-03-28 15:21:00,2025-03-28 15:27:00,F,30~39,office,seoul,0,0,0,0,28,0,0,35,0,0,completed
41195,U1199,2025-04-18 09:56:00,2025-04-18 09:59:00,M,30~39,office,seoul,0,0,0,0,21,0,0,33,0,0,completed
41196,U1200,2025-06-13 18:45:00,2025-06-13 18:51:00,F,30~39,office,seoul,0,0,0,0,15,0,0,70,0,0,completed
41197,U1201,2025-09-08 21:50:00,2025-09-08 21:56:00,M,50+,office,seoul,0,0,0,0,24,0,0,49,0,0,completed
41198,U1202,2025-12-20 08:57:00,2025-12-20 08:59:00,F,40~49,office,seoul,1,0,0,0,14,0,0,17,0,0,completed
41199,U1203,2025-01-29 09:13:00,2025-01-29 09:15:00,M,40~49,office,seoul,0,0,0,0,6,0,0,60,0,1,completed
41200,U1204,2025-08-31 13:18:00,2025-08-31 13:23:00,F,40~49,office,seoul,1,0,0,0,3,0,0,57,0,0,completed
41201,U1205,2025-01-26 12:39:00,2025-01-26 12:43:00,M,20~29,office,seoul,1,0,0,0,21,0,0,14,0,0,completed
41202,U1206,2025-08-23 08:20:00,2025-08-23 08:25:00,F,30~39,office,seoul,1,0,0,0,0,0,0,54,0,0,completed
41203,U1207,2025-02-15 13:07:00,2025-02-15 13:11:00,F,40~49,office,seoul,1,0,0,0,10,0,0,20,0,0,completed
41204,U1208,2025-02-28 08:34:00,2025-02-28 08:39:00,M,20~29,office,seoul,0,0,0,0,0,0,0,18,0,0,completed
41205,U1209,2025-09-27 11:38:00,2025-09-27 11:40:00,M,20~29,office,seoul,1,0,0,0,13,0,0,40,0,0,completed
41206,U1210,2025-06-28 18:28:00,2025-06-28 18:33:00,M,30~39,office,seoul,1,0,0,0,7,0,0,76,0,0,completed
41207,U1211,2025-03-13 09:02:00,2025-03-13 09:08:00,F,30~39,office,seoul,0,0,0,0,7,0,0,14,0,0,completed
41208,U1212,2025-09-10 13:59:00,2025-09-10 14:05:00,M,50+,office,seoul,0,0,0,0,5,0,0,10,0,0,completed
41209,U1213,2025-04-20 20:49:00,2025-04-20 20:52:00,M,30~39,office,seoul,1,0,0,0,26,0,0,39,0,0,completed
41210,U1214,2025-01-08 17:58:00,2025-01-08 18:01:00,M,50+,office,seoul,0,0,0,0,8,0,0,50,0,0,completed
41211,U1215,2025-01-15 11:35:00,2025-01-15 11:39:00,F,50+,office,seoul,0,0,0,0,16,0,0,64,0,0,completed
41212,U1216,2025-07-22 15:18:00,2025-07-22 15:24:00,M,20~29,office,seoul,0,0,0,0,23,0,0,26,0,0,completed
41213,U1217,2025-11-24 19:38:00,2025-11-24 19:44:00,F,30~39,office,seoul,0,0,0,0,5,0,0,12,0,0,completed
41214,U1218,2025-11-11 16:10:00,2025-11-11 16:15:00,F,20~29,office,seoul,0,0,0,0,27,0,0,19,0,0,completed
41215,U1219,2025-03-11 11:24:00,2025-03-11 11:29:00,F,30~39,office,seoul,0,0,0,0,10,0,0,39,0,0,completed
41216,U1220,2025-10-11 08:08:00,2025-10-11 08:12:00,F,30~39,office,seoul,1,0,0,0,13,0,0,75,0,0,completed
41217,U1221,2025-07-27 15:33:00,2025-07-27 15:40:00,F,40~49,office,seoul,1,0,0,0,13,0,0,27,0,0,completed
41218,U1222,2025-09-05 09:31:00,2025-09-05 09:34:00,M,30~39,office,seoul,0,0,0,0,17,0,0,23,0,0,completed
41219,U1223,2025-06-04 08:13:00,2025-06-04 08:17:00,M,30~39,office,seoul,0,0,0,0,5,0,0,35,0,0,completed
41220,U1224,2025-03-05 08:53:00,2025-03-05 08:58:00,F,20~29,office,seoul,0,0,0,0,29,0,0,67,0,0,completed
41221,U1225,2025-06-30 14:02:00,2025-06-30 14:07:00,F,50+,office,seoul,0,0,0,0,22,0,0,54,0,0,completed
41222,U1226,2025-10-23 09:34:00,2025-10-23 09:36:00,M,40~49,office,seoul,0,0,0,0,11,0,0,50,1,0,completed
41223,U1227,2025-02-25 12:58:00,2025-02-25 13:04:00,M,40~49,office,seoul,0,0,0,0,0,0,0,51,0,0,completed
41224,U1228,2025-02-02 13:52:00,2025-02-02 13:56:00,F,20~29,office,seoul,1,0,0,0,29,0,0,27,0,0,completed
41225,U1229,2025-05-31 18:35:00,2025-05-31 18:42:00,M,30~39,office,seoul,1,0,0,0,29,0,0,18,0,0,completed
41226,U1230,2025-01-17 14:54:00,2025-01-17 14:59:00,F,20~29,office,seoul,0,0,0,0,20,0,0,32,0,0,completed
41227,U1231,2025-10-23 16:43:00,2025-10-23 16:48:00,F,20~29,office,seoul,0,0,0,0,26,0,0,24,0,0,abandoned
41228,U1232,2025-09-22 20:22:00,2025-09-22 20:25:00,F,20~29,office,seoul,0,0,0,0,29,0,0,12,0,0,completed
41229,U1233,2025-01-21 11:57:00,2025-01-21 11:59:00,F,30~39,office,seoul,0,0,0,0,24,0,0,52,0,0,completed
41230,U1234,2025-09-29 14:58:00,2025-09-29 15:01:00,M,30~39,office,seoul,0,0,0,0,14,0,0,39,0,0,completed
41231,U1235,2025-10-06 19:00:00,2025-10-06 19:06:00,F,20~29,office,seoul,0,0,0,0,2,0,0,52,0,0,completed
41232,U1236,2025-03-22 08:09:00,2025-03-22 08:12:00,M,20~29,office,seoul,1,0,0,0,28,0,0,56,0,0,completed
41233,U1237,2025-01-10 09:44:00,2025-01-10 09:49:00,F,20~29,office,seoul,0,0,0,0,20,0,0,37,0,0,completed
41234,U1238,2025-04-29 13:28:00,2025-04-29 13:32:00,F,30~39,office,seoul,0,0,0,0,15,0,0,32,0,0,completed
41235,U1239,2025-08-27 09:52:00,2025-08-27 09:56:00,F,30~39,office,seoul,0,0,0,0,23,0,0,77,1,0,completed
41236,U1240,2025-01-05 16:58:00,2025-01-05 17:04:00,F,40~49,office,seoul,1,0,0,0,11,0,0,10,0,0,completed
41237,U1241,2025-09-04 11:03:00,2025-09-04 11:06:00,F,40~49,office,seoul,0,0,0,0,15,0,0,65,0,0,completed
41238,U1242,2025-10-28 16:08:00,2025-10-28 16:10:00,F,20~29,office,seoul,0,0,0,0,2,0,0,34,0,0,completed
41239,U1243,2025-09-29 12:07:00,2025-09-29 12:11:00,F,30~39,office,seoul,0,0,0,0,13,0,0,20,0,0,completed
41240,U1244,2025-08-22 12:44:00,2025-08-22 12:46:00,M,30~39,office,seoul,0,0,0,0,25,0,0,40,0,0,completed
41241,U1245,2025-01-12 14:07:00,2025-01-12 14:12:00,F,50+,office,seoul,1,0,0,0,18,0,0,48,0,0,completed
41242,U1246,2025-01-09 22:41:00,2025-01-09 22:46:00,F,20~29,office,seoul,0,0,0,0,21,0,0,61,0,0,completed
41243,U1247,2025-11-23 07:55:00,2025-11-23 07:57:00,F,20~29,office,seoul,1,0,0,0,24,0,0,34,0,0,completed
41244,U1248,2025-08-06 09:38:00,2025-08-06 09:40:00,F,40~49,office,seoul,0,0,0,0,22,0,0,49,0,0,completed
41245,U1249,2025-04-10 14:11:00,2025-04-10 14:15:00,F,40~49,office,seoul,0,0,0,0,18,0,0,62,0,0,completed
41246,U1250,2025-07-26 18:55:00,2025-07-26 18:59:00,M,40~49,office,seoul,1,0,0,0,15,0,0,10,0,0,abandoned
41247,U1251,2025-05-13 09:54:00,2025-05-13 10:00:00,F,20~29,office,seoul,0,0,0,0,2,0,0,17,0,0,timeout
41248,U1252,2025-04-18 08:48:00,2025-04-18 08:52:00,M,20~29,office,seoul,0,0,0,0,26,0,0,77,0,0,completed
41249,U1253,2025-06-14 12:46:00,2025-06-14 12:49:00,F,30~39,office,seoul,1,0,0,0,8,0,0,49,0,0,completed
41250,U1254,2025-09-25 19:35:00,2025-09-25 19:42:00,F,30~39,office,seoul,0,0,0,0,18,0,0,73,0,0,completed
41251,U1255,2025-04-15 15:11:00,2025-04-15 15:16:00,M,30~39,office,seoul,0,0,0,0,15,0,0,32,0,0,completed
41252,U1256,2025-07-21 09:38:00,2025-07-21 09:40:00,M,40~49,office,seoul,0,0,0,0,8,0,0,67,0,0,completed
41253,U1257,2025-11-01 15:52:00,2025-11-01 15:57:00,M,30~39,office,seoul,1,0,0,0,1,0,0,25,0,0,abandoned
41254,U1258,2025-09-24 19:25:00,2025-09-24 19:31:00,F,40~49,office,seoul,0,0,0,0,6,0,0,13,0,0,completed
41255,U1259,2025-06-30 18:47:00,2025-06-30 18:51:00,M,30~39,office,seoul,0,0,0,0,4,0,0,30,0,0,completed
41256,U1260,2025-03-02 16:52:00,2025-03-02 16:57:00,F,20~29,office,seoul,1,0,0,0,9,0,0,15,0,0,completed
41257,U1261,2025-04-24 11:40:00,2025-04-24 11:45:00,F,40~49,office,seoul,0,0,0,0,18,0,0,38,0,0,completed
41258,U1262,2025-06-05 13:32:00,2025-06-05 13:37:00,F,40~49,office,seoul,0,0,0,0,1,0,0,77,0,0,completed
41259,U1263,2025-05-30 15:49:00,2025-05-30 15:52:00,M,40~49,office,seoul,0,0,0,0,15,0,0,31,0,1,completed
41260,U1264,2025-09-23 17:51:00,2025-09-23 17:58:00,M,30~39,office,seoul,0,0,0,0,11,0,0,27,0,0,completed
41261,U1265,2025-11-05 17:04:00,2025-11-05 17:11:00,M,20~29,office,seoul,0,0,0,0,2,0,0,21,0,0,completed
41262,U1266,2025-08-25 15:51:00,2025-08-25 15:56:00,F,20~29,office,seoul,0,0,0,0,22,0,0,10,1,0,completed
41263,U1267,2025-07-28 12:07:00,2025-07-28 12:12:00,M,20~29,office,seoul,0,0,0,0,26,0,0,20,0,0,timeout
41264,U1268,2025-04-10 14:58:00,2025-04-10 15:01:00,M,20~29,office,seoul,0,0,0,0,8,0,0,60,0,0,completed
41265,U1269,2025-11-04 17:49:00,2025-11-04 17:53:00,F,30~39,office,seoul,0,0,0,0,10,0,0,27,0,0,completed
41266,U1270,2025-12-05 17:56:00,2025-12-05 17:59:00,M,20~29,office,seoul,0,0,0,0,7,0,0,72,0,0,completed
41267,U1271,2025-03-11 09:25:00,2025-03-11 09:29:00,F,40~49,office,seoul,0,0,0,0,0,0,0,23,0,0,completed
41268,U1272,2025-07-22 08:02:00,2025-07-22 08:09:00,M,30~39,office,seoul,0,0,0,0,13,0,0,35,0,0,completed
41269,U1273,2025-02-02 14:00:00,2025-02-02 14:03:00,F,20~29,office,seoul,1,0,0,0,1,0,0,57,0,0,completed
41270,U1274,2025-09-22 07:18:00,2025-09-22 07:22:00,F,20~29,office,seoul,0,0,0,0,11,0,0,56,0,0,completed
41271,U1275,2025-03-30 17:37:00,2025-03-30 17:41:00,F,40~49,office,seoul,1,0,0,0,12,0,0,39,0,0,completed
41272,U1276,2025-09-22 09:50:00,2025-09-22 09:57:00,F,30~39,office,seoul,0,0,0,0,1,0,0,61,0,0,completed
41273,U1277,2025-09-24 13:57:00,2025-09-24 14:04:00,M,50+,office,seoul,0,0,0,0,2,0,0,13,1,0,timeout
41274,U1278,2025-12-06 14:18:00,2025-12-06 14:20:00,F,20~29,office,seoul,1,0,0,0,3,0,0,13,0,0,timeout
41275,U1279,2025-10-01 08:56:00,2025-10-01 09:01:00,M,40~49,office,seoul,0,0,0,0,22,0,0,50,1,0,completed
41276,U1280,2025-09-10 08:11:00,2025-09-10 08:14:00,F,50+,office,seoul,0,0,0,0,5,0,0,39,0,0,completed
41277,U1281,2025-03-07 12:53:00,2025-03-07 12:59:00,M,50+,office,seoul,0,0,0,0,2,0,0,20,0,0,completed
41278,U1282,2025-01-31 08:50:00,2025-01-31 08:55:00,M,20~29,office,seoul,0,0,0,0,23,0,0,38,0,0,completed
41279,U1283,2025-02-19 14:40:00,2025-02-19 14:44:00,F,50+,office,seoul,0,0,0,0,16,0,0,68,0,0,completed
41280,U1284,2025-05-22 18:36:00,2025-05-22 18:40:00,M,20~29,office,seoul,0,0,0,0,16,0,0,75,0,0,completed
41281,U1285,2025-09-28 08:09:00,2025-09-28 08:15:00,M,30~39,office,seoul,1,0,0,0,17,0,0,41,0,0,completed
41282,U1286,2025-08-07 15:37:00,2025-08-07 15:44:00,F,50+,office,seoul,0,0,0,0,27,0,0,74,0,0,completed
41283,U1287,2025-05-18 15:38:00,2025-05-18 15:42:00,F,30~39,office,seoul,1,0,0,0,22,0,0,36,0,0,completed
41284,U1288,2025-07-07 14:55:00,2025-07-07 14:59:00,M,40~49,office,seoul,0,0,0,0,1,0,0,64,0,0,completed
41285,U1289,2025-05-03 17:04:00,2025-05-03 17:09:00,F,20~29,office,seoul,1,0,0,0,13,0,0,22,0,0,completed
41286,U1290,2025-01-21 14:26:00,2025-01-21 14:33:00,M,30~39,office,seoul,0,0,0,0,20,0,0,30,0,0,completed
41287,U1291,2025-05-02 11:05:00,2025-05-02 11:08:00,F,50+,office,seoul,0,0,0,0,12,0,0,75,0,0,abandoned
41288,U1292,2025-05-07 13:38:00,2025-05-07 13:42:00,M,40~49,office,seoul,0,0,0,0,9,0,0,69,0,0,completed
41289,U1293,2025-05-18 07:23:00,2025-05-18 07:28:00,M,50+,office,seoul,1,0,0,0,20,0,0,10,0,0,completed
41290,U1294,2025-05-15 15:14:00,2025-05-15 15:20:00,F,30~39,office,seoul,0,0,0,0,0,0,0,78,0,0,completed
41291,U1295,2025-07-15 09:28:00,2025-07-15 09:35:00,M,30~39,office,seoul,0,0,0,0,3,0,0,20,0,0,completed
41292,U1296,2025-07-27 18:17:00,2025-07-27 18:21:00,M,40~49,office,seoul,1,0,0,0,5,0,0,62,0,0,timeout
41293,U1297,2025-11-10 09:34:00,2025-11-10 09:38:00,F,20~29,office,seoul,0,0,0,0,8,0,0,70,0,0,completed
41294,U1298,2025-09-12 13:15:00,2025-09-12 13:22:00,M,30~39,office,seoul,0,0,0,0,14,0,0,17,0,0,completed
41295,U1299,2025-02-12 13:39:00,2025-02-12 13:43:00,F,20~29,office,seoul,0,0,0,0,24,0,0,29,0,0,completed
41296,U1300,2025-04-18 11:36:00,2025-04-18 11:42:00,M,50+,office,seoul,0,0,0,0,15,0,0,36,0,1,completed
41297,U1301,2025-12-13 08:22:00,2025-12-13 08:25:00,F,20~29,office,seoul,1,0,0,0,7,0,0,10,1,0,completed
41298,U1302,2025-10-14 13:28:00,2025-10-14 13:35:00,F,40~49,office,seoul,0,0,0,0,1,0,0,59,0,0,completed
41299,U1303,2025-10-19 11:00:00,2025-10-19 11:07:00,F,40~49,office,seoul,1,0,0,0,9,0,0,52,0,0,completed
41300,U1304,2025-03-09 14:16:00,2025-03-09 14:20:00,F,30~39,office,seoul,1,0,0,0,14,0,0,44,0,0,completed
41301,U1305,2025-05-27 16:26:00,2025-05-27 16:30:00,M,30~39,office,seoul,0,0,0,0,22,0,0,72,0,0,completed
41302,U1306,2025-05-14 09:52:00,2025-05-14 09:58:00,F,30~39,office,seoul,0,0,0,0,2,0,0,21,0,0,completed
41303,U1307,2025-02-17 09:36:00,2025-02-17 09:41:00,M,40~49,office,seoul,0,0,0,0,3,0,0,67,0,0,completed
41304,U1308,2025-08-03 15:15:00,2025-08-03 15:18:00,F,20~29,office,seoul,1,0,0,0,19,0,0,33,0,0,completed
41305,U1309,2025-05-17 11:02:00,2025-05-17 11:09:00,F,20~29,office,seoul,1,0,0,0,15,0,0,70,0,0,completed
41306,U1310,2025-09-23 16:52:00,2025-09-23 16:59:00,F,30~39,office,seoul,0,0,0,0,24,0,0,46,0,0,completed
41307,U1311,2025-04-11 11:01:00,2025-04-11 11:05:00,F,50+,office,seoul,0,0,0,0,6,0,0,13,0,0,completed
41308,U1312,2025-02-20 18:21:00,2025-02-20 18:23:00,M,20~29,office,seoul,0,0,0,0,18,0,0,12,0,0,completed
41309,U1313,2025-10-05 15:00:00,2025-10-05 15:05:00,F,30~39,office,seoul,1,0,0,0,2,0,0,19,0,0,completed
41310,U1314,2025-01-17 15:55:00,2025-01-17 15:57:00,M,30~39,office,seoul,0,0,0,0,5,0,0,46,0,0,completed
41311,U1315,2025-10-04 09:14:00,2025-10-04 09:17:00,F,20~29,office,seoul,1,0,0,0,9,0,0,72,0,0,completed
41312,U1316,2025-12-22 09:53:00,2025-12-22 09:57:00,M,30~39,office,seoul,0,0,0,0,13,0,0,78,0,0,completed
41313,U1317,2025-01-30 15:13:00,2025-01-30 15:19:00,F,40~49,office,seoul,0,0,0,0,27,0,0,75,0,1,completed
41314,U1318,2025-06-18 09:25:00,2025-06-18 09:31:00,M,50+,office,seoul,0,0,0,0,23,0,0,29,0,0,completed
41315,U1319,2025-08-22 18:48:00,2025-08-22 18:50:00,F,30~39,office,seoul,0,0,0,0,1,0,0,36,0,0,completed
41316,U1320,2025-07-22 14:40:00,2025-07-22 14:47:00,F,20~29,office,seoul,0,0,0,0,15,0,0,39,0,0,completed
41317,U1321,2025-07-14 09:45:00,2025-07-14 09:48:00,F,40~49,office,seoul,0,0,0,0,17,0,0,34,0,0,completed
41318,U1322,2025-01-17 21:54:00,2025-01-17 22:00:00,F,30~39,office,seoul,0,0,0,0,20,0,0,43,0,0,completed
41319,U1323,2025-07-06 09:49:00,2025-07-06 09:54:00,F,30~39,office,seoul,1,0,0,0,19,0,0,76,0,0,completed
41320,U1324,2025-11-09 13:07:00,2025-11-09 13:12:00,F,20~29,office,seoul,1,0,0,0,1,0,0,65,0,0,completed
41321,U1325,2025-06-29 09:46:00,2025-06-29 09:51:00,M,20~29,office,seoul,1,0,0,0,21,0,0,68,0,0,completed
41322,U1326,2025-12-17 16:51:00,2025-12-17 16:58:00,F,20~29,office,seoul,0,0,0,0,18,0,0,43,0,0,completed
41323,U1327,2025-08-24 08:43:00,2025-08-24 08:45:00,M,30~39,office,seoul,1,0,0,0,23,0,0,66,0,0,completed
41324,U1328,2025-02-12 19:31:00,2025-02-12 19:37:00,F,20~29,office,seoul,0,0,0,0,20,0,0,68,0,0,completed
41325,U1329,2025-01-23 18:48:00,2025-01-23 18:55:00,M,30~39,office,seoul,0,0,0,0,4,0,0,40,0,0,abandoned
41326,U1330,2025-08-28 08:15:00,2025-08-28 08:19:00,M,40~49,office,seoul,0,0,0,0,0,0,0,14,1,0,timeout
41327,U1331,2025-07-01 12:45:00,2025-07-01 12:50:00,F,20~29,office,seoul,0,0,0,0,27,0,0,63,0,0,completed
41328,U1332,2025-03-25 11:33:00,2025-03-25 11:37:00,M,30~39,office,seoul,0,0,0,0,4,0,0,46,0,0,completed
41329,U1333,2025-04-10 14:09:00,2025-04-10 14:15:00,M,40~49,office,seoul,0,0,0,0,3,0,0,10,0,0,error
41330,U1334,2025-03-06 16:29:00,2025-03-06 16:34:00,F,40~49,office,seoul,0,0,0,0,3,0,0,38,0,0,completed
41331,U1335,2025-08-21 16:49:00,2025-08-21 16:53:00,F,40~49,office,seoul,0,0,0,0,19,0,0,73,0,0,completed
41332,U1336,2025-05-24 22:57:00,2025-05-24 22:59:00,F,30~39,office,seoul,1,0,0,0,18,0,0,19,0,0,completed
41333,U1337,2025-03-20 07:17:00,2025-03-20 07:19:00,F,30~39,office,seoul,0,0,0,0,2,0,0,53,0,0,completed
41334,U1338,2025-08-12 09:37:00,2025-08-12 09:39:00,M,30~39,office,seoul,0,0,0,0,12,0,0,78,0,0,completed
41335,U1339,2025-07-26 19:16:00,2025-07-26 19:21:00,F,20~29,office,seoul,1,0,0,0,24,0,0,33,0,0,completed
41336,U1340,2025-10-16 21:23:00,2025-10-16 21:27:00,M,20~29,office,seoul,0,0,0,0,6,0,0,27,0,0,abandoned
41337,U1341,2025-05-05 08:20:00,2025-05-05 08:26:00,F,30~39,office,seoul,0,0,0,0,6,0,0,41,0,0,completed
41338,U1342,2025-03-24 13:36:00,2025-03-24 13:39:00,F,50+,office,seoul,0,0,0,0,24,0,0,41,0,0,completed
41339,U1343,2025-04-30 07:37:00,2025-04-30 07:40:00,F,50+,office,seoul,0,0,0,0,25,0,0,31,0,0,completed
41340,U1344,2025-12-16 08:14:00,2025-12-16 08:18:00,M,30~39,office,seoul,0,0,0,0,15,0,0,41,0,0,completed
41341,U1345,2025-11-22 14:45:00,2025-11-22 14:50:00,M,20~29,office,seoul,1,0,0,0,9,0,0,58,0,0,completed
41342,U1346,2025-06-22 13:25:00,2025-06-22 13:31:00,F,30~39,office,seoul,1,0,0,0,18,0,0,54,0,0,timeout
41343,U1347,2025-02-25 17:16:00,2025-02-25 17:18:00,F,30~39,office,seoul,0,0,0,0,22,0,0,25,0,0,completed
41344,U1348,2025-03-12 14:50:00,2025-03-12 14:57:00,F,50+,office,seoul,0,0,0,0,13,0,0,21,0,0,completed
41345,U1349,2025-02-09 14:00:00,2025-02-09 14:02:00,M,30~39,office,seoul,1,0,0,0,19,0,0,38,0,0,completed
41346,U1350,2025-09-29 20:25:00,2025-09-29 20:31:00,M,30~39,office,seoul,0,0,0,0,6,0,0,14,0,0,completed
41347,U1351,2025-05-04 13:54:00,2025-05-04 13:56:00,M,50+,office,seoul,1,0,0,0,21,0,0,54,0,0,completed
41348,U1352,2025-01-12 17:00:00,2025-01-12 17:03:00,F,50+,office,seoul,1,0,0,0,18,0,0,64,0,0,completed
41349,U1353,2025-03-03 09:40:00,2025-03-03 09:44:00,F,30~39,office,seoul,0,0,0,0,7,0,0,22,0,0,completed
41350,U1354,2025-09-14 09:08:00,2025-09-14 09:15:00,F,30~39,office,seoul,1,0,0,0,14,0,0,38,0,0,completed
41351,U1355,2025-04-24 12:21:00,2025-04-24 12:28:00,M,20~29,office,seoul,0,0,0,0,19,0,0,76,0,0,timeout
41352,U1356,2025-06-10 09:12:00,2025-06-10 09:17:00,F,20~29,office,seoul,0,0,0,0,6,0,0,10,0,0,completed
41353,U1357,2025-10-31 16:58:00,2025-10-31 17:05:00,F,40~49,office,seoul,0,0,0,0,27,0,0,39,0,0,completed
41354,U1358,2025-09-15 13:16:00,2025-09-15 13:22:00,F,40~49,office,seoul,0,0,0,0,24,0,0,56,0,0,completed
41355,U1359,2025-11-30 14:56:00,2025-11-30 14:58:00,F,20~29,office,seoul,1,0,0,0,2,0,0,59,0,0,abandoned
41356,U1360,2025-12-08 14:10:00,2025-12-08 14:15:00,M,30~39,office,seoul,0,0,0,0,1,0,0,74,0,0,abandoned
41357,U1361,2025-12-07 17:46:00,2025-12-07 17:51:00,F,40~49,office,seoul,1,0,0,0,23,0,0,21,0,0,completed
41358,U1362,2025-11-12 20:36:00,2025-11-12 20:39:00,F,40~49,office,seoul,0,0,0,0,5,0,0,26,0,0,completed
41359,U1363,2025-10-17 09:50:00,2025-10-17 09:57:00,F,20~29,office,seoul,0,0,0,0,18,0,0,59,0,0,timeout
41360,U1364,2025-04-17 07:57:00,2025-04-17 08:04:00,M,20~29,office,seoul,0,0,0,0,21,0,0,71,0,0,completed
41361,U1365,2025-01-31 09:15:00,2025-01-31 09:21:00,F,50+,office,seoul,0,0,0,0,20,0,0,73,0,0,completed
41362,U1366,2025-07-23 11:46:00,2025-07-23 11:49:00,F,50+,office,seoul,0,0,0,0,28,0,0,51,0,0,completed
41363,U1367,2025-01-21 08:19:00,2025-01-21 08:23:00,F,50+,office,seoul,0,0,0,0,26,0,0,43,0,0,completed
41364,U1368,2025-07-14 09:28:00,2025-07-14 09:33:00,M,30~39,office,seoul,0,0,0,0,6,0,0,10,0,0,completed
41365,U1369,2025-08-25 07:52:00,2025-08-25 07:58:00,M,30~39,office,seoul,0,0,0,0,22,0,0,15,0,0,completed
41366,U1370,2025-03-26 19:43:00,2025-03-26 19:46:00,M,30~39,office,seoul,0,0,0,0,20,0,0,27,0,0,completed
41367,U1371,2025-06-11 09:47:00,2025-06-11 09:52:00,F,20~29,office,seoul,0,0,0,0,9,0,0,59,0,0,completed
41368,U1372,2025-02-27 15:42:00,2025-02-27 15:45:00,M,30~39,office,seoul,0,0,0,0,16,0,0,38,0,0,completed
41369,U1373,2025-01-15 11:32:00,2025-01-15 11:38:00,M,30~39,office,seoul,0,0,0,0,0,0,0,10,0,0,completed
41370,U1374,2025-04-24 14:02:00,2025-04-24 14:04:00,F,30~39,office,seoul,0,0,0,0,10,0,0,22,0,0,completed
41371,U1375,2025-03-14 07:29:00,2025-03-14 07:32:00,F,20~29,office,seoul,0,0,0,0,17,0,0,29,0,0,completed
41372,U1376,2025-01-13 13:03:00,2025-01-13 13:07:00,M,20~29,office,seoul,0,0,0,0,26,0,0,10,0,0,completed
41373,U1377,2025-11-24 18:05:00,2025-11-24 18:09:00,F,50+,office,seoul,0,0,0,0,2,0,0,48,0,1,completed
41374,U1378,2025-09-02 11:44:00,2025-09-02 11:50:00,M,40~49,office,seoul,0,0,0,0,26,0,0,27,0,0,abandoned
41375,U1379,2025-11-05 15:00:00,2025-11-05 15:05:00,F,30~39,office,seoul,0,0,0,0,29,0,0,38,0,0,completed
41376,U1380,2025-09-22 13:30:00,2025-09-22 13:33:00,F,30~39,office,seoul,0,0,0,0,19,0,0,60,0,0,completed
41377,U1381,2025-12-03 13:09:00,2025-12-03 13:13:00,F,30~39,office,seoul,0,0,0,0,14,0,0,67,0,0,abandoned
41378,U1382,2025-04-05 13:53:00,2025-04-05 13:59:00,M,40~49,office,seoul,1,0,0,0,7,0,0,63,0,0,completed
41379,U1383,2025-09-24 13:05:00,2025-09-24 13:11:00,M,40~49,office,seoul,0,0,0,0,14,0,0,10,0,0,completed
41380,U1384,2025-12-13 12:19:00,2025-12-13 12:23:00,F,40~49,office,seoul,1,0,0,0,7,0,0,22,0,0,completed
41381,U1385,2025-01-31 19:57:00,2025-01-31 20:02:00,F,20~29,office,seoul,0,0,0,0,5,0,0,14,0,0,completed
41382,U1386,2025-01-18 22:14:00,2025-01-18 22:19:00,F,30~39,office,seoul,1,0,0,0,27,0,0,11,0,0,completed
41383,U1387,2025-06-06 19:26:00,2025-06-06 19:33:00,F,40~49,office,seoul,0,0,0,0,26,0,0,51,0,0,completed
41384,U1388,2025-04-05 09:57:00,2025-04-05 10:00:00,F,20~29,office,seoul,1,0,0,0,11,0,0,50,0,0,completed
41385,U1389,2025-03-12 13:43:00,2025-03-12 13:45:00,F,30~39,office,seoul,0,0,0,0,24,0,0,38,0,0,completed
41386,U1390,2025-05-11 09:51:00,2025-05-11 09:55:00,M,40~49,office,seoul,1,0,0,0,26,0,0,14,1,0,completed
41387,U1391,2025-06-15 17:34:00,2025-06-15 17:40:00,F,50+,office,seoul,1,0,0,0,16,0,0,72,0,0,completed
41388,U1392,2025-07-06 13:50:00,2025-07-06 13:52:00,M,30~39,office,seoul,1,0,0,0,16,0,0,35,0,0,completed
41389,U1393,2025-11-14 09:13:00,2025-11-14 09:18:00,M,20~29,office,seoul,0,0,0,0,5,0,0,66,0,0,completed
41390,U1394,2025-07-09 09:50:00,2025-07-09 09:53:00,F,20~29,office,seoul,0,0,0,0,27,0,0,16,0,0,completed
41391,U1395,2025-10-01 07:25:00,2025-10-01 07:27:00,M,50+,office,seoul,0,0,0,0,12,0,0,27,1,0,completed
41392,U1396,2025-07-01 16:49:00,2025-07-01 16:52:00,F,40~49,office,seoul,0,0,0,0,28,0,0,42,0,0,completed
41393,U1397,2025-01-02 07:33:00,2025-01-02 07:38:00,M,40~49,office,seoul,0,0,0,0,19,0,0,17,0,0,completed
41394,U1398,2025-11-11 08:01:00,2025-11-11 08:03:00,M,20~29,office,seoul,0,0,0,0,8,0,0,64,0,0,completed
41395,U1399,2025-11-02 15:59:00,2025-11-02 16:02:00,M,30~39,office,seoul,1,0,0,0,27,0,0,76,0,0,completed
41396,U1400,2025-11-28 09:46:00,2025-11-28 09:53:00,M,20~29,office,seoul,0,0,0,0,13,0,0,18,0,0,completed
41397,U1401,2025-08-23 16:13:00,2025-08-23 16:19:00,M,20~29,office,seoul,1,0,0,0,20,0,0,13,0,0,completed
41398,U1402,2025-11-23 19:22:00,2025-11-23 19:24:00,M,40~49,office,seoul,1,0,0,0,15,0,0,31,0,0,completed
41399,U1403,2025-10-17 20:05:00,2025-10-17 20:07:00,F,20~29,office,seoul,0,0,0,0,27,0,0,20,0,0,completed
41400,U1404,2025-12-14 15:04:00,2025-12-14 15:08:00,M,20~29,office,seoul,1,0,0,0,1,0,0,70,0,0,completed
41401,U1405,2025-08-30 22:43:00,2025-08-30 22:49:00,M,40~49,office,seoul,1,0,0,0,5,0,0,28,0,0,completed
41402,U1406,2025-03-14 15:09:00,2025-03-14 15:13:00,F,30~39,office,seoul,0,0,0,0,6,0,0,72,0,0,completed
41403,U1407,2025-11-29 20:29:00,2025-11-29 20:35:00,M,20~29,office,seoul,1,0,0,0,6,0,0,76,0,0,completed
41404,U1408,2025-12-26 07:08:00,2025-12-26 07:13:00,M,20~29,office,seoul,0,0,0,0,28,0,0,61,0,0,completed
41405,U1409,2025-07-14 13:17:00,2025-07-14 13:22:00,M,20~29,office,seoul,0,0,0,0,17,0,0,52,0,0,completed
41406,U1410,2025-12-23 08:56:00,2025-12-23 09:01:00,F,30~39,office,seoul,0,0,0,0,15,0,0,10,0,0,completed
41407,U1411,2025-01-11 15:10:00,2025-01-11 15:14:00,F,20~29,office,seoul,1,0,0,0,26,0,0,22,0,0,completed
41408,U1412,2025-09-08 15:22:00,2025-09-08 15:28:00,F,50+,office,seoul,0,0,0,0,17,0,0,56,0,0,completed
41409,U1413,2025-09-03 16:17:00,2025-09-03 16:20:00,M,20~29,office,seoul,0,0,0,0,6,0,0,79,0,0,completed
41410,U1414,2025-09-20 12:55:00,2025-09-20 12:59:00,F,20~29,office,seoul,1,0,0,0,16,0,0,59,0,0,completed
41411,U1415,2025-04-18 14:50:00,2025-04-18 14:52:00,F,30~39,office,seoul,0,0,0,0,14,0,0,36,0,0,completed
41412,U1416,2025-07-09 15:21:00,2025-07-09 15:23:00,M,50+,office,seoul,0,0,0,0,26,0,0,18,0,0,completed
41413,U1417,2025-01-01 18:38:00,2025-01-01 18:41:00,F,20~29,office,seoul,0,0,0,0,9,0,0,28,0,0,error
41414,U1418,2025-04-27 15:32:00,2025-04-27 15:36:00,M,20~29,office,seoul,1,0,0,0,16,0,0,59,0,0,completed
41415,U1419,2025-05-27 14:31:00,2025-05-27 14:34:00,M,20~29,office,seoul,0,0,0,0,21,0,0,44,0,0,completed
41416,U1420,2025-04-15 17:44:00,2025-04-15 17:50:00,F,40~49,office,seoul,0,0,0,0,15,0,0,52,0,0,completed
41417,U1421,2025-11-16 16:11:00,2025-11-16 16:18:00,M,40~49,office,seoul,1,0,0,0,18,0,0,29,0,0,completed
41418,U1422,2025-07-19 08:17:00,2025-07-19 08:21:00,F,30~39,office,seoul,1,0,0,0,8,0,0,35,0,0,completed
41419,U1423,2025-12-03 07:41:00,2025-12-03 07:44:00,F,30~39,office,seoul,0,0,0,0,5,0,0,60,0,0,completed
41420,U1424,2025-11-28 13:34:00,2025-11-28 13:39:00,F,30~39,office,seoul,0,0,0,0,23,0,0,67,0,0,completed
41421,U1425,2025-12-01 18:29:00,2025-12-01 18:31:00,F,50+,office,seoul,0,0,0,0,15,0,0,38,0,0,completed
41422,U1426,2025-02-14 15:53:00,2025-02-14 15:59:00,M,50+,office,seoul,0,0,0,0,15,0,0,18,1,0,completed
41423,U1427,2025-02-25 17:07:00,2025-02-25 17:10:00,F,50+,office,seoul,0,0,0,0,7,0,0,25,0,0,completed
41424,U1428,2025-05-31 09:13:00,2025-05-31 09:17:00,M,30~39,office,seoul,1,0,0,0,14,0,0,40,0,0,completed
41425,U1429,2025-11-03 16:01:00,2025-11-03 16:03:00,M,50+,office,seoul,0,0,0,0,4,0,0,36,0,0,completed
41426,U1430,2025-01-21 18:18:00,2025-01-21 18:22:00,F,30~39,office,seoul,0,0,0,0,0,0,0,62,0,0,completed
41427,U1431,2025-10-03 12:52:00,2025-10-03 12:58:00,F,20~29,office,seoul,0,0,0,0,24,0,0,51,0,0,completed
41428,U1432,2025-06-19 16:00:00,2025-06-19 16:03:00,F,30~39,office,seoul,0,0,0,0,13,0,0,75,0,0,completed
41429,U1433,2025-08-09 15:12:00,2025-08-09 15:19:00,F,30~39,office,seoul,1,0,0,0,17,0,0,39,0,0,completed
41430,U1434,2025-12-03 09:08:00,2025-12-03 09:13:00,M,50+,office,seoul,0,0,0,0,9,0,0,32,0,0,completed
41431,U1435,2025-05-09 19:01:00,2025-05-09 19:03:00,M,20~29,office,seoul,0,0,0,0,24,0,0,49,0,0,completed
41432,U1436,2025-05-05 17:01:00,2025-05-05 17:06:00,M,50+,office,seoul,0,0,0,0,6,0,0,10,0,0,completed
41433,U1437,2025-01-19 09:41:00,2025-01-19 09:48:00,F,30~39,office,seoul,1,0,0,0,19,0,0,55,0,0,completed
41434,U1438,2025-11-06 12:06:00,2025-11-06 12:09:00,F,50+,office,seoul,0,0,0,0,2,0,0,15,0,0,completed
41435,U1439,2025-03-18 15:37:00,2025-03-18 15:43:00,M,50+,office,seoul,0,0,0,0,23,0,0,39,0,0,completed
41436,U1440,2025-08-10 16:28:00,2025-08-10 16:34:00,M,50+,office,seoul,1,0,0,0,27,0,0,67,0,0,completed
41437,U1441,2025-05-29 14:47:00,2025-05-29 14:52:00,M,50+,office,seoul,0,0,0,0,26,0,0,38,0,0,completed
41438,U1442,2025-10-12 12:38:00,2025-10-12 12:44:00,F,20~29,office,seoul,1,0,0,0,13,0,0,11,0,0,completed
41439,U1443,2025-07-14 13:31:00,2025-07-14 13:34:00,M,50+,office,seoul,0,0,0,0,16,0,0,43,0,0,completed
41440,U1444,2025-06-11 15:21:00,2025-06-11 15:24:00,M,30~39,office,seoul,0,0,0,0,22,0,0,20,0,0,completed
41441,U1445,2025-09-23 13:40:00,2025-09-23 13:44:00,M,30~39,office,seoul,0,0,0,0,24,0,0,51,0,0,completed
41442,U1446,2025-03-16 14:46:00,2025-03-16 14:52:00,F,20~29,office,seoul,1,0,0,0,24,0,0,49,0,0,completed
41443,U1447,2025-06-08 13:45:00,2025-06-08 13:50:00,F,20~29,office,seoul,1,0,0,0,10,0,0,17,0,0,completed
41444,U1448,2025-06-20 20:44:00,2025-06-20 20:51:00,M,30~39,office,seoul,0,0,0,0,17,0,0,55,0,0,completed
41445,U1449,2025-04-21 08:01:00,2025-04-21 08:08:00,F,40~49,office,seoul,0,0,0,0,25,0,0,15,0,0,completed
41446,U1450,2025-11-27 17:24:00,2025-11-27 17:31:00,M,50+,office,seoul,0,0,0,0,23,0,0,17,0,0,completed
41447,U1451,2025-09-12 13:11:00,2025-09-12 13:16:00,F,50+,office,seoul,0,0,0,0,2,0,0,35,0,0,completed
41448,U1452,2025-04-15 17:57:00,2025-04-15 18:00:00,F,40~49,office,seoul,0,0,0,0,0,0,0,31,0,0,completed
41449,U1453,2025-01-02 19:10:00,2025-01-02 19:17:00,F,30~39,office,seoul,0,0,0,0,3,0,0,65,0,0,completed
41450,U1454,2025-05-18 16:49:00,2025-05-18 16:55:00,F,20~29,office,seoul,1,0,0,0,8,0,0,59,0,0,completed
41451,U1455,2025-02-22 16:43:00,2025-02-22 16:46:00,F,30~39,office,seoul,1,0,0,0,7,0,0,44,0,0,completed
41452,U1456,2025-10-18 09:08:00,2025-10-18 09:14:00,M,20~29,office,seoul,1,0,0,0,0,0,0,75,0,0,completed
41453,U1457,2025-12-15 11:01:00,2025-12-15 11:04:00,M,50+,office,seoul,0,0,0,0,2,0,0,31,0,0,completed
41454,U1458,2025-12-04 15:06:00,2025-12-04 15:10:00,F,20~29,office,seoul,0,0,0,0,17,0,0,13,0,0,completed
41455,U1459,2025-06-04 16:42:00,2025-06-04 16:46:00,M,40~49,office,seoul,0,0,0,0,2,0,0,18,0,0,completed
41456,U1460,2025-04-14 07:19:00,2025-04-14 07:26:00,F,20~29,office,seoul,0,0,0,0,1,0,0,52,0,0,completed
41457,U1461,2025-09-21 08:17:00,2025-09-21 08:19:00,M,30~39,office,seoul,1,0,0,0,10,0,0,43,0,0,completed
41458,U1462,2025-04-22 08:01:00,2025-04-22 08:04:00,M,40~49,office,seoul,0,0,0,0,18,0,0,72,0,0,completed
41459,U1463,2025-03-18 21:51:00,2025-03-18 21:54:00,F,20~29,office,seoul,0,0,0,0,16,0,0,29,0,0,completed
41460,U1464,2025-09-15 22:12:00,2025-09-15 22:14:00,F,30~39,office,seoul,0,0,0,0,6,0,0,62,0,0,completed
41461,U1465,2025-10-07 16:39:00,2025-10-07 16:42:00,M,30~39,office,seoul,0,0,0,0,4,0,0,75,0,0,completed
41462,U1466,2025-05-08 21:10:00,2025-05-08 21:15:00,M,20~29,office,seoul,0,0,0,0,1,0,0,40,0,0,completed
41463,U1467,2025-03-14 12:32:00,2025-03-14 12:36:00,F,20~29,office,seoul,0,0,0,0,16,0,0,26,0,0,completed
41464,U1468,2025-04-28 17:57:00,2025-04-28 17:59:00,M,40~49,office,seoul,0,0,0,0,19,0,0,73,0,0,completed
41465,U1469,2025-04-20 11:08:00,2025-04-20 11:10:00,M,20~29,office,seoul,1,0,0,0,26,0,0,58,0,0,completed
41466,U1470,2025-12-29 14:27:00,2025-12-29 14:31:00,F,20~29,office,seoul,0,0,0,0,0,0,0,56,0,0,completed
41467,U1471,2025-04-18 13:46:00,2025-04-18 13:53:00,M,20~29,office,seoul,0,0,0,0,27,0,0,27,0,0,completed
41468,U1472,2025-09-17 14:55:00,2025-09-17 15:01:00,F,20~29,office,seoul,0,0,0,0,26,0,0,38,0,0,abandoned
41469,U1473,2025-08-13 07:43:00,2025-08-13 07:47:00,F,20~29,office,seoul,0,0,0,0,5,0,0,18,0,0,completed
41470,U1474,2025-10-23 19:59:00,2025-10-23 20:01:00,F,40~49,office,seoul,0,0,0,0,25,0,0,34,0,0,completed
41471,U1475,2025-08-25 17:05:00,2025-08-25 17:07:00,M,30~39,office,seoul,0,0,0,0,3,0,0,46,0,0,completed
41472,U1476,2025-10-17 15:39:00,2025-10-17 15:45:00,M,30~39,office,seoul,0,0,0,0,28,0,0,36,0,0,completed
41473,U1477,2025-09-10 11:53:00,2025-09-10 12:00:00,F,20~29,office,seoul,0,0,0,0,4,0,0,38,0,0,completed
41474,U1478,2025-07-15 09:40:00,2025-07-15 09:46:00,F,40~49,office,seoul,0,0,0,0,12,0,0,61,0,0,completed
41475,U1479,2025-03-19 13:39:00,2025-03-19 13:41:00,F,20~29,office,seoul,0,0,0,0,29,0,0,67,0,0,completed
41476,U1480,2025-04-03 17:53:00,2025-04-03 17:59:00,M,20~29,office,seoul,0,0,0,0,10,0,0,71,0,0,completed
41477,U1481,2025-05-18 18:23:00,2025-05-18 18:27:00,M,20~29,office,seoul,1,0,0,0,10,0,0,20,0,0,completed
41478,U1482,2025-08-13 09:40:00,2025-08-13 09:43:00,M,40~49,office,seoul,0,0,0,0,12,0,0,57,0,0,completed
41479,U1483,2025-11-21 08:22:00,2025-11-21 08:28:00,F,20~29,office,seoul,0,0,0,0,2,0,0,47,0,0,completed
41480,U1484,2025-02-08 18:16:00,2025-02-08 18:23:00,F,30~39,office,seoul,1,0,0,0,18,0,0,37,0,0,completed
41481,U1485,2025-09-05 08:45:00,2025-09-05 08:52:00,F,40~49,office,seoul,0,0,0,0,6,0,0,70,0,0,completed
41482,U1486,2025-05-20 12:38:00,2025-05-20 12:44:00,F,40~49,office,seoul,0,0,0,0,20,0,0,14,0,0,completed
41483,U1487,2025-03-30 14:39:00,2025-03-30 14:45:00,M,50+,office,seoul,1,0,0,0,5,0,0,15,1,0,completed
41484,U1488,2025-01-13 17:49:00,2025-01-13 17:56:00,F,30~39,office,seoul,0,0,0,0,16,0,0,30,0,0,error
41485,U1489,2025-06-04 14:52:00,2025-06-04 14:55:00,M,30~39,office,seoul,0,0,0,0,14,0,0,24,0,0,completed
41486,U1490,2025-08-21 14:47:00,2025-08-21 14:51:00,M,20~29,office,seoul,0,0,0,0,17,0,0,67,0,0,completed
41487,U1491,2025-11-12 20:39:00,2025-11-12 20:44:00,F,40~49,office,seoul,0,0,0,0,19,0,0,47,0,0,completed
41488,U1492,2025-11-03 09:27:00,2025-11-03 09:31:00,M,50+,office,seoul,0,0,0,0,10,0,0,12,0,0,completed
41489,U1493,2025-02-19 15:07:00,2025-02-19 15:14:00,F,30~39,office,seoul,0,0,0,0,1,0,0,31,0,0,completed
41490,U1494,2025-03-31 15:56:00,2025-03-31 16:01:00,F,20~29,office,seoul,0,0,0,0,5,0,0,13,0,0,completed
41491,U1495,2025-07-12 22:50:00,2025-07-12 22:52:00,F,30~39,office,seoul,1,0,0,0,20,0,0,35,0,0,completed
41492,U1496,2025-11-05 17:10:00,2025-11-05 17:13:00,F,20~29,office,seoul,0,0,0,0,26,0,0,58,0,0,abandoned
41493,U1497,2025-10-04 16:52:00,2025-10-04 16:56:00,M,30~39,office,seoul,1,0,0,0,18,0,0,43,0,0,completed
41494,U1498,2025-02-10 19:20:00,2025-02-10 19:23:00,F,20~29,office,seoul,0,0,0,0,13,0,0,75,0,0,completed
41495,U1499,2025-04-09 09:59:00,2025-04-09 10:04:00,F,50+,office,seoul,0,0,0,0,28,0,0,16,0,0,completed
41496,U1500,2025-09-16 15:33:00,2025-09-16 15:39:00,F,50+,office,seoul,0,0,0,0,8,0,0,78,0,0,timeout
41497,U1501,2025-09-15 14:29:00,2025-09-15 14:31:00,F,50+,office,seoul,0,0,0,0,3,0,0,60,0,0,completed
41498,U1502,2025-12-05 15:29:00,2025-12-05 15:34:00,M,30~39,office,seoul,0,0,0,0,5,0,0,57,0,0,abandoned
41499,U1503,2025-05-17 16:08:00,2025-05-17 16:12:00,M,50+,office,seoul,1,0,0,0,24,0,0,40,0,0,abandoned
41500,U1504,2025-07-28 14:16:00,2025-07-28 14:22:00,M,40~49,office,seoul,0,0,0,0,20,0,0,78,0,0,completed
41501,U1505,2025-08-20 17:25:00,2025-08-20 17:31:00,F,20~29,office,seoul,0,0,0,0,16,0,0,50,0,0,completed
41502,U1506,2025-07-24 12:57:00,2025-07-24 13:04:00,F,30~39,office,seoul,0,0,0,0,17,0,0,63,0,0,completed
41503,U1507,2025-06-30 13:49:00,2025-06-30 13:51:00,F,30~39,office,seoul,0,0,0,0,24,0,0,14,0,0,completed
41504,U1508,2025-02-14 17:59:00,2025-02-14 18:05:00,M,30~39,office,seoul,0,0,0,0,29,0,0,30,0,0,completed
41505,U1509,2025-02-05 09:25:00,2025-02-05 09:31:00,M,20~29,office,seoul,0,0,0,0,29,0,0,33,0,0,completed
41506,U1510,2025-08-08 11:47:00,2025-08-08 11:52:00,M,30~39,office,seoul,0,0,0,0,10,0,0,32,1,0,completed
41507,U1511,2025-11-12 15:47:00,2025-11-12 15:54:00,F,40~49,office,seoul,0,0,0,0,23,0,0,58,1,0,timeout
41508,U1512,2025-11-05 16:09:00,2025-11-05 16:14:00,F,50+,office,seoul,0,0,0,0,7,0,0,51,0,0,abandoned
41509,U1513,2025-01-09 09:38:00,2025-01-09 09:44:00,M,30~39,office,seoul,0,0,0,0,1,0,0,21,0,0,timeout
41510,U1514,2025-02-05 20:22:00,2025-02-05 20:26:00,F,20~29,office,seoul,0,0,0,0,24,0,0,27,0,0,completed
41511,U1515,2025-02-04 09:48:00,2025-02-04 09:55:00,F,20~29,office,seoul,0,0,0,0,23,0,0,55,0,0,completed
41512,U1516,2025-06-06 12:42:00,2025-06-06 12:44:00,M,20~29,office,seoul,0,0,0,0,17,0,0,13,0,0,completed
41513,U1517,2025-01-12 13:09:00,2025-01-12 13:13:00,F,40~49,office,seoul,1,0,0,0,6,0,0,60,0,0,completed
41514,U1518,2025-08-12 19:31:00,2025-08-12 19:35:00,F,40~49,office,seoul,0,0,0,0,22,0,0,76,0,0,completed
41515,U1519,2025-01-30 07:59:00,2025-01-30 08:02:00,F,20~29,office,seoul,0,0,0,0,8,0,0,59,0,0,completed
41516,U1520,2025-04-18 16:41:00,2025-04-18 16:46:00,F,30~39,office,seoul,0,0,0,0,28,0,0,74,0,0,completed
41517,U1521,2025-02-01 15:08:00,2025-02-01 15:14:00,F,50+,office,seoul,1,0,0,0,20,0,0,38,0,0,abandoned
41518,U1522,2025-07-31 20:38:00,2025-07-31 20:44:00,M,20~29,office,seoul,0,0,0,0,15,0,0,28,1,0,completed
41519,U1523,2025-07-01 12:55:00,2025-07-01 12:59:00,M,20~29,office,seoul,0,0,0,0,5,0,0,32,0,0,completed
41520,U1524,2025-08-02 17:50:00,2025-08-02 17:54:00,M,40~49,office,seoul,1,0,0,0,8,0,0,27,0,0,completed
41521,U1525,2025-10-31 09:14:00,2025-10-31 09:17:00,M,20~29,office,seoul,0,0,0,0,23,0,0,72,0,0,completed
41522,U1526,2025-03-05 12:58:00,2025-03-05 13:03:00,F,30~39,office,seoul,0,0,0,0,18,0,0,13,0,0,completed
41523,U1527,2025-10-19 14:49:00,2025-10-19 14:52:00,M,30~39,office,seoul,1,0,0,0,27,0,0,31,0,0,completed
41524,U1528,2025-01-04 08:31:00,2025-01-04 08:33:00,M,40~49,office,seoul,1,0,0,0,20,0,0,79,0,0,completed
41525,U1529,2025-03-18 13:56:00,2025-03-18 13:59:00,M,30~39,office,seoul,0,0,0,0,29,0,0,20,0,0,completed
41526,U1530,2025-07-01 17:35:00,2025-07-01 17:41:00,F,30~39,office,seoul,0,0,0,0,13,0,0,30,0,0,completed
41527,U1531,2025-06-23 07:06:00,2025-06-23 07:08:00,F,20~29,office,seoul,0,0,0,0,20,0,0,37,0,0,completed
41528,U1532,2025-08-27 19:29:00,2025-08-27 19:34:00,M,40~49,office,seoul,0,0,0,0,25,0,0,25,0,0,completed
41529,U1533,2025-02-23 15:14:00,2025-02-23 15:21:00,M,30~39,office,seoul,1,0,0,0,22,0,0,32,0,0,completed
41530,U1534,2025-12-10 14:00:00,2025-12-10 14:07:00,M,20~29,office,seoul,0,0,0,0,20,0,0,14,0,0,completed
41531,U1535,2025-08-17 17:30:00,2025-08-17 17:35:00,F,30~39,office,seoul,1,0,0,0,24,0,0,69,0,0,completed
41532,U1536,2025-11-07 20:37:00,2025-11-07 20:41:00,F,30~39,office,seoul,0,0,0,0,11,0,0,68,0,0,completed
41533,U1537,2025-01-28 11:44:00,2025-01-28 11:49:00,M,30~39,office,seoul,0,0,0,0,20,0,0,40,0,0,completed
41534,U1538,2025-02-13 17:44:00,2025-02-13 17:48:00,F,20~29,office,seoul,0,0,0,0,11,0,0,68,0,0,completed
41535,U1539,2025-05-26 21:47:00,2025-05-26 21:53:00,F,40~49,office,seoul,0,0,0,0,22,0,0,76,0,0,completed
41536,U1540,2025-01-06 19:14:00,2025-01-06 19:21:00,M,40~49,office,seoul,0,0,0,0,7,0,0,24,0,0,completed
41537,U1541,2025-11-03 19:09:00,2025-11-03 19:15:00,M,40~49,office,seoul,0,0,0,0,14,0,0,64,0,0,completed
41538,U1542,2025-05-30 16:20:00,2025-05-30 16:23:00,F,30~39,office,seoul,0,0,0,0,1,0,0,33,0,0,completed
41539,U1543,2025-06-08 18:39:00,2025-06-08 18:44:00,F,20~29,office,seoul,1,0,0,0,15,0,0,23,0,0,completed
41540,U1544,2025-12-01 14:26:00,2025-12-01 14:29:00,M,20~29,office,seoul,0,0,0,0,1,0,0,35,0,0,abandoned
41541,U1545,2025-09-03 13:22:00,2025-09-03 13:28:00,F,30~39,office,seoul,0,0,0,0,23,0,0,18,0,0,completed
41542,U1546,2025-02-21 15:33:00,2025-02-21 15:39:00,M,30~39,office,seoul,0,0,0,0,22,0,0,58,0,0,completed
41543,U1547,2025-11-08 12:13:00,2025-11-08 12:20:00,F,50+,office,seoul,1,0,0,0,27,0,0,55,0,0,completed
41544,U1548,2025-07-21 19:55:00,2025-07-21 20:00:00,F,50+,office,seoul,0,0,0,0,24,0,0,58,0,0,completed
41545,U1549,2025-03-27 12:55:00,2025-03-27 12:59:00,M,30~39,office,seoul,0,0,0,0,26,0,0,69,0,0,completed
41546,U1550,2025-01-25 21:14:00,2025-01-25 21:19:00,F,20~29,office,seoul,1,0,0,0,11,0,0,30,0,0,completed
41547,U1551,2025-05-08 08:38:00,2025-05-08 08:45:00,F,50+,office,seoul,0,0,0,0,11,0,0,13,0,0,completed
41548,U1552,2025-09-11 13:07:00,2025-09-11 13:09:00,F,20~29,office,seoul,0,0,0,0,6,0,0,14,0,0,abandoned
41549,U1553,2025-04-09 20:25:00,2025-04-09 20:28:00,M,20~29,office,seoul,0,0,0,0,20,0,0,29,0,0,error
41550,U1554,2025-10-31 20:43:00,2025-10-31 20:50:00,M,40~49,office,seoul,0,0,0,0,22,0,0,68,0,0,abandoned
41551,U1555,2025-10-30 20:50:00,2025-10-30 20:56:00,F,20~29,office,seoul,0,0,0,0,27,0,0,55,0,0,completed
41552,U1556,2025-08-11 11:45:00,2025-08-11 11:49:00,M,30~39,office,seoul,0,0,0,0,17,0,0,12,0,0,completed
41553,U1557,2025-12-20 13:10:00,2025-12-20 13:17:00,M,30~39,office,seoul,1,0,0,0,21,0,0,46,0,0,completed
41554,U1558,2025-08-16 15:34:00,2025-08-16 15:36:00,F,30~39,office,seoul,1,0,0,0,8,0,0,12,0,0,completed
41555,U1559,2025-09-14 09:42:00,2025-09-14 09:45:00,F,30~39,office,seoul,1,0,0,0,17,0,0,24,0,0,completed
41556,U1560,2025-10-23 14:28:00,2025-10-23 14:30:00,M,20~29,office,seoul,0,0,0,0,20,0,0,72,0,0,completed
41557,U1561,2025-12-05 20:59:00,2025-12-05 21:05:00,M,40~49,office,seoul,0,0,0,0,19,0,0,50,0,0,completed
41558,U1562,2025-07-18 16:45:00,2025-07-18 16:51:00,F,40~49,office,seoul,0,0,0,0,28,0,0,13,1,0,completed
41559,U1563,2025-12-14 11:33:00,2025-12-14 11:39:00,M,40~49,office,seoul,1,0,0,0,19,0,0,63,0,0,completed
41560,U1564,2025-11-12 15:45:00,2025-11-12 15:49:00,M,20~29,office,seoul,0,0,0,0,10,0,0,47,0,0,completed
41561,U1565,2025-06-25 19:39:00,2025-06-25 19:45:00,M,30~39,office,seoul,0,0,0,0,17,0,0,75,0,0,timeout
41562,U1566,2025-09-24 07:11:00,2025-09-24 07:14:00,F,50+,office,seoul,0,0,0,0,17,0,0,56,0,0,completed
41563,U1567,2025-04-19 15:22:00,2025-04-19 15:26:00,F,20~29,office,seoul,1,0,0,0,25,0,0,41,0,0,completed
41564,U1568,2025-08-07 17:35:00,2025-08-07 17:42:00,F,20~29,office,seoul,0,0,0,0,22,0,0,35,0,0,error
41565,U1569,2025-06-09 16:04:00,2025-06-09 16:10:00,M,50+,office,seoul,0,0,0,0,15,0,0,41,0,0,abandoned
41566,U1570,2025-12-17 12:43:00,2025-12-17 12:48:00,F,40~49,office,seoul,0,0,0,0,0,0,0,72,0,0,completed
41567,U1571,2025-06-06 09:13:00,2025-06-06 09:15:00,M,20~29,office,seoul,0,0,0,0,19,0,0,66,0,0,completed
41568,U1572,2025-04-03 09:04:00,2025-04-03 09:06:00,M,50+,office,seoul,0,0,0,0,9,0,0,67,1,0,error
41569,U1573,2025-02-21 15:51:00,2025-02-21 15:55:00,F,20~29,office,seoul,0,0,0,0,19,0,0,64,0,0,completed
41570,U1574,2025-01-01 08:31:00,2025-01-01 08:38:00,F,20~29,office,seoul,0,0,0,0,7,0,0,56,0,0,completed
41571,U1575,2025-04-29 15:15:00,2025-04-29 15:22:00,F,40~49,office,seoul,0,0,0,0,22,0,0,54,0,0,completed
41572,U1576,2025-04-30 16:38:00,2025-04-30 16:45:00,F,20~29,office,seoul,0,0,0,0,21,0,0,57,0,0,abandoned
41573,U1577,2025-02-08 15:01:00,2025-02-08 15:07:00,M,40~49,office,seoul,1,0,0,0,3,0,0,59,0,0,completed
41574,U1578,2025-04-30 13:07:00,2025-04-30 13:14:00,F,30~39,office,seoul,0,0,0,0,0,0,0,53,0,0,completed
41575,U1579,2025-12-22 12:37:00,2025-12-22 12:42:00,M,20~29,office,seoul,0,0,0,0,25,0,0,59,0,0,completed
41576,U1580,2025-05-17 18:13:00,2025-05-17 18:20:00,M,30~39,office,seoul,1,0,0,0,23,0,0,18,0,0,completed
41577,U1581,2025-06-27 13:25:00,2025-06-27 13:28:00,F,20~29,office,seoul,0,0,0,0,21,0,0,59,0,0,completed
41578,U1582,2025-10-20 11:32:00,2025-10-20 11:34:00,F,20~29,office,seoul,0,0,0,0,18,0,0,41,0,0,completed
41579,U1583,2025-04-12 13:50:00,2025-04-12 13:57:00,F,30~39,office,seoul,1,0,0,0,5,0,0,21,0,0,completed
41580,U1584,2025-10-31 15:55:00,2025-10-31 16:02:00,M,20~29,office,seoul,0,0,0,0,7,0,0,44,0,0,completed
41581,U1585,2025-09-14 19:22:00,2025-09-14 19:25:00,M,30~39,office,seoul,1,0,0,0,8,0,0,78,0,0,abandoned
41582,U1586,2025-08-26 13:11:00,2025-08-26 13:14:00,M,50+,office,seoul,0,0,0,0,13,0,0,42,0,0,completed
41583,U1587,2025-06-04 16:05:00,2025-06-04 16:10:00,M,50+,office,seoul,0,0,0,0,13,0,0,25,1,0,completed
41584,U1588,2025-02-25 18:19:00,2025-02-25 18:23:00,M,40~49,office,seoul,0,0,0,0,4,0,0,43,0,0,completed
41585,U1589,2025-11-30 16:37:00,2025-11-30 16:41:00,F,30~39,office,seoul,1,0,0,0,25,0,0,46,0,0,error
41586,U1590,2025-05-16 08:36:00,2025-05-16 08:38:00,F,50+,office,seoul,0,0,0,0,8,0,0,32,0,1,completed
41587,U1591,2025-04-28 13:23:00,2025-04-28 13:27:00,F,30~39,office,seoul,0,0,0,0,9,0,0,44,0,0,completed
41588,U1592,2025-02-28 14:57:00,2025-02-28 15:01:00,F,40~49,office,seoul,0,0,0,0,6,0,0,62,0,0,completed
41589,U1593,2025-03-29 13:19:00,2025-03-29 13:26:00,F,30~39,office,seoul,1,0,0,0,19,0,0,58,0,0,completed
41590,U1594,2025-04-13 08:56:00,2025-04-13 08:58:00,M,40~49,office,seoul,1,0,0,0,12,0,0,71,0,0,completed
41591,U1595,2025-04-23 14:06:00,2025-04-23 14:12:00,M,50+,office,seoul,0,0,0,0,7,0,0,37,0,0,completed
41592,U1596,2025-11-18 14:18:00,2025-11-18 14:23:00,F,20~29,office,seoul,0,0,0,0,9,0,0,11,0,0,completed
41593,U1597,2025-11-13 16:19:00,2025-11-13 16:23:00,F,30~39,office,seoul,0,0,0,0,15,0,0,76,0,0,completed
41594,U1598,2025-06-10 13:08:00,2025-06-10 13:14:00,M,20~29,office,seoul,0,0,0,0,11,0,0,61,0,0,completed
41595,U1599,2025-02-28 19:48:00,2025-02-28 19:52:00,F,20~29,office,seoul,0,0,0,0,23,0,0,26,0,0,abandoned
41596,U1600,2025-08-26 15:08:00,2025-08-26 15:10:00,F,20~29,office,seoul,0,0,0,0,17,0,0,29,0,0,completed
41597,U1601,2025-12-21 11:24:00,2025-12-21 11:28:00,F,50+,office,seoul,1,0,0,0,26,0,0,41,1,0,completed
41598,U1602,2025-01-10 18:29:00,2025-01-10 18:35:00,M,50+,office,seoul,0,0,0,0,21,0,0,16,0,0,completed
41599,U1603,2025-11-10 07:40:00,2025-11-10 07:42:00,M,30~39,office,seoul,0,0,0,0,3,0,0,55,0,0,completed
41600,U1604,2025-12-27 08:34:00,2025-12-27 08:36:00,M,40~49,office,seoul,1,0,0,0,3,0,0,64,0,0,completed
41601,U1605,2025-03-31 09:07:00,2025-03-31 09:14:00,M,40~49,office,seoul,0,0,0,0,17,0,0,41,0,0,completed
41602,U1606,2025-04-25 16:39:00,2025-04-25 16:44:00,M,20~29,office,seoul,0,0,0,0,23,0,0,23,0,0,completed
41603,U1607,2025-03-17 11:04:00,2025-03-17 11:06:00,F,40~49,office,seoul,0,0,0,0,20,0,0,13,0,0,completed
41604,U1608,2025-06-21 21:22:00,2025-06-21 21:28:00,M,50+,office,seoul,1,0,0,0,9,0,0,71,1,0,completed
41605,U1609,2025-03-08 20:13:00,2025-03-08 20:15:00,M,20~29,office,seoul,1,0,0,0,10,0,0,51,0,0,completed
41606,U1610,2025-12-14 13:10:00,2025-12-14 13:14:00,F,20~29,office,seoul,1,0,0,0,7,0,0,56,0,0,completed
41607,U1611,2025-06-30 09:57:00,2025-06-30 10:01:00,F,50+,office,seoul,0,0,0,0,8,0,0,11,1,0,completed
41608,U1612,2025-08-03 20:07:00,2025-08-03 20:10:00,M,30~39,office,seoul,1,0,0,0,14,0,0,57,0,0,completed
41609,U1613,2025-02-05 09:26:00,2025-02-05 09:28:00,F,30~39,office,seoul,0,0,0,0,20,0,0,60,0,0,completed
41610,U1614,2025-07-13 09:05:00,2025-07-13 09:08:00,F,40~49,office,seoul,1,0,0,0,6,0,0,74,0,0,completed
41611,U1615,2025-12-25 09:15:00,2025-12-25 09:18:00,M,40~49,office,seoul,0,0,0,0,4,0,0,41,0,0,completed
41612,U1616,2025-03-10 09:22:00,2025-03-10 09:24:00,F,20~29,office,seoul,0,0,0,0,17,0,0,44,0,0,completed
41613,U1617,2025-12-07 16:56:00,2025-12-07 17:01:00,F,40~49,office,seoul,1,0,0,0,11,0,0,73,0,0,completed
41614,U1618,2025-01-20 18:51:00,2025-01-20 18:58:00,M,30~39,office,seoul,0,0,0,0,13,0,0,76,0,0,completed
41615,U1619,2025-11-21 15:40:00,2025-11-21 15:43:00,F,30~39,office,seoul,0,0,0,0,25,0,0,36,0,0,completed
41616,U1620,2025-12-02 07:32:00,2025-12-02 07:37:00,F,30~39,office,seoul,0,0,0,0,1,0,0,73,0,0,completed
41617,U1621,2025-01-23 17:28:00,2025-01-23 17:30:00,F,30~39,office,seoul,0,0,0,0,12,0,0,41,0,0,completed
41618,U1622,2025-03-16 18:39:00,2025-03-16 18:42:00,M,20~29,office,seoul,1,0,0,0,29,0,0,20,0,0,completed
41619,U1623,2025-12-28 09:13:00,2025-12-28 09:16:00,F,20~29,office,seoul,1,0,0,0,28,0,0,14,0,0,completed
41620,U1624,2025-07-20 16:17:00,2025-07-20 16:23:00,F,50+,office,seoul,1,0,0,0,18,0,0,58,0,0,completed
41621,U1625,2025-11-14 15:28:00,2025-11-14 15:35:00,M,30~39,office,seoul,0,0,0,0,4,0,0,67,0,0,completed
41622,U1626,2025-05-15 12:32:00,2025-05-15 12:39:00,F,30~39,office,seoul,0,0,0,0,27,0,0,46,0,0,completed
41623,U1627,2025-08-19 17:35:00,2025-08-19 17:38:00,F,50+,office,seoul,0,0,0,0,0,0,0,28,0,0,completed
41624,U1628,2025-01-02 07:32:00,2025-01-02 07:37:00,F,20~29,office,seoul,0,0,0,0,8,0,0,28,0,0,completed
41625,U1629,2025-02-05 20:20:00,2025-02-05 20:27:00,F,20~29,office,seoul,0,0,0,0,2,0,0,42,0,0,completed
41626,U1630,2025-06-06 13:52:00,2025-06-06 13:58:00,F,40~49,office,seoul,0,0,0,0,21,0,0,34,0,0,completed
41627,U1631,2025-12-11 11:55:00,2025-12-11 11:58:00,F,40~49,office,seoul,0,0,0,0,1,0,0,52,0,0,completed
41628,U1632,2025-07-16 08:55:00,2025-07-16 09:01:00,M,50+,office,seoul,0,0,0,0,4,0,0,22,0,0,completed
41629,U1633,2025-08-01 09:47:00,2025-08-01 09:53:00,M,40~49,office,seoul,0,0,0,0,11,0,0,61,0,0,completed
41630,U1634,2025-09-29 18:49:00,2025-09-29 18:56:00,F,20~29,office,seoul,0,0,0,0,21,0,0,67,0,0,completed
41631,U1635,2025-08-25 12:20:00,2025-08-25 12:27:00,M,20~29,office,seoul,0,0,0,0,17,0,0,39,0,0,completed
41632,U1636,2025-09-01 12:26:00,2025-09-01 12:30:00,M,40~49,office,seoul,0,0,0,0,24,0,0,55,0,0,completed
41633,U1637,2025-11-26 17:31:00,2025-11-26 17:36:00,M,30~39,office,seoul,0,0,0,0,24,0,0,54,0,0,completed
41634,U1638,2025-04-14 08:27:00,2025-04-14 08:34:00,M,30~39,office,seoul,0,0,0,0,24,0,0,17,0,0,completed
41635,U1639,2025-01-05 19:29:00,2025-01-05 19:36:00,M,20~29,office,seoul,1,0,0,0,16,0,0,15,0,0,completed
41636,U1640,2025-09-13 09:19:00,2025-09-13 09:22:00,M,40~49,office,seoul,1,0,0,0,14,0,0,44,0,0,completed
41637,U1641,2025-11-09 09:44:00,2025-11-09 09:46:00,F,40~49,office,seoul,1,0,0,0,8,0,0,53,0,0,abandoned
41638,U1642,2025-01-25 09:35:00,2025-01-25 09:40:00,F,20~29,office,seoul,1,0,0,0,6,0,0,22,0,0,completed
41639,U1643,2025-02-01 18:47:00,2025-02-01 18:49:00,F,30~39,office,seoul,1,0,0,0,11,0,0,56,0,0,completed
41640,U1644,2025-06-19 09:49:00,2025-06-19 09:54:00,M,50+,office,seoul,0,0,0,0,19,0,0,23,0,0,completed
41641,U1645,2025-06-13 12:11:00,2025-06-13 12:13:00,M,20~29,office,seoul,0,0,0,0,21,0,0,39,0,0,completed
41642,U1646,2025-08-28 22:19:00,2025-08-28 22:22:00,F,20~29,office,seoul,0,0,0,0,24,0,0,74,0,0,completed
41643,U1647,2025-02-17 16:18:00,2025-02-17 16:21:00,F,50+,office,seoul,0,0,0,0,29,0,0,43,0,1,completed
41644,U1648,2025-05-20 16:10:00,2025-05-20 16:16:00,F,50+,office,seoul,0,0,0,0,4,0,0,20,0,0,completed
41645,U1649,2025-09-08 14:47:00,2025-09-08 14:49:00,M,40~49,office,seoul,0,0,0,0,15,0,0,62,0,0,completed
41646,U1650,2025-06-09 07:31:00,2025-06-09 07:33:00,M,20~29,office,seoul,0,0,0,0,24,0,0,28,0,0,completed
41647,U1651,2025-10-05 13:02:00,2025-10-05 13:08:00,M,30~39,office,seoul,1,0,0,0,7,0,0,14,0,0,abandoned
41648,U1652,2025-12-23 16:39:00,2025-12-23 16:42:00,F,30~39,office,seoul,0,0,0,0,17,0,0,32,0,0,completed
41649,U1653,2025-12-31 08:48:00,2025-12-31 08:55:00,F,20~29,office,seoul,0,0,0,0,5,0,0,71,0,0,completed
41650,U1654,2025-12-03 12:35:00,2025-12-03 12:38:00,F,20~29,office,seoul,0,0,0,0,2,0,0,27,0,0,completed
41651,U1655,2025-03-04 22:04:00,2025-03-04 22:06:00,F,20~29,office,seoul,0,0,0,0,17,0,0,47,0,0,completed
41652,U1656,2025-03-26 17:43:00,2025-03-26 17:49:00,M,20~29,office,seoul,0,0,0,0,20,0,0,58,0,0,completed
41653,U1657,2025-04-08 17:05:00,2025-04-08 17:07:00,F,20~29,office,seoul,0,0,0,0,11,0,0,73,0,0,completed
41654,U1658,2025-11-01 12:37:00,2025-11-01 12:44:00,M,30~39,office,seoul,1,0,0,0,17,0,0,78,0,0,completed
41655,U1659,2025-09-17 15:34:00,2025-09-17 15:41:00,M,40~49,office,seoul,0,0,0,0,5,0,0,21,0,0,completed
41656,U1660,2025-10-06 13:33:00,2025-10-06 13:38:00,M,40~49,office,seoul,0,0,0,0,1,0,0,42,0,0,abandoned
41657,U1661,2025-12-02 08:48:00,2025-12-02 08:54:00,M,40~49,office,seoul,0,0,0,0,20,0,0,53,0,0,completed
41658,U1662,2025-05-09 16:37:00,2025-05-09 16:44:00,M,30~39,office,seoul,0,0,0,0,13,0,0,66,0,0,completed
41659,U1663,2025-10-19 08:20:00,2025-10-19 08:23:00,M,30~39,office,seoul,1,0,0,0,29,0,0,46,0,0,completed
41660,U1664,2025-01-17 12:48:00,2025-01-17 12:54:00,F,40~49,office,seoul,0,0,0,0,3,0,0,21,0,0,completed
41661,U1665,2025-05-08 17:44:00,2025-05-08 17:49:00,F,30~39,office,seoul,0,0,0,0,9,0,0,66,0,0,completed
41662,U1666,2025-01-09 07:42:00,2025-01-09 07:46:00,F,20~29,office,seoul,0,0,0,0,11,0,0,65,0,0,completed
41663,U1667,2025-12-04 22:16:00,2025-12-04 22:21:00,M,20~29,office,seoul,0,0,0,0,28,0,0,24,0,0,completed
41664,U1668,2025-07-28 09:58:00,2025-07-28 10:05:00,M,20~29,office,seoul,0,0,0,0,17,0,0,67,0,0,completed
41665,U1669,2025-12-18 13:34:00,2025-12-18 13:37:00,F,40~49,office,seoul,0,0,0,0,7,0,0,61,0,0,completed
41666,U1670,2025-12-15 12:34:00,2025-12-15 12:37:00,M,20~29,office,seoul,0,0,0,0,0,0,0,75,0,0,abandoned
41667,U1671,2025-05-21 17:54:00,2025-05-21 17:57:00,F,30~39,office,seoul,0,0,0,0,5,0,0,44,0,0,completed
41668,U1672,2025-12-15 14:43:00,2025-12-15 14:49:00,M,20~29,office,seoul,0,0,0,0,22,0,0,27,0,0,completed
41669,U1673,2025-03-05 12:07:00,2025-03-05 12:11:00,F,20~29,office,seoul,0,0,0,0,10,0,0,43,1,0,completed
41670,U1674,2025-03-21 13:51:00,2025-03-21 13:53:00,F,40~49,office,seoul,0,0,0,0,27,0,0,29,0,0,completed
41671,U1675,2025-09-21 14:46:00,2025-09-21 14:51:00,M,30~39,office,seoul,1,0,0,0,16,0,0,76,0,0,completed
41672,U1676,2025-04-30 17:44:00,2025-04-30 17:49:00,F,20~29,office,seoul,0,0,0,0,19,0,0,66,0,0,completed
41673,U1677,2025-06-03 20:03:00,2025-06-03 20:05:00,M,30~39,office,seoul,0,0,0,0,20,0,0,49,0,0,completed
41674,U1678,2025-06-12 07:26:00,2025-06-12 07:28:00,F,20~29,office,seoul,0,0,0,0,20,0,0,19,0,0,completed
41675,U1679,2025-01-15 08:01:00,2025-01-15 08:07:00,F,30~39,office,seoul,0,0,0,0,26,0,0,49,0,0,completed
41676,U1680,2025-01-17 11:14:00,2025-01-17 11:19:00,F,30~39,office,seoul,0,0,0,0,24,0,0,43,0,0,completed
41677,U1681,2025-04-22 16:28:00,2025-04-22 16:33:00,M,20~29,office,seoul,0,0,0,0,7,0,0,64,0,0,completed
41678,U1682,2025-10-03 09:01:00,2025-10-03 09:08:00,F,20~29,office,seoul,0,0,0,0,25,0,0,26,0,0,completed
41679,U1683,2025-03-01 09:35:00,2025-03-01 09:41:00,M,30~39,office,seoul,1,0,0,0,18,0,0,70,1,0,completed
41680,U1684,2025-08-19 14:04:00,2025-08-19 14:06:00,F,40~49,office,seoul,0,0,0,0,22,0,0,54,0,0,completed
41681,U1685,2025-07-08 19:57:00,2025-07-08 20:01:00,M,30~39,office,seoul,0,0,0,0,1,0,0,25,0,0,completed
41682,U1686,2025-09-23 18:04:00,2025-09-23 18:07:00,F,50+,office,seoul,0,0,0,0,15,0,0,26,0,0,completed
41683,U1687,2025-08-30 15:16:00,2025-08-30 15:20:00,M,30~39,office,seoul,1,0,0,0,9,0,0,77,0,0,completed
41684,U1688,2025-12-13 18:09:00,2025-12-13 18:15:00,F,40~49,office,seoul,1,0,0,0,23,0,0,65,0,0,completed
41685,U1689,2025-12-22 09:50:00,2025-12-22 09:56:00,M,40~49,office,seoul,0,0,0,0,6,0,0,69,0,0,completed
41686,U1690,2025-08-07 08:29:00,2025-08-07 08:31:00,F,40~49,office,seoul,0,0,0,0,1,0,0,76,0,0,completed
41687,U1691,2025-03-24 12:07:00,2025-03-24 12:14:00,F,50+,office,seoul,0,0,0,0,11,0,0,75,0,0,completed
41688,U1692,2025-11-16 21:58:00,2025-11-16 22:00:00,F,30~39,office,seoul,1,0,0,0,24,0,0,28,0,0,completed
41689,U1693,2025-04-23 18:04:00,2025-04-23 18:06:00,M,30~39,office,seoul,0,0,0,0,8,0,0,36,0,0,completed
41690,U1694,2025-11-03 14:45:00,2025-11-03 14:50:00,F,20~29,office,seoul,0,0,0,0,9,0,0,24,0,0,completed
41691,U1695,2025-10-27 11:27:00,2025-10-27 11:33:00,M,30~39,office,seoul,0,0,0,0,11,0,0,39,0,0,completed
41692,U1696,2025-06-27 17:00:00,2025-06-27 17:06:00,F,40~49,office,seoul,0,0,0,0,4,0,0,52,0,0,completed
41693,U1697,2025-02-26 15:41:00,2025-02-26 15:43:00,M,20~29,office,seoul,0,0,0,0,11,0,0,49,0,0,completed
41694,U1698,2025-06-19 21:34:00,2025-06-19 21:39:00,F,20~29,office,seoul,0,0,0,0,2,0,0,73,0,0,completed
41695,U1699,2025-04-01 13:24:00,2025-04-01 13:31:00,F,20~29,office,seoul,0,0,0,0,17,0,0,15,0,0,completed
41696,U1700,2025-05-18 17:41:00,2025-05-18 17:47:00,M,30~39,office,seoul,1,0,0,0,11,0,0,74,0,0,completed
41697,U1701,2025-12-26 18:43:00,2025-12-26 18:50:00,F,40~49,office,seoul,0,0,0,0,16,0,0,58,0,0,completed
41698,U1702,2025-09-30 09:35:00,2025-09-30 09:38:00,F,30~39,office,seoul,0,0,0,0,3,0,0,19,0,0,completed
41699,U1703,2025-07-31 18:18:00,2025-07-31 18:25:00,F,20~29,office,seoul,0,0,0,0,10,0,0,45,0,0,completed
41700,U1704,2025-06-23 09:11:00,2025-06-23 09:16:00,F,40~49,office,seoul,0,0,0,0,15,0,0,41,0,0,completed
41701,U1705,2025-02-13 17:21:00,2025-02-13 17:25:00,F,20~29,office,seoul,0,0,0,0,2,0,0,67,0,0,completed
41702,U1706,2025-07-16 21:02:00,2025-07-16 21:05:00,F,40~49,office,seoul,0,0,0,0,5,0,0,77,0,0,completed
41703,U1707,2025-11-28 17:01:00,2025-11-28 17:03:00,F,20~29,office,seoul,0,0,0,0,25,0,0,28,0,0,completed
41704,U1708,2025-02-02 08:05:00,2025-02-02 08:07:00,F,30~39,office,seoul,1,0,0,0,12,0,0,68,0,0,completed
41705,U1709,2025-05-24 16:34:00,2025-05-24 16:39:00,F,30~39,office,seoul,1,0,0,0,11,0,0,56,0,0,completed
41706,U1710,2025-01-03 22:25:00,2025-01-03 22:32:00,M,40~49,office,seoul,0,0,0,0,23,0,0,25,0,0,completed
41707,U1711,2025-07-09 18:30:00,2025-07-09 18:35:00,M,30~39,office,seoul,0,0,0,0,13,0,0,63,1,0,abandoned
41708,U1712,2025-06-06 19:50:00,2025-06-06 19:54:00,M,30~39,office,seoul,0,0,0,0,10,0,0,25,0,0,completed
41709,U1713,2025-03-23 07:49:00,2025-03-23 07:55:00,M,20~29,office,seoul,1,0,0,0,11,0,0,37,0,0,completed
41710,U1714,2025-09-27 09:57:00,2025-09-27 10:04:00,F,30~39,office,seoul,1,0,0,0,27,0,0,28,0,0,completed
41711,U1715,2025-03-08 20:16:00,2025-03-08 20:20:00,M,20~29,office,seoul,1,0,0,0,10,0,0,47,0,0,completed
41712,U1716,2025-09-07 12:38:00,2025-09-07 12:40:00,F,20~29,office,seoul,1,0,0,0,20,0,0,21,0,0,completed
41713,U1717,2025-12-07 18:25:00,2025-12-07 18:32:00,F,30~39,office,seoul,1,0,0,0,26,0,0,12,0,0,completed
41714,U1718,2025-02-06 12:58:00,2025-02-06 13:05:00,M,40~49,office,seoul,0,0,0,0,28,0,0,65,0,0,completed
41715,U1719,2025-09-01 17:02:00,2025-09-01 17:07:00,F,50+,office,seoul,0,0,0,0,9,0,0,15,0,1,completed
41716,U1720,2025-12-10 20:37:00,2025-12-10 20:44:00,F,20~29,office,seoul,0,0,0,0,7,0,0,75,0,0,completed
41717,U1721,2025-07-23 17:03:00,2025-07-23 17:10:00,F,30~39,office,seoul,0,0,0,0,26,0,0,52,0,0,completed
41718,U1722,2025-10-18 16:55:00,2025-10-18 16:58:00,F,30~39,office,seoul,1,0,0,0,7,0,0,10,0,0,completed
41719,U1723,2025-10-22 11:08:00,2025-10-22 11:13:00,M,30~39,office,seoul,0,0,0,0,20,0,0,13,0,0,timeout
41720,U1724,2025-04-30 12:26:00,2025-04-30 12:29:00,M,40~49,office,seoul,0,0,0,0,24,0,0,35,0,0,completed
41721,U1725,2025-02-10 20:20:00,2025-02-10 20:25:00,M,50+,office,seoul,0,0,0,0,27,0,0,13,0,0,abandoned
41722,U1726,2025-12-03 13:12:00,2025-12-03 13:14:00,M,30~39,office,seoul,0,0,0,0,12,0,0,65,0,0,completed
41723,U1727,2025-07-22 16:23:00,2025-07-22 16:29:00,M,20~29,office,seoul,0,0,0,0,1,0,0,26,0,0,completed
41724,U1728,2025-09-05 20:47:00,2025-09-05 20:54:00,M,30~39,office,seoul,0,0,0,0,22,0,0,71,0,0,completed
41725,U1729,2025-12-21 07:55:00,2025-12-21 08:00:00,F,40~49,office,seoul,1,0,0,0,7,0,0,49,0,0,completed
41726,U1730,2025-04-07 13:21:00,2025-04-07 13:25:00,F,20~29,office,seoul,0,0,0,0,9,0,0,30,0,0,completed
41727,U1731,2025-10-22 14:42:00,2025-10-22 14:48:00,M,30~39,office,seoul,0,0,0,0,7,0,0,73,0,0,completed
41728,U1732,2025-03-11 09:23:00,2025-03-11 09:30:00,M,50+,office,seoul,0,0,0,0,29,0,0,36,0,0,completed
41729,U1733,2025-03-08 11:51:00,2025-03-08 11:56:00,M,20~29,office,seoul,1,0,0,0,11,0,0,41,0,0,abandoned
41730,U1734,2025-01-30 11:05:00,2025-01-30 11:09:00,F,20~29,office,seoul,0,0,0,0,28,0,0,24,0,0,completed
41731,U1735,2025-05-01 09:21:00,2025-05-01 09:28:00,F,20~29,office,seoul,0,0,0,0,11,0,0,46,0,0,completed
41732,U1736,2025-08-06 09:04:00,2025-08-06 09:11:00,M,30~39,office,seoul,0,0,0,0,15,0,0,36,0,0,completed
41733,U1737,2025-03-05 09:33:00,2025-03-05 09:38:00,F,30~39,office,seoul,0,0,0,0,2,0,0,50,0,0,completed
41734,U1738,2025-02-16 11:32:00,2025-02-16 11:35:00,M,50+,office,seoul,1,0,0,0,22,0,0,22,0,0,completed
41735,U1739,2025-07-31 22:55:00,2025-07-31 23:00:00,M,20~29,office,seoul,0,0,0,0,21,0,0,43,0,0,completed
41736,U1740,2025-07-25 11:31:00,2025-07-25 11:35:00,F,20~29,office,seoul,0,0,0,0,28,0,0,27,0,0,error
41737,U1741,2025-10-08 21:23:00,2025-10-08 21:27:00,M,20~29,office,seoul,0,0,0,0,11,0,0,20,0,0,abandoned
41738,U1742,2025-12-23 13:01:00,2025-12-23 13:06:00,M,20~29,office,seoul,0,0,0,0,19,0,0,72,0,0,completed
41739,U1743,2025-01-15 13:14:00,2025-01-15 13:20:00,F,20~29,office,seoul,0,0,0,0,23,0,0,30,0,0,completed
41740,U1744,2025-03-17 19:13:00,2025-03-17 19:15:00,F,20~29,office,seoul,0,0,0,0,4,0,0,21,0,0,completed
41741,U1745,2025-09-18 08:04:00,2025-09-18 08:08:00,M,20~29,office,seoul,0,0,0,0,7,0,0,43,0,0,completed
41742,U1746,2025-07-18 15:10:00,2025-07-18 15:13:00,F,20~29,office,seoul,0,0,0,0,15,0,0,69,0,0,timeout
41743,U1747,2025-05-10 13:02:00,2025-05-10 13:07:00,M,40~49,office,seoul,1,0,0,0,23,0,0,16,0,0,abandoned
41744,U1748,2025-09-18 09:48:00,2025-09-18 09:51:00,M,30~39,office,seoul,0,0,0,0,28,0,0,39,0,0,completed
41745,U1749,2025-03-13 08:06:00,2025-03-13 08:13:00,F,30~39,office,seoul,0,0,0,0,1,0,0,17,0,0,completed
41746,U1750,2025-07-16 19:27:00,2025-07-16 19:31:00,F,50+,office,seoul,0,0,0,0,3,0,0,47,0,0,completed
41747,U1751,2025-02-09 13:03:00,2025-02-09 13:05:00,F,40~49,office,seoul,1,0,0,0,22,0,0,30,0,0,completed
41748,U1752,2025-10-22 11:21:00,2025-10-22 11:24:00,M,20~29,office,seoul,0,0,0,0,8,0,0,44,0,0,completed
41749,U1753,2025-02-21 16:03:00,2025-02-21 16:06:00,M,50+,office,seoul,0,0,0,0,11,0,0,65,1,0,completed
41750,U1754,2025-03-15 18:18:00,2025-03-15 18:21:00,M,40~49,office,seoul,1,0,0,0,12,0,0,55,0,0,completed
41751,U1755,2025-06-10 15:07:00,2025-06-10 15:12:00,M,40~49,office,seoul,0,0,0,0,11,0,0,58,0,0,timeout
41752,U1756,2025-04-24 19:54:00,2025-04-24 19:57:00,M,30~39,office,seoul,0,0,0,0,2,0,0,12,0,0,completed
41753,U1757,2025-03-12 11:48:00,2025-03-12 11:50:00,M,20~29,office,seoul,0,0,0,0,0,0,0,31,0,0,completed
41754,U1758,2025-04-09 16:26:00,2025-04-09 16:30:00,F,40~49,office,seoul,0,0,0,0,29,0,0,34,0,0,completed
41755,U1759,2025-01-25 16:53:00,2025-01-25 16:59:00,M,20~29,office,seoul,1,0,0,0,14,0,0,75,0,0,completed
41756,U1760,2025-03-17 09:29:00,2025-03-17 09:35:00,M,40~49,office,seoul,0,0,0,0,16,0,0,13,0,0,abandoned
41757,U1761,2025-06-21 16:06:00,2025-06-21 16:08:00,F,20~29,office,seoul,1,0,0,0,17,0,0,70,0,0,completed
41758,U1762,2025-10-10 11:50:00,2025-10-10 11:52:00,F,30~39,office,seoul,0,0,0,0,26,0,0,10,0,0,completed
41759,U1763,2025-08-10 08:20:00,2025-08-10 08:25:00,F,40~49,office,seoul,1,0,0,0,18,0,0,61,0,0,completed
41760,U1764,2025-10-26 16:25:00,2025-10-26 16:29:00,F,40~49,office,seoul,1,0,0,0,11,0,0,61,0,0,completed
41761,U1765,2025-08-29 14:18:00,2025-08-29 14:20:00,M,20~29,office,seoul,0,0,0,0,8,0,0,26,0,0,completed
41762,U1766,2025-08-24 16:21:00,2025-08-24 16:26:00,M,40~49,office,seoul,1,0,0,0,14,0,0,76,0,0,error
41763,U1767,2025-03-26 16:57:00,2025-03-26 17:01:00,M,40~49,office,seoul,0,0,0,0,17,0,0,77,0,0,completed
41764,U1768,2025-11-14 18:14:00,2025-11-14 18:19:00,F,30~39,office,seoul,0,0,0,0,13,0,0,60,1,0,completed
41765,U1769,2025-02-12 16:45:00,2025-02-12 16:48:00,M,20~29,office,seoul,0,0,0,0,28,0,0,59,0,0,completed
41766,U1770,2025-08-22 19:00:00,2025-08-22 19:02:00,F,20~29,office,seoul,0,0,0,0,28,0,0,47,0,0,completed
41767,U1771,2025-03-06 17:05:00,2025-03-06 17:08:00,F,50+,office,seoul,0,0,0,0,27,0,0,77,0,0,completed
41768,U1772,2025-12-03 14:13:00,2025-12-03 14:17:00,M,20~29,office,seoul,0,0,0,0,13,0,0,65,0,0,completed
41769,U1773,2025-06-25 13:07:00,2025-06-25 13:12:00,M,50+,office,seoul,0,0,0,0,6,0,0,74,0,0,completed
41770,U1774,2025-04-04 19:26:00,2025-04-04 19:31:00,M,50+,office,seoul,0,0,0,0,17,0,0,39,0,0,completed
41771,U1775,2025-12-17 17:58:00,2025-12-17 18:05:00,M,30~39,office,seoul,0,0,0,0,1,0,0,61,0,0,abandoned
41772,U1776,2025-11-07 13:11:00,2025-11-07 13:15:00,F,50+,office,seoul,0,0,0,0,0,0,0,45,0,0,completed
41773,U1777,2025-11-13 18:58:00,2025-11-13 19:05:00,M,20~29,office,seoul,0,0,0,0,11,0,0,47,0,0,abandoned
41774,U1778,2025-10-16 22:34:00,2025-10-16 22:36:00,M,20~29,office,seoul,0,0,0,0,2,0,0,50,0,0,completed
41775,U1779,2025-08-06 11:45:00,2025-08-06 11:49:00,F,30~39,office,seoul,0,0,0,0,3,0,0,46,0,0,completed
41776,U1780,2025-11-01 20:26:00,2025-11-01 20:31:00,M,40~49,office,seoul,1,0,0,0,18,0,0,50,0,0,completed
41777,U1781,2025-03-03 13:46:00,2025-03-03 13:50:00,M,30~39,office,seoul,0,0,0,0,10,0,0,21,0,0,completed
41778,U1782,2025-08-03 19:35:00,2025-08-03 19:40:00,F,20~29,office,seoul,1,0,0,0,19,0,0,43,0,0,completed
41779,U1783,2025-05-12 13:42:00,2025-05-12 13:49:00,F,50+,office,seoul,0,0,0,0,29,0,0,24,1,0,completed
41780,U1784,2025-12-09 09:48:00,2025-12-09 09:55:00,F,30~39,office,seoul,0,0,0,0,2,0,0,27,0,0,completed
41781,U1785,2025-10-12 08:44:00,2025-10-12 08:48:00,F,30~39,office,seoul,1,0,0,0,22,0,0,17,0,0,completed
41782,U1786,2025-12-03 14:32:00,2025-12-03 14:39:00,F,30~39,office,seoul,0,0,0,0,5,0,0,55,0,0,completed
41783,U1787,2025-11-17 08:45:00,2025-11-17 08:52:00,M,20~29,office,seoul,0,0,0,0,10,0,0,47,0,0,completed
41784,U1788,2025-04-27 16:40:00,2025-04-27 16:45:00,M,20~29,office,seoul,1,0,0,0,23,0,0,46,0,0,completed
41785,U1789,2025-01-09 16:53:00,2025-01-09 16:58:00,F,20~29,office,seoul,0,0,0,0,8,0,0,46,0,0,completed
41786,U1790,2025-11-17 08:28:00,2025-11-17 08:31:00,F,20~29,office,seoul,0,0,0,0,14,0,0,31,0,0,completed
41787,U1791,2025-08-24 11:23:00,2025-08-24 11:28:00,F,40~49,office,seoul,1,0,0,0,19,0,0,36,0,0,completed
41788,U1792,2025-09-29 18:02:00,2025-09-29 18:04:00,M,20~29,office,seoul,0,0,0,0,11,0,0,13,0,0,completed
41789,U1793,2025-07-21 11:43:00,2025-07-21 11:50:00,M,50+,office,seoul,0,0,0,0,10,0,0,59,0,0,completed
41790,U1794,2025-04-21 18:31:00,2025-04-21 18:35:00,F,40~49,office,seoul,0,0,0,0,17,0,0,59,0,0,completed
41791,U1795,2025-06-13 12:25:00,2025-06-13 12:27:00,F,30~39,office,seoul,0,0,0,0,14,0,0,20,0,0,completed
41792,U1796,2025-05-31 17:57:00,2025-05-31 18:01:00,F,20~29,office,seoul,1,0,0,0,25,0,0,48,0,0,completed
41793,U1797,2025-02-20 14:09:00,2025-02-20 14:11:00,M,20~29,office,seoul,0,0,0,0,2,0,0,35,0,0,completed
41794,U1798,2025-11-03 07:03:00,2025-11-03 07:07:00,M,40~49,office,seoul,0,0,0,0,8,0,0,59,0,0,completed
41795,U1799,2025-12-23 15:12:00,2025-12-23 15:17:00,F,30~39,office,seoul,0,0,0,0,12,0,0,74,0,0,completed
41796,U1800,2025-06-26 14:10:00,2025-06-26 14:12:00,F,30~39,office,seoul,0,0,0,0,28,0,0,44,0,0,completed
41797,U1801,2025-01-06 08:41:00,2025-01-06 08:46:00,M,20~29,office,seoul,0,0,0,0,20,0,0,57,0,0,completed
41798,U1802,2025-12-30 09:17:00,2025-12-30 09:23:00,F,40~49,office,seoul,0,0,0,0,11,0,0,59,0,0,completed
41799,U1803,2025-01-17 12:38:00,2025-01-17 12:45:00,F,40~49,office,seoul,0,0,0,0,6,0,0,64,0,0,completed
41800,U1804,2025-11-15 08:53:00,2025-11-15 08:56:00,M,20~29,office,seoul,1,0,0,0,28,0,0,64,0,0,completed
41801,U1805,2025-08-16 17:04:00,2025-08-16 17:06:00,F,20~29,office,seoul,1,0,0,0,5,0,0,76,0,0,completed
41802,U1806,2025-07-03 19:37:00,2025-07-03 19:43:00,M,20~29,office,seoul,0,0,0,0,7,0,0,48,0,0,completed
41803,U1807,2025-08-17 11:15:00,2025-08-17 11:19:00,F,40~49,office,seoul,1,0,0,0,15,0,0,67,0,0,completed
41804,U1808,2025-08-03 11:43:00,2025-08-03 11:49:00,F,50+,office,seoul,1,0,0,0,2,0,0,45,1,0,completed
41805,U1809,2025-10-20 17:23:00,2025-10-20 17:25:00,F,50+,office,seoul,0,0,0,0,26,0,0,43,0,1,error
41806,U1810,2025-02-17 13:23:00,2025-02-17 13:28:00,F,20~29,office,seoul,0,0,0,0,4,0,0,49,0,0,completed
41807,U1811,2025-05-22 12:23:00,2025-05-22 12:27:00,F,20~29,office,seoul,0,0,0,0,21,0,0,18,0,0,completed
41808,U1812,2025-09-27 17:55:00,2025-09-27 18:01:00,M,20~29,office,seoul,1,0,0,0,5,0,0,34,0,0,completed
41809,U1813,2025-05-07 16:43:00,2025-05-07 16:50:00,F,20~29,office,seoul,0,0,0,0,6,0,0,72,0,0,completed
41810,U1814,2025-05-14 22:30:00,2025-05-14 22:36:00,F,40~49,office,seoul,0,0,0,0,13,0,0,46,0,0,completed
41811,U1815,2025-10-03 16:52:00,2025-10-03 16:56:00,F,20~29,office,seoul,0,0,0,0,1,0,0,61,0,0,completed
41812,U1816,2025-09-28 21:11:00,2025-09-28 21:13:00,M,20~29,office,seoul,1,0,0,0,15,0,0,26,0,0,error
41813,U1817,2025-05-18 20:24:00,2025-05-18 20:30:00,F,50+,office,seoul,1,0,0,0,15,0,0,33,0,0,completed
41814,U1818,2025-08-21 20:44:00,2025-08-21 20:49:00,F,30~39,office,seoul,0,0,0,0,12,0,0,35,0,0,abandoned
41815,U1819,2025-04-28 12:46:00,2025-04-28 12:49:00,M,50+,office,seoul,0,0,0,0,9,0,0,66,0,0,completed
41816,U1820,2025-09-16 12:52:00,2025-09-16 12:59:00,M,20~29,office,seoul,0,0,0,0,13,0,0,40,0,0,completed
41817,U1821,2025-09-30 15:59:00,2025-09-30 16:05:00,F,20~29,office,seoul,0,0,0,0,3,0,0,75,0,0,abandoned
41818,U1822,2025-07-25 13:59:00,2025-07-25 14:02:00,F,20~29,office,seoul,0,0,0,0,10,0,0,37,0,0,completed
41819,U1823,2025-02-05 17:06:00,2025-02-05 17:10:00,F,30~39,office,seoul,0,0,0,0,16,0,0,44,0,0,completed
41820,U1824,2025-05-29 13:32:00,2025-05-29 13:36:00,M,20~29,office,seoul,0,0,0,0,21,0,0,41,0,0,completed
41821,U1825,2025-12-24 19:01:00,2025-12-24 19:03:00,M,20~29,office,seoul,0,0,0,0,15,0,0,59,0,0,completed
41822,U1826,2025-06-01 14:13:00,2025-06-01 14:16:00,F,40~49,office,seoul,1,0,0,0,24,0,0,57,0,0,completed
41823,U1827,2025-11-29 09:30:00,2025-11-29 09:33:00,M,40~49,office,seoul,1,0,0,0,4,0,0,53,0,0,completed
41824,U1828,2025-07-03 08:41:00,2025-07-03 08:45:00,M,40~49,office,seoul,0,0,0,0,9,0,0,41,0,0,abandoned
41825,U1829,2025-05-01 15:56:00,2025-05-01 16:03:00,F,30~39,office,seoul,0,0,0,0,19,0,0,77,0,0,completed
41826,U1830,2025-02-21 09:22:00,2025-02-21 09:29:00,M,20~29,office,seoul,0,0,0,0,12,0,0,40,0,0,completed
41827,U1831,2025-10-10 15:48:00,2025-10-10 15:54:00,M,20~29,office,seoul,0,0,0,0,0,0,0,45,0,0,completed
41828,U1832,2025-12-08 13:40:00,2025-12-08 13:42:00,F,30~39,office,seoul,0,0,0,0,20,0,0,27,0,0,completed
41829,U1833,2025-12-01 17:10:00,2025-12-01 17:14:00,F,20~29,office,seoul,0,0,0,0,20,0,0,46,0,0,completed
41830,U1834,2025-07-19 19:59:00,2025-07-19 20:03:00,F,30~39,office,seoul,1,0,0,0,28,0,0,17,0,0,completed
41831,U1835,2025-02-25 09:57:00,2025-02-25 10:01:00,F,20~29,office,seoul,0,0,0,0,28,0,0,36,0,0,completed
41832,U1836,2025-10-18 15:17:00,2025-10-18 15:24:00,F,40~49,office,seoul,1,0,0,0,13,0,0,49,0,0,completed
41833,U1837,2025-06-18 16:00:00,2025-06-18 16:07:00,M,30~39,office,seoul,0,0,0,0,10,0,0,40,0,0,completed
41834,U1838,2025-09-02 20:49:00,2025-09-02 20:52:00,M,20~29,office,seoul,0,0,0,0,28,0,0,19,0,0,completed
41835,U1839,2025-11-25 16:56:00,2025-11-25 16:58:00,F,40~49,office,seoul,0,0,0,0,4,0,0,25,0,0,completed
41836,U1840,2025-10-23 14:11:00,2025-10-23 14:15:00,F,20~29,office,seoul,0,0,0,0,20,0,0,66,0,0,completed
41837,U1841,2025-05-03 19:17:00,2025-05-03 19:19:00,M,30~39,office,seoul,1,0,0,0,19,0,0,76,0,0,completed
41838,U1842,2025-01-27 19:22:00,2025-01-27 19:28:00,M,40~49,office,seoul,0,0,0,0,0,0,0,63,0,0,completed
41839,U1843,2025-08-08 19:05:00,2025-08-08 19:08:00,M,30~39,office,seoul,0,0,0,0,11,0,0,71,0,0,completed
41840,U1844,2025-12-01 13:23:00,2025-12-01 13:29:00,M,20~29,office,seoul,0,0,0,0,22,0,0,11,0,0,completed
41841,U1845,2025-09-12 08:41:00,2025-09-12 08:45:00,M,30~39,office,seoul,0,0,0,0,18,0,0,24,0,0,completed
41842,U1846,2025-12-23 07:06:00,2025-12-23 07:09:00,M,20~29,office,seoul,0,0,0,0,7,0,0,63,0,0,completed
41843,U1847,2025-04-14 18:36:00,2025-04-14 18:40:00,F,50+,office,seoul,0,0,0,0,12,0,0,12,0,0,completed
41844,U1848,2025-08-06 14:29:00,2025-08-06 14:32:00,M,30~39,office,seoul,0,0,0,0,7,0,0,56,0,0,completed
41845,U1849,2025-03-13 12:49:00,2025-03-13 12:56:00,F,30~39,office,seoul,0,0,0,0,20,0,0,51,0,0,completed
41846,U1850,2025-11-22 07:14:00,2025-11-22 07:21:00,F,30~39,office,seoul,1,0,0,0,5,0,0,38,0,0,completed
41847,U1851,2025-08-01 19:33:00,2025-08-01 19:37:00,M,50+,office,seoul,0,0,0,0,17,0,0,30,1,0,completed
41848,U1852,2025-04-05 16:46:00,2025-04-05 16:52:00,F,50+,office,seoul,1,0,0,0,8,0,0,51,0,0,completed
41849,U1853,2025-09-19 08:49:00,2025-09-19 08:52:00,F,30~39,office,seoul,0,0,0,0,14,0,0,56,0,0,completed
41850,U1854,2025-01-08 18:45:00,2025-01-08 18:52:00,F,50+,office,seoul,0,0,0,0,11,0,0,64,0,0,completed
41851,U1855,2025-10-21 09:42:00,2025-10-21 09:48:00,M,30~39,office,seoul,0,0,0,0,19,0,0,73,0,0,timeout
41852,U1856,2025-06-28 08:44:00,2025-06-28 08:51:00,M,40~49,office,seoul,1,0,0,0,19,0,0,17,0,0,completed
41853,U1857,2025-03-27 22:27:00,2025-03-27 22:29:00,M,50+,office,seoul,0,0,0,0,27,0,0,37,1,0,completed
41854,U1858,2025-06-14 20:57:00,2025-06-14 21:01:00,F,50+,office,seoul,1,0,0,0,11,0,0,26,1,0,completed
41855,U1859,2025-04-19 14:06:00,2025-04-19 14:10:00,M,30~39,office,seoul,1,0,0,0,29,0,0,28,0,0,completed
41856,U1860,2025-01-18 21:44:00,2025-01-18 21:47:00,F,50+,office,seoul,1,0,0,0,6,0,0,28,0,0,completed
41857,U1861,2025-09-10 13:56:00,2025-09-10 13:58:00,F,20~29,office,seoul,0,0,0,0,13,0,0,40,0,0,completed
41858,U1862,2025-12-17 19:34:00,2025-12-17 19:40:00,M,30~39,office,seoul,0,0,0,0,7,0,0,78,0,0,completed
41859,U1863,2025-04-19 09:58:00,2025-04-19 10:00:00,F,40~49,office,seoul,1,0,0,0,14,0,0,69,0,0,completed
41860,U1864,2025-11-12 14:57:00,2025-11-12 15:00:00,M,20~29,office,seoul,0,0,0,0,25,0,0,58,0,0,completed
41861,U1865,2025-11-21 08:31:00,2025-11-21 08:38:00,M,40~49,office,seoul,0,0,0,0,28,0,0,32,0,0,completed
41862,U1866,2025-12-15 08:04:00,2025-12-15 08:10:00,F,20~29,office,seoul,0,0,0,0,22,0,0,74,0,0,completed
41863,U1867,2025-10-11 16:03:00,2025-10-11 16:06:00,F,50+,office,seoul,1,0,0,0,17,0,0,61,0,0,completed
41864,U1868,2025-07-15 17:07:00,2025-07-15 17:11:00,M,30~39,office,seoul,0,0,0,0,16,0,0,40,0,0,completed
41865,U1869,2025-12-05 13:45:00,2025-12-05 13:48:00,M,30~39,office,seoul,0,0,0,0,8,0,0,60,0,0,completed
41866,U1870,2025-01-17 09:35:00,2025-01-17 09:38:00,F,40~49,office,seoul,0,0,0,0,6,0,0,67,0,0,completed
41867,U1871,2025-06-08 12:52:00,2025-06-08 12:56:00,M,30~39,office,seoul,1,0,0,0,19,0,0,76,0,0,completed
41868,U1872,2025-12-08 16:10:00,2025-12-08 16:14:00,F,50+,office,seoul,0,0,0,0,14,0,0,48,0,0,completed
41869,U1873,2025-02-04 17:18:00,2025-02-04 17:25:00,M,20~29,office,seoul,0,0,0,0,10,0,0,62,0,0,completed
41870,U1874,2025-10-25 07:35:00,2025-10-25 07:40:00,M,20~29,office,seoul,1,0,0,0,2,0,0,43,0,0,completed
41871,U1875,2025-12-30 08:22:00,2025-12-30 08:29:00,F,30~39,office,seoul,0,0,0,0,26,0,0,10,0,0,completed
41872,U1876,2025-04-01 08:21:00,2025-04-01 08:28:00,F,30~39,office,seoul,0,0,0,0,15,0,0,55,0,0,completed
41873,U1877,2025-03-17 20:56:00,2025-03-17 20:58:00,M,20~29,office,seoul,0,0,0,0,15,0,0,27,0,0,abandoned
41874,U1878,2025-03-08 08:35:00,2025-03-08 08:40:00,M,50+,office,seoul,1,0,0,0,0,0,0,50,0,0,completed
41875,U1879,2025-05-03 16:40:00,2025-05-03 16:42:00,F,30~39,office,seoul,1,0,0,0,23,0,0,78,0,0,completed
41876,U1880,2025-03-09 07:55:00,2025-03-09 08:01:00,F,30~39,office,seoul,1,0,0,0,26,0,0,58,0,0,completed
41877,U1881,2025-08-03 07:15:00,2025-08-03 07:22:00,M,50+,office,seoul,1,0,0,0,25,0,0,71,0,0,completed
41878,U1882,2025-12-20 17:56:00,2025-12-20 18:01:00,F,40~49,office,seoul,1,0,0,0,0,0,0,42,0,0,abandoned
41879,U1883,2025-02-15 16:57:00,2025-02-15 17:04:00,M,20~29,office,seoul,1,0,0,0,27,0,0,73,0,0,abandoned
41880,U1884,2025-04-25 07:38:00,2025-04-25 07:43:00,M,20~29,office,seoul,0,0,0,0,26,0,0,52,0,0,completed
41881,U1885,2025-04-15 16:51:00,2025-04-15 16:58:00,F,20~29,office,seoul,0,0,0,0,15,0,0,59,0,0,completed
41882,U1886,2025-03-14 12:55:00,2025-03-14 12:57:00,M,30~39,office,seoul,0,0,0,0,16,0,0,56,0,0,abandoned
41883,U1887,2025-02-06 15:01:00,2025-02-06 15:04:00,F,40~49,office,seoul,0,0,0,0,20,0,0,33,0,0,completed
41884,U1888,2025-05-04 16:15:00,2025-05-04 16:18:00,F,20~29,office,seoul,1,0,0,0,7,0,0,62,0,0,completed
41885,U1889,2025-08-20 15:45:00,2025-08-20 15:49:00,F,20~29,office,seoul,0,0,0,0,7,0,0,79,0,0,completed
41886,U1890,2025-03-31 07:07:00,2025-03-31 07:11:00,M,20~29,office,seoul,0,0,0,0,14,0,0,61,0,0,completed
41887,U1891,2025-08-13 15:17:00,2025-08-13 15:20:00,M,30~39,office,seoul,0,0,0,0,0,0,0,56,0,0,abandoned
41888,U1892,2025-04-14 11:33:00,2025-04-14 11:36:00,M,20~29,office,seoul,0,0,0,0,11,0,0,23,0,0,completed
41889,U1893,2025-08-22 13:30:00,2025-08-22 13:33:00,F,50+,office,seoul,0,0,0,0,23,0,0,14,0,0,completed
41890,U1894,2025-10-15 11:28:00,2025-10-15 11:33:00,F,30~39,office,seoul,0,0,0,0,11,0,0,59,0,0,completed
41891,U1895,2025-06-23 07:33:00,2025-06-23 07:38:00,F,50+,office,seoul,0,0,0,0,13,0,0,65,0,0,completed
41892,U1896,2025-09-24 11:50:00,2025-09-24 11:53:00,F,20~29,office,seoul,0,0,0,0,24,0,0,25,0,0,completed
41893,U1897,2025-04-21 13:44:00,2025-04-21 13:49:00,M,50+,office,seoul,0,0,0,0,29,0,0,68,0,0,completed
41894,U1898,2025-12-02 18:38:00,2025-12-02 18:42:00,M,30~39,office,seoul,0,0,0,0,5,0,0,33,0,0,completed
41895,U1899,2025-08-12 15:40:00,2025-08-12 15:46:00,F,20~29,office,seoul,0,0,0,0,12,0,0,56,0,0,completed
41896,U1900,2025-07-23 17:53:00,2025-07-23 17:57:00,F,30~39,office,seoul,0,0,0,0,4,0,0,10,0,0,completed
41897,U1901,2025-11-30 18:52:00,2025-11-30 18:56:00,M,30~39,office,seoul,1,0,0,0,11,0,0,26,0,0,abandoned
41898,U1902,2025-09-18 15:49:00,2025-09-18 15:54:00,F,30~39,office,seoul,0,0,0,0,11,0,0,36,0,0,error
41899,U1903,2025-01-18 12:27:00,2025-01-18 12:32:00,M,40~49,office,seoul,1,0,0,0,8,0,0,29,0,0,completed
41900,U1904,2025-01-14 14:49:00,2025-01-14 14:53:00,M,20~29,office,seoul,0,0,0,0,6,0,0,58,0,0,completed
41901,U1905,2025-08-14 08:56:00,2025-08-14 09:02:00,F,50+,office,seoul,0,0,0,0,19,0,0,17,0,0,completed
41902,U1906,2025-12-10 12:38:00,2025-12-10 12:43:00,M,30~39,office,seoul,0,0,0,0,11,0,0,65,0,0,completed
41903,U1907,2025-03-08 11:43:00,2025-03-08 11:48:00,M,30~39,office,seoul,1,0,0,0,4,0,0,74,0,1,completed
41904,U1908,2025-12-31 20:13:00,2025-12-31 20:20:00,F,40~49,office,seoul,0,0,0,0,27,0,0,28,0,1,completed
41905,U1909,2025-07-05 16:05:00,2025-07-05 16:12:00,F,20~29,office,seoul,1,0,0,0,1,0,0,28,0,0,completed
41906,U1910,2025-04-17 17:51:00,2025-04-17 17:56:00,M,20~29,office,seoul,0,0,0,0,17,0,0,74,0,0,completed
41907,U1911,2025-10-07 21:08:00,2025-10-07 21:12:00,F,50+,office,seoul,0,0,0,0,19,0,0,75,0,0,completed
41908,U1912,2025-04-07 15:16:00,2025-04-07 15:20:00,M,20~29,office,seoul,0,0,0,0,21,0,0,51,0,0,completed
41909,U1913,2025-07-02 13:13:00,2025-07-02 13:20:00,M,40~49,office,seoul,0,0,0,0,1,0,0,21,0,0,completed
41910,U1914,2025-09-19 07:55:00,2025-09-19 08:00:00,M,20~29,office,seoul,0,0,0,0,22,0,0,21,0,0,completed
41911,U1915,2025-04-04 11:48:00,2025-04-04 11:50:00,F,40~49,office,seoul,0,0,0,0,0,0,0,74,0,0,completed
41912,U1916,2025-04-16 22:12:00,2025-04-16 22:19:00,M,30~39,office,seoul,0,0,0,0,7,0,0,68,0,0,completed
41913,U1917,2025-04-04 15:36:00,2025-04-04 15:40:00,F,20~29,office,seoul,0,0,0,0,4,0,0,79,0,0,completed
41914,U1918,2025-02-18 14:27:00,2025-02-18 14:33:00,M,20~29,office,seoul,0,0,0,0,17,0,0,18,0,0,completed
41915,U1919,2025-06-30 14:05:00,2025-06-30 14:09:00,F,30~39,office,seoul,0,0,0,0,28,0,0,51,0,0,completed
41916,U1920,2025-03-02 15:01:00,2025-03-02 15:08:00,F,30~39,office,seoul,1,0,0,0,20,0,0,10,0,0,completed
41917,U1921,2025-05-21 12:17:00,2025-05-21 12:21:00,M,40~49,office,seoul,0,0,0,0,17,0,0,70,0,0,completed
41918,U1922,2025-12-20 12:08:00,2025-12-20 12:10:00,F,30~39,office,seoul,1,0,0,0,4,0,0,46,0,0,completed
41919,U1923,2025-06-05 21:13:00,2025-06-05 21:20:00,M,20~29,office,seoul,0,0,0,0,27,0,0,27,0,0,completed
41920,U1924,2025-06-02 14:29:00,2025-06-02 14:34:00,F,40~49,office,seoul,0,0,0,0,0,0,0,70,0,0,completed
41921,U1925,2025-12-31 21:53:00,2025-12-31 21:55:00,F,30~39,office,seoul,0,0,0,0,28,0,0,40,0,0,completed
41922,U1926,2025-05-31 20:31:00,2025-05-31 20:34:00,F,20~29,office,seoul,1,0,0,0,22,0,0,45,0,0,completed
41923,U1927,2025-05-05 21:24:00,2025-05-05 21:26:00,M,50+,office,seoul,0,0,0,0,12,0,0,54,0,1,completed
41924,U1928,2025-01-10 11:26:00,2025-01-10 11:28:00,M,20~29,office,seoul,0,0,0,0,12,0,0,25,0,0,completed
41925,U1929,2025-05-16 19:37:00,2025-05-16 19:42:00,M,40~49,office,seoul,0,0,0,0,23,0,0,22,0,0,completed
41926,U1930,2025-09-27 18:09:00,2025-09-27 18:11:00,F,30~39,office,seoul,1,0,0,0,16,0,0,58,0,0,completed
41927,U1931,2025-10-11 08:07:00,2025-10-11 08:11:00,F,20~29,office,seoul,1,0,0,0,4,0,0,14,0,0,completed
41928,U1932,2025-04-23 14:49:00,2025-04-23 14:52:00,F,20~29,office,seoul,0,0,0,0,0,0,0,13,0,0,completed
41929,U1933,2025-01-12 12:40:00,2025-01-12 12:47:00,M,30~39,office,seoul,1,0,0,0,6,0,0,28,0,0,completed
41930,U1934,2025-10-15 09:01:00,2025-10-15 09:03:00,F,20~29,office,seoul,0,0,0,0,4,0,0,34,0,0,completed
41931,U1935,2025-01-14 18:52:00,2025-01-14 18:59:00,M,40~49,office,seoul,0,0,0,0,9,0,0,60,0,0,abandoned
41932,U1936,2025-07-09 13:32:00,2025-07-09 13:38:00,M,20~29,office,seoul,0,0,0,0,6,0,0,35,0,0,completed
41933,U1937,2025-03-14 07:44:00,2025-03-14 07:48:00,F,20~29,office,seoul,0,0,0,0,2,0,0,34,0,0,completed
41934,U1938,2025-06-13 17:57:00,2025-06-13 17:59:00,F,30~39,office,seoul,0,0,0,0,13,0,0,60,0,0,completed
41935,U1939,2025-05-17 16:11:00,2025-05-17 16:14:00,F,50+,office,seoul,1,0,0,0,1,0,0,74,0,0,timeout
41936,U1940,2025-07-28 20:45:00,2025-07-28 20:48:00,F,20~29,office,seoul,0,0,0,0,17,0,0,38,0,0,abandoned
41937,U1941,2025-12-27 19:56:00,2025-12-27 20:03:00,M,30~39,office,seoul,1,0,0,0,21,0,0,71,0,0,completed
41938,U1942,2025-12-11 14:37:00,2025-12-11 14:42:00,F,20~29,office,seoul,0,0,0,0,0,0,0,25,0,0,completed
41939,U1943,2025-02-23 08:49:00,2025-02-23 08:56:00,F,20~29,office,seoul,1,0,0,0,19,0,0,53,0,0,completed
41940,U1944,2025-10-07 15:46:00,2025-10-07 15:53:00,F,40~49,office,seoul,0,0,0,0,2,0,0,68,0,0,completed
41941,U1945,2025-02-20 14:09:00,2025-02-20 14:11:00,F,20~29,office,seoul,0,0,0,0,5,0,0,46,0,0,completed
41942,U1946,2025-08-16 07:03:00,2025-08-16 07:07:00,F,20~29,office,seoul,1,0,0,0,19,0,0,69,0,0,completed
41943,U1947,2025-12-30 09:18:00,2025-12-30 09:24:00,F,20~29,office,seoul,0,0,0,0,3,0,0,62,0,0,error
41944,U1948,2025-10-12 07:14:00,2025-10-12 07:17:00,F,30~39,office,seoul,1,0,0,0,26,0,0,65,0,0,completed
41945,U1949,2025-02-15 15:42:00,2025-02-15 15:49:00,F,40~49,office,seoul,1,0,0,0,28,0,0,43,0,0,completed
41946,U1950,2025-03-01 12:35:00,2025-03-01 12:37:00,F,50+,office,seoul,1,0,0,0,9,0,0,66,0,0,completed
41947,U1951,2025-02-25 16:10:00,2025-02-25 16:13:00,M,30~39,office,seoul,0,0,0,0,8,0,0,42,0,0,completed
41948,U1952,2025-12-19 13:41:00,2025-12-19 13:48:00,F,40~49,office,seoul,0,0,0,0,27,0,0,46,1,0,completed
41949,U1953,2025-07-25 16:10:00,2025-07-25 16:15:00,F,20~29,office,seoul,0,0,0,0,8,0,0,42,0,0,completed
41950,U1954,2025-04-28 08:07:00,2025-04-28 08:13:00,F,30~39,office,seoul,0,0,0,0,16,0,0,39,0,0,completed
41951,U1955,2025-04-30 07:48:00,2025-04-30 07:52:00,F,20~29,office,seoul,0,0,0,0,24,0,0,73,0,0,completed
41952,U1956,2025-04-04 15:20:00,2025-04-04 15:26:00,M,50+,office,seoul,0,0,0,0,23,0,0,43,0,0,timeout
41953,U1957,2025-06-11 12:24:00,2025-06-11 12:28:00,F,20~29,office,seoul,0,0,0,0,21,0,0,39,0,0,completed
41954,U1958,2025-03-08 18:42:00,2025-03-08 18:46:00,M,30~39,office,seoul,1,0,0,0,25,0,0,36,0,0,completed
41955,U1959,2025-02-12 14:12:00,2025-02-12 14:18:00,F,30~39,office,seoul,0,0,0,0,18,0,0,12,0,0,completed
41956,U1960,2025-03-21 17:52:00,2025-03-21 17:55:00,F,30~39,office,seoul,0,0,0,0,1,0,0,29,0,0,completed
41957,U1961,2025-05-08 19:48:00,2025-05-08 19:54:00,M,30~39,office,seoul,0,0,0,0,6,0,0,45,0,0,completed
41958,U1962,2025-10-04 15:57:00,2025-10-04 16:03:00,F,20~29,office,seoul,1,0,0,0,21,0,0,39,0,0,timeout
41959,U1963,2025-11-18 08:42:00,2025-11-18 08:47:00,M,50+,office,seoul,0,0,0,0,1,0,0,74,1,0,completed
41960,U1964,2025-04-14 15:32:00,2025-04-14 15:39:00,M,30~39,office,seoul,0,0,0,0,17,0,0,16,0,0,abandoned
41961,U1965,2025-01-04 08:51:00,2025-01-04 08:56:00,M,30~39,office,seoul,1,0,0,0,8,0,0,78,0,0,abandoned
41962,U1966,2025-03-02 18:45:00,2025-03-02 18:48:00,M,30~39,office,seoul,1,0,0,0,14,0,0,25,0,0,completed
41963,U1967,2025-10-06 15:29:00,2025-10-06 15:36:00,M,40~49,office,seoul,0,0,0,0,18,0,0,28,0,0,completed
41964,U1968,2025-01-08 16:34:00,2025-01-08 16:41:00,F,50+,office,seoul,0,0,0,0,27,0,0,74,0,0,completed
41965,U1969,2025-05-19 12:35:00,2025-05-19 12:42:00,F,50+,office,seoul,0,0,0,0,2,0,0,23,0,0,abandoned
41966,U1970,2025-11-18 08:33:00,2025-11-18 08:40:00,M,30~39,office,seoul,0,0,0,0,11,0,0,27,0,0,completed
41967,U1971,2025-11-23 12:00:00,2025-11-23 12:07:00,M,30~39,office,seoul,1,0,0,0,1,0,0,56,0,0,completed
41968,U1972,2025-11-18 19:08:00,2025-11-18 19:10:00,M,20~29,office,seoul,0,0,0,0,2,0,0,31,0,0,completed
41969,U1973,2025-08-30 11:02:00,2025-08-30 11:06:00,F,50+,office,seoul,1,0,0,0,6,0,0,63,0,0,completed
41970,U1974,2025-04-19 08:55:00,2025-04-19 08:57:00,F,40~49,office,seoul,1,0,0,0,15,0,0,56,0,0,completed
41971,U1975,2025-09-26 18:15:00,2025-09-26 18:18:00,F,40~49,office,seoul,0,0,0,0,11,0,0,36,0,0,timeout
41972,U1976,2025-07-23 20:10:00,2025-07-23 20:12:00,M,40~49,office,seoul,0,0,0,0,26,0,0,39,1,0,abandoned
41973,U1977,2025-12-19 09:45:00,2025-12-19 09:52:00,M,30~39,office,seoul,0,0,0,0,6,0,0,27,0,0,completed
41974,U1978,2025-08-28 18:22:00,2025-08-28 18:25:00,M,20~29,office,seoul,0,0,0,0,2,0,0,34,0,0,completed
41975,U1979,2025-08-20 15:50:00,2025-08-20 15:52:00,F,20~29,office,seoul,0,0,0,0,6,0,0,47,0,0,completed
41976,U1980,2025-04-11 20:45:00,2025-04-11 20:49:00,M,50+,office,seoul,0,0,0,0,10,0,0,33,1,0,completed
41977,U1981,2025-05-16 13:56:00,2025-05-16 13:59:00,F,20~29,office,seoul,0,0,0,0,27,0,0,52,0,0,completed
41978,U1982,2025-04-07 15:42:00,2025-04-07 15:44:00,M,30~39,office,seoul,0,0,0,0,12,0,0,66,0,0,abandoned
41979,U1983,2025-02-13 08:25:00,2025-02-13 08:28:00,M,20~29,office,seoul,0,0,0,0,18,0,0,21,0,0,completed
41980,U1984,2025-06-30 11:10:00,2025-06-30 11:14:00,F,40~49,office,seoul,0,0,0,0,6,0,0,14,0,0,completed
41981,U1985,2025-01-07 15:31:00,2025-01-07 15:35:00,F,30~39,office,seoul,0,0,0,0,25,0,0,23,0,0,completed
41982,U1986,2025-11-07 09:01:00,2025-11-07 09:07:00,F,40~49,office,seoul,0,0,0,0,10,0,0,41,0,0,completed
41983,U1987,2025-02-06 15:29:00,2025-02-06 15:34:00,M,40~49,office,seoul,0,0,0,0,16,0,0,77,0,0,completed
41984,U1988,2025-04-25 12:59:00,2025-04-25 13:04:00,F,50+,office,seoul,0,0,0,0,25,0,0,76,0,0,completed
41985,U1989,2025-09-02 11:43:00,2025-09-02 11:46:00,M,30~39,office,seoul,0,0,0,0,6,0,0,61,0,0,timeout
41986,U1990,2025-12-07 20:18:00,2025-12-07 20:23:00,F,20~29,office,seoul,1,0,0,0,17,0,0,19,0,0,completed
41987,U1991,2025-02-28 15:52:00,2025-02-28 15:56:00,M,40~49,office,seoul,0,0,0,0,27,0,0,33,0,0,completed
41988,U1992,2025-11-25 09:38:00,2025-11-25 09:41:00,F,20~29,office,seoul,0,0,0,0,3,0,0,45,0,0,completed
41989,U1993,2025-10-18 19:22:00,2025-10-18 19:24:00,M,20~29,office,seoul,1,0,0,0,6,0,0,69,0,0,completed
41990,U1994,2025-10-27 07:54:00,2025-10-27 07:58:00,M,30~39,office,seoul,0,0,0,0,3,0,0,74,0,0,completed
41991,U1995,2025-03-06 15:22:00,2025-03-06 15:28:00,F,50+,office,seoul,0,0,0,0,28,0,0,65,0,0,completed
41992,U1996,2025-09-02 09:48:00,2025-09-02 09:54:00,M,20~29,office,seoul,0,0,0,0,3,0,0,39,0,0,completed
41993,U1997,2025-07-26 09:21:00,2025-07-26 09:26:00,F,40~49,office,seoul,1,0,0,0,1,0,0,50,0,1,completed
41994,U1998,2025-07-13 13:10:00,2025-07-13 13:17:00,F,20~29,office,seoul,1,0,0,0,16,0,0,55,0,0,completed
41995,U1999,2025-01-16 11:27:00,2025-01-16 11:32:00,M,20~29,office,seoul,0,0,0,0,18,0,0,52,0,0,completed
41996,U2000,2025-06-26 15:09:00,2025-06-26 15:16:00,M,20~29,office,seoul,0,0,0,0,10,0,0,34,0,0,completed
41997,U2001,2025-12-17 09:07:00,2025-12-17 09:14:00,M,30~39,office,seoul,0,0,0,0,28,0,0,22,0,0,completed
41998,U2002,2025-08-07 18:10:00,2025-08-07 18:15:00,F,50+,office,seoul,0,0,0,0,10,0,0,65,0,0,completed
41999,U2003,2025-08-16 07:42:00,2025-08-16 07:46:00,M,20~29,office,seoul,1,0,0,0,14,0,0,25,0,0,completed
42000,U2004,2025-03-06 12:37:00,2025-03-06 12:39:00,F,50+,office,seoul,0,0,0,0,24,0,0,79,1,0,completed
42001,U2005,2025-05-13 12:02:00,2025-05-13 12:09:00,F,50+,office,seoul,0,0,0,0,28,0,0,73,0,0,completed
42002,U2006,2025-09-09 13:40:00,2025-09-09 13:47:00,F,40~49,office,seoul,0,0,0,0,25,0,0,77,0,1,completed
42003,U2007,2025-08-16 14:54:00,2025-08-16 15:00:00,M,40~49,office,seoul,1,0,0,0,15,0,0,41,0,0,completed
42004,U2008,2025-12-16 12:47:00,2025-12-16 12:50:00,M,20~29,office,seoul,0,0,0,0,18,0,0,43,0,0,completed
42005,U2009,2025-03-31 09:34:00,2025-03-31 09:41:00,F,50+,office,seoul,0,0,0,0,25,0,0,23,0,0,abandoned
42006,U2010,2025-02-23 14:37:00,2025-02-23 14:40:00,M,20~29,office,seoul,1,0,0,0,23,0,0,10,0,0,completed
42007,U2011,2025-05-30 14:01:00,2025-05-30 14:06:00,M,30~39,office,seoul,0,0,0,0,25,0,0,64,0,0,completed
42008,U2012,2025-05-04 15:51:00,2025-05-04 15:58:00,F,30~39,office,seoul,1,0,0,0,17,0,0,41,0,0,completed
42009,U2013,2025-05-17 18:57:00,2025-05-17 19:03:00,F,30~39,office,seoul,1,0,0,0,0,0,0,11,0,0,completed
42010,U2014,2025-10-27 16:21:00,2025-10-27 16:25:00,F,20~29,office,seoul,0,0,0,0,25,0,0,16,0,0,completed
42011,U2015,2025-12-05 09:09:00,2025-12-05 09:14:00,M,40~49,office,seoul,0,0,0,0,9,0,0,46,0,0,completed
42012,U2016,2025-08-01 20:24:00,2025-08-01 20:29:00,M,20~29,office,seoul,0,0,0,0,18,0,0,25,0,0,completed
42013,U2017,2025-08-10 08:10:00,2025-08-10 08:16:00,F,40~49,office,seoul,1,0,0,0,29,0,0,78,0,0,completed
42014,U2018,2025-09-09 19:51:00,2025-09-09 19:54:00,F,30~39,office,seoul,0,0,0,0,28,0,0,39,0,0,completed
42015,U2019,2025-11-08 19:47:00,2025-11-08 19:49:00,M,20~29,office,seoul,1,0,0,0,14,0,0,35,0,0,completed
42016,U2020,2025-01-14 08:58:00,2025-01-14 09:03:00,M,30~39,office,seoul,0,0,0,0,28,0,0,69,0,0,completed
42017,U2021,2025-02-19 16:58:00,2025-02-19 17:04:00,M,40~49,office,seoul,0,0,0,0,4,0,0,62,0,0,completed
42018,U2022,2025-10-03 15:43:00,2025-10-03 15:45:00,M,50+,office,seoul,0,0,0,0,10,0,0,19,0,0,completed
42019,U2023,2025-07-07 20:50:00,2025-07-07 20:55:00,F,40~49,office,seoul,0,0,0,0,14,0,0,61,0,0,completed
42020,U2024,2025-12-20 16:22:00,2025-12-20 16:27:00,F,30~39,office,seoul,1,0,0,0,18,0,0,43,0,0,completed
42021,U2025,2025-08-25 08:57:00,2025-08-25 09:02:00,M,20~29,office,seoul,0,0,0,0,25,0,0,28,0,0,completed
42022,U2026,2025-10-29 17:40:00,2025-10-29 17:43:00,F,20~29,office,seoul,0,0,0,0,20,0,0,22,0,0,completed
42023,U2027,2025-01-24 07:25:00,2025-01-24 07:30:00,M,40~49,office,seoul,0,0,0,0,17,0,0,11,1,0,error
42024,U2028,2025-11-23 09:56:00,2025-11-23 10:02:00,M,30~39,office,seoul,1,0,0,0,5,0,0,54,0,0,completed
42025,U2029,2025-10-14 14:05:00,2025-10-14 14:11:00,F,40~49,office,seoul,0,0,0,0,14,0,0,67,0,0,completed
42026,U2030,2025-02-20 18:04:00,2025-02-20 18:11:00,F,40~49,office,seoul,0,0,0,0,8,0,0,25,0,0,completed
42027,U2031,2025-02-18 18:46:00,2025-02-18 18:53:00,F,50+,office,seoul,0,0,0,0,15,0,0,12,0,0,completed
42028,U2032,2025-09-17 11:42:00,2025-09-17 11:49:00,M,30~39,office,seoul,0,0,0,0,18,0,0,52,0,0,completed
42029,U2033,2025-06-18 20:06:00,2025-06-18 20:13:00,M,40~49,office,seoul,0,0,0,0,25,0,0,18,0,0,completed
42030,U2034,2025-10-04 17:45:00,2025-10-04 17:50:00,F,20~29,office,seoul,1,0,0,0,1,0,0,45,0,0,completed
42031,U2035,2025-12-06 12:35:00,2025-12-06 12:41:00,F,30~39,office,seoul,1,0,0,0,4,0,0,45,0,0,completed
42032,U2036,2025-01-29 08:34:00,2025-01-29 08:41:00,F,50+,office,seoul,0,0,0,0,8,0,0,42,0,0,completed
42033,U2037,2025-03-05 15:36:00,2025-03-05 15:42:00,M,20~29,office,seoul,0,0,0,0,20,0,0,20,0,0,completed
42034,U2038,2025-06-28 19:17:00,2025-06-28 19:19:00,M,50+,office,seoul,1,0,0,0,12,0,0,60,0,0,completed
42035,U2039,2025-04-14 12:52:00,2025-04-14 12:59:00,M,50+,office,seoul,0,0,0,0,20,0,0,70,0,0,completed
42036,U2040,2025-06-02 14:12:00,2025-06-02 14:18:00,F,50+,office,seoul,0,0,0,0,3,0,0,56,0,0,completed
42037,U2041,2025-07-17 13:52:00,2025-07-17 13:57:00,F,40~49,office,seoul,0,0,0,0,28,0,0,61,0,0,completed
42038,U2042,2025-10-05 18:00:00,2025-10-05 18:04:00,F,40~49,office,seoul,1,0,0,0,24,0,0,30,0,0,completed
42039,U2043,2025-01-02 13:43:00,2025-01-02 13:48:00,F,20~29,office,seoul,0,0,0,0,12,0,0,76,0,0,completed
42040,U2044,2025-06-05 12:24:00,2025-06-05 12:28:00,F,50+,office,seoul,0,0,0,0,15,0,0,53,0,0,completed
42041,U2045,2025-07-10 19:29:00,2025-07-10 19:36:00,F,20~29,office,seoul,0,0,0,0,7,0,0,42,0,0,completed
42042,U2046,2025-07-06 22:26:00,2025-07-06 22:32:00,F,50+,office,seoul,1,0,0,0,4,0,0,73,0,0,completed
42043,U2047,2025-07-03 15:53:00,2025-07-03 15:56:00,F,20~29,office,seoul,0,0,0,0,9,0,0,41,0,0,completed
42044,U2048,2025-07-08 19:10:00,2025-07-08 19:17:00,F,30~39,office,seoul,0,0,0,0,17,0,0,21,0,0,abandoned
42045,U2049,2025-09-08 15:29:00,2025-09-08 15:33:00,M,40~49,office,seoul,0,0,0,0,6,0,0,20,0,0,completed
42046,U2050,2025-06-12 14:14:00,2025-06-12 14:19:00,F,30~39,office,seoul,0,0,0,0,6,0,0,46,0,0,timeout
42047,U2051,2025-12-28 14:12:00,2025-12-28 14:16:00,F,50+,office,seoul,1,0,0,0,16,0,0,46,1,1,completed
42048,U2052,2025-02-05 15:03:00,2025-02-05 15:07:00,F,50+,office,seoul,0,0,0,0,24,0,0,65,0,0,completed
42049,U2053,2025-08-16 12:52:00,2025-08-16 12:56:00,M,20~29,office,seoul,1,0,0,0,27,0,0,24,0,0,completed
42050,U2054,2025-08-17 11:19:00,2025-08-17 11:26:00,M,20~29,office,seoul,1,0,0,0,28,0,0,68,0,0,completed
42051,U2055,2025-07-12 12:28:00,2025-07-12 12:35:00,M,30~39,office,seoul,1,0,0,0,29,0,0,43,0,0,completed
42052,U2056,2025-02-06 19:41:00,2025-02-06 19:46:00,F,50+,office,seoul,0,0,0,0,21,0,0,27,0,0,completed
42053,U2057,2025-05-18 12:26:00,2025-05-18 12:29:00,F,20~29,office,seoul,1,0,0,0,0,0,0,43,0,0,timeout
42054,U2058,2025-07-02 09:13:00,2025-07-02 09:18:00,F,20~29,office,seoul,0,0,0,0,24,0,0,79,0,0,completed
42055,U2059,2025-10-11 15:10:00,2025-10-11 15:13:00,F,30~39,office,seoul,1,0,0,0,28,0,0,75,0,0,completed
42056,U2060,2025-08-21 13:32:00,2025-08-21 13:36:00,F,30~39,office,seoul,0,0,0,0,26,0,0,55,0,0,completed
42057,U2061,2025-01-12 13:15:00,2025-01-12 13:18:00,M,30~39,office,seoul,1,0,0,0,6,0,0,63,0,0,completed
42058,U2062,2025-06-01 14:45:00,2025-06-01 14:48:00,F,40~49,office,seoul,1,0,0,0,13,0,0,41,0,0,completed
42059,U2063,2025-07-25 18:55:00,2025-07-25 19:02:00,F,30~39,office,seoul,0,0,0,0,16,0,0,15,0,0,completed
42060,U2064,2025-02-23 15:21:00,2025-02-23 15:24:00,F,40~49,office,seoul,1,0,0,0,10,0,0,55,0,0,completed
42061,U2065,2025-02-20 15:31:00,2025-02-20 15:34:00,F,30~39,office,seoul,0,0,0,0,7,0,0,71,0,0,completed
42062,U2066,2025-11-19 14:43:00,2025-11-19 14:48:00,F,40~49,office,seoul,0,0,0,0,0,0,0,46,0,0,completed
42063,U2067,2025-01-07 16:38:00,2025-01-07 16:40:00,M,50+,office,seoul,0,0,0,0,5,0,0,69,1,0,completed
42064,U2068,2025-06-24 09:16:00,2025-06-24 09:22:00,F,40~49,office,seoul,0,0,0,0,13,0,0,45,0,0,completed
42065,U2069,2025-12-22 14:55:00,2025-12-22 14:57:00,F,40~49,office,seoul,0,0,0,0,9,0,0,25,0,0,completed
42066,U2070,2025-12-01 07:54:00,2025-12-01 07:59:00,F,30~39,office,seoul,0,0,0,0,19,0,0,76,0,0,completed
42067,U2071,2025-08-13 11:06:00,2025-08-13 11:12:00,M,30~39,office,seoul,0,0,0,0,23,0,0,25,0,0,completed
42068,U2072,2025-10-04 16:01:00,2025-10-04 16:06:00,F,40~49,office,seoul,1,0,0,0,0,0,0,14,0,0,completed
42069,U2073,2025-03-09 09:34:00,2025-03-09 09:37:00,M,20~29,office,seoul,1,0,0,0,1,0,0,31,0,0,completed
42070,U2074,2025-03-02 14:38:00,2025-03-02 14:40:00,M,20~29,office,seoul,1,0,0,0,18,0,0,35,0,0,error
42071,U2075,2025-02-18 08:10:00,2025-02-18 08:14:00,M,20~29,office,seoul,0,0,0,0,27,0,0,71,0,0,completed
42072,U2076,2025-05-23 14:45:00,2025-05-23 14:50:00,F,20~29,office,seoul,0,0,0,0,9,0,0,14,0,0,completed
42073,U2077,2025-04-03 15:26:00,2025-04-03 15:28:00,F,20~29,office,seoul,0,0,0,0,5,0,0,20,0,0,completed
42074,U2078,2025-07-01 07:54:00,2025-07-01 07:58:00,F,40~49,office,seoul,0,0,0,0,13,0,0,68,0,0,completed
42075,U2079,2025-04-26 16:45:00,2025-04-26 16:48:00,M,30~39,office,seoul,1,0,0,0,8,0,0,50,0,0,timeout
42076,U2080,2025-04-14 15:22:00,2025-04-14 15:28:00,F,30~39,office,seoul,0,0,0,0,5,0,0,10,0,0,completed
42077,U2081,2025-08-01 13:11:00,2025-08-01 13:17:00,M,20~29,office,seoul,0,0,0,0,3,0,0,69,0,0,completed
42078,U2082,2025-04-23 09:37:00,2025-04-23 09:41:00,M,30~39,office,seoul,0,0,0,0,1,0,0,44,1,0,completed
42079,U2083,2025-09-18 12:26:00,2025-09-18 12:30:00,M,20~29,office,seoul,0,0,0,0,16,0,0,51,0,0,completed
42080,U2084,2025-11-18 07:59:00,2025-11-18 08:01:00,F,40~49,office,seoul,0,0,0,0,27,0,0,24,0,0,completed
42081,U2085,2025-10-19 16:25:00,2025-10-19 16:28:00,F,20~29,office,seoul,1,0,0,0,15,0,0,66,0,0,completed
42082,U2086,2025-10-03 08:05:00,2025-10-03 08:11:00,F,30~39,office,seoul,0,0,0,0,29,0,0,32,0,0,completed
42083,U2087,2025-03-09 09:45:00,2025-03-09 09:48:00,F,40~49,office,seoul,1,0,0,0,14,0,0,11,0,0,completed
42084,U2088,2025-05-24 17:15:00,2025-05-24 17:19:00,F,50+,office,seoul,1,0,0,0,23,0,0,39,0,0,completed
42085,U2089,2025-02-27 13:08:00,2025-02-27 13:12:00,M,50+,office,seoul,0,0,0,0,20,0,0,75,0,0,abandoned
42086,U2090,2025-09-14 15:26:00,2025-09-14 15:32:00,M,20~29,office,seoul,1,0,0,0,11,0,0,36,0,0,completed
42087,U2091,2025-04-05 17:38:00,2025-04-05 17:41:00,M,20~29,office,seoul,1,0,0,0,13,0,0,28,0,0,completed
42088,U2092,2025-10-12 11:34:00,2025-10-12 11:36:00,F,30~39,office,seoul,1,0,0,0,18,0,0,67,0,0,completed
42089,U2093,2025-02-11 20:44:00,2025-02-11 20:49:00,F,50+,office,seoul,0,0,0,0,4,0,0,21,0,0,completed
42090,U2094,2025-03-02 22:21:00,2025-03-02 22:23:00,M,30~39,office,seoul,1,0,0,0,27,0,0,61,0,0,completed
42091,U2095,2025-12-30 11:36:00,2025-12-30 11:43:00,M,50+,office,seoul,0,0,0,0,3,0,0,11,0,0,timeout
42092,U2096,2025-08-11 15:08:00,2025-08-11 15:10:00,M,30~39,office,seoul,0,0,0,0,18,0,0,25,0,0,completed
42093,U2097,2025-06-18 11:46:00,2025-06-18 11:51:00,F,20~29,office,seoul,0,0,0,0,7,0,0,75,0,0,completed
42094,U2098,2025-07-18 19:26:00,2025-07-18 19:30:00,M,50+,office,seoul,0,0,0,0,9,0,0,62,0,0,completed
42095,U2099,2025-01-08 21:19:00,2025-01-08 21:25:00,F,20~29,office,seoul,0,0,0,0,22,0,0,64,0,0,completed
42096,U2100,2025-08-10 16:07:00,2025-08-10 16:12:00,M,40~49,office,seoul,1,0,0,0,3,0,0,66,0,0,completed
42097,U2101,2025-06-27 18:42:00,2025-06-27 18:45:00,F,30~39,office,seoul,0,0,0,0,13,0,0,59,0,0,completed
42098,U2102,2025-05-04 11:52:00,2025-05-04 11:56:00,F,20~29,office,seoul,1,0,0,0,29,0,0,74,0,0,completed
42099,U2103,2025-11-25 20:56:00,2025-11-25 21:02:00,M,20~29,office,seoul,0,0,0,0,11,0,0,44,0,0,completed
42100,U2104,2025-05-04 19:53:00,2025-05-04 20:00:00,M,20~29,office,seoul,1,0,0,0,18,0,0,16,0,0,completed
42101,U2105,2025-04-20 16:50:00,2025-04-20 16:57:00,F,40~49,office,seoul,1,0,0,0,21,0,0,15,0,0,completed
42102,U2106,2025-09-26 15:30:00,2025-09-26 15:37:00,F,30~39,office,seoul,0,0,0,0,17,0,0,44,0,0,completed
42103,U2107,2025-07-23 11:07:00,2025-07-23 11:14:00,M,30~39,office,seoul,0,0,0,0,20,0,0,46,0,0,completed
42104,U2108,2025-05-22 09:07:00,2025-05-22 09:14:00,M,20~29,office,seoul,0,0,0,0,25,0,0,23,0,0,completed
42105,U2109,2025-08-19 13:26:00,2025-08-19 13:33:00,M,20~29,office,seoul,0,0,0,0,24,0,0,14,0,0,completed
42106,U2110,2025-08-18 16:27:00,2025-08-18 16:30:00,F,20~29,office,seoul,0,0,0,0,3,0,0,45,0,0,completed
42107,U2111,2025-02-28 12:32:00,2025-02-28 12:39:00,F,20~29,office,seoul,0,0,0,0,20,0,0,12,0,0,completed
42108,U2112,2025-05-09 07:41:00,2025-05-09 07:44:00,F,50+,office,seoul,0,0,0,0,2,0,0,71,0,1,completed
42109,U2113,2025-11-24 12:36:00,2025-11-24 12:38:00,M,40~49,office,seoul,0,0,0,0,16,0,0,75,0,0,completed
42110,U2114,2025-12-10 16:36:00,2025-12-10 16:43:00,F,30~39,office,seoul,0,0,0,0,20,0,0,61,0,0,completed
42111,U2115,2025-02-08 13:18:00,2025-02-08 13:20:00,M,30~39,office,seoul,1,0,0,0,25,0,0,73,0,0,completed
42112,U2116,2025-01-12 07:13:00,2025-01-12 07:19:00,F,50+,office,seoul,1,0,0,0,19,0,0,42,0,1,completed
42113,U2117,2025-02-06 19:13:00,2025-02-06 19:17:00,M,40~49,office,seoul,0,0,0,0,24,0,0,76,0,0,completed
42114,U2118,2025-01-05 08:52:00,2025-01-05 08:55:00,M,20~29,office,seoul,1,0,0,0,8,0,0,33,0,0,completed
42115,U2119,2025-04-18 11:23:00,2025-04-18 11:27:00,F,20~29,office,seoul,0,0,0,0,22,0,0,36,0,0,completed
42116,U2120,2025-01-07 11:03:00,2025-01-07 11:10:00,M,30~39,office,seoul,0,0,0,0,26,0,0,11,0,0,completed
42117,U2121,2025-07-13 08:42:00,2025-07-13 08:47:00,M,30~39,office,seoul,1,0,0,0,4,0,0,44,0,0,completed
42118,U2122,2025-05-15 18:37:00,2025-05-15 18:44:00,M,30~39,office,seoul,0,0,0,0,12,0,0,79,0,0,completed
42119,U2123,2025-04-30 14:49:00,2025-04-30 14:55:00,M,50+,office,seoul,0,0,0,0,18,0,0,13,0,0,completed
42120,U2124,2025-07-04 12:10:00,2025-07-04 12:17:00,M,40~49,office,seoul,0,0,0,0,2,0,0,35,0,0,completed
42121,U2125,2025-06-28 09:22:00,2025-06-28 09:26:00,M,50+,office,seoul,1,0,0,0,2,0,0,51,0,0,abandoned
42122,U2126,2025-05-05 18:01:00,2025-05-05 18:03:00,M,30~39,office,seoul,0,0,0,0,12,0,0,53,0,0,completed
42123,U2127,2025-03-04 18:43:00,2025-03-04 18:46:00,M,20~29,office,seoul,0,0,0,0,5,0,0,19,0,0,completed
42124,U2128,2025-12-18 17:08:00,2025-12-18 17:11:00,M,40~49,office,seoul,0,0,0,0,22,0,0,76,0,0,completed
42125,U2129,2025-02-18 20:10:00,2025-02-18 20:17:00,F,20~29,office,seoul,0,0,0,0,26,0,0,72,0,0,completed
42126,U2130,2025-10-28 11:02:00,2025-10-28 11:09:00,F,50+,office,seoul,0,0,0,0,22,0,0,40,1,0,completed
42127,U2131,2025-06-21 08:02:00,2025-06-21 08:04:00,F,40~49,office,seoul,1,0,0,0,3,0,0,57,0,0,completed
42128,U2132,2025-07-16 16:31:00,2025-07-16 16:36:00,F,20~29,office,seoul,0,0,0,0,9,0,0,18,0,0,completed
42129,U2133,2025-08-05 21:17:00,2025-08-05 21:23:00,F,20~29,office,seoul,0,0,0,0,29,0,0,46,0,0,abandoned
42130,U2134,2025-07-20 12:56:00,2025-07-20 13:02:00,M,20~29,office,seoul,1,0,0,0,0,0,0,12,0,0,completed
42131,U2135,2025-07-26 08:14:00,2025-07-26 08:20:00,M,20~29,office,seoul,1,0,0,0,10,0,0,77,0,0,completed
42132,U2136,2025-03-04 18:39:00,2025-03-04 18:42:00,M,30~39,office,seoul,0,0,0,0,9,0,0,27,0,0,completed
42133,U2137,2025-12-04 14:43:00,2025-12-04 14:49:00,M,50+,office,seoul,0,0,0,0,28,0,0,49,0,0,completed
42134,U2138,2025-10-12 17:02:00,2025-10-12 17:07:00,F,50+,office,seoul,1,0,0,0,10,0,0,27,1,0,completed
42135,U2139,2025-03-28 19:08:00,2025-03-28 19:14:00,F,30~39,office,seoul,0,0,0,0,1,0,0,71,0,0,abandoned
42136,U2140,2025-01-31 14:08:00,2025-01-31 14:11:00,M,50+,office,seoul,0,0,0,0,5,0,0,54,0,0,completed
42137,U2141,2025-10-31 16:41:00,2025-10-31 16:48:00,F,20~29,office,seoul,0,0,0,0,12,0,0,62,0,0,completed
42138,U2142,2025-11-06 12:08:00,2025-11-06 12:14:00,F,40~49,office,seoul,0,0,0,0,25,0,0,74,0,0,completed
42139,U2143,2025-07-23 07:11:00,2025-07-23 07:13:00,M,40~49,office,seoul,0,0,0,0,26,0,0,20,0,0,completed
42140,U2144,2025-05-04 15:01:00,2025-05-04 15:04:00,F,30~39,office,seoul,1,0,0,0,6,0,0,20,0,0,completed
42141,U2145,2025-04-30 09:42:00,2025-04-30 09:48:00,F,30~39,office,seoul,0,0,0,0,8,0,0,17,0,0,completed
42142,U2146,2025-02-10 21:45:00,2025-02-10 21:50:00,F,30~39,office,seoul,0,0,0,0,21,0,0,61,0,0,completed
42143,U2147,2025-08-26 20:08:00,2025-08-26 20:10:00,F,30~39,office,seoul,0,0,0,0,6,0,0,10,0,0,timeout
42144,U2148,2025-06-09 16:35:00,2025-06-09 16:39:00,F,50+,office,seoul,0,0,0,0,17,0,0,57,0,0,completed
42145,U2149,2025-09-20 08:59:00,2025-09-20 09:04:00,M,40~49,office,seoul,1,0,0,0,27,0,0,46,0,0,completed
42146,U2150,2025-07-26 17:02:00,2025-07-26 17:05:00,F,30~39,office,seoul,1,0,0,0,4,0,0,44,0,0,completed
42147,U2151,2025-10-07 15:51:00,2025-10-07 15:58:00,F,20~29,office,seoul,0,0,0,0,12,0,0,33,0,0,abandoned
42148,U2152,2025-05-06 09:50:00,2025-05-06 09:53:00,F,20~29,office,seoul,0,0,0,0,22,0,0,27,0,0,completed
42149,U2153,2025-05-31 15:20:00,2025-05-31 15:26:00,F,20~29,office,seoul,1,0,0,0,9,0,0,37,0,0,completed
42150,U2154,2025-07-28 15:59:00,2025-07-28 16:02:00,M,30~39,office,seoul,0,0,0,0,7,0,0,24,0,0,completed
42151,U2155,2025-03-26 07:21:00,2025-03-26 07:25:00,M,20~29,office,seoul,0,0,0,0,5,0,0,24,0,0,completed
42152,U2156,2025-10-13 11:13:00,2025-10-13 11:19:00,F,20~29,office,seoul,0,0,0,0,11,0,0,48,0,0,abandoned
42153,U2157,2025-05-22 21:31:00,2025-05-22 21:35:00,F,30~39,office,seoul,0,0,0,0,16,0,0,50,0,0,completed
42154,U2158,2025-04-06 17:02:00,2025-04-06 17:05:00,F,20~29,office,seoul,1,0,0,0,7,0,0,17,0,0,completed
42155,U2159,2025-07-07 19:36:00,2025-07-07 19:42:00,F,30~39,office,seoul,0,0,0,0,3,0,0,13,0,0,abandoned
42156,U2160,2025-12-12 11:16:00,2025-12-12 11:23:00,M,40~49,office,seoul,0,0,0,0,11,0,0,28,1,0,completed
42157,U2161,2025-07-27 19:23:00,2025-07-27 19:25:00,M,40~49,office,seoul,1,0,0,0,12,0,0,10,0,0,completed
42158,U2162,2025-01-06 20:12:00,2025-01-06 20:19:00,F,50+,office,seoul,0,0,0,0,27,0,0,21,0,0,completed
42159,U2163,2025-03-24 19:23:00,2025-03-24 19:28:00,M,20~29,office,seoul,0,0,0,0,3,0,0,59,0,0,completed
42160,U2164,2025-04-05 12:58:00,2025-04-05 13:04:00,F,30~39,office,seoul,1,0,0,0,3,0,0,29,0,0,completed
42161,U2165,2025-04-28 08:17:00,2025-04-28 08:19:00,M,20~29,office,seoul,0,0,0,0,11,0,0,48,0,0,completed
42162,U2166,2025-09-08 15:43:00,2025-09-08 15:46:00,F,30~39,office,seoul,0,0,0,0,15,0,0,36,0,0,completed
42163,U2167,2025-02-12 12:51:00,2025-02-12 12:58:00,F,50+,office,seoul,0,0,0,0,11,0,0,29,0,0,completed
42164,U2168,2025-01-13 16:33:00,2025-01-13 16:37:00,M,40~49,office,seoul,0,0,0,0,18,0,0,76,0,0,completed
42165,U2169,2025-10-15 11:45:00,2025-10-15 11:52:00,M,50+,office,seoul,0,0,0,0,11,0,0,53,0,0,completed
42166,U2170,2025-08-10 18:57:00,2025-08-10 19:02:00,F,30~39,office,seoul,1,0,0,0,16,0,0,66,0,0,completed
42167,U2171,2025-10-12 16:25:00,2025-10-12 16:31:00,M,50+,office,seoul,1,0,0,0,3,0,0,10,0,0,completed
42168,U2172,2025-09-26 12:32:00,2025-09-26 12:35:00,F,30~39,office,seoul,0,0,0,0,10,0,0,64,0,0,completed
42169,U2173,2025-08-25 20:31:00,2025-08-25 20:33:00,F,30~39,office,seoul,0,0,0,0,28,0,0,67,0,0,completed
42170,U2174,2025-04-19 16:25:00,2025-04-19 16:31:00,F,40~49,office,seoul,1,0,0,0,24,0,0,12,0,0,completed
42171,U2175,2025-07-29 14:50:00,2025-07-29 14:52:00,F,20~29,office,seoul,0,0,0,0,4,0,0,63,0,0,completed
42172,U2176,2025-05-05 16:41:00,2025-05-05 16:43:00,F,20~29,office,seoul,0,0,0,0,0,0,0,56,0,0,completed
42173,U2177,2025-02-05 14:26:00,2025-02-05 14:29:00,M,30~39,office,seoul,0,0,0,0,5,0,0,71,0,0,timeout
42174,U2178,2025-07-19 13:15:00,2025-07-19 13:19:00,M,20~29,office,seoul,1,0,0,0,26,0,0,34,1,0,completed
42175,U2179,2025-10-10 20:47:00,2025-10-10 20:49:00,F,40~49,office,seoul,0,0,0,0,29,0,0,23,0,0,completed
42176,U2180,2025-06-23 19:45:00,2025-06-23 19:52:00,M,20~29,office,seoul,0,0,0,0,0,0,0,31,0,0,completed
42177,U2181,2025-06-24 09:25:00,2025-06-24 09:29:00,F,20~29,office,seoul,0,0,0,0,24,0,0,10,0,0,completed
42178,U2182,2025-04-16 17:29:00,2025-04-16 17:35:00,F,40~49,office,seoul,0,0,0,0,5,0,0,28,0,0,completed
42179,U2183,2025-04-24 08:29:00,2025-04-24 08:33:00,F,20~29,office,seoul,0,0,0,0,18,0,0,52,0,0,timeout
42180,U2184,2025-07-27 11:08:00,2025-07-27 11:15:00,F,40~49,office,seoul,1,0,0,0,29,0,0,11,0,0,completed
42181,U2185,2025-01-22 16:23:00,2025-01-22 16:25:00,F,30~39,office,seoul,0,0,0,0,28,0,0,38,0,0,abandoned
42182,U2186,2025-05-09 11:07:00,2025-05-09 11:09:00,M,20~29,office,seoul,0,0,0,0,16,0,0,69,0,0,completed
42183,U2187,2025-10-22 20:09:00,2025-10-22 20:15:00,F,40~49,office,seoul,0,0,0,0,14,0,0,21,0,0,completed
42184,U2188,2025-12-04 16:58:00,2025-12-04 17:05:00,F,30~39,office,seoul,0,0,0,0,23,0,0,32,0,0,completed
42185,U2189,2025-10-25 09:21:00,2025-10-25 09:25:00,F,50+,office,seoul,1,0,0,0,29,0,0,58,0,0,completed
42186,U2190,2025-10-27 13:55:00,2025-10-27 13:57:00,F,50+,office,seoul,0,0,0,0,17,0,0,33,0,0,completed
42187,U2191,2025-08-25 09:01:00,2025-08-25 09:03:00,F,20~29,office,seoul,0,0,0,0,22,0,0,35,0,0,completed
42188,U2192,2025-07-07 12:15:00,2025-07-07 12:20:00,F,30~39,office,seoul,0,0,0,0,20,0,0,74,0,0,completed
42189,U2193,2025-01-07 15:52:00,2025-01-07 15:56:00,M,40~49,office,seoul,0,0,0,0,8,0,0,71,0,0,completed
42190,U2194,2025-02-08 17:17:00,2025-02-08 17:24:00,M,40~49,office,seoul,1,0,0,0,10,0,0,71,0,0,completed
42191,U2195,2025-11-28 13:01:00,2025-11-28 13:05:00,M,30~39,office,seoul,0,0,0,0,22,0,0,52,0,0,completed
42192,U2196,2025-09-16 16:02:00,2025-09-16 16:09:00,M,30~39,office,seoul,0,0,0,0,18,0,0,22,0,0,completed
42193,U2197,2025-10-16 17:28:00,2025-10-16 17:32:00,F,40~49,office,seoul,0,0,0,0,24,0,0,29,0,0,completed
42194,U2198,2025-08-22 08:54:00,2025-08-22 08:57:00,F,40~49,office,seoul,0,0,0,0,29,0,0,59,0,0,completed
42195,U2199,2025-01-07 11:11:00,2025-01-07 11:14:00,F,30~39,office,seoul,0,0,0,0,10,0,0,69,0,0,completed
42196,U2200,2025-11-28 07:55:00,2025-11-28 07:58:00,F,20~29,office,seoul,0,0,0,0,0,0,0,56,0,0,completed
42197,U2201,2025-03-08 15:33:00,2025-03-08 15:40:00,F,30~39,office,seoul,1,0,0,0,8,0,0,33,0,0,abandoned
42198,U2202,2025-12-21 17:50:00,2025-12-21 17:52:00,M,30~39,office,seoul,1,0,0,0,18,0,0,25,0,0,completed
42199,U2203,2025-07-27 16:19:00,2025-07-27 16:22:00,F,40~49,office,seoul,1,0,0,0,18,0,0,49,0,0,completed
42200,U2204,2025-04-14 14:27:00,2025-04-14 14:34:00,M,50+,office,seoul,0,0,0,0,5,0,0,79,0,0,completed
42201,U2205,2025-07-08 15:30:00,2025-07-08 15:33:00,F,20~29,office,seoul,0,0,0,0,2,0,0,45,0,0,completed
42202,U2206,2025-12-01 13:29:00,2025-12-01 13:33:00,M,40~49,office,seoul,0,0,0,0,22,0,0,43,0,0,completed
42203,U2207,2025-04-22 14:37:00,2025-04-22 14:39:00,F,40~49,office,seoul,0,0,0,0,2,0,0,44,0,0,completed
42204,U2208,2025-08-19 14:39:00,2025-08-19 14:43:00,F,50+,office,seoul,0,0,0,0,1,0,0,70,0,0,completed
42205,U2209,2025-07-06 15:05:00,2025-07-06 15:12:00,M,20~29,office,seoul,1,0,0,0,6,0,0,43,0,0,completed
42206,U2210,2025-09-24 16:30:00,2025-09-24 16:33:00,M,30~39,office,seoul,0,0,0,0,14,0,0,77,0,0,completed
42207,U2211,2025-12-19 09:31:00,2025-12-19 09:37:00,M,30~39,office,seoul,0,0,0,0,5,0,0,39,0,0,completed
42208,U2212,2025-12-03 19:14:00,2025-12-03 19:16:00,F,20~29,office,seoul,0,0,0,0,13,0,0,49,0,0,completed
42209,U2213,2025-11-06 12:07:00,2025-11-06 12:14:00,F,50+,office,seoul,0,0,0,0,12,0,0,39,0,0,abandoned
42210,U2214,2025-10-24 16:42:00,2025-10-24 16:48:00,F,50+,office,seoul,0,0,0,0,22,0,0,36,0,0,completed
42211,U2215,2025-04-18 14:13:00,2025-04-18 14:15:00,F,20~29,office,seoul,0,0,0,0,14,0,0,74,0,0,completed
42212,U2216,2025-11-25 09:18:00,2025-11-25 09:25:00,M,20~29,office,seoul,0,0,0,0,6,0,0,41,0,0,completed
42213,U2217,2025-11-14 08:30:00,2025-11-14 08:35:00,F,40~49,office,seoul,0,0,0,0,19,0,0,47,0,0,completed
42214,U2218,2025-09-17 12:49:00,2025-09-17 12:55:00,M,30~39,office,seoul,0,0,0,0,18,0,0,23,0,0,error
42215,U2219,2025-05-03 12:28:00,2025-05-03 12:34:00,M,20~29,office,seoul,1,0,0,0,23,0,0,24,0,0,completed
42216,U2220,2025-06-17 18:10:00,2025-06-17 18:15:00,M,50+,office,seoul,0,0,0,0,8,0,0,59,0,0,completed
42217,U2221,2025-06-07 19:13:00,2025-06-07 19:17:00,F,40~49,office,seoul,1,0,0,0,25,0,0,72,0,0,timeout
42218,U2222,2025-03-07 11:37:00,2025-03-07 11:40:00,M,30~39,office,seoul,0,0,0,0,25,0,0,79,0,0,timeout
42219,U2223,2025-07-30 14:02:00,2025-07-30 14:04:00,F,30~39,office,seoul,0,0,0,0,11,0,0,51,0,0,completed
42220,U2224,2025-05-04 15:19:00,2025-05-04 15:24:00,M,40~49,office,seoul,1,0,0,0,14,0,0,70,0,0,completed
42221,U2225,2025-04-02 14:54:00,2025-04-02 14:59:00,M,30~39,office,seoul,0,0,0,0,12,0,0,63,0,0,completed
42222,U2226,2025-03-28 09:59:00,2025-03-28 10:01:00,F,40~49,office,seoul,0,0,0,0,11,0,0,28,1,0,completed
42223,U2227,2025-03-24 08:24:00,2025-03-24 08:27:00,F,20~29,office,seoul,0,0,0,0,1,0,0,11,0,0,completed
42224,U2228,2025-05-21 19:56:00,2025-05-21 20:01:00,M,50+,office,seoul,0,0,0,0,28,0,0,77,0,0,abandoned
42225,U2229,2025-08-23 14:39:00,2025-08-23 14:43:00,M,30~39,office,seoul,1,0,0,0,17,0,0,56,0,0,completed
42226,U2230,2025-02-07 19:28:00,2025-02-07 19:34:00,F,40~49,office,seoul,0,0,0,0,18,0,0,36,0,0,completed
42227,U2231,2025-11-22 16:26:00,2025-11-22 16:30:00,F,40~49,office,seoul,1,0,0,0,25,0,0,47,0,0,completed
42228,U2232,2025-03-03 16:08:00,2025-03-03 16:14:00,M,40~49,office,seoul,0,0,0,0,11,0,0,75,0,0,completed
42229,U2233,2025-01-17 12:42:00,2025-01-17 12:49:00,M,20~29,office,seoul,0,0,0,0,25,0,0,25,0,0,completed
42230,U2234,2025-05-29 19:56:00,2025-05-29 20:02:00,F,20~29,office,seoul,0,0,0,0,15,0,0,69,0,0,completed
42231,U2235,2025-08-19 12:49:00,2025-08-19 12:53:00,M,50+,office,seoul,0,0,0,0,19,0,0,25,0,0,abandoned
42232,U2236,2025-08-25 12:22:00,2025-08-25 12:29:00,F,40~49,office,seoul,0,0,0,0,28,0,0,15,0,0,completed
42233,U2237,2025-12-28 08:17:00,2025-12-28 08:22:00,F,30~39,office,seoul,1,0,0,0,28,0,0,30,0,0,completed
42234,U2238,2025-02-03 19:58:00,2025-02-03 20:05:00,M,20~29,office,seoul,0,0,0,0,23,0,0,45,0,0,completed
42235,U2239,2025-05-08 12:17:00,2025-05-08 12:19:00,F,20~29,office,seoul,0,0,0,0,25,0,0,73,1,0,completed
42236,U2240,2025-06-19 11:02:00,2025-06-19 11:04:00,M,20~29,office,seoul,0,0,0,0,7,0,0,68,0,0,completed
42237,U2241,2025-08-03 15:46:00,2025-08-03 15:52:00,F,30~39,office,seoul,1,0,0,0,13,0,0,37,0,0,completed
42238,U2242,2025-02-13 18:13:00,2025-02-13 18:16:00,M,50+,office,seoul,0,0,0,0,15,0,0,63,1,0,completed
42239,U2243,2025-04-01 18:00:00,2025-04-01 18:07:00,M,20~29,office,seoul,0,0,0,0,10,0,0,70,0,0,completed
42240,U2244,2025-04-03 20:39:00,2025-04-03 20:42:00,M,20~29,office,seoul,0,0,0,0,17,0,0,75,1,0,completed
42241,U2245,2025-08-23 14:49:00,2025-08-23 14:56:00,M,30~39,office,seoul,1,0,0,0,6,0,0,48,0,0,error
42242,U2246,2025-04-21 20:33:00,2025-04-21 20:36:00,M,30~39,office,seoul,0,0,0,0,10,0,0,61,0,0,completed
42243,U2247,2025-01-26 22:57:00,2025-01-26 23:01:00,M,40~49,office,seoul,1,0,0,0,21,0,0,46,0,0,completed
42244,U2248,2025-09-23 16:38:00,2025-09-23 16:45:00,F,40~49,office,seoul,0,0,0,0,6,0,0,44,0,0,completed
42245,U2249,2025-09-23 17:57:00,2025-09-23 17:59:00,M,30~39,office,seoul,0,0,0,0,21,0,0,45,0,0,completed
42246,U2250,2025-01-11 11:48:00,2025-01-11 11:50:00,F,40~49,office,seoul,1,0,0,0,21,0,0,74,0,0,completed
42247,U2251,2025-11-13 13:06:00,2025-11-13 13:10:00,M,20~29,office,seoul,0,0,0,0,19,0,0,28,1,0,completed
42248,U2252,2025-01-07 18:45:00,2025-01-07 18:52:00,M,30~39,office,seoul,0,0,0,0,9,0,0,78,0,0,completed
42249,U2253,2025-06-11 16:24:00,2025-06-11 16:28:00,M,20~29,office,seoul,0,0,0,0,2,0,0,49,0,0,completed
42250,U2254,2025-06-16 19:32:00,2025-06-16 19:36:00,M,50+,office,seoul,0,0,0,0,3,0,0,47,1,0,completed
42251,U2255,2025-06-10 09:43:00,2025-06-10 09:45:00,F,50+,office,seoul,0,0,0,0,27,0,0,14,0,0,completed
42252,U2256,2025-07-05 18:02:00,2025-07-05 18:04:00,F,20~29,office,seoul,1,0,0,0,21,0,0,69,0,0,completed
42253,U2257,2025-03-25 18:33:00,2025-03-25 18:40:00,F,20~29,office,seoul,0,0,0,0,29,0,0,33,0,0,completed
42254,U2258,2025-05-23 12:06:00,2025-05-23 12:08:00,M,40~49,office,seoul,0,0,0,0,21,0,0,30,0,0,completed
42255,U2259,2025-01-03 15:29:00,2025-01-03 15:34:00,M,20~29,office,seoul,0,0,0,0,25,0,0,66,0,0,completed
42256,U2260,2025-06-29 16:48:00,2025-06-29 16:51:00,F,30~39,office,seoul,1,0,0,0,0,0,0,75,0,0,completed
42257,U2261,2025-11-06 21:31:00,2025-11-06 21:36:00,M,30~39,office,seoul,0,0,0,0,6,0,0,62,0,0,completed
42258,U2262,2025-07-16 17:12:00,2025-07-16 17:17:00,F,40~49,office,seoul,0,0,0,0,13,0,0,57,0,0,completed
42259,U2263,2025-11-30 09:33:00,2025-11-30 09:38:00,M,20~29,office,seoul,1,0,0,0,0,0,0,45,0,0,completed
42260,U2264,2025-05-24 22:51:00,2025-05-24 22:57:00,F,50+,office,seoul,1,0,0,0,5,0,0,12,0,0,completed
42261,U2265,2025-02-02 15:46:00,2025-02-02 15:48:00,F,50+,office,seoul,1,0,0,0,21,0,0,69,1,0,completed
42262,U2266,2025-05-18 12:05:00,2025-05-18 12:11:00,M,20~29,office,seoul,1,0,0,0,24,0,0,72,0,0,completed
42263,U2267,2025-10-27 22:47:00,2025-10-27 22:54:00,M,20~29,office,seoul,0,0,0,0,8,0,0,53,0,0,completed
42264,U2268,2025-11-07 18:56:00,2025-11-07 19:02:00,F,40~49,office,seoul,0,0,0,0,13,0,0,64,0,0,completed
42265,U2269,2025-07-11 20:32:00,2025-07-11 20:39:00,M,40~49,office,seoul,0,0,0,0,15,0,0,31,0,0,completed
42266,U2270,2025-04-27 15:03:00,2025-04-27 15:06:00,M,20~29,office,seoul,1,0,0,0,4,0,0,38,0,0,completed
42267,U2271,2025-07-31 07:25:00,2025-07-31 07:32:00,F,30~39,office,seoul,0,0,0,0,19,0,0,31,0,0,completed
42268,U2272,2025-02-24 18:34:00,2025-02-24 18:40:00,F,30~39,office,seoul,0,0,0,0,23,0,0,68,0,0,completed
42269,U2273,2025-02-24 13:55:00,2025-02-24 14:00:00,M,50+,office,seoul,0,0,0,0,28,0,0,68,0,0,completed
42270,U2274,2025-02-04 20:16:00,2025-02-04 20:22:00,M,20~29,office,seoul,0,0,0,0,4,0,0,64,0,0,completed
42271,U2275,2025-11-20 12:15:00,2025-11-20 12:19:00,M,20~29,office,seoul,0,0,0,0,23,0,0,31,0,0,completed
42272,U2276,2025-07-07 12:55:00,2025-07-07 12:58:00,F,50+,office,seoul,0,0,0,0,11,0,0,59,1,0,timeout
42273,U2277,2025-07-09 14:33:00,2025-07-09 14:38:00,F,50+,office,seoul,0,0,0,0,18,0,0,18,0,0,completed
42274,U2278,2025-05-30 16:20:00,2025-05-30 16:26:00,F,20~29,office,seoul,0,0,0,0,16,0,0,21,0,0,completed
42275,U2279,2025-02-03 17:40:00,2025-02-03 17:43:00,F,20~29,office,seoul,0,0,0,0,14,0,0,48,0,0,completed
42276,U2280,2025-05-24 15:57:00,2025-05-24 16:02:00,F,20~29,office,seoul,1,0,0,0,27,0,0,62,0,0,completed
42277,U2281,2025-06-05 09:18:00,2025-06-05 09:21:00,F,50+,office,seoul,0,0,0,0,9,0,0,77,0,0,timeout
42278,U2282,2025-07-20 11:24:00,2025-07-20 11:26:00,F,30~39,office,seoul,1,0,0,0,9,0,0,63,0,0,completed
42279,U2283,2025-09-08 22:50:00,2025-09-08 22:53:00,F,30~39,office,seoul,0,0,0,0,6,0,0,50,0,0,completed
42280,U2284,2025-09-05 17:14:00,2025-09-05 17:18:00,F,20~29,office,seoul,0,0,0,0,2,0,0,76,0,0,completed
42281,U2285,2025-04-02 15:32:00,2025-04-02 15:37:00,M,30~39,office,seoul,0,0,0,0,23,0,0,28,0,0,completed
42282,U2286,2025-07-24 21:16:00,2025-07-24 21:19:00,F,20~29,office,seoul,0,0,0,0,12,0,0,52,0,0,completed
42283,U2287,2025-12-21 19:41:00,2025-12-21 19:45:00,F,50+,office,seoul,1,0,0,0,11,0,0,74,0,0,completed
42284,U2288,2025-12-01 08:31:00,2025-12-01 08:38:00,M,20~29,office,seoul,0,0,0,0,3,0,0,19,0,0,completed
42285,U2289,2025-07-02 13:52:00,2025-07-02 13:57:00,F,20~29,office,seoul,0,0,0,0,13,0,0,48,0,0,completed
42286,U2290,2025-08-24 16:01:00,2025-08-24 16:03:00,F,20~29,office,seoul,1,0,0,0,5,0,0,25,0,0,completed
42287,U2291,2025-07-11 09:12:00,2025-07-11 09:18:00,M,20~29,office,seoul,0,0,0,0,9,0,0,77,0,0,completed
42288,U2292,2025-09-06 17:52:00,2025-09-06 17:56:00,F,20~29,office,seoul,1,0,0,0,13,0,0,12,0,0,abandoned
42289,U2293,2025-06-25 15:29:00,2025-06-25 15:35:00,F,50+,office,seoul,0,0,0,0,4,0,0,73,0,0,completed
42290,U2294,2025-10-26 13:34:00,2025-10-26 13:38:00,F,30~39,office,seoul,1,0,0,0,27,0,0,19,0,0,completed
42291,U2295,2025-05-04 19:22:00,2025-05-04 19:28:00,M,40~49,office,seoul,1,0,0,0,15,0,0,32,0,0,completed
42292,U2296,2025-05-20 19:13:00,2025-05-20 19:15:00,F,30~39,office,seoul,0,0,0,0,12,0,0,51,0,0,completed
42293,U2297,2025-03-10 12:46:00,2025-03-10 12:49:00,F,20~29,office,seoul,0,0,0,0,17,0,0,16,0,0,completed
42294,U2298,2025-08-29 20:42:00,2025-08-29 20:46:00,F,40~49,office,seoul,0,0,0,0,1,0,0,15,1,0,completed
42295,U2299,2025-12-08 15:49:00,2025-12-08 15:54:00,M,20~29,office,seoul,0,0,0,0,8,0,0,16,0,0,completed
42296,U2300,2025-11-29 19:27:00,2025-11-29 19:29:00,M,30~39,office,seoul,1,0,0,0,13,0,0,72,0,0,completed
42297,U2301,2025-11-14 09:12:00,2025-11-14 09:18:00,F,30~39,office,seoul,0,0,0,0,22,0,0,25,0,0,completed
42298,U2302,2025-04-13 20:40:00,2025-04-13 20:44:00,M,20~29,office,seoul,1,0,0,0,23,0,0,48,0,0,completed
42299,U2303,2025-06-09 09:26:00,2025-06-09 09:28:00,F,40~49,office,seoul,0,0,0,0,20,0,0,74,0,0,completed
42300,U2304,2025-03-11 12:37:00,2025-03-11 12:43:00,F,40~49,office,seoul,0,0,0,0,7,0,0,77,0,0,completed
42301,U2305,2025-01-13 08:28:00,2025-01-13 08:33:00,M,20~29,office,seoul,0,0,0,0,3,0,0,14,0,0,completed
42302,U2306,2025-06-15 17:10:00,2025-06-15 17:16:00,M,30~39,office,seoul,1,0,0,0,4,0,0,50,1,0,abandoned
42303,U2307,2025-07-20 12:11:00,2025-07-20 12:18:00,F,30~39,office,seoul,1,0,0,0,25,0,0,55,0,1,completed
42304,U2308,2025-06-24 15:05:00,2025-06-24 15:12:00,F,50+,office,seoul,0,0,0,0,22,0,0,78,0,0,completed
42305,U2309,2025-10-04 16:40:00,2025-10-04 16:47:00,M,20~29,office,seoul,1,0,0,0,2,0,0,69,0,0,completed
42306,U2310,2025-04-16 17:57:00,2025-04-16 17:59:00,F,30~39,office,seoul,0,0,0,0,18,0,0,16,0,1,completed
42307,U2311,2025-12-21 09:10:00,2025-12-21 09:16:00,F,50+,office,seoul,1,0,0,0,16,0,0,36,1,0,timeout
42308,U2312,2025-05-12 14:02:00,2025-05-12 14:06:00,F,20~29,office,seoul,0,0,0,0,13,0,0,61,0,0,completed
42309,U2313,2025-04-06 15:53:00,2025-04-06 15:57:00,M,20~29,office,seoul,1,0,0,0,16,0,0,28,0,0,abandoned
42310,U2314,2025-10-02 15:50:00,2025-10-02 15:54:00,F,30~39,office,seoul,0,0,0,0,6,0,0,18,0,0,completed
42311,U2315,2025-01-03 19:25:00,2025-01-03 19:30:00,F,50+,office,seoul,0,0,0,0,19,0,0,40,0,0,completed
42312,U2316,2025-06-30 14:41:00,2025-06-30 14:48:00,F,20~29,office,seoul,0,0,0,0,8,0,0,48,0,0,completed
42313,U2317,2025-07-18 15:01:00,2025-07-18 15:04:00,M,20~29,office,seoul,0,0,0,0,21,0,0,40,0,0,completed
42314,U2318,2025-01-02 16:13:00,2025-01-02 16:15:00,F,20~29,office,seoul,0,0,0,0,26,0,0,18,0,0,completed
42315,U2319,2025-12-22 07:12:00,2025-12-22 07:17:00,F,40~49,office,seoul,0,0,0,0,10,0,0,66,0,0,completed
42316,U2320,2025-12-06 11:41:00,2025-12-06 11:45:00,F,20~29,office,seoul,1,0,0,0,24,0,0,27,0,0,completed
42317,U2321,2025-10-20 08:46:00,2025-10-20 08:48:00,M,40~49,office,seoul,0,0,0,0,8,0,0,79,0,0,completed
42318,U2322,2025-04-03 08:41:00,2025-04-03 08:44:00,F,50+,office,seoul,0,0,0,0,3,0,0,46,0,0,completed
42319,U2323,2025-06-04 07:35:00,2025-06-04 07:39:00,F,50+,office,seoul,0,0,0,0,18,0,0,32,1,0,completed
42320,U2324,2025-06-01 15:35:00,2025-06-01 15:40:00,F,30~39,office,seoul,1,0,0,0,10,0,0,76,0,0,completed
42321,U2325,2025-03-04 14:51:00,2025-03-04 14:53:00,M,20~29,office,seoul,0,0,0,0,10,0,0,70,0,0,error
42322,U2326,2025-03-03 16:09:00,2025-03-03 16:12:00,F,30~39,office,seoul,0,0,0,0,14,0,0,21,0,0,completed
42323,U2327,2025-05-20 17:29:00,2025-05-20 17:36:00,M,30~39,office,seoul,0,0,0,0,13,0,0,18,0,0,completed
42324,U2328,2025-05-06 13:24:00,2025-05-06 13:29:00,F,30~39,office,seoul,0,0,0,0,21,0,0,58,0,0,completed
42325,U2329,2025-05-05 15:41:00,2025-05-05 15:45:00,F,40~49,office,seoul,0,0,0,0,2,0,0,44,0,0,completed
42326,U2330,2025-10-02 14:44:00,2025-10-02 14:49:00,F,50+,office,seoul,0,0,0,0,25,0,0,76,0,0,completed
42327,U2331,2025-05-30 17:22:00,2025-05-30 17:25:00,F,50+,office,seoul,0,0,0,0,13,0,0,21,0,0,completed
42328,U2332,2025-07-08 09:30:00,2025-07-08 09:34:00,F,40~49,office,seoul,0,0,0,0,25,0,0,13,0,0,abandoned
42329,U2333,2025-09-22 14:40:00,2025-09-22 14:42:00,F,50+,office,seoul,0,0,0,0,24,0,0,70,0,0,completed
42330,U2334,2025-12-06 18:26:00,2025-12-06 18:33:00,F,40~49,office,seoul,1,0,0,0,21,0,0,78,0,0,completed
42331,U2335,2025-07-06 07:46:00,2025-07-06 07:49:00,M,50+,office,seoul,1,0,0,0,7,0,0,21,0,0,completed
42332,U2336,2025-06-07 16:05:00,2025-06-07 16:10:00,F,40~49,office,seoul,1,0,0,0,7,0,0,64,0,0,completed
42333,U2337,2025-05-09 08:58:00,2025-05-09 09:01:00,F,50+,office,seoul,0,0,0,0,3,0,0,55,0,0,completed
42334,U2338,2025-09-18 18:47:00,2025-09-18 18:53:00,F,20~29,office,seoul,0,0,0,0,19,0,0,75,0,0,completed
42335,U2339,2025-12-04 11:31:00,2025-12-04 11:38:00,F,30~39,office,seoul,0,0,0,0,11,0,0,22,0,0,completed
42336,U2340,2025-02-22 08:16:00,2025-02-22 08:20:00,M,20~29,office,seoul,1,0,0,0,15,0,0,16,0,0,completed
42337,U2341,2025-02-15 08:38:00,2025-02-15 08:40:00,M,30~39,office,seoul,1,0,0,0,26,0,0,45,0,0,completed
42338,U2342,2025-10-01 11:42:00,2025-10-01 11:44:00,F,20~29,office,seoul,0,0,0,0,8,0,0,56,0,0,completed
42339,U2343,2025-07-06 14:48:00,2025-07-06 14:52:00,M,20~29,office,seoul,1,0,0,0,5,0,0,73,0,0,completed
42340,U2344,2025-11-24 16:18:00,2025-11-24 16:25:00,F,20~29,office,seoul,0,0,0,0,15,0,0,79,0,0,completed
42341,U2345,2025-06-23 12:08:00,2025-06-23 12:12:00,F,40~49,office,seoul,0,0,0,0,0,0,0,55,0,0,completed
42342,U2346,2025-11-21 07:14:00,2025-11-21 07:17:00,M,20~29,office,seoul,0,0,0,0,24,0,0,70,0,0,completed
42343,U2347,2025-01-10 12:06:00,2025-01-10 12:12:00,M,40~49,office,seoul,0,0,0,0,14,0,0,26,0,0,completed
42344,U2348,2025-05-15 13:16:00,2025-05-15 13:23:00,F,30~39,office,seoul,0,0,0,0,19,0,0,70,0,0,completed
42345,U2349,2025-02-22 16:48:00,2025-02-22 16:54:00,F,30~39,office,seoul,1,0,0,0,10,0,0,72,0,0,completed
42346,U2350,2025-12-02 19:37:00,2025-12-02 19:43:00,M,30~39,office,seoul,0,0,0,0,16,0,0,22,0,0,completed
42347,U2351,2025-08-02 15:02:00,2025-08-02 15:04:00,M,50+,office,seoul,1,0,0,0,29,0,0,12,0,0,completed
42348,U2352,2025-07-11 08:56:00,2025-07-11 09:00:00,F,50+,office,seoul,0,0,0,0,5,0,0,51,0,0,completed
42349,U2353,2025-05-22 20:54:00,2025-05-22 20:58:00,F,30~39,office,seoul,0,0,0,0,4,0,0,69,0,0,completed
42350,U2354,2025-01-28 12:12:00,2025-01-28 12:15:00,M,20~29,office,seoul,0,0,0,0,24,0,0,25,0,0,completed
42351,U2355,2025-11-19 18:47:00,2025-11-19 18:50:00,M,20~29,office,seoul,0,0,0,0,4,0,0,21,0,0,completed
42352,U2356,2025-06-07 11:53:00,2025-06-07 11:55:00,M,20~29,office,seoul,1,0,0,0,10,0,0,30,0,0,completed
42353,U2357,2025-09-27 14:39:00,2025-09-27 14:43:00,F,20~29,office,seoul,1,0,0,0,4,0,0,70,0,0,abandoned
42354,U2358,2025-10-17 12:41:00,2025-10-17 12:44:00,F,20~29,office,seoul,0,0,0,0,25,0,0,79,0,0,completed
42355,U2359,2025-04-15 22:27:00,2025-04-15 22:30:00,F,20~29,office,seoul,0,0,0,0,2,0,0,33,0,0,completed
42356,U2360,2025-04-10 14:34:00,2025-04-10 14:36:00,F,30~39,office,seoul,0,0,0,0,25,0,0,29,0,0,completed
42357,U2361,2025-03-24 07:28:00,2025-03-24 07:31:00,M,20~29,office,seoul,0,0,0,0,12,0,0,30,0,0,completed
42358,U2362,2025-03-13 08:23:00,2025-03-13 08:26:00,M,20~29,office,seoul,0,0,0,0,1,0,0,49,0,0,completed
42359,U2363,2025-12-30 12:04:00,2025-12-30 12:08:00,F,20~29,office,seoul,0,0,0,0,1,0,0,13,0,0,completed
42360,U2364,2025-01-20 12:51:00,2025-01-20 12:53:00,F,20~29,office,seoul,0,0,0,0,22,0,0,28,0,0,completed
42361,U2365,2025-02-14 09:00:00,2025-02-14 09:07:00,F,40~49,office,seoul,0,0,0,0,2,0,0,38,0,0,completed
42362,U2366,2025-09-30 08:56:00,2025-09-30 08:58:00,F,20~29,office,seoul,0,0,0,0,27,0,0,71,0,0,completed
42363,U2367,2025-05-29 09:26:00,2025-05-29 09:30:00,F,20~29,office,seoul,0,0,0,0,13,0,0,22,0,0,completed
42364,U2368,2025-05-01 20:37:00,2025-05-01 20:40:00,F,30~39,office,seoul,0,0,0,0,15,0,0,32,0,0,completed
42365,U2369,2025-05-08 12:10:00,2025-05-08 12:16:00,F,20~29,office,seoul,0,0,0,0,22,0,0,57,0,0,completed
42366,U2370,2025-03-29 22:04:00,2025-03-29 22:06:00,F,30~39,office,seoul,1,0,0,0,20,0,0,27,0,0,completed
42367,U2371,2025-05-15 18:00:00,2025-05-15 18:07:00,M,40~49,office,seoul,0,0,0,0,15,0,0,72,0,0,completed
42368,U2372,2025-03-11 12:32:00,2025-03-11 12:38:00,M,20~29,office,seoul,0,0,0,0,4,0,0,28,0,0,completed
42369,U2373,2025-06-14 11:45:00,2025-06-14 11:47:00,F,20~29,office,seoul,1,0,0,0,25,0,0,77,0,0,completed
42370,U2374,2025-12-16 14:18:00,2025-12-16 14:24:00,F,20~29,office,seoul,0,0,0,0,1,0,0,40,0,0,completed
42371,U2375,2025-10-04 09:33:00,2025-10-04 09:35:00,M,30~39,office,seoul,1,0,0,0,4,0,0,54,0,0,completed
42372,U2376,2025-02-03 14:47:00,2025-02-03 14:52:00,F,40~49,office,seoul,0,0,0,0,14,0,0,27,0,0,abandoned
42373,U2377,2025-05-23 20:12:00,2025-05-23 20:14:00,M,20~29,office,seoul,0,0,0,0,23,0,0,58,0,0,completed
42374,U2378,2025-06-03 18:41:00,2025-06-03 18:44:00,M,20~29,office,seoul,0,0,0,0,21,0,0,47,0,0,completed
42375,U2379,2025-05-30 09:09:00,2025-05-30 09:11:00,M,30~39,office,seoul,0,0,0,0,22,0,0,72,0,0,completed
42376,U2380,2025-10-12 13:25:00,2025-10-12 13:32:00,F,50+,office,seoul,1,0,0,0,25,0,0,69,1,0,completed
42377,U2381,2025-07-14 17:24:00,2025-07-14 17:28:00,M,40~49,office,seoul,0,0,0,0,13,0,0,13,0,0,completed
42378,U2382,2025-10-08 12:30:00,2025-10-08 12:34:00,M,50+,office,seoul,0,0,0,0,19,0,0,42,0,0,completed
42379,U2383,2025-11-27 16:43:00,2025-11-27 16:48:00,F,30~39,office,seoul,0,0,0,0,5,0,0,29,1,0,error
42380,U2384,2025-04-20 13:16:00,2025-04-20 13:18:00,F,50+,office,seoul,1,0,0,0,19,0,0,30,0,0,completed
42381,U2385,2025-09-22 09:09:00,2025-09-22 09:11:00,M,50+,office,seoul,0,0,0,0,25,0,0,41,0,0,completed
42382,U2386,2025-03-19 09:57:00,2025-03-19 09:59:00,F,30~39,office,seoul,0,0,0,0,0,0,0,63,0,0,completed
42383,U2387,2025-12-21 13:40:00,2025-12-21 13:43:00,F,50+,office,seoul,1,0,0,0,15,0,0,60,0,0,completed
42384,U2388,2025-01-29 15:29:00,2025-01-29 15:36:00,F,20~29,office,seoul,0,0,0,0,17,0,0,77,0,0,completed
42385,U2389,2025-06-11 07:05:00,2025-06-11 07:10:00,M,30~39,office,seoul,0,0,0,0,18,0,0,57,0,0,completed
42386,U2390,2025-07-24 16:04:00,2025-07-24 16:07:00,M,40~49,office,seoul,0,0,0,0,19,0,0,54,0,0,timeout
42387,U2391,2025-06-29 18:42:00,2025-06-29 18:49:00,M,20~29,office,seoul,1,0,0,0,25,0,0,28,0,0,completed
42388,U2392,2025-08-18 07:18:00,2025-08-18 07:23:00,F,20~29,office,seoul,0,0,0,0,7,0,0,77,0,0,completed
42389,U2393,2025-04-20 09:49:00,2025-04-20 09:54:00,F,30~39,office,seoul,1,0,0,0,15,0,0,38,0,0,abandoned
42390,U2394,2025-08-17 18:24:00,2025-08-17 18:29:00,F,30~39,office,seoul,1,0,0,0,1,0,0,59,0,0,completed
42391,U2395,2025-01-07 07:25:00,2025-01-07 07:29:00,M,20~29,office,seoul,0,0,0,0,21,0,0,27,0,1,completed
42392,U2396,2025-02-10 19:22:00,2025-02-10 19:24:00,M,20~29,office,seoul,0,0,0,0,8,0,0,32,0,0,completed
42393,U2397,2025-01-03 20:26:00,2025-01-03 20:32:00,F,20~29,office,seoul,0,0,0,0,17,0,0,72,0,0,completed
42394,U2398,2025-11-04 16:13:00,2025-11-04 16:15:00,F,50+,office,seoul,0,0,0,0,10,0,0,29,0,0,completed
42395,U2399,2025-03-07 22:00:00,2025-03-07 22:04:00,F,20~29,office,seoul,0,0,0,0,8,0,0,48,0,0,completed
42396,U2400,2025-10-21 13:57:00,2025-10-21 13:59:00,M,30~39,office,seoul,0,0,0,0,4,0,0,41,0,0,completed
42397,U2401,2025-01-31 07:24:00,2025-01-31 07:30:00,M,40~49,office,seoul,0,0,0,0,20,0,0,59,0,0,completed
42398,U2402,2025-12-17 13:48:00,2025-12-17 13:50:00,M,20~29,office,seoul,0,0,0,0,27,0,0,15,0,0,completed
42399,U2403,2025-11-14 15:23:00,2025-11-14 15:25:00,F,30~39,office,seoul,0,0,0,0,4,0,0,24,0,0,abandoned
42400,U2404,2025-12-24 09:43:00,2025-12-24 09:47:00,F,30~39,office,seoul,0,0,0,0,2,0,0,24,0,0,completed
42401,U2405,2025-10-27 14:16:00,2025-10-27 14:20:00,M,20~29,office,seoul,0,0,0,0,5,0,0,42,0,0,completed
42402,U2406,2025-09-22 09:48:00,2025-09-22 09:51:00,M,30~39,office,seoul,0,0,0,0,29,0,0,45,0,0,completed
42403,U2407,2025-08-02 09:23:00,2025-08-02 09:26:00,F,20~29,office,seoul,1,0,0,0,11,0,0,34,0,0,completed
42404,U2408,2025-11-03 15:48:00,2025-11-03 15:51:00,F,20~29,office,seoul,0,0,0,0,2,0,0,78,0,0,abandoned
42405,U2409,2025-07-01 17:38:00,2025-07-01 17:42:00,M,20~29,office,seoul,0,0,0,0,27,0,0,77,0,0,completed
42406,U2410,2025-10-01 09:47:00,2025-10-01 09:54:00,M,20~29,office,seoul,0,0,0,0,3,0,0,47,0,0,completed
42407,U2411,2025-07-01 13:26:00,2025-07-01 13:33:00,F,50+,office,seoul,0,0,0,0,16,0,0,13,0,0,completed
42408,U2412,2025-06-21 08:11:00,2025-06-21 08:17:00,F,20~29,office,seoul,1,0,0,0,0,0,0,67,0,0,abandoned
42409,U2413,2025-04-08 16:48:00,2025-04-08 16:52:00,F,40~49,office,seoul,0,0,0,0,14,0,0,57,0,0,completed
42410,U2414,2025-04-22 21:03:00,2025-04-22 21:10:00,M,40~49,office,seoul,0,0,0,0,24,0,0,15,0,0,completed
42411,U2415,2025-01-17 12:50:00,2025-01-17 12:57:00,M,20~29,office,seoul,0,0,0,0,4,0,0,29,0,0,completed
42412,U2416,2025-05-25 11:19:00,2025-05-25 11:26:00,M,40~49,office,seoul,1,0,0,0,1,0,0,46,0,0,completed
42413,U2417,2025-08-16 17:37:00,2025-08-16 17:44:00,F,20~29,office,seoul,1,0,0,0,16,0,0,70,1,0,completed
42414,U2418,2025-02-20 18:47:00,2025-02-20 18:49:00,F,50+,office,seoul,0,0,0,0,2,0,0,72,0,0,completed
42415,U2419,2025-02-16 17:53:00,2025-02-16 17:55:00,M,20~29,office,seoul,1,0,0,0,17,0,0,59,0,0,completed
42416,U2420,2025-03-30 18:03:00,2025-03-30 18:09:00,M,50+,office,seoul,1,0,0,0,11,0,0,14,0,0,completed
42417,U2421,2025-02-21 11:55:00,2025-02-21 12:01:00,F,50+,office,seoul,0,0,0,0,23,0,0,69,1,0,completed
42418,U2422,2025-02-09 14:57:00,2025-02-09 15:00:00,F,30~39,office,seoul,1,0,0,0,11,0,0,20,0,0,completed
42419,U2423,2025-03-29 16:31:00,2025-03-29 16:34:00,F,50+,office,seoul,1,0,0,0,15,0,0,66,1,0,completed
42420,U2424,2025-05-27 09:04:00,2025-05-27 09:08:00,M,40~49,office,seoul,0,0,0,0,5,0,0,23,0,0,completed
42421,U2425,2025-01-11 09:50:00,2025-01-11 09:56:00,F,20~29,office,seoul,1,0,0,0,10,0,0,20,0,0,completed
42422,U2426,2025-06-30 15:35:00,2025-06-30 15:40:00,F,30~39,office,seoul,0,0,0,0,16,0,0,40,0,0,completed
42423,U2427,2025-10-15 20:25:00,2025-10-15 20:30:00,F,30~39,office,seoul,0,0,0,0,12,0,0,20,1,0,completed
42424,U2428,2025-02-19 19:14:00,2025-02-19 19:18:00,F,50+,office,seoul,0,0,0,0,27,0,0,37,0,0,completed
42425,U2429,2025-03-06 17:08:00,2025-03-06 17:14:00,M,40~49,office,seoul,0,0,0,0,16,0,0,74,0,0,completed
42426,U2430,2025-01-11 17:42:00,2025-01-11 17:49:00,F,30~39,office,seoul,1,0,0,0,27,0,0,54,0,0,abandoned
42427,U2431,2025-06-14 15:10:00,2025-06-14 15:17:00,M,50+,office,seoul,1,0,0,0,12,0,0,19,0,0,completed
42428,U2432,2025-04-04 08:01:00,2025-04-04 08:03:00,M,30~39,office,seoul,0,0,0,0,24,0,0,17,0,0,completed
42429,U2433,2025-11-18 09:08:00,2025-11-18 09:15:00,M,20~29,office,seoul,0,0,0,0,17,0,0,40,0,0,completed
42430,U2434,2025-01-17 16:55:00,2025-01-17 17:00:00,F,30~39,office,seoul,0,0,0,0,1,0,0,73,0,0,completed
42431,U2435,2025-12-13 16:17:00,2025-12-13 16:20:00,F,20~29,office,seoul,1,0,0,0,23,0,0,68,0,0,completed
42432,U2436,2025-04-15 14:36:00,2025-04-15 14:40:00,F,30~39,office,seoul,0,0,0,0,13,0,0,53,0,0,completed
42433,U2437,2025-06-04 17:35:00,2025-06-04 17:39:00,F,20~29,office,seoul,0,0,0,0,23,0,0,54,0,0,completed
42434,U2438,2025-06-21 12:02:00,2025-06-21 12:06:00,F,20~29,office,seoul,1,0,0,0,7,0,0,30,0,0,completed
42435,U2439,2025-07-10 22:42:00,2025-07-10 22:48:00,F,50+,office,seoul,0,0,0,0,29,0,0,65,0,1,completed
42436,U2440,2025-10-18 07:13:00,2025-10-18 07:16:00,F,30~39,office,seoul,1,0,0,0,29,0,0,50,0,0,completed
42437,U2441,2025-10-08 07:38:00,2025-10-08 07:44:00,M,20~29,office,seoul,0,0,0,0,23,0,0,69,1,0,abandoned
42438,U2442,2025-09-08 14:40:00,2025-09-08 14:47:00,F,20~29,office,seoul,0,0,0,0,26,0,0,30,0,0,completed
42439,U2443,2025-11-11 07:33:00,2025-11-11 07:39:00,M,50+,office,seoul,0,0,0,0,20,0,0,40,0,0,completed
42440,U2444,2025-05-16 20:33:00,2025-05-16 20:39:00,F,50+,office,seoul,0,0,0,0,7,0,0,56,0,0,completed
42441,U2445,2025-02-08 07:59:00,2025-02-08 08:02:00,F,30~39,office,seoul,1,0,0,0,3,0,0,42,0,0,completed
42442,U2446,2025-02-03 11:23:00,2025-02-03 11:30:00,F,50+,office,seoul,0,0,0,0,26,0,0,66,0,0,completed
42443,U2447,2025-09-21 18:35:00,2025-09-21 18:42:00,F,40~49,office,seoul,1,0,0,0,1,0,0,73,1,0,completed
42444,U2448,2025-01-06 11:42:00,2025-01-06 11:49:00,M,40~49,office,seoul,0,0,0,0,8,0,0,51,0,0,completed
42445,U2449,2025-11-03 12:22:00,2025-11-03 12:28:00,M,30~39,office,seoul,0,0,0,0,14,0,0,45,0,0,completed
42446,U2450,2025-10-29 07:48:00,2025-10-29 07:51:00,M,20~29,office,seoul,0,0,0,0,14,0,0,42,0,0,completed
42447,U2451,2025-06-01 11:36:00,2025-06-01 11:43:00,F,20~29,office,seoul,1,0,0,0,7,0,0,48,0,0,timeout
42448,U2452,2025-08-17 14:50:00,2025-08-17 14:52:00,F,30~39,office,seoul,1,0,0,0,24,0,0,51,0,0,abandoned
42449,U2453,2025-11-01 12:27:00,2025-11-01 12:34:00,M,30~39,office,seoul,1,0,0,0,21,0,0,53,0,0,completed
42450,U2454,2025-11-06 18:10:00,2025-11-06 18:14:00,M,30~39,office,seoul,0,0,0,0,8,0,0,68,0,0,completed
42451,U2455,2025-10-01 15:34:00,2025-10-01 15:37:00,F,20~29,office,seoul,0,0,0,0,18,0,0,23,0,0,completed
42452,U2456,2025-08-30 07:56:00,2025-08-30 08:02:00,F,30~39,office,seoul,1,0,0,0,18,0,0,44,0,0,completed
42453,U2457,2025-01-28 17:02:00,2025-01-28 17:06:00,F,40~49,office,seoul,0,0,0,0,25,0,0,48,0,0,completed
42454,U2458,2025-10-15 13:04:00,2025-10-15 13:08:00,F,30~39,office,seoul,0,0,0,0,7,0,0,31,0,0,completed
42455,U2459,2025-01-14 12:34:00,2025-01-14 12:41:00,M,50+,office,seoul,0,0,0,0,0,0,0,27,0,0,completed
42456,U2460,2025-08-04 16:36:00,2025-08-04 16:42:00,F,30~39,office,seoul,0,0,0,0,5,0,0,63,0,0,completed
42457,U2461,2025-02-25 13:20:00,2025-02-25 13:25:00,F,30~39,office,seoul,0,0,0,0,27,0,0,50,0,0,completed
42458,U2462,2025-09-28 21:52:00,2025-09-28 21:59:00,F,30~39,office,seoul,1,0,0,0,5,0,0,12,0,0,error
42459,U2463,2025-07-06 12:28:00,2025-07-06 12:33:00,F,30~39,office,seoul,1,0,0,0,7,0,0,40,0,0,completed
42460,U2464,2025-12-29 07:05:00,2025-12-29 07:11:00,F,20~29,office,seoul,0,0,0,0,18,0,0,74,0,0,completed
42461,U2465,2025-07-09 18:08:00,2025-07-09 18:15:00,M,50+,office,seoul,0,0,0,0,13,0,0,72,0,0,completed
42462,U2466,2025-11-04 11:39:00,2025-11-04 11:45:00,F,20~29,office,seoul,0,0,0,0,5,0,0,19,0,0,completed
42463,U2467,2025-02-01 15:07:00,2025-02-01 15:14:00,F,40~49,office,seoul,1,0,0,0,16,0,0,23,0,0,completed
42464,U2468,2025-12-19 07:33:00,2025-12-19 07:38:00,M,50+,office,seoul,0,0,0,0,29,0,0,68,0,0,completed
42465,U2469,2025-05-08 19:46:00,2025-05-08 19:49:00,M,40~49,office,seoul,0,0,0,0,29,0,0,49,0,0,completed
42466,U2470,2025-08-13 19:34:00,2025-08-13 19:38:00,M,20~29,office,seoul,0,0,0,0,0,0,0,39,0,0,abandoned
42467,U2471,2025-08-01 12:05:00,2025-08-01 12:10:00,M,20~29,office,seoul,0,0,0,0,1,0,0,64,0,0,completed
42468,U2472,2025-02-02 09:46:00,2025-02-02 09:52:00,M,50+,office,seoul,1,0,0,0,12,0,0,14,0,0,completed
42469,U2473,2025-11-13 15:23:00,2025-11-13 15:26:00,M,20~29,office,seoul,0,0,0,0,18,0,0,46,0,0,completed
42470,U2474,2025-07-20 13:13:00,2025-07-20 13:17:00,M,30~39,office,seoul,1,0,0,0,24,0,0,25,0,0,completed
42471,U2475,2025-09-20 16:28:00,2025-09-20 16:30:00,M,20~29,office,seoul,1,0,0,0,8,0,0,49,0,0,completed
42472,U2476,2025-07-26 19:21:00,2025-07-26 19:23:00,M,30~39,office,seoul,1,0,0,0,9,0,0,39,0,0,completed
42473,U2477,2025-05-31 13:51:00,2025-05-31 13:53:00,M,50+,office,seoul,1,0,0,0,4,0,0,70,0,0,completed
42474,U2478,2025-09-04 15:32:00,2025-09-04 15:35:00,F,20~29,office,seoul,0,0,0,0,24,0,0,78,0,0,completed
42475,U2479,2025-12-17 11:31:00,2025-12-17 11:35:00,F,40~49,office,seoul,0,0,0,0,1,0,0,51,0,0,completed
42476,U2480,2025-02-25 07:15:00,2025-02-25 07:21:00,F,20~29,office,seoul,0,0,0,0,9,0,0,67,0,0,completed
42477,U2481,2025-06-10 20:55:00,2025-06-10 21:01:00,F,20~29,office,seoul,0,0,0,0,13,0,0,57,0,0,completed
42478,U2482,2025-08-23 07:10:00,2025-08-23 07:16:00,F,30~39,office,seoul,1,0,0,0,13,0,0,56,0,0,completed
42479,U2483,2025-07-10 08:22:00,2025-07-10 08:28:00,F,30~39,office,seoul,0,0,0,0,18,0,0,22,0,0,completed
42480,U2484,2025-03-05 09:02:00,2025-03-05 09:05:00,F,40~49,office,seoul,0,0,0,0,7,0,0,48,0,0,completed
42481,U2485,2025-03-14 07:43:00,2025-03-14 07:47:00,M,50+,office,seoul,0,0,0,0,28,0,0,15,0,0,completed
42482,U2486,2025-03-19 12:37:00,2025-03-19 12:39:00,M,20~29,office,seoul,0,0,0,0,18,0,0,30,0,0,completed
42483,U2487,2025-04-11 16:44:00,2025-04-11 16:51:00,M,40~49,office,seoul,0,0,0,0,25,0,0,39,0,0,completed
42484,U2488,2025-02-20 12:46:00,2025-02-20 12:53:00,M,30~39,office,seoul,0,0,0,0,7,0,0,38,0,0,completed
42485,U2489,2025-02-12 19:15:00,2025-02-12 19:18:00,M,50+,office,seoul,0,0,0,0,17,0,0,19,0,0,completed
42486,U2490,2025-02-04 22:23:00,2025-02-04 22:28:00,F,30~39,office,seoul,0,0,0,0,8,0,0,11,0,0,completed
42487,U2491,2025-02-16 12:17:00,2025-02-16 12:24:00,F,20~29,office,seoul,1,0,0,0,19,0,0,52,0,0,completed
42488,U2492,2025-08-17 19:54:00,2025-08-17 19:56:00,M,30~39,office,seoul,1,0,0,0,10,0,0,30,0,0,completed
42489,U2493,2025-11-25 09:31:00,2025-11-25 09:36:00,M,20~29,office,seoul,0,0,0,0,5,0,0,69,0,0,completed
42490,U2494,2025-02-08 09:48:00,2025-02-08 09:51:00,M,40~49,office,seoul,1,0,0,0,20,0,0,40,0,0,completed
42491,U2495,2025-10-25 11:04:00,2025-10-25 11:07:00,M,50+,office,seoul,1,0,0,0,22,0,0,23,0,0,completed
42492,U2496,2025-10-14 13:36:00,2025-10-14 13:43:00,M,30~39,office,seoul,0,0,0,0,24,0,0,69,0,0,completed
42493,U2497,2025-04-13 17:20:00,2025-04-13 17:25:00,M,30~39,office,seoul,1,0,0,0,10,0,0,22,0,0,completed
42494,U2498,2025-03-29 12:35:00,2025-03-29 12:40:00,M,50+,office,seoul,1,0,0,0,0,0,0,51,1,0,completed
42495,U2499,2025-09-13 15:51:00,2025-09-13 15:53:00,F,30~39,office,seoul,1,0,0,0,24,0,0,35,0,0,completed
42496,U2500,2025-05-28 12:52:00,2025-05-28 12:57:00,F,50+,office,seoul,0,0,0,0,22,0,0,49,1,0,abandoned
42497,U2501,2025-04-03 18:22:00,2025-04-03 18:24:00,M,40~49,office,seoul,0,0,0,0,22,0,0,56,0,0,completed
42498,U2502,2025-05-29 17:17:00,2025-05-29 17:20:00,M,30~39,office,seoul,0,0,0,0,7,0,0,10,0,0,timeout
42499,U2503,2025-09-25 16:17:00,2025-09-25 16:19:00,M,20~29,office,seoul,0,0,0,0,17,0,0,32,0,0,completed
42500,U2504,2025-11-02 11:21:00,2025-11-02 11:23:00,F,20~29,office,seoul,1,0,0,0,11,0,0,43,0,0,completed
42501,U2505,2025-01-20 15:22:00,2025-01-20 15:29:00,F,30~39,office,seoul,0,0,0,0,20,0,0,68,0,0,completed
42502,U2506,2025-03-29 13:00:00,2025-03-29 13:07:00,M,30~39,office,seoul,1,0,0,0,9,0,0,56,0,0,completed
42503,U2507,2025-07-03 14:32:00,2025-07-03 14:36:00,F,40~49,office,seoul,0,0,0,0,20,0,0,73,0,0,completed
42504,U2508,2025-08-22 14:23:00,2025-08-22 14:27:00,F,20~29,office,seoul,0,0,0,0,24,0,0,59,0,0,completed
42505,U2509,2025-06-18 19:49:00,2025-06-18 19:55:00,F,40~49,office,seoul,0,0,0,0,21,0,0,11,0,0,completed
42506,U2510,2025-11-25 08:55:00,2025-11-25 09:00:00,M,20~29,office,seoul,0,0,0,0,21,0,0,16,0,0,completed
42507,U2511,2025-01-10 19:12:00,2025-01-10 19:15:00,F,50+,office,seoul,0,0,0,0,24,0,0,57,0,0,timeout
42508,U2512,2025-02-03 13:31:00,2025-02-03 13:38:00,M,20~29,office,seoul,0,0,0,0,7,0,0,65,0,0,completed
42509,U2513,2025-09-25 13:03:00,2025-09-25 13:10:00,F,20~29,office,seoul,0,0,0,0,2,0,0,69,0,0,completed
42510,U2514,2025-08-13 09:43:00,2025-08-13 09:48:00,F,20~29,office,seoul,0,0,0,0,11,0,0,16,0,0,completed
42511,U2515,2025-04-09 11:25:00,2025-04-09 11:32:00,M,20~29,office,seoul,0,0,0,0,7,0,0,23,0,0,completed
42512,U2516,2025-09-28 12:38:00,2025-09-28 12:41:00,F,50+,office,seoul,1,0,0,0,4,0,0,75,0,0,completed
42513,U2517,2025-03-29 17:42:00,2025-03-29 17:48:00,F,30~39,office,seoul,1,0,0,0,11,0,0,16,0,0,timeout
42514,U2518,2025-05-06 13:23:00,2025-05-06 13:30:00,F,30~39,office,seoul,0,0,0,0,1,0,0,33,0,0,completed
42515,U2519,2025-04-07 18:49:00,2025-04-07 18:56:00,F,40~49,office,seoul,0,0,0,0,17,0,0,45,0,0,completed
42516,U2520,2025-10-28 09:53:00,2025-10-28 09:58:00,M,40~49,office,seoul,0,0,0,0,17,0,0,54,0,0,completed
42517,U2521,2025-10-13 20:39:00,2025-10-13 20:44:00,F,30~39,office,seoul,0,0,0,0,3,0,0,13,0,0,completed
42518,U2522,2025-02-03 16:32:00,2025-02-03 16:37:00,F,50+,office,seoul,0,0,0,0,13,0,0,52,0,0,abandoned
42519,U2523,2025-08-26 13:51:00,2025-08-26 13:58:00,F,20~29,office,seoul,0,0,0,0,19,0,0,36,0,0,completed
42520,U2524,2025-08-09 13:59:00,2025-08-09 14:02:00,M,20~29,office,seoul,1,0,0,0,3,0,0,67,0,0,completed
42521,U2525,2025-09-05 15:59:00,2025-09-05 16:02:00,F,30~39,office,seoul,0,0,0,0,0,0,0,55,0,0,abandoned
42522,U2526,2025-02-27 08:19:00,2025-02-27 08:22:00,M,30~39,office,seoul,0,0,0,0,26,0,0,17,0,0,completed
42523,U2527,2025-04-02 16:28:00,2025-04-02 16:33:00,M,50+,office,seoul,0,0,0,0,14,0,0,43,0,1,completed
42524,U2528,2025-03-13 11:43:00,2025-03-13 11:48:00,M,20~29,office,seoul,0,0,0,0,26,0,0,40,1,0,completed
42525,U2529,2025-09-26 19:33:00,2025-09-26 19:40:00,M,30~39,office,seoul,0,0,0,0,12,0,0,71,0,0,abandoned
42526,U2530,2025-08-19 18:10:00,2025-08-19 18:15:00,F,20~29,office,seoul,0,0,0,0,3,0,0,55,0,0,completed
42527,U2531,2025-08-22 15:00:00,2025-08-22 15:04:00,M,40~49,office,seoul,0,0,0,0,1,0,0,78,0,1,completed
42528,U2532,2025-03-02 16:34:00,2025-03-02 16:36:00,F,20~29,office,seoul,1,0,0,0,0,0,0,79,0,0,abandoned
42529,U2533,2025-09-17 18:19:00,2025-09-17 18:24:00,M,50+,office,seoul,0,0,0,0,26,0,0,25,0,0,completed
42530,U2534,2025-08-16 14:00:00,2025-08-16 14:03:00,F,20~29,office,seoul,1,0,0,0,26,0,0,77,0,0,completed
42531,U2535,2025-02-07 19:12:00,2025-02-07 19:16:00,M,20~29,office,seoul,0,0,0,0,6,0,0,45,0,0,abandoned
42532,U2536,2025-03-16 08:41:00,2025-03-16 08:48:00,F,50+,office,seoul,1,0,0,0,22,0,0,12,1,0,completed
42533,U2537,2025-09-30 17:24:00,2025-09-30 17:28:00,F,20~29,office,seoul,0,0,0,0,0,0,0,44,0,0,completed
42534,U2538,2025-09-07 11:35:00,2025-09-07 11:39:00,F,30~39,office,seoul,1,0,0,0,8,0,0,57,0,0,completed
42535,U2539,2025-04-29 14:19:00,2025-04-29 14:22:00,F,40~49,office,seoul,0,0,0,0,8,0,0,74,0,0,completed
42536,U2540,2025-05-04 13:30:00,2025-05-04 13:36:00,F,40~49,office,seoul,1,0,0,0,28,0,0,32,0,0,completed
42537,U2541,2025-02-22 12:49:00,2025-02-22 12:54:00,F,50+,office,seoul,1,0,0,0,28,0,0,48,0,1,completed
42538,U2542,2025-08-02 13:21:00,2025-08-02 13:24:00,F,30~39,office,seoul,1,0,0,0,8,0,0,40,0,0,completed
42539,U2543,2025-01-01 08:53:00,2025-01-01 08:55:00,M,20~29,office,seoul,0,0,0,0,11,0,0,48,0,0,completed
42540,U2544,2025-12-25 09:38:00,2025-12-25 09:41:00,F,40~49,office,seoul,0,0,0,0,23,0,0,68,0,0,completed
42541,U2545,2025-05-20 07:59:00,2025-05-20 08:06:00,F,20~29,office,seoul,0,0,0,0,2,0,0,54,0,0,completed
42542,U2546,2025-02-03 08:47:00,2025-02-03 08:49:00,F,20~29,office,seoul,0,0,0,0,0,0,0,41,0,0,completed
42543,U2547,2025-06-14 07:41:00,2025-06-14 07:44:00,F,30~39,office,seoul,1,0,0,0,12,0,0,61,0,0,completed
42544,U2548,2025-01-12 12:58:00,2025-01-12 13:03:00,F,40~49,office,seoul,1,0,0,0,24,0,0,47,0,0,completed
42545,U2549,2025-11-29 11:47:00,2025-11-29 11:51:00,F,40~49,office,seoul,1,0,0,0,11,0,0,75,0,0,completed
42546,U2550,2025-11-06 13:52:00,2025-11-06 13:57:00,F,20~29,office,seoul,0,0,0,0,7,0,0,27,0,0,timeout
42547,U2551,2025-02-06 11:57:00,2025-02-06 12:01:00,M,40~49,office,seoul,0,0,0,0,14,0,0,39,0,0,completed
42548,U2552,2025-12-20 08:36:00,2025-12-20 08:43:00,F,40~49,office,seoul,1,0,0,0,25,0,0,34,0,0,completed
42549,U2553,2025-11-12 14:46:00,2025-11-12 14:52:00,F,30~39,office,seoul,0,0,0,0,6,0,0,33,0,0,completed
42550,U2554,2025-10-06 07:57:00,2025-10-06 08:04:00,M,20~29,office,seoul,0,0,0,0,28,0,0,44,0,0,completed
42551,U2555,2025-09-29 12:50:00,2025-09-29 12:55:00,F,30~39,office,seoul,0,0,0,0,15,0,0,68,0,0,completed
42552,U2556,2025-05-30 09:53:00,2025-05-30 09:56:00,M,40~49,office,seoul,0,0,0,0,22,0,0,69,0,0,completed
42553,U2557,2025-12-26 15:15:00,2025-12-26 15:17:00,F,20~29,office,seoul,0,0,0,0,1,0,0,37,0,0,completed
42554,U2558,2025-08-19 14:03:00,2025-08-19 14:05:00,M,20~29,office,seoul,0,0,0,0,10,0,0,61,0,0,timeout
42555,U2559,2025-11-05 18:01:00,2025-11-05 18:08:00,M,30~39,office,seoul,0,0,0,0,19,0,0,29,0,0,completed
42556,U2560,2025-03-21 08:38:00,2025-03-21 08:40:00,F,50+,office,seoul,0,0,0,0,12,0,0,22,0,1,completed
42557,U2561,2025-04-12 12:01:00,2025-04-12 12:05:00,M,20~29,office,seoul,1,0,0,0,15,0,0,17,0,0,completed
42558,U2562,2025-08-14 12:05:00,2025-08-14 12:07:00,F,20~29,office,seoul,0,0,0,0,18,0,0,31,0,0,completed
42559,U2563,2025-03-30 15:27:00,2025-03-30 15:32:00,M,20~29,office,seoul,1,0,0,0,23,0,0,53,0,0,completed
42560,U2564,2025-01-08 17:55:00,2025-01-08 18:02:00,M,30~39,office,seoul,0,0,0,0,29,0,0,58,0,0,completed
42561,U2565,2025-04-07 09:45:00,2025-04-07 09:52:00,M,50+,office,seoul,0,0,0,0,23,0,0,52,0,0,completed
42562,U2566,2025-04-28 13:29:00,2025-04-28 13:32:00,F,20~29,office,seoul,0,0,0,0,12,0,0,31,0,0,completed
42563,U2567,2025-11-25 18:11:00,2025-11-25 18:16:00,F,40~49,office,seoul,0,0,0,0,5,0,0,12,0,0,completed
42564,U2568,2025-06-18 11:50:00,2025-06-18 11:53:00,F,20~29,office,seoul,0,0,0,0,22,0,0,27,0,0,completed
42565,U2569,2025-05-05 14:24:00,2025-05-05 14:28:00,F,50+,office,seoul,0,0,0,0,26,0,0,14,0,0,completed
42566,U2570,2025-11-01 08:27:00,2025-11-01 08:34:00,M,40~49,office,seoul,1,0,0,0,29,0,0,11,0,1,completed
42567,U2571,2025-09-09 13:22:00,2025-09-09 13:24:00,M,50+,office,seoul,0,0,0,0,2,0,0,43,0,0,completed
42568,U2572,2025-06-14 16:02:00,2025-06-14 16:07:00,F,30~39,office,seoul,1,0,0,0,24,0,0,18,0,0,completed
42569,U2573,2025-03-18 12:22:00,2025-03-18 12:29:00,F,30~39,office,seoul,0,0,0,0,3,0,0,23,0,0,completed
42570,U2574,2025-08-24 14:14:00,2025-08-24 14:21:00,M,30~39,office,seoul,1,0,0,0,17,0,0,72,0,0,completed
42571,U2575,2025-10-10 20:37:00,2025-10-10 20:40:00,M,40~49,office,seoul,0,0,0,0,0,0,0,42,0,0,abandoned
42572,U2576,2025-09-21 08:34:00,2025-09-21 08:40:00,F,40~49,office,seoul,1,0,0,0,4,0,0,37,0,0,completed
42573,U2577,2025-06-23 19:48:00,2025-06-23 19:51:00,F,30~39,office,seoul,0,0,0,0,23,0,0,55,0,0,abandoned
42574,U2578,2025-11-01 08:44:00,2025-11-01 08:47:00,F,20~29,office,seoul,1,0,0,0,2,0,0,65,0,0,completed
42575,U2579,2025-05-18 14:37:00,2025-05-18 14:40:00,F,20~29,office,seoul,1,0,0,0,26,0,0,64,0,0,completed
42576,U2580,2025-12-04 14:29:00,2025-12-04 14:36:00,F,20~29,office,seoul,0,0,0,0,25,0,0,68,0,0,completed
42577,U2581,2025-08-06 08:37:00,2025-08-06 08:41:00,M,20~29,office,seoul,0,0,0,0,6,0,0,56,0,0,completed
42578,U2582,2025-10-04 14:41:00,2025-10-04 14:45:00,M,40~49,office,seoul,1,0,0,0,12,0,0,50,0,0,completed
42579,U2583,2025-01-08 08:44:00,2025-01-08 08:51:00,F,30~39,office,seoul,0,0,0,0,0,0,0,38,0,0,completed
42580,U2584,2025-01-02 18:05:00,2025-01-02 18:11:00,F,40~49,office,seoul,0,0,0,0,10,0,0,42,0,0,completed
42581,U2585,2025-02-08 09:36:00,2025-02-08 09:40:00,M,20~29,office,seoul,1,0,0,0,4,0,0,37,0,0,completed
42582,U2586,2025-12-19 07:19:00,2025-12-19 07:26:00,F,30~39,office,seoul,0,0,0,0,4,0,0,49,0,0,completed
42583,U2587,2025-05-17 16:07:00,2025-05-17 16:13:00,M,50+,office,seoul,1,0,0,0,0,0,0,51,1,0,completed
42584,U2588,2025-04-30 12:18:00,2025-04-30 12:20:00,M,20~29,office,seoul,0,0,0,0,20,0,0,42,0,0,completed
42585,U2589,2025-10-11 16:56:00,2025-10-11 16:59:00,F,50+,office,seoul,1,0,0,0,3,0,0,61,0,0,completed
42586,U2590,2025-11-09 16:06:00,2025-11-09 16:08:00,F,50+,office,seoul,1,0,0,0,24,0,0,60,0,0,completed
42587,U2591,2025-05-23 13:53:00,2025-05-23 13:59:00,F,20~29,office,seoul,0,0,0,0,9,0,0,69,0,0,completed
42588,U2592,2025-06-25 17:14:00,2025-06-25 17:19:00,M,50+,office,seoul,0,0,0,0,11,0,0,74,0,0,completed
42589,U2593,2025-07-17 16:52:00,2025-07-17 16:54:00,F,20~29,office,seoul,0,0,0,0,29,0,0,11,0,0,completed
42590,U2594,2025-02-02 08:06:00,2025-02-02 08:10:00,F,30~39,office,seoul,1,0,0,0,26,0,0,22,0,0,completed
42591,U2595,2025-11-27 09:13:00,2025-11-27 09:16:00,M,30~39,office,seoul,0,0,0,0,9,0,0,74,0,0,completed
42592,U2596,2025-07-14 09:41:00,2025-07-14 09:46:00,F,30~39,office,seoul,0,0,0,0,28,0,0,17,0,0,completed
42593,U2597,2025-08-08 09:11:00,2025-08-08 09:14:00,F,40~49,office,seoul,0,0,0,0,20,0,0,51,0,0,completed
42594,U2598,2025-12-20 08:45:00,2025-12-20 08:50:00,F,30~39,office,seoul,1,0,0,0,17,0,0,16,0,0,abandoned
42595,U2599,2025-12-07 17:20:00,2025-12-07 17:25:00,F,30~39,office,seoul,1,0,0,0,4,0,0,35,0,0,completed
42596,U2600,2025-11-27 09:02:00,2025-11-27 09:05:00,F,20~29,office,seoul,0,0,0,0,6,0,0,65,0,0,completed
42597,U2601,2025-06-08 13:52:00,2025-06-08 13:59:00,F,50+,office,seoul,1,0,0,0,10,0,0,54,0,0,completed
42598,U2602,2025-02-09 17:44:00,2025-02-09 17:46:00,F,30~39,office,seoul,1,0,0,0,5,0,0,23,0,0,completed
42599,U2603,2025-05-24 14:03:00,2025-05-24 14:06:00,F,20~29,office,seoul,1,0,0,0,4,0,0,40,0,0,completed
42600,U2604,2025-01-07 08:55:00,2025-01-07 08:59:00,M,50+,office,seoul,0,0,0,0,29,0,0,46,0,0,completed
42601,U2605,2025-09-19 15:29:00,2025-09-19 15:35:00,F,20~29,office,seoul,0,0,0,0,23,0,0,53,0,0,timeout
42602,U2606,2025-11-08 15:20:00,2025-11-08 15:25:00,F,50+,office,seoul,1,0,0,0,18,0,0,68,0,0,completed
42603,U2607,2025-05-24 15:29:00,2025-05-24 15:31:00,M,40~49,office,seoul,1,0,0,0,12,0,0,77,0,0,completed
42604,U2608,2025-11-12 17:27:00,2025-11-12 17:31:00,M,20~29,office,seoul,0,0,0,0,11,0,0,24,1,0,completed
42605,U2609,2025-05-20 13:07:00,2025-05-20 13:11:00,F,40~49,office,seoul,0,0,0,0,22,0,0,53,1,0,completed
42606,U2610,2025-08-30 12:29:00,2025-08-30 12:36:00,F,30~39,office,seoul,1,0,0,0,0,0,0,55,0,0,timeout
42607,U2611,2025-09-18 12:00:00,2025-09-18 12:07:00,F,40~49,office,seoul,0,0,0,0,6,0,0,35,0,0,completed
42608,U2612,2025-10-19 09:26:00,2025-10-19 09:29:00,F,20~29,office,seoul,1,0,0,0,1,0,0,19,0,0,abandoned
42609,U2613,2025-09-29 13:52:00,2025-09-29 13:55:00,M,20~29,office,seoul,0,0,0,0,21,0,0,53,0,0,completed
42610,U2614,2025-08-10 16:20:00,2025-08-10 16:25:00,F,40~49,office,seoul,1,0,0,0,20,0,0,17,0,0,completed
42611,U2615,2025-02-15 12:49:00,2025-02-15 12:55:00,M,20~29,office,seoul,1,0,0,0,20,0,0,43,0,0,completed
42612,U2616,2025-02-03 12:45:00,2025-02-03 12:52:00,F,20~29,office,seoul,0,0,0,0,6,0,0,67,0,0,completed
42613,U2617,2025-04-12 20:43:00,2025-04-12 20:47:00,M,30~39,office,seoul,1,0,0,0,22,0,0,74,0,0,timeout
42614,U2618,2025-02-21 15:25:00,2025-02-21 15:32:00,F,30~39,office,seoul,0,0,0,0,9,0,0,69,0,0,completed
42615,U2619,2025-10-22 15:47:00,2025-10-22 15:50:00,F,20~29,office,seoul,0,0,0,0,8,0,0,11,0,0,completed
42616,U2620,2025-02-22 14:37:00,2025-02-22 14:39:00,M,20~29,office,seoul,1,0,0,0,25,0,0,68,0,0,completed
42617,U2621,2025-10-15 13:48:00,2025-10-15 13:53:00,M,40~49,office,seoul,0,0,0,0,23,0,0,39,0,0,completed
42618,U2622,2025-01-18 13:07:00,2025-01-18 13:10:00,F,20~29,office,seoul,1,0,0,0,16,0,0,45,0,0,completed
42619,U2623,2025-07-10 13:49:00,2025-07-10 13:54:00,M,50+,office,seoul,0,0,0,0,28,0,0,20,0,0,timeout
42620,U2624,2025-06-18 17:15:00,2025-06-18 17:18:00,M,20~29,office,seoul,0,0,0,0,28,0,0,28,0,0,completed
42621,U2625,2025-08-07 07:24:00,2025-08-07 07:29:00,F,30~39,office,seoul,0,0,0,0,3,0,0,71,0,0,completed
42622,U2626,2025-10-01 09:06:00,2025-10-01 09:12:00,M,50+,office,seoul,0,0,0,0,20,0,0,50,1,0,completed
42623,U2627,2025-04-28 11:54:00,2025-04-28 12:01:00,M,20~29,office,seoul,0,0,0,0,10,0,0,31,0,0,completed
42624,U2628,2025-12-26 12:21:00,2025-12-26 12:23:00,F,20~29,office,seoul,0,0,0,0,26,0,0,67,0,0,completed
42625,U2629,2025-10-29 07:20:00,2025-10-29 07:22:00,F,30~39,office,seoul,0,0,0,0,6,0,0,70,0,0,completed
42626,U2630,2025-08-15 16:50:00,2025-08-15 16:54:00,F,20~29,office,seoul,0,0,0,0,22,0,0,42,0,0,completed
42627,U2631,2025-03-02 13:15:00,2025-03-02 13:20:00,F,40~49,office,seoul,1,0,0,0,7,0,0,60,0,0,completed
42628,U2632,2025-05-20 18:01:00,2025-05-20 18:06:00,F,50+,office,seoul,0,0,0,0,16,0,0,48,0,1,completed
42629,U2633,2025-09-19 09:34:00,2025-09-19 09:41:00,F,20~29,office,seoul,0,0,0,0,3,0,0,43,0,0,completed
42630,U2634,2025-10-21 18:02:00,2025-10-21 18:08:00,M,30~39,office,seoul,0,0,0,0,1,0,0,42,0,0,abandoned
42631,U2635,2025-01-12 13:55:00,2025-01-12 13:58:00,F,20~29,office,seoul,1,0,0,0,0,0,0,77,0,0,completed
42632,U2636,2025-02-09 16:47:00,2025-02-09 16:54:00,F,40~49,office,seoul,1,0,0,0,6,0,0,12,0,0,completed
42633,U2637,2025-07-20 19:56:00,2025-07-20 20:02:00,F,20~29,office,seoul,1,0,0,0,18,0,0,11,0,0,completed
42634,U2638,2025-02-06 07:21:00,2025-02-06 07:27:00,F,40~49,office,seoul,0,0,0,0,12,0,0,29,0,0,completed
42635,U2639,2025-12-06 22:33:00,2025-12-06 22:39:00,M,30~39,office,seoul,1,0,0,0,29,0,0,38,0,0,abandoned
42636,U2640,2025-05-10 17:54:00,2025-05-10 18:01:00,F,30~39,office,seoul,1,0,0,0,2,0,0,72,0,0,completed
42637,U2641,2025-10-05 18:48:00,2025-10-05 18:51:00,F,50+,office,seoul,1,0,0,0,12,0,0,36,0,0,completed
42638,U2642,2025-03-03 12:13:00,2025-03-03 12:19:00,M,30~39,office,seoul,0,0,0,0,26,0,0,29,0,0,completed
42639,U2643,2025-04-22 17:46:00,2025-04-22 17:48:00,M,50+,office,seoul,0,0,0,0,13,0,0,61,0,0,completed
42640,U2644,2025-02-16 08:12:00,2025-02-16 08:19:00,F,30~39,office,seoul,1,0,0,0,13,0,0,76,0,0,completed
42641,U2645,2025-09-19 15:57:00,2025-09-19 16:01:00,M,30~39,office,seoul,0,0,0,0,29,0,0,63,0,0,completed
42642,U2646,2025-01-01 12:56:00,2025-01-01 13:03:00,F,40~49,office,seoul,0,0,0,0,24,0,0,53,0,0,completed
42643,U2647,2025-07-04 16:33:00,2025-07-04 16:36:00,F,30~39,office,seoul,0,0,0,0,9,0,0,25,0,0,completed
42644,U2648,2025-06-17 19:03:00,2025-06-17 19:10:00,M,20~29,office,seoul,0,0,0,0,4,0,0,62,0,0,completed
42645,U2649,2025-12-25 21:33:00,2025-12-25 21:36:00,F,50+,office,seoul,0,0,0,0,2,0,0,67,0,0,completed
42646,U2650,2025-09-17 18:27:00,2025-09-17 18:31:00,F,20~29,office,seoul,0,0,0,0,19,0,0,50,0,0,abandoned
42647,U2651,2025-12-29 16:11:00,2025-12-29 16:17:00,F,20~29,office,seoul,0,0,0,0,5,0,0,62,0,0,completed
42648,U2652,2025-08-05 18:59:00,2025-08-05 19:04:00,M,50+,office,seoul,0,0,0,0,19,0,0,50,0,0,completed
42649,U2653,2025-11-25 20:26:00,2025-11-25 20:33:00,M,20~29,office,seoul,0,0,0,0,6,0,0,11,0,0,completed
42650,U2654,2025-03-14 13:22:00,2025-03-14 13:28:00,F,40~49,office,seoul,0,0,0,0,18,0,0,17,0,0,completed
42651,U2655,2025-08-04 21:12:00,2025-08-04 21:16:00,F,50+,office,seoul,0,0,0,0,6,0,0,57,0,0,completed
42652,U2656,2025-12-01 16:56:00,2025-12-01 16:59:00,F,50+,office,seoul,0,0,0,0,29,0,0,22,0,0,completed
42653,U2657,2025-06-17 09:01:00,2025-06-17 09:07:00,M,50+,office,seoul,0,0,0,0,28,0,0,26,0,0,abandoned
42654,U2658,2025-04-19 16:14:00,2025-04-19 16:18:00,F,20~29,office,seoul,1,0,0,0,2,0,0,26,0,0,completed
42655,U2659,2025-11-11 12:48:00,2025-11-11 12:51:00,M,30~39,office,seoul,0,0,0,0,0,0,0,66,0,0,abandoned
42656,U2660,2025-09-10 18:54:00,2025-09-10 18:57:00,M,40~49,office,seoul,0,0,0,0,6,0,0,25,0,0,completed
42657,U2661,2025-07-21 16:59:00,2025-07-21 17:03:00,M,50+,office,seoul,0,0,0,0,28,0,0,29,0,0,completed
42658,U2662,2025-11-29 15:23:00,2025-11-29 15:29:00,M,50+,office,seoul,1,0,0,0,14,0,0,63,1,0,completed
42659,U2663,2025-10-20 08:31:00,2025-10-20 08:35:00,M,20~29,office,seoul,0,0,0,0,25,0,0,77,0,0,completed
42660,U2664,2025-08-06 18:42:00,2025-08-06 18:44:00,F,30~39,office,seoul,0,0,0,0,15,0,0,20,0,0,timeout
42661,U2665,2025-03-17 09:46:00,2025-03-17 09:52:00,F,50+,office,seoul,0,0,0,0,3,0,0,38,0,0,completed
42662,U2666,2025-09-25 21:53:00,2025-09-25 21:59:00,F,20~29,office,seoul,0,0,0,0,2,0,0,70,0,0,completed
42663,U2667,2025-12-19 15:25:00,2025-12-19 15:31:00,F,40~49,office,seoul,0,0,0,0,20,0,0,72,0,0,completed
42664,U2668,2025-04-24 20:17:00,2025-04-24 20:23:00,F,20~29,office,seoul,0,0,0,0,5,0,0,73,0,0,timeout
42665,U2669,2025-09-25 11:07:00,2025-09-25 11:12:00,F,30~39,office,seoul,0,0,0,0,27,0,0,33,0,0,completed
42666,U2670,2025-07-04 18:12:00,2025-07-04 18:17:00,M,40~49,office,seoul,0,0,0,0,9,0,0,60,0,0,completed
42667,U2671,2025-11-26 13:32:00,2025-11-26 13:38:00,F,40~49,office,seoul,0,0,0,0,26,0,0,13,0,0,completed
42668,U2672,2025-08-07 15:59:00,2025-08-07 16:04:00,F,20~29,office,seoul,0,0,0,0,10,0,0,22,0,0,timeout
42669,U2673,2025-11-18 15:37:00,2025-11-18 15:39:00,F,50+,office,seoul,0,0,0,0,6,0,0,67,0,1,completed
42670,U2674,2025-05-27 18:51:00,2025-05-27 18:58:00,M,20~29,office,seoul,0,0,0,0,20,0,0,31,0,0,completed
42671,U2675,2025-03-09 17:14:00,2025-03-09 17:20:00,M,20~29,office,seoul,1,0,0,0,6,0,0,54,0,0,completed
42672,U2676,2025-02-22 13:08:00,2025-02-22 13:14:00,F,20~29,office,seoul,1,0,0,0,20,0,0,22,0,0,completed
42673,U2677,2025-11-27 17:43:00,2025-11-27 17:49:00,F,40~49,office,seoul,0,0,0,0,6,0,0,57,0,0,completed
42674,U2678,2025-09-15 19:08:00,2025-09-15 19:15:00,F,40~49,office,seoul,0,0,0,0,8,0,0,19,0,0,completed
42675,U2679,2025-12-15 12:57:00,2025-12-15 13:04:00,F,50+,office,seoul,0,0,0,0,13,0,0,74,0,0,completed
42676,U2680,2025-04-03 15:09:00,2025-04-03 15:13:00,M,30~39,office,seoul,0,0,0,0,22,0,0,10,0,0,completed
42677,U2681,2025-12-07 07:10:00,2025-12-07 07:17:00,F,30~39,office,seoul,1,0,0,0,19,0,0,78,0,0,error
42678,U2682,2025-03-02 16:08:00,2025-03-02 16:11:00,M,20~29,office,seoul,1,0,0,0,28,0,0,55,0,0,completed
42679,U2683,2025-07-16 14:45:00,2025-07-16 14:49:00,M,30~39,office,seoul,0,0,0,0,17,0,0,41,0,0,completed
42680,U2684,2025-05-28 12:46:00,2025-05-28 12:49:00,F,20~29,office,seoul,0,0,0,0,16,0,0,62,0,0,completed
42681,U2685,2025-04-27 12:42:00,2025-04-27 12:45:00,F,30~39,office,seoul,1,0,0,0,26,0,0,32,0,0,completed
42682,U2686,2025-05-27 20:16:00,2025-05-27 20:20:00,M,40~49,office,seoul,0,0,0,0,16,0,0,17,0,0,completed
42683,U2687,2025-09-18 16:54:00,2025-09-18 16:57:00,F,20~29,office,seoul,0,0,0,0,24,0,0,17,0,0,completed
42684,U2688,2025-04-24 16:46:00,2025-04-24 16:50:00,M,30~39,office,seoul,0,0,0,0,21,0,0,33,0,1,timeout
42685,U2689,2025-08-28 12:46:00,2025-08-28 12:49:00,F,30~39,office,seoul,0,0,0,0,9,0,0,15,0,0,timeout
42686,U2690,2025-07-03 07:52:00,2025-07-03 07:57:00,M,20~29,office,seoul,0,0,0,0,14,0,0,49,0,0,completed
42687,U2691,2025-01-08 09:44:00,2025-01-08 09:50:00,F,30~39,office,seoul,0,0,0,0,19,0,0,43,0,0,completed
42688,U2692,2025-01-20 12:25:00,2025-01-20 12:28:00,M,40~49,office,seoul,0,0,0,0,21,0,0,26,0,0,completed
42689,U2693,2025-08-29 19:53:00,2025-08-29 19:56:00,F,50+,office,seoul,0,0,0,0,23,0,0,30,0,0,abandoned
42690,U2694,2025-05-30 12:26:00,2025-05-30 12:29:00,M,40~49,office,seoul,0,0,0,0,3,0,0,28,0,0,completed
42691,U2695,2025-06-28 09:00:00,2025-06-28 09:05:00,F,20~29,office,seoul,1,0,0,0,3,0,0,58,0,0,completed
42692,U2696,2025-12-05 11:00:00,2025-12-05 11:07:00,F,20~29,office,seoul,0,0,0,0,6,0,0,41,0,0,completed
42693,U2697,2025-05-15 13:46:00,2025-05-15 13:53:00,F,20~29,office,seoul,0,0,0,0,18,0,0,38,0,0,completed
42694,U2698,2025-02-14 13:57:00,2025-02-14 13:59:00,M,40~49,office,seoul,0,0,0,0,17,0,0,30,0,0,abandoned
42695,U2699,2025-01-27 15:27:00,2025-01-27 15:32:00,F,20~29,office,seoul,0,0,0,0,4,0,0,75,0,0,completed
42696,U2700,2025-01-29 15:20:00,2025-01-29 15:26:00,F,40~49,office,seoul,0,0,0,0,20,0,0,23,0,0,abandoned
42697,U2701,2025-12-28 08:53:00,2025-12-28 08:56:00,F,40~49,office,seoul,1,0,0,0,16,0,0,13,0,0,abandoned
42698,U2702,2025-01-17 09:42:00,2025-01-17 09:47:00,F,20~29,office,seoul,0,0,0,0,21,0,0,62,0,0,completed
42699,U2703,2025-12-22 09:21:00,2025-12-22 09:27:00,F,40~49,office,seoul,0,0,0,0,7,0,0,44,0,1,completed
42700,U2704,2025-07-31 07:19:00,2025-07-31 07:24:00,F,20~29,office,seoul,0,0,0,0,9,0,0,76,0,0,completed
42701,U2705,2025-04-01 12:01:00,2025-04-01 12:04:00,F,30~39,office,seoul,0,0,0,0,23,0,0,71,0,0,completed
42702,U2706,2025-12-07 22:15:00,2025-12-07 22:18:00,F,50+,office,seoul,1,0,0,0,25,0,0,51,0,0,completed
42703,U2707,2025-12-25 16:45:00,2025-12-25 16:50:00,M,30~39,office,seoul,0,0,0,0,29,0,0,71,0,0,completed
42704,U2708,2025-08-01 18:55:00,2025-08-01 19:00:00,M,30~39,office,seoul,0,0,0,0,24,0,0,65,0,1,completed
42705,U2709,2025-06-25 12:13:00,2025-06-25 12:18:00,F,20~29,office,seoul,0,0,0,0,21,0,0,11,0,0,completed
42706,U2710,2025-03-17 16:46:00,2025-03-17 16:50:00,M,50+,office,seoul,0,0,0,0,28,0,0,43,0,0,completed
42707,U2711,2025-11-24 17:03:00,2025-11-24 17:09:00,F,30~39,office,seoul,0,0,0,0,17,0,0,46,0,0,completed
42708,U2712,2025-02-16 13:04:00,2025-02-16 13:08:00,M,50+,office,seoul,1,0,0,0,20,0,0,33,0,0,completed
42709,U2713,2025-06-21 12:35:00,2025-06-21 12:39:00,F,30~39,office,seoul,1,0,0,0,18,0,0,23,0,0,completed
42710,U2714,2025-11-07 18:07:00,2025-11-07 18:14:00,F,20~29,office,seoul,0,0,0,0,7,0,0,67,0,0,completed
42711,U2715,2025-10-01 16:44:00,2025-10-01 16:49:00,F,20~29,office,seoul,0,0,0,0,7,0,0,15,0,0,completed
42712,U2716,2025-05-01 12:22:00,2025-05-01 12:29:00,M,20~29,office,seoul,0,0,0,0,2,0,0,21,0,0,completed
42713,U2717,2025-07-02 19:19:00,2025-07-02 19:23:00,F,30~39,office,seoul,0,0,0,0,19,0,0,71,0,0,completed
42714,U2718,2025-05-29 16:17:00,2025-05-29 16:23:00,M,30~39,office,seoul,0,0,0,0,12,0,0,11,0,0,completed
42715,U2719,2025-09-29 09:17:00,2025-09-29 09:20:00,F,30~39,office,seoul,0,0,0,0,27,0,0,18,0,0,completed
42716,U2720,2025-11-25 19:37:00,2025-11-25 19:40:00,F,30~39,office,seoul,0,0,0,0,17,0,0,43,0,0,completed
42717,U2721,2025-09-25 20:04:00,2025-09-25 20:06:00,M,40~49,office,seoul,0,0,0,0,16,0,0,60,0,1,completed
42718,U2722,2025-03-11 12:13:00,2025-03-11 12:20:00,F,30~39,office,seoul,0,0,0,0,22,0,0,43,0,0,completed
42719,U2723,2025-05-10 14:32:00,2025-05-10 14:35:00,F,40~49,office,seoul,1,0,0,0,21,0,0,66,0,0,completed
42720,U2724,2025-03-06 08:29:00,2025-03-06 08:33:00,M,30~39,office,seoul,0,0,0,0,0,0,0,28,0,0,completed
42721,U2725,2025-12-18 14:46:00,2025-12-18 14:48:00,F,50+,office,seoul,0,0,0,0,17,0,0,61,0,0,completed
42722,U2726,2025-01-31 09:29:00,2025-01-31 09:32:00,F,40~49,office,seoul,0,0,0,0,17,0,0,32,0,0,completed
42723,U2727,2025-10-27 09:20:00,2025-10-27 09:24:00,F,20~29,office,seoul,0,0,0,0,8,0,0,52,0,0,completed
42724,U2728,2025-03-25 17:50:00,2025-03-25 17:55:00,F,50+,office,seoul,0,0,0,0,6,0,0,16,0,0,completed
42725,U2729,2025-08-03 08:21:00,2025-08-03 08:26:00,F,50+,office,seoul,1,0,0,0,10,0,0,74,0,0,completed
42726,U2730,2025-09-16 09:17:00,2025-09-16 09:23:00,F,20~29,office,seoul,0,0,0,0,22,0,0,16,0,0,completed
42727,U2731,2025-04-13 09:22:00,2025-04-13 09:27:00,F,30~39,office,seoul,1,0,0,0,8,0,0,23,0,0,completed
42728,U2732,2025-05-27 09:39:00,2025-05-27 09:41:00,F,20~29,office,seoul,0,0,0,0,18,0,0,27,0,0,completed
42729,U2733,2025-12-31 09:58:00,2025-12-31 10:01:00,M,40~49,office,seoul,0,0,0,0,5,0,0,79,0,0,completed
42730,U2734,2025-02-27 16:37:00,2025-02-27 16:40:00,F,40~49,office,seoul,0,0,0,0,21,0,0,11,0,0,timeout
42731,U2735,2025-02-01 19:31:00,2025-02-01 19:33:00,M,30~39,office,seoul,1,0,0,0,23,0,0,39,0,0,completed
42732,U2736,2025-06-13 14:19:00,2025-06-13 14:24:00,M,50+,office,seoul,0,0,0,0,27,0,0,78,0,0,completed
42733,U2737,2025-07-07 15:42:00,2025-07-07 15:48:00,F,30~39,office,seoul,0,0,0,0,12,0,0,75,0,0,completed
42734,U2738,2025-07-19 16:18:00,2025-07-19 16:24:00,M,40~49,office,seoul,1,0,0,0,28,0,0,63,0,0,completed
42735,U2739,2025-02-16 14:32:00,2025-02-16 14:34:00,M,50+,office,seoul,1,0,0,0,2,0,0,56,0,0,completed
42736,U2740,2025-03-27 14:42:00,2025-03-27 14:47:00,M,20~29,office,seoul,0,0,0,0,18,0,0,42,0,0,completed
42737,U2741,2025-10-11 22:46:00,2025-10-11 22:53:00,M,40~49,office,seoul,1,0,0,0,7,0,0,45,0,0,completed
42738,U2742,2025-08-04 15:55:00,2025-08-04 16:02:00,F,20~29,office,seoul,0,0,0,0,18,0,0,11,0,0,completed
42739,U2743,2025-09-16 13:51:00,2025-09-16 13:54:00,F,50+,office,seoul,0,0,0,0,27,0,0,41,0,0,completed
42740,U2744,2025-06-08 17:03:00,2025-06-08 17:09:00,F,30~39,office,seoul,1,0,0,0,9,0,0,27,0,0,completed
42741,U2745,2025-04-16 18:56:00,2025-04-16 18:58:00,M,30~39,office,seoul,0,0,0,0,13,0,0,45,0,0,abandoned
42742,U2746,2025-02-02 18:26:00,2025-02-02 18:29:00,M,30~39,office,seoul,1,0,0,0,22,0,0,40,0,0,completed
42743,U2747,2025-08-28 20:52:00,2025-08-28 20:57:00,F,20~29,office,seoul,0,0,0,0,19,0,0,41,0,0,completed
42744,U2748,2025-06-05 11:54:00,2025-06-05 11:56:00,F,40~49,office,seoul,0,0,0,0,8,0,0,19,0,0,completed
42745,U2749,2025-02-04 14:01:00,2025-02-04 14:04:00,M,40~49,office,seoul,0,0,0,0,10,0,0,58,0,0,abandoned
42746,U2750,2025-01-07 14:44:00,2025-01-07 14:50:00,M,40~49,office,seoul,0,0,0,0,7,0,0,60,0,0,completed
42747,U2751,2025-11-30 08:05:00,2025-11-30 08:09:00,F,40~49,office,seoul,1,0,0,0,4,0,0,36,0,0,completed
42748,U2752,2025-09-29 17:43:00,2025-09-29 17:50:00,M,50+,office,seoul,0,0,0,0,16,0,0,45,0,0,completed
42749,U2753,2025-10-15 20:19:00,2025-10-15 20:23:00,M,20~29,office,seoul,0,0,0,0,10,0,0,62,0,0,completed
42750,U2754,2025-01-11 19:23:00,2025-01-11 19:28:00,M,30~39,office,seoul,1,0,0,0,7,0,0,13,0,0,completed
42751,U2755,2025-05-13 22:36:00,2025-05-13 22:43:00,F,30~39,office,seoul,0,0,0,0,7,0,0,40,0,0,completed
42752,U2756,2025-10-13 22:44:00,2025-10-13 22:51:00,M,40~49,office,seoul,0,0,0,0,12,0,0,31,0,0,completed
42753,U2757,2025-09-06 08:50:00,2025-09-06 08:54:00,F,30~39,office,seoul,1,0,0,0,28,0,0,60,0,0,completed
42754,U2758,2025-07-20 13:11:00,2025-07-20 13:14:00,M,20~29,office,seoul,1,0,0,0,15,0,0,11,0,0,completed
42755,U2759,2025-09-28 16:25:00,2025-09-28 16:28:00,F,30~39,office,seoul,1,0,0,0,23,0,0,30,0,0,completed
42756,U2760,2025-12-29 18:16:00,2025-12-29 18:23:00,M,30~39,office,seoul,0,0,0,0,27,0,0,59,0,0,completed
42757,U2761,2025-08-17 12:19:00,2025-08-17 12:26:00,M,20~29,office,seoul,1,0,0,0,19,0,0,43,0,0,completed
42758,U2762,2025-10-19 14:29:00,2025-10-19 14:34:00,M,40~49,office,seoul,1,0,0,0,28,0,0,51,0,0,completed
42759,U2763,2025-03-31 14:00:00,2025-03-31 14:06:00,M,20~29,office,seoul,0,0,0,0,23,0,0,74,0,0,completed
42760,U2764,2025-05-30 14:46:00,2025-05-30 14:51:00,F,20~29,office,seoul,0,0,0,0,2,0,0,37,0,0,completed
42761,U2765,2025-07-21 08:46:00,2025-07-21 08:53:00,M,20~29,office,seoul,0,0,0,0,25,0,0,42,0,0,completed
42762,U2766,2025-11-16 19:59:00,2025-11-16 20:01:00,F,20~29,office,seoul,1,0,0,0,19,0,0,54,0,0,completed
42763,U2767,2025-11-27 14:34:00,2025-11-27 14:38:00,F,50+,office,seoul,0,0,0,0,22,0,0,20,0,0,completed
42764,U2768,2025-10-17 17:39:00,2025-10-17 17:44:00,M,30~39,office,seoul,0,0,0,0,12,0,0,26,0,0,error
42765,U2769,2025-11-27 13:58:00,2025-11-27 14:00:00,M,30~39,office,seoul,0,0,0,0,23,0,0,17,0,0,completed
42766,U2770,2025-08-28 07:40:00,2025-08-28 07:45:00,M,30~39,office,seoul,0,0,0,0,9,0,0,31,0,0,abandoned
42767,U2771,2025-09-30 12:53:00,2025-09-30 12:55:00,F,30~39,office,seoul,0,0,0,0,4,0,0,54,0,0,completed
42768,U2772,2025-05-09 14:27:00,2025-05-09 14:34:00,M,20~29,office,seoul,0,0,0,0,20,0,0,58,0,0,timeout
42769,U2773,2025-08-21 15:33:00,2025-08-21 15:37:00,M,20~29,office,seoul,0,0,0,0,26,0,0,63,0,0,completed
42770,U2774,2025-07-30 17:00:00,2025-07-30 17:07:00,M,30~39,office,seoul,0,0,0,0,25,0,0,37,0,0,completed
42771,U2775,2025-12-07 16:03:00,2025-12-07 16:08:00,F,50+,office,seoul,1,0,0,0,26,0,0,32,0,1,error
42772,U2776,2025-12-05 14:30:00,2025-12-05 14:33:00,F,30~39,office,seoul,0,0,0,0,28,0,0,67,0,0,completed
42773,U2777,2025-12-27 15:44:00,2025-12-27 15:49:00,F,20~29,office,seoul,1,0,0,0,19,0,0,42,0,0,timeout
42774,U2778,2025-08-05 12:25:00,2025-08-05 12:28:00,M,20~29,office,seoul,0,0,0,0,25,0,0,33,0,0,completed
42775,U2779,2025-05-11 20:33:00,2025-05-11 20:38:00,F,20~29,office,seoul,1,0,0,0,1,0,0,10,0,0,completed
42776,U2780,2025-10-29 16:04:00,2025-10-29 16:07:00,F,40~49,office,seoul,0,0,0,0,4,0,0,77,0,0,completed
42777,U2781,2025-05-16 13:00:00,2025-05-16 13:06:00,F,30~39,office,seoul,0,0,0,0,1,0,0,58,0,0,completed
42778,U2782,2025-11-06 12:30:00,2025-11-06 12:35:00,F,50+,office,seoul,0,0,0,0,4,0,0,78,0,1,completed
42779,U2783,2025-10-12 08:49:00,2025-10-12 08:54:00,M,30~39,office,seoul,1,0,0,0,29,0,0,37,0,0,completed
42780,U2784,2025-03-29 09:17:00,2025-03-29 09:21:00,M,40~49,office,seoul,1,0,0,0,5,0,0,60,0,0,completed
42781,U2785,2025-04-23 15:00:00,2025-04-23 15:02:00,F,30~39,office,seoul,0,0,0,0,12,0,0,68,0,0,completed
42782,U2786,2025-12-26 16:56:00,2025-12-26 16:58:00,F,30~39,office,seoul,0,0,0,0,26,0,0,14,0,0,completed
42783,U2787,2025-01-24 16:06:00,2025-01-24 16:12:00,M,50+,office,seoul,0,0,0,0,13,0,0,64,0,0,completed
42784,U2788,2025-04-13 17:17:00,2025-04-13 17:23:00,F,50+,office,seoul,1,0,0,0,19,0,0,34,0,0,completed
42785,U2789,2025-05-23 08:30:00,2025-05-23 08:32:00,M,20~29,office,seoul,0,0,0,0,2,0,0,14,0,0,completed
42786,U2790,2025-10-25 09:43:00,2025-10-25 09:45:00,F,20~29,office,seoul,1,0,0,0,1,0,0,35,0,0,completed
42787,U2791,2025-04-15 17:02:00,2025-04-15 17:05:00,F,20~29,office,seoul,0,0,0,0,25,0,0,54,0,0,completed
42788,U2792,2025-02-05 14:10:00,2025-02-05 14:17:00,F,30~39,office,seoul,0,0,0,0,26,0,0,10,0,0,completed
42789,U2793,2025-06-02 13:53:00,2025-06-02 13:59:00,M,20~29,office,seoul,0,0,0,0,15,0,0,79,0,0,timeout
42790,U2794,2025-11-09 08:03:00,2025-11-09 08:09:00,F,40~49,office,seoul,1,0,0,0,16,0,0,44,0,0,completed
42791,U2795,2025-11-26 17:37:00,2025-11-26 17:41:00,F,50+,office,seoul,0,0,0,0,15,0,0,35,0,0,completed
42792,U2796,2025-12-26 15:46:00,2025-12-26 15:51:00,M,40~49,office,seoul,0,0,0,0,29,0,0,66,0,0,completed
42793,U2797,2025-04-26 14:41:00,2025-04-26 14:47:00,F,50+,office,seoul,1,0,0,0,0,0,0,79,0,1,completed
42794,U2798,2025-05-03 20:27:00,2025-05-03 20:34:00,F,40~49,office,seoul,1,0,0,0,19,0,0,56,0,0,completed
42795,U2799,2025-08-16 17:00:00,2025-08-16 17:02:00,M,20~29,office,seoul,1,0,0,0,3,0,0,61,0,0,completed
42796,U2800,2025-01-03 18:53:00,2025-01-03 18:56:00,F,30~39,office,seoul,0,0,0,0,11,0,0,15,0,0,completed
42797,U2801,2025-11-14 07:41:00,2025-11-14 07:44:00,F,20~29,office,seoul,0,0,0,0,11,0,0,12,0,0,completed
42798,U2802,2025-03-17 12:57:00,2025-03-17 12:59:00,M,20~29,office,seoul,0,0,0,0,25,0,0,15,0,0,completed
42799,U2803,2025-11-20 18:37:00,2025-11-20 18:39:00,F,50+,office,seoul,0,0,0,0,2,0,0,49,1,0,completed
42800,U2804,2025-03-28 17:01:00,2025-03-28 17:05:00,F,20~29,office,seoul,0,0,0,0,3,0,0,12,0,0,completed
42801,U2805,2025-07-11 13:42:00,2025-07-11 13:44:00,M,30~39,office,seoul,0,0,0,0,12,0,0,39,0,0,completed
42802,U2806,2025-07-24 11:02:00,2025-07-24 11:04:00,F,20~29,office,seoul,0,0,0,0,15,0,0,79,0,0,completed
42803,U2807,2025-07-27 16:42:00,2025-07-27 16:46:00,F,20~29,office,seoul,1,0,0,0,19,0,0,21,0,0,completed
42804,U2808,2025-09-16 16:43:00,2025-09-16 16:47:00,F,20~29,office,seoul,0,0,0,0,5,0,0,42,0,0,completed
42805,U2809,2025-03-13 13:30:00,2025-03-13 13:32:00,M,30~39,office,seoul,0,0,0,0,27,0,0,33,0,0,timeout
42806,U2810,2025-09-10 18:13:00,2025-09-10 18:16:00,M,40~49,office,seoul,0,0,0,0,10,0,0,72,0,0,abandoned
42807,U2811,2025-08-20 14:42:00,2025-08-20 14:47:00,F,40~49,office,seoul,0,0,0,0,10,0,0,16,0,0,completed
42808,U2812,2025-07-15 13:12:00,2025-07-15 13:14:00,F,40~49,office,seoul,0,0,0,0,11,0,0,33,0,0,completed
42809,U2813,2025-04-13 15:21:00,2025-04-13 15:25:00,F,20~29,office,seoul,1,0,0,0,19,0,0,57,0,0,completed
42810,U2814,2025-11-02 17:07:00,2025-11-02 17:11:00,F,20~29,office,seoul,1,0,0,0,19,0,0,11,0,0,completed
42811,U2815,2025-08-28 22:21:00,2025-08-28 22:23:00,F,30~39,office,seoul,0,0,0,0,29,0,0,43,0,0,completed
42812,U2816,2025-06-22 12:17:00,2025-06-22 12:19:00,F,30~39,office,seoul,1,0,0,0,5,0,0,76,0,0,completed
42813,U2817,2025-06-13 14:57:00,2025-06-13 14:59:00,F,30~39,office,seoul,0,0,0,0,14,0,0,14,0,0,completed
42814,U2818,2025-03-19 21:01:00,2025-03-19 21:08:00,M,20~29,office,seoul,0,0,0,0,4,0,0,61,0,0,completed
42815,U2819,2025-02-13 13:15:00,2025-02-13 13:17:00,F,30~39,office,seoul,0,0,0,0,28,0,0,59,0,0,completed
42816,U2820,2025-11-13 13:42:00,2025-11-13 13:44:00,F,30~39,office,seoul,0,0,0,0,3,0,0,52,0,0,completed
42817,U2821,2025-10-04 13:26:00,2025-10-04 13:29:00,F,30~39,office,seoul,1,0,0,0,6,0,0,27,0,0,completed
42818,U2822,2025-01-08 22:28:00,2025-01-08 22:35:00,F,20~29,office,seoul,0,0,0,0,22,0,0,64,0,0,completed
42819,U2823,2025-11-21 13:13:00,2025-11-21 13:17:00,F,30~39,office,seoul,0,0,0,0,24,0,0,51,0,0,completed
42820,U2824,2025-03-23 14:47:00,2025-03-23 14:54:00,F,20~29,office,seoul,1,0,0,0,24,0,0,79,0,0,abandoned
42821,U2825,2025-12-03 15:03:00,2025-12-03 15:05:00,M,20~29,office,seoul,0,0,0,0,12,0,0,28,0,0,completed
42822,U2826,2025-09-08 08:20:00,2025-09-08 08:23:00,F,40~49,office,seoul,0,0,0,0,26,0,0,45,0,0,completed
42823,U2827,2025-06-28 13:20:00,2025-06-28 13:27:00,F,20~29,office,seoul,1,0,0,0,14,0,0,52,0,0,completed
42824,U2828,2025-12-25 12:07:00,2025-12-25 12:13:00,M,30~39,office,seoul,0,0,0,0,18,0,0,44,0,0,completed
42825,U2829,2025-12-08 14:08:00,2025-12-08 14:12:00,M,40~49,office,seoul,0,0,0,0,0,0,0,64,0,0,completed
42826,U2830,2025-08-29 15:30:00,2025-08-29 15:37:00,M,30~39,office,seoul,0,0,0,0,9,0,0,18,0,0,completed
42827,U2831,2025-09-18 17:05:00,2025-09-18 17:07:00,M,30~39,office,seoul,0,0,0,0,21,0,0,16,0,0,completed
42828,U2832,2025-04-20 15:37:00,2025-04-20 15:43:00,F,40~49,office,seoul,1,0,0,0,28,0,0,79,0,0,completed
42829,U2833,2025-02-03 11:49:00,2025-02-03 11:51:00,M,50+,office,seoul,0,0,0,0,19,0,0,67,0,0,completed
42830,U2834,2025-04-02 15:12:00,2025-04-02 15:17:00,M,40~49,office,seoul,0,0,0,0,9,0,0,52,0,0,completed
42831,U2835,2025-12-28 07:23:00,2025-12-28 07:30:00,F,30~39,office,seoul,1,0,0,0,15,0,0,47,0,0,completed
42832,U2836,2025-03-17 12:15:00,2025-03-17 12:17:00,F,40~49,office,seoul,0,0,0,0,4,0,0,70,0,0,abandoned
42833,U2837,2025-08-18 16:08:00,2025-08-18 16:11:00,M,30~39,office,seoul,0,0,0,0,25,0,0,18,0,0,completed
42834,U2838,2025-03-22 18:28:00,2025-03-22 18:31:00,M,50+,office,seoul,1,0,0,0,13,0,0,58,1,1,completed
42835,U2839,2025-12-02 16:05:00,2025-12-02 16:09:00,M,30~39,office,seoul,0,0,0,0,13,0,0,78,0,0,completed
42836,U2840,2025-04-24 18:34:00,2025-04-24 18:41:00,F,30~39,office,seoul,0,0,0,0,19,0,0,25,0,0,completed
42837,U2841,2025-02-24 07:32:00,2025-02-24 07:34:00,M,20~29,office,seoul,0,0,0,0,15,0,0,27,0,0,completed
42838,U2842,2025-12-28 13:46:00,2025-12-28 13:48:00,F,30~39,office,seoul,1,0,0,0,14,0,0,14,0,0,abandoned
42839,U2843,2025-05-26 19:52:00,2025-05-26 19:56:00,M,20~29,office,seoul,0,0,0,0,2,0,0,51,0,0,completed
42840,U2844,2025-09-25 09:16:00,2025-09-25 09:22:00,F,50+,office,seoul,0,0,0,0,29,0,0,50,0,0,completed
42841,U2845,2025-10-22 18:52:00,2025-10-22 18:55:00,F,40~49,office,seoul,0,0,0,0,12,0,0,33,0,0,completed
42842,U2846,2025-06-17 13:54:00,2025-06-17 13:58:00,M,40~49,office,seoul,0,0,0,0,15,0,0,13,0,0,completed
42843,U2847,2025-04-01 12:40:00,2025-04-01 12:44:00,F,20~29,office,seoul,0,0,0,0,3,0,0,50,0,0,completed
42844,U2848,2025-04-03 15:10:00,2025-04-03 15:17:00,M,20~29,office,seoul,0,0,0,0,12,0,0,11,0,0,abandoned
42845,U2849,2025-08-27 15:59:00,2025-08-27 16:03:00,F,20~29,office,seoul,0,0,0,0,13,0,0,41,0,0,completed
42846,U2850,2025-04-09 13:07:00,2025-04-09 13:14:00,M,30~39,office,seoul,0,0,0,0,29,0,0,61,0,0,completed
42847,U2851,2025-10-28 15:46:00,2025-10-28 15:53:00,F,40~49,office,seoul,0,0,0,0,8,0,0,42,0,0,completed
42848,U2852,2025-08-28 15:51:00,2025-08-28 15:55:00,F,30~39,office,seoul,0,0,0,0,23,0,0,56,0,0,timeout
42849,U2853,2025-04-17 15:03:00,2025-04-17 15:10:00,M,20~29,office,seoul,0,0,0,0,1,0,0,76,0,0,completed
42850,U2854,2025-09-23 12:19:00,2025-09-23 12:26:00,F,40~49,office,seoul,0,0,0,0,1,0,0,12,0,0,completed
42851,U2855,2025-08-23 08:06:00,2025-08-23 08:11:00,F,40~49,office,seoul,1,0,0,0,0,0,0,77,0,0,timeout
42852,U2856,2025-07-26 16:13:00,2025-07-26 16:16:00,M,50+,office,seoul,1,0,0,0,9,0,0,74,1,0,abandoned
42853,U2857,2025-07-13 07:27:00,2025-07-13 07:30:00,F,40~49,office,seoul,1,0,0,0,9,0,0,33,0,0,completed
42854,U2858,2025-07-20 14:07:00,2025-07-20 14:13:00,M,50+,office,seoul,1,0,0,0,27,0,0,59,0,0,abandoned
42855,U2859,2025-11-06 09:01:00,2025-11-06 09:08:00,F,30~39,office,seoul,0,0,0,0,13,0,0,13,0,0,completed
42856,U2860,2025-11-15 21:45:00,2025-11-15 21:51:00,M,30~39,office,seoul,1,0,0,0,2,0,0,48,0,0,completed
42857,U2861,2025-03-17 08:16:00,2025-03-17 08:21:00,F,30~39,office,seoul,0,0,0,0,23,0,0,23,0,0,completed
42858,U2862,2025-08-18 13:12:00,2025-08-18 13:14:00,F,20~29,office,seoul,0,0,0,0,8,0,0,45,0,0,timeout
42859,U2863,2025-12-11 09:33:00,2025-12-11 09:35:00,M,20~29,office,seoul,0,0,0,0,7,0,0,72,0,0,completed
42860,U2864,2025-09-07 18:53:00,2025-09-07 18:55:00,F,30~39,office,seoul,1,0,0,0,14,0,0,16,0,0,completed
42861,U2865,2025-03-02 17:28:00,2025-03-02 17:35:00,F,30~39,office,seoul,1,0,0,0,5,0,0,40,0,0,error
42862,U2866,2025-05-19 17:39:00,2025-05-19 17:44:00,F,20~29,office,seoul,0,0,0,0,21,0,0,50,0,0,completed
42863,U2867,2025-05-27 19:22:00,2025-05-27 19:28:00,F,50+,office,seoul,0,0,0,0,0,0,0,63,0,0,completed
42864,U2868,2025-04-09 07:43:00,2025-04-09 07:48:00,F,50+,office,seoul,0,0,0,0,18,0,0,67,0,0,completed
42865,U2869,2025-08-27 11:44:00,2025-08-27 11:50:00,F,20~29,office,seoul,0,0,0,0,19,0,0,16,0,0,error
42866,U2870,2025-11-08 11:28:00,2025-11-08 11:34:00,M,30~39,office,seoul,1,0,0,0,14,0,0,15,0,0,error
42867,U2871,2025-12-25 12:04:00,2025-12-25 12:06:00,F,50+,office,seoul,0,0,0,0,19,0,0,43,0,0,completed
42868,U2872,2025-06-01 13:37:00,2025-06-01 13:42:00,F,50+,office,seoul,1,0,0,0,9,0,0,79,0,0,completed
42869,U2873,2025-10-21 15:16:00,2025-10-21 15:23:00,M,40~49,office,seoul,0,0,0,0,25,0,0,11,0,0,completed
42870,U2874,2025-06-03 16:23:00,2025-06-03 16:28:00,M,20~29,office,seoul,0,0,0,0,14,0,0,46,0,0,completed
42871,U2875,2025-09-12 12:14:00,2025-09-12 12:18:00,M,20~29,office,seoul,0,0,0,0,22,0,0,36,0,0,completed
42872,U2876,2025-01-02 11:04:00,2025-01-02 11:07:00,F,50+,office,seoul,0,0,0,0,24,0,0,76,0,0,completed
42873,U2877,2025-07-18 12:38:00,2025-07-18 12:43:00,F,20~29,office,seoul,0,0,0,0,28,0,0,59,0,0,completed
42874,U2878,2025-05-06 14:44:00,2025-05-06 14:47:00,F,40~49,office,seoul,0,0,0,0,15,0,0,14,0,0,completed
42875,U2879,2025-02-03 13:28:00,2025-02-03 13:35:00,M,20~29,office,seoul,0,0,0,0,8,0,0,46,0,0,completed
42876,U2880,2025-08-20 12:57:00,2025-08-20 13:03:00,F,30~39,office,seoul,0,0,0,0,27,0,0,51,0,0,completed
42877,U2881,2025-12-06 14:55:00,2025-12-06 15:00:00,F,40~49,office,seoul,1,0,0,0,24,0,0,62,0,0,completed
42878,U2882,2025-05-17 18:54:00,2025-05-17 18:56:00,M,30~39,office,seoul,1,0,0,0,11,0,0,25,0,0,abandoned
42879,U2883,2025-11-08 20:33:00,2025-11-08 20:36:00,F,50+,office,seoul,1,0,0,0,24,0,0,23,0,0,timeout
42880,U2884,2025-03-10 11:42:00,2025-03-10 11:49:00,F,40~49,office,seoul,0,0,0,0,8,0,0,12,0,0,completed
42881,U2885,2025-06-13 12:26:00,2025-06-13 12:29:00,F,20~29,office,seoul,0,0,0,0,25,0,0,44,0,0,completed
42882,U2886,2025-05-29 13:19:00,2025-05-29 13:22:00,F,40~49,office,seoul,0,0,0,0,14,0,0,16,0,0,completed
42883,U2887,2025-09-20 11:39:00,2025-09-20 11:43:00,F,50+,office,seoul,1,0,0,0,0,0,0,37,0,0,completed
42884,U2888,2025-12-21 09:12:00,2025-12-21 09:17:00,F,30~39,office,seoul,1,0,0,0,7,0,0,78,0,0,completed
42885,U2889,2025-08-14 18:42:00,2025-08-14 18:44:00,M,20~29,office,seoul,0,0,0,0,27,0,0,68,0,0,completed
42886,U2890,2025-10-09 12:06:00,2025-10-09 12:13:00,F,20~29,office,seoul,0,0,0,0,10,0,0,35,0,0,completed
42887,U2891,2025-02-04 19:09:00,2025-02-04 19:13:00,F,40~49,office,seoul,0,0,0,0,6,0,0,25,0,0,abandoned
42888,U2892,2025-12-27 12:57:00,2025-12-27 13:04:00,F,50+,office,seoul,1,0,0,0,4,0,0,27,0,0,completed
42889,U2893,2025-06-15 12:37:00,2025-06-15 12:43:00,F,30~39,office,seoul,1,0,0,0,13,0,0,78,0,0,completed
42890,U2894,2025-09-12 13:27:00,2025-09-12 13:31:00,F,30~39,office,seoul,0,0,0,0,3,0,0,28,0,0,completed
42891,U2895,2025-08-18 15:08:00,2025-08-18 15:12:00,F,40~49,office,seoul,0,0,0,0,8,0,0,68,1,0,timeout
42892,U2896,2025-03-22 18:42:00,2025-03-22 18:49:00,F,20~29,office,seoul,1,0,0,0,21,0,0,17,0,0,abandoned
42893,U2897,2025-03-04 16:41:00,2025-03-04 16:48:00,F,40~49,office,seoul,0,0,0,0,12,0,0,15,0,0,completed
42894,U2898,2025-02-19 09:52:00,2025-02-19 09:59:00,F,30~39,office,seoul,0,0,0,0,2,0,0,24,0,0,completed
42895,U2899,2025-11-29 12:56:00,2025-11-29 13:03:00,M,20~29,office,seoul,1,0,0,0,23,0,0,33,0,0,completed
42896,U2900,2025-07-05 13:59:00,2025-07-05 14:04:00,M,50+,office,seoul,1,0,0,0,4,0,0,38,0,1,completed
42897,U2901,2025-08-02 12:40:00,2025-08-02 12:46:00,F,50+,office,seoul,1,0,0,0,12,0,0,36,0,0,completed
42898,U2902,2025-04-30 18:39:00,2025-04-30 18:41:00,F,30~39,office,seoul,0,0,0,0,0,0,0,32,0,0,completed
42899,U2903,2025-11-04 12:02:00,2025-11-04 12:05:00,F,30~39,office,seoul,0,0,0,0,22,0,0,44,0,0,completed
42900,U2904,2025-04-21 09:02:00,2025-04-21 09:04:00,F,30~39,office,seoul,0,0,0,0,7,0,0,39,0,0,abandoned
42901,U2905,2025-03-25 17:35:00,2025-03-25 17:38:00,F,40~49,office,seoul,0,0,0,0,22,0,0,38,0,0,completed
42902,U2906,2025-02-10 15:07:00,2025-02-10 15:10:00,F,20~29,office,seoul,0,0,0,0,23,0,0,72,0,0,completed
42903,U2907,2025-07-06 14:52:00,2025-07-06 14:55:00,F,20~29,office,seoul,1,0,0,0,17,0,0,50,0,0,completed
42904,U2908,2025-06-03 14:31:00,2025-06-03 14:35:00,M,50+,office,seoul,0,0,0,0,24,0,0,78,0,0,completed
42905,U2909,2025-09-22 08:59:00,2025-09-22 09:05:00,F,50+,office,seoul,0,0,0,0,3,0,0,24,0,0,completed
42906,U2910,2025-02-28 13:07:00,2025-02-28 13:12:00,F,40~49,office,seoul,0,0,0,0,21,0,0,21,0,0,timeout
42907,U2911,2025-02-28 19:44:00,2025-02-28 19:51:00,F,50+,office,seoul,0,0,0,0,9,0,0,75,0,0,abandoned
42908,U2912,2025-07-07 09:14:00,2025-07-07 09:21:00,F,50+,office,seoul,0,0,0,0,25,0,0,60,0,0,completed
42909,U2913,2025-03-25 12:57:00,2025-03-25 13:04:00,F,20~29,office,seoul,0,0,0,0,9,0,0,58,0,0,completed
42910,U2914,2025-04-03 16:31:00,2025-04-03 16:38:00,F,40~49,office,seoul,0,0,0,0,6,0,0,12,0,0,completed
42911,U2915,2025-03-06 12:51:00,2025-03-06 12:56:00,F,20~29,office,seoul,0,0,0,0,19,0,0,67,0,0,completed
42912,U2916,2025-10-03 16:05:00,2025-10-03 16:09:00,M,30~39,office,seoul,0,0,0,0,22,0,0,49,0,0,completed
42913,U2917,2025-08-08 16:11:00,2025-08-08 16:15:00,M,30~39,office,seoul,0,0,0,0,0,0,0,24,0,0,completed
42914,U2918,2025-05-26 09:34:00,2025-05-26 09:41:00,M,50+,office,seoul,0,0,0,0,7,0,0,71,0,0,completed
42915,U2919,2025-05-14 11:16:00,2025-05-14 11:22:00,M,20~29,office,seoul,0,0,0,0,25,0,0,33,0,0,abandoned
42916,U2920,2025-07-11 07:02:00,2025-07-11 07:07:00,F,20~29,office,seoul,0,0,0,0,20,0,0,44,0,0,completed
42917,U2921,2025-08-14 16:02:00,2025-08-14 16:04:00,F,20~29,office,seoul,0,0,0,0,27,0,0,67,0,0,abandoned
42918,U2922,2025-02-22 07:22:00,2025-02-22 07:29:00,F,50+,office,seoul,1,0,0,0,5,0,0,13,0,0,completed
42919,U2923,2025-05-31 22:39:00,2025-05-31 22:42:00,F,20~29,office,seoul,1,0,0,0,24,0,0,10,0,0,completed
42920,U2924,2025-02-18 09:55:00,2025-02-18 10:01:00,F,30~39,office,seoul,0,0,0,0,28,0,0,39,1,0,completed
42921,U2925,2025-08-09 16:51:00,2025-08-09 16:54:00,F,50+,office,seoul,1,0,0,0,27,0,0,60,0,0,completed
42922,U2926,2025-04-11 09:03:00,2025-04-11 09:05:00,F,40~49,office,seoul,0,0,0,0,0,0,0,11,0,0,completed
42923,U2927,2025-05-17 12:02:00,2025-05-17 12:07:00,M,30~39,office,seoul,1,0,0,0,19,0,0,10,0,0,completed
42924,U2928,2025-12-16 18:06:00,2025-12-16 18:12:00,F,30~39,office,seoul,0,0,0,0,25,0,0,46,0,0,error
42925,U2929,2025-07-04 19:27:00,2025-07-04 19:33:00,F,30~39,office,seoul,0,0,0,0,17,0,0,69,0,0,timeout
42926,U2930,2025-06-13 17:43:00,2025-06-13 17:47:00,F,50+,office,seoul,0,0,0,0,27,0,0,19,0,0,error
42927,U2931,2025-07-08 14:23:00,2025-07-08 14:26:00,M,30~39,office,seoul,0,0,0,0,22,0,0,25,0,0,completed
42928,U2932,2025-08-07 09:04:00,2025-08-07 09:10:00,M,20~29,office,seoul,0,0,0,0,17,0,0,64,0,0,completed
42929,U2933,2025-04-22 13:34:00,2025-04-22 13:39:00,M,50+,office,seoul,0,0,0,0,18,0,0,48,0,0,completed
42930,U2934,2025-08-22 08:47:00,2025-08-22 08:51:00,F,50+,office,seoul,0,0,0,0,21,0,0,59,0,0,completed
42931,U2935,2025-04-10 15:56:00,2025-04-10 16:03:00,F,30~39,office,seoul,0,0,0,0,27,0,0,31,0,0,completed
42932,U2936,2025-08-28 17:59:00,2025-08-28 18:04:00,F,30~39,office,seoul,0,0,0,0,17,0,0,39,0,0,completed
42933,U2937,2025-11-08 13:40:00,2025-11-08 13:43:00,M,20~29,office,seoul,1,0,0,0,12,0,0,75,0,0,completed
42934,U2938,2025-02-21 07:35:00,2025-02-21 07:39:00,F,40~49,office,seoul,0,0,0,0,23,0,0,56,0,0,abandoned
42935,U2939,2025-07-24 13:57:00,2025-07-24 14:03:00,F,50+,office,seoul,0,0,0,0,8,0,0,68,0,0,completed
42936,U2940,2025-09-14 13:05:00,2025-09-14 13:08:00,F,20~29,office,seoul,1,0,0,0,15,0,0,27,0,0,completed
42937,U2941,2025-02-24 14:11:00,2025-02-24 14:13:00,F,30~39,office,seoul,0,0,0,0,9,0,0,69,0,0,timeout
42938,U2942,2025-10-10 19:36:00,2025-10-10 19:38:00,F,30~39,office,seoul,0,0,0,0,1,0,0,42,0,0,completed
42939,U2943,2025-03-18 09:44:00,2025-03-18 09:49:00,F,30~39,office,seoul,0,0,0,0,21,0,0,20,0,0,completed
42940,U2944,2025-05-28 13:15:00,2025-05-28 13:22:00,F,20~29,office,seoul,0,0,0,0,1,0,0,57,0,0,completed
42941,U2945,2025-05-19 11:14:00,2025-05-19 11:19:00,F,20~29,office,seoul,0,0,0,0,2,0,0,77,0,0,completed
42942,U2946,2025-10-22 11:16:00,2025-10-22 11:23:00,F,50+,office,seoul,0,0,0,0,10,0,0,20,1,0,completed
42943,U2947,2025-03-20 15:11:00,2025-03-20 15:15:00,F,20~29,office,seoul,0,0,0,0,20,0,0,63,0,0,completed
42944,U2948,2025-11-20 13:22:00,2025-11-20 13:27:00,F,50+,office,seoul,0,0,0,0,23,0,0,24,0,0,completed
42945,U2949,2025-10-03 13:14:00,2025-10-03 13:20:00,M,30~39,office,seoul,0,0,0,0,14,0,0,26,0,0,completed
42946,U2950,2025-10-18 22:22:00,2025-10-18 22:29:00,F,20~29,office,seoul,1,0,0,0,14,0,0,33,0,0,completed
42947,U2951,2025-02-08 08:14:00,2025-02-08 08:18:00,F,50+,office,seoul,1,0,0,0,20,0,0,27,0,0,completed
42948,U2952,2025-01-04 18:44:00,2025-01-04 18:50:00,M,30~39,office,seoul,1,0,0,0,25,0,0,48,0,0,completed
42949,U2953,2025-05-30 19:47:00,2025-05-30 19:51:00,M,30~39,office,seoul,0,0,0,0,14,0,0,68,0,0,completed
42950,U2954,2025-01-07 09:10:00,2025-01-07 09:16:00,F,30~39,office,seoul,0,0,0,0,11,0,0,47,0,0,completed
42951,U2955,2025-05-05 18:52:00,2025-05-05 18:57:00,F,20~29,office,seoul,0,0,0,0,17,0,0,24,0,0,completed
42952,U2956,2025-11-29 09:44:00,2025-11-29 09:47:00,M,30~39,office,seoul,1,0,0,0,0,0,0,64,0,0,completed
42953,U2957,2025-03-19 18:51:00,2025-03-19 18:56:00,F,30~39,office,seoul,0,0,0,0,28,0,0,69,0,0,timeout
42954,U2958,2025-01-04 21:37:00,2025-01-04 21:41:00,F,30~39,office,seoul,1,0,0,0,24,0,0,42,0,0,completed
42955,U2959,2025-11-19 12:32:00,2025-11-19 12:38:00,F,30~39,office,seoul,0,0,0,0,15,0,0,73,0,0,abandoned
42956,U2960,2025-04-01 14:15:00,2025-04-01 14:17:00,M,30~39,office,seoul,0,0,0,0,7,0,0,60,0,0,timeout
42957,U2961,2025-12-26 15:44:00,2025-12-26 15:51:00,F,30~39,office,seoul,0,0,0,0,20,0,0,32,0,0,completed
42958,U2962,2025-11-24 21:48:00,2025-11-24 21:55:00,F,20~29,office,seoul,0,0,0,0,29,0,0,47,0,0,completed
42959,U2963,2025-01-29 21:38:00,2025-01-29 21:43:00,M,20~29,office,seoul,0,0,0,0,4,0,0,42,0,0,completed
42960,U2964,2025-07-11 07:01:00,2025-07-11 07:08:00,F,30~39,office,seoul,0,0,0,0,29,0,0,32,0,0,timeout
42961,U2965,2025-01-16 14:27:00,2025-01-16 14:34:00,F,20~29,office,seoul,0,0,0,0,10,0,0,37,0,0,completed
42962,U2966,2025-02-11 16:27:00,2025-02-11 16:30:00,F,20~29,office,seoul,0,0,0,0,3,0,0,11,0,0,completed
42963,U2967,2025-12-10 12:22:00,2025-12-10 12:28:00,F,20~29,office,seoul,0,0,0,0,21,0,0,65,0,0,completed
42964,U2968,2025-01-13 16:53:00,2025-01-13 16:58:00,F,30~39,office,seoul,0,0,0,0,9,0,0,66,0,0,timeout
42965,U2969,2025-04-21 15:24:00,2025-04-21 15:27:00,M,50+,office,seoul,0,0,0,0,8,0,0,48,1,0,completed
42966,U2970,2025-09-22 22:05:00,2025-09-22 22:10:00,F,40~49,office,seoul,0,0,0,0,12,0,0,27,0,0,completed
42967,U2971,2025-01-26 12:55:00,2025-01-26 12:57:00,F,40~49,office,seoul,1,0,0,0,16,0,0,17,0,1,completed
42968,U2972,2025-06-17 11:15:00,2025-06-17 11:17:00,F,20~29,office,seoul,0,0,0,0,12,0,0,65,0,0,abandoned
42969,U2973,2025-01-08 16:48:00,2025-01-08 16:52:00,F,30~39,office,seoul,0,0,0,0,14,0,0,30,0,0,completed
42970,U2974,2025-06-11 19:52:00,2025-06-11 19:56:00,F,50+,office,seoul,0,0,0,0,0,0,0,48,1,1,completed
42971,U2975,2025-04-22 18:00:00,2025-04-22 18:03:00,F,30~39,office,seoul,0,0,0,0,22,0,0,21,0,0,completed
42972,U2976,2025-08-09 20:56:00,2025-08-09 21:00:00,M,20~29,office,seoul,1,0,0,0,22,0,0,73,0,0,completed
42973,U2977,2025-11-08 13:26:00,2025-11-08 13:28:00,F,30~39,office,seoul,1,0,0,0,19,0,0,27,0,0,completed
42974,U2978,2025-01-26 14:47:00,2025-01-26 14:50:00,M,30~39,office,seoul,1,0,0,0,23,0,0,10,0,0,completed
42975,U2979,2025-05-22 22:51:00,2025-05-22 22:56:00,M,20~29,office,seoul,0,0,0,0,27,0,0,16,0,0,completed
42976,U2980,2025-11-08 09:30:00,2025-11-08 09:35:00,F,30~39,office,seoul,1,0,0,0,4,0,0,23,0,0,completed
42977,U2981,2025-06-25 22:04:00,2025-06-25 22:10:00,F,30~39,office,seoul,0,0,0,0,2,0,0,76,0,1,completed
42978,U2982,2025-01-21 16:42:00,2025-01-21 16:47:00,F,20~29,office,seoul,0,0,0,0,1,0,0,65,0,0,completed
42979,U2983,2025-10-21 13:30:00,2025-10-21 13:32:00,M,20~29,office,seoul,0,0,0,0,18,0,0,34,0,0,abandoned
42980,U2984,2025-02-04 08:45:00,2025-02-04 08:51:00,F,50+,office,seoul,0,0,0,0,14,0,0,77,0,0,timeout
42981,U2985,2025-04-23 11:03:00,2025-04-23 11:10:00,M,50+,office,seoul,0,0,0,0,2,0,0,45,1,0,completed
42982,U2986,2025-05-14 09:22:00,2025-05-14 09:29:00,F,40~49,office,seoul,0,0,0,0,16,0,0,38,0,0,completed
42983,U2987,2025-04-20 12:27:00,2025-04-20 12:29:00,F,20~29,office,seoul,1,0,0,0,7,0,0,19,0,0,completed
42984,U2988,2025-11-30 14:02:00,2025-11-30 14:06:00,M,20~29,office,seoul,1,0,0,0,7,0,0,39,0,0,completed
42985,U2989,2025-06-04 17:34:00,2025-06-04 17:39:00,M,20~29,office,seoul,0,0,0,0,29,0,0,51,0,0,completed
42986,U2990,2025-02-10 18:00:00,2025-02-10 18:03:00,F,20~29,office,seoul,0,0,0,0,4,0,0,20,0,0,completed
42987,U2991,2025-01-18 13:56:00,2025-01-18 13:58:00,F,20~29,office,seoul,1,0,0,0,11,0,0,43,0,0,completed
42988,U2992,2025-07-11 16:52:00,2025-07-11 16:56:00,M,20~29,office,seoul,0,0,0,0,25,0,0,73,0,0,completed
42989,U2993,2025-12-20 18:37:00,2025-12-20 18:39:00,F,40~49,office,seoul,1,0,0,0,28,0,0,11,0,0,completed
42990,U2994,2025-03-06 16:24:00,2025-03-06 16:27:00,M,20~29,office,seoul,0,0,0,0,11,0,0,20,0,0,completed
42991,U2995,2025-10-03 13:07:00,2025-10-03 13:11:00,F,40~49,office,seoul,0,0,0,0,3,0,0,67,0,0,completed
42992,U2996,2025-01-14 20:21:00,2025-01-14 20:25:00,M,50+,office,seoul,0,0,0,0,24,0,0,44,0,0,completed
42993,U2997,2025-05-15 08:38:00,2025-05-15 08:43:00,F,30~39,office,seoul,0,0,0,0,24,0,0,64,0,0,abandoned
42994,U2998,2025-04-17 08:17:00,2025-04-17 08:21:00,F,20~29,office,seoul,0,0,0,0,23,0,0,69,0,0,completed
42995,U2999,2025-10-20 07:59:00,2025-10-20 08:05:00,F,40~49,office,seoul,0,0,0,0,18,0,0,61,0,0,completed
42996,U3000,2025-06-22 09:48:00,2025-06-22 09:52:00,M,40~49,office,seoul,1,0,0,0,5,0,0,79,0,0,completed
42997,U3001,2025-04-10 22:01:00,2025-04-10 22:04:00,M,50+,office,seoul,0,0,0,0,5,0,0,78,0,0,completed
42998,U3002,2025-08-28 08:48:00,2025-08-28 08:52:00,M,30~39,office,seoul,0,0,0,0,25,0,0,19,1,0,abandoned
42999,U3003,2025-11-26 17:13:00,2025-11-26 17:15:00,F,20~29,office,seoul,0,0,0,0,0,0,0,46,0,0,completed
43000,U3004,2025-04-01 08:05:00,2025-04-01 08:07:00,M,30~39,office,seoul,0,0,0,0,6,0,0,61,0,0,completed
43001,U3005,2025-09-29 08:12:00,2025-09-29 08:18:00,F,20~29,office,seoul,0,0,0,0,9,0,0,74,0,0,completed
43002,U3006,2025-11-24 09:59:00,2025-11-24 10:03:00,M,30~39,office,seoul,0,0,0,0,1,0,0,12,0,0,completed
43003,U3007,2025-06-06 08:36:00,2025-06-06 08:39:00,M,40~49,office,seoul,0,0,0,0,14,0,0,44,0,0,completed
43004,U3008,2025-10-10 17:54:00,2025-10-10 18:00:00,M,20~29,office,seoul,0,0,0,0,1,0,0,27,0,0,completed
43005,U3009,2025-11-20 14:44:00,2025-11-20 14:49:00,M,20~29,office,seoul,0,0,0,0,0,0,0,72,0,0,completed
43006,U3010,2025-09-14 08:54:00,2025-09-14 08:59:00,F,20~29,office,seoul,1,0,0,0,23,0,0,62,0,0,completed
43007,U3011,2025-08-14 11:17:00,2025-08-14 11:23:00,F,20~29,office,seoul,0,0,0,0,18,0,0,40,0,0,completed
43008,U3012,2025-05-13 15:22:00,2025-05-13 15:25:00,F,30~39,office,seoul,0,0,0,0,22,0,0,10,0,0,completed
43009,U3013,2025-07-23 08:08:00,2025-07-23 08:15:00,F,20~29,office,seoul,0,0,0,0,8,0,0,28,0,0,completed
43010,U3014,2025-09-21 19:57:00,2025-09-21 20:04:00,F,30~39,office,seoul,1,0,0,0,19,0,0,18,0,0,abandoned
43011,U3015,2025-08-15 11:10:00,2025-08-15 11:13:00,F,40~49,office,seoul,0,0,0,0,2,0,0,45,0,0,completed
43012,U3016,2025-01-11 13:26:00,2025-01-11 13:30:00,M,20~29,office,seoul,1,0,0,0,28,0,0,13,0,0,completed
43013,U3017,2025-08-04 15:18:00,2025-08-04 15:22:00,M,40~49,office,seoul,0,0,0,0,14,0,0,45,0,0,abandoned
43014,U3018,2025-01-01 18:33:00,2025-01-01 18:38:00,M,20~29,office,seoul,0,0,0,0,11,0,0,42,0,0,completed
43015,U3019,2025-05-17 18:12:00,2025-05-17 18:18:00,F,30~39,office,seoul,1,0,0,0,18,0,0,52,0,0,completed
43016,U3020,2025-01-29 15:44:00,2025-01-29 15:49:00,M,50+,office,seoul,0,0,0,0,18,0,0,12,0,0,completed
43017,U3021,2025-09-11 07:05:00,2025-09-11 07:11:00,M,20~29,office,seoul,0,0,0,0,26,0,0,32,0,0,abandoned
43018,U3022,2025-03-13 15:28:00,2025-03-13 15:33:00,M,50+,office,seoul,0,0,0,0,7,0,0,40,0,0,completed
43019,U3023,2025-08-13 19:16:00,2025-08-13 19:18:00,F,30~39,office,seoul,0,0,0,0,29,0,0,15,0,0,completed
43020,U3024,2025-05-19 09:36:00,2025-05-19 09:43:00,M,40~49,office,seoul,0,0,0,0,29,0,0,60,0,1,completed
43021,U3025,2025-06-19 14:16:00,2025-06-19 14:20:00,M,20~29,office,seoul,0,0,0,0,10,0,0,22,0,0,completed
43022,U3026,2025-01-18 15:47:00,2025-01-18 15:50:00,F,30~39,office,seoul,1,0,0,0,20,0,0,46,0,0,completed
43023,U3027,2025-10-10 18:01:00,2025-10-10 18:08:00,F,40~49,office,seoul,0,0,0,0,0,0,0,10,0,0,error
43024,U3028,2025-08-01 16:18:00,2025-08-01 16:25:00,F,40~49,office,seoul,0,0,0,0,1,0,0,47,0,0,completed
43025,U3029,2025-12-24 08:44:00,2025-12-24 08:48:00,F,40~49,office,seoul,0,0,0,0,22,0,0,36,0,0,completed
43026,U3030,2025-07-05 07:19:00,2025-07-05 07:24:00,M,50+,office,seoul,1,0,0,0,24,0,0,43,0,0,completed
43027,U3031,2025-09-07 16:30:00,2025-09-07 16:37:00,F,30~39,office,seoul,1,0,0,0,16,0,0,74,0,0,completed
43028,U3032,2025-12-01 18:07:00,2025-12-01 18:13:00,F,30~39,office,seoul,0,0,0,0,9,0,0,43,1,0,completed
43029,U3033,2025-09-20 20:41:00,2025-09-20 20:44:00,F,20~29,office,seoul,1,0,0,0,24,0,0,51,0,0,timeout
43030,U3034,2025-04-23 20:26:00,2025-04-23 20:33:00,M,30~39,office,seoul,0,0,0,0,7,0,0,10,0,0,completed
43031,U3035,2025-05-15 16:28:00,2025-05-15 16:35:00,M,20~29,office,seoul,0,0,0,0,29,0,0,23,0,0,completed
43032,U3036,2025-02-16 08:04:00,2025-02-16 08:06:00,M,30~39,office,seoul,1,0,0,0,20,0,0,35,0,0,error
43033,U3037,2025-10-13 07:13:00,2025-10-13 07:17:00,F,20~29,office,seoul,0,0,0,0,14,0,0,24,0,0,completed
43034,U3038,2025-02-17 13:42:00,2025-02-17 13:47:00,M,20~29,office,seoul,0,0,0,0,13,0,0,63,0,0,completed
43035,U3039,2025-11-10 16:53:00,2025-11-10 16:56:00,F,30~39,office,seoul,0,0,0,0,27,0,0,47,0,0,completed
43036,U3040,2025-02-26 18:30:00,2025-02-26 18:37:00,M,20~29,office,seoul,0,0,0,0,13,0,0,64,0,0,completed
43037,U3041,2025-01-09 19:11:00,2025-01-09 19:17:00,M,30~39,office,seoul,0,0,0,0,25,0,0,61,0,0,abandoned
43038,U3042,2025-08-26 14:46:00,2025-08-26 14:53:00,F,40~49,office,seoul,0,0,0,0,3,0,0,79,0,0,completed
43039,U3043,2025-08-15 15:32:00,2025-08-15 15:34:00,F,30~39,office,seoul,0,0,0,0,21,0,0,36,0,0,completed
43040,U3044,2025-10-02 07:47:00,2025-10-02 07:53:00,M,50+,office,seoul,0,0,0,0,15,0,0,60,0,0,completed
43041,U3045,2025-04-25 13:20:00,2025-04-25 13:24:00,M,50+,office,seoul,0,0,0,0,28,0,0,40,0,1,completed
43042,U3046,2025-09-07 14:34:00,2025-09-07 14:41:00,F,20~29,office,seoul,1,0,0,0,29,0,0,38,0,0,completed
43043,U3047,2025-11-11 07:24:00,2025-11-11 07:26:00,M,50+,office,seoul,0,0,0,0,25,0,0,51,0,0,completed
43044,U3048,2025-04-25 18:06:00,2025-04-25 18:13:00,F,20~29,office,seoul,0,0,0,0,2,0,0,50,0,0,timeout
43045,U3049,2025-08-09 16:29:00,2025-08-09 16:33:00,F,20~29,office,seoul,1,0,0,0,21,0,0,62,0,0,completed
43046,U3050,2025-12-26 15:01:00,2025-12-26 15:07:00,M,50+,office,seoul,0,0,0,0,11,0,0,51,0,0,completed
43047,U3051,2025-01-23 08:14:00,2025-01-23 08:18:00,F,50+,office,seoul,0,0,0,0,28,0,0,61,0,0,completed
43048,U3052,2025-09-05 20:14:00,2025-09-05 20:16:00,F,40~49,office,seoul,0,0,0,0,13,0,0,35,0,0,completed
43049,U3053,2025-04-25 09:42:00,2025-04-25 09:48:00,F,30~39,office,seoul,0,0,0,0,10,0,0,24,0,0,completed
43050,U3054,2025-04-06 14:16:00,2025-04-06 14:20:00,F,50+,office,seoul,1,0,0,0,8,0,0,42,0,0,completed
43051,U3055,2025-06-30 15:07:00,2025-06-30 15:09:00,M,20~29,office,seoul,0,0,0,0,0,0,0,20,0,0,abandoned
43052,U3056,2025-08-21 13:39:00,2025-08-21 13:44:00,F,40~49,office,seoul,0,0,0,0,28,0,0,14,1,0,completed
43053,U3057,2025-06-03 07:00:00,2025-06-03 07:04:00,F,40~49,office,seoul,0,0,0,0,12,0,0,39,0,0,completed
43054,U3058,2025-06-13 09:30:00,2025-06-13 09:34:00,M,30~39,office,seoul,0,0,0,0,28,0,0,33,0,0,completed
43055,U3059,2025-10-06 16:05:00,2025-10-06 16:09:00,F,50+,office,seoul,0,0,0,0,16,0,0,17,0,1,completed
43056,U3060,2025-09-22 14:52:00,2025-09-22 14:54:00,M,20~29,office,seoul,0,0,0,0,1,0,0,46,0,0,completed
43057,U3061,2025-09-18 20:57:00,2025-09-18 21:00:00,M,30~39,office,seoul,0,0,0,0,11,0,0,34,0,0,completed
43058,U3062,2025-08-12 14:36:00,2025-08-12 14:42:00,M,20~29,office,seoul,0,0,0,0,12,0,0,47,0,0,completed
43059,U3063,2025-06-24 17:58:00,2025-06-24 18:00:00,F,20~29,office,seoul,0,0,0,0,21,0,0,25,0,0,completed
43060,U3064,2025-10-15 08:00:00,2025-10-15 08:04:00,F,20~29,office,seoul,0,0,0,0,9,0,0,41,0,0,completed
43061,U3065,2025-06-25 08:59:00,2025-06-25 09:02:00,M,30~39,office,seoul,0,0,0,0,7,0,0,40,0,0,abandoned
43062,U3066,2025-01-03 14:14:00,2025-01-03 14:20:00,F,30~39,office,seoul,0,0,0,0,15,0,0,72,0,0,completed
43063,U3067,2025-10-28 13:54:00,2025-10-28 13:57:00,F,40~49,office,seoul,0,0,0,0,17,0,0,26,1,0,completed
43064,U3068,2025-08-19 12:30:00,2025-08-19 12:35:00,M,50+,office,seoul,0,0,0,0,19,0,0,13,0,0,completed
43065,U3069,2025-11-24 12:44:00,2025-11-24 12:51:00,F,20~29,office,seoul,0,0,0,0,23,0,0,13,0,0,completed
43066,U3070,2025-05-19 09:07:00,2025-05-19 09:13:00,F,50+,office,seoul,0,0,0,0,4,0,0,24,0,0,completed
43067,U3071,2025-05-23 11:28:00,2025-05-23 11:32:00,F,20~29,office,seoul,0,0,0,0,19,0,0,30,0,0,completed
43068,U3072,2025-08-30 09:49:00,2025-08-30 09:52:00,F,20~29,office,seoul,1,0,0,0,29,0,0,76,0,0,completed
43069,U3073,2025-01-06 12:02:00,2025-01-06 12:05:00,M,30~39,office,seoul,0,0,0,0,29,0,0,23,0,0,completed
43070,U3074,2025-05-04 08:50:00,2025-05-04 08:52:00,M,20~29,office,seoul,1,0,0,0,19,0,0,50,0,0,completed
43071,U3075,2025-06-12 11:12:00,2025-06-12 11:18:00,F,20~29,office,seoul,0,0,0,0,3,0,0,31,0,0,completed
43072,U3076,2025-10-25 19:15:00,2025-10-25 19:17:00,M,20~29,office,seoul,1,0,0,0,4,0,0,72,0,0,completed
43073,U3077,2025-02-21 12:31:00,2025-02-21 12:35:00,M,30~39,office,seoul,0,0,0,0,27,0,0,32,0,0,completed
43074,U3078,2025-07-20 11:11:00,2025-07-20 11:17:00,F,30~39,office,seoul,1,0,0,0,2,0,0,48,0,0,abandoned
43075,U3079,2025-09-26 12:11:00,2025-09-26 12:13:00,F,20~29,office,seoul,0,0,0,0,24,0,0,22,0,0,timeout
43076,U3080,2025-12-21 16:12:00,2025-12-21 16:17:00,F,30~39,office,seoul,1,0,0,0,4,0,0,42,0,0,completed
43077,U3081,2025-04-26 20:41:00,2025-04-26 20:43:00,F,40~49,office,seoul,1,0,0,0,5,0,0,11,0,0,completed
43078,U3082,2025-03-28 18:34:00,2025-03-28 18:40:00,F,30~39,office,seoul,0,0,0,0,29,0,0,46,0,0,completed
43079,U3083,2025-05-01 15:03:00,2025-05-01 15:09:00,M,30~39,office,seoul,0,0,0,0,26,0,0,15,1,0,completed
43080,U3084,2025-07-12 11:36:00,2025-07-12 11:41:00,F,50+,office,seoul,1,0,0,0,7,0,0,37,1,0,completed
43081,U3085,2025-01-19 18:05:00,2025-01-19 18:10:00,M,20~29,office,seoul,1,0,0,0,3,0,0,76,1,0,completed
43082,U3086,2025-11-15 12:23:00,2025-11-15 12:30:00,F,30~39,office,seoul,1,0,0,0,27,0,0,41,0,0,completed
43083,U3087,2025-08-18 20:46:00,2025-08-18 20:48:00,F,20~29,office,seoul,0,0,0,0,2,0,0,66,0,0,abandoned
43084,U3088,2025-07-14 16:56:00,2025-07-14 17:01:00,F,20~29,office,seoul,0,0,0,0,6,0,0,73,0,0,completed
43085,U3089,2025-02-16 15:24:00,2025-02-16 15:27:00,M,50+,office,seoul,1,0,0,0,16,0,0,20,1,0,completed
43086,U3090,2025-05-18 21:05:00,2025-05-18 21:12:00,M,40~49,office,seoul,1,0,0,0,3,0,0,21,0,0,completed
43087,U3091,2025-04-06 17:02:00,2025-04-06 17:08:00,F,50+,office,seoul,1,0,0,0,7,0,0,52,0,0,completed
43088,U3092,2025-05-31 12:54:00,2025-05-31 13:01:00,M,20~29,office,seoul,1,0,0,0,3,0,0,15,0,0,timeout
43089,U3093,2025-09-23 18:49:00,2025-09-23 18:51:00,F,40~49,office,seoul,0,0,0,0,12,0,0,69,0,0,completed
43090,U3094,2025-04-11 07:14:00,2025-04-11 07:16:00,M,20~29,office,seoul,0,0,0,0,19,0,0,13,0,0,completed
43091,U3095,2025-12-17 13:17:00,2025-12-17 13:24:00,M,20~29,office,seoul,0,0,0,0,6,0,0,47,0,0,completed
43092,U3096,2025-01-28 15:11:00,2025-01-28 15:13:00,F,20~29,office,seoul,0,0,0,0,16,0,0,56,0,0,completed
43093,U3097,2025-05-20 09:32:00,2025-05-20 09:34:00,M,30~39,office,seoul,0,0,0,0,8,0,0,24,0,0,completed
43094,U3098,2025-09-13 15:23:00,2025-09-13 15:25:00,M,20~29,office,seoul,1,0,0,0,11,0,0,39,0,0,completed
43095,U3099,2025-04-26 16:24:00,2025-04-26 16:26:00,F,20~29,office,seoul,1,0,0,0,5,0,0,43,0,0,completed
43096,U3100,2025-01-12 08:13:00,2025-01-12 08:17:00,F,30~39,office,seoul,1,0,0,0,18,0,0,77,0,0,completed
43097,U3101,2025-11-09 18:10:00,2025-11-09 18:16:00,F,30~39,office,seoul,1,0,0,0,6,0,0,73,0,0,completed
43098,U3102,2025-03-09 07:03:00,2025-03-09 07:10:00,F,20~29,office,seoul,1,0,0,0,2,0,0,12,0,0,error
43099,U3103,2025-06-24 18:42:00,2025-06-24 18:44:00,F,20~29,office,seoul,0,0,0,0,7,0,0,77,0,0,completed
43100,U3104,2025-12-02 16:29:00,2025-12-02 16:33:00,F,20~29,office,seoul,0,0,0,0,1,0,0,49,0,0,completed
43101,U3105,2025-02-14 07:52:00,2025-02-14 07:59:00,M,30~39,office,seoul,0,0,0,0,4,0,0,54,0,0,completed
43102,U3106,2025-10-13 11:08:00,2025-10-13 11:12:00,F,30~39,office,seoul,0,0,0,0,27,0,0,68,0,0,completed
43103,U3107,2025-11-05 13:49:00,2025-11-05 13:52:00,F,30~39,office,seoul,0,0,0,0,15,0,0,18,0,0,completed
43104,U3108,2025-09-14 16:48:00,2025-09-14 16:53:00,M,20~29,office,seoul,1,0,0,0,9,0,0,19,0,0,completed
43105,U3109,2025-03-14 07:28:00,2025-03-14 07:33:00,M,30~39,office,seoul,0,0,0,0,11,0,0,65,0,0,completed
43106,U3110,2025-01-11 13:25:00,2025-01-11 13:28:00,M,30~39,office,seoul,1,0,0,0,0,0,0,57,0,0,completed
43107,U3111,2025-08-05 12:16:00,2025-08-05 12:23:00,M,20~29,office,seoul,0,0,0,0,0,0,0,16,0,0,completed
43108,U3112,2025-03-18 18:22:00,2025-03-18 18:27:00,F,50+,office,seoul,0,0,0,0,8,0,0,64,0,0,completed
43109,U3113,2025-08-03 15:44:00,2025-08-03 15:49:00,M,30~39,office,seoul,1,0,0,0,3,0,0,41,0,0,completed
43110,U3114,2025-05-01 09:12:00,2025-05-01 09:16:00,F,50+,office,seoul,0,0,0,0,27,0,0,43,0,0,completed
43111,U3115,2025-12-29 17:49:00,2025-12-29 17:52:00,F,20~29,office,seoul,0,0,0,0,18,0,0,75,0,0,completed
43112,U3116,2025-07-08 12:25:00,2025-07-08 12:31:00,F,20~29,office,seoul,0,0,0,0,28,0,0,73,0,0,completed
43113,U3117,2025-03-31 19:46:00,2025-03-31 19:52:00,F,40~49,office,seoul,0,0,0,0,22,0,0,42,0,1,completed
43114,U3118,2025-04-29 18:53:00,2025-04-29 18:56:00,M,30~39,office,seoul,0,0,0,0,1,0,0,25,0,0,completed
43115,U3119,2025-08-01 16:24:00,2025-08-01 16:29:00,M,30~39,office,seoul,0,0,0,0,4,0,0,74,0,0,completed
43116,U3120,2025-07-24 16:03:00,2025-07-24 16:06:00,F,20~29,office,seoul,0,0,0,0,13,0,0,50,0,0,completed
43117,U3121,2025-05-05 15:48:00,2025-05-05 15:50:00,F,30~39,office,seoul,0,0,0,0,8,0,0,34,0,0,completed
43118,U3122,2025-05-14 19:01:00,2025-05-14 19:06:00,F,50+,office,seoul,0,0,0,0,26,0,0,45,0,0,completed
43119,U3123,2025-08-24 13:15:00,2025-08-24 13:18:00,M,40~49,office,seoul,1,0,0,0,26,0,0,35,0,0,completed
43120,U3124,2025-05-13 16:19:00,2025-05-13 16:21:00,M,50+,office,seoul,0,0,0,0,13,0,0,77,0,0,timeout
43121,U3125,2025-02-21 13:53:00,2025-02-21 13:56:00,M,30~39,office,seoul,0,0,0,0,2,0,0,60,0,0,completed
43122,U3126,2025-06-15 19:23:00,2025-06-15 19:28:00,M,20~29,office,seoul,1,0,0,0,11,0,0,69,0,0,completed
43123,U3127,2025-10-03 12:34:00,2025-10-03 12:41:00,M,20~29,office,seoul,0,0,0,0,23,0,0,55,0,0,completed
43124,U3128,2025-02-16 17:14:00,2025-02-16 17:18:00,F,40~49,office,seoul,1,0,0,0,19,0,0,68,0,0,completed
43125,U3129,2025-11-13 12:34:00,2025-11-13 12:41:00,F,30~39,office,seoul,0,0,0,0,10,0,0,14,0,0,completed
43126,U3130,2025-11-18 14:53:00,2025-11-18 14:58:00,F,40~49,office,seoul,0,0,0,0,11,0,0,71,0,0,completed
43127,U3131,2025-04-13 08:27:00,2025-04-13 08:30:00,F,30~39,office,seoul,1,0,0,0,18,0,0,73,0,0,completed
43128,U3132,2025-12-13 15:32:00,2025-12-13 15:38:00,F,50+,office,seoul,1,0,0,0,10,0,0,34,0,0,completed
43129,U3133,2025-04-27 12:24:00,2025-04-27 12:31:00,F,20~29,office,seoul,1,0,0,0,14,0,0,27,0,0,completed
43130,U3134,2025-01-05 15:42:00,2025-01-05 15:49:00,F,40~49,office,seoul,1,0,0,0,21,0,0,50,0,0,completed
43131,U3135,2025-11-16 16:46:00,2025-11-16 16:48:00,F,40~49,office,seoul,1,0,0,0,13,0,0,45,0,0,timeout
43132,U3136,2025-10-16 18:31:00,2025-10-16 18:33:00,M,50+,office,seoul,0,0,0,0,3,0,0,61,0,0,abandoned
43133,U3137,2025-09-07 16:46:00,2025-09-07 16:51:00,F,20~29,office,seoul,1,0,0,0,17,0,0,46,0,0,timeout
43134,U3138,2025-01-03 17:58:00,2025-01-03 18:03:00,M,50+,office,seoul,0,0,0,0,9,0,0,52,0,0,completed
43135,U3139,2025-02-09 11:53:00,2025-02-09 11:57:00,F,20~29,office,seoul,1,0,0,0,15,0,0,30,0,0,completed
43136,U3140,2025-06-29 17:36:00,2025-06-29 17:39:00,M,40~49,office,seoul,1,0,0,0,15,0,0,59,0,0,abandoned
43137,U3141,2025-06-30 18:39:00,2025-06-30 18:44:00,M,40~49,office,seoul,0,0,0,0,28,0,0,67,0,1,completed
43138,U3142,2025-07-19 14:32:00,2025-07-19 14:39:00,M,50+,office,seoul,1,0,0,0,1,0,0,27,0,0,completed
43139,U3143,2025-08-10 15:48:00,2025-08-10 15:55:00,M,30~39,office,seoul,1,0,0,0,3,0,0,60,0,0,completed
43140,U3144,2025-07-03 07:56:00,2025-07-03 08:01:00,M,20~29,office,seoul,0,0,0,0,19,0,0,29,0,0,completed
43141,U3145,2025-06-30 14:14:00,2025-06-30 14:20:00,F,50+,office,seoul,0,0,0,0,7,0,0,49,0,0,completed
43142,U3146,2025-10-10 09:52:00,2025-10-10 09:54:00,M,40~49,office,seoul,0,0,0,0,25,0,0,54,0,0,completed
43143,U3147,2025-04-20 08:31:00,2025-04-20 08:38:00,M,20~29,office,seoul,1,0,0,0,24,0,0,64,0,0,completed
43144,U3148,2025-05-03 12:36:00,2025-05-03 12:43:00,F,30~39,office,seoul,1,0,0,0,9,0,0,76,0,0,completed
43145,U3149,2025-11-24 07:50:00,2025-11-24 07:56:00,M,40~49,office,seoul,0,0,0,0,0,0,0,43,0,0,completed
43146,U3150,2025-08-27 16:43:00,2025-08-27 16:46:00,M,20~29,office,seoul,0,0,0,0,13,0,0,25,0,0,completed
43147,U3151,2025-01-03 20:37:00,2025-01-03 20:42:00,F,40~49,office,seoul,0,0,0,0,13,0,0,34,0,0,completed
43148,U3152,2025-02-18 16:40:00,2025-02-18 16:47:00,F,20~29,office,seoul,0,0,0,0,29,0,0,37,0,0,error
43149,U3153,2025-11-07 20:10:00,2025-11-07 20:12:00,M,20~29,office,seoul,0,0,0,0,17,0,0,73,0,0,completed
43150,U3154,2025-03-12 12:28:00,2025-03-12 12:35:00,M,40~49,office,seoul,0,0,0,0,29,0,0,34,0,0,completed
43151,U3155,2025-05-04 13:05:00,2025-05-04 13:08:00,M,50+,office,seoul,1,0,0,0,22,0,0,23,0,0,completed
43152,U3156,2025-02-19 14:58:00,2025-02-19 15:05:00,F,50+,office,seoul,0,0,0,0,2,0,0,75,0,0,completed
43153,U3157,2025-05-16 14:44:00,2025-05-16 14:47:00,M,50+,office,seoul,0,0,0,0,27,0,0,58,0,0,completed
43154,U3158,2025-09-11 19:02:00,2025-09-11 19:08:00,F,50+,office,seoul,0,0,0,0,2,0,0,72,0,0,abandoned
43155,U3159,2025-04-24 20:58:00,2025-04-24 21:00:00,F,50+,office,seoul,0,0,0,0,20,0,0,64,0,0,completed
43156,U3160,2025-01-07 22:08:00,2025-01-07 22:12:00,M,50+,office,seoul,0,0,0,0,3,0,0,48,0,0,completed
43157,U3161,2025-08-08 15:53:00,2025-08-08 15:56:00,F,20~29,office,seoul,0,0,0,0,12,0,0,70,0,0,abandoned
43158,U3162,2025-06-13 08:21:00,2025-06-13 08:28:00,M,20~29,office,seoul,0,0,0,0,17,0,0,66,0,0,completed
43159,U3163,2025-01-28 12:54:00,2025-01-28 12:56:00,F,30~39,office,seoul,0,0,0,0,18,0,0,28,0,0,completed
43160,U3164,2025-07-11 09:58:00,2025-07-11 10:03:00,M,50+,office,seoul,0,0,0,0,19,0,0,43,0,0,completed
43161,U3165,2025-04-09 18:37:00,2025-04-09 18:44:00,F,50+,office,seoul,0,0,0,0,19,0,0,45,0,0,completed
43162,U3166,2025-08-12 15:47:00,2025-08-12 15:51:00,F,40~49,office,seoul,0,0,0,0,15,0,0,38,0,0,completed
43163,U3167,2025-05-01 17:01:00,2025-05-01 17:07:00,M,40~49,office,seoul,0,0,0,0,16,0,0,13,0,0,abandoned
43164,U3168,2025-09-20 13:27:00,2025-09-20 13:31:00,M,20~29,office,seoul,1,0,0,0,4,0,0,24,0,0,completed
43165,U3169,2025-05-15 08:26:00,2025-05-15 08:30:00,F,30~39,office,seoul,0,0,0,0,16,0,0,29,0,0,completed
43166,U3170,2025-04-02 09:40:00,2025-04-02 09:46:00,F,40~49,office,seoul,0,0,0,0,12,0,0,23,0,0,completed
43167,U3171,2025-04-28 12:19:00,2025-04-28 12:23:00,F,40~49,office,seoul,0,0,0,0,16,0,0,27,0,1,completed
43168,U3172,2025-02-22 20:40:00,2025-02-22 20:43:00,F,20~29,office,seoul,1,0,0,0,27,0,0,50,0,0,completed
43169,U3173,2025-09-20 09:05:00,2025-09-20 09:07:00,M,40~49,office,seoul,1,0,0,0,20,0,0,29,0,0,abandoned
43170,U3174,2025-02-17 13:01:00,2025-02-17 13:03:00,F,30~39,office,seoul,0,0,0,0,16,0,0,12,0,0,completed
43171,U3175,2025-04-07 16:23:00,2025-04-07 16:28:00,M,40~49,office,seoul,0,0,0,0,1,0,0,44,0,0,completed
43172,U3176,2025-10-08 20:24:00,2025-10-08 20:28:00,M,30~39,office,seoul,0,0,0,0,5,0,0,46,0,0,completed
43173,U3177,2025-01-17 19:47:00,2025-01-17 19:52:00,F,20~29,office,seoul,0,0,0,0,18,0,0,65,0,0,error
43174,U3178,2025-02-26 17:29:00,2025-02-26 17:33:00,M,30~39,office,seoul,0,0,0,0,8,0,0,38,0,0,completed
43175,U3179,2025-09-15 08:28:00,2025-09-15 08:30:00,M,20~29,office,seoul,0,0,0,0,2,0,0,24,0,0,completed
43176,U3180,2025-08-13 08:39:00,2025-08-13 08:45:00,F,20~29,office,seoul,0,0,0,0,1,0,0,47,0,0,completed
43177,U3181,2025-11-06 15:11:00,2025-11-06 15:15:00,F,40~49,office,seoul,0,0,0,0,1,0,0,24,0,0,error
43178,U3182,2025-08-21 13:26:00,2025-08-21 13:28:00,F,30~39,office,seoul,0,0,0,0,11,0,0,74,0,0,completed
43179,U3183,2025-05-02 20:44:00,2025-05-02 20:47:00,M,30~39,office,seoul,0,0,0,0,1,0,0,46,0,0,completed
43180,U3184,2025-09-06 14:24:00,2025-09-06 14:26:00,M,50+,office,seoul,1,0,0,0,16,0,0,39,0,0,completed
43181,U3185,2025-12-05 17:50:00,2025-12-05 17:53:00,F,20~29,office,seoul,0,0,0,0,1,0,0,58,1,0,abandoned
43182,U3186,2025-04-20 09:06:00,2025-04-20 09:12:00,M,20~29,office,seoul,1,0,0,0,20,0,0,46,0,0,completed
43183,U3187,2025-09-09 14:16:00,2025-09-09 14:18:00,M,40~49,office,seoul,0,0,0,0,21,0,0,52,0,0,completed
43184,U3188,2025-10-13 16:47:00,2025-10-13 16:49:00,F,50+,office,seoul,0,0,0,0,19,0,0,38,0,0,completed
43185,U3189,2025-08-16 19:35:00,2025-08-16 19:39:00,F,30~39,office,seoul,1,0,0,0,13,0,0,49,0,0,completed
43186,U3190,2025-04-10 13:57:00,2025-04-10 14:00:00,F,30~39,office,seoul,0,0,0,0,4,0,0,79,0,0,completed
43187,U3191,2025-08-04 15:53:00,2025-08-04 16:00:00,M,40~49,office,seoul,0,0,0,0,20,0,0,29,0,0,abandoned
43188,U3192,2025-07-26 14:01:00,2025-07-26 14:03:00,M,20~29,office,seoul,1,0,0,0,1,0,0,34,0,0,completed
43189,U3193,2025-04-03 14:39:00,2025-04-03 14:44:00,F,20~29,office,seoul,0,0,0,0,2,0,0,64,0,0,completed
43190,U3194,2025-11-03 07:22:00,2025-11-03 07:29:00,M,30~39,office,seoul,0,0,0,0,17,0,0,42,1,0,completed
43191,U3195,2025-06-27 08:19:00,2025-06-27 08:22:00,F,20~29,office,seoul,0,0,0,0,4,0,0,77,0,0,completed
43192,U3196,2025-10-23 09:29:00,2025-10-23 09:33:00,M,20~29,office,seoul,0,0,0,0,12,0,0,22,0,0,abandoned
43193,U3197,2025-12-22 22:58:00,2025-12-22 23:01:00,M,30~39,office,seoul,0,0,0,0,17,0,0,50,0,0,error
43194,U3198,2025-01-22 12:39:00,2025-01-22 12:41:00,M,30~39,office,seoul,0,0,0,0,17,0,0,43,0,0,completed
43195,U3199,2025-08-18 20:27:00,2025-08-18 20:30:00,F,20~29,office,seoul,0,0,0,0,13,0,0,11,0,0,completed
43196,U3200,2025-09-08 18:31:00,2025-09-08 18:33:00,M,30~39,office,seoul,0,0,0,0,19,0,0,75,0,0,abandoned
43197,U3201,2025-10-22 09:55:00,2025-10-22 10:00:00,F,20~29,office,seoul,0,0,0,0,4,0,0,57,0,0,completed
43198,U3202,2025-08-23 08:01:00,2025-08-23 08:07:00,M,30~39,office,seoul,1,0,0,0,23,0,0,43,0,0,completed
43199,U3203,2025-04-28 15:57:00,2025-04-28 16:02:00,F,50+,office,seoul,0,0,0,0,21,0,0,18,0,0,completed
43200,U3204,2025-04-01 13:48:00,2025-04-01 13:50:00,M,30~39,office,seoul,0,0,0,0,26,0,0,14,0,0,completed
43201,U3205,2025-11-09 13:52:00,2025-11-09 13:59:00,F,40~49,office,seoul,1,0,0,0,4,0,0,70,0,0,completed
43202,U3206,2025-05-07 19:46:00,2025-05-07 19:52:00,F,40~49,office,seoul,0,0,0,0,16,0,0,38,0,0,completed
43203,U3207,2025-10-13 17:32:00,2025-10-13 17:35:00,M,40~49,office,seoul,0,0,0,0,5,0,0,29,0,1,completed
43204,U3208,2025-01-27 15:12:00,2025-01-27 15:17:00,F,50+,office,seoul,0,0,0,0,8,0,0,48,0,0,abandoned
43205,U3209,2025-10-20 13:52:00,2025-10-20 13:56:00,F,20~29,office,seoul,0,0,0,0,3,0,0,22,0,0,completed
43206,U3210,2025-09-27 15:11:00,2025-09-27 15:14:00,F,50+,office,seoul,1,0,0,0,5,0,0,21,0,0,abandoned
43207,U3211,2025-09-27 13:13:00,2025-09-27 13:17:00,F,40~49,office,seoul,1,0,0,0,16,0,0,79,0,0,completed
43208,U3212,2025-11-29 15:22:00,2025-11-29 15:26:00,F,20~29,office,seoul,1,0,0,0,0,0,0,10,0,0,error
43209,U3213,2025-11-04 18:09:00,2025-11-04 18:11:00,F,30~39,office,seoul,0,0,0,0,8,0,0,59,0,0,completed
43210,U3214,2025-01-06 07:18:00,2025-01-06 07:24:00,F,50+,office,seoul,0,0,0,0,6,0,0,64,0,0,timeout
43211,U3215,2025-11-17 13:56:00,2025-11-17 14:00:00,F,20~29,office,seoul,0,0,0,0,24,0,0,54,0,0,completed
43212,U3216,2025-04-04 08:26:00,2025-04-04 08:33:00,F,20~29,office,seoul,0,0,0,0,13,0,0,20,0,0,completed
43213,U3217,2025-03-23 17:15:00,2025-03-23 17:19:00,F,50+,office,seoul,1,0,0,0,12,0,0,20,0,0,completed
43214,U3218,2025-08-08 19:48:00,2025-08-08 19:52:00,M,30~39,office,seoul,0,0,0,0,10,0,0,14,0,0,completed
43215,U3219,2025-03-26 16:18:00,2025-03-26 16:23:00,M,40~49,office,seoul,0,0,0,0,0,0,0,54,0,0,completed
43216,U3220,2025-09-01 09:47:00,2025-09-01 09:53:00,F,20~29,office,seoul,0,0,0,0,24,0,0,41,0,0,completed
43217,U3221,2025-01-09 19:59:00,2025-01-09 20:06:00,F,30~39,office,seoul,0,0,0,0,17,0,0,23,0,0,completed
43218,U3222,2025-04-10 16:56:00,2025-04-10 17:01:00,F,30~39,office,seoul,0,0,0,0,15,0,0,74,0,0,completed
43219,U3223,2025-07-02 12:20:00,2025-07-02 12:22:00,M,20~29,office,seoul,0,0,0,0,15,0,0,79,0,0,completed
43220,U3224,2025-06-03 16:58:00,2025-06-03 17:04:00,F,40~49,office,seoul,0,0,0,0,7,0,0,33,0,0,completed
43221,U3225,2025-11-11 16:25:00,2025-11-11 16:32:00,F,30~39,office,seoul,0,0,0,0,13,0,0,51,0,0,completed
43222,U3226,2025-04-22 09:24:00,2025-04-22 09:30:00,F,40~49,office,seoul,0,0,0,0,16,0,0,54,0,0,completed
43223,U3227,2025-10-15 15:02:00,2025-10-15 15:05:00,F,30~39,office,seoul,0,0,0,0,28,0,0,16,0,0,completed
43224,U3228,2025-08-04 20:52:00,2025-08-04 20:56:00,F,40~49,office,seoul,0,0,0,0,22,0,0,34,0,0,abandoned
43225,U3229,2025-02-19 20:28:00,2025-02-19 20:34:00,M,20~29,office,seoul,0,0,0,0,1,0,0,53,0,0,completed
43226,U3230,2025-11-08 18:11:00,2025-11-08 18:14:00,M,40~49,office,seoul,1,0,0,0,26,0,0,17,0,0,completed
43227,U3231,2025-09-13 11:08:00,2025-09-13 11:15:00,F,50+,office,seoul,1,0,0,0,4,0,0,10,0,0,completed
43228,U3232,2025-05-13 12:22:00,2025-05-13 12:29:00,F,20~29,office,seoul,0,0,0,0,22,0,0,46,0,0,completed
43229,U3233,2025-05-09 21:07:00,2025-05-09 21:12:00,M,20~29,office,seoul,0,0,0,0,1,0,0,27,0,0,completed
43230,U3234,2025-05-26 08:46:00,2025-05-26 08:51:00,F,30~39,office,seoul,0,0,0,0,13,0,0,25,0,0,completed
43231,U3235,2025-01-24 12:39:00,2025-01-24 12:42:00,F,30~39,office,seoul,0,0,0,0,1,0,0,68,0,0,completed
43232,U3236,2025-11-16 18:54:00,2025-11-16 18:56:00,M,20~29,office,seoul,1,0,0,0,10,0,0,72,0,0,completed
43233,U3237,2025-06-13 20:35:00,2025-06-13 20:42:00,M,20~29,office,seoul,0,0,0,0,9,0,0,43,0,0,completed
43234,U3238,2025-07-24 09:39:00,2025-07-24 09:43:00,F,30~39,office,seoul,0,0,0,0,20,0,0,65,0,0,completed
43235,U3239,2025-12-11 15:14:00,2025-12-11 15:16:00,M,40~49,office,seoul,0,0,0,0,0,0,0,28,0,0,completed
43236,U3240,2025-07-10 20:24:00,2025-07-10 20:29:00,F,30~39,office,seoul,0,0,0,0,15,0,0,38,0,0,completed
43237,U3241,2025-08-29 11:21:00,2025-08-29 11:24:00,M,30~39,office,seoul,0,0,0,0,21,0,0,52,0,0,completed
43238,U3242,2025-05-31 12:10:00,2025-05-31 12:13:00,F,20~29,office,seoul,1,0,0,0,16,0,0,39,0,0,completed
43239,U3243,2025-05-26 09:57:00,2025-05-26 10:03:00,M,20~29,office,seoul,0,0,0,0,0,0,0,15,0,0,timeout
43240,U3244,2025-10-23 20:54:00,2025-10-23 20:59:00,M,50+,office,seoul,0,0,0,0,3,0,0,50,0,0,completed
43241,U3245,2025-07-23 13:12:00,2025-07-23 13:17:00,F,40~49,office,seoul,0,0,0,0,14,0,0,19,0,0,timeout
43242,U3246,2025-02-08 13:50:00,2025-02-08 13:56:00,F,50+,office,seoul,1,0,0,0,15,0,0,29,1,0,completed
43243,U3247,2025-04-11 08:03:00,2025-04-11 08:06:00,M,30~39,office,seoul,0,0,0,0,14,0,0,59,0,0,completed
43244,U3248,2025-08-18 19:37:00,2025-08-18 19:39:00,F,20~29,office,seoul,0,0,0,0,28,0,0,45,0,0,completed
43245,U3249,2025-04-25 19:47:00,2025-04-25 19:53:00,M,50+,office,seoul,0,0,0,0,4,0,0,32,0,0,completed
43246,U3250,2025-12-06 19:34:00,2025-12-06 19:39:00,M,30~39,office,seoul,1,0,0,0,7,0,0,18,0,0,completed
43247,U3251,2025-10-12 09:11:00,2025-10-12 09:18:00,M,20~29,office,seoul,1,0,0,0,0,0,0,39,0,0,completed
43248,U3252,2025-01-18 11:36:00,2025-01-18 11:43:00,F,40~49,office,seoul,1,0,0,0,12,0,0,56,0,0,completed
43249,U3253,2025-10-30 11:40:00,2025-10-30 11:43:00,F,50+,office,seoul,0,0,0,0,23,0,0,38,0,0,completed
43250,U3254,2025-11-23 14:28:00,2025-11-23 14:34:00,M,20~29,office,seoul,1,0,0,0,12,0,0,26,0,0,completed
43251,U3255,2025-08-09 15:02:00,2025-08-09 15:09:00,F,50+,office,seoul,1,0,0,0,17,0,0,35,0,1,completed
43252,U3256,2025-11-19 16:29:00,2025-11-19 16:36:00,F,20~29,office,seoul,0,0,0,0,25,0,0,17,0,0,completed
43253,U3257,2025-01-16 07:10:00,2025-01-16 07:16:00,M,20~29,office,seoul,0,0,0,0,10,0,0,34,0,0,completed
43254,U3258,2025-12-13 12:03:00,2025-12-13 12:08:00,M,30~39,office,seoul,1,0,0,0,21,0,0,47,0,0,completed
43255,U3259,2025-11-01 09:40:00,2025-11-01 09:44:00,F,20~29,office,seoul,1,0,0,0,24,0,0,76,0,0,completed
43256,U3260,2025-06-08 07:57:00,2025-06-08 07:59:00,M,30~39,office,seoul,1,0,0,0,21,0,0,57,0,0,completed
43257,U3261,2025-02-07 16:39:00,2025-02-07 16:45:00,F,20~29,office,seoul,0,0,0,0,29,0,0,33,0,0,completed
43258,U3262,2025-01-19 16:50:00,2025-01-19 16:55:00,F,30~39,office,seoul,1,0,0,0,0,0,0,46,0,0,completed
43259,U3263,2025-03-07 16:54:00,2025-03-07 16:59:00,M,50+,office,seoul,0,0,0,0,6,0,0,26,0,0,completed
43260,U3264,2025-07-11 14:59:00,2025-07-11 15:06:00,F,40~49,office,seoul,0,0,0,0,8,0,0,23,0,0,abandoned
43261,U3265,2025-08-19 09:10:00,2025-08-19 09:16:00,M,50+,office,seoul,0,0,0,0,9,0,0,11,0,1,completed
43262,U3266,2025-09-04 19:31:00,2025-09-04 19:36:00,F,20~29,office,seoul,0,0,0,0,18,0,0,49,0,0,completed
43263,U3267,2025-08-24 22:04:00,2025-08-24 22:07:00,F,30~39,office,seoul,1,0,0,0,21,0,0,41,0,0,completed
43264,U3268,2025-02-14 07:55:00,2025-02-14 08:00:00,F,50+,office,seoul,0,0,0,0,18,0,0,46,0,0,completed
43265,U3269,2025-09-20 08:18:00,2025-09-20 08:21:00,F,30~39,office,seoul,1,0,0,0,7,0,0,21,1,0,completed
43266,U3270,2025-01-18 15:45:00,2025-01-18 15:51:00,F,50+,office,seoul,1,0,0,0,11,0,0,65,0,0,completed
43267,U3271,2025-09-26 18:38:00,2025-09-26 18:45:00,F,50+,office,seoul,0,0,0,0,9,0,0,79,0,0,completed
43268,U3272,2025-12-02 19:42:00,2025-12-02 19:48:00,F,30~39,office,seoul,0,0,0,0,28,0,0,13,0,0,abandoned
43269,U3273,2025-04-17 13:06:00,2025-04-17 13:08:00,M,40~49,office,seoul,0,0,0,0,14,0,0,30,0,1,abandoned
43270,U3274,2025-10-14 18:19:00,2025-10-14 18:23:00,F,30~39,office,seoul,0,0,0,0,18,0,0,51,0,0,completed
43271,U3275,2025-09-16 09:21:00,2025-09-16 09:26:00,M,20~29,office,seoul,0,0,0,0,12,0,0,16,0,0,completed
43272,U3276,2025-07-12 14:54:00,2025-07-12 15:01:00,M,20~29,office,seoul,1,0,0,0,17,0,0,53,0,0,completed
43273,U3277,2025-01-03 09:04:00,2025-01-03 09:10:00,M,50+,office,seoul,0,0,0,0,7,0,0,56,0,0,completed
43274,U3278,2025-02-19 18:37:00,2025-02-19 18:43:00,M,30~39,office,seoul,0,0,0,0,4,0,0,26,0,0,completed
43275,U3279,2025-01-07 17:28:00,2025-01-07 17:32:00,F,20~29,office,seoul,0,0,0,0,1,0,0,46,0,0,completed
43276,U3280,2025-05-22 18:47:00,2025-05-22 18:51:00,F,40~49,office,seoul,0,0,0,0,3,0,0,26,0,0,completed
43277,U3281,2025-11-28 15:00:00,2025-11-28 15:03:00,F,20~29,office,seoul,0,0,0,0,10,0,0,46,0,0,completed
43278,U3282,2025-10-01 09:17:00,2025-10-01 09:21:00,M,40~49,office,seoul,0,0,0,0,18,0,0,19,0,0,completed
43279,U3283,2025-07-25 15:36:00,2025-07-25 15:41:00,F,20~29,office,seoul,0,0,0,0,8,0,0,35,0,0,completed
43280,U3284,2025-10-11 18:10:00,2025-10-11 18:14:00,F,50+,office,seoul,1,0,0,0,19,0,0,78,0,0,completed
43281,U3285,2025-04-12 19:28:00,2025-04-12 19:30:00,F,50+,office,seoul,1,0,0,0,16,0,0,15,0,0,completed
43282,U3286,2025-07-24 11:27:00,2025-07-24 11:32:00,F,40~49,office,seoul,0,0,0,0,2,0,0,34,0,0,completed
43283,U3287,2025-02-17 13:50:00,2025-02-17 13:56:00,M,30~39,office,seoul,0,0,0,0,22,0,0,74,0,0,completed
43284,U3288,2025-05-09 21:30:00,2025-05-09 21:36:00,F,30~39,office,seoul,0,0,0,0,20,0,0,70,1,0,completed
43285,U3289,2025-09-26 17:26:00,2025-09-26 17:32:00,M,50+,office,seoul,0,0,0,0,22,0,0,47,0,0,completed
43286,U3290,2025-03-05 18:05:00,2025-03-05 18:08:00,M,20~29,office,seoul,0,0,0,0,18,0,0,74,0,0,completed
43287,U3291,2025-10-01 13:50:00,2025-10-01 13:57:00,M,20~29,office,seoul,0,0,0,0,4,0,0,27,0,0,completed
43288,U3292,2025-02-20 08:59:00,2025-02-20 09:05:00,M,30~39,office,seoul,0,0,0,0,27,0,0,52,0,0,completed
43289,U3293,2025-12-15 13:45:00,2025-12-15 13:52:00,M,40~49,office,seoul,0,0,0,0,26,0,0,42,0,0,completed
43290,U3294,2025-03-02 17:04:00,2025-03-02 17:08:00,F,30~39,office,seoul,1,0,0,0,29,0,0,20,0,0,completed
43291,U3295,2025-12-13 08:02:00,2025-12-13 08:04:00,F,30~39,office,seoul,1,0,0,0,26,0,0,38,0,0,completed
43292,U3296,2025-02-09 15:32:00,2025-02-09 15:38:00,F,20~29,office,seoul,1,0,0,0,25,0,0,76,0,0,abandoned
43293,U3297,2025-08-28 16:17:00,2025-08-28 16:22:00,M,50+,office,seoul,0,0,0,0,15,0,0,76,0,0,completed
43294,U3298,2025-07-20 11:20:00,2025-07-20 11:25:00,F,40~49,office,seoul,1,0,0,0,23,0,0,25,0,0,completed
43295,U3299,2025-05-12 13:25:00,2025-05-12 13:28:00,F,40~49,office,seoul,0,0,0,0,29,0,0,23,0,0,timeout
43296,U3300,2025-09-18 12:35:00,2025-09-18 12:37:00,F,30~39,office,seoul,0,0,0,0,22,0,0,44,0,0,completed
43297,U3301,2025-12-24 09:53:00,2025-12-24 09:59:00,F,20~29,office,seoul,0,0,0,0,13,0,0,64,0,0,completed
43298,U3302,2025-03-03 09:52:00,2025-03-03 09:54:00,M,40~49,office,seoul,0,0,0,0,0,0,0,15,0,0,completed
43299,U3303,2025-08-23 12:14:00,2025-08-23 12:16:00,F,20~29,office,seoul,1,0,0,0,15,0,0,74,0,0,completed
43300,U3304,2025-02-10 20:41:00,2025-02-10 20:46:00,M,20~29,office,seoul,0,0,0,0,22,0,0,77,0,0,completed
43301,U3305,2025-04-23 09:29:00,2025-04-23 09:35:00,F,30~39,office,seoul,0,0,0,0,9,0,0,29,0,0,completed
43302,U3306,2025-08-01 12:13:00,2025-08-01 12:15:00,F,50+,office,seoul,0,0,0,0,24,0,0,26,0,0,completed
43303,U3307,2025-10-09 17:33:00,2025-10-09 17:37:00,M,30~39,office,seoul,0,0,0,0,22,0,0,55,0,0,completed
43304,U3308,2025-08-31 12:00:00,2025-08-31 12:02:00,F,40~49,office,seoul,1,0,0,0,5,0,0,39,0,0,completed
43305,U3309,2025-06-29 13:09:00,2025-06-29 13:16:00,M,20~29,office,seoul,1,0,0,0,22,0,0,62,0,0,completed
43306,U3310,2025-04-09 13:26:00,2025-04-09 13:29:00,F,20~29,office,seoul,0,0,0,0,15,0,0,16,0,0,completed
43307,U3311,2025-02-01 15:36:00,2025-02-01 15:40:00,F,40~49,office,seoul,1,0,0,0,27,0,0,71,0,0,completed
43308,U3312,2025-06-05 12:45:00,2025-06-05 12:47:00,M,30~39,office,seoul,0,0,0,0,13,0,0,70,0,0,completed
43309,U3313,2025-03-27 15:32:00,2025-03-27 15:35:00,M,30~39,office,seoul,0,0,0,0,20,0,0,74,0,0,completed
43310,U3314,2025-11-03 17:08:00,2025-11-03 17:10:00,F,40~49,office,seoul,0,0,0,0,15,0,0,52,0,0,completed
43311,U3315,2025-07-02 14:55:00,2025-07-02 15:01:00,F,30~39,office,seoul,0,0,0,0,0,0,0,24,0,0,completed
43312,U3316,2025-08-07 19:30:00,2025-08-07 19:34:00,F,40~49,office,seoul,0,0,0,0,21,0,0,41,0,0,completed
43313,U3317,2025-07-21 16:50:00,2025-07-21 16:53:00,M,30~39,office,seoul,0,0,0,0,29,0,0,46,0,0,completed
43314,U3318,2025-02-05 09:22:00,2025-02-05 09:29:00,F,20~29,office,seoul,0,0,0,0,19,0,0,12,0,0,completed
43315,U3319,2025-05-02 15:45:00,2025-05-02 15:47:00,F,20~29,office,seoul,0,0,0,0,11,0,0,57,0,0,completed
43316,U3320,2025-11-29 08:53:00,2025-11-29 08:56:00,F,20~29,office,seoul,1,0,0,0,3,0,0,11,0,0,completed
43317,U3321,2025-08-15 11:19:00,2025-08-15 11:21:00,M,30~39,office,seoul,0,0,0,0,28,0,0,36,0,0,completed
43318,U3322,2025-06-18 12:26:00,2025-06-18 12:28:00,M,50+,office,seoul,0,0,0,0,29,0,0,66,0,0,completed
43319,U3323,2025-09-18 13:59:00,2025-09-18 14:02:00,M,50+,office,seoul,0,0,0,0,1,0,0,62,0,0,completed
43320,U3324,2025-06-01 07:56:00,2025-06-01 08:02:00,F,20~29,office,seoul,1,0,0,0,29,0,0,78,0,0,completed
43321,U3325,2025-06-12 14:08:00,2025-06-12 14:13:00,F,30~39,office,seoul,0,0,0,0,18,0,0,20,0,0,completed
43322,U3326,2025-02-01 21:27:00,2025-02-01 21:31:00,M,40~49,office,seoul,1,0,0,0,9,0,0,29,0,0,completed
43323,U3327,2025-07-04 09:43:00,2025-07-04 09:47:00,M,30~39,office,seoul,0,0,0,0,13,0,0,40,0,0,completed
43324,U3328,2025-03-08 17:23:00,2025-03-08 17:26:00,M,30~39,office,seoul,1,0,0,0,3,0,0,29,0,0,completed
43325,U3329,2025-09-18 07:08:00,2025-09-18 07:10:00,M,30~39,office,seoul,0,0,0,0,10,0,0,63,0,0,completed
43326,U3330,2025-07-22 09:18:00,2025-07-22 09:20:00,F,40~49,office,seoul,0,0,0,0,3,0,0,43,0,0,completed
43327,U3331,2025-01-16 18:04:00,2025-01-16 18:07:00,M,50+,office,seoul,0,0,0,0,15,0,0,55,1,0,completed
43328,U3332,2025-02-26 15:23:00,2025-02-26 15:29:00,M,40~49,office,seoul,0,0,0,0,25,0,0,57,0,0,completed
43329,U3333,2025-10-19 09:30:00,2025-10-19 09:33:00,M,30~39,office,seoul,1,0,0,0,24,0,0,10,0,0,completed
43330,U3334,2025-10-12 22:13:00,2025-10-12 22:19:00,M,30~39,office,seoul,1,0,0,0,29,0,0,46,0,0,completed
43331,U3335,2025-05-16 15:36:00,2025-05-16 15:43:00,M,20~29,office,seoul,0,0,0,0,14,0,0,17,0,0,completed
43332,U3336,2025-03-03 20:48:00,2025-03-03 20:52:00,F,50+,office,seoul,0,0,0,0,16,0,0,72,0,0,completed
43333,U3337,2025-01-06 09:05:00,2025-01-06 09:12:00,F,30~39,office,seoul,0,0,0,0,20,0,0,76,0,0,completed
43334,U3338,2025-04-13 08:52:00,2025-04-13 08:55:00,M,30~39,office,seoul,1,0,0,0,17,0,0,29,0,0,completed
43335,U3339,2025-03-15 16:59:00,2025-03-15 17:05:00,F,30~39,office,seoul,1,0,0,0,22,0,0,41,1,0,completed
43336,U3340,2025-02-14 15:54:00,2025-02-14 15:56:00,F,30~39,office,seoul,0,0,0,0,26,0,0,21,0,0,completed
43337,U3341,2025-09-25 14:21:00,2025-09-25 14:28:00,M,30~39,office,seoul,0,0,0,0,25,0,0,77,0,0,completed
43338,U3342,2025-09-12 08:28:00,2025-09-12 08:32:00,F,30~39,office,seoul,0,0,0,0,27,0,0,27,0,0,abandoned
43339,U3343,2025-12-04 18:28:00,2025-12-04 18:34:00,F,50+,office,seoul,0,0,0,0,26,0,0,18,0,0,completed
43340,U3344,2025-06-30 17:43:00,2025-06-30 17:50:00,F,30~39,office,seoul,0,0,0,0,0,0,0,22,0,0,abandoned
43341,U3345,2025-04-12 19:15:00,2025-04-12 19:18:00,F,30~39,office,seoul,1,0,0,0,27,0,0,51,0,0,completed
43342,U3346,2025-10-24 15:11:00,2025-10-24 15:13:00,F,30~39,office,seoul,0,0,0,0,26,0,0,36,0,0,completed
43343,U3347,2025-11-08 22:47:00,2025-11-08 22:53:00,M,30~39,office,seoul,1,0,0,0,19,0,0,75,0,0,timeout
43344,U3348,2025-12-02 12:18:00,2025-12-02 12:22:00,F,50+,office,seoul,0,0,0,0,22,0,0,43,0,0,completed
43345,U3349,2025-04-23 17:03:00,2025-04-23 17:10:00,M,20~29,office,seoul,0,0,0,0,24,0,0,44,0,0,abandoned
43346,U3350,2025-10-28 15:38:00,2025-10-28 15:43:00,M,20~29,office,seoul,0,0,0,0,12,0,0,54,0,0,completed
43347,U3351,2025-01-26 08:43:00,2025-01-26 08:46:00,M,20~29,office,seoul,1,0,0,0,10,0,0,41,0,0,completed
43348,U3352,2025-06-15 07:13:00,2025-06-15 07:19:00,F,40~49,office,seoul,1,0,0,0,14,0,0,10,0,0,completed
43349,U3353,2025-10-21 08:08:00,2025-10-21 08:10:00,F,30~39,office,seoul,0,0,0,0,18,0,0,13,0,0,completed
43350,U3354,2025-02-05 14:57:00,2025-02-05 15:02:00,M,30~39,office,seoul,0,0,0,0,22,0,0,22,0,0,completed
43351,U3355,2025-12-22 14:57:00,2025-12-22 15:02:00,M,20~29,office,seoul,0,0,0,0,21,0,0,55,0,0,completed
43352,U3356,2025-01-27 13:41:00,2025-01-27 13:43:00,F,20~29,office,seoul,0,0,0,0,29,0,0,56,0,1,completed
43353,U3357,2025-03-25 09:27:00,2025-03-25 09:29:00,F,30~39,office,seoul,0,0,0,0,20,0,0,61,0,0,completed
43354,U3358,2025-06-22 13:04:00,2025-06-22 13:08:00,F,20~29,office,seoul,1,0,0,0,1,0,0,28,0,0,completed
43355,U3359,2025-02-10 12:59:00,2025-02-10 13:06:00,F,30~39,office,seoul,0,0,0,0,5,0,0,62,0,0,abandoned
43356,U3360,2025-05-24 07:08:00,2025-05-24 07:10:00,F,40~49,office,seoul,1,0,0,0,3,0,0,14,0,0,completed
43357,U3361,2025-06-06 19:40:00,2025-06-06 19:43:00,F,20~29,office,seoul,0,0,0,0,26,0,0,71,0,0,error
43358,U3362,2025-07-27 11:08:00,2025-07-27 11:14:00,F,20~29,office,seoul,1,0,0,0,19,0,0,74,0,0,completed
43359,U3363,2025-11-01 14:18:00,2025-11-01 14:25:00,M,20~29,office,seoul,1,0,0,0,11,0,0,25,0,0,completed
43360,U3364,2025-12-15 15:32:00,2025-12-15 15:35:00,F,50+,office,seoul,0,0,0,0,17,0,0,35,1,0,completed
43361,U3365,2025-12-15 14:41:00,2025-12-15 14:44:00,M,50+,office,seoul,0,0,0,0,25,0,0,40,0,0,completed
43362,U3366,2025-03-07 08:24:00,2025-03-07 08:30:00,F,50+,office,seoul,0,0,0,0,8,0,0,74,1,0,completed
43363,U3367,2025-10-03 11:27:00,2025-10-03 11:32:00,M,30~39,office,seoul,0,0,0,0,4,0,0,18,0,0,completed
43364,U3368,2025-10-27 15:21:00,2025-10-27 15:24:00,M,30~39,office,seoul,0,0,0,0,0,0,0,18,0,0,completed
43365,U3369,2025-08-20 13:21:00,2025-08-20 13:23:00,M,50+,office,seoul,0,0,0,0,20,0,0,25,0,1,completed
43366,U3370,2025-06-03 22:01:00,2025-06-03 22:07:00,M,40~49,office,seoul,0,0,0,0,0,0,0,18,0,0,completed
43367,U3371,2025-10-17 13:13:00,2025-10-17 13:19:00,F,20~29,office,seoul,0,0,0,0,1,0,0,12,0,0,completed
43368,U3372,2025-04-07 17:09:00,2025-04-07 17:11:00,M,30~39,office,seoul,0,0,0,0,23,0,0,78,0,0,completed
43369,U3373,2025-02-21 09:49:00,2025-02-21 09:56:00,M,20~29,office,seoul,0,0,0,0,25,0,0,21,0,0,completed
43370,U3374,2025-07-27 15:46:00,2025-07-27 15:49:00,F,30~39,office,seoul,1,0,0,0,15,0,0,30,0,0,completed
43371,U3375,2025-05-04 09:01:00,2025-05-04 09:05:00,M,20~29,office,seoul,1,0,0,0,7,0,0,54,0,0,completed
43372,U3376,2025-08-06 14:54:00,2025-08-06 14:59:00,M,20~29,office,seoul,0,0,0,0,20,0,0,49,0,0,completed
43373,U3377,2025-03-05 14:00:00,2025-03-05 14:07:00,F,20~29,office,seoul,0,0,0,0,9,0,0,19,0,0,completed
43374,U3378,2025-09-03 13:42:00,2025-09-03 13:44:00,F,30~39,office,seoul,0,0,0,0,25,0,0,16,0,0,completed
43375,U3379,2025-03-07 09:13:00,2025-03-07 09:16:00,F,50+,office,seoul,0,0,0,0,28,0,0,18,0,0,completed
43376,U3380,2025-01-13 09:02:00,2025-01-13 09:08:00,F,30~39,office,seoul,0,0,0,0,13,0,0,19,0,0,completed
43377,U3381,2025-08-03 20:08:00,2025-08-03 20:13:00,M,20~29,office,seoul,1,0,0,0,6,0,0,28,0,0,completed
43378,U3382,2025-01-02 20:55:00,2025-01-02 21:00:00,M,50+,office,seoul,0,0,0,0,24,0,0,11,0,0,completed
43379,U3383,2025-10-21 07:17:00,2025-10-21 07:20:00,F,40~49,office,seoul,0,0,0,0,14,0,0,29,0,0,completed
43380,U3384,2025-09-04 11:55:00,2025-09-04 11:59:00,F,30~39,office,seoul,0,0,0,0,24,0,0,46,0,0,completed
43381,U3385,2025-04-12 13:28:00,2025-04-12 13:32:00,F,30~39,office,seoul,1,0,0,0,21,0,0,51,0,0,completed
43382,U3386,2025-10-20 20:20:00,2025-10-20 20:25:00,F,20~29,office,seoul,0,0,0,0,9,0,0,42,0,0,abandoned
43383,U3387,2025-01-12 16:38:00,2025-01-12 16:42:00,M,20~29,office,seoul,1,0,0,0,25,0,0,48,0,0,completed
43384,U3388,2025-05-25 12:57:00,2025-05-25 13:00:00,M,30~39,office,seoul,1,0,0,0,21,0,0,30,0,0,completed
43385,U3389,2025-05-19 08:03:00,2025-05-19 08:06:00,M,20~29,office,seoul,0,0,0,0,5,0,0,72,1,0,completed
43386,U3390,2025-08-06 12:19:00,2025-08-06 12:23:00,M,20~29,office,seoul,0,0,0,0,25,0,0,26,0,0,completed
43387,U3391,2025-04-08 12:03:00,2025-04-08 12:09:00,F,20~29,office,seoul,0,0,0,0,28,0,0,18,0,0,completed
43388,U3392,2025-09-25 16:25:00,2025-09-25 16:28:00,M,40~49,office,seoul,0,0,0,0,5,0,0,64,0,0,completed
43389,U3393,2025-08-14 13:51:00,2025-08-14 13:58:00,F,20~29,office,seoul,0,0,0,0,27,0,0,76,0,0,completed
43390,U3394,2025-07-20 09:35:00,2025-07-20 09:40:00,F,20~29,office,seoul,1,0,0,0,7,0,0,19,0,0,completed
43391,U3395,2025-09-18 15:49:00,2025-09-18 15:53:00,M,20~29,office,seoul,0,0,0,0,20,0,0,50,0,0,completed
43392,U3396,2025-02-19 15:48:00,2025-02-19 15:54:00,M,20~29,office,seoul,0,0,0,0,10,0,0,20,0,0,completed
43393,U3397,2025-06-22 13:31:00,2025-06-22 13:33:00,M,50+,office,seoul,1,0,0,0,14,0,0,41,0,0,completed
43394,U3398,2025-08-17 20:24:00,2025-08-17 20:26:00,M,50+,office,seoul,1,0,0,0,7,0,0,42,0,0,completed
43395,U3399,2025-07-10 17:54:00,2025-07-10 17:57:00,M,20~29,office,seoul,0,0,0,0,19,0,0,62,0,0,completed
43396,U3400,2025-02-22 12:43:00,2025-02-22 12:46:00,F,40~49,office,seoul,1,0,0,0,10,0,0,23,0,0,completed
43397,U3401,2025-12-21 15:08:00,2025-12-21 15:10:00,F,30~39,office,seoul,1,0,0,0,18,0,0,28,0,0,completed
43398,U3402,2025-05-03 15:18:00,2025-05-03 15:20:00,M,40~49,office,seoul,1,0,0,0,21,0,0,33,0,0,completed
43399,U3403,2025-02-17 09:30:00,2025-02-17 09:37:00,F,50+,office,seoul,0,0,0,0,7,0,0,52,0,0,completed
43400,U3404,2025-07-09 08:09:00,2025-07-09 08:14:00,F,40~49,office,seoul,0,0,0,0,27,0,0,61,0,0,completed
43401,U3405,2025-05-14 14:48:00,2025-05-14 14:55:00,M,20~29,office,seoul,0,0,0,0,2,0,0,11,0,0,completed
43402,U3406,2025-08-08 15:46:00,2025-08-08 15:51:00,M,30~39,office,seoul,0,0,0,0,9,0,0,73,0,0,completed
43403,U3407,2025-11-16 11:55:00,2025-11-16 11:57:00,F,20~29,office,seoul,1,0,0,0,23,0,0,23,0,0,completed
43404,U3408,2025-11-12 16:25:00,2025-11-12 16:31:00,M,30~39,office,seoul,0,0,0,0,11,0,0,15,0,0,completed
43405,U3409,2025-12-20 09:01:00,2025-12-20 09:06:00,M,30~39,office,seoul,1,0,0,0,11,0,0,15,0,0,abandoned
43406,U3410,2025-12-14 14:59:00,2025-12-14 15:01:00,M,30~39,office,seoul,1,0,0,0,7,0,0,64,0,0,abandoned
43407,U3411,2025-12-03 13:31:00,2025-12-03 13:37:00,M,30~39,office,seoul,0,0,0,0,14,0,0,21,0,0,completed
43408,U3412,2025-05-17 19:43:00,2025-05-17 19:49:00,F,40~49,office,seoul,1,0,0,0,3,0,0,38,0,0,completed
43409,U3413,2025-12-15 14:14:00,2025-12-15 14:18:00,F,20~29,office,seoul,0,0,0,0,9,0,0,40,0,0,completed
43410,U3414,2025-05-25 09:41:00,2025-05-25 09:48:00,M,40~49,office,seoul,1,0,0,0,9,0,0,23,0,0,completed
43411,U3415,2025-10-03 20:16:00,2025-10-03 20:19:00,F,40~49,office,seoul,0,0,0,0,7,0,0,64,0,0,completed
43412,U3416,2025-10-16 07:29:00,2025-10-16 07:34:00,F,20~29,office,seoul,0,0,0,0,9,0,0,40,0,0,completed
43413,U3417,2025-12-30 12:17:00,2025-12-30 12:19:00,M,20~29,office,seoul,0,0,0,0,20,0,0,28,0,0,completed
43414,U3418,2025-10-08 14:05:00,2025-10-08 14:11:00,F,30~39,office,seoul,0,0,0,0,29,0,0,36,0,0,completed
43415,U3419,2025-01-02 11:54:00,2025-01-02 11:57:00,F,30~39,office,seoul,0,0,0,0,9,0,0,76,0,0,completed
43416,U3420,2025-08-06 15:41:00,2025-08-06 15:46:00,F,30~39,office,seoul,0,0,0,0,6,0,0,70,0,0,completed
43417,U3421,2025-01-24 08:54:00,2025-01-24 08:57:00,F,20~29,office,seoul,0,0,0,0,6,0,0,53,0,0,completed
43418,U3422,2025-11-14 12:25:00,2025-11-14 12:29:00,F,20~29,office,seoul,0,0,0,0,21,0,0,23,0,0,completed
43419,U3423,2025-11-23 09:48:00,2025-11-23 09:55:00,M,50+,office,seoul,1,0,0,0,5,0,0,68,0,0,completed
43420,U3424,2025-10-13 14:23:00,2025-10-13 14:30:00,F,50+,office,seoul,0,0,0,0,15,0,0,39,0,0,completed
43421,U3425,2025-09-01 09:29:00,2025-09-01 09:33:00,F,40~49,office,seoul,0,0,0,0,24,0,0,35,0,0,completed
43422,U3426,2025-07-30 08:38:00,2025-07-30 08:45:00,M,30~39,office,seoul,0,0,0,0,2,0,0,50,0,0,completed
43423,U3427,2025-11-05 09:28:00,2025-11-05 09:31:00,F,30~39,office,seoul,0,0,0,0,19,0,0,10,0,0,completed
43424,U3428,2025-11-18 21:34:00,2025-11-18 21:36:00,F,20~29,office,seoul,0,0,0,0,5,0,0,39,0,0,completed
43425,U3429,2025-08-08 09:42:00,2025-08-08 09:47:00,F,50+,office,seoul,0,0,0,0,16,0,0,38,0,0,completed
43426,U3430,2025-04-13 09:33:00,2025-04-13 09:39:00,M,30~39,office,seoul,1,0,0,0,21,0,0,75,0,0,abandoned
43427,U3431,2025-02-20 14:08:00,2025-02-20 14:15:00,M,50+,office,seoul,0,0,0,0,7,0,0,29,0,0,completed
43428,U3432,2025-05-01 14:57:00,2025-05-01 15:01:00,F,30~39,office,seoul,0,0,0,0,27,0,0,64,0,0,completed
43429,U3433,2025-01-30 13:39:00,2025-01-30 13:44:00,F,30~39,office,seoul,0,0,0,0,9,0,0,28,0,0,completed
43430,U3434,2025-12-16 17:34:00,2025-12-16 17:37:00,M,20~29,office,seoul,0,0,0,0,21,0,0,36,0,0,completed
43431,U3435,2025-09-20 13:00:00,2025-09-20 13:02:00,F,20~29,office,seoul,1,0,0,0,25,0,0,72,0,0,timeout
43432,U3436,2025-07-06 07:37:00,2025-07-06 07:39:00,F,30~39,office,seoul,1,0,0,0,10,0,0,59,0,0,completed
43433,U3437,2025-01-10 17:35:00,2025-01-10 17:40:00,F,30~39,office,seoul,0,0,0,0,5,0,0,50,0,0,completed
43434,U3438,2025-02-10 09:16:00,2025-02-10 09:22:00,F,20~29,office,seoul,0,0,0,0,18,0,0,26,0,0,completed
43435,U3439,2025-06-24 14:59:00,2025-06-24 15:03:00,M,20~29,office,seoul,0,0,0,0,12,0,0,68,0,0,completed
43436,U3440,2025-01-26 15:45:00,2025-01-26 15:49:00,F,20~29,office,seoul,1,0,0,0,11,0,0,25,0,0,completed
43437,U3441,2025-04-02 15:20:00,2025-04-02 15:27:00,M,30~39,office,seoul,0,0,0,0,20,0,0,27,0,0,completed
43438,U3442,2025-03-24 20:59:00,2025-03-24 21:03:00,M,20~29,office,seoul,0,0,0,0,5,0,0,66,0,0,completed
43439,U3443,2025-07-04 22:18:00,2025-07-04 22:20:00,M,30~39,office,seoul,0,0,0,0,19,0,0,17,0,0,completed
43440,U3444,2025-09-17 09:51:00,2025-09-17 09:58:00,M,50+,office,seoul,0,0,0,0,16,0,0,70,0,0,abandoned
43441,U3445,2025-09-09 17:29:00,2025-09-09 17:34:00,M,40~49,office,seoul,0,0,0,0,25,0,0,14,0,0,timeout
43442,U3446,2025-05-24 16:46:00,2025-05-24 16:52:00,F,30~39,office,seoul,1,0,0,0,27,0,0,23,0,0,completed
43443,U3447,2025-06-30 07:28:00,2025-06-30 07:33:00,F,20~29,office,seoul,0,0,0,0,13,0,0,29,0,0,completed
43444,U3448,2025-01-05 16:05:00,2025-01-05 16:08:00,F,30~39,office,seoul,1,0,0,0,12,0,0,33,0,0,abandoned
43445,U3449,2025-05-04 19:24:00,2025-05-04 19:27:00,F,20~29,office,seoul,1,0,0,0,14,0,0,11,0,0,completed
43446,U3450,2025-05-30 15:38:00,2025-05-30 15:40:00,M,30~39,office,seoul,0,0,0,0,10,0,0,61,0,0,completed
43447,U3451,2025-12-10 09:30:00,2025-12-10 09:36:00,F,40~49,office,seoul,0,0,0,0,2,0,0,19,0,0,completed
43448,U3452,2025-03-27 12:11:00,2025-03-27 12:15:00,F,20~29,office,seoul,0,0,0,0,26,0,0,67,0,0,completed
43449,U3453,2025-06-18 13:15:00,2025-06-18 13:19:00,F,50+,office,seoul,0,0,0,0,25,0,0,72,0,0,completed
43450,U3454,2025-07-27 08:32:00,2025-07-27 08:39:00,M,30~39,office,seoul,1,0,0,0,2,0,0,59,0,0,completed
43451,U3455,2025-06-04 20:57:00,2025-06-04 21:04:00,F,30~39,office,seoul,0,0,0,0,26,0,0,23,0,0,completed
43452,U3456,2025-09-14 11:18:00,2025-09-14 11:23:00,F,40~49,office,seoul,1,0,0,0,7,0,0,71,0,0,completed
43453,U3457,2025-04-21 11:45:00,2025-04-21 11:51:00,M,50+,office,seoul,0,0,0,0,4,0,0,23,0,0,completed
43454,U3458,2025-07-04 16:19:00,2025-07-04 16:24:00,F,20~29,office,seoul,0,0,0,0,0,0,0,69,0,0,completed
43455,U3459,2025-11-20 16:46:00,2025-11-20 16:49:00,F,30~39,office,seoul,0,0,0,0,8,0,0,64,0,0,completed
43456,U3460,2025-05-01 15:01:00,2025-05-01 15:05:00,M,30~39,office,seoul,0,0,0,0,20,0,0,39,0,0,completed
43457,U3461,2025-05-16 08:49:00,2025-05-16 08:54:00,F,20~29,office,seoul,0,0,0,0,10,0,0,43,0,0,completed
43458,U3462,2025-01-02 15:48:00,2025-01-02 15:54:00,M,30~39,office,seoul,0,0,0,0,22,0,0,12,0,0,completed
43459,U3463,2025-02-16 08:56:00,2025-02-16 09:02:00,F,40~49,office,seoul,1,0,0,0,4,0,0,67,0,0,completed
43460,U3464,2025-12-11 14:49:00,2025-12-11 14:54:00,F,20~29,office,seoul,0,0,0,0,17,0,0,20,0,0,completed
43461,U3465,2025-02-25 14:04:00,2025-02-25 14:10:00,F,20~29,office,seoul,0,0,0,0,27,0,0,59,0,0,completed
43462,U3466,2025-01-15 14:17:00,2025-01-15 14:19:00,M,20~29,office,seoul,0,0,0,0,25,0,0,22,0,0,completed
43463,U3467,2025-03-25 09:07:00,2025-03-25 09:11:00,F,20~29,office,seoul,0,0,0,0,24,0,0,59,0,0,completed
43464,U3468,2025-11-25 21:09:00,2025-11-25 21:15:00,F,20~29,office,seoul,0,0,0,0,20,0,0,38,0,0,completed
43465,U3469,2025-02-27 07:56:00,2025-02-27 08:00:00,F,50+,office,seoul,0,0,0,0,1,0,0,11,0,0,completed
43466,U3470,2025-07-02 12:50:00,2025-07-02 12:56:00,M,40~49,office,seoul,0,0,0,0,8,0,0,21,0,0,completed
43467,U3471,2025-06-03 15:45:00,2025-06-03 15:48:00,M,20~29,office,seoul,0,0,0,0,28,0,0,77,0,0,completed
43468,U3472,2025-10-22 20:12:00,2025-10-22 20:15:00,F,40~49,office,seoul,0,0,0,0,10,0,0,53,0,0,abandoned
43469,U3473,2025-02-04 16:34:00,2025-02-04 16:41:00,F,30~39,office,seoul,0,0,0,0,3,0,0,39,0,0,completed
43470,U3474,2025-02-13 09:53:00,2025-02-13 09:55:00,F,50+,office,seoul,0,0,0,0,22,0,0,17,0,0,abandoned
43471,U3475,2025-03-09 14:38:00,2025-03-09 14:44:00,F,30~39,office,seoul,1,0,0,0,19,0,0,18,0,0,completed
43472,U3476,2025-01-06 07:54:00,2025-01-06 08:00:00,F,40~49,office,seoul,0,0,0,0,7,0,0,42,0,0,completed
43473,U3477,2025-03-15 13:49:00,2025-03-15 13:52:00,F,30~39,office,seoul,1,0,0,0,4,0,0,42,1,0,abandoned
43474,U3478,2025-09-03 17:36:00,2025-09-03 17:43:00,F,20~29,office,seoul,0,0,0,0,17,0,0,18,0,0,completed
43475,U3479,2025-10-26 08:25:00,2025-10-26 08:30:00,F,20~29,office,seoul,1,0,0,0,22,0,0,49,0,0,completed
43476,U3480,2025-03-24 14:16:00,2025-03-24 14:20:00,M,20~29,office,seoul,0,0,0,0,25,0,0,48,0,0,completed
43477,U3481,2025-08-27 19:13:00,2025-08-27 19:19:00,M,30~39,office,seoul,0,0,0,0,1,0,0,59,0,0,completed
43478,U3482,2025-01-06 09:59:00,2025-01-06 10:03:00,M,20~29,office,seoul,0,0,0,0,10,0,0,22,1,0,completed
43479,U3483,2025-01-04 17:22:00,2025-01-04 17:25:00,M,40~49,office,seoul,1,0,0,0,6,0,0,62,0,0,completed
43480,U3484,2025-06-22 15:41:00,2025-06-22 15:43:00,M,30~39,office,seoul,1,0,0,0,7,0,0,65,0,0,completed
43481,U3485,2025-10-27 12:02:00,2025-10-27 12:08:00,M,20~29,office,seoul,0,0,0,0,6,0,0,33,0,0,completed
43482,U3486,2025-05-12 18:48:00,2025-05-12 18:53:00,M,30~39,office,seoul,0,0,0,0,0,0,0,78,0,0,completed
43483,U3487,2025-12-27 08:07:00,2025-12-27 08:11:00,F,20~29,office,seoul,1,0,0,0,2,0,0,67,1,0,completed
43484,U3488,2025-03-07 13:42:00,2025-03-07 13:45:00,M,30~39,office,seoul,0,0,0,0,26,0,0,74,0,0,completed
43485,U3489,2025-11-16 09:07:00,2025-11-16 09:13:00,F,30~39,office,seoul,1,0,0,0,12,0,0,20,0,0,completed
43486,U3490,2025-05-07 09:04:00,2025-05-07 09:06:00,F,20~29,office,seoul,0,0,0,0,16,0,0,25,0,0,completed
43487,U3491,2025-10-08 12:21:00,2025-10-08 12:28:00,F,20~29,office,seoul,0,0,0,0,18,0,0,69,0,0,completed
43488,U3492,2025-04-25 12:00:00,2025-04-25 12:07:00,M,40~49,office,seoul,0,0,0,0,5,0,0,17,0,0,completed
43489,U3493,2025-06-29 18:36:00,2025-06-29 18:39:00,M,40~49,office,seoul,1,0,0,0,15,0,0,12,0,1,completed
43490,U3494,2025-09-01 16:45:00,2025-09-01 16:49:00,M,20~29,office,seoul,0,0,0,0,23,0,0,37,0,0,completed
43491,U3495,2025-12-15 11:44:00,2025-12-15 11:46:00,F,30~39,office,seoul,0,0,0,0,9,0,0,29,0,0,completed
43492,U3496,2025-08-25 12:59:00,2025-08-25 13:02:00,M,20~29,office,seoul,0,0,0,0,8,0,0,32,0,0,completed
43493,U3497,2025-09-12 14:51:00,2025-09-12 14:57:00,F,20~29,office,seoul,0,0,0,0,14,0,0,72,0,0,completed
43494,U3498,2025-03-12 14:32:00,2025-03-12 14:35:00,M,20~29,office,seoul,0,0,0,0,6,0,0,58,0,0,completed
43495,U3499,2025-08-06 07:13:00,2025-08-06 07:20:00,F,40~49,office,seoul,0,0,0,0,20,0,0,49,0,0,completed
43496,U3500,2025-02-21 14:48:00,2025-02-21 14:54:00,F,30~39,office,seoul,0,0,0,0,25,0,0,25,0,0,completed
43497,U3501,2025-10-07 09:54:00,2025-10-07 09:58:00,F,30~39,office,seoul,0,0,0,0,1,0,0,41,0,0,completed
43498,U3502,2025-12-30 20:32:00,2025-12-30 20:34:00,M,40~49,office,seoul,0,0,0,0,11,0,0,62,0,0,completed
43499,U3503,2025-09-22 09:33:00,2025-09-22 09:35:00,F,30~39,office,seoul,0,0,0,0,11,0,0,50,0,0,abandoned
43500,U3504,2025-12-16 13:14:00,2025-12-16 13:21:00,M,40~49,office,seoul,0,0,0,0,7,0,0,29,0,0,completed
43501,U3505,2025-10-23 12:43:00,2025-10-23 12:48:00,M,20~29,office,seoul,0,0,0,0,9,0,0,20,0,0,completed
43502,U3506,2025-09-29 12:50:00,2025-09-29 12:53:00,M,40~49,office,seoul,0,0,0,0,1,0,0,39,0,0,completed
43503,U3507,2025-06-27 13:29:00,2025-06-27 13:32:00,F,30~39,office,seoul,0,0,0,0,23,0,0,28,0,0,abandoned
43504,U3508,2025-12-28 19:34:00,2025-12-28 19:36:00,M,30~39,office,seoul,1,0,0,0,9,0,0,42,0,0,completed
43505,U3509,2025-04-20 17:26:00,2025-04-20 17:33:00,M,40~49,office,seoul,1,0,0,0,21,0,0,76,0,0,completed
43506,U3510,2025-02-07 09:40:00,2025-02-07 09:46:00,M,20~29,office,seoul,0,0,0,0,5,0,0,24,0,0,completed
43507,U3511,2025-08-21 13:51:00,2025-08-21 13:53:00,M,40~49,office,seoul,0,0,0,0,14,0,0,69,0,1,completed
43508,U3512,2025-08-20 13:38:00,2025-08-20 13:41:00,M,20~29,office,seoul,0,0,0,0,10,0,0,21,0,0,completed
43509,U3513,2025-08-18 13:14:00,2025-08-18 13:17:00,F,50+,office,seoul,0,0,0,0,28,0,0,74,0,0,completed
43510,U3514,2025-10-11 09:10:00,2025-10-11 09:17:00,M,20~29,office,seoul,1,0,0,0,5,0,0,14,0,0,completed
43511,U3515,2025-06-20 12:18:00,2025-06-20 12:20:00,F,50+,office,seoul,0,0,0,0,25,0,0,42,0,0,completed
43512,U3516,2025-10-03 16:54:00,2025-10-03 16:59:00,F,20~29,office,seoul,0,0,0,0,17,0,0,33,0,0,completed
43513,U3517,2025-06-03 14:28:00,2025-06-03 14:32:00,F,50+,office,seoul,0,0,0,0,23,0,0,12,0,0,completed
43514,U3518,2025-06-22 09:03:00,2025-06-22 09:10:00,F,30~39,office,seoul,1,0,0,0,22,0,0,54,0,0,completed
43515,U3519,2025-01-13 13:50:00,2025-01-13 13:54:00,M,40~49,office,seoul,0,0,0,0,25,0,0,45,0,0,completed
43516,U3520,2025-09-30 15:20:00,2025-09-30 15:25:00,F,40~49,office,seoul,0,0,0,0,19,0,0,68,0,0,completed
43517,U3521,2025-01-06 09:41:00,2025-01-06 09:44:00,M,20~29,office,seoul,0,0,0,0,5,0,0,44,0,0,completed
43518,U3522,2025-01-31 18:00:00,2025-01-31 18:03:00,M,40~49,office,seoul,0,0,0,0,26,0,0,36,0,0,completed
43519,U3523,2025-10-27 16:19:00,2025-10-27 16:24:00,M,20~29,office,seoul,0,0,0,0,8,0,0,75,0,0,completed
43520,U3524,2025-01-09 12:03:00,2025-01-09 12:10:00,M,20~29,office,seoul,0,0,0,0,3,0,0,56,0,0,completed
43521,U3525,2025-07-19 07:39:00,2025-07-19 07:46:00,M,40~49,office,seoul,1,0,0,0,4,0,0,69,0,0,completed
43522,U3526,2025-04-05 16:05:00,2025-04-05 16:08:00,M,20~29,office,seoul,1,0,0,0,25,0,0,15,0,0,completed
43523,U3527,2025-01-25 20:19:00,2025-01-25 20:25:00,M,20~29,office,seoul,1,0,0,0,25,0,0,76,0,0,abandoned
43524,U3528,2025-12-05 08:47:00,2025-12-05 08:49:00,F,30~39,office,seoul,0,0,0,0,21,0,0,59,0,0,completed
43525,U3529,2025-01-21 18:39:00,2025-01-21 18:42:00,F,40~49,office,seoul,0,0,0,0,4,0,0,24,0,0,completed
43526,U3530,2025-08-19 16:20:00,2025-08-19 16:24:00,F,20~29,office,seoul,0,0,0,0,2,0,0,13,0,0,completed
43527,U3531,2025-01-08 08:48:00,2025-01-08 08:55:00,F,30~39,office,seoul,0,0,0,0,15,0,0,20,0,0,completed
43528,U3532,2025-12-08 09:18:00,2025-12-08 09:24:00,M,40~49,office,seoul,0,0,0,0,1,0,0,58,0,0,completed
43529,U3533,2025-07-12 11:45:00,2025-07-12 11:52:00,M,30~39,office,seoul,1,0,0,0,24,0,0,34,0,0,completed
43530,U3534,2025-05-05 15:36:00,2025-05-05 15:39:00,F,40~49,office,seoul,0,0,0,0,5,0,0,52,0,0,completed
43531,U3535,2025-10-13 21:35:00,2025-10-13 21:40:00,F,30~39,office,seoul,0,0,0,0,1,0,0,11,0,0,completed
43532,U3536,2025-06-15 08:52:00,2025-06-15 08:54:00,F,30~39,office,seoul,1,0,0,0,29,0,0,47,0,0,completed
43533,U3537,2025-12-20 14:28:00,2025-12-20 14:32:00,F,20~29,office,seoul,1,0,0,0,26,0,0,33,0,0,completed
43534,U3538,2025-07-25 07:20:00,2025-07-25 07:27:00,F,20~29,office,seoul,0,0,0,0,28,0,0,17,0,0,abandoned
43535,U3539,2025-02-12 12:27:00,2025-02-12 12:32:00,M,40~49,office,seoul,0,0,0,0,23,0,0,63,0,0,completed
43536,U3540,2025-02-23 18:50:00,2025-02-23 18:57:00,M,40~49,office,seoul,1,0,0,0,21,0,0,12,0,0,completed
43537,U3541,2025-08-31 19:04:00,2025-08-31 19:11:00,M,50+,office,seoul,1,0,0,0,1,0,0,48,0,0,completed
43538,U3542,2025-05-04 14:50:00,2025-05-04 14:53:00,M,30~39,office,seoul,1,0,0,0,7,0,0,23,0,0,completed
43539,U3543,2025-11-05 13:49:00,2025-11-05 13:53:00,F,40~49,office,seoul,0,0,0,0,25,0,0,32,0,0,completed
43540,U3544,2025-10-24 12:40:00,2025-10-24 12:47:00,M,20~29,office,seoul,0,0,0,0,10,0,0,35,0,0,completed
43541,U3545,2025-09-20 09:37:00,2025-09-20 09:40:00,M,50+,office,seoul,1,0,0,0,23,0,0,71,0,0,completed
43542,U3546,2025-06-05 14:29:00,2025-06-05 14:31:00,M,40~49,office,seoul,0,0,0,0,4,0,0,36,0,0,completed
43543,U3547,2025-04-19 13:12:00,2025-04-19 13:16:00,M,20~29,office,seoul,1,0,0,0,4,0,0,20,0,0,completed
43544,U3548,2025-01-30 09:42:00,2025-01-30 09:44:00,M,20~29,office,seoul,0,0,0,0,29,0,0,77,0,0,completed
43545,U3549,2025-04-05 17:26:00,2025-04-05 17:33:00,F,30~39,office,seoul,1,0,0,0,23,0,0,45,1,0,completed
43546,U3550,2025-03-09 16:55:00,2025-03-09 17:01:00,M,40~49,office,seoul,1,0,0,0,4,0,0,17,0,0,completed
43547,U3551,2025-10-21 12:34:00,2025-10-21 12:39:00,F,20~29,office,seoul,0,0,0,0,3,0,0,48,0,0,completed
43548,U3552,2025-12-29 14:12:00,2025-12-29 14:15:00,F,50+,office,seoul,0,0,0,0,2,0,0,11,0,1,completed
43549,U3553,2025-05-08 13:38:00,2025-05-08 13:42:00,F,40~49,office,seoul,0,0,0,0,11,0,0,23,0,0,completed
43550,U3554,2025-09-09 11:49:00,2025-09-09 11:51:00,M,30~39,office,seoul,0,0,0,0,7,0,0,47,0,0,completed
43551,U3555,2025-05-20 12:06:00,2025-05-20 12:09:00,F,50+,office,seoul,0,0,0,0,17,0,0,43,0,1,completed
43552,U3556,2025-01-11 14:38:00,2025-01-11 14:40:00,F,30~39,office,seoul,1,0,0,0,16,0,0,36,0,0,completed
43553,U3557,2025-05-08 09:55:00,2025-05-08 10:02:00,F,20~29,office,seoul,0,0,0,0,1,0,0,73,0,0,completed
43554,U3558,2025-12-18 20:41:00,2025-12-18 20:48:00,F,30~39,office,seoul,0,0,0,0,20,0,0,11,0,0,completed
43555,U3559,2025-04-23 14:08:00,2025-04-23 14:14:00,M,20~29,office,seoul,0,0,0,0,20,0,0,46,0,0,abandoned
43556,U3560,2025-02-21 15:11:00,2025-02-21 15:15:00,M,20~29,office,seoul,0,0,0,0,1,0,0,18,0,0,completed
43557,U3561,2025-11-05 16:12:00,2025-11-05 16:17:00,M,40~49,office,seoul,0,0,0,0,7,0,0,77,0,0,completed
43558,U3562,2025-05-10 22:52:00,2025-05-10 22:58:00,M,30~39,office,seoul,1,0,0,0,18,0,0,31,0,0,completed
43559,U3563,2025-01-28 11:31:00,2025-01-28 11:36:00,M,20~29,office,seoul,0,0,0,0,23,0,0,71,0,0,completed
43560,U3564,2025-03-31 07:03:00,2025-03-31 07:07:00,M,20~29,office,seoul,0,0,0,0,24,0,0,10,0,0,completed
43561,U3565,2025-08-10 15:54:00,2025-08-10 15:59:00,F,50+,office,seoul,1,0,0,0,8,0,0,26,0,0,error
43562,U3566,2025-04-14 12:15:00,2025-04-14 12:17:00,F,20~29,office,seoul,0,0,0,0,6,0,0,63,1,0,completed
43563,U3567,2025-03-05 19:59:00,2025-03-05 20:05:00,F,50+,office,seoul,0,0,0,0,14,0,0,39,0,0,completed
43564,U3568,2025-06-28 20:32:00,2025-06-28 20:37:00,M,30~39,office,seoul,1,0,0,0,17,0,0,56,0,0,completed
43565,U3569,2025-11-01 14:47:00,2025-11-01 14:51:00,F,20~29,office,seoul,1,0,0,0,18,0,0,24,0,0,completed
43566,U3570,2025-08-27 19:05:00,2025-08-27 19:11:00,M,50+,office,seoul,0,0,0,0,20,0,0,60,0,0,completed
43567,U3571,2025-03-18 12:24:00,2025-03-18 12:28:00,M,30~39,office,seoul,0,0,0,0,22,0,0,18,0,0,completed
43568,U3572,2025-07-23 09:14:00,2025-07-23 09:19:00,F,30~39,office,seoul,0,0,0,0,24,0,0,74,0,0,completed
43569,U3573,2025-07-08 15:14:00,2025-07-08 15:17:00,F,50+,office,seoul,0,0,0,0,0,0,0,44,0,0,completed
43570,U3574,2025-09-10 14:20:00,2025-09-10 14:23:00,F,50+,office,seoul,0,0,0,0,22,0,0,21,0,0,completed
43571,U3575,2025-04-19 07:28:00,2025-04-19 07:34:00,M,40~49,office,seoul,1,0,0,0,5,0,0,69,0,0,completed
43572,U3576,2025-08-16 14:43:00,2025-08-16 14:50:00,M,50+,office,seoul,1,0,0,0,5,0,0,79,1,0,completed
43573,U3577,2025-02-04 16:13:00,2025-02-04 16:20:00,M,30~39,office,seoul,0,0,0,0,8,0,0,76,0,0,completed
43574,U3578,2025-05-13 07:23:00,2025-05-13 07:26:00,M,20~29,office,seoul,0,0,0,0,29,0,0,41,0,0,timeout
43575,U3579,2025-02-17 19:19:00,2025-02-17 19:22:00,F,30~39,office,seoul,0,0,0,0,12,0,0,39,0,0,completed
43576,U3580,2025-12-14 19:02:00,2025-12-14 19:04:00,M,40~49,office,seoul,1,0,0,0,17,0,0,76,0,0,completed
43577,U3581,2025-10-26 15:07:00,2025-10-26 15:13:00,M,20~29,office,seoul,1,0,0,0,25,0,0,11,0,0,completed
43578,U3582,2025-07-13 20:11:00,2025-07-13 20:16:00,F,30~39,office,seoul,1,0,0,0,16,0,0,23,0,0,completed
43579,U3583,2025-03-27 08:16:00,2025-03-27 08:21:00,F,30~39,office,seoul,0,0,0,0,9,0,0,18,0,0,completed
43580,U3584,2025-05-02 12:56:00,2025-05-02 12:58:00,F,20~29,office,seoul,0,0,0,0,5,0,0,79,0,0,completed
43581,U3585,2025-10-18 20:49:00,2025-10-18 20:51:00,M,20~29,office,seoul,1,0,0,0,12,0,0,13,0,0,completed
43582,U3586,2025-01-12 15:51:00,2025-01-12 15:56:00,M,40~49,office,seoul,1,0,0,0,20,0,0,12,0,0,completed
43583,U3587,2025-08-10 15:24:00,2025-08-10 15:26:00,M,40~49,office,seoul,1,0,0,0,11,0,0,10,0,0,completed
43584,U3588,2025-07-18 16:08:00,2025-07-18 16:13:00,M,20~29,office,seoul,0,0,0,0,25,0,0,44,0,1,completed
43585,U3589,2025-12-30 08:10:00,2025-12-30 08:17:00,F,20~29,office,seoul,0,0,0,0,11,0,0,12,0,0,completed
43586,U3590,2025-04-14 11:26:00,2025-04-14 11:29:00,F,50+,office,seoul,0,0,0,0,20,0,0,78,0,0,completed
43587,U3591,2025-02-25 11:20:00,2025-02-25 11:27:00,F,20~29,office,seoul,0,0,0,0,28,0,0,39,0,0,completed
43588,U3592,2025-06-16 08:39:00,2025-06-16 08:44:00,F,50+,office,seoul,0,0,0,0,19,0,0,29,0,0,completed
43589,U3593,2025-11-12 16:27:00,2025-11-12 16:30:00,F,40~49,office,seoul,0,0,0,0,7,0,0,68,0,0,completed
43590,U3594,2025-02-09 09:49:00,2025-02-09 09:53:00,F,50+,office,seoul,1,0,0,0,18,0,0,48,1,0,completed
43591,U3595,2025-02-21 11:15:00,2025-02-21 11:21:00,M,20~29,office,seoul,0,0,0,0,24,0,0,30,0,0,completed
43592,U3596,2025-04-25 09:50:00,2025-04-25 09:57:00,F,40~49,office,seoul,0,0,0,0,8,0,0,55,0,0,completed
43593,U3597,2025-08-25 07:25:00,2025-08-25 07:29:00,F,40~49,office,seoul,0,0,0,0,12,0,0,28,0,0,completed
43594,U3598,2025-10-04 09:14:00,2025-10-04 09:21:00,M,30~39,office,seoul,1,0,0,0,18,0,0,61,0,0,completed
43595,U3599,2025-01-09 14:37:00,2025-01-09 14:42:00,M,30~39,office,seoul,0,0,0,0,8,0,0,13,0,0,completed
43596,U3600,2025-10-06 13:00:00,2025-10-06 13:02:00,F,20~29,office,seoul,0,0,0,0,29,0,0,18,0,0,completed
43597,U3601,2025-07-07 18:04:00,2025-07-07 18:10:00,M,50+,office,seoul,0,0,0,0,27,0,0,14,0,0,completed
43598,U3602,2025-08-29 12:23:00,2025-08-29 12:30:00,M,50+,office,seoul,0,0,0,0,20,0,0,77,0,0,completed
43599,U3603,2025-10-14 11:08:00,2025-10-14 11:13:00,M,30~39,office,seoul,0,0,0,0,28,0,0,76,0,0,completed
43600,U3604,2025-10-13 16:24:00,2025-10-13 16:30:00,M,40~49,office,seoul,0,0,0,0,14,0,0,38,0,0,timeout
43601,U3605,2025-01-30 16:59:00,2025-01-30 17:05:00,M,20~29,office,seoul,0,0,0,0,9,0,0,61,0,0,completed
43602,U3606,2025-05-16 13:34:00,2025-05-16 13:41:00,M,30~39,office,seoul,0,0,0,0,23,0,0,65,0,0,completed
43603,U3607,2025-07-02 12:36:00,2025-07-02 12:42:00,F,30~39,office,seoul,0,0,0,0,24,0,0,38,0,0,abandoned
43604,U3608,2025-04-15 13:08:00,2025-04-15 13:12:00,F,20~29,office,seoul,0,0,0,0,7,0,0,19,0,0,completed
43605,U3609,2025-07-09 20:52:00,2025-07-09 20:58:00,M,20~29,office,seoul,0,0,0,0,0,0,0,44,0,0,completed
43606,U3610,2025-06-20 15:24:00,2025-06-20 15:26:00,F,30~39,office,seoul,0,0,0,0,2,0,0,50,0,0,completed
43607,U3611,2025-05-17 12:06:00,2025-05-17 12:12:00,F,20~29,office,seoul,1,0,0,0,14,0,0,32,0,0,completed
43608,U3612,2025-10-04 08:06:00,2025-10-04 08:12:00,M,20~29,office,seoul,1,0,0,0,17,0,0,50,0,0,completed
43609,U3613,2025-03-31 11:55:00,2025-03-31 12:01:00,M,40~49,office,seoul,0,0,0,0,18,0,0,78,0,0,completed
43610,U3614,2025-12-26 08:51:00,2025-12-26 08:54:00,F,40~49,office,seoul,0,0,0,0,26,0,0,17,0,0,completed
43611,U3615,2025-10-18 07:26:00,2025-10-18 07:32:00,F,30~39,office,seoul,1,0,0,0,0,0,0,73,0,0,completed
43612,U3616,2025-05-12 08:50:00,2025-05-12 08:56:00,F,50+,office,seoul,0,0,0,0,29,0,0,70,0,1,completed
43613,U3617,2025-08-26 15:34:00,2025-08-26 15:38:00,F,30~39,office,seoul,0,0,0,0,23,0,0,35,1,0,completed
43614,U3618,2025-01-18 09:24:00,2025-01-18 09:31:00,M,20~29,office,seoul,1,0,0,0,18,0,0,72,0,0,abandoned
43615,U3619,2025-03-28 16:33:00,2025-03-28 16:40:00,M,20~29,office,seoul,0,0,0,0,25,0,0,10,0,0,completed
43616,U3620,2025-09-15 12:18:00,2025-09-15 12:21:00,F,20~29,office,seoul,0,0,0,0,26,0,0,65,0,0,completed
43617,U3621,2025-10-24 09:08:00,2025-10-24 09:10:00,F,30~39,office,seoul,0,0,0,0,25,0,0,57,0,0,abandoned
43618,U3622,2025-01-04 07:32:00,2025-01-04 07:36:00,M,20~29,office,seoul,1,0,0,0,21,0,0,61,0,0,completed
43619,U3623,2025-01-30 13:29:00,2025-01-30 13:34:00,F,20~29,office,seoul,0,0,0,0,3,0,0,52,0,0,completed
43620,U3624,2025-05-19 14:17:00,2025-05-19 14:24:00,F,40~49,office,seoul,0,0,0,0,6,0,0,71,0,0,completed
43621,U3625,2025-02-07 18:53:00,2025-02-07 19:00:00,M,30~39,office,seoul,0,0,0,0,6,0,0,70,0,0,completed
43622,U3626,2025-06-21 11:29:00,2025-06-21 11:31:00,M,30~39,office,seoul,1,0,0,0,23,0,0,12,0,0,completed
43623,U3627,2025-11-29 19:20:00,2025-11-29 19:22:00,F,30~39,office,seoul,1,0,0,0,9,0,0,17,0,0,completed
43624,U3628,2025-12-19 16:23:00,2025-12-19 16:25:00,F,20~29,office,seoul,0,0,0,0,26,0,0,77,0,0,completed
43625,U3629,2025-04-10 09:38:00,2025-04-10 09:44:00,M,40~49,office,seoul,0,0,0,0,5,0,0,17,0,0,completed
43626,U3630,2025-04-23 08:35:00,2025-04-23 08:40:00,F,40~49,office,seoul,0,0,0,0,15,0,0,73,0,0,completed
43627,U3631,2025-10-03 14:57:00,2025-10-03 14:59:00,M,30~39,office,seoul,0,0,0,0,7,0,0,15,0,0,completed
43628,U3632,2025-10-24 21:45:00,2025-10-24 21:52:00,F,20~29,office,seoul,0,0,0,0,2,0,0,15,0,0,completed
43629,U3633,2025-10-31 13:53:00,2025-10-31 13:55:00,M,40~49,office,seoul,0,0,0,0,17,0,0,63,0,0,completed
43630,U3634,2025-08-13 16:57:00,2025-08-13 17:00:00,M,20~29,office,seoul,0,0,0,0,8,0,0,41,0,0,completed
43631,U3635,2025-08-25 09:59:00,2025-08-25 10:04:00,F,50+,office,seoul,0,0,0,0,27,0,0,74,0,0,completed
43632,U3636,2025-10-26 15:38:00,2025-10-26 15:45:00,M,50+,office,seoul,1,0,0,0,21,0,0,74,0,0,completed
43633,U3637,2025-04-01 12:11:00,2025-04-01 12:16:00,M,40~49,office,seoul,0,0,0,0,20,0,0,46,0,0,completed
43634,U3638,2025-10-26 15:18:00,2025-10-26 15:23:00,F,20~29,office,seoul,1,0,0,0,11,0,0,15,0,0,completed
43635,U3639,2025-02-13 12:02:00,2025-02-13 12:06:00,M,30~39,office,seoul,0,0,0,0,21,0,0,39,0,0,completed
43636,U3640,2025-06-15 08:36:00,2025-06-15 08:42:00,F,30~39,office,seoul,1,0,0,0,5,0,0,72,0,0,completed
43637,U3641,2025-11-29 17:35:00,2025-11-29 17:42:00,M,50+,office,seoul,1,0,0,0,10,0,0,66,0,0,completed
43638,U3642,2025-02-12 08:50:00,2025-02-12 08:53:00,M,40~49,office,seoul,0,0,0,0,19,0,0,30,0,0,completed
43639,U3643,2025-08-01 13:36:00,2025-08-01 13:39:00,F,40~49,office,seoul,0,0,0,0,20,0,0,23,0,0,completed
43640,U3644,2025-12-17 09:30:00,2025-12-17 09:32:00,M,20~29,office,seoul,0,0,0,0,26,0,0,66,0,0,completed
43641,U3645,2025-11-26 20:13:00,2025-11-26 20:19:00,F,20~29,office,seoul,0,0,0,0,19,0,0,28,0,0,completed
43642,U3646,2025-07-08 17:37:00,2025-07-08 17:43:00,M,30~39,office,seoul,0,0,0,0,15,0,0,16,0,0,completed
43643,U3647,2025-05-17 07:21:00,2025-05-17 07:28:00,M,30~39,office,seoul,1,0,0,0,25,0,0,16,0,0,completed
43644,U3648,2025-03-28 12:25:00,2025-03-28 12:31:00,F,30~39,office,seoul,0,0,0,0,10,0,0,23,0,0,completed
43645,U3649,2025-03-08 16:47:00,2025-03-08 16:54:00,M,30~39,office,seoul,1,0,0,0,29,0,0,62,0,0,completed
43646,U3650,2025-08-10 08:50:00,2025-08-10 08:54:00,M,30~39,office,seoul,1,0,0,0,14,0,0,60,0,0,completed
43647,U3651,2025-03-30 07:13:00,2025-03-30 07:19:00,M,30~39,office,seoul,1,0,0,0,14,0,0,21,0,0,timeout
43648,U3652,2025-06-28 09:36:00,2025-06-28 09:41:00,F,40~49,office,seoul,1,0,0,0,18,0,0,19,0,0,timeout
43649,U3653,2025-12-01 17:10:00,2025-12-01 17:15:00,F,30~39,office,seoul,0,0,0,0,28,0,0,33,0,0,completed
43650,U3654,2025-08-01 13:31:00,2025-08-01 13:35:00,F,20~29,office,seoul,0,0,0,0,25,0,0,32,0,0,completed
43651,U3655,2025-05-31 09:14:00,2025-05-31 09:17:00,M,50+,office,seoul,1,0,0,0,27,0,0,13,0,0,completed
43652,U3656,2025-01-04 14:02:00,2025-01-04 14:07:00,F,20~29,office,seoul,1,0,0,0,11,0,0,14,0,0,completed
43653,U3657,2025-10-14 20:12:00,2025-10-14 20:15:00,F,30~39,office,seoul,0,0,0,0,27,0,0,25,0,0,completed
43654,U3658,2025-03-14 19:02:00,2025-03-14 19:04:00,M,30~39,office,seoul,0,0,0,0,28,0,0,35,0,0,completed
43655,U3659,2025-01-11 12:36:00,2025-01-11 12:42:00,M,40~49,office,seoul,1,0,0,0,14,0,0,33,0,0,completed
43656,U3660,2025-08-11 15:31:00,2025-08-11 15:34:00,M,50+,office,seoul,0,0,0,0,23,0,0,10,0,0,completed
43657,U3661,2025-08-16 08:00:00,2025-08-16 08:06:00,M,30~39,office,seoul,1,0,0,0,22,0,0,46,0,0,completed
43658,U3662,2025-07-08 09:08:00,2025-07-08 09:15:00,F,30~39,office,seoul,0,0,0,0,18,0,0,24,0,0,completed
43659,U3663,2025-11-05 14:43:00,2025-11-05 14:47:00,M,20~29,office,seoul,0,0,0,0,18,0,0,58,0,0,timeout
43660,U3664,2025-11-03 15:26:00,2025-11-03 15:32:00,F,30~39,office,seoul,0,0,0,0,13,0,0,15,0,0,completed
43661,U3665,2025-02-11 07:49:00,2025-02-11 07:51:00,F,30~39,office,seoul,0,0,0,0,11,0,0,17,0,0,completed
43662,U3666,2025-12-08 13:23:00,2025-12-08 13:26:00,F,50+,office,seoul,0,0,0,0,1,0,0,32,0,0,completed
43663,U3667,2025-04-25 08:27:00,2025-04-25 08:30:00,F,50+,office,seoul,0,0,0,0,28,0,0,59,0,0,completed
43664,U3668,2025-04-03 08:01:00,2025-04-03 08:06:00,M,20~29,office,seoul,0,0,0,0,6,0,0,32,0,0,completed
43665,U3669,2025-11-07 14:12:00,2025-11-07 14:16:00,F,40~49,office,seoul,0,0,0,0,0,0,0,32,0,0,completed
43666,U3670,2025-01-05 16:27:00,2025-01-05 16:32:00,M,40~49,office,seoul,1,0,0,0,22,0,0,75,0,0,completed
43667,U3671,2025-12-27 17:09:00,2025-12-27 17:12:00,F,20~29,office,seoul,1,0,0,0,25,0,0,76,0,0,error
43668,U3672,2025-04-04 07:12:00,2025-04-04 07:19:00,M,40~49,office,seoul,0,0,0,0,16,0,0,15,0,0,error
43669,U3673,2025-06-23 17:08:00,2025-06-23 17:14:00,F,20~29,office,seoul,0,0,0,0,3,0,0,34,0,0,abandoned
43670,U3674,2025-02-15 13:45:00,2025-02-15 13:52:00,F,30~39,office,seoul,1,0,0,0,27,0,0,30,0,0,completed
43671,U3675,2025-01-29 17:30:00,2025-01-29 17:37:00,M,50+,office,seoul,0,0,0,0,14,0,0,32,0,0,abandoned
43672,U3676,2025-12-21 16:34:00,2025-12-21 16:37:00,M,30~39,office,seoul,1,0,0,0,9,0,0,40,0,0,completed
43673,U3677,2025-07-15 17:56:00,2025-07-15 18:00:00,M,50+,office,seoul,0,0,0,0,10,0,0,73,0,0,completed
43674,U3678,2025-08-16 13:06:00,2025-08-16 13:08:00,F,20~29,office,seoul,1,0,0,0,16,0,0,25,0,0,completed
43675,U3679,2025-07-05 15:47:00,2025-07-05 15:50:00,M,50+,office,seoul,1,0,0,0,11,0,0,40,0,0,completed
43676,U3680,2025-05-28 15:25:00,2025-05-28 15:32:00,M,40~49,office,seoul,0,0,0,0,7,0,0,24,0,0,completed
43677,U3681,2025-09-29 09:00:00,2025-09-29 09:04:00,F,40~49,office,seoul,0,0,0,0,13,0,0,46,0,0,completed
43678,U3682,2025-09-03 07:01:00,2025-09-03 07:08:00,F,30~39,office,seoul,0,0,0,0,13,0,0,18,0,0,completed
43679,U3683,2025-07-15 15:46:00,2025-07-15 15:51:00,M,40~49,office,seoul,0,0,0,0,19,0,0,17,0,0,completed
43680,U3684,2025-02-05 19:18:00,2025-02-05 19:22:00,M,30~39,office,seoul,0,0,0,0,14,0,0,55,0,0,completed
43681,U3685,2025-10-16 16:25:00,2025-10-16 16:28:00,F,30~39,office,seoul,0,0,0,0,27,0,0,22,0,0,completed
43682,U3686,2025-04-18 17:23:00,2025-04-18 17:28:00,M,30~39,office,seoul,0,0,0,0,24,0,0,16,0,0,completed
43683,U3687,2025-01-02 08:41:00,2025-01-02 08:47:00,F,20~29,office,seoul,0,0,0,0,19,0,0,52,0,0,completed
43684,U3688,2025-04-29 09:26:00,2025-04-29 09:32:00,M,30~39,office,seoul,0,0,0,0,25,0,0,14,1,0,completed
43685,U3689,2025-04-15 17:12:00,2025-04-15 17:14:00,F,20~29,office,seoul,0,0,0,0,15,0,0,20,0,0,completed
43686,U3690,2025-12-28 18:45:00,2025-12-28 18:48:00,F,50+,office,seoul,1,0,0,0,6,0,0,15,1,0,completed
43687,U3691,2025-06-13 13:14:00,2025-06-13 13:18:00,F,40~49,office,seoul,0,0,0,0,21,0,0,66,0,0,completed
43688,U3692,2025-06-05 12:36:00,2025-06-05 12:40:00,M,40~49,office,seoul,0,0,0,0,18,0,0,17,0,0,completed
43689,U3693,2025-12-05 07:07:00,2025-12-05 07:11:00,M,50+,office,seoul,0,0,0,0,21,0,0,62,0,0,completed
43690,U3694,2025-08-09 17:12:00,2025-08-09 17:17:00,F,40~49,office,seoul,1,0,0,0,14,0,0,39,0,0,completed
43691,U3695,2025-09-26 13:36:00,2025-09-26 13:42:00,F,40~49,office,seoul,0,0,0,0,17,0,0,75,0,0,completed
43692,U3696,2025-09-14 09:30:00,2025-09-14 09:32:00,F,30~39,office,seoul,1,0,0,0,1,0,0,76,0,0,completed
43693,U3697,2025-04-15 21:09:00,2025-04-15 21:15:00,F,20~29,office,seoul,0,0,0,0,3,0,0,42,0,0,completed
43694,U3698,2025-02-08 09:29:00,2025-02-08 09:32:00,F,50+,office,seoul,1,0,0,0,21,0,0,70,0,0,completed
43695,U3699,2025-06-07 12:00:00,2025-06-07 12:02:00,M,50+,office,seoul,1,0,0,0,7,0,0,25,0,0,completed
43696,U3700,2025-01-21 11:41:00,2025-01-21 11:44:00,F,40~49,office,seoul,0,0,0,0,24,0,0,71,0,0,completed
43697,U3701,2025-04-25 20:02:00,2025-04-25 20:04:00,F,20~29,office,seoul,0,0,0,0,23,0,0,64,0,0,completed
43698,U3702,2025-08-03 18:25:00,2025-08-03 18:31:00,F,30~39,office,seoul,1,0,0,0,5,0,0,14,0,0,completed
43699,U3703,2025-02-20 20:58:00,2025-02-20 21:03:00,F,50+,office,seoul,0,0,0,0,16,0,0,22,0,0,completed
43700,U3704,2025-09-08 09:37:00,2025-09-08 09:44:00,F,30~39,office,seoul,0,0,0,0,23,0,0,29,0,0,completed
43701,U3705,2025-01-03 17:54:00,2025-01-03 17:59:00,M,20~29,office,seoul,0,0,0,0,26,0,0,34,0,0,completed
43702,U3706,2025-07-22 19:22:00,2025-07-22 19:28:00,M,20~29,office,seoul,0,0,0,0,2,0,0,45,0,0,completed
43703,U3707,2025-08-03 15:53:00,2025-08-03 15:55:00,M,50+,office,seoul,1,0,0,0,9,0,0,26,0,0,completed
43704,U3708,2025-03-31 08:00:00,2025-03-31 08:04:00,F,30~39,office,seoul,0,0,0,0,14,0,0,35,0,0,completed
43705,U3709,2025-01-20 15:39:00,2025-01-20 15:42:00,F,30~39,office,seoul,0,0,0,0,19,0,0,49,1,0,completed
43706,U3710,2025-07-28 08:42:00,2025-07-28 08:48:00,F,20~29,office,seoul,0,0,0,0,13,0,0,26,0,0,completed
43707,U3711,2025-02-07 08:28:00,2025-02-07 08:33:00,M,40~49,office,seoul,0,0,0,0,9,0,0,20,0,0,completed
43708,U3712,2025-03-15 07:25:00,2025-03-15 07:32:00,M,20~29,office,seoul,1,0,0,0,19,0,0,69,0,0,completed
43709,U3713,2025-03-05 09:42:00,2025-03-05 09:49:00,F,20~29,office,seoul,0,0,0,0,3,0,0,47,0,0,completed
43710,U3714,2025-12-11 17:06:00,2025-12-11 17:13:00,F,30~39,office,seoul,0,0,0,0,23,0,0,32,0,0,abandoned
43711,U3715,2025-08-25 13:02:00,2025-08-25 13:04:00,M,30~39,office,seoul,0,0,0,0,29,0,0,61,0,0,completed
43712,U3716,2025-02-09 20:57:00,2025-02-09 21:00:00,M,40~49,office,seoul,1,0,0,0,29,0,0,53,0,0,completed
43713,U3717,2025-02-12 16:29:00,2025-02-12 16:32:00,F,20~29,office,seoul,0,0,0,0,14,0,0,40,0,0,completed
43714,U3718,2025-11-22 16:07:00,2025-11-22 16:12:00,F,30~39,office,seoul,1,0,0,0,20,0,0,52,0,0,timeout
43715,U3719,2025-01-29 16:12:00,2025-01-29 16:16:00,F,20~29,office,seoul,0,0,0,0,2,0,0,61,0,0,completed
43716,U3720,2025-11-13 19:51:00,2025-11-13 19:55:00,F,20~29,office,seoul,0,0,0,0,25,0,0,78,0,0,abandoned
43717,U3721,2025-12-30 15:53:00,2025-12-30 15:58:00,F,20~29,office,seoul,0,0,0,0,21,0,0,56,0,0,completed
43718,U3722,2025-01-04 12:10:00,2025-01-04 12:12:00,F,20~29,office,seoul,1,0,0,0,13,0,0,69,0,0,completed
43719,U3723,2025-12-14 16:18:00,2025-12-14 16:21:00,M,40~49,office,seoul,1,0,0,0,14,0,0,66,0,0,completed
43720,U3724,2025-12-06 13:35:00,2025-12-06 13:41:00,F,20~29,office,seoul,1,0,0,0,25,0,0,34,0,0,completed
43721,U3725,2025-04-19 09:11:00,2025-04-19 09:13:00,M,50+,office,seoul,1,0,0,0,17,0,0,55,0,0,completed
43722,U3726,2025-12-22 14:21:00,2025-12-22 14:26:00,M,40~49,office,seoul,0,0,0,0,21,0,0,34,0,0,completed
43723,U3727,2025-10-13 16:31:00,2025-10-13 16:35:00,M,30~39,office,seoul,0,0,0,0,20,0,0,73,0,0,abandoned
43724,U3728,2025-11-16 18:24:00,2025-11-16 18:27:00,F,50+,office,seoul,1,0,0,0,24,0,0,62,0,0,completed
43725,U3729,2025-03-27 18:12:00,2025-03-27 18:16:00,F,20~29,office,seoul,0,0,0,0,5,0,0,11,0,0,completed
43726,U3730,2025-12-17 18:54:00,2025-12-17 18:58:00,F,20~29,office,seoul,0,0,0,0,9,0,0,10,0,0,completed
43727,U3731,2025-07-09 19:10:00,2025-07-09 19:17:00,F,20~29,office,seoul,0,0,0,0,22,0,0,52,0,0,completed
43728,U3732,2025-12-15 18:54:00,2025-12-15 18:57:00,M,20~29,office,seoul,0,0,0,0,29,0,0,24,0,0,completed
43729,U3733,2025-11-22 11:28:00,2025-11-22 11:32:00,F,30~39,office,seoul,1,0,0,0,22,0,0,28,0,0,completed
43730,U3734,2025-01-20 14:37:00,2025-01-20 14:43:00,M,40~49,office,seoul,0,0,0,0,12,0,0,24,0,0,completed
43731,U3735,2025-11-23 18:41:00,2025-11-23 18:45:00,F,40~49,office,seoul,1,0,0,0,25,0,0,42,0,0,completed
43732,U3736,2025-03-05 08:10:00,2025-03-05 08:16:00,M,50+,office,seoul,0,0,0,0,0,0,0,78,1,0,completed
43733,U3737,2025-04-08 17:07:00,2025-04-08 17:12:00,F,50+,office,seoul,0,0,0,0,25,0,0,73,0,0,completed
43734,U3738,2025-02-10 09:52:00,2025-02-10 09:57:00,M,50+,office,seoul,0,0,0,0,24,0,0,19,0,0,completed
43735,U3739,2025-01-06 08:27:00,2025-01-06 08:32:00,M,40~49,office,seoul,0,0,0,0,16,0,0,76,0,0,completed
43736,U3740,2025-07-20 17:57:00,2025-07-20 18:04:00,F,20~29,office,seoul,1,0,0,0,19,0,0,77,0,0,completed
43737,U3741,2025-04-03 13:12:00,2025-04-03 13:17:00,M,40~49,office,seoul,0,0,0,0,4,0,0,44,0,0,completed
43738,U3742,2025-06-13 18:58:00,2025-06-13 19:00:00,F,40~49,office,seoul,0,0,0,0,23,0,0,40,0,0,completed
43739,U3743,2025-07-28 08:43:00,2025-07-28 08:48:00,F,20~29,office,seoul,0,0,0,0,11,0,0,12,0,0,completed
43740,U3744,2025-07-25 16:01:00,2025-07-25 16:03:00,F,30~39,office,seoul,0,0,0,0,11,0,0,20,0,0,completed
43741,U3745,2025-10-07 13:26:00,2025-10-07 13:31:00,M,20~29,office,seoul,0,0,0,0,1,0,0,11,0,0,completed
43742,U3746,2025-11-30 12:46:00,2025-11-30 12:49:00,F,20~29,office,seoul,1,0,0,0,25,0,0,71,0,0,completed
43743,U3747,2025-10-18 09:33:00,2025-10-18 09:36:00,M,20~29,office,seoul,1,0,0,0,11,0,0,50,0,0,completed
43744,U3748,2025-09-13 18:57:00,2025-09-13 18:59:00,F,50+,office,seoul,1,0,0,0,17,0,0,39,0,0,completed
43745,U3749,2025-08-30 17:06:00,2025-08-30 17:08:00,M,30~39,office,seoul,1,0,0,0,1,0,0,19,0,0,completed
43746,U3750,2025-10-24 09:46:00,2025-10-24 09:50:00,F,30~39,office,seoul,0,0,0,0,28,0,0,13,0,0,completed
43747,U3751,2025-08-24 19:49:00,2025-08-24 19:53:00,M,50+,office,seoul,1,0,0,0,23,0,0,45,0,0,completed
43748,U3752,2025-07-20 20:01:00,2025-07-20 20:03:00,F,20~29,office,seoul,1,0,0,0,21,0,0,76,0,0,timeout
43749,U3753,2025-03-18 17:26:00,2025-03-18 17:31:00,F,20~29,office,seoul,0,0,0,0,3,0,0,11,0,0,completed
43750,U3754,2025-08-01 18:13:00,2025-08-01 18:17:00,F,30~39,office,seoul,0,0,0,0,12,0,0,71,0,0,completed
43751,U3755,2025-02-17 16:12:00,2025-02-17 16:18:00,M,20~29,office,seoul,0,0,0,0,12,0,0,24,1,0,completed
43752,U3756,2025-02-09 18:18:00,2025-02-09 18:24:00,F,20~29,office,seoul,1,0,0,0,11,0,0,74,0,0,completed
43753,U3757,2025-12-21 16:49:00,2025-12-21 16:55:00,F,50+,office,seoul,1,0,0,0,26,0,0,60,0,0,completed
43754,U3758,2025-07-29 13:28:00,2025-07-29 13:31:00,F,30~39,office,seoul,0,0,0,0,27,0,0,66,0,0,completed
43755,U3759,2025-09-06 12:27:00,2025-09-06 12:32:00,M,30~39,office,seoul,1,0,0,0,9,0,0,42,0,0,completed
43756,U3760,2025-09-19 11:45:00,2025-09-19 11:52:00,M,40~49,office,seoul,0,0,0,0,27,0,0,74,0,0,completed
43757,U3761,2025-07-23 08:08:00,2025-07-23 08:10:00,F,50+,office,seoul,0,0,0,0,1,0,0,48,1,0,completed
43758,U3762,2025-10-01 15:50:00,2025-10-01 15:52:00,F,20~29,office,seoul,0,0,0,0,24,0,0,16,1,0,completed
43759,U3763,2025-03-06 08:41:00,2025-03-06 08:44:00,F,20~29,office,seoul,0,0,0,0,6,0,0,63,0,0,completed
43760,U3764,2025-07-12 09:47:00,2025-07-12 09:51:00,M,50+,office,seoul,1,0,0,0,11,0,0,59,0,0,completed
43761,U3765,2025-01-02 08:49:00,2025-01-02 08:54:00,F,30~39,office,seoul,0,0,0,0,10,0,0,70,0,0,completed
43762,U3766,2025-12-01 08:42:00,2025-12-01 08:45:00,M,20~29,office,seoul,0,0,0,0,20,0,0,69,0,0,completed
43763,U3767,2025-07-26 17:30:00,2025-07-26 17:35:00,F,30~39,office,seoul,1,0,0,0,23,0,0,39,0,0,timeout
43764,U3768,2025-09-06 20:42:00,2025-09-06 20:47:00,F,50+,office,seoul,1,0,0,0,14,0,0,32,0,0,completed
43765,U3769,2025-06-28 15:21:00,2025-06-28 15:23:00,M,20~29,office,seoul,1,0,0,0,28,0,0,52,0,0,completed
43766,U3770,2025-06-26 21:44:00,2025-06-26 21:51:00,M,30~39,office,seoul,0,0,0,0,25,0,0,27,0,0,completed
43767,U3771,2025-10-24 07:42:00,2025-10-24 07:46:00,F,20~29,office,seoul,0,0,0,0,15,0,0,49,0,0,completed
43768,U3772,2025-09-16 13:13:00,2025-09-16 13:16:00,M,40~49,office,seoul,0,0,0,0,14,0,0,65,0,0,completed
43769,U3773,2025-06-12 16:45:00,2025-06-12 16:48:00,M,40~49,office,seoul,0,0,0,0,3,0,0,65,0,0,completed
43770,U3774,2025-04-27 17:09:00,2025-04-27 17:15:00,F,30~39,office,seoul,1,0,0,0,28,0,0,61,0,0,timeout
43771,U3775,2025-10-29 16:08:00,2025-10-29 16:10:00,M,30~39,office,seoul,0,0,0,0,5,0,0,69,0,0,completed
43772,U3776,2025-10-03 12:24:00,2025-10-03 12:26:00,F,40~49,office,seoul,0,0,0,0,27,0,0,43,0,0,completed
43773,U3777,2025-03-01 11:13:00,2025-03-01 11:16:00,M,20~29,office,seoul,1,0,0,0,5,0,0,64,0,0,completed
43774,U3778,2025-04-29 18:20:00,2025-04-29 18:23:00,M,40~49,office,seoul,0,0,0,0,1,0,0,22,0,0,abandoned
43775,U3779,2025-02-08 18:59:00,2025-02-08 19:05:00,F,30~39,office,seoul,1,0,0,0,27,0,0,58,0,0,completed
43776,U3780,2025-12-28 12:01:00,2025-12-28 12:03:00,M,20~29,office,seoul,1,0,0,0,6,0,0,20,0,0,completed
43777,U3781,2025-03-14 16:19:00,2025-03-14 16:26:00,M,20~29,office,seoul,0,0,0,0,12,0,0,48,0,0,completed
43778,U3782,2025-07-18 21:51:00,2025-07-18 21:55:00,F,50+,office,seoul,0,0,0,0,5,0,0,32,0,0,completed
43779,U3783,2025-04-18 09:41:00,2025-04-18 09:44:00,F,40~49,office,seoul,0,0,0,0,12,0,0,52,0,0,completed
43780,U3784,2025-09-04 13:14:00,2025-09-04 13:19:00,F,20~29,office,seoul,0,0,0,0,1,0,0,47,0,0,completed
43781,U3785,2025-03-04 15:01:00,2025-03-04 15:05:00,F,40~49,office,seoul,0,0,0,0,7,0,0,23,0,0,completed
43782,U3786,2025-10-07 11:25:00,2025-10-07 11:29:00,M,50+,office,seoul,0,0,0,0,5,0,0,52,0,0,timeout
43783,U3787,2025-08-28 18:43:00,2025-08-28 18:46:00,F,40~49,office,seoul,0,0,0,0,19,0,0,30,0,0,completed
43784,U3788,2025-10-10 08:40:00,2025-10-10 08:45:00,F,40~49,office,seoul,0,0,0,0,16,0,0,73,1,0,completed
43785,U3789,2025-09-21 12:58:00,2025-09-21 13:04:00,F,50+,office,seoul,1,0,0,0,22,0,0,25,0,0,completed
43786,U3790,2025-07-10 17:05:00,2025-07-10 17:07:00,F,30~39,office,seoul,0,0,0,0,6,0,0,22,0,0,completed
43787,U3791,2025-04-06 13:47:00,2025-04-06 13:52:00,M,20~29,office,seoul,1,0,0,0,15,0,0,59,0,0,abandoned
43788,U3792,2025-04-20 20:41:00,2025-04-20 20:47:00,F,50+,office,seoul,1,0,0,0,25,0,0,21,0,0,completed
43789,U3793,2025-02-22 09:33:00,2025-02-22 09:37:00,M,40~49,office,seoul,1,0,0,0,16,0,0,14,0,0,completed
43790,U3794,2025-11-03 19:54:00,2025-11-03 19:57:00,M,50+,office,seoul,0,0,0,0,8,0,0,39,0,0,completed
43791,U3795,2025-03-22 17:58:00,2025-03-22 18:05:00,M,50+,office,seoul,1,0,0,0,5,0,0,14,0,0,completed
43792,U3796,2025-03-22 12:44:00,2025-03-22 12:48:00,F,40~49,office,seoul,1,0,0,0,24,0,0,78,0,1,completed
43793,U3797,2025-09-29 15:42:00,2025-09-29 15:48:00,F,40~49,office,seoul,0,0,0,0,22,0,0,15,0,0,completed
43794,U3798,2025-10-02 13:56:00,2025-10-02 14:01:00,F,40~49,office,seoul,0,0,0,0,19,0,0,33,0,0,completed
43795,U3799,2025-04-03 20:59:00,2025-04-03 21:01:00,F,20~29,office,seoul,0,0,0,0,9,0,0,35,0,0,completed
43796,U3800,2025-04-21 14:57:00,2025-04-21 14:59:00,F,30~39,office,seoul,0,0,0,0,24,0,0,72,0,0,completed
43797,U3801,2025-03-26 19:14:00,2025-03-26 19:18:00,M,20~29,office,seoul,0,0,0,0,15,0,0,59,0,0,completed
43798,U3802,2025-06-02 15:03:00,2025-06-02 15:07:00,M,20~29,office,seoul,0,0,0,0,10,0,0,27,0,0,completed
43799,U3803,2025-04-11 13:48:00,2025-04-11 13:53:00,M,50+,office,seoul,0,0,0,0,19,0,0,11,0,1,completed
43800,U3804,2025-02-25 09:20:00,2025-02-25 09:25:00,F,40~49,office,seoul,0,0,0,0,15,0,0,40,0,0,completed
43801,U3805,2025-01-25 18:55:00,2025-01-25 19:02:00,F,20~29,office,seoul,1,0,0,0,27,0,0,29,0,0,completed
43802,U3806,2025-01-16 16:26:00,2025-01-16 16:28:00,F,20~29,office,seoul,0,0,0,0,6,0,0,74,0,0,completed
43803,U3807,2025-03-03 07:03:00,2025-03-03 07:10:00,M,50+,office,seoul,0,0,0,0,2,0,0,40,0,0,completed
43804,U3808,2025-02-13 17:59:00,2025-02-13 18:03:00,F,40~49,office,seoul,0,0,0,0,17,0,0,50,0,0,completed
43805,U3809,2025-04-10 15:11:00,2025-04-10 15:16:00,F,30~39,office,seoul,0,0,0,0,21,0,0,42,0,0,completed
43806,U3810,2025-09-10 09:36:00,2025-09-10 09:40:00,F,30~39,office,seoul,0,0,0,0,2,0,0,51,0,0,completed
43807,U3811,2025-01-03 12:08:00,2025-01-03 12:11:00,F,20~29,office,seoul,0,0,0,0,29,0,0,50,0,0,completed
43808,U3812,2025-08-02 18:05:00,2025-08-02 18:12:00,M,30~39,office,seoul,1,0,0,0,29,0,0,22,0,0,abandoned
43809,U3813,2025-05-02 13:25:00,2025-05-02 13:28:00,F,30~39,office,seoul,0,0,0,0,26,0,0,17,0,0,abandoned
43810,U3814,2025-08-13 17:31:00,2025-08-13 17:35:00,F,50+,office,seoul,0,0,0,0,8,0,0,53,0,0,completed
43811,U3815,2025-04-15 08:15:00,2025-04-15 08:19:00,M,30~39,office,seoul,0,0,0,0,5,0,0,40,0,0,completed
43812,U3816,2025-08-21 17:36:00,2025-08-21 17:43:00,F,50+,office,seoul,0,0,0,0,0,0,0,63,0,0,completed
43813,U3817,2025-08-16 20:48:00,2025-08-16 20:52:00,M,40~49,office,seoul,1,0,0,0,12,0,0,15,0,0,completed
43814,U3818,2025-02-12 08:13:00,2025-02-12 08:19:00,M,20~29,office,seoul,0,0,0,0,2,0,0,28,0,0,completed
43815,U3819,2025-06-07 16:12:00,2025-06-07 16:18:00,F,30~39,office,seoul,1,0,0,0,24,0,0,57,0,0,completed
43816,U3820,2025-03-21 18:27:00,2025-03-21 18:30:00,F,30~39,office,seoul,0,0,0,0,18,0,0,61,0,0,completed
43817,U3821,2025-03-06 13:42:00,2025-03-06 13:45:00,F,50+,office,seoul,0,0,0,0,29,0,0,54,1,0,completed
43818,U3822,2025-02-03 21:54:00,2025-02-03 21:59:00,F,20~29,office,seoul,0,0,0,0,29,0,0,27,0,0,completed
43819,U3823,2025-05-23 12:15:00,2025-05-23 12:17:00,F,30~39,office,seoul,0,0,0,0,8,0,0,28,0,0,completed
43820,U3824,2025-08-27 17:54:00,2025-08-27 18:00:00,F,40~49,office,seoul,0,0,0,0,17,0,0,53,0,0,abandoned
43821,U3825,2025-06-26 08:41:00,2025-06-26 08:48:00,F,20~29,office,seoul,0,0,0,0,14,0,0,74,0,0,completed
43822,U3826,2025-04-13 13:48:00,2025-04-13 13:52:00,F,40~49,office,seoul,1,0,0,0,26,0,0,76,0,0,abandoned
43823,U3827,2025-06-23 09:11:00,2025-06-23 09:17:00,M,30~39,office,seoul,0,0,0,0,18,0,0,30,0,0,completed
43824,U3828,2025-07-28 11:50:00,2025-07-28 11:57:00,F,30~39,office,seoul,0,0,0,0,20,0,0,68,0,0,completed
43825,U3829,2025-04-11 15:09:00,2025-04-11 15:16:00,M,40~49,office,seoul,0,0,0,0,20,0,0,43,0,0,completed
43826,U3830,2025-07-13 08:17:00,2025-07-13 08:19:00,F,40~49,office,seoul,1,0,0,0,15,0,0,45,0,0,completed
43827,U3831,2025-01-26 17:54:00,2025-01-26 17:59:00,F,30~39,office,seoul,1,0,0,0,16,0,0,40,0,0,completed
43828,U3832,2025-10-16 13:46:00,2025-10-16 13:51:00,F,40~49,office,seoul,0,0,0,0,26,0,0,48,0,0,completed
43829,U3833,2025-11-25 15:02:00,2025-11-25 15:09:00,M,20~29,office,seoul,0,0,0,0,20,0,0,53,0,0,completed
43830,U3834,2025-05-19 09:50:00,2025-05-19 09:56:00,M,40~49,office,seoul,0,0,0,0,25,0,0,57,0,0,timeout
43831,U3835,2025-05-16 12:08:00,2025-05-16 12:15:00,F,30~39,office,seoul,0,0,0,0,16,0,0,74,0,0,completed
43832,U3836,2025-06-23 12:48:00,2025-06-23 12:55:00,F,30~39,office,seoul,0,0,0,0,4,0,0,45,0,0,completed
43833,U3837,2025-03-04 13:20:00,2025-03-04 13:27:00,F,40~49,office,seoul,0,0,0,0,4,0,0,20,0,0,completed
43834,U3838,2025-03-07 18:00:00,2025-03-07 18:07:00,F,50+,office,seoul,0,0,0,0,16,0,0,50,1,1,completed
43835,U3839,2025-12-25 12:11:00,2025-12-25 12:16:00,M,30~39,office,seoul,0,0,0,0,21,0,0,13,0,0,completed
43836,U3840,2025-07-26 16:43:00,2025-07-26 16:45:00,F,40~49,office,seoul,1,0,0,0,26,0,0,23,0,0,completed
43837,U3841,2025-11-13 15:21:00,2025-11-13 15:27:00,M,30~39,office,seoul,0,0,0,0,17,0,0,74,0,0,completed
43838,U3842,2025-01-25 13:00:00,2025-01-25 13:02:00,M,30~39,office,seoul,1,0,0,0,22,0,0,76,0,0,completed
43839,U3843,2025-08-06 11:26:00,2025-08-06 11:30:00,M,20~29,office,seoul,0,0,0,0,24,0,0,54,0,0,completed
43840,U3844,2025-12-17 16:07:00,2025-12-17 16:13:00,M,20~29,office,seoul,0,0,0,0,26,0,0,68,0,0,completed
43841,U3845,2025-02-26 12:48:00,2025-02-26 12:54:00,M,30~39,office,seoul,0,0,0,0,27,0,0,24,0,0,completed
43842,U3846,2025-02-25 19:34:00,2025-02-25 19:41:00,F,20~29,office,seoul,0,0,0,0,28,0,0,78,0,0,abandoned
43843,U3847,2025-10-22 21:10:00,2025-10-22 21:16:00,F,30~39,office,seoul,0,0,0,0,6,0,0,37,0,0,completed
43844,U3848,2025-06-25 14:00:00,2025-06-25 14:06:00,F,20~29,office,seoul,0,0,0,0,1,0,0,62,0,0,completed
43845,U3849,2025-03-27 14:55:00,2025-03-27 15:01:00,M,20~29,office,seoul,0,0,0,0,29,0,0,33,0,0,completed
43846,U3850,2025-09-29 14:36:00,2025-09-29 14:40:00,F,40~49,office,seoul,0,0,0,0,8,0,0,56,0,0,completed
43847,U3851,2025-04-11 09:34:00,2025-04-11 09:41:00,F,50+,office,seoul,0,0,0,0,19,0,0,57,0,0,completed
43848,U3852,2025-05-24 09:46:00,2025-05-24 09:49:00,F,20~29,office,seoul,1,0,0,0,13,0,0,22,0,0,completed
43849,U3853,2025-09-26 20:55:00,2025-09-26 21:02:00,M,40~49,office,seoul,0,0,0,0,21,0,0,15,0,0,completed
43850,U3854,2025-04-28 11:36:00,2025-04-28 11:42:00,F,30~39,office,seoul,0,0,0,0,19,0,0,50,0,0,completed
43851,U3855,2025-09-01 12:57:00,2025-09-01 13:02:00,F,30~39,office,seoul,0,0,0,0,25,0,0,64,0,0,completed
43852,U3856,2025-08-21 09:45:00,2025-08-21 09:51:00,M,20~29,office,seoul,0,0,0,0,11,0,0,24,0,0,completed
43853,U3857,2025-12-04 21:40:00,2025-12-04 21:45:00,F,50+,office,seoul,0,0,0,0,17,0,0,36,0,0,completed
43854,U3858,2025-11-25 13:13:00,2025-11-25 13:15:00,F,50+,office,seoul,0,0,0,0,4,0,0,65,1,0,completed
43855,U3859,2025-03-04 12:36:00,2025-03-04 12:38:00,M,40~49,office,seoul,0,0,0,0,16,0,0,45,1,0,completed
43856,U3860,2025-11-25 09:58:00,2025-11-25 10:02:00,F,30~39,office,seoul,0,0,0,0,19,0,0,12,0,0,completed
43857,U3861,2025-06-28 16:28:00,2025-06-28 16:30:00,F,40~49,office,seoul,1,0,0,0,12,0,0,68,0,0,completed
43858,U3862,2025-02-08 17:47:00,2025-02-08 17:51:00,F,20~29,office,seoul,1,0,0,0,10,0,0,62,0,0,completed
43859,U3863,2025-05-01 15:31:00,2025-05-01 15:36:00,M,30~39,office,seoul,0,0,0,0,11,0,0,71,0,0,completed
43860,U3864,2025-10-26 14:20:00,2025-10-26 14:23:00,M,20~29,office,seoul,1,0,0,0,27,0,0,77,0,0,completed
43861,U3865,2025-10-02 16:45:00,2025-10-02 16:51:00,M,20~29,office,seoul,0,0,0,0,28,0,0,38,0,0,abandoned
43862,U3866,2025-10-03 09:28:00,2025-10-03 09:32:00,F,30~39,office,seoul,0,0,0,0,4,0,0,59,0,0,completed
43863,U3867,2025-11-04 12:10:00,2025-11-04 12:14:00,M,40~49,office,seoul,0,0,0,0,14,0,0,37,0,0,completed
43864,U3868,2025-04-05 09:02:00,2025-04-05 09:08:00,F,30~39,office,seoul,1,0,0,0,26,0,0,26,0,0,completed
43865,U3869,2025-01-06 13:46:00,2025-01-06 13:52:00,F,40~49,office,seoul,0,0,0,0,11,0,0,77,0,0,completed
43866,U3870,2025-02-21 11:57:00,2025-02-21 12:00:00,F,30~39,office,seoul,0,0,0,0,18,0,0,16,0,0,completed
43867,U3871,2025-08-14 16:01:00,2025-08-14 16:07:00,F,20~29,office,seoul,0,0,0,0,2,0,0,66,0,0,completed
43868,U3872,2025-03-23 08:42:00,2025-03-23 08:47:00,F,40~49,office,seoul,1,0,0,0,2,0,0,31,0,0,completed
43869,U3873,2025-02-22 20:47:00,2025-02-22 20:49:00,F,40~49,office,seoul,1,0,0,0,9,0,0,28,0,0,completed
43870,U3874,2025-08-24 19:57:00,2025-08-24 20:00:00,F,30~39,office,seoul,1,0,0,0,0,0,0,79,0,0,completed
43871,U3875,2025-05-31 15:34:00,2025-05-31 15:38:00,F,20~29,office,seoul,1,0,0,0,22,0,0,69,0,0,completed
43872,U3876,2025-08-01 20:46:00,2025-08-01 20:53:00,F,20~29,office,seoul,0,0,0,0,24,0,0,35,0,0,completed
43873,U3877,2025-12-26 14:59:00,2025-12-26 15:05:00,F,50+,office,seoul,0,0,0,0,16,0,0,79,0,0,abandoned
43874,U3878,2025-04-22 13:24:00,2025-04-22 13:27:00,M,30~39,office,seoul,0,0,0,0,1,0,0,16,0,0,completed
43875,U3879,2025-05-06 09:40:00,2025-05-06 09:47:00,F,30~39,office,seoul,0,0,0,0,11,0,0,66,0,0,completed
43876,U3880,2025-07-18 13:10:00,2025-07-18 13:14:00,F,50+,office,seoul,0,0,0,0,4,0,0,71,0,0,completed
43877,U3881,2025-10-20 09:10:00,2025-10-20 09:15:00,F,20~29,office,seoul,0,0,0,0,22,0,0,66,0,0,completed
43878,U3882,2025-10-17 16:45:00,2025-10-17 16:50:00,F,50+,office,seoul,0,0,0,0,2,0,0,61,0,0,completed
43879,U3883,2025-04-07 16:37:00,2025-04-07 16:40:00,M,30~39,office,seoul,0,0,0,0,18,0,0,64,0,0,completed
43880,U3884,2025-01-26 16:18:00,2025-01-26 16:20:00,M,30~39,office,seoul,1,0,0,0,3,0,0,20,0,0,completed
43881,U3885,2025-04-19 11:31:00,2025-04-19 11:38:00,M,20~29,office,seoul,1,0,0,0,20,0,0,13,0,0,completed
43882,U3886,2025-05-10 13:20:00,2025-05-10 13:27:00,F,30~39,office,seoul,1,0,0,0,23,0,0,62,0,0,completed
43883,U3887,2025-06-10 18:18:00,2025-06-10 18:22:00,M,20~29,office,seoul,0,0,0,0,7,0,0,59,0,0,completed
43884,U3888,2025-06-25 22:39:00,2025-06-25 22:41:00,M,20~29,office,seoul,0,0,0,0,13,0,0,40,0,0,completed
43885,U3889,2025-01-22 21:05:00,2025-01-22 21:09:00,M,30~39,office,seoul,0,0,0,0,17,0,0,42,0,0,completed
43886,U3890,2025-03-09 14:45:00,2025-03-09 14:50:00,F,40~49,office,seoul,1,0,0,0,15,0,0,16,0,0,completed
43887,U3891,2025-11-14 20:54:00,2025-11-14 20:59:00,M,30~39,office,seoul,0,0,0,0,13,0,0,73,0,0,abandoned
43888,U3892,2025-01-11 15:54:00,2025-01-11 16:00:00,M,30~39,office,seoul,1,0,0,0,29,0,0,37,0,0,completed
43889,U3893,2025-03-11 08:06:00,2025-03-11 08:11:00,M,20~29,office,seoul,0,0,0,0,3,0,0,48,0,0,completed
43890,U3894,2025-07-29 18:21:00,2025-07-29 18:25:00,F,50+,office,seoul,0,0,0,0,27,0,0,29,0,0,completed
43891,U3895,2025-10-27 12:06:00,2025-10-27 12:10:00,F,20~29,office,seoul,0,0,0,0,22,0,0,12,0,0,completed
43892,U3896,2025-11-30 08:01:00,2025-11-30 08:05:00,F,30~39,office,seoul,1,0,0,0,5,0,0,51,0,0,completed
43893,U3897,2025-10-15 22:12:00,2025-10-15 22:15:00,F,30~39,office,seoul,0,0,0,0,23,0,0,16,0,0,completed
43894,U3898,2025-09-25 15:19:00,2025-09-25 15:21:00,F,20~29,office,seoul,0,0,0,0,13,0,0,18,0,0,completed
43895,U3899,2025-07-13 13:27:00,2025-07-13 13:33:00,F,30~39,office,seoul,1,0,0,0,27,0,0,50,0,1,completed
43896,U3900,2025-07-19 08:33:00,2025-07-19 08:36:00,M,20~29,office,seoul,1,0,0,0,17,0,0,37,0,0,completed
43897,U3901,2025-11-23 18:34:00,2025-11-23 18:36:00,M,40~49,office,seoul,1,0,0,0,10,0,0,12,0,0,completed
43898,U3902,2025-11-07 12:35:00,2025-11-07 12:39:00,F,50+,office,seoul,0,0,0,0,11,0,0,18,0,0,completed
43899,U3903,2025-08-26 15:57:00,2025-08-26 15:59:00,M,40~49,office,seoul,0,0,0,0,11,0,0,64,0,0,completed
43900,U3904,2025-09-25 12:31:00,2025-09-25 12:38:00,M,30~39,office,seoul,0,0,0,0,14,0,0,41,0,0,completed
43901,U3905,2025-03-01 13:03:00,2025-03-01 13:05:00,F,40~49,office,seoul,1,0,0,0,9,0,0,64,0,0,completed
43902,U3906,2025-08-24 18:51:00,2025-08-24 18:58:00,F,30~39,office,seoul,1,0,0,0,1,0,0,11,0,0,completed
43903,U3907,2025-08-21 14:58:00,2025-08-21 15:05:00,M,20~29,office,seoul,0,0,0,0,20,0,0,38,0,0,completed
43904,U3908,2025-07-14 11:31:00,2025-07-14 11:36:00,F,30~39,office,seoul,0,0,0,0,16,0,0,25,0,0,completed
43905,U3909,2025-03-16 22:44:00,2025-03-16 22:49:00,M,50+,office,seoul,1,0,0,0,10,0,0,31,0,0,completed
43906,U3910,2025-11-10 15:31:00,2025-11-10 15:36:00,F,30~39,office,seoul,0,0,0,0,25,0,0,58,0,0,completed
43907,U3911,2025-03-01 16:51:00,2025-03-01 16:57:00,F,30~39,office,seoul,1,0,0,0,21,0,0,43,0,0,completed
43908,U3912,2025-12-24 11:50:00,2025-12-24 11:55:00,M,50+,office,seoul,0,0,0,0,13,0,0,75,0,0,completed
43909,U3913,2025-07-31 12:04:00,2025-07-31 12:08:00,F,40~49,office,seoul,0,0,0,0,6,0,0,10,0,0,completed
43910,U3914,2025-12-02 16:59:00,2025-12-02 17:03:00,M,40~49,office,seoul,0,0,0,0,4,0,0,57,0,0,completed
43911,U3915,2025-05-10 14:01:00,2025-05-10 14:08:00,F,20~29,office,seoul,1,0,0,0,6,0,0,55,0,0,completed
43912,U3916,2025-04-03 22:50:00,2025-04-03 22:56:00,F,40~49,office,seoul,0,0,0,0,7,0,0,38,0,0,timeout
43913,U3917,2025-07-05 13:42:00,2025-07-05 13:45:00,M,40~49,office,seoul,1,0,0,0,4,0,0,33,0,0,completed
43914,U3918,2025-11-23 20:38:00,2025-11-23 20:43:00,M,20~29,office,seoul,1,0,0,0,4,0,0,20,0,0,completed
43915,U3919,2025-01-02 09:09:00,2025-01-02 09:14:00,F,20~29,office,seoul,0,0,0,0,18,0,0,29,0,0,completed
43916,U3920,2025-02-06 07:28:00,2025-02-06 07:35:00,F,20~29,office,seoul,0,0,0,0,6,0,0,13,0,0,completed
43917,U3921,2025-06-03 21:51:00,2025-06-03 21:54:00,F,30~39,office,seoul,0,0,0,0,19,0,0,47,0,0,completed
43918,U3922,2025-12-08 09:17:00,2025-12-08 09:21:00,F,40~49,office,seoul,0,0,0,0,14,0,0,59,0,0,completed
43919,U3923,2025-05-01 17:15:00,2025-05-01 17:20:00,F,30~39,office,seoul,0,0,0,0,3,0,0,43,0,0,completed
43920,U3924,2025-07-06 15:07:00,2025-07-06 15:14:00,F,40~49,office,seoul,1,0,0,0,22,0,0,51,0,0,completed
43921,U3925,2025-12-13 13:47:00,2025-12-13 13:50:00,M,40~49,office,seoul,1,0,0,0,15,0,0,23,0,0,completed
43922,U3926,2025-09-02 19:01:00,2025-09-02 19:04:00,M,20~29,office,seoul,0,0,0,0,20,0,0,30,0,0,completed
43923,U3927,2025-03-07 09:59:00,2025-03-07 10:05:00,M,30~39,office,seoul,0,0,0,0,27,0,0,29,0,0,abandoned
43924,U3928,2025-05-17 21:04:00,2025-05-17 21:10:00,F,20~29,office,seoul,1,0,0,0,24,0,0,38,0,0,abandoned
43925,U3929,2025-06-07 17:59:00,2025-06-07 18:04:00,F,40~49,office,seoul,1,0,0,0,12,0,0,25,0,0,completed
43926,U3930,2025-07-03 07:08:00,2025-07-03 07:14:00,M,20~29,office,seoul,0,0,0,0,18,0,0,73,0,0,abandoned
43927,U3931,2025-08-08 13:56:00,2025-08-08 14:02:00,F,20~29,office,seoul,0,0,0,0,20,0,0,55,0,0,completed
43928,U3932,2025-04-17 13:22:00,2025-04-17 13:29:00,F,20~29,office,seoul,0,0,0,0,26,0,0,64,0,0,completed
43929,U3933,2025-09-10 12:07:00,2025-09-10 12:13:00,M,50+,office,seoul,0,0,0,0,3,0,0,35,0,0,error
43930,U3934,2025-10-06 07:07:00,2025-10-06 07:12:00,M,40~49,office,seoul,0,0,0,0,2,0,0,54,0,0,abandoned
43931,U3935,2025-12-06 14:20:00,2025-12-06 14:22:00,F,30~39,office,seoul,1,0,0,0,15,0,0,13,0,0,completed
43932,U3936,2025-06-17 07:46:00,2025-06-17 07:48:00,M,20~29,office,seoul,0,0,0,0,13,0,0,75,0,0,completed
43933,U3937,2025-10-25 08:06:00,2025-10-25 08:10:00,M,40~49,office,seoul,1,0,0,0,8,0,0,73,0,0,completed
43934,U3938,2025-11-15 12:17:00,2025-11-15 12:19:00,F,30~39,office,seoul,1,0,0,0,1,0,0,78,0,1,completed
43935,U3939,2025-06-24 12:53:00,2025-06-24 12:59:00,F,30~39,office,seoul,0,0,0,0,3,0,0,73,0,0,completed
43936,U3940,2025-10-08 20:05:00,2025-10-08 20:12:00,M,20~29,office,seoul,0,0,0,0,9,0,0,63,0,0,completed
43937,U3941,2025-04-05 09:02:00,2025-04-05 09:07:00,M,30~39,office,seoul,1,0,0,0,5,0,0,26,0,0,abandoned
43938,U3942,2025-12-29 14:26:00,2025-12-29 14:29:00,F,50+,office,seoul,0,0,0,0,10,0,0,18,1,1,completed
43939,U3943,2025-12-24 20:18:00,2025-12-24 20:21:00,M,40~49,office,seoul,0,0,0,0,9,0,0,49,0,0,completed
43940,U3944,2025-05-13 12:55:00,2025-05-13 13:01:00,F,40~49,office,seoul,0,0,0,0,15,0,0,46,0,0,completed
43941,U3945,2025-07-24 07:41:00,2025-07-24 07:45:00,M,40~49,office,seoul,0,0,0,0,16,0,0,30,0,0,abandoned
43942,U3946,2025-06-19 18:50:00,2025-06-19 18:57:00,F,40~49,office,seoul,0,0,0,0,24,0,0,23,1,0,timeout
43943,U3947,2025-02-04 08:44:00,2025-02-04 08:51:00,F,20~29,office,seoul,0,0,0,0,3,0,0,63,0,0,completed
43944,U3948,2025-04-21 08:25:00,2025-04-21 08:32:00,F,30~39,office,seoul,0,0,0,0,7,0,0,76,0,0,completed
43945,U3949,2025-03-20 14:33:00,2025-03-20 14:36:00,F,50+,office,seoul,0,0,0,0,9,0,0,48,0,0,completed
43946,U3950,2025-02-09 16:52:00,2025-02-09 16:54:00,F,50+,office,seoul,1,0,0,0,29,0,0,57,0,0,completed
43947,U3951,2025-09-26 15:51:00,2025-09-26 15:54:00,F,30~39,office,seoul,0,0,0,0,14,0,0,29,0,0,completed
43948,U3952,2025-02-16 13:07:00,2025-02-16 13:13:00,M,30~39,office,seoul,1,0,0,0,3,0,0,18,0,0,completed
43949,U3953,2025-01-17 18:26:00,2025-01-17 18:31:00,F,40~49,office,seoul,0,0,0,0,13,0,0,69,0,0,error
43950,U3954,2025-08-15 09:00:00,2025-08-15 09:04:00,F,30~39,office,seoul,0,0,0,0,2,0,0,72,0,0,completed
43951,U3955,2025-08-27 12:26:00,2025-08-27 12:31:00,M,30~39,office,seoul,0,0,0,0,18,0,0,27,0,0,timeout
43952,U3956,2025-01-25 08:50:00,2025-01-25 08:54:00,M,50+,office,seoul,1,0,0,0,1,0,0,57,0,0,abandoned
43953,U3957,2025-10-05 07:24:00,2025-10-05 07:31:00,M,30~39,office,seoul,1,0,0,0,27,0,0,53,0,0,completed
43954,U3958,2025-02-08 13:56:00,2025-02-08 14:01:00,F,20~29,office,seoul,1,0,0,0,5,0,0,75,0,0,completed
43955,U3959,2025-03-31 20:37:00,2025-03-31 20:41:00,M,20~29,office,seoul,0,0,0,0,0,0,0,74,0,0,completed
43956,U3960,2025-07-02 13:58:00,2025-07-02 14:02:00,F,30~39,office,seoul,0,0,0,0,4,0,0,77,0,0,abandoned
43957,U3961,2025-05-03 13:41:00,2025-05-03 13:43:00,M,40~49,office,seoul,1,0,0,0,26,0,0,71,0,0,timeout
43958,U3962,2025-04-24 09:37:00,2025-04-24 09:40:00,F,40~49,office,seoul,0,0,0,0,6,0,0,18,0,0,completed
43959,U3963,2025-05-25 09:05:00,2025-05-25 09:09:00,F,50+,office,seoul,1,0,0,0,0,0,0,52,0,0,completed
43960,U3964,2025-12-04 12:44:00,2025-12-04 12:48:00,M,30~39,office,seoul,0,0,0,0,1,0,0,70,0,0,completed
43961,U3965,2025-02-20 16:38:00,2025-02-20 16:40:00,M,30~39,office,seoul,0,0,0,0,23,0,0,72,0,0,completed
43962,U3966,2025-09-24 13:45:00,2025-09-24 13:48:00,M,30~39,office,seoul,0,0,0,0,26,0,0,54,0,0,timeout
43963,U3967,2025-11-16 08:48:00,2025-11-16 08:51:00,F,30~39,office,seoul,1,0,0,0,19,0,0,75,0,0,completed
43964,U3968,2025-10-01 07:21:00,2025-10-01 07:28:00,F,20~29,office,seoul,0,0,0,0,10,0,0,19,0,0,completed
43965,U3969,2025-02-17 16:08:00,2025-02-17 16:15:00,M,30~39,office,seoul,0,0,0,0,0,0,0,28,0,0,completed
43966,U3970,2025-01-21 11:29:00,2025-01-21 11:35:00,F,40~49,office,seoul,0,0,0,0,21,0,0,14,0,0,completed
43967,U3971,2025-06-17 09:31:00,2025-06-17 09:38:00,F,20~29,office,seoul,0,0,0,0,12,0,0,59,0,0,completed
43968,U3972,2025-09-20 08:09:00,2025-09-20 08:13:00,M,20~29,office,seoul,1,0,0,0,12,0,0,26,0,0,completed
43969,U3973,2025-02-08 13:27:00,2025-02-08 13:32:00,F,50+,office,seoul,1,0,0,0,17,0,0,76,0,0,completed
43970,U3974,2025-03-21 16:31:00,2025-03-21 16:35:00,M,40~49,office,seoul,0,0,0,0,11,0,0,73,0,0,completed
43971,U3975,2025-06-14 16:17:00,2025-06-14 16:24:00,F,20~29,office,seoul,1,0,0,0,17,0,0,52,0,0,completed
43972,U3976,2025-11-01 13:48:00,2025-11-01 13:55:00,M,20~29,office,seoul,1,0,0,0,5,0,0,78,0,0,completed
43973,U3977,2025-03-06 11:15:00,2025-03-06 11:20:00,F,50+,office,seoul,0,0,0,0,20,0,0,71,0,0,error
43974,U3978,2025-06-21 14:00:00,2025-06-21 14:02:00,F,40~49,office,seoul,1,0,0,0,27,0,0,40,0,0,abandoned
43975,U3979,2025-04-22 18:34:00,2025-04-22 18:41:00,F,30~39,office,seoul,0,0,0,0,6,0,0,11,0,0,completed
43976,U3980,2025-12-10 09:43:00,2025-12-10 09:46:00,F,50+,office,seoul,0,0,0,0,4,0,0,65,0,0,completed
43977,U3981,2025-07-07 15:09:00,2025-07-07 15:15:00,F,20~29,office,seoul,0,0,0,0,22,0,0,46,0,0,completed
43978,U3982,2025-09-11 08:53:00,2025-09-11 08:58:00,F,40~49,office,seoul,0,0,0,0,22,0,0,18,0,0,completed
43979,U3983,2025-07-21 11:05:00,2025-07-21 11:11:00,M,30~39,office,seoul,0,0,0,0,0,0,0,79,0,0,completed
43980,U3984,2025-04-14 11:51:00,2025-04-14 11:58:00,F,40~49,office,seoul,0,0,0,0,14,0,0,69,0,0,completed
43981,U3985,2025-11-10 12:10:00,2025-11-10 12:12:00,F,20~29,office,seoul,0,0,0,0,23,0,0,41,0,0,completed
43982,U3986,2025-10-06 14:50:00,2025-10-06 14:53:00,F,50+,office,seoul,0,0,0,0,26,0,0,54,0,0,completed
43983,U3987,2025-03-22 17:23:00,2025-03-22 17:29:00,F,30~39,office,seoul,1,0,0,0,14,0,0,45,0,0,completed
43984,U3988,2025-12-05 15:43:00,2025-12-05 15:46:00,F,20~29,office,seoul,0,0,0,0,29,0,0,35,0,0,completed
43985,U3989,2025-03-15 11:18:00,2025-03-15 11:23:00,M,40~49,office,seoul,1,0,0,0,2,0,0,11,0,0,timeout
43986,U3990,2025-07-19 11:24:00,2025-07-19 11:30:00,M,20~29,office,seoul,1,0,0,0,5,0,0,43,0,0,completed
43987,U3991,2025-09-18 19:28:00,2025-09-18 19:33:00,M,30~39,office,seoul,0,0,0,0,16,0,0,54,0,0,completed
43988,U3992,2025-02-19 18:56:00,2025-02-19 19:03:00,F,20~29,office,seoul,0,0,0,0,9,0,0,46,0,0,completed
43989,U3993,2025-01-21 09:12:00,2025-01-21 09:18:00,F,50+,office,seoul,0,0,0,0,7,0,0,27,0,0,completed
43990,U3994,2025-04-29 11:57:00,2025-04-29 12:03:00,M,30~39,office,seoul,0,0,0,0,14,0,0,45,0,0,completed
43991,U3995,2025-11-28 09:46:00,2025-11-28 09:48:00,F,50+,office,seoul,0,0,0,0,17,0,0,63,0,0,completed
43992,U3996,2025-07-26 14:24:00,2025-07-26 14:31:00,F,20~29,office,seoul,1,0,0,0,14,0,0,68,0,0,completed
43993,U3997,2025-02-24 14:00:00,2025-02-24 14:06:00,F,20~29,office,seoul,0,0,0,0,14,0,0,10,0,0,completed
43994,U3998,2025-11-09 09:52:00,2025-11-09 09:55:00,M,40~49,office,seoul,1,0,0,0,29,0,0,22,0,0,completed
43995,U3999,2025-07-13 20:02:00,2025-07-13 20:04:00,M,50+,office,seoul,1,0,0,0,25,0,0,67,1,0,completed
43996,U4000,2025-08-01 17:13:00,2025-08-01 17:19:00,F,20~29,office,seoul,0,0,0,0,12,0,0,49,0,0,completed
43997,U4001,2025-10-09 07:08:00,2025-10-09 07:13:00,M,20~29,office,seoul,0,0,0,0,22,0,0,57,0,0,completed
43998,U4002,2025-03-01 08:43:00,2025-03-01 08:49:00,F,30~39,office,seoul,1,0,0,0,9,0,0,52,0,0,completed
43999,U4003,2025-12-26 15:03:00,2025-12-26 15:08:00,M,40~49,office,seoul,0,0,0,0,8,0,0,72,0,0,completed
44000,U4004,2025-10-14 15:04:00,2025-10-14 15:07:00,F,20~29,office,seoul,0,0,0,0,4,0,0,26,0,0,timeout
44001,U4005,2025-05-18 20:33:00,2025-05-18 20:35:00,M,30~39,office,seoul,1,0,0,0,2,0,0,59,0,0,completed
44002,U4006,2025-06-06 07:52:00,2025-06-06 07:58:00,F,30~39,office,seoul,0,0,0,0,24,0,0,30,0,0,completed
44003,U4007,2025-12-29 14:20:00,2025-12-29 14:24:00,M,20~29,office,seoul,0,0,0,0,1,0,0,20,0,0,completed
44004,U4008,2025-01-26 09:41:00,2025-01-26 09:44:00,F,30~39,office,seoul,1,0,0,0,19,0,0,79,0,0,abandoned
44005,U4009,2025-08-23 11:09:00,2025-08-23 11:12:00,F,50+,office,seoul,1,0,0,0,24,0,0,15,0,0,completed
44006,U4010,2025-02-28 12:37:00,2025-02-28 12:43:00,F,30~39,office,seoul,0,0,0,0,18,0,0,45,0,0,completed
44007,U4011,2025-09-07 17:17:00,2025-09-07 17:21:00,M,40~49,office,seoul,1,0,0,0,11,0,0,19,0,0,completed
44008,U4012,2025-04-25 12:48:00,2025-04-25 12:55:00,M,40~49,office,seoul,0,0,0,0,23,0,0,18,0,0,completed
44009,U4013,2025-04-17 11:42:00,2025-04-17 11:49:00,F,40~49,office,seoul,0,0,0,0,1,0,0,12,0,0,completed
44010,U4014,2025-09-13 17:39:00,2025-09-13 17:41:00,M,30~39,office,seoul,1,0,0,0,8,0,0,46,0,0,completed
44011,U4015,2025-12-17 08:06:00,2025-12-17 08:13:00,F,20~29,office,seoul,0,0,0,0,28,0,0,30,0,0,completed
44012,U4016,2025-08-28 15:26:00,2025-08-28 15:30:00,M,30~39,office,seoul,0,0,0,0,1,0,0,55,0,0,completed
44013,U4017,2025-01-31 09:27:00,2025-01-31 09:31:00,M,40~49,office,seoul,0,0,0,0,10,0,0,61,0,0,completed
44014,U4018,2025-10-17 09:42:00,2025-10-17 09:49:00,F,50+,office,seoul,0,0,0,0,29,0,0,13,0,0,completed
44015,U4019,2025-11-30 20:50:00,2025-11-30 20:56:00,F,50+,office,seoul,1,0,0,0,8,0,0,33,0,0,completed
44016,U4020,2025-10-20 07:15:00,2025-10-20 07:18:00,M,50+,office,seoul,0,0,0,0,28,0,0,57,0,1,completed
44017,U4021,2025-01-23 14:33:00,2025-01-23 14:38:00,F,50+,office,seoul,0,0,0,0,11,0,0,56,0,0,completed
44018,U4022,2025-11-02 19:37:00,2025-11-02 19:39:00,F,20~29,office,seoul,1,0,0,0,12,0,0,67,0,0,completed
44019,U4023,2025-07-22 11:42:00,2025-07-22 11:46:00,M,40~49,office,seoul,0,0,0,0,23,0,0,13,0,0,completed
44020,U4024,2025-06-21 09:42:00,2025-06-21 09:44:00,M,30~39,office,seoul,1,0,0,0,12,0,0,60,0,0,completed
44021,U4025,2025-11-04 09:30:00,2025-11-04 09:37:00,F,30~39,office,seoul,0,0,0,0,3,0,0,14,0,0,completed
44022,U4026,2025-08-14 16:33:00,2025-08-14 16:35:00,F,20~29,office,seoul,0,0,0,0,28,0,0,50,0,0,completed
44023,U4027,2025-02-03 19:09:00,2025-02-03 19:16:00,M,20~29,office,seoul,0,0,0,0,13,0,0,49,0,0,completed
44024,U4028,2025-06-23 07:00:00,2025-06-23 07:07:00,F,20~29,office,seoul,0,0,0,0,6,0,0,57,0,0,abandoned
44025,U4029,2025-02-19 19:07:00,2025-02-19 19:12:00,F,20~29,office,seoul,0,0,0,0,2,0,0,28,0,0,completed
44026,U4030,2025-07-22 15:18:00,2025-07-22 15:20:00,F,20~29,office,seoul,0,0,0,0,24,0,0,65,0,0,completed
44027,U4031,2025-12-08 19:50:00,2025-12-08 19:57:00,M,50+,office,seoul,0,0,0,0,1,0,0,68,0,0,abandoned
44028,U4032,2025-06-06 18:03:00,2025-06-06 18:05:00,F,30~39,office,seoul,0,0,0,0,26,0,0,38,0,0,error
44029,U4033,2025-03-10 11:43:00,2025-03-10 11:47:00,M,30~39,office,seoul,0,0,0,0,2,0,0,45,0,0,completed
44030,U4034,2025-07-06 11:07:00,2025-07-06 11:11:00,M,20~29,office,seoul,1,0,0,0,21,0,0,79,0,0,completed
44031,U4035,2025-12-16 12:26:00,2025-12-16 12:28:00,M,50+,office,seoul,0,0,0,0,10,0,0,79,0,0,completed
44032,U4036,2025-09-10 17:24:00,2025-09-10 17:26:00,M,30~39,office,seoul,0,0,0,0,15,0,0,76,0,0,completed
44033,U4037,2025-11-18 18:06:00,2025-11-18 18:10:00,F,20~29,office,seoul,0,0,0,0,0,0,0,10,0,0,completed
44034,U4038,2025-12-02 12:18:00,2025-12-02 12:20:00,M,20~29,office,seoul,0,0,0,0,7,0,0,32,0,0,completed
44035,U4039,2025-05-24 15:49:00,2025-05-24 15:51:00,F,20~29,office,seoul,1,0,0,0,14,0,0,74,0,0,completed
44036,U4040,2025-06-29 13:27:00,2025-06-29 13:32:00,F,20~29,office,seoul,1,0,0,0,16,0,0,21,0,0,completed
44037,U4041,2025-02-09 07:07:00,2025-02-09 07:09:00,M,20~29,office,seoul,1,0,0,0,13,0,0,11,0,0,completed
44038,U4042,2025-08-10 07:43:00,2025-08-10 07:46:00,M,30~39,office,seoul,1,0,0,0,16,0,0,48,0,0,completed
44039,U4043,2025-03-15 12:33:00,2025-03-15 12:39:00,M,30~39,office,seoul,1,0,0,0,8,0,0,59,0,0,error
44040,U4044,2025-09-15 12:22:00,2025-09-15 12:29:00,M,20~29,office,seoul,0,0,0,0,20,0,0,66,1,0,completed
44041,U4045,2025-08-05 09:10:00,2025-08-05 09:16:00,F,20~29,office,seoul,0,0,0,0,20,0,0,11,0,0,completed
44042,U4046,2025-04-23 08:30:00,2025-04-23 08:35:00,M,40~49,office,seoul,0,0,0,0,11,0,0,78,0,0,completed
44043,U4047,2025-10-01 22:35:00,2025-10-01 22:39:00,M,20~29,office,seoul,0,0,0,0,3,0,0,62,0,0,completed
44044,U4048,2025-03-27 08:30:00,2025-03-27 08:34:00,F,40~49,office,seoul,0,0,0,0,20,0,0,62,0,0,completed
44045,U4049,2025-05-17 17:31:00,2025-05-17 17:33:00,M,30~39,office,seoul,1,0,0,0,22,0,0,79,0,0,completed
44046,U4050,2025-01-18 16:24:00,2025-01-18 16:28:00,M,20~29,office,seoul,1,0,0,0,4,0,0,35,0,0,completed
44047,U4051,2025-10-20 09:46:00,2025-10-20 09:52:00,M,30~39,office,seoul,0,0,0,0,24,0,0,58,0,0,completed
44048,U4052,2025-06-19 09:58:00,2025-06-19 10:02:00,F,50+,office,seoul,0,0,0,0,23,0,0,76,0,0,completed
44049,U4053,2025-11-01 12:41:00,2025-11-01 12:44:00,M,50+,office,seoul,1,0,0,0,13,0,0,40,0,0,completed
44050,U4054,2025-02-05 20:01:00,2025-02-05 20:05:00,F,20~29,office,seoul,0,0,0,0,7,0,0,44,0,0,completed
44051,U4055,2025-08-15 18:31:00,2025-08-15 18:37:00,M,50+,office,seoul,0,0,0,0,4,0,0,17,0,0,abandoned
44052,U4056,2025-01-21 18:38:00,2025-01-21 18:42:00,M,20~29,office,seoul,0,0,0,0,18,0,0,74,0,0,completed
44053,U4057,2025-01-14 15:13:00,2025-01-14 15:18:00,M,20~29,office,seoul,0,0,0,0,25,0,0,71,0,0,completed
44054,U4058,2025-02-13 09:40:00,2025-02-13 09:47:00,F,20~29,office,seoul,0,0,0,0,22,0,0,45,0,0,completed
44055,U4059,2025-03-15 18:03:00,2025-03-15 18:10:00,F,30~39,office,seoul,1,0,0,0,4,0,0,20,0,0,completed
44056,U4060,2025-07-18 13:29:00,2025-07-18 13:35:00,F,40~49,office,seoul,0,0,0,0,18,0,0,23,0,0,completed
44057,U4061,2025-11-10 13:11:00,2025-11-10 13:15:00,M,30~39,office,seoul,0,0,0,0,4,0,0,57,0,0,completed
44058,U4062,2025-11-29 07:32:00,2025-11-29 07:36:00,F,50+,office,seoul,1,0,0,0,5,0,0,71,0,0,completed
44059,U4063,2025-10-27 13:05:00,2025-10-27 13:07:00,F,30~39,office,seoul,0,0,0,0,12,0,0,36,0,0,completed
44060,U4064,2025-09-27 18:15:00,2025-09-27 18:17:00,F,40~49,office,seoul,1,0,0,0,8,0,0,46,0,1,completed
44061,U4065,2025-08-29 18:23:00,2025-08-29 18:27:00,M,40~49,office,seoul,0,0,0,0,5,0,0,77,0,0,completed
44062,U4066,2025-07-14 17:24:00,2025-07-14 17:31:00,F,30~39,office,seoul,0,0,0,0,17,0,0,40,0,0,completed
44063,U4067,2025-04-12 09:27:00,2025-04-12 09:30:00,F,30~39,office,seoul,1,0,0,0,6,0,0,60,0,0,completed
44064,U4068,2025-11-22 07:16:00,2025-11-22 07:21:00,F,20~29,office,seoul,1,0,0,0,19,0,0,17,0,0,completed
44065,U4069,2025-12-06 08:24:00,2025-12-06 08:26:00,F,20~29,office,seoul,1,0,0,0,12,0,0,11,0,0,completed
44066,U4070,2025-01-29 15:37:00,2025-01-29 15:40:00,M,20~29,office,seoul,0,0,0,0,6,0,0,27,0,0,completed
44067,U4071,2025-04-16 09:11:00,2025-04-16 09:14:00,F,30~39,office,seoul,0,0,0,0,21,0,0,77,0,0,timeout
44068,U4072,2025-08-09 15:58:00,2025-08-09 16:01:00,M,20~29,office,seoul,1,0,0,0,1,0,0,31,0,0,completed
44069,U4073,2025-08-01 14:58:00,2025-08-01 15:05:00,M,20~29,office,seoul,0,0,0,0,21,0,0,56,0,0,completed
44070,U4074,2025-06-19 09:08:00,2025-06-19 09:15:00,F,20~29,office,seoul,0,0,0,0,26,0,0,51,0,0,completed
44071,U4075,2025-01-04 08:00:00,2025-01-04 08:02:00,F,20~29,office,seoul,1,0,0,0,1,0,0,56,0,0,completed
44072,U4076,2025-04-29 16:32:00,2025-04-29 16:38:00,M,20~29,office,seoul,0,0,0,0,21,0,0,39,0,0,completed
44073,U4077,2025-02-09 12:06:00,2025-02-09 12:11:00,M,50+,office,seoul,1,0,0,0,2,0,0,46,0,0,completed
44074,U4078,2025-10-18 16:20:00,2025-10-18 16:22:00,F,30~39,office,seoul,1,0,0,0,2,0,0,45,0,0,completed
44075,U4079,2025-07-04 08:00:00,2025-07-04 08:06:00,M,40~49,office,seoul,0,0,0,0,5,0,0,21,1,0,completed
44076,U4080,2025-04-02 08:32:00,2025-04-02 08:36:00,F,40~49,office,seoul,0,0,0,0,16,0,0,54,0,1,completed
44077,U4081,2025-06-22 08:36:00,2025-06-22 08:38:00,M,50+,office,seoul,1,0,0,0,17,0,0,70,0,0,completed
44078,U4082,2025-09-07 20:16:00,2025-09-07 20:20:00,M,40~49,office,seoul,1,0,0,0,17,0,0,77,0,0,completed
44079,U4083,2025-04-22 20:49:00,2025-04-22 20:53:00,M,20~29,office,seoul,0,0,0,0,24,0,0,71,0,0,timeout
44080,U4084,2025-05-24 21:13:00,2025-05-24 21:17:00,F,20~29,office,seoul,1,0,0,0,2,0,0,52,0,0,completed
44081,U4085,2025-08-17 15:03:00,2025-08-17 15:10:00,F,30~39,office,seoul,1,0,0,0,28,0,0,34,0,0,completed
44082,U4086,2025-11-10 08:29:00,2025-11-10 08:31:00,F,20~29,office,seoul,0,0,0,0,15,0,0,78,0,0,completed
44083,U4087,2025-08-13 12:24:00,2025-08-13 12:26:00,F,40~49,office,seoul,0,0,0,0,2,0,0,37,0,0,completed
44084,U4088,2025-02-14 11:55:00,2025-02-14 11:58:00,F,40~49,office,seoul,0,0,0,0,1,0,0,23,0,0,completed
44085,U4089,2025-04-29 08:13:00,2025-04-29 08:19:00,F,30~39,office,seoul,0,0,0,0,25,0,0,46,0,0,timeout
44086,U4090,2025-05-01 19:30:00,2025-05-01 19:32:00,F,20~29,office,seoul,0,0,0,0,27,0,0,61,0,0,completed
44087,U4091,2025-03-26 15:00:00,2025-03-26 15:04:00,F,20~29,office,seoul,0,0,0,0,25,0,0,48,0,0,completed
44088,U4092,2025-03-20 07:46:00,2025-03-20 07:51:00,M,40~49,office,seoul,0,0,0,0,3,0,0,58,0,0,completed
44089,U4093,2025-02-11 12:46:00,2025-02-11 12:53:00,M,20~29,office,seoul,0,0,0,0,24,0,0,54,0,0,completed
44090,U4094,2025-07-27 14:37:00,2025-07-27 14:39:00,F,20~29,office,seoul,1,0,0,0,13,0,0,75,0,0,completed
44091,U4095,2025-04-15 09:30:00,2025-04-15 09:35:00,F,40~49,office,seoul,0,0,0,0,22,0,0,66,0,0,abandoned
44092,U4096,2025-07-31 12:29:00,2025-07-31 12:32:00,F,40~49,office,seoul,0,0,0,0,3,0,0,63,0,0,completed
44093,U4097,2025-01-27 09:28:00,2025-01-27 09:35:00,F,20~29,office,seoul,0,0,0,0,7,0,0,17,0,0,completed
44094,U4098,2025-08-12 12:11:00,2025-08-12 12:14:00,F,20~29,office,seoul,0,0,0,0,17,0,0,78,0,0,completed
44095,U4099,2025-02-12 16:32:00,2025-02-12 16:36:00,M,50+,office,seoul,0,0,0,0,27,0,0,73,0,1,completed
44096,U4100,2025-11-21 12:42:00,2025-11-21 12:49:00,F,20~29,office,seoul,0,0,0,0,0,0,0,59,0,0,abandoned
44097,U4101,2025-01-25 09:13:00,2025-01-25 09:15:00,M,20~29,office,seoul,1,0,0,0,15,0,0,16,0,0,completed
44098,U4102,2025-07-06 12:50:00,2025-07-06 12:56:00,M,20~29,office,seoul,1,0,0,0,23,0,0,45,0,0,completed
44099,U4103,2025-09-13 12:26:00,2025-09-13 12:30:00,M,40~49,office,seoul,1,0,0,0,23,0,0,75,0,0,completed
44100,U4104,2025-07-27 17:13:00,2025-07-27 17:19:00,F,30~39,office,seoul,1,0,0,0,2,0,0,37,0,0,completed
44101,U4105,2025-06-16 20:29:00,2025-06-16 20:36:00,M,40~49,office,seoul,0,0,0,0,8,0,0,29,0,0,timeout
44102,U4106,2025-06-14 08:20:00,2025-06-14 08:26:00,M,40~49,office,seoul,1,0,0,0,20,0,0,38,0,0,completed
44103,U4107,2025-01-25 22:03:00,2025-01-25 22:06:00,M,50+,office,seoul,1,0,0,0,19,0,0,15,0,0,completed
44104,U4108,2025-12-24 12:25:00,2025-12-24 12:28:00,F,20~29,office,seoul,0,0,0,0,16,0,0,35,0,0,completed
44105,U4109,2025-02-27 21:44:00,2025-02-27 21:51:00,F,20~29,office,seoul,0,0,0,0,11,0,0,45,0,0,completed
44106,U4110,2025-12-11 12:15:00,2025-12-11 12:21:00,M,30~39,office,seoul,0,0,0,0,26,0,0,37,0,0,abandoned
44107,U4111,2025-12-11 08:01:00,2025-12-11 08:08:00,F,20~29,office,seoul,0,0,0,0,22,0,0,60,0,0,completed
44108,U4112,2025-09-29 14:39:00,2025-09-29 14:46:00,M,40~49,office,seoul,0,0,0,0,11,0,0,12,0,0,completed
44109,U4113,2025-04-23 20:57:00,2025-04-23 21:02:00,F,40~49,office,seoul,0,0,0,0,12,0,0,62,0,0,completed
44110,U4114,2025-12-28 14:39:00,2025-12-28 14:46:00,F,30~39,office,seoul,1,0,0,0,29,0,0,21,0,0,abandoned
44111,U4115,2025-03-08 15:43:00,2025-03-08 15:47:00,F,20~29,office,seoul,1,0,0,0,9,0,0,40,0,0,completed
44112,U4116,2025-07-04 09:59:00,2025-07-04 10:01:00,M,30~39,office,seoul,0,0,0,0,15,0,0,18,0,0,abandoned
44113,U4117,2025-12-23 13:47:00,2025-12-23 13:50:00,M,20~29,office,seoul,0,0,0,0,16,0,0,71,0,0,completed
44114,U4118,2025-01-25 09:36:00,2025-01-25 09:42:00,F,20~29,office,seoul,1,0,0,0,20,0,0,52,0,0,completed
44115,U4119,2025-05-07 11:57:00,2025-05-07 12:04:00,F,30~39,office,seoul,0,0,0,0,24,0,0,21,0,0,abandoned
44116,U4120,2025-03-15 16:10:00,2025-03-15 16:12:00,M,20~29,office,seoul,1,0,0,0,13,0,0,40,0,0,completed
44117,U4121,2025-03-23 12:08:00,2025-03-23 12:13:00,F,20~29,office,seoul,1,0,0,0,22,0,0,56,0,0,abandoned
44118,U4122,2025-07-24 09:10:00,2025-07-24 09:13:00,M,30~39,office,seoul,0,0,0,0,16,0,0,37,0,0,completed
44119,U4123,2025-02-22 16:54:00,2025-02-22 16:57:00,F,20~29,office,seoul,1,0,0,0,18,0,0,79,0,0,completed
44120,U4124,2025-03-03 08:35:00,2025-03-03 08:39:00,M,30~39,office,seoul,0,0,0,0,26,0,0,34,0,0,completed
44121,U4125,2025-04-21 14:51:00,2025-04-21 14:54:00,M,30~39,office,seoul,0,0,0,0,12,0,0,19,0,0,error
44122,U4126,2025-10-22 12:06:00,2025-10-22 12:08:00,F,40~49,office,seoul,0,0,0,0,15,0,0,49,0,0,completed
44123,U4127,2025-02-18 19:17:00,2025-02-18 19:22:00,M,50+,office,seoul,0,0,0,0,20,0,0,78,0,0,timeout
44124,U4128,2025-11-10 16:31:00,2025-11-10 16:34:00,M,50+,office,seoul,0,0,0,0,5,0,0,10,0,0,completed
44125,U4129,2025-04-04 19:38:00,2025-04-04 19:43:00,F,50+,office,seoul,0,0,0,0,22,0,0,62,0,0,completed
44126,U4130,2025-09-14 15:11:00,2025-09-14 15:16:00,F,30~39,office,seoul,1,0,0,0,23,0,0,23,1,0,completed
44127,U4131,2025-10-06 08:31:00,2025-10-06 08:36:00,F,20~29,office,seoul,0,0,0,0,23,0,0,31,0,0,completed
44128,U4132,2025-02-04 09:55:00,2025-02-04 09:57:00,F,20~29,office,seoul,0,0,0,0,25,0,0,30,0,0,completed
44129,U4133,2025-06-26 09:56:00,2025-06-26 10:01:00,M,20~29,office,seoul,0,0,0,0,25,0,0,12,0,0,completed
44130,U4134,2025-12-01 15:45:00,2025-12-01 15:50:00,M,50+,office,seoul,0,0,0,0,9,0,0,78,0,0,completed
44131,U4135,2025-11-03 22:58:00,2025-11-03 23:05:00,F,30~39,office,seoul,0,0,0,0,22,0,0,19,0,0,completed
44132,U4136,2025-09-01 14:56:00,2025-09-01 14:59:00,M,20~29,office,seoul,0,0,0,0,27,0,0,12,0,0,completed
44133,U4137,2025-10-16 17:01:00,2025-10-16 17:07:00,M,40~49,office,seoul,0,0,0,0,28,0,0,28,0,0,error
44134,U4138,2025-04-17 16:25:00,2025-04-17 16:28:00,F,40~49,office,seoul,0,0,0,0,26,0,0,50,0,0,completed
44135,U4139,2025-03-12 12:58:00,2025-03-12 13:04:00,F,20~29,office,seoul,0,0,0,0,19,0,0,73,0,0,completed
44136,U4140,2025-10-13 08:05:00,2025-10-13 08:11:00,M,30~39,office,seoul,0,0,0,0,10,0,0,20,0,0,timeout
44137,U4141,2025-04-22 15:00:00,2025-04-22 15:04:00,M,40~49,office,seoul,0,0,0,0,7,0,0,43,0,0,completed
44138,U4142,2025-06-12 15:39:00,2025-06-12 15:46:00,F,40~49,office,seoul,0,0,0,0,13,0,0,46,0,0,completed
44139,U4143,2025-10-02 20:28:00,2025-10-02 20:30:00,M,40~49,office,seoul,0,0,0,0,24,0,0,65,0,0,completed
44140,U4144,2025-05-20 15:11:00,2025-05-20 15:14:00,F,30~39,office,seoul,0,0,0,0,8,0,0,59,0,0,completed
44141,U4145,2025-10-11 14:18:00,2025-10-11 14:23:00,M,30~39,office,seoul,1,0,0,0,15,0,0,52,0,0,completed
44142,U4146,2025-10-12 18:34:00,2025-10-12 18:41:00,F,40~49,office,seoul,1,0,0,0,10,0,0,33,0,0,completed
44143,U4147,2025-11-16 09:53:00,2025-11-16 09:59:00,M,50+,office,seoul,1,0,0,0,21,0,0,18,1,0,completed
44144,U4148,2025-06-22 22:34:00,2025-06-22 22:40:00,M,50+,office,seoul,1,0,0,0,5,0,0,73,0,0,completed
44145,U4149,2025-08-16 19:45:00,2025-08-16 19:48:00,M,50+,office,seoul,1,0,0,0,17,0,0,70,0,0,completed
44146,U4150,2025-10-11 07:00:00,2025-10-11 07:06:00,F,20~29,office,seoul,1,0,0,0,11,0,0,69,0,0,completed
44147,U4151,2025-02-14 09:56:00,2025-02-14 10:02:00,F,40~49,office,seoul,0,0,0,0,2,0,0,37,0,0,completed
44148,U4152,2025-11-25 13:07:00,2025-11-25 13:11:00,F,20~29,office,seoul,0,0,0,0,26,0,0,32,0,0,completed
44149,U4153,2025-01-25 17:31:00,2025-01-25 17:35:00,M,40~49,office,seoul,1,0,0,0,21,0,0,74,0,0,completed
44150,U4154,2025-05-23 09:39:00,2025-05-23 09:41:00,F,40~49,office,seoul,0,0,0,0,2,0,0,32,0,0,completed
44151,U4155,2025-03-08 15:07:00,2025-03-08 15:13:00,M,20~29,office,seoul,1,0,0,0,6,0,0,39,0,0,completed
44152,U4156,2025-02-24 15:13:00,2025-02-24 15:19:00,M,20~29,office,seoul,0,0,0,0,16,0,0,25,0,0,completed
44153,U4157,2025-05-13 09:48:00,2025-05-13 09:51:00,F,40~49,office,seoul,0,0,0,0,18,0,0,31,0,0,completed
44154,U4158,2025-03-08 12:13:00,2025-03-08 12:15:00,M,30~39,office,seoul,1,0,0,0,9,0,0,59,0,0,completed
44155,U4159,2025-06-23 11:50:00,2025-06-23 11:53:00,F,30~39,office,seoul,0,0,0,0,6,0,0,13,0,0,timeout
44156,U4160,2025-06-04 13:14:00,2025-06-04 13:21:00,M,30~39,office,seoul,0,0,0,0,3,0,0,14,0,0,completed
44157,U4161,2025-09-22 12:23:00,2025-09-22 12:26:00,M,30~39,office,seoul,0,0,0,0,29,0,0,52,0,0,completed
44158,U4162,2025-04-03 13:19:00,2025-04-03 13:25:00,M,20~29,office,seoul,0,0,0,0,17,0,0,51,0,0,completed
44159,U4163,2025-04-14 12:31:00,2025-04-14 12:33:00,F,30~39,office,seoul,0,0,0,0,3,0,0,61,0,0,completed
44160,U4164,2025-09-19 11:39:00,2025-09-19 11:44:00,M,30~39,office,seoul,0,0,0,0,11,0,0,34,0,0,completed
44161,U4165,2025-01-25 16:34:00,2025-01-25 16:38:00,F,50+,office,seoul,1,0,0,0,5,0,0,18,0,0,completed
44162,U4166,2025-12-19 12:00:00,2025-12-19 12:04:00,M,40~49,office,seoul,0,0,0,0,18,0,0,70,1,0,completed
44163,U4167,2025-07-24 08:25:00,2025-07-24 08:27:00,F,50+,office,seoul,0,0,0,0,12,0,0,12,0,0,completed
44164,U4168,2025-02-11 09:53:00,2025-02-11 10:00:00,M,40~49,office,seoul,0,0,0,0,28,0,0,50,0,0,completed
44165,U4169,2025-08-09 09:10:00,2025-08-09 09:15:00,M,20~29,office,seoul,1,0,0,0,27,0,0,27,0,0,completed
44166,U4170,2025-06-27 20:33:00,2025-06-27 20:39:00,F,20~29,office,seoul,0,0,0,0,2,0,0,55,0,0,completed
44167,U4171,2025-04-19 11:50:00,2025-04-19 11:55:00,M,50+,office,seoul,1,0,0,0,5,0,0,22,0,0,completed
44168,U4172,2025-04-23 12:45:00,2025-04-23 12:50:00,F,20~29,office,seoul,0,0,0,0,2,0,0,30,0,0,completed
44169,U4173,2025-06-28 19:29:00,2025-06-28 19:35:00,F,20~29,office,seoul,1,0,0,0,19,0,0,39,0,0,completed
44170,U4174,2025-05-31 08:44:00,2025-05-31 08:51:00,M,20~29,office,seoul,1,0,0,0,26,0,0,35,0,0,completed
44171,U4175,2025-10-08 09:02:00,2025-10-08 09:04:00,F,50+,office,seoul,0,0,0,0,27,0,0,55,0,0,completed
44172,U4176,2025-11-26 13:15:00,2025-11-26 13:18:00,F,50+,office,seoul,0,0,0,0,8,0,0,73,0,0,completed
44173,U4177,2025-09-10 15:20:00,2025-09-10 15:22:00,F,20~29,office,seoul,0,0,0,0,4,0,0,35,0,0,completed
44174,U4178,2025-03-07 09:32:00,2025-03-07 09:36:00,M,20~29,office,seoul,0,0,0,0,28,0,0,24,0,0,completed
44175,U4179,2025-11-06 13:04:00,2025-11-06 13:11:00,M,50+,office,seoul,0,0,0,0,25,0,0,24,0,1,completed
44176,U4180,2025-07-13 11:27:00,2025-07-13 11:30:00,M,40~49,office,seoul,1,0,0,0,4,0,0,24,0,0,completed
44177,U4181,2025-06-23 16:17:00,2025-06-23 16:20:00,M,50+,office,seoul,0,0,0,0,8,0,0,63,0,0,completed
44178,U4182,2025-06-10 15:09:00,2025-06-10 15:14:00,F,40~49,office,seoul,0,0,0,0,22,0,0,40,0,0,completed
44179,U4183,2025-04-19 11:06:00,2025-04-19 11:12:00,M,20~29,office,seoul,1,0,0,0,13,0,0,34,0,0,abandoned
44180,U4184,2025-10-25 14:02:00,2025-10-25 14:08:00,F,20~29,office,seoul,1,0,0,0,6,0,0,74,0,0,completed
44181,U4185,2025-04-14 17:56:00,2025-04-14 18:02:00,F,20~29,office,seoul,0,0,0,0,14,0,0,33,0,0,completed
44182,U4186,2025-11-13 11:34:00,2025-11-13 11:39:00,F,50+,office,seoul,0,0,0,0,5,0,0,11,0,1,abandoned
44183,U4187,2025-02-04 16:46:00,2025-02-04 16:51:00,F,20~29,office,seoul,0,0,0,0,21,0,0,76,0,0,completed
44184,U4188,2025-11-12 13:42:00,2025-11-12 13:46:00,F,20~29,office,seoul,0,0,0,0,28,0,0,13,0,0,completed
44185,U4189,2025-05-24 13:26:00,2025-05-24 13:28:00,M,30~39,office,seoul,1,0,0,0,18,0,0,72,0,0,abandoned
44186,U4190,2025-06-26 15:12:00,2025-06-26 15:14:00,F,40~49,office,seoul,0,0,0,0,1,0,0,21,0,1,completed
44187,U4191,2025-02-24 15:56:00,2025-02-24 16:00:00,F,40~49,office,seoul,0,0,0,0,2,0,0,77,0,0,completed
44188,U4192,2025-01-19 12:41:00,2025-01-19 12:43:00,M,50+,office,seoul,1,0,0,0,7,0,0,74,0,0,completed
44189,U4193,2025-11-27 15:10:00,2025-11-27 15:16:00,M,30~39,office,seoul,0,0,0,0,5,0,0,50,0,0,completed
44190,U4194,2025-06-05 11:40:00,2025-06-05 11:46:00,M,30~39,office,seoul,0,0,0,0,9,0,0,10,0,0,completed
44191,U4195,2025-02-26 14:00:00,2025-02-26 14:07:00,F,50+,office,seoul,0,0,0,0,27,0,0,65,0,0,completed
44192,U4196,2025-03-01 21:07:00,2025-03-01 21:09:00,F,20~29,office,seoul,1,0,0,0,5,0,0,79,0,0,completed
44193,U4197,2025-12-08 18:54:00,2025-12-08 18:56:00,M,30~39,office,seoul,0,0,0,0,7,0,0,56,0,1,completed
44194,U4198,2025-11-15 20:53:00,2025-11-15 21:00:00,M,30~39,office,seoul,1,0,0,0,6,0,0,47,0,0,completed
44195,U4199,2025-04-12 07:28:00,2025-04-12 07:31:00,F,30~39,office,seoul,1,0,0,0,13,0,0,73,0,0,completed
44196,U4200,2025-09-07 09:40:00,2025-09-07 09:47:00,M,30~39,office,seoul,1,0,0,0,11,0,0,45,0,0,completed
44197,U4201,2025-08-11 21:46:00,2025-08-11 21:53:00,F,30~39,office,seoul,0,0,0,0,9,0,0,10,0,0,completed
44198,U4202,2025-08-13 13:30:00,2025-08-13 13:37:00,F,40~49,office,seoul,0,0,0,0,5,0,0,21,0,0,abandoned
44199,U4203,2025-10-24 11:18:00,2025-10-24 11:21:00,F,20~29,office,seoul,0,0,0,0,8,0,0,27,0,0,completed
44200,U4204,2025-03-30 17:24:00,2025-03-30 17:31:00,F,30~39,office,seoul,1,0,0,0,12,0,0,66,0,0,abandoned
44201,U4205,2025-09-29 16:06:00,2025-09-29 16:08:00,F,40~49,office,seoul,0,0,0,0,21,0,0,12,0,0,abandoned
44202,U4206,2025-07-25 11:32:00,2025-07-25 11:39:00,M,40~49,office,seoul,0,0,0,0,9,0,0,14,0,0,completed
44203,U4207,2025-03-29 08:32:00,2025-03-29 08:35:00,F,40~49,office,seoul,1,0,0,0,4,0,0,43,0,0,completed
44204,U4208,2025-05-14 14:33:00,2025-05-14 14:35:00,M,50+,office,seoul,0,0,0,0,7,0,0,57,0,0,completed
44205,U4209,2025-08-20 16:40:00,2025-08-20 16:44:00,M,20~29,office,seoul,0,0,0,0,3,0,0,20,0,0,completed
44206,U4210,2025-04-30 09:28:00,2025-04-30 09:31:00,F,30~39,office,seoul,0,0,0,0,17,0,0,47,0,0,completed
44207,U4211,2025-10-07 14:27:00,2025-10-07 14:34:00,F,50+,office,seoul,0,0,0,0,10,0,0,12,0,0,completed
44208,U4212,2025-01-16 19:16:00,2025-01-16 19:20:00,F,50+,office,seoul,0,0,0,0,19,0,0,41,0,0,completed
44209,U4213,2025-01-24 13:08:00,2025-01-24 13:15:00,M,50+,office,seoul,0,0,0,0,19,0,0,64,1,0,completed
44210,U4214,2025-05-06 14:29:00,2025-05-06 14:36:00,M,30~39,office,seoul,0,0,0,0,26,0,0,46,0,0,completed
44211,U4215,2025-06-12 15:22:00,2025-06-12 15:26:00,M,30~39,office,seoul,0,0,0,0,11,0,0,55,0,0,timeout
44212,U4216,2025-08-28 22:03:00,2025-08-28 22:07:00,F,40~49,office,seoul,0,0,0,0,18,0,0,46,1,0,completed
44213,U4217,2025-09-30 15:12:00,2025-09-30 15:14:00,F,20~29,office,seoul,0,0,0,0,15,0,0,48,0,0,completed
44214,U4218,2025-02-14 07:10:00,2025-02-14 07:15:00,F,40~49,office,seoul,0,0,0,0,28,0,0,15,0,0,completed
44215,U4219,2025-11-04 11:36:00,2025-11-04 11:43:00,M,20~29,office,seoul,0,0,0,0,8,0,0,77,0,0,completed
44216,U4220,2025-04-24 17:47:00,2025-04-24 17:52:00,F,30~39,office,seoul,0,0,0,0,26,0,0,74,0,0,completed
44217,U4221,2025-08-03 17:41:00,2025-08-03 17:45:00,F,50+,office,seoul,1,0,0,0,25,0,0,11,0,0,completed
44218,U4222,2025-05-24 15:31:00,2025-05-24 15:38:00,F,20~29,office,seoul,1,0,0,0,16,0,0,20,0,0,completed
44219,U4223,2025-04-25 13:56:00,2025-04-25 14:01:00,F,40~49,office,seoul,0,0,0,0,29,0,0,74,0,0,completed
44220,U4224,2025-05-18 15:03:00,2025-05-18 15:10:00,M,20~29,office,seoul,1,0,0,0,25,0,0,66,1,0,completed
44221,U4225,2025-12-19 19:56:00,2025-12-19 19:58:00,F,20~29,office,seoul,0,0,0,0,17,0,0,28,0,0,completed
44222,U4226,2025-02-09 12:16:00,2025-02-09 12:23:00,M,20~29,office,seoul,1,0,0,0,2,0,0,56,0,0,completed
44223,U4227,2025-12-26 20:38:00,2025-12-26 20:44:00,F,30~39,office,seoul,0,0,0,0,11,0,0,13,0,0,completed
44224,U4228,2025-08-30 07:45:00,2025-08-30 07:52:00,F,20~29,office,seoul,1,0,0,0,0,0,0,71,0,0,completed
44225,U4229,2025-02-23 14:29:00,2025-02-23 14:32:00,M,50+,office,seoul,1,0,0,0,19,0,0,61,0,0,completed
44226,U4230,2025-05-26 15:24:00,2025-05-26 15:27:00,M,50+,office,seoul,0,0,0,0,3,0,0,13,1,0,timeout
44227,U4231,2025-02-25 14:52:00,2025-02-25 14:56:00,M,30~39,office,seoul,0,0,0,0,21,0,0,52,0,0,completed
44228,U4232,2025-05-03 16:57:00,2025-05-03 16:59:00,F,30~39,office,seoul,1,0,0,0,28,0,0,54,0,0,timeout
44229,U4233,2025-08-26 09:13:00,2025-08-26 09:20:00,M,30~39,office,seoul,0,0,0,0,24,0,0,23,0,0,completed
44230,U4234,2025-02-25 17:08:00,2025-02-25 17:13:00,F,30~39,office,seoul,0,0,0,0,23,0,0,25,0,0,abandoned
44231,U4235,2025-06-10 14:47:00,2025-06-10 14:50:00,F,30~39,office,seoul,0,0,0,0,12,0,0,15,0,0,completed
44232,U4236,2025-11-28 09:30:00,2025-11-28 09:37:00,M,30~39,office,seoul,0,0,0,0,9,0,0,70,0,0,completed
44233,U4237,2025-05-01 18:53:00,2025-05-01 18:59:00,M,40~49,office,seoul,0,0,0,0,25,0,0,15,0,0,completed
44234,U4238,2025-07-20 15:47:00,2025-07-20 15:54:00,M,50+,office,seoul,1,0,0,0,6,0,0,16,0,0,completed
44235,U4239,2025-05-13 13:01:00,2025-05-13 13:07:00,F,20~29,office,seoul,0,0,0,0,16,0,0,36,0,0,abandoned
44236,U4240,2025-11-10 15:55:00,2025-11-10 15:59:00,F,50+,office,seoul,0,0,0,0,9,0,0,25,1,1,completed
44237,U4241,2025-08-20 20:08:00,2025-08-20 20:11:00,F,20~29,office,seoul,0,0,0,0,4,0,0,67,0,0,completed
44238,U4242,2025-09-08 17:05:00,2025-09-08 17:11:00,F,20~29,office,seoul,0,0,0,0,12,0,0,60,0,0,completed
44239,U4243,2025-12-01 11:47:00,2025-12-01 11:50:00,M,50+,office,seoul,0,0,0,0,6,0,0,58,0,0,completed
44240,U4244,2025-03-17 16:47:00,2025-03-17 16:49:00,M,50+,office,seoul,0,0,0,0,22,0,0,22,0,0,completed
44241,U4245,2025-10-25 16:28:00,2025-10-25 16:32:00,F,20~29,office,seoul,1,0,0,0,14,0,0,59,0,0,completed
44242,U4246,2025-02-12 13:38:00,2025-02-12 13:45:00,F,50+,office,seoul,0,0,0,0,3,0,0,45,0,0,completed
44243,U4247,2025-06-30 07:15:00,2025-06-30 07:18:00,F,20~29,office,seoul,0,0,0,0,26,0,0,46,1,0,completed
44244,U4248,2025-07-22 15:11:00,2025-07-22 15:15:00,F,50+,office,seoul,0,0,0,0,25,0,0,30,0,0,timeout
44245,U4249,2025-11-23 16:13:00,2025-11-23 16:15:00,F,40~49,office,seoul,1,0,0,0,9,0,0,59,0,0,completed
44246,U4250,2025-11-28 12:37:00,2025-11-28 12:41:00,M,40~49,office,seoul,0,0,0,0,26,0,0,19,0,0,completed
44247,U4251,2025-12-05 16:11:00,2025-12-05 16:15:00,F,20~29,office,seoul,0,0,0,0,25,0,0,31,0,0,completed
44248,U4252,2025-10-06 09:27:00,2025-10-06 09:30:00,M,20~29,office,seoul,0,0,0,0,5,0,0,57,0,0,abandoned
44249,U4253,2025-05-20 17:30:00,2025-05-20 17:33:00,F,30~39,office,seoul,0,0,0,0,23,0,0,29,0,0,completed
44250,U4254,2025-06-27 20:04:00,2025-06-27 20:07:00,M,20~29,office,seoul,0,0,0,0,15,0,0,37,0,0,completed
44251,U4255,2025-09-23 20:05:00,2025-09-23 20:12:00,M,20~29,office,seoul,0,0,0,0,6,0,0,71,0,0,completed
44252,U4256,2025-06-04 20:12:00,2025-06-04 20:18:00,F,30~39,office,seoul,0,0,0,0,23,0,0,11,0,0,completed
44253,U4257,2025-09-25 13:44:00,2025-09-25 13:49:00,M,40~49,office,seoul,0,0,0,0,6,0,0,23,0,0,completed
44254,U4258,2025-07-25 14:00:00,2025-07-25 14:03:00,F,40~49,office,seoul,0,0,0,0,22,0,0,63,0,0,completed
44255,U4259,2025-02-14 20:34:00,2025-02-14 20:38:00,M,30~39,office,seoul,0,0,0,0,29,0,0,14,0,0,completed
44256,U4260,2025-10-11 12:31:00,2025-10-11 12:34:00,M,30~39,office,seoul,1,0,0,0,8,0,0,52,0,0,completed
44257,U4261,2025-03-08 13:24:00,2025-03-08 13:28:00,F,40~49,office,seoul,1,0,0,0,18,0,0,15,0,0,completed
44258,U4262,2025-05-04 08:01:00,2025-05-04 08:08:00,F,20~29,office,seoul,1,0,0,0,28,0,0,74,0,0,completed
44259,U4263,2025-01-11 18:05:00,2025-01-11 18:12:00,M,30~39,office,seoul,1,0,0,0,13,0,0,69,0,0,completed
44260,U4264,2025-08-14 21:36:00,2025-08-14 21:43:00,F,50+,office,seoul,0,0,0,0,1,0,0,74,0,0,completed
44261,U4265,2025-10-28 13:47:00,2025-10-28 13:50:00,M,20~29,office,seoul,0,0,0,0,22,0,0,21,0,0,completed
44262,U4266,2025-06-10 12:24:00,2025-06-10 12:27:00,M,20~29,office,seoul,0,0,0,0,12,0,0,64,0,0,completed
44263,U4267,2025-03-20 15:50:00,2025-03-20 15:52:00,F,20~29,office,seoul,0,0,0,0,11,0,0,19,0,0,completed
44264,U4268,2025-01-31 13:37:00,2025-01-31 13:40:00,F,40~49,office,seoul,0,0,0,0,14,0,0,27,0,0,completed
44265,U4269,2025-08-30 16:40:00,2025-08-30 16:42:00,F,30~39,office,seoul,1,0,0,0,20,0,0,26,0,0,completed
44266,U4270,2025-09-14 15:53:00,2025-09-14 15:57:00,M,50+,office,seoul,1,0,0,0,29,0,0,64,0,0,completed
44267,U4271,2025-10-03 17:38:00,2025-10-03 17:43:00,F,50+,office,seoul,0,0,0,0,24,0,0,27,0,0,completed
44268,U4272,2025-04-25 19:07:00,2025-04-25 19:10:00,M,20~29,office,seoul,0,0,0,0,6,0,0,72,0,0,completed
44269,U4273,2025-08-31 17:30:00,2025-08-31 17:35:00,M,20~29,office,seoul,1,0,0,0,8,0,0,44,0,0,completed
44270,U4274,2025-06-03 12:15:00,2025-06-03 12:20:00,F,30~39,office,seoul,0,0,0,0,26,0,0,10,0,0,completed
44271,U4275,2025-12-12 17:45:00,2025-12-12 17:48:00,F,40~49,office,seoul,0,0,0,0,2,0,0,43,0,0,completed
44272,U4276,2025-03-09 08:17:00,2025-03-09 08:22:00,F,40~49,office,seoul,1,0,0,0,9,0,0,44,0,0,completed
44273,U4277,2025-12-12 14:09:00,2025-12-12 14:13:00,M,20~29,office,seoul,0,0,0,0,4,0,0,31,0,0,completed
44274,U4278,2025-07-29 17:07:00,2025-07-29 17:14:00,M,50+,office,seoul,0,0,0,0,11,0,0,19,1,0,completed
44275,U4279,2025-03-31 09:44:00,2025-03-31 09:46:00,F,20~29,office,seoul,0,0,0,0,2,0,0,37,0,0,completed
44276,U4280,2025-02-02 17:23:00,2025-02-02 17:25:00,F,30~39,office,seoul,1,0,0,0,22,0,0,69,0,0,completed
44277,U4281,2025-09-24 18:19:00,2025-09-24 18:24:00,M,50+,office,seoul,0,0,0,0,26,0,0,55,0,0,completed
44278,U4282,2025-12-17 18:02:00,2025-12-17 18:09:00,M,30~39,office,seoul,0,0,0,0,12,0,0,17,0,0,completed
44279,U4283,2025-09-14 20:24:00,2025-09-14 20:27:00,F,40~49,office,seoul,1,0,0,0,6,0,0,36,0,0,completed
44280,U4284,2025-04-07 13:48:00,2025-04-07 13:54:00,M,40~49,office,seoul,0,0,0,0,24,0,0,44,0,0,completed
44281,U4285,2025-05-27 16:56:00,2025-05-27 17:01:00,M,50+,office,seoul,0,0,0,0,3,0,0,39,0,1,completed
44282,U4286,2025-09-01 16:17:00,2025-09-01 16:21:00,M,30~39,office,seoul,0,0,0,0,13,0,0,39,0,0,abandoned
44283,U4287,2025-01-22 09:48:00,2025-01-22 09:50:00,F,30~39,office,seoul,0,0,0,0,16,0,0,25,0,0,completed
44284,U4288,2025-03-21 07:05:00,2025-03-21 07:08:00,F,20~29,office,seoul,0,0,0,0,24,0,0,66,0,0,completed
44285,U4289,2025-06-25 15:33:00,2025-06-25 15:39:00,F,30~39,office,seoul,0,0,0,0,12,0,0,10,0,0,completed
44286,U4290,2025-08-08 20:00:00,2025-08-08 20:03:00,M,20~29,office,seoul,0,0,0,0,26,0,0,58,0,0,completed
44287,U4291,2025-12-15 17:02:00,2025-12-15 17:04:00,F,20~29,office,seoul,0,0,0,0,19,0,0,72,1,0,completed
44288,U4292,2025-10-02 09:25:00,2025-10-02 09:29:00,F,20~29,office,seoul,0,0,0,0,22,0,0,18,0,0,completed
44289,U4293,2025-06-28 20:22:00,2025-06-28 20:24:00,M,40~49,office,seoul,1,0,0,0,0,0,0,35,0,0,completed
44290,U4294,2025-11-30 17:34:00,2025-11-30 17:41:00,M,20~29,office,seoul,1,0,0,0,11,0,0,54,0,0,completed
44291,U4295,2025-12-02 13:33:00,2025-12-02 13:39:00,F,20~29,office,seoul,0,0,0,0,17,0,0,15,0,0,completed
44292,U4296,2025-10-21 12:20:00,2025-10-21 12:27:00,M,30~39,office,seoul,0,0,0,0,29,0,0,72,0,0,completed
44293,U4297,2025-07-06 12:16:00,2025-07-06 12:18:00,F,50+,office,seoul,1,0,0,0,16,0,0,32,1,1,completed
44294,U4298,2025-03-16 14:41:00,2025-03-16 14:44:00,M,30~39,office,seoul,1,0,0,0,6,0,0,39,0,0,completed
44295,U4299,2025-03-26 17:33:00,2025-03-26 17:38:00,F,20~29,office,seoul,0,0,0,0,0,0,0,30,0,0,completed
44296,U4300,2025-11-21 13:17:00,2025-11-21 13:21:00,F,20~29,office,seoul,0,0,0,0,27,0,0,24,0,0,completed
44297,U4301,2025-12-29 21:52:00,2025-12-29 21:57:00,F,20~29,office,seoul,0,0,0,0,4,0,0,68,0,0,completed
44298,U4302,2025-10-12 08:39:00,2025-10-12 08:46:00,M,20~29,office,seoul,1,0,0,0,14,0,0,13,0,0,error
44299,U4303,2025-08-07 12:08:00,2025-08-07 12:13:00,F,20~29,office,seoul,0,0,0,0,16,0,0,46,0,0,completed
44300,U4304,2025-06-06 21:52:00,2025-06-06 21:57:00,F,50+,office,seoul,0,0,0,0,17,0,0,60,1,0,completed
44301,U4305,2025-11-04 07:36:00,2025-11-04 07:40:00,M,20~29,office,seoul,0,0,0,0,14,0,0,11,0,0,error
44302,U4306,2025-01-30 13:31:00,2025-01-30 13:34:00,M,40~49,office,seoul,0,0,0,0,28,0,0,47,0,0,completed
44303,U4307,2025-06-17 07:39:00,2025-06-17 07:43:00,M,30~39,office,seoul,0,0,0,0,27,0,0,15,0,0,timeout
44304,U4308,2025-10-05 14:46:00,2025-10-05 14:50:00,M,50+,office,seoul,1,0,0,0,25,0,0,38,0,0,completed
44305,U4309,2025-08-03 15:04:00,2025-08-03 15:11:00,M,40~49,office,seoul,1,0,0,0,1,0,0,15,0,0,completed
44306,U4310,2025-12-24 12:01:00,2025-12-24 12:08:00,M,30~39,office,seoul,0,0,0,0,5,0,0,70,0,0,completed
44307,U4311,2025-09-14 14:25:00,2025-09-14 14:29:00,M,50+,office,seoul,1,0,0,0,8,0,0,10,0,0,completed
44308,U4312,2025-10-20 13:01:00,2025-10-20 13:06:00,F,50+,office,seoul,0,0,0,0,9,0,0,62,0,0,completed
44309,U4313,2025-11-24 08:30:00,2025-11-24 08:37:00,M,40~49,office,seoul,0,0,0,0,29,0,0,69,0,0,completed
44310,U4314,2025-08-17 17:52:00,2025-08-17 17:59:00,M,20~29,office,seoul,1,0,0,0,14,0,0,21,0,0,completed
44311,U4315,2025-07-26 17:01:00,2025-07-26 17:07:00,F,20~29,office,seoul,1,0,0,0,14,0,0,40,0,0,completed
44312,U4316,2025-07-10 07:46:00,2025-07-10 07:53:00,F,50+,office,seoul,0,0,0,0,21,0,0,27,0,0,completed
44313,U4317,2025-03-27 16:44:00,2025-03-27 16:50:00,F,30~39,office,seoul,0,0,0,0,13,0,0,24,0,0,completed
44314,U4318,2025-02-01 13:16:00,2025-02-01 13:20:00,F,30~39,office,seoul,1,0,0,0,27,0,0,78,0,0,completed
44315,U4319,2025-05-01 12:23:00,2025-05-01 12:25:00,M,30~39,office,seoul,0,0,0,0,26,0,0,42,0,0,completed
44316,U4320,2025-12-15 17:23:00,2025-12-15 17:25:00,F,40~49,office,seoul,0,0,0,0,10,0,0,22,0,0,completed
44317,U4321,2025-02-13 13:49:00,2025-02-13 13:53:00,F,20~29,office,seoul,0,0,0,0,11,0,0,66,0,0,completed
44318,U4322,2025-07-23 15:33:00,2025-07-23 15:36:00,F,20~29,office,seoul,0,0,0,0,28,0,0,75,0,0,completed
44319,U4323,2025-04-24 20:13:00,2025-04-24 20:16:00,M,50+,office,seoul,0,0,0,0,24,0,0,69,1,0,completed
44320,U4324,2025-10-18 11:54:00,2025-10-18 12:00:00,F,30~39,office,seoul,1,0,0,0,23,0,0,72,0,0,completed
44321,U4325,2025-08-09 08:51:00,2025-08-09 08:54:00,M,20~29,office,seoul,1,0,0,0,26,0,0,51,0,0,completed
44322,U4326,2025-10-21 09:48:00,2025-10-21 09:51:00,F,50+,office,seoul,0,0,0,0,4,0,0,61,0,0,abandoned
44323,U4327,2025-12-09 07:29:00,2025-12-09 07:35:00,F,20~29,office,seoul,0,0,0,0,1,0,0,37,0,0,completed
44324,U4328,2025-05-21 16:02:00,2025-05-21 16:04:00,M,30~39,office,seoul,0,0,0,0,16,0,0,12,0,0,completed
44325,U4329,2025-04-02 14:14:00,2025-04-02 14:17:00,F,30~39,office,seoul,0,0,0,0,25,0,0,29,0,0,completed
44326,U4330,2025-04-15 19:59:00,2025-04-15 20:04:00,M,40~49,office,seoul,0,0,0,0,13,0,0,57,0,0,completed
44327,U4331,2025-12-04 08:59:00,2025-12-04 09:05:00,M,50+,office,seoul,0,0,0,0,27,0,0,68,0,0,abandoned
44328,U4332,2025-08-25 13:15:00,2025-08-25 13:22:00,M,30~39,office,seoul,0,0,0,0,2,0,0,11,0,0,completed
44329,U4333,2025-03-25 14:20:00,2025-03-25 14:23:00,F,50+,office,seoul,0,0,0,0,14,0,0,36,0,0,completed
44330,U4334,2025-01-11 08:22:00,2025-01-11 08:27:00,M,30~39,office,seoul,1,0,0,0,21,0,0,16,0,0,completed
44331,U4335,2025-12-15 08:05:00,2025-12-15 08:09:00,M,30~39,office,seoul,0,0,0,0,4,0,0,45,0,0,timeout
44332,U4336,2025-02-01 17:14:00,2025-02-01 17:21:00,M,30~39,office,seoul,1,0,0,0,4,0,0,73,0,0,completed
44333,U4337,2025-08-12 12:00:00,2025-08-12 12:07:00,F,50+,office,seoul,0,0,0,0,18,0,0,21,0,0,completed
44334,U4338,2025-09-13 12:23:00,2025-09-13 12:25:00,F,20~29,office,seoul,1,0,0,0,20,0,0,15,0,0,completed
44335,U4339,2025-05-09 16:19:00,2025-05-09 16:22:00,M,30~39,office,seoul,0,0,0,0,16,0,0,73,0,0,abandoned
44336,U4340,2025-10-14 12:51:00,2025-10-14 12:57:00,F,20~29,office,seoul,0,0,0,0,26,0,0,34,0,0,completed
44337,U4341,2025-11-09 09:22:00,2025-11-09 09:26:00,M,20~29,office,seoul,1,0,0,0,3,0,0,52,0,0,completed
44338,U4342,2025-07-18 15:47:00,2025-07-18 15:53:00,F,30~39,office,seoul,0,0,0,0,20,0,0,72,0,0,completed
44339,U4343,2025-05-20 11:59:00,2025-05-20 12:06:00,M,20~29,office,seoul,0,0,0,0,11,0,0,49,0,0,completed
44340,U4344,2025-09-30 12:30:00,2025-09-30 12:34:00,F,30~39,office,seoul,0,0,0,0,14,0,0,52,0,0,completed
44341,U4345,2025-10-13 13:03:00,2025-10-13 13:05:00,M,20~29,office,seoul,0,0,0,0,5,0,0,72,0,0,completed
44342,U4346,2025-04-11 08:21:00,2025-04-11 08:23:00,F,20~29,office,seoul,0,0,0,0,17,0,0,61,0,1,completed
44343,U4347,2025-09-16 19:36:00,2025-09-16 19:38:00,M,40~49,office,seoul,0,0,0,0,3,0,0,58,0,0,completed
44344,U4348,2025-09-01 14:24:00,2025-09-01 14:28:00,M,20~29,office,seoul,0,0,0,0,4,0,0,56,0,0,completed
44345,U4349,2025-11-20 17:01:00,2025-11-20 17:08:00,M,50+,office,seoul,0,0,0,0,16,0,0,38,0,0,completed
44346,U4350,2025-05-03 20:03:00,2025-05-03 20:06:00,F,30~39,office,seoul,1,0,0,0,2,0,0,69,0,0,abandoned
44347,U4351,2025-09-21 12:38:00,2025-09-21 12:43:00,F,40~49,office,seoul,1,0,0,0,11,0,0,76,0,1,completed
44348,U4352,2025-11-13 08:47:00,2025-11-13 08:51:00,M,20~29,office,seoul,0,0,0,0,0,0,0,34,1,0,completed
44349,U4353,2025-05-15 09:33:00,2025-05-15 09:36:00,M,50+,office,seoul,0,0,0,0,10,0,0,51,0,0,completed
44350,U4354,2025-07-05 17:19:00,2025-07-05 17:25:00,F,20~29,office,seoul,1,0,0,0,4,0,0,33,0,0,completed
44351,U4355,2025-09-30 07:50:00,2025-09-30 07:56:00,F,40~49,office,seoul,0,0,0,0,9,0,0,30,0,0,completed
44352,U4356,2025-07-15 17:03:00,2025-07-15 17:06:00,F,20~29,office,seoul,0,0,0,0,24,0,0,30,0,0,completed
44353,U4357,2025-10-25 19:26:00,2025-10-25 19:28:00,F,40~49,office,seoul,1,0,0,0,11,0,0,19,0,0,completed
44354,U4358,2025-09-17 08:50:00,2025-09-17 08:53:00,F,50+,office,seoul,0,0,0,0,5,0,0,71,0,0,completed
44355,U4359,2025-03-22 13:36:00,2025-03-22 13:38:00,F,40~49,office,seoul,1,0,0,0,3,0,0,50,0,0,completed
44356,U4360,2025-10-17 16:30:00,2025-10-17 16:35:00,M,30~39,office,seoul,0,0,0,0,2,0,0,75,0,0,abandoned
44357,U4361,2025-05-25 08:07:00,2025-05-25 08:14:00,F,20~29,office,seoul,1,0,0,0,24,0,0,73,0,0,completed
44358,U4362,2025-05-13 12:39:00,2025-05-13 12:42:00,F,50+,office,seoul,0,0,0,0,20,0,0,26,0,0,completed
44359,U4363,2025-03-08 19:50:00,2025-03-08 19:57:00,M,40~49,office,seoul,1,0,0,0,20,0,0,10,0,0,completed
44360,U4364,2025-05-03 14:02:00,2025-05-03 14:04:00,F,30~39,office,seoul,1,0,0,0,29,0,0,14,0,0,completed
44361,U4365,2025-01-25 15:36:00,2025-01-25 15:38:00,M,40~49,office,seoul,1,0,0,0,3,0,0,76,0,0,completed
44362,U4366,2025-07-17 20:00:00,2025-07-17 20:03:00,M,30~39,office,seoul,0,0,0,0,6,0,0,52,0,0,completed
44363,U4367,2025-06-03 13:08:00,2025-06-03 13:13:00,F,30~39,office,seoul,0,0,0,0,23,0,0,12,0,0,completed
44364,U4368,2025-12-18 20:11:00,2025-12-18 20:16:00,F,30~39,office,seoul,0,0,0,0,19,0,0,41,0,0,completed
44365,U4369,2025-11-07 19:43:00,2025-11-07 19:46:00,F,50+,office,seoul,0,0,0,0,9,0,0,63,0,0,completed
44366,U4370,2025-08-11 12:50:00,2025-08-11 12:57:00,F,40~49,office,seoul,0,0,0,0,13,0,0,75,0,0,completed
44367,U4371,2025-12-20 12:55:00,2025-12-20 13:02:00,M,40~49,office,seoul,1,0,0,0,24,0,0,38,0,0,completed
44368,U4372,2025-01-01 15:33:00,2025-01-01 15:40:00,M,30~39,office,seoul,0,0,0,0,20,0,0,37,0,0,completed
44369,U4373,2025-06-15 11:35:00,2025-06-15 11:40:00,F,40~49,office,seoul,1,0,0,0,15,0,0,50,0,0,completed
44370,U4374,2025-01-01 12:11:00,2025-01-01 12:16:00,M,20~29,office,seoul,0,0,0,0,6,0,0,41,0,0,completed
44371,U4375,2025-11-12 15:38:00,2025-11-12 15:42:00,F,20~29,office,seoul,0,0,0,0,28,0,0,69,0,0,completed
44372,U4376,2025-03-20 18:28:00,2025-03-20 18:32:00,M,20~29,office,seoul,0,0,0,0,29,0,0,67,0,0,completed
44373,U4377,2025-08-22 12:47:00,2025-08-22 12:50:00,M,30~39,office,seoul,0,0,0,0,8,0,0,15,0,0,completed
44374,U4378,2025-09-10 07:07:00,2025-09-10 07:12:00,F,20~29,office,seoul,0,0,0,0,14,0,0,35,0,0,completed
44375,U4379,2025-04-24 19:23:00,2025-04-24 19:25:00,M,40~49,office,seoul,0,0,0,0,24,0,0,31,0,0,completed
44376,U4380,2025-01-19 12:44:00,2025-01-19 12:49:00,M,20~29,office,seoul,1,0,0,0,7,0,0,28,0,0,completed
44377,U4381,2025-06-25 08:21:00,2025-06-25 08:25:00,F,50+,office,seoul,0,0,0,0,15,0,0,22,0,0,completed
44378,U4382,2025-11-24 09:17:00,2025-11-24 09:24:00,F,30~39,office,seoul,0,0,0,0,29,0,0,75,0,0,completed
44379,U4383,2025-02-15 14:26:00,2025-02-15 14:33:00,F,20~29,office,seoul,1,0,0,0,5,0,0,28,0,0,completed
44380,U4384,2025-10-30 19:06:00,2025-10-30 19:08:00,M,20~29,office,seoul,0,0,0,0,13,0,0,46,0,0,abandoned
44381,U4385,2025-12-10 09:47:00,2025-12-10 09:54:00,M,40~49,office,seoul,0,0,0,0,24,0,0,15,0,0,completed
44382,U4386,2025-01-25 14:03:00,2025-01-25 14:10:00,F,20~29,office,seoul,1,0,0,0,1,0,0,25,0,0,completed
44383,U4387,2025-12-03 14:48:00,2025-12-03 14:54:00,F,20~29,office,seoul,0,0,0,0,28,0,0,70,0,0,completed
44384,U4388,2025-09-10 16:16:00,2025-09-10 16:20:00,M,30~39,office,seoul,0,0,0,0,2,0,0,39,0,0,completed
44385,U4389,2025-02-09 12:43:00,2025-02-09 12:46:00,M,20~29,office,seoul,1,0,0,0,19,0,0,11,0,0,completed
44386,U4390,2025-09-10 14:39:00,2025-09-10 14:42:00,F,40~49,office,seoul,0,0,0,0,17,0,0,73,0,0,completed
44387,U4391,2025-01-08 17:07:00,2025-01-08 17:13:00,F,30~39,office,seoul,0,0,0,0,16,0,0,13,0,0,completed
44388,U4392,2025-11-15 08:41:00,2025-11-15 08:47:00,F,30~39,office,seoul,1,0,0,0,1,0,0,18,0,0,completed
44389,U4393,2025-08-06 16:00:00,2025-08-06 16:04:00,M,40~49,office,seoul,0,0,0,0,4,0,0,72,0,0,completed
44390,U4394,2025-03-23 16:55:00,2025-03-23 16:57:00,F,20~29,office,seoul,1,0,0,0,28,0,0,60,0,0,completed
44391,U4395,2025-05-10 11:42:00,2025-05-10 11:46:00,F,50+,office,seoul,1,0,0,0,13,0,0,61,0,0,completed
44392,U4396,2025-08-20 11:10:00,2025-08-20 11:12:00,M,20~29,office,seoul,0,0,0,0,13,0,0,24,0,0,completed
44393,U4397,2025-11-09 12:57:00,2025-11-09 12:59:00,F,50+,office,seoul,1,0,0,0,13,0,0,12,0,0,completed
44394,U4398,2025-01-14 12:05:00,2025-01-14 12:08:00,F,50+,office,seoul,0,0,0,0,1,0,0,50,0,0,completed
44395,U4399,2025-04-17 17:18:00,2025-04-17 17:21:00,M,50+,office,seoul,0,0,0,0,20,0,0,29,0,0,completed
44396,U4400,2025-07-17 18:31:00,2025-07-17 18:33:00,M,20~29,office,seoul,0,0,0,0,7,0,0,79,0,0,completed
44397,U4401,2025-08-07 20:02:00,2025-08-07 20:09:00,M,30~39,office,seoul,0,0,0,0,13,0,0,32,0,0,completed
44398,U4402,2025-06-21 12:39:00,2025-06-21 12:41:00,M,40~49,office,seoul,1,0,0,0,17,0,0,34,0,0,abandoned
44399,U4403,2025-01-25 12:31:00,2025-01-25 12:37:00,F,50+,office,seoul,1,0,0,0,4,0,0,36,0,0,completed
44400,U4404,2025-08-23 20:30:00,2025-08-23 20:35:00,M,20~29,office,seoul,1,0,0,0,26,0,0,18,0,0,error
44401,U4405,2025-10-19 17:47:00,2025-10-19 17:52:00,F,20~29,office,seoul,1,0,0,0,16,0,0,72,0,0,completed
44402,U4406,2025-09-12 14:04:00,2025-09-12 14:08:00,M,30~39,office,seoul,0,0,0,0,26,0,0,47,0,0,completed
44403,U4407,2025-12-08 11:46:00,2025-12-08 11:53:00,F,40~49,office,seoul,0,0,0,0,2,0,0,77,0,0,abandoned
44404,U4408,2025-08-06 09:50:00,2025-08-06 09:54:00,F,20~29,office,seoul,0,0,0,0,3,0,0,60,0,0,timeout
44405,U4409,2025-08-24 20:46:00,2025-08-24 20:50:00,M,30~39,office,seoul,1,0,0,0,19,0,0,63,0,0,completed
44406,U4410,2025-04-04 20:44:00,2025-04-04 20:49:00,F,20~29,office,seoul,0,0,0,0,13,0,0,42,0,0,completed
44407,U4411,2025-09-04 21:35:00,2025-09-04 21:38:00,M,50+,office,seoul,0,0,0,0,27,0,0,75,0,0,completed
44408,U4412,2025-07-26 12:29:00,2025-07-26 12:35:00,M,30~39,office,seoul,1,0,0,0,24,0,0,61,0,0,completed
44409,U4413,2025-05-19 17:56:00,2025-05-19 17:58:00,F,20~29,office,seoul,0,0,0,0,10,0,0,10,0,0,completed
44410,U4414,2025-08-06 12:49:00,2025-08-06 12:55:00,F,30~39,office,seoul,0,0,0,0,13,0,0,44,0,0,completed
44411,U4415,2025-08-03 07:31:00,2025-08-03 07:37:00,M,40~49,office,seoul,1,0,0,0,26,0,0,57,0,0,completed
44412,U4416,2025-01-31 18:13:00,2025-01-31 18:15:00,F,50+,office,seoul,0,0,0,0,24,0,0,16,0,0,completed
44413,U4417,2025-04-21 15:38:00,2025-04-21 15:43:00,M,30~39,office,seoul,0,0,0,0,8,0,0,59,0,0,completed
44414,U4418,2025-01-11 15:05:00,2025-01-11 15:07:00,F,30~39,office,seoul,1,0,0,0,9,0,0,36,0,0,completed
44415,U4419,2025-07-08 07:46:00,2025-07-08 07:52:00,M,30~39,office,seoul,0,0,0,0,8,0,0,18,0,0,completed
44416,U4420,2025-02-08 20:35:00,2025-02-08 20:40:00,F,20~29,office,seoul,1,0,0,0,9,0,0,15,0,0,completed
44417,U4421,2025-01-29 09:36:00,2025-01-29 09:42:00,F,30~39,office,seoul,0,0,0,0,16,0,0,78,0,0,completed
44418,U4422,2025-01-10 18:09:00,2025-01-10 18:15:00,M,20~29,office,seoul,0,0,0,0,13,0,0,53,0,0,completed
44419,U4423,2025-05-22 14:32:00,2025-05-22 14:34:00,F,50+,office,seoul,0,0,0,0,17,0,0,48,1,0,completed
44420,U4424,2025-03-20 09:27:00,2025-03-20 09:29:00,F,30~39,office,seoul,0,0,0,0,13,0,0,70,0,0,completed
44421,U4425,2025-04-19 08:47:00,2025-04-19 08:49:00,F,30~39,office,seoul,1,0,0,0,26,0,0,56,0,0,abandoned
44422,U4426,2025-02-04 07:25:00,2025-02-04 07:27:00,M,30~39,office,seoul,0,0,0,0,9,0,0,11,1,0,completed
44423,U4427,2025-08-28 08:57:00,2025-08-28 09:04:00,M,20~29,office,seoul,0,0,0,0,16,0,0,41,0,0,completed
44424,U4428,2025-12-28 19:57:00,2025-12-28 20:02:00,F,30~39,office,seoul,1,0,0,0,19,0,0,54,0,0,completed
44425,U4429,2025-04-11 16:35:00,2025-04-11 16:38:00,F,40~49,office,seoul,0,0,0,0,26,0,0,15,0,0,completed
44426,U4430,2025-04-04 14:05:00,2025-04-04 14:08:00,M,30~39,office,seoul,0,0,0,0,19,0,0,29,0,0,completed
44427,U4431,2025-03-06 15:23:00,2025-03-06 15:26:00,F,30~39,office,seoul,0,0,0,0,0,0,0,24,0,0,completed
44428,U4432,2025-03-22 18:07:00,2025-03-22 18:09:00,F,40~49,office,seoul,1,0,0,0,0,0,0,35,0,0,completed
44429,U4433,2025-01-17 09:55:00,2025-01-17 10:01:00,F,20~29,office,seoul,0,0,0,0,12,0,0,39,0,0,completed
44430,U4434,2025-08-24 16:43:00,2025-08-24 16:45:00,M,20~29,office,seoul,1,0,0,0,26,0,0,69,0,0,completed
44431,U4435,2025-09-13 18:21:00,2025-09-13 18:25:00,F,20~29,office,seoul,1,0,0,0,1,0,0,26,0,0,completed
44432,U4436,2025-11-01 08:18:00,2025-11-01 08:20:00,F,40~49,office,seoul,1,0,0,0,5,0,0,49,0,0,abandoned
44433,U4437,2025-11-05 08:52:00,2025-11-05 08:55:00,M,40~49,office,seoul,0,0,0,0,12,0,0,28,0,0,completed
44434,U4438,2025-06-19 17:41:00,2025-06-19 17:43:00,M,20~29,office,seoul,0,0,0,0,17,0,0,49,0,0,completed
44435,U4439,2025-12-11 11:30:00,2025-12-11 11:32:00,F,50+,office,seoul,0,0,0,0,28,0,0,19,0,0,completed
44436,U4440,2025-10-28 15:12:00,2025-10-28 15:18:00,M,30~39,office,seoul,0,0,0,0,28,0,0,46,0,0,completed
44437,U4441,2025-05-30 15:47:00,2025-05-30 15:52:00,M,20~29,office,seoul,0,0,0,0,23,0,0,60,0,0,completed
44438,U4442,2025-09-07 18:09:00,2025-09-07 18:12:00,F,20~29,office,seoul,1,0,0,0,23,0,0,53,0,0,completed
44439,U4443,2025-03-07 08:31:00,2025-03-07 08:33:00,F,20~29,office,seoul,0,0,0,0,17,0,0,18,0,0,completed
44440,U4444,2025-01-20 13:11:00,2025-01-20 13:18:00,M,20~29,office,seoul,0,0,0,0,4,0,0,61,0,0,completed
44441,U4445,2025-09-10 12:08:00,2025-09-10 12:13:00,M,40~49,office,seoul,0,0,0,0,13,0,0,32,0,0,completed
44442,U4446,2025-12-01 12:51:00,2025-12-01 12:56:00,F,50+,office,seoul,0,0,0,0,19,0,0,56,0,0,completed
44443,U4447,2025-01-19 08:50:00,2025-01-19 08:52:00,F,40~49,office,seoul,1,0,0,0,11,0,0,31,0,0,completed
44444,U4448,2025-05-08 17:57:00,2025-05-08 18:01:00,F,50+,office,seoul,0,0,0,0,6,0,0,24,0,0,completed
44445,U4449,2025-08-22 15:59:00,2025-08-22 16:06:00,M,20~29,office,seoul,0,0,0,0,22,0,0,48,0,0,completed
44446,U4450,2025-12-08 13:39:00,2025-12-08 13:41:00,M,30~39,office,seoul,0,0,0,0,25,0,0,78,0,0,completed
44447,U4451,2025-03-30 12:55:00,2025-03-30 13:00:00,F,30~39,office,seoul,1,0,0,0,21,0,0,15,0,0,completed
44448,U4452,2025-07-18 16:27:00,2025-07-18 16:32:00,M,40~49,office,seoul,0,0,0,0,16,0,0,63,0,0,completed
44449,U4453,2025-03-25 08:50:00,2025-03-25 08:56:00,F,30~39,office,seoul,0,0,0,0,27,0,0,25,0,0,completed
44450,U4454,2025-10-26 18:17:00,2025-10-26 18:22:00,F,50+,office,seoul,1,0,0,0,8,0,0,60,0,0,completed
44451,U4455,2025-03-08 11:21:00,2025-03-08 11:28:00,M,30~39,office,seoul,1,0,0,0,8,0,0,38,0,0,abandoned
44452,U4456,2025-11-01 08:30:00,2025-11-01 08:35:00,M,50+,office,seoul,1,0,0,0,28,0,0,76,0,0,completed
44453,U4457,2025-10-08 09:58:00,2025-10-08 10:02:00,M,30~39,office,seoul,0,0,0,0,29,0,0,10,0,0,completed
44454,U4458,2025-07-06 07:07:00,2025-07-06 07:10:00,M,20~29,office,seoul,1,0,0,0,28,0,0,23,0,0,completed
44455,U4459,2025-05-01 18:48:00,2025-05-01 18:54:00,F,20~29,office,seoul,0,0,0,0,5,0,0,54,0,0,completed
44456,U4460,2025-02-02 16:50:00,2025-02-02 16:54:00,F,20~29,office,seoul,1,0,0,0,26,0,0,25,0,0,completed
44457,U4461,2025-02-04 07:18:00,2025-02-04 07:20:00,F,50+,office,seoul,0,0,0,0,21,0,0,30,0,0,abandoned
44458,U4462,2025-11-05 14:03:00,2025-11-05 14:05:00,F,20~29,office,seoul,0,0,0,0,18,0,0,58,0,1,completed
44459,U4463,2025-06-14 13:53:00,2025-06-14 13:59:00,M,20~29,office,seoul,1,0,0,0,16,0,0,35,0,0,completed
44460,U4464,2025-09-11 15:32:00,2025-09-11 15:39:00,M,20~29,office,seoul,0,0,0,0,9,0,0,54,0,0,completed
44461,U4465,2025-06-27 15:32:00,2025-06-27 15:35:00,M,40~49,office,seoul,0,0,0,0,12,0,0,43,0,0,completed
44462,U4466,2025-02-25 12:40:00,2025-02-25 12:43:00,M,40~49,office,seoul,0,0,0,0,20,0,0,40,0,0,completed
44463,U4467,2025-09-26 15:39:00,2025-09-26 15:41:00,M,40~49,office,seoul,0,0,0,0,27,0,0,53,0,0,completed
44464,U4468,2025-02-18 14:55:00,2025-02-18 14:58:00,M,20~29,office,seoul,0,0,0,0,20,0,0,33,0,0,completed
44465,U4469,2025-11-01 12:51:00,2025-11-01 12:56:00,F,20~29,office,seoul,1,0,0,0,18,0,0,71,0,0,completed
44466,U4470,2025-01-27 16:59:00,2025-01-27 17:02:00,F,30~39,office,seoul,0,0,0,0,22,0,0,49,0,0,completed
44467,U4471,2025-11-21 16:14:00,2025-11-21 16:18:00,M,50+,office,seoul,0,0,0,0,8,0,0,28,1,0,completed
44468,U4472,2025-04-17 22:38:00,2025-04-17 22:43:00,F,20~29,office,seoul,0,0,0,0,23,0,0,29,0,0,completed
44469,U4473,2025-05-24 17:31:00,2025-05-24 17:36:00,F,30~39,office,seoul,1,0,0,0,21,0,0,54,0,0,completed
44470,U4474,2025-03-04 13:48:00,2025-03-04 13:55:00,F,30~39,office,seoul,0,0,0,0,26,0,0,53,0,0,completed
44471,U4475,2025-01-04 14:14:00,2025-01-04 14:20:00,F,50+,office,seoul,1,0,0,0,29,0,0,21,0,0,completed
44472,U4476,2025-11-26 20:19:00,2025-11-26 20:26:00,M,30~39,office,seoul,0,0,0,0,8,0,0,39,0,0,completed
44473,U4477,2025-04-16 09:58:00,2025-04-16 10:02:00,F,40~49,office,seoul,0,0,0,0,23,0,0,30,0,0,completed
44474,U4478,2025-10-27 22:12:00,2025-10-27 22:15:00,F,50+,office,seoul,0,0,0,0,7,0,0,57,0,0,completed
44475,U4479,2025-01-24 12:30:00,2025-01-24 12:33:00,F,20~29,office,seoul,0,0,0,0,10,0,0,62,0,0,completed
44476,U4480,2025-04-15 19:51:00,2025-04-15 19:54:00,F,50+,office,seoul,0,0,0,0,24,0,0,57,0,1,error
44477,U4481,2025-03-12 17:32:00,2025-03-12 17:35:00,F,30~39,office,seoul,0,0,0,0,21,0,0,71,0,0,error
44478,U4482,2025-11-07 18:26:00,2025-11-07 18:30:00,F,30~39,office,seoul,0,0,0,0,11,0,0,19,0,0,completed
44479,U4483,2025-05-11 11:03:00,2025-05-11 11:05:00,F,30~39,office,seoul,1,0,0,0,7,0,0,56,0,0,completed
44480,U4484,2025-07-17 21:10:00,2025-07-17 21:16:00,M,40~49,office,seoul,0,0,0,0,24,0,0,50,0,0,completed
44481,U4485,2025-07-18 12:42:00,2025-07-18 12:48:00,F,20~29,office,seoul,0,0,0,0,0,0,0,14,0,0,completed
44482,U4486,2025-07-08 14:06:00,2025-07-08 14:10:00,F,20~29,office,seoul,0,0,0,0,21,0,0,36,0,0,completed
44483,U4487,2025-08-30 12:21:00,2025-08-30 12:27:00,M,30~39,office,seoul,1,0,0,0,22,0,0,10,0,0,completed
44484,U4488,2025-10-22 14:14:00,2025-10-22 14:21:00,M,30~39,office,seoul,0,0,0,0,22,0,0,66,0,0,completed
44485,U4489,2025-04-13 15:46:00,2025-04-13 15:50:00,F,30~39,office,seoul,1,0,0,0,19,0,0,76,0,0,completed
44486,U4490,2025-08-07 16:27:00,2025-08-07 16:30:00,M,30~39,office,seoul,0,0,0,0,12,0,0,17,0,0,completed
44487,U4491,2025-08-11 14:14:00,2025-08-11 14:19:00,F,20~29,office,seoul,0,0,0,0,21,0,0,62,1,0,completed
44488,U4492,2025-08-20 07:01:00,2025-08-20 07:07:00,F,30~39,office,seoul,0,0,0,0,0,0,0,21,0,0,completed
44489,U4493,2025-08-16 17:29:00,2025-08-16 17:36:00,M,40~49,office,seoul,1,0,0,0,19,0,0,48,0,0,completed
44490,U4494,2025-07-09 15:06:00,2025-07-09 15:12:00,F,50+,office,seoul,0,0,0,0,24,0,0,28,0,0,completed
44491,U4495,2025-09-01 13:32:00,2025-09-01 13:38:00,M,30~39,office,seoul,0,0,0,0,10,0,0,26,0,0,completed
44492,U4496,2025-03-10 07:21:00,2025-03-10 07:25:00,M,40~49,office,seoul,0,0,0,0,5,0,0,53,0,0,completed
44493,U4497,2025-05-11 15:23:00,2025-05-11 15:26:00,F,40~49,office,seoul,1,0,0,0,5,0,0,21,0,0,completed
44494,U4498,2025-12-10 16:42:00,2025-12-10 16:44:00,F,40~49,office,seoul,0,0,0,0,25,0,0,48,0,0,completed
44495,U4499,2025-02-09 15:47:00,2025-02-09 15:54:00,M,30~39,office,seoul,1,0,0,0,24,0,0,52,0,0,completed
44496,U4500,2025-06-03 17:16:00,2025-06-03 17:21:00,F,20~29,office,seoul,0,0,0,0,19,0,0,20,0,0,completed
44497,U4501,2025-06-20 18:20:00,2025-06-20 18:26:00,F,40~49,office,seoul,0,0,0,0,25,0,0,21,0,0,completed
44498,U4502,2025-12-22 14:48:00,2025-12-22 14:54:00,F,20~29,office,seoul,0,0,0,0,25,0,0,66,0,0,completed
44499,U4503,2025-05-31 08:38:00,2025-05-31 08:40:00,F,40~49,office,seoul,1,0,0,0,15,0,0,41,0,0,completed
44500,U4504,2025-11-03 16:42:00,2025-11-03 16:46:00,F,30~39,office,seoul,0,0,0,0,14,0,0,10,0,0,completed
44501,U4505,2025-03-11 19:14:00,2025-03-11 19:21:00,M,50+,office,seoul,0,0,0,0,2,0,0,52,0,0,completed
44502,U4506,2025-02-23 08:55:00,2025-02-23 09:00:00,M,30~39,office,seoul,1,0,0,0,6,0,0,38,0,0,completed
44503,U4507,2025-07-18 07:56:00,2025-07-18 07:59:00,M,50+,office,seoul,0,0,0,0,5,0,0,51,0,0,completed
44504,U4508,2025-03-28 17:43:00,2025-03-28 17:49:00,F,30~39,office,seoul,0,0,0,0,11,0,0,67,0,0,completed
44505,U4509,2025-03-04 15:07:00,2025-03-04 15:11:00,F,50+,office,seoul,0,0,0,0,22,0,0,66,0,0,completed
44506,U4510,2025-10-17 20:23:00,2025-10-17 20:25:00,M,40~49,office,seoul,0,0,0,0,9,0,0,74,0,0,completed
44507,U4511,2025-10-12 08:02:00,2025-10-12 08:07:00,F,50+,office,seoul,1,0,0,0,16,0,0,78,0,0,completed
44508,U4512,2025-02-12 15:01:00,2025-02-12 15:06:00,F,40~49,office,seoul,0,0,0,0,19,0,0,42,0,0,completed
44509,U4513,2025-04-20 09:24:00,2025-04-20 09:29:00,M,40~49,office,seoul,1,0,0,0,28,0,0,55,0,0,abandoned
44510,U4514,2025-01-01 19:13:00,2025-01-01 19:15:00,F,30~39,office,seoul,0,0,0,0,7,0,0,72,0,0,completed
44511,U4515,2025-09-20 08:43:00,2025-09-20 08:49:00,M,30~39,office,seoul,1,0,0,0,7,0,0,48,0,0,completed
44512,U4516,2025-05-01 17:51:00,2025-05-01 17:54:00,F,30~39,office,seoul,0,0,0,0,6,0,0,68,0,0,completed
44513,U4517,2025-10-10 09:40:00,2025-10-10 09:43:00,F,20~29,office,seoul,0,0,0,0,12,0,0,37,0,0,completed
44514,U4518,2025-07-06 20:06:00,2025-07-06 20:10:00,F,30~39,office,seoul,1,0,0,0,23,0,0,38,0,0,completed
44515,U4519,2025-12-19 20:11:00,2025-12-19 20:13:00,M,40~49,office,seoul,0,0,0,0,3,0,0,64,0,0,completed
44516,U4520,2025-09-11 16:13:00,2025-09-11 16:17:00,M,20~29,office,seoul,0,0,0,0,18,0,0,35,0,0,completed
44517,U4521,2025-08-22 15:30:00,2025-08-22 15:33:00,M,30~39,office,seoul,0,0,0,0,4,0,0,53,0,0,completed
44518,U4522,2025-06-18 19:08:00,2025-06-18 19:13:00,F,30~39,office,seoul,0,0,0,0,27,0,0,46,0,0,completed
44519,U4523,2025-05-21 21:39:00,2025-05-21 21:46:00,M,20~29,office,seoul,0,0,0,0,2,0,0,34,0,0,completed
44520,U4524,2025-02-28 14:10:00,2025-02-28 14:12:00,F,20~29,office,seoul,0,0,0,0,11,0,0,29,0,0,completed
44521,U4525,2025-10-05 20:28:00,2025-10-05 20:35:00,F,30~39,office,seoul,1,0,0,0,28,0,0,53,0,0,timeout
44522,U4526,2025-12-10 07:27:00,2025-12-10 07:31:00,M,30~39,office,seoul,0,0,0,0,27,0,0,76,0,0,completed
44523,U4527,2025-01-24 20:55:00,2025-01-24 21:00:00,F,20~29,office,seoul,0,0,0,0,15,0,0,12,0,0,completed
44524,U4528,2025-08-07 12:54:00,2025-08-07 12:56:00,M,20~29,office,seoul,0,0,0,0,24,0,0,25,0,0,completed
44525,U4529,2025-10-31 12:34:00,2025-10-31 12:41:00,M,20~29,office,seoul,0,0,0,0,4,0,0,76,0,0,completed
44526,U4530,2025-10-18 08:36:00,2025-10-18 08:39:00,M,50+,office,seoul,1,0,0,0,19,0,0,17,0,0,completed
44527,U4531,2025-06-02 09:26:00,2025-06-02 09:29:00,F,40~49,office,seoul,0,0,0,0,27,0,0,26,0,0,completed
44528,U4532,2025-10-30 15:22:00,2025-10-30 15:28:00,M,30~39,office,seoul,0,0,0,0,3,0,0,49,0,0,completed
44529,U4533,2025-02-24 20:00:00,2025-02-24 20:07:00,M,40~49,office,seoul,0,0,0,0,2,0,0,27,0,0,completed
44530,U4534,2025-07-01 09:22:00,2025-07-01 09:24:00,F,50+,office,seoul,0,0,0,0,15,0,0,66,0,0,timeout
44531,U4535,2025-11-01 08:47:00,2025-11-01 08:54:00,F,50+,office,seoul,1,0,0,0,5,0,0,53,0,0,completed
44532,U4536,2025-04-23 20:32:00,2025-04-23 20:39:00,F,30~39,office,seoul,0,0,0,0,4,0,0,17,0,0,completed
44533,U4537,2025-12-04 15:33:00,2025-12-04 15:36:00,F,20~29,office,seoul,0,0,0,0,3,0,0,13,0,0,completed
44534,U4538,2025-05-29 13:53:00,2025-05-29 13:55:00,M,30~39,office,seoul,0,0,0,0,14,0,0,38,0,0,completed
44535,U4539,2025-08-20 07:14:00,2025-08-20 07:19:00,F,30~39,office,seoul,0,0,0,0,22,0,0,39,0,0,completed
44536,U4540,2025-04-02 09:11:00,2025-04-02 09:17:00,F,30~39,office,seoul,0,0,0,0,2,0,0,11,0,0,completed
44537,U4541,2025-10-04 08:57:00,2025-10-04 09:04:00,F,50+,office,seoul,1,0,0,0,23,0,0,66,1,0,completed
44538,U4542,2025-11-05 13:15:00,2025-11-05 13:21:00,F,40~49,office,seoul,0,0,0,0,24,0,0,73,0,0,abandoned
44539,U4543,2025-07-14 09:59:00,2025-07-14 10:05:00,M,20~29,office,seoul,0,0,0,0,29,0,0,30,0,0,timeout
44540,U4544,2025-10-14 15:16:00,2025-10-14 15:21:00,F,20~29,office,seoul,0,0,0,0,22,0,0,18,0,0,completed
44541,U4545,2025-02-14 09:33:00,2025-02-14 09:38:00,M,40~49,office,seoul,0,0,0,0,20,0,0,66,0,0,completed
44542,U4546,2025-12-06 16:19:00,2025-12-06 16:22:00,F,40~49,office,seoul,1,0,0,0,4,0,0,63,0,0,completed
44543,U4547,2025-07-10 20:34:00,2025-07-10 20:41:00,F,50+,office,seoul,0,0,0,0,26,0,0,38,0,0,completed
44544,U4548,2025-12-13 08:34:00,2025-12-13 08:37:00,M,30~39,office,seoul,1,0,0,0,16,0,0,72,0,0,completed
44545,U4549,2025-08-13 12:11:00,2025-08-13 12:17:00,F,30~39,office,seoul,0,0,0,0,27,0,0,75,1,0,completed
44546,U4550,2025-11-29 18:30:00,2025-11-29 18:36:00,F,20~29,office,seoul,1,0,0,0,6,0,0,50,0,0,completed
44547,U4551,2025-04-20 08:18:00,2025-04-20 08:25:00,M,20~29,office,seoul,1,0,0,0,6,0,0,66,0,0,completed
44548,U4552,2025-08-05 17:30:00,2025-08-05 17:32:00,M,30~39,office,seoul,0,0,0,0,27,0,0,49,0,0,abandoned
44549,U4553,2025-09-12 17:43:00,2025-09-12 17:50:00,F,20~29,office,seoul,0,0,0,0,5,0,0,32,0,0,completed
44550,U4554,2025-08-31 18:14:00,2025-08-31 18:21:00,M,20~29,office,seoul,1,0,0,0,25,0,0,10,0,0,completed
44551,U4555,2025-04-07 19:04:00,2025-04-07 19:09:00,F,20~29,office,seoul,0,0,0,0,9,0,0,11,0,0,abandoned
44552,U4556,2025-02-15 09:18:00,2025-02-15 09:25:00,M,20~29,office,seoul,1,0,0,0,14,0,0,31,0,0,completed
44553,U4557,2025-06-09 14:32:00,2025-06-09 14:34:00,F,30~39,office,seoul,0,0,0,0,3,0,0,79,0,0,completed
44554,U4558,2025-01-16 09:48:00,2025-01-16 09:54:00,M,20~29,office,seoul,0,0,0,0,28,0,0,37,0,0,completed
44555,U4559,2025-10-24 20:51:00,2025-10-24 20:55:00,F,50+,office,seoul,0,0,0,0,27,0,0,20,0,0,abandoned
44556,U4560,2025-11-23 18:15:00,2025-11-23 18:18:00,F,50+,office,seoul,1,0,0,0,16,0,0,52,0,0,completed
44557,U4561,2025-09-26 19:31:00,2025-09-26 19:37:00,F,20~29,office,seoul,0,0,0,0,22,0,0,77,0,0,completed
44558,U4562,2025-02-16 14:22:00,2025-02-16 14:24:00,F,30~39,office,seoul,1,0,0,0,6,0,0,38,0,0,completed
44559,U4563,2025-12-06 13:42:00,2025-12-06 13:46:00,F,20~29,office,seoul,1,0,0,0,2,0,0,43,0,0,completed
44560,U4564,2025-05-16 09:33:00,2025-05-16 09:39:00,F,50+,office,seoul,0,0,0,0,26,0,0,72,0,0,timeout
44561,U4565,2025-04-18 16:19:00,2025-04-18 16:24:00,M,20~29,office,seoul,0,0,0,0,14,0,0,20,0,0,completed
44562,U4566,2025-08-24 16:45:00,2025-08-24 16:48:00,F,20~29,office,seoul,1,0,0,0,26,0,0,72,0,0,completed
44563,U4567,2025-03-10 12:17:00,2025-03-10 12:24:00,F,50+,office,seoul,0,0,0,0,14,0,0,33,0,0,completed
44564,U4568,2025-12-27 17:48:00,2025-12-27 17:54:00,F,30~39,office,seoul,1,0,0,0,5,0,0,45,0,0,completed
44565,U4569,2025-03-03 16:41:00,2025-03-03 16:48:00,F,20~29,office,seoul,0,0,0,0,9,0,0,36,0,0,completed
44566,U4570,2025-04-07 09:03:00,2025-04-07 09:07:00,M,40~49,office,seoul,0,0,0,0,25,0,0,36,0,0,completed
44567,U4571,2025-02-18 20:52:00,2025-02-18 20:58:00,M,40~49,office,seoul,0,0,0,0,4,0,0,12,0,0,completed
44568,U4572,2025-07-10 18:30:00,2025-07-10 18:37:00,F,20~29,office,seoul,0,0,0,0,13,0,0,13,0,0,completed
44569,U4573,2025-04-08 20:35:00,2025-04-08 20:40:00,F,30~39,office,seoul,0,0,0,0,19,0,0,54,0,0,completed
44570,U4574,2025-10-31 19:50:00,2025-10-31 19:55:00,M,20~29,office,seoul,0,0,0,0,18,0,0,30,0,0,completed
44571,U4575,2025-03-18 15:11:00,2025-03-18 15:16:00,M,20~29,office,seoul,0,0,0,0,25,0,0,48,0,0,completed
44572,U4576,2025-08-14 09:43:00,2025-08-14 09:47:00,M,20~29,office,seoul,0,0,0,0,16,0,0,26,0,0,completed
44573,U4577,2025-07-30 12:02:00,2025-07-30 12:04:00,F,30~39,office,seoul,0,0,0,0,25,0,0,53,0,0,timeout
44574,U4578,2025-08-08 08:06:00,2025-08-08 08:11:00,M,40~49,office,seoul,0,0,0,0,15,0,0,16,0,0,completed
44575,U4579,2025-08-27 12:21:00,2025-08-27 12:28:00,M,30~39,office,seoul,0,0,0,0,14,0,0,48,1,0,completed
44576,U4580,2025-12-07 12:20:00,2025-12-07 12:22:00,F,30~39,office,seoul,1,0,0,0,21,0,0,44,0,0,completed
44577,U4581,2025-11-29 19:41:00,2025-11-29 19:47:00,F,20~29,office,seoul,1,0,0,0,18,0,0,57,0,0,completed
44578,U4582,2025-08-14 16:23:00,2025-08-14 16:26:00,M,30~39,office,seoul,0,0,0,0,12,0,0,76,0,0,completed
44579,U4583,2025-08-03 16:39:00,2025-08-03 16:41:00,F,20~29,office,seoul,1,0,0,0,2,0,0,31,0,0,completed
44580,U4584,2025-12-27 17:31:00,2025-12-27 17:33:00,F,40~49,office,seoul,1,0,0,0,15,0,0,26,0,1,completed
44581,U4585,2025-09-09 12:10:00,2025-09-09 12:15:00,M,40~49,office,seoul,0,0,0,0,15,0,0,65,0,0,completed
44582,U4586,2025-01-07 21:20:00,2025-01-07 21:25:00,M,20~29,office,seoul,0,0,0,0,25,0,0,61,0,0,completed
44583,U4587,2025-05-06 16:26:00,2025-05-06 16:32:00,F,40~49,office,seoul,0,0,0,0,29,0,0,48,0,0,completed
44584,U4588,2025-08-24 09:07:00,2025-08-24 09:11:00,M,50+,office,seoul,1,0,0,0,23,0,0,34,0,1,completed
44585,U4589,2025-01-10 13:30:00,2025-01-10 13:33:00,F,30~39,office,seoul,0,0,0,0,21,0,0,35,0,0,completed
44586,U4590,2025-06-27 08:14:00,2025-06-27 08:21:00,F,40~49,office,seoul,0,0,0,0,5,0,0,58,0,1,completed
44587,U4591,2025-11-22 13:26:00,2025-11-22 13:28:00,F,40~49,office,seoul,1,0,0,0,17,0,0,10,0,0,abandoned
44588,U4592,2025-05-20 09:28:00,2025-05-20 09:30:00,F,50+,office,seoul,0,0,0,0,25,0,0,59,0,0,completed
44589,U4593,2025-05-30 09:55:00,2025-05-30 09:57:00,M,40~49,office,seoul,0,0,0,0,27,0,0,40,0,0,completed
44590,U4594,2025-11-27 09:04:00,2025-11-27 09:06:00,F,30~39,office,seoul,0,0,0,0,21,0,0,19,0,0,completed
44591,U4595,2025-11-30 14:13:00,2025-11-30 14:19:00,M,50+,office,seoul,1,0,0,0,5,0,0,66,0,0,completed
44592,U4596,2025-01-26 13:04:00,2025-01-26 13:10:00,M,30~39,office,seoul,1,0,0,0,27,0,0,66,0,0,completed
44593,U4597,2025-07-20 11:44:00,2025-07-20 11:46:00,F,50+,office,seoul,1,0,0,0,2,0,0,14,1,0,completed
44594,U4598,2025-07-02 18:36:00,2025-07-02 18:40:00,F,20~29,office,seoul,0,0,0,0,28,0,0,63,0,0,abandoned
44595,U4599,2025-09-20 22:18:00,2025-09-20 22:23:00,M,40~49,office,seoul,1,0,0,0,0,0,0,20,0,0,completed
44596,U4600,2025-08-24 14:04:00,2025-08-24 14:07:00,M,40~49,office,seoul,1,0,0,0,26,0,0,24,0,0,completed
44597,U4601,2025-07-13 13:03:00,2025-07-13 13:07:00,F,20~29,office,seoul,1,0,0,0,25,0,0,55,0,0,completed
44598,U4602,2025-04-22 13:28:00,2025-04-22 13:33:00,M,40~49,office,seoul,0,0,0,0,11,0,0,53,0,0,completed
44599,U4603,2025-10-30 16:39:00,2025-10-30 16:45:00,M,20~29,office,seoul,0,0,0,0,11,0,0,72,0,0,completed
44600,U4604,2025-12-09 20:27:00,2025-12-09 20:34:00,M,30~39,office,seoul,0,0,0,0,8,0,0,77,0,0,completed
44601,U4605,2025-08-26 09:31:00,2025-08-26 09:37:00,F,30~39,office,seoul,0,0,0,0,23,0,0,64,0,0,completed
44602,U4606,2025-08-22 13:26:00,2025-08-22 13:30:00,M,30~39,office,seoul,0,0,0,0,15,0,0,38,0,0,completed
44603,U4607,2025-02-13 07:31:00,2025-02-13 07:35:00,M,50+,office,seoul,0,0,0,0,23,0,0,45,1,0,completed
44604,U4608,2025-11-01 16:11:00,2025-11-01 16:13:00,M,30~39,office,seoul,1,0,0,0,26,0,0,63,0,0,completed
44605,U4609,2025-12-15 13:30:00,2025-12-15 13:36:00,F,30~39,office,seoul,0,0,0,0,20,0,0,76,0,0,completed
44606,U4610,2025-07-17 18:19:00,2025-07-17 18:24:00,F,40~49,office,seoul,0,0,0,0,13,0,0,58,0,0,completed
44607,U4611,2025-12-13 08:16:00,2025-12-13 08:22:00,F,30~39,office,seoul,1,0,0,0,10,0,0,25,0,0,completed
44608,U4612,2025-05-26 19:01:00,2025-05-26 19:04:00,M,50+,office,seoul,0,0,0,0,8,0,0,27,0,0,abandoned
44609,U4613,2025-10-25 09:15:00,2025-10-25 09:19:00,M,20~29,office,seoul,1,0,0,0,6,0,0,52,1,0,completed
44610,U4614,2025-04-18 16:00:00,2025-04-18 16:05:00,F,30~39,office,seoul,0,0,0,0,19,0,0,33,1,0,completed
44611,U4615,2025-12-05 15:03:00,2025-12-05 15:08:00,M,40~49,office,seoul,0,0,0,0,4,0,0,34,0,0,completed
44612,U4616,2025-10-27 07:47:00,2025-10-27 07:51:00,F,50+,office,seoul,0,0,0,0,22,0,0,65,0,0,completed
44613,U4617,2025-03-26 09:46:00,2025-03-26 09:50:00,F,40~49,office,seoul,0,0,0,0,21,0,0,43,1,0,completed
44614,U4618,2025-12-24 16:51:00,2025-12-24 16:57:00,F,40~49,office,seoul,0,0,0,0,10,0,0,56,0,0,abandoned
44615,U4619,2025-06-28 17:01:00,2025-06-28 17:07:00,M,50+,office,seoul,1,0,0,0,10,0,0,52,0,0,completed
44616,U4620,2025-03-13 11:09:00,2025-03-13 11:11:00,M,20~29,office,seoul,0,0,0,0,5,0,0,66,0,0,completed
44617,U4621,2025-09-11 17:02:00,2025-09-11 17:09:00,F,20~29,office,seoul,0,0,0,0,16,0,0,76,0,0,completed
44618,U4622,2025-03-25 17:06:00,2025-03-25 17:11:00,M,20~29,office,seoul,0,0,0,0,24,0,0,53,0,0,timeout
44619,U4623,2025-06-03 11:51:00,2025-06-03 11:57:00,F,20~29,office,seoul,0,0,0,0,23,0,0,28,0,0,abandoned
44620,U4624,2025-02-28 12:18:00,2025-02-28 12:24:00,M,20~29,office,seoul,0,0,0,0,18,0,0,17,0,0,completed
44621,U4625,2025-02-24 08:07:00,2025-02-24 08:09:00,M,30~39,office,seoul,0,0,0,0,6,0,0,35,0,0,completed
44622,U4626,2025-10-13 14:09:00,2025-10-13 14:12:00,F,20~29,office,seoul,0,0,0,0,18,0,0,52,0,0,completed
44623,U4627,2025-05-19 17:05:00,2025-05-19 17:10:00,M,40~49,office,seoul,0,0,0,0,29,0,0,37,0,0,completed
44624,U4628,2025-06-24 17:20:00,2025-06-24 17:24:00,M,20~29,office,seoul,0,0,0,0,25,0,0,10,0,0,completed
44625,U4629,2025-01-09 09:21:00,2025-01-09 09:28:00,F,40~49,office,seoul,0,0,0,0,29,0,0,29,0,0,completed
44626,U4630,2025-11-26 12:29:00,2025-11-26 12:33:00,M,40~49,office,seoul,0,0,0,0,12,0,0,19,0,0,completed
44627,U4631,2025-05-13 15:53:00,2025-05-13 16:00:00,F,50+,office,seoul,0,0,0,0,17,0,0,32,0,0,completed
44628,U4632,2025-03-18 11:37:00,2025-03-18 11:40:00,M,50+,office,seoul,0,0,0,0,18,0,0,43,0,0,completed
44629,U4633,2025-05-23 16:45:00,2025-05-23 16:50:00,M,30~39,office,seoul,0,0,0,0,8,0,0,51,0,0,completed
44630,U4634,2025-10-15 13:07:00,2025-10-15 13:10:00,M,50+,office,seoul,0,0,0,0,0,0,0,27,0,0,completed
44631,U4635,2025-05-26 11:42:00,2025-05-26 11:49:00,M,40~49,office,seoul,0,0,0,0,26,0,0,48,0,0,abandoned
44632,U4636,2025-11-28 20:13:00,2025-11-28 20:16:00,F,20~29,office,seoul,0,0,0,0,5,0,0,36,0,0,completed
44633,U4637,2025-05-08 11:22:00,2025-05-08 11:26:00,M,20~29,office,seoul,0,0,0,0,9,0,0,55,0,0,completed
44634,U4638,2025-01-16 12:33:00,2025-01-16 12:40:00,F,40~49,office,seoul,0,0,0,0,25,0,0,15,0,0,completed
44635,U4639,2025-08-05 19:19:00,2025-08-05 19:25:00,F,30~39,office,seoul,0,0,0,0,24,0,0,14,0,0,completed
44636,U4640,2025-02-06 17:03:00,2025-02-06 17:10:00,F,20~29,office,seoul,0,0,0,0,5,0,0,56,0,0,completed
44637,U4641,2025-10-18 14:51:00,2025-10-18 14:55:00,F,20~29,office,seoul,1,0,0,0,0,0,0,11,0,0,completed
44638,U4642,2025-02-01 22:04:00,2025-02-01 22:08:00,F,20~29,office,seoul,1,0,0,0,13,0,0,74,0,0,completed
44639,U4643,2025-11-29 22:05:00,2025-11-29 22:08:00,F,50+,office,seoul,1,0,0,0,20,0,0,27,0,0,completed
44640,U4644,2025-10-14 15:19:00,2025-10-14 15:26:00,M,20~29,office,seoul,0,0,0,0,19,0,0,22,0,0,completed
44641,U4645,2025-12-10 13:56:00,2025-12-10 13:59:00,M,30~39,office,seoul,0,0,0,0,28,0,0,76,0,0,completed
44642,U4646,2025-03-02 08:44:00,2025-03-02 08:46:00,M,40~49,office,seoul,1,0,0,0,18,0,0,72,0,0,completed
44643,U4647,2025-05-16 12:47:00,2025-05-16 12:53:00,F,20~29,office,seoul,0,0,0,0,27,0,0,23,0,0,completed
44644,U4648,2025-11-14 15:50:00,2025-11-14 15:55:00,M,50+,office,seoul,0,0,0,0,22,0,0,39,0,0,completed
44645,U4649,2025-03-27 12:26:00,2025-03-27 12:30:00,M,20~29,office,seoul,0,0,0,0,13,0,0,33,0,0,completed
44646,U4650,2025-01-16 18:42:00,2025-01-16 18:44:00,F,30~39,office,seoul,0,0,0,0,11,0,0,60,0,0,timeout
44647,U4651,2025-04-17 12:47:00,2025-04-17 12:52:00,F,20~29,office,seoul,0,0,0,0,27,0,0,48,0,0,completed
44648,U4652,2025-05-11 13:53:00,2025-05-11 14:00:00,M,30~39,office,seoul,1,0,0,0,21,0,0,67,0,0,completed
44649,U4653,2025-08-05 12:02:00,2025-08-05 12:05:00,F,20~29,office,seoul,0,0,0,0,14,0,0,13,0,0,completed
44650,U4654,2025-07-13 17:25:00,2025-07-13 17:28:00,M,40~49,office,seoul,1,0,0,0,10,0,0,78,0,0,completed
44651,U4655,2025-04-03 13:25:00,2025-04-03 13:30:00,F,30~39,office,seoul,0,0,0,0,29,0,0,40,0,0,completed
44652,U4656,2025-10-19 14:16:00,2025-10-19 14:19:00,M,20~29,office,seoul,1,0,0,0,8,0,0,23,0,0,completed
44653,U4657,2025-04-21 12:53:00,2025-04-21 13:00:00,F,20~29,office,seoul,0,0,0,0,28,0,0,30,0,0,completed
44654,U4658,2025-11-25 20:39:00,2025-11-25 20:41:00,M,20~29,office,seoul,0,0,0,0,13,0,0,50,0,0,completed
44655,U4659,2025-01-18 14:46:00,2025-01-18 14:50:00,M,40~49,office,seoul,1,0,0,0,1,0,0,49,0,0,completed
44656,U4660,2025-12-04 17:34:00,2025-12-04 17:37:00,M,40~49,office,seoul,0,0,0,0,8,0,0,79,0,0,completed
44657,U4661,2025-04-16 19:56:00,2025-04-16 20:00:00,M,20~29,office,seoul,0,0,0,0,17,0,0,40,0,0,completed
44658,U4662,2025-10-03 07:50:00,2025-10-03 07:55:00,F,30~39,office,seoul,0,0,0,0,22,0,0,16,0,0,completed
44659,U4663,2025-08-25 07:09:00,2025-08-25 07:12:00,M,30~39,office,seoul,0,0,0,0,15,0,0,39,0,0,completed
44660,U4664,2025-10-13 18:11:00,2025-10-13 18:15:00,M,20~29,office,seoul,0,0,0,0,23,0,0,23,0,0,completed
44661,U4665,2025-12-16 13:56:00,2025-12-16 14:00:00,F,20~29,office,seoul,0,0,0,0,7,0,0,71,0,0,completed
44662,U4666,2025-01-22 14:08:00,2025-01-22 14:11:00,M,40~49,office,seoul,0,0,0,0,18,0,0,36,0,0,completed
44663,U4667,2025-09-24 08:33:00,2025-09-24 08:35:00,M,40~49,office,seoul,0,0,0,0,7,0,0,23,0,0,completed
44664,U4668,2025-04-11 13:58:00,2025-04-11 14:02:00,F,50+,office,seoul,0,0,0,0,5,0,0,38,0,0,error
44665,U4669,2025-09-07 13:11:00,2025-09-07 13:13:00,F,40~49,office,seoul,1,0,0,0,22,0,0,34,0,0,completed
44666,U4670,2025-08-31 15:49:00,2025-08-31 15:53:00,M,20~29,office,seoul,1,0,0,0,6,0,0,73,0,0,completed
44667,U4671,2025-06-14 12:54:00,2025-06-14 13:01:00,M,30~39,office,seoul,1,0,0,0,22,0,0,50,0,0,completed
44668,U4672,2025-10-03 11:52:00,2025-10-03 11:59:00,F,20~29,office,seoul,0,0,0,0,8,0,0,58,0,0,completed
44669,U4673,2025-11-04 19:30:00,2025-11-04 19:37:00,F,20~29,office,seoul,0,0,0,0,10,0,0,69,0,0,completed
44670,U4674,2025-09-06 12:01:00,2025-09-06 12:03:00,F,20~29,office,seoul,1,0,0,0,25,0,0,50,0,0,completed
44671,U4675,2025-07-28 16:38:00,2025-07-28 16:45:00,F,30~39,office,seoul,0,0,0,0,1,0,0,70,0,0,completed
44672,U4676,2025-08-02 14:25:00,2025-08-02 14:27:00,F,30~39,office,seoul,1,0,0,0,2,0,0,42,0,0,completed
44673,U4677,2025-04-01 16:48:00,2025-04-01 16:55:00,F,50+,office,seoul,0,0,0,0,6,0,0,16,0,0,completed
44674,U4678,2025-12-11 19:03:00,2025-12-11 19:10:00,F,30~39,office,seoul,0,0,0,0,27,0,0,79,0,0,completed
44675,U4679,2025-03-06 17:19:00,2025-03-06 17:23:00,F,40~49,office,seoul,0,0,0,0,17,0,0,13,0,0,completed
44676,U4680,2025-11-16 17:31:00,2025-11-16 17:34:00,F,20~29,office,seoul,1,0,0,0,29,0,0,39,0,0,completed
44677,U4681,2025-03-18 12:52:00,2025-03-18 12:55:00,M,20~29,office,seoul,0,0,0,0,29,0,0,54,0,0,completed
44678,U4682,2025-09-10 14:24:00,2025-09-10 14:27:00,M,20~29,office,seoul,0,0,0,0,10,0,0,79,0,0,completed
44679,U4683,2025-03-17 12:02:00,2025-03-17 12:05:00,M,20~29,office,seoul,0,0,0,0,12,0,0,33,0,0,completed
44680,U4684,2025-07-01 20:22:00,2025-07-01 20:27:00,F,50+,office,seoul,0,0,0,0,5,0,0,32,0,0,error
44681,U4685,2025-04-08 09:07:00,2025-04-08 09:12:00,F,30~39,office,seoul,0,0,0,0,14,0,0,59,0,0,completed
44682,U4686,2025-03-08 09:02:00,2025-03-08 09:05:00,F,20~29,office,seoul,1,0,0,0,4,0,0,70,0,0,completed
44683,U4687,2025-03-22 09:19:00,2025-03-22 09:25:00,F,20~29,office,seoul,1,0,0,0,7,0,0,49,0,0,completed
44684,U4688,2025-01-09 13:49:00,2025-01-09 13:53:00,M,30~39,office,seoul,0,0,0,0,4,0,0,37,0,0,completed
44685,U4689,2025-07-13 18:08:00,2025-07-13 18:14:00,F,40~49,office,seoul,1,0,0,0,27,0,0,54,0,0,completed
44686,U4690,2025-09-28 22:24:00,2025-09-28 22:31:00,F,30~39,office,seoul,1,0,0,0,25,0,0,35,0,0,completed
44687,U4691,2025-04-06 09:32:00,2025-04-06 09:37:00,F,40~49,office,seoul,1,0,0,0,5,0,0,21,0,0,completed
44688,U4692,2025-04-19 11:52:00,2025-04-19 11:57:00,F,50+,office,seoul,1,0,0,0,10,0,0,25,1,1,completed
44689,U4693,2025-09-09 18:33:00,2025-09-09 18:38:00,F,20~29,office,seoul,0,0,0,0,23,0,0,77,0,0,completed
44690,U4694,2025-10-07 08:01:00,2025-10-07 08:04:00,F,30~39,office,seoul,0,0,0,0,21,0,0,51,0,0,completed
44691,U4695,2025-02-26 12:44:00,2025-02-26 12:51:00,F,50+,office,seoul,0,0,0,0,1,0,0,22,1,0,abandoned
44692,U4696,2025-11-05 12:12:00,2025-11-05 12:16:00,M,20~29,office,seoul,0,0,0,0,2,0,0,28,0,0,completed
44693,U4697,2025-02-13 08:26:00,2025-02-13 08:28:00,F,30~39,office,seoul,0,0,0,0,9,0,0,32,0,0,completed
44694,U4698,2025-01-18 13:32:00,2025-01-18 13:37:00,F,30~39,office,seoul,1,0,0,0,14,0,0,22,0,0,completed
44695,U4699,2025-08-14 18:38:00,2025-08-14 18:43:00,M,30~39,office,seoul,0,0,0,0,14,0,0,12,0,0,error
44696,U4700,2025-01-24 17:58:00,2025-01-24 18:04:00,F,50+,office,seoul,0,0,0,0,15,0,0,48,0,0,completed
44697,U4701,2025-11-14 14:22:00,2025-11-14 14:29:00,F,30~39,office,seoul,0,0,0,0,9,0,0,38,0,0,completed
44698,U4702,2025-08-23 15:35:00,2025-08-23 15:40:00,F,30~39,office,seoul,1,0,0,0,25,0,0,73,0,0,completed
44699,U4703,2025-02-18 17:27:00,2025-02-18 17:30:00,M,20~29,office,seoul,0,0,0,0,29,0,0,53,0,0,abandoned
44700,U4704,2025-05-31 07:39:00,2025-05-31 07:45:00,F,20~29,office,seoul,1,0,0,0,20,0,0,63,1,0,completed
44701,U4705,2025-04-06 17:47:00,2025-04-06 17:52:00,F,50+,office,seoul,1,0,0,0,11,0,0,53,0,0,abandoned
44702,U4706,2025-06-16 12:43:00,2025-06-16 12:48:00,M,30~39,office,seoul,0,0,0,0,21,0,0,38,0,0,completed
44703,U4707,2025-11-20 11:49:00,2025-11-20 11:51:00,M,20~29,office,seoul,0,0,0,0,17,0,0,34,0,0,completed
44704,U4708,2025-05-18 09:36:00,2025-05-18 09:40:00,M,20~29,office,seoul,1,0,0,0,25,0,0,60,0,0,completed
44705,U4709,2025-11-19 17:47:00,2025-11-19 17:49:00,F,30~39,office,seoul,0,0,0,0,12,0,0,72,0,0,completed
44706,U4710,2025-08-07 19:42:00,2025-08-07 19:46:00,F,40~49,office,seoul,0,0,0,0,27,0,0,60,0,0,completed
44707,U4711,2025-02-01 11:06:00,2025-02-01 11:11:00,F,20~29,office,seoul,1,0,0,0,4,0,0,75,0,0,completed
44708,U4712,2025-02-25 20:55:00,2025-02-25 21:01:00,F,30~39,office,seoul,0,0,0,0,16,0,0,57,0,0,abandoned
44709,U4713,2025-11-10 16:37:00,2025-11-10 16:42:00,F,30~39,office,seoul,0,0,0,0,11,0,0,32,0,0,completed
44710,U4714,2025-04-13 12:02:00,2025-04-13 12:09:00,F,20~29,office,seoul,1,0,0,0,25,0,0,58,0,0,completed
44711,U4715,2025-07-27 09:52:00,2025-07-27 09:55:00,M,20~29,office,seoul,1,0,0,0,14,0,0,31,0,0,completed
44712,U4716,2025-05-03 17:10:00,2025-05-03 17:13:00,F,30~39,office,seoul,1,0,0,0,28,0,0,30,0,0,completed
44713,U4717,2025-10-05 14:00:00,2025-10-05 14:06:00,F,30~39,office,seoul,1,0,0,0,8,0,0,40,0,0,completed
44714,U4718,2025-06-21 16:51:00,2025-06-21 16:57:00,F,40~49,office,seoul,1,0,0,0,26,0,0,68,0,0,completed
44715,U4719,2025-03-11 12:54:00,2025-03-11 13:00:00,F,20~29,office,seoul,0,0,0,0,23,0,0,18,0,0,completed
44716,U4720,2025-01-25 15:21:00,2025-01-25 15:23:00,F,30~39,office,seoul,1,0,0,0,6,0,0,60,0,0,timeout
44717,U4721,2025-10-09 14:15:00,2025-10-09 14:17:00,M,30~39,office,seoul,0,0,0,0,15,0,0,49,0,0,completed
44718,U4722,2025-10-17 18:19:00,2025-10-17 18:22:00,F,50+,office,seoul,0,0,0,0,0,0,0,47,0,0,completed
44719,U4723,2025-07-21 21:16:00,2025-07-21 21:22:00,M,30~39,office,seoul,0,0,0,0,26,0,0,70,0,0,abandoned
44720,U4724,2025-09-05 17:02:00,2025-09-05 17:04:00,M,30~39,office,seoul,0,0,0,0,23,0,0,30,0,0,completed
44721,U4725,2025-09-16 09:08:00,2025-09-16 09:14:00,F,30~39,office,seoul,0,0,0,0,10,0,0,18,0,0,completed
44722,U4726,2025-11-21 19:33:00,2025-11-21 19:39:00,F,20~29,office,seoul,0,0,0,0,3,0,0,10,0,0,completed
44723,U4727,2025-06-05 19:55:00,2025-06-05 19:57:00,F,20~29,office,seoul,0,0,0,0,28,0,0,50,0,0,abandoned
44724,U4728,2025-10-26 19:32:00,2025-10-26 19:35:00,F,30~39,office,seoul,1,0,0,0,4,0,0,70,0,0,abandoned
44725,U4729,2025-06-27 13:56:00,2025-06-27 14:02:00,M,40~49,office,seoul,0,0,0,0,2,0,0,58,0,0,completed
44726,U4730,2025-10-31 12:46:00,2025-10-31 12:51:00,M,30~39,office,seoul,0,0,0,0,8,0,0,13,1,0,completed
44727,U4731,2025-12-28 17:14:00,2025-12-28 17:21:00,M,40~49,office,seoul,1,0,0,0,28,0,0,53,0,0,completed
44728,U4732,2025-10-22 11:12:00,2025-10-22 11:15:00,M,50+,office,seoul,0,0,0,0,29,0,0,28,0,0,completed
44729,U4733,2025-12-31 09:05:00,2025-12-31 09:10:00,F,20~29,office,seoul,0,0,0,0,19,0,0,74,0,0,completed
44730,U4734,2025-03-26 16:25:00,2025-03-26 16:27:00,F,40~49,office,seoul,0,0,0,0,14,0,0,30,0,0,completed
44731,U4735,2025-10-22 16:09:00,2025-10-22 16:14:00,F,40~49,office,seoul,0,0,0,0,28,0,0,75,0,0,completed
44732,U4736,2025-01-27 19:24:00,2025-01-27 19:31:00,F,20~29,office,seoul,0,0,0,0,23,0,0,16,0,0,completed
44733,U4737,2025-11-01 14:17:00,2025-11-01 14:21:00,F,40~49,office,seoul,1,0,0,0,12,0,0,49,0,0,completed
44734,U4738,2025-04-23 18:25:00,2025-04-23 18:29:00,F,20~29,office,seoul,0,0,0,0,19,0,0,12,0,0,completed
44735,U4739,2025-07-30 08:51:00,2025-07-30 08:58:00,M,50+,office,seoul,0,0,0,0,27,0,0,23,0,0,completed
44736,U4740,2025-03-17 18:36:00,2025-03-17 18:43:00,M,40~49,office,seoul,0,0,0,0,28,0,0,35,0,0,completed
44737,U4741,2025-02-07 14:05:00,2025-02-07 14:12:00,M,20~29,office,seoul,0,0,0,0,27,0,0,12,0,0,abandoned
44738,U4742,2025-03-02 11:05:00,2025-03-02 11:07:00,F,20~29,office,seoul,1,0,0,0,27,0,0,52,0,0,completed
44739,U4743,2025-12-29 21:31:00,2025-12-29 21:36:00,F,30~39,office,seoul,0,0,0,0,4,0,0,22,0,0,completed
44740,U4744,2025-06-19 13:49:00,2025-06-19 13:53:00,M,40~49,office,seoul,0,0,0,0,18,0,0,47,0,0,completed
44741,U4745,2025-08-02 09:57:00,2025-08-02 10:04:00,F,30~39,office,seoul,1,0,0,0,22,0,0,39,0,0,completed
44742,U4746,2025-05-27 20:18:00,2025-05-27 20:22:00,M,40~49,office,seoul,0,0,0,0,12,0,0,40,0,0,completed
44743,U4747,2025-02-09 09:44:00,2025-02-09 09:47:00,F,40~49,office,seoul,1,0,0,0,4,0,0,34,0,0,completed
44744,U4748,2025-09-21 12:09:00,2025-09-21 12:12:00,F,20~29,office,seoul,1,0,0,0,0,0,0,34,0,0,completed
44745,U4749,2025-05-03 16:14:00,2025-05-03 16:18:00,M,20~29,office,seoul,1,0,0,0,11,0,0,50,0,0,completed
44746,U4750,2025-11-18 22:50:00,2025-11-18 22:55:00,M,50+,office,seoul,0,0,0,0,21,0,0,44,0,0,completed
44747,U4751,2025-02-12 13:20:00,2025-02-12 13:23:00,F,20~29,office,seoul,0,0,0,0,21,0,0,18,0,0,completed
44748,U4752,2025-05-07 13:15:00,2025-05-07 13:17:00,F,20~29,office,seoul,0,0,0,0,23,0,0,38,0,0,completed
44749,U4753,2025-03-24 15:20:00,2025-03-24 15:24:00,F,50+,office,seoul,0,0,0,0,17,0,0,49,0,0,completed
44750,U4754,2025-06-03 09:05:00,2025-06-03 09:12:00,F,20~29,office,seoul,0,0,0,0,29,0,0,10,0,0,completed
44751,U4755,2025-09-02 20:55:00,2025-09-02 20:59:00,F,20~29,office,seoul,0,0,0,0,13,0,0,31,0,0,completed
44752,U4756,2025-09-03 14:45:00,2025-09-03 14:51:00,F,30~39,office,seoul,0,0,0,0,12,0,0,43,0,0,completed
44753,U4757,2025-10-05 07:26:00,2025-10-05 07:32:00,F,40~49,office,seoul,1,0,0,0,2,0,0,32,0,0,completed
44754,U4758,2025-03-12 08:19:00,2025-03-12 08:25:00,F,40~49,office,seoul,0,0,0,0,9,0,0,29,0,0,completed
44755,U4759,2025-08-09 09:35:00,2025-08-09 09:37:00,M,30~39,office,seoul,1,0,0,0,7,0,0,71,0,0,completed
44756,U4760,2025-02-02 07:34:00,2025-02-02 07:36:00,F,50+,office,seoul,1,0,0,0,15,0,0,68,0,0,completed
44757,U4761,2025-08-04 15:32:00,2025-08-04 15:37:00,F,40~49,office,seoul,0,0,0,0,26,0,0,60,0,0,completed
44758,U4762,2025-01-01 15:26:00,2025-01-01 15:28:00,F,30~39,office,seoul,0,0,0,0,3,0,0,64,0,0,completed
44759,U4763,2025-08-01 13:44:00,2025-08-01 13:50:00,M,20~29,office,seoul,0,0,0,0,4,0,0,51,0,0,completed
44760,U4764,2025-11-21 16:18:00,2025-11-21 16:22:00,M,30~39,office,seoul,0,0,0,0,20,0,0,62,0,0,completed
44761,U4765,2025-10-19 12:03:00,2025-10-19 12:07:00,F,20~29,office,seoul,1,0,0,0,22,0,0,30,0,0,completed
44762,U4766,2025-09-12 16:03:00,2025-09-12 16:09:00,F,20~29,office,seoul,0,0,0,0,10,0,0,76,0,0,completed
44763,U4767,2025-04-19 16:36:00,2025-04-19 16:39:00,F,30~39,office,seoul,1,0,0,0,29,0,0,50,0,0,completed
44764,U4768,2025-08-05 17:00:00,2025-08-05 17:07:00,M,40~49,office,seoul,0,0,0,0,6,0,0,59,1,0,completed
44765,U4769,2025-10-12 11:16:00,2025-10-12 11:23:00,M,40~49,office,seoul,1,0,0,0,0,0,0,35,0,0,abandoned
44766,U4770,2025-02-06 14:11:00,2025-02-06 14:13:00,F,40~49,office,seoul,0,0,0,0,29,0,0,34,0,0,completed
44767,U4771,2025-02-14 09:53:00,2025-02-14 10:00:00,F,20~29,office,seoul,0,0,0,0,15,0,0,64,0,0,completed
44768,U4772,2025-03-21 17:00:00,2025-03-21 17:05:00,M,50+,office,seoul,0,0,0,0,16,0,0,36,0,0,completed
44769,U4773,2025-02-02 14:14:00,2025-02-02 14:18:00,M,20~29,office,seoul,1,0,0,0,12,0,0,77,0,0,completed
44770,U4774,2025-09-15 14:46:00,2025-09-15 14:48:00,F,30~39,office,seoul,0,0,0,0,14,0,0,14,0,0,completed
44771,U4775,2025-10-28 18:33:00,2025-10-28 18:37:00,M,20~29,office,seoul,0,0,0,0,13,0,0,18,0,0,completed
44772,U4776,2025-11-15 15:36:00,2025-11-15 15:42:00,M,50+,office,seoul,1,0,0,0,20,0,0,75,0,0,completed
44773,U4777,2025-11-02 12:28:00,2025-11-02 12:35:00,M,20~29,office,seoul,1,0,0,0,21,0,0,35,0,0,completed
44774,U4778,2025-12-21 12:05:00,2025-12-21 12:10:00,M,40~49,office,seoul,1,0,0,0,1,0,0,58,0,0,completed
44775,U4779,2025-03-29 17:07:00,2025-03-29 17:13:00,F,30~39,office,seoul,1,0,0,0,7,0,0,71,0,0,completed
44776,U4780,2025-01-29 12:12:00,2025-01-29 12:15:00,F,20~29,office,seoul,0,0,0,0,8,0,0,73,0,0,completed
44777,U4781,2025-01-16 17:22:00,2025-01-16 17:27:00,F,20~29,office,seoul,0,0,0,0,11,0,0,22,0,0,completed
44778,U4782,2025-06-07 09:28:00,2025-06-07 09:30:00,F,50+,office,seoul,1,0,0,0,21,0,0,19,0,0,completed
44779,U4783,2025-02-01 18:47:00,2025-02-01 18:50:00,F,30~39,office,seoul,1,0,0,0,0,0,0,60,0,0,completed
44780,U4784,2025-03-28 12:15:00,2025-03-28 12:21:00,M,20~29,office,seoul,0,0,0,0,19,0,0,21,0,0,completed
44781,U4785,2025-03-15 12:24:00,2025-03-15 12:26:00,F,40~49,office,seoul,1,0,0,0,17,0,0,42,0,0,completed
44782,U4786,2025-07-17 14:44:00,2025-07-17 14:50:00,M,30~39,office,seoul,0,0,0,0,12,0,0,10,0,0,completed
44783,U4787,2025-12-30 16:04:00,2025-12-30 16:11:00,M,20~29,office,seoul,0,0,0,0,13,0,0,47,0,0,completed
44784,U4788,2025-02-28 14:49:00,2025-02-28 14:56:00,M,40~49,office,seoul,0,0,0,0,16,0,0,19,0,0,completed
44785,U4789,2025-02-26 12:58:00,2025-02-26 13:01:00,F,20~29,office,seoul,0,0,0,0,11,0,0,47,0,0,completed
44786,U4790,2025-11-22 07:43:00,2025-11-22 07:46:00,F,50+,office,seoul,1,0,0,0,25,0,0,63,0,0,completed
44787,U4791,2025-08-13 17:47:00,2025-08-13 17:49:00,F,30~39,office,seoul,0,0,0,0,17,0,0,49,0,0,completed
44788,U4792,2025-09-03 09:08:00,2025-09-03 09:13:00,F,20~29,office,seoul,0,0,0,0,1,0,0,48,0,0,completed
44789,U4793,2025-12-18 15:44:00,2025-12-18 15:51:00,M,20~29,office,seoul,0,0,0,0,27,0,0,78,0,0,completed
44790,U4794,2025-10-03 09:24:00,2025-10-03 09:30:00,M,40~49,office,seoul,0,0,0,0,21,0,0,64,0,0,abandoned
44791,U4795,2025-01-18 09:02:00,2025-01-18 09:07:00,M,20~29,office,seoul,1,0,0,0,13,0,0,29,0,0,completed
44792,U4796,2025-12-14 16:40:00,2025-12-14 16:43:00,F,30~39,office,seoul,1,0,0,0,21,0,0,31,0,0,completed
44793,U4797,2025-11-29 22:18:00,2025-11-29 22:24:00,F,30~39,office,seoul,1,0,0,0,24,0,0,12,0,0,completed
44794,U4798,2025-04-07 14:04:00,2025-04-07 14:07:00,M,30~39,office,seoul,0,0,0,0,0,0,0,44,0,0,completed
44795,U4799,2025-10-22 09:20:00,2025-10-22 09:22:00,M,50+,office,seoul,0,0,0,0,23,0,0,43,0,0,completed
44796,U4800,2025-08-30 17:01:00,2025-08-30 17:03:00,F,30~39,office,seoul,1,0,0,0,21,0,0,10,0,0,abandoned
44797,U4801,2025-10-27 19:34:00,2025-10-27 19:41:00,M,30~39,office,seoul,0,0,0,0,29,0,0,61,0,0,completed
44798,U4802,2025-06-22 15:42:00,2025-06-22 15:49:00,M,20~29,office,seoul,1,0,0,0,11,0,0,14,0,0,completed
44799,U4803,2025-12-20 13:12:00,2025-12-20 13:16:00,F,20~29,office,seoul,1,0,0,0,23,0,0,75,0,0,completed
44800,U4804,2025-02-28 18:52:00,2025-02-28 18:59:00,M,20~29,office,seoul,0,0,0,0,26,0,0,76,0,0,completed
44801,U4805,2025-09-03 21:16:00,2025-09-03 21:23:00,F,40~49,office,seoul,0,0,0,0,14,0,0,29,0,0,completed
44802,U4806,2025-06-24 13:35:00,2025-06-24 13:38:00,F,30~39,office,seoul,0,0,0,0,19,0,0,32,0,0,completed
44803,U4807,2025-03-01 18:12:00,2025-03-01 18:17:00,M,20~29,office,seoul,1,0,0,0,28,0,0,59,0,0,completed
44804,U4808,2025-06-29 12:39:00,2025-06-29 12:45:00,F,40~49,office,seoul,1,0,0,0,23,0,0,77,0,0,completed
44805,U4809,2025-12-18 17:51:00,2025-12-18 17:58:00,F,40~49,office,seoul,0,0,0,0,17,0,0,74,0,0,completed
44806,U4810,2025-05-24 09:52:00,2025-05-24 09:59:00,F,20~29,office,seoul,1,0,0,0,20,0,0,55,0,0,completed
44807,U4811,2025-06-27 08:48:00,2025-06-27 08:54:00,F,20~29,office,seoul,0,0,0,0,12,0,0,55,0,0,completed
44808,U4812,2025-11-18 11:14:00,2025-11-18 11:21:00,F,30~39,office,seoul,0,0,0,0,15,0,0,12,0,0,completed
44809,U4813,2025-07-11 16:30:00,2025-07-11 16:35:00,M,40~49,office,seoul,0,0,0,0,0,0,0,35,0,0,completed
44810,U4814,2025-04-05 20:56:00,2025-04-05 20:58:00,F,30~39,office,seoul,1,0,0,0,25,0,0,28,0,0,completed
44811,U4815,2025-09-14 11:51:00,2025-09-14 11:56:00,M,40~49,office,seoul,1,0,0,0,0,0,0,18,0,0,completed
44812,U4816,2025-11-03 13:37:00,2025-11-03 13:41:00,F,50+,office,seoul,0,0,0,0,15,0,0,67,0,0,timeout
44813,U4817,2025-07-29 12:20:00,2025-07-29 12:23:00,F,50+,office,seoul,0,0,0,0,28,0,0,31,0,0,completed
44814,U4818,2025-05-01 18:27:00,2025-05-01 18:30:00,F,50+,office,seoul,0,0,0,0,23,0,0,12,1,0,completed
44815,U4819,2025-01-26 08:27:00,2025-01-26 08:31:00,F,20~29,office,seoul,1,0,0,0,24,0,0,67,0,0,completed
44816,U4820,2025-04-29 22:49:00,2025-04-29 22:56:00,M,20~29,office,seoul,0,0,0,0,22,0,0,41,0,0,completed
44817,U4821,2025-03-25 17:19:00,2025-03-25 17:23:00,F,40~49,office,seoul,0,0,0,0,6,0,0,78,0,0,completed
44818,U4822,2025-05-07 08:03:00,2025-05-07 08:09:00,F,20~29,office,seoul,0,0,0,0,18,0,0,71,0,0,completed
44819,U4823,2025-09-23 16:06:00,2025-09-23 16:09:00,F,40~49,office,seoul,0,0,0,0,9,0,0,38,0,0,completed
44820,U4824,2025-07-28 08:56:00,2025-07-28 09:02:00,F,20~29,office,seoul,0,0,0,0,8,0,0,12,0,0,timeout
44821,U4825,2025-11-30 12:49:00,2025-11-30 12:56:00,M,20~29,office,seoul,1,0,0,0,6,0,0,67,0,0,completed
44822,U4826,2025-07-29 17:23:00,2025-07-29 17:28:00,F,30~39,office,seoul,0,0,0,0,23,0,0,72,0,0,completed
44823,U4827,2025-09-09 16:36:00,2025-09-09 16:39:00,M,40~49,office,seoul,0,0,0,0,21,0,0,46,0,0,completed
44824,U4828,2025-10-07 13:17:00,2025-10-07 13:23:00,F,20~29,office,seoul,0,0,0,0,7,0,0,13,0,0,completed
44825,U4829,2025-11-19 15:09:00,2025-11-19 15:14:00,F,30~39,office,seoul,0,0,0,0,2,0,0,23,0,0,completed
44826,U4830,2025-01-13 12:57:00,2025-01-13 13:01:00,M,50+,office,seoul,0,0,0,0,3,0,0,77,1,0,completed
44827,U4831,2025-06-27 12:02:00,2025-06-27 12:05:00,F,50+,office,seoul,0,0,0,0,15,0,0,63,0,0,completed
44828,U4832,2025-06-28 09:26:00,2025-06-28 09:32:00,M,30~39,office,seoul,1,0,0,0,20,0,0,14,0,0,completed
44829,U4833,2025-07-06 15:31:00,2025-07-06 15:34:00,F,30~39,office,seoul,1,0,0,0,4,0,0,19,0,0,completed
44830,U4834,2025-05-16 21:07:00,2025-05-16 21:14:00,F,40~49,office,seoul,0,0,0,0,17,0,0,30,0,0,completed
44831,U4835,2025-05-02 18:21:00,2025-05-02 18:27:00,M,30~39,office,seoul,0,0,0,0,15,0,0,47,0,0,completed
44832,U4836,2025-09-07 16:17:00,2025-09-07 16:21:00,F,20~29,office,seoul,1,0,0,0,14,0,0,52,0,0,completed
44833,U4837,2025-10-16 16:14:00,2025-10-16 16:21:00,M,20~29,office,seoul,0,0,0,0,27,0,0,41,0,0,completed
44834,U4838,2025-03-29 08:29:00,2025-03-29 08:35:00,M,30~39,office,seoul,1,0,0,0,16,0,0,55,0,0,timeout
44835,U4839,2025-09-23 09:16:00,2025-09-23 09:23:00,M,20~29,office,seoul,0,0,0,0,24,0,0,13,0,0,error
44836,U4840,2025-07-14 14:06:00,2025-07-14 14:08:00,M,40~49,office,seoul,0,0,0,0,16,0,0,21,0,0,completed
44837,U4841,2025-11-13 18:07:00,2025-11-13 18:10:00,M,20~29,office,seoul,0,0,0,0,21,0,0,33,0,0,completed
44838,U4842,2025-10-21 15:28:00,2025-10-21 15:34:00,F,30~39,office,seoul,0,0,0,0,15,0,0,46,0,0,completed
44839,U4843,2025-12-29 14:04:00,2025-12-29 14:07:00,M,40~49,office,seoul,0,0,0,0,22,0,0,68,0,0,completed
44840,U4844,2025-03-29 09:36:00,2025-03-29 09:40:00,M,50+,office,seoul,1,0,0,0,23,0,0,45,0,0,completed
44841,U4845,2025-08-22 15:16:00,2025-08-22 15:20:00,M,40~49,office,seoul,0,0,0,0,15,0,0,26,0,0,completed
44842,U4846,2025-01-01 14:38:00,2025-01-01 14:44:00,F,20~29,office,seoul,0,0,0,0,1,0,0,66,0,0,timeout
44843,U4847,2025-11-15 16:44:00,2025-11-15 16:50:00,F,20~29,office,seoul,1,0,0,0,10,0,0,11,0,0,completed
44844,U4848,2025-03-26 18:47:00,2025-03-26 18:49:00,F,20~29,office,seoul,0,0,0,0,10,0,0,71,0,0,error
44845,U4849,2025-08-09 12:20:00,2025-08-09 12:26:00,M,50+,office,seoul,1,0,0,0,2,0,0,66,1,0,completed
44846,U4850,2025-07-22 18:41:00,2025-07-22 18:48:00,F,40~49,office,seoul,0,0,0,0,24,0,0,41,0,0,completed
44847,U4851,2025-11-23 12:06:00,2025-11-23 12:10:00,F,30~39,office,seoul,1,0,0,0,10,0,0,36,0,0,completed
44848,U4852,2025-08-09 18:15:00,2025-08-09 18:21:00,F,20~29,office,seoul,1,0,0,0,3,0,0,12,0,0,completed
44849,U4853,2025-09-17 15:12:00,2025-09-17 15:17:00,F,50+,office,seoul,0,0,0,0,3,0,0,50,0,0,completed
44850,U4854,2025-08-29 09:48:00,2025-08-29 09:54:00,F,50+,office,seoul,0,0,0,0,6,0,0,61,0,0,completed
44851,U4855,2025-03-12 16:33:00,2025-03-12 16:35:00,M,40~49,office,seoul,0,0,0,0,4,0,0,16,0,0,abandoned
44852,U4856,2025-06-19 09:20:00,2025-06-19 09:26:00,F,30~39,office,seoul,0,0,0,0,20,0,0,30,0,0,error
44853,U4857,2025-07-20 12:33:00,2025-07-20 12:40:00,M,30~39,office,seoul,1,0,0,0,12,0,0,76,0,0,abandoned
44854,U4858,2025-08-05 14:19:00,2025-08-05 14:23:00,M,20~29,office,seoul,0,0,0,0,14,0,0,67,0,0,completed
44855,U4859,2025-10-06 09:13:00,2025-10-06 09:17:00,M,20~29,office,seoul,0,0,0,0,7,0,0,40,0,0,completed
44856,U4860,2025-06-18 14:16:00,2025-06-18 14:18:00,M,30~39,office,seoul,0,0,0,0,18,0,0,41,0,0,completed
44857,U4861,2025-12-29 15:50:00,2025-12-29 15:55:00,F,40~49,office,seoul,0,0,0,0,23,0,0,64,0,0,completed
44858,U4862,2025-11-18 09:37:00,2025-11-18 09:41:00,M,20~29,office,seoul,0,0,0,0,29,0,0,61,0,0,completed
44859,U4863,2025-12-22 22:24:00,2025-12-22 22:29:00,F,50+,office,seoul,0,0,0,0,22,0,0,24,0,0,completed
44860,U4864,2025-03-28 18:55:00,2025-03-28 18:57:00,F,30~39,office,seoul,0,0,0,0,21,0,0,66,0,0,completed
44861,U4865,2025-02-05 16:24:00,2025-02-05 16:30:00,M,30~39,office,seoul,0,0,0,0,12,0,0,79,0,0,completed
44862,U4866,2025-04-05 09:16:00,2025-04-05 09:19:00,F,40~49,office,seoul,1,0,0,0,15,0,0,43,0,0,completed
44863,U4867,2025-09-12 16:07:00,2025-09-12 16:13:00,F,20~29,office,seoul,0,0,0,0,18,0,0,53,0,0,completed
44864,U4868,2025-05-02 13:03:00,2025-05-02 13:09:00,F,40~49,office,seoul,0,0,0,0,21,0,0,20,0,0,completed
44865,U4869,2025-03-22 13:33:00,2025-03-22 13:40:00,M,30~39,office,seoul,1,0,0,0,17,0,0,44,0,0,completed
44866,U4870,2025-09-20 08:51:00,2025-09-20 08:56:00,F,40~49,office,seoul,1,0,0,0,4,0,0,34,0,0,completed
44867,U4871,2025-12-24 16:41:00,2025-12-24 16:45:00,F,40~49,office,seoul,0,0,0,0,2,0,0,28,0,0,timeout
44868,U4872,2025-12-12 18:04:00,2025-12-12 18:09:00,M,30~39,office,seoul,0,0,0,0,20,0,0,23,0,0,completed
44869,U4873,2025-12-14 11:49:00,2025-12-14 11:52:00,F,50+,office,seoul,1,0,0,0,20,0,0,13,0,0,abandoned
44870,U4874,2025-06-01 15:56:00,2025-06-01 16:02:00,M,50+,office,seoul,1,0,0,0,5,0,0,46,0,0,completed
44871,U4875,2025-12-09 13:26:00,2025-12-09 13:30:00,M,20~29,office,seoul,0,0,0,0,3,0,0,65,1,0,completed
44872,U4876,2025-06-02 09:31:00,2025-06-02 09:38:00,F,30~39,office,seoul,0,0,0,0,18,0,0,23,0,0,completed
44873,U4877,2025-05-08 11:50:00,2025-05-08 11:53:00,F,40~49,office,seoul,0,0,0,0,21,0,0,17,0,0,completed
44874,U4878,2025-07-01 07:33:00,2025-07-01 07:40:00,F,30~39,office,seoul,0,0,0,0,12,0,0,20,1,0,completed
44875,U4879,2025-02-24 14:46:00,2025-02-24 14:51:00,F,30~39,office,seoul,0,0,0,0,20,0,0,32,0,0,completed
44876,U4880,2025-10-27 07:50:00,2025-10-27 07:55:00,M,30~39,office,seoul,0,0,0,0,21,0,0,68,0,0,completed
44877,U4881,2025-05-04 09:10:00,2025-05-04 09:14:00,M,40~49,office,seoul,1,0,0,0,13,0,0,39,0,0,completed
44878,U4882,2025-06-27 12:27:00,2025-06-27 12:30:00,M,20~29,office,seoul,0,0,0,0,16,0,0,33,0,0,abandoned
44879,U4883,2025-10-07 18:22:00,2025-10-07 18:27:00,F,50+,office,seoul,0,0,0,0,20,0,0,28,0,1,completed
44880,U4884,2025-08-25 17:13:00,2025-08-25 17:18:00,M,20~29,office,seoul,0,0,0,0,20,0,0,37,0,0,completed
44881,U4885,2025-01-26 17:03:00,2025-01-26 17:08:00,F,40~49,office,seoul,1,0,0,0,26,0,0,58,0,0,completed
44882,U4886,2025-02-02 14:34:00,2025-02-02 14:36:00,F,30~39,office,seoul,1,0,0,0,9,0,0,31,0,0,completed
44883,U4887,2025-03-11 14:53:00,2025-03-11 14:58:00,F,30~39,office,seoul,0,0,0,0,24,0,0,54,0,0,completed
44884,U4888,2025-09-13 15:27:00,2025-09-13 15:34:00,F,30~39,office,seoul,1,0,0,0,6,0,0,75,0,0,abandoned
44885,U4889,2025-06-27 15:25:00,2025-06-27 15:28:00,F,30~39,office,seoul,0,0,0,0,23,0,0,32,0,0,completed
44886,U4890,2025-05-14 15:25:00,2025-05-14 15:31:00,F,40~49,office,seoul,0,0,0,0,12,0,0,21,0,0,completed
44887,U4891,2025-11-20 15:19:00,2025-11-20 15:21:00,F,40~49,office,seoul,0,0,0,0,17,0,0,49,0,0,completed
44888,U4892,2025-01-30 17:00:00,2025-01-30 17:06:00,F,40~49,office,seoul,0,0,0,0,8,0,0,52,0,0,completed
44889,U4893,2025-08-26 17:46:00,2025-08-26 17:51:00,F,40~49,office,seoul,0,0,0,0,2,0,0,21,0,0,completed
44890,U4894,2025-02-07 11:58:00,2025-02-07 12:05:00,M,30~39,office,seoul,0,0,0,0,27,0,0,31,0,0,timeout
44891,U4895,2025-01-07 12:33:00,2025-01-07 12:37:00,M,20~29,office,seoul,0,0,0,0,20,0,0,21,0,0,error
44892,U4896,2025-07-26 14:19:00,2025-07-26 14:25:00,M,20~29,office,seoul,1,0,0,0,17,0,0,27,0,0,completed
44893,U4897,2025-12-11 14:32:00,2025-12-11 14:36:00,M,20~29,office,seoul,0,0,0,0,5,0,0,48,0,0,completed
44894,U4898,2025-10-09 17:02:00,2025-10-09 17:05:00,M,40~49,office,seoul,0,0,0,0,15,0,0,37,0,0,completed
44895,U4899,2025-06-22 12:00:00,2025-06-22 12:05:00,M,30~39,office,seoul,1,0,0,0,16,0,0,10,0,0,completed
44896,U4900,2025-04-28 21:43:00,2025-04-28 21:46:00,M,20~29,office,seoul,0,0,0,0,28,0,0,56,0,0,completed
44897,U4901,2025-09-16 15:47:00,2025-09-16 15:50:00,F,30~39,office,seoul,0,0,0,0,1,0,0,30,0,0,completed
44898,U4902,2025-03-08 16:57:00,2025-03-08 17:04:00,M,20~29,office,seoul,1,0,0,0,12,0,0,28,0,0,timeout
44899,U4903,2025-06-29 16:19:00,2025-06-29 16:25:00,F,30~39,office,seoul,1,0,0,0,28,0,0,25,0,0,completed
44900,U4904,2025-11-18 15:42:00,2025-11-18 15:44:00,M,40~49,office,seoul,0,0,0,0,8,0,0,75,0,0,completed
44901,U4905,2025-07-13 09:45:00,2025-07-13 09:50:00,F,30~39,office,seoul,1,0,0,0,14,0,0,75,0,0,completed
44902,U4906,2025-05-01 15:38:00,2025-05-01 15:42:00,M,20~29,office,seoul,0,0,0,0,21,0,0,58,0,0,completed
44903,U4907,2025-09-25 09:35:00,2025-09-25 09:38:00,M,30~39,office,seoul,0,0,0,0,22,0,0,46,0,0,completed
44904,U4908,2025-06-04 14:32:00,2025-06-04 14:34:00,F,30~39,office,seoul,0,0,0,0,13,0,0,34,0,0,completed
44905,U4909,2025-10-09 15:15:00,2025-10-09 15:20:00,M,40~49,office,seoul,0,0,0,0,19,0,0,20,0,0,completed
44906,U4910,2025-05-09 16:48:00,2025-05-09 16:53:00,F,40~49,office,seoul,0,0,0,0,12,0,0,56,0,0,completed
44907,U4911,2025-08-16 17:12:00,2025-08-16 17:16:00,F,20~29,office,seoul,1,0,0,0,21,0,0,37,0,0,completed
44908,U4912,2025-08-30 17:43:00,2025-08-30 17:50:00,F,20~29,office,seoul,1,0,0,0,25,0,0,66,0,0,completed
44909,U4913,2025-09-08 12:08:00,2025-09-08 12:14:00,F,30~39,office,seoul,0,0,0,0,21,0,0,42,0,0,completed
44910,U4914,2025-12-13 15:00:00,2025-12-13 15:04:00,F,20~29,office,seoul,1,0,0,0,28,0,0,42,0,0,completed
44911,U4915,2025-02-03 09:51:00,2025-02-03 09:57:00,F,30~39,office,seoul,0,0,0,0,11,0,0,77,0,0,completed
44912,U4916,2025-03-20 18:00:00,2025-03-20 18:05:00,F,30~39,office,seoul,0,0,0,0,4,0,0,18,0,0,completed
44913,U4917,2025-12-05 14:04:00,2025-12-05 14:11:00,F,30~39,office,seoul,0,0,0,0,24,0,0,57,0,0,completed
44914,U4918,2025-03-12 07:49:00,2025-03-12 07:53:00,M,20~29,office,seoul,0,0,0,0,19,0,0,24,0,0,completed
44915,U4919,2025-12-24 20:53:00,2025-12-24 20:55:00,M,30~39,office,seoul,0,0,0,0,24,0,0,59,0,0,completed
44916,U4920,2025-12-10 14:32:00,2025-12-10 14:38:00,M,20~29,office,seoul,0,0,0,0,29,0,0,31,0,0,completed
44917,U4921,2025-06-30 12:33:00,2025-06-30 12:40:00,F,20~29,office,seoul,0,0,0,0,10,0,0,33,0,0,completed
44918,U4922,2025-01-02 07:15:00,2025-01-02 07:20:00,M,30~39,office,seoul,0,0,0,0,28,0,0,21,0,0,completed
44919,U4923,2025-01-20 08:32:00,2025-01-20 08:39:00,F,20~29,office,seoul,0,0,0,0,11,0,0,15,0,0,completed
44920,U4924,2025-03-01 12:50:00,2025-03-01 12:55:00,F,30~39,office,seoul,1,0,0,0,18,0,0,71,0,0,completed
44921,U4925,2025-07-04 11:33:00,2025-07-04 11:35:00,F,40~49,office,seoul,0,0,0,0,25,0,0,19,0,0,completed
44922,U4926,2025-09-25 07:48:00,2025-09-25 07:54:00,M,50+,office,seoul,0,0,0,0,23,0,0,42,0,0,completed
44923,U4927,2025-12-14 12:38:00,2025-12-14 12:42:00,F,40~49,office,seoul,1,0,0,0,3,0,0,69,0,0,completed
44924,U4928,2025-04-04 09:53:00,2025-04-04 09:57:00,F,20~29,office,seoul,0,0,0,0,24,0,0,79,0,0,completed
44925,U4929,2025-01-14 14:23:00,2025-01-14 14:28:00,F,40~49,office,seoul,0,0,0,0,26,0,0,31,0,0,completed
44926,U4930,2025-02-23 22:32:00,2025-02-23 22:38:00,F,40~49,office,seoul,1,0,0,0,0,0,0,62,1,1,completed
44927,U4931,2025-04-12 09:08:00,2025-04-12 09:11:00,M,20~29,office,seoul,1,0,0,0,15,0,0,18,0,0,completed
44928,U4932,2025-03-28 20:32:00,2025-03-28 20:35:00,M,20~29,office,seoul,0,0,0,0,1,0,0,72,0,0,completed
44929,U4933,2025-05-23 08:50:00,2025-05-23 08:55:00,F,30~39,office,seoul,0,0,0,0,4,0,0,10,0,0,completed
44930,U4934,2025-12-12 18:20:00,2025-12-12 18:23:00,F,30~39,office,seoul,0,0,0,0,25,0,0,11,0,0,completed
44931,U4935,2025-06-07 09:40:00,2025-06-07 09:42:00,M,30~39,office,seoul,1,0,0,0,14,0,0,12,0,0,error
44932,U4936,2025-10-21 09:34:00,2025-10-21 09:38:00,F,20~29,office,seoul,0,0,0,0,0,0,0,70,0,0,completed
44933,U4937,2025-11-04 15:47:00,2025-11-04 15:50:00,F,20~29,office,seoul,0,0,0,0,17,0,0,31,0,0,completed
44934,U4938,2025-02-07 08:24:00,2025-02-07 08:29:00,M,40~49,office,seoul,0,0,0,0,5,0,0,61,0,0,completed
44935,U4939,2025-03-03 09:03:00,2025-03-03 09:08:00,F,30~39,office,seoul,0,0,0,0,23,0,0,27,0,0,completed
44936,U4940,2025-11-24 15:10:00,2025-11-24 15:12:00,F,50+,office,seoul,0,0,0,0,9,0,0,40,0,0,completed
44937,U4941,2025-11-28 08:38:00,2025-11-28 08:40:00,F,30~39,office,seoul,0,0,0,0,11,0,0,18,0,0,completed
44938,U4942,2025-09-06 12:51:00,2025-09-06 12:58:00,F,50+,office,seoul,1,0,0,0,19,0,0,10,0,0,completed
44939,U4943,2025-07-01 12:32:00,2025-07-01 12:36:00,F,40~49,office,seoul,0,0,0,0,12,0,0,69,0,0,completed
44940,U4944,2025-06-28 18:54:00,2025-06-28 18:56:00,M,30~39,office,seoul,1,0,0,0,2,0,0,42,0,0,completed
44941,U4945,2025-08-19 20:11:00,2025-08-19 20:13:00,M,30~39,office,seoul,0,0,0,0,4,0,0,18,0,0,completed
44942,U4946,2025-02-25 11:29:00,2025-02-25 11:32:00,F,20~29,office,seoul,0,0,0,0,19,0,0,67,0,0,completed
44943,U4947,2025-03-29 17:31:00,2025-03-29 17:34:00,F,20~29,office,seoul,1,0,0,0,15,0,0,30,0,0,completed
44944,U4948,2025-04-28 12:08:00,2025-04-28 12:13:00,M,20~29,office,seoul,0,0,0,0,24,0,0,34,0,0,completed
44945,U4949,2025-08-22 15:43:00,2025-08-22 15:49:00,F,20~29,office,seoul,0,0,0,0,21,0,0,34,0,0,completed
44946,U4950,2025-02-16 14:14:00,2025-02-16 14:18:00,M,20~29,office,seoul,1,0,0,0,13,0,0,28,0,0,completed
44947,U4951,2025-05-30 14:55:00,2025-05-30 14:57:00,M,40~49,office,seoul,0,0,0,0,20,0,0,26,0,0,completed
44948,U4952,2025-03-22 15:56:00,2025-03-22 16:03:00,M,20~29,office,seoul,1,0,0,0,19,0,0,51,0,0,completed
44949,U4953,2025-11-12 12:18:00,2025-11-12 12:21:00,F,50+,office,seoul,0,0,0,0,25,0,0,20,0,0,completed
44950,U4954,2025-02-26 12:02:00,2025-02-26 12:05:00,M,50+,office,seoul,0,0,0,0,14,0,0,60,0,0,completed
44951,U4955,2025-04-01 16:48:00,2025-04-01 16:54:00,F,20~29,office,seoul,0,0,0,0,18,0,0,42,0,0,timeout
44952,U4956,2025-08-13 13:17:00,2025-08-13 13:19:00,F,30~39,office,seoul,0,0,0,0,8,0,0,45,0,0,completed
44953,U4957,2025-08-13 15:01:00,2025-08-13 15:06:00,F,40~49,office,seoul,0,0,0,0,17,0,0,10,0,0,completed
44954,U4958,2025-06-01 16:10:00,2025-06-01 16:15:00,M,50+,office,seoul,1,0,0,0,18,0,0,59,0,0,abandoned
44955,U4959,2025-08-12 15:38:00,2025-08-12 15:40:00,F,20~29,office,seoul,0,0,0,0,9,0,0,39,0,0,completed
44956,U4960,2025-04-04 07:26:00,2025-04-04 07:32:00,M,50+,office,seoul,0,0,0,0,13,0,0,26,0,0,completed
44957,U4961,2025-07-13 20:14:00,2025-07-13 20:16:00,F,50+,office,seoul,1,0,0,0,1,0,0,75,0,0,completed
44958,U4962,2025-08-28 08:25:00,2025-08-28 08:32:00,F,20~29,office,seoul,0,0,0,0,6,0,0,69,0,0,completed
44959,U4963,2025-03-17 13:45:00,2025-03-17 13:50:00,M,20~29,office,seoul,0,0,0,0,0,0,0,27,0,0,abandoned
44960,U4964,2025-03-06 08:54:00,2025-03-06 09:01:00,M,40~49,office,seoul,0,0,0,0,7,0,0,51,0,0,completed
44961,U4965,2025-05-08 08:49:00,2025-05-08 08:53:00,F,40~49,office,seoul,0,0,0,0,20,0,0,28,0,0,completed
44962,U4966,2025-12-29 08:04:00,2025-12-29 08:09:00,F,30~39,office,seoul,0,0,0,0,5,0,0,57,0,0,completed
44963,U4967,2025-03-28 12:58:00,2025-03-28 13:02:00,M,40~49,office,seoul,0,0,0,0,4,0,0,69,0,0,completed
44964,U4968,2025-10-21 20:48:00,2025-10-21 20:52:00,F,30~39,office,seoul,0,0,0,0,21,0,0,48,0,0,completed
44965,U4969,2025-01-01 17:13:00,2025-01-01 17:20:00,M,50+,office,seoul,0,0,0,0,12,0,0,41,0,0,timeout
44966,U4970,2025-11-23 12:22:00,2025-11-23 12:27:00,M,40~49,office,seoul,1,0,0,0,19,0,0,23,0,0,completed
44967,U4971,2025-05-04 14:12:00,2025-05-04 14:15:00,M,20~29,office,seoul,1,0,0,0,22,0,0,61,0,0,completed
44968,U4972,2025-07-17 19:37:00,2025-07-17 19:40:00,M,40~49,office,seoul,0,0,0,0,3,0,0,47,0,0,completed
44969,U4973,2025-12-07 22:08:00,2025-12-07 22:15:00,F,30~39,office,seoul,1,0,0,0,7,0,0,31,1,0,completed
44970,U4974,2025-08-31 15:02:00,2025-08-31 15:05:00,M,30~39,office,seoul,1,0,0,0,7,0,0,52,0,0,timeout
44971,U4975,2025-07-28 14:18:00,2025-07-28 14:20:00,F,20~29,office,seoul,0,0,0,0,23,0,0,46,0,0,timeout
44972,U4976,2025-01-04 18:32:00,2025-01-04 18:36:00,F,30~39,office,seoul,1,0,0,0,23,0,0,66,0,0,completed
44973,U4977,2025-11-25 07:14:00,2025-11-25 07:19:00,M,40~49,office,seoul,0,0,0,0,23,0,0,77,0,0,completed
44974,U4978,2025-07-18 12:13:00,2025-07-18 12:18:00,M,30~39,office,seoul,0,0,0,0,28,0,0,18,0,0,completed
44975,U4979,2025-03-03 08:57:00,2025-03-03 09:02:00,F,20~29,office,seoul,0,0,0,0,9,0,0,41,0,0,completed
44976,U4980,2025-04-09 16:44:00,2025-04-09 16:47:00,F,50+,office,seoul,0,0,0,0,26,0,0,50,0,0,completed
44977,U4981,2025-06-27 11:42:00,2025-06-27 11:45:00,F,30~39,office,seoul,0,0,0,0,28,0,0,58,0,0,abandoned
44978,U4982,2025-08-03 15:20:00,2025-08-03 15:22:00,M,20~29,office,seoul,1,0,0,0,20,0,0,12,0,0,completed
44979,U4983,2025-04-09 13:40:00,2025-04-09 13:43:00,M,30~39,office,seoul,0,0,0,0,21,0,0,13,0,0,completed
44980,U4984,2025-01-13 15:45:00,2025-01-13 15:47:00,M,40~49,office,seoul,0,0,0,0,4,0,0,24,0,0,completed
44981,U4985,2025-02-25 16:22:00,2025-02-25 16:24:00,M,40~49,office,seoul,0,0,0,0,29,0,0,16,0,0,completed
44982,U4986,2025-05-26 13:04:00,2025-05-26 13:07:00,M,30~39,office,seoul,0,0,0,0,5,0,0,16,0,0,abandoned
44983,U4987,2025-09-23 09:06:00,2025-09-23 09:10:00,F,20~29,office,seoul,0,0,0,0,6,0,0,40,0,0,completed
44984,U4988,2025-12-22 09:04:00,2025-12-22 09:07:00,F,40~49,office,seoul,0,0,0,0,7,0,0,50,0,0,completed
44985,U4989,2025-12-07 22:45:00,2025-12-07 22:49:00,F,30~39,office,seoul,1,0,0,0,15,0,0,19,0,0,completed
44986,U4990,2025-01-26 16:55:00,2025-01-26 17:02:00,F,40~49,office,seoul,1,0,0,0,10,0,0,35,0,0,completed
44987,U4991,2025-08-14 11:58:00,2025-08-14 12:05:00,M,30~39,office,seoul,0,0,0,0,8,0,0,62,0,0,completed
44988,U4992,2025-01-17 12:44:00,2025-01-17 12:49:00,F,30~39,office,seoul,0,0,0,0,11,0,0,40,0,0,error
44989,U4993,2025-03-04 07:15:00,2025-03-04 07:22:00,F,50+,office,seoul,0,0,0,0,14,0,0,27,1,0,completed
44990,U4994,2025-10-27 15:47:00,2025-10-27 15:52:00,M,40~49,office,seoul,0,0,0,0,21,0,0,62,0,0,completed
44991,U4995,2025-07-24 16:17:00,2025-07-24 16:20:00,F,20~29,office,seoul,0,0,0,0,20,0,0,20,0,0,completed
44992,U4996,2025-03-11 17:31:00,2025-03-11 17:36:00,F,50+,office,seoul,0,0,0,0,21,0,0,51,0,0,completed
44993,U4997,2025-08-25 08:25:00,2025-08-25 08:29:00,M,20~29,office,seoul,0,0,0,0,22,0,0,52,0,0,completed
44994,U4998,2025-04-13 11:00:00,2025-04-13 11:06:00,M,20~29,office,seoul,1,0,0,0,11,0,0,46,0,0,error
44995,U4999,2025-03-10 16:06:00,2025-03-10 16:12:00,M,40~49,office,seoul,0,0,0,0,7,0,0,23,0,0,completed
44996,U5000,2025-01-31 20:24:00,2025-01-31 20:27:00,F,50+,office,seoul,0,0,0,0,2,0,0,59,0,0,completed
44997,U5001,2025-02-18 08:37:00,2025-02-18 08:43:00,F,20~29,office,seoul,0,0,0,0,16,0,0,19,0,0,completed
44998,U5002,2025-03-19 12:01:00,2025-03-19 12:06:00,F,30~39,office,seoul,0,0,0,0,16,0,0,18,0,0,completed
44999,U5003,2025-07-21 13:33:00,2025-07-21 13:40:00,M,50+,office,seoul,0,0,0,0,3,0,0,58,1,0,timeout
45000,U5004,2025-12-04 07:36:00,2025-12-04 07:42:00,F,50+,office,seoul,0,0,0,0,14,0,0,71,0,0,completed
45001,U5005,2025-09-08 13:26:00,2025-09-08 13:31:00,F,40~49,office,seoul,0,0,0,0,20,0,0,67,0,0,completed
45002,U5006,2025-01-20 09:13:00,2025-01-20 09:20:00,F,40~49,office,seoul,0,0,0,0,7,0,0,52,0,0,completed
45003,U5007,2025-03-30 18:17:00,2025-03-30 18:23:00,M,40~49,office,seoul,1,0,0,0,2,0,0,23,0,0,completed
45004,U5008,2025-05-26 15:58:00,2025-05-26 16:03:00,F,40~49,office,seoul,0,0,0,0,0,0,0,11,0,0,completed
45005,U5009,2025-03-07 16:58:00,2025-03-07 17:04:00,F,50+,office,seoul,0,0,0,0,7,0,0,28,0,1,completed
45006,U5010,2025-10-22 18:26:00,2025-10-22 18:31:00,M,40~49,office,seoul,0,0,0,0,5,0,0,66,0,0,completed
45007,U5011,2025-12-21 14:34:00,2025-12-21 14:36:00,M,30~39,office,seoul,1,0,0,0,19,0,0,72,0,0,completed
45008,U5012,2025-08-28 12:34:00,2025-08-28 12:41:00,F,50+,office,seoul,0,0,0,0,3,0,0,14,0,1,completed
45009,U5013,2025-09-01 11:00:00,2025-09-01 11:02:00,M,30~39,office,seoul,0,0,0,0,16,0,0,75,0,0,completed
45010,U5014,2025-10-15 08:40:00,2025-10-15 08:43:00,M,20~29,office,seoul,0,0,0,0,7,0,0,35,0,0,completed
45011,U5015,2025-09-07 09:32:00,2025-09-07 09:35:00,M,40~49,office,seoul,1,0,0,0,21,0,0,63,0,0,completed
45012,U5016,2025-09-18 17:12:00,2025-09-18 17:14:00,F,50+,office,seoul,0,0,0,0,22,0,0,37,0,0,completed
45013,U5017,2025-06-07 18:00:00,2025-06-07 18:05:00,M,20~29,office,seoul,1,0,0,0,0,0,0,27,0,1,abandoned
45014,U5018,2025-12-24 12:27:00,2025-12-24 12:30:00,F,40~49,office,seoul,0,0,0,0,26,0,0,33,0,0,completed
45015,U5019,2025-02-18 14:01:00,2025-02-18 14:05:00,F,40~49,office,seoul,0,0,0,0,4,0,0,65,0,0,completed
45016,U5020,2025-01-18 16:39:00,2025-01-18 16:44:00,F,30~39,office,seoul,1,0,0,0,8,0,0,39,0,0,completed
45017,U5021,2025-08-19 14:49:00,2025-08-19 14:55:00,M,20~29,office,seoul,0,0,0,0,27,0,0,25,0,0,completed
45018,U5022,2025-10-10 15:46:00,2025-10-10 15:50:00,M,20~29,office,seoul,0,0,0,0,28,0,0,42,0,0,completed
45019,U5023,2025-11-15 09:38:00,2025-11-15 09:40:00,F,20~29,office,seoul,1,0,0,0,16,0,0,52,0,0,completed
45020,U5024,2025-12-15 14:13:00,2025-12-15 14:16:00,M,20~29,office,seoul,0,0,0,0,15,0,0,49,0,0,abandoned
45021,U5025,2025-09-06 16:32:00,2025-09-06 16:37:00,F,30~39,office,seoul,1,0,0,0,8,0,0,65,0,0,abandoned
45022,U5026,2025-02-25 16:35:00,2025-02-25 16:42:00,F,20~29,office,seoul,0,0,0,0,7,0,0,72,0,0,completed
45023,U5027,2025-10-26 16:30:00,2025-10-26 16:36:00,F,40~49,office,seoul,1,0,0,0,24,0,0,59,0,0,completed
45024,U5028,2025-06-04 12:52:00,2025-06-04 12:56:00,F,50+,office,seoul,0,0,0,0,25,0,0,56,1,0,completed
45025,U5029,2025-02-26 12:10:00,2025-02-26 12:14:00,M,40~49,office,seoul,0,0,0,0,28,0,0,70,0,0,completed
45026,U5030,2025-06-16 15:05:00,2025-06-16 15:10:00,F,20~29,office,seoul,0,0,0,0,17,0,0,35,0,0,completed
45027,U5031,2025-03-06 13:32:00,2025-03-06 13:39:00,F,20~29,office,seoul,0,0,0,0,20,0,0,78,0,0,completed
45028,U5032,2025-06-26 15:56:00,2025-06-26 16:03:00,M,20~29,office,seoul,0,0,0,0,5,0,0,15,1,0,error
45029,U5033,2025-02-21 16:32:00,2025-02-21 16:37:00,F,20~29,office,seoul,0,0,0,0,20,0,0,11,0,0,completed
45030,U5034,2025-08-31 07:33:00,2025-08-31 07:37:00,M,20~29,office,seoul,1,0,0,0,8,0,0,74,0,0,completed
45031,U5035,2025-10-08 19:03:00,2025-10-08 19:05:00,M,20~29,office,seoul,0,0,0,0,5,0,0,78,0,0,completed
45032,U5036,2025-10-29 18:42:00,2025-10-29 18:48:00,F,20~29,office,seoul,0,0,0,0,26,0,0,74,0,0,completed
45033,U5037,2025-05-14 14:51:00,2025-05-14 14:58:00,F,30~39,office,seoul,0,0,0,0,27,0,0,57,0,0,timeout
45034,U5038,2025-09-22 09:00:00,2025-09-22 09:07:00,F,20~29,office,seoul,0,0,0,0,22,0,0,49,0,0,completed
45035,U5039,2025-10-30 13:07:00,2025-10-30 13:10:00,F,20~29,office,seoul,0,0,0,0,10,0,0,29,0,0,completed
45036,U5040,2025-03-13 12:43:00,2025-03-13 12:45:00,F,30~39,office,seoul,0,0,0,0,13,0,0,20,0,0,completed
45037,U5041,2025-03-23 14:14:00,2025-03-23 14:19:00,M,20~29,office,seoul,1,0,0,0,4,0,0,53,0,0,completed
45038,U5042,2025-10-15 17:12:00,2025-10-15 17:15:00,M,40~49,office,seoul,0,0,0,0,13,0,0,74,0,0,completed
45039,U5043,2025-11-19 12:45:00,2025-11-19 12:52:00,M,40~49,office,seoul,0,0,0,0,20,0,0,50,0,0,completed
45040,U5044,2025-04-13 15:39:00,2025-04-13 15:46:00,F,40~49,office,seoul,1,0,0,0,4,0,0,56,1,1,completed
45041,U5045,2025-04-04 12:23:00,2025-04-04 12:29:00,M,50+,office,seoul,0,0,0,0,1,0,0,41,0,0,abandoned
45042,U5046,2025-02-05 11:31:00,2025-02-05 11:36:00,F,30~39,office,seoul,0,0,0,0,2,0,0,31,0,0,completed
45043,U5047,2025-03-06 17:02:00,2025-03-06 17:08:00,M,40~49,office,seoul,0,0,0,0,6,0,0,64,0,1,completed
45044,U5048,2025-05-19 19:47:00,2025-05-19 19:54:00,M,40~49,office,seoul,0,0,0,0,18,0,0,39,0,0,completed
45045,U5049,2025-02-09 15:35:00,2025-02-09 15:41:00,F,40~49,office,seoul,1,0,0,0,17,0,0,36,0,0,timeout
45046,U5050,2025-09-09 17:50:00,2025-09-09 17:54:00,F,20~29,office,seoul,0,0,0,0,17,0,0,36,0,0,completed
45047,U5051,2025-10-04 17:30:00,2025-10-04 17:35:00,F,30~39,office,seoul,1,0,0,0,1,0,0,72,0,0,abandoned
45048,U5052,2025-03-04 12:17:00,2025-03-04 12:23:00,F,30~39,office,seoul,0,0,0,0,26,0,0,78,0,0,completed
45049,U5053,2025-04-18 08:06:00,2025-04-18 08:09:00,F,20~29,office,seoul,0,0,0,0,2,0,0,63,0,0,abandoned
45050,U5054,2025-11-21 20:05:00,2025-11-21 20:10:00,M,30~39,office,seoul,0,0,0,0,12,0,0,78,0,0,completed
45051,U5055,2025-03-12 12:14:00,2025-03-12 12:21:00,F,20~29,office,seoul,0,0,0,0,12,0,0,11,0,0,completed
45052,U5056,2025-04-08 08:58:00,2025-04-08 09:02:00,F,20~29,office,seoul,0,0,0,0,28,0,0,16,0,0,completed
45053,U5057,2025-07-04 08:42:00,2025-07-04 08:44:00,F,30~39,office,seoul,0,0,0,0,21,0,0,57,0,0,completed
45054,U5058,2025-03-15 09:39:00,2025-03-15 09:41:00,M,30~39,office,seoul,1,0,0,0,23,0,0,74,0,0,timeout
45055,U5059,2025-01-06 09:01:00,2025-01-06 09:03:00,F,20~29,office,seoul,0,0,0,0,9,0,0,55,0,0,completed
45056,U5060,2025-11-28 12:11:00,2025-11-28 12:15:00,M,20~29,office,seoul,0,0,0,0,8,0,0,14,0,0,completed
45057,U5061,2025-06-12 09:19:00,2025-06-12 09:22:00,M,20~29,office,seoul,0,0,0,0,0,0,0,78,0,0,abandoned
45058,U5062,2025-01-17 11:53:00,2025-01-17 11:55:00,F,20~29,office,seoul,0,0,0,0,29,0,0,28,0,0,completed
45059,U5063,2025-05-15 12:41:00,2025-05-15 12:48:00,M,20~29,office,seoul,0,0,0,0,2,0,0,12,0,0,completed
45060,U5064,2025-05-12 13:07:00,2025-05-12 13:09:00,M,50+,office,seoul,0,0,0,0,23,0,0,74,0,0,completed
45061,U5065,2025-08-19 12:27:00,2025-08-19 12:33:00,F,20~29,office,seoul,0,0,0,0,5,0,0,38,0,0,completed
45062,U5066,2025-03-13 16:29:00,2025-03-13 16:33:00,M,30~39,office,seoul,0,0,0,0,13,0,0,60,0,0,completed
45063,U5067,2025-01-25 12:03:00,2025-01-25 12:08:00,F,40~49,office,seoul,1,0,0,0,16,0,0,21,0,0,completed
45064,U5068,2025-12-11 18:58:00,2025-12-11 19:04:00,M,20~29,office,seoul,0,0,0,0,28,0,0,21,0,0,completed
45065,U5069,2025-11-15 19:00:00,2025-11-15 19:05:00,F,20~29,office,seoul,1,0,0,0,6,0,0,47,0,0,completed
45066,U5070,2025-09-14 12:25:00,2025-09-14 12:28:00,M,20~29,office,seoul,1,0,0,0,24,0,0,32,0,0,completed
45067,U5071,2025-04-09 08:20:00,2025-04-09 08:27:00,M,30~39,office,seoul,0,0,0,0,10,0,0,54,0,0,completed
45068,U5072,2025-06-16 17:34:00,2025-06-16 17:36:00,F,20~29,office,seoul,0,0,0,0,7,0,0,37,0,0,completed
45069,U5073,2025-10-08 19:58:00,2025-10-08 20:00:00,F,40~49,office,seoul,0,0,0,0,8,0,0,50,0,0,completed
45070,U5074,2025-07-09 08:30:00,2025-07-09 08:36:00,M,40~49,office,seoul,0,0,0,0,13,0,0,55,0,1,completed
45071,U5075,2025-04-06 08:56:00,2025-04-06 09:02:00,F,40~49,office,seoul,1,0,0,0,14,0,0,20,0,0,completed
45072,U5076,2025-08-14 17:11:00,2025-08-14 17:17:00,F,30~39,office,seoul,0,0,0,0,20,0,0,59,0,0,completed
45073,U5077,2025-02-26 14:34:00,2025-02-26 14:40:00,M,30~39,office,seoul,0,0,0,0,5,0,0,11,0,0,abandoned
45074,U5078,2025-09-11 12:29:00,2025-09-11 12:32:00,M,30~39,office,seoul,0,0,0,0,16,0,0,31,0,0,timeout
45075,U5079,2025-02-17 07:42:00,2025-02-17 07:45:00,M,40~49,office,seoul,0,0,0,0,17,0,0,20,0,0,completed
45076,U5080,2025-04-30 12:59:00,2025-04-30 13:06:00,F,20~29,office,seoul,0,0,0,0,21,0,0,24,0,0,completed
45077,U5081,2025-05-22 13:18:00,2025-05-22 13:21:00,M,20~29,office,seoul,0,0,0,0,12,0,0,19,0,0,completed
45078,U5082,2025-11-05 19:25:00,2025-11-05 19:30:00,F,20~29,office,seoul,0,0,0,0,15,0,0,79,0,0,abandoned
45079,U5083,2025-06-22 09:24:00,2025-06-22 09:30:00,F,50+,office,seoul,1,0,0,0,3,0,0,45,0,0,completed
45080,U5084,2025-05-22 09:58:00,2025-05-22 10:00:00,F,30~39,office,seoul,0,0,0,0,5,0,0,78,0,0,error
45081,U5085,2025-07-26 12:25:00,2025-07-26 12:30:00,F,20~29,office,seoul,1,0,0,0,8,0,0,24,0,0,completed
45082,U5086,2025-06-27 15:59:00,2025-06-27 16:02:00,F,50+,office,seoul,0,0,0,0,11,0,0,56,0,0,completed
45083,U5087,2025-12-10 16:48:00,2025-12-10 16:53:00,M,20~29,office,seoul,0,0,0,0,15,0,0,76,0,0,completed
45084,U5088,2025-01-17 07:47:00,2025-01-17 07:53:00,M,20~29,office,seoul,0,0,0,0,10,0,0,35,0,0,completed
45085,U5089,2025-03-09 17:51:00,2025-03-09 17:56:00,M,20~29,office,seoul,1,0,0,0,18,0,0,35,0,0,completed
45086,U5090,2025-02-18 16:16:00,2025-02-18 16:23:00,M,40~49,office,seoul,0,0,0,0,16,0,0,13,0,1,completed
45087,U5091,2025-10-07 16:37:00,2025-10-07 16:40:00,F,50+,office,seoul,0,0,0,0,16,0,0,17,0,0,completed
45088,U5092,2025-03-29 12:37:00,2025-03-29 12:40:00,F,30~39,office,seoul,1,0,0,0,11,0,0,61,0,0,completed
45089,U5093,2025-12-01 18:02:00,2025-12-01 18:04:00,F,30~39,office,seoul,0,0,0,0,10,0,0,56,0,0,completed
45090,U5094,2025-08-27 07:26:00,2025-08-27 07:31:00,F,20~29,office,seoul,0,0,0,0,1,0,0,50,0,0,completed
45091,U5095,2025-10-23 08:38:00,2025-10-23 08:42:00,F,20~29,office,seoul,0,0,0,0,5,0,0,65,0,0,completed
45092,U5096,2025-12-05 08:43:00,2025-12-05 08:48:00,F,20~29,office,seoul,0,0,0,0,6,0,0,25,0,0,completed
45093,U5097,2025-09-30 12:16:00,2025-09-30 12:23:00,M,30~39,office,seoul,0,0,0,0,14,0,0,75,0,0,completed
45094,U5098,2025-04-01 15:49:00,2025-04-01 15:51:00,M,30~39,office,seoul,0,0,0,0,27,0,0,43,0,0,completed
45095,U5099,2025-01-22 09:12:00,2025-01-22 09:15:00,M,40~49,office,seoul,0,0,0,0,3,0,0,12,0,0,completed
45096,U5100,2025-09-09 13:49:00,2025-09-09 13:51:00,F,30~39,office,seoul,0,0,0,0,3,0,0,12,0,0,completed
45097,U5101,2025-03-23 17:58:00,2025-03-23 18:05:00,M,20~29,office,seoul,1,0,0,0,24,0,0,15,0,0,completed
45098,U5102,2025-04-29 09:50:00,2025-04-29 09:53:00,M,20~29,office,seoul,0,0,0,0,12,0,0,70,0,0,completed
45099,U5103,2025-05-01 09:14:00,2025-05-01 09:16:00,F,30~39,office,seoul,0,0,0,0,26,0,0,52,0,0,completed
45100,U5104,2025-03-04 15:13:00,2025-03-04 15:20:00,F,30~39,office,seoul,0,0,0,0,22,0,0,52,0,0,completed
45101,U5105,2025-07-31 17:35:00,2025-07-31 17:39:00,M,30~39,office,seoul,0,0,0,0,9,0,0,51,0,0,completed
45102,U5106,2025-09-27 12:46:00,2025-09-27 12:51:00,F,30~39,office,seoul,1,0,0,0,6,0,0,22,0,0,completed
45103,U5107,2025-06-13 15:58:00,2025-06-13 16:05:00,M,40~49,office,seoul,0,0,0,0,0,0,0,77,0,0,completed
45104,U5108,2025-04-15 09:35:00,2025-04-15 09:40:00,F,40~49,office,seoul,0,0,0,0,20,0,0,58,0,0,completed
45105,U5109,2025-01-28 18:33:00,2025-01-28 18:35:00,F,40~49,office,seoul,0,0,0,0,22,0,0,46,1,0,error
45106,U5110,2025-11-02 09:44:00,2025-11-02 09:48:00,F,30~39,office,seoul,1,0,0,0,11,0,0,15,0,0,completed
45107,U5111,2025-08-14 17:40:00,2025-08-14 17:44:00,F,50+,office,seoul,0,0,0,0,9,0,0,18,1,0,completed
45108,U5112,2025-12-07 22:31:00,2025-12-07 22:37:00,F,30~39,office,seoul,1,0,0,0,16,0,0,11,0,0,completed
45109,U5113,2025-03-14 13:48:00,2025-03-14 13:52:00,F,30~39,office,seoul,0,0,0,0,8,0,0,35,0,0,completed
45110,U5114,2025-10-13 14:23:00,2025-10-13 14:25:00,M,30~39,office,seoul,0,0,0,0,21,0,0,78,0,0,completed
45111,U5115,2025-07-15 17:06:00,2025-07-15 17:09:00,M,30~39,office,seoul,0,0,0,0,4,0,0,36,0,0,abandoned
45112,U5116,2025-02-02 08:26:00,2025-02-02 08:33:00,F,20~29,office,seoul,1,0,0,0,8,0,0,71,0,0,completed
45113,U5117,2025-04-11 09:07:00,2025-04-11 09:14:00,M,20~29,office,seoul,0,0,0,0,4,0,0,28,0,0,completed
45114,U5118,2025-12-17 14:01:00,2025-12-17 14:03:00,F,30~39,office,seoul,0,0,0,0,26,0,0,11,0,0,completed
45115,U5119,2025-10-24 20:51:00,2025-10-24 20:55:00,F,20~29,office,seoul,0,0,0,0,0,0,0,25,0,0,completed
45116,U5120,2025-01-12 12:18:00,2025-01-12 12:24:00,M,20~29,office,seoul,1,0,0,0,14,0,0,23,0,0,timeout
45117,U5121,2025-09-14 07:55:00,2025-09-14 08:00:00,F,20~29,office,seoul,1,0,0,0,14,0,0,24,0,0,completed
45118,U5122,2025-10-09 08:51:00,2025-10-09 08:53:00,F,20~29,office,seoul,0,0,0,0,23,0,0,73,0,0,abandoned
45119,U5123,2025-07-22 07:52:00,2025-07-22 07:55:00,F,30~39,office,seoul,0,0,0,0,21,0,0,12,0,0,completed
45120,U5124,2025-11-16 15:36:00,2025-11-16 15:42:00,M,20~29,office,seoul,1,0,0,0,6,0,0,36,0,0,completed
45121,U5125,2025-01-22 16:14:00,2025-01-22 16:17:00,M,20~29,office,seoul,0,0,0,0,8,0,0,13,0,0,completed
45122,U5126,2025-12-19 09:05:00,2025-12-19 09:10:00,M,20~29,office,seoul,0,0,0,0,3,0,0,40,0,0,completed
45123,U5127,2025-03-04 09:11:00,2025-03-04 09:15:00,F,20~29,office,seoul,0,0,0,0,6,0,0,47,0,0,completed
45124,U5128,2025-09-14 15:12:00,2025-09-14 15:15:00,F,20~29,office,seoul,1,0,0,0,9,0,0,33,0,0,completed
45125,U5129,2025-09-27 19:34:00,2025-09-27 19:36:00,F,30~39,office,seoul,1,0,0,0,6,0,0,70,0,0,completed
45126,U5130,2025-12-18 08:23:00,2025-12-18 08:29:00,M,40~49,office,seoul,0,0,0,0,16,0,0,12,0,0,completed
45127,U5131,2025-10-20 19:10:00,2025-10-20 19:14:00,M,40~49,office,seoul,0,0,0,0,16,0,0,47,0,0,abandoned
45128,U5132,2025-09-12 07:59:00,2025-09-12 08:03:00,F,50+,office,seoul,0,0,0,0,0,0,0,24,0,0,completed
45129,U5133,2025-05-22 13:47:00,2025-05-22 13:52:00,F,20~29,office,seoul,0,0,0,0,1,0,0,25,0,0,completed
45130,U5134,2025-09-08 18:48:00,2025-09-08 18:51:00,F,40~49,office,seoul,0,0,0,0,7,0,0,23,0,0,completed
45131,U5135,2025-12-19 14:21:00,2025-12-19 14:27:00,F,50+,office,seoul,0,0,0,0,29,0,0,73,0,0,completed
45132,U5136,2025-04-01 15:32:00,2025-04-01 15:39:00,F,20~29,office,seoul,0,0,0,0,13,0,0,22,0,0,completed
45133,U5137,2025-11-09 18:15:00,2025-11-09 18:22:00,F,40~49,office,seoul,1,0,0,0,13,0,0,37,0,0,abandoned
45134,U5138,2025-03-06 08:27:00,2025-03-06 08:31:00,M,30~39,office,seoul,0,0,0,0,22,0,0,25,0,0,completed
45135,U5139,2025-03-20 19:39:00,2025-03-20 19:43:00,M,50+,office,seoul,0,0,0,0,24,0,0,67,0,0,completed
45136,U5140,2025-06-07 08:30:00,2025-06-07 08:36:00,M,50+,office,seoul,1,0,0,0,28,0,0,48,0,0,completed
45137,U5141,2025-04-08 14:34:00,2025-04-08 14:39:00,F,20~29,office,seoul,0,0,0,0,1,0,0,12,0,0,completed
45138,U5142,2025-06-20 16:36:00,2025-06-20 16:38:00,F,40~49,office,seoul,0,0,0,0,9,0,0,44,0,0,completed
45139,U5143,2025-12-11 16:49:00,2025-12-11 16:55:00,M,20~29,office,seoul,0,0,0,0,17,0,0,12,0,0,completed
45140,U5144,2025-01-28 20:17:00,2025-01-28 20:20:00,M,30~39,office,seoul,0,0,0,0,12,0,0,14,0,0,completed
45141,U5145,2025-05-28 15:17:00,2025-05-28 15:19:00,F,50+,office,seoul,0,0,0,0,22,0,0,56,0,0,completed
45142,U5146,2025-11-15 19:29:00,2025-11-15 19:36:00,F,20~29,office,seoul,1,0,0,0,3,0,0,16,0,0,completed
45143,U5147,2025-07-14 22:53:00,2025-07-14 22:57:00,F,20~29,office,seoul,0,0,0,0,23,0,0,11,0,0,completed
45144,U5148,2025-08-08 09:28:00,2025-08-08 09:31:00,F,30~39,office,seoul,0,0,0,0,5,0,0,15,0,0,completed
45145,U5149,2025-02-01 20:04:00,2025-02-01 20:11:00,F,30~39,office,seoul,1,0,0,0,0,0,0,51,0,0,completed
45146,U5150,2025-01-14 17:40:00,2025-01-14 17:43:00,M,30~39,office,seoul,0,0,0,0,2,0,0,34,0,0,completed
45147,U5151,2025-07-08 12:48:00,2025-07-08 12:51:00,M,20~29,office,seoul,0,0,0,0,20,0,0,49,0,0,abandoned
45148,U5152,2025-01-28 18:11:00,2025-01-28 18:16:00,F,50+,office,seoul,0,0,0,0,27,0,0,73,0,0,completed
45149,U5153,2025-06-29 18:18:00,2025-06-29 18:22:00,F,30~39,office,seoul,1,0,0,0,21,0,0,55,0,0,completed
45150,U5154,2025-11-26 12:14:00,2025-11-26 12:21:00,F,20~29,office,seoul,0,0,0,0,7,0,0,45,0,0,completed
45151,U5155,2025-01-20 19:02:00,2025-01-20 19:09:00,F,20~29,office,seoul,0,0,0,0,6,0,0,34,0,0,completed
45152,U5156,2025-09-03 12:34:00,2025-09-03 12:36:00,M,40~49,office,seoul,0,0,0,0,0,0,0,49,0,0,timeout
45153,U5157,2025-04-30 11:13:00,2025-04-30 11:20:00,F,20~29,office,seoul,0,0,0,0,28,0,0,70,0,0,completed
45154,U5158,2025-08-13 19:57:00,2025-08-13 20:01:00,F,40~49,office,seoul,0,0,0,0,15,0,0,11,0,0,completed
45155,U5159,2025-04-19 17:08:00,2025-04-19 17:13:00,F,30~39,office,seoul,1,0,0,0,24,0,0,58,0,0,completed
45156,U5160,2025-01-09 16:28:00,2025-01-09 16:33:00,M,20~29,office,seoul,0,0,0,0,18,0,0,69,0,0,completed
45157,U5161,2025-07-15 08:02:00,2025-07-15 08:08:00,M,30~39,office,seoul,0,0,0,0,2,0,0,34,0,0,completed
45158,U5162,2025-08-04 11:31:00,2025-08-04 11:34:00,F,30~39,office,seoul,0,0,0,0,2,0,0,24,0,0,completed
45159,U5163,2025-03-29 20:52:00,2025-03-29 20:54:00,F,20~29,office,seoul,1,0,0,0,14,0,0,67,0,0,completed
45160,U5164,2025-09-14 16:38:00,2025-09-14 16:43:00,F,40~49,office,seoul,1,0,0,0,14,0,0,20,0,0,completed
45161,U5165,2025-04-05 13:37:00,2025-04-05 13:40:00,F,20~29,office,seoul,1,0,0,0,17,0,0,37,0,0,completed
45162,U5166,2025-09-11 16:52:00,2025-09-11 16:56:00,M,20~29,office,seoul,0,0,0,0,2,0,0,18,0,0,completed
45163,U5167,2025-02-02 13:20:00,2025-02-02 13:27:00,M,20~29,office,seoul,1,0,0,0,11,0,0,17,0,0,completed
45164,U5168,2025-07-22 15:40:00,2025-07-22 15:43:00,F,40~49,office,seoul,0,0,0,0,0,0,0,38,0,0,completed
45165,U5169,2025-06-27 13:59:00,2025-06-27 14:02:00,F,30~39,office,seoul,0,0,0,0,8,0,0,32,0,0,completed
45166,U5170,2025-11-18 16:34:00,2025-11-18 16:38:00,F,40~49,office,seoul,0,0,0,0,6,0,0,60,0,0,completed
45167,U5171,2025-04-25 19:15:00,2025-04-25 19:18:00,F,30~39,office,seoul,0,0,0,0,6,0,0,59,0,0,completed
45168,U5172,2025-01-06 08:00:00,2025-01-06 08:07:00,F,30~39,office,seoul,0,0,0,0,16,0,0,44,0,0,completed
45169,U5173,2025-07-05 13:16:00,2025-07-05 13:23:00,M,20~29,office,seoul,1,0,0,0,24,0,0,62,0,0,completed
45170,U5174,2025-04-05 14:53:00,2025-04-05 14:59:00,F,20~29,office,seoul,1,0,0,0,20,0,0,43,0,0,completed
45171,U5175,2025-04-26 13:41:00,2025-04-26 13:46:00,M,40~49,office,seoul,1,0,0,0,18,0,0,16,0,0,completed
45172,U5176,2025-01-07 19:17:00,2025-01-07 19:23:00,F,30~39,office,seoul,0,0,0,0,19,0,0,29,0,0,completed
45173,U5177,2025-09-15 19:56:00,2025-09-15 20:02:00,F,30~39,office,seoul,0,0,0,0,26,0,0,70,0,0,timeout
45174,U5178,2025-12-13 15:38:00,2025-12-13 15:44:00,F,40~49,office,seoul,1,0,0,0,11,0,0,26,0,0,completed
45175,U5179,2025-03-16 12:37:00,2025-03-16 12:40:00,M,20~29,office,seoul,1,0,0,0,11,0,0,54,0,0,completed
45176,U5180,2025-04-04 08:16:00,2025-04-04 08:20:00,M,30~39,office,seoul,0,0,0,0,5,0,0,73,0,0,completed
45177,U5181,2025-03-21 09:40:00,2025-03-21 09:42:00,F,20~29,office,seoul,0,0,0,0,0,0,0,72,0,0,completed
45178,U5182,2025-01-18 07:48:00,2025-01-18 07:50:00,M,30~39,office,seoul,1,0,0,0,11,0,0,75,0,0,abandoned
45179,U5183,2025-09-05 08:36:00,2025-09-05 08:42:00,M,40~49,office,seoul,0,0,0,0,8,0,0,48,0,0,completed
45180,U5184,2025-03-22 17:54:00,2025-03-22 17:58:00,F,20~29,office,seoul,1,0,0,0,20,0,0,13,0,0,completed
45181,U5185,2025-12-08 20:42:00,2025-12-08 20:44:00,M,30~39,office,seoul,0,0,0,0,10,0,0,65,0,0,completed
45182,U5186,2025-06-14 09:32:00,2025-06-14 09:39:00,F,30~39,office,seoul,1,0,0,0,18,0,0,33,0,0,completed
45183,U5187,2025-07-13 16:52:00,2025-07-13 16:57:00,F,20~29,office,seoul,1,0,0,0,4,0,0,69,0,0,completed
45184,U5188,2025-08-06 13:47:00,2025-08-06 13:49:00,F,30~39,office,seoul,0,0,0,0,5,0,0,40,0,0,completed
45185,U5189,2025-02-04 15:58:00,2025-02-04 16:04:00,F,30~39,office,seoul,0,0,0,0,13,0,0,15,0,0,completed
45186,U5190,2025-04-04 14:10:00,2025-04-04 14:14:00,F,20~29,office,seoul,0,0,0,0,2,0,0,10,0,0,completed
45187,U5191,2025-09-14 07:18:00,2025-09-14 07:22:00,F,20~29,office,seoul,1,0,0,0,13,0,0,41,0,0,error
45188,U5192,2025-10-21 17:53:00,2025-10-21 17:55:00,M,20~29,office,seoul,0,0,0,0,24,0,0,23,0,0,timeout
45189,U5193,2025-12-15 08:40:00,2025-12-15 08:43:00,F,30~39,office,seoul,0,0,0,0,21,0,0,32,0,0,completed
45190,U5194,2025-10-05 09:15:00,2025-10-05 09:17:00,F,20~29,office,seoul,1,0,0,0,7,0,0,26,0,0,completed
45191,U5195,2025-02-27 16:05:00,2025-02-27 16:12:00,F,50+,office,seoul,0,0,0,0,15,0,0,76,0,0,completed
45192,U5196,2025-04-16 11:14:00,2025-04-16 11:17:00,M,40~49,office,seoul,0,0,0,0,25,0,0,16,0,0,completed
45193,U5197,2025-04-29 15:31:00,2025-04-29 15:36:00,M,20~29,office,seoul,0,0,0,0,15,0,0,42,0,0,completed
45194,U5198,2025-01-21 19:39:00,2025-01-21 19:43:00,M,50+,office,seoul,0,0,0,0,5,0,0,10,0,0,completed
45195,U5199,2025-11-29 22:21:00,2025-11-29 22:26:00,F,40~49,office,seoul,1,0,0,0,20,0,0,37,0,1,completed
45196,U5200,2025-12-28 16:26:00,2025-12-28 16:32:00,F,20~29,office,seoul,1,0,0,0,23,0,0,18,0,0,completed
45197,U5201,2025-11-07 16:12:00,2025-11-07 16:19:00,M,50+,office,seoul,0,0,0,0,28,0,0,31,0,0,completed
45198,U5202,2025-03-03 13:01:00,2025-03-03 13:04:00,M,50+,office,seoul,0,0,0,0,29,0,0,68,0,0,error
45199,U5203,2025-08-02 09:41:00,2025-08-02 09:48:00,M,40~49,office,seoul,1,0,0,0,22,0,0,58,0,0,completed
45200,U5204,2025-08-09 15:36:00,2025-08-09 15:39:00,M,30~39,office,seoul,1,0,0,0,6,0,0,60,0,0,completed
45201,U5205,2025-09-20 08:15:00,2025-09-20 08:19:00,F,20~29,office,seoul,1,0,0,0,3,0,0,56,0,0,completed
45202,U5206,2025-02-12 17:38:00,2025-02-12 17:45:00,F,30~39,office,seoul,0,0,0,0,8,0,0,75,0,0,completed
45203,U5207,2025-11-17 15:43:00,2025-11-17 15:47:00,F,50+,office,seoul,0,0,0,0,6,0,0,32,0,0,completed
45204,U5208,2025-10-07 21:22:00,2025-10-07 21:29:00,F,50+,office,seoul,0,0,0,0,14,0,0,15,0,0,completed
45205,U5209,2025-05-11 20:47:00,2025-05-11 20:50:00,M,30~39,office,seoul,1,0,0,0,22,0,0,40,0,0,completed
45206,U5210,2025-11-25 08:47:00,2025-11-25 08:54:00,M,20~29,office,seoul,0,0,0,0,19,0,0,18,0,0,completed
45207,U5211,2025-05-31 11:40:00,2025-05-31 11:47:00,M,20~29,office,seoul,1,0,0,0,26,0,0,69,0,0,completed
45208,U5212,2025-04-08 20:48:00,2025-04-08 20:54:00,F,20~29,office,seoul,0,0,0,0,15,0,0,56,0,0,timeout
45209,U5213,2025-11-07 07:47:00,2025-11-07 07:52:00,M,20~29,office,seoul,0,0,0,0,19,0,0,11,0,0,completed
45210,U5214,2025-03-03 16:46:00,2025-03-03 16:49:00,F,40~49,office,seoul,0,0,0,0,17,0,0,42,0,0,completed
45211,U5215,2025-03-31 13:45:00,2025-03-31 13:52:00,F,40~49,office,seoul,0,0,0,0,4,0,0,23,0,0,completed
45212,U5216,2025-03-27 09:08:00,2025-03-27 09:15:00,F,40~49,office,seoul,0,0,0,0,16,0,0,70,0,0,completed
45213,U5217,2025-08-23 19:44:00,2025-08-23 19:51:00,F,20~29,office,seoul,1,0,0,0,0,0,0,35,0,0,completed
45214,U5218,2025-04-13 09:26:00,2025-04-13 09:32:00,M,30~39,office,seoul,1,0,0,0,17,0,0,48,0,0,completed
45215,U5219,2025-07-18 14:17:00,2025-07-18 14:22:00,F,30~39,office,seoul,0,0,0,0,4,0,0,51,0,0,completed
45216,U5220,2025-10-22 17:42:00,2025-10-22 17:49:00,M,50+,office,seoul,0,0,0,0,28,0,0,17,0,1,completed
45217,U5221,2025-12-30 08:03:00,2025-12-30 08:07:00,F,20~29,office,seoul,0,0,0,0,28,0,0,33,0,0,completed
45218,U5222,2025-04-25 19:54:00,2025-04-25 20:00:00,F,20~29,office,seoul,0,0,0,0,18,0,0,60,0,0,completed
45219,U5223,2025-02-03 13:57:00,2025-02-03 14:02:00,F,40~49,office,seoul,0,0,0,0,13,0,0,25,0,0,abandoned
45220,U5224,2025-12-19 16:35:00,2025-12-19 16:42:00,M,30~39,office,seoul,0,0,0,0,28,0,0,22,0,0,completed
45221,U5225,2025-05-11 15:46:00,2025-05-11 15:51:00,F,20~29,office,seoul,1,0,0,0,21,0,0,43,0,0,completed
45222,U5226,2025-04-02 09:55:00,2025-04-02 10:02:00,F,30~39,office,seoul,0,0,0,0,5,0,0,75,0,0,completed
45223,U5227,2025-08-15 19:17:00,2025-08-15 19:21:00,M,30~39,office,seoul,0,0,0,0,29,0,0,38,0,0,completed
45224,U5228,2025-03-31 11:02:00,2025-03-31 11:05:00,F,40~49,office,seoul,0,0,0,0,24,0,0,50,0,0,completed
45225,U5229,2025-07-07 09:39:00,2025-07-07 09:46:00,F,50+,office,seoul,0,0,0,0,15,0,0,54,0,0,completed
45226,U5230,2025-11-30 07:39:00,2025-11-30 07:42:00,M,30~39,office,seoul,1,0,0,0,18,0,0,16,0,0,completed
45227,U5231,2025-09-29 08:37:00,2025-09-29 08:44:00,F,40~49,office,seoul,0,0,0,0,18,0,0,42,0,0,completed
45228,U5232,2025-05-08 12:09:00,2025-05-08 12:16:00,M,40~49,office,seoul,0,0,0,0,20,0,0,79,0,0,completed
45229,U5233,2025-03-14 14:15:00,2025-03-14 14:18:00,M,50+,office,seoul,0,0,0,0,27,0,0,43,0,0,completed
45230,U5234,2025-10-16 22:20:00,2025-10-16 22:27:00,F,30~39,office,seoul,0,0,0,0,29,0,0,48,0,0,abandoned
45231,U5235,2025-06-02 20:17:00,2025-06-02 20:21:00,M,50+,office,seoul,0,0,0,0,8,0,0,74,0,0,completed
45232,U5236,2025-03-11 14:30:00,2025-03-11 14:37:00,M,20~29,office,seoul,0,0,0,0,26,0,0,53,0,0,error
45233,U5237,2025-08-24 15:08:00,2025-08-24 15:10:00,M,30~39,office,seoul,1,0,0,0,11,0,0,73,0,0,completed
45234,U5238,2025-08-28 12:03:00,2025-08-28 12:09:00,F,50+,office,seoul,0,0,0,0,17,0,0,57,0,0,completed
45235,U5239,2025-09-17 07:46:00,2025-09-17 07:50:00,F,40~49,office,seoul,0,0,0,0,18,0,0,40,0,0,error
45236,U5240,2025-03-07 08:34:00,2025-03-07 08:39:00,F,50+,office,seoul,0,0,0,0,4,0,0,41,0,0,completed
45237,U5241,2025-02-25 20:11:00,2025-02-25 20:18:00,F,30~39,office,seoul,0,0,0,0,22,0,0,14,0,0,completed
45238,U5242,2025-11-30 08:21:00,2025-11-30 08:28:00,F,20~29,office,seoul,1,0,0,0,7,0,0,39,0,0,completed
45239,U5243,2025-08-21 17:29:00,2025-08-21 17:34:00,F,30~39,office,seoul,0,0,0,0,27,0,0,74,0,0,completed
45240,U5244,2025-07-21 13:47:00,2025-07-21 13:54:00,F,20~29,office,seoul,0,0,0,0,11,0,0,11,0,0,completed
45241,U5245,2025-01-28 12:27:00,2025-01-28 12:32:00,M,20~29,office,seoul,0,0,0,0,19,0,0,20,0,0,completed
45242,U5246,2025-08-16 09:33:00,2025-08-16 09:39:00,M,40~49,office,seoul,1,0,0,0,1,0,0,24,0,0,completed
45243,U5247,2025-05-28 16:57:00,2025-05-28 17:04:00,M,20~29,office,seoul,0,0,0,0,2,0,0,30,0,0,completed
45244,U5248,2025-10-17 08:32:00,2025-10-17 08:39:00,F,30~39,office,seoul,0,0,0,0,3,0,0,58,0,0,completed
45245,U5249,2025-01-13 15:15:00,2025-01-13 15:22:00,F,20~29,office,seoul,0,0,0,0,1,0,0,37,0,0,abandoned
45246,U5250,2025-02-02 18:30:00,2025-02-02 18:36:00,M,20~29,office,seoul,1,0,0,0,15,0,0,33,0,0,completed
45247,U5251,2025-03-30 09:16:00,2025-03-30 09:23:00,M,20~29,office,seoul,1,0,0,0,14,0,0,14,0,0,completed
45248,U5252,2025-07-30 15:45:00,2025-07-30 15:47:00,F,40~49,office,seoul,0,0,0,0,25,0,0,58,0,0,completed
45249,U5253,2025-07-11 21:46:00,2025-07-11 21:53:00,M,30~39,office,seoul,0,0,0,0,7,0,0,64,0,0,abandoned
45250,U5254,2025-02-08 11:07:00,2025-02-08 11:14:00,M,40~49,office,seoul,1,0,0,0,11,0,0,31,0,0,completed
45251,U5255,2025-01-24 13:13:00,2025-01-24 13:19:00,M,30~39,office,seoul,0,0,0,0,12,0,0,51,0,0,completed
45252,U5256,2025-11-26 21:21:00,2025-11-26 21:23:00,M,20~29,office,seoul,0,0,0,0,1,0,0,47,0,0,abandoned
45253,U5257,2025-05-08 15:07:00,2025-05-08 15:11:00,F,30~39,office,seoul,0,0,0,0,9,0,0,33,0,0,completed
45254,U5258,2025-05-29 20:17:00,2025-05-29 20:19:00,F,20~29,office,seoul,0,0,0,0,13,0,0,43,0,0,completed
45255,U5259,2025-05-05 08:41:00,2025-05-05 08:46:00,M,40~49,office,seoul,0,0,0,0,20,0,0,47,0,0,completed
45256,U5260,2025-11-14 22:16:00,2025-11-14 22:21:00,F,40~49,office,seoul,0,0,0,0,8,0,0,57,0,0,completed
45257,U5261,2025-09-23 12:57:00,2025-09-23 13:02:00,M,30~39,office,seoul,0,0,0,0,15,0,0,77,0,0,abandoned
45258,U5262,2025-02-08 16:46:00,2025-02-08 16:51:00,M,30~39,office,seoul,1,0,0,0,8,0,0,37,0,0,timeout
45259,U5263,2025-12-28 08:08:00,2025-12-28 08:10:00,M,20~29,office,seoul,1,0,0,0,21,0,0,22,0,0,completed
45260,U5264,2025-08-10 22:19:00,2025-08-10 22:21:00,M,50+,office,seoul,1,0,0,0,3,0,0,55,0,0,completed
45261,U5265,2025-11-04 07:06:00,2025-11-04 07:12:00,F,20~29,office,seoul,0,0,0,0,7,0,0,63,0,0,completed
45262,U5266,2025-12-25 19:57:00,2025-12-25 20:00:00,M,50+,office,seoul,0,0,0,0,5,0,0,39,0,0,abandoned
45263,U5267,2025-03-08 15:58:00,2025-03-08 16:04:00,F,20~29,office,seoul,1,0,0,0,20,0,0,74,0,0,completed
45264,U5268,2025-05-18 09:25:00,2025-05-18 09:29:00,F,40~49,office,seoul,1,0,0,0,29,0,0,30,0,0,completed
45265,U5269,2025-01-03 20:07:00,2025-01-03 20:10:00,F,20~29,office,seoul,0,0,0,0,3,0,0,61,0,0,error
45266,U5270,2025-10-24 19:46:00,2025-10-24 19:49:00,F,30~39,office,seoul,0,0,0,0,15,0,0,11,1,0,completed
45267,U5271,2025-01-19 21:03:00,2025-01-19 21:06:00,M,40~49,office,seoul,1,0,0,0,8,0,0,46,0,0,abandoned
45268,U5272,2025-07-29 18:14:00,2025-07-29 18:20:00,F,50+,office,seoul,0,0,0,0,0,0,0,72,0,0,completed
45269,U5273,2025-10-26 15:56:00,2025-10-26 16:02:00,M,50+,office,seoul,1,0,0,0,21,0,0,64,0,0,completed
45270,U5274,2025-07-06 14:41:00,2025-07-06 14:45:00,F,50+,office,seoul,1,0,0,0,11,0,0,31,0,0,completed
45271,U5275,2025-06-23 12:41:00,2025-06-23 12:43:00,F,20~29,office,seoul,0,0,0,0,13,0,0,60,0,0,completed
45272,U5276,2025-12-24 12:22:00,2025-12-24 12:24:00,F,30~39,office,seoul,0,0,0,0,12,0,0,31,0,0,abandoned
45273,U5277,2025-09-17 14:31:00,2025-09-17 14:38:00,F,30~39,office,seoul,0,0,0,0,8,0,0,39,0,0,completed
45274,U5278,2025-02-19 07:21:00,2025-02-19 07:27:00,F,30~39,office,seoul,0,0,0,0,6,0,0,60,0,0,completed
45275,U5279,2025-07-12 12:19:00,2025-07-12 12:21:00,M,30~39,office,seoul,1,0,0,0,16,0,0,55,0,0,abandoned
45276,U5280,2025-09-08 15:18:00,2025-09-08 15:24:00,F,50+,office,seoul,0,0,0,0,9,0,0,70,0,0,completed
45277,U5281,2025-11-08 17:06:00,2025-11-08 17:12:00,M,30~39,office,seoul,1,0,0,0,12,0,0,51,0,0,completed
45278,U5282,2025-06-18 20:18:00,2025-06-18 20:25:00,F,30~39,office,seoul,0,0,0,0,24,0,0,19,0,0,completed
45279,U5283,2025-01-26 14:32:00,2025-01-26 14:38:00,M,50+,office,seoul,1,0,0,0,10,0,0,36,0,0,completed
45280,U5284,2025-02-04 15:38:00,2025-02-04 15:44:00,F,20~29,office,seoul,0,0,0,0,13,0,0,14,0,0,completed
45281,U5285,2025-01-07 13:16:00,2025-01-07 13:19:00,F,30~39,office,seoul,0,0,0,0,27,0,0,28,0,0,error
45282,U5286,2025-05-07 13:24:00,2025-05-07 13:27:00,M,20~29,office,seoul,0,0,0,0,15,0,0,32,0,0,completed
45283,U5287,2025-03-28 16:53:00,2025-03-28 16:58:00,F,20~29,office,seoul,0,0,0,0,23,0,0,25,0,0,completed
45284,U5288,2025-08-06 08:52:00,2025-08-06 08:59:00,M,30~39,office,seoul,0,0,0,0,22,0,0,16,0,0,completed
45285,U5289,2025-07-24 20:59:00,2025-07-24 21:03:00,F,30~39,office,seoul,0,0,0,0,26,0,0,63,0,0,error
45286,U5290,2025-06-08 09:21:00,2025-06-08 09:23:00,F,20~29,office,seoul,1,0,0,0,18,0,0,22,0,0,completed
45287,U5291,2025-09-24 09:28:00,2025-09-24 09:32:00,F,20~29,office,seoul,0,0,0,0,23,0,0,73,0,0,completed
45288,U5292,2025-06-07 07:06:00,2025-06-07 07:11:00,M,40~49,office,seoul,1,0,0,0,18,0,0,44,0,0,completed
45289,U5293,2025-07-25 12:23:00,2025-07-25 12:28:00,F,20~29,office,seoul,0,0,0,0,2,0,0,27,0,0,completed
45290,U5294,2025-09-11 16:50:00,2025-09-11 16:53:00,F,20~29,office,seoul,0,0,0,0,21,0,0,63,0,0,completed
45291,U5295,2025-12-14 16:54:00,2025-12-14 16:59:00,F,20~29,office,seoul,1,0,0,0,18,0,0,25,0,0,completed
45292,U5296,2025-01-12 08:31:00,2025-01-12 08:38:00,M,20~29,office,seoul,1,0,0,0,10,0,0,20,0,0,completed
45293,U5297,2025-10-09 13:25:00,2025-10-09 13:28:00,M,20~29,office,seoul,0,0,0,0,23,0,0,35,0,0,completed
45294,U5298,2025-07-28 16:29:00,2025-07-28 16:33:00,F,30~39,office,seoul,0,0,0,0,25,0,0,22,0,0,completed
45295,U5299,2025-04-05 13:13:00,2025-04-05 13:20:00,F,40~49,office,seoul,1,0,0,0,12,0,0,55,0,0,completed
45296,U5300,2025-11-10 07:57:00,2025-11-10 08:02:00,M,20~29,office,seoul,0,0,0,0,7,0,0,76,0,0,abandoned
45297,U5301,2025-07-05 19:07:00,2025-07-05 19:10:00,M,20~29,office,seoul,1,0,0,0,21,0,0,57,0,0,completed
45298,U5302,2025-06-22 20:36:00,2025-06-22 20:39:00,M,30~39,office,seoul,1,0,0,0,16,0,0,55,0,0,completed
45299,U5303,2025-08-17 19:42:00,2025-08-17 19:49:00,M,50+,office,seoul,1,0,0,0,7,0,0,15,0,0,completed
45300,U5304,2025-06-11 15:53:00,2025-06-11 15:59:00,M,40~49,office,seoul,0,0,0,0,28,0,0,19,0,0,completed
45301,U5305,2025-01-28 16:35:00,2025-01-28 16:41:00,M,40~49,office,seoul,0,0,0,0,29,0,0,16,0,0,completed
45302,U5306,2025-04-12 09:28:00,2025-04-12 09:35:00,F,40~49,office,seoul,1,0,0,0,28,0,0,29,0,0,abandoned
45303,U5307,2025-10-16 07:18:00,2025-10-16 07:23:00,M,30~39,office,seoul,0,0,0,0,15,0,0,19,0,0,completed
45304,U5308,2025-07-12 16:12:00,2025-07-12 16:18:00,M,40~49,office,seoul,1,0,0,0,19,0,0,24,0,0,completed
45305,U5309,2025-07-13 07:08:00,2025-07-13 07:15:00,M,20~29,office,seoul,1,0,0,0,11,0,0,37,0,0,completed
45306,U5310,2025-01-04 07:25:00,2025-01-04 07:29:00,F,20~29,office,seoul,1,0,0,0,7,0,0,29,0,0,completed
45307,U5311,2025-06-01 13:25:00,2025-06-01 13:30:00,M,40~49,office,seoul,1,0,0,0,14,0,0,68,0,0,completed
45308,U5312,2025-01-04 14:17:00,2025-01-04 14:19:00,F,20~29,office,seoul,1,0,0,0,28,0,0,45,0,0,completed
45309,U5313,2025-01-11 16:07:00,2025-01-11 16:14:00,M,20~29,office,seoul,1,0,0,0,15,0,0,22,0,0,completed
45310,U5314,2025-06-18 14:32:00,2025-06-18 14:37:00,F,20~29,office,seoul,0,0,0,0,15,0,0,70,0,0,completed
45311,U5315,2025-12-09 11:24:00,2025-12-09 11:26:00,M,50+,office,seoul,0,0,0,0,6,0,0,74,1,0,completed
45312,U5316,2025-10-03 13:55:00,2025-10-03 13:59:00,M,20~29,office,seoul,0,0,0,0,4,0,0,49,0,0,completed
45313,U5317,2025-03-29 11:30:00,2025-03-29 11:33:00,M,30~39,office,seoul,1,0,0,0,0,0,0,41,0,0,timeout
45314,U5318,2025-01-12 11:49:00,2025-01-12 11:52:00,M,50+,office,seoul,1,0,0,0,29,0,0,36,0,0,completed
45315,U5319,2025-04-14 22:16:00,2025-04-14 22:18:00,M,20~29,office,seoul,0,0,0,0,15,0,0,18,0,0,completed
45316,U5320,2025-05-24 13:57:00,2025-05-24 13:59:00,F,20~29,office,seoul,1,0,0,0,10,0,0,28,0,0,abandoned
45317,U5321,2025-11-25 13:33:00,2025-11-25 13:39:00,M,20~29,office,seoul,0,0,0,0,24,0,0,21,0,0,completed
45318,U5322,2025-07-10 17:36:00,2025-07-10 17:40:00,F,30~39,office,seoul,0,0,0,0,27,0,0,28,0,0,completed
45319,U5323,2025-04-16 13:02:00,2025-04-16 13:04:00,F,50+,office,seoul,0,0,0,0,1,0,0,66,0,1,completed
45320,U5324,2025-03-30 08:47:00,2025-03-30 08:53:00,M,40~49,office,seoul,1,0,0,0,17,0,0,24,0,0,completed
45321,U5325,2025-05-11 09:57:00,2025-05-11 10:00:00,F,40~49,office,seoul,1,0,0,0,17,0,0,21,0,0,completed
45322,U5326,2025-06-26 15:30:00,2025-06-26 15:37:00,F,20~29,office,seoul,0,0,0,0,2,0,0,16,0,0,completed
45323,U5327,2025-11-25 13:39:00,2025-11-25 13:44:00,F,40~49,office,seoul,0,0,0,0,5,0,0,30,0,0,completed
45324,U5328,2025-09-01 08:02:00,2025-09-01 08:08:00,M,30~39,office,seoul,0,0,0,0,2,0,0,33,0,0,completed
45325,U5329,2025-08-23 09:20:00,2025-08-23 09:27:00,M,40~49,office,seoul,1,0,0,0,5,0,0,21,0,0,completed
45326,U5330,2025-03-31 17:50:00,2025-03-31 17:55:00,F,30~39,office,seoul,0,0,0,0,1,0,0,33,0,0,completed
45327,U5331,2025-11-24 18:16:00,2025-11-24 18:21:00,M,30~39,office,seoul,0,0,0,0,7,0,0,15,0,0,completed
45328,U5332,2025-12-18 21:21:00,2025-12-18 21:28:00,F,30~39,office,seoul,0,0,0,0,29,0,0,62,0,0,completed
45329,U5333,2025-05-22 09:17:00,2025-05-22 09:22:00,F,30~39,office,seoul,0,0,0,0,21,0,0,46,0,0,completed
45330,U5334,2025-11-07 08:24:00,2025-11-07 08:31:00,F,40~49,office,seoul,0,0,0,0,18,0,0,26,0,0,completed
45331,U5335,2025-08-03 07:34:00,2025-08-03 07:36:00,M,20~29,office,seoul,1,0,0,0,4,0,0,36,0,0,completed
45332,U5336,2025-10-15 15:58:00,2025-10-15 16:01:00,M,20~29,office,seoul,0,0,0,0,14,0,0,39,0,1,completed
45333,U5337,2025-05-07 12:05:00,2025-05-07 12:10:00,F,30~39,office,seoul,0,0,0,0,20,0,0,49,0,0,completed
45334,U5338,2025-11-30 16:41:00,2025-11-30 16:46:00,F,30~39,office,seoul,1,0,0,0,12,0,0,28,0,0,completed
45335,U5339,2025-02-04 09:28:00,2025-02-04 09:32:00,F,50+,office,seoul,0,0,0,0,19,0,0,14,0,0,completed
45336,U5340,2025-11-06 09:50:00,2025-11-06 09:56:00,F,50+,office,seoul,0,0,0,0,22,0,0,52,1,0,completed
45337,U5341,2025-03-23 13:47:00,2025-03-23 13:53:00,M,20~29,office,seoul,1,0,0,0,16,0,0,30,0,0,completed
45338,U5342,2025-04-13 17:32:00,2025-04-13 17:36:00,F,20~29,office,seoul,1,0,0,0,19,0,0,31,0,0,completed
45339,U5343,2025-02-11 19:45:00,2025-02-11 19:52:00,F,50+,office,seoul,0,0,0,0,19,0,0,20,0,0,completed
45340,U5344,2025-04-15 16:25:00,2025-04-15 16:31:00,F,30~39,office,seoul,0,0,0,0,6,0,0,45,0,0,completed
45341,U5345,2025-10-25 09:43:00,2025-10-25 09:48:00,F,40~49,office,seoul,1,0,0,0,4,0,0,76,0,0,completed
45342,U5346,2025-06-25 09:14:00,2025-06-25 09:19:00,F,30~39,office,seoul,0,0,0,0,6,0,0,42,0,0,completed
45343,U5347,2025-01-01 16:32:00,2025-01-01 16:39:00,M,20~29,office,seoul,0,0,0,0,20,0,0,28,0,0,completed
45344,U5348,2025-05-17 15:26:00,2025-05-17 15:30:00,M,30~39,office,seoul,1,0,0,0,24,0,0,67,0,0,completed
45345,U5349,2025-03-22 08:59:00,2025-03-22 09:02:00,M,50+,office,seoul,1,0,0,0,29,0,0,57,0,1,abandoned
45346,U5350,2025-01-27 12:00:00,2025-01-27 12:05:00,F,50+,office,seoul,0,0,0,0,7,0,0,45,0,0,timeout
45347,U5351,2025-10-15 11:58:00,2025-10-15 12:02:00,M,30~39,office,seoul,0,0,0,0,10,0,0,54,0,0,completed
45348,U5352,2025-07-14 08:52:00,2025-07-14 08:58:00,F,40~49,office,seoul,0,0,0,0,10,0,0,68,0,0,completed
45349,U5353,2025-12-31 18:20:00,2025-12-31 18:27:00,M,30~39,office,seoul,0,0,0,0,4,0,0,27,0,0,completed
45350,U5354,2025-11-09 12:46:00,2025-11-09 12:49:00,F,40~49,office,seoul,1,0,0,0,16,0,0,63,0,0,completed
45351,U5355,2025-03-23 08:21:00,2025-03-23 08:26:00,M,40~49,office,seoul,1,0,0,0,8,0,0,34,1,0,completed
45352,U5356,2025-05-25 07:04:00,2025-05-25 07:09:00,F,50+,office,seoul,1,0,0,0,5,0,0,72,0,0,completed
45353,U5357,2025-10-29 11:55:00,2025-10-29 11:57:00,F,30~39,office,seoul,0,0,0,0,16,0,0,41,0,0,error
45354,U5358,2025-04-10 09:03:00,2025-04-10 09:08:00,F,20~29,office,seoul,0,0,0,0,10,0,0,16,0,0,completed
45355,U5359,2025-01-10 08:57:00,2025-01-10 09:02:00,F,30~39,office,seoul,0,0,0,0,18,0,0,11,0,0,completed
45356,U5360,2025-04-25 15:27:00,2025-04-25 15:30:00,F,50+,office,seoul,0,0,0,0,24,0,0,30,0,0,completed
45357,U5361,2025-04-04 20:10:00,2025-04-04 20:15:00,F,20~29,office,seoul,0,0,0,0,4,0,0,50,0,0,completed
45358,U5362,2025-09-23 15:07:00,2025-09-23 15:13:00,M,30~39,office,seoul,0,0,0,0,20,0,0,76,0,0,completed
45359,U5363,2025-05-23 15:50:00,2025-05-23 15:57:00,M,50+,office,seoul,0,0,0,0,26,0,0,49,0,0,completed
45360,U5364,2025-06-06 20:47:00,2025-06-06 20:54:00,F,50+,office,seoul,0,0,0,0,14,0,0,45,0,0,completed
45361,U5365,2025-09-16 14:40:00,2025-09-16 14:46:00,F,40~49,office,seoul,0,0,0,0,22,0,0,70,0,0,abandoned
45362,U5366,2025-11-19 11:28:00,2025-11-19 11:33:00,F,20~29,office,seoul,0,0,0,0,25,0,0,61,0,0,completed
45363,U5367,2025-08-13 15:55:00,2025-08-13 16:00:00,F,30~39,office,seoul,0,0,0,0,17,0,0,71,0,0,completed
45364,U5368,2025-05-18 19:23:00,2025-05-18 19:26:00,M,20~29,office,seoul,1,0,0,0,15,0,0,42,0,0,completed
45365,U5369,2025-08-18 18:15:00,2025-08-18 18:22:00,F,50+,office,seoul,0,0,0,0,10,0,0,62,0,1,abandoned
45366,U5370,2025-08-11 16:27:00,2025-08-11 16:33:00,M,20~29,office,seoul,0,0,0,0,28,0,0,19,0,0,completed
45367,U5371,2025-03-04 22:28:00,2025-03-04 22:31:00,F,20~29,office,seoul,0,0,0,0,29,0,0,38,0,0,completed
45368,U5372,2025-08-04 14:50:00,2025-08-04 14:54:00,M,30~39,office,seoul,0,0,0,0,4,0,0,50,0,0,completed
45369,U5373,2025-03-11 16:48:00,2025-03-11 16:52:00,F,30~39,office,seoul,0,0,0,0,3,0,0,78,0,0,completed
45370,U5374,2025-08-07 16:01:00,2025-08-07 16:03:00,F,30~39,office,seoul,0,0,0,0,9,0,0,13,0,0,completed
45371,U5375,2025-11-08 16:31:00,2025-11-08 16:38:00,M,20~29,office,seoul,1,0,0,0,11,0,0,62,0,0,completed
45372,U5376,2025-07-13 20:47:00,2025-07-13 20:52:00,F,30~39,office,seoul,1,0,0,0,16,0,0,44,0,0,completed
45373,U5377,2025-10-07 08:34:00,2025-10-07 08:39:00,M,30~39,office,seoul,0,0,0,0,28,0,0,71,0,0,completed
45374,U5378,2025-05-03 14:41:00,2025-05-03 14:43:00,F,40~49,office,seoul,1,0,0,0,2,0,0,66,0,0,completed
45375,U5379,2025-03-26 12:14:00,2025-03-26 12:20:00,F,50+,office,seoul,0,0,0,0,15,0,0,51,0,0,completed
45376,U5380,2025-07-08 15:09:00,2025-07-08 15:15:00,F,20~29,office,seoul,0,0,0,0,23,0,0,45,0,0,completed
45377,U5381,2025-12-26 17:51:00,2025-12-26 17:57:00,M,30~39,office,seoul,0,0,0,0,12,0,0,60,0,0,completed
45378,U5382,2025-11-07 13:58:00,2025-11-07 14:04:00,M,20~29,office,seoul,0,0,0,0,2,0,0,31,0,0,completed
45379,U5383,2025-09-07 20:54:00,2025-09-07 21:01:00,F,40~49,office,seoul,1,0,0,0,23,0,0,40,0,0,completed
45380,U5384,2025-03-16 09:24:00,2025-03-16 09:29:00,M,40~49,office,seoul,1,0,0,0,17,0,0,22,0,0,completed
45381,U5385,2025-03-04 08:24:00,2025-03-04 08:28:00,F,50+,office,seoul,0,0,0,0,6,0,0,79,0,0,completed
45382,U5386,2025-03-25 22:12:00,2025-03-25 22:18:00,M,30~39,office,seoul,0,0,0,0,1,0,0,28,0,0,completed
45383,U5387,2025-02-28 12:12:00,2025-02-28 12:18:00,F,30~39,office,seoul,0,0,0,0,11,0,0,35,0,0,completed
45384,U5388,2025-09-17 15:22:00,2025-09-17 15:28:00,F,20~29,office,seoul,0,0,0,0,25,0,0,66,0,0,completed
45385,U5389,2025-09-17 17:26:00,2025-09-17 17:29:00,F,30~39,office,seoul,0,0,0,0,12,0,0,20,0,0,completed
45386,U5390,2025-08-23 08:10:00,2025-08-23 08:13:00,F,40~49,office,seoul,1,0,0,0,12,0,0,14,0,0,timeout
45387,U5391,2025-10-23 15:26:00,2025-10-23 15:28:00,F,20~29,office,seoul,0,0,0,0,27,0,0,22,0,0,completed
45388,U5392,2025-04-05 15:43:00,2025-04-05 15:46:00,M,50+,office,seoul,1,0,0,0,1,0,0,21,0,0,completed
45389,U5393,2025-02-26 20:14:00,2025-02-26 20:21:00,F,20~29,office,seoul,0,0,0,0,2,0,0,59,0,0,completed
45390,U5394,2025-01-27 14:06:00,2025-01-27 14:13:00,F,20~29,office,seoul,0,0,0,0,17,0,0,73,0,0,completed
45391,U5395,2025-10-24 08:16:00,2025-10-24 08:21:00,F,30~39,office,seoul,0,0,0,0,24,0,0,23,0,0,completed
45392,U5396,2025-12-26 12:35:00,2025-12-26 12:42:00,F,20~29,office,seoul,0,0,0,0,17,0,0,48,0,0,completed
45393,U5397,2025-02-19 15:30:00,2025-02-19 15:35:00,M,30~39,office,seoul,0,0,0,0,3,0,0,48,0,0,abandoned
45394,U5398,2025-05-14 20:59:00,2025-05-14 21:02:00,M,20~29,office,seoul,0,0,0,0,2,0,0,27,0,0,abandoned
45395,U5399,2025-04-14 12:01:00,2025-04-14 12:05:00,M,30~39,office,seoul,0,0,0,0,9,0,0,75,0,0,completed
45396,U5400,2025-10-01 13:11:00,2025-10-01 13:13:00,F,20~29,office,seoul,0,0,0,0,6,0,0,16,0,0,completed
45397,U5401,2025-10-26 14:56:00,2025-10-26 15:03:00,F,30~39,office,seoul,1,0,0,0,3,0,0,25,0,0,completed
45398,U5402,2025-12-14 16:47:00,2025-12-14 16:51:00,F,30~39,office,seoul,1,0,0,0,19,0,0,77,0,0,completed
45399,U5403,2025-04-27 09:45:00,2025-04-27 09:49:00,F,50+,office,seoul,1,0,0,0,27,0,0,46,0,0,completed
45400,U5404,2025-10-16 20:44:00,2025-10-16 20:48:00,F,30~39,office,seoul,0,0,0,0,17,0,0,68,0,0,completed
45401,U5405,2025-03-22 17:08:00,2025-03-22 17:10:00,F,50+,office,seoul,1,0,0,0,18,0,0,35,0,0,completed
45402,U5406,2025-05-18 20:36:00,2025-05-18 20:40:00,F,30~39,office,seoul,1,0,0,0,24,0,0,29,0,0,completed
45403,U5407,2025-08-18 15:53:00,2025-08-18 15:55:00,M,30~39,office,seoul,0,0,0,0,22,0,0,56,0,0,completed
45404,U5408,2025-05-21 08:46:00,2025-05-21 08:51:00,F,40~49,office,seoul,0,0,0,0,1,0,0,31,0,0,completed
45405,U5409,2025-05-15 09:31:00,2025-05-15 09:35:00,F,40~49,office,seoul,0,0,0,0,12,0,0,42,0,0,completed
45406,U5410,2025-11-24 15:05:00,2025-11-24 15:11:00,F,20~29,office,seoul,0,0,0,0,22,0,0,29,0,0,completed
45407,U5411,2025-09-23 22:05:00,2025-09-23 22:07:00,M,40~49,office,seoul,0,0,0,0,5,0,0,62,0,0,completed
45408,U5412,2025-01-14 14:33:00,2025-01-14 14:37:00,M,20~29,office,seoul,0,0,0,0,26,0,0,16,0,0,completed
45409,U5413,2025-08-09 13:35:00,2025-08-09 13:40:00,M,50+,office,seoul,1,0,0,0,8,0,0,38,1,0,completed
45410,U5414,2025-03-12 19:53:00,2025-03-12 19:56:00,F,30~39,office,seoul,0,0,0,0,17,0,0,33,0,0,completed
45411,U5415,2025-12-02 13:42:00,2025-12-02 13:44:00,F,50+,office,seoul,0,0,0,0,29,0,0,32,1,0,completed
45412,U5416,2025-04-27 14:46:00,2025-04-27 14:49:00,F,20~29,office,seoul,1,0,0,0,5,0,0,32,0,0,completed
45413,U5417,2025-07-04 09:39:00,2025-07-04 09:43:00,F,40~49,office,seoul,0,0,0,0,19,0,0,52,0,0,completed
45414,U5418,2025-01-08 12:51:00,2025-01-08 12:53:00,M,40~49,office,seoul,0,0,0,0,6,0,0,44,0,0,completed
45415,U5419,2025-12-18 22:19:00,2025-12-18 22:21:00,M,40~49,office,seoul,0,0,0,0,2,0,0,76,0,0,completed
45416,U5420,2025-05-18 15:48:00,2025-05-18 15:55:00,F,40~49,office,seoul,1,0,0,0,21,0,0,51,0,0,completed
45417,U5421,2025-01-18 13:39:00,2025-01-18 13:44:00,M,40~49,office,seoul,1,0,0,0,26,0,0,24,1,0,completed
45418,U5422,2025-12-16 07:02:00,2025-12-16 07:04:00,F,20~29,office,seoul,0,0,0,0,15,0,0,76,0,0,completed
45419,U5423,2025-03-13 13:12:00,2025-03-13 13:15:00,M,20~29,office,seoul,0,0,0,0,22,0,0,76,0,0,completed
45420,U5424,2025-07-29 18:01:00,2025-07-29 18:04:00,F,30~39,office,seoul,0,0,0,0,14,0,0,28,0,0,completed
45421,U5425,2025-08-10 18:48:00,2025-08-10 18:52:00,F,20~29,office,seoul,1,0,0,0,23,0,0,53,0,0,completed
45422,U5426,2025-11-30 09:59:00,2025-11-30 10:01:00,F,30~39,office,seoul,1,0,0,0,18,0,0,58,0,0,completed
45423,U5427,2025-08-01 17:10:00,2025-08-01 17:13:00,M,20~29,office,seoul,0,0,0,0,15,0,0,47,0,0,completed
45424,U5428,2025-06-21 20:07:00,2025-06-21 20:13:00,M,20~29,office,seoul,1,0,0,0,15,0,0,65,0,0,abandoned
45425,U5429,2025-02-07 21:37:00,2025-02-07 21:44:00,F,50+,office,seoul,0,0,0,0,22,0,0,33,1,0,completed
45426,U5430,2025-10-01 13:35:00,2025-10-01 13:39:00,M,20~29,office,seoul,0,0,0,0,28,0,0,45,0,0,completed
45427,U5431,2025-05-24 08:54:00,2025-05-24 08:58:00,M,30~39,office,seoul,1,0,0,0,12,0,0,58,0,0,completed
45428,U5432,2025-03-02 13:07:00,2025-03-02 13:09:00,M,30~39,office,seoul,1,0,0,0,18,0,0,51,0,0,abandoned
45429,U5433,2025-05-01 12:44:00,2025-05-01 12:51:00,F,20~29,office,seoul,0,0,0,0,24,0,0,56,0,0,completed
45430,U5434,2025-07-15 17:09:00,2025-07-15 17:12:00,F,30~39,office,seoul,0,0,0,0,3,0,0,13,0,0,completed
45431,U5435,2025-03-03 14:16:00,2025-03-03 14:18:00,F,30~39,office,seoul,0,0,0,0,20,0,0,52,0,0,completed
45432,U5436,2025-12-13 16:53:00,2025-12-13 17:00:00,M,20~29,office,seoul,1,0,0,0,16,0,0,51,0,0,completed
45433,U5437,2025-10-29 07:15:00,2025-10-29 07:20:00,F,20~29,office,seoul,0,0,0,0,18,0,0,57,0,0,completed
45434,U5438,2025-10-06 12:23:00,2025-10-06 12:26:00,M,30~39,office,seoul,0,0,0,0,18,0,0,49,0,0,completed
45435,U5439,2025-12-21 18:41:00,2025-12-21 18:45:00,M,20~29,office,seoul,1,0,0,0,8,0,0,50,0,0,completed
45436,U5440,2025-01-09 18:18:00,2025-01-09 18:22:00,M,50+,office,seoul,0,0,0,0,13,0,0,17,0,0,completed
45437,U5441,2025-04-16 14:03:00,2025-04-16 14:08:00,M,20~29,office,seoul,0,0,0,0,19,0,0,37,0,0,completed
45438,U5442,2025-12-08 09:33:00,2025-12-08 09:39:00,F,40~49,office,seoul,0,0,0,0,15,0,0,48,0,0,completed
45439,U5443,2025-03-30 11:36:00,2025-03-30 11:41:00,M,20~29,office,seoul,1,0,0,0,17,0,0,41,0,0,completed
45440,U5444,2025-03-11 19:25:00,2025-03-11 19:29:00,M,50+,office,seoul,0,0,0,0,1,0,0,32,0,0,completed
45441,U5445,2025-06-30 22:26:00,2025-06-30 22:33:00,M,40~49,office,seoul,0,0,0,0,28,0,0,74,0,0,completed
45442,U5446,2025-06-20 17:20:00,2025-06-20 17:23:00,F,40~49,office,seoul,0,0,0,0,11,0,0,57,0,0,completed
45443,U5447,2025-06-14 21:23:00,2025-06-14 21:27:00,F,20~29,office,seoul,1,0,0,0,4,0,0,10,0,0,completed
45444,U5448,2025-09-23 07:31:00,2025-09-23 07:35:00,F,30~39,office,seoul,0,0,0,0,0,0,0,15,0,0,completed
45445,U5449,2025-02-04 13:40:00,2025-02-04 13:43:00,M,50+,office,seoul,0,0,0,0,24,0,0,66,0,0,completed
45446,U5450,2025-09-28 11:30:00,2025-09-28 11:34:00,F,20~29,office,seoul,1,0,0,0,11,0,0,62,0,0,completed
45447,U5451,2025-12-07 12:22:00,2025-12-07 12:29:00,M,20~29,office,seoul,1,0,0,0,25,0,0,76,0,0,completed
45448,U5452,2025-11-21 18:04:00,2025-11-21 18:10:00,F,30~39,office,seoul,0,0,0,0,23,0,0,19,0,0,completed
45449,U5453,2025-05-19 09:26:00,2025-05-19 09:29:00,M,20~29,office,seoul,0,0,0,0,4,0,0,31,0,0,completed
45450,U5454,2025-09-01 13:39:00,2025-09-01 13:41:00,F,50+,office,seoul,0,0,0,0,27,0,0,60,0,0,completed
45451,U5455,2025-02-16 16:59:00,2025-02-16 17:04:00,M,50+,office,seoul,1,0,0,0,26,0,0,69,0,1,completed
45452,U5456,2025-06-07 14:39:00,2025-06-07 14:42:00,M,30~39,office,seoul,1,0,0,0,5,0,0,13,0,0,completed
45453,U5457,2025-06-13 16:07:00,2025-06-13 16:10:00,F,20~29,office,seoul,0,0,0,0,17,0,0,18,0,0,completed
45454,U5458,2025-07-15 19:58:00,2025-07-15 20:02:00,M,20~29,office,seoul,0,0,0,0,18,0,0,54,0,0,completed
45455,U5459,2025-01-27 12:34:00,2025-01-27 12:40:00,F,30~39,office,seoul,0,0,0,0,29,0,0,35,0,0,completed
45456,U5460,2025-05-09 20:42:00,2025-05-09 20:49:00,M,30~39,office,seoul,0,0,0,0,3,0,0,33,0,0,abandoned
45457,U5461,2025-03-24 19:51:00,2025-03-24 19:53:00,F,20~29,office,seoul,0,0,0,0,8,0,0,26,0,0,completed
45458,U5462,2025-11-09 17:18:00,2025-11-09 17:21:00,M,40~49,office,seoul,1,0,0,0,13,0,0,30,0,0,completed
45459,U5463,2025-01-02 18:49:00,2025-01-02 18:55:00,M,20~29,office,seoul,0,0,0,0,2,0,0,39,0,0,completed
45460,U5464,2025-04-16 18:19:00,2025-04-16 18:21:00,M,40~49,office,seoul,0,0,0,0,9,0,0,71,0,0,completed
45461,U5465,2025-08-30 16:37:00,2025-08-30 16:40:00,F,20~29,office,seoul,1,0,0,0,29,0,0,46,0,0,completed
45462,U5466,2025-08-02 07:06:00,2025-08-02 07:08:00,F,50+,office,seoul,1,0,0,0,13,0,0,28,0,0,completed
45463,U5467,2025-11-29 12:18:00,2025-11-29 12:24:00,M,30~39,office,seoul,1,0,0,0,18,0,0,58,0,0,completed
45464,U5468,2025-02-17 07:57:00,2025-02-17 07:59:00,F,20~29,office,seoul,0,0,0,0,21,0,0,66,0,0,completed
45465,U5469,2025-04-22 13:39:00,2025-04-22 13:42:00,M,30~39,office,seoul,0,0,0,0,20,0,0,34,0,0,completed
45466,U5470,2025-09-13 07:39:00,2025-09-13 07:42:00,F,30~39,office,seoul,1,0,0,0,2,0,0,73,0,0,completed
45467,U5471,2025-08-18 08:01:00,2025-08-18 08:06:00,M,50+,office,seoul,0,0,0,0,18,0,0,19,0,0,completed
45468,U5472,2025-10-07 13:39:00,2025-10-07 13:41:00,F,50+,office,seoul,0,0,0,0,18,0,0,55,0,0,completed
45469,U5473,2025-02-05 07:40:00,2025-02-05 07:46:00,F,30~39,office,seoul,0,0,0,0,11,0,0,42,0,0,completed
45470,U5474,2025-10-30 14:20:00,2025-10-30 14:25:00,F,30~39,office,seoul,0,0,0,0,16,0,0,50,0,0,completed
45471,U5475,2025-09-24 08:36:00,2025-09-24 08:42:00,M,50+,office,seoul,0,0,0,0,15,0,0,38,0,0,completed
45472,U5476,2025-10-31 08:20:00,2025-10-31 08:25:00,F,40~49,office,seoul,0,0,0,0,21,0,0,31,0,0,completed
45473,U5477,2025-06-25 19:56:00,2025-06-25 19:58:00,F,20~29,office,seoul,0,0,0,0,18,0,0,62,0,0,completed
45474,U5478,2025-08-11 16:18:00,2025-08-11 16:25:00,F,20~29,office,seoul,0,0,0,0,12,0,0,56,0,0,completed
45475,U5479,2025-02-06 15:31:00,2025-02-06 15:37:00,M,20~29,office,seoul,0,0,0,0,2,0,0,74,0,0,completed
45476,U5480,2025-08-29 14:57:00,2025-08-29 15:02:00,M,40~49,office,seoul,0,0,0,0,22,0,0,58,1,0,error
45477,U5481,2025-03-11 08:45:00,2025-03-11 08:48:00,M,40~49,office,seoul,0,0,0,0,20,0,0,32,0,0,completed
45478,U5482,2025-08-13 16:31:00,2025-08-13 16:36:00,F,30~39,office,seoul,0,0,0,0,18,0,0,21,0,0,completed
45479,U5483,2025-04-09 16:23:00,2025-04-09 16:28:00,F,20~29,office,seoul,0,0,0,0,4,0,0,38,0,0,completed
45480,U5484,2025-03-25 12:37:00,2025-03-25 12:39:00,M,20~29,office,seoul,0,0,0,0,20,0,0,39,0,0,completed
45481,U5485,2025-12-28 09:58:00,2025-12-28 10:03:00,F,30~39,office,seoul,1,0,0,0,19,0,0,79,0,0,completed
45482,U5486,2025-06-20 09:31:00,2025-06-20 09:35:00,M,20~29,office,seoul,0,0,0,0,5,0,0,65,0,0,completed
45483,U5487,2025-08-23 12:13:00,2025-08-23 12:15:00,M,20~29,office,seoul,1,0,0,0,26,0,0,66,0,0,timeout
45484,U5488,2025-06-06 14:42:00,2025-06-06 14:44:00,F,20~29,office,seoul,0,0,0,0,12,0,0,20,0,0,completed
45485,U5489,2025-03-21 20:33:00,2025-03-21 20:38:00,F,40~49,office,seoul,0,0,0,0,12,0,0,22,0,1,timeout
45486,U5490,2025-09-22 12:38:00,2025-09-22 12:44:00,F,50+,office,seoul,0,0,0,0,5,0,0,79,0,0,completed
45487,U5491,2025-04-28 08:26:00,2025-04-28 08:30:00,F,20~29,office,seoul,0,0,0,0,13,0,0,37,0,0,completed
45488,U5492,2025-02-28 18:24:00,2025-02-28 18:30:00,M,50+,office,seoul,0,0,0,0,16,0,0,53,0,0,abandoned
45489,U5493,2025-12-29 08:43:00,2025-12-29 08:45:00,M,40~49,office,seoul,0,0,0,0,19,0,0,67,0,0,completed
45490,U5494,2025-12-15 08:24:00,2025-12-15 08:30:00,F,50+,office,seoul,0,0,0,0,16,0,0,37,1,0,completed
45491,U5495,2025-12-18 11:18:00,2025-12-18 11:24:00,M,40~49,office,seoul,0,0,0,0,3,0,0,32,0,0,completed
45492,U5496,2025-09-13 13:03:00,2025-09-13 13:06:00,M,30~39,office,seoul,1,0,0,0,12,0,0,14,0,0,abandoned
45493,U5497,2025-03-17 07:06:00,2025-03-17 07:10:00,F,20~29,office,seoul,0,0,0,0,2,0,0,16,0,0,completed
45494,U5498,2025-09-10 09:14:00,2025-09-10 09:18:00,F,30~39,office,seoul,0,0,0,0,25,0,0,16,0,0,completed
45495,U5499,2025-06-21 09:00:00,2025-06-21 09:04:00,F,40~49,office,seoul,1,0,0,0,19,0,0,61,0,0,completed
45496,U5500,2025-01-11 12:25:00,2025-01-11 12:29:00,M,20~29,office,seoul,1,0,0,0,7,0,0,40,0,0,completed
45497,U5501,2025-12-28 18:07:00,2025-12-28 18:10:00,F,40~49,office,seoul,1,0,0,0,17,0,0,47,1,0,completed
45498,U5502,2025-07-06 08:09:00,2025-07-06 08:13:00,F,30~39,office,seoul,1,0,0,0,10,0,0,79,0,0,completed
45499,U5503,2025-07-27 13:22:00,2025-07-27 13:27:00,F,20~29,office,seoul,1,0,0,0,7,0,0,59,0,0,completed
45500,U5504,2025-05-06 13:30:00,2025-05-06 13:34:00,M,20~29,office,seoul,0,0,0,0,27,0,0,68,0,0,completed
45501,U5505,2025-08-26 17:18:00,2025-08-26 17:21:00,F,50+,office,seoul,0,0,0,0,0,0,0,14,0,0,completed
45502,U5506,2025-05-08 19:27:00,2025-05-08 19:34:00,M,50+,office,seoul,0,0,0,0,11,0,0,53,0,0,completed
45503,U5507,2025-10-21 15:17:00,2025-10-21 15:24:00,F,30~39,office,seoul,0,0,0,0,3,0,0,11,0,0,error
45504,U5508,2025-10-09 16:01:00,2025-10-09 16:07:00,F,40~49,office,seoul,0,0,0,0,14,0,0,34,0,0,completed
45505,U5509,2025-10-04 12:04:00,2025-10-04 12:08:00,M,20~29,office,seoul,1,0,0,0,19,0,0,54,0,0,completed
45506,U5510,2025-08-14 13:16:00,2025-08-14 13:19:00,M,40~49,office,seoul,0,0,0,0,4,0,0,70,0,0,completed
45507,U5511,2025-03-28 19:03:00,2025-03-28 19:08:00,F,50+,office,seoul,0,0,0,0,15,0,0,16,0,0,completed
45508,U5512,2025-04-08 15:34:00,2025-04-08 15:38:00,F,30~39,office,seoul,0,0,0,0,13,0,0,70,0,0,completed
45509,U5513,2025-11-07 21:40:00,2025-11-07 21:46:00,F,20~29,office,seoul,0,0,0,0,23,0,0,16,0,0,completed
45510,U5514,2025-08-18 09:08:00,2025-08-18 09:15:00,F,20~29,office,seoul,0,0,0,0,22,0,0,27,0,0,completed
45511,U5515,2025-05-10 07:17:00,2025-05-10 07:21:00,F,40~49,office,seoul,1,0,0,0,21,0,0,46,0,0,completed
45512,U5516,2025-04-30 13:27:00,2025-04-30 13:34:00,M,20~29,office,seoul,0,0,0,0,8,0,0,56,0,0,completed
45513,U5517,2025-05-15 15:08:00,2025-05-15 15:14:00,M,20~29,office,seoul,0,0,0,0,5,0,0,17,0,0,completed
45514,U5518,2025-08-02 15:36:00,2025-08-02 15:43:00,M,20~29,office,seoul,1,0,0,0,11,0,0,24,0,1,completed
45515,U5519,2025-10-08 08:07:00,2025-10-08 08:09:00,M,20~29,office,seoul,0,0,0,0,7,0,0,18,0,0,abandoned
45516,U5520,2025-08-17 13:38:00,2025-08-17 13:40:00,M,30~39,office,seoul,1,0,0,0,10,0,0,55,0,0,completed
45517,U5521,2025-08-21 09:18:00,2025-08-21 09:23:00,M,20~29,office,seoul,0,0,0,0,25,0,0,70,0,0,completed
45518,U5522,2025-05-20 07:47:00,2025-05-20 07:52:00,F,20~29,office,seoul,0,0,0,0,23,0,0,65,0,0,completed
45519,U5523,2025-04-22 17:29:00,2025-04-22 17:32:00,F,50+,office,seoul,0,0,0,0,10,0,0,57,0,0,abandoned
45520,U5524,2025-09-01 07:09:00,2025-09-01 07:13:00,M,30~39,office,seoul,0,0,0,0,6,0,0,73,0,0,completed
45521,U5525,2025-05-11 09:20:00,2025-05-11 09:27:00,M,50+,office,seoul,1,0,0,0,25,0,0,61,0,0,completed
45522,U5526,2025-05-12 18:37:00,2025-05-12 18:39:00,F,20~29,office,seoul,0,0,0,0,0,0,0,16,0,0,completed
45523,U5527,2025-12-14 14:00:00,2025-12-14 14:05:00,F,30~39,office,seoul,1,0,0,0,20,0,0,62,0,0,completed
45524,U5528,2025-10-16 19:36:00,2025-10-16 19:39:00,M,20~29,office,seoul,0,0,0,0,14,0,0,24,0,0,completed
45525,U5529,2025-02-11 09:00:00,2025-02-11 09:03:00,F,20~29,office,seoul,0,0,0,0,26,0,0,59,0,0,completed
45526,U5530,2025-01-23 13:24:00,2025-01-23 13:31:00,F,40~49,office,seoul,0,0,0,0,19,0,0,36,0,0,completed
45527,U5531,2025-08-16 14:05:00,2025-08-16 14:07:00,M,30~39,office,seoul,1,0,0,0,4,0,0,67,0,0,error
45528,U5532,2025-02-19 17:39:00,2025-02-19 17:44:00,F,20~29,office,seoul,0,0,0,0,15,0,0,72,0,0,completed
45529,U5533,2025-07-11 18:15:00,2025-07-11 18:17:00,F,40~49,office,seoul,0,0,0,0,28,0,0,49,0,1,completed
45530,U5534,2025-02-06 11:39:00,2025-02-06 11:41:00,M,30~39,office,seoul,0,0,0,0,25,0,0,57,0,0,completed
45531,U5535,2025-05-18 12:45:00,2025-05-18 12:50:00,F,50+,office,seoul,1,0,0,0,16,0,0,36,0,0,completed
45532,U5536,2025-04-06 16:26:00,2025-04-06 16:30:00,F,20~29,office,seoul,1,0,0,0,4,0,0,33,0,0,completed
45533,U5537,2025-06-09 09:46:00,2025-06-09 09:53:00,M,40~49,office,seoul,0,0,0,0,3,0,0,76,0,0,completed
45534,U5538,2025-04-03 11:36:00,2025-04-03 11:39:00,F,20~29,office,seoul,0,0,0,0,21,0,0,75,0,0,completed
45535,U5539,2025-12-26 17:17:00,2025-12-26 17:21:00,F,20~29,office,seoul,0,0,0,0,9,0,0,27,0,0,completed
45536,U5540,2025-08-21 17:19:00,2025-08-21 17:21:00,M,20~29,office,seoul,0,0,0,0,11,0,0,76,0,0,completed
45537,U5541,2025-01-12 14:25:00,2025-01-12 14:28:00,F,40~49,office,seoul,1,0,0,0,14,0,0,76,0,0,completed
45538,U5542,2025-02-14 13:45:00,2025-02-14 13:47:00,M,30~39,office,seoul,0,0,0,0,25,0,0,79,1,0,completed
45539,U5543,2025-02-15 08:05:00,2025-02-15 08:10:00,M,40~49,office,seoul,1,0,0,0,12,0,0,61,1,0,completed
45540,U5544,2025-06-30 08:02:00,2025-06-30 08:06:00,F,40~49,office,seoul,0,0,0,0,4,0,0,35,0,0,completed
45541,U5545,2025-09-14 14:54:00,2025-09-14 15:00:00,F,20~29,office,seoul,1,0,0,0,0,0,0,39,0,0,completed
45542,U5546,2025-01-04 15:06:00,2025-01-04 15:10:00,M,30~39,office,seoul,1,0,0,0,11,0,0,47,0,0,completed
45543,U5547,2025-12-17 13:03:00,2025-12-17 13:10:00,F,30~39,office,seoul,0,0,0,0,0,0,0,44,0,0,completed
45544,U5548,2025-05-08 18:55:00,2025-05-08 18:58:00,F,30~39,office,seoul,0,0,0,0,27,0,0,37,0,0,completed
45545,U5549,2025-09-25 12:46:00,2025-09-25 12:53:00,M,20~29,office,seoul,0,0,0,0,23,0,0,64,1,0,abandoned
45546,U5550,2025-09-07 19:35:00,2025-09-07 19:40:00,F,40~49,office,seoul,1,0,0,0,11,0,0,32,0,0,completed
45547,U5551,2025-08-17 07:17:00,2025-08-17 07:24:00,M,30~39,office,seoul,1,0,0,0,3,0,0,53,0,0,completed
45548,U5552,2025-04-19 16:09:00,2025-04-19 16:15:00,M,30~39,office,seoul,1,0,0,0,12,0,0,41,0,0,completed
45549,U5553,2025-03-19 14:09:00,2025-03-19 14:13:00,M,20~29,office,seoul,0,0,0,0,12,0,0,41,0,0,completed
45550,U5554,2025-05-13 08:27:00,2025-05-13 08:30:00,F,20~29,office,seoul,0,0,0,0,21,0,0,66,0,0,completed
45551,U5555,2025-02-24 15:35:00,2025-02-24 15:37:00,M,30~39,office,seoul,0,0,0,0,26,0,0,60,0,0,completed
45552,U5556,2025-08-21 13:21:00,2025-08-21 13:23:00,F,30~39,office,seoul,0,0,0,0,4,0,0,33,0,0,completed
45553,U5557,2025-08-21 08:13:00,2025-08-21 08:19:00,F,20~29,office,seoul,0,0,0,0,26,0,0,23,0,0,timeout
45554,U5558,2025-02-25 17:02:00,2025-02-25 17:05:00,F,20~29,office,seoul,0,0,0,0,26,0,0,76,0,0,completed
45555,U5559,2025-05-20 19:34:00,2025-05-20 19:40:00,F,20~29,office,seoul,0,0,0,0,6,0,0,22,0,0,completed
45556,U5560,2025-08-24 12:09:00,2025-08-24 12:12:00,M,30~39,office,seoul,1,0,0,0,23,0,0,39,0,0,timeout
45557,U5561,2025-01-11 15:55:00,2025-01-11 15:57:00,F,30~39,office,seoul,1,0,0,0,1,0,0,60,0,0,completed
45558,U5562,2025-12-01 18:49:00,2025-12-01 18:56:00,F,20~29,office,seoul,0,0,0,0,10,0,0,38,0,0,completed
45559,U5563,2025-09-10 17:26:00,2025-09-10 17:32:00,M,40~49,office,seoul,0,0,0,0,22,0,0,47,1,0,completed
45560,U5564,2025-05-20 09:54:00,2025-05-20 10:01:00,M,30~39,office,seoul,0,0,0,0,19,0,0,41,0,0,completed
45561,U5565,2025-10-24 13:43:00,2025-10-24 13:46:00,M,30~39,office,seoul,0,0,0,0,20,0,0,56,0,0,completed
45562,U5566,2025-10-10 15:27:00,2025-10-10 15:33:00,M,30~39,office,seoul,0,0,0,0,6,0,0,48,0,0,completed
45563,U5567,2025-02-07 15:51:00,2025-02-07 15:58:00,M,30~39,office,seoul,0,0,0,0,16,0,0,11,1,0,completed
45564,U5568,2025-08-05 13:35:00,2025-08-05 13:37:00,F,30~39,office,seoul,0,0,0,0,16,0,0,12,0,0,completed
45565,U5569,2025-01-06 15:08:00,2025-01-06 15:12:00,F,20~29,office,seoul,0,0,0,0,21,0,0,32,0,0,completed
45566,U5570,2025-11-28 18:16:00,2025-11-28 18:21:00,M,20~29,office,seoul,0,0,0,0,22,0,0,21,0,0,completed
45567,U5571,2025-04-20 16:21:00,2025-04-20 16:24:00,F,30~39,office,seoul,1,0,0,0,29,0,0,18,0,0,completed
45568,U5572,2025-05-02 17:28:00,2025-05-02 17:33:00,M,40~49,office,seoul,0,0,0,0,20,0,0,78,0,0,abandoned
45569,U5573,2025-10-21 12:48:00,2025-10-21 12:55:00,M,30~39,office,seoul,0,0,0,0,14,0,0,69,0,0,completed
45570,U5574,2025-11-26 12:42:00,2025-11-26 12:49:00,F,40~49,office,seoul,0,0,0,0,9,0,0,11,0,0,completed
45571,U5575,2025-02-15 19:21:00,2025-02-15 19:23:00,M,40~49,office,seoul,1,0,0,0,6,0,0,69,0,0,completed
45572,U5576,2025-02-03 22:50:00,2025-02-03 22:52:00,F,30~39,office,seoul,0,0,0,0,0,0,0,38,0,0,completed
45573,U5577,2025-09-03 09:09:00,2025-09-03 09:11:00,F,20~29,office,seoul,0,0,0,0,9,0,0,57,0,0,completed
45574,U5578,2025-01-16 13:55:00,2025-01-16 14:00:00,F,50+,office,seoul,0,0,0,0,21,0,0,37,0,0,completed
45575,U5579,2025-01-30 19:14:00,2025-01-30 19:18:00,F,30~39,office,seoul,0,0,0,0,22,0,0,22,0,0,completed
45576,U5580,2025-04-02 15:37:00,2025-04-02 15:43:00,M,40~49,office,seoul,0,0,0,0,19,0,0,23,0,0,completed
45577,U5581,2025-07-12 14:03:00,2025-07-12 14:09:00,F,30~39,office,seoul,1,0,0,0,3,0,0,27,0,0,completed
45578,U5582,2025-03-29 07:25:00,2025-03-29 07:29:00,F,30~39,office,seoul,1,0,0,0,14,0,0,62,0,0,completed
45579,U5583,2025-08-13 08:27:00,2025-08-13 08:34:00,F,30~39,office,seoul,0,0,0,0,15,0,0,61,0,0,abandoned
45580,U5584,2025-01-02 16:02:00,2025-01-02 16:09:00,M,50+,office,seoul,0,0,0,0,18,0,0,66,0,1,completed
45581,U5585,2025-06-22 09:41:00,2025-06-22 09:48:00,M,50+,office,seoul,1,0,0,0,22,0,0,30,0,0,completed
45582,U5586,2025-10-01 11:06:00,2025-10-01 11:10:00,M,50+,office,seoul,0,0,0,0,7,0,0,33,0,1,completed
45583,U5587,2025-12-16 19:15:00,2025-12-16 19:22:00,M,20~29,office,seoul,0,0,0,0,14,0,0,28,0,0,completed
45584,U5588,2025-01-24 12:15:00,2025-01-24 12:19:00,F,40~49,office,seoul,0,0,0,0,26,0,0,55,0,0,completed
45585,U5589,2025-04-21 08:17:00,2025-04-21 08:19:00,F,50+,office,seoul,0,0,0,0,24,0,0,66,0,0,completed
45586,U5590,2025-08-31 12:46:00,2025-08-31 12:49:00,M,30~39,office,seoul,1,0,0,0,27,0,0,51,0,1,abandoned
45587,U5591,2025-02-04 12:11:00,2025-02-04 12:18:00,F,30~39,office,seoul,0,0,0,0,17,0,0,16,0,0,completed
45588,U5592,2025-04-26 07:32:00,2025-04-26 07:37:00,M,20~29,office,seoul,1,0,0,0,18,0,0,28,0,0,error
45589,U5593,2025-05-26 15:19:00,2025-05-26 15:25:00,M,20~29,office,seoul,0,0,0,0,5,0,0,10,0,0,completed
45590,U5594,2025-10-17 07:12:00,2025-10-17 07:15:00,M,40~49,office,seoul,0,0,0,0,28,0,0,53,0,0,timeout
45591,U5595,2025-06-18 17:37:00,2025-06-18 17:44:00,F,30~39,office,seoul,0,0,0,0,22,0,0,31,0,0,completed
45592,U5596,2025-04-26 14:25:00,2025-04-26 14:28:00,M,30~39,office,seoul,1,0,0,0,26,0,0,73,0,0,abandoned
45593,U5597,2025-07-01 12:21:00,2025-07-01 12:26:00,F,50+,office,seoul,0,0,0,0,21,0,0,29,0,0,completed
45594,U5598,2025-04-06 09:07:00,2025-04-06 09:11:00,F,50+,office,seoul,1,0,0,0,2,0,0,28,0,0,completed
45595,U5599,2025-04-24 13:04:00,2025-04-24 13:10:00,F,40~49,office,seoul,0,0,0,0,5,0,0,61,0,0,completed
45596,U5600,2025-02-01 13:58:00,2025-02-01 14:02:00,M,50+,office,seoul,1,0,0,0,3,0,0,52,0,0,completed
45597,U5601,2025-09-03 13:54:00,2025-09-03 14:00:00,M,20~29,office,seoul,0,0,0,0,7,0,0,51,0,0,completed
45598,U5602,2025-07-22 20:11:00,2025-07-22 20:14:00,M,20~29,office,seoul,0,0,0,0,4,0,0,79,0,0,completed
45599,U5603,2025-12-26 20:53:00,2025-12-26 20:58:00,F,20~29,office,seoul,0,0,0,0,22,0,0,20,0,0,completed
45600,U5604,2025-03-26 18:55:00,2025-03-26 18:58:00,F,20~29,office,seoul,0,0,0,0,10,0,0,17,0,0,completed
45601,U5605,2025-07-23 18:39:00,2025-07-23 18:45:00,M,20~29,office,seoul,0,0,0,0,7,0,0,73,0,0,completed
45602,U5606,2025-01-22 12:12:00,2025-01-22 12:14:00,M,40~49,office,seoul,0,0,0,0,11,0,0,14,0,0,completed
45603,U5607,2025-03-02 11:08:00,2025-03-02 11:13:00,M,30~39,office,seoul,1,0,0,0,28,0,0,34,0,0,timeout
45604,U5608,2025-01-26 15:50:00,2025-01-26 15:55:00,M,50+,office,seoul,1,0,0,0,4,0,0,12,0,0,completed
45605,U5609,2025-03-30 11:58:00,2025-03-30 12:02:00,F,20~29,office,seoul,1,0,0,0,9,0,0,67,0,0,completed
45606,U5610,2025-07-20 13:08:00,2025-07-20 13:12:00,M,50+,office,seoul,1,0,0,0,0,0,0,69,0,0,completed
45607,U5611,2025-09-13 15:16:00,2025-09-13 15:21:00,F,30~39,office,seoul,1,0,0,0,14,0,0,11,1,0,completed
45608,U5612,2025-05-19 12:52:00,2025-05-19 12:57:00,F,20~29,office,seoul,0,0,0,0,25,0,0,53,0,0,completed
45609,U5613,2025-11-25 22:49:00,2025-11-25 22:51:00,F,30~39,office,seoul,0,0,0,0,6,0,0,43,0,0,completed
45610,U5614,2025-10-09 21:44:00,2025-10-09 21:46:00,M,30~39,office,seoul,0,0,0,0,19,0,0,24,0,0,completed
45611,U5615,2025-01-09 16:34:00,2025-01-09 16:39:00,F,20~29,office,seoul,0,0,0,0,16,0,0,13,0,0,completed
45612,U5616,2025-12-09 15:36:00,2025-12-09 15:42:00,F,20~29,office,seoul,0,0,0,0,7,0,0,21,0,0,abandoned
45613,U5617,2025-02-04 16:46:00,2025-02-04 16:51:00,M,40~49,office,seoul,0,0,0,0,8,0,0,78,0,0,completed
45614,U5618,2025-06-12 13:55:00,2025-06-12 14:01:00,F,20~29,office,seoul,0,0,0,0,4,0,0,20,0,0,completed
45615,U5619,2025-05-25 09:00:00,2025-05-25 09:02:00,M,40~49,office,seoul,1,0,0,0,12,0,0,74,0,0,completed
45616,U5620,2025-06-19 14:55:00,2025-06-19 14:59:00,M,30~39,office,seoul,0,0,0,0,19,0,0,24,0,0,completed
45617,U5621,2025-10-06 08:28:00,2025-10-06 08:35:00,F,50+,office,seoul,0,0,0,0,4,0,0,65,0,0,completed
45618,U5622,2025-02-28 12:09:00,2025-02-28 12:13:00,M,30~39,office,seoul,0,0,0,0,26,0,0,36,0,0,completed
45619,U5623,2025-12-26 08:01:00,2025-12-26 08:04:00,F,40~49,office,seoul,0,0,0,0,26,0,0,38,0,0,completed
45620,U5624,2025-08-10 12:01:00,2025-08-10 12:08:00,F,40~49,office,seoul,1,0,0,0,13,0,0,39,0,0,completed
45621,U5625,2025-08-18 22:51:00,2025-08-18 22:58:00,F,50+,office,seoul,0,0,0,0,13,0,0,72,1,0,completed
45622,U5626,2025-04-16 21:41:00,2025-04-16 21:46:00,F,20~29,office,seoul,0,0,0,0,4,0,0,73,0,0,timeout
45623,U5627,2025-07-29 12:28:00,2025-07-29 12:30:00,F,20~29,office,seoul,0,0,0,0,20,0,0,15,0,0,abandoned
45624,U5628,2025-04-12 14:20:00,2025-04-12 14:25:00,M,20~29,office,seoul,1,0,0,0,14,0,0,60,0,0,abandoned
45625,U5629,2025-01-26 11:53:00,2025-01-26 11:58:00,F,30~39,office,seoul,1,0,0,0,23,0,0,31,0,0,completed
45626,U5630,2025-12-17 16:48:00,2025-12-17 16:51:00,M,40~49,office,seoul,0,0,0,0,19,0,0,41,0,0,completed
45627,U5631,2025-06-19 15:41:00,2025-06-19 15:44:00,F,40~49,office,seoul,0,0,0,0,8,0,0,20,0,0,completed
45628,U5632,2025-12-07 14:36:00,2025-12-07 14:38:00,M,40~49,office,seoul,1,0,0,0,10,0,0,53,0,0,completed
45629,U5633,2025-03-29 17:57:00,2025-03-29 18:00:00,F,40~49,office,seoul,1,0,0,0,14,0,0,16,0,0,completed
45630,U5634,2025-09-15 22:00:00,2025-09-15 22:07:00,M,20~29,office,seoul,0,0,0,0,19,0,0,27,0,0,completed
45631,U5635,2025-10-13 12:58:00,2025-10-13 13:04:00,F,30~39,office,seoul,0,0,0,0,13,0,0,67,0,0,error
45632,U5636,2025-12-19 12:42:00,2025-12-19 12:44:00,M,30~39,office,seoul,0,0,0,0,0,0,0,13,0,0,completed
45633,U5637,2025-02-28 14:08:00,2025-02-28 14:11:00,M,50+,office,seoul,0,0,0,0,29,0,0,41,0,0,completed
45634,U5638,2025-11-13 15:05:00,2025-11-13 15:07:00,M,20~29,office,seoul,0,0,0,0,26,0,0,40,0,0,completed
45635,U5639,2025-06-03 07:28:00,2025-06-03 07:33:00,M,50+,office,seoul,0,0,0,0,1,0,0,47,0,0,completed
45636,U5640,2025-02-27 20:10:00,2025-02-27 20:17:00,F,30~39,office,seoul,0,0,0,0,2,0,0,28,0,0,completed
45637,U5641,2025-12-12 21:56:00,2025-12-12 22:02:00,F,20~29,office,seoul,0,0,0,0,0,0,0,45,0,0,abandoned
45638,U5642,2025-11-10 11:51:00,2025-11-10 11:53:00,M,20~29,office,seoul,0,0,0,0,21,0,0,31,0,1,completed
45639,U5643,2025-05-03 08:53:00,2025-05-03 08:55:00,M,30~39,office,seoul,1,0,0,0,21,0,0,25,0,0,completed
45640,U5644,2025-12-16 08:19:00,2025-12-16 08:25:00,F,30~39,office,seoul,0,0,0,0,29,0,0,34,0,0,completed
45641,U5645,2025-01-20 20:35:00,2025-01-20 20:41:00,F,20~29,office,seoul,0,0,0,0,17,0,0,22,0,0,completed
45642,U5646,2025-03-16 17:57:00,2025-03-16 18:01:00,F,50+,office,seoul,1,0,0,0,1,0,0,40,0,0,completed
45643,U5647,2025-06-29 18:57:00,2025-06-29 19:04:00,M,20~29,office,seoul,1,0,0,0,28,0,0,15,0,0,completed
45644,U5648,2025-07-28 07:47:00,2025-07-28 07:49:00,F,20~29,office,seoul,0,0,0,0,11,0,0,77,0,0,timeout
45645,U5649,2025-01-04 22:30:00,2025-01-04 22:36:00,F,20~29,office,seoul,1,0,0,0,16,0,0,27,0,0,completed
45646,U5650,2025-04-04 17:03:00,2025-04-04 17:06:00,M,30~39,office,seoul,0,0,0,0,28,0,0,18,0,0,completed
45647,U5651,2025-07-03 17:00:00,2025-07-03 17:02:00,F,20~29,office,seoul,0,0,0,0,7,0,0,51,0,0,completed
45648,U5652,2025-02-27 18:14:00,2025-02-27 18:16:00,F,30~39,office,seoul,0,0,0,0,20,0,0,64,0,0,completed
45649,U5653,2025-02-05 09:56:00,2025-02-05 09:59:00,F,30~39,office,seoul,0,0,0,0,23,0,0,57,0,0,completed
45650,U5654,2025-06-14 09:59:00,2025-06-14 10:01:00,F,40~49,office,seoul,1,0,0,0,23,0,0,30,0,0,completed
45651,U5655,2025-12-11 17:00:00,2025-12-11 17:04:00,M,20~29,office,seoul,0,0,0,0,27,0,0,25,0,0,completed
45652,U5656,2025-04-17 13:59:00,2025-04-17 14:01:00,M,50+,office,seoul,0,0,0,0,6,0,0,14,0,0,completed
45653,U5657,2025-10-30 15:53:00,2025-10-30 15:58:00,F,30~39,office,seoul,0,0,0,0,23,0,0,40,0,0,completed
45654,U5658,2025-08-27 15:28:00,2025-08-27 15:31:00,F,30~39,office,seoul,0,0,0,0,29,0,0,74,0,0,completed
45655,U5659,2025-05-22 20:19:00,2025-05-22 20:24:00,M,30~39,office,seoul,0,0,0,0,14,0,0,61,0,0,abandoned
45656,U5660,2025-03-31 08:45:00,2025-03-31 08:52:00,M,30~39,office,seoul,0,0,0,0,8,0,0,62,0,0,completed
45657,U5661,2025-09-15 11:03:00,2025-09-15 11:09:00,F,20~29,office,seoul,0,0,0,0,8,0,0,57,0,0,completed
45658,U5662,2025-06-24 16:42:00,2025-06-24 16:47:00,M,20~29,office,seoul,0,0,0,0,17,0,0,47,0,0,completed
45659,U5663,2025-10-26 18:53:00,2025-10-26 18:55:00,F,20~29,office,seoul,1,0,0,0,8,0,0,21,0,0,completed
45660,U5664,2025-04-12 13:38:00,2025-04-12 13:41:00,M,30~39,office,seoul,1,0,0,0,13,0,0,75,0,0,completed
45661,U5665,2025-02-22 09:10:00,2025-02-22 09:17:00,F,20~29,office,seoul,1,0,0,0,16,0,0,38,0,0,abandoned
45662,U5666,2025-04-03 15:47:00,2025-04-03 15:51:00,F,20~29,office,seoul,0,0,0,0,21,0,0,44,0,0,completed
45663,U5667,2025-12-21 09:12:00,2025-12-21 09:17:00,M,20~29,office,seoul,1,0,0,0,24,0,0,30,0,0,abandoned
45664,U5668,2025-03-27 14:41:00,2025-03-27 14:46:00,F,30~39,office,seoul,0,0,0,0,22,0,0,30,0,0,completed
45665,U5669,2025-05-01 13:46:00,2025-05-01 13:52:00,F,20~29,office,seoul,0,0,0,0,18,0,0,46,0,1,completed
45666,U5670,2025-08-27 18:27:00,2025-08-27 18:31:00,M,30~39,office,seoul,0,0,0,0,10,0,0,22,0,0,completed
45667,U5671,2025-01-28 17:01:00,2025-01-28 17:07:00,F,20~29,office,seoul,0,0,0,0,22,0,0,13,0,0,completed
45668,U5672,2025-07-08 19:57:00,2025-07-08 20:00:00,F,30~39,office,seoul,0,0,0,0,28,0,0,63,0,0,completed
45669,U5673,2025-03-17 20:46:00,2025-03-17 20:53:00,F,20~29,office,seoul,0,0,0,0,19,0,0,27,0,0,completed
45670,U5674,2025-06-08 17:50:00,2025-06-08 17:57:00,F,30~39,office,seoul,1,0,0,0,6,0,0,22,0,0,completed
45671,U5675,2025-07-07 08:26:00,2025-07-07 08:33:00,M,50+,office,seoul,0,0,0,0,23,0,0,41,0,0,completed
45672,U5676,2025-11-30 11:20:00,2025-11-30 11:27:00,M,30~39,office,seoul,1,0,0,0,0,0,0,60,0,0,completed
45673,U5677,2025-05-28 09:41:00,2025-05-28 09:45:00,F,30~39,office,seoul,0,0,0,0,15,0,0,70,0,0,completed
45674,U5678,2025-10-09 09:13:00,2025-10-09 09:16:00,F,20~29,office,seoul,0,0,0,0,5,0,0,14,0,0,completed
45675,U5679,2025-04-09 14:39:00,2025-04-09 14:44:00,F,30~39,office,seoul,0,0,0,0,21,0,0,52,0,0,completed
45676,U5680,2025-06-18 13:07:00,2025-06-18 13:11:00,F,30~39,office,seoul,0,0,0,0,6,0,0,30,0,0,abandoned
45677,U5681,2025-12-30 17:25:00,2025-12-30 17:32:00,F,30~39,office,seoul,0,0,0,0,0,0,0,33,0,0,completed
45678,U5682,2025-08-30 17:51:00,2025-08-30 17:56:00,M,40~49,office,seoul,1,0,0,0,24,0,0,32,0,0,completed
45679,U5683,2025-06-18 19:12:00,2025-06-18 19:15:00,M,50+,office,seoul,0,0,0,0,13,0,0,68,0,0,completed
45680,U5684,2025-06-11 11:06:00,2025-06-11 11:11:00,F,50+,office,seoul,0,0,0,0,23,0,0,42,0,0,completed
45681,U5685,2025-05-24 09:43:00,2025-05-24 09:50:00,M,20~29,office,seoul,1,0,0,0,18,0,0,48,0,0,abandoned
45682,U5686,2025-03-25 08:37:00,2025-03-25 08:39:00,M,30~39,office,seoul,0,0,0,0,13,0,0,55,0,0,completed
45683,U5687,2025-08-08 08:19:00,2025-08-08 08:23:00,F,40~49,office,seoul,0,0,0,0,22,0,0,45,0,0,completed
45684,U5688,2025-02-17 17:27:00,2025-02-17 17:32:00,F,20~29,office,seoul,0,0,0,0,6,0,0,53,0,0,completed
45685,U5689,2025-11-02 16:57:00,2025-11-02 17:02:00,M,50+,office,seoul,1,0,0,0,21,0,0,11,0,0,completed
45686,U5690,2025-05-28 19:32:00,2025-05-28 19:37:00,M,20~29,office,seoul,0,0,0,0,21,0,0,66,0,0,completed
45687,U5691,2025-06-16 16:50:00,2025-06-16 16:54:00,F,20~29,office,seoul,0,0,0,0,17,0,0,37,0,0,completed
45688,U5692,2025-12-09 14:50:00,2025-12-09 14:55:00,M,30~39,office,seoul,0,0,0,0,1,0,0,19,1,0,completed
45689,U5693,2025-06-16 15:07:00,2025-06-16 15:09:00,F,20~29,office,seoul,0,0,0,0,20,0,0,64,0,0,completed
45690,U5694,2025-03-30 13:49:00,2025-03-30 13:51:00,F,30~39,office,seoul,1,0,0,0,7,0,0,65,0,0,completed
45691,U5695,2025-05-06 18:33:00,2025-05-06 18:39:00,F,30~39,office,seoul,0,0,0,0,22,0,0,30,0,0,completed
45692,U5696,2025-10-27 15:57:00,2025-10-27 16:01:00,F,30~39,office,seoul,0,0,0,0,12,0,0,64,0,0,completed
45693,U5697,2025-08-24 09:45:00,2025-08-24 09:47:00,F,50+,office,seoul,1,0,0,0,29,0,0,58,0,0,completed
45694,U5698,2025-11-13 11:33:00,2025-11-13 11:37:00,M,20~29,office,seoul,0,0,0,0,15,0,0,33,0,0,completed
45695,U5699,2025-01-24 16:21:00,2025-01-24 16:28:00,F,20~29,office,seoul,0,0,0,0,20,0,0,59,0,0,completed
45696,U5700,2025-11-10 15:32:00,2025-11-10 15:35:00,M,40~49,office,seoul,0,0,0,0,7,0,0,71,1,0,completed
45697,U5701,2025-10-23 09:51:00,2025-10-23 09:57:00,F,20~29,office,seoul,0,0,0,0,19,0,0,63,0,0,completed
45698,U5702,2025-01-26 14:58:00,2025-01-26 15:04:00,F,20~29,office,seoul,1,0,0,0,9,0,0,32,0,0,completed
45699,U5703,2025-07-13 15:46:00,2025-07-13 15:49:00,F,50+,office,seoul,1,0,0,0,1,0,0,67,1,0,completed
45700,U5704,2025-08-14 13:29:00,2025-08-14 13:31:00,F,30~39,office,seoul,0,0,0,0,0,0,0,76,0,0,abandoned
45701,U5705,2025-06-29 14:44:00,2025-06-29 14:47:00,M,30~39,office,seoul,1,0,0,0,11,0,0,42,0,0,completed
45702,U5706,2025-07-20 14:50:00,2025-07-20 14:52:00,F,30~39,office,seoul,1,0,0,0,27,0,0,64,0,0,completed
45703,U5707,2025-07-01 13:56:00,2025-07-01 13:58:00,M,20~29,office,seoul,0,0,0,0,10,0,0,16,0,0,timeout
45704,U5708,2025-03-14 14:26:00,2025-03-14 14:31:00,M,50+,office,seoul,0,0,0,0,9,0,0,52,0,1,completed
45705,U5709,2025-12-01 09:49:00,2025-12-01 09:52:00,M,30~39,office,seoul,0,0,0,0,14,0,0,34,0,0,timeout
45706,U5710,2025-07-28 17:00:00,2025-07-28 17:07:00,M,30~39,office,seoul,0,0,0,0,1,0,0,46,0,0,completed
45707,U5711,2025-12-21 20:57:00,2025-12-21 21:04:00,M,40~49,office,seoul,1,0,0,0,23,0,0,60,0,0,completed
45708,U5712,2025-11-14 13:15:00,2025-11-14 13:19:00,F,30~39,office,seoul,0,0,0,0,20,0,0,60,0,0,completed
45709,U5713,2025-02-26 12:59:00,2025-02-26 13:01:00,F,20~29,office,seoul,0,0,0,0,3,0,0,39,0,0,completed
45710,U5714,2025-02-02 17:02:00,2025-02-02 17:04:00,M,20~29,office,seoul,1,0,0,0,10,0,0,26,0,0,completed
45711,U5715,2025-06-07 09:46:00,2025-06-07 09:51:00,M,50+,office,seoul,1,0,0,0,22,0,0,77,0,0,completed
45712,U5716,2025-10-27 12:47:00,2025-10-27 12:52:00,F,20~29,office,seoul,0,0,0,0,27,0,0,69,0,0,completed
45713,U5717,2025-05-13 13:04:00,2025-05-13 13:06:00,M,20~29,office,seoul,0,0,0,0,8,0,0,49,0,0,completed
45714,U5718,2025-07-13 14:21:00,2025-07-13 14:27:00,F,20~29,office,seoul,1,0,0,0,3,0,0,33,0,0,completed
45715,U5719,2025-04-20 14:26:00,2025-04-20 14:33:00,F,20~29,office,seoul,1,0,0,0,26,0,0,41,0,0,completed
45716,U5720,2025-05-29 08:34:00,2025-05-29 08:41:00,F,50+,office,seoul,0,0,0,0,3,0,0,75,0,0,completed
45717,U5721,2025-07-19 07:54:00,2025-07-19 07:59:00,M,50+,office,seoul,1,0,0,0,0,0,0,68,0,0,completed
45718,U5722,2025-09-03 09:55:00,2025-09-03 09:57:00,F,20~29,office,seoul,0,0,0,0,10,0,0,51,0,0,completed
45719,U5723,2025-11-17 09:07:00,2025-11-17 09:12:00,M,20~29,office,seoul,0,0,0,0,5,0,0,63,0,0,completed
45720,U5724,2025-07-14 09:23:00,2025-07-14 09:28:00,M,20~29,office,seoul,0,0,0,0,0,0,0,74,0,0,completed
45721,U5725,2025-09-08 11:57:00,2025-09-08 12:02:00,M,20~29,office,seoul,0,0,0,0,6,0,0,42,0,0,completed
45722,U5726,2025-02-22 15:50:00,2025-02-22 15:56:00,M,20~29,office,seoul,1,0,0,0,7,0,0,17,0,0,completed
45723,U5727,2025-08-26 17:06:00,2025-08-26 17:08:00,M,20~29,office,seoul,0,0,0,0,17,0,0,43,0,0,completed
45724,U5728,2025-04-17 13:03:00,2025-04-17 13:08:00,F,40~49,office,seoul,0,0,0,0,3,0,0,64,0,0,completed
45725,U5729,2025-12-25 19:24:00,2025-12-25 19:31:00,M,30~39,office,seoul,0,0,0,0,14,0,0,41,0,0,completed
45726,U5730,2025-03-13 09:58:00,2025-03-13 10:01:00,F,40~49,office,seoul,0,0,0,0,27,0,0,77,0,0,completed
45727,U5731,2025-05-01 12:07:00,2025-05-01 12:13:00,M,20~29,office,seoul,0,0,0,0,11,0,0,65,0,0,completed
45728,U5732,2025-09-26 16:46:00,2025-09-26 16:51:00,M,20~29,office,seoul,0,0,0,0,28,0,0,49,0,0,completed
45729,U5733,2025-08-17 16:18:00,2025-08-17 16:25:00,F,30~39,office,seoul,1,0,0,0,15,0,0,49,0,0,completed
45730,U5734,2025-08-26 09:33:00,2025-08-26 09:38:00,M,20~29,office,seoul,0,0,0,0,21,0,0,39,0,0,completed
45731,U5735,2025-05-08 17:31:00,2025-05-08 17:38:00,F,40~49,office,seoul,0,0,0,0,18,0,0,53,1,0,completed
45732,U5736,2025-02-14 12:43:00,2025-02-14 12:50:00,F,40~49,office,seoul,0,0,0,0,26,0,0,56,0,0,completed
45733,U5737,2025-11-26 19:56:00,2025-11-26 20:00:00,F,40~49,office,seoul,0,0,0,0,27,0,0,38,0,0,completed
45734,U5738,2025-05-10 13:51:00,2025-05-10 13:56:00,M,30~39,office,seoul,1,0,0,0,20,0,0,75,0,0,completed
45735,U5739,2025-08-14 17:31:00,2025-08-14 17:38:00,M,50+,office,seoul,0,0,0,0,25,0,0,75,0,0,abandoned
45736,U5740,2025-03-02 12:25:00,2025-03-02 12:29:00,F,20~29,office,seoul,1,0,0,0,8,0,0,75,0,0,timeout
45737,U5741,2025-04-04 14:54:00,2025-04-04 14:57:00,F,30~39,office,seoul,0,0,0,0,23,0,0,55,0,0,completed
45738,U5742,2025-10-29 14:19:00,2025-10-29 14:26:00,F,30~39,office,seoul,0,0,0,0,22,0,0,19,0,0,completed
45739,U5743,2025-08-28 19:17:00,2025-08-28 19:20:00,F,40~49,office,seoul,0,0,0,0,18,0,0,58,0,0,completed
45740,U5744,2025-11-13 18:39:00,2025-11-13 18:46:00,M,30~39,office,seoul,0,0,0,0,5,0,0,68,0,0,completed
45741,U5745,2025-08-02 19:42:00,2025-08-02 19:47:00,F,50+,office,seoul,1,0,0,0,19,0,0,45,0,0,completed
45742,U5746,2025-05-17 13:51:00,2025-05-17 13:56:00,F,50+,office,seoul,1,0,0,0,6,0,0,37,0,0,completed
45743,U5747,2025-06-28 21:30:00,2025-06-28 21:36:00,F,40~49,office,seoul,1,0,0,0,3,0,0,47,0,0,completed
45744,U5748,2025-04-24 12:34:00,2025-04-24 12:41:00,F,20~29,office,seoul,0,0,0,0,3,0,0,60,0,0,completed
45745,U5749,2025-10-09 16:32:00,2025-10-09 16:39:00,M,30~39,office,seoul,0,0,0,0,25,0,0,14,0,0,completed
45746,U5750,2025-03-07 16:31:00,2025-03-07 16:37:00,M,40~49,office,seoul,0,0,0,0,24,0,0,15,0,0,completed
45747,U5751,2025-05-09 13:41:00,2025-05-09 13:44:00,M,20~29,office,seoul,0,0,0,0,10,0,0,15,0,0,completed
45748,U5752,2025-05-31 13:45:00,2025-05-31 13:48:00,M,50+,office,seoul,1,0,0,0,1,0,0,67,0,0,abandoned
45749,U5753,2025-11-30 18:45:00,2025-11-30 18:50:00,F,50+,office,seoul,1,0,0,0,16,0,0,30,0,0,abandoned
45750,U5754,2025-06-02 17:08:00,2025-06-02 17:13:00,M,40~49,office,seoul,0,0,0,0,7,0,0,66,0,0,abandoned
45751,U5755,2025-03-05 15:03:00,2025-03-05 15:10:00,F,50+,office,seoul,0,0,0,0,18,0,0,39,0,0,abandoned
45752,U5756,2025-11-15 21:46:00,2025-11-15 21:50:00,F,20~29,office,seoul,1,0,0,0,9,0,0,28,0,1,completed
45753,U5757,2025-11-10 09:15:00,2025-11-10 09:21:00,F,30~39,office,seoul,0,0,0,0,9,0,0,35,0,0,completed
45754,U5758,2025-02-25 13:13:00,2025-02-25 13:17:00,F,30~39,office,seoul,0,0,0,0,16,0,0,57,0,0,completed
45755,U5759,2025-01-14 17:02:00,2025-01-14 17:08:00,M,40~49,office,seoul,0,0,0,0,4,0,0,16,0,0,completed
45756,U5760,2025-01-03 16:12:00,2025-01-03 16:15:00,M,40~49,office,seoul,0,0,0,0,6,0,0,39,0,0,error
45757,U5761,2025-07-05 22:02:00,2025-07-05 22:04:00,M,40~49,office,seoul,1,0,0,0,0,0,0,77,1,0,completed
45758,U5762,2025-06-18 13:34:00,2025-06-18 13:37:00,F,50+,office,seoul,0,0,0,0,18,0,0,28,0,0,completed
45759,U5763,2025-08-08 14:07:00,2025-08-08 14:11:00,F,30~39,office,seoul,0,0,0,0,1,0,0,33,0,0,completed
45760,U5764,2025-02-04 20:21:00,2025-02-04 20:28:00,F,50+,office,seoul,0,0,0,0,2,0,0,38,1,1,timeout
45761,U5765,2025-06-26 17:27:00,2025-06-26 17:33:00,M,20~29,office,seoul,0,0,0,0,23,0,0,79,0,0,completed
45762,U5766,2025-08-09 16:08:00,2025-08-09 16:11:00,M,40~49,office,seoul,1,0,0,0,24,0,0,69,0,0,completed
45763,U5767,2025-10-03 12:38:00,2025-10-03 12:40:00,M,30~39,office,seoul,0,0,0,0,6,0,0,36,0,1,completed
45764,U5768,2025-01-13 13:03:00,2025-01-13 13:07:00,F,20~29,office,seoul,0,0,0,0,16,0,0,37,0,0,completed
45765,U5769,2025-12-09 12:35:00,2025-12-09 12:37:00,M,40~49,office,seoul,0,0,0,0,7,0,0,72,0,0,completed
45766,U5770,2025-07-26 17:58:00,2025-07-26 18:00:00,F,50+,office,seoul,1,0,0,0,23,0,0,45,0,0,completed
45767,U5771,2025-04-07 15:06:00,2025-04-07 15:13:00,M,20~29,office,seoul,0,0,0,0,16,0,0,35,0,0,completed
45768,U5772,2025-08-11 07:42:00,2025-08-11 07:46:00,M,30~39,office,seoul,0,0,0,0,21,0,0,37,0,0,completed
45769,U5773,2025-06-20 14:13:00,2025-06-20 14:16:00,M,30~39,office,seoul,0,0,0,0,22,0,0,55,0,0,timeout
45770,U5774,2025-04-08 14:22:00,2025-04-08 14:29:00,F,50+,office,seoul,0,0,0,0,27,0,0,14,0,0,completed
45771,U5775,2025-01-27 16:11:00,2025-01-27 16:18:00,F,50+,office,seoul,0,0,0,0,3,0,0,45,0,0,completed
45772,U5776,2025-05-12 07:26:00,2025-05-12 07:32:00,F,40~49,office,seoul,0,0,0,0,7,0,0,67,0,0,completed
45773,U5777,2025-08-25 20:19:00,2025-08-25 20:25:00,M,40~49,office,seoul,0,0,0,0,5,0,0,18,0,0,completed
45774,U5778,2025-09-13 07:44:00,2025-09-13 07:46:00,F,30~39,office,seoul,1,0,0,0,18,0,0,25,0,0,completed
45775,U5779,2025-10-25 12:01:00,2025-10-25 12:06:00,F,50+,office,seoul,1,0,0,0,5,0,0,45,0,0,completed
45776,U5780,2025-08-19 14:51:00,2025-08-19 14:55:00,F,20~29,office,seoul,0,0,0,0,17,0,0,45,0,0,completed
45777,U5781,2025-07-13 08:14:00,2025-07-13 08:20:00,F,20~29,office,seoul,1,0,0,0,1,0,0,78,0,0,completed
45778,U5782,2025-09-07 21:43:00,2025-09-07 21:45:00,M,50+,office,seoul,1,0,0,0,15,0,0,10,0,0,completed
45779,U5783,2025-12-02 08:23:00,2025-12-02 08:29:00,F,50+,office,seoul,0,0,0,0,10,0,0,74,1,0,completed
45780,U5784,2025-01-23 16:46:00,2025-01-23 16:52:00,F,20~29,office,seoul,0,0,0,0,22,0,0,23,0,0,completed
45781,U5785,2025-02-27 22:31:00,2025-02-27 22:36:00,F,50+,office,seoul,0,0,0,0,19,0,0,11,1,0,completed
45782,U5786,2025-02-03 13:53:00,2025-02-03 13:56:00,F,20~29,office,seoul,0,0,0,0,3,0,0,67,0,0,completed
45783,U5787,2025-12-11 16:29:00,2025-12-11 16:36:00,F,20~29,office,seoul,0,0,0,0,2,0,0,47,0,0,completed
45784,U5788,2025-06-26 13:03:00,2025-06-26 13:08:00,F,40~49,office,seoul,0,0,0,0,20,0,0,15,1,0,completed
45785,U5789,2025-08-29 17:59:00,2025-08-29 18:03:00,M,30~39,office,seoul,0,0,0,0,6,0,0,14,0,0,completed
45786,U5790,2025-04-28 07:58:00,2025-04-28 08:01:00,M,30~39,office,seoul,0,0,0,0,23,0,0,66,0,0,completed
45787,U5791,2025-08-10 20:38:00,2025-08-10 20:42:00,M,50+,office,seoul,1,0,0,0,1,0,0,34,0,0,completed
45788,U5792,2025-12-23 07:14:00,2025-12-23 07:20:00,F,20~29,office,seoul,0,0,0,0,26,0,0,69,0,0,completed
45789,U5793,2025-10-13 08:46:00,2025-10-13 08:53:00,M,30~39,office,seoul,0,0,0,0,21,0,0,14,0,0,completed
45790,U5794,2025-04-16 12:33:00,2025-04-16 12:36:00,M,30~39,office,seoul,0,0,0,0,8,0,0,46,0,0,completed
45791,U5795,2025-12-28 22:43:00,2025-12-28 22:49:00,F,20~29,office,seoul,1,0,0,0,0,0,0,18,0,0,completed
45792,U5796,2025-10-23 18:01:00,2025-10-23 18:04:00,M,50+,office,seoul,0,0,0,0,29,0,0,48,0,1,completed
45793,U5797,2025-02-05 22:47:00,2025-02-05 22:52:00,F,30~39,office,seoul,0,0,0,0,20,0,0,19,0,0,completed
45794,U5798,2025-05-24 09:00:00,2025-05-24 09:02:00,F,30~39,office,seoul,1,0,0,0,14,0,0,10,0,0,completed
45795,U5799,2025-01-22 08:20:00,2025-01-22 08:23:00,M,30~39,office,seoul,0,0,0,0,3,0,0,24,0,0,completed
45796,U5800,2025-03-19 18:59:00,2025-03-19 19:01:00,M,30~39,office,seoul,0,0,0,0,7,0,0,45,0,0,completed
45797,U5801,2025-04-30 08:24:00,2025-04-30 08:29:00,F,50+,office,seoul,0,0,0,0,1,0,0,36,0,0,completed
45798,U5802,2025-02-05 14:34:00,2025-02-05 14:36:00,M,50+,office,seoul,0,0,0,0,4,0,0,67,0,0,completed
45799,U5803,2025-08-15 12:36:00,2025-08-15 12:38:00,M,40~49,office,seoul,0,0,0,0,24,0,0,51,0,0,completed
45800,U5804,2025-05-15 07:03:00,2025-05-15 07:09:00,M,40~49,office,seoul,0,0,0,0,27,0,0,32,0,0,abandoned
45801,U5805,2025-12-26 14:48:00,2025-12-26 14:54:00,M,20~29,office,seoul,0,0,0,0,25,0,0,78,0,0,completed
45802,U5806,2025-01-07 09:43:00,2025-01-07 09:50:00,F,20~29,office,seoul,0,0,0,0,25,0,0,58,0,0,completed
45803,U5807,2025-11-25 07:54:00,2025-11-25 07:57:00,M,20~29,office,seoul,0,0,0,0,24,0,0,53,0,0,completed
45804,U5808,2025-05-08 16:22:00,2025-05-08 16:27:00,F,20~29,office,seoul,0,0,0,0,12,0,0,40,0,0,completed
45805,U5809,2025-03-06 14:15:00,2025-03-06 14:22:00,F,30~39,office,seoul,0,0,0,0,22,0,0,48,0,0,completed
45806,U5810,2025-02-08 17:58:00,2025-02-08 18:02:00,F,20~29,office,seoul,1,0,0,0,23,0,0,12,0,0,completed
45807,U5811,2025-02-11 12:14:00,2025-02-11 12:16:00,F,30~39,office,seoul,0,0,0,0,24,0,0,38,0,0,completed
45808,U5812,2025-04-16 13:18:00,2025-04-16 13:23:00,M,20~29,office,seoul,0,0,0,0,23,0,0,12,0,0,completed
45809,U5813,2025-01-27 12:20:00,2025-01-27 12:26:00,M,40~49,office,seoul,0,0,0,0,14,0,0,20,0,0,completed
45810,U5814,2025-09-03 15:56:00,2025-09-03 16:03:00,M,20~29,office,seoul,0,0,0,0,5,0,0,57,0,0,completed
45811,U5815,2025-11-07 19:22:00,2025-11-07 19:27:00,F,30~39,office,seoul,0,0,0,0,25,0,0,57,0,0,timeout
45812,U5816,2025-10-13 18:53:00,2025-10-13 18:57:00,M,40~49,office,seoul,0,0,0,0,20,0,0,35,0,0,completed
45813,U5817,2025-02-24 15:57:00,2025-02-24 16:00:00,F,30~39,office,seoul,0,0,0,0,18,0,0,40,0,0,abandoned
45814,U5818,2025-12-27 20:30:00,2025-12-27 20:34:00,F,30~39,office,seoul,1,0,0,0,28,0,0,37,0,1,timeout
45815,U5819,2025-09-26 14:21:00,2025-09-26 14:23:00,M,20~29,office,seoul,0,0,0,0,19,0,0,57,0,0,timeout
45816,U5820,2025-03-23 12:43:00,2025-03-23 12:48:00,M,20~29,office,seoul,1,0,0,0,14,0,0,51,0,0,completed
45817,U5821,2025-08-14 16:42:00,2025-08-14 16:49:00,F,50+,office,seoul,0,0,0,0,1,0,0,46,0,0,abandoned
45818,U5822,2025-10-31 13:13:00,2025-10-31 13:18:00,M,40~49,office,seoul,0,0,0,0,1,0,0,70,0,0,completed
45819,U5823,2025-04-12 20:08:00,2025-04-12 20:14:00,M,30~39,office,seoul,1,0,0,0,21,0,0,65,0,0,completed
45820,U5824,2025-04-22 20:04:00,2025-04-22 20:07:00,M,20~29,office,seoul,0,0,0,0,0,0,0,52,0,0,completed
45821,U5825,2025-01-31 15:42:00,2025-01-31 15:47:00,F,30~39,office,seoul,0,0,0,0,14,0,0,71,0,0,completed
45822,U5826,2025-08-26 17:59:00,2025-08-26 18:01:00,F,20~29,office,seoul,0,0,0,0,18,0,0,25,0,0,completed
45823,U5827,2025-01-10 16:19:00,2025-01-10 16:26:00,F,30~39,office,seoul,0,0,0,0,6,0,0,57,0,0,completed
45824,U5828,2025-11-22 17:30:00,2025-11-22 17:33:00,F,30~39,office,seoul,1,0,0,0,24,0,0,72,0,0,completed
45825,U5829,2025-04-20 14:36:00,2025-04-20 14:42:00,M,20~29,office,seoul,1,0,0,0,11,0,0,73,0,0,completed
45826,U5830,2025-04-15 14:18:00,2025-04-15 14:20:00,F,20~29,office,seoul,0,0,0,0,7,0,0,63,0,0,completed
45827,U5831,2025-11-12 12:04:00,2025-11-12 12:11:00,F,50+,office,seoul,0,0,0,0,18,0,0,66,0,0,completed
45828,U5832,2025-04-14 12:34:00,2025-04-14 12:39:00,M,20~29,office,seoul,0,0,0,0,19,0,0,30,0,0,completed
45829,U5833,2025-09-03 17:42:00,2025-09-03 17:45:00,M,50+,office,seoul,0,0,0,0,13,0,0,47,0,0,completed
45830,U5834,2025-03-18 12:50:00,2025-03-18 12:57:00,F,50+,office,seoul,0,0,0,0,6,0,0,74,0,0,completed
45831,U5835,2025-01-18 08:32:00,2025-01-18 08:39:00,F,20~29,office,seoul,1,0,0,0,5,0,0,27,0,0,completed
45832,U5836,2025-12-16 22:23:00,2025-12-16 22:27:00,M,50+,office,seoul,0,0,0,0,24,0,0,67,0,0,abandoned
45833,U5837,2025-02-22 08:40:00,2025-02-22 08:43:00,F,30~39,office,seoul,1,0,0,0,2,0,0,66,0,0,completed
45834,U5838,2025-10-20 22:00:00,2025-10-20 22:03:00,F,30~39,office,seoul,0,0,0,0,26,0,0,26,0,0,completed
45835,U5839,2025-11-24 15:10:00,2025-11-24 15:13:00,F,20~29,office,seoul,0,0,0,0,16,0,0,16,0,0,abandoned
45836,U5840,2025-01-16 08:55:00,2025-01-16 08:57:00,M,20~29,office,seoul,0,0,0,0,14,0,0,73,0,0,abandoned
45837,U5841,2025-11-05 12:14:00,2025-11-05 12:16:00,F,40~49,office,seoul,0,0,0,0,26,0,0,34,0,0,completed
45838,U5842,2025-04-14 22:27:00,2025-04-14 22:29:00,F,40~49,office,seoul,0,0,0,0,13,0,0,33,0,0,completed
45839,U5843,2025-04-11 21:43:00,2025-04-11 21:46:00,F,20~29,office,seoul,0,0,0,0,7,0,0,62,0,0,completed
45840,U5844,2025-06-05 07:22:00,2025-06-05 07:26:00,M,50+,office,seoul,0,0,0,0,6,0,0,61,0,0,completed
45841,U5845,2025-01-01 11:18:00,2025-01-01 11:20:00,M,20~29,office,seoul,0,0,0,0,28,0,0,68,0,0,completed
45842,U5846,2025-12-04 19:04:00,2025-12-04 19:08:00,M,30~39,office,seoul,0,0,0,0,23,0,0,42,0,0,completed
45843,U5847,2025-06-25 12:55:00,2025-06-25 12:58:00,F,20~29,office,seoul,0,0,0,0,17,0,0,39,0,0,completed
45844,U5848,2025-02-10 13:11:00,2025-02-10 13:14:00,M,40~49,office,seoul,0,0,0,0,26,0,0,49,0,0,completed
45845,U5849,2025-09-27 15:34:00,2025-09-27 15:40:00,F,30~39,office,seoul,1,0,0,0,7,0,0,79,0,0,abandoned
45846,U5850,2025-05-26 14:43:00,2025-05-26 14:46:00,F,40~49,office,seoul,0,0,0,0,10,0,0,70,0,0,completed
45847,U5851,2025-02-28 15:31:00,2025-02-28 15:37:00,F,20~29,office,seoul,0,0,0,0,17,0,0,75,0,0,completed
45848,U5852,2025-05-28 13:49:00,2025-05-28 13:51:00,F,20~29,office,seoul,0,0,0,0,2,0,0,60,0,0,completed
45849,U5853,2025-05-25 09:38:00,2025-05-25 09:43:00,F,30~39,office,seoul,1,0,0,0,13,0,0,12,0,0,completed
45850,U5854,2025-03-29 14:07:00,2025-03-29 14:11:00,M,40~49,office,seoul,1,0,0,0,22,0,0,52,0,1,completed
45851,U5855,2025-01-24 14:29:00,2025-01-24 14:32:00,F,40~49,office,seoul,0,0,0,0,9,0,0,35,0,0,completed
45852,U5856,2025-09-30 16:12:00,2025-09-30 16:14:00,M,20~29,office,seoul,0,0,0,0,5,0,0,59,0,0,completed
45853,U5857,2025-02-21 13:50:00,2025-02-21 13:56:00,F,30~39,office,seoul,0,0,0,0,21,0,0,24,0,0,completed
45854,U5858,2025-11-03 14:56:00,2025-11-03 15:01:00,M,30~39,office,seoul,0,0,0,0,2,0,0,51,0,0,completed
45855,U5859,2025-09-16 19:20:00,2025-09-16 19:22:00,M,30~39,office,seoul,0,0,0,0,21,0,0,23,0,0,completed
45856,U5860,2025-07-02 14:55:00,2025-07-02 14:58:00,F,30~39,office,seoul,0,0,0,0,15,0,0,13,0,0,completed
45857,U5861,2025-11-03 11:26:00,2025-11-03 11:29:00,F,40~49,office,seoul,0,0,0,0,8,0,0,13,0,0,completed
45858,U5862,2025-10-17 13:27:00,2025-10-17 13:31:00,F,20~29,office,seoul,0,0,0,0,25,0,0,35,0,0,completed
45859,U5863,2025-04-08 15:49:00,2025-04-08 15:55:00,M,20~29,office,seoul,0,0,0,0,9,0,0,28,0,0,completed
45860,U5864,2025-01-30 16:28:00,2025-01-30 16:35:00,F,40~49,office,seoul,0,0,0,0,2,0,0,62,0,0,completed
45861,U5865,2025-12-31 16:55:00,2025-12-31 17:00:00,F,20~29,office,seoul,0,0,0,0,2,0,0,50,0,0,completed
45862,U5866,2025-09-23 09:28:00,2025-09-23 09:34:00,F,40~49,office,seoul,0,0,0,0,7,0,0,46,0,0,completed
45863,U5867,2025-09-03 17:39:00,2025-09-03 17:45:00,M,30~39,office,seoul,0,0,0,0,14,0,0,10,0,0,completed
45864,U5868,2025-12-10 07:32:00,2025-12-10 07:39:00,M,20~29,office,seoul,0,0,0,0,26,0,0,10,0,0,timeout
45865,U5869,2025-09-04 09:00:00,2025-09-04 09:02:00,F,30~39,office,seoul,0,0,0,0,6,0,0,21,0,0,completed
45866,U5870,2025-10-22 17:21:00,2025-10-22 17:23:00,F,30~39,office,seoul,0,0,0,0,24,0,0,24,0,0,completed
45867,U5871,2025-12-14 07:26:00,2025-12-14 07:33:00,F,40~49,office,seoul,1,0,0,0,8,0,0,12,0,0,completed
45868,U5872,2025-06-28 09:51:00,2025-06-28 09:57:00,M,30~39,office,seoul,1,0,0,0,25,0,0,76,0,0,completed
45869,U5873,2025-08-13 12:05:00,2025-08-13 12:08:00,F,20~29,office,seoul,0,0,0,0,28,0,0,79,0,0,completed
45870,U5874,2025-05-11 13:52:00,2025-05-11 13:54:00,F,20~29,office,seoul,1,0,0,0,2,0,0,42,0,0,abandoned
45871,U5875,2025-11-22 13:42:00,2025-11-22 13:46:00,M,30~39,office,seoul,1,0,0,0,29,0,0,77,0,0,completed
45872,U5876,2025-04-12 18:27:00,2025-04-12 18:32:00,F,20~29,office,seoul,1,0,0,0,8,0,0,37,0,1,completed
45873,U5877,2025-02-03 09:51:00,2025-02-03 09:55:00,F,20~29,office,seoul,0,0,0,0,25,0,0,41,0,0,abandoned
45874,U5878,2025-10-30 13:16:00,2025-10-30 13:20:00,F,20~29,office,seoul,0,0,0,0,26,0,0,60,0,0,completed
45875,U5879,2025-03-15 09:17:00,2025-03-15 09:24:00,F,30~39,office,seoul,1,0,0,0,9,0,0,61,0,0,completed
45876,U5880,2025-08-19 18:57:00,2025-08-19 19:01:00,M,20~29,office,seoul,0,0,0,0,2,0,0,61,0,0,completed
45877,U5881,2025-09-29 16:23:00,2025-09-29 16:27:00,F,20~29,office,seoul,0,0,0,0,19,0,0,79,0,0,completed
45878,U5882,2025-10-19 12:44:00,2025-10-19 12:49:00,M,30~39,office,seoul,1,0,0,0,5,0,0,69,0,0,completed
45879,U5883,2025-10-24 12:41:00,2025-10-24 12:48:00,M,40~49,office,seoul,0,0,0,0,24,0,0,38,0,0,completed
45880,U5884,2025-08-12 18:41:00,2025-08-12 18:43:00,F,20~29,office,seoul,0,0,0,0,2,0,0,75,0,0,timeout
45881,U5885,2025-07-24 12:32:00,2025-07-24 12:35:00,F,40~49,office,seoul,0,0,0,0,3,0,0,59,0,0,completed
45882,U5886,2025-05-03 08:56:00,2025-05-03 09:02:00,F,30~39,office,seoul,1,0,0,0,26,0,0,50,0,0,error
45883,U5887,2025-01-31 07:59:00,2025-01-31 08:02:00,F,30~39,office,seoul,0,0,0,0,22,0,0,57,0,0,completed
45884,U5888,2025-02-13 18:39:00,2025-02-13 18:42:00,M,50+,office,seoul,0,0,0,0,18,0,0,76,0,0,completed
45885,U5889,2025-08-21 19:06:00,2025-08-21 19:10:00,M,40~49,office,seoul,0,0,0,0,24,0,0,52,0,0,timeout
45886,U5890,2025-10-26 17:58:00,2025-10-26 18:04:00,F,20~29,office,seoul,1,0,0,0,10,0,0,54,0,0,completed
45887,U5891,2025-11-20 07:22:00,2025-11-20 07:27:00,M,20~29,office,seoul,0,0,0,0,6,0,0,60,0,0,completed
45888,U5892,2025-03-27 21:51:00,2025-03-27 21:57:00,F,40~49,office,seoul,0,0,0,0,22,0,0,55,1,0,completed
45889,U5893,2025-05-02 09:45:00,2025-05-02 09:47:00,M,50+,office,seoul,0,0,0,0,19,0,0,69,0,0,completed
45890,U5894,2025-12-22 19:41:00,2025-12-22 19:48:00,F,30~39,office,seoul,0,0,0,0,10,0,0,14,0,0,completed
45891,U5895,2025-07-26 20:51:00,2025-07-26 20:54:00,M,20~29,office,seoul,1,0,0,0,8,0,0,16,0,0,completed
45892,U5896,2025-01-02 12:13:00,2025-01-02 12:19:00,F,20~29,office,seoul,0,0,0,0,18,0,0,68,0,0,completed
45893,U5897,2025-11-09 08:59:00,2025-11-09 09:06:00,M,30~39,office,seoul,1,0,0,0,3,0,0,29,0,0,completed
45894,U5898,2025-03-31 16:10:00,2025-03-31 16:14:00,F,20~29,office,seoul,0,0,0,0,28,0,0,62,0,0,completed
45895,U5899,2025-06-30 16:16:00,2025-06-30 16:19:00,M,50+,office,seoul,0,0,0,0,21,0,0,79,0,0,abandoned
45896,U5900,2025-03-15 18:39:00,2025-03-15 18:41:00,F,30~39,office,seoul,1,0,0,0,9,0,0,68,0,0,completed
45897,U5901,2025-11-26 19:55:00,2025-11-26 19:57:00,M,20~29,office,seoul,0,0,0,0,14,0,0,15,0,0,completed
45898,U5902,2025-04-06 11:21:00,2025-04-06 11:26:00,F,20~29,office,seoul,1,0,0,0,24,0,0,19,0,0,completed
45899,U5903,2025-12-29 15:12:00,2025-12-29 15:17:00,M,20~29,office,seoul,0,0,0,0,21,0,0,67,0,0,completed
45900,U5904,2025-09-17 19:38:00,2025-09-17 19:41:00,F,40~49,office,seoul,0,0,0,0,9,0,0,68,0,0,completed
45901,U5905,2025-12-25 21:45:00,2025-12-25 21:47:00,F,20~29,office,seoul,0,0,0,0,15,0,0,42,0,0,abandoned
45902,U5906,2025-06-06 22:18:00,2025-06-06 22:22:00,M,50+,office,seoul,0,0,0,0,22,0,0,14,0,0,completed
45903,U5907,2025-08-12 14:29:00,2025-08-12 14:35:00,F,30~39,office,seoul,0,0,0,0,13,0,0,10,0,0,completed
45904,U5908,2025-09-23 19:18:00,2025-09-23 19:21:00,F,50+,office,seoul,0,0,0,0,19,0,0,47,0,0,completed
45905,U5909,2025-02-17 18:37:00,2025-02-17 18:39:00,F,20~29,office,seoul,0,0,0,0,26,0,0,25,0,0,completed
45906,U5910,2025-05-25 08:14:00,2025-05-25 08:18:00,F,20~29,office,seoul,1,0,0,0,11,0,0,36,0,0,completed
45907,U5911,2025-11-17 14:42:00,2025-11-17 14:46:00,M,20~29,office,seoul,0,0,0,0,22,0,0,53,0,0,completed
45908,U5912,2025-04-03 16:27:00,2025-04-03 16:33:00,M,20~29,office,seoul,0,0,0,0,2,0,0,10,0,0,completed
45909,U5913,2025-11-21 22:40:00,2025-11-21 22:46:00,M,20~29,office,seoul,0,0,0,0,8,0,0,60,0,0,completed
45910,U5914,2025-01-12 22:22:00,2025-01-12 22:25:00,F,20~29,office,seoul,1,0,0,0,17,0,0,72,1,0,completed
45911,U5915,2025-08-28 12:08:00,2025-08-28 12:10:00,F,40~49,office,seoul,0,0,0,0,6,0,0,35,0,0,completed
45912,U5916,2025-09-23 14:25:00,2025-09-23 14:32:00,M,20~29,office,seoul,0,0,0,0,10,0,0,29,0,0,completed
45913,U5917,2025-01-07 08:44:00,2025-01-07 08:50:00,M,20~29,office,seoul,0,0,0,0,22,0,0,55,0,0,completed
45914,U5918,2025-01-27 17:50:00,2025-01-27 17:53:00,M,40~49,office,seoul,0,0,0,0,2,0,0,67,0,0,completed
45915,U5919,2025-09-12 21:01:00,2025-09-12 21:07:00,F,20~29,office,seoul,0,0,0,0,23,0,0,24,0,0,completed
45916,U5920,2025-10-05 20:58:00,2025-10-05 21:03:00,M,20~29,office,seoul,1,0,0,0,16,0,0,33,0,0,completed
45917,U5921,2025-07-30 13:14:00,2025-07-30 13:21:00,M,30~39,office,seoul,0,0,0,0,27,0,0,58,0,0,completed
45918,U5922,2025-06-05 16:56:00,2025-06-05 16:59:00,F,40~49,office,seoul,0,0,0,0,16,0,0,63,0,0,completed
45919,U5923,2025-10-29 13:28:00,2025-10-29 13:34:00,M,20~29,office,seoul,0,0,0,0,8,0,0,21,0,0,completed
45920,U5924,2025-05-20 16:36:00,2025-05-20 16:41:00,M,20~29,office,seoul,0,0,0,0,19,0,0,63,0,0,completed
45921,U5925,2025-04-05 20:31:00,2025-04-05 20:36:00,F,40~49,office,seoul,1,0,0,0,23,0,0,69,0,0,completed
45922,U5926,2025-03-04 11:45:00,2025-03-04 11:50:00,F,40~49,office,seoul,0,0,0,0,23,0,0,75,0,0,completed
45923,U5927,2025-04-10 07:49:00,2025-04-10 07:51:00,F,30~39,office,seoul,0,0,0,0,19,0,0,58,0,0,abandoned
45924,U5928,2025-07-19 16:49:00,2025-07-19 16:55:00,F,30~39,office,seoul,1,0,0,0,8,0,0,10,0,0,completed
45925,U5929,2025-09-06 19:53:00,2025-09-06 19:57:00,F,30~39,office,seoul,1,0,0,0,9,0,0,75,0,0,completed
45926,U5930,2025-09-13 13:56:00,2025-09-13 14:02:00,M,30~39,office,seoul,1,0,0,0,2,0,0,78,0,0,completed
45927,U5931,2025-03-04 14:53:00,2025-03-04 14:59:00,F,20~29,office,seoul,0,0,0,0,10,0,0,36,0,0,completed
45928,U5932,2025-12-15 15:27:00,2025-12-15 15:30:00,M,20~29,office,seoul,0,0,0,0,18,0,0,17,0,0,error
45929,U5933,2025-05-23 12:03:00,2025-05-23 12:10:00,M,20~29,office,seoul,0,0,0,0,22,0,0,32,0,0,completed
45930,U5934,2025-08-31 09:20:00,2025-08-31 09:26:00,F,20~29,office,seoul,1,0,0,0,9,0,0,62,0,0,completed
45931,U5935,2025-06-28 11:14:00,2025-06-28 11:19:00,M,20~29,office,seoul,1,0,0,0,13,0,0,57,0,0,completed
45932,U5936,2025-07-29 07:10:00,2025-07-29 07:15:00,F,20~29,office,seoul,0,0,0,0,19,0,0,64,0,0,abandoned
45933,U5937,2025-02-17 18:14:00,2025-02-17 18:17:00,F,30~39,office,seoul,0,0,0,0,15,0,0,45,0,0,completed
45934,U5938,2025-07-20 07:07:00,2025-07-20 07:12:00,F,20~29,office,seoul,1,0,0,0,8,0,0,10,0,0,completed
45935,U5939,2025-06-23 15:01:00,2025-06-23 15:07:00,F,40~49,office,seoul,0,0,0,0,27,0,0,41,0,0,completed
45936,U5940,2025-06-19 13:20:00,2025-06-19 13:26:00,F,20~29,office,seoul,0,0,0,0,5,0,0,62,0,0,completed
45937,U5941,2025-04-06 17:26:00,2025-04-06 17:29:00,M,20~29,office,seoul,1,0,0,0,11,0,0,42,0,0,completed
45938,U5942,2025-08-04 16:47:00,2025-08-04 16:50:00,F,20~29,office,seoul,0,0,0,0,8,0,0,25,0,0,completed
45939,U5943,2025-02-02 09:13:00,2025-02-02 09:15:00,F,40~49,office,seoul,1,0,0,0,5,0,0,48,0,0,completed
45940,U5944,2025-05-28 15:34:00,2025-05-28 15:36:00,M,30~39,office,seoul,0,0,0,0,15,0,0,20,0,0,completed
45941,U5945,2025-10-01 15:14:00,2025-10-01 15:21:00,F,20~29,office,seoul,0,0,0,0,18,0,0,40,0,0,completed
45942,U5946,2025-03-27 12:13:00,2025-03-27 12:16:00,F,30~39,office,seoul,0,0,0,0,20,0,0,18,0,0,completed
45943,U5947,2025-04-25 19:33:00,2025-04-25 19:40:00,M,40~49,office,seoul,0,0,0,0,13,0,0,78,0,0,completed
45944,U5948,2025-11-05 20:33:00,2025-11-05 20:38:00,F,30~39,office,seoul,0,0,0,0,1,0,0,55,0,0,completed
45945,U5949,2025-03-15 12:15:00,2025-03-15 12:18:00,F,40~49,office,seoul,1,0,0,0,1,0,0,62,0,0,completed
45946,U5950,2025-12-31 12:47:00,2025-12-31 12:52:00,F,20~29,office,seoul,0,0,0,0,29,0,0,51,0,0,timeout
45947,U5951,2025-05-25 09:19:00,2025-05-25 09:24:00,M,50+,office,seoul,1,0,0,0,25,0,0,79,0,0,completed
45948,U5952,2025-08-27 09:31:00,2025-08-27 09:38:00,F,30~39,office,seoul,0,0,0,0,18,0,0,54,1,0,completed
45949,U5953,2025-12-25 15:43:00,2025-12-25 15:48:00,F,40~49,office,seoul,0,0,0,0,13,0,0,79,0,0,completed
45950,U5954,2025-08-16 09:17:00,2025-08-16 09:21:00,M,20~29,office,seoul,1,0,0,0,15,0,0,17,0,0,completed
45951,U5955,2025-06-14 13:19:00,2025-06-14 13:25:00,F,50+,office,seoul,1,0,0,0,12,0,0,22,0,0,completed
45952,U5956,2025-08-30 14:46:00,2025-08-30 14:53:00,F,20~29,office,seoul,1,0,0,0,13,0,0,72,0,0,completed
45953,U5957,2025-04-09 14:44:00,2025-04-09 14:48:00,M,30~39,office,seoul,0,0,0,0,16,0,0,26,0,0,completed
45954,U5958,2025-05-20 11:09:00,2025-05-20 11:14:00,F,40~49,office,seoul,0,0,0,0,19,0,0,72,0,0,completed
45955,U5959,2025-07-21 07:52:00,2025-07-21 07:57:00,M,20~29,office,seoul,0,0,0,0,9,0,0,28,0,0,completed
45956,U5960,2025-12-27 19:21:00,2025-12-27 19:23:00,M,20~29,office,seoul,1,0,0,0,14,0,0,35,0,0,completed
45957,U5961,2025-08-23 18:51:00,2025-08-23 18:54:00,F,20~29,office,seoul,1,0,0,0,4,0,0,29,0,0,completed
45958,U5962,2025-12-16 17:23:00,2025-12-16 17:30:00,M,40~49,office,seoul,0,0,0,0,21,0,0,60,0,0,completed
45959,U5963,2025-03-10 09:08:00,2025-03-10 09:10:00,M,40~49,office,seoul,0,0,0,0,2,0,0,45,0,0,completed
45960,U5964,2025-09-11 19:11:00,2025-09-11 19:16:00,M,30~39,office,seoul,0,0,0,0,29,0,0,48,0,0,completed
45961,U5965,2025-06-08 15:41:00,2025-06-08 15:43:00,M,50+,office,seoul,1,0,0,0,25,0,0,65,0,0,completed
45962,U5966,2025-01-11 13:52:00,2025-01-11 13:55:00,M,30~39,office,seoul,1,0,0,0,15,0,0,27,0,0,completed
45963,U5967,2025-04-05 11:33:00,2025-04-05 11:35:00,M,30~39,office,seoul,1,0,0,0,20,0,0,50,0,0,abandoned
45964,U5968,2025-05-29 13:29:00,2025-05-29 13:31:00,F,30~39,office,seoul,0,0,0,0,6,0,0,69,0,0,completed
45965,U5969,2025-05-23 19:55:00,2025-05-23 19:57:00,M,30~39,office,seoul,0,0,0,0,2,0,0,11,0,0,completed
45966,U5970,2025-12-19 14:25:00,2025-12-19 14:30:00,M,40~49,office,seoul,0,0,0,0,8,0,0,34,0,0,completed
45967,U5971,2025-11-04 15:44:00,2025-11-04 15:51:00,M,30~39,office,seoul,0,0,0,0,26,0,0,36,0,1,completed
45968,U5972,2025-02-14 18:50:00,2025-02-14 18:52:00,M,20~29,office,seoul,0,0,0,0,20,0,0,13,0,0,completed
45969,U5973,2025-08-07 09:29:00,2025-08-07 09:31:00,F,30~39,office,seoul,0,0,0,0,12,0,0,28,0,0,timeout
45970,U5974,2025-01-17 15:19:00,2025-01-17 15:21:00,M,40~49,office,seoul,0,0,0,0,15,0,0,60,0,0,completed
45971,U5975,2025-06-26 14:37:00,2025-06-26 14:41:00,F,20~29,office,seoul,0,0,0,0,16,0,0,29,0,0,completed
45972,U5976,2025-09-14 08:51:00,2025-09-14 08:55:00,M,50+,office,seoul,1,0,0,0,29,0,0,32,0,0,completed
45973,U5977,2025-01-29 20:56:00,2025-01-29 21:00:00,F,40~49,office,seoul,0,0,0,0,11,0,0,78,0,0,completed
45974,U5978,2025-11-10 17:42:00,2025-11-10 17:47:00,F,40~49,office,seoul,0,0,0,0,10,0,0,44,0,0,completed
45975,U5979,2025-06-07 17:16:00,2025-06-07 17:18:00,M,40~49,office,seoul,1,0,0,0,9,0,0,26,0,0,abandoned
45976,U5980,2025-10-16 09:03:00,2025-10-16 09:08:00,F,50+,office,seoul,0,0,0,0,9,0,0,30,0,0,abandoned
45977,U5981,2025-05-10 18:55:00,2025-05-10 18:57:00,F,20~29,office,seoul,1,0,0,0,0,0,0,66,0,0,completed
45978,U5982,2025-10-04 12:47:00,2025-10-04 12:50:00,M,50+,office,seoul,1,0,0,0,5,0,0,41,0,0,completed
45979,U5983,2025-10-11 13:21:00,2025-10-11 13:26:00,F,30~39,office,seoul,1,0,0,0,13,0,0,79,0,0,completed
45980,U5984,2025-12-09 15:06:00,2025-12-09 15:09:00,M,20~29,office,seoul,0,0,0,0,2,0,0,60,0,0,completed
45981,U5985,2025-11-04 20:53:00,2025-11-04 21:00:00,F,30~39,office,seoul,0,0,0,0,10,0,0,19,0,0,completed
45982,U5986,2025-06-28 18:06:00,2025-06-28 18:12:00,M,30~39,office,seoul,1,0,0,0,9,0,0,31,0,0,completed
45983,U5987,2025-05-23 13:49:00,2025-05-23 13:52:00,F,50+,office,seoul,0,0,0,0,7,0,0,10,0,0,completed
45984,U5988,2025-10-27 20:19:00,2025-10-27 20:26:00,M,30~39,office,seoul,0,0,0,0,0,0,0,44,0,0,completed
45985,U5989,2025-09-21 20:14:00,2025-09-21 20:18:00,M,40~49,office,seoul,1,0,0,0,27,0,0,10,0,0,completed
45986,U5990,2025-04-20 08:15:00,2025-04-20 08:22:00,M,30~39,office,seoul,1,0,0,0,19,0,0,47,0,0,abandoned
45987,U5991,2025-06-17 13:58:00,2025-06-17 14:05:00,F,30~39,office,seoul,0,0,0,0,12,0,0,13,0,0,completed
45988,U5992,2025-09-03 14:49:00,2025-09-03 14:55:00,M,30~39,office,seoul,0,0,0,0,23,0,0,21,0,0,completed
45989,U5993,2025-08-09 07:06:00,2025-08-09 07:13:00,F,30~39,office,seoul,1,0,0,0,7,0,0,51,0,0,completed
45990,U5994,2025-07-09 08:57:00,2025-07-09 08:59:00,M,20~29,office,seoul,0,0,0,0,21,0,0,31,0,0,completed
45991,U5995,2025-12-24 13:01:00,2025-12-24 13:08:00,M,30~39,office,seoul,0,0,0,0,3,0,0,58,0,0,abandoned
45992,U5996,2025-12-23 12:57:00,2025-12-23 13:04:00,F,20~29,office,seoul,0,0,0,0,16,0,0,11,0,0,completed
45993,U5997,2025-12-27 19:04:00,2025-12-27 19:06:00,F,50+,office,seoul,1,0,0,0,7,0,0,29,0,0,completed
45994,U5998,2025-03-17 11:09:00,2025-03-17 11:13:00,F,20~29,office,seoul,0,0,0,0,21,0,0,25,0,0,completed
45995,U5999,2025-08-12 18:14:00,2025-08-12 18:19:00,F,20~29,office,seoul,0,0,0,0,3,0,0,74,0,0,completed
45996,U6000,2025-10-30 07:32:00,2025-10-30 07:36:00,F,30~39,office,seoul,0,0,0,0,2,0,0,73,0,0,completed
45997,U6001,2025-11-13 08:34:00,2025-11-13 08:39:00,F,30~39,office,seoul,0,0,0,0,7,0,0,75,0,0,completed
45998,U6002,2025-11-18 12:16:00,2025-11-18 12:20:00,F,50+,office,seoul,0,0,0,0,18,0,0,75,0,0,timeout
45999,U6003,2025-04-05 09:32:00,2025-04-05 09:38:00,F,30~39,office,seoul,1,0,0,0,23,0,0,49,0,0,completed
46000,U6004,2025-06-15 16:24:00,2025-06-15 16:26:00,F,20~29,office,seoul,1,0,0,0,8,0,0,69,0,0,completed
46001,U6005,2025-01-26 19:21:00,2025-01-26 19:25:00,M,20~29,office,seoul,1,0,0,0,3,0,0,71,0,0,completed
46002,U6006,2025-12-04 14:22:00,2025-12-04 14:24:00,M,20~29,office,seoul,0,0,0,0,9,0,0,40,0,0,completed
46003,U6007,2025-03-25 09:49:00,2025-03-25 09:53:00,F,30~39,office,seoul,0,0,0,0,12,0,0,45,0,0,completed
46004,U6008,2025-11-23 13:51:00,2025-11-23 13:55:00,M,30~39,office,seoul,1,0,0,0,16,0,0,66,0,0,completed
46005,U6009,2025-02-10 08:21:00,2025-02-10 08:27:00,F,50+,office,seoul,0,0,0,0,24,0,0,54,1,1,completed
46006,U6010,2025-02-24 15:31:00,2025-02-24 15:37:00,F,40~49,office,seoul,0,0,0,0,7,0,0,32,0,0,completed
46007,U6011,2025-04-03 21:31:00,2025-04-03 21:35:00,F,50+,office,seoul,0,0,0,0,21,0,0,54,0,0,completed
46008,U6012,2025-08-01 21:44:00,2025-08-01 21:50:00,F,40~49,office,seoul,0,0,0,0,20,0,0,74,0,0,completed
46009,U6013,2025-12-28 16:26:00,2025-12-28 16:31:00,M,40~49,office,seoul,1,0,0,0,22,0,0,15,0,0,completed
46010,U6014,2025-03-14 15:05:00,2025-03-14 15:11:00,M,20~29,office,seoul,0,0,0,0,7,0,0,31,0,0,abandoned
46011,U6015,2025-01-01 08:12:00,2025-01-01 08:18:00,F,50+,office,seoul,0,0,0,0,20,0,0,14,0,0,completed
46012,U6016,2025-11-24 12:49:00,2025-11-24 12:56:00,F,30~39,office,seoul,0,0,0,0,20,0,0,72,0,1,completed
46013,U6017,2025-09-26 15:34:00,2025-09-26 15:41:00,F,30~39,office,seoul,0,0,0,0,14,0,0,61,0,0,completed
46014,U6018,2025-03-26 09:48:00,2025-03-26 09:52:00,M,20~29,office,seoul,0,0,0,0,8,0,0,32,0,0,completed
46015,U6019,2025-02-18 09:11:00,2025-02-18 09:16:00,M,30~39,office,seoul,0,0,0,0,3,0,0,34,1,0,completed
46016,U6020,2025-07-27 14:06:00,2025-07-27 14:11:00,F,20~29,office,seoul,1,0,0,0,14,0,0,56,0,0,timeout
46017,U6021,2025-04-04 17:47:00,2025-04-04 17:54:00,F,40~49,office,seoul,0,0,0,0,17,0,0,71,0,0,completed
46018,U6022,2025-05-10 13:48:00,2025-05-10 13:52:00,M,20~29,office,seoul,1,0,0,0,20,0,0,43,0,0,completed
46019,U6023,2025-10-01 20:56:00,2025-10-01 21:03:00,F,50+,office,seoul,0,0,0,0,6,0,0,68,0,0,completed
46020,U6024,2025-03-05 14:34:00,2025-03-05 14:38:00,M,50+,office,seoul,0,0,0,0,17,0,0,54,1,0,completed
46021,U6025,2025-03-14 12:24:00,2025-03-14 12:29:00,F,30~39,office,seoul,0,0,0,0,23,0,0,24,0,0,completed
46022,U6026,2025-12-09 11:14:00,2025-12-09 11:17:00,F,20~29,office,seoul,0,0,0,0,27,0,0,75,0,0,completed
46023,U6027,2025-04-26 13:33:00,2025-04-26 13:36:00,M,30~39,office,seoul,1,0,0,0,9,0,0,10,0,0,completed
46024,U6028,2025-06-06 16:18:00,2025-06-06 16:21:00,M,50+,office,seoul,0,0,0,0,4,0,0,56,0,0,completed
46025,U6029,2025-02-23 12:05:00,2025-02-23 12:07:00,F,30~39,office,seoul,1,0,0,0,0,0,0,26,0,0,completed
46026,U6030,2025-06-23 14:46:00,2025-06-23 14:50:00,F,30~39,office,seoul,0,0,0,0,16,0,0,55,0,0,completed
46027,U6031,2025-02-04 12:31:00,2025-02-04 12:33:00,M,50+,office,seoul,0,0,0,0,11,0,0,70,0,0,abandoned
46028,U6032,2025-08-07 11:10:00,2025-08-07 11:12:00,F,20~29,office,seoul,0,0,0,0,23,0,0,76,0,0,completed
46029,U6033,2025-01-05 08:34:00,2025-01-05 08:36:00,F,50+,office,seoul,1,0,0,0,20,0,0,26,0,0,completed
46030,U6034,2025-12-17 09:06:00,2025-12-17 09:08:00,M,20~29,office,seoul,0,0,0,0,7,0,0,37,0,0,completed
46031,U6035,2025-06-30 11:39:00,2025-06-30 11:42:00,F,50+,office,seoul,0,0,0,0,11,0,0,48,0,0,completed
46032,U6036,2025-09-11 09:08:00,2025-09-11 09:12:00,M,20~29,office,seoul,0,0,0,0,4,0,0,66,0,0,abandoned
46033,U6037,2025-08-26 16:29:00,2025-08-26 16:31:00,M,50+,office,seoul,0,0,0,0,15,0,0,32,1,0,timeout
46034,U6038,2025-08-21 17:44:00,2025-08-21 17:47:00,M,30~39,office,seoul,0,0,0,0,0,0,0,46,0,0,completed
46035,U6039,2025-10-27 14:01:00,2025-10-27 14:04:00,F,30~39,office,seoul,0,0,0,0,22,0,0,33,0,0,completed
46036,U6040,2025-02-01 09:16:00,2025-02-01 09:19:00,F,20~29,office,seoul,1,0,0,0,26,0,0,27,0,0,completed
46037,U6041,2025-11-04 11:45:00,2025-11-04 11:49:00,M,20~29,office,seoul,0,0,0,0,7,0,0,32,0,0,completed
46038,U6042,2025-11-02 16:19:00,2025-11-02 16:26:00,M,30~39,office,seoul,1,0,0,0,23,0,0,72,0,0,completed
46039,U6043,2025-03-07 15:32:00,2025-03-07 15:35:00,M,40~49,office,seoul,0,0,0,0,22,0,0,18,0,0,completed
46040,U6044,2025-05-15 17:09:00,2025-05-15 17:12:00,F,30~39,office,seoul,0,0,0,0,11,0,0,24,0,0,abandoned
46041,U6045,2025-06-27 16:24:00,2025-06-27 16:29:00,M,20~29,office,seoul,0,0,0,0,23,0,0,70,0,0,timeout
46042,U6046,2025-08-20 12:05:00,2025-08-20 12:10:00,F,40~49,office,seoul,0,0,0,0,5,0,0,21,0,1,completed
46043,U6047,2025-01-04 16:45:00,2025-01-04 16:47:00,F,20~29,office,seoul,1,0,0,0,0,0,0,54,0,0,completed
46044,U6048,2025-05-31 08:08:00,2025-05-31 08:11:00,F,50+,office,seoul,1,0,0,0,21,0,0,15,0,0,completed
46045,U6049,2025-03-03 14:16:00,2025-03-03 14:20:00,F,30~39,office,seoul,0,0,0,0,17,0,0,25,0,0,completed
46046,U6050,2025-02-04 18:50:00,2025-02-04 18:52:00,F,20~29,office,seoul,0,0,0,0,2,0,0,13,0,0,completed
46047,U6051,2025-03-03 22:30:00,2025-03-03 22:35:00,M,50+,office,seoul,0,0,0,0,12,0,0,74,0,1,completed
46048,U6052,2025-11-20 12:59:00,2025-11-20 13:04:00,M,50+,office,seoul,0,0,0,0,24,0,0,31,0,0,completed
46049,U6053,2025-03-21 12:38:00,2025-03-21 12:40:00,F,20~29,office,seoul,0,0,0,0,22,0,0,22,0,0,completed
46050,U6054,2025-10-17 09:27:00,2025-10-17 09:31:00,F,20~29,office,seoul,0,0,0,0,16,0,0,53,0,0,completed
46051,U6055,2025-06-30 17:16:00,2025-06-30 17:23:00,M,30~39,office,seoul,0,0,0,0,28,0,0,68,0,0,completed
46052,U6056,2025-01-20 12:23:00,2025-01-20 12:30:00,M,40~49,office,seoul,0,0,0,0,4,0,0,19,0,0,completed
46053,U6057,2025-04-08 17:32:00,2025-04-08 17:35:00,M,20~29,office,seoul,0,0,0,0,17,0,0,64,0,0,completed
46054,U6058,2025-05-12 08:57:00,2025-05-12 08:59:00,M,40~49,office,seoul,0,0,0,0,22,0,0,22,0,0,completed
46055,U6059,2025-07-23 07:54:00,2025-07-23 07:57:00,F,30~39,office,seoul,0,0,0,0,16,0,0,44,0,0,completed
46056,U6060,2025-05-27 13:08:00,2025-05-27 13:10:00,F,30~39,office,seoul,0,0,0,0,13,0,0,72,0,1,completed
46057,U6061,2025-08-07 11:06:00,2025-08-07 11:13:00,M,30~39,office,seoul,0,0,0,0,8,0,0,72,0,0,completed
46058,U6062,2025-11-29 09:24:00,2025-11-29 09:29:00,F,40~49,office,seoul,1,0,0,0,19,0,0,41,0,0,completed
46059,U6063,2025-06-26 21:01:00,2025-06-26 21:04:00,F,30~39,office,seoul,0,0,0,0,6,0,0,59,0,0,completed
46060,U6064,2025-01-17 12:47:00,2025-01-17 12:54:00,F,30~39,office,seoul,0,0,0,0,18,0,0,25,0,0,completed
46061,U6065,2025-10-27 15:05:00,2025-10-27 15:07:00,F,50+,office,seoul,0,0,0,0,13,0,0,26,0,0,completed
46062,U6066,2025-10-05 17:08:00,2025-10-05 17:11:00,M,50+,office,seoul,1,0,0,0,20,0,0,54,0,0,timeout
46063,U6067,2025-07-26 14:26:00,2025-07-26 14:28:00,M,20~29,office,seoul,1,0,0,0,15,0,0,14,0,0,completed
46064,U6068,2025-08-01 13:19:00,2025-08-01 13:22:00,F,40~49,office,seoul,0,0,0,0,1,0,0,65,1,0,abandoned
46065,U6069,2025-08-26 16:47:00,2025-08-26 16:50:00,F,20~29,office,seoul,0,0,0,0,28,0,0,31,0,0,completed
46066,U6070,2025-02-15 12:02:00,2025-02-15 12:07:00,M,30~39,office,seoul,1,0,0,0,21,0,0,14,0,0,completed
46067,U6071,2025-06-26 18:52:00,2025-06-26 18:57:00,M,20~29,office,seoul,0,0,0,0,10,0,0,59,0,0,completed
46068,U6072,2025-02-17 14:27:00,2025-02-17 14:31:00,M,30~39,office,seoul,0,0,0,0,18,0,0,51,0,0,completed
46069,U6073,2025-06-11 07:56:00,2025-06-11 07:59:00,F,40~49,office,seoul,0,0,0,0,28,0,0,49,0,0,completed
46070,U6074,2025-09-10 08:18:00,2025-09-10 08:21:00,F,50+,office,seoul,0,0,0,0,19,0,0,64,0,0,completed
46071,U6075,2025-12-01 16:13:00,2025-12-01 16:17:00,M,40~49,office,seoul,0,0,0,0,3,0,0,13,0,0,completed
46072,U6076,2025-03-31 15:41:00,2025-03-31 15:43:00,M,30~39,office,seoul,0,0,0,0,11,0,0,28,0,0,completed
46073,U6077,2025-02-26 20:05:00,2025-02-26 20:09:00,M,30~39,office,seoul,0,0,0,0,3,0,0,59,0,0,completed
46074,U6078,2025-01-10 16:14:00,2025-01-10 16:19:00,M,20~29,office,seoul,0,0,0,0,9,0,0,25,0,0,completed
46075,U6079,2025-12-06 15:01:00,2025-12-06 15:06:00,F,40~49,office,seoul,1,0,0,0,11,0,0,53,0,0,completed
46076,U6080,2025-04-01 07:38:00,2025-04-01 07:41:00,F,20~29,office,seoul,0,0,0,0,3,0,0,14,0,0,abandoned
46077,U6081,2025-07-09 15:12:00,2025-07-09 15:17:00,M,20~29,office,seoul,0,0,0,0,1,0,0,73,0,0,completed
46078,U6082,2025-11-16 15:17:00,2025-11-16 15:23:00,M,30~39,office,seoul,1,0,0,0,8,0,0,65,0,0,completed
46079,U6083,2025-10-29 09:51:00,2025-10-29 09:53:00,F,50+,office,seoul,0,0,0,0,23,0,0,46,0,0,completed
46080,U6084,2025-03-09 16:41:00,2025-03-09 16:46:00,M,20~29,office,seoul,1,0,0,0,8,0,0,75,0,0,completed
46081,U6085,2025-01-11 07:29:00,2025-01-11 07:33:00,M,30~39,office,seoul,1,0,0,0,3,0,0,45,0,0,completed
46082,U6086,2025-09-04 22:11:00,2025-09-04 22:17:00,M,40~49,office,seoul,0,0,0,0,9,0,0,76,0,0,abandoned
46083,U6087,2025-11-28 15:52:00,2025-11-28 15:55:00,M,40~49,office,seoul,0,0,0,0,23,0,0,59,0,0,completed
46084,U6088,2025-06-21 16:01:00,2025-06-21 16:07:00,M,20~29,office,seoul,1,0,0,0,6,0,0,36,0,0,timeout
46085,U6089,2025-12-24 16:57:00,2025-12-24 17:03:00,F,20~29,office,seoul,0,0,0,0,17,0,0,14,0,0,completed
46086,U6090,2025-06-30 12:03:00,2025-06-30 12:09:00,F,50+,office,seoul,0,0,0,0,17,0,0,15,1,0,completed
46087,U6091,2025-03-12 15:04:00,2025-03-12 15:09:00,F,20~29,office,seoul,0,0,0,0,16,0,0,47,0,0,completed
46088,U6092,2025-05-20 21:46:00,2025-05-20 21:48:00,M,30~39,office,seoul,0,0,0,0,14,0,0,56,0,0,completed
46089,U6093,2025-11-01 16:26:00,2025-11-01 16:30:00,F,20~29,office,seoul,1,0,0,0,17,0,0,33,0,0,completed
46090,U6094,2025-06-30 08:38:00,2025-06-30 08:42:00,F,30~39,office,seoul,0,0,0,0,12,0,0,23,0,0,completed
46091,U6095,2025-12-22 20:09:00,2025-12-22 20:15:00,M,50+,office,seoul,0,0,0,0,15,0,0,31,0,0,completed
46092,U6096,2025-11-12 08:10:00,2025-11-12 08:15:00,F,40~49,office,seoul,0,0,0,0,28,0,0,79,0,0,completed
46093,U6097,2025-10-10 14:08:00,2025-10-10 14:15:00,F,40~49,office,seoul,0,0,0,0,22,0,0,56,1,0,completed
46094,U6098,2025-05-28 12:19:00,2025-05-28 12:21:00,F,20~29,office,seoul,0,0,0,0,29,0,0,17,0,0,completed
46095,U6099,2025-03-01 11:28:00,2025-03-01 11:30:00,M,20~29,office,seoul,1,0,0,0,12,0,0,42,0,0,completed
46096,U6100,2025-08-07 12:01:00,2025-08-07 12:07:00,F,50+,office,seoul,0,0,0,0,4,0,0,52,0,0,timeout
46097,U6101,2025-05-12 18:06:00,2025-05-12 18:12:00,F,20~29,office,seoul,0,0,0,0,14,0,0,73,0,0,completed
46098,U6102,2025-01-26 12:08:00,2025-01-26 12:12:00,F,30~39,office,seoul,1,0,0,0,20,0,0,48,0,0,completed
46099,U6103,2025-06-01 09:04:00,2025-06-01 09:06:00,F,20~29,office,seoul,1,0,0,0,14,0,0,70,0,0,completed
46100,U6104,2025-01-14 09:43:00,2025-01-14 09:47:00,M,20~29,office,seoul,0,0,0,0,5,0,0,45,0,0,completed
46101,U6105,2025-09-06 15:33:00,2025-09-06 15:39:00,F,20~29,office,seoul,1,0,0,0,21,0,0,75,0,0,completed
46102,U6106,2025-08-22 21:24:00,2025-08-22 21:30:00,M,20~29,office,seoul,0,0,0,0,22,0,0,35,0,0,error
46103,U6107,2025-11-16 11:29:00,2025-11-16 11:33:00,F,30~39,office,seoul,1,0,0,0,27,0,0,56,0,0,completed
46104,U6108,2025-02-05 11:01:00,2025-02-05 11:04:00,M,40~49,office,seoul,0,0,0,0,5,0,0,49,0,0,completed
46105,U6109,2025-04-13 13:23:00,2025-04-13 13:28:00,F,30~39,office,seoul,1,0,0,0,10,0,0,73,0,0,completed
46106,U6110,2025-12-22 21:58:00,2025-12-22 22:03:00,M,20~29,office,seoul,0,0,0,0,18,0,0,61,0,0,completed
46107,U6111,2025-12-11 19:36:00,2025-12-11 19:39:00,F,30~39,office,seoul,0,0,0,0,25,0,0,60,0,0,completed
46108,U6112,2025-03-12 12:44:00,2025-03-12 12:46:00,M,30~39,office,seoul,0,0,0,0,1,0,0,38,0,0,completed
46109,U6113,2025-12-07 09:40:00,2025-12-07 09:42:00,M,20~29,office,seoul,1,0,0,0,26,0,0,50,0,0,completed
46110,U6114,2025-07-02 09:10:00,2025-07-02 09:12:00,F,20~29,office,seoul,0,0,0,0,21,0,0,20,0,0,completed
46111,U6115,2025-07-27 15:47:00,2025-07-27 15:49:00,M,30~39,office,seoul,1,0,0,0,21,0,0,19,0,0,completed
46112,U6116,2025-01-30 11:57:00,2025-01-30 12:00:00,F,50+,office,seoul,0,0,0,0,2,0,0,67,0,0,abandoned
46113,U6117,2025-04-08 17:49:00,2025-04-08 17:54:00,M,30~39,office,seoul,0,0,0,0,29,0,0,49,0,0,completed
46114,U6118,2025-06-12 20:02:00,2025-06-12 20:06:00,F,40~49,office,seoul,0,0,0,0,8,0,0,48,0,0,completed
46115,U6119,2025-11-01 16:51:00,2025-11-01 16:54:00,F,30~39,office,seoul,1,0,0,0,11,0,0,30,0,0,completed
46116,U6120,2025-06-20 16:01:00,2025-06-20 16:03:00,F,20~29,office,seoul,0,0,0,0,1,0,0,68,0,0,completed
46117,U6121,2025-03-03 18:54:00,2025-03-03 18:56:00,F,30~39,office,seoul,0,0,0,0,19,0,0,29,0,0,completed
46118,U6122,2025-11-19 20:48:00,2025-11-19 20:53:00,F,30~39,office,seoul,0,0,0,0,10,0,0,21,0,0,completed
46119,U6123,2025-09-24 08:28:00,2025-09-24 08:34:00,M,20~29,office,seoul,0,0,0,0,8,0,0,72,0,0,completed
46120,U6124,2025-05-10 16:28:00,2025-05-10 16:32:00,F,50+,office,seoul,1,0,0,0,1,0,0,23,0,0,completed
46121,U6125,2025-07-15 14:07:00,2025-07-15 14:10:00,F,50+,office,seoul,0,0,0,0,19,0,0,50,0,0,completed
46122,U6126,2025-06-05 14:50:00,2025-06-05 14:56:00,M,30~39,office,seoul,0,0,0,0,29,0,0,43,0,0,completed
46123,U6127,2025-02-20 14:52:00,2025-02-20 14:59:00,M,50+,office,seoul,0,0,0,0,16,0,0,77,0,0,completed
46124,U6128,2025-08-26 12:38:00,2025-08-26 12:41:00,F,50+,office,seoul,0,0,0,0,23,0,0,44,0,0,completed
46125,U6129,2025-02-09 20:23:00,2025-02-09 20:30:00,F,50+,office,seoul,1,0,0,0,10,0,0,49,0,0,completed
46126,U6130,2025-06-30 12:44:00,2025-06-30 12:49:00,M,20~29,office,seoul,0,0,0,0,15,0,0,16,0,0,completed
46127,U6131,2025-06-19 07:28:00,2025-06-19 07:34:00,M,40~49,office,seoul,0,0,0,0,0,0,0,59,0,0,completed
46128,U6132,2025-01-30 13:49:00,2025-01-30 13:56:00,F,30~39,office,seoul,0,0,0,0,4,0,0,33,0,0,abandoned
46129,U6133,2025-02-14 13:48:00,2025-02-14 13:53:00,M,20~29,office,seoul,0,0,0,0,22,0,0,60,0,0,completed
46130,U6134,2025-05-26 16:46:00,2025-05-26 16:48:00,F,20~29,office,seoul,0,0,0,0,8,0,0,44,0,0,completed
46131,U6135,2025-05-17 13:47:00,2025-05-17 13:50:00,F,30~39,office,seoul,1,0,0,0,26,0,0,54,0,0,completed
46132,U6136,2025-04-07 08:14:00,2025-04-07 08:16:00,F,20~29,office,seoul,0,0,0,0,17,0,0,14,0,0,completed
46133,U6137,2025-12-10 08:33:00,2025-12-10 08:36:00,F,20~29,office,seoul,0,0,0,0,25,0,0,25,0,0,completed
46134,U6138,2025-12-18 18:20:00,2025-12-18 18:27:00,F,40~49,office,seoul,0,0,0,0,16,0,0,62,0,0,completed
46135,U6139,2025-07-14 15:25:00,2025-07-14 15:30:00,M,30~39,office,seoul,0,0,0,0,12,0,0,47,0,0,completed
46136,U6140,2025-05-27 20:13:00,2025-05-27 20:17:00,M,20~29,office,seoul,0,0,0,0,8,0,0,28,0,0,timeout
46137,U6141,2025-08-11 09:42:00,2025-08-11 09:48:00,F,20~29,office,seoul,0,0,0,0,15,0,0,52,0,0,completed
46138,U6142,2025-09-24 16:57:00,2025-09-24 17:03:00,F,30~39,office,seoul,0,0,0,0,3,0,0,58,0,0,timeout
46139,U6143,2025-06-27 09:27:00,2025-06-27 09:29:00,F,30~39,office,seoul,0,0,0,0,24,0,0,67,0,0,completed
46140,U6144,2025-06-04 16:51:00,2025-06-04 16:57:00,F,30~39,office,seoul,0,0,0,0,13,0,0,67,0,0,completed
46141,U6145,2025-07-30 17:04:00,2025-07-30 17:10:00,F,30~39,office,seoul,0,0,0,0,17,0,0,76,0,0,completed
46142,U6146,2025-04-01 16:28:00,2025-04-01 16:35:00,F,20~29,office,seoul,0,0,0,0,11,0,0,59,0,0,completed
46143,U6147,2025-05-23 15:50:00,2025-05-23 15:52:00,F,50+,office,seoul,0,0,0,0,10,0,0,15,0,0,completed
46144,U6148,2025-11-22 13:36:00,2025-11-22 13:39:00,M,40~49,office,seoul,1,0,0,0,6,0,0,24,0,0,completed
46145,U6149,2025-06-26 12:01:00,2025-06-26 12:05:00,M,20~29,office,seoul,0,0,0,0,29,0,0,21,0,0,completed
46146,U6150,2025-09-15 15:26:00,2025-09-15 15:33:00,F,20~29,office,seoul,0,0,0,0,2,0,0,40,0,0,completed
46147,U6151,2025-12-14 08:13:00,2025-12-14 08:18:00,F,20~29,office,seoul,1,0,0,0,9,0,0,37,0,0,completed
46148,U6152,2025-09-27 08:05:00,2025-09-27 08:08:00,M,40~49,office,seoul,1,0,0,0,0,0,0,78,0,0,completed
46149,U6153,2025-06-15 14:28:00,2025-06-15 14:32:00,F,20~29,office,seoul,1,0,0,0,1,0,0,57,0,0,completed
46150,U6154,2025-02-13 12:52:00,2025-02-13 12:55:00,F,30~39,office,seoul,0,0,0,0,11,0,0,73,0,0,abandoned
46151,U6155,2025-06-12 18:45:00,2025-06-12 18:50:00,M,20~29,office,seoul,0,0,0,0,20,0,0,42,0,0,completed
46152,U6156,2025-06-28 08:25:00,2025-06-28 08:30:00,F,40~49,office,seoul,1,0,0,0,21,0,0,13,0,0,completed
46153,U6157,2025-06-22 08:35:00,2025-06-22 08:42:00,F,20~29,office,seoul,1,0,0,0,13,0,0,71,0,0,abandoned
46154,U6158,2025-03-13 19:32:00,2025-03-13 19:35:00,F,30~39,office,seoul,0,0,0,0,26,0,0,47,0,0,completed
46155,U6159,2025-03-06 17:10:00,2025-03-06 17:15:00,M,20~29,office,seoul,0,0,0,0,13,0,0,53,0,0,completed
46156,U6160,2025-02-26 16:31:00,2025-02-26 16:36:00,F,50+,office,seoul,0,0,0,0,6,0,0,49,0,0,completed
46157,U6161,2025-09-04 15:11:00,2025-09-04 15:15:00,F,50+,office,seoul,0,0,0,0,4,0,0,64,0,0,completed
46158,U6162,2025-05-01 15:45:00,2025-05-01 15:52:00,F,40~49,office,seoul,0,0,0,0,7,0,0,19,0,0,completed
46159,U6163,2025-04-20 11:39:00,2025-04-20 11:43:00,F,40~49,office,seoul,1,0,0,0,29,0,0,37,0,0,completed
46160,U6164,2025-03-12 12:15:00,2025-03-12 12:19:00,F,50+,office,seoul,0,0,0,0,2,0,0,25,0,0,completed
46161,U6165,2025-03-10 08:48:00,2025-03-10 08:53:00,M,20~29,office,seoul,0,0,0,0,0,0,0,78,0,0,completed
46162,U6166,2025-07-31 08:43:00,2025-07-31 08:45:00,M,40~49,office,seoul,0,0,0,0,25,0,0,26,0,0,completed
46163,U6167,2025-10-04 12:22:00,2025-10-04 12:29:00,F,20~29,office,seoul,1,0,0,0,16,0,0,67,0,0,completed
46164,U6168,2025-02-11 15:25:00,2025-02-11 15:28:00,M,50+,office,seoul,0,0,0,0,10,0,0,64,0,0,timeout
46165,U6169,2025-09-30 15:48:00,2025-09-30 15:51:00,M,30~39,office,seoul,0,0,0,0,5,0,0,18,0,0,completed
46166,U6170,2025-10-01 16:33:00,2025-10-01 16:40:00,M,40~49,office,seoul,0,0,0,0,25,0,0,68,0,0,completed
46167,U6171,2025-02-18 14:32:00,2025-02-18 14:37:00,M,20~29,office,seoul,0,0,0,0,4,0,0,15,0,0,completed
46168,U6172,2025-04-15 09:37:00,2025-04-15 09:42:00,F,20~29,office,seoul,0,0,0,0,5,0,0,30,0,0,completed
46169,U6173,2025-02-17 09:02:00,2025-02-17 09:06:00,F,30~39,office,seoul,0,0,0,0,23,0,0,12,0,0,completed
46170,U6174,2025-09-14 16:27:00,2025-09-14 16:32:00,M,40~49,office,seoul,1,0,0,0,23,0,0,67,0,0,completed
46171,U6175,2025-01-11 08:12:00,2025-01-11 08:16:00,F,30~39,office,seoul,1,0,0,0,28,0,0,13,0,0,abandoned
46172,U6176,2025-01-13 16:05:00,2025-01-13 16:10:00,F,20~29,office,seoul,0,0,0,0,27,0,0,15,0,0,completed
46173,U6177,2025-10-15 18:40:00,2025-10-15 18:43:00,M,50+,office,seoul,0,0,0,0,9,0,0,14,0,0,completed
46174,U6178,2025-05-05 14:10:00,2025-05-05 14:17:00,M,40~49,office,seoul,0,0,0,0,24,0,0,78,0,0,completed
46175,U6179,2025-12-31 12:15:00,2025-12-31 12:17:00,M,40~49,office,seoul,0,0,0,0,20,0,0,62,0,0,completed
46176,U6180,2025-11-16 14:14:00,2025-11-16 14:21:00,M,50+,office,seoul,1,0,0,0,14,0,0,29,1,0,completed
46177,U6181,2025-08-31 20:18:00,2025-08-31 20:25:00,M,30~39,office,seoul,1,0,0,0,14,0,0,70,0,0,timeout
46178,U6182,2025-05-20 20:07:00,2025-05-20 20:10:00,M,50+,office,seoul,0,0,0,0,12,0,0,63,0,0,completed
46179,U6183,2025-03-21 17:48:00,2025-03-21 17:52:00,M,20~29,office,seoul,0,0,0,0,28,0,0,69,0,0,completed
46180,U6184,2025-01-05 09:50:00,2025-01-05 09:55:00,M,20~29,office,seoul,1,0,0,0,12,0,0,42,0,0,completed
46181,U6185,2025-02-13 12:42:00,2025-02-13 12:46:00,M,20~29,office,seoul,0,0,0,0,1,0,0,45,0,0,completed
46182,U6186,2025-07-31 14:14:00,2025-07-31 14:17:00,F,20~29,office,seoul,0,0,0,0,19,0,0,67,0,0,completed
46183,U6187,2025-03-07 08:41:00,2025-03-07 08:44:00,M,50+,office,seoul,0,0,0,0,27,0,0,25,0,0,completed
46184,U6188,2025-12-04 18:52:00,2025-12-04 18:56:00,F,50+,office,seoul,0,0,0,0,17,0,0,61,0,0,timeout
46185,U6189,2025-10-12 12:45:00,2025-10-12 12:49:00,F,20~29,office,seoul,1,0,0,0,7,0,0,41,0,0,completed
46186,U6190,2025-04-24 08:00:00,2025-04-24 08:06:00,F,20~29,office,seoul,0,0,0,0,12,0,0,30,0,0,completed
46187,U6191,2025-10-15 15:05:00,2025-10-15 15:07:00,M,30~39,office,seoul,0,0,0,0,0,0,0,16,0,0,completed
46188,U6192,2025-09-14 12:53:00,2025-09-14 12:59:00,M,50+,office,seoul,1,0,0,0,8,0,0,32,0,0,completed
46189,U6193,2025-02-19 14:57:00,2025-02-19 15:02:00,F,50+,office,seoul,0,0,0,0,6,0,0,68,0,0,abandoned
46190,U6194,2025-06-25 09:07:00,2025-06-25 09:14:00,M,20~29,office,seoul,0,0,0,0,10,0,0,21,0,0,completed
46191,U6195,2025-04-02 20:48:00,2025-04-02 20:54:00,M,50+,office,seoul,0,0,0,0,20,0,0,18,0,0,completed
46192,U6196,2025-02-15 17:30:00,2025-02-15 17:37:00,M,50+,office,seoul,1,0,0,0,3,0,0,16,0,0,completed
46193,U6197,2025-11-07 07:35:00,2025-11-07 07:40:00,F,30~39,office,seoul,0,0,0,0,18,0,0,13,0,0,completed
46194,U6198,2025-01-17 08:46:00,2025-01-17 08:53:00,M,30~39,office,seoul,0,0,0,0,25,0,0,58,0,0,abandoned
46195,U6199,2025-07-07 17:27:00,2025-07-07 17:31:00,F,50+,office,seoul,0,0,0,0,11,0,0,55,0,0,completed
46196,U6200,2025-03-28 13:58:00,2025-03-28 14:05:00,F,20~29,office,seoul,0,0,0,0,7,0,0,66,0,0,completed
46197,U6201,2025-05-31 21:10:00,2025-05-31 21:13:00,M,50+,office,seoul,1,0,0,0,1,0,0,31,0,0,completed
46198,U6202,2025-05-08 09:30:00,2025-05-08 09:37:00,F,20~29,office,seoul,0,0,0,0,1,0,0,31,0,0,completed
46199,U6203,2025-04-28 09:11:00,2025-04-28 09:18:00,M,30~39,office,seoul,0,0,0,0,22,0,0,35,0,0,timeout
46200,U6204,2025-02-06 12:15:00,2025-02-06 12:20:00,F,50+,office,seoul,0,0,0,0,19,0,0,26,0,0,completed
46201,U6205,2025-04-12 11:32:00,2025-04-12 11:35:00,F,20~29,office,seoul,1,0,0,0,27,0,0,60,0,0,completed
46202,U6206,2025-03-03 09:45:00,2025-03-03 09:52:00,F,40~49,office,seoul,0,0,0,0,14,0,0,70,0,0,completed
46203,U6207,2025-10-20 22:13:00,2025-10-20 22:17:00,F,20~29,office,seoul,0,0,0,0,13,0,0,79,0,0,completed
46204,U6208,2025-10-21 12:14:00,2025-10-21 12:19:00,M,20~29,office,seoul,0,0,0,0,27,0,0,37,0,0,completed
46205,U6209,2025-11-16 17:47:00,2025-11-16 17:53:00,F,30~39,office,seoul,1,0,0,0,22,0,0,50,0,0,completed
46206,U6210,2025-01-09 13:08:00,2025-01-09 13:11:00,F,40~49,office,seoul,0,0,0,0,24,0,0,79,0,0,completed
46207,U6211,2025-03-10 08:48:00,2025-03-10 08:51:00,F,50+,office,seoul,0,0,0,0,25,0,0,62,1,0,completed
46208,U6212,2025-05-11 12:07:00,2025-05-11 12:10:00,M,30~39,office,seoul,1,0,0,0,9,0,0,75,0,0,completed
46209,U6213,2025-11-17 21:55:00,2025-11-17 21:58:00,M,50+,office,seoul,0,0,0,0,27,0,0,36,0,0,abandoned
46210,U6214,2025-01-13 08:27:00,2025-01-13 08:34:00,M,50+,office,seoul,0,0,0,0,19,0,0,71,0,0,completed
46211,U6215,2025-03-02 15:42:00,2025-03-02 15:49:00,F,20~29,office,seoul,1,0,0,0,2,0,0,23,0,0,completed
46212,U6216,2025-10-28 12:17:00,2025-10-28 12:22:00,F,40~49,office,seoul,0,0,0,0,29,0,0,17,0,0,completed
46213,U6217,2025-08-30 16:34:00,2025-08-30 16:37:00,M,20~29,office,seoul,1,0,0,0,0,0,0,15,0,0,completed
46214,U6218,2025-03-17 17:17:00,2025-03-17 17:21:00,F,20~29,office,seoul,0,0,0,0,25,0,0,39,0,0,completed
46215,U6219,2025-04-28 13:15:00,2025-04-28 13:17:00,F,50+,office,seoul,0,0,0,0,12,0,0,35,1,0,completed
46216,U6220,2025-11-10 20:25:00,2025-11-10 20:27:00,M,20~29,office,seoul,0,0,0,0,0,0,0,63,0,0,completed
46217,U6221,2025-09-03 13:05:00,2025-09-03 13:07:00,M,20~29,office,seoul,0,0,0,0,21,0,0,15,0,0,completed
46218,U6222,2025-10-26 20:59:00,2025-10-26 21:04:00,F,30~39,office,seoul,1,0,0,0,9,0,0,45,0,0,completed
46219,U6223,2025-05-20 07:58:00,2025-05-20 08:05:00,M,20~29,office,seoul,0,0,0,0,6,0,0,55,0,0,completed
46220,U6224,2025-05-29 15:24:00,2025-05-29 15:31:00,M,40~49,office,seoul,0,0,0,0,11,0,0,13,0,0,completed
46221,U6225,2025-01-25 17:57:00,2025-01-25 18:03:00,M,20~29,office,seoul,1,0,0,0,29,0,0,53,0,0,completed
46222,U6226,2025-11-21 08:07:00,2025-11-21 08:11:00,F,30~39,office,seoul,0,0,0,0,16,0,0,58,0,0,completed
46223,U6227,2025-07-03 09:17:00,2025-07-03 09:22:00,F,40~49,office,seoul,0,0,0,0,2,0,0,64,0,0,completed
46224,U6228,2025-06-30 15:12:00,2025-06-30 15:17:00,M,50+,office,seoul,0,0,0,0,11,0,0,77,0,0,completed
46225,U6229,2025-12-25 14:28:00,2025-12-25 14:35:00,F,50+,office,seoul,0,0,0,0,15,0,0,58,0,1,completed
46226,U6230,2025-10-06 12:16:00,2025-10-06 12:21:00,F,40~49,office,seoul,0,0,0,0,26,0,0,23,0,0,completed
46227,U6231,2025-02-24 18:28:00,2025-02-24 18:33:00,F,20~29,office,seoul,0,0,0,0,24,0,0,79,0,0,abandoned
46228,U6232,2025-12-09 19:32:00,2025-12-09 19:38:00,M,20~29,office,seoul,0,0,0,0,26,0,0,66,0,0,completed
46229,U6233,2025-10-03 07:22:00,2025-10-03 07:29:00,M,20~29,office,seoul,0,0,0,0,4,0,0,17,0,0,completed
46230,U6234,2025-07-23 18:11:00,2025-07-23 18:16:00,M,20~29,office,seoul,0,0,0,0,8,0,0,64,0,0,completed
46231,U6235,2025-07-01 17:55:00,2025-07-01 17:57:00,M,40~49,office,seoul,0,0,0,0,21,0,0,77,0,1,completed
46232,U6236,2025-04-15 09:25:00,2025-04-15 09:29:00,M,30~39,office,seoul,0,0,0,0,16,0,0,12,0,0,completed
46233,U6237,2025-09-06 15:49:00,2025-09-06 15:54:00,F,50+,office,seoul,1,0,0,0,0,0,0,73,0,0,completed
46234,U6238,2025-07-06 08:48:00,2025-07-06 08:54:00,M,50+,office,seoul,1,0,0,0,6,0,0,44,0,0,completed
46235,U6239,2025-09-19 09:11:00,2025-09-19 09:18:00,F,50+,office,seoul,0,0,0,0,23,0,0,27,0,0,completed
46236,U6240,2025-01-03 14:01:00,2025-01-03 14:08:00,F,30~39,office,seoul,0,0,0,0,6,0,0,28,0,0,completed
46237,U6241,2025-05-30 17:23:00,2025-05-30 17:30:00,M,20~29,office,seoul,0,0,0,0,0,0,0,35,0,0,completed
46238,U6242,2025-10-16 08:28:00,2025-10-16 08:35:00,F,50+,office,seoul,0,0,0,0,1,0,0,44,0,0,abandoned
46239,U6243,2025-08-11 13:13:00,2025-08-11 13:17:00,F,50+,office,seoul,0,0,0,0,17,0,0,33,0,0,completed
46240,U6244,2025-01-29 19:46:00,2025-01-29 19:51:00,F,30~39,office,seoul,0,0,0,0,25,0,0,40,0,0,completed
46241,U6245,2025-07-17 15:50:00,2025-07-17 15:56:00,M,50+,office,seoul,0,0,0,0,25,0,0,33,0,0,completed
46242,U6246,2025-10-28 15:29:00,2025-10-28 15:35:00,M,50+,office,seoul,0,0,0,0,14,0,0,42,0,0,completed
46243,U6247,2025-07-12 21:27:00,2025-07-12 21:33:00,M,30~39,office,seoul,1,0,0,0,24,0,0,64,0,0,abandoned
46244,U6248,2025-05-31 19:12:00,2025-05-31 19:14:00,F,20~29,office,seoul,1,0,0,0,14,0,0,44,0,0,completed
46245,U6249,2025-01-06 15:01:00,2025-01-06 15:03:00,F,40~49,office,seoul,0,0,0,0,0,0,0,20,0,0,completed
46246,U6250,2025-12-26 09:02:00,2025-12-26 09:07:00,F,40~49,office,seoul,0,0,0,0,5,0,0,32,0,0,completed
46247,U6251,2025-06-20 07:55:00,2025-06-20 08:01:00,M,20~29,office,seoul,0,0,0,0,6,0,0,41,0,0,completed
46248,U6252,2025-03-22 21:13:00,2025-03-22 21:16:00,F,30~39,office,seoul,1,0,0,0,1,0,0,11,0,0,completed
46249,U6253,2025-12-22 14:04:00,2025-12-22 14:07:00,F,30~39,office,seoul,0,0,0,0,18,0,0,27,0,0,completed
46250,U6254,2025-07-19 12:40:00,2025-07-19 12:44:00,F,20~29,office,seoul,1,0,0,0,9,0,0,64,0,0,completed
46251,U6255,2025-07-16 22:29:00,2025-07-16 22:31:00,M,30~39,office,seoul,0,0,0,0,11,0,0,52,0,0,completed
46252,U6256,2025-01-23 14:10:00,2025-01-23 14:13:00,M,50+,office,seoul,0,0,0,0,0,0,0,32,1,0,completed
46253,U6257,2025-02-21 11:29:00,2025-02-21 11:31:00,F,30~39,office,seoul,0,0,0,0,11,0,0,35,0,0,completed
46254,U6258,2025-11-20 14:17:00,2025-11-20 14:19:00,F,30~39,office,seoul,0,0,0,0,22,0,0,75,1,0,completed
46255,U6259,2025-02-18 18:45:00,2025-02-18 18:48:00,M,40~49,office,seoul,0,0,0,0,17,0,0,38,0,0,completed
46256,U6260,2025-07-21 08:34:00,2025-07-21 08:38:00,F,20~29,office,seoul,0,0,0,0,18,0,0,39,0,0,completed
46257,U6261,2025-10-20 18:31:00,2025-10-20 18:38:00,F,20~29,office,seoul,0,0,0,0,19,0,0,77,0,0,completed
46258,U6262,2025-07-14 08:20:00,2025-07-14 08:25:00,F,30~39,office,seoul,0,0,0,0,1,0,0,29,0,0,completed
46259,U6263,2025-04-01 08:42:00,2025-04-01 08:44:00,M,20~29,office,seoul,0,0,0,0,18,0,0,10,0,0,completed
46260,U6264,2025-04-10 17:10:00,2025-04-10 17:15:00,M,50+,office,seoul,0,0,0,0,11,0,0,22,0,0,completed
46261,U6265,2025-08-04 14:06:00,2025-08-04 14:08:00,M,20~29,office,seoul,0,0,0,0,8,0,0,46,1,0,completed
46262,U6266,2025-06-07 09:09:00,2025-06-07 09:11:00,F,20~29,office,seoul,1,0,0,0,28,0,0,23,0,0,completed
46263,U6267,2025-06-28 14:17:00,2025-06-28 14:24:00,M,20~29,office,seoul,1,0,0,0,17,0,0,67,0,0,completed
46264,U6268,2025-04-10 12:41:00,2025-04-10 12:44:00,M,30~39,office,seoul,0,0,0,0,20,0,0,53,0,0,completed
46265,U6269,2025-04-08 12:44:00,2025-04-08 12:50:00,M,30~39,office,seoul,0,0,0,0,12,0,0,48,0,0,completed
46266,U6270,2025-06-13 09:41:00,2025-06-13 09:43:00,F,20~29,office,seoul,0,0,0,0,25,0,0,35,0,0,completed
46267,U6271,2025-04-19 20:43:00,2025-04-19 20:49:00,F,40~49,office,seoul,1,0,0,0,10,0,0,74,1,0,completed
46268,U6272,2025-04-19 14:07:00,2025-04-19 14:09:00,F,30~39,office,seoul,1,0,0,0,14,0,0,61,0,0,completed
46269,U6273,2025-03-02 15:26:00,2025-03-02 15:29:00,F,40~49,office,seoul,1,0,0,0,10,0,0,66,0,0,completed
46270,U6274,2025-02-09 12:16:00,2025-02-09 12:21:00,F,20~29,office,seoul,1,0,0,0,8,0,0,15,0,0,completed
46271,U6275,2025-06-25 17:51:00,2025-06-25 17:58:00,F,20~29,office,seoul,0,0,0,0,9,0,0,58,0,0,abandoned
46272,U6276,2025-03-24 19:17:00,2025-03-24 19:22:00,F,20~29,office,seoul,0,0,0,0,15,0,0,61,0,0,completed
46273,U6277,2025-12-14 17:35:00,2025-12-14 17:38:00,M,30~39,office,seoul,1,0,0,0,16,0,0,65,0,0,error
46274,U6278,2025-09-16 18:33:00,2025-09-16 18:38:00,M,40~49,office,seoul,0,0,0,0,8,0,0,62,0,0,completed
46275,U6279,2025-03-29 09:43:00,2025-03-29 09:47:00,M,20~29,office,seoul,1,0,0,0,22,0,0,25,0,0,completed
46276,U6280,2025-07-09 07:56:00,2025-07-09 08:03:00,F,40~49,office,seoul,0,0,0,0,6,0,0,30,0,0,completed
46277,U6281,2025-09-11 15:58:00,2025-09-11 16:03:00,F,20~29,office,seoul,0,0,0,0,24,0,0,15,0,0,completed
46278,U6282,2025-09-05 17:02:00,2025-09-05 17:07:00,F,20~29,office,seoul,0,0,0,0,21,0,0,69,0,0,completed
46279,U6283,2025-10-09 14:09:00,2025-10-09 14:12:00,M,30~39,office,seoul,0,0,0,0,28,0,0,71,0,0,completed
46280,U6284,2025-04-16 17:42:00,2025-04-16 17:48:00,F,20~29,office,seoul,0,0,0,0,7,0,0,61,0,0,abandoned
46281,U6285,2025-09-02 18:24:00,2025-09-02 18:29:00,F,20~29,office,seoul,0,0,0,0,8,0,0,46,0,0,completed
46282,U6286,2025-04-26 14:13:00,2025-04-26 14:18:00,F,30~39,office,seoul,1,0,0,0,6,0,0,51,0,0,completed
46283,U6287,2025-01-26 13:06:00,2025-01-26 13:10:00,M,30~39,office,seoul,1,0,0,0,8,0,0,52,0,0,completed
46284,U6288,2025-04-01 09:51:00,2025-04-01 09:57:00,F,40~49,office,seoul,0,0,0,0,29,0,0,11,0,0,completed
46285,U6289,2025-04-04 11:15:00,2025-04-04 11:18:00,M,20~29,office,seoul,0,0,0,0,5,0,0,19,0,0,completed
46286,U6290,2025-05-01 19:58:00,2025-05-01 20:02:00,M,20~29,office,seoul,0,0,0,0,17,0,0,34,0,0,abandoned
46287,U6291,2025-10-30 08:59:00,2025-10-30 09:02:00,F,30~39,office,seoul,0,0,0,0,2,0,0,69,0,0,completed
46288,U6292,2025-08-02 19:51:00,2025-08-02 19:53:00,F,30~39,office,seoul,1,0,0,0,17,0,0,36,0,0,completed
46289,U6293,2025-08-15 07:18:00,2025-08-15 07:20:00,M,30~39,office,seoul,0,0,0,0,10,0,0,66,0,0,completed
46290,U6294,2025-04-17 14:04:00,2025-04-17 14:08:00,M,50+,office,seoul,0,0,0,0,25,0,0,56,0,0,completed
46291,U6295,2025-03-27 17:02:00,2025-03-27 17:07:00,F,20~29,office,seoul,0,0,0,0,20,0,0,40,0,0,completed
46292,U6296,2025-11-22 09:58:00,2025-11-22 10:00:00,F,40~49,office,seoul,1,0,0,0,24,0,0,26,0,0,completed
46293,U6297,2025-05-15 13:10:00,2025-05-15 13:16:00,F,30~39,office,seoul,0,0,0,0,18,0,0,10,0,0,completed
46294,U6298,2025-03-20 15:35:00,2025-03-20 15:42:00,M,20~29,office,seoul,0,0,0,0,12,0,0,15,0,0,completed
46295,U6299,2025-03-30 13:37:00,2025-03-30 13:43:00,F,50+,office,seoul,1,0,0,0,21,0,0,71,0,0,error
46296,U6300,2025-04-23 15:10:00,2025-04-23 15:14:00,F,20~29,office,seoul,0,0,0,0,13,0,0,25,0,0,completed
46297,U6301,2025-10-29 08:02:00,2025-10-29 08:06:00,F,20~29,office,seoul,0,0,0,0,3,0,0,73,0,0,abandoned
46298,U6302,2025-07-01 19:39:00,2025-07-01 19:43:00,F,20~29,office,seoul,0,0,0,0,24,0,0,52,0,0,completed
46299,U6303,2025-06-24 15:27:00,2025-06-24 15:32:00,F,20~29,office,seoul,0,0,0,0,3,0,0,27,0,0,completed
46300,U6304,2025-03-03 12:34:00,2025-03-03 12:37:00,M,50+,office,seoul,0,0,0,0,7,0,0,28,0,0,completed
46301,U6305,2025-03-13 16:52:00,2025-03-13 16:56:00,F,40~49,office,seoul,0,0,0,0,22,0,0,24,0,0,completed
46302,U6306,2025-12-09 08:51:00,2025-12-09 08:53:00,F,30~39,office,seoul,0,0,0,0,14,0,0,36,0,0,completed
46303,U6307,2025-12-26 16:36:00,2025-12-26 16:40:00,F,30~39,office,seoul,0,0,0,0,17,0,0,22,0,0,completed
46304,U6308,2025-11-20 16:17:00,2025-11-20 16:23:00,F,20~29,office,seoul,0,0,0,0,20,0,0,70,0,0,completed
46305,U6309,2025-01-19 19:46:00,2025-01-19 19:50:00,M,50+,office,seoul,1,0,0,0,13,0,0,33,0,0,completed
46306,U6310,2025-03-29 07:25:00,2025-03-29 07:28:00,F,30~39,office,seoul,1,0,0,0,14,0,0,20,0,0,completed
46307,U6311,2025-03-22 21:35:00,2025-03-22 21:41:00,F,30~39,office,seoul,1,0,0,0,14,0,0,66,0,0,timeout
46308,U6312,2025-10-03 09:33:00,2025-10-03 09:37:00,M,50+,office,seoul,0,0,0,0,16,0,0,44,0,0,completed
46309,U6313,2025-11-21 09:42:00,2025-11-21 09:48:00,F,50+,office,seoul,0,0,0,0,8,0,0,38,0,0,completed
46310,U6314,2025-07-29 17:02:00,2025-07-29 17:08:00,M,30~39,office,seoul,0,0,0,0,4,0,0,16,0,0,completed
46311,U6315,2025-12-13 12:46:00,2025-12-13 12:51:00,F,40~49,office,seoul,1,0,0,0,16,0,0,20,0,0,completed
46312,U6316,2025-03-13 16:34:00,2025-03-13 16:38:00,F,50+,office,seoul,0,0,0,0,15,0,0,44,1,0,completed
46313,U6317,2025-05-18 13:15:00,2025-05-18 13:18:00,M,50+,office,seoul,1,0,0,0,15,0,0,78,0,0,completed
46314,U6318,2025-08-17 12:02:00,2025-08-17 12:04:00,M,20~29,office,seoul,1,0,0,0,9,0,0,76,0,0,error
46315,U6319,2025-01-18 20:08:00,2025-01-18 20:14:00,M,50+,office,seoul,1,0,0,0,12,0,0,71,0,0,completed
46316,U6320,2025-07-27 16:12:00,2025-07-27 16:15:00,M,30~39,office,seoul,1,0,0,0,18,0,0,40,0,0,abandoned
46317,U6321,2025-12-17 11:08:00,2025-12-17 11:10:00,M,30~39,office,seoul,0,0,0,0,29,0,0,46,0,0,completed
46318,U6322,2025-03-11 18:05:00,2025-03-11 18:10:00,F,20~29,office,seoul,0,0,0,0,18,0,0,50,0,0,timeout
46319,U6323,2025-02-26 17:00:00,2025-02-26 17:02:00,F,30~39,office,seoul,0,0,0,0,14,0,0,57,0,0,completed
46320,U6324,2025-03-29 11:14:00,2025-03-29 11:16:00,F,30~39,office,seoul,1,0,0,0,18,0,0,29,0,0,completed
46321,U6325,2025-02-21 22:37:00,2025-02-21 22:41:00,M,20~29,office,seoul,0,0,0,0,7,0,0,75,0,0,completed
46322,U6326,2025-09-29 09:34:00,2025-09-29 09:37:00,F,40~49,office,seoul,0,0,0,0,19,0,0,69,0,1,completed
46323,U6327,2025-10-20 14:33:00,2025-10-20 14:35:00,F,20~29,office,seoul,0,0,0,0,10,0,0,79,0,0,completed
46324,U6328,2025-05-16 14:41:00,2025-05-16 14:48:00,F,40~49,office,seoul,0,0,0,0,27,0,0,72,0,0,completed
46325,U6329,2025-10-18 15:10:00,2025-10-18 15:16:00,F,30~39,office,seoul,1,0,0,0,14,0,0,31,0,0,completed
46326,U6330,2025-08-20 19:53:00,2025-08-20 19:56:00,F,30~39,office,seoul,0,0,0,0,17,0,0,77,0,0,completed
46327,U6331,2025-02-02 14:01:00,2025-02-02 14:07:00,F,30~39,office,seoul,1,0,0,0,24,0,0,24,0,0,completed
46328,U6332,2025-01-02 16:35:00,2025-01-02 16:42:00,F,30~39,office,seoul,0,0,0,0,15,0,0,46,0,0,completed
46329,U6333,2025-09-10 17:44:00,2025-09-10 17:47:00,F,30~39,office,seoul,0,0,0,0,24,0,0,69,0,0,completed
46330,U6334,2025-03-10 15:06:00,2025-03-10 15:09:00,M,40~49,office,seoul,0,0,0,0,25,0,0,55,0,0,completed
46331,U6335,2025-12-11 08:11:00,2025-12-11 08:16:00,M,30~39,office,seoul,0,0,0,0,9,0,0,20,0,0,completed
46332,U6336,2025-12-09 09:58:00,2025-12-09 10:03:00,M,20~29,office,seoul,0,0,0,0,16,0,0,23,0,0,completed
46333,U6337,2025-01-30 15:34:00,2025-01-30 15:41:00,F,40~49,office,seoul,0,0,0,0,29,0,0,45,0,0,completed
46334,U6338,2025-09-06 08:21:00,2025-09-06 08:25:00,F,50+,office,seoul,1,0,0,0,0,0,0,67,0,0,completed
46335,U6339,2025-05-12 09:12:00,2025-05-12 09:14:00,F,20~29,office,seoul,0,0,0,0,19,0,0,39,0,0,completed
46336,U6340,2025-08-21 08:40:00,2025-08-21 08:45:00,F,40~49,office,seoul,0,0,0,0,14,0,0,34,0,0,completed
46337,U6341,2025-08-07 09:25:00,2025-08-07 09:28:00,F,20~29,office,seoul,0,0,0,0,13,0,0,77,0,0,completed
46338,U6342,2025-09-28 08:20:00,2025-09-28 08:23:00,F,50+,office,seoul,1,0,0,0,21,0,0,47,0,1,abandoned
46339,U6343,2025-12-14 13:10:00,2025-12-14 13:13:00,F,40~49,office,seoul,1,0,0,0,19,0,0,13,0,0,completed
46340,U6344,2025-10-07 15:45:00,2025-10-07 15:51:00,F,40~49,office,seoul,0,0,0,0,29,0,0,76,0,0,completed
46341,U6345,2025-01-30 09:41:00,2025-01-30 09:44:00,F,20~29,office,seoul,0,0,0,0,12,0,0,28,0,0,completed
46342,U6346,2025-12-26 15:18:00,2025-12-26 15:23:00,M,20~29,office,seoul,0,0,0,0,10,0,0,29,0,0,completed
46343,U6347,2025-05-04 18:10:00,2025-05-04 18:13:00,F,30~39,office,seoul,1,0,0,0,13,0,0,33,0,0,completed
46344,U6348,2025-01-18 18:04:00,2025-01-18 18:07:00,M,20~29,office,seoul,1,0,0,0,26,0,0,37,0,0,completed
46345,U6349,2025-09-27 08:59:00,2025-09-27 09:05:00,M,20~29,office,seoul,1,0,0,0,17,0,0,36,0,0,abandoned
46346,U6350,2025-04-10 12:41:00,2025-04-10 12:44:00,M,20~29,office,seoul,0,0,0,0,24,0,0,61,0,0,completed
46347,U6351,2025-02-09 12:20:00,2025-02-09 12:24:00,M,40~49,office,seoul,1,0,0,0,28,0,0,69,0,0,completed
46348,U6352,2025-02-02 12:53:00,2025-02-02 13:00:00,F,20~29,office,seoul,1,0,0,0,24,0,0,41,1,0,completed
46349,U6353,2025-04-29 22:19:00,2025-04-29 22:25:00,F,40~49,office,seoul,0,0,0,0,11,0,0,36,0,0,completed
46350,U6354,2025-06-06 15:53:00,2025-06-06 15:57:00,F,30~39,office,seoul,0,0,0,0,5,0,0,20,0,0,completed
46351,U6355,2025-04-13 15:08:00,2025-04-13 15:15:00,F,50+,office,seoul,1,0,0,0,25,0,0,38,0,0,completed
46352,U6356,2025-12-01 20:33:00,2025-12-01 20:35:00,F,30~39,office,seoul,0,0,0,0,10,0,0,76,0,0,completed
46353,U6357,2025-07-07 20:32:00,2025-07-07 20:36:00,M,40~49,office,seoul,0,0,0,0,1,0,0,65,0,0,completed
46354,U6358,2025-03-03 20:23:00,2025-03-03 20:28:00,M,20~29,office,seoul,0,0,0,0,21,0,0,38,0,0,completed
46355,U6359,2025-08-11 11:23:00,2025-08-11 11:28:00,M,30~39,office,seoul,0,0,0,0,13,0,0,46,0,0,completed
46356,U6360,2025-07-20 15:27:00,2025-07-20 15:34:00,F,30~39,office,seoul,1,0,0,0,20,0,0,70,0,0,completed
46357,U6361,2025-03-14 11:28:00,2025-03-14 11:32:00,F,40~49,office,seoul,0,0,0,0,0,0,0,46,0,1,completed
46358,U6362,2025-06-06 08:33:00,2025-06-06 08:37:00,F,40~49,office,seoul,0,0,0,0,28,0,0,30,0,0,completed
46359,U6363,2025-02-21 09:31:00,2025-02-21 09:38:00,F,40~49,office,seoul,0,0,0,0,13,0,0,46,0,0,completed
46360,U6364,2025-12-14 08:24:00,2025-12-14 08:29:00,F,20~29,office,seoul,1,0,0,0,4,0,0,23,0,0,completed
46361,U6365,2025-05-29 12:12:00,2025-05-29 12:15:00,F,40~49,office,seoul,0,0,0,0,1,0,0,78,0,0,completed
46362,U6366,2025-05-20 13:47:00,2025-05-20 13:51:00,F,50+,office,seoul,0,0,0,0,20,0,0,28,0,0,completed
46363,U6367,2025-04-08 17:50:00,2025-04-08 17:52:00,F,40~49,office,seoul,0,0,0,0,18,0,0,38,0,0,completed
46364,U6368,2025-03-23 22:02:00,2025-03-23 22:08:00,M,40~49,office,seoul,1,0,0,0,27,0,0,28,0,0,completed
46365,U6369,2025-03-01 08:35:00,2025-03-01 08:41:00,F,50+,office,seoul,1,0,0,0,19,0,0,14,0,0,timeout
46366,U6370,2025-10-16 16:29:00,2025-10-16 16:32:00,M,30~39,office,seoul,0,0,0,0,15,0,0,24,0,0,timeout
46367,U6371,2025-11-12 18:39:00,2025-11-12 18:43:00,F,50+,office,seoul,0,0,0,0,25,0,0,13,0,0,completed
46368,U6372,2025-03-27 13:03:00,2025-03-27 13:06:00,F,20~29,office,seoul,0,0,0,0,9,0,0,23,0,0,timeout
46369,U6373,2025-03-26 19:16:00,2025-03-26 19:19:00,M,50+,office,seoul,0,0,0,0,3,0,0,76,1,1,completed
46370,U6374,2025-10-06 20:54:00,2025-10-06 20:57:00,M,20~29,office,seoul,0,0,0,0,13,0,0,47,0,0,completed
46371,U6375,2025-06-06 14:36:00,2025-06-06 14:40:00,M,50+,office,seoul,0,0,0,0,7,0,0,23,0,1,completed
46372,U6376,2025-04-14 16:42:00,2025-04-14 16:46:00,F,20~29,office,seoul,0,0,0,0,20,0,0,30,0,0,completed
46373,U6377,2025-08-15 21:40:00,2025-08-15 21:43:00,F,50+,office,seoul,0,0,0,0,11,0,0,62,0,0,completed
46374,U6378,2025-03-01 09:28:00,2025-03-01 09:32:00,F,50+,office,seoul,1,0,0,0,24,0,0,53,0,0,completed
46375,U6379,2025-01-12 09:17:00,2025-01-12 09:20:00,F,20~29,office,seoul,1,0,0,0,18,0,0,15,0,0,completed
46376,U6380,2025-11-03 14:54:00,2025-11-03 14:58:00,F,30~39,office,seoul,0,0,0,0,24,0,0,18,0,0,completed
46377,U6381,2025-04-12 11:13:00,2025-04-12 11:19:00,F,30~39,office,seoul,1,0,0,0,26,0,0,12,0,0,completed
46378,U6382,2025-01-13 11:22:00,2025-01-13 11:24:00,F,20~29,office,seoul,0,0,0,0,22,0,0,36,0,0,completed
46379,U6383,2025-03-20 15:47:00,2025-03-20 15:50:00,F,30~39,office,seoul,0,0,0,0,2,0,0,73,0,0,completed
46380,U6384,2025-07-16 09:26:00,2025-07-16 09:32:00,M,20~29,office,seoul,0,0,0,0,8,0,0,18,0,0,completed
46381,U6385,2025-10-22 15:10:00,2025-10-22 15:15:00,F,30~39,office,seoul,0,0,0,0,25,0,0,55,0,0,completed
46382,U6386,2025-02-17 15:13:00,2025-02-17 15:20:00,M,20~29,office,seoul,0,0,0,0,7,0,0,55,0,0,completed
46383,U6387,2025-05-31 07:37:00,2025-05-31 07:43:00,M,20~29,office,seoul,1,0,0,0,3,0,0,44,0,0,completed
46384,U6388,2025-08-03 14:14:00,2025-08-03 14:21:00,M,40~49,office,seoul,1,0,0,0,8,0,0,38,0,0,completed
46385,U6389,2025-07-21 18:24:00,2025-07-21 18:26:00,M,20~29,office,seoul,0,0,0,0,6,0,0,41,0,0,completed
46386,U6390,2025-04-30 08:53:00,2025-04-30 09:00:00,M,30~39,office,seoul,0,0,0,0,0,0,0,11,0,0,completed
46387,U6391,2025-05-15 15:56:00,2025-05-15 15:59:00,F,20~29,office,seoul,0,0,0,0,15,0,0,45,0,0,abandoned
46388,U6392,2025-01-20 14:53:00,2025-01-20 14:59:00,F,30~39,office,seoul,0,0,0,0,0,0,0,37,0,0,completed
46389,U6393,2025-10-09 22:08:00,2025-10-09 22:12:00,M,20~29,office,seoul,0,0,0,0,18,0,0,18,0,0,completed
46390,U6394,2025-01-10 17:43:00,2025-01-10 17:47:00,F,30~39,office,seoul,0,0,0,0,29,0,0,57,0,0,timeout
46391,U6395,2025-05-05 14:53:00,2025-05-05 14:57:00,M,40~49,office,seoul,0,0,0,0,5,0,0,45,0,0,completed
46392,U6396,2025-01-01 12:49:00,2025-01-01 12:55:00,M,30~39,office,seoul,0,0,0,0,3,0,0,23,0,0,error
46393,U6397,2025-05-25 07:24:00,2025-05-25 07:31:00,M,20~29,office,seoul,1,0,0,0,16,0,0,10,0,0,completed
46394,U6398,2025-07-13 14:53:00,2025-07-13 14:59:00,F,20~29,office,seoul,1,0,0,0,17,0,0,31,0,0,completed
46395,U6399,2025-04-23 13:13:00,2025-04-23 13:17:00,F,30~39,office,seoul,0,0,0,0,23,0,0,68,0,0,completed
46396,U6400,2025-04-24 07:31:00,2025-04-24 07:38:00,F,20~29,office,seoul,0,0,0,0,7,0,0,49,0,0,completed
46397,U6401,2025-03-02 16:17:00,2025-03-02 16:22:00,F,40~49,office,seoul,1,0,0,0,25,0,0,37,0,0,completed
46398,U6402,2025-10-24 07:09:00,2025-10-24 07:16:00,F,30~39,office,seoul,0,0,0,0,1,0,0,42,0,0,completed
46399,U6403,2025-12-18 18:25:00,2025-12-18 18:31:00,F,20~29,office,seoul,0,0,0,0,21,0,0,56,0,0,completed
46400,U6404,2025-12-16 11:12:00,2025-12-16 11:14:00,M,40~49,office,seoul,0,0,0,0,23,0,0,41,0,0,completed
46401,U6405,2025-08-04 16:33:00,2025-08-04 16:39:00,F,20~29,office,seoul,0,0,0,0,19,0,0,22,0,0,completed
46402,U6406,2025-11-05 13:18:00,2025-11-05 13:24:00,F,20~29,office,seoul,0,0,0,0,12,0,0,68,0,0,completed
46403,U6407,2025-06-18 07:41:00,2025-06-18 07:47:00,F,50+,office,seoul,0,0,0,0,28,0,0,12,0,0,completed
46404,U6408,2025-12-17 13:09:00,2025-12-17 13:13:00,F,20~29,office,seoul,0,0,0,0,21,0,0,13,0,0,completed
46405,U6409,2025-01-13 22:47:00,2025-01-13 22:52:00,F,40~49,office,seoul,0,0,0,0,14,0,0,46,0,0,completed
46406,U6410,2025-05-06 17:01:00,2025-05-06 17:06:00,M,50+,office,seoul,0,0,0,0,6,0,0,62,0,0,abandoned
46407,U6411,2025-05-23 11:26:00,2025-05-23 11:33:00,F,40~49,office,seoul,0,0,0,0,1,0,0,77,0,0,completed
46408,U6412,2025-07-19 15:28:00,2025-07-19 15:33:00,M,20~29,office,seoul,1,0,0,0,19,0,0,34,0,0,completed
46409,U6413,2025-07-03 09:19:00,2025-07-03 09:21:00,F,50+,office,seoul,0,0,0,0,7,0,0,72,1,0,timeout
46410,U6414,2025-01-03 21:50:00,2025-01-03 21:53:00,F,30~39,office,seoul,0,0,0,0,4,0,0,73,0,0,completed
46411,U6415,2025-10-28 09:51:00,2025-10-28 09:56:00,M,50+,office,seoul,0,0,0,0,2,0,0,21,1,0,completed
46412,U6416,2025-07-12 08:46:00,2025-07-12 08:50:00,F,30~39,office,seoul,1,0,0,0,9,0,0,76,0,0,timeout
46413,U6417,2025-03-24 13:16:00,2025-03-24 13:20:00,F,30~39,office,seoul,0,0,0,0,4,0,0,34,0,0,completed
46414,U6418,2025-11-26 14:30:00,2025-11-26 14:37:00,F,20~29,office,seoul,0,0,0,0,0,0,0,50,0,0,completed
46415,U6419,2025-07-16 08:57:00,2025-07-16 09:00:00,F,30~39,office,seoul,0,0,0,0,26,0,0,59,0,0,completed
46416,U6420,2025-05-12 19:04:00,2025-05-12 19:11:00,F,20~29,office,seoul,0,0,0,0,23,0,0,35,0,0,completed
46417,U6421,2025-11-01 12:38:00,2025-11-01 12:44:00,M,40~49,office,seoul,1,0,0,0,0,0,0,33,0,0,completed
46418,U6422,2025-09-24 12:14:00,2025-09-24 12:19:00,M,30~39,office,seoul,0,0,0,0,10,0,0,28,0,0,completed
46419,U6423,2025-11-28 17:17:00,2025-11-28 17:19:00,F,20~29,office,seoul,0,0,0,0,18,0,0,77,0,0,timeout
46420,U6424,2025-02-20 16:19:00,2025-02-20 16:24:00,F,50+,office,seoul,0,0,0,0,22,0,0,14,0,0,completed
46421,U6425,2025-05-30 16:50:00,2025-05-30 16:54:00,F,40~49,office,seoul,0,0,0,0,6,0,0,55,0,0,completed
46422,U6426,2025-02-01 15:55:00,2025-02-01 15:57:00,F,20~29,office,seoul,1,0,0,0,12,0,0,67,0,0,abandoned
46423,U6427,2025-03-27 15:24:00,2025-03-27 15:28:00,M,20~29,office,seoul,0,0,0,0,23,0,0,36,0,0,completed
46424,U6428,2025-09-14 14:26:00,2025-09-14 14:33:00,M,50+,office,seoul,1,0,0,0,11,0,0,17,0,0,completed
46425,U6429,2025-06-03 09:52:00,2025-06-03 09:59:00,F,30~39,office,seoul,0,0,0,0,24,0,0,39,0,0,completed
46426,U6430,2025-02-15 20:10:00,2025-02-15 20:17:00,F,30~39,office,seoul,1,0,0,0,5,0,0,58,0,0,completed
46427,U6431,2025-07-04 11:03:00,2025-07-04 11:07:00,F,20~29,office,seoul,0,0,0,0,12,0,0,14,0,0,completed
46428,U6432,2025-07-10 18:20:00,2025-07-10 18:23:00,F,20~29,office,seoul,0,0,0,0,27,0,0,64,0,0,completed
46429,U6433,2025-01-16 11:52:00,2025-01-16 11:54:00,M,30~39,office,seoul,0,0,0,0,2,0,0,31,0,0,completed
46430,U6434,2025-07-13 15:35:00,2025-07-13 15:41:00,F,20~29,office,seoul,1,0,0,0,20,0,0,77,0,0,completed
46431,U6435,2025-09-29 07:20:00,2025-09-29 07:24:00,M,50+,office,seoul,0,0,0,0,29,0,0,34,0,0,completed
46432,U6436,2025-09-14 21:43:00,2025-09-14 21:45:00,F,30~39,office,seoul,1,0,0,0,15,0,0,48,0,0,completed
46433,U6437,2025-03-12 12:38:00,2025-03-12 12:41:00,F,40~49,office,seoul,0,0,0,0,20,0,0,14,0,0,completed
46434,U6438,2025-02-20 18:39:00,2025-02-20 18:45:00,M,40~49,office,seoul,0,0,0,0,0,0,0,12,0,0,completed
46435,U6439,2025-01-03 13:22:00,2025-01-03 13:29:00,M,20~29,office,seoul,0,0,0,0,18,0,0,28,0,0,completed
46436,U6440,2025-06-27 16:14:00,2025-06-27 16:20:00,F,30~39,office,seoul,0,0,0,0,22,0,0,39,0,0,completed
46437,U6441,2025-12-14 07:37:00,2025-12-14 07:41:00,M,30~39,office,seoul,1,0,0,0,16,0,0,18,0,0,completed
46438,U6442,2025-08-10 09:25:00,2025-08-10 09:31:00,M,20~29,office,seoul,1,0,0,0,24,0,0,41,0,0,completed
46439,U6443,2025-02-11 09:04:00,2025-02-11 09:09:00,M,30~39,office,seoul,0,0,0,0,3,0,0,70,0,0,completed
46440,U6444,2025-09-30 12:57:00,2025-09-30 13:00:00,F,20~29,office,seoul,0,0,0,0,16,0,0,71,0,0,completed
46441,U6445,2025-01-05 19:52:00,2025-01-05 19:58:00,F,30~39,office,seoul,1,0,0,0,2,0,0,37,0,0,completed
46442,U6446,2025-05-17 08:05:00,2025-05-17 08:09:00,F,40~49,office,seoul,1,0,0,0,4,0,0,66,0,0,completed
46443,U6447,2025-10-06 15:43:00,2025-10-06 15:49:00,F,20~29,office,seoul,0,0,0,0,9,0,0,77,0,0,abandoned
46444,U6448,2025-04-21 19:50:00,2025-04-21 19:52:00,F,20~29,office,seoul,0,0,0,0,17,0,0,41,0,0,completed
46445,U6449,2025-01-05 11:00:00,2025-01-05 11:06:00,M,50+,office,seoul,1,0,0,0,7,0,0,64,0,0,completed
46446,U6450,2025-08-23 11:14:00,2025-08-23 11:19:00,F,20~29,office,seoul,1,0,0,0,13,0,0,18,0,0,completed
46447,U6451,2025-07-30 16:11:00,2025-07-30 16:14:00,F,40~49,office,seoul,0,0,0,0,7,0,0,16,0,0,completed
46448,U6452,2025-01-09 18:11:00,2025-01-09 18:17:00,M,50+,office,seoul,0,0,0,0,19,0,0,73,0,1,completed
46449,U6453,2025-11-19 22:25:00,2025-11-19 22:28:00,F,20~29,office,seoul,0,0,0,0,22,0,0,30,0,0,timeout
46450,U6454,2025-10-08 16:03:00,2025-10-08 16:05:00,F,30~39,office,seoul,0,0,0,0,0,0,0,16,0,0,error
46451,U6455,2025-12-24 13:57:00,2025-12-24 14:04:00,M,20~29,office,seoul,0,0,0,0,16,0,0,77,1,0,completed
46452,U6456,2025-10-04 12:14:00,2025-10-04 12:18:00,F,50+,office,seoul,1,0,0,0,1,0,0,45,0,0,completed
46453,U6457,2025-09-12 13:06:00,2025-09-12 13:12:00,M,20~29,office,seoul,0,0,0,0,26,0,0,50,0,0,completed
46454,U6458,2025-04-11 08:37:00,2025-04-11 08:43:00,F,20~29,office,seoul,0,0,0,0,4,0,0,27,0,0,completed
46455,U6459,2025-03-09 15:08:00,2025-03-09 15:14:00,M,40~49,office,seoul,1,0,0,0,4,0,0,38,0,0,completed
46456,U6460,2025-08-10 09:12:00,2025-08-10 09:17:00,M,30~39,office,seoul,1,0,0,0,27,0,0,57,0,0,completed
46457,U6461,2025-06-29 12:28:00,2025-06-29 12:34:00,F,30~39,office,seoul,1,0,0,0,6,0,0,59,0,0,completed
46458,U6462,2025-04-22 13:22:00,2025-04-22 13:24:00,M,50+,office,seoul,0,0,0,0,8,0,0,25,0,0,completed
46459,U6463,2025-02-11 07:16:00,2025-02-11 07:21:00,F,20~29,office,seoul,0,0,0,0,6,0,0,53,1,0,completed
46460,U6464,2025-05-15 19:56:00,2025-05-15 20:01:00,F,30~39,office,seoul,0,0,0,0,19,0,0,16,0,0,completed
46461,U6465,2025-10-02 07:02:00,2025-10-02 07:06:00,F,40~49,office,seoul,0,0,0,0,17,0,0,10,0,0,completed
46462,U6466,2025-06-07 19:31:00,2025-06-07 19:34:00,F,20~29,office,seoul,1,0,0,0,21,0,0,23,0,0,completed
46463,U6467,2025-08-21 09:17:00,2025-08-21 09:21:00,M,40~49,office,seoul,0,0,0,0,5,0,0,59,0,0,completed
46464,U6468,2025-09-24 14:42:00,2025-09-24 14:46:00,M,30~39,office,seoul,0,0,0,0,19,0,0,48,0,0,completed
46465,U6469,2025-11-23 19:21:00,2025-11-23 19:25:00,M,40~49,office,seoul,1,0,0,0,21,0,0,41,0,0,completed
46466,U6470,2025-12-24 15:30:00,2025-12-24 15:37:00,F,40~49,office,seoul,0,0,0,0,21,0,0,75,0,0,completed
46467,U6471,2025-02-24 14:02:00,2025-02-24 14:07:00,F,20~29,office,seoul,0,0,0,0,22,0,0,12,0,0,completed
46468,U6472,2025-11-11 13:44:00,2025-11-11 13:49:00,F,30~39,office,seoul,0,0,0,0,21,0,0,21,0,0,abandoned
46469,U6473,2025-09-21 18:53:00,2025-09-21 18:57:00,M,20~29,office,seoul,1,0,0,0,16,0,0,43,0,0,completed
46470,U6474,2025-10-03 11:02:00,2025-10-03 11:08:00,F,30~39,office,seoul,0,0,0,0,19,0,0,56,0,0,completed
46471,U6475,2025-06-13 15:35:00,2025-06-13 15:42:00,M,30~39,office,seoul,0,0,0,0,24,0,0,49,0,0,completed
46472,U6476,2025-01-25 09:07:00,2025-01-25 09:09:00,F,20~29,office,seoul,1,0,0,0,1,0,0,60,0,0,error
46473,U6477,2025-12-11 17:12:00,2025-12-11 17:18:00,F,50+,office,seoul,0,0,0,0,9,0,0,65,0,0,completed
46474,U6478,2025-10-25 15:29:00,2025-10-25 15:32:00,M,20~29,office,seoul,1,0,0,0,23,0,0,15,0,0,completed
46475,U6479,2025-10-12 12:34:00,2025-10-12 12:40:00,M,20~29,office,seoul,1,0,0,0,5,0,0,73,0,0,completed
46476,U6480,2025-06-05 22:35:00,2025-06-05 22:41:00,F,30~39,office,seoul,0,0,0,0,8,0,0,43,0,0,completed
46477,U6481,2025-02-26 09:19:00,2025-02-26 09:23:00,M,20~29,office,seoul,0,0,0,0,12,0,0,77,0,0,completed
46478,U6482,2025-07-17 18:58:00,2025-07-17 19:02:00,F,30~39,office,seoul,0,0,0,0,0,0,0,47,0,0,completed
46479,U6483,2025-02-03 12:27:00,2025-02-03 12:31:00,M,40~49,office,seoul,0,0,0,0,15,0,0,44,0,0,completed
46480,U6484,2025-04-14 11:04:00,2025-04-14 11:11:00,M,30~39,office,seoul,0,0,0,0,6,0,0,39,1,0,completed
46481,U6485,2025-09-18 15:21:00,2025-09-18 15:27:00,M,50+,office,seoul,0,0,0,0,24,0,0,60,0,0,completed
46482,U6486,2025-08-20 13:14:00,2025-08-20 13:21:00,F,40~49,office,seoul,0,0,0,0,16,0,0,13,0,0,completed
46483,U6487,2025-10-16 09:11:00,2025-10-16 09:14:00,M,40~49,office,seoul,0,0,0,0,17,0,0,70,0,0,completed
46484,U6488,2025-08-11 14:19:00,2025-08-11 14:24:00,F,30~39,office,seoul,0,0,0,0,9,0,0,65,0,0,completed
46485,U6489,2025-02-03 19:44:00,2025-02-03 19:50:00,F,40~49,office,seoul,0,0,0,0,13,0,0,12,0,0,error
46486,U6490,2025-07-10 13:06:00,2025-07-10 13:11:00,F,30~39,office,seoul,0,0,0,0,13,0,0,42,0,0,completed
46487,U6491,2025-05-01 08:15:00,2025-05-01 08:17:00,F,30~39,office,seoul,0,0,0,0,0,0,0,48,0,0,completed
46488,U6492,2025-07-04 16:20:00,2025-07-04 16:26:00,M,20~29,office,seoul,0,0,0,0,9,0,0,23,0,0,completed
46489,U6493,2025-07-25 17:04:00,2025-07-25 17:09:00,M,40~49,office,seoul,0,0,0,0,11,0,0,14,0,0,abandoned
46490,U6494,2025-05-21 18:43:00,2025-05-21 18:46:00,F,30~39,office,seoul,0,0,0,0,14,0,0,43,0,0,abandoned
46491,U6495,2025-09-10 11:53:00,2025-09-10 11:56:00,F,20~29,office,seoul,0,0,0,0,17,0,0,59,0,0,completed
46492,U6496,2025-11-30 21:59:00,2025-11-30 22:05:00,M,20~29,office,seoul,1,0,0,0,16,0,0,42,0,0,completed
46493,U6497,2025-01-26 11:16:00,2025-01-26 11:22:00,F,40~49,office,seoul,1,0,0,0,10,0,0,46,0,0,completed
46494,U6498,2025-12-15 12:39:00,2025-12-15 12:44:00,M,30~39,office,seoul,0,0,0,0,6,0,0,63,0,0,completed
46495,U6499,2025-09-28 12:06:00,2025-09-28 12:13:00,M,40~49,office,seoul,1,0,0,0,25,0,0,29,0,0,completed
46496,U6500,2025-03-14 21:10:00,2025-03-14 21:15:00,F,30~39,office,seoul,0,0,0,0,7,0,0,28,0,1,completed
46497,U6501,2025-07-12 07:18:00,2025-07-12 07:21:00,F,50+,office,seoul,1,0,0,0,22,0,0,62,1,0,completed
46498,U6502,2025-02-10 17:45:00,2025-02-10 17:50:00,F,50+,office,seoul,0,0,0,0,2,0,0,34,0,0,abandoned
46499,U6503,2025-12-24 07:10:00,2025-12-24 07:13:00,F,20~29,office,seoul,0,0,0,0,15,0,0,49,0,0,completed
46500,U6504,2025-06-27 11:57:00,2025-06-27 11:59:00,M,30~39,office,seoul,0,0,0,0,16,0,0,49,0,0,completed
46501,U6505,2025-03-04 22:02:00,2025-03-04 22:04:00,F,20~29,office,seoul,0,0,0,0,17,0,0,60,0,0,completed
46502,U6506,2025-03-15 13:16:00,2025-03-15 13:21:00,F,40~49,office,seoul,1,0,0,0,15,0,0,25,0,0,timeout
46503,U6507,2025-05-20 09:13:00,2025-05-20 09:18:00,M,20~29,office,seoul,0,0,0,0,2,0,0,77,0,0,timeout
46504,U6508,2025-05-05 09:04:00,2025-05-05 09:10:00,F,30~39,office,seoul,0,0,0,0,11,0,0,41,0,0,completed
46505,U6509,2025-01-12 16:30:00,2025-01-12 16:35:00,F,40~49,office,seoul,1,0,0,0,9,0,0,36,0,0,completed
46506,U6510,2025-02-13 08:46:00,2025-02-13 08:48:00,F,50+,office,seoul,0,0,0,0,27,0,0,53,0,0,completed
46507,U6511,2025-11-13 21:20:00,2025-11-13 21:23:00,M,20~29,office,seoul,0,0,0,0,17,0,0,36,0,0,completed
46508,U6512,2025-10-31 11:55:00,2025-10-31 12:02:00,M,40~49,office,seoul,0,0,0,0,15,0,0,59,0,0,abandoned
46509,U6513,2025-06-05 15:18:00,2025-06-05 15:25:00,M,30~39,office,seoul,0,0,0,0,11,0,0,25,0,0,completed
46510,U6514,2025-09-04 20:30:00,2025-09-04 20:34:00,M,30~39,office,seoul,0,0,0,0,2,0,0,55,0,0,completed
46511,U6515,2025-03-25 17:22:00,2025-03-25 17:24:00,F,20~29,office,seoul,0,0,0,0,12,0,0,41,0,0,completed
46512,U6516,2025-11-18 07:27:00,2025-11-18 07:32:00,F,50+,office,seoul,0,0,0,0,6,0,0,63,0,0,completed
46513,U6517,2025-03-27 19:19:00,2025-03-27 19:21:00,F,20~29,office,seoul,0,0,0,0,1,0,0,31,0,0,completed
46514,U6518,2025-09-07 14:08:00,2025-09-07 14:13:00,F,20~29,office,seoul,1,0,0,0,23,0,0,48,0,0,error
46515,U6519,2025-01-11 15:19:00,2025-01-11 15:24:00,M,30~39,office,seoul,1,0,0,0,27,0,0,40,0,0,completed
46516,U6520,2025-04-18 16:07:00,2025-04-18 16:11:00,M,30~39,office,seoul,0,0,0,0,19,0,0,27,0,0,completed
46517,U6521,2025-10-25 21:22:00,2025-10-25 21:29:00,M,20~29,office,seoul,1,0,0,0,27,0,0,35,0,0,completed
46518,U6522,2025-11-11 09:31:00,2025-11-11 09:35:00,F,40~49,office,seoul,0,0,0,0,3,0,0,22,0,0,completed
46519,U6523,2025-08-21 14:21:00,2025-08-21 14:26:00,M,40~49,office,seoul,0,0,0,0,0,0,0,61,0,0,completed
46520,U6524,2025-04-30 16:54:00,2025-04-30 16:59:00,F,30~39,office,seoul,0,0,0,0,10,0,0,30,0,0,completed
46521,U6525,2025-01-22 13:10:00,2025-01-22 13:15:00,M,50+,office,seoul,0,0,0,0,3,0,0,28,0,0,completed
46522,U6526,2025-09-06 07:06:00,2025-09-06 07:12:00,F,40~49,office,seoul,1,0,0,0,5,0,0,18,0,0,error
46523,U6527,2025-03-30 08:48:00,2025-03-30 08:54:00,F,50+,office,seoul,1,0,0,0,21,0,0,50,0,0,completed
46524,U6528,2025-09-25 13:35:00,2025-09-25 13:38:00,M,50+,office,seoul,0,0,0,0,7,0,0,38,0,0,completed
46525,U6529,2025-12-17 12:25:00,2025-12-17 12:32:00,M,50+,office,seoul,0,0,0,0,15,0,0,43,0,1,completed
46526,U6530,2025-09-28 17:00:00,2025-09-28 17:02:00,F,20~29,office,seoul,1,0,0,0,20,0,0,34,0,0,abandoned
46527,U6531,2025-04-23 17:41:00,2025-04-23 17:46:00,M,50+,office,seoul,0,0,0,0,3,0,0,70,0,0,completed
46528,U6532,2025-09-03 13:08:00,2025-09-03 13:13:00,F,20~29,office,seoul,0,0,0,0,26,0,0,40,0,0,completed
46529,U6533,2025-01-06 22:26:00,2025-01-06 22:29:00,M,20~29,office,seoul,0,0,0,0,6,0,0,75,0,0,completed
46530,U6534,2025-07-12 16:09:00,2025-07-12 16:13:00,M,20~29,office,seoul,1,0,0,0,6,0,0,61,0,0,completed
46531,U6535,2025-12-08 14:45:00,2025-12-08 14:47:00,M,30~39,office,seoul,0,0,0,0,11,0,0,18,0,0,completed
46532,U6536,2025-11-04 15:38:00,2025-11-04 15:40:00,F,20~29,office,seoul,0,0,0,0,5,0,0,79,0,0,completed
46533,U6537,2025-10-17 17:37:00,2025-10-17 17:40:00,M,20~29,office,seoul,0,0,0,0,21,0,0,18,1,0,abandoned
46534,U6538,2025-06-06 15:15:00,2025-06-06 15:22:00,F,40~49,office,seoul,0,0,0,0,29,0,0,39,0,0,completed
46535,U6539,2025-09-06 18:50:00,2025-09-06 18:55:00,M,20~29,office,seoul,1,0,0,0,21,0,0,74,0,0,completed
46536,U6540,2025-01-07 15:07:00,2025-01-07 15:10:00,M,30~39,office,seoul,0,0,0,0,9,0,0,18,0,0,completed
46537,U6541,2025-01-24 12:59:00,2025-01-24 13:04:00,M,20~29,office,seoul,0,0,0,0,16,0,0,16,0,0,completed
46538,U6542,2025-10-10 18:04:00,2025-10-10 18:09:00,F,40~49,office,seoul,0,0,0,0,26,0,0,42,0,0,completed
46539,U6543,2025-02-06 15:03:00,2025-02-06 15:08:00,M,20~29,office,seoul,0,0,0,0,23,0,0,16,0,0,completed
46540,U6544,2025-09-27 17:55:00,2025-09-27 18:02:00,M,30~39,office,seoul,1,0,0,0,6,0,0,71,0,0,completed
46541,U6545,2025-10-13 12:31:00,2025-10-13 12:34:00,F,20~29,office,seoul,0,0,0,0,17,0,0,14,0,0,completed
46542,U6546,2025-04-25 11:09:00,2025-04-25 11:12:00,M,50+,office,seoul,0,0,0,0,4,0,0,23,0,0,completed
46543,U6547,2025-12-09 09:48:00,2025-12-09 09:51:00,M,30~39,office,seoul,0,0,0,0,14,0,0,13,0,0,completed
46544,U6548,2025-11-13 15:55:00,2025-11-13 16:00:00,M,30~39,office,seoul,0,0,0,0,20,0,0,76,0,0,completed
46545,U6549,2025-11-03 09:44:00,2025-11-03 09:49:00,M,40~49,office,seoul,0,0,0,0,0,0,0,29,0,0,abandoned
46546,U6550,2025-10-26 14:57:00,2025-10-26 15:04:00,F,30~39,office,seoul,1,0,0,0,15,0,0,36,0,0,completed
46547,U6551,2025-08-18 17:06:00,2025-08-18 17:08:00,F,40~49,office,seoul,0,0,0,0,0,0,0,49,0,0,completed
46548,U6552,2025-12-29 18:55:00,2025-12-29 19:02:00,F,50+,office,seoul,0,0,0,0,0,0,0,76,0,0,completed
46549,U6553,2025-05-20 08:10:00,2025-05-20 08:14:00,F,50+,office,seoul,0,0,0,0,23,0,0,51,0,0,completed
46550,U6554,2025-03-07 18:44:00,2025-03-07 18:46:00,F,20~29,office,seoul,0,0,0,0,6,0,0,48,0,0,completed
46551,U6555,2025-10-24 12:10:00,2025-10-24 12:15:00,M,40~49,office,seoul,0,0,0,0,26,0,0,50,0,0,completed
46552,U6556,2025-05-31 16:30:00,2025-05-31 16:36:00,M,20~29,office,seoul,1,0,0,0,10,0,0,28,0,0,completed
46553,U6557,2025-06-25 11:15:00,2025-06-25 11:20:00,F,20~29,office,seoul,0,0,0,0,25,0,0,13,0,0,completed
46554,U6558,2025-05-05 09:31:00,2025-05-05 09:34:00,F,40~49,office,seoul,0,0,0,0,21,0,0,73,0,0,completed
46555,U6559,2025-10-22 13:13:00,2025-10-22 13:19:00,F,30~39,office,seoul,0,0,0,0,19,0,0,59,0,0,completed
46556,U6560,2025-04-06 16:10:00,2025-04-06 16:14:00,M,40~49,office,seoul,1,0,0,0,19,0,0,40,0,0,completed
46557,U6561,2025-10-29 18:09:00,2025-10-29 18:16:00,F,30~39,office,seoul,0,0,0,0,18,0,0,30,0,0,completed
46558,U6562,2025-10-19 15:33:00,2025-10-19 15:36:00,M,50+,office,seoul,1,0,0,0,29,0,0,49,0,0,completed
46559,U6563,2025-11-27 17:07:00,2025-11-27 17:10:00,F,40~49,office,seoul,0,0,0,0,21,0,0,32,0,0,completed
46560,U6564,2025-03-11 15:21:00,2025-03-11 15:27:00,F,50+,office,seoul,0,0,0,0,12,0,0,65,0,0,completed
46561,U6565,2025-04-19 17:35:00,2025-04-19 17:38:00,F,20~29,office,seoul,1,0,0,0,15,0,0,79,0,0,completed
46562,U6566,2025-08-01 21:17:00,2025-08-01 21:23:00,M,50+,office,seoul,0,0,0,0,25,0,0,11,0,1,completed
46563,U6567,2025-11-24 18:01:00,2025-11-24 18:08:00,M,20~29,office,seoul,0,0,0,0,20,0,0,24,0,0,completed
46564,U6568,2025-10-21 21:39:00,2025-10-21 21:44:00,F,50+,office,seoul,0,0,0,0,4,0,0,74,0,1,completed
46565,U6569,2025-01-28 16:26:00,2025-01-28 16:30:00,F,30~39,office,seoul,0,0,0,0,1,0,0,39,0,0,abandoned
46566,U6570,2025-05-19 16:08:00,2025-05-19 16:12:00,F,50+,office,seoul,0,0,0,0,8,0,0,16,0,0,completed
46567,U6571,2025-07-04 18:42:00,2025-07-04 18:49:00,F,30~39,office,seoul,0,0,0,0,20,0,0,54,0,0,completed
46568,U6572,2025-02-09 12:52:00,2025-02-09 12:56:00,F,20~29,office,seoul,1,0,0,0,12,0,0,46,0,0,completed
46569,U6573,2025-03-16 16:19:00,2025-03-16 16:25:00,M,40~49,office,seoul,1,0,0,0,18,0,0,37,0,0,completed
46570,U6574,2025-09-02 16:51:00,2025-09-02 16:58:00,F,40~49,office,seoul,0,0,0,0,28,0,0,58,0,0,completed
46571,U6575,2025-02-02 17:03:00,2025-02-02 17:08:00,F,50+,office,seoul,1,0,0,0,17,0,0,58,0,0,completed
46572,U6576,2025-09-21 15:14:00,2025-09-21 15:19:00,M,30~39,office,seoul,1,0,0,0,9,0,0,13,0,0,completed
46573,U6577,2025-05-08 08:50:00,2025-05-08 08:56:00,F,30~39,office,seoul,0,0,0,0,20,0,0,15,0,0,completed
46574,U6578,2025-07-26 15:22:00,2025-07-26 15:28:00,M,50+,office,seoul,1,0,0,0,21,0,0,54,0,0,error
46575,U6579,2025-06-24 08:59:00,2025-06-24 09:02:00,M,50+,office,seoul,0,0,0,0,14,0,0,46,0,0,completed
46576,U6580,2025-04-18 13:36:00,2025-04-18 13:39:00,F,20~29,office,seoul,0,0,0,0,16,0,0,54,0,0,completed
46577,U6581,2025-01-16 16:48:00,2025-01-16 16:55:00,M,50+,office,seoul,0,0,0,0,16,0,0,67,0,0,completed
46578,U6582,2025-11-13 15:34:00,2025-11-13 15:41:00,F,20~29,office,seoul,0,0,0,0,28,0,0,42,0,0,completed
46579,U6583,2025-04-03 11:13:00,2025-04-03 11:17:00,M,30~39,office,seoul,0,0,0,0,5,0,0,21,0,0,completed
46580,U6584,2025-12-17 09:02:00,2025-12-17 09:04:00,F,40~49,office,seoul,0,0,0,0,29,0,0,19,0,0,completed
46581,U6585,2025-07-12 13:56:00,2025-07-12 13:59:00,F,30~39,office,seoul,1,0,0,0,14,0,0,61,0,0,completed
46582,U6586,2025-01-15 16:14:00,2025-01-15 16:19:00,F,20~29,office,seoul,0,0,0,0,22,0,0,66,0,0,completed
46583,U6587,2025-02-10 14:05:00,2025-02-10 14:08:00,F,30~39,office,seoul,0,0,0,0,13,0,0,48,0,0,completed
46584,U6588,2025-11-18 09:29:00,2025-11-18 09:31:00,F,30~39,office,seoul,0,0,0,0,21,0,0,62,0,0,completed
46585,U6589,2025-07-12 15:53:00,2025-07-12 15:57:00,M,20~29,office,seoul,1,0,0,0,12,0,0,17,0,0,completed
46586,U6590,2025-06-07 16:44:00,2025-06-07 16:49:00,M,30~39,office,seoul,1,0,0,0,21,0,0,76,0,0,completed
46587,U6591,2025-04-19 14:27:00,2025-04-19 14:31:00,M,30~39,office,seoul,1,0,0,0,2,0,0,10,0,0,completed
46588,U6592,2025-10-30 17:53:00,2025-10-30 17:57:00,F,50+,office,seoul,0,0,0,0,1,0,0,57,0,0,completed
46589,U6593,2025-03-21 18:22:00,2025-03-21 18:24:00,M,30~39,office,seoul,0,0,0,0,25,0,0,44,0,0,completed
46590,U6594,2025-09-20 18:54:00,2025-09-20 18:57:00,M,30~39,office,seoul,1,0,0,0,25,0,0,69,0,0,completed
46591,U6595,2025-04-13 09:50:00,2025-04-13 09:56:00,F,30~39,office,seoul,1,0,0,0,6,0,0,30,0,0,completed
46592,U6596,2025-02-12 19:35:00,2025-02-12 19:41:00,M,30~39,office,seoul,0,0,0,0,22,0,0,16,0,0,completed
46593,U6597,2025-03-30 18:41:00,2025-03-30 18:44:00,F,30~39,office,seoul,1,0,0,0,19,0,0,50,0,0,completed
46594,U6598,2025-01-26 13:21:00,2025-01-26 13:25:00,F,30~39,office,seoul,1,0,0,0,0,0,0,73,0,0,completed
46595,U6599,2025-10-04 13:08:00,2025-10-04 13:12:00,F,30~39,office,seoul,1,0,0,0,29,0,0,43,0,0,completed
46596,U6600,2025-08-29 13:39:00,2025-08-29 13:44:00,F,20~29,office,seoul,0,0,0,0,25,0,0,49,0,0,completed
46597,U6601,2025-10-23 11:41:00,2025-10-23 11:45:00,M,30~39,office,seoul,0,0,0,0,14,0,0,10,0,0,completed
46598,U6602,2025-12-11 17:49:00,2025-12-11 17:56:00,F,20~29,office,seoul,0,0,0,0,16,0,0,63,0,0,abandoned
46599,U6603,2025-09-25 12:56:00,2025-09-25 12:59:00,M,40~49,office,seoul,0,0,0,0,9,0,0,48,0,0,completed
46600,U6604,2025-05-07 17:22:00,2025-05-07 17:27:00,F,30~39,office,seoul,0,0,0,0,9,0,0,11,0,0,completed
46601,U6605,2025-10-24 11:44:00,2025-10-24 11:49:00,F,30~39,office,seoul,0,0,0,0,16,0,0,72,0,0,completed
46602,U6606,2025-05-24 12:39:00,2025-05-24 12:44:00,M,40~49,office,seoul,1,0,0,0,27,0,0,15,0,0,completed
46603,U6607,2025-04-15 08:27:00,2025-04-15 08:32:00,M,50+,office,seoul,0,0,0,0,9,0,0,16,0,0,completed
46604,U6608,2025-12-05 12:36:00,2025-12-05 12:43:00,F,40~49,office,seoul,0,0,0,0,16,0,0,47,0,0,completed
46605,U6609,2025-03-18 15:26:00,2025-03-18 15:32:00,F,20~29,office,seoul,0,0,0,0,16,0,0,37,0,0,completed
46606,U6610,2025-01-27 07:40:00,2025-01-27 07:42:00,F,50+,office,seoul,0,0,0,0,28,0,0,13,0,0,completed
46607,U6611,2025-07-29 13:46:00,2025-07-29 13:53:00,M,50+,office,seoul,0,0,0,0,5,0,0,59,0,0,completed
46608,U6612,2025-06-06 17:08:00,2025-06-06 17:10:00,F,50+,office,seoul,0,0,0,0,29,0,0,75,0,0,completed
46609,U6613,2025-03-09 14:17:00,2025-03-09 14:19:00,F,30~39,office,seoul,1,0,0,0,23,0,0,78,0,0,completed
46610,U6614,2025-06-19 09:07:00,2025-06-19 09:11:00,M,20~29,office,seoul,0,0,0,0,20,0,0,39,0,0,completed
46611,U6615,2025-07-24 11:35:00,2025-07-24 11:41:00,M,40~49,office,seoul,0,0,0,0,9,0,0,72,0,0,completed
46612,U6616,2025-05-12 09:03:00,2025-05-12 09:10:00,M,40~49,office,seoul,0,0,0,0,17,0,0,47,0,0,completed
46613,U6617,2025-08-06 09:39:00,2025-08-06 09:45:00,F,30~39,office,seoul,0,0,0,0,9,0,0,30,0,0,error
46614,U6618,2025-03-28 09:38:00,2025-03-28 09:41:00,F,20~29,office,seoul,0,0,0,0,27,0,0,76,0,0,completed
46615,U6619,2025-08-05 17:13:00,2025-08-05 17:20:00,F,20~29,office,seoul,0,0,0,0,20,0,0,43,0,0,completed
46616,U6620,2025-08-12 14:23:00,2025-08-12 14:28:00,M,30~39,office,seoul,0,0,0,0,2,0,0,31,0,0,completed
46617,U6621,2025-03-26 20:34:00,2025-03-26 20:40:00,F,50+,office,seoul,0,0,0,0,23,0,0,30,0,1,error
46618,U6622,2025-08-14 18:45:00,2025-08-14 18:47:00,F,30~39,office,seoul,0,0,0,0,23,0,0,28,0,0,completed
46619,U6623,2025-11-19 12:21:00,2025-11-19 12:28:00,M,30~39,office,seoul,0,0,0,0,22,0,0,23,0,0,completed
46620,U6624,2025-02-11 19:03:00,2025-02-11 19:07:00,M,50+,office,seoul,0,0,0,0,13,0,0,63,1,0,completed
46621,U6625,2025-02-09 07:05:00,2025-02-09 07:10:00,F,30~39,office,seoul,1,0,0,0,25,0,0,65,0,0,completed
46622,U6626,2025-10-17 12:14:00,2025-10-17 12:17:00,F,30~39,office,seoul,0,0,0,0,17,0,0,16,0,0,completed
46623,U6627,2025-05-09 09:48:00,2025-05-09 09:53:00,M,50+,office,seoul,0,0,0,0,1,0,0,53,1,0,completed
46624,U6628,2025-08-18 15:29:00,2025-08-18 15:31:00,M,20~29,office,seoul,0,0,0,0,29,0,0,50,0,0,completed
46625,U6629,2025-05-18 12:04:00,2025-05-18 12:11:00,F,30~39,office,seoul,1,0,0,0,7,0,0,22,0,0,completed
46626,U6630,2025-11-22 20:17:00,2025-11-22 20:23:00,F,40~49,office,seoul,1,0,0,0,4,0,0,49,0,0,completed
46627,U6631,2025-01-01 07:44:00,2025-01-01 07:49:00,M,40~49,office,seoul,0,0,0,0,10,0,0,32,0,0,completed
46628,U6632,2025-03-20 16:24:00,2025-03-20 16:31:00,M,30~39,office,seoul,0,0,0,0,12,0,0,61,0,0,completed
46629,U6633,2025-07-13 12:48:00,2025-07-13 12:51:00,F,40~49,office,seoul,1,0,0,0,4,0,0,74,0,0,completed
46630,U6634,2025-08-10 12:20:00,2025-08-10 12:25:00,M,40~49,office,seoul,1,0,0,0,23,0,0,51,1,0,completed
46631,U6635,2025-11-29 11:10:00,2025-11-29 11:16:00,M,20~29,office,seoul,1,0,0,0,9,0,0,37,0,0,completed
46632,U6636,2025-05-19 11:21:00,2025-05-19 11:25:00,M,30~39,office,seoul,0,0,0,0,1,0,0,54,0,0,completed
46633,U6637,2025-03-28 13:51:00,2025-03-28 13:53:00,F,40~49,office,seoul,0,0,0,0,27,0,0,59,0,0,completed
46634,U6638,2025-06-05 16:23:00,2025-06-05 16:26:00,F,20~29,office,seoul,0,0,0,0,10,0,0,47,0,0,completed
46635,U6639,2025-05-12 09:42:00,2025-05-12 09:44:00,F,20~29,office,seoul,0,0,0,0,16,0,0,66,0,0,completed
46636,U6640,2025-09-25 08:44:00,2025-09-25 08:50:00,F,20~29,office,seoul,0,0,0,0,4,0,0,55,0,0,completed
46637,U6641,2025-12-09 15:58:00,2025-12-09 16:01:00,F,20~29,office,seoul,0,0,0,0,12,0,0,16,0,0,completed
46638,U6642,2025-08-05 16:00:00,2025-08-05 16:04:00,F,30~39,office,seoul,0,0,0,0,9,0,0,28,1,0,completed
46639,U6643,2025-04-19 13:31:00,2025-04-19 13:38:00,M,30~39,office,seoul,1,0,0,0,2,0,0,49,0,0,completed
46640,U6644,2025-03-08 14:27:00,2025-03-08 14:29:00,M,20~29,office,seoul,1,0,0,0,28,0,0,22,0,0,completed
46641,U6645,2025-02-04 09:09:00,2025-02-04 09:15:00,F,20~29,office,seoul,0,0,0,0,17,0,0,21,0,0,completed
46642,U6646,2025-09-22 17:06:00,2025-09-22 17:08:00,M,50+,office,seoul,0,0,0,0,17,0,0,71,0,0,completed
46643,U6647,2025-09-12 16:59:00,2025-09-12 17:02:00,F,30~39,office,seoul,0,0,0,0,21,0,0,65,0,0,completed
46644,U6648,2025-12-06 15:18:00,2025-12-06 15:24:00,M,30~39,office,seoul,1,0,0,0,1,0,0,45,0,0,completed
46645,U6649,2025-09-25 09:23:00,2025-09-25 09:30:00,M,50+,office,seoul,0,0,0,0,5,0,0,50,0,0,completed
46646,U6650,2025-12-12 12:55:00,2025-12-12 13:02:00,F,20~29,office,seoul,0,0,0,0,6,0,0,33,0,0,completed
46647,U6651,2025-08-07 09:51:00,2025-08-07 09:57:00,M,40~49,office,seoul,0,0,0,0,7,0,0,37,0,0,completed
46648,U6652,2025-05-18 14:26:00,2025-05-18 14:28:00,F,30~39,office,seoul,1,0,0,0,23,0,0,16,0,0,completed
46649,U6653,2025-11-27 15:15:00,2025-11-27 15:21:00,M,30~39,office,seoul,0,0,0,0,1,0,0,34,0,0,completed
46650,U6654,2025-12-21 09:26:00,2025-12-21 09:31:00,F,20~29,office,seoul,1,0,0,0,19,0,0,32,0,0,completed
46651,U6655,2025-05-17 13:26:00,2025-05-17 13:33:00,M,20~29,office,seoul,1,0,0,0,26,0,0,54,0,0,completed
46652,U6656,2025-12-07 16:10:00,2025-12-07 16:14:00,F,20~29,office,seoul,1,0,0,0,29,0,0,76,0,0,completed
46653,U6657,2025-07-08 12:38:00,2025-07-08 12:42:00,F,50+,office,seoul,0,0,0,0,19,0,0,23,0,0,completed
46654,U6658,2025-12-30 20:40:00,2025-12-30 20:44:00,M,20~29,office,seoul,0,0,0,0,6,0,0,77,0,0,completed
46655,U6659,2025-06-09 09:59:00,2025-06-09 10:02:00,M,50+,office,seoul,0,0,0,0,5,0,0,29,0,0,abandoned
46656,U6660,2025-11-19 11:10:00,2025-11-19 11:15:00,F,20~29,office,seoul,0,0,0,0,8,0,0,40,0,0,completed
46657,U6661,2025-12-12 07:33:00,2025-12-12 07:35:00,M,30~39,office,seoul,0,0,0,0,14,0,0,62,0,0,completed
46658,U6662,2025-08-06 13:28:00,2025-08-06 13:32:00,F,20~29,office,seoul,0,0,0,0,5,0,0,17,0,0,completed
46659,U6663,2025-07-10 16:18:00,2025-07-10 16:20:00,F,30~39,office,seoul,0,0,0,0,26,0,0,59,0,0,completed
46660,U6664,2025-01-13 21:30:00,2025-01-13 21:34:00,F,20~29,office,seoul,0,0,0,0,26,0,0,64,0,0,completed
46661,U6665,2025-09-27 08:16:00,2025-09-27 08:20:00,F,40~49,office,seoul,1,0,0,0,27,0,0,34,0,0,completed
46662,U6666,2025-07-15 13:32:00,2025-07-15 13:39:00,F,30~39,office,seoul,0,0,0,0,29,0,0,62,0,0,abandoned
46663,U6667,2025-10-03 13:13:00,2025-10-03 13:18:00,F,20~29,office,seoul,0,0,0,0,18,0,0,63,0,0,completed
46664,U6668,2025-01-12 08:38:00,2025-01-12 08:42:00,F,50+,office,seoul,1,0,0,0,27,0,0,59,0,1,completed
46665,U6669,2025-11-17 13:58:00,2025-11-17 14:02:00,F,40~49,office,seoul,0,0,0,0,7,0,0,19,0,0,completed
46666,U6670,2025-10-28 11:14:00,2025-10-28 11:17:00,M,20~29,office,seoul,0,0,0,0,29,0,0,76,0,0,completed
46667,U6671,2025-06-29 12:37:00,2025-06-29 12:39:00,M,20~29,office,seoul,1,0,0,0,3,0,0,54,0,0,completed
46668,U6672,2025-01-01 11:21:00,2025-01-01 11:27:00,M,40~49,office,seoul,0,0,0,0,17,0,0,12,0,0,completed
46669,U6673,2025-07-18 20:03:00,2025-07-18 20:10:00,M,50+,office,seoul,0,0,0,0,19,0,0,72,0,0,completed
46670,U6674,2025-08-08 11:15:00,2025-08-08 11:22:00,F,20~29,office,seoul,0,0,0,0,28,0,0,77,0,0,completed
46671,U6675,2025-09-20 22:32:00,2025-09-20 22:34:00,M,30~39,office,seoul,1,0,0,0,7,0,0,58,0,0,completed
46672,U6676,2025-10-26 16:21:00,2025-10-26 16:23:00,M,20~29,office,seoul,1,0,0,0,14,0,0,79,0,0,completed
46673,U6677,2025-07-08 16:09:00,2025-07-08 16:15:00,M,40~49,office,seoul,0,0,0,0,12,0,0,36,0,0,completed
46674,U6678,2025-10-12 12:00:00,2025-10-12 12:02:00,F,30~39,office,seoul,1,0,0,0,19,0,0,59,0,0,completed
46675,U6679,2025-11-10 17:34:00,2025-11-10 17:40:00,M,30~39,office,seoul,0,0,0,0,22,0,0,41,0,0,completed
46676,U6680,2025-04-10 19:59:00,2025-04-10 20:02:00,F,20~29,office,seoul,0,0,0,0,5,0,0,28,0,0,error
46677,U6681,2025-02-21 14:20:00,2025-02-21 14:22:00,F,30~39,office,seoul,0,0,0,0,5,0,0,68,0,0,completed
46678,U6682,2025-06-16 14:29:00,2025-06-16 14:32:00,F,40~49,office,seoul,0,0,0,0,5,0,0,48,0,0,completed
46679,U6683,2025-04-04 13:00:00,2025-04-04 13:03:00,F,50+,office,seoul,0,0,0,0,16,0,0,28,0,0,completed
46680,U6684,2025-09-15 12:22:00,2025-09-15 12:26:00,M,20~29,office,seoul,0,0,0,0,15,0,0,68,0,0,completed
46681,U6685,2025-05-19 16:02:00,2025-05-19 16:05:00,F,40~49,office,seoul,0,0,0,0,9,0,0,69,0,0,completed
46682,U6686,2025-01-29 07:39:00,2025-01-29 07:44:00,F,20~29,office,seoul,0,0,0,0,14,0,0,62,0,0,completed
46683,U6687,2025-03-17 08:14:00,2025-03-17 08:16:00,M,20~29,office,seoul,0,0,0,0,7,0,0,25,0,0,completed
46684,U6688,2025-06-14 15:49:00,2025-06-14 15:52:00,F,40~49,office,seoul,1,0,0,0,18,0,0,64,0,0,completed
46685,U6689,2025-07-29 14:21:00,2025-07-29 14:24:00,F,20~29,office,seoul,0,0,0,0,17,0,0,37,0,0,completed
46686,U6690,2025-05-30 09:28:00,2025-05-30 09:34:00,M,40~49,office,seoul,0,0,0,0,4,0,0,48,0,0,completed
46687,U6691,2025-09-21 16:39:00,2025-09-21 16:46:00,M,20~29,office,seoul,1,0,0,0,7,0,0,20,0,0,completed
46688,U6692,2025-03-13 12:45:00,2025-03-13 12:52:00,F,40~49,office,seoul,0,0,0,0,20,0,0,48,0,0,completed
46689,U6693,2025-01-20 13:17:00,2025-01-20 13:20:00,M,40~49,office,seoul,0,0,0,0,2,0,0,71,0,0,completed
46690,U6694,2025-12-27 17:10:00,2025-12-27 17:17:00,F,50+,office,seoul,1,0,0,0,15,0,0,21,0,0,completed
46691,U6695,2025-11-11 17:30:00,2025-11-11 17:34:00,F,30~39,office,seoul,0,0,0,0,10,0,0,70,0,0,error
46692,U6696,2025-11-27 22:14:00,2025-11-27 22:18:00,F,20~29,office,seoul,0,0,0,0,15,0,0,50,0,0,completed
46693,U6697,2025-02-20 19:18:00,2025-02-20 19:25:00,F,20~29,office,seoul,0,0,0,0,1,0,0,54,0,0,completed
46694,U6698,2025-01-17 13:40:00,2025-01-17 13:46:00,F,50+,office,seoul,0,0,0,0,0,0,0,13,1,0,completed
46695,U6699,2025-10-24 08:20:00,2025-10-24 08:22:00,F,50+,office,seoul,0,0,0,0,5,0,0,19,0,0,completed
46696,U6700,2025-01-14 17:55:00,2025-01-14 17:57:00,F,20~29,office,seoul,0,0,0,0,25,0,0,70,0,0,completed
46697,U6701,2025-02-04 09:04:00,2025-02-04 09:09:00,F,30~39,office,seoul,0,0,0,0,9,0,0,20,0,0,completed
46698,U6702,2025-10-25 09:10:00,2025-10-25 09:17:00,F,30~39,office,seoul,1,0,0,0,17,0,0,57,0,0,timeout
46699,U6703,2025-09-03 15:37:00,2025-09-03 15:42:00,M,30~39,office,seoul,0,0,0,0,13,0,0,73,0,0,abandoned
46700,U6704,2025-03-01 16:18:00,2025-03-01 16:24:00,F,20~29,office,seoul,1,0,0,0,17,0,0,17,0,0,completed
46701,U6705,2025-11-22 11:25:00,2025-11-22 11:31:00,M,40~49,office,seoul,1,0,0,0,22,0,0,25,0,0,completed
46702,U6706,2025-11-26 19:11:00,2025-11-26 19:17:00,M,20~29,office,seoul,0,0,0,0,12,0,0,21,0,0,completed
46703,U6707,2025-05-30 11:12:00,2025-05-30 11:16:00,M,20~29,office,seoul,0,0,0,0,4,0,0,66,0,0,completed
46704,U6708,2025-09-16 15:13:00,2025-09-16 15:15:00,F,50+,office,seoul,0,0,0,0,18,0,0,46,1,0,completed
46705,U6709,2025-06-13 16:59:00,2025-06-13 17:06:00,M,40~49,office,seoul,0,0,0,0,5,0,0,47,0,0,completed
46706,U6710,2025-12-09 19:45:00,2025-12-09 19:49:00,F,30~39,office,seoul,0,0,0,0,5,0,0,45,1,0,completed
46707,U6711,2025-12-27 13:34:00,2025-12-27 13:36:00,F,20~29,office,seoul,1,0,0,0,5,0,0,50,0,0,completed
46708,U6712,2025-08-05 13:10:00,2025-08-05 13:16:00,F,20~29,office,seoul,0,0,0,0,2,0,0,78,0,0,completed
46709,U6713,2025-07-02 07:39:00,2025-07-02 07:43:00,M,50+,office,seoul,0,0,0,0,25,0,0,15,0,0,completed
46710,U6714,2025-12-05 21:11:00,2025-12-05 21:18:00,F,50+,office,seoul,0,0,0,0,10,0,0,11,0,0,completed
46711,U6715,2025-01-11 08:47:00,2025-01-11 08:53:00,F,30~39,office,seoul,1,0,0,0,19,0,0,46,0,0,completed
46712,U6716,2025-08-21 16:37:00,2025-08-21 16:42:00,F,20~29,office,seoul,0,0,0,0,13,0,0,36,0,0,completed
46713,U6717,2025-03-06 12:36:00,2025-03-06 12:38:00,M,20~29,office,seoul,0,0,0,0,27,0,0,68,0,0,completed
46714,U6718,2025-05-07 16:35:00,2025-05-07 16:42:00,F,50+,office,seoul,0,0,0,0,11,0,0,33,0,0,completed
46715,U6719,2025-04-11 08:43:00,2025-04-11 08:45:00,M,30~39,office,seoul,0,0,0,0,27,0,0,57,0,0,completed
46716,U6720,2025-01-30 15:28:00,2025-01-30 15:35:00,M,40~49,office,seoul,0,0,0,0,13,0,0,16,0,0,completed
46717,U6721,2025-05-17 22:19:00,2025-05-17 22:23:00,F,50+,office,seoul,1,0,0,0,13,0,0,58,0,0,timeout
46718,U6722,2025-06-30 15:50:00,2025-06-30 15:55:00,F,20~29,office,seoul,0,0,0,0,26,0,0,61,0,0,completed
46719,U6723,2025-07-20 12:21:00,2025-07-20 12:24:00,M,30~39,office,seoul,1,0,0,0,16,0,0,67,0,0,completed
46720,U6724,2025-03-19 15:53:00,2025-03-19 15:57:00,M,20~29,office,seoul,0,0,0,0,22,0,0,63,0,0,abandoned
46721,U6725,2025-03-01 07:10:00,2025-03-01 07:13:00,M,30~39,office,seoul,1,0,0,0,18,0,0,45,0,0,completed
46722,U6726,2025-12-16 14:21:00,2025-12-16 14:26:00,F,20~29,office,seoul,0,0,0,0,13,0,0,61,0,0,timeout
46723,U6727,2025-02-04 18:48:00,2025-02-04 18:54:00,F,20~29,office,seoul,0,0,0,0,2,0,0,44,0,0,completed
46724,U6728,2025-07-01 16:40:00,2025-07-01 16:46:00,M,20~29,office,seoul,0,0,0,0,29,0,0,16,0,0,completed
46725,U6729,2025-11-21 14:30:00,2025-11-21 14:34:00,F,40~49,office,seoul,0,0,0,0,28,0,0,79,0,0,timeout
46726,U6730,2025-04-20 08:01:00,2025-04-20 08:06:00,M,30~39,office,seoul,1,0,0,0,27,0,0,48,0,0,completed
46727,U6731,2025-12-29 13:01:00,2025-12-29 13:06:00,F,30~39,office,seoul,0,0,0,0,9,0,0,79,0,0,timeout
46728,U6732,2025-03-15 17:01:00,2025-03-15 17:05:00,M,30~39,office,seoul,1,0,0,0,11,0,0,61,0,0,completed
46729,U6733,2025-12-14 15:16:00,2025-12-14 15:23:00,F,50+,office,seoul,1,0,0,0,9,0,0,44,0,0,completed
46730,U6734,2025-08-08 17:10:00,2025-08-08 17:12:00,M,40~49,office,seoul,0,0,0,0,25,0,0,46,0,0,completed
46731,U6735,2025-11-18 09:44:00,2025-11-18 09:50:00,F,40~49,office,seoul,0,0,0,0,4,0,0,71,0,0,completed
46732,U6736,2025-12-14 12:37:00,2025-12-14 12:40:00,F,30~39,office,seoul,1,0,0,0,13,0,0,65,0,0,completed
46733,U6737,2025-08-18 08:47:00,2025-08-18 08:52:00,M,20~29,office,seoul,0,0,0,0,0,0,0,32,0,0,completed
46734,U6738,2025-08-18 16:39:00,2025-08-18 16:41:00,F,20~29,office,seoul,0,0,0,0,20,0,0,22,0,0,completed
46735,U6739,2025-10-15 16:08:00,2025-10-15 16:11:00,M,20~29,office,seoul,0,0,0,0,11,0,0,34,0,0,completed
46736,U6740,2025-04-21 09:45:00,2025-04-21 09:52:00,F,50+,office,seoul,0,0,0,0,6,0,0,32,1,0,completed
46737,U6741,2025-02-18 19:09:00,2025-02-18 19:12:00,F,50+,office,seoul,0,0,0,0,24,0,0,11,0,0,completed
46738,U6742,2025-09-16 18:48:00,2025-09-16 18:55:00,M,30~39,office,seoul,0,0,0,0,14,0,0,23,0,0,abandoned
46739,U6743,2025-06-29 18:15:00,2025-06-29 18:21:00,M,30~39,office,seoul,1,0,0,0,20,0,0,70,0,0,completed
46740,U6744,2025-06-01 18:12:00,2025-06-01 18:14:00,F,20~29,office,seoul,1,0,0,0,20,0,0,74,0,0,completed
46741,U6745,2025-06-22 19:44:00,2025-06-22 19:46:00,F,20~29,office,seoul,1,0,0,0,24,0,0,74,0,0,completed
46742,U6746,2025-06-14 21:33:00,2025-06-14 21:38:00,F,30~39,office,seoul,1,0,0,0,5,0,0,75,0,0,completed
46743,U6747,2025-06-06 17:36:00,2025-06-06 17:38:00,F,50+,office,seoul,0,0,0,0,6,0,0,73,0,0,completed
46744,U6748,2025-08-31 18:04:00,2025-08-31 18:08:00,F,40~49,office,seoul,1,0,0,0,15,0,0,53,0,0,completed
46745,U6749,2025-06-24 15:00:00,2025-06-24 15:02:00,F,20~29,office,seoul,0,0,0,0,5,0,0,51,0,0,completed
46746,U6750,2025-11-12 08:51:00,2025-11-12 08:54:00,M,20~29,office,seoul,0,0,0,0,18,0,0,28,0,0,completed
46747,U6751,2025-09-03 09:05:00,2025-09-03 09:07:00,F,30~39,office,seoul,0,0,0,0,16,0,0,79,0,0,completed
46748,U6752,2025-04-09 16:13:00,2025-04-09 16:15:00,F,20~29,office,seoul,0,0,0,0,15,0,0,75,0,0,completed
46749,U6753,2025-05-12 16:57:00,2025-05-12 17:01:00,F,40~49,office,seoul,0,0,0,0,2,0,0,40,0,0,completed
46750,U6754,2025-03-20 14:30:00,2025-03-20 14:34:00,F,20~29,office,seoul,0,0,0,0,26,0,0,49,0,0,completed
46751,U6755,2025-02-04 08:52:00,2025-02-04 08:56:00,F,50+,office,seoul,0,0,0,0,14,0,0,50,0,0,completed
46752,U6756,2025-03-10 09:51:00,2025-03-10 09:57:00,M,40~49,office,seoul,0,0,0,0,27,0,0,24,0,0,completed
46753,U6757,2025-10-29 08:56:00,2025-10-29 09:00:00,M,50+,office,seoul,0,0,0,0,19,0,0,35,0,0,completed
46754,U6758,2025-08-17 16:09:00,2025-08-17 16:12:00,M,30~39,office,seoul,1,0,0,0,22,0,0,45,0,0,completed
46755,U6759,2025-03-19 09:36:00,2025-03-19 09:41:00,F,20~29,office,seoul,0,0,0,0,21,0,0,76,0,0,completed
46756,U6760,2025-04-08 16:21:00,2025-04-08 16:26:00,F,50+,office,seoul,0,0,0,0,23,0,0,34,1,0,completed
46757,U6761,2025-08-05 14:25:00,2025-08-05 14:31:00,F,20~29,office,seoul,0,0,0,0,2,0,0,31,0,0,completed
46758,U6762,2025-06-01 14:17:00,2025-06-01 14:23:00,F,40~49,office,seoul,1,0,0,0,19,0,0,38,0,0,completed
46759,U6763,2025-04-29 09:15:00,2025-04-29 09:19:00,F,40~49,office,seoul,0,0,0,0,18,0,0,13,0,0,completed
46760,U6764,2025-12-14 14:41:00,2025-12-14 14:44:00,M,20~29,office,seoul,1,0,0,0,14,0,0,48,0,0,completed
46761,U6765,2025-02-19 14:51:00,2025-02-19 14:53:00,M,30~39,office,seoul,0,0,0,0,11,0,0,66,0,0,completed
46762,U6766,2025-04-15 16:38:00,2025-04-15 16:40:00,F,20~29,office,seoul,0,0,0,0,7,0,0,12,0,0,completed
46763,U6767,2025-06-16 09:12:00,2025-06-16 09:15:00,F,30~39,office,seoul,0,0,0,0,25,0,0,10,0,0,completed
46764,U6768,2025-07-24 15:04:00,2025-07-24 15:09:00,M,40~49,office,seoul,0,0,0,0,4,0,0,49,0,0,completed
46765,U6769,2025-10-26 12:12:00,2025-10-26 12:19:00,M,40~49,office,seoul,1,0,0,0,5,0,0,19,0,0,completed
46766,U6770,2025-12-13 11:20:00,2025-12-13 11:25:00,M,30~39,office,seoul,1,0,0,0,29,0,0,43,0,0,completed
46767,U6771,2025-02-06 15:31:00,2025-02-06 15:36:00,F,40~49,office,seoul,0,0,0,0,0,0,0,25,0,0,completed
46768,U6772,2025-08-28 17:57:00,2025-08-28 18:00:00,F,50+,office,seoul,0,0,0,0,11,0,0,11,0,0,completed
46769,U6773,2025-09-15 16:48:00,2025-09-15 16:52:00,F,50+,office,seoul,0,0,0,0,10,0,0,44,0,0,completed
46770,U6774,2025-03-12 09:48:00,2025-03-12 09:51:00,M,30~39,office,seoul,0,0,0,0,17,0,0,21,0,0,completed
46771,U6775,2025-12-05 14:13:00,2025-12-05 14:20:00,F,50+,office,seoul,0,0,0,0,28,0,0,23,0,0,completed
46772,U6776,2025-02-11 14:54:00,2025-02-11 15:00:00,M,40~49,office,seoul,0,0,0,0,27,0,0,42,0,0,completed
46773,U6777,2025-03-23 19:24:00,2025-03-23 19:28:00,F,20~29,office,seoul,1,0,0,0,10,0,0,11,0,0,completed
46774,U6778,2025-07-13 19:49:00,2025-07-13 19:53:00,F,50+,office,seoul,1,0,0,0,20,0,0,76,0,0,completed
46775,U6779,2025-06-25 15:06:00,2025-06-25 15:10:00,M,50+,office,seoul,0,0,0,0,24,0,0,75,0,0,completed
46776,U6780,2025-03-20 09:58:00,2025-03-20 10:04:00,F,50+,office,seoul,0,0,0,0,4,0,0,71,0,0,completed
46777,U6781,2025-06-25 08:23:00,2025-06-25 08:27:00,M,20~29,office,seoul,0,0,0,0,12,0,0,48,0,0,completed
46778,U6782,2025-11-20 16:00:00,2025-11-20 16:02:00,F,50+,office,seoul,0,0,0,0,22,0,0,12,0,0,completed
46779,U6783,2025-05-29 18:05:00,2025-05-29 18:11:00,F,20~29,office,seoul,0,0,0,0,6,0,0,46,0,0,completed
46780,U6784,2025-10-11 14:49:00,2025-10-11 14:54:00,M,20~29,office,seoul,1,0,0,0,9,0,0,71,0,0,completed
46781,U6785,2025-08-03 14:15:00,2025-08-03 14:17:00,F,30~39,office,seoul,1,0,0,0,25,0,0,46,0,0,completed
46782,U6786,2025-04-06 07:41:00,2025-04-06 07:48:00,M,50+,office,seoul,1,0,0,0,4,0,0,42,0,0,completed
46783,U6787,2025-09-15 12:16:00,2025-09-15 12:23:00,M,30~39,office,seoul,0,0,0,0,15,0,0,38,0,0,completed
46784,U6788,2025-09-07 11:03:00,2025-09-07 11:07:00,F,40~49,office,seoul,1,0,0,0,29,0,0,35,0,0,completed
46785,U6789,2025-05-30 11:15:00,2025-05-30 11:17:00,M,30~39,office,seoul,0,0,0,0,5,0,0,20,0,0,completed
46786,U6790,2025-08-05 15:21:00,2025-08-05 15:24:00,F,40~49,office,seoul,0,0,0,0,12,0,0,69,0,0,completed
46787,U6791,2025-12-30 13:25:00,2025-12-30 13:27:00,M,30~39,office,seoul,0,0,0,0,12,0,0,73,0,0,completed
46788,U6792,2025-08-21 12:18:00,2025-08-21 12:21:00,F,20~29,office,seoul,0,0,0,0,22,0,0,51,0,0,completed
46789,U6793,2025-07-04 08:42:00,2025-07-04 08:45:00,F,20~29,office,seoul,0,0,0,0,21,0,0,63,0,0,timeout
46790,U6794,2025-01-19 11:46:00,2025-01-19 11:51:00,F,30~39,office,seoul,1,0,0,0,13,0,0,70,0,0,abandoned
46791,U6795,2025-03-01 21:32:00,2025-03-01 21:38:00,F,40~49,office,seoul,1,0,0,0,12,0,0,56,0,0,completed
46792,U6796,2025-02-23 13:53:00,2025-02-23 14:00:00,F,30~39,office,seoul,1,0,0,0,17,0,0,40,1,0,completed
46793,U6797,2025-08-12 08:53:00,2025-08-12 08:59:00,F,50+,office,seoul,0,0,0,0,10,0,0,25,0,0,abandoned
46794,U6798,2025-03-27 17:40:00,2025-03-27 17:43:00,M,30~39,office,seoul,0,0,0,0,7,0,0,12,0,0,completed
46795,U6799,2025-06-05 20:30:00,2025-06-05 20:36:00,M,30~39,office,seoul,0,0,0,0,18,0,0,33,0,0,completed
46796,U6800,2025-10-06 21:10:00,2025-10-06 21:14:00,M,40~49,office,seoul,0,0,0,0,9,0,0,68,0,0,completed
46797,U6801,2025-10-05 14:53:00,2025-10-05 14:56:00,F,20~29,office,seoul,1,0,0,0,2,0,0,47,0,0,completed
46798,U6802,2025-08-18 09:41:00,2025-08-18 09:44:00,M,20~29,office,seoul,0,0,0,0,11,0,0,55,0,0,abandoned
46799,U6803,2025-04-08 13:30:00,2025-04-08 13:34:00,M,30~39,office,seoul,0,0,0,0,25,0,0,50,0,0,completed
46800,U6804,2025-05-20 09:40:00,2025-05-20 09:44:00,F,40~49,office,seoul,0,0,0,0,10,0,0,79,0,0,completed
46801,U6805,2025-02-12 16:21:00,2025-02-12 16:23:00,M,20~29,office,seoul,0,0,0,0,29,0,0,23,0,0,completed
46802,U6806,2025-03-16 15:13:00,2025-03-16 15:15:00,M,30~39,office,seoul,1,0,0,0,15,0,0,14,0,0,completed
46803,U6807,2025-02-20 21:30:00,2025-02-20 21:36:00,M,20~29,office,seoul,0,0,0,0,27,0,0,42,0,0,completed
46804,U6808,2025-01-26 07:56:00,2025-01-26 08:02:00,M,40~49,office,seoul,1,0,0,0,16,0,0,40,0,1,completed
46805,U6809,2025-10-08 17:23:00,2025-10-08 17:26:00,F,50+,office,seoul,0,0,0,0,16,0,0,23,0,0,completed
46806,U6810,2025-11-27 09:54:00,2025-11-27 09:59:00,F,40~49,office,seoul,0,0,0,0,17,0,0,67,0,0,abandoned
46807,U6811,2025-10-16 15:11:00,2025-10-16 15:15:00,M,20~29,office,seoul,0,0,0,0,3,0,0,32,0,0,completed
46808,U6812,2025-04-23 20:28:00,2025-04-23 20:31:00,M,30~39,office,seoul,0,0,0,0,0,0,0,16,0,0,completed
46809,U6813,2025-05-05 11:15:00,2025-05-05 11:21:00,M,20~29,office,seoul,0,0,0,0,7,0,0,12,0,0,completed
46810,U6814,2025-10-08 14:01:00,2025-10-08 14:05:00,F,40~49,office,seoul,0,0,0,0,29,0,0,16,0,1,completed
46811,U6815,2025-01-05 09:34:00,2025-01-05 09:39:00,F,30~39,office,seoul,1,0,0,0,16,0,0,53,0,0,completed
46812,U6816,2025-11-13 08:10:00,2025-11-13 08:13:00,F,50+,office,seoul,0,0,0,0,8,0,0,48,1,0,completed
46813,U6817,2025-03-09 13:17:00,2025-03-09 13:19:00,F,50+,office,seoul,1,0,0,0,11,0,0,64,0,0,completed
46814,U6818,2025-05-09 13:39:00,2025-05-09 13:43:00,M,50+,office,seoul,0,0,0,0,25,0,0,12,0,0,completed
46815,U6819,2025-09-21 08:58:00,2025-09-21 09:04:00,F,20~29,office,seoul,1,0,0,0,23,0,0,28,0,0,completed
46816,U6820,2025-09-21 16:50:00,2025-09-21 16:52:00,M,50+,office,seoul,1,0,0,0,7,0,0,53,0,0,completed
46817,U6821,2025-06-27 16:32:00,2025-06-27 16:34:00,F,40~49,office,seoul,0,0,0,0,26,0,0,30,0,0,completed
46818,U6822,2025-04-07 13:34:00,2025-04-07 13:36:00,M,50+,office,seoul,0,0,0,0,12,0,0,67,0,0,error
46819,U6823,2025-05-17 13:33:00,2025-05-17 13:39:00,F,50+,office,seoul,1,0,0,0,1,0,0,34,0,0,completed
46820,U6824,2025-12-06 21:39:00,2025-12-06 21:42:00,F,20~29,office,seoul,1,0,0,0,24,0,0,13,0,0,abandoned
46821,U6825,2025-01-20 12:27:00,2025-01-20 12:29:00,M,50+,office,seoul,0,0,0,0,19,0,0,73,0,0,completed
46822,U6826,2025-04-13 08:14:00,2025-04-13 08:17:00,F,20~29,office,seoul,1,0,0,0,0,0,0,10,0,0,completed
46823,U6827,2025-10-12 08:42:00,2025-10-12 08:47:00,M,50+,office,seoul,1,0,0,0,7,0,0,54,0,0,completed
46824,U6828,2025-01-23 12:23:00,2025-01-23 12:29:00,F,20~29,office,seoul,0,0,0,0,13,0,0,15,0,0,timeout
46825,U6829,2025-10-22 15:22:00,2025-10-22 15:26:00,M,30~39,office,seoul,0,0,0,0,28,0,0,27,0,0,completed
46826,U6830,2025-01-13 15:58:00,2025-01-13 16:05:00,F,50+,office,seoul,0,0,0,0,5,0,0,34,0,1,completed
46827,U6831,2025-12-30 14:24:00,2025-12-30 14:27:00,M,20~29,office,seoul,0,0,0,0,26,0,0,49,0,0,completed
46828,U6832,2025-03-14 15:59:00,2025-03-14 16:04:00,F,30~39,office,seoul,0,0,0,0,11,0,0,39,0,0,completed
46829,U6833,2025-11-24 13:13:00,2025-11-24 13:19:00,F,40~49,office,seoul,0,0,0,0,24,0,0,26,0,0,completed
46830,U6834,2025-09-24 18:21:00,2025-09-24 18:25:00,F,40~49,office,seoul,0,0,0,0,17,0,0,46,0,0,completed
46831,U6835,2025-01-06 16:13:00,2025-01-06 16:20:00,M,20~29,office,seoul,0,0,0,0,24,0,0,15,0,0,completed
46832,U6836,2025-11-18 17:10:00,2025-11-18 17:14:00,F,20~29,office,seoul,0,0,0,0,20,0,0,70,0,0,completed
46833,U6837,2025-04-23 14:26:00,2025-04-23 14:33:00,F,30~39,office,seoul,0,0,0,0,3,0,0,42,0,0,completed
46834,U6838,2025-04-04 16:24:00,2025-04-04 16:29:00,M,40~49,office,seoul,0,0,0,0,21,0,0,29,0,0,completed
46835,U6839,2025-01-12 13:19:00,2025-01-12 13:25:00,F,30~39,office,seoul,1,0,0,0,17,0,0,44,0,0,completed
46836,U6840,2025-01-16 20:15:00,2025-01-16 20:20:00,F,50+,office,seoul,0,0,0,0,4,0,0,68,1,0,completed
46837,U6841,2025-02-18 15:32:00,2025-02-18 15:34:00,F,40~49,office,seoul,0,0,0,0,21,0,0,68,0,0,completed
46838,U6842,2025-02-07 12:07:00,2025-02-07 12:10:00,M,30~39,office,seoul,0,0,0,0,6,0,0,27,0,0,completed
46839,U6843,2025-04-15 12:10:00,2025-04-15 12:17:00,F,20~29,office,seoul,0,0,0,0,15,0,0,25,0,0,completed
46840,U6844,2025-02-27 18:00:00,2025-02-27 18:04:00,M,20~29,office,seoul,0,0,0,0,14,0,0,13,0,0,completed
46841,U6845,2025-01-03 15:16:00,2025-01-03 15:21:00,F,30~39,office,seoul,0,0,0,0,24,0,0,77,0,0,completed
46842,U6846,2025-05-11 07:00:00,2025-05-11 07:05:00,M,30~39,office,seoul,1,0,0,0,28,0,0,10,0,0,completed
46843,U6847,2025-08-19 09:08:00,2025-08-19 09:10:00,M,20~29,office,seoul,0,0,0,0,6,0,0,29,0,0,completed
46844,U6848,2025-08-27 19:00:00,2025-08-27 19:06:00,F,50+,office,seoul,0,0,0,0,10,0,0,26,0,0,completed
46845,U6849,2025-05-01 21:33:00,2025-05-01 21:35:00,F,40~49,office,seoul,0,0,0,0,10,0,0,27,0,0,completed
46846,U6850,2025-03-09 15:35:00,2025-03-09 15:40:00,M,40~49,office,seoul,1,0,0,0,8,0,0,64,0,0,completed
46847,U6851,2025-07-06 21:39:00,2025-07-06 21:44:00,F,20~29,office,seoul,1,0,0,0,2,0,0,18,0,0,completed
46848,U6852,2025-07-14 14:38:00,2025-07-14 14:40:00,M,50+,office,seoul,0,0,0,0,11,0,0,18,0,0,abandoned
46849,U6853,2025-03-22 18:02:00,2025-03-22 18:04:00,F,20~29,office,seoul,1,0,0,0,23,0,0,14,0,0,completed
46850,U6854,2025-09-07 16:13:00,2025-09-07 16:15:00,M,40~49,office,seoul,1,0,0,0,21,0,0,61,0,0,completed
46851,U6855,2025-01-15 13:59:00,2025-01-15 14:03:00,M,40~49,office,seoul,0,0,0,0,13,0,0,20,0,0,completed
46852,U6856,2025-04-19 14:35:00,2025-04-19 14:39:00,M,30~39,office,seoul,1,0,0,0,16,0,0,34,0,0,completed
46853,U6857,2025-05-18 21:16:00,2025-05-18 21:20:00,M,40~49,office,seoul,1,0,0,0,27,0,0,69,0,0,completed
46854,U6858,2025-09-12 09:27:00,2025-09-12 09:33:00,F,50+,office,seoul,0,0,0,0,7,0,0,30,0,0,completed
46855,U6859,2025-04-03 08:24:00,2025-04-03 08:31:00,M,40~49,office,seoul,0,0,0,0,14,0,0,43,0,0,completed
46856,U6860,2025-10-30 14:39:00,2025-10-30 14:45:00,F,50+,office,seoul,0,0,0,0,2,0,0,63,0,0,abandoned
46857,U6861,2025-05-11 19:54:00,2025-05-11 19:59:00,F,30~39,office,seoul,1,0,0,0,21,0,0,40,0,0,completed
46858,U6862,2025-05-21 11:52:00,2025-05-21 11:56:00,F,40~49,office,seoul,0,0,0,0,19,0,0,56,0,0,completed
46859,U6863,2025-05-24 17:14:00,2025-05-24 17:19:00,F,40~49,office,seoul,1,0,0,0,25,0,0,77,0,0,completed
46860,U6864,2025-10-31 09:43:00,2025-10-31 09:50:00,M,30~39,office,seoul,0,0,0,0,15,0,0,44,1,0,completed
46861,U6865,2025-12-07 19:14:00,2025-12-07 19:18:00,F,40~49,office,seoul,1,0,0,0,27,0,0,73,0,0,completed
46862,U6866,2025-07-28 20:08:00,2025-07-28 20:15:00,F,20~29,office,seoul,0,0,0,0,18,0,0,55,0,0,completed
46863,U6867,2025-03-20 12:34:00,2025-03-20 12:38:00,M,40~49,office,seoul,0,0,0,0,0,0,0,48,0,0,completed
46864,U6868,2025-02-26 15:12:00,2025-02-26 15:17:00,F,50+,office,seoul,0,0,0,0,29,0,0,23,0,0,completed
46865,U6869,2025-11-23 15:08:00,2025-11-23 15:13:00,M,20~29,office,seoul,1,0,0,0,29,0,0,15,0,0,completed
46866,U6870,2025-12-01 13:42:00,2025-12-01 13:49:00,F,30~39,office,seoul,0,0,0,0,28,0,0,25,0,0,completed
46867,U6871,2025-04-09 08:41:00,2025-04-09 08:43:00,F,40~49,office,seoul,0,0,0,0,4,0,0,45,0,0,completed
46868,U6872,2025-12-14 18:51:00,2025-12-14 18:56:00,F,50+,office,seoul,1,0,0,0,18,0,0,62,0,0,completed
46869,U6873,2025-11-30 15:33:00,2025-11-30 15:36:00,F,30~39,office,seoul,1,0,0,0,21,0,0,19,0,0,completed
46870,U6874,2025-02-11 09:40:00,2025-02-11 09:44:00,M,20~29,office,seoul,0,0,0,0,20,0,0,58,0,1,completed
46871,U6875,2025-05-29 08:57:00,2025-05-29 09:01:00,F,50+,office,seoul,0,0,0,0,11,0,0,43,0,0,completed
46872,U6876,2025-08-02 15:29:00,2025-08-02 15:35:00,F,30~39,office,seoul,1,0,0,0,4,0,0,28,0,0,abandoned
46873,U6877,2025-04-19 16:21:00,2025-04-19 16:28:00,F,20~29,office,seoul,1,0,0,0,24,0,0,44,0,0,completed
46874,U6878,2025-05-16 16:34:00,2025-05-16 16:39:00,F,20~29,office,seoul,0,0,0,0,12,0,0,13,0,0,completed
46875,U6879,2025-12-18 18:41:00,2025-12-18 18:45:00,M,30~39,office,seoul,0,0,0,0,2,0,0,72,0,0,completed
46876,U6880,2025-03-16 19:13:00,2025-03-16 19:15:00,F,40~49,office,seoul,1,0,0,0,26,0,0,33,0,0,completed
46877,U6881,2025-12-12 11:06:00,2025-12-12 11:12:00,F,20~29,office,seoul,0,0,0,0,1,0,0,37,0,0,completed
46878,U6882,2025-05-18 07:25:00,2025-05-18 07:29:00,F,20~29,office,seoul,1,0,0,0,2,0,0,41,0,0,completed
46879,U6883,2025-01-10 12:14:00,2025-01-10 12:19:00,F,40~49,office,seoul,0,0,0,0,9,0,0,46,0,0,completed
46880,U6884,2025-10-27 12:28:00,2025-10-27 12:33:00,F,30~39,office,seoul,0,0,0,0,0,0,0,32,0,0,completed
46881,U6885,2025-01-10 14:00:00,2025-01-10 14:07:00,M,20~29,office,seoul,0,0,0,0,21,0,0,78,0,0,completed
46882,U6886,2025-05-18 14:39:00,2025-05-18 14:41:00,F,30~39,office,seoul,1,0,0,0,2,0,0,34,0,0,completed
46883,U6887,2025-10-14 22:34:00,2025-10-14 22:40:00,M,30~39,office,seoul,0,0,0,0,28,0,0,26,0,0,completed
46884,U6888,2025-01-26 13:29:00,2025-01-26 13:35:00,M,40~49,office,seoul,1,0,0,0,1,0,0,38,0,0,completed
46885,U6889,2025-03-04 13:42:00,2025-03-04 13:44:00,F,50+,office,seoul,0,0,0,0,4,0,0,29,0,0,completed
46886,U6890,2025-02-24 09:14:00,2025-02-24 09:17:00,M,50+,office,seoul,0,0,0,0,24,0,0,38,0,0,completed
46887,U6891,2025-05-22 09:07:00,2025-05-22 09:10:00,F,20~29,office,seoul,0,0,0,0,3,0,0,20,0,0,completed
46888,U6892,2025-08-05 16:11:00,2025-08-05 16:18:00,F,30~39,office,seoul,0,0,0,0,3,0,0,49,0,0,completed
46889,U6893,2025-10-10 22:58:00,2025-10-10 23:03:00,F,30~39,office,seoul,0,0,0,0,27,0,0,33,0,0,completed
46890,U6894,2025-04-01 19:12:00,2025-04-01 19:19:00,F,20~29,office,seoul,0,0,0,0,23,0,0,51,1,0,completed
46891,U6895,2025-02-13 18:24:00,2025-02-13 18:27:00,F,40~49,office,seoul,0,0,0,0,25,0,0,54,0,0,completed
46892,U6896,2025-02-08 18:44:00,2025-02-08 18:46:00,F,30~39,office,seoul,1,0,0,0,24,0,0,72,0,0,completed
46893,U6897,2025-12-08 13:52:00,2025-12-08 13:59:00,M,30~39,office,seoul,0,0,0,0,20,0,0,64,0,0,completed
46894,U6898,2025-10-29 12:33:00,2025-10-29 12:40:00,M,30~39,office,seoul,0,0,0,0,9,0,0,15,0,0,completed
46895,U6899,2025-03-07 09:06:00,2025-03-07 09:13:00,F,20~29,office,seoul,0,0,0,0,14,0,0,44,0,0,completed
46896,U6900,2025-05-17 17:06:00,2025-05-17 17:10:00,F,20~29,office,seoul,1,0,0,0,8,0,0,29,0,0,completed
46897,U6901,2025-10-16 12:46:00,2025-10-16 12:48:00,F,30~39,office,seoul,0,0,0,0,12,0,0,17,0,0,completed
46898,U6902,2025-03-19 09:20:00,2025-03-19 09:24:00,M,30~39,office,seoul,0,0,0,0,8,0,0,57,0,0,completed
46899,U6903,2025-10-06 16:20:00,2025-10-06 16:25:00,F,20~29,office,seoul,0,0,0,0,14,0,0,70,0,0,completed
46900,U6904,2025-08-29 17:07:00,2025-08-29 17:11:00,M,30~39,office,seoul,0,0,0,0,24,0,0,36,0,0,completed
46901,U6905,2025-05-11 07:57:00,2025-05-11 08:03:00,F,30~39,office,seoul,1,0,0,0,4,0,0,43,0,0,abandoned
46902,U6906,2025-08-09 15:07:00,2025-08-09 15:11:00,F,50+,office,seoul,1,0,0,0,12,0,0,32,0,0,completed
46903,U6907,2025-07-09 12:39:00,2025-07-09 12:45:00,F,30~39,office,seoul,0,0,0,0,15,0,0,59,0,0,completed
46904,U6908,2025-10-04 18:22:00,2025-10-04 18:26:00,F,20~29,office,seoul,1,0,0,0,17,0,0,28,0,0,completed
46905,U6909,2025-11-13 16:52:00,2025-11-13 16:56:00,F,40~49,office,seoul,0,0,0,0,20,0,0,15,0,1,completed
46906,U6910,2025-01-13 16:03:00,2025-01-13 16:06:00,M,20~29,office,seoul,0,0,0,0,26,0,0,17,0,0,completed
46907,U6911,2025-04-26 17:31:00,2025-04-26 17:35:00,F,50+,office,seoul,1,0,0,0,29,0,0,74,0,0,error
46908,U6912,2025-01-08 19:16:00,2025-01-08 19:20:00,F,30~39,office,seoul,0,0,0,0,10,0,0,63,0,0,completed
46909,U6913,2025-01-01 17:26:00,2025-01-01 17:31:00,M,30~39,office,seoul,0,0,0,0,13,0,0,41,0,0,timeout
46910,U6914,2025-11-22 17:31:00,2025-11-22 17:34:00,M,50+,office,seoul,1,0,0,0,5,0,0,20,0,0,completed
46911,U6915,2025-01-17 11:23:00,2025-01-17 11:28:00,M,50+,office,seoul,0,0,0,0,7,0,0,28,0,0,completed
46912,U6916,2025-05-09 18:33:00,2025-05-09 18:39:00,F,20~29,office,seoul,0,0,0,0,16,0,0,28,0,0,completed
46913,U6917,2025-06-19 11:24:00,2025-06-19 11:27:00,M,30~39,office,seoul,0,0,0,0,24,0,0,67,0,0,abandoned
46914,U6918,2025-06-16 09:51:00,2025-06-16 09:57:00,M,20~29,office,seoul,0,0,0,0,26,0,0,29,0,0,completed
46915,U6919,2025-07-01 14:45:00,2025-07-01 14:47:00,M,30~39,office,seoul,0,0,0,0,16,0,0,19,0,0,completed
46916,U6920,2025-06-01 12:28:00,2025-06-01 12:30:00,M,20~29,office,seoul,1,0,0,0,11,0,0,71,0,0,completed
46917,U6921,2025-07-06 16:16:00,2025-07-06 16:20:00,M,30~39,office,seoul,1,0,0,0,9,0,0,22,0,0,completed
46918,U6922,2025-11-21 14:52:00,2025-11-21 14:55:00,F,20~29,office,seoul,0,0,0,0,21,0,0,59,0,0,timeout
46919,U6923,2025-03-31 08:41:00,2025-03-31 08:46:00,M,40~49,office,seoul,0,0,0,0,7,0,0,64,0,0,completed
46920,U6924,2025-12-16 12:02:00,2025-12-16 12:09:00,M,50+,office,seoul,0,0,0,0,8,0,0,18,0,0,completed
46921,U6925,2025-10-28 11:44:00,2025-10-28 11:51:00,F,30~39,office,seoul,0,0,0,0,4,0,0,27,0,0,completed
46922,U6926,2025-04-13 13:02:00,2025-04-13 13:09:00,F,30~39,office,seoul,1,0,0,0,29,0,0,44,0,0,timeout
46923,U6927,2025-08-10 17:35:00,2025-08-10 17:39:00,M,40~49,office,seoul,1,0,0,0,2,0,0,79,0,0,completed
46924,U6928,2025-11-19 19:32:00,2025-11-19 19:36:00,F,20~29,office,seoul,0,0,0,0,27,0,0,79,0,0,completed
46925,U6929,2025-02-16 15:46:00,2025-02-16 15:51:00,F,50+,office,seoul,1,0,0,0,16,0,0,55,0,0,completed
46926,U6930,2025-11-28 07:43:00,2025-11-28 07:50:00,F,30~39,office,seoul,0,0,0,0,9,0,0,57,0,0,completed
46927,U6931,2025-07-05 17:15:00,2025-07-05 17:20:00,M,50+,office,seoul,1,0,0,0,18,0,0,61,0,0,completed
46928,U6932,2025-09-04 16:56:00,2025-09-04 17:01:00,F,20~29,office,seoul,0,0,0,0,0,0,0,56,0,0,completed
46929,U6933,2025-01-29 12:24:00,2025-01-29 12:30:00,M,40~49,office,seoul,0,0,0,0,6,0,0,18,0,0,completed
46930,U6934,2025-06-10 21:45:00,2025-06-10 21:50:00,M,30~39,office,seoul,0,0,0,0,28,0,0,11,0,0,completed
46931,U6935,2025-11-19 09:34:00,2025-11-19 09:37:00,F,40~49,office,seoul,0,0,0,0,7,0,0,28,0,0,completed
46932,U6936,2025-04-03 14:57:00,2025-04-03 15:02:00,F,40~49,office,seoul,0,0,0,0,22,0,0,74,0,0,completed
46933,U6937,2025-03-30 15:31:00,2025-03-30 15:34:00,M,30~39,office,seoul,1,0,0,0,2,0,0,35,0,0,completed
46934,U6938,2025-01-31 15:46:00,2025-01-31 15:51:00,M,20~29,office,seoul,0,0,0,0,5,0,0,72,0,0,completed
46935,U6939,2025-01-25 08:28:00,2025-01-25 08:35:00,M,40~49,office,seoul,1,0,0,0,9,0,0,23,0,0,completed
46936,U6940,2025-06-25 15:02:00,2025-06-25 15:04:00,F,30~39,office,seoul,0,0,0,0,10,0,0,33,0,0,completed
46937,U6941,2025-10-26 20:05:00,2025-10-26 20:10:00,F,20~29,office,seoul,1,0,0,0,25,0,0,33,0,0,completed
46938,U6942,2025-09-11 18:54:00,2025-09-11 18:56:00,F,50+,office,seoul,0,0,0,0,16,0,0,51,0,0,completed
46939,U6943,2025-11-13 14:05:00,2025-11-13 14:09:00,M,20~29,office,seoul,0,0,0,0,20,0,0,22,0,0,completed
46940,U6944,2025-05-18 18:10:00,2025-05-18 18:12:00,F,20~29,office,seoul,1,0,0,0,28,0,0,44,0,0,completed
46941,U6945,2025-04-29 16:22:00,2025-04-29 16:28:00,F,40~49,office,seoul,0,0,0,0,5,0,0,53,0,0,completed
46942,U6946,2025-02-26 17:35:00,2025-02-26 17:41:00,F,50+,office,seoul,0,0,0,0,1,0,0,53,0,0,completed
46943,U6947,2025-02-17 12:56:00,2025-02-17 12:58:00,F,40~49,office,seoul,0,0,0,0,14,0,0,15,0,0,completed
46944,U6948,2025-02-22 14:40:00,2025-02-22 14:44:00,F,40~49,office,seoul,1,0,0,0,27,0,0,44,0,0,completed
46945,U6949,2025-02-24 18:51:00,2025-02-24 18:53:00,F,40~49,office,seoul,0,0,0,0,9,0,0,60,0,0,timeout
46946,U6950,2025-12-28 08:42:00,2025-12-28 08:46:00,F,50+,office,seoul,1,0,0,0,1,0,0,44,0,0,completed
46947,U6951,2025-03-26 14:02:00,2025-03-26 14:09:00,F,20~29,office,seoul,0,0,0,0,28,0,0,71,0,0,completed
46948,U6952,2025-11-27 09:10:00,2025-11-27 09:14:00,M,20~29,office,seoul,0,0,0,0,10,0,0,67,0,0,completed
46949,U6953,2025-10-26 12:43:00,2025-10-26 12:50:00,F,20~29,office,seoul,1,0,0,0,8,0,0,78,0,0,completed
46950,U6954,2025-05-15 13:54:00,2025-05-15 13:59:00,F,20~29,office,seoul,0,0,0,0,14,0,0,17,0,0,completed
46951,U6955,2025-12-03 16:50:00,2025-12-03 16:52:00,F,20~29,office,seoul,0,0,0,0,5,0,0,41,0,0,completed
46952,U6956,2025-10-06 14:43:00,2025-10-06 14:45:00,M,20~29,office,seoul,0,0,0,0,4,0,0,67,0,0,abandoned
46953,U6957,2025-01-14 08:13:00,2025-01-14 08:16:00,M,30~39,office,seoul,0,0,0,0,13,0,0,48,0,0,completed
46954,U6958,2025-10-03 16:09:00,2025-10-03 16:14:00,M,40~49,office,seoul,0,0,0,0,29,0,0,68,0,0,completed
46955,U6959,2025-12-11 09:52:00,2025-12-11 09:59:00,M,20~29,office,seoul,0,0,0,0,20,0,0,20,0,1,completed
46956,U6960,2025-01-06 08:57:00,2025-01-06 09:02:00,F,30~39,office,seoul,0,0,0,0,14,0,0,39,0,0,completed
46957,U6961,2025-02-20 19:38:00,2025-02-20 19:41:00,F,20~29,office,seoul,0,0,0,0,1,0,0,31,0,0,completed
46958,U6962,2025-11-28 18:54:00,2025-11-28 18:58:00,M,20~29,office,seoul,0,0,0,0,28,0,0,53,0,0,completed
46959,U6963,2025-09-29 19:19:00,2025-09-29 19:26:00,F,20~29,office,seoul,0,0,0,0,13,0,0,77,0,0,completed
46960,U6964,2025-02-11 12:06:00,2025-02-11 12:11:00,M,30~39,office,seoul,0,0,0,0,15,0,0,13,0,0,completed
46961,U6965,2025-10-17 17:08:00,2025-10-17 17:10:00,M,20~29,office,seoul,0,0,0,0,12,0,0,29,0,0,completed
46962,U6966,2025-05-29 12:31:00,2025-05-29 12:37:00,F,20~29,office,seoul,0,0,0,0,25,0,0,67,0,0,completed
46963,U6967,2025-06-08 08:26:00,2025-06-08 08:30:00,F,30~39,office,seoul,1,0,0,0,8,0,0,43,0,0,abandoned
46964,U6968,2025-09-13 15:25:00,2025-09-13 15:27:00,F,50+,office,seoul,1,0,0,0,3,0,0,11,0,0,completed
46965,U6969,2025-03-19 11:36:00,2025-03-19 11:40:00,M,20~29,office,seoul,0,0,0,0,0,0,0,47,0,0,completed
46966,U6970,2025-11-25 09:10:00,2025-11-25 09:17:00,M,20~29,office,seoul,0,0,0,0,19,0,0,43,0,0,completed
46967,U6971,2025-01-16 18:30:00,2025-01-16 18:33:00,F,20~29,office,seoul,0,0,0,0,13,0,0,42,0,0,completed
46968,U6972,2025-06-20 16:16:00,2025-06-20 16:18:00,M,30~39,office,seoul,0,0,0,0,16,0,0,72,0,0,completed
46969,U6973,2025-11-17 08:28:00,2025-11-17 08:35:00,F,50+,office,seoul,0,0,0,0,27,0,0,13,0,0,completed
46970,U6974,2025-09-05 14:11:00,2025-09-05 14:17:00,M,30~39,office,seoul,0,0,0,0,1,0,0,50,0,0,completed
46971,U6975,2025-06-06 20:50:00,2025-06-06 20:53:00,F,30~39,office,seoul,0,0,0,0,14,0,0,10,0,0,completed
46972,U6976,2025-06-08 12:51:00,2025-06-08 12:57:00,M,20~29,office,seoul,1,0,0,0,4,0,0,50,0,0,abandoned
46973,U6977,2025-05-17 11:06:00,2025-05-17 11:08:00,M,20~29,office,seoul,1,0,0,0,13,0,0,40,0,0,abandoned
46974,U6978,2025-07-12 20:27:00,2025-07-12 20:29:00,F,30~39,office,seoul,1,0,0,0,0,0,0,57,1,0,completed
46975,U6979,2025-05-18 16:09:00,2025-05-18 16:11:00,M,30~39,office,seoul,1,0,0,0,14,0,0,28,0,0,error
46976,U6980,2025-11-10 17:21:00,2025-11-10 17:24:00,F,30~39,office,seoul,0,0,0,0,22,0,0,14,0,0,completed
46977,U6981,2025-07-30 09:09:00,2025-07-30 09:15:00,M,30~39,office,seoul,0,0,0,0,19,0,0,58,0,0,completed
46978,U6982,2025-06-22 20:28:00,2025-06-22 20:35:00,F,40~49,office,seoul,1,0,0,0,20,0,0,37,0,0,timeout
46979,U6983,2025-05-13 08:40:00,2025-05-13 08:46:00,F,30~39,office,seoul,0,0,0,0,22,0,0,45,0,0,completed
46980,U6984,2025-04-25 15:29:00,2025-04-25 15:35:00,M,30~39,office,seoul,0,0,0,0,12,0,0,39,0,0,completed
46981,U6985,2025-03-10 14:08:00,2025-03-10 14:11:00,M,20~29,office,seoul,0,0,0,0,28,0,0,63,0,0,completed
46982,U6986,2025-01-07 13:44:00,2025-01-07 13:49:00,F,50+,office,seoul,0,0,0,0,3,0,0,42,0,0,completed
46983,U6987,2025-04-06 20:17:00,2025-04-06 20:20:00,M,50+,office,seoul,1,0,0,0,4,0,0,12,0,0,completed
46984,U6988,2025-01-17 15:25:00,2025-01-17 15:27:00,M,40~49,office,seoul,0,0,0,0,13,0,0,32,0,0,completed
46985,U6989,2025-10-12 18:15:00,2025-10-12 18:22:00,F,40~49,office,seoul,1,0,0,0,14,0,0,18,0,1,completed
46986,U6990,2025-06-24 15:05:00,2025-06-24 15:10:00,F,50+,office,seoul,0,0,0,0,3,0,0,38,1,0,completed
46987,U6991,2025-05-21 11:21:00,2025-05-21 11:26:00,F,40~49,office,seoul,0,0,0,0,20,0,0,25,0,0,completed
46988,U6992,2025-01-01 09:41:00,2025-01-01 09:48:00,M,50+,office,seoul,0,0,0,0,26,0,0,72,1,0,completed
46989,U6993,2025-05-10 11:22:00,2025-05-10 11:29:00,F,20~29,office,seoul,1,0,0,0,6,0,0,70,0,0,completed
46990,U6994,2025-08-24 16:53:00,2025-08-24 17:00:00,M,50+,office,seoul,1,0,0,0,11,0,0,20,0,1,completed
46991,U6995,2025-01-02 12:58:00,2025-01-02 13:00:00,M,20~29,office,seoul,0,0,0,0,2,0,0,72,0,0,completed
46992,U6996,2025-10-08 12:34:00,2025-10-08 12:40:00,F,20~29,office,seoul,0,0,0,0,6,0,0,75,0,0,error
46993,U6997,2025-11-30 13:35:00,2025-11-30 13:41:00,F,30~39,office,seoul,1,0,0,0,18,0,0,72,0,0,completed
46994,U6998,2025-12-26 14:34:00,2025-12-26 14:36:00,M,20~29,office,seoul,0,0,0,0,22,0,0,42,0,0,completed
46995,U6999,2025-06-22 11:55:00,2025-06-22 11:57:00,F,50+,office,seoul,1,0,0,0,5,0,0,53,0,0,completed
46996,U7000,2025-10-07 08:44:00,2025-10-07 08:46:00,M,20~29,office,seoul,0,0,0,0,18,0,0,23,0,0,completed
46997,U7001,2025-09-09 09:57:00,2025-09-09 10:04:00,F,30~39,office,seoul,0,0,0,0,19,0,0,29,0,0,completed
46998,U7002,2025-07-03 15:55:00,2025-07-03 15:57:00,F,30~39,office,seoul,0,0,0,0,22,0,0,62,0,0,abandoned
46999,U7003,2025-07-14 18:40:00,2025-07-14 18:46:00,M,40~49,office,seoul,0,0,0,0,23,0,0,30,0,0,abandoned
47000,U7004,2025-11-08 15:59:00,2025-11-08 16:02:00,F,30~39,office,seoul,1,0,0,0,10,0,0,24,1,0,completed
47001,U7005,2025-09-18 09:26:00,2025-09-18 09:30:00,M,20~29,office,seoul,0,0,0,0,3,0,0,38,0,0,completed
47002,U7006,2025-12-11 14:18:00,2025-12-11 14:21:00,F,30~39,office,seoul,0,0,0,0,16,0,0,23,0,0,completed
47003,U7007,2025-09-10 09:26:00,2025-09-10 09:33:00,F,30~39,office,seoul,0,0,0,0,24,0,0,62,0,0,completed
47004,U7008,2025-04-14 09:34:00,2025-04-14 09:36:00,M,30~39,office,seoul,0,0,0,0,10,0,0,51,0,0,completed
47005,U7009,2025-03-16 17:23:00,2025-03-16 17:28:00,F,20~29,office,seoul,1,0,0,0,2,0,0,27,0,0,completed
47006,U7010,2025-04-02 18:56:00,2025-04-02 19:01:00,F,50+,office,seoul,0,0,0,0,3,0,0,50,0,0,error
47007,U7011,2025-03-28 20:55:00,2025-03-28 21:02:00,F,40~49,office,seoul,0,0,0,0,6,0,0,39,0,0,completed
47008,U7012,2025-11-05 09:27:00,2025-11-05 09:31:00,F,30~39,office,seoul,0,0,0,0,13,0,0,44,0,0,completed
47009,U7013,2025-03-23 16:54:00,2025-03-23 16:57:00,M,20~29,office,seoul,1,0,0,0,29,0,0,52,0,0,completed
47010,U7014,2025-02-13 19:16:00,2025-02-13 19:21:00,F,20~29,office,seoul,0,0,0,0,22,0,0,14,0,0,completed
47011,U7015,2025-04-13 19:20:00,2025-04-13 19:27:00,M,50+,office,seoul,1,0,0,0,16,0,0,59,0,0,completed
47012,U7016,2025-03-16 09:18:00,2025-03-16 09:25:00,F,20~29,office,seoul,1,0,0,0,7,0,0,44,0,0,completed
47013,U7017,2025-04-02 22:30:00,2025-04-02 22:35:00,F,20~29,office,seoul,0,0,0,0,29,0,0,30,0,0,completed
47014,U7018,2025-08-12 17:58:00,2025-08-12 18:03:00,M,20~29,office,seoul,0,0,0,0,17,0,0,66,0,0,completed
47015,U7019,2025-09-23 11:53:00,2025-09-23 11:58:00,M,30~39,office,seoul,0,0,0,0,23,0,0,30,0,0,completed
47016,U7020,2025-02-26 09:21:00,2025-02-26 09:28:00,F,40~49,office,seoul,0,0,0,0,27,0,0,36,0,0,completed
47017,U7021,2025-11-13 09:55:00,2025-11-13 10:02:00,M,30~39,office,seoul,0,0,0,0,25,0,0,66,0,0,completed
47018,U7022,2025-02-23 16:44:00,2025-02-23 16:47:00,M,20~29,office,seoul,1,0,0,0,8,0,0,48,0,0,completed
47019,U7023,2025-03-23 14:05:00,2025-03-23 14:08:00,F,20~29,office,seoul,1,0,0,0,4,0,0,31,0,0,timeout
47020,U7024,2025-06-02 20:00:00,2025-06-02 20:04:00,M,20~29,office,seoul,0,0,0,0,1,0,0,56,0,0,completed
47021,U7025,2025-04-09 13:34:00,2025-04-09 13:40:00,M,20~29,office,seoul,0,0,0,0,12,0,0,53,0,0,completed
47022,U7026,2025-07-04 09:55:00,2025-07-04 09:58:00,M,30~39,office,seoul,0,0,0,0,16,0,0,46,0,0,completed
47023,U7027,2025-11-09 08:05:00,2025-11-09 08:10:00,F,40~49,office,seoul,1,0,0,0,27,0,0,55,0,0,completed
47024,U7028,2025-05-14 20:01:00,2025-05-14 20:06:00,M,50+,office,seoul,0,0,0,0,0,0,0,23,0,0,completed
47025,U7029,2025-10-23 09:36:00,2025-10-23 09:38:00,F,30~39,office,seoul,0,0,0,0,0,0,0,55,0,0,completed
47026,U7030,2025-06-16 09:01:00,2025-06-16 09:04:00,F,30~39,office,seoul,0,0,0,0,21,0,0,11,0,0,completed
47027,U7031,2025-07-07 13:35:00,2025-07-07 13:38:00,F,30~39,office,seoul,0,0,0,0,17,0,0,43,0,0,completed
47028,U7032,2025-07-26 14:37:00,2025-07-26 14:44:00,M,20~29,office,seoul,1,0,0,0,4,0,0,47,0,0,completed
47029,U7033,2025-05-15 08:33:00,2025-05-15 08:37:00,F,50+,office,seoul,0,0,0,0,26,0,0,47,1,0,completed
47030,U7034,2025-03-23 16:13:00,2025-03-23 16:19:00,M,20~29,office,seoul,1,0,0,0,16,0,0,51,0,0,completed
47031,U7035,2025-04-14 15:18:00,2025-04-14 15:23:00,M,50+,office,seoul,0,0,0,0,27,0,0,38,0,0,completed
47032,U7036,2025-04-04 12:47:00,2025-04-04 12:49:00,F,20~29,office,seoul,0,0,0,0,13,0,0,61,0,0,completed
47033,U7037,2025-09-09 17:26:00,2025-09-09 17:28:00,M,50+,office,seoul,0,0,0,0,2,0,0,41,0,0,completed
47034,U7038,2025-07-20 15:34:00,2025-07-20 15:39:00,F,20~29,office,seoul,1,0,0,0,3,0,0,76,0,0,abandoned
47035,U7039,2025-04-04 09:52:00,2025-04-04 09:54:00,F,40~49,office,seoul,0,0,0,0,23,0,0,72,0,0,error
47036,U7040,2025-01-06 08:57:00,2025-01-06 09:03:00,M,30~39,office,seoul,0,0,0,0,21,0,0,71,0,0,completed
47037,U7041,2025-08-07 13:30:00,2025-08-07 13:37:00,M,30~39,office,seoul,0,0,0,0,19,0,0,48,0,0,completed
47038,U7042,2025-05-19 15:16:00,2025-05-19 15:22:00,M,40~49,office,seoul,0,0,0,0,22,0,0,59,0,0,completed
47039,U7043,2025-12-02 12:33:00,2025-12-02 12:37:00,F,50+,office,seoul,0,0,0,0,22,0,0,48,0,0,error
47040,U7044,2025-12-15 11:11:00,2025-12-15 11:17:00,F,50+,office,seoul,0,0,0,0,2,0,0,31,0,0,completed
47041,U7045,2025-02-19 09:08:00,2025-02-19 09:13:00,M,50+,office,seoul,0,0,0,0,21,0,0,76,0,0,completed
47042,U7046,2025-07-27 15:46:00,2025-07-27 15:48:00,F,20~29,office,seoul,1,0,0,0,14,0,0,29,0,0,completed
47043,U7047,2025-08-24 13:57:00,2025-08-24 14:00:00,M,50+,office,seoul,1,0,0,0,6,0,0,39,0,0,completed
47044,U7048,2025-05-01 17:56:00,2025-05-01 17:58:00,F,50+,office,seoul,0,0,0,0,0,0,0,18,0,0,completed
47045,U7049,2025-04-09 17:39:00,2025-04-09 17:42:00,F,40~49,office,seoul,0,0,0,0,28,0,0,75,0,0,completed
47046,U7050,2025-04-28 08:22:00,2025-04-28 08:24:00,M,20~29,office,seoul,0,0,0,0,20,0,0,74,0,0,completed
47047,U7051,2025-08-25 07:46:00,2025-08-25 07:48:00,F,20~29,office,seoul,0,0,0,0,13,0,0,49,0,0,completed
47048,U7052,2025-02-03 07:52:00,2025-02-03 07:56:00,F,30~39,office,seoul,0,0,0,0,7,0,0,74,0,0,completed
47049,U7053,2025-10-23 17:53:00,2025-10-23 17:58:00,F,30~39,office,seoul,0,0,0,0,25,0,0,64,0,0,completed
47050,U7054,2025-07-10 15:35:00,2025-07-10 15:37:00,M,50+,office,seoul,0,0,0,0,23,0,0,13,0,0,completed
47051,U7055,2025-05-06 20:11:00,2025-05-06 20:15:00,F,50+,office,seoul,0,0,0,0,19,0,0,40,1,0,completed
47052,U7056,2025-10-04 13:17:00,2025-10-04 13:23:00,M,40~49,office,seoul,1,0,0,0,29,0,0,44,0,0,completed
47053,U7057,2025-04-12 15:06:00,2025-04-12 15:13:00,F,50+,office,seoul,1,0,0,0,29,0,0,13,0,0,completed
47054,U7058,2025-06-08 19:34:00,2025-06-08 19:36:00,M,30~39,office,seoul,1,0,0,0,1,0,0,74,0,0,timeout
47055,U7059,2025-12-31 11:48:00,2025-12-31 11:55:00,F,50+,office,seoul,0,0,0,0,14,0,0,72,0,0,completed
47056,U7060,2025-03-28 16:24:00,2025-03-28 16:29:00,M,20~29,office,seoul,0,0,0,0,29,0,0,58,0,0,completed
47057,U7061,2025-09-12 08:06:00,2025-09-12 08:10:00,M,30~39,office,seoul,0,0,0,0,24,0,0,36,0,0,completed
47058,U7062,2025-07-11 09:23:00,2025-07-11 09:25:00,M,40~49,office,seoul,0,0,0,0,11,0,0,18,0,0,abandoned
47059,U7063,2025-12-05 13:23:00,2025-12-05 13:25:00,M,40~49,office,seoul,0,0,0,0,8,0,0,66,0,0,completed
47060,U7064,2025-02-07 12:52:00,2025-02-07 12:56:00,M,20~29,office,seoul,0,0,0,0,11,0,0,61,0,0,completed
47061,U7065,2025-10-04 17:26:00,2025-10-04 17:32:00,F,40~49,office,seoul,1,0,0,0,6,0,0,74,0,0,completed
47062,U7066,2025-12-23 09:11:00,2025-12-23 09:18:00,F,20~29,office,seoul,0,0,0,0,5,0,0,39,0,0,completed
47063,U7067,2025-05-31 13:46:00,2025-05-31 13:51:00,M,40~49,office,seoul,1,0,0,0,10,0,0,55,0,1,abandoned
47064,U7068,2025-12-21 20:47:00,2025-12-21 20:52:00,F,20~29,office,seoul,1,0,0,0,11,0,0,49,0,0,completed
47065,U7069,2025-08-20 15:56:00,2025-08-20 16:02:00,M,30~39,office,seoul,0,0,0,0,14,0,0,76,0,0,abandoned
47066,U7070,2025-01-27 13:56:00,2025-01-27 14:01:00,F,30~39,office,seoul,0,0,0,0,16,0,0,31,0,0,completed
47067,U7071,2025-08-31 14:02:00,2025-08-31 14:04:00,F,50+,office,seoul,1,0,0,0,5,0,0,54,0,0,completed
47068,U7072,2025-07-04 12:18:00,2025-07-04 12:23:00,M,20~29,office,seoul,0,0,0,0,8,0,0,31,0,0,completed
47069,U7073,2025-11-06 18:56:00,2025-11-06 19:01:00,F,40~49,office,seoul,0,0,0,0,0,0,0,51,0,0,completed
47070,U7074,2025-08-10 18:23:00,2025-08-10 18:25:00,F,30~39,office,seoul,1,0,0,0,18,0,0,18,0,0,completed
47071,U7075,2025-01-29 09:50:00,2025-01-29 09:56:00,M,50+,office,seoul,0,0,0,0,7,0,0,14,0,0,completed
47072,U7076,2025-05-27 12:18:00,2025-05-27 12:21:00,F,20~29,office,seoul,0,0,0,0,16,0,0,37,0,0,completed
47073,U7077,2025-12-17 16:24:00,2025-12-17 16:28:00,M,20~29,office,seoul,0,0,0,0,18,0,0,70,0,0,completed
47074,U7078,2025-07-28 09:44:00,2025-07-28 09:50:00,F,20~29,office,seoul,0,0,0,0,2,0,0,20,0,0,completed
47075,U7079,2025-03-15 12:12:00,2025-03-15 12:14:00,F,30~39,office,seoul,1,0,0,0,22,0,0,23,0,0,completed
47076,U7080,2025-05-07 14:00:00,2025-05-07 14:04:00,F,50+,office,seoul,0,0,0,0,4,0,0,11,0,0,completed
47077,U7081,2025-05-27 19:24:00,2025-05-27 19:31:00,M,50+,office,seoul,0,0,0,0,10,0,0,53,0,0,completed
47078,U7082,2025-07-08 17:28:00,2025-07-08 17:32:00,M,30~39,office,seoul,0,0,0,0,9,0,0,41,0,0,completed
47079,U7083,2025-05-07 13:41:00,2025-05-07 13:44:00,M,30~39,office,seoul,0,0,0,0,2,0,0,38,0,0,completed
47080,U7084,2025-07-14 15:22:00,2025-07-14 15:28:00,F,20~29,office,seoul,0,0,0,0,26,0,0,79,0,0,completed
47081,U7085,2025-11-28 11:44:00,2025-11-28 11:50:00,F,40~49,office,seoul,0,0,0,0,10,0,0,62,0,0,completed
47082,U7086,2025-02-18 15:20:00,2025-02-18 15:27:00,M,50+,office,seoul,0,0,0,0,8,0,0,49,0,0,completed
47083,U7087,2025-09-22 19:30:00,2025-09-22 19:34:00,M,30~39,office,seoul,0,0,0,0,5,0,0,24,0,0,completed
47084,U7088,2025-12-28 14:38:00,2025-12-28 14:44:00,F,20~29,office,seoul,1,0,0,0,15,0,0,21,0,0,completed
47085,U7089,2025-06-29 16:46:00,2025-06-29 16:52:00,F,40~49,office,seoul,1,0,0,0,29,0,0,54,0,0,timeout
47086,U7090,2025-08-07 20:35:00,2025-08-07 20:37:00,F,30~39,office,seoul,0,0,0,0,3,0,0,32,0,0,completed
47087,U7091,2025-12-19 15:55:00,2025-12-19 15:59:00,F,20~29,office,seoul,0,0,0,0,8,0,0,38,0,0,completed
47088,U7092,2025-04-20 08:42:00,2025-04-20 08:49:00,M,20~29,office,seoul,1,0,0,0,13,0,0,38,0,0,completed
47089,U7093,2025-01-10 14:33:00,2025-01-10 14:37:00,F,30~39,office,seoul,0,0,0,0,8,0,0,56,0,0,completed
47090,U7094,2025-07-03 15:22:00,2025-07-03 15:27:00,M,40~49,office,seoul,0,0,0,0,29,0,0,58,0,0,completed
47091,U7095,2025-04-11 17:03:00,2025-04-11 17:05:00,M,20~29,office,seoul,0,0,0,0,15,0,0,41,0,0,completed
47092,U7096,2025-11-17 08:58:00,2025-11-17 09:01:00,M,30~39,office,seoul,0,0,0,0,28,0,0,18,0,0,abandoned
47093,U7097,2025-01-23 12:23:00,2025-01-23 12:26:00,F,20~29,office,seoul,0,0,0,0,7,0,0,29,0,0,completed
47094,U7098,2025-02-17 20:59:00,2025-02-17 21:06:00,M,20~29,office,seoul,0,0,0,0,11,0,0,65,0,0,completed
47095,U7099,2025-07-19 16:37:00,2025-07-19 16:44:00,M,40~49,office,seoul,1,0,0,0,24,0,0,70,0,0,completed
47096,U7100,2025-12-20 11:34:00,2025-12-20 11:37:00,F,40~49,office,seoul,1,0,0,0,17,0,0,17,0,0,completed
47097,U7101,2025-03-27 16:34:00,2025-03-27 16:39:00,M,50+,office,seoul,0,0,0,0,13,0,0,60,0,0,completed
47098,U7102,2025-01-04 09:56:00,2025-01-04 09:58:00,M,30~39,office,seoul,1,0,0,0,11,0,0,73,0,0,error
47099,U7103,2025-04-20 14:32:00,2025-04-20 14:38:00,F,20~29,office,seoul,1,0,0,0,26,0,0,30,0,0,completed
47100,U7104,2025-03-31 11:45:00,2025-03-31 11:51:00,F,30~39,office,seoul,0,0,0,0,6,0,0,31,0,0,completed
47101,U7105,2025-05-19 15:19:00,2025-05-19 15:22:00,M,30~39,office,seoul,0,0,0,0,7,0,0,58,0,0,abandoned
47102,U7106,2025-02-28 15:27:00,2025-02-28 15:31:00,M,20~29,office,seoul,0,0,0,0,21,0,0,28,0,0,completed
47103,U7107,2025-12-11 12:34:00,2025-12-11 12:36:00,M,20~29,office,seoul,0,0,0,0,28,0,0,55,0,0,completed
47104,U7108,2025-12-02 19:41:00,2025-12-02 19:44:00,F,30~39,office,seoul,0,0,0,0,27,0,0,37,0,0,completed
47105,U7109,2025-02-19 07:39:00,2025-02-19 07:43:00,M,20~29,office,seoul,0,0,0,0,0,0,0,37,0,0,completed
47106,U7110,2025-02-06 12:27:00,2025-02-06 12:32:00,F,50+,office,seoul,0,0,0,0,9,0,0,34,0,0,completed
47107,U7111,2025-01-26 15:07:00,2025-01-26 15:12:00,F,30~39,office,seoul,1,0,0,0,2,0,0,33,0,0,completed
47108,U7112,2025-07-30 19:48:00,2025-07-30 19:52:00,F,50+,office,seoul,0,0,0,0,15,0,0,59,0,0,completed
47109,U7113,2025-06-18 16:05:00,2025-06-18 16:07:00,F,30~39,office,seoul,0,0,0,0,28,0,0,39,0,0,completed
47110,U7114,2025-07-13 15:39:00,2025-07-13 15:46:00,M,40~49,office,seoul,1,0,0,0,14,0,0,63,0,0,completed
47111,U7115,2025-10-30 18:57:00,2025-10-30 19:02:00,F,20~29,office,seoul,0,0,0,0,2,0,0,64,0,0,completed
47112,U7116,2025-09-22 22:09:00,2025-09-22 22:16:00,M,30~39,office,seoul,0,0,0,0,11,0,0,59,0,0,completed
47113,U7117,2025-09-04 12:15:00,2025-09-04 12:19:00,M,20~29,office,seoul,0,0,0,0,13,0,0,26,0,0,completed
47114,U7118,2025-12-13 09:56:00,2025-12-13 10:00:00,F,30~39,office,seoul,1,0,0,0,1,0,0,26,0,0,completed
47115,U7119,2025-02-18 13:05:00,2025-02-18 13:09:00,M,50+,office,seoul,0,0,0,0,1,0,0,58,0,0,completed
47116,U7120,2025-07-08 15:18:00,2025-07-08 15:23:00,M,20~29,office,seoul,0,0,0,0,0,0,0,24,0,0,completed
47117,U7121,2025-12-08 08:04:00,2025-12-08 08:07:00,M,20~29,office,seoul,0,0,0,0,10,0,0,44,0,0,completed
47118,U7122,2025-10-23 14:44:00,2025-10-23 14:47:00,M,20~29,office,seoul,0,0,0,0,17,0,0,44,0,0,completed
47119,U7123,2025-01-19 15:06:00,2025-01-19 15:12:00,F,50+,office,seoul,1,0,0,0,22,0,0,19,0,0,completed
47120,U7124,2025-05-22 08:13:00,2025-05-22 08:20:00,F,40~49,office,seoul,0,0,0,0,15,0,0,12,0,1,completed
47121,U7125,2025-09-16 14:41:00,2025-09-16 14:47:00,F,30~39,office,seoul,0,0,0,0,2,0,0,70,0,0,completed
47122,U7126,2025-04-19 09:32:00,2025-04-19 09:38:00,M,30~39,office,seoul,1,0,0,0,15,0,0,69,0,0,completed
47123,U7127,2025-07-24 08:51:00,2025-07-24 08:58:00,F,20~29,office,seoul,0,0,0,0,8,0,0,30,0,0,completed
47124,U7128,2025-09-23 20:24:00,2025-09-23 20:26:00,M,40~49,office,seoul,0,0,0,0,20,0,0,24,0,0,completed
47125,U7129,2025-11-07 18:34:00,2025-11-07 18:37:00,M,40~49,office,seoul,0,0,0,0,19,0,0,68,0,0,completed
47126,U7130,2025-04-02 11:28:00,2025-04-02 11:34:00,F,30~39,office,seoul,0,0,0,0,13,0,0,17,0,0,completed
47127,U7131,2025-08-04 08:58:00,2025-08-04 09:05:00,F,20~29,office,seoul,0,0,0,0,10,0,0,79,0,0,completed
47128,U7132,2025-11-25 20:20:00,2025-11-25 20:25:00,F,30~39,office,seoul,0,0,0,0,10,0,0,76,0,0,abandoned
47129,U7133,2025-07-06 11:31:00,2025-07-06 11:33:00,F,50+,office,seoul,1,0,0,0,24,0,0,73,0,0,completed
47130,U7134,2025-09-27 07:35:00,2025-09-27 07:37:00,F,20~29,office,seoul,1,0,0,0,9,0,0,28,0,0,completed
47131,U7135,2025-06-21 09:39:00,2025-06-21 09:42:00,M,30~39,office,seoul,1,0,0,0,1,0,0,64,0,0,completed
47132,U7136,2025-03-10 16:08:00,2025-03-10 16:13:00,F,30~39,office,seoul,0,0,0,0,17,0,0,51,0,0,completed
47133,U7137,2025-04-30 13:48:00,2025-04-30 13:55:00,F,40~49,office,seoul,0,0,0,0,25,0,0,77,0,0,completed
47134,U7138,2025-09-05 09:43:00,2025-09-05 09:50:00,F,30~39,office,seoul,0,0,0,0,23,0,0,39,0,0,abandoned
47135,U7139,2025-07-05 15:08:00,2025-07-05 15:12:00,M,40~49,office,seoul,1,0,0,0,22,0,0,71,0,0,completed
47136,U7140,2025-10-03 19:38:00,2025-10-03 19:40:00,F,20~29,office,seoul,0,0,0,0,9,0,0,54,0,0,completed
47137,U7141,2025-11-27 07:29:00,2025-11-27 07:34:00,F,20~29,office,seoul,0,0,0,0,12,0,0,14,0,0,timeout
47138,U7142,2025-09-22 16:40:00,2025-09-22 16:45:00,F,20~29,office,seoul,0,0,0,0,7,0,0,41,0,0,completed
47139,U7143,2025-12-18 09:13:00,2025-12-18 09:15:00,F,40~49,office,seoul,0,0,0,0,24,0,0,69,0,0,completed
47140,U7144,2025-08-25 14:43:00,2025-08-25 14:48:00,F,30~39,office,seoul,0,0,0,0,5,0,0,30,0,0,completed
47141,U7145,2025-12-26 18:40:00,2025-12-26 18:47:00,M,40~49,office,seoul,0,0,0,0,22,0,0,27,0,0,completed
47142,U7146,2025-05-31 18:12:00,2025-05-31 18:19:00,F,40~49,office,seoul,1,0,0,0,4,0,0,34,0,0,completed
47143,U7147,2025-12-23 15:17:00,2025-12-23 15:23:00,F,20~29,office,seoul,0,0,0,0,5,0,0,25,0,0,completed
47144,U7148,2025-03-09 07:53:00,2025-03-09 07:55:00,F,20~29,office,seoul,1,0,0,0,13,0,0,13,0,0,completed
47145,U7149,2025-05-29 18:06:00,2025-05-29 18:10:00,F,50+,office,seoul,0,0,0,0,12,0,0,32,0,0,completed
47146,U7150,2025-03-21 19:12:00,2025-03-21 19:16:00,F,20~29,office,seoul,0,0,0,0,11,0,0,24,0,0,completed
47147,U7151,2025-02-15 12:14:00,2025-02-15 12:16:00,F,30~39,office,seoul,1,0,0,0,7,0,0,64,0,0,completed
47148,U7152,2025-12-23 11:07:00,2025-12-23 11:13:00,F,20~29,office,seoul,0,0,0,0,4,0,0,48,1,0,abandoned
47149,U7153,2025-12-15 07:21:00,2025-12-15 07:26:00,M,20~29,office,seoul,0,0,0,0,0,0,0,22,0,0,completed
47150,U7154,2025-06-28 15:34:00,2025-06-28 15:38:00,F,30~39,office,seoul,1,0,0,0,16,0,0,50,0,0,completed
47151,U7155,2025-01-27 13:58:00,2025-01-27 14:03:00,F,30~39,office,seoul,0,0,0,0,12,0,0,74,0,0,completed
47152,U7156,2025-02-16 09:43:00,2025-02-16 09:49:00,F,30~39,office,seoul,1,0,0,0,21,0,0,44,0,0,completed
47153,U7157,2025-11-29 08:40:00,2025-11-29 08:47:00,F,30~39,office,seoul,1,0,0,0,27,0,0,31,0,0,completed
47154,U7158,2025-03-02 12:00:00,2025-03-02 12:05:00,F,40~49,office,seoul,1,0,0,0,25,0,0,60,0,0,completed
47155,U7159,2025-05-06 13:55:00,2025-05-06 14:01:00,M,20~29,office,seoul,0,0,0,0,17,0,0,63,0,0,completed
47156,U7160,2025-03-17 16:44:00,2025-03-17 16:51:00,F,30~39,office,seoul,0,0,0,0,10,0,0,16,0,0,completed
47157,U7161,2025-07-16 09:47:00,2025-07-16 09:51:00,F,20~29,office,seoul,0,0,0,0,2,0,0,29,0,0,completed
47158,U7162,2025-10-06 09:52:00,2025-10-06 09:58:00,M,50+,office,seoul,0,0,0,0,26,0,0,72,0,0,completed
47159,U7163,2025-10-06 19:44:00,2025-10-06 19:49:00,M,40~49,office,seoul,0,0,0,0,23,0,0,48,0,0,completed
47160,U7164,2025-11-14 13:22:00,2025-11-14 13:27:00,F,20~29,office,seoul,0,0,0,0,28,0,0,22,0,0,timeout
47161,U7165,2025-11-29 13:48:00,2025-11-29 13:51:00,M,50+,office,seoul,1,0,0,0,22,0,0,32,0,0,completed
47162,U7166,2025-08-20 14:12:00,2025-08-20 14:17:00,M,30~39,office,seoul,0,0,0,0,29,0,0,37,0,0,completed
47163,U7167,2025-07-24 15:25:00,2025-07-24 15:28:00,M,30~39,office,seoul,0,0,0,0,21,0,0,78,0,0,completed
47164,U7168,2025-07-03 07:19:00,2025-07-03 07:24:00,M,30~39,office,seoul,0,0,0,0,19,0,0,58,0,0,completed
47165,U7169,2025-07-18 19:25:00,2025-07-18 19:32:00,F,40~49,office,seoul,0,0,0,0,4,0,0,51,0,0,completed
47166,U7170,2025-03-11 09:37:00,2025-03-11 09:44:00,F,20~29,office,seoul,0,0,0,0,11,0,0,71,0,0,abandoned
47167,U7171,2025-04-20 19:16:00,2025-04-20 19:22:00,M,50+,office,seoul,1,0,0,0,6,0,0,65,0,0,completed
47168,U7172,2025-12-27 22:06:00,2025-12-27 22:09:00,F,40~49,office,seoul,1,0,0,0,10,0,0,72,0,0,completed
47169,U7173,2025-02-03 09:43:00,2025-02-03 09:49:00,F,50+,office,seoul,0,0,0,0,28,0,0,51,1,0,completed
47170,U7174,2025-06-04 15:59:00,2025-06-04 16:04:00,M,20~29,office,seoul,0,0,0,0,14,0,0,54,0,0,abandoned
47171,U7175,2025-12-29 22:04:00,2025-12-29 22:10:00,M,30~39,office,seoul,0,0,0,0,2,0,0,58,0,0,completed
47172,U7176,2025-04-14 14:39:00,2025-04-14 14:45:00,F,30~39,office,seoul,0,0,0,0,21,0,0,27,0,0,completed
47173,U7177,2025-01-23 17:18:00,2025-01-23 17:22:00,M,20~29,office,seoul,0,0,0,0,6,0,0,67,0,0,completed
47174,U7178,2025-01-27 15:50:00,2025-01-27 15:52:00,F,40~49,office,seoul,0,0,0,0,27,0,0,14,0,0,completed
47175,U7179,2025-04-05 13:08:00,2025-04-05 13:15:00,M,20~29,office,seoul,1,0,0,0,26,0,0,72,0,0,completed
47176,U7180,2025-04-25 13:00:00,2025-04-25 13:07:00,F,20~29,office,seoul,0,0,0,0,22,0,0,37,0,0,completed
47177,U7181,2025-12-15 18:14:00,2025-12-15 18:17:00,F,20~29,office,seoul,0,0,0,0,8,0,0,61,0,0,completed
47178,U7182,2025-08-26 17:28:00,2025-08-26 17:31:00,F,30~39,office,seoul,0,0,0,0,16,0,0,34,0,0,completed
47179,U7183,2025-03-30 20:10:00,2025-03-30 20:16:00,M,20~29,office,seoul,1,0,0,0,3,0,0,75,0,0,timeout
47180,U7184,2025-06-26 14:33:00,2025-06-26 14:38:00,M,40~49,office,seoul,0,0,0,0,12,0,0,32,0,0,completed
47181,U7185,2025-01-24 17:47:00,2025-01-24 17:53:00,F,20~29,office,seoul,0,0,0,0,1,0,0,71,0,0,completed
47182,U7186,2025-03-11 08:20:00,2025-03-11 08:23:00,F,30~39,office,seoul,0,0,0,0,28,0,0,66,0,0,completed
47183,U7187,2025-01-11 21:32:00,2025-01-11 21:38:00,F,30~39,office,seoul,1,0,0,0,15,0,0,31,0,0,completed
47184,U7188,2025-01-21 13:37:00,2025-01-21 13:40:00,M,30~39,office,seoul,0,0,0,0,15,0,0,78,0,0,completed
47185,U7189,2025-07-06 13:00:00,2025-07-06 13:04:00,F,20~29,office,seoul,1,0,0,0,15,0,0,56,0,0,completed
47186,U7190,2025-04-23 16:22:00,2025-04-23 16:26:00,M,50+,office,seoul,0,0,0,0,22,0,0,77,0,0,completed
47187,U7191,2025-06-29 15:56:00,2025-06-29 16:01:00,M,40~49,office,seoul,1,0,0,0,23,0,0,62,0,0,completed
47188,U7192,2025-10-30 17:07:00,2025-10-30 17:13:00,F,30~39,office,seoul,0,0,0,0,5,0,0,61,0,0,completed
47189,U7193,2025-05-25 18:14:00,2025-05-25 18:19:00,F,30~39,office,seoul,1,0,0,0,0,0,0,77,0,0,completed
47190,U7194,2025-02-22 07:40:00,2025-02-22 07:43:00,F,50+,office,seoul,1,0,0,0,4,0,0,18,0,0,completed
47191,U7195,2025-10-13 18:59:00,2025-10-13 19:05:00,M,30~39,office,seoul,0,0,0,0,1,0,0,16,0,0,completed
47192,U7196,2025-06-16 11:19:00,2025-06-16 11:24:00,M,30~39,office,seoul,0,0,0,0,19,0,0,36,0,0,completed
47193,U7197,2025-12-08 16:47:00,2025-12-08 16:51:00,M,20~29,office,seoul,0,0,0,0,28,0,0,14,0,0,completed
47194,U7198,2025-05-31 11:56:00,2025-05-31 12:03:00,F,30~39,office,seoul,1,0,0,0,0,0,0,49,0,0,completed
47195,U7199,2025-07-03 09:23:00,2025-07-03 09:26:00,M,20~29,office,seoul,0,0,0,0,29,0,0,46,0,0,abandoned
47196,U7200,2025-04-27 07:07:00,2025-04-27 07:10:00,F,50+,office,seoul,1,0,0,0,26,0,0,64,0,0,abandoned
47197,U7201,2025-03-30 08:39:00,2025-03-30 08:45:00,F,20~29,office,seoul,1,0,0,0,22,0,0,70,0,0,completed
47198,U7202,2025-11-03 09:01:00,2025-11-03 09:03:00,F,40~49,office,seoul,0,0,0,0,18,0,0,60,0,0,completed
47199,U7203,2025-04-21 14:42:00,2025-04-21 14:49:00,M,20~29,office,seoul,0,0,0,0,27,0,0,72,0,0,abandoned
47200,U7204,2025-11-08 15:31:00,2025-11-08 15:36:00,F,40~49,office,seoul,1,0,0,0,5,0,0,28,0,0,completed
47201,U7205,2025-01-24 22:21:00,2025-01-24 22:23:00,M,20~29,office,seoul,0,0,0,0,20,0,0,25,0,0,completed
47202,U7206,2025-05-07 11:41:00,2025-05-07 11:44:00,M,50+,office,seoul,0,0,0,0,14,0,0,78,0,1,completed
47203,U7207,2025-07-23 09:54:00,2025-07-23 09:58:00,M,50+,office,seoul,0,0,0,0,0,0,0,42,0,0,abandoned
47204,U7208,2025-07-22 11:26:00,2025-07-22 11:33:00,F,30~39,office,seoul,0,0,0,0,28,0,0,36,0,0,completed
47205,U7209,2025-05-20 08:37:00,2025-05-20 08:39:00,F,20~29,office,seoul,0,0,0,0,26,0,0,62,0,0,abandoned
47206,U7210,2025-06-15 17:21:00,2025-06-15 17:24:00,M,20~29,office,seoul,1,0,0,0,11,0,0,27,0,0,completed
47207,U7211,2025-08-26 18:01:00,2025-08-26 18:06:00,F,20~29,office,seoul,0,0,0,0,28,0,0,25,0,0,completed
47208,U7212,2025-04-12 11:45:00,2025-04-12 11:52:00,M,50+,office,seoul,1,0,0,0,29,0,0,72,0,0,completed
47209,U7213,2025-05-29 15:41:00,2025-05-29 15:47:00,F,30~39,office,seoul,0,0,0,0,19,0,0,16,0,0,completed
47210,U7214,2025-03-10 15:38:00,2025-03-10 15:42:00,M,40~49,office,seoul,0,0,0,0,1,0,0,10,0,0,completed
47211,U7215,2025-07-06 13:44:00,2025-07-06 13:48:00,M,20~29,office,seoul,1,0,0,0,22,0,0,79,0,0,completed
47212,U7216,2025-12-29 12:22:00,2025-12-29 12:24:00,F,50+,office,seoul,0,0,0,0,1,0,0,61,0,1,completed
47213,U7217,2025-11-11 15:56:00,2025-11-11 15:59:00,M,30~39,office,seoul,0,0,0,0,29,0,0,11,0,0,completed
47214,U7218,2025-10-24 19:15:00,2025-10-24 19:20:00,F,20~29,office,seoul,0,0,0,0,10,0,0,53,0,0,completed
47215,U7219,2025-04-08 21:23:00,2025-04-08 21:27:00,M,50+,office,seoul,0,0,0,0,13,0,0,45,1,0,abandoned
47216,U7220,2025-06-10 13:54:00,2025-06-10 13:58:00,F,20~29,office,seoul,0,0,0,0,27,0,0,44,0,0,completed
47217,U7221,2025-11-17 17:06:00,2025-11-17 17:11:00,F,20~29,office,seoul,0,0,0,0,24,0,0,23,0,0,abandoned
47218,U7222,2025-09-04 15:32:00,2025-09-04 15:38:00,F,20~29,office,seoul,0,0,0,0,16,0,0,24,0,0,completed
47219,U7223,2025-05-16 17:58:00,2025-05-16 18:05:00,F,40~49,office,seoul,0,0,0,0,28,0,0,38,0,0,completed
47220,U7224,2025-10-24 08:27:00,2025-10-24 08:33:00,F,30~39,office,seoul,0,0,0,0,23,0,0,64,0,0,completed
47221,U7225,2025-01-13 16:18:00,2025-01-13 16:23:00,M,30~39,office,seoul,0,0,0,0,14,0,0,34,0,0,completed
47222,U7226,2025-05-19 08:11:00,2025-05-19 08:15:00,F,30~39,office,seoul,0,0,0,0,22,0,0,35,0,0,completed
47223,U7227,2025-03-24 17:38:00,2025-03-24 17:41:00,F,40~49,office,seoul,0,0,0,0,23,0,0,45,0,0,completed
47224,U7228,2025-09-29 08:08:00,2025-09-29 08:15:00,F,30~39,office,seoul,0,0,0,0,19,0,0,23,0,0,completed
47225,U7229,2025-06-22 17:18:00,2025-06-22 17:23:00,M,50+,office,seoul,1,0,0,0,14,0,0,48,0,0,completed
47226,U7230,2025-06-08 12:37:00,2025-06-08 12:40:00,M,40~49,office,seoul,1,0,0,0,11,0,0,12,0,0,completed
47227,U7231,2025-10-12 12:05:00,2025-10-12 12:10:00,M,20~29,office,seoul,1,0,0,0,19,0,0,45,0,0,completed
47228,U7232,2025-11-22 12:09:00,2025-11-22 12:11:00,F,20~29,office,seoul,1,0,0,0,14,0,0,53,1,0,abandoned
47229,U7233,2025-11-29 12:20:00,2025-11-29 12:24:00,F,50+,office,seoul,1,0,0,0,20,0,0,43,0,0,completed
47230,U7234,2025-02-23 16:33:00,2025-02-23 16:40:00,F,20~29,office,seoul,1,0,0,0,24,0,0,64,0,0,abandoned
47231,U7235,2025-02-17 13:53:00,2025-02-17 13:55:00,M,40~49,office,seoul,0,0,0,0,9,0,0,17,0,0,completed
47232,U7236,2025-08-01 12:56:00,2025-08-01 12:58:00,F,40~49,office,seoul,0,0,0,0,6,0,0,66,0,0,completed
47233,U7237,2025-10-28 07:57:00,2025-10-28 08:03:00,M,30~39,office,seoul,0,0,0,0,11,0,0,43,0,0,completed
47234,U7238,2025-05-05 15:39:00,2025-05-05 15:45:00,M,50+,office,seoul,0,0,0,0,11,0,0,66,0,0,timeout
47235,U7239,2025-05-11 08:34:00,2025-05-11 08:40:00,F,50+,office,seoul,1,0,0,0,23,0,0,19,0,0,completed
47236,U7240,2025-09-12 16:53:00,2025-09-12 16:56:00,M,30~39,office,seoul,0,0,0,0,7,0,0,14,0,0,completed
47237,U7241,2025-04-10 11:31:00,2025-04-10 11:33:00,M,20~29,office,seoul,0,0,0,0,14,0,0,32,0,0,completed
47238,U7242,2025-07-30 17:56:00,2025-07-30 18:02:00,M,30~39,office,seoul,0,0,0,0,9,0,0,37,0,0,completed
47239,U7243,2025-03-13 17:31:00,2025-03-13 17:35:00,M,20~29,office,seoul,0,0,0,0,17,0,0,50,0,0,completed
47240,U7244,2025-11-13 20:48:00,2025-11-13 20:53:00,M,30~39,office,seoul,0,0,0,0,20,0,0,26,0,0,completed
47241,U7245,2025-01-12 16:09:00,2025-01-12 16:14:00,M,40~49,office,seoul,1,0,0,0,14,0,0,72,0,0,completed
47242,U7246,2025-12-03 15:34:00,2025-12-03 15:41:00,M,30~39,office,seoul,0,0,0,0,26,0,0,68,0,0,completed
47243,U7247,2025-01-04 17:23:00,2025-01-04 17:28:00,F,20~29,office,seoul,1,0,0,0,11,0,0,43,0,0,completed
47244,U7248,2025-12-27 07:22:00,2025-12-27 07:28:00,M,40~49,office,seoul,1,0,0,0,14,0,0,57,0,0,completed
47245,U7249,2025-07-23 12:24:00,2025-07-23 12:27:00,F,20~29,office,seoul,0,0,0,0,25,0,0,15,0,0,completed
47246,U7250,2025-01-03 15:40:00,2025-01-03 15:46:00,F,20~29,office,seoul,0,0,0,0,6,0,0,77,0,0,completed
47247,U7251,2025-01-03 17:05:00,2025-01-03 17:10:00,F,20~29,office,seoul,0,0,0,0,6,0,0,67,0,0,completed
47248,U7252,2025-01-24 14:35:00,2025-01-24 14:38:00,F,20~29,office,seoul,0,0,0,0,21,0,0,63,0,0,completed
47249,U7253,2025-11-04 09:46:00,2025-11-04 09:53:00,F,20~29,office,seoul,0,0,0,0,21,0,0,31,0,0,completed
47250,U7254,2025-10-02 14:57:00,2025-10-02 15:02:00,M,30~39,office,seoul,0,0,0,0,16,0,0,72,0,0,completed
47251,U7255,2025-08-29 18:17:00,2025-08-29 18:19:00,M,20~29,office,seoul,0,0,0,0,14,0,0,75,0,0,completed
47252,U7256,2025-01-19 09:41:00,2025-01-19 09:44:00,M,50+,office,seoul,1,0,0,0,17,0,0,37,0,0,completed
47253,U7257,2025-05-18 19:37:00,2025-05-18 19:43:00,M,20~29,office,seoul,1,0,0,0,18,0,0,20,0,0,completed
47254,U7258,2025-03-28 07:05:00,2025-03-28 07:08:00,F,30~39,office,seoul,0,0,0,0,13,0,0,61,0,0,completed
47255,U7259,2025-02-06 13:36:00,2025-02-06 13:40:00,F,20~29,office,seoul,0,0,0,0,28,0,0,12,0,0,error
47256,U7260,2025-09-12 08:54:00,2025-09-12 08:56:00,F,20~29,office,seoul,0,0,0,0,8,0,0,19,0,0,completed
47257,U7261,2025-08-12 08:07:00,2025-08-12 08:12:00,F,20~29,office,seoul,0,0,0,0,4,0,0,68,0,1,completed
47258,U7262,2025-01-05 11:26:00,2025-01-05 11:30:00,F,30~39,office,seoul,1,0,0,0,4,0,0,75,0,0,completed
47259,U7263,2025-06-08 08:17:00,2025-06-08 08:23:00,M,20~29,office,seoul,1,0,0,0,6,0,0,32,0,0,completed
47260,U7264,2025-01-13 09:49:00,2025-01-13 09:51:00,M,20~29,office,seoul,0,0,0,0,8,0,0,78,0,0,completed
47261,U7265,2025-07-19 08:42:00,2025-07-19 08:45:00,M,30~39,office,seoul,1,0,0,0,27,0,0,46,0,0,completed
47262,U7266,2025-10-13 08:35:00,2025-10-13 08:40:00,M,50+,office,seoul,0,0,0,0,8,0,0,19,0,0,completed
47263,U7267,2025-09-12 13:03:00,2025-09-12 13:10:00,F,20~29,office,seoul,0,0,0,0,5,0,0,59,1,0,completed
47264,U7268,2025-01-19 15:24:00,2025-01-19 15:30:00,F,20~29,office,seoul,1,0,0,0,24,0,0,21,0,0,completed
47265,U7269,2025-04-27 16:17:00,2025-04-27 16:19:00,F,20~29,office,seoul,1,0,0,0,28,0,0,34,0,0,completed
47266,U7270,2025-06-12 17:35:00,2025-06-12 17:38:00,F,20~29,office,seoul,0,0,0,0,20,0,0,17,0,0,completed
47267,U7271,2025-04-13 13:09:00,2025-04-13 13:13:00,F,50+,office,seoul,1,0,0,0,0,0,0,69,0,0,abandoned
47268,U7272,2025-08-21 09:50:00,2025-08-21 09:55:00,F,20~29,office,seoul,0,0,0,0,17,0,0,63,0,0,completed
47269,U7273,2025-12-30 14:38:00,2025-12-30 14:42:00,F,20~29,office,seoul,0,0,0,0,10,0,0,61,0,0,completed
47270,U7274,2025-09-30 18:29:00,2025-09-30 18:31:00,F,20~29,office,seoul,0,0,0,0,9,0,0,21,0,0,completed
47271,U7275,2025-10-30 09:16:00,2025-10-30 09:18:00,F,40~49,office,seoul,0,0,0,0,2,0,0,53,0,0,completed
47272,U7276,2025-10-15 18:34:00,2025-10-15 18:39:00,M,20~29,office,seoul,0,0,0,0,11,0,0,37,0,0,completed
47273,U7277,2025-09-12 13:09:00,2025-09-12 13:15:00,F,30~39,office,seoul,0,0,0,0,6,0,0,63,0,0,completed
47274,U7278,2025-03-13 16:06:00,2025-03-13 16:12:00,M,30~39,office,seoul,0,0,0,0,11,0,0,39,0,0,completed
47275,U7279,2025-06-15 15:55:00,2025-06-15 15:57:00,F,30~39,office,seoul,1,0,0,0,19,0,0,64,0,0,timeout
47276,U7280,2025-10-14 15:45:00,2025-10-14 15:49:00,F,30~39,office,seoul,0,0,0,0,1,0,0,55,0,0,completed
47277,U7281,2025-10-11 09:40:00,2025-10-11 09:46:00,F,30~39,office,seoul,1,0,0,0,19,0,0,76,0,0,completed
47278,U7282,2025-05-09 18:54:00,2025-05-09 18:56:00,F,40~49,office,seoul,0,0,0,0,24,0,0,61,0,0,completed
47279,U7283,2025-02-08 11:19:00,2025-02-08 11:21:00,F,40~49,office,seoul,1,0,0,0,11,0,0,42,0,0,completed
47280,U7284,2025-04-02 11:41:00,2025-04-02 11:45:00,M,30~39,office,seoul,0,0,0,0,13,0,0,31,0,0,completed
47281,U7285,2025-10-05 14:22:00,2025-10-05 14:26:00,F,30~39,office,seoul,1,0,0,0,25,0,0,76,0,0,completed
47282,U7286,2025-12-24 11:08:00,2025-12-24 11:15:00,F,30~39,office,seoul,0,0,0,0,29,0,0,53,0,0,completed
47283,U7287,2025-05-03 19:26:00,2025-05-03 19:32:00,F,20~29,office,seoul,1,0,0,0,26,0,0,61,0,0,completed
47284,U7288,2025-01-05 13:16:00,2025-01-05 13:19:00,F,50+,office,seoul,1,0,0,0,0,0,0,63,0,0,completed
47285,U7289,2025-06-11 12:55:00,2025-06-11 13:02:00,F,30~39,office,seoul,0,0,0,0,23,0,0,10,0,0,completed
47286,U7290,2025-05-16 18:28:00,2025-05-16 18:34:00,F,20~29,office,seoul,0,0,0,0,6,0,0,69,0,0,completed
47287,U7291,2025-01-30 15:10:00,2025-01-30 15:14:00,F,40~49,office,seoul,0,0,0,0,15,0,0,48,0,0,completed
47288,U7292,2025-03-29 15:24:00,2025-03-29 15:27:00,M,50+,office,seoul,1,0,0,0,18,0,0,46,0,0,completed
47289,U7293,2025-08-29 15:30:00,2025-08-29 15:33:00,M,30~39,office,seoul,0,0,0,0,27,0,0,24,0,0,completed
47290,U7294,2025-12-19 08:04:00,2025-12-19 08:10:00,M,20~29,office,seoul,0,0,0,0,11,0,0,63,0,0,abandoned
47291,U7295,2025-10-24 09:03:00,2025-10-24 09:06:00,F,50+,office,seoul,0,0,0,0,11,0,0,76,0,0,completed
47292,U7296,2025-11-23 19:59:00,2025-11-23 20:06:00,M,30~39,office,seoul,1,0,0,0,19,0,0,60,0,0,error
47293,U7297,2025-12-29 12:05:00,2025-12-29 12:12:00,F,50+,office,seoul,0,0,0,0,16,0,0,75,0,0,completed
47294,U7298,2025-01-23 17:45:00,2025-01-23 17:47:00,M,50+,office,seoul,0,0,0,0,24,0,0,50,0,0,completed
47295,U7299,2025-07-26 17:15:00,2025-07-26 17:19:00,F,20~29,office,seoul,1,0,0,0,15,0,0,74,0,0,error
47296,U7300,2025-01-06 20:26:00,2025-01-06 20:33:00,M,50+,office,seoul,0,0,0,0,4,0,0,68,0,1,completed
47297,U7301,2025-11-23 20:19:00,2025-11-23 20:23:00,F,50+,office,seoul,1,0,0,0,13,0,0,27,0,0,completed
47298,U7302,2025-10-05 15:50:00,2025-10-05 15:55:00,M,20~29,office,seoul,1,0,0,0,27,0,0,31,0,0,completed
47299,U7303,2025-04-05 11:02:00,2025-04-05 11:07:00,F,20~29,office,seoul,1,0,0,0,17,0,0,16,0,0,completed
47300,U7304,2025-11-05 14:56:00,2025-11-05 15:03:00,F,30~39,office,seoul,0,0,0,0,24,0,0,39,0,0,completed
47301,U7305,2025-11-17 15:15:00,2025-11-17 15:21:00,M,20~29,office,seoul,0,0,0,0,15,0,0,74,0,0,abandoned
47302,U7306,2025-07-23 16:00:00,2025-07-23 16:03:00,M,50+,office,seoul,0,0,0,0,1,0,0,11,0,0,completed
47303,U7307,2025-09-28 18:08:00,2025-09-28 18:12:00,F,30~39,office,seoul,1,0,0,0,2,0,0,44,0,0,completed
47304,U7308,2025-09-27 12:49:00,2025-09-27 12:51:00,F,20~29,office,seoul,1,0,0,0,4,0,0,25,0,0,completed
47305,U7309,2025-09-01 12:14:00,2025-09-01 12:19:00,M,40~49,office,seoul,0,0,0,0,16,0,0,79,0,0,completed
47306,U7310,2025-10-17 11:47:00,2025-10-17 11:54:00,M,40~49,office,seoul,0,0,0,0,26,0,0,37,0,0,abandoned
47307,U7311,2025-12-22 17:08:00,2025-12-22 17:10:00,F,30~39,office,seoul,0,0,0,0,15,0,0,16,0,0,completed
47308,U7312,2025-11-30 09:45:00,2025-11-30 09:52:00,M,30~39,office,seoul,1,0,0,0,6,0,0,20,0,0,completed
47309,U7313,2025-02-28 15:04:00,2025-02-28 15:07:00,M,30~39,office,seoul,0,0,0,0,25,0,0,66,0,0,abandoned
47310,U7314,2025-04-18 12:51:00,2025-04-18 12:57:00,M,20~29,office,seoul,0,0,0,0,17,0,0,17,0,0,completed
47311,U7315,2025-03-28 19:49:00,2025-03-28 19:54:00,F,20~29,office,seoul,0,0,0,0,28,0,0,14,0,0,completed
47312,U7316,2025-12-25 09:06:00,2025-12-25 09:10:00,F,20~29,office,seoul,0,0,0,0,10,0,0,25,0,0,abandoned
47313,U7317,2025-04-19 11:58:00,2025-04-19 12:02:00,F,40~49,office,seoul,1,0,0,0,12,0,0,48,0,0,completed
47314,U7318,2025-07-09 09:03:00,2025-07-09 09:07:00,M,20~29,office,seoul,0,0,0,0,7,0,0,46,0,0,completed
47315,U7319,2025-12-01 20:07:00,2025-12-01 20:13:00,F,40~49,office,seoul,0,0,0,0,11,0,0,77,0,1,completed
47316,U7320,2025-08-04 15:50:00,2025-08-04 15:53:00,F,30~39,office,seoul,0,0,0,0,28,0,0,34,0,0,error
47317,U7321,2025-02-26 15:27:00,2025-02-26 15:31:00,M,30~39,office,seoul,0,0,0,0,27,0,0,68,0,0,completed
47318,U7322,2025-10-11 12:14:00,2025-10-11 12:21:00,M,20~29,office,seoul,1,0,0,0,11,0,0,50,0,0,completed
47319,U7323,2025-09-12 16:26:00,2025-09-12 16:29:00,M,40~49,office,seoul,0,0,0,0,4,0,0,30,0,0,abandoned
47320,U7324,2025-05-21 22:50:00,2025-05-21 22:52:00,F,20~29,office,seoul,0,0,0,0,18,0,0,60,0,0,completed
47321,U7325,2025-07-04 17:58:00,2025-07-04 18:04:00,M,30~39,office,seoul,0,0,0,0,8,0,0,74,0,0,abandoned
47322,U7326,2025-01-12 16:53:00,2025-01-12 16:58:00,F,50+,office,seoul,1,0,0,0,8,0,0,29,0,0,completed
47323,U7327,2025-12-07 12:45:00,2025-12-07 12:52:00,M,30~39,office,seoul,1,0,0,0,7,0,0,73,0,0,completed
47324,U7328,2025-01-07 17:35:00,2025-01-07 17:41:00,M,40~49,office,seoul,0,0,0,0,29,0,0,74,0,0,completed
47325,U7329,2025-03-01 09:08:00,2025-03-01 09:12:00,M,20~29,office,seoul,1,0,0,0,3,0,0,62,0,0,completed
47326,U7330,2025-05-31 19:15:00,2025-05-31 19:19:00,F,30~39,office,seoul,1,0,0,0,25,0,0,14,0,0,completed
47327,U7331,2025-05-05 07:02:00,2025-05-05 07:06:00,M,50+,office,seoul,0,0,0,0,19,0,0,61,0,0,completed
47328,U7332,2025-10-17 13:50:00,2025-10-17 13:52:00,F,40~49,office,seoul,0,0,0,0,9,0,0,43,0,0,completed
47329,U7333,2025-03-01 08:40:00,2025-03-01 08:43:00,M,30~39,office,seoul,1,0,0,0,4,0,0,53,0,0,completed
47330,U7334,2025-10-04 15:10:00,2025-10-04 15:12:00,F,30~39,office,seoul,1,0,0,0,14,0,0,28,0,0,abandoned
47331,U7335,2025-04-07 13:19:00,2025-04-07 13:22:00,F,40~49,office,seoul,0,0,0,0,11,0,0,34,0,0,error
47332,U7336,2025-09-17 12:51:00,2025-09-17 12:55:00,F,30~39,office,seoul,0,0,0,0,11,0,0,54,0,0,completed
47333,U7337,2025-02-17 19:58:00,2025-02-17 20:02:00,M,30~39,office,seoul,0,0,0,0,4,0,0,73,0,0,completed
47334,U7338,2025-01-10 09:22:00,2025-01-10 09:24:00,F,20~29,office,seoul,0,0,0,0,12,0,0,34,0,0,completed
47335,U7339,2025-12-13 15:33:00,2025-12-13 15:37:00,M,30~39,office,seoul,1,0,0,0,29,0,0,45,0,0,completed
47336,U7340,2025-01-30 11:59:00,2025-01-30 12:01:00,F,30~39,office,seoul,0,0,0,0,26,0,0,67,0,0,abandoned
47337,U7341,2025-12-15 13:23:00,2025-12-15 13:26:00,M,20~29,office,seoul,0,0,0,0,8,0,0,48,0,0,completed
47338,U7342,2025-01-04 08:51:00,2025-01-04 08:56:00,M,30~39,office,seoul,1,0,0,0,3,0,0,75,0,0,completed
47339,U7343,2025-10-13 12:43:00,2025-10-13 12:50:00,M,20~29,office,seoul,0,0,0,0,22,0,0,27,0,0,completed
47340,U7344,2025-07-14 16:23:00,2025-07-14 16:25:00,F,50+,office,seoul,0,0,0,0,18,0,0,27,0,0,completed
47341,U7345,2025-03-30 08:58:00,2025-03-30 09:00:00,F,20~29,office,seoul,1,0,0,0,12,0,0,68,0,0,completed
47342,U7346,2025-12-12 15:39:00,2025-12-12 15:41:00,F,40~49,office,seoul,0,0,0,0,14,0,0,63,0,0,completed
47343,U7347,2025-04-21 17:20:00,2025-04-21 17:25:00,M,20~29,office,seoul,0,0,0,0,29,0,0,14,0,0,completed
47344,U7348,2025-07-27 08:19:00,2025-07-27 08:21:00,M,20~29,office,seoul,1,0,0,0,18,0,0,58,0,0,completed
47345,U7349,2025-08-28 07:20:00,2025-08-28 07:25:00,M,40~49,office,seoul,0,0,0,0,26,0,0,43,0,0,timeout
47346,U7350,2025-01-30 20:43:00,2025-01-30 20:50:00,M,20~29,office,seoul,0,0,0,0,10,0,0,16,0,0,completed
47347,U7351,2025-11-15 08:33:00,2025-11-15 08:38:00,M,40~49,office,seoul,1,0,0,0,17,0,0,13,0,0,completed
47348,U7352,2025-02-22 14:04:00,2025-02-22 14:07:00,F,20~29,office,seoul,1,0,0,0,29,0,0,73,0,0,completed
47349,U7353,2025-05-12 19:06:00,2025-05-12 19:11:00,M,50+,office,seoul,0,0,0,0,24,0,0,56,0,0,completed
47350,U7354,2025-04-30 14:22:00,2025-04-30 14:24:00,F,30~39,office,seoul,0,0,0,0,14,0,0,48,0,0,completed
47351,U7355,2025-07-25 14:44:00,2025-07-25 14:51:00,F,30~39,office,seoul,0,0,0,0,7,0,0,31,0,0,completed
47352,U7356,2025-06-01 09:03:00,2025-06-01 09:07:00,F,40~49,office,seoul,1,0,0,0,5,0,0,47,0,0,abandoned
47353,U7357,2025-03-30 14:21:00,2025-03-30 14:23:00,F,20~29,office,seoul,1,0,0,0,12,0,0,25,0,0,error
47354,U7358,2025-07-14 08:39:00,2025-07-14 08:46:00,F,20~29,office,seoul,0,0,0,0,18,0,0,33,0,0,completed
47355,U7359,2025-12-22 16:57:00,2025-12-22 17:04:00,M,20~29,office,seoul,0,0,0,0,15,0,0,20,0,0,completed
47356,U7360,2025-03-09 17:21:00,2025-03-09 17:24:00,F,50+,office,seoul,1,0,0,0,8,0,0,34,0,1,completed
47357,U7361,2025-07-29 19:09:00,2025-07-29 19:12:00,M,30~39,office,seoul,0,0,0,0,1,0,0,27,0,0,completed
47358,U7362,2025-07-07 08:23:00,2025-07-07 08:29:00,F,20~29,office,seoul,0,0,0,0,15,0,0,48,0,0,completed
47359,U7363,2025-07-11 20:45:00,2025-07-11 20:52:00,F,30~39,office,seoul,0,0,0,0,15,0,0,15,0,0,completed
47360,U7364,2025-02-14 22:56:00,2025-02-14 23:03:00,M,30~39,office,seoul,0,0,0,0,3,0,0,65,0,0,completed
47361,U7365,2025-10-06 16:33:00,2025-10-06 16:37:00,F,30~39,office,seoul,0,0,0,0,6,0,0,25,0,0,completed
47362,U7366,2025-05-29 17:13:00,2025-05-29 17:17:00,F,30~39,office,seoul,0,0,0,0,27,0,0,56,0,0,timeout
47363,U7367,2025-09-02 19:23:00,2025-09-02 19:25:00,F,30~39,office,seoul,0,0,0,0,0,0,0,15,0,0,completed
47364,U7368,2025-04-25 15:46:00,2025-04-25 15:50:00,M,30~39,office,seoul,0,0,0,0,8,0,0,77,0,0,completed
47365,U7369,2025-04-03 09:59:00,2025-04-03 10:02:00,F,50+,office,seoul,0,0,0,0,3,0,0,16,0,0,completed
47366,U7370,2025-03-05 13:10:00,2025-03-05 13:15:00,F,50+,office,seoul,0,0,0,0,5,0,0,10,0,0,completed
47367,U7371,2025-04-17 18:23:00,2025-04-17 18:27:00,M,30~39,office,seoul,0,0,0,0,18,0,0,47,0,0,completed
47368,U7372,2025-06-13 19:10:00,2025-06-13 19:13:00,F,40~49,office,seoul,0,0,0,0,19,0,0,52,0,0,completed
47369,U7373,2025-07-03 12:15:00,2025-07-03 12:22:00,F,50+,office,seoul,0,0,0,0,27,0,0,53,0,0,completed
47370,U7374,2025-06-01 13:42:00,2025-06-01 13:46:00,M,50+,office,seoul,1,0,0,0,20,0,0,60,0,0,completed
47371,U7375,2025-07-04 20:25:00,2025-07-04 20:32:00,F,30~39,office,seoul,0,0,0,0,29,0,0,44,0,0,completed
47372,U7376,2025-03-03 16:59:00,2025-03-03 17:04:00,M,20~29,office,seoul,0,0,0,0,17,0,0,63,0,0,completed
47373,U7377,2025-04-12 14:15:00,2025-04-12 14:19:00,M,20~29,office,seoul,1,0,0,0,11,0,0,11,0,0,abandoned
47374,U7378,2025-09-03 09:19:00,2025-09-03 09:26:00,F,20~29,office,seoul,0,0,0,0,3,0,0,74,0,0,completed
47375,U7379,2025-03-08 21:33:00,2025-03-08 21:39:00,F,20~29,office,seoul,1,0,0,0,13,0,0,16,0,0,completed
47376,U7380,2025-05-20 19:02:00,2025-05-20 19:07:00,F,30~39,office,seoul,0,0,0,0,15,0,0,74,0,0,completed
47377,U7381,2025-12-30 13:46:00,2025-12-30 13:49:00,F,40~49,office,seoul,0,0,0,0,0,0,0,26,0,0,completed
47378,U7382,2025-07-25 08:13:00,2025-07-25 08:19:00,F,40~49,office,seoul,0,0,0,0,3,0,0,48,0,0,completed
47379,U7383,2025-03-06 08:26:00,2025-03-06 08:33:00,F,20~29,office,seoul,0,0,0,0,6,0,0,73,0,0,completed
47380,U7384,2025-03-20 09:52:00,2025-03-20 09:56:00,M,20~29,office,seoul,0,0,0,0,9,0,0,64,0,0,completed
47381,U7385,2025-06-05 15:05:00,2025-06-05 15:07:00,M,20~29,office,seoul,0,0,0,0,1,0,0,66,0,0,completed
47382,U7386,2025-08-18 08:48:00,2025-08-18 08:53:00,M,50+,office,seoul,0,0,0,0,28,0,0,55,0,0,completed
47383,U7387,2025-11-12 15:11:00,2025-11-12 15:16:00,F,30~39,office,seoul,0,0,0,0,10,0,0,47,0,0,completed
47384,U7388,2025-12-16 09:40:00,2025-12-16 09:46:00,M,20~29,office,seoul,0,0,0,0,20,0,0,17,0,0,completed
47385,U7389,2025-09-15 18:17:00,2025-09-15 18:23:00,M,50+,office,seoul,0,0,0,0,27,0,0,77,0,0,completed
47386,U7390,2025-01-16 14:57:00,2025-01-16 14:59:00,M,20~29,office,seoul,0,0,0,0,22,0,0,52,0,0,completed
47387,U7391,2025-12-11 09:27:00,2025-12-11 09:31:00,F,40~49,office,seoul,0,0,0,0,2,0,0,68,0,0,completed
47388,U7392,2025-01-17 12:08:00,2025-01-17 12:12:00,F,20~29,office,seoul,0,0,0,0,27,0,0,66,0,0,completed
47389,U7393,2025-06-05 17:16:00,2025-06-05 17:22:00,F,20~29,office,seoul,0,0,0,0,7,0,0,65,0,0,completed
47390,U7394,2025-01-28 11:53:00,2025-01-28 11:58:00,M,30~39,office,seoul,0,0,0,0,3,0,0,71,0,0,completed
47391,U7395,2025-06-18 18:42:00,2025-06-18 18:49:00,F,50+,office,seoul,0,0,0,0,19,0,0,73,0,0,completed
47392,U7396,2025-05-23 16:05:00,2025-05-23 16:10:00,F,50+,office,seoul,0,0,0,0,14,0,0,12,0,1,abandoned
47393,U7397,2025-12-20 15:23:00,2025-12-20 15:27:00,M,30~39,office,seoul,1,0,0,0,0,0,0,36,0,0,completed
47394,U7398,2025-08-05 12:39:00,2025-08-05 12:43:00,F,30~39,office,seoul,0,0,0,0,12,0,0,64,0,0,completed
47395,U7399,2025-11-17 11:33:00,2025-11-17 11:40:00,F,30~39,office,seoul,0,0,0,0,3,0,0,18,0,0,completed
47396,U7400,2025-06-28 19:53:00,2025-06-28 19:56:00,F,30~39,office,seoul,1,0,0,0,26,0,0,53,0,0,completed
47397,U7401,2025-02-13 16:07:00,2025-02-13 16:09:00,M,20~29,office,seoul,0,0,0,0,17,0,0,13,0,0,completed
47398,U7402,2025-09-29 12:24:00,2025-09-29 12:31:00,F,50+,office,seoul,0,0,0,0,25,0,0,10,0,0,completed
47399,U7403,2025-05-30 08:09:00,2025-05-30 08:15:00,F,20~29,office,seoul,0,0,0,0,24,0,0,42,0,0,abandoned
47400,U7404,2025-07-11 12:55:00,2025-07-11 12:58:00,F,30~39,office,seoul,0,0,0,0,27,0,0,76,1,0,completed
47401,U7405,2025-01-11 18:42:00,2025-01-11 18:44:00,F,40~49,office,seoul,1,0,0,0,23,0,0,79,0,0,completed
47402,U7406,2025-07-23 18:06:00,2025-07-23 18:08:00,F,40~49,office,seoul,0,0,0,0,14,0,0,59,0,0,completed
47403,U7407,2025-11-21 08:59:00,2025-11-21 09:04:00,F,50+,office,seoul,0,0,0,0,9,0,0,40,0,0,completed
47404,U7408,2025-07-29 12:34:00,2025-07-29 12:37:00,M,20~29,office,seoul,0,0,0,0,5,0,0,39,0,0,completed
47405,U7409,2025-06-17 13:38:00,2025-06-17 13:43:00,M,20~29,office,seoul,0,0,0,0,25,0,0,66,0,0,completed
47406,U7410,2025-01-07 16:07:00,2025-01-07 16:10:00,F,40~49,office,seoul,0,0,0,0,16,0,0,16,0,0,abandoned
47407,U7411,2025-03-06 15:34:00,2025-03-06 15:39:00,F,40~49,office,seoul,0,0,0,0,5,0,0,56,1,0,completed
47408,U7412,2025-12-18 18:33:00,2025-12-18 18:40:00,F,30~39,office,seoul,0,0,0,0,18,0,0,45,0,0,completed
47409,U7413,2025-12-24 17:39:00,2025-12-24 17:41:00,M,30~39,office,seoul,0,0,0,0,4,0,0,24,0,0,completed
47410,U7414,2025-12-18 14:31:00,2025-12-18 14:38:00,F,40~49,office,seoul,0,0,0,0,17,0,0,33,0,0,completed
47411,U7415,2025-11-10 15:39:00,2025-11-10 15:41:00,F,20~29,office,seoul,0,0,0,0,5,0,0,32,0,0,completed
47412,U7416,2025-02-08 08:23:00,2025-02-08 08:29:00,F,50+,office,seoul,1,0,0,0,24,0,0,72,0,0,completed
47413,U7417,2025-05-24 18:28:00,2025-05-24 18:34:00,F,20~29,office,seoul,1,0,0,0,2,0,0,30,0,1,completed
47414,U7418,2025-03-02 15:36:00,2025-03-02 15:40:00,F,30~39,office,seoul,1,0,0,0,20,0,0,36,0,0,abandoned
47415,U7419,2025-01-15 18:21:00,2025-01-15 18:26:00,F,30~39,office,seoul,0,0,0,0,13,0,0,47,0,0,completed
47416,U7420,2025-09-18 12:10:00,2025-09-18 12:12:00,F,20~29,office,seoul,0,0,0,0,9,0,0,63,0,0,completed
47417,U7421,2025-01-12 12:53:00,2025-01-12 12:57:00,M,20~29,office,seoul,1,0,0,0,14,0,0,33,0,0,completed
47418,U7422,2025-07-26 12:01:00,2025-07-26 12:03:00,M,30~39,office,seoul,1,0,0,0,7,0,0,41,0,0,completed
47419,U7423,2025-06-02 14:10:00,2025-06-02 14:16:00,F,30~39,office,seoul,0,0,0,0,5,0,0,22,0,0,completed
47420,U7424,2025-07-18 12:14:00,2025-07-18 12:19:00,F,20~29,office,seoul,0,0,0,0,15,0,0,67,0,0,completed
47421,U7425,2025-02-23 17:00:00,2025-02-23 17:05:00,F,50+,office,seoul,1,0,0,0,6,0,0,59,0,1,completed
47422,U7426,2025-03-27 16:09:00,2025-03-27 16:16:00,F,40~49,office,seoul,0,0,0,0,5,0,0,76,0,0,completed
47423,U7427,2025-01-07 13:51:00,2025-01-07 13:56:00,M,40~49,office,seoul,0,0,0,0,21,0,0,60,0,0,completed
47424,U7428,2025-10-29 08:01:00,2025-10-29 08:07:00,F,30~39,office,seoul,0,0,0,0,19,0,0,57,0,0,completed
47425,U7429,2025-01-19 13:47:00,2025-01-19 13:53:00,M,20~29,office,seoul,1,0,0,0,29,0,0,67,0,0,completed
47426,U7430,2025-08-13 20:32:00,2025-08-13 20:39:00,F,40~49,office,seoul,0,0,0,0,4,0,0,26,0,0,timeout
47427,U7431,2025-09-12 13:10:00,2025-09-12 13:15:00,F,20~29,office,seoul,0,0,0,0,9,0,0,10,0,0,completed
47428,U7432,2025-02-24 16:26:00,2025-02-24 16:29:00,F,40~49,office,seoul,0,0,0,0,11,0,0,26,0,0,completed
47429,U7433,2025-10-10 18:27:00,2025-10-10 18:31:00,F,30~39,office,seoul,0,0,0,0,13,0,0,62,0,0,completed
47430,U7434,2025-01-28 18:17:00,2025-01-28 18:23:00,F,20~29,office,seoul,0,0,0,0,24,0,0,47,0,0,completed
47431,U7435,2025-03-02 20:30:00,2025-03-02 20:33:00,F,30~39,office,seoul,1,0,0,0,10,0,0,48,0,0,completed
47432,U7436,2025-05-22 12:13:00,2025-05-22 12:16:00,M,30~39,office,seoul,0,0,0,0,21,0,0,44,0,0,completed
47433,U7437,2025-10-26 13:12:00,2025-10-26 13:14:00,F,30~39,office,seoul,1,0,0,0,13,0,0,54,0,0,completed
47434,U7438,2025-02-10 16:11:00,2025-02-10 16:18:00,M,30~39,office,seoul,0,0,0,0,18,0,0,78,0,0,completed
47435,U7439,2025-09-07 17:36:00,2025-09-07 17:38:00,F,20~29,office,seoul,1,0,0,0,27,0,0,19,0,0,completed
47436,U7440,2025-08-17 13:43:00,2025-08-17 13:46:00,F,30~39,office,seoul,1,0,0,0,17,0,0,63,0,0,abandoned
47437,U7441,2025-07-18 13:22:00,2025-07-18 13:28:00,M,30~39,office,seoul,0,0,0,0,26,0,0,39,0,0,completed
47438,U7442,2025-11-02 13:42:00,2025-11-02 13:44:00,M,30~39,office,seoul,1,0,0,0,9,0,0,10,0,0,completed
47439,U7443,2025-07-11 20:45:00,2025-07-11 20:48:00,F,20~29,office,seoul,0,0,0,0,13,0,0,37,0,0,completed
47440,U7444,2025-03-27 09:20:00,2025-03-27 09:26:00,F,20~29,office,seoul,0,0,0,0,27,0,0,68,0,0,completed
47441,U7445,2025-05-27 16:43:00,2025-05-27 16:47:00,M,30~39,office,seoul,0,0,0,0,15,0,0,63,0,0,completed
47442,U7446,2025-08-20 21:38:00,2025-08-20 21:44:00,F,30~39,office,seoul,0,0,0,0,16,0,0,27,0,0,completed
47443,U7447,2025-11-02 07:34:00,2025-11-02 07:40:00,M,40~49,office,seoul,1,0,0,0,22,0,0,50,0,0,completed
47444,U7448,2025-08-01 21:01:00,2025-08-01 21:07:00,M,30~39,office,seoul,0,0,0,0,8,0,0,55,0,0,completed
47445,U7449,2025-02-22 15:35:00,2025-02-22 15:38:00,M,20~29,office,seoul,1,0,0,0,29,0,0,54,0,0,completed
47446,U7450,2025-06-08 11:38:00,2025-06-08 11:41:00,M,50+,office,seoul,1,0,0,0,23,0,0,11,0,0,completed
47447,U7451,2025-06-13 09:33:00,2025-06-13 09:38:00,F,20~29,office,seoul,0,0,0,0,20,0,0,50,0,0,completed
47448,U7452,2025-09-10 16:37:00,2025-09-10 16:42:00,F,30~39,office,seoul,0,0,0,0,4,0,0,69,0,0,completed
47449,U7453,2025-11-26 16:22:00,2025-11-26 16:26:00,M,20~29,office,seoul,0,0,0,0,20,0,0,58,0,0,completed
47450,U7454,2025-06-15 15:43:00,2025-06-15 15:47:00,F,50+,office,seoul,1,0,0,0,12,0,0,36,0,0,completed
47451,U7455,2025-11-18 08:04:00,2025-11-18 08:07:00,F,30~39,office,seoul,0,0,0,0,0,0,0,50,0,0,completed
47452,U7456,2025-04-24 18:18:00,2025-04-24 18:21:00,M,30~39,office,seoul,0,0,0,0,19,0,0,10,0,0,completed
47453,U7457,2025-12-25 09:49:00,2025-12-25 09:53:00,F,40~49,office,seoul,0,0,0,0,26,0,0,38,0,0,completed
47454,U7458,2025-09-03 15:02:00,2025-09-03 15:09:00,F,30~39,office,seoul,0,0,0,0,17,0,0,44,0,0,completed
47455,U7459,2025-05-05 17:00:00,2025-05-05 17:02:00,F,40~49,office,seoul,0,0,0,0,15,0,0,50,1,0,completed
47456,U7460,2025-04-20 20:44:00,2025-04-20 20:49:00,F,40~49,office,seoul,1,0,0,0,24,0,0,18,0,0,completed
47457,U7461,2025-05-07 18:30:00,2025-05-07 18:37:00,M,50+,office,seoul,0,0,0,0,23,0,0,47,0,0,completed
47458,U7462,2025-06-06 09:11:00,2025-06-06 09:17:00,F,40~49,office,seoul,0,0,0,0,19,0,0,36,0,0,completed
47459,U7463,2025-03-24 16:30:00,2025-03-24 16:37:00,F,20~29,office,seoul,0,0,0,0,28,0,0,46,0,0,completed
47460,U7464,2025-11-17 18:27:00,2025-11-17 18:33:00,F,30~39,office,seoul,0,0,0,0,25,0,0,78,0,0,completed
47461,U7465,2025-05-23 11:19:00,2025-05-23 11:21:00,F,30~39,office,seoul,0,0,0,0,14,0,0,12,0,0,completed
47462,U7466,2025-02-06 11:58:00,2025-02-06 12:00:00,M,30~39,office,seoul,0,0,0,0,11,0,0,56,0,0,completed
47463,U7467,2025-09-28 18:58:00,2025-09-28 19:03:00,M,20~29,office,seoul,1,0,0,0,9,0,0,69,0,0,completed
47464,U7468,2025-04-11 16:39:00,2025-04-11 16:45:00,M,50+,office,seoul,0,0,0,0,5,0,0,76,0,0,completed
47465,U7469,2025-12-27 11:59:00,2025-12-27 12:01:00,M,30~39,office,seoul,1,0,0,0,6,0,0,14,0,0,completed
47466,U7470,2025-12-25 16:38:00,2025-12-25 16:41:00,M,30~39,office,seoul,0,0,0,0,2,0,0,58,0,0,error
47467,U7471,2025-09-11 14:30:00,2025-09-11 14:32:00,M,40~49,office,seoul,0,0,0,0,12,0,0,27,0,0,completed
47468,U7472,2025-12-08 07:06:00,2025-12-08 07:08:00,F,20~29,office,seoul,0,0,0,0,5,0,0,32,0,0,completed
47469,U7473,2025-11-07 11:01:00,2025-11-07 11:05:00,M,50+,office,seoul,0,0,0,0,4,0,0,34,0,1,abandoned
47470,U7474,2025-03-27 16:41:00,2025-03-27 16:47:00,M,30~39,office,seoul,0,0,0,0,29,0,0,27,0,0,completed
47471,U7475,2025-02-04 14:07:00,2025-02-04 14:14:00,F,40~49,office,seoul,0,0,0,0,19,0,0,23,0,0,timeout
47472,U7476,2025-08-23 17:08:00,2025-08-23 17:10:00,M,40~49,office,seoul,1,0,0,0,3,0,0,18,0,0,completed
47473,U7477,2025-01-11 15:32:00,2025-01-11 15:35:00,F,50+,office,seoul,1,0,0,0,10,0,0,18,0,0,completed
47474,U7478,2025-11-27 09:10:00,2025-11-27 09:16:00,F,20~29,office,seoul,0,0,0,0,17,0,0,10,0,0,error
47475,U7479,2025-03-26 13:11:00,2025-03-26 13:14:00,M,20~29,office,seoul,0,0,0,0,16,0,0,59,0,0,completed
47476,U7480,2025-07-07 16:30:00,2025-07-07 16:35:00,F,40~49,office,seoul,0,0,0,0,17,0,0,41,0,0,completed
47477,U7481,2025-08-29 09:17:00,2025-08-29 09:22:00,M,50+,office,seoul,0,0,0,0,12,0,0,19,0,0,completed
47478,U7482,2025-01-16 20:41:00,2025-01-16 20:43:00,M,30~39,office,seoul,0,0,0,0,15,0,0,18,0,0,completed
47479,U7483,2025-08-19 14:47:00,2025-08-19 14:51:00,M,20~29,office,seoul,0,0,0,0,15,0,0,12,0,0,completed
47480,U7484,2025-02-02 16:41:00,2025-02-02 16:44:00,F,20~29,office,seoul,1,0,0,0,12,0,0,76,0,0,completed
47481,U7485,2025-06-21 15:33:00,2025-06-21 15:37:00,F,30~39,office,seoul,1,0,0,0,21,0,0,29,0,0,completed
47482,U7486,2025-04-26 09:49:00,2025-04-26 09:52:00,F,20~29,office,seoul,1,0,0,0,20,0,0,78,0,0,completed
47483,U7487,2025-12-28 14:51:00,2025-12-28 14:53:00,M,30~39,office,seoul,1,0,0,0,9,0,0,63,0,0,completed
47484,U7488,2025-03-27 14:26:00,2025-03-27 14:30:00,M,20~29,office,seoul,0,0,0,0,9,0,0,62,0,0,completed
47485,U7489,2025-11-09 08:11:00,2025-11-09 08:16:00,F,50+,office,seoul,1,0,0,0,2,0,0,69,0,0,completed
47486,U7490,2025-03-23 18:39:00,2025-03-23 18:44:00,F,30~39,office,seoul,1,0,0,0,12,0,0,24,0,0,completed
47487,U7491,2025-04-12 12:27:00,2025-04-12 12:30:00,F,20~29,office,seoul,1,0,0,0,12,0,0,48,0,0,abandoned
47488,U7492,2025-11-12 22:07:00,2025-11-12 22:11:00,M,30~39,office,seoul,0,0,0,0,20,0,0,49,0,0,completed
47489,U7493,2025-09-04 18:22:00,2025-09-04 18:27:00,M,30~39,office,seoul,0,0,0,0,23,0,0,31,0,0,completed
47490,U7494,2025-05-26 16:45:00,2025-05-26 16:49:00,M,40~49,office,seoul,0,0,0,0,3,0,0,14,0,0,completed
47491,U7495,2025-01-13 07:21:00,2025-01-13 07:27:00,F,30~39,office,seoul,0,0,0,0,28,0,0,79,0,0,completed
47492,U7496,2025-08-20 22:46:00,2025-08-20 22:50:00,M,20~29,office,seoul,0,0,0,0,12,0,0,73,0,0,completed
47493,U7497,2025-07-22 07:52:00,2025-07-22 07:57:00,M,40~49,office,seoul,0,0,0,0,26,0,0,79,0,0,completed
47494,U7498,2025-11-09 08:25:00,2025-11-09 08:31:00,M,20~29,office,seoul,1,0,0,0,15,0,0,63,0,0,completed
47495,U7499,2025-02-25 16:20:00,2025-02-25 16:26:00,F,30~39,office,seoul,0,0,0,0,25,0,0,76,0,0,completed
47496,U7500,2025-03-24 08:01:00,2025-03-24 08:07:00,M,20~29,office,seoul,0,0,0,0,3,0,0,27,0,0,completed
47497,U7501,2025-12-17 17:19:00,2025-12-17 17:22:00,F,40~49,office,seoul,0,0,0,0,10,0,0,13,0,0,completed
47498,U7502,2025-12-13 22:21:00,2025-12-13 22:25:00,M,20~29,office,seoul,1,0,0,0,5,0,0,70,0,0,completed
47499,U7503,2025-04-26 14:31:00,2025-04-26 14:37:00,M,30~39,office,seoul,1,0,0,0,5,0,0,31,0,0,completed
47500,U7504,2025-05-14 17:34:00,2025-05-14 17:41:00,M,40~49,office,seoul,0,0,0,0,1,0,0,47,0,0,completed
47501,U7505,2025-09-28 15:34:00,2025-09-28 15:39:00,F,20~29,office,seoul,1,0,0,0,4,0,0,58,0,0,completed
47502,U7506,2025-03-31 14:11:00,2025-03-31 14:16:00,F,30~39,office,seoul,0,0,0,0,22,0,0,62,0,0,timeout
47503,U7507,2025-07-16 17:15:00,2025-07-16 17:18:00,M,20~29,office,seoul,0,0,0,0,15,0,0,34,0,0,abandoned
47504,U7508,2025-05-28 08:59:00,2025-05-28 09:01:00,F,50+,office,seoul,0,0,0,0,11,0,0,75,0,0,completed
47505,U7509,2025-05-26 14:24:00,2025-05-26 14:29:00,F,30~39,office,seoul,0,0,0,0,20,0,0,37,0,0,completed
47506,U7510,2025-03-28 17:35:00,2025-03-28 17:41:00,F,30~39,office,seoul,0,0,0,0,20,0,0,29,0,0,completed
47507,U7511,2025-02-09 13:33:00,2025-02-09 13:40:00,M,50+,office,seoul,1,0,0,0,17,0,0,48,0,0,completed
47508,U7512,2025-05-16 15:42:00,2025-05-16 15:48:00,F,40~49,office,seoul,0,0,0,0,16,0,0,74,0,0,completed
47509,U7513,2025-03-29 15:52:00,2025-03-29 15:59:00,M,20~29,office,seoul,1,0,0,0,0,0,0,71,0,0,completed
47510,U7514,2025-12-19 20:58:00,2025-12-19 21:04:00,F,30~39,office,seoul,0,0,0,0,15,0,0,63,0,0,completed
47511,U7515,2025-01-09 14:01:00,2025-01-09 14:08:00,M,20~29,office,seoul,0,0,0,0,8,0,0,42,0,0,completed
47512,U7516,2025-05-27 08:24:00,2025-05-27 08:29:00,M,40~49,office,seoul,0,0,0,0,19,0,0,45,0,0,completed
47513,U7517,2025-08-15 11:11:00,2025-08-15 11:13:00,F,30~39,office,seoul,0,0,0,0,15,0,0,21,0,0,completed
47514,U7518,2025-01-31 07:00:00,2025-01-31 07:04:00,F,20~29,office,seoul,0,0,0,0,19,0,0,25,0,0,completed
47515,U7519,2025-08-04 07:08:00,2025-08-04 07:14:00,F,20~29,office,seoul,0,0,0,0,3,0,0,32,0,0,error
47516,U7520,2025-01-12 16:01:00,2025-01-12 16:07:00,F,20~29,office,seoul,1,0,0,0,28,0,0,48,0,0,abandoned
47517,U7521,2025-01-21 20:35:00,2025-01-21 20:40:00,M,50+,office,seoul,0,0,0,0,18,0,0,52,0,0,completed
47518,U7522,2025-01-03 09:05:00,2025-01-03 09:10:00,M,20~29,office,seoul,0,0,0,0,14,0,0,62,0,0,completed
47519,U7523,2025-07-29 13:29:00,2025-07-29 13:35:00,M,30~39,office,seoul,0,0,0,0,29,0,0,21,0,1,completed
47520,U7524,2025-10-22 14:15:00,2025-10-22 14:17:00,M,20~29,office,seoul,0,0,0,0,17,0,0,36,0,0,completed
47521,U7525,2025-07-09 09:15:00,2025-07-09 09:17:00,M,30~39,office,seoul,0,0,0,0,12,0,0,31,0,0,completed
47522,U7526,2025-11-23 09:04:00,2025-11-23 09:11:00,M,40~49,office,seoul,1,0,0,0,20,0,0,55,0,0,completed
47523,U7527,2025-01-21 09:23:00,2025-01-21 09:28:00,F,40~49,office,seoul,0,0,0,0,1,0,0,38,0,0,completed
47524,U7528,2025-12-10 17:37:00,2025-12-10 17:44:00,M,50+,office,seoul,0,0,0,0,27,0,0,30,1,0,completed
47525,U7529,2025-01-14 18:19:00,2025-01-14 18:25:00,M,40~49,office,seoul,0,0,0,0,29,0,0,23,0,0,completed
47526,U7530,2025-02-15 08:07:00,2025-02-15 08:12:00,F,30~39,office,seoul,1,0,0,0,16,0,0,60,0,0,abandoned
47527,U7531,2025-04-28 15:13:00,2025-04-28 15:19:00,M,20~29,office,seoul,0,0,0,0,5,0,0,17,0,1,timeout
47528,U7532,2025-04-05 08:34:00,2025-04-05 08:37:00,F,30~39,office,seoul,1,0,0,0,11,0,0,61,0,0,completed
47529,U7533,2025-02-11 12:30:00,2025-02-11 12:37:00,M,30~39,office,seoul,0,0,0,0,12,0,0,56,0,0,abandoned
47530,U7534,2025-01-19 15:06:00,2025-01-19 15:08:00,M,50+,office,seoul,1,0,0,0,5,0,0,43,0,0,completed
47531,U7535,2025-10-21 19:11:00,2025-10-21 19:15:00,F,30~39,office,seoul,0,0,0,0,3,0,0,49,0,0,timeout
47532,U7536,2025-04-16 22:24:00,2025-04-16 22:29:00,F,40~49,office,seoul,0,0,0,0,26,0,0,63,0,0,completed
47533,U7537,2025-08-27 18:23:00,2025-08-27 18:27:00,F,40~49,office,seoul,0,0,0,0,13,0,0,46,0,0,completed
47534,U7538,2025-10-05 21:28:00,2025-10-05 21:33:00,F,50+,office,seoul,1,0,0,0,22,0,0,72,0,0,completed
47535,U7539,2025-03-03 16:24:00,2025-03-03 16:26:00,F,40~49,office,seoul,0,0,0,0,5,0,0,10,0,0,completed
47536,U7540,2025-10-04 18:45:00,2025-10-04 18:49:00,M,20~29,office,seoul,1,0,0,0,11,0,0,35,0,0,abandoned
47537,U7541,2025-11-29 16:28:00,2025-11-29 16:35:00,F,30~39,office,seoul,1,0,0,0,27,0,0,27,0,0,completed
47538,U7542,2025-04-24 07:03:00,2025-04-24 07:05:00,F,30~39,office,seoul,0,0,0,0,8,0,0,70,0,0,completed
47539,U7543,2025-07-03 08:28:00,2025-07-03 08:33:00,F,30~39,office,seoul,0,0,0,0,14,0,0,46,0,0,completed
47540,U7544,2025-04-20 16:19:00,2025-04-20 16:25:00,F,30~39,office,seoul,1,0,0,0,16,0,0,74,0,0,completed
47541,U7545,2025-02-04 16:33:00,2025-02-04 16:35:00,M,30~39,office,seoul,0,0,0,0,0,0,0,55,0,0,completed
47542,U7546,2025-02-09 20:32:00,2025-02-09 20:35:00,F,20~29,office,seoul,1,0,0,0,7,0,0,47,0,0,completed
47543,U7547,2025-01-11 12:37:00,2025-01-11 12:40:00,M,20~29,office,seoul,1,0,0,0,24,0,0,20,0,0,completed
47544,U7548,2025-09-27 17:17:00,2025-09-27 17:19:00,F,20~29,office,seoul,1,0,0,0,27,0,0,66,0,0,completed
47545,U7549,2025-03-11 15:24:00,2025-03-11 15:28:00,F,20~29,office,seoul,0,0,0,0,22,0,0,56,0,0,completed
47546,U7550,2025-01-25 08:31:00,2025-01-25 08:37:00,M,30~39,office,seoul,1,0,0,0,4,0,0,41,0,0,completed
47547,U7551,2025-01-10 14:24:00,2025-01-10 14:31:00,M,30~39,office,seoul,0,0,0,0,10,0,0,13,0,0,completed
47548,U7552,2025-08-04 14:10:00,2025-08-04 14:16:00,F,40~49,office,seoul,0,0,0,0,24,0,0,58,0,0,completed
47549,U7553,2025-09-03 08:39:00,2025-09-03 08:46:00,F,20~29,office,seoul,0,0,0,0,17,0,0,28,0,0,completed
47550,U7554,2025-11-11 14:37:00,2025-11-11 14:44:00,F,30~39,office,seoul,0,0,0,0,28,0,0,33,0,0,completed
47551,U7555,2025-08-12 16:24:00,2025-08-12 16:26:00,F,50+,office,seoul,0,0,0,0,20,0,0,68,0,0,completed
47552,U7556,2025-08-26 13:22:00,2025-08-26 13:29:00,F,40~49,office,seoul,0,0,0,0,6,0,0,69,0,0,completed
47553,U7557,2025-09-08 09:05:00,2025-09-08 09:12:00,M,30~39,office,seoul,0,0,0,0,7,0,0,79,0,0,completed
47554,U7558,2025-08-09 20:13:00,2025-08-09 20:16:00,F,40~49,office,seoul,1,0,0,0,23,0,0,61,0,0,completed
47555,U7559,2025-02-05 09:13:00,2025-02-05 09:16:00,M,40~49,office,seoul,0,0,0,0,5,0,0,38,0,0,completed
47556,U7560,2025-08-18 16:35:00,2025-08-18 16:40:00,M,20~29,office,seoul,0,0,0,0,19,0,0,12,0,0,completed
47557,U7561,2025-07-29 11:11:00,2025-07-29 11:14:00,F,30~39,office,seoul,0,0,0,0,19,0,0,61,0,0,completed
47558,U7562,2025-02-25 17:23:00,2025-02-25 17:26:00,F,20~29,office,seoul,0,0,0,0,6,0,0,35,0,0,completed
47559,U7563,2025-12-21 19:27:00,2025-12-21 19:33:00,F,40~49,office,seoul,1,0,0,0,11,0,0,69,0,0,completed
47560,U7564,2025-04-23 20:03:00,2025-04-23 20:07:00,F,40~49,office,seoul,0,0,0,0,23,0,0,28,0,0,completed
47561,U7565,2025-03-13 11:50:00,2025-03-13 11:54:00,M,20~29,office,seoul,0,0,0,0,12,0,0,69,0,0,completed
47562,U7566,2025-08-17 11:14:00,2025-08-17 11:19:00,M,30~39,office,seoul,1,0,0,0,22,0,0,71,0,0,completed
47563,U7567,2025-07-07 19:00:00,2025-07-07 19:05:00,F,30~39,office,seoul,0,0,0,0,11,0,0,20,0,0,completed
47564,U7568,2025-08-12 13:40:00,2025-08-12 13:47:00,M,20~29,office,seoul,0,0,0,0,10,0,0,77,0,0,completed
47565,U7569,2025-05-30 09:23:00,2025-05-30 09:25:00,M,30~39,office,seoul,0,0,0,0,20,0,0,13,0,0,completed
47566,U7570,2025-12-25 13:19:00,2025-12-25 13:26:00,M,20~29,office,seoul,0,0,0,0,27,0,0,73,0,0,completed
47567,U7571,2025-06-19 12:36:00,2025-06-19 12:39:00,F,20~29,office,seoul,0,0,0,0,4,0,0,61,0,0,completed
47568,U7572,2025-06-28 12:16:00,2025-06-28 12:19:00,M,40~49,office,seoul,1,0,0,0,17,0,0,55,0,0,completed
47569,U7573,2025-11-19 09:18:00,2025-11-19 09:20:00,F,30~39,office,seoul,0,0,0,0,6,0,0,64,0,0,completed
47570,U7574,2025-10-18 07:55:00,2025-10-18 08:01:00,F,30~39,office,seoul,1,0,0,0,21,0,0,45,0,0,completed
47571,U7575,2025-11-03 08:49:00,2025-11-03 08:52:00,F,50+,office,seoul,0,0,0,0,9,0,0,73,0,0,completed
47572,U7576,2025-12-05 22:32:00,2025-12-05 22:38:00,F,20~29,office,seoul,0,0,0,0,27,0,0,20,0,0,completed
47573,U7577,2025-12-15 11:54:00,2025-12-15 11:57:00,M,20~29,office,seoul,0,0,0,0,10,0,0,26,0,0,completed
47574,U7578,2025-12-08 14:34:00,2025-12-08 14:38:00,F,20~29,office,seoul,0,0,0,0,3,0,0,33,0,0,completed
47575,U7579,2025-01-02 07:11:00,2025-01-02 07:17:00,M,20~29,office,seoul,0,0,0,0,13,0,0,51,0,0,completed
47576,U7580,2025-12-02 08:22:00,2025-12-02 08:29:00,M,40~49,office,seoul,0,0,0,0,26,0,0,74,0,0,completed
47577,U7581,2025-08-24 12:37:00,2025-08-24 12:41:00,M,30~39,office,seoul,1,0,0,0,2,0,0,73,0,0,completed
47578,U7582,2025-10-25 19:09:00,2025-10-25 19:12:00,F,40~49,office,seoul,1,0,0,0,16,0,0,36,0,0,completed
47579,U7583,2025-01-08 17:20:00,2025-01-08 17:23:00,M,20~29,office,seoul,0,0,0,0,24,0,0,77,0,0,completed
47580,U7584,2025-07-08 15:15:00,2025-07-08 15:18:00,F,50+,office,seoul,0,0,0,0,3,0,0,13,0,0,completed
47581,U7585,2025-12-26 12:31:00,2025-12-26 12:36:00,F,40~49,office,seoul,0,0,0,0,28,0,0,15,0,0,abandoned
47582,U7586,2025-05-13 14:44:00,2025-05-13 14:48:00,F,20~29,office,seoul,0,0,0,0,22,0,0,30,0,0,completed
47583,U7587,2025-06-21 14:26:00,2025-06-21 14:32:00,M,50+,office,seoul,1,0,0,0,18,0,0,39,0,0,completed
47584,U7588,2025-05-30 14:06:00,2025-05-30 14:08:00,F,20~29,office,seoul,0,0,0,0,21,0,0,12,0,0,completed
47585,U7589,2025-06-12 16:23:00,2025-06-12 16:28:00,F,30~39,office,seoul,0,0,0,0,10,0,0,73,0,0,completed
47586,U7590,2025-10-25 15:14:00,2025-10-25 15:18:00,F,50+,office,seoul,1,0,0,0,8,0,0,42,0,0,completed
47587,U7591,2025-11-27 17:33:00,2025-11-27 17:35:00,F,20~29,office,seoul,0,0,0,0,18,0,0,40,0,0,completed
47588,U7592,2025-02-10 15:39:00,2025-02-10 15:42:00,F,20~29,office,seoul,0,0,0,0,19,0,0,27,0,0,completed
47589,U7593,2025-01-21 13:54:00,2025-01-21 13:57:00,M,40~49,office,seoul,0,0,0,0,16,0,0,33,0,0,completed
47590,U7594,2025-10-14 20:07:00,2025-10-14 20:09:00,F,20~29,office,seoul,0,0,0,0,9,0,0,50,0,0,completed
47591,U7595,2025-07-11 07:10:00,2025-07-11 07:16:00,F,20~29,office,seoul,0,0,0,0,1,0,0,51,0,0,completed
47592,U7596,2025-05-25 12:00:00,2025-05-25 12:03:00,F,30~39,office,seoul,1,0,0,0,15,0,0,42,0,0,completed
47593,U7597,2025-06-17 13:58:00,2025-06-17 14:01:00,M,20~29,office,seoul,0,0,0,0,11,0,0,12,0,0,completed
47594,U7598,2025-07-24 20:21:00,2025-07-24 20:26:00,F,30~39,office,seoul,0,0,0,0,26,0,0,50,0,0,completed
47595,U7599,2025-03-01 22:12:00,2025-03-01 22:18:00,M,50+,office,seoul,1,0,0,0,11,0,0,79,0,0,completed
47596,U7600,2025-09-22 09:23:00,2025-09-22 09:26:00,M,30~39,office,seoul,0,0,0,0,9,0,0,50,0,0,completed
47597,U7601,2025-09-21 18:34:00,2025-09-21 18:41:00,F,20~29,office,seoul,1,0,0,0,15,0,0,53,0,0,completed
47598,U7602,2025-12-02 17:37:00,2025-12-02 17:39:00,F,20~29,office,seoul,0,0,0,0,18,0,0,56,0,0,completed
47599,U7603,2025-08-22 13:29:00,2025-08-22 13:34:00,F,20~29,office,seoul,0,0,0,0,7,0,0,28,0,0,abandoned
47600,U7604,2025-04-11 08:50:00,2025-04-11 08:57:00,M,30~39,office,seoul,0,0,0,0,29,0,0,60,0,0,completed
47601,U7605,2025-10-15 14:20:00,2025-10-15 14:23:00,F,30~39,office,seoul,0,0,0,0,18,0,0,71,0,0,completed
47602,U7606,2025-07-04 15:26:00,2025-07-04 15:30:00,M,20~29,office,seoul,0,0,0,0,24,0,0,31,0,0,completed
47603,U7607,2025-07-04 07:39:00,2025-07-04 07:43:00,F,40~49,office,seoul,0,0,0,0,2,0,0,32,0,0,error
47604,U7608,2025-10-12 12:37:00,2025-10-12 12:44:00,M,30~39,office,seoul,1,0,0,0,24,0,0,71,0,0,timeout
47605,U7609,2025-06-28 08:36:00,2025-06-28 08:39:00,F,50+,office,seoul,1,0,0,0,16,0,0,68,0,0,completed
47606,U7610,2025-11-08 12:05:00,2025-11-08 12:11:00,F,30~39,office,seoul,1,0,0,0,10,0,0,21,0,0,completed
47607,U7611,2025-03-24 12:04:00,2025-03-24 12:07:00,F,30~39,office,seoul,0,0,0,0,16,0,0,70,0,0,completed
47608,U7612,2025-05-14 18:15:00,2025-05-14 18:18:00,F,30~39,office,seoul,0,0,0,0,15,0,0,49,0,0,completed
47609,U7613,2025-07-06 07:40:00,2025-07-06 07:45:00,M,20~29,office,seoul,1,0,0,0,17,0,0,54,0,0,completed
47610,U7614,2025-12-05 08:13:00,2025-12-05 08:17:00,F,20~29,office,seoul,0,0,0,0,7,0,0,18,0,0,completed
47611,U7615,2025-01-15 17:36:00,2025-01-15 17:41:00,F,40~49,office,seoul,0,0,0,0,19,0,0,24,0,0,completed
47612,U7616,2025-06-29 08:34:00,2025-06-29 08:41:00,F,30~39,office,seoul,1,0,0,0,22,0,0,33,1,0,timeout
47613,U7617,2025-05-08 14:40:00,2025-05-08 14:47:00,F,20~29,office,seoul,0,0,0,0,28,0,0,68,0,0,completed
47614,U7618,2025-04-08 21:01:00,2025-04-08 21:06:00,F,20~29,office,seoul,0,0,0,0,7,0,0,15,0,0,completed
47615,U7619,2025-12-10 15:16:00,2025-12-10 15:19:00,F,30~39,office,seoul,0,0,0,0,28,0,0,43,0,0,completed
47616,U7620,2025-04-13 16:29:00,2025-04-13 16:33:00,F,30~39,office,seoul,1,0,0,0,11,0,0,70,0,0,completed
47617,U7621,2025-02-08 09:51:00,2025-02-08 09:53:00,M,30~39,office,seoul,1,0,0,0,27,0,0,77,0,0,completed
47618,U7622,2025-06-01 19:08:00,2025-06-01 19:14:00,M,30~39,office,seoul,1,0,0,0,10,0,0,72,0,0,completed
47619,U7623,2025-03-26 16:41:00,2025-03-26 16:47:00,M,40~49,office,seoul,0,0,0,0,18,0,0,36,0,0,completed
47620,U7624,2025-05-05 12:45:00,2025-05-05 12:51:00,M,30~39,office,seoul,0,0,0,0,16,0,0,41,0,0,completed
47621,U7625,2025-08-18 17:40:00,2025-08-18 17:46:00,M,40~49,office,seoul,0,0,0,0,12,0,0,25,0,0,completed
47622,U7626,2025-07-08 09:07:00,2025-07-08 09:14:00,M,20~29,office,seoul,0,0,0,0,14,0,0,59,0,0,completed
47623,U7627,2025-11-09 17:49:00,2025-11-09 17:56:00,F,40~49,office,seoul,1,0,0,0,29,0,0,40,0,0,completed
47624,U7628,2025-07-30 08:11:00,2025-07-30 08:13:00,M,20~29,office,seoul,0,0,0,0,6,0,0,27,0,0,completed
47625,U7629,2025-12-13 20:23:00,2025-12-13 20:28:00,M,30~39,office,seoul,1,0,0,0,21,0,0,18,0,0,completed
47626,U7630,2025-01-21 15:14:00,2025-01-21 15:20:00,F,30~39,office,seoul,0,0,0,0,14,0,0,57,0,0,completed
47627,U7631,2025-12-02 09:37:00,2025-12-02 09:44:00,M,30~39,office,seoul,0,0,0,0,3,0,0,51,0,0,completed
47628,U7632,2025-06-12 18:47:00,2025-06-12 18:50:00,M,40~49,office,seoul,0,0,0,0,24,0,0,75,0,0,completed
47629,U7633,2025-10-18 13:57:00,2025-10-18 14:01:00,M,20~29,office,seoul,1,0,0,0,3,0,0,74,0,0,completed
47630,U7634,2025-03-05 08:47:00,2025-03-05 08:53:00,F,30~39,office,seoul,0,0,0,0,16,0,0,71,0,0,completed
47631,U7635,2025-08-22 17:25:00,2025-08-22 17:32:00,F,30~39,office,seoul,0,0,0,0,11,0,0,23,0,0,completed
47632,U7636,2025-12-27 13:40:00,2025-12-27 13:46:00,F,50+,office,seoul,1,0,0,0,8,0,0,39,0,0,timeout
47633,U7637,2025-01-22 11:30:00,2025-01-22 11:37:00,M,20~29,office,seoul,0,0,0,0,1,0,0,73,0,0,completed
47634,U7638,2025-09-14 16:39:00,2025-09-14 16:44:00,M,20~29,office,seoul,1,0,0,0,1,0,0,24,0,0,completed
47635,U7639,2025-07-03 13:56:00,2025-07-03 14:00:00,F,50+,office,seoul,0,0,0,0,6,0,0,47,0,0,completed
47636,U7640,2025-10-30 07:13:00,2025-10-30 07:16:00,F,50+,office,seoul,0,0,0,0,8,0,0,23,0,0,completed
47637,U7641,2025-06-13 13:10:00,2025-06-13 13:17:00,M,20~29,office,seoul,0,0,0,0,21,0,0,61,0,0,completed
47638,U7642,2025-12-10 13:52:00,2025-12-10 13:57:00,F,30~39,office,seoul,0,0,0,0,12,0,0,53,0,0,completed
47639,U7643,2025-04-05 16:01:00,2025-04-05 16:06:00,M,40~49,office,seoul,1,0,0,0,4,0,0,28,0,0,completed
47640,U7644,2025-02-14 07:17:00,2025-02-14 07:21:00,M,50+,office,seoul,0,0,0,0,0,0,0,17,0,0,completed
47641,U7645,2025-05-08 19:11:00,2025-05-08 19:15:00,F,30~39,office,seoul,0,0,0,0,5,0,0,11,0,0,completed
47642,U7646,2025-01-06 14:28:00,2025-01-06 14:31:00,F,20~29,office,seoul,0,0,0,0,5,0,0,23,0,0,abandoned
47643,U7647,2025-04-22 12:37:00,2025-04-22 12:43:00,F,30~39,office,seoul,0,0,0,0,8,0,0,51,0,0,completed
47644,U7648,2025-08-03 18:23:00,2025-08-03 18:29:00,M,50+,office,seoul,1,0,0,0,24,0,0,10,1,0,completed
47645,U7649,2025-09-22 15:39:00,2025-09-22 15:43:00,F,30~39,office,seoul,0,0,0,0,9,0,0,64,0,0,completed
47646,U7650,2025-10-29 09:43:00,2025-10-29 09:47:00,F,40~49,office,seoul,0,0,0,0,21,0,0,53,0,0,abandoned
47647,U7651,2025-02-05 11:01:00,2025-02-05 11:07:00,F,50+,office,seoul,0,0,0,0,22,0,0,33,0,0,completed
47648,U7652,2025-10-15 13:25:00,2025-10-15 13:31:00,M,30~39,office,seoul,0,0,0,0,13,0,0,37,0,0,completed
47649,U7653,2025-05-13 08:46:00,2025-05-13 08:50:00,F,30~39,office,seoul,0,0,0,0,10,0,0,10,0,0,completed
47650,U7654,2025-06-07 09:11:00,2025-06-07 09:16:00,M,50+,office,seoul,1,0,0,0,27,0,0,27,0,0,abandoned
47651,U7655,2025-11-01 11:19:00,2025-11-01 11:24:00,F,30~39,office,seoul,1,0,0,0,7,0,0,38,0,0,completed
47652,U7656,2025-06-26 16:59:00,2025-06-26 17:03:00,M,40~49,office,seoul,0,0,0,0,0,0,0,13,0,0,completed
47653,U7657,2025-07-28 08:20:00,2025-07-28 08:24:00,F,50+,office,seoul,0,0,0,0,4,0,0,22,0,0,abandoned
47654,U7658,2025-01-17 20:52:00,2025-01-17 20:55:00,F,40~49,office,seoul,0,0,0,0,4,0,0,17,0,0,completed
47655,U7659,2025-08-25 09:27:00,2025-08-25 09:31:00,F,40~49,office,seoul,0,0,0,0,9,0,0,17,0,0,abandoned
47656,U7660,2025-05-13 13:43:00,2025-05-13 13:49:00,M,20~29,office,seoul,0,0,0,0,3,0,0,14,0,0,completed
47657,U7661,2025-11-05 12:09:00,2025-11-05 12:12:00,F,50+,office,seoul,0,0,0,0,6,0,0,75,0,0,completed
47658,U7662,2025-06-09 07:33:00,2025-06-09 07:38:00,M,20~29,office,seoul,0,0,0,0,19,0,0,56,0,0,completed
47659,U7663,2025-03-06 20:24:00,2025-03-06 20:28:00,F,20~29,office,seoul,0,0,0,0,20,0,0,45,0,0,completed
47660,U7664,2025-06-27 20:03:00,2025-06-27 20:09:00,M,50+,office,seoul,0,0,0,0,17,0,0,53,0,0,completed
47661,U7665,2025-12-01 12:44:00,2025-12-01 12:47:00,M,30~39,office,seoul,0,0,0,0,26,0,0,18,0,0,completed
47662,U7666,2025-10-05 12:14:00,2025-10-05 12:17:00,M,40~49,office,seoul,1,0,0,0,21,0,0,59,0,0,completed
47663,U7667,2025-10-10 14:36:00,2025-10-10 14:43:00,F,50+,office,seoul,0,0,0,0,20,0,0,58,0,0,completed
47664,U7668,2025-02-10 13:07:00,2025-02-10 13:11:00,M,50+,office,seoul,0,0,0,0,27,0,0,24,0,0,completed
47665,U7669,2025-04-19 17:39:00,2025-04-19 17:46:00,M,40~49,office,seoul,1,0,0,0,22,0,0,45,0,0,completed
47666,U7670,2025-07-04 08:24:00,2025-07-04 08:28:00,F,30~39,office,seoul,0,0,0,0,6,0,0,69,0,0,completed
47667,U7671,2025-11-24 22:46:00,2025-11-24 22:53:00,F,30~39,office,seoul,0,0,0,0,23,0,0,56,0,0,completed
47668,U7672,2025-02-18 18:03:00,2025-02-18 18:05:00,F,20~29,office,seoul,0,0,0,0,12,0,0,51,0,0,completed
47669,U7673,2025-01-07 17:05:00,2025-01-07 17:09:00,F,20~29,office,seoul,0,0,0,0,7,0,0,48,0,0,completed
47670,U7674,2025-12-20 15:36:00,2025-12-20 15:40:00,F,40~49,office,seoul,1,0,0,0,21,0,0,24,0,0,completed
47671,U7675,2025-05-15 08:52:00,2025-05-15 08:57:00,M,40~49,office,seoul,0,0,0,0,27,0,0,69,0,0,completed
47672,U7676,2025-07-23 17:19:00,2025-07-23 17:23:00,M,50+,office,seoul,0,0,0,0,27,0,0,42,0,0,completed
47673,U7677,2025-11-16 22:00:00,2025-11-16 22:07:00,F,20~29,office,seoul,1,0,0,0,22,0,0,30,0,0,completed
47674,U7678,2025-07-09 07:11:00,2025-07-09 07:13:00,M,50+,office,seoul,0,0,0,0,24,0,0,33,0,0,completed
47675,U7679,2025-05-25 13:53:00,2025-05-25 14:00:00,M,20~29,office,seoul,1,0,0,0,4,0,0,63,0,0,completed
47676,U7680,2025-12-12 13:01:00,2025-12-12 13:04:00,F,30~39,office,seoul,0,0,0,0,20,0,0,76,0,0,completed
47677,U7681,2025-11-18 08:57:00,2025-11-18 08:59:00,M,40~49,office,seoul,0,0,0,0,4,0,0,38,0,0,completed
47678,U7682,2025-09-28 13:46:00,2025-09-28 13:50:00,F,40~49,office,seoul,1,0,0,0,28,0,0,76,0,0,completed
47679,U7683,2025-04-20 09:15:00,2025-04-20 09:19:00,F,30~39,office,seoul,1,0,0,0,14,0,0,19,0,0,completed
47680,U7684,2025-11-05 18:54:00,2025-11-05 18:59:00,F,20~29,office,seoul,0,0,0,0,14,0,0,17,0,0,completed
47681,U7685,2025-09-27 12:30:00,2025-09-27 12:37:00,F,20~29,office,seoul,1,0,0,0,27,0,0,20,0,0,completed
47682,U7686,2025-01-05 16:38:00,2025-01-05 16:43:00,M,20~29,office,seoul,1,0,0,0,23,0,0,71,0,0,completed
47683,U7687,2025-09-30 16:20:00,2025-09-30 16:26:00,F,20~29,office,seoul,0,0,0,0,21,0,0,33,0,0,completed
47684,U7688,2025-01-23 15:34:00,2025-01-23 15:41:00,M,20~29,office,seoul,0,0,0,0,6,0,0,76,0,0,completed
47685,U7689,2025-02-20 12:22:00,2025-02-20 12:25:00,F,30~39,office,seoul,0,0,0,0,18,0,0,74,0,0,completed
47686,U7690,2025-08-18 18:55:00,2025-08-18 19:01:00,F,30~39,office,seoul,0,0,0,0,11,0,0,17,0,0,abandoned
47687,U7691,2025-02-07 09:11:00,2025-02-07 09:17:00,F,40~49,office,seoul,0,0,0,0,10,0,0,28,0,0,completed
47688,U7692,2025-11-17 14:18:00,2025-11-17 14:24:00,F,40~49,office,seoul,0,0,0,0,28,0,0,38,0,0,completed
47689,U7693,2025-02-24 17:27:00,2025-02-24 17:33:00,M,20~29,office,seoul,0,0,0,0,24,0,0,34,0,0,completed
47690,U7694,2025-05-23 15:56:00,2025-05-23 16:03:00,F,20~29,office,seoul,0,0,0,0,14,0,0,67,0,0,completed
47691,U7695,2025-07-02 13:25:00,2025-07-02 13:29:00,M,50+,office,seoul,0,0,0,0,3,0,0,42,0,0,completed
47692,U7696,2025-05-05 12:54:00,2025-05-05 12:57:00,M,30~39,office,seoul,0,0,0,0,1,0,0,79,0,1,completed
47693,U7697,2025-05-28 12:34:00,2025-05-28 12:36:00,F,20~29,office,seoul,0,0,0,0,22,0,0,33,0,0,completed
47694,U7698,2025-07-09 08:45:00,2025-07-09 08:47:00,F,50+,office,seoul,0,0,0,0,11,0,0,26,0,0,completed
47695,U7699,2025-02-06 12:51:00,2025-02-06 12:54:00,F,50+,office,seoul,0,0,0,0,13,0,0,51,0,0,completed
47696,U7700,2025-04-23 20:00:00,2025-04-23 20:02:00,F,30~39,office,seoul,0,0,0,0,7,0,0,25,0,0,completed
47697,U7701,2025-02-25 12:26:00,2025-02-25 12:29:00,M,40~49,office,seoul,0,0,0,0,23,0,0,14,0,0,completed
47698,U7702,2025-03-31 12:11:00,2025-03-31 12:15:00,M,40~49,office,seoul,0,0,0,0,26,0,0,54,0,0,completed
47699,U7703,2025-01-09 11:08:00,2025-01-09 11:10:00,F,20~29,office,seoul,0,0,0,0,10,0,0,61,0,0,completed
47700,U7704,2025-02-04 18:33:00,2025-02-04 18:39:00,F,50+,office,seoul,0,0,0,0,14,0,0,63,0,0,abandoned
47701,U7705,2025-04-03 14:57:00,2025-04-03 14:59:00,F,50+,office,seoul,0,0,0,0,0,0,0,28,1,0,completed
47702,U7706,2025-03-12 16:46:00,2025-03-12 16:50:00,M,30~39,office,seoul,0,0,0,0,29,0,0,63,0,0,completed
47703,U7707,2025-02-14 11:15:00,2025-02-14 11:19:00,F,50+,office,seoul,0,0,0,0,29,0,0,54,0,0,completed
47704,U7708,2025-07-20 11:43:00,2025-07-20 11:46:00,F,20~29,office,seoul,1,0,0,0,7,0,0,32,0,0,completed
47705,U7709,2025-03-19 18:54:00,2025-03-19 18:56:00,F,40~49,office,seoul,0,0,0,0,27,0,0,35,0,0,completed
47706,U7710,2025-05-22 15:40:00,2025-05-22 15:45:00,F,50+,office,seoul,0,0,0,0,17,0,0,61,1,0,completed
47707,U7711,2025-10-31 08:18:00,2025-10-31 08:20:00,F,30~39,office,seoul,0,0,0,0,5,0,0,45,0,0,completed
47708,U7712,2025-05-01 15:03:00,2025-05-01 15:06:00,F,30~39,office,seoul,0,0,0,0,7,0,0,18,0,0,completed
47709,U7713,2025-06-14 18:57:00,2025-06-14 18:59:00,M,40~49,office,seoul,1,0,0,0,29,0,0,30,0,0,completed
47710,U7714,2025-12-25 20:23:00,2025-12-25 20:30:00,M,20~29,office,seoul,0,0,0,0,5,0,0,61,0,0,completed
47711,U7715,2025-10-30 18:49:00,2025-10-30 18:54:00,M,30~39,office,seoul,0,0,0,0,8,0,0,52,0,0,completed
47712,U7716,2025-07-15 12:45:00,2025-07-15 12:47:00,M,40~49,office,seoul,0,0,0,0,7,0,0,79,0,0,completed
47713,U7717,2025-07-09 16:44:00,2025-07-09 16:46:00,F,50+,office,seoul,0,0,0,0,21,0,0,19,0,0,error
47714,U7718,2025-09-06 20:02:00,2025-09-06 20:08:00,F,50+,office,seoul,1,0,0,0,11,0,0,18,1,0,completed
47715,U7719,2025-08-06 11:42:00,2025-08-06 11:46:00,F,30~39,office,seoul,0,0,0,0,10,0,0,65,0,0,timeout
47716,U7720,2025-03-28 18:54:00,2025-03-28 19:00:00,M,50+,office,seoul,0,0,0,0,19,0,0,23,0,0,completed
47717,U7721,2025-12-27 16:52:00,2025-12-27 16:56:00,M,20~29,office,seoul,1,0,0,0,15,0,0,67,0,0,completed
47718,U7722,2025-02-13 19:48:00,2025-02-13 19:55:00,M,30~39,office,seoul,0,0,0,0,7,0,0,44,0,0,error
47719,U7723,2025-08-14 07:48:00,2025-08-14 07:53:00,M,20~29,office,seoul,0,0,0,0,23,0,0,62,0,0,completed
47720,U7724,2025-01-11 16:41:00,2025-01-11 16:47:00,F,40~49,office,seoul,1,0,0,0,3,0,0,78,0,0,completed
47721,U7725,2025-05-02 08:10:00,2025-05-02 08:14:00,F,40~49,office,seoul,0,0,0,0,25,0,0,27,0,0,completed
47722,U7726,2025-01-30 14:41:00,2025-01-30 14:44:00,F,40~49,office,seoul,0,0,0,0,26,0,0,56,0,0,completed
47723,U7727,2025-07-02 08:12:00,2025-07-02 08:15:00,F,40~49,office,seoul,0,0,0,0,14,0,0,28,0,0,completed
47724,U7728,2025-02-21 16:14:00,2025-02-21 16:17:00,M,20~29,office,seoul,0,0,0,0,21,0,0,37,0,0,abandoned
47725,U7729,2025-02-23 14:34:00,2025-02-23 14:39:00,M,20~29,office,seoul,1,0,0,0,18,0,0,73,0,0,timeout
47726,U7730,2025-12-26 19:58:00,2025-12-26 20:05:00,M,50+,office,seoul,0,0,0,0,20,0,0,63,0,0,timeout
47727,U7731,2025-04-04 12:55:00,2025-04-04 12:57:00,F,50+,office,seoul,0,0,0,0,29,0,0,49,0,0,completed
47728,U7732,2025-11-02 18:57:00,2025-11-02 19:03:00,F,50+,office,seoul,1,0,0,0,2,0,0,27,1,0,completed
47729,U7733,2025-01-31 14:14:00,2025-01-31 14:21:00,F,20~29,office,seoul,0,0,0,0,23,0,0,42,0,0,completed
47730,U7734,2025-07-09 19:02:00,2025-07-09 19:06:00,M,30~39,office,seoul,0,0,0,0,24,0,0,47,0,0,completed
47731,U7735,2025-03-23 08:54:00,2025-03-23 08:57:00,M,40~49,office,seoul,1,0,0,0,5,0,0,76,0,0,completed
47732,U7736,2025-12-10 16:03:00,2025-12-10 16:08:00,M,30~39,office,seoul,0,0,0,0,13,0,0,72,1,0,completed
47733,U7737,2025-03-25 15:36:00,2025-03-25 15:38:00,F,40~49,office,seoul,0,0,0,0,11,0,0,20,0,0,completed
47734,U7738,2025-04-17 07:35:00,2025-04-17 07:38:00,M,40~49,office,seoul,0,0,0,0,12,0,0,48,0,0,completed
47735,U7739,2025-04-26 08:45:00,2025-04-26 08:47:00,M,20~29,office,seoul,1,0,0,0,0,0,0,39,0,0,completed
47736,U7740,2025-11-15 17:52:00,2025-11-15 17:59:00,F,50+,office,seoul,1,0,0,0,20,0,0,41,0,0,abandoned
47737,U7741,2025-08-17 16:11:00,2025-08-17 16:16:00,M,30~39,office,seoul,1,0,0,0,17,0,0,26,0,0,completed
47738,U7742,2025-09-10 15:03:00,2025-09-10 15:08:00,F,50+,office,seoul,0,0,0,0,18,0,0,23,0,1,completed
47739,U7743,2025-08-11 09:50:00,2025-08-11 09:52:00,F,20~29,office,seoul,0,0,0,0,28,0,0,66,0,0,completed
47740,U7744,2025-10-01 09:34:00,2025-10-01 09:41:00,M,20~29,office,seoul,0,0,0,0,5,0,0,37,0,0,completed
47741,U7745,2025-02-22 20:11:00,2025-02-22 20:16:00,M,20~29,office,seoul,1,0,0,0,7,0,0,65,0,0,completed
47742,U7746,2025-11-08 18:25:00,2025-11-08 18:29:00,M,30~39,office,seoul,1,0,0,0,24,0,0,39,0,0,completed
47743,U7747,2025-02-27 08:23:00,2025-02-27 08:26:00,F,30~39,office,seoul,0,0,0,0,14,0,0,26,0,0,completed
47744,U7748,2025-01-27 12:01:00,2025-01-27 12:03:00,F,20~29,office,seoul,0,0,0,0,23,0,0,40,0,0,completed
47745,U7749,2025-06-17 11:18:00,2025-06-17 11:25:00,M,40~49,office,seoul,0,0,0,0,20,0,0,13,0,0,completed
47746,U7750,2025-12-01 16:16:00,2025-12-01 16:23:00,F,40~49,office,seoul,0,0,0,0,15,0,0,68,0,0,completed
47747,U7751,2025-11-12 09:07:00,2025-11-12 09:10:00,F,50+,office,seoul,0,0,0,0,4,0,0,50,0,0,completed
47748,U7752,2025-03-30 16:29:00,2025-03-30 16:34:00,M,30~39,office,seoul,1,0,0,0,19,0,0,76,0,0,completed
47749,U7753,2025-10-27 15:12:00,2025-10-27 15:15:00,F,40~49,office,seoul,0,0,0,0,16,0,0,12,1,0,completed
47750,U7754,2025-12-14 14:10:00,2025-12-14 14:13:00,F,40~49,office,seoul,1,0,0,0,5,0,0,38,0,0,completed
47751,U7755,2025-10-22 08:47:00,2025-10-22 08:51:00,F,20~29,office,seoul,0,0,0,0,14,0,0,49,0,0,completed
47752,U7756,2025-05-31 17:07:00,2025-05-31 17:10:00,F,40~49,office,seoul,1,0,0,0,20,0,0,71,0,0,completed
47753,U7757,2025-05-28 09:30:00,2025-05-28 09:34:00,M,20~29,office,seoul,0,0,0,0,4,0,0,39,0,0,completed
47754,U7758,2025-05-20 19:28:00,2025-05-20 19:30:00,M,40~49,office,seoul,0,0,0,0,0,0,0,73,0,0,completed
47755,U7759,2025-05-31 14:56:00,2025-05-31 15:01:00,F,20~29,office,seoul,1,0,0,0,21,0,0,20,0,0,completed
47756,U7760,2025-06-06 22:36:00,2025-06-06 22:41:00,F,40~49,office,seoul,0,0,0,0,1,0,0,18,0,0,completed
47757,U7761,2025-01-09 09:29:00,2025-01-09 09:35:00,F,20~29,office,seoul,0,0,0,0,20,0,0,71,0,0,completed
47758,U7762,2025-12-31 11:35:00,2025-12-31 11:39:00,F,30~39,office,seoul,0,0,0,0,5,0,0,67,0,0,completed
47759,U7763,2025-07-01 22:19:00,2025-07-01 22:24:00,F,20~29,office,seoul,0,0,0,0,25,0,0,38,0,0,completed
47760,U7764,2025-04-21 12:06:00,2025-04-21 12:12:00,F,30~39,office,seoul,0,0,0,0,8,0,0,66,0,0,completed
47761,U7765,2025-06-09 21:13:00,2025-06-09 21:16:00,M,50+,office,seoul,0,0,0,0,12,0,0,11,1,0,completed
47762,U7766,2025-09-05 12:13:00,2025-09-05 12:18:00,F,30~39,office,seoul,0,0,0,0,27,0,0,64,0,0,abandoned
47763,U7767,2025-09-04 16:15:00,2025-09-04 16:18:00,F,50+,office,seoul,0,0,0,0,26,0,0,33,0,0,timeout
47764,U7768,2025-06-28 08:55:00,2025-06-28 08:58:00,M,30~39,office,seoul,1,0,0,0,24,0,0,62,0,0,abandoned
47765,U7769,2025-05-18 17:23:00,2025-05-18 17:30:00,M,40~49,office,seoul,1,0,0,0,25,0,0,77,0,0,completed
47766,U7770,2025-12-25 14:48:00,2025-12-25 14:50:00,M,20~29,office,seoul,0,0,0,0,16,0,0,18,0,0,completed
47767,U7771,2025-12-15 15:01:00,2025-12-15 15:06:00,M,40~49,office,seoul,0,0,0,0,13,0,0,36,1,0,error
47768,U7772,2025-04-11 12:59:00,2025-04-11 13:04:00,F,20~29,office,seoul,0,0,0,0,8,0,0,34,0,0,completed
47769,U7773,2025-08-26 16:01:00,2025-08-26 16:07:00,M,20~29,office,seoul,0,0,0,0,16,0,0,47,0,0,completed
47770,U7774,2025-09-28 19:35:00,2025-09-28 19:37:00,M,50+,office,seoul,1,0,0,0,14,0,0,39,0,0,completed
47771,U7775,2025-05-03 15:07:00,2025-05-03 15:10:00,F,30~39,office,seoul,1,0,0,0,4,0,0,10,0,0,completed
47772,U7776,2025-10-10 13:42:00,2025-10-10 13:44:00,M,30~39,office,seoul,0,0,0,0,4,0,0,37,0,0,completed
47773,U7777,2025-08-24 15:44:00,2025-08-24 15:49:00,M,30~39,office,seoul,1,0,0,0,28,0,0,78,0,0,completed
47774,U7778,2025-07-31 11:59:00,2025-07-31 12:03:00,M,30~39,office,seoul,0,0,0,0,2,0,0,77,0,0,completed
47775,U7779,2025-02-17 09:22:00,2025-02-17 09:29:00,F,40~49,office,seoul,0,0,0,0,7,0,0,15,0,0,completed
47776,U7780,2025-12-22 11:44:00,2025-12-22 11:50:00,M,50+,office,seoul,0,0,0,0,9,0,0,60,1,0,completed
47777,U7781,2025-06-13 19:42:00,2025-06-13 19:47:00,M,40~49,office,seoul,0,0,0,0,11,0,0,10,0,0,completed
47778,U7782,2025-01-11 16:39:00,2025-01-11 16:44:00,F,30~39,office,seoul,1,0,0,0,18,0,0,31,0,0,completed
47779,U7783,2025-11-28 12:21:00,2025-11-28 12:27:00,M,20~29,office,seoul,0,0,0,0,13,0,0,67,0,1,completed
47780,U7784,2025-07-16 15:13:00,2025-07-16 15:18:00,M,50+,office,seoul,0,0,0,0,15,0,0,64,0,1,completed
47781,U7785,2025-01-02 14:22:00,2025-01-02 14:28:00,F,30~39,office,seoul,0,0,0,0,28,0,0,28,0,0,completed
47782,U7786,2025-04-23 22:26:00,2025-04-23 22:32:00,F,40~49,office,seoul,0,0,0,0,14,0,0,21,0,0,completed
47783,U7787,2025-06-30 08:46:00,2025-06-30 08:51:00,F,50+,office,seoul,0,0,0,0,25,0,0,33,0,0,abandoned
47784,U7788,2025-07-30 13:40:00,2025-07-30 13:47:00,M,30~39,office,seoul,0,0,0,0,9,0,0,22,0,0,completed
47785,U7789,2025-01-07 14:43:00,2025-01-07 14:45:00,F,20~29,office,seoul,0,0,0,0,2,0,0,26,0,0,completed
47786,U7790,2025-11-12 11:07:00,2025-11-12 11:11:00,F,30~39,office,seoul,0,0,0,0,25,0,0,20,0,0,completed
47787,U7791,2025-08-25 15:36:00,2025-08-25 15:38:00,F,30~39,office,seoul,0,0,0,0,4,0,0,37,0,0,completed
47788,U7792,2025-01-06 14:42:00,2025-01-06 14:47:00,F,20~29,office,seoul,0,0,0,0,17,0,0,22,0,0,completed
47789,U7793,2025-10-26 11:13:00,2025-10-26 11:16:00,M,40~49,office,seoul,1,0,0,0,17,0,0,28,0,0,completed
47790,U7794,2025-01-31 09:50:00,2025-01-31 09:53:00,F,20~29,office,seoul,0,0,0,0,28,0,0,77,0,0,completed
47791,U7795,2025-09-16 15:48:00,2025-09-16 15:55:00,M,50+,office,seoul,0,0,0,0,9,0,0,29,0,0,completed
47792,U7796,2025-12-13 08:22:00,2025-12-13 08:25:00,M,40~49,office,seoul,1,0,0,0,0,0,0,28,0,0,completed
47793,U7797,2025-12-22 18:35:00,2025-12-22 18:42:00,F,20~29,office,seoul,0,0,0,0,29,0,0,30,0,0,completed
47794,U7798,2025-12-25 17:39:00,2025-12-25 17:44:00,F,20~29,office,seoul,0,0,0,0,12,0,0,72,0,0,completed
47795,U7799,2025-07-05 16:00:00,2025-07-05 16:06:00,M,40~49,office,seoul,1,0,0,0,20,0,0,41,0,0,completed
47796,U7800,2025-11-16 07:39:00,2025-11-16 07:41:00,M,50+,office,seoul,1,0,0,0,26,0,0,52,0,0,completed
47797,U7801,2025-02-27 16:10:00,2025-02-27 16:16:00,F,40~49,office,seoul,0,0,0,0,24,0,0,51,0,0,completed
47798,U7802,2025-01-02 17:19:00,2025-01-02 17:21:00,F,50+,office,seoul,0,0,0,0,18,0,0,25,0,0,completed
47799,U7803,2025-07-04 13:20:00,2025-07-04 13:25:00,F,30~39,office,seoul,0,0,0,0,26,0,0,34,0,0,completed
47800,U7804,2025-06-28 11:00:00,2025-06-28 11:04:00,F,30~39,office,seoul,1,0,0,0,27,0,0,30,0,0,completed
47801,U7805,2025-02-15 13:17:00,2025-02-15 13:23:00,F,40~49,office,seoul,1,0,0,0,26,0,0,54,0,0,completed
47802,U7806,2025-02-19 18:37:00,2025-02-19 18:40:00,M,20~29,office,seoul,0,0,0,0,25,0,0,39,0,0,completed
47803,U7807,2025-09-07 16:17:00,2025-09-07 16:22:00,M,20~29,office,seoul,1,0,0,0,16,0,0,36,0,0,completed
47804,U7808,2025-08-22 16:39:00,2025-08-22 16:44:00,F,50+,office,seoul,0,0,0,0,10,0,0,73,0,0,completed
47805,U7809,2025-03-05 19:38:00,2025-03-05 19:43:00,M,50+,office,seoul,0,0,0,0,26,0,0,63,0,0,completed
47806,U7810,2025-10-21 16:40:00,2025-10-21 16:42:00,M,20~29,office,seoul,0,0,0,0,2,0,0,15,0,0,completed
47807,U7811,2025-03-18 11:17:00,2025-03-18 11:19:00,F,30~39,office,seoul,0,0,0,0,18,0,0,58,0,0,completed
47808,U7812,2025-11-24 14:52:00,2025-11-24 14:56:00,F,20~29,office,seoul,0,0,0,0,19,0,0,75,0,0,completed
47809,U7813,2025-07-10 17:48:00,2025-07-10 17:55:00,F,20~29,office,seoul,0,0,0,0,5,0,0,71,0,0,completed
47810,U7814,2025-02-12 18:28:00,2025-02-12 18:35:00,M,40~49,office,seoul,0,0,0,0,17,0,0,21,0,0,completed
47811,U7815,2025-12-22 16:08:00,2025-12-22 16:11:00,F,50+,office,seoul,0,0,0,0,9,0,0,73,0,1,completed
47812,U7816,2025-09-10 08:28:00,2025-09-10 08:32:00,M,30~39,office,seoul,0,0,0,0,22,0,0,77,0,0,completed
47813,U7817,2025-04-02 09:27:00,2025-04-02 09:32:00,M,20~29,office,seoul,0,0,0,0,12,0,0,68,0,0,completed
47814,U7818,2025-10-15 14:20:00,2025-10-15 14:24:00,F,50+,office,seoul,0,0,0,0,13,0,0,61,0,0,completed
47815,U7819,2025-04-16 13:23:00,2025-04-16 13:27:00,F,40~49,office,seoul,0,0,0,0,15,0,0,28,1,0,completed
47816,U7820,2025-07-31 09:33:00,2025-07-31 09:38:00,F,20~29,office,seoul,0,0,0,0,23,0,0,32,0,0,completed
47817,U7821,2025-07-25 16:44:00,2025-07-25 16:47:00,M,20~29,office,seoul,0,0,0,0,25,0,0,22,0,0,completed
47818,U7822,2025-12-01 09:58:00,2025-12-01 10:03:00,M,50+,office,seoul,0,0,0,0,8,0,0,60,0,0,completed
47819,U7823,2025-05-14 09:10:00,2025-05-14 09:17:00,M,40~49,office,seoul,0,0,0,0,20,0,0,77,0,0,completed
47820,U7824,2025-08-20 14:33:00,2025-08-20 14:37:00,F,30~39,office,seoul,0,0,0,0,20,0,0,68,0,0,completed
47821,U7825,2025-02-21 07:48:00,2025-02-21 07:51:00,F,50+,office,seoul,0,0,0,0,18,0,0,27,1,0,completed
47822,U7826,2025-06-08 13:27:00,2025-06-08 13:30:00,M,30~39,office,seoul,1,0,0,0,23,0,0,43,0,0,completed
47823,U7827,2025-05-25 12:05:00,2025-05-25 12:11:00,M,20~29,office,seoul,1,0,0,0,25,0,0,18,0,0,completed
47824,U7828,2025-01-07 14:39:00,2025-01-07 14:44:00,M,30~39,office,seoul,0,0,0,0,14,0,0,76,0,0,completed
47825,U7829,2025-08-21 15:36:00,2025-08-21 15:40:00,F,20~29,office,seoul,0,0,0,0,21,0,0,50,0,0,completed
47826,U7830,2025-04-24 12:22:00,2025-04-24 12:28:00,F,40~49,office,seoul,0,0,0,0,11,0,0,58,0,0,completed
47827,U7831,2025-05-22 14:03:00,2025-05-22 14:10:00,F,20~29,office,seoul,0,0,0,0,24,0,0,14,0,0,completed
47828,U7832,2025-12-15 16:17:00,2025-12-15 16:20:00,M,40~49,office,seoul,0,0,0,0,2,0,0,50,0,0,completed
47829,U7833,2025-10-22 15:03:00,2025-10-22 15:08:00,F,50+,office,seoul,0,0,0,0,0,0,0,77,1,0,completed
47830,U7834,2025-07-09 15:05:00,2025-07-09 15:10:00,M,30~39,office,seoul,0,0,0,0,19,0,0,29,0,0,completed
47831,U7835,2025-06-30 11:46:00,2025-06-30 11:51:00,M,50+,office,seoul,0,0,0,0,25,0,0,69,0,0,completed
47832,U7836,2025-05-27 17:09:00,2025-05-27 17:11:00,F,20~29,office,seoul,0,0,0,0,9,0,0,71,0,0,abandoned
47833,U7837,2025-11-24 09:15:00,2025-11-24 09:19:00,F,30~39,office,seoul,0,0,0,0,7,0,0,26,0,0,completed
47834,U7838,2025-03-29 16:03:00,2025-03-29 16:06:00,M,20~29,office,seoul,1,0,0,0,20,0,0,49,0,0,completed
47835,U7839,2025-03-12 14:45:00,2025-03-12 14:49:00,F,40~49,office,seoul,0,0,0,0,17,0,0,46,0,0,completed
47836,U7840,2025-02-28 16:20:00,2025-02-28 16:26:00,M,40~49,office,seoul,0,0,0,0,3,0,0,65,0,0,completed
47837,U7841,2025-03-24 17:41:00,2025-03-24 17:45:00,M,50+,office,seoul,0,0,0,0,3,0,0,12,0,0,completed
47838,U7842,2025-07-31 20:40:00,2025-07-31 20:44:00,M,40~49,office,seoul,0,0,0,0,10,0,0,77,0,0,completed
47839,U7843,2025-09-21 17:07:00,2025-09-21 17:12:00,F,20~29,office,seoul,1,0,0,0,21,0,0,56,0,0,completed
47840,U7844,2025-01-21 12:37:00,2025-01-21 12:43:00,F,40~49,office,seoul,0,0,0,0,25,0,0,73,0,0,completed
47841,U7845,2025-03-03 18:04:00,2025-03-03 18:08:00,F,20~29,office,seoul,0,0,0,0,2,0,0,70,0,0,completed
47842,U7846,2025-06-05 16:50:00,2025-06-05 16:57:00,M,50+,office,seoul,0,0,0,0,23,0,0,10,0,0,completed
47843,U7847,2025-07-05 09:41:00,2025-07-05 09:46:00,F,40~49,office,seoul,1,0,0,0,15,0,0,32,0,0,completed
47844,U7848,2025-11-24 20:50:00,2025-11-24 20:57:00,F,30~39,office,seoul,0,0,0,0,18,0,0,10,0,0,completed
47845,U7849,2025-04-03 07:44:00,2025-04-03 07:48:00,F,50+,office,seoul,0,0,0,0,22,0,0,41,1,0,completed
47846,U7850,2025-10-22 14:09:00,2025-10-22 14:15:00,M,50+,office,seoul,0,0,0,0,12,0,0,68,0,0,completed
47847,U7851,2025-09-14 11:59:00,2025-09-14 12:02:00,M,30~39,office,seoul,1,0,0,0,25,0,0,58,0,0,completed
47848,U7852,2025-11-18 12:57:00,2025-11-18 13:02:00,F,20~29,office,seoul,0,0,0,0,11,0,0,61,0,0,completed
47849,U7853,2025-03-11 18:25:00,2025-03-11 18:30:00,F,20~29,office,seoul,0,0,0,0,6,0,0,17,0,0,completed
47850,U7854,2025-07-08 07:12:00,2025-07-08 07:19:00,M,20~29,office,seoul,0,0,0,0,27,0,0,77,0,0,completed
47851,U7855,2025-04-18 15:47:00,2025-04-18 15:53:00,F,40~49,office,seoul,0,0,0,0,25,0,0,32,0,0,completed
47852,U7856,2025-02-06 08:47:00,2025-02-06 08:49:00,F,20~29,office,seoul,0,0,0,0,4,0,0,20,0,0,completed
47853,U7857,2025-02-06 19:39:00,2025-02-06 19:42:00,M,30~39,office,seoul,0,0,0,0,13,0,0,46,1,0,abandoned
47854,U7858,2025-10-28 13:49:00,2025-10-28 13:52:00,F,40~49,office,seoul,0,0,0,0,21,0,0,31,0,0,completed
47855,U7859,2025-07-20 16:56:00,2025-07-20 17:00:00,M,20~29,office,seoul,1,0,0,0,27,0,0,65,0,0,completed
47856,U7860,2025-04-15 13:36:00,2025-04-15 13:41:00,F,40~49,office,seoul,0,0,0,0,16,0,0,22,0,0,completed
47857,U7861,2025-05-26 11:30:00,2025-05-26 11:37:00,M,50+,office,seoul,0,0,0,0,9,0,0,15,0,1,timeout
47858,U7862,2025-09-24 09:17:00,2025-09-24 09:20:00,F,30~39,office,seoul,0,0,0,0,16,0,0,22,0,0,completed
47859,U7863,2025-02-17 15:25:00,2025-02-17 15:28:00,F,50+,office,seoul,0,0,0,0,27,0,0,54,0,0,completed
47860,U7864,2025-01-03 16:45:00,2025-01-03 16:52:00,F,40~49,office,seoul,0,0,0,0,2,0,0,42,0,0,completed
47861,U7865,2025-02-10 17:55:00,2025-02-10 17:59:00,M,50+,office,seoul,0,0,0,0,5,0,0,67,0,0,completed
47862,U7866,2025-07-01 16:43:00,2025-07-01 16:48:00,F,20~29,office,seoul,0,0,0,0,3,0,0,77,0,0,completed
47863,U7867,2025-07-11 12:43:00,2025-07-11 12:48:00,F,20~29,office,seoul,0,0,0,0,9,0,0,59,0,0,completed
47864,U7868,2025-05-14 18:58:00,2025-05-14 19:01:00,F,20~29,office,seoul,0,0,0,0,7,0,0,29,0,0,completed
47865,U7869,2025-11-24 09:43:00,2025-11-24 09:47:00,M,20~29,office,seoul,0,0,0,0,9,0,0,16,0,0,completed
47866,U7870,2025-05-19 16:09:00,2025-05-19 16:14:00,F,40~49,office,seoul,0,0,0,0,22,0,0,56,0,0,completed
47867,U7871,2025-12-11 17:30:00,2025-12-11 17:34:00,F,40~49,office,seoul,0,0,0,0,1,0,0,73,0,0,completed
47868,U7872,2025-05-25 14:28:00,2025-05-25 14:31:00,F,20~29,office,seoul,1,0,0,0,14,0,0,78,0,0,completed
47869,U7873,2025-04-13 12:13:00,2025-04-13 12:16:00,F,40~49,office,seoul,1,0,0,0,29,0,0,16,0,0,abandoned
47870,U7874,2025-08-28 17:34:00,2025-08-28 17:36:00,F,30~39,office,seoul,0,0,0,0,28,0,0,79,0,0,completed
47871,U7875,2025-12-06 09:27:00,2025-12-06 09:34:00,M,40~49,office,seoul,1,0,0,0,5,0,0,24,0,0,abandoned
47872,U7876,2025-02-14 18:00:00,2025-02-14 18:07:00,F,30~39,office,seoul,0,0,0,0,29,0,0,54,0,0,completed
47873,U7877,2025-01-29 22:43:00,2025-01-29 22:48:00,M,50+,office,seoul,0,0,0,0,17,0,0,22,0,0,completed
47874,U7878,2025-05-25 09:17:00,2025-05-25 09:21:00,F,20~29,office,seoul,1,0,0,0,11,0,0,22,0,0,completed
47875,U7879,2025-12-02 08:51:00,2025-12-02 08:53:00,M,30~39,office,seoul,0,0,0,0,28,0,0,32,0,0,completed
47876,U7880,2025-03-27 14:53:00,2025-03-27 14:56:00,M,20~29,office,seoul,0,0,0,0,0,0,0,48,0,0,completed
47877,U7881,2025-11-20 09:07:00,2025-11-20 09:09:00,M,40~49,office,seoul,0,0,0,0,8,0,0,31,0,0,completed
47878,U7882,2025-10-02 15:22:00,2025-10-02 15:29:00,F,50+,office,seoul,0,0,0,0,0,0,0,74,0,0,completed
47879,U7883,2025-01-16 12:51:00,2025-01-16 12:56:00,F,30~39,office,seoul,0,0,0,0,29,0,0,62,0,0,completed
47880,U7884,2025-01-31 09:51:00,2025-01-31 09:58:00,F,20~29,office,seoul,0,0,0,0,3,0,0,14,0,0,completed
47881,U7885,2025-04-12 15:48:00,2025-04-12 15:54:00,M,30~39,office,seoul,1,0,0,0,17,0,0,76,0,0,completed
47882,U7886,2025-08-18 09:39:00,2025-08-18 09:45:00,M,30~39,office,seoul,0,0,0,0,0,0,0,77,0,0,completed
47883,U7887,2025-11-18 11:17:00,2025-11-18 11:24:00,M,20~29,office,seoul,0,0,0,0,24,0,0,76,0,0,completed
47884,U7888,2025-03-24 17:13:00,2025-03-24 17:20:00,F,40~49,office,seoul,0,0,0,0,17,0,0,58,0,0,completed
47885,U7889,2025-12-31 08:21:00,2025-12-31 08:24:00,M,20~29,office,seoul,0,0,0,0,9,0,0,79,0,0,completed
47886,U7890,2025-03-28 20:55:00,2025-03-28 20:57:00,F,20~29,office,seoul,0,0,0,0,6,0,0,45,0,0,completed
47887,U7891,2025-11-08 11:10:00,2025-11-08 11:12:00,M,20~29,office,seoul,1,0,0,0,7,0,0,24,0,0,completed
47888,U7892,2025-07-16 09:24:00,2025-07-16 09:26:00,F,50+,office,seoul,0,0,0,0,0,0,0,71,0,0,completed
47889,U7893,2025-12-18 16:40:00,2025-12-18 16:44:00,M,30~39,office,seoul,0,0,0,0,3,0,0,61,0,0,completed
47890,U7894,2025-08-20 15:26:00,2025-08-20 15:33:00,M,30~39,office,seoul,0,0,0,0,20,0,0,57,0,0,completed
47891,U7895,2025-03-06 16:44:00,2025-03-06 16:51:00,M,50+,office,seoul,0,0,0,0,12,0,0,34,0,0,completed
47892,U7896,2025-06-13 13:58:00,2025-06-13 14:02:00,M,20~29,office,seoul,0,0,0,0,26,0,0,60,0,0,completed
47893,U7897,2025-08-15 15:50:00,2025-08-15 15:53:00,F,20~29,office,seoul,0,0,0,0,13,0,0,14,0,0,completed
47894,U7898,2025-02-18 07:13:00,2025-02-18 07:17:00,F,20~29,office,seoul,0,0,0,0,22,0,0,45,0,0,completed
47895,U7899,2025-04-08 11:54:00,2025-04-08 11:59:00,F,30~39,office,seoul,0,0,0,0,2,0,0,68,0,0,completed
47896,U7900,2025-07-28 17:07:00,2025-07-28 17:14:00,M,50+,office,seoul,0,0,0,0,22,0,0,20,0,0,completed
47897,U7901,2025-03-04 18:09:00,2025-03-04 18:13:00,M,20~29,office,seoul,0,0,0,0,10,0,0,70,0,0,abandoned
47898,U7902,2025-04-04 16:30:00,2025-04-04 16:32:00,F,50+,office,seoul,0,0,0,0,25,0,0,56,1,0,completed
47899,U7903,2025-06-24 20:42:00,2025-06-24 20:46:00,F,20~29,office,seoul,0,0,0,0,26,0,0,62,0,0,completed
47900,U7904,2025-02-08 07:15:00,2025-02-08 07:20:00,F,30~39,office,seoul,1,0,0,0,5,0,0,34,0,0,abandoned
47901,U7905,2025-08-30 19:24:00,2025-08-30 19:27:00,F,30~39,office,seoul,1,0,0,0,7,0,0,20,0,0,completed
47902,U7906,2025-05-05 17:19:00,2025-05-05 17:23:00,M,50+,office,seoul,0,0,0,0,29,0,0,50,0,0,completed
47903,U7907,2025-03-04 09:49:00,2025-03-04 09:56:00,F,30~39,office,seoul,0,0,0,0,10,0,0,32,0,0,timeout
47904,U7908,2025-10-31 15:29:00,2025-10-31 15:32:00,F,40~49,office,seoul,0,0,0,0,29,0,0,52,0,0,completed
47905,U7909,2025-01-28 18:23:00,2025-01-28 18:27:00,F,20~29,office,seoul,0,0,0,0,1,0,0,49,0,0,completed
47906,U7910,2025-06-21 16:19:00,2025-06-21 16:22:00,F,40~49,office,seoul,1,0,0,0,19,0,0,13,0,0,completed
47907,U7911,2025-06-30 13:47:00,2025-06-30 13:53:00,M,50+,office,seoul,0,0,0,0,6,0,0,74,0,0,completed
47908,U7912,2025-10-31 14:11:00,2025-10-31 14:18:00,F,20~29,office,seoul,0,0,0,0,11,0,0,27,0,0,abandoned
47909,U7913,2025-04-01 17:40:00,2025-04-01 17:47:00,F,20~29,office,seoul,0,0,0,0,25,0,0,24,0,0,completed
47910,U7914,2025-06-13 12:05:00,2025-06-13 12:11:00,M,30~39,office,seoul,0,0,0,0,6,0,0,33,0,0,completed
47911,U7915,2025-10-09 20:24:00,2025-10-09 20:30:00,M,20~29,office,seoul,0,0,0,0,24,0,0,57,0,0,timeout
47912,U7916,2025-01-23 12:05:00,2025-01-23 12:08:00,M,50+,office,seoul,0,0,0,0,14,0,0,55,0,0,timeout
47913,U7917,2025-08-16 09:19:00,2025-08-16 09:26:00,M,40~49,office,seoul,1,0,0,0,15,0,0,46,1,0,completed
47914,U7918,2025-09-09 12:06:00,2025-09-09 12:12:00,M,30~39,office,seoul,0,0,0,0,14,0,0,11,0,0,completed
47915,U7919,2025-10-11 15:26:00,2025-10-11 15:31:00,F,30~39,office,seoul,1,0,0,0,22,0,0,43,0,0,completed
47916,U7920,2025-03-26 22:13:00,2025-03-26 22:19:00,F,20~29,office,seoul,0,0,0,0,16,0,0,19,0,0,completed
47917,U7921,2025-06-29 14:10:00,2025-06-29 14:14:00,F,20~29,office,seoul,1,0,0,0,12,0,0,50,0,0,abandoned
47918,U7922,2025-10-02 13:08:00,2025-10-02 13:12:00,M,20~29,office,seoul,0,0,0,0,5,0,0,54,0,0,completed
47919,U7923,2025-03-23 12:32:00,2025-03-23 12:36:00,F,40~49,office,seoul,1,0,0,0,14,0,0,45,0,0,completed
47920,U7924,2025-12-05 07:14:00,2025-12-05 07:20:00,F,40~49,office,seoul,0,0,0,0,8,0,0,27,0,0,completed
47921,U7925,2025-06-04 09:34:00,2025-06-04 09:38:00,M,50+,office,seoul,0,0,0,0,25,0,0,16,0,0,completed
47922,U7926,2025-09-26 09:54:00,2025-09-26 09:59:00,M,40~49,office,seoul,0,0,0,0,1,0,0,33,0,0,completed
47923,U7927,2025-08-08 15:34:00,2025-08-08 15:39:00,F,40~49,office,seoul,0,0,0,0,10,0,0,17,0,0,completed
47924,U7928,2025-02-17 13:49:00,2025-02-17 13:54:00,F,30~39,office,seoul,0,0,0,0,21,0,0,75,0,0,completed
47925,U7929,2025-01-14 12:17:00,2025-01-14 12:20:00,M,20~29,office,seoul,0,0,0,0,5,0,0,53,0,0,completed
47926,U7930,2025-05-12 08:06:00,2025-05-12 08:09:00,F,30~39,office,seoul,0,0,0,0,26,0,0,53,0,0,completed
47927,U7931,2025-07-31 08:43:00,2025-07-31 08:47:00,M,30~39,office,seoul,0,0,0,0,29,0,0,48,0,0,completed
47928,U7932,2025-01-10 16:11:00,2025-01-10 16:18:00,F,20~29,office,seoul,0,0,0,0,12,0,0,60,0,0,completed
47929,U7933,2025-10-03 09:10:00,2025-10-03 09:17:00,M,20~29,office,seoul,0,0,0,0,22,0,0,46,0,0,completed
47930,U7934,2025-11-11 08:06:00,2025-11-11 08:12:00,M,30~39,office,seoul,0,0,0,0,12,0,0,75,0,0,completed
47931,U7935,2025-08-20 15:15:00,2025-08-20 15:18:00,M,20~29,office,seoul,0,0,0,0,25,0,0,56,0,0,completed
47932,U7936,2025-04-10 17:33:00,2025-04-10 17:39:00,F,40~49,office,seoul,0,0,0,0,15,0,0,45,0,0,timeout
47933,U7937,2025-01-28 16:52:00,2025-01-28 16:59:00,M,20~29,office,seoul,0,0,0,0,4,0,0,73,0,0,completed
47934,U7938,2025-08-24 19:46:00,2025-08-24 19:49:00,F,40~49,office,seoul,1,0,0,0,12,0,0,33,0,0,abandoned
47935,U7939,2025-11-20 09:50:00,2025-11-20 09:55:00,F,20~29,office,seoul,0,0,0,0,25,0,0,55,0,0,completed
47936,U7940,2025-06-21 14:54:00,2025-06-21 14:58:00,F,40~49,office,seoul,1,0,0,0,13,0,0,44,0,0,completed
47937,U7941,2025-02-26 14:38:00,2025-02-26 14:44:00,M,20~29,office,seoul,0,0,0,0,2,0,0,13,0,0,completed
47938,U7942,2025-11-15 15:10:00,2025-11-15 15:14:00,M,30~39,office,seoul,1,0,0,0,4,0,0,34,0,0,completed
47939,U7943,2025-04-17 19:41:00,2025-04-17 19:48:00,M,20~29,office,seoul,0,0,0,0,19,0,0,58,0,0,completed
47940,U7944,2025-01-09 12:05:00,2025-01-09 12:07:00,F,20~29,office,seoul,0,0,0,0,24,0,0,56,0,0,completed
47941,U7945,2025-09-04 11:48:00,2025-09-04 11:55:00,M,40~49,office,seoul,0,0,0,0,18,0,0,75,0,0,completed
47942,U7946,2025-03-14 15:45:00,2025-03-14 15:47:00,F,40~49,office,seoul,0,0,0,0,6,0,0,45,0,0,completed
47943,U7947,2025-11-08 22:39:00,2025-11-08 22:44:00,F,20~29,office,seoul,1,0,0,0,24,0,0,42,0,0,completed
47944,U7948,2025-02-17 20:28:00,2025-02-17 20:30:00,F,50+,office,seoul,0,0,0,0,11,0,0,19,0,1,abandoned
47945,U7949,2025-06-26 16:24:00,2025-06-26 16:29:00,F,50+,office,seoul,0,0,0,0,28,0,0,19,0,0,timeout
47946,U7950,2025-04-23 14:08:00,2025-04-23 14:10:00,M,50+,office,seoul,0,0,0,0,25,0,0,32,0,0,completed
47947,U7951,2025-05-26 09:30:00,2025-05-26 09:35:00,F,20~29,office,seoul,0,0,0,0,9,0,0,43,0,0,completed
47948,U7952,2025-01-04 15:54:00,2025-01-04 15:58:00,M,40~49,office,seoul,1,0,0,0,20,0,0,65,0,0,completed
47949,U7953,2025-08-03 17:49:00,2025-08-03 17:51:00,F,30~39,office,seoul,1,0,0,0,19,0,0,40,0,0,completed
47950,U7954,2025-08-31 18:19:00,2025-08-31 18:24:00,F,20~29,office,seoul,1,0,0,0,27,0,0,56,0,0,completed
47951,U7955,2025-01-11 15:56:00,2025-01-11 15:59:00,F,20~29,office,seoul,1,0,0,0,12,0,0,40,0,0,abandoned
47952,U7956,2025-04-10 14:59:00,2025-04-10 15:02:00,M,20~29,office,seoul,0,0,0,0,23,0,0,13,0,0,error
47953,U7957,2025-10-31 09:27:00,2025-10-31 09:32:00,F,20~29,office,seoul,0,0,0,0,18,0,0,57,0,0,error
47954,U7958,2025-06-22 14:11:00,2025-06-22 14:16:00,F,40~49,office,seoul,1,0,0,0,23,0,0,55,0,0,completed
47955,U7959,2025-04-01 07:39:00,2025-04-01 07:44:00,F,20~29,office,seoul,0,0,0,0,21,0,0,13,0,0,completed
47956,U7960,2025-11-17 17:06:00,2025-11-17 17:11:00,F,20~29,office,seoul,0,0,0,0,22,0,0,79,0,0,completed
47957,U7961,2025-04-11 14:15:00,2025-04-11 14:17:00,F,20~29,office,seoul,0,0,0,0,16,0,0,74,0,0,completed
47958,U7962,2025-07-08 14:53:00,2025-07-08 14:57:00,F,30~39,office,seoul,0,0,0,0,23,0,0,12,0,0,completed
47959,U7963,2025-08-09 13:02:00,2025-08-09 13:06:00,M,50+,office,seoul,1,0,0,0,0,0,0,71,0,0,abandoned
47960,U7964,2025-01-13 12:15:00,2025-01-13 12:20:00,M,30~39,office,seoul,0,0,0,0,9,0,0,35,0,0,completed
47961,U7965,2025-12-01 09:05:00,2025-12-01 09:12:00,F,30~39,office,seoul,0,0,0,0,6,0,0,41,0,0,completed
47962,U7966,2025-01-27 15:37:00,2025-01-27 15:40:00,M,40~49,office,seoul,0,0,0,0,5,0,0,37,0,0,completed
47963,U7967,2025-03-04 08:19:00,2025-03-04 08:26:00,F,30~39,office,seoul,0,0,0,0,28,0,0,58,0,0,completed
47964,U7968,2025-10-27 07:07:00,2025-10-27 07:12:00,F,50+,office,seoul,0,0,0,0,11,0,0,70,0,0,completed
47965,U7969,2025-01-12 08:24:00,2025-01-12 08:28:00,F,40~49,office,seoul,1,0,0,0,18,0,0,64,0,0,completed
47966,U7970,2025-10-05 16:42:00,2025-10-05 16:48:00,M,40~49,office,seoul,1,0,0,0,10,0,0,42,0,0,completed
47967,U7971,2025-03-21 09:20:00,2025-03-21 09:22:00,M,50+,office,seoul,0,0,0,0,18,0,0,56,0,0,completed
47968,U7972,2025-09-29 16:53:00,2025-09-29 16:58:00,M,30~39,office,seoul,0,0,0,0,8,0,0,19,1,0,completed
47969,U7973,2025-01-28 08:50:00,2025-01-28 08:56:00,F,20~29,office,seoul,0,0,0,0,27,0,0,27,0,0,abandoned
47970,U7974,2025-10-04 14:14:00,2025-10-04 14:19:00,F,20~29,office,seoul,1,0,0,0,24,0,0,28,0,0,completed
47971,U7975,2025-07-09 08:40:00,2025-07-09 08:42:00,F,20~29,office,seoul,0,0,0,0,23,0,0,52,0,0,completed
47972,U7976,2025-11-09 11:43:00,2025-11-09 11:49:00,M,50+,office,seoul,1,0,0,0,11,0,0,44,0,0,completed
47973,U7977,2025-07-14 11:34:00,2025-07-14 11:36:00,M,20~29,office,seoul,0,0,0,0,10,0,0,77,0,0,completed
47974,U7978,2025-07-06 14:55:00,2025-07-06 15:02:00,F,30~39,office,seoul,1,0,0,0,22,0,0,49,0,0,completed
47975,U7979,2025-11-13 08:09:00,2025-11-13 08:11:00,M,40~49,office,seoul,0,0,0,0,9,0,0,15,0,0,completed
47976,U7980,2025-11-04 09:26:00,2025-11-04 09:28:00,M,30~39,office,seoul,0,0,0,0,1,0,0,75,0,1,abandoned
47977,U7981,2025-08-28 09:07:00,2025-08-28 09:14:00,F,20~29,office,seoul,0,0,0,0,29,0,0,58,0,0,completed
47978,U7982,2025-09-25 09:04:00,2025-09-25 09:07:00,F,30~39,office,seoul,0,0,0,0,28,0,0,31,0,0,abandoned
47979,U7983,2025-06-09 15:54:00,2025-06-09 15:59:00,F,20~29,office,seoul,0,0,0,0,5,0,0,78,0,0,error
47980,U7984,2025-07-19 09:53:00,2025-07-19 09:56:00,F,30~39,office,seoul,1,0,0,0,26,0,0,37,0,0,completed
47981,U7985,2025-01-19 08:45:00,2025-01-19 08:49:00,M,20~29,office,seoul,1,0,0,0,0,0,0,27,0,0,completed
47982,U7986,2025-01-28 09:44:00,2025-01-28 09:46:00,M,20~29,office,seoul,0,0,0,0,21,0,0,28,0,0,completed
47983,U7987,2025-12-30 18:04:00,2025-12-30 18:10:00,M,40~49,office,seoul,0,0,0,0,22,0,0,53,0,0,completed
47984,U7988,2025-08-17 07:17:00,2025-08-17 07:20:00,F,20~29,office,seoul,1,0,0,0,25,0,0,68,0,0,completed
47985,U7989,2025-11-24 18:10:00,2025-11-24 18:15:00,F,20~29,office,seoul,0,0,0,0,1,0,0,54,0,0,timeout
47986,U7990,2025-01-26 16:33:00,2025-01-26 16:40:00,F,40~49,office,seoul,1,0,0,0,27,0,0,26,0,0,completed
47987,U7991,2025-04-24 16:07:00,2025-04-24 16:14:00,F,20~29,office,seoul,0,0,0,0,4,0,0,56,0,0,completed
47988,U7992,2025-06-05 19:24:00,2025-06-05 19:31:00,F,30~39,office,seoul,0,0,0,0,16,0,0,78,0,0,completed
47989,U7993,2025-07-14 09:54:00,2025-07-14 09:56:00,M,30~39,office,seoul,0,0,0,0,24,0,0,34,0,0,completed
47990,U7994,2025-09-18 22:18:00,2025-09-18 22:22:00,M,30~39,office,seoul,0,0,0,0,25,0,0,38,0,0,timeout
47991,U7995,2025-09-18 08:09:00,2025-09-18 08:16:00,M,40~49,office,seoul,0,0,0,0,26,0,0,30,0,0,completed
47992,U7996,2025-08-31 08:10:00,2025-08-31 08:12:00,F,30~39,office,seoul,1,0,0,0,20,0,0,45,0,0,completed
47993,U7997,2025-04-18 07:26:00,2025-04-18 07:28:00,F,30~39,office,seoul,0,0,0,0,21,0,0,43,0,0,completed
47994,U7998,2025-09-29 11:04:00,2025-09-29 11:09:00,F,50+,office,seoul,0,0,0,0,27,0,0,18,0,0,completed
47995,U7999,2025-02-24 22:23:00,2025-02-24 22:27:00,F,40~49,office,seoul,0,0,0,0,23,0,0,69,0,0,completed
47996,U8000,2025-11-22 22:23:00,2025-11-22 22:27:00,M,50+,office,seoul,1,0,0,0,8,0,0,68,0,0,completed
47997,U8001,2025-07-23 19:32:00,2025-07-23 19:35:00,F,30~39,office,seoul,0,0,0,0,15,0,0,18,0,0,completed
47998,U8002,2025-08-10 15:51:00,2025-08-10 15:58:00,M,20~29,office,seoul,1,0,0,0,15,0,0,14,0,0,completed
47999,U8003,2025-08-26 12:30:00,2025-08-26 12:32:00,M,30~39,office,seoul,0,0,0,0,25,0,0,25,0,0,completed
48000,U8004,2025-12-08 13:12:00,2025-12-08 13:19:00,F,30~39,office,seoul,0,0,0,0,6,0,0,25,0,0,completed
48001,U8005,2025-06-03 17:53:00,2025-06-03 17:57:00,F,50+,office,seoul,0,0,0,0,21,0,0,31,0,0,completed
48002,U8006,2025-01-26 14:42:00,2025-01-26 14:45:00,M,50+,office,seoul,1,0,0,0,29,0,0,25,0,0,completed
48003,U8007,2025-03-18 14:41:00,2025-03-18 14:47:00,F,50+,office,seoul,0,0,0,0,19,0,0,28,0,0,completed
48004,U8008,2025-04-27 22:34:00,2025-04-27 22:39:00,M,40~49,office,seoul,1,0,0,0,0,0,0,53,0,0,completed
48005,U8009,2025-05-14 08:13:00,2025-05-14 08:18:00,M,40~49,office,seoul,0,0,0,0,16,0,0,56,0,0,completed
48006,U8010,2025-07-28 20:37:00,2025-07-28 20:39:00,F,20~29,office,seoul,0,0,0,0,12,0,0,49,0,0,completed
48007,U8011,2025-11-05 11:54:00,2025-11-05 12:00:00,M,20~29,office,seoul,0,0,0,0,23,0,0,22,0,0,completed
48008,U8012,2025-06-21 09:48:00,2025-06-21 09:52:00,F,50+,office,seoul,1,0,0,0,13,0,0,64,0,0,completed
48009,U8013,2025-11-28 14:18:00,2025-11-28 14:20:00,F,30~39,office,seoul,0,0,0,0,17,0,0,77,0,0,completed
48010,U8014,2025-08-10 18:09:00,2025-08-10 18:13:00,M,40~49,office,seoul,1,0,0,0,26,0,0,39,0,0,completed
48011,U8015,2025-07-03 12:20:00,2025-07-03 12:25:00,M,50+,office,seoul,0,0,0,0,15,0,0,40,0,0,abandoned
48012,U8016,2025-08-09 12:04:00,2025-08-09 12:10:00,M,20~29,office,seoul,1,0,0,0,26,0,0,59,0,0,completed
48013,U8017,2025-02-05 15:42:00,2025-02-05 15:45:00,M,20~29,office,seoul,0,0,0,0,2,0,0,31,0,0,completed
48014,U8018,2025-12-20 16:54:00,2025-12-20 16:56:00,F,20~29,office,seoul,1,0,0,0,28,0,0,19,0,0,completed
48015,U8019,2025-07-02 18:04:00,2025-07-02 18:10:00,F,30~39,office,seoul,0,0,0,0,13,0,0,13,0,0,completed
48016,U8020,2025-07-24 18:31:00,2025-07-24 18:34:00,F,50+,office,seoul,0,0,0,0,19,0,0,78,0,0,completed
48017,U8021,2025-03-27 15:29:00,2025-03-27 15:35:00,M,50+,office,seoul,0,0,0,0,20,0,0,13,1,0,completed
48018,U8022,2025-11-02 12:07:00,2025-11-02 12:09:00,M,50+,office,seoul,1,0,0,0,21,0,0,16,0,0,completed
48019,U8023,2025-05-06 14:02:00,2025-05-06 14:06:00,M,50+,office,seoul,0,0,0,0,23,0,0,71,0,0,completed
48020,U8024,2025-09-24 12:53:00,2025-09-24 12:56:00,F,50+,office,seoul,0,0,0,0,29,0,0,72,0,0,completed
48021,U8025,2025-03-21 15:16:00,2025-03-21 15:19:00,M,20~29,office,seoul,0,0,0,0,13,0,0,79,0,0,completed
48022,U8026,2025-08-17 08:32:00,2025-08-17 08:36:00,M,50+,office,seoul,1,0,0,0,23,0,0,56,0,0,completed
48023,U8027,2025-03-11 16:08:00,2025-03-11 16:14:00,F,20~29,office,seoul,0,0,0,0,0,0,0,47,0,0,error
48024,U8028,2025-07-17 08:14:00,2025-07-17 08:21:00,F,20~29,office,seoul,0,0,0,0,29,0,0,31,0,0,completed
48025,U8029,2025-07-11 13:00:00,2025-07-11 13:04:00,M,20~29,office,seoul,0,0,0,0,0,0,0,17,0,0,completed
48026,U8030,2025-09-15 14:27:00,2025-09-15 14:31:00,M,30~39,office,seoul,0,0,0,0,25,0,0,72,0,0,completed
48027,U8031,2025-11-08 19:03:00,2025-11-08 19:06:00,F,30~39,office,seoul,1,0,0,0,18,0,0,20,0,0,completed
48028,U8032,2025-04-19 13:02:00,2025-04-19 13:08:00,M,40~49,office,seoul,1,0,0,0,6,0,0,43,0,0,completed
48029,U8033,2025-10-17 11:12:00,2025-10-17 11:14:00,M,40~49,office,seoul,0,0,0,0,13,0,0,69,0,0,completed
48030,U8034,2025-12-19 09:54:00,2025-12-19 09:58:00,F,20~29,office,seoul,0,0,0,0,21,0,0,13,0,0,completed
48031,U8035,2025-04-15 18:55:00,2025-04-15 18:57:00,M,30~39,office,seoul,0,0,0,0,18,0,0,22,0,0,completed
48032,U8036,2025-01-10 11:27:00,2025-01-10 11:29:00,M,30~39,office,seoul,0,0,0,0,21,0,0,67,0,0,completed
48033,U8037,2025-12-16 09:05:00,2025-12-16 09:09:00,F,40~49,office,seoul,0,0,0,0,18,0,0,19,0,0,completed
48034,U8038,2025-07-03 17:54:00,2025-07-03 17:56:00,F,30~39,office,seoul,0,0,0,0,18,0,0,55,0,0,completed
48035,U8039,2025-07-29 20:18:00,2025-07-29 20:20:00,M,20~29,office,seoul,0,0,0,0,6,0,0,23,0,0,completed
48036,U8040,2025-08-23 07:35:00,2025-08-23 07:42:00,F,30~39,office,seoul,1,0,0,0,26,0,0,36,0,0,completed
48037,U8041,2025-10-24 09:21:00,2025-10-24 09:23:00,M,20~29,office,seoul,0,0,0,0,4,0,0,74,0,0,completed
48038,U8042,2025-12-14 15:43:00,2025-12-14 15:49:00,F,20~29,office,seoul,1,0,0,0,13,0,0,55,0,0,error
48039,U8043,2025-04-23 12:39:00,2025-04-23 12:42:00,M,20~29,office,seoul,0,0,0,0,28,0,0,53,0,0,abandoned
48040,U8044,2025-05-24 15:09:00,2025-05-24 15:12:00,M,20~29,office,seoul,1,0,0,0,6,0,0,40,0,0,completed
48041,U8045,2025-12-31 16:05:00,2025-12-31 16:10:00,F,50+,office,seoul,0,0,0,0,0,0,0,15,0,0,completed
48042,U8046,2025-07-10 14:33:00,2025-07-10 14:35:00,M,30~39,office,seoul,0,0,0,0,12,0,0,78,0,0,completed
48043,U8047,2025-09-08 08:02:00,2025-09-08 08:06:00,F,20~29,office,seoul,0,0,0,0,18,0,0,55,0,0,completed
48044,U8048,2025-03-03 17:12:00,2025-03-03 17:19:00,M,20~29,office,seoul,0,0,0,0,20,0,0,72,0,0,error
48045,U8049,2025-10-30 16:25:00,2025-10-30 16:31:00,M,30~39,office,seoul,0,0,0,0,8,0,0,24,0,0,timeout
48046,U8050,2025-01-08 15:11:00,2025-01-08 15:18:00,M,20~29,office,seoul,0,0,0,0,19,0,0,71,0,0,completed
48047,U8051,2025-09-05 13:33:00,2025-09-05 13:37:00,M,40~49,office,seoul,0,0,0,0,3,0,0,63,0,0,completed
48048,U8052,2025-05-31 09:50:00,2025-05-31 09:53:00,F,30~39,office,seoul,1,0,0,0,6,0,0,53,0,0,completed
48049,U8053,2025-06-07 14:12:00,2025-06-07 14:14:00,M,20~29,office,seoul,1,0,0,0,16,0,0,74,0,0,completed
48050,U8054,2025-06-02 16:11:00,2025-06-02 16:14:00,F,50+,office,seoul,0,0,0,0,22,0,0,60,0,0,abandoned
48051,U8055,2025-02-17 09:04:00,2025-02-17 09:07:00,F,50+,office,seoul,0,0,0,0,19,0,0,59,0,0,completed
48052,U8056,2025-04-29 15:37:00,2025-04-29 15:43:00,F,30~39,office,seoul,0,0,0,0,14,0,0,36,0,0,completed
48053,U8057,2025-04-18 22:02:00,2025-04-18 22:07:00,F,20~29,office,seoul,0,0,0,0,18,0,0,29,0,0,completed
48054,U8058,2025-06-16 14:31:00,2025-06-16 14:36:00,M,50+,office,seoul,0,0,0,0,4,0,0,75,0,0,abandoned
48055,U8059,2025-11-03 08:03:00,2025-11-03 08:05:00,F,50+,office,seoul,0,0,0,0,23,0,0,34,0,0,completed
48056,U8060,2025-12-24 16:58:00,2025-12-24 17:04:00,F,50+,office,seoul,0,0,0,0,27,0,0,24,0,0,completed
48057,U8061,2025-02-07 17:57:00,2025-02-07 18:03:00,F,40~49,office,seoul,0,0,0,0,23,0,0,64,0,0,completed
48058,U8062,2025-05-14 09:38:00,2025-05-14 09:44:00,F,20~29,office,seoul,0,0,0,0,29,0,0,73,0,0,abandoned
48059,U8063,2025-09-10 14:59:00,2025-09-10 15:02:00,F,50+,office,seoul,0,0,0,0,29,0,0,31,0,0,abandoned
48060,U8064,2025-02-24 19:34:00,2025-02-24 19:36:00,M,40~49,office,seoul,0,0,0,0,10,0,0,77,0,0,completed
48061,U8065,2025-09-23 09:15:00,2025-09-23 09:20:00,F,20~29,office,seoul,0,0,0,0,22,0,0,12,0,0,completed
48062,U8066,2025-03-25 16:01:00,2025-03-25 16:05:00,M,20~29,office,seoul,0,0,0,0,0,0,0,37,0,0,completed
48063,U8067,2025-04-05 14:06:00,2025-04-05 14:13:00,M,30~39,office,seoul,1,0,0,0,5,0,0,27,0,0,abandoned
48064,U8068,2025-06-28 17:09:00,2025-06-28 17:14:00,F,30~39,office,seoul,1,0,0,0,8,0,0,76,0,0,completed
48065,U8069,2025-03-25 12:32:00,2025-03-25 12:35:00,F,30~39,office,seoul,0,0,0,0,21,0,0,75,0,0,completed
48066,U8070,2025-09-09 15:12:00,2025-09-09 15:19:00,F,20~29,office,seoul,0,0,0,0,10,0,0,25,0,0,completed
48067,U8071,2025-07-14 11:26:00,2025-07-14 11:29:00,F,50+,office,seoul,0,0,0,0,17,0,0,69,1,0,completed
48068,U8072,2025-06-24 09:37:00,2025-06-24 09:40:00,F,50+,office,seoul,0,0,0,0,22,0,0,13,0,1,completed
48069,U8073,2025-07-21 12:41:00,2025-07-21 12:48:00,F,20~29,office,seoul,0,0,0,0,17,0,0,67,0,0,completed
48070,U8074,2025-01-10 08:31:00,2025-01-10 08:35:00,M,40~49,office,seoul,0,0,0,0,23,0,0,78,0,0,completed
48071,U8075,2025-05-21 08:08:00,2025-05-21 08:14:00,F,20~29,office,seoul,0,0,0,0,2,0,0,59,0,0,completed
48072,U8076,2025-10-03 13:07:00,2025-10-03 13:14:00,F,40~49,office,seoul,0,0,0,0,11,0,0,54,0,0,completed
48073,U8077,2025-11-20 15:22:00,2025-11-20 15:25:00,F,20~29,office,seoul,0,0,0,0,23,0,0,59,0,0,completed
48074,U8078,2025-02-11 09:26:00,2025-02-11 09:31:00,F,30~39,office,seoul,0,0,0,0,18,0,0,31,0,0,completed
48075,U8079,2025-05-29 13:06:00,2025-05-29 13:12:00,M,20~29,office,seoul,0,0,0,0,13,0,0,40,0,0,completed
48076,U8080,2025-09-07 19:52:00,2025-09-07 19:54:00,F,40~49,office,seoul,1,0,0,0,11,0,0,63,0,0,completed
48077,U8081,2025-10-28 07:18:00,2025-10-28 07:24:00,M,40~49,office,seoul,0,0,0,0,3,0,0,12,0,0,completed
48078,U8082,2025-12-02 07:37:00,2025-12-02 07:39:00,M,30~39,office,seoul,0,0,0,0,1,0,0,25,0,0,completed
48079,U8083,2025-12-23 09:45:00,2025-12-23 09:47:00,M,20~29,office,seoul,0,0,0,0,4,0,0,72,0,0,completed
48080,U8084,2025-10-15 11:25:00,2025-10-15 11:30:00,F,30~39,office,seoul,0,0,0,0,12,0,0,66,0,0,completed
48081,U8085,2025-02-26 15:27:00,2025-02-26 15:29:00,M,40~49,office,seoul,0,0,0,0,4,0,0,30,0,0,completed
48082,U8086,2025-05-09 20:46:00,2025-05-09 20:48:00,M,40~49,office,seoul,0,0,0,0,4,0,0,58,0,0,abandoned
48083,U8087,2025-06-27 13:01:00,2025-06-27 13:03:00,F,40~49,office,seoul,0,0,0,0,26,0,0,66,0,0,completed
48084,U8088,2025-04-09 17:53:00,2025-04-09 17:58:00,F,40~49,office,seoul,0,0,0,0,14,0,0,13,0,0,completed
48085,U8089,2025-11-24 16:52:00,2025-11-24 16:55:00,M,20~29,office,seoul,0,0,0,0,24,0,0,20,0,0,completed
48086,U8090,2025-06-25 09:48:00,2025-06-25 09:55:00,M,20~29,office,seoul,0,0,0,0,6,0,0,39,0,0,abandoned
48087,U8091,2025-03-03 16:00:00,2025-03-03 16:06:00,F,50+,office,seoul,0,0,0,0,25,0,0,67,0,1,completed
48088,U8092,2025-08-05 12:19:00,2025-08-05 12:24:00,F,30~39,office,seoul,0,0,0,0,19,0,0,31,0,0,completed
48089,U8093,2025-05-17 11:16:00,2025-05-17 11:21:00,F,50+,office,seoul,1,0,0,0,4,0,0,21,0,0,completed
48090,U8094,2025-03-15 13:55:00,2025-03-15 14:02:00,M,20~29,office,seoul,1,0,0,0,23,0,0,53,0,0,completed
48091,U8095,2025-10-03 11:39:00,2025-10-03 11:46:00,M,30~39,office,seoul,0,0,0,0,15,0,0,69,0,0,completed
48092,U8096,2025-03-28 20:41:00,2025-03-28 20:44:00,M,40~49,office,seoul,0,0,0,0,20,0,0,10,0,0,completed
48093,U8097,2025-04-26 15:56:00,2025-04-26 15:58:00,M,30~39,office,seoul,1,0,0,0,1,0,0,51,0,0,completed
48094,U8098,2025-12-07 14:19:00,2025-12-07 14:25:00,M,40~49,office,seoul,1,0,0,0,28,0,0,11,0,0,completed
48095,U8099,2025-02-21 08:40:00,2025-02-21 08:46:00,F,50+,office,seoul,0,0,0,0,1,0,0,18,0,0,abandoned
48096,U8100,2025-09-08 11:03:00,2025-09-08 11:08:00,F,20~29,office,seoul,0,0,0,0,3,0,0,32,0,0,completed
48097,U8101,2025-06-14 18:19:00,2025-06-14 18:24:00,F,30~39,office,seoul,1,0,0,0,17,0,0,76,0,0,error
48098,U8102,2025-08-19 09:55:00,2025-08-19 09:59:00,M,20~29,office,seoul,0,0,0,0,5,0,0,78,0,0,completed
48099,U8103,2025-12-20 15:26:00,2025-12-20 15:33:00,F,20~29,office,seoul,1,0,0,0,9,0,0,19,0,0,completed
48100,U8104,2025-12-21 16:58:00,2025-12-21 17:00:00,M,30~39,office,seoul,1,0,0,0,16,0,0,32,0,0,completed
48101,U8105,2025-03-17 08:04:00,2025-03-17 08:07:00,F,20~29,office,seoul,0,0,0,0,26,0,0,28,0,0,completed
48102,U8106,2025-03-22 09:30:00,2025-03-22 09:35:00,M,30~39,office,seoul,1,0,0,0,2,0,0,73,0,0,completed
48103,U8107,2025-07-18 16:53:00,2025-07-18 16:59:00,M,40~49,office,seoul,0,0,0,0,27,0,0,68,0,0,completed
48104,U8108,2025-08-28 17:35:00,2025-08-28 17:40:00,F,30~39,office,seoul,0,0,0,0,11,0,0,78,0,0,completed
48105,U8109,2025-09-13 09:39:00,2025-09-13 09:42:00,M,20~29,office,seoul,1,0,0,0,4,0,0,15,0,0,completed
48106,U8110,2025-01-05 20:46:00,2025-01-05 20:50:00,M,20~29,office,seoul,1,0,0,0,0,0,0,56,0,0,completed
48107,U8111,2025-10-09 07:57:00,2025-10-09 08:00:00,M,40~49,office,seoul,0,0,0,0,17,0,0,64,0,0,completed
48108,U8112,2025-09-18 16:14:00,2025-09-18 16:20:00,M,40~49,office,seoul,0,0,0,0,1,0,0,52,0,0,completed
48109,U8113,2025-05-24 11:23:00,2025-05-24 11:30:00,M,20~29,office,seoul,1,0,0,0,20,0,0,39,0,0,completed
48110,U8114,2025-03-23 19:17:00,2025-03-23 19:20:00,F,50+,office,seoul,1,0,0,0,20,0,0,30,0,0,completed
48111,U8115,2025-12-20 09:55:00,2025-12-20 10:02:00,M,30~39,office,seoul,1,0,0,0,21,0,0,59,0,0,completed
48112,U8116,2025-11-09 11:48:00,2025-11-09 11:52:00,F,20~29,office,seoul,1,0,0,0,9,0,0,39,0,0,completed
48113,U8117,2025-03-04 22:17:00,2025-03-04 22:20:00,M,30~39,office,seoul,0,0,0,0,23,0,0,48,0,0,completed
48114,U8118,2025-09-14 15:09:00,2025-09-14 15:11:00,F,20~29,office,seoul,1,0,0,0,24,0,0,53,0,0,completed
48115,U8119,2025-03-14 07:41:00,2025-03-14 07:48:00,F,30~39,office,seoul,0,0,0,0,28,0,0,28,0,0,completed
48116,U8120,2025-03-24 17:27:00,2025-03-24 17:30:00,M,50+,office,seoul,0,0,0,0,27,0,0,44,0,0,completed
48117,U8121,2025-07-21 14:58:00,2025-07-21 15:03:00,F,20~29,office,seoul,0,0,0,0,19,0,0,38,0,0,completed
48118,U8122,2025-11-02 14:37:00,2025-11-02 14:43:00,F,40~49,office,seoul,1,0,0,0,0,0,0,15,0,0,completed
48119,U8123,2025-02-28 09:42:00,2025-02-28 09:47:00,F,40~49,office,seoul,0,0,0,0,3,0,0,28,0,0,completed
48120,U8124,2025-05-21 15:18:00,2025-05-21 15:20:00,M,20~29,office,seoul,0,0,0,0,29,0,0,43,0,0,completed
48121,U8125,2025-02-22 09:12:00,2025-02-22 09:15:00,M,20~29,office,seoul,1,0,0,0,12,0,0,78,0,0,completed
48122,U8126,2025-05-14 09:54:00,2025-05-14 09:58:00,M,30~39,office,seoul,0,0,0,0,20,0,0,53,0,0,error
48123,U8127,2025-07-21 09:06:00,2025-07-21 09:13:00,F,30~39,office,seoul,0,0,0,0,22,0,0,77,0,0,completed
48124,U8128,2025-09-30 19:22:00,2025-09-30 19:27:00,F,20~29,office,seoul,0,0,0,0,9,0,0,78,0,0,completed
48125,U8129,2025-11-05 14:36:00,2025-11-05 14:40:00,M,30~39,office,seoul,0,0,0,0,2,0,0,63,0,0,completed
48126,U8130,2025-11-22 14:56:00,2025-11-22 15:02:00,F,30~39,office,seoul,1,0,0,0,3,0,0,19,0,0,completed
48127,U8131,2025-05-30 15:35:00,2025-05-30 15:41:00,F,30~39,office,seoul,0,0,0,0,10,0,0,40,1,0,completed
48128,U8132,2025-12-14 17:32:00,2025-12-14 17:36:00,M,20~29,office,seoul,1,0,0,0,21,0,0,72,0,0,abandoned
48129,U8133,2025-03-09 16:25:00,2025-03-09 16:27:00,M,20~29,office,seoul,1,0,0,0,3,0,0,23,0,0,completed
48130,U8134,2025-07-10 13:18:00,2025-07-10 13:22:00,M,30~39,office,seoul,0,0,0,0,3,0,0,56,0,0,completed
48131,U8135,2025-07-16 09:26:00,2025-07-16 09:29:00,F,20~29,office,seoul,0,0,0,0,6,0,0,42,0,0,completed
48132,U8136,2025-12-30 09:19:00,2025-12-30 09:26:00,M,40~49,office,seoul,0,0,0,0,18,0,0,34,0,0,completed
48133,U8137,2025-12-03 15:35:00,2025-12-03 15:42:00,F,30~39,office,seoul,0,0,0,0,24,0,0,52,0,0,completed
48134,U8138,2025-09-14 11:35:00,2025-09-14 11:42:00,F,20~29,office,seoul,1,0,0,0,11,0,0,43,0,0,error
48135,U8139,2025-04-14 09:11:00,2025-04-14 09:15:00,F,20~29,office,seoul,0,0,0,0,24,0,0,66,0,0,completed
48136,U8140,2025-06-17 07:29:00,2025-06-17 07:34:00,M,40~49,office,seoul,0,0,0,0,8,0,0,71,0,0,completed
48137,U8141,2025-05-07 18:01:00,2025-05-07 18:03:00,F,30~39,office,seoul,0,0,0,0,5,0,0,61,0,0,completed
48138,U8142,2025-12-15 14:31:00,2025-12-15 14:38:00,M,20~29,office,seoul,0,0,0,0,12,0,0,30,0,0,completed
48139,U8143,2025-07-30 15:24:00,2025-07-30 15:26:00,M,30~39,office,seoul,0,0,0,0,26,0,0,61,0,0,completed
48140,U8144,2025-06-20 11:57:00,2025-06-20 12:02:00,F,20~29,office,seoul,0,0,0,0,3,0,0,32,0,0,completed
48141,U8145,2025-05-08 19:19:00,2025-05-08 19:24:00,M,30~39,office,seoul,0,0,0,0,13,0,0,45,1,0,completed
48142,U8146,2025-05-08 19:13:00,2025-05-08 19:15:00,F,30~39,office,seoul,0,0,0,0,27,0,0,54,0,0,completed
48143,U8147,2025-12-03 21:13:00,2025-12-03 21:20:00,M,20~29,office,seoul,0,0,0,0,24,0,0,18,0,0,timeout
48144,U8148,2025-06-09 20:34:00,2025-06-09 20:41:00,M,30~39,office,seoul,0,0,0,0,11,0,0,50,0,0,completed
48145,U8149,2025-02-05 18:58:00,2025-02-05 19:02:00,M,30~39,office,seoul,0,0,0,0,21,0,0,69,0,0,completed
48146,U8150,2025-03-13 17:28:00,2025-03-13 17:34:00,F,20~29,office,seoul,0,0,0,0,23,0,0,36,0,0,completed
48147,U8151,2025-02-03 08:54:00,2025-02-03 08:59:00,F,30~39,office,seoul,0,0,0,0,9,0,0,43,0,0,abandoned
48148,U8152,2025-07-28 08:54:00,2025-07-28 08:59:00,F,20~29,office,seoul,0,0,0,0,24,0,0,68,0,0,completed
48149,U8153,2025-07-16 16:43:00,2025-07-16 16:49:00,M,30~39,office,seoul,0,0,0,0,19,0,0,26,0,0,completed
48150,U8154,2025-05-19 12:44:00,2025-05-19 12:50:00,F,20~29,office,seoul,0,0,0,0,2,0,0,69,0,0,completed
48151,U8155,2025-11-25 09:07:00,2025-11-25 09:14:00,F,50+,office,seoul,0,0,0,0,13,0,0,35,0,0,completed
48152,U8156,2025-05-03 13:43:00,2025-05-03 13:45:00,M,20~29,office,seoul,1,0,0,0,23,0,0,56,0,0,completed
48153,U8157,2025-11-04 08:57:00,2025-11-04 09:00:00,F,30~39,office,seoul,0,0,0,0,29,0,0,61,0,0,completed
48154,U8158,2025-04-22 15:24:00,2025-04-22 15:27:00,F,50+,office,seoul,0,0,0,0,28,0,0,33,0,0,abandoned
48155,U8159,2025-02-01 08:41:00,2025-02-01 08:43:00,F,20~29,office,seoul,1,0,0,0,7,0,0,22,0,0,completed
48156,U8160,2025-09-05 18:47:00,2025-09-05 18:52:00,F,30~39,office,seoul,0,0,0,0,1,0,0,17,0,0,timeout
48157,U8161,2025-07-15 21:11:00,2025-07-15 21:13:00,F,30~39,office,seoul,0,0,0,0,28,0,0,45,0,0,completed
48158,U8162,2025-04-04 13:04:00,2025-04-04 13:09:00,F,20~29,office,seoul,0,0,0,0,13,0,0,64,0,0,error
48159,U8163,2025-04-12 18:49:00,2025-04-12 18:54:00,F,20~29,office,seoul,1,0,0,0,23,0,0,76,0,0,completed
48160,U8164,2025-09-08 13:43:00,2025-09-08 13:50:00,F,20~29,office,seoul,0,0,0,0,12,0,0,27,0,0,completed
48161,U8165,2025-10-05 09:49:00,2025-10-05 09:55:00,F,40~49,office,seoul,1,0,0,0,0,0,0,71,0,0,completed
48162,U8166,2025-06-02 18:24:00,2025-06-02 18:29:00,M,30~39,office,seoul,0,0,0,0,24,0,0,62,0,0,completed
48163,U8167,2025-01-28 17:41:00,2025-01-28 17:47:00,F,40~49,office,seoul,0,0,0,0,9,0,0,69,0,0,completed
48164,U8168,2025-07-27 09:51:00,2025-07-27 09:53:00,F,30~39,office,seoul,1,0,0,0,7,0,0,42,0,0,completed
48165,U8169,2025-09-14 13:36:00,2025-09-14 13:40:00,M,40~49,office,seoul,1,0,0,0,17,0,0,40,1,0,abandoned
48166,U8170,2025-03-13 08:17:00,2025-03-13 08:20:00,F,40~49,office,seoul,0,0,0,0,0,0,0,36,0,0,completed
48167,U8171,2025-04-10 09:22:00,2025-04-10 09:25:00,F,40~49,office,seoul,0,0,0,0,20,0,0,26,0,0,completed
48168,U8172,2025-09-28 15:38:00,2025-09-28 15:40:00,F,20~29,office,seoul,1,0,0,0,24,0,0,79,0,0,completed
48169,U8173,2025-11-17 15:05:00,2025-11-17 15:07:00,M,30~39,office,seoul,0,0,0,0,9,0,0,49,0,0,completed
48170,U8174,2025-04-07 15:01:00,2025-04-07 15:06:00,F,30~39,office,seoul,0,0,0,0,3,0,0,14,0,0,completed
48171,U8175,2025-01-26 13:39:00,2025-01-26 13:45:00,F,50+,office,seoul,1,0,0,0,25,0,0,15,0,0,completed
48172,U8176,2025-03-10 11:11:00,2025-03-10 11:13:00,M,30~39,office,seoul,0,0,0,0,15,0,0,35,0,0,completed
48173,U8177,2025-08-01 08:06:00,2025-08-01 08:09:00,F,50+,office,seoul,0,0,0,0,5,0,0,77,0,0,completed
48174,U8178,2025-12-10 09:17:00,2025-12-10 09:20:00,F,20~29,office,seoul,0,0,0,0,20,0,0,72,0,0,completed
48175,U8179,2025-04-13 09:21:00,2025-04-13 09:25:00,F,40~49,office,seoul,1,0,0,0,27,0,0,23,0,0,completed
48176,U8180,2025-08-03 09:25:00,2025-08-03 09:30:00,F,40~49,office,seoul,1,0,0,0,27,0,0,48,0,0,completed
48177,U8181,2025-08-23 07:42:00,2025-08-23 07:44:00,F,30~39,office,seoul,1,0,0,0,12,0,0,53,0,0,completed
48178,U8182,2025-01-25 09:54:00,2025-01-25 09:56:00,M,20~29,office,seoul,1,0,0,0,29,0,0,70,0,0,completed
48179,U8183,2025-06-09 14:59:00,2025-06-09 15:05:00,F,20~29,office,seoul,0,0,0,0,5,0,0,45,0,0,completed
48180,U8184,2025-10-18 12:10:00,2025-10-18 12:14:00,F,50+,office,seoul,1,0,0,0,23,0,0,47,0,0,completed
48181,U8185,2025-12-24 18:27:00,2025-12-24 18:29:00,M,30~39,office,seoul,0,0,0,0,23,0,0,20,0,0,completed
48182,U8186,2025-05-23 21:34:00,2025-05-23 21:40:00,M,40~49,office,seoul,0,0,0,0,11,0,0,66,0,0,completed
48183,U8187,2025-11-03 19:40:00,2025-11-03 19:47:00,F,40~49,office,seoul,0,0,0,0,22,0,0,14,0,0,completed
48184,U8188,2025-08-07 14:52:00,2025-08-07 14:57:00,F,20~29,office,seoul,0,0,0,0,19,0,0,44,0,0,completed
48185,U8189,2025-10-21 09:33:00,2025-10-21 09:35:00,M,50+,office,seoul,0,0,0,0,11,0,0,68,0,0,completed
48186,U8190,2025-02-15 14:13:00,2025-02-15 14:15:00,F,20~29,office,seoul,1,0,0,0,13,0,0,25,0,0,timeout
48187,U8191,2025-09-25 19:20:00,2025-09-25 19:26:00,M,50+,office,seoul,0,0,0,0,27,0,0,16,0,0,completed
48188,U8192,2025-01-20 09:42:00,2025-01-20 09:49:00,M,20~29,office,seoul,0,0,0,0,10,0,0,40,0,0,completed
48189,U8193,2025-09-28 20:25:00,2025-09-28 20:27:00,M,30~39,office,seoul,1,0,0,0,26,0,0,41,0,0,abandoned
48190,U8194,2025-12-24 08:53:00,2025-12-24 08:59:00,F,50+,office,seoul,0,0,0,0,0,0,0,75,0,0,completed
48191,U8195,2025-08-18 15:26:00,2025-08-18 15:28:00,F,30~39,office,seoul,0,0,0,0,16,0,0,41,0,0,completed
48192,U8196,2025-08-31 22:29:00,2025-08-31 22:36:00,F,20~29,office,seoul,1,0,0,0,0,0,0,53,0,0,completed
48193,U8197,2025-10-07 13:41:00,2025-10-07 13:48:00,F,50+,office,seoul,0,0,0,0,1,0,0,42,0,0,completed
48194,U8198,2025-10-07 14:27:00,2025-10-07 14:32:00,F,20~29,office,seoul,0,0,0,0,12,0,0,28,0,0,completed
48195,U8199,2025-02-22 19:43:00,2025-02-22 19:50:00,M,40~49,office,seoul,1,0,0,0,7,0,0,67,0,0,completed
48196,U8200,2025-11-01 16:43:00,2025-11-01 16:45:00,F,30~39,office,seoul,1,0,0,0,17,0,0,50,0,0,completed
48197,U8201,2025-06-25 14:48:00,2025-06-25 14:52:00,F,20~29,office,seoul,0,0,0,0,5,0,0,47,0,0,completed
48198,U8202,2025-12-18 19:27:00,2025-12-18 19:29:00,M,50+,office,seoul,0,0,0,0,29,0,0,31,0,0,completed
48199,U8203,2025-09-09 18:50:00,2025-09-09 18:56:00,M,30~39,office,seoul,0,0,0,0,7,0,0,54,0,0,completed
48200,U8204,2025-07-27 14:23:00,2025-07-27 14:26:00,F,40~49,office,seoul,1,0,0,0,19,0,0,10,0,0,completed
48201,U8205,2025-02-04 07:29:00,2025-02-04 07:31:00,M,30~39,office,seoul,0,0,0,0,24,0,0,49,0,0,completed
48202,U8206,2025-06-19 15:06:00,2025-06-19 15:08:00,F,30~39,office,seoul,0,0,0,0,4,0,0,57,0,0,completed
48203,U8207,2025-05-02 21:39:00,2025-05-02 21:43:00,M,20~29,office,seoul,0,0,0,0,29,0,0,78,0,0,abandoned
48204,U8208,2025-12-07 07:26:00,2025-12-07 07:33:00,F,30~39,office,seoul,1,0,0,0,1,0,0,47,0,0,abandoned
48205,U8209,2025-03-26 09:41:00,2025-03-26 09:47:00,F,30~39,office,seoul,0,0,0,0,20,0,0,13,0,0,completed
48206,U8210,2025-06-12 12:00:00,2025-06-12 12:07:00,F,30~39,office,seoul,0,0,0,0,2,0,0,66,0,0,completed
48207,U8211,2025-08-05 08:33:00,2025-08-05 08:36:00,F,40~49,office,seoul,0,0,0,0,24,0,0,66,0,0,completed
48208,U8212,2025-01-21 14:48:00,2025-01-21 14:55:00,F,30~39,office,seoul,0,0,0,0,11,0,0,77,0,0,completed
48209,U8213,2025-06-09 18:58:00,2025-06-09 19:04:00,M,30~39,office,seoul,0,0,0,0,25,0,0,61,0,0,completed
48210,U8214,2025-10-13 08:59:00,2025-10-13 09:03:00,F,40~49,office,seoul,0,0,0,0,26,0,0,76,0,1,completed
48211,U8215,2025-09-13 19:02:00,2025-09-13 19:09:00,F,20~29,office,seoul,1,0,0,0,23,0,0,12,0,0,completed
48212,U8216,2025-12-15 20:28:00,2025-12-15 20:34:00,M,50+,office,seoul,0,0,0,0,21,0,0,36,0,0,completed
48213,U8217,2025-06-02 09:05:00,2025-06-02 09:12:00,F,20~29,office,seoul,0,0,0,0,13,0,0,66,0,0,completed
48214,U8218,2025-02-23 09:53:00,2025-02-23 10:00:00,M,30~39,office,seoul,1,0,0,0,23,0,0,41,0,0,completed
48215,U8219,2025-02-12 16:18:00,2025-02-12 16:24:00,F,40~49,office,seoul,0,0,0,0,28,0,0,67,0,0,completed
48216,U8220,2025-09-08 22:40:00,2025-09-08 22:44:00,F,30~39,office,seoul,0,0,0,0,17,0,0,26,0,0,completed
48217,U8221,2025-12-24 09:17:00,2025-12-24 09:23:00,F,30~39,office,seoul,0,0,0,0,15,0,0,43,0,0,completed
48218,U8222,2025-05-17 09:08:00,2025-05-17 09:14:00,M,40~49,office,seoul,1,0,0,0,25,0,0,24,0,0,completed
48219,U8223,2025-06-06 17:39:00,2025-06-06 17:41:00,M,30~39,office,seoul,0,0,0,0,18,0,0,55,0,0,completed
48220,U8224,2025-11-25 13:32:00,2025-11-25 13:39:00,F,50+,office,seoul,0,0,0,0,27,0,0,51,0,0,completed
48221,U8225,2025-07-20 18:09:00,2025-07-20 18:11:00,F,20~29,office,seoul,1,0,0,0,28,0,0,25,0,0,completed
48222,U8226,2025-02-21 14:18:00,2025-02-21 14:23:00,M,40~49,office,seoul,0,0,0,0,4,0,0,32,0,0,completed
48223,U8227,2025-05-27 09:06:00,2025-05-27 09:11:00,F,20~29,office,seoul,0,0,0,0,7,0,0,51,0,0,completed
48224,U8228,2025-11-05 16:42:00,2025-11-05 16:45:00,M,30~39,office,seoul,0,0,0,0,22,0,0,12,0,0,completed
48225,U8229,2025-01-21 17:49:00,2025-01-21 17:51:00,M,20~29,office,seoul,0,0,0,0,11,0,0,59,0,0,completed
48226,U8230,2025-05-28 08:39:00,2025-05-28 08:45:00,M,40~49,office,seoul,0,0,0,0,15,0,0,36,0,0,abandoned
48227,U8231,2025-04-08 12:36:00,2025-04-08 12:41:00,M,20~29,office,seoul,0,0,0,0,2,0,0,63,0,0,completed
48228,U8232,2025-08-19 17:32:00,2025-08-19 17:35:00,F,50+,office,seoul,0,0,0,0,20,0,0,62,0,1,completed
48229,U8233,2025-02-08 20:54:00,2025-02-08 21:01:00,M,30~39,office,seoul,1,0,0,0,26,0,0,17,0,0,completed
48230,U8234,2025-01-20 09:56:00,2025-01-20 10:02:00,F,50+,office,seoul,0,0,0,0,18,0,0,73,0,0,completed
48231,U8235,2025-04-27 07:00:00,2025-04-27 07:04:00,F,20~29,office,seoul,1,0,0,0,12,0,0,34,0,0,completed
48232,U8236,2025-12-02 08:10:00,2025-12-02 08:16:00,M,20~29,office,seoul,0,0,0,0,23,0,0,10,0,0,completed
48233,U8237,2025-07-04 18:57:00,2025-07-04 19:01:00,F,50+,office,seoul,0,0,0,0,21,0,0,43,0,0,completed
48234,U8238,2025-04-28 09:39:00,2025-04-28 09:44:00,F,40~49,office,seoul,0,0,0,0,17,0,0,73,0,0,completed
48235,U8239,2025-07-23 15:37:00,2025-07-23 15:42:00,F,20~29,office,seoul,0,0,0,0,18,0,0,74,0,0,completed
48236,U8240,2025-11-26 16:38:00,2025-11-26 16:42:00,F,30~39,office,seoul,0,0,0,0,0,0,0,56,0,0,completed
48237,U8241,2025-01-05 16:46:00,2025-01-05 16:49:00,F,40~49,office,seoul,1,0,0,0,18,0,0,77,0,0,completed
48238,U8242,2025-06-01 15:25:00,2025-06-01 15:28:00,M,30~39,office,seoul,1,0,0,0,19,0,0,73,0,0,completed
48239,U8243,2025-06-08 13:35:00,2025-06-08 13:41:00,F,30~39,office,seoul,1,0,0,0,25,0,0,39,0,0,completed
48240,U8244,2025-12-01 07:14:00,2025-12-01 07:17:00,M,30~39,office,seoul,0,0,0,0,29,0,0,10,0,0,timeout
48241,U8245,2025-12-02 22:56:00,2025-12-02 23:03:00,M,20~29,office,seoul,0,0,0,0,23,0,0,22,0,0,completed
48242,U8246,2025-09-20 19:04:00,2025-09-20 19:08:00,M,20~29,office,seoul,1,0,0,0,18,0,0,70,0,0,abandoned
48243,U8247,2025-12-09 11:06:00,2025-12-09 11:10:00,M,30~39,office,seoul,0,0,0,0,26,0,0,34,0,0,completed
48244,U8248,2025-11-19 16:02:00,2025-11-19 16:05:00,F,30~39,office,seoul,0,0,0,0,15,0,0,12,0,0,completed
48245,U8249,2025-04-26 13:18:00,2025-04-26 13:25:00,F,20~29,office,seoul,1,0,0,0,11,0,0,62,0,0,completed
48246,U8250,2025-08-17 13:57:00,2025-08-17 14:02:00,F,30~39,office,seoul,1,0,0,0,10,0,0,26,0,0,completed
48247,U8251,2025-11-26 07:59:00,2025-11-26 08:01:00,F,30~39,office,seoul,0,0,0,0,8,0,0,47,0,0,completed
48248,U8252,2025-08-07 18:21:00,2025-08-07 18:25:00,F,50+,office,seoul,0,0,0,0,26,0,0,38,1,0,completed
48249,U8253,2025-08-24 11:15:00,2025-08-24 11:18:00,F,40~49,office,seoul,1,0,0,0,25,0,0,61,0,0,completed
48250,U8254,2025-06-16 12:53:00,2025-06-16 13:00:00,F,20~29,office,seoul,0,0,0,0,16,0,0,15,0,0,completed
48251,U8255,2025-04-16 07:16:00,2025-04-16 07:22:00,F,20~29,office,seoul,0,0,0,0,4,0,0,14,0,0,completed
48252,U8256,2025-01-30 16:12:00,2025-01-30 16:16:00,M,40~49,office,seoul,0,0,0,0,2,0,0,51,0,0,completed
48253,U8257,2025-02-03 17:30:00,2025-02-03 17:32:00,F,50+,office,seoul,0,0,0,0,17,0,0,66,0,0,completed
48254,U8258,2025-07-21 18:03:00,2025-07-21 18:05:00,M,30~39,office,seoul,0,0,0,0,7,0,0,47,0,0,completed
48255,U8259,2025-07-06 08:29:00,2025-07-06 08:33:00,F,50+,office,seoul,1,0,0,0,13,0,0,79,0,0,completed
48256,U8260,2025-10-15 19:17:00,2025-10-15 19:19:00,F,40~49,office,seoul,0,0,0,0,10,0,0,14,1,0,completed
48257,U8261,2025-02-11 16:33:00,2025-02-11 16:36:00,M,50+,office,seoul,0,0,0,0,9,0,0,56,0,0,completed
48258,U8262,2025-07-30 22:52:00,2025-07-30 22:54:00,F,20~29,office,seoul,0,0,0,0,7,0,0,20,0,0,completed
48259,U8263,2025-12-24 16:02:00,2025-12-24 16:04:00,M,30~39,office,seoul,0,0,0,0,16,0,0,71,0,0,completed
48260,U8264,2025-01-28 14:22:00,2025-01-28 14:28:00,F,20~29,office,seoul,0,0,0,0,19,0,0,37,0,0,completed
48261,U8265,2025-12-14 17:22:00,2025-12-14 17:27:00,F,30~39,office,seoul,1,0,0,0,22,0,0,65,0,0,completed
48262,U8266,2025-01-09 16:08:00,2025-01-09 16:12:00,M,50+,office,seoul,0,0,0,0,4,0,0,15,0,1,completed
48263,U8267,2025-10-05 18:24:00,2025-10-05 18:31:00,M,30~39,office,seoul,1,0,0,0,1,0,0,76,0,0,completed
48264,U8268,2025-10-18 11:32:00,2025-10-18 11:38:00,F,40~49,office,seoul,1,0,0,0,1,0,0,34,0,0,completed
48265,U8269,2025-05-10 19:27:00,2025-05-10 19:34:00,M,40~49,office,seoul,1,0,0,0,27,0,0,78,0,0,completed
48266,U8270,2025-01-15 13:59:00,2025-01-15 14:03:00,F,40~49,office,seoul,0,0,0,0,15,0,0,47,0,0,completed
48267,U8271,2025-10-01 15:13:00,2025-10-01 15:16:00,M,30~39,office,seoul,0,0,0,0,29,0,0,77,0,0,completed
48268,U8272,2025-12-03 18:55:00,2025-12-03 18:59:00,F,50+,office,seoul,0,0,0,0,4,0,0,34,0,0,completed
48269,U8273,2025-12-13 12:35:00,2025-12-13 12:38:00,M,30~39,office,seoul,1,0,0,0,13,0,0,22,0,0,completed
48270,U8274,2025-09-26 21:01:00,2025-09-26 21:03:00,F,30~39,office,seoul,0,0,0,0,28,0,0,30,0,0,completed
48271,U8275,2025-04-12 20:50:00,2025-04-12 20:55:00,F,20~29,office,seoul,1,0,0,0,6,0,0,60,0,0,completed
48272,U8276,2025-06-30 13:08:00,2025-06-30 13:14:00,M,20~29,office,seoul,0,0,0,0,9,0,0,34,0,0,completed
48273,U8277,2025-02-02 11:20:00,2025-02-02 11:23:00,F,40~49,office,seoul,1,0,0,0,16,0,0,25,0,0,completed
48274,U8278,2025-08-03 22:19:00,2025-08-03 22:25:00,F,30~39,office,seoul,1,0,0,0,10,0,0,50,0,0,completed
48275,U8279,2025-04-22 16:48:00,2025-04-22 16:51:00,M,40~49,office,seoul,0,0,0,0,7,0,0,48,0,0,abandoned
48276,U8280,2025-09-07 11:55:00,2025-09-07 12:01:00,M,20~29,office,seoul,1,0,0,0,10,0,0,28,0,0,completed
48277,U8281,2025-06-20 16:49:00,2025-06-20 16:54:00,F,50+,office,seoul,0,0,0,0,0,0,0,76,0,0,completed
48278,U8282,2025-04-21 18:24:00,2025-04-21 18:26:00,M,50+,office,seoul,0,0,0,0,7,0,0,63,0,0,completed
48279,U8283,2025-08-01 15:42:00,2025-08-01 15:44:00,F,30~39,office,seoul,0,0,0,0,5,0,0,67,0,1,completed
48280,U8284,2025-08-19 18:33:00,2025-08-19 18:37:00,M,30~39,office,seoul,0,0,0,0,19,0,0,13,0,0,completed
48281,U8285,2025-11-16 15:27:00,2025-11-16 15:31:00,M,30~39,office,seoul,1,0,0,0,23,0,0,30,0,0,completed
48282,U8286,2025-08-28 19:39:00,2025-08-28 19:41:00,M,50+,office,seoul,0,0,0,0,11,0,0,62,0,0,completed
48283,U8287,2025-10-27 12:00:00,2025-10-27 12:05:00,F,50+,office,seoul,0,0,0,0,25,0,0,50,0,0,completed
48284,U8288,2025-12-25 19:55:00,2025-12-25 20:00:00,F,20~29,office,seoul,0,0,0,0,7,0,0,44,0,0,completed
48285,U8289,2025-04-04 14:17:00,2025-04-04 14:19:00,F,50+,office,seoul,0,0,0,0,8,0,0,30,0,0,completed
48286,U8290,2025-07-11 19:46:00,2025-07-11 19:53:00,F,30~39,office,seoul,0,0,0,0,1,0,0,71,0,0,completed
48287,U8291,2025-01-16 13:30:00,2025-01-16 13:33:00,M,40~49,office,seoul,0,0,0,0,27,0,0,50,0,0,abandoned
48288,U8292,2025-03-06 07:30:00,2025-03-06 07:33:00,F,30~39,office,seoul,0,0,0,0,28,0,0,72,0,0,completed
48289,U8293,2025-05-08 08:05:00,2025-05-08 08:08:00,F,30~39,office,seoul,0,0,0,0,19,0,0,33,0,0,completed
48290,U8294,2025-06-22 14:49:00,2025-06-22 14:51:00,M,30~39,office,seoul,1,0,0,0,9,0,0,26,0,0,completed
48291,U8295,2025-11-13 08:38:00,2025-11-13 08:42:00,F,20~29,office,seoul,0,0,0,0,17,0,0,78,0,0,completed
48292,U8296,2025-03-18 13:36:00,2025-03-18 13:41:00,M,20~29,office,seoul,0,0,0,0,29,0,0,54,0,0,error
48293,U8297,2025-12-22 07:26:00,2025-12-22 07:32:00,M,50+,office,seoul,0,0,0,0,22,0,0,37,0,0,abandoned
48294,U8298,2025-04-06 11:10:00,2025-04-06 11:15:00,F,30~39,office,seoul,1,0,0,0,19,0,0,17,0,0,completed
48295,U8299,2025-07-23 13:30:00,2025-07-23 13:35:00,F,20~29,office,seoul,0,0,0,0,16,0,0,34,0,0,completed
48296,U8300,2025-08-09 14:31:00,2025-08-09 14:33:00,F,40~49,office,seoul,1,0,0,0,7,0,0,65,0,0,abandoned
48297,U8301,2025-06-30 16:34:00,2025-06-30 16:37:00,F,50+,office,seoul,0,0,0,0,24,0,0,36,0,0,completed
48298,U8302,2025-04-29 18:23:00,2025-04-29 18:26:00,M,30~39,office,seoul,0,0,0,0,15,0,0,77,0,0,completed
48299,U8303,2025-07-07 13:31:00,2025-07-07 13:35:00,F,30~39,office,seoul,0,0,0,0,23,0,0,17,0,0,error
48300,U8304,2025-10-05 09:17:00,2025-10-05 09:24:00,M,30~39,office,seoul,1,0,0,0,7,0,0,79,0,0,completed
48301,U8305,2025-08-17 09:52:00,2025-08-17 09:55:00,F,40~49,office,seoul,1,0,0,0,0,0,0,64,0,0,completed
48302,U8306,2025-08-23 13:52:00,2025-08-23 13:55:00,F,40~49,office,seoul,1,0,0,0,17,0,0,44,0,0,completed
48303,U8307,2025-08-11 17:41:00,2025-08-11 17:48:00,F,50+,office,seoul,0,0,0,0,3,0,0,76,0,0,completed
48304,U8308,2025-12-08 11:41:00,2025-12-08 11:46:00,F,50+,office,seoul,0,0,0,0,5,0,0,77,0,0,completed
48305,U8309,2025-04-15 07:36:00,2025-04-15 07:40:00,M,50+,office,seoul,0,0,0,0,5,0,0,66,0,0,completed
48306,U8310,2025-03-12 19:03:00,2025-03-12 19:06:00,M,30~39,office,seoul,0,0,0,0,12,0,0,19,0,0,completed
48307,U8311,2025-02-24 08:14:00,2025-02-24 08:17:00,F,20~29,office,seoul,0,0,0,0,22,0,0,20,0,0,completed
48308,U8312,2025-08-29 15:52:00,2025-08-29 15:56:00,F,20~29,office,seoul,0,0,0,0,28,0,0,22,0,0,completed
48309,U8313,2025-12-22 12:29:00,2025-12-22 12:33:00,F,30~39,office,seoul,0,0,0,0,27,0,0,75,0,0,abandoned
48310,U8314,2025-06-27 19:27:00,2025-06-27 19:34:00,M,20~29,office,seoul,0,0,0,0,3,0,0,58,0,0,completed
48311,U8315,2025-10-20 09:24:00,2025-10-20 09:29:00,M,40~49,office,seoul,0,0,0,0,5,0,0,37,0,0,completed
48312,U8316,2025-07-10 15:36:00,2025-07-10 15:39:00,F,40~49,office,seoul,0,0,0,0,25,0,0,70,0,0,completed
48313,U8317,2025-05-27 08:28:00,2025-05-27 08:31:00,M,50+,office,seoul,0,0,0,0,17,0,0,74,0,0,completed
48314,U8318,2025-07-18 12:44:00,2025-07-18 12:51:00,F,30~39,office,seoul,0,0,0,0,14,0,0,69,0,0,completed
48315,U8319,2025-07-30 12:05:00,2025-07-30 12:07:00,F,50+,office,seoul,0,0,0,0,4,0,0,50,0,0,completed
48316,U8320,2025-07-09 20:02:00,2025-07-09 20:05:00,F,40~49,office,seoul,0,0,0,0,7,0,0,55,0,0,completed
48317,U8321,2025-02-08 16:49:00,2025-02-08 16:55:00,F,30~39,office,seoul,1,0,0,0,2,0,0,70,0,0,abandoned
48318,U8322,2025-03-20 13:40:00,2025-03-20 13:43:00,M,30~39,office,seoul,0,0,0,0,20,0,0,13,0,0,completed
48319,U8323,2025-02-02 18:11:00,2025-02-02 18:16:00,F,30~39,office,seoul,1,0,0,0,13,0,0,72,0,0,completed
48320,U8324,2025-02-21 13:25:00,2025-02-21 13:27:00,F,30~39,office,seoul,0,0,0,0,14,0,0,62,0,0,completed
48321,U8325,2025-09-09 11:18:00,2025-09-09 11:25:00,M,40~49,office,seoul,0,0,0,0,9,0,0,35,0,0,completed
48322,U8326,2025-11-24 20:11:00,2025-11-24 20:15:00,M,50+,office,seoul,0,0,0,0,11,0,0,71,0,1,completed
48323,U8327,2025-02-07 17:32:00,2025-02-07 17:34:00,M,40~49,office,seoul,0,0,0,0,11,0,0,67,0,1,completed
48324,U8328,2025-06-06 15:48:00,2025-06-06 15:52:00,F,30~39,office,seoul,0,0,0,0,7,0,0,75,0,0,completed
48325,U8329,2025-10-29 20:43:00,2025-10-29 20:46:00,F,40~49,office,seoul,0,0,0,0,16,0,0,15,0,0,completed
48326,U8330,2025-08-17 11:39:00,2025-08-17 11:42:00,M,20~29,office,seoul,1,0,0,0,13,0,0,49,0,0,completed
48327,U8331,2025-12-16 22:48:00,2025-12-16 22:52:00,M,30~39,office,seoul,0,0,0,0,11,0,0,77,0,0,completed
48328,U8332,2025-07-21 09:46:00,2025-07-21 09:48:00,F,40~49,office,seoul,0,0,0,0,2,0,0,47,0,0,completed
48329,U8333,2025-04-30 09:42:00,2025-04-30 09:48:00,F,40~49,office,seoul,0,0,0,0,13,0,0,70,0,0,completed
48330,U8334,2025-01-17 16:20:00,2025-01-17 16:24:00,M,30~39,office,seoul,0,0,0,0,21,0,0,67,0,0,completed
48331,U8335,2025-04-28 11:17:00,2025-04-28 11:24:00,M,20~29,office,seoul,0,0,0,0,8,0,0,12,0,0,completed
48332,U8336,2025-05-25 12:24:00,2025-05-25 12:30:00,F,30~39,office,seoul,1,0,0,0,8,0,0,30,0,0,completed
48333,U8337,2025-03-25 17:43:00,2025-03-25 17:50:00,F,40~49,office,seoul,0,0,0,0,28,0,0,21,0,0,abandoned
48334,U8338,2025-02-11 14:45:00,2025-02-11 14:50:00,F,50+,office,seoul,0,0,0,0,0,0,0,48,0,0,error
48335,U8339,2025-02-11 13:18:00,2025-02-11 13:25:00,F,50+,office,seoul,0,0,0,0,13,0,0,74,0,0,completed
48336,U8340,2025-01-13 12:13:00,2025-01-13 12:15:00,M,30~39,office,seoul,0,0,0,0,21,0,0,72,0,0,completed
48337,U8341,2025-05-21 17:37:00,2025-05-21 17:42:00,M,30~39,office,seoul,0,0,0,0,17,0,0,74,0,0,completed
48338,U8342,2025-08-25 11:19:00,2025-08-25 11:23:00,F,20~29,office,seoul,0,0,0,0,14,0,0,60,0,0,completed
48339,U8343,2025-10-22 19:20:00,2025-10-22 19:25:00,F,50+,office,seoul,0,0,0,0,16,0,0,41,0,0,completed
48340,U8344,2025-04-12 08:30:00,2025-04-12 08:32:00,F,20~29,office,seoul,1,0,0,0,16,0,0,29,0,0,completed
48341,U8345,2025-08-24 14:15:00,2025-08-24 14:17:00,F,30~39,office,seoul,1,0,0,0,11,0,0,51,0,0,abandoned
48342,U8346,2025-11-28 18:31:00,2025-11-28 18:34:00,M,30~39,office,seoul,0,0,0,0,12,0,0,38,0,0,completed
48343,U8347,2025-06-01 12:15:00,2025-06-01 12:17:00,F,30~39,office,seoul,1,0,0,0,3,0,0,69,0,0,completed
48344,U8348,2025-10-07 11:13:00,2025-10-07 11:15:00,F,50+,office,seoul,0,0,0,0,26,0,0,13,0,0,completed
48345,U8349,2025-05-07 16:00:00,2025-05-07 16:02:00,M,20~29,office,seoul,0,0,0,0,15,0,0,13,0,0,completed
48346,U8350,2025-05-08 15:48:00,2025-05-08 15:50:00,M,30~39,office,seoul,0,0,0,0,6,0,0,61,0,0,completed
48347,U8351,2025-01-21 15:29:00,2025-01-21 15:32:00,F,40~49,office,seoul,0,0,0,0,6,0,0,26,1,0,completed
48348,U8352,2025-04-20 08:39:00,2025-04-20 08:41:00,F,20~29,office,seoul,1,0,0,0,17,0,0,31,0,0,completed
48349,U8353,2025-02-17 19:02:00,2025-02-17 19:07:00,F,20~29,office,seoul,0,0,0,0,16,0,0,23,0,0,completed
48350,U8354,2025-12-20 14:51:00,2025-12-20 14:57:00,F,20~29,office,seoul,1,0,0,0,6,0,0,63,0,0,timeout
48351,U8355,2025-02-26 09:48:00,2025-02-26 09:51:00,M,20~29,office,seoul,0,0,0,0,13,0,0,16,0,0,completed
48352,U8356,2025-12-13 21:53:00,2025-12-13 21:59:00,M,30~39,office,seoul,1,0,0,0,29,0,0,20,0,0,completed
48353,U8357,2025-12-11 15:46:00,2025-12-11 15:53:00,F,20~29,office,seoul,0,0,0,0,26,0,0,36,0,0,abandoned
48354,U8358,2025-04-29 07:13:00,2025-04-29 07:18:00,F,20~29,office,seoul,0,0,0,0,25,0,0,77,0,0,completed
48355,U8359,2025-04-09 12:20:00,2025-04-09 12:25:00,F,50+,office,seoul,0,0,0,0,9,0,0,29,0,0,completed
48356,U8360,2025-11-01 15:10:00,2025-11-01 15:17:00,F,20~29,office,seoul,1,0,0,0,27,0,0,28,0,0,error
48357,U8361,2025-05-16 22:50:00,2025-05-16 22:53:00,F,30~39,office,seoul,0,0,0,0,0,0,0,42,1,0,completed
48358,U8362,2025-02-26 16:14:00,2025-02-26 16:19:00,F,30~39,office,seoul,0,0,0,0,4,0,0,53,0,0,completed
48359,U8363,2025-02-07 12:29:00,2025-02-07 12:36:00,F,30~39,office,seoul,0,0,0,0,27,0,0,38,0,0,completed
48360,U8364,2025-12-15 09:33:00,2025-12-15 09:39:00,F,20~29,office,seoul,0,0,0,0,14,0,0,11,0,0,completed
48361,U8365,2025-08-16 07:03:00,2025-08-16 07:10:00,F,20~29,office,seoul,1,0,0,0,26,0,0,24,0,0,completed
48362,U8366,2025-01-24 13:53:00,2025-01-24 13:55:00,F,40~49,office,seoul,0,0,0,0,21,0,0,12,0,0,completed
48363,U8367,2025-06-29 15:59:00,2025-06-29 16:02:00,M,30~39,office,seoul,1,0,0,0,1,0,0,17,0,0,completed
48364,U8368,2025-03-21 12:21:00,2025-03-21 12:26:00,M,20~29,office,seoul,0,0,0,0,12,0,0,10,0,0,timeout
48365,U8369,2025-10-30 07:44:00,2025-10-30 07:49:00,F,40~49,office,seoul,0,0,0,0,9,0,0,16,0,0,completed
48366,U8370,2025-10-31 17:04:00,2025-10-31 17:06:00,M,30~39,office,seoul,0,0,0,0,13,0,0,68,0,0,completed
48367,U8371,2025-02-09 09:21:00,2025-02-09 09:24:00,M,40~49,office,seoul,1,0,0,0,9,0,0,62,0,0,completed
48368,U8372,2025-01-19 14:48:00,2025-01-19 14:51:00,F,30~39,office,seoul,1,0,0,0,7,0,0,68,0,0,completed
48369,U8373,2025-06-23 08:19:00,2025-06-23 08:22:00,F,20~29,office,seoul,0,0,0,0,11,0,0,58,0,0,completed
48370,U8374,2025-09-13 13:08:00,2025-09-13 13:15:00,F,30~39,office,seoul,1,0,0,0,0,0,0,62,0,0,completed
48371,U8375,2025-01-31 15:02:00,2025-01-31 15:08:00,F,30~39,office,seoul,0,0,0,0,22,0,0,71,0,0,completed
48372,U8376,2025-07-11 09:09:00,2025-07-11 09:16:00,M,20~29,office,seoul,0,0,0,0,28,0,0,26,0,0,completed
48373,U8377,2025-03-09 07:09:00,2025-03-09 07:11:00,F,40~49,office,seoul,1,0,0,0,25,0,0,16,0,0,completed
48374,U8378,2025-01-31 14:19:00,2025-01-31 14:21:00,M,30~39,office,seoul,0,0,0,0,21,0,0,63,0,0,completed
48375,U8379,2025-09-15 15:19:00,2025-09-15 15:26:00,M,40~49,office,seoul,0,0,0,0,3,0,0,63,0,0,completed
48376,U8380,2025-04-30 16:26:00,2025-04-30 16:28:00,F,20~29,office,seoul,0,0,0,0,6,0,0,15,0,0,completed
48377,U8381,2025-08-04 15:16:00,2025-08-04 15:23:00,F,20~29,office,seoul,0,0,0,0,14,0,0,62,0,0,completed
48378,U8382,2025-09-16 12:13:00,2025-09-16 12:15:00,M,50+,office,seoul,0,0,0,0,2,0,0,70,0,0,completed
48379,U8383,2025-03-11 08:48:00,2025-03-11 08:50:00,F,40~49,office,seoul,0,0,0,0,18,0,0,12,0,0,completed
48380,U8384,2025-03-09 12:27:00,2025-03-09 12:29:00,M,30~39,office,seoul,1,0,0,0,28,0,0,62,0,0,completed
48381,U8385,2025-01-01 08:59:00,2025-01-01 09:05:00,F,20~29,office,seoul,0,0,0,0,28,0,0,78,0,0,abandoned
48382,U8386,2025-06-14 16:47:00,2025-06-14 16:52:00,M,50+,office,seoul,1,0,0,0,2,0,0,40,0,0,timeout
48383,U8387,2025-08-08 13:08:00,2025-08-08 13:15:00,M,20~29,office,seoul,0,0,0,0,4,0,0,65,0,0,completed
48384,U8388,2025-06-05 15:03:00,2025-06-05 15:06:00,M,20~29,office,seoul,0,0,0,0,29,0,0,73,0,0,timeout
48385,U8389,2025-02-19 18:29:00,2025-02-19 18:33:00,F,40~49,office,seoul,0,0,0,0,11,0,0,11,0,0,completed
48386,U8390,2025-08-07 16:00:00,2025-08-07 16:02:00,F,20~29,office,seoul,0,0,0,0,13,0,0,50,0,0,completed
48387,U8391,2025-05-18 08:56:00,2025-05-18 09:00:00,F,20~29,office,seoul,1,0,0,0,8,0,0,28,0,0,completed
48388,U8392,2025-10-22 11:59:00,2025-10-22 12:01:00,F,40~49,office,seoul,0,0,0,0,21,0,0,13,0,0,completed
48389,U8393,2025-10-10 19:12:00,2025-10-10 19:16:00,M,20~29,office,seoul,0,0,0,0,21,0,0,33,0,0,completed
48390,U8394,2025-01-01 21:58:00,2025-01-01 22:02:00,F,20~29,office,seoul,0,0,0,0,5,0,0,75,0,0,completed
48391,U8395,2025-06-04 22:44:00,2025-06-04 22:50:00,F,50+,office,seoul,0,0,0,0,19,0,0,11,0,0,completed
48392,U8396,2025-06-24 09:38:00,2025-06-24 09:43:00,F,50+,office,seoul,0,0,0,0,3,0,0,31,0,0,completed
48393,U8397,2025-01-19 14:42:00,2025-01-19 14:46:00,M,30~39,office,seoul,1,0,0,0,11,0,0,62,0,0,completed
48394,U8398,2025-05-31 09:23:00,2025-05-31 09:30:00,M,20~29,office,seoul,1,0,0,0,18,0,0,13,0,0,completed
48395,U8399,2025-03-23 16:43:00,2025-03-23 16:45:00,F,50+,office,seoul,1,0,0,0,21,0,0,52,0,0,timeout
48396,U8400,2025-08-23 08:00:00,2025-08-23 08:02:00,M,30~39,office,seoul,1,0,0,0,5,0,0,30,0,0,completed
48397,U8401,2025-05-27 07:03:00,2025-05-27 07:07:00,M,20~29,office,seoul,0,0,0,0,18,0,0,24,0,0,abandoned
48398,U8402,2025-02-14 20:49:00,2025-02-14 20:54:00,F,30~39,office,seoul,0,0,0,0,26,0,0,44,0,0,abandoned
48399,U8403,2025-10-15 17:12:00,2025-10-15 17:14:00,M,30~39,office,seoul,0,0,0,0,7,0,0,54,0,0,completed
48400,U8404,2025-09-07 13:09:00,2025-09-07 13:12:00,F,20~29,office,seoul,1,0,0,0,11,0,0,19,0,0,abandoned
48401,U8405,2025-05-22 19:14:00,2025-05-22 19:16:00,F,20~29,office,seoul,0,0,0,0,9,0,0,18,0,0,error
48402,U8406,2025-01-06 08:20:00,2025-01-06 08:26:00,F,30~39,office,seoul,0,0,0,0,19,0,0,18,0,0,completed
48403,U8407,2025-10-13 08:19:00,2025-10-13 08:24:00,M,40~49,office,seoul,0,0,0,0,12,0,0,23,0,0,completed
48404,U8408,2025-12-17 18:38:00,2025-12-17 18:42:00,F,50+,office,seoul,0,0,0,0,8,0,0,33,1,0,completed
48405,U8409,2025-07-08 16:40:00,2025-07-08 16:42:00,F,20~29,office,seoul,0,0,0,0,18,0,0,12,0,0,completed
48406,U8410,2025-09-29 11:44:00,2025-09-29 11:48:00,M,20~29,office,seoul,0,0,0,0,1,0,0,35,0,0,completed
48407,U8411,2025-06-21 20:03:00,2025-06-21 20:05:00,F,20~29,office,seoul,1,0,0,0,7,0,0,13,0,0,completed
48408,U8412,2025-09-05 19:31:00,2025-09-05 19:37:00,F,50+,office,seoul,0,0,0,0,8,0,0,35,0,0,completed
48409,U8413,2025-09-13 14:50:00,2025-09-13 14:53:00,F,20~29,office,seoul,1,0,0,0,15,0,0,76,0,0,completed
48410,U8414,2025-06-22 16:37:00,2025-06-22 16:43:00,F,30~39,office,seoul,1,0,0,0,14,0,0,71,0,0,completed
48411,U8415,2025-09-25 19:37:00,2025-09-25 19:44:00,F,40~49,office,seoul,0,0,0,0,26,0,0,22,0,0,completed
48412,U8416,2025-06-23 19:35:00,2025-06-23 19:38:00,M,30~39,office,seoul,0,0,0,0,12,0,0,23,0,0,completed
48413,U8417,2025-06-18 13:26:00,2025-06-18 13:30:00,M,40~49,office,seoul,0,0,0,0,2,0,0,20,0,0,completed
48414,U8418,2025-04-30 17:26:00,2025-04-30 17:32:00,M,30~39,office,seoul,0,0,0,0,9,0,0,61,0,0,completed
48415,U8419,2025-09-04 15:26:00,2025-09-04 15:29:00,F,40~49,office,seoul,0,0,0,0,6,0,0,58,0,0,completed
48416,U8420,2025-07-02 13:34:00,2025-07-02 13:39:00,F,20~29,office,seoul,0,0,0,0,23,0,0,16,0,0,completed
48417,U8421,2025-03-15 09:42:00,2025-03-15 09:47:00,M,20~29,office,seoul,1,0,0,0,22,0,0,44,0,0,completed
48418,U8422,2025-07-20 08:23:00,2025-07-20 08:28:00,M,30~39,office,seoul,1,0,0,0,0,0,0,72,0,0,completed
48419,U8423,2025-04-07 16:56:00,2025-04-07 17:03:00,F,30~39,office,seoul,0,0,0,0,8,0,0,12,0,1,completed
48420,U8424,2025-09-10 15:24:00,2025-09-10 15:27:00,F,30~39,office,seoul,0,0,0,0,28,0,0,60,0,0,completed
48421,U8425,2025-02-07 11:00:00,2025-02-07 11:05:00,F,50+,office,seoul,0,0,0,0,14,0,0,71,0,0,completed
48422,U8426,2025-12-20 15:04:00,2025-12-20 15:08:00,F,40~49,office,seoul,1,0,0,0,21,0,0,41,0,0,completed
48423,U8427,2025-05-16 07:24:00,2025-05-16 07:31:00,F,40~49,office,seoul,0,0,0,0,25,0,0,39,0,0,completed
48424,U8428,2025-06-11 12:27:00,2025-06-11 12:31:00,F,30~39,office,seoul,0,0,0,0,9,0,0,51,0,0,completed
48425,U8429,2025-03-27 12:22:00,2025-03-27 12:24:00,F,30~39,office,seoul,0,0,0,0,7,0,0,65,0,0,completed
48426,U8430,2025-06-28 14:14:00,2025-06-28 14:18:00,F,40~49,office,seoul,1,0,0,0,25,0,0,43,0,0,completed
48427,U8431,2025-07-01 11:29:00,2025-07-01 11:36:00,F,30~39,office,seoul,0,0,0,0,25,0,0,51,0,0,completed
48428,U8432,2025-06-21 11:30:00,2025-06-21 11:33:00,F,20~29,office,seoul,1,0,0,0,14,0,0,25,0,0,completed
48429,U8433,2025-10-12 12:07:00,2025-10-12 12:10:00,F,30~39,office,seoul,1,0,0,0,17,0,0,67,0,0,completed
48430,U8434,2025-11-01 09:11:00,2025-11-01 09:15:00,F,20~29,office,seoul,1,0,0,0,21,0,0,31,0,0,abandoned
48431,U8435,2025-04-19 12:09:00,2025-04-19 12:14:00,F,30~39,office,seoul,1,0,0,0,2,0,0,63,0,0,completed
48432,U8436,2025-09-06 15:34:00,2025-09-06 15:38:00,M,20~29,office,seoul,1,0,0,0,13,0,0,46,0,0,completed
48433,U8437,2025-03-28 09:28:00,2025-03-28 09:30:00,M,30~39,office,seoul,0,0,0,0,25,0,0,50,0,0,completed
48434,U8438,2025-03-23 15:25:00,2025-03-23 15:30:00,F,30~39,office,seoul,1,0,0,0,11,0,0,17,0,0,completed
48435,U8439,2025-07-15 08:20:00,2025-07-15 08:22:00,F,50+,office,seoul,0,0,0,0,6,0,0,32,0,0,completed
48436,U8440,2025-03-08 09:56:00,2025-03-08 09:59:00,F,20~29,office,seoul,1,0,0,0,1,0,0,51,0,0,completed
48437,U8441,2025-02-05 22:06:00,2025-02-05 22:11:00,M,20~29,office,seoul,0,0,0,0,24,0,0,56,0,0,completed
48438,U8442,2025-03-05 18:25:00,2025-03-05 18:32:00,F,40~49,office,seoul,0,0,0,0,5,0,0,28,0,0,completed
48439,U8443,2025-02-03 12:13:00,2025-02-03 12:18:00,F,50+,office,seoul,0,0,0,0,16,0,0,57,0,0,completed
48440,U8444,2025-02-08 12:59:00,2025-02-08 13:05:00,M,30~39,office,seoul,1,0,0,0,20,0,0,31,0,0,completed
48441,U8445,2025-10-25 14:13:00,2025-10-25 14:19:00,F,20~29,office,seoul,1,0,0,0,26,0,0,52,0,0,completed
48442,U8446,2025-05-30 09:21:00,2025-05-30 09:23:00,M,20~29,office,seoul,0,0,0,0,27,0,0,10,0,0,completed
48443,U8447,2025-09-19 17:15:00,2025-09-19 17:19:00,M,50+,office,seoul,0,0,0,0,3,0,0,49,0,0,completed
48444,U8448,2025-06-15 20:18:00,2025-06-15 20:24:00,M,30~39,office,seoul,1,0,0,0,16,0,0,74,0,0,completed
48445,U8449,2025-05-08 14:49:00,2025-05-08 14:51:00,F,20~29,office,seoul,0,0,0,0,28,0,0,59,0,0,completed
48446,U8450,2025-10-25 15:54:00,2025-10-25 15:56:00,F,20~29,office,seoul,1,0,0,0,6,0,0,16,0,0,completed
48447,U8451,2025-06-06 14:14:00,2025-06-06 14:18:00,M,50+,office,seoul,0,0,0,0,23,0,0,36,0,0,completed
48448,U8452,2025-02-25 16:28:00,2025-02-25 16:31:00,M,20~29,office,seoul,0,0,0,0,17,0,0,79,0,0,error
48449,U8453,2025-10-16 15:49:00,2025-10-16 15:51:00,M,50+,office,seoul,0,0,0,0,1,0,0,10,0,0,completed
48450,U8454,2025-10-16 12:19:00,2025-10-16 12:23:00,F,40~49,office,seoul,0,0,0,0,24,0,0,24,0,0,completed
48451,U8455,2025-06-19 07:56:00,2025-06-19 07:58:00,M,20~29,office,seoul,0,0,0,0,15,0,0,27,0,0,completed
48452,U8456,2025-11-04 15:45:00,2025-11-04 15:47:00,F,30~39,office,seoul,0,0,0,0,3,0,0,66,0,0,completed
48453,U8457,2025-04-30 12:59:00,2025-04-30 13:06:00,F,30~39,office,seoul,0,0,0,0,28,0,0,78,0,0,completed
48454,U8458,2025-02-03 09:30:00,2025-02-03 09:32:00,M,30~39,office,seoul,0,0,0,0,0,0,0,31,0,0,completed
48455,U8459,2025-10-06 08:52:00,2025-10-06 08:59:00,F,50+,office,seoul,0,0,0,0,24,0,0,40,1,0,completed
48456,U8460,2025-10-03 15:13:00,2025-10-03 15:19:00,F,20~29,office,seoul,0,0,0,0,2,0,0,22,0,0,completed
48457,U8461,2025-06-13 19:37:00,2025-06-13 19:39:00,M,40~49,office,seoul,0,0,0,0,14,0,0,72,1,0,completed
48458,U8462,2025-08-16 17:35:00,2025-08-16 17:42:00,F,40~49,office,seoul,1,0,0,0,9,0,0,47,0,0,completed
48459,U8463,2025-02-24 15:12:00,2025-02-24 15:18:00,F,40~49,office,seoul,0,0,0,0,0,0,0,20,0,0,completed
48460,U8464,2025-02-16 18:57:00,2025-02-16 19:04:00,M,50+,office,seoul,1,0,0,0,17,0,0,19,0,0,completed
48461,U8465,2025-01-16 13:36:00,2025-01-16 13:41:00,M,30~39,office,seoul,0,0,0,0,20,0,0,27,0,0,completed
48462,U8466,2025-07-29 14:07:00,2025-07-29 14:10:00,F,50+,office,seoul,0,0,0,0,3,0,0,17,0,0,completed
48463,U8467,2025-03-27 16:11:00,2025-03-27 16:13:00,F,50+,office,seoul,0,0,0,0,2,0,0,12,0,0,completed
48464,U8468,2025-09-27 16:53:00,2025-09-27 16:56:00,M,50+,office,seoul,1,0,0,0,23,0,0,59,0,0,timeout
48465,U8469,2025-07-04 14:25:00,2025-07-04 14:27:00,F,20~29,office,seoul,0,0,0,0,24,0,0,10,0,0,abandoned
48466,U8470,2025-08-13 19:36:00,2025-08-13 19:38:00,M,50+,office,seoul,0,0,0,0,21,0,0,28,0,0,completed
48467,U8471,2025-10-23 18:18:00,2025-10-23 18:23:00,F,40~49,office,seoul,0,0,0,0,27,0,0,25,0,0,completed
48468,U8472,2025-11-01 21:50:00,2025-11-01 21:52:00,M,40~49,office,seoul,1,0,0,0,15,0,0,79,0,0,completed
48469,U8473,2025-05-13 17:56:00,2025-05-13 18:03:00,F,50+,office,seoul,0,0,0,0,10,0,0,55,0,0,completed
48470,U8474,2025-08-04 17:20:00,2025-08-04 17:22:00,M,40~49,office,seoul,0,0,0,0,3,0,0,69,0,0,completed
48471,U8475,2025-10-17 18:21:00,2025-10-17 18:24:00,F,20~29,office,seoul,0,0,0,0,10,0,0,75,0,0,completed
48472,U8476,2025-08-03 16:33:00,2025-08-03 16:39:00,F,50+,office,seoul,1,0,0,0,18,0,0,44,0,0,completed
48473,U8477,2025-05-05 20:39:00,2025-05-05 20:46:00,F,30~39,office,seoul,0,0,0,0,17,0,0,10,0,0,completed
48474,U8478,2025-08-22 12:30:00,2025-08-22 12:35:00,M,30~39,office,seoul,0,0,0,0,20,0,0,65,0,0,completed
48475,U8479,2025-05-08 19:41:00,2025-05-08 19:43:00,M,30~39,office,seoul,0,0,0,0,8,0,0,79,0,0,completed
48476,U8480,2025-03-22 13:08:00,2025-03-22 13:12:00,F,50+,office,seoul,1,0,0,0,20,0,0,38,1,0,completed
48477,U8481,2025-02-23 11:38:00,2025-02-23 11:41:00,M,30~39,office,seoul,1,0,0,0,18,0,0,46,0,0,completed
48478,U8482,2025-10-03 08:24:00,2025-10-03 08:28:00,M,50+,office,seoul,0,0,0,0,20,0,0,40,0,0,completed
48479,U8483,2025-11-05 11:26:00,2025-11-05 11:29:00,F,30~39,office,seoul,0,0,0,0,28,0,0,31,0,0,completed
48480,U8484,2025-12-26 16:11:00,2025-12-26 16:16:00,M,20~29,office,seoul,0,0,0,0,15,0,0,39,0,0,completed
48481,U8485,2025-02-20 16:22:00,2025-02-20 16:26:00,M,20~29,office,seoul,0,0,0,0,15,0,0,73,0,0,completed
48482,U8486,2025-01-27 13:18:00,2025-01-27 13:25:00,M,20~29,office,seoul,0,0,0,0,6,0,0,34,0,0,abandoned
48483,U8487,2025-02-07 12:40:00,2025-02-07 12:43:00,F,30~39,office,seoul,0,0,0,0,3,0,0,52,0,0,completed
48484,U8488,2025-11-11 15:07:00,2025-11-11 15:14:00,F,50+,office,seoul,0,0,0,0,3,0,0,62,0,0,completed
48485,U8489,2025-02-10 12:43:00,2025-02-10 12:47:00,M,20~29,office,seoul,0,0,0,0,15,0,0,52,0,0,completed
48486,U8490,2025-07-22 12:28:00,2025-07-22 12:31:00,F,30~39,office,seoul,0,0,0,0,4,0,0,21,0,0,completed
48487,U8491,2025-03-29 14:38:00,2025-03-29 14:44:00,M,50+,office,seoul,1,0,0,0,18,0,0,43,0,0,completed
48488,U8492,2025-12-11 15:04:00,2025-12-11 15:11:00,M,40~49,office,seoul,0,0,0,0,16,0,0,15,0,0,abandoned
48489,U8493,2025-11-05 20:59:00,2025-11-05 21:05:00,F,40~49,office,seoul,0,0,0,0,6,0,0,66,0,0,completed
48490,U8494,2025-07-23 08:25:00,2025-07-23 08:27:00,M,20~29,office,seoul,0,0,0,0,8,0,0,60,0,0,completed
48491,U8495,2025-04-17 14:41:00,2025-04-17 14:47:00,M,40~49,office,seoul,0,0,0,0,11,0,0,20,0,0,completed
48492,U8496,2025-12-27 12:28:00,2025-12-27 12:32:00,F,40~49,office,seoul,1,0,0,0,4,0,0,69,0,0,completed
48493,U8497,2025-07-11 12:56:00,2025-07-11 12:58:00,M,30~39,office,seoul,0,0,0,0,19,0,0,67,0,0,completed
48494,U8498,2025-04-03 18:45:00,2025-04-03 18:47:00,F,30~39,office,seoul,0,0,0,0,23,0,0,57,0,0,completed
48495,U8499,2025-03-02 16:46:00,2025-03-02 16:48:00,M,50+,office,seoul,1,0,0,0,11,0,0,57,0,0,completed
48496,U8500,2025-05-21 17:18:00,2025-05-21 17:25:00,M,30~39,office,seoul,0,0,0,0,18,0,0,25,0,0,completed
48497,U8501,2025-04-18 13:32:00,2025-04-18 13:36:00,F,30~39,office,seoul,0,0,0,0,0,0,0,51,0,0,completed
48498,U8502,2025-10-10 08:20:00,2025-10-10 08:22:00,F,30~39,office,seoul,0,0,0,0,6,0,0,66,0,0,completed
48499,U8503,2025-12-23 08:33:00,2025-12-23 08:36:00,F,50+,office,seoul,0,0,0,0,19,0,0,27,0,0,completed
48500,U8504,2025-09-06 20:50:00,2025-09-06 20:56:00,F,50+,office,seoul,1,0,0,0,8,0,0,54,0,0,completed
48501,U8505,2025-07-06 09:16:00,2025-07-06 09:18:00,M,30~39,office,seoul,1,0,0,0,0,0,0,25,0,0,abandoned
48502,U8506,2025-07-22 17:32:00,2025-07-22 17:38:00,F,50+,office,seoul,0,0,0,0,16,0,0,10,0,0,completed
48503,U8507,2025-04-30 15:32:00,2025-04-30 15:38:00,M,20~29,office,seoul,0,0,0,0,28,0,0,64,0,0,completed
48504,U8508,2025-11-21 15:53:00,2025-11-21 15:56:00,F,30~39,office,seoul,0,0,0,0,26,0,0,33,0,0,completed
48505,U8509,2025-08-27 12:34:00,2025-08-27 12:40:00,M,40~49,office,seoul,0,0,0,0,14,0,0,37,0,0,completed
48506,U8510,2025-10-12 12:30:00,2025-10-12 12:37:00,F,30~39,office,seoul,1,0,0,0,20,0,0,57,0,0,completed
48507,U8511,2025-04-02 09:18:00,2025-04-02 09:21:00,M,50+,office,seoul,0,0,0,0,27,0,0,45,0,0,completed
48508,U8512,2025-07-27 13:17:00,2025-07-27 13:23:00,F,40~49,office,seoul,1,0,0,0,4,0,0,33,0,0,completed
48509,U8513,2025-12-11 14:48:00,2025-12-11 14:51:00,F,40~49,office,seoul,0,0,0,0,7,0,0,22,0,0,completed
48510,U8514,2025-02-28 09:41:00,2025-02-28 09:47:00,F,40~49,office,seoul,0,0,0,0,20,0,0,79,0,0,completed
48511,U8515,2025-08-20 17:32:00,2025-08-20 17:38:00,F,40~49,office,seoul,0,0,0,0,13,0,0,19,0,0,completed
48512,U8516,2025-02-09 09:42:00,2025-02-09 09:45:00,F,40~49,office,seoul,1,0,0,0,14,0,0,59,1,0,completed
48513,U8517,2025-02-10 09:48:00,2025-02-10 09:52:00,M,50+,office,seoul,0,0,0,0,12,0,0,64,0,0,timeout
48514,U8518,2025-12-01 16:48:00,2025-12-01 16:52:00,F,30~39,office,seoul,0,0,0,0,1,0,0,62,0,0,timeout
48515,U8519,2025-08-10 08:13:00,2025-08-10 08:15:00,F,30~39,office,seoul,1,0,0,0,9,0,0,66,0,0,completed
48516,U8520,2025-08-22 12:12:00,2025-08-22 12:14:00,F,40~49,office,seoul,0,0,0,0,12,0,0,38,0,1,abandoned
48517,U8521,2025-09-11 21:03:00,2025-09-11 21:10:00,F,20~29,office,seoul,0,0,0,0,29,0,0,61,0,0,timeout
48518,U8522,2025-07-16 13:20:00,2025-07-16 13:26:00,F,40~49,office,seoul,0,0,0,0,4,0,0,21,0,0,completed
48519,U8523,2025-06-29 14:57:00,2025-06-29 15:00:00,F,20~29,office,seoul,1,0,0,0,26,0,0,45,0,0,completed
48520,U8524,2025-07-14 16:05:00,2025-07-14 16:10:00,F,20~29,office,seoul,0,0,0,0,4,0,0,52,0,0,completed
48521,U8525,2025-08-10 18:26:00,2025-08-10 18:33:00,F,30~39,office,seoul,1,0,0,0,2,0,0,47,0,0,completed
48522,U8526,2025-02-05 14:22:00,2025-02-05 14:25:00,F,20~29,office,seoul,0,0,0,0,29,0,0,61,0,0,completed
48523,U8527,2025-03-28 07:09:00,2025-03-28 07:14:00,F,40~49,office,seoul,0,0,0,0,23,0,0,76,0,0,completed
48524,U8528,2025-10-19 07:28:00,2025-10-19 07:32:00,F,30~39,office,seoul,1,0,0,0,24,0,0,71,0,0,completed
48525,U8529,2025-07-11 11:25:00,2025-07-11 11:29:00,F,20~29,office,seoul,0,0,0,0,22,0,0,71,0,0,completed
48526,U8530,2025-10-05 17:31:00,2025-10-05 17:36:00,F,30~39,office,seoul,1,0,0,0,1,0,0,52,0,0,abandoned
48527,U8531,2025-12-23 12:26:00,2025-12-23 12:31:00,F,20~29,office,seoul,0,0,0,0,12,0,0,12,0,0,completed
48528,U8532,2025-07-21 18:34:00,2025-07-21 18:39:00,M,20~29,office,seoul,0,0,0,0,12,0,0,37,0,0,completed
48529,U8533,2025-07-26 11:24:00,2025-07-26 11:30:00,M,40~49,office,seoul,1,0,0,0,6,0,0,11,0,0,abandoned
48530,U8534,2025-06-22 09:28:00,2025-06-22 09:30:00,F,40~49,office,seoul,1,0,0,0,19,0,0,33,0,0,completed
48531,U8535,2025-06-21 14:30:00,2025-06-21 14:32:00,M,50+,office,seoul,1,0,0,0,2,0,0,42,0,0,completed
48532,U8536,2025-03-02 07:06:00,2025-03-02 07:12:00,M,30~39,office,seoul,1,0,0,0,15,0,0,78,0,0,completed
48533,U8537,2025-12-07 07:22:00,2025-12-07 07:29:00,F,20~29,office,seoul,1,0,0,0,3,0,0,26,0,0,completed
48534,U8538,2025-01-12 13:47:00,2025-01-12 13:50:00,F,50+,office,seoul,1,0,0,0,8,0,0,36,0,0,completed
48535,U8539,2025-11-07 11:35:00,2025-11-07 11:38:00,F,40~49,office,seoul,0,0,0,0,2,0,0,70,0,0,completed
48536,U8540,2025-10-08 11:03:00,2025-10-08 11:10:00,M,30~39,office,seoul,0,0,0,0,15,0,0,43,0,0,completed
48537,U8541,2025-06-02 19:53:00,2025-06-02 20:00:00,F,30~39,office,seoul,0,0,0,0,17,0,0,27,0,0,completed
48538,U8542,2025-11-12 17:05:00,2025-11-12 17:12:00,F,40~49,office,seoul,0,0,0,0,25,0,0,66,0,0,completed
48539,U8543,2025-10-01 16:52:00,2025-10-01 16:59:00,F,30~39,office,seoul,0,0,0,0,1,0,0,31,0,0,completed
48540,U8544,2025-04-04 17:45:00,2025-04-04 17:50:00,F,40~49,office,seoul,0,0,0,0,23,0,0,13,1,0,completed
48541,U8545,2025-08-09 16:19:00,2025-08-09 16:24:00,F,20~29,office,seoul,1,0,0,0,7,0,0,41,0,0,completed
48542,U8546,2025-07-06 19:26:00,2025-07-06 19:32:00,F,30~39,office,seoul,1,0,0,0,17,0,0,65,0,0,completed
48543,U8547,2025-06-21 18:58:00,2025-06-21 19:00:00,F,20~29,office,seoul,1,0,0,0,4,0,0,27,0,0,completed
48544,U8548,2025-08-22 12:24:00,2025-08-22 12:30:00,F,40~49,office,seoul,0,0,0,0,27,0,0,28,0,0,completed
48545,U8549,2025-04-24 09:25:00,2025-04-24 09:31:00,M,30~39,office,seoul,0,0,0,0,14,0,0,66,0,0,completed
48546,U8550,2025-09-29 17:48:00,2025-09-29 17:52:00,F,30~39,office,seoul,0,0,0,0,13,0,0,59,0,0,completed
48547,U8551,2025-04-12 20:20:00,2025-04-12 20:26:00,F,20~29,office,seoul,1,0,0,0,28,0,0,62,0,0,completed
48548,U8552,2025-03-27 19:46:00,2025-03-27 19:48:00,F,20~29,office,seoul,0,0,0,0,16,0,0,63,0,0,completed
48549,U8553,2025-11-17 09:57:00,2025-11-17 10:01:00,M,30~39,office,seoul,0,0,0,0,7,0,0,57,0,0,completed
48550,U8554,2025-08-08 09:41:00,2025-08-08 09:45:00,F,50+,office,seoul,0,0,0,0,0,0,0,33,0,0,completed
48551,U8555,2025-02-04 19:49:00,2025-02-04 19:51:00,M,30~39,office,seoul,0,0,0,0,0,0,0,31,0,0,completed
48552,U8556,2025-10-17 17:53:00,2025-10-17 17:56:00,M,40~49,office,seoul,0,0,0,0,7,0,0,51,0,0,completed
48553,U8557,2025-09-08 20:44:00,2025-09-08 20:50:00,M,30~39,office,seoul,0,0,0,0,24,0,0,27,0,0,abandoned
48554,U8558,2025-02-12 18:35:00,2025-02-12 18:40:00,F,20~29,office,seoul,0,0,0,0,10,0,0,56,0,0,completed
48555,U8559,2025-04-01 17:05:00,2025-04-01 17:08:00,M,50+,office,seoul,0,0,0,0,20,0,0,29,0,0,completed
48556,U8560,2025-03-17 13:09:00,2025-03-17 13:12:00,F,20~29,office,seoul,0,0,0,0,2,0,0,29,0,0,completed
48557,U8561,2025-01-23 17:22:00,2025-01-23 17:25:00,F,20~29,office,seoul,0,0,0,0,28,0,0,47,0,0,completed
48558,U8562,2025-02-18 13:15:00,2025-02-18 13:21:00,F,20~29,office,seoul,0,0,0,0,15,0,0,24,0,0,completed
48559,U8563,2025-02-21 11:35:00,2025-02-21 11:40:00,M,20~29,office,seoul,0,0,0,0,16,0,0,35,0,0,completed
48560,U8564,2025-02-14 20:19:00,2025-02-14 20:24:00,M,20~29,office,seoul,0,0,0,0,14,0,0,39,0,0,timeout
48561,U8565,2025-10-13 11:32:00,2025-10-13 11:34:00,F,30~39,office,seoul,0,0,0,0,21,0,0,12,0,0,completed
48562,U8566,2025-05-28 07:18:00,2025-05-28 07:22:00,F,40~49,office,seoul,0,0,0,0,18,0,0,60,0,0,completed
48563,U8567,2025-12-24 20:40:00,2025-12-24 20:44:00,M,40~49,office,seoul,0,0,0,0,19,0,0,50,0,0,completed
48564,U8568,2025-11-28 21:55:00,2025-11-28 21:57:00,F,50+,office,seoul,0,0,0,0,16,0,0,12,0,0,completed
48565,U8569,2025-12-18 18:59:00,2025-12-18 19:02:00,M,20~29,office,seoul,0,0,0,0,15,0,0,24,0,0,completed
48566,U8570,2025-12-23 12:39:00,2025-12-23 12:41:00,M,50+,office,seoul,0,0,0,0,12,0,0,19,0,0,completed
48567,U8571,2025-09-13 12:48:00,2025-09-13 12:52:00,F,50+,office,seoul,1,0,0,0,24,0,0,50,0,0,completed
48568,U8572,2025-08-11 08:28:00,2025-08-11 08:30:00,M,50+,office,seoul,0,0,0,0,12,0,0,45,1,0,abandoned
48569,U8573,2025-02-05 19:09:00,2025-02-05 19:11:00,M,30~39,office,seoul,0,0,0,0,24,0,0,61,0,0,completed
48570,U8574,2025-03-05 14:46:00,2025-03-05 14:50:00,F,40~49,office,seoul,0,0,0,0,6,0,0,54,0,0,timeout
48571,U8575,2025-02-14 14:37:00,2025-02-14 14:40:00,F,30~39,office,seoul,0,0,0,0,17,0,0,25,0,0,completed
48572,U8576,2025-05-17 14:43:00,2025-05-17 14:45:00,F,20~29,office,seoul,1,0,0,0,15,0,0,42,0,0,completed
48573,U8577,2025-08-23 09:47:00,2025-08-23 09:53:00,F,30~39,office,seoul,1,0,0,0,16,0,0,75,0,0,completed
48574,U8578,2025-06-11 07:03:00,2025-06-11 07:10:00,F,50+,office,seoul,0,0,0,0,13,0,0,20,0,0,completed
48575,U8579,2025-10-30 16:07:00,2025-10-30 16:14:00,F,30~39,office,seoul,0,0,0,0,23,0,0,22,0,0,completed
48576,U8580,2025-01-08 16:50:00,2025-01-08 16:57:00,F,50+,office,seoul,0,0,0,0,1,0,0,57,0,0,completed
48577,U8581,2025-03-10 17:38:00,2025-03-10 17:42:00,F,40~49,office,seoul,0,0,0,0,18,0,0,33,0,0,completed
48578,U8582,2025-07-05 11:30:00,2025-07-05 11:35:00,F,20~29,office,seoul,1,0,0,0,23,0,0,64,0,0,completed
48579,U8583,2025-04-15 15:04:00,2025-04-15 15:07:00,M,30~39,office,seoul,0,0,0,0,6,0,0,10,0,0,completed
48580,U8584,2025-01-13 19:47:00,2025-01-13 19:54:00,F,40~49,office,seoul,0,0,0,0,15,0,0,32,0,0,completed
48581,U8585,2025-07-12 14:12:00,2025-07-12 14:19:00,M,20~29,office,seoul,1,0,0,0,6,0,0,23,0,0,completed
48582,U8586,2025-10-30 16:18:00,2025-10-30 16:25:00,F,30~39,office,seoul,0,0,0,0,3,0,0,27,0,0,timeout
48583,U8587,2025-10-12 07:19:00,2025-10-12 07:21:00,M,30~39,office,seoul,1,0,0,0,24,0,0,22,0,0,completed
48584,U8588,2025-10-01 19:42:00,2025-10-01 19:48:00,M,40~49,office,seoul,0,0,0,0,0,0,0,29,0,0,completed
48585,U8589,2025-02-12 12:24:00,2025-02-12 12:31:00,M,30~39,office,seoul,0,0,0,0,14,0,0,58,0,0,timeout
48586,U8590,2025-05-20 07:20:00,2025-05-20 07:22:00,F,40~49,office,seoul,0,0,0,0,21,0,0,50,0,0,completed
48587,U8591,2025-01-13 17:05:00,2025-01-13 17:10:00,F,30~39,office,seoul,0,0,0,0,22,0,0,54,0,0,completed
48588,U8592,2025-10-17 17:09:00,2025-10-17 17:14:00,F,50+,office,seoul,0,0,0,0,23,0,0,24,0,0,completed
48589,U8593,2025-10-02 16:00:00,2025-10-02 16:04:00,F,20~29,office,seoul,0,0,0,0,18,0,0,12,0,0,completed
48590,U8594,2025-03-20 13:13:00,2025-03-20 13:16:00,M,30~39,office,seoul,0,0,0,0,4,0,0,73,0,0,completed
48591,U8595,2025-07-21 15:41:00,2025-07-21 15:43:00,F,40~49,office,seoul,0,0,0,0,7,0,0,24,0,0,completed
48592,U8596,2025-04-27 12:44:00,2025-04-27 12:47:00,M,40~49,office,seoul,1,0,0,0,0,0,0,71,0,0,completed
48593,U8597,2025-01-28 14:07:00,2025-01-28 14:11:00,M,20~29,office,seoul,0,0,0,0,1,0,0,22,0,0,completed
48594,U8598,2025-03-23 17:49:00,2025-03-23 17:51:00,F,40~49,office,seoul,1,0,0,0,15,0,0,51,0,0,completed
48595,U8599,2025-10-31 19:50:00,2025-10-31 19:55:00,M,20~29,office,seoul,0,0,0,0,16,0,0,16,0,0,completed
48596,U8600,2025-09-19 16:39:00,2025-09-19 16:42:00,F,40~49,office,seoul,0,0,0,0,18,0,0,30,0,0,completed
48597,U8601,2025-05-11 11:27:00,2025-05-11 11:31:00,F,40~49,office,seoul,1,0,0,0,22,0,0,36,0,0,completed
48598,U8602,2025-08-09 14:09:00,2025-08-09 14:11:00,M,20~29,office,seoul,1,0,0,0,2,0,0,64,0,0,completed
48599,U8603,2025-07-15 21:24:00,2025-07-15 21:28:00,F,40~49,office,seoul,0,0,0,0,0,0,0,78,0,1,completed
48600,U8604,2025-05-21 07:25:00,2025-05-21 07:29:00,F,50+,office,seoul,0,0,0,0,18,0,0,14,0,0,completed
48601,U8605,2025-05-31 14:18:00,2025-05-31 14:25:00,F,30~39,office,seoul,1,0,0,0,8,0,0,61,0,0,timeout
48602,U8606,2025-04-15 11:52:00,2025-04-15 11:59:00,F,30~39,office,seoul,0,0,0,0,21,0,0,28,0,0,completed
48603,U8607,2025-05-21 15:22:00,2025-05-21 15:24:00,M,20~29,office,seoul,0,0,0,0,15,0,0,57,0,0,completed
48604,U8608,2025-08-13 20:15:00,2025-08-13 20:21:00,F,40~49,office,seoul,0,0,0,0,14,0,0,43,0,0,abandoned
48605,U8609,2025-06-19 20:28:00,2025-06-19 20:31:00,M,20~29,office,seoul,0,0,0,0,4,0,0,35,0,0,completed
48606,U8610,2025-03-21 13:32:00,2025-03-21 13:35:00,M,30~39,office,seoul,0,0,0,0,25,0,0,66,0,0,completed
48607,U8611,2025-10-24 12:11:00,2025-10-24 12:15:00,M,20~29,office,seoul,0,0,0,0,27,0,0,76,0,0,completed
48608,U8612,2025-08-02 14:04:00,2025-08-02 14:07:00,M,40~49,office,seoul,1,0,0,0,6,0,0,70,0,0,completed
48609,U8613,2025-09-23 12:06:00,2025-09-23 12:12:00,M,30~39,office,seoul,0,0,0,0,26,0,0,28,0,0,completed
48610,U8614,2025-11-28 14:23:00,2025-11-28 14:27:00,F,30~39,office,seoul,0,0,0,0,15,0,0,75,0,0,completed
48611,U8615,2025-06-16 18:35:00,2025-06-16 18:40:00,M,20~29,office,seoul,0,0,0,0,1,0,0,74,0,0,completed
48612,U8616,2025-06-26 19:18:00,2025-06-26 19:24:00,M,20~29,office,seoul,0,0,0,0,14,0,0,32,0,0,abandoned
48613,U8617,2025-06-21 09:58:00,2025-06-21 10:01:00,M,20~29,office,seoul,1,0,0,0,10,0,0,25,0,0,completed
48614,U8618,2025-07-09 15:04:00,2025-07-09 15:06:00,F,30~39,office,seoul,0,0,0,0,27,0,0,42,0,0,completed
48615,U8619,2025-07-02 17:01:00,2025-07-02 17:08:00,M,50+,office,seoul,0,0,0,0,14,0,0,16,0,0,completed
48616,U8620,2025-07-09 09:03:00,2025-07-09 09:10:00,F,20~29,office,seoul,0,0,0,0,11,0,0,58,0,0,completed
48617,U8621,2025-07-17 09:37:00,2025-07-17 09:44:00,M,30~39,office,seoul,0,0,0,0,10,0,0,42,0,0,error
48618,U8622,2025-03-29 19:29:00,2025-03-29 19:31:00,F,40~49,office,seoul,1,0,0,0,0,0,0,68,0,0,completed
48619,U8623,2025-04-20 18:50:00,2025-04-20 18:56:00,M,50+,office,seoul,1,0,0,0,3,0,0,29,0,0,completed
48620,U8624,2025-11-28 12:50:00,2025-11-28 12:52:00,F,30~39,office,seoul,0,0,0,0,3,0,0,48,0,0,completed
48621,U8625,2025-09-30 07:47:00,2025-09-30 07:51:00,M,20~29,office,seoul,0,0,0,0,15,0,0,63,0,0,completed
48622,U8626,2025-07-07 13:01:00,2025-07-07 13:07:00,F,30~39,office,seoul,0,0,0,0,0,0,0,16,0,0,completed
48623,U8627,2025-08-05 14:31:00,2025-08-05 14:37:00,F,40~49,office,seoul,0,0,0,0,28,0,0,37,0,0,completed
48624,U8628,2025-03-07 14:21:00,2025-03-07 14:25:00,M,20~29,office,seoul,0,0,0,0,12,0,0,25,0,0,completed
48625,U8629,2025-03-04 09:50:00,2025-03-04 09:56:00,M,20~29,office,seoul,0,0,0,0,5,0,0,38,0,0,completed
48626,U8630,2025-11-01 19:47:00,2025-11-01 19:52:00,M,40~49,office,seoul,1,0,0,0,20,0,0,50,0,0,completed
48627,U8631,2025-08-10 13:34:00,2025-08-10 13:39:00,M,30~39,office,seoul,1,0,0,0,23,0,0,16,0,0,completed
48628,U8632,2025-08-03 12:51:00,2025-08-03 12:53:00,F,20~29,office,seoul,1,0,0,0,28,0,0,35,0,0,completed
48629,U8633,2025-02-07 16:41:00,2025-02-07 16:45:00,F,20~29,office,seoul,0,0,0,0,19,0,0,23,0,0,completed
48630,U8634,2025-10-25 08:31:00,2025-10-25 08:34:00,F,40~49,office,seoul,1,0,0,0,13,0,0,73,0,0,completed
48631,U8635,2025-07-17 13:55:00,2025-07-17 14:02:00,M,20~29,office,seoul,0,0,0,0,15,0,0,58,0,0,completed
48632,U8636,2025-05-04 07:09:00,2025-05-04 07:11:00,M,40~49,office,seoul,1,0,0,0,16,0,0,51,0,0,completed
48633,U8637,2025-05-19 12:46:00,2025-05-19 12:51:00,F,30~39,office,seoul,0,0,0,0,14,0,0,51,0,0,abandoned
48634,U8638,2025-09-22 08:17:00,2025-09-22 08:20:00,M,40~49,office,seoul,0,0,0,0,21,0,0,13,0,0,completed
48635,U8639,2025-02-01 17:44:00,2025-02-01 17:46:00,F,20~29,office,seoul,1,0,0,0,5,0,0,77,0,0,completed
48636,U8640,2025-08-17 12:47:00,2025-08-17 12:53:00,F,20~29,office,seoul,1,0,0,0,29,0,0,75,0,0,completed
48637,U8641,2025-03-22 12:03:00,2025-03-22 12:10:00,F,40~49,office,seoul,1,0,0,0,8,0,0,60,0,0,completed
48638,U8642,2025-08-13 16:50:00,2025-08-13 16:55:00,M,30~39,office,seoul,0,0,0,0,17,0,0,27,0,0,completed
48639,U8643,2025-04-18 08:51:00,2025-04-18 08:58:00,F,30~39,office,seoul,0,0,0,0,21,0,0,44,0,0,completed
48640,U8644,2025-01-15 12:55:00,2025-01-15 13:01:00,M,40~49,office,seoul,0,0,0,0,11,0,0,24,0,0,completed
48641,U8645,2025-10-07 11:09:00,2025-10-07 11:11:00,M,30~39,office,seoul,0,0,0,0,13,0,0,23,0,0,completed
48642,U8646,2025-07-13 15:06:00,2025-07-13 15:13:00,F,20~29,office,seoul,1,0,0,0,8,0,0,45,0,0,completed
48643,U8647,2025-02-28 17:33:00,2025-02-28 17:38:00,M,40~49,office,seoul,0,0,0,0,18,0,0,10,0,0,timeout
48644,U8648,2025-11-03 22:48:00,2025-11-03 22:54:00,F,30~39,office,seoul,0,0,0,0,6,0,0,29,0,0,timeout
48645,U8649,2025-12-31 14:43:00,2025-12-31 14:48:00,M,40~49,office,seoul,0,0,0,0,0,0,0,76,1,0,completed
48646,U8650,2025-08-16 20:01:00,2025-08-16 20:08:00,F,30~39,office,seoul,1,0,0,0,0,0,0,51,0,0,completed
48647,U8651,2025-12-14 09:29:00,2025-12-14 09:36:00,F,50+,office,seoul,1,0,0,0,19,0,0,59,1,0,completed
48648,U8652,2025-08-22 21:21:00,2025-08-22 21:23:00,M,40~49,office,seoul,0,0,0,0,21,0,0,49,0,0,completed
48649,U8653,2025-04-27 12:53:00,2025-04-27 12:56:00,F,20~29,office,seoul,1,0,0,0,3,0,0,33,0,0,completed
48650,U8654,2025-05-20 07:17:00,2025-05-20 07:21:00,M,40~49,office,seoul,0,0,0,0,12,0,0,16,0,0,completed
48651,U8655,2025-10-19 07:21:00,2025-10-19 07:23:00,M,50+,office,seoul,1,0,0,0,4,0,0,28,0,0,completed
48652,U8656,2025-09-22 13:44:00,2025-09-22 13:51:00,F,50+,office,seoul,0,0,0,0,13,0,0,16,0,0,completed
48653,U8657,2025-05-13 07:57:00,2025-05-13 08:01:00,F,50+,office,seoul,0,0,0,0,0,0,0,42,0,0,completed
48654,U8658,2025-05-07 21:21:00,2025-05-07 21:25:00,M,40~49,office,seoul,0,0,0,0,0,0,0,68,0,0,completed
48655,U8659,2025-05-05 12:30:00,2025-05-05 12:34:00,F,50+,office,seoul,0,0,0,0,23,0,0,15,0,0,completed
48656,U8660,2025-05-08 17:58:00,2025-05-08 18:04:00,F,20~29,office,seoul,0,0,0,0,9,0,0,56,0,0,completed
48657,U8661,2025-05-11 14:12:00,2025-05-11 14:17:00,F,20~29,office,seoul,1,0,0,0,1,0,0,37,0,0,completed
48658,U8662,2025-04-25 12:09:00,2025-04-25 12:12:00,M,40~49,office,seoul,0,0,0,0,18,0,0,13,0,0,completed
48659,U8663,2025-04-23 09:26:00,2025-04-23 09:33:00,F,30~39,office,seoul,0,0,0,0,16,0,0,22,0,0,completed
48660,U8664,2025-02-03 20:08:00,2025-02-03 20:12:00,F,30~39,office,seoul,0,0,0,0,25,0,0,14,0,0,completed
48661,U8665,2025-12-19 09:30:00,2025-12-19 09:32:00,F,20~29,office,seoul,0,0,0,0,12,0,0,48,0,0,completed
48662,U8666,2025-12-31 12:36:00,2025-12-31 12:41:00,F,30~39,office,seoul,0,0,0,0,22,0,0,11,0,0,timeout
48663,U8667,2025-09-18 08:32:00,2025-09-18 08:34:00,M,50+,office,seoul,0,0,0,0,1,0,0,12,1,0,completed
48664,U8668,2025-01-10 13:23:00,2025-01-10 13:30:00,F,50+,office,seoul,0,0,0,0,10,0,0,54,0,0,completed
48665,U8669,2025-07-22 14:47:00,2025-07-22 14:53:00,M,30~39,office,seoul,0,0,0,0,8,0,0,27,0,0,completed
48666,U8670,2025-09-10 16:13:00,2025-09-10 16:18:00,M,40~49,office,seoul,0,0,0,0,18,0,0,29,0,1,completed
48667,U8671,2025-11-04 09:59:00,2025-11-04 10:04:00,F,50+,office,seoul,0,0,0,0,11,0,0,29,0,1,completed
48668,U8672,2025-10-04 14:54:00,2025-10-04 14:59:00,F,20~29,office,seoul,1,0,0,0,13,0,0,44,0,0,completed
48669,U8673,2025-01-07 16:34:00,2025-01-07 16:37:00,F,30~39,office,seoul,0,0,0,0,15,0,0,78,0,0,completed
48670,U8674,2025-11-05 13:00:00,2025-11-05 13:02:00,F,30~39,office,seoul,0,0,0,0,21,0,0,11,0,0,completed
48671,U8675,2025-09-17 15:07:00,2025-09-17 15:11:00,F,20~29,office,seoul,0,0,0,0,19,0,0,70,0,0,completed
48672,U8676,2025-01-21 14:02:00,2025-01-21 14:06:00,F,50+,office,seoul,0,0,0,0,22,0,0,57,0,0,completed
48673,U8677,2025-05-18 09:34:00,2025-05-18 09:36:00,M,30~39,office,seoul,1,0,0,0,16,0,0,19,0,0,completed
48674,U8678,2025-06-07 21:55:00,2025-06-07 21:57:00,F,40~49,office,seoul,1,0,0,0,5,0,0,79,0,0,completed
48675,U8679,2025-07-24 13:03:00,2025-07-24 13:08:00,M,30~39,office,seoul,0,0,0,0,8,0,0,27,0,0,completed
48676,U8680,2025-08-15 21:24:00,2025-08-15 21:27:00,M,50+,office,seoul,0,0,0,0,11,0,0,42,0,0,completed
48677,U8681,2025-07-26 17:29:00,2025-07-26 17:36:00,M,20~29,office,seoul,1,0,0,0,19,0,0,48,0,0,abandoned
48678,U8682,2025-01-31 14:24:00,2025-01-31 14:28:00,F,30~39,office,seoul,0,0,0,0,26,0,0,45,0,0,completed
48679,U8683,2025-10-18 09:40:00,2025-10-18 09:47:00,M,20~29,office,seoul,1,0,0,0,14,0,0,13,0,0,completed
48680,U8684,2025-06-06 20:51:00,2025-06-06 20:58:00,F,30~39,office,seoul,0,0,0,0,25,0,0,57,0,0,completed
48681,U8685,2025-10-14 17:28:00,2025-10-14 17:33:00,F,20~29,office,seoul,0,0,0,0,29,0,0,61,0,0,completed
48682,U8686,2025-07-19 17:24:00,2025-07-19 17:29:00,F,20~29,office,seoul,1,0,0,0,23,0,0,70,0,0,completed
48683,U8687,2025-09-11 17:24:00,2025-09-11 17:30:00,M,20~29,office,seoul,0,0,0,0,28,0,0,57,0,0,completed
48684,U8688,2025-04-02 08:09:00,2025-04-02 08:11:00,M,30~39,office,seoul,0,0,0,0,16,0,0,60,0,0,completed
48685,U8689,2025-10-26 19:36:00,2025-10-26 19:39:00,F,50+,office,seoul,1,0,0,0,5,0,0,33,1,0,completed
48686,U8690,2025-03-22 16:32:00,2025-03-22 16:36:00,F,20~29,office,seoul,1,0,0,0,21,0,0,53,0,0,completed
48687,U8691,2025-03-05 08:10:00,2025-03-05 08:15:00,M,20~29,office,seoul,0,0,0,0,26,0,0,77,0,0,completed
48688,U8692,2025-10-01 13:33:00,2025-10-01 13:37:00,M,20~29,office,seoul,0,0,0,0,16,0,0,32,0,0,completed
48689,U8693,2025-04-19 13:05:00,2025-04-19 13:10:00,F,20~29,office,seoul,1,0,0,0,20,0,0,53,0,0,error
48690,U8694,2025-02-13 19:27:00,2025-02-13 19:33:00,F,40~49,office,seoul,0,0,0,0,0,0,0,46,0,0,completed
48691,U8695,2025-12-24 13:49:00,2025-12-24 13:52:00,M,30~39,office,seoul,0,0,0,0,7,0,0,27,0,0,completed
48692,U8696,2025-11-29 19:54:00,2025-11-29 19:56:00,F,20~29,office,seoul,1,0,0,0,0,0,0,55,0,0,completed
48693,U8697,2025-09-12 09:13:00,2025-09-12 09:15:00,M,20~29,office,seoul,0,0,0,0,25,0,0,62,0,0,completed
48694,U8698,2025-04-18 07:08:00,2025-04-18 07:10:00,M,20~29,office,seoul,0,0,0,0,21,0,0,78,0,0,completed
48695,U8699,2025-10-22 14:47:00,2025-10-22 14:51:00,F,50+,office,seoul,0,0,0,0,27,0,0,63,0,0,completed
48696,U8700,2025-06-30 07:55:00,2025-06-30 08:02:00,F,30~39,office,seoul,0,0,0,0,7,0,0,62,0,0,completed
48697,U8701,2025-09-05 12:57:00,2025-09-05 12:59:00,F,20~29,office,seoul,0,0,0,0,2,0,0,62,0,0,completed
48698,U8702,2025-02-12 22:48:00,2025-02-12 22:50:00,F,50+,office,seoul,0,0,0,0,18,0,0,61,0,0,completed
48699,U8703,2025-10-09 08:46:00,2025-10-09 08:48:00,F,40~49,office,seoul,0,0,0,0,26,0,0,26,0,0,completed
48700,U8704,2025-05-14 20:13:00,2025-05-14 20:17:00,M,50+,office,seoul,0,0,0,0,22,0,0,34,0,0,completed
48701,U8705,2025-02-05 11:29:00,2025-02-05 11:34:00,M,20~29,office,seoul,0,0,0,0,3,0,0,10,0,0,completed
48702,U8706,2025-12-03 14:24:00,2025-12-03 14:30:00,M,20~29,office,seoul,0,0,0,0,19,0,0,25,0,0,completed
48703,U8707,2025-04-14 19:13:00,2025-04-14 19:18:00,F,50+,office,seoul,0,0,0,0,2,0,0,24,1,0,completed
48704,U8708,2025-06-17 20:05:00,2025-06-17 20:07:00,F,30~39,office,seoul,0,0,0,0,13,0,0,72,0,0,completed
48705,U8709,2025-10-11 15:34:00,2025-10-11 15:37:00,F,20~29,office,seoul,1,0,0,0,29,0,0,76,0,0,completed
48706,U8710,2025-10-20 18:10:00,2025-10-20 18:15:00,F,30~39,office,seoul,0,0,0,0,12,0,0,41,0,0,completed
48707,U8711,2025-08-19 21:57:00,2025-08-19 22:02:00,F,40~49,office,seoul,0,0,0,0,25,0,0,20,0,0,completed
48708,U8712,2025-03-10 15:09:00,2025-03-10 15:13:00,F,20~29,office,seoul,0,0,0,0,14,0,0,53,0,0,completed
48709,U8713,2025-10-23 16:31:00,2025-10-23 16:35:00,F,20~29,office,seoul,0,0,0,0,2,0,0,73,1,0,completed
48710,U8714,2025-03-12 14:33:00,2025-03-12 14:38:00,F,50+,office,seoul,0,0,0,0,25,0,0,10,0,0,completed
48711,U8715,2025-02-06 20:26:00,2025-02-06 20:31:00,F,30~39,office,seoul,0,0,0,0,19,0,0,32,0,0,completed
48712,U8716,2025-02-06 09:59:00,2025-02-06 10:05:00,F,40~49,office,seoul,0,0,0,0,20,0,0,49,0,0,completed
48713,U8717,2025-12-23 14:07:00,2025-12-23 14:10:00,M,40~49,office,seoul,0,0,0,0,0,0,0,77,0,0,completed
48714,U8718,2025-05-18 14:20:00,2025-05-18 14:25:00,F,30~39,office,seoul,1,0,0,0,3,0,0,23,0,0,completed
48715,U8719,2025-05-05 07:57:00,2025-05-05 08:00:00,M,30~39,office,seoul,0,0,0,0,14,0,0,68,0,0,completed
48716,U8720,2025-10-16 11:05:00,2025-10-16 11:11:00,F,20~29,office,seoul,0,0,0,0,20,0,0,77,0,0,completed
48717,U8721,2025-09-01 14:38:00,2025-09-01 14:41:00,F,20~29,office,seoul,0,0,0,0,4,0,0,67,0,0,abandoned
48718,U8722,2025-08-09 12:47:00,2025-08-09 12:51:00,M,20~29,office,seoul,1,0,0,0,20,0,0,40,0,0,completed
48719,U8723,2025-04-06 07:26:00,2025-04-06 07:30:00,F,30~39,office,seoul,1,0,0,0,2,0,0,79,0,0,completed
48720,U8724,2025-04-20 12:54:00,2025-04-20 13:01:00,F,30~39,office,seoul,1,0,0,0,29,0,0,36,0,0,completed
48721,U8725,2025-10-14 08:24:00,2025-10-14 08:31:00,F,50+,office,seoul,0,0,0,0,18,0,0,22,0,0,completed
48722,U8726,2025-09-13 09:44:00,2025-09-13 09:50:00,M,40~49,office,seoul,1,0,0,0,5,0,0,73,0,0,completed
48723,U8727,2025-05-10 16:23:00,2025-05-10 16:28:00,M,20~29,office,seoul,1,0,0,0,26,0,0,39,0,0,abandoned
48724,U8728,2025-10-07 17:55:00,2025-10-07 17:58:00,M,30~39,office,seoul,0,0,0,0,19,0,0,50,0,0,completed
48725,U8729,2025-12-04 17:35:00,2025-12-04 17:37:00,F,40~49,office,seoul,0,0,0,0,13,0,0,11,0,0,completed
48726,U8730,2025-05-24 17:37:00,2025-05-24 17:41:00,F,20~29,office,seoul,1,0,0,0,8,0,0,64,0,0,completed
48727,U8731,2025-05-08 14:02:00,2025-05-08 14:05:00,F,30~39,office,seoul,0,0,0,0,24,0,0,45,0,0,completed
48728,U8732,2025-05-24 18:38:00,2025-05-24 18:43:00,F,40~49,office,seoul,1,0,0,0,1,0,0,54,0,0,completed
48729,U8733,2025-06-10 17:39:00,2025-06-10 17:44:00,M,30~39,office,seoul,0,0,0,0,28,0,0,32,0,0,completed
48730,U8734,2025-06-28 18:32:00,2025-06-28 18:36:00,F,40~49,office,seoul,1,0,0,0,5,0,0,16,0,0,error
48731,U8735,2025-09-21 12:57:00,2025-09-21 13:04:00,F,40~49,office,seoul,1,0,0,0,5,0,0,50,0,0,completed
48732,U8736,2025-03-14 09:35:00,2025-03-14 09:42:00,M,30~39,office,seoul,0,0,0,0,26,0,0,28,0,0,completed
48733,U8737,2025-06-03 14:33:00,2025-06-03 14:36:00,M,30~39,office,seoul,0,0,0,0,5,0,0,20,0,0,completed
48734,U8738,2025-04-18 11:21:00,2025-04-18 11:28:00,F,50+,office,seoul,0,0,0,0,29,0,0,61,0,0,completed
48735,U8739,2025-06-06 09:23:00,2025-06-06 09:29:00,M,30~39,office,seoul,0,0,0,0,22,0,0,62,0,0,completed
48736,U8740,2025-07-17 16:00:00,2025-07-17 16:07:00,M,20~29,office,seoul,0,0,0,0,8,0,0,28,0,0,completed
48737,U8741,2025-03-04 14:29:00,2025-03-04 14:35:00,F,20~29,office,seoul,0,0,0,0,9,0,0,16,0,0,completed
48738,U8742,2025-03-17 11:48:00,2025-03-17 11:52:00,F,20~29,office,seoul,0,0,0,0,24,0,0,27,0,0,completed
48739,U8743,2025-09-03 14:26:00,2025-09-03 14:31:00,F,30~39,office,seoul,0,0,0,0,8,0,0,42,0,0,completed
48740,U8744,2025-01-08 18:12:00,2025-01-08 18:17:00,M,30~39,office,seoul,0,0,0,0,17,0,0,77,0,0,completed
48741,U8745,2025-01-05 15:20:00,2025-01-05 15:23:00,F,20~29,office,seoul,1,0,0,0,2,0,0,45,0,0,completed
48742,U8746,2025-05-12 16:05:00,2025-05-12 16:12:00,M,20~29,office,seoul,0,0,0,0,10,0,0,50,0,0,timeout
48743,U8747,2025-06-17 20:35:00,2025-06-17 20:38:00,F,50+,office,seoul,0,0,0,0,16,0,0,51,0,0,completed
48744,U8748,2025-10-02 15:46:00,2025-10-02 15:52:00,F,30~39,office,seoul,0,0,0,0,5,0,0,60,0,0,completed
48745,U8749,2025-07-19 11:31:00,2025-07-19 11:34:00,M,20~29,office,seoul,1,0,0,0,14,0,0,64,0,0,completed
48746,U8750,2025-12-22 14:25:00,2025-12-22 14:31:00,M,20~29,office,seoul,0,0,0,0,21,0,0,51,0,0,completed
48747,U8751,2025-12-16 17:49:00,2025-12-16 17:54:00,F,20~29,office,seoul,0,0,0,0,3,0,0,27,0,0,completed
48748,U8752,2025-12-14 16:37:00,2025-12-14 16:39:00,F,50+,office,seoul,1,0,0,0,20,0,0,20,1,0,completed
48749,U8753,2025-11-12 18:10:00,2025-11-12 18:16:00,M,50+,office,seoul,0,0,0,0,18,0,0,78,0,0,completed
48750,U8754,2025-01-26 22:54:00,2025-01-26 22:58:00,F,30~39,office,seoul,1,0,0,0,15,0,0,19,0,0,completed
48751,U8755,2025-07-20 08:48:00,2025-07-20 08:51:00,M,30~39,office,seoul,1,0,0,0,23,0,0,20,0,0,completed
48752,U8756,2025-01-27 08:02:00,2025-01-27 08:05:00,F,20~29,office,seoul,0,0,0,0,27,0,0,13,0,0,completed
48753,U8757,2025-10-27 07:14:00,2025-10-27 07:18:00,M,20~29,office,seoul,0,0,0,0,6,0,0,28,0,1,completed
48754,U8758,2025-05-19 17:40:00,2025-05-19 17:43:00,M,20~29,office,seoul,0,0,0,0,27,0,0,65,0,0,completed
48755,U8759,2025-10-28 12:40:00,2025-10-28 12:42:00,F,50+,office,seoul,0,0,0,0,17,0,0,54,0,0,completed
48756,U8760,2025-02-07 12:25:00,2025-02-07 12:32:00,F,40~49,office,seoul,0,0,0,0,16,0,0,50,0,0,completed
48757,U8761,2025-08-07 15:56:00,2025-08-07 16:01:00,M,30~39,office,seoul,0,0,0,0,16,0,0,76,0,0,completed
48758,U8762,2025-07-28 17:27:00,2025-07-28 17:33:00,F,40~49,office,seoul,0,0,0,0,24,0,0,39,0,0,completed
48759,U8763,2025-03-05 14:47:00,2025-03-05 14:53:00,F,20~29,office,seoul,0,0,0,0,4,0,0,71,0,0,completed
48760,U8764,2025-12-22 17:06:00,2025-12-22 17:11:00,F,40~49,office,seoul,0,0,0,0,19,0,0,75,0,0,completed
48761,U8765,2025-03-05 19:08:00,2025-03-05 19:13:00,M,30~39,office,seoul,0,0,0,0,26,0,0,11,0,0,timeout
48762,U8766,2025-10-15 16:23:00,2025-10-15 16:28:00,M,40~49,office,seoul,0,0,0,0,4,0,0,15,0,0,completed
48763,U8767,2025-10-27 12:16:00,2025-10-27 12:20:00,F,30~39,office,seoul,0,0,0,0,0,0,0,51,1,0,completed
48764,U8768,2025-01-24 16:22:00,2025-01-24 16:26:00,M,50+,office,seoul,0,0,0,0,3,0,0,59,0,0,completed
48765,U8769,2025-10-16 09:41:00,2025-10-16 09:45:00,F,40~49,office,seoul,0,0,0,0,17,0,0,22,0,0,completed
48766,U8770,2025-08-24 12:27:00,2025-08-24 12:30:00,F,20~29,office,seoul,1,0,0,0,4,0,0,16,0,0,completed
48767,U8771,2025-04-24 16:00:00,2025-04-24 16:06:00,F,40~49,office,seoul,0,0,0,0,24,0,0,17,0,0,completed
48768,U8772,2025-10-12 14:38:00,2025-10-12 14:45:00,M,40~49,office,seoul,1,0,0,0,0,0,0,28,0,0,abandoned
48769,U8773,2025-10-26 18:38:00,2025-10-26 18:40:00,M,20~29,office,seoul,1,0,0,0,23,0,0,69,0,0,completed
48770,U8774,2025-09-08 12:59:00,2025-09-08 13:05:00,M,20~29,office,seoul,0,0,0,0,13,0,0,45,0,0,completed
48771,U8775,2025-01-04 09:06:00,2025-01-04 09:12:00,M,30~39,office,seoul,1,0,0,0,1,0,0,75,0,0,completed
48772,U8776,2025-03-14 14:19:00,2025-03-14 14:25:00,M,40~49,office,seoul,0,0,0,0,20,0,0,48,0,0,completed
48773,U8777,2025-03-24 15:06:00,2025-03-24 15:13:00,F,20~29,office,seoul,0,0,0,0,25,0,0,57,0,0,completed
48774,U8778,2025-04-02 14:02:00,2025-04-02 14:07:00,F,40~49,office,seoul,0,0,0,0,4,0,0,29,0,0,abandoned
48775,U8779,2025-09-29 07:25:00,2025-09-29 07:32:00,M,20~29,office,seoul,0,0,0,0,3,0,0,71,0,0,completed
48776,U8780,2025-10-08 07:40:00,2025-10-08 07:42:00,M,30~39,office,seoul,0,0,0,0,18,0,0,78,0,0,completed
48777,U8781,2025-10-06 15:44:00,2025-10-06 15:48:00,M,20~29,office,seoul,0,0,0,0,0,0,0,46,0,0,completed
48778,U8782,2025-04-26 12:28:00,2025-04-26 12:31:00,F,50+,office,seoul,1,0,0,0,17,0,0,42,0,0,completed
48779,U8783,2025-12-09 15:31:00,2025-12-09 15:36:00,F,40~49,office,seoul,0,0,0,0,16,0,0,61,0,0,completed
48780,U8784,2025-04-24 14:34:00,2025-04-24 14:38:00,M,50+,office,seoul,0,0,0,0,2,0,0,44,0,0,completed
48781,U8785,2025-07-24 15:15:00,2025-07-24 15:17:00,F,30~39,office,seoul,0,0,0,0,5,0,0,55,0,0,error
48782,U8786,2025-03-24 13:01:00,2025-03-24 13:07:00,M,50+,office,seoul,0,0,0,0,10,0,0,11,0,0,completed
48783,U8787,2025-04-10 09:26:00,2025-04-10 09:32:00,M,40~49,office,seoul,0,0,0,0,3,0,0,64,0,0,completed
48784,U8788,2025-02-12 08:54:00,2025-02-12 09:01:00,M,30~39,office,seoul,0,0,0,0,28,0,0,11,0,0,completed
48785,U8789,2025-12-11 13:04:00,2025-12-11 13:11:00,F,20~29,office,seoul,0,0,0,0,8,0,0,70,0,0,completed
48786,U8790,2025-04-29 21:50:00,2025-04-29 21:57:00,F,40~49,office,seoul,0,0,0,0,0,0,0,41,0,0,completed
48787,U8791,2025-07-16 17:09:00,2025-07-16 17:12:00,M,40~49,office,seoul,0,0,0,0,16,0,0,30,0,0,completed
48788,U8792,2025-11-18 07:09:00,2025-11-18 07:16:00,F,20~29,office,seoul,0,0,0,0,9,0,0,37,0,0,timeout
48789,U8793,2025-12-18 15:00:00,2025-12-18 15:04:00,F,30~39,office,seoul,0,0,0,0,25,0,0,71,0,0,completed
48790,U8794,2025-06-27 12:08:00,2025-06-27 12:14:00,F,20~29,office,seoul,0,0,0,0,1,0,0,65,0,0,completed
48791,U8795,2025-12-17 14:40:00,2025-12-17 14:45:00,F,30~39,office,seoul,0,0,0,0,1,0,0,23,0,0,completed
48792,U8796,2025-06-19 14:02:00,2025-06-19 14:08:00,M,20~29,office,seoul,0,0,0,0,26,0,0,13,0,0,completed
48793,U8797,2025-12-25 07:38:00,2025-12-25 07:42:00,M,50+,office,seoul,0,0,0,0,2,0,0,62,0,0,completed
48794,U8798,2025-12-27 08:01:00,2025-12-27 08:04:00,M,20~29,office,seoul,1,0,0,0,23,0,0,33,0,0,completed
48795,U8799,2025-02-08 12:17:00,2025-02-08 12:24:00,F,40~49,office,seoul,1,0,0,0,28,0,0,33,0,0,completed
48796,U8800,2025-03-12 16:22:00,2025-03-12 16:28:00,F,40~49,office,seoul,0,0,0,0,0,0,0,56,0,0,completed
48797,U8801,2025-04-27 14:00:00,2025-04-27 14:06:00,F,40~49,office,seoul,1,0,0,0,26,0,0,68,0,0,completed
48798,U8802,2025-09-16 16:29:00,2025-09-16 16:31:00,F,40~49,office,seoul,0,0,0,0,2,0,0,62,0,0,completed
48799,U8803,2025-04-23 13:23:00,2025-04-23 13:25:00,F,40~49,office,seoul,0,0,0,0,20,0,0,35,1,0,completed
48800,U8804,2025-06-13 14:05:00,2025-06-13 14:10:00,F,30~39,office,seoul,0,0,0,0,16,0,0,12,0,0,completed
48801,U8805,2025-02-03 12:36:00,2025-02-03 12:41:00,M,40~49,office,seoul,0,0,0,0,26,0,0,69,0,0,completed
48802,U8806,2025-05-02 20:52:00,2025-05-02 20:55:00,F,20~29,office,seoul,0,0,0,0,4,0,0,38,0,0,completed
48803,U8807,2025-10-08 17:40:00,2025-10-08 17:45:00,M,40~49,office,seoul,0,0,0,0,11,0,0,72,1,0,timeout
48804,U8808,2025-06-15 16:44:00,2025-06-15 16:47:00,F,30~39,office,seoul,1,0,0,0,2,0,0,33,0,0,completed
48805,U8809,2025-07-08 15:02:00,2025-07-08 15:09:00,F,40~49,office,seoul,0,0,0,0,21,0,0,20,0,0,completed
48806,U8810,2025-09-18 21:49:00,2025-09-18 21:56:00,M,30~39,office,seoul,0,0,0,0,14,0,0,11,0,0,completed
48807,U8811,2025-05-26 20:56:00,2025-05-26 20:58:00,M,20~29,office,seoul,0,0,0,0,20,0,0,17,0,0,completed
48808,U8812,2025-11-21 09:38:00,2025-11-21 09:45:00,F,30~39,office,seoul,0,0,0,0,2,0,0,13,0,0,completed
48809,U8813,2025-10-13 18:02:00,2025-10-13 18:08:00,M,40~49,office,seoul,0,0,0,0,25,0,0,33,0,0,completed
48810,U8814,2025-11-06 14:36:00,2025-11-06 14:39:00,M,20~29,office,seoul,0,0,0,0,13,0,0,17,0,0,timeout
48811,U8815,2025-06-29 09:09:00,2025-06-29 09:16:00,F,50+,office,seoul,1,0,0,0,14,0,0,30,0,0,completed
48812,U8816,2025-02-02 14:17:00,2025-02-02 14:21:00,F,50+,office,seoul,1,0,0,0,23,0,0,43,0,0,completed
48813,U8817,2025-07-05 19:15:00,2025-07-05 19:19:00,F,30~39,office,seoul,1,0,0,0,28,0,0,70,0,0,completed
48814,U8818,2025-04-25 19:40:00,2025-04-25 19:42:00,F,40~49,office,seoul,0,0,0,0,15,0,0,16,0,0,completed
48815,U8819,2025-12-19 11:49:00,2025-12-19 11:53:00,M,40~49,office,seoul,0,0,0,0,4,0,0,66,0,0,completed
48816,U8820,2025-07-03 08:02:00,2025-07-03 08:06:00,F,40~49,office,seoul,0,0,0,0,5,0,0,49,0,0,completed
48817,U8821,2025-08-31 17:33:00,2025-08-31 17:39:00,F,50+,office,seoul,1,0,0,0,8,0,0,76,0,0,completed
48818,U8822,2025-12-23 07:48:00,2025-12-23 07:53:00,F,20~29,office,seoul,0,0,0,0,23,0,0,64,0,1,completed
48819,U8823,2025-05-07 21:07:00,2025-05-07 21:10:00,F,20~29,office,seoul,0,0,0,0,24,0,0,63,0,0,completed
48820,U8824,2025-11-11 16:17:00,2025-11-11 16:21:00,F,20~29,office,seoul,0,0,0,0,24,0,0,21,0,0,completed
48821,U8825,2025-11-23 16:55:00,2025-11-23 17:00:00,F,30~39,office,seoul,1,0,0,0,1,0,0,42,0,0,completed
48822,U8826,2025-06-18 12:47:00,2025-06-18 12:52:00,M,20~29,office,seoul,0,0,0,0,11,0,0,17,1,0,completed
48823,U8827,2025-11-18 11:29:00,2025-11-18 11:33:00,M,40~49,office,seoul,0,0,0,0,11,0,0,39,0,0,completed
48824,U8828,2025-01-07 20:20:00,2025-01-07 20:26:00,M,30~39,office,seoul,0,0,0,0,5,0,0,52,0,0,completed
48825,U8829,2025-07-19 12:39:00,2025-07-19 12:41:00,F,30~39,office,seoul,1,0,0,0,6,0,0,51,0,0,completed
48826,U8830,2025-08-19 13:17:00,2025-08-19 13:23:00,M,20~29,office,seoul,0,0,0,0,7,0,0,64,0,0,completed
48827,U8831,2025-07-10 12:18:00,2025-07-10 12:23:00,F,20~29,office,seoul,0,0,0,0,29,0,0,54,0,0,completed
48828,U8832,2025-02-12 18:11:00,2025-02-12 18:15:00,F,40~49,office,seoul,0,0,0,0,24,0,0,46,0,0,completed
48829,U8833,2025-06-17 12:05:00,2025-06-17 12:10:00,F,50+,office,seoul,0,0,0,0,1,0,0,13,1,0,completed
48830,U8834,2025-04-30 17:47:00,2025-04-30 17:50:00,F,40~49,office,seoul,0,0,0,0,3,0,0,75,0,0,error
48831,U8835,2025-06-26 12:37:00,2025-06-26 12:43:00,M,20~29,office,seoul,0,0,0,0,25,0,0,70,0,0,completed
48832,U8836,2025-04-04 09:46:00,2025-04-04 09:51:00,M,40~49,office,seoul,0,0,0,0,22,0,0,46,0,0,completed
48833,U8837,2025-01-21 16:36:00,2025-01-21 16:38:00,M,20~29,office,seoul,0,0,0,0,27,0,0,12,1,0,completed
48834,U8838,2025-11-05 09:31:00,2025-11-05 09:36:00,F,20~29,office,seoul,0,0,0,0,20,0,0,38,0,0,completed
48835,U8839,2025-03-13 14:13:00,2025-03-13 14:16:00,F,20~29,office,seoul,0,0,0,0,15,0,0,62,0,0,completed
48836,U8840,2025-09-04 09:51:00,2025-09-04 09:57:00,F,20~29,office,seoul,0,0,0,0,1,0,0,22,0,0,completed
48837,U8841,2025-07-20 19:53:00,2025-07-20 19:57:00,F,50+,office,seoul,1,0,0,0,15,0,0,72,0,0,completed
48838,U8842,2025-11-06 16:38:00,2025-11-06 16:44:00,M,20~29,office,seoul,0,0,0,0,3,0,0,44,0,0,completed
48839,U8843,2025-07-19 11:27:00,2025-07-19 11:30:00,F,30~39,office,seoul,1,0,0,0,16,0,0,28,0,0,abandoned
48840,U8844,2025-08-22 18:16:00,2025-08-22 18:23:00,F,20~29,office,seoul,0,0,0,0,2,0,0,36,0,0,completed
48841,U8845,2025-03-09 08:55:00,2025-03-09 09:00:00,M,20~29,office,seoul,1,0,0,0,12,0,0,58,0,0,completed
48842,U8846,2025-11-04 19:17:00,2025-11-04 19:23:00,F,40~49,office,seoul,0,0,0,0,11,0,0,45,0,0,abandoned
48843,U8847,2025-03-28 12:32:00,2025-03-28 12:34:00,F,20~29,office,seoul,0,0,0,0,15,0,0,15,0,0,completed
48844,U8848,2025-07-26 16:58:00,2025-07-26 17:01:00,F,20~29,office,seoul,1,0,0,0,7,0,0,17,0,0,completed
48845,U8849,2025-09-23 08:46:00,2025-09-23 08:50:00,F,40~49,office,seoul,0,0,0,0,10,0,0,44,0,0,completed
48846,U8850,2025-08-10 14:30:00,2025-08-10 14:36:00,M,40~49,office,seoul,1,0,0,0,24,0,0,29,0,0,completed
48847,U8851,2025-08-10 17:35:00,2025-08-10 17:40:00,F,30~39,office,seoul,1,0,0,0,16,0,0,34,0,0,completed
48848,U8852,2025-10-24 18:03:00,2025-10-24 18:10:00,F,20~29,office,seoul,0,0,0,0,0,0,0,24,0,0,error
48849,U8853,2025-01-02 08:08:00,2025-01-02 08:11:00,F,30~39,office,seoul,0,0,0,0,21,0,0,18,0,0,completed
48850,U8854,2025-01-20 16:05:00,2025-01-20 16:07:00,F,30~39,office,seoul,0,0,0,0,15,0,0,65,0,0,completed
48851,U8855,2025-10-13 09:02:00,2025-10-13 09:09:00,F,50+,office,seoul,0,0,0,0,20,0,0,75,0,0,completed
48852,U8856,2025-06-14 19:38:00,2025-06-14 19:40:00,F,30~39,office,seoul,1,0,0,0,6,0,0,21,0,0,completed
48853,U8857,2025-06-10 08:42:00,2025-06-10 08:48:00,M,20~29,office,seoul,0,0,0,0,14,0,0,47,0,0,completed
48854,U8858,2025-08-25 07:47:00,2025-08-25 07:51:00,F,20~29,office,seoul,0,0,0,0,4,0,0,43,0,0,completed
48855,U8859,2025-03-15 15:20:00,2025-03-15 15:25:00,F,40~49,office,seoul,1,0,0,0,14,0,0,64,0,0,completed
48856,U8860,2025-11-17 12:12:00,2025-11-17 12:19:00,M,30~39,office,seoul,0,0,0,0,9,0,0,61,0,0,completed
48857,U8861,2025-06-02 11:05:00,2025-06-02 11:10:00,F,20~29,office,seoul,0,0,0,0,17,0,0,17,0,0,completed
48858,U8862,2025-04-07 08:32:00,2025-04-07 08:39:00,F,20~29,office,seoul,0,0,0,0,3,0,0,29,0,0,completed
48859,U8863,2025-10-31 16:18:00,2025-10-31 16:21:00,M,20~29,office,seoul,0,0,0,0,7,0,0,64,0,0,completed
48860,U8864,2025-09-15 15:06:00,2025-09-15 15:08:00,F,30~39,office,seoul,0,0,0,0,23,0,0,25,0,0,completed
48861,U8865,2025-12-25 16:19:00,2025-12-25 16:24:00,F,30~39,office,seoul,0,0,0,0,13,0,0,52,0,0,error
48862,U8866,2025-06-23 12:42:00,2025-06-23 12:46:00,M,30~39,office,seoul,0,0,0,0,17,0,0,29,0,0,completed
48863,U8867,2025-01-31 19:19:00,2025-01-31 19:21:00,F,30~39,office,seoul,0,0,0,0,1,0,0,25,0,0,completed
48864,U8868,2025-08-11 11:17:00,2025-08-11 11:19:00,M,20~29,office,seoul,0,0,0,0,13,0,0,63,0,0,completed
48865,U8869,2025-07-28 12:08:00,2025-07-28 12:14:00,F,20~29,office,seoul,0,0,0,0,1,0,0,77,0,0,completed
48866,U8870,2025-01-03 16:36:00,2025-01-03 16:41:00,F,40~49,office,seoul,0,0,0,0,0,0,0,61,0,0,completed
48867,U8871,2025-09-28 20:54:00,2025-09-28 20:56:00,F,20~29,office,seoul,1,0,0,0,22,0,0,17,0,0,completed
48868,U8872,2025-10-15 07:58:00,2025-10-15 08:02:00,M,20~29,office,seoul,0,0,0,0,5,0,0,41,0,0,completed
48869,U8873,2025-08-27 15:22:00,2025-08-27 15:29:00,F,50+,office,seoul,0,0,0,0,22,0,0,11,0,0,completed
48870,U8874,2025-05-21 14:39:00,2025-05-21 14:41:00,M,30~39,office,seoul,0,0,0,0,12,0,0,56,0,0,completed
48871,U8875,2025-07-18 14:44:00,2025-07-18 14:48:00,F,20~29,office,seoul,0,0,0,0,26,0,0,68,0,0,completed
48872,U8876,2025-05-28 13:53:00,2025-05-28 13:57:00,F,50+,office,seoul,0,0,0,0,8,0,0,73,0,0,completed
48873,U8877,2025-02-25 16:54:00,2025-02-25 16:57:00,M,30~39,office,seoul,0,0,0,0,27,0,0,50,0,0,completed
48874,U8878,2025-07-10 13:54:00,2025-07-10 13:59:00,M,30~39,office,seoul,0,0,0,0,18,0,0,68,0,0,abandoned
48875,U8879,2025-07-06 20:26:00,2025-07-06 20:28:00,F,30~39,office,seoul,1,0,0,0,20,0,0,51,0,0,completed
48876,U8880,2025-04-16 14:53:00,2025-04-16 14:56:00,F,30~39,office,seoul,0,0,0,0,3,0,0,32,0,0,completed
48877,U8881,2025-01-04 14:34:00,2025-01-04 14:41:00,F,20~29,office,seoul,1,0,0,0,24,0,0,53,0,0,completed
48878,U8882,2025-03-24 16:06:00,2025-03-24 16:10:00,M,30~39,office,seoul,0,0,0,0,26,0,0,72,0,0,completed
48879,U8883,2025-11-27 18:47:00,2025-11-27 18:54:00,F,20~29,office,seoul,0,0,0,0,28,0,0,51,0,0,error
48880,U8884,2025-07-03 12:51:00,2025-07-03 12:58:00,M,20~29,office,seoul,0,0,0,0,16,0,0,14,0,0,completed
48881,U8885,2025-10-29 22:20:00,2025-10-29 22:22:00,F,30~39,office,seoul,0,0,0,0,3,0,0,58,0,0,completed
48882,U8886,2025-08-23 15:42:00,2025-08-23 15:48:00,F,20~29,office,seoul,1,0,0,0,2,0,0,18,0,0,completed
48883,U8887,2025-11-09 18:37:00,2025-11-09 18:43:00,M,30~39,office,seoul,1,0,0,0,27,0,0,17,0,1,completed
48884,U8888,2025-03-05 19:50:00,2025-03-05 19:54:00,M,30~39,office,seoul,0,0,0,0,27,0,0,15,0,0,completed
48885,U8889,2025-11-15 12:18:00,2025-11-15 12:22:00,M,20~29,office,seoul,1,0,0,0,13,0,0,39,0,0,completed
48886,U8890,2025-10-05 11:30:00,2025-10-05 11:32:00,F,30~39,office,seoul,1,0,0,0,28,0,0,22,0,0,completed
48887,U8891,2025-02-13 11:49:00,2025-02-13 11:52:00,M,30~39,office,seoul,0,0,0,0,6,0,0,10,0,0,completed
48888,U8892,2025-04-10 17:44:00,2025-04-10 17:47:00,M,30~39,office,seoul,0,0,0,0,18,0,0,10,0,0,completed
48889,U8893,2025-10-17 12:29:00,2025-10-17 12:31:00,F,50+,office,seoul,0,0,0,0,28,0,0,63,0,0,completed
48890,U8894,2025-04-19 21:56:00,2025-04-19 22:03:00,M,30~39,office,seoul,1,0,0,0,11,0,0,71,0,0,timeout
48891,U8895,2025-11-06 11:38:00,2025-11-06 11:40:00,F,20~29,office,seoul,0,0,0,0,25,0,0,73,0,0,abandoned
48892,U8896,2025-01-14 18:52:00,2025-01-14 18:58:00,F,30~39,office,seoul,0,0,0,0,22,0,0,51,0,0,completed
48893,U8897,2025-08-01 17:28:00,2025-08-01 17:32:00,F,30~39,office,seoul,0,0,0,0,24,0,0,28,0,0,completed
48894,U8898,2025-04-28 15:58:00,2025-04-28 16:03:00,F,20~29,office,seoul,0,0,0,0,25,0,0,65,0,0,completed
48895,U8899,2025-11-09 19:04:00,2025-11-09 19:09:00,F,20~29,office,seoul,1,0,0,0,27,0,0,68,0,0,completed
48896,U8900,2025-05-14 11:04:00,2025-05-14 11:07:00,F,30~39,office,seoul,0,0,0,0,18,0,0,43,0,0,completed
48897,U8901,2025-07-06 13:42:00,2025-07-06 13:46:00,F,20~29,office,seoul,1,0,0,0,29,0,0,63,1,0,completed
48898,U8902,2025-10-26 16:05:00,2025-10-26 16:07:00,F,30~39,office,seoul,1,0,0,0,25,0,0,61,0,0,completed
48899,U8903,2025-04-28 09:09:00,2025-04-28 09:16:00,F,40~49,office,seoul,0,0,0,0,21,0,0,21,0,0,completed
48900,U8904,2025-11-17 18:43:00,2025-11-17 18:45:00,M,20~29,office,seoul,0,0,0,0,12,0,0,32,0,0,completed
48901,U8905,2025-12-19 21:11:00,2025-12-19 21:18:00,F,20~29,office,seoul,0,0,0,0,29,0,0,34,0,1,completed
48902,U8906,2025-03-31 14:46:00,2025-03-31 14:51:00,F,20~29,office,seoul,0,0,0,0,16,0,0,63,0,0,completed
48903,U8907,2025-01-05 09:37:00,2025-01-05 09:41:00,F,20~29,office,seoul,1,0,0,0,17,0,0,33,0,0,completed
48904,U8908,2025-03-31 13:37:00,2025-03-31 13:42:00,F,20~29,office,seoul,0,0,0,0,19,0,0,20,0,0,completed
48905,U8909,2025-02-14 17:04:00,2025-02-14 17:10:00,M,40~49,office,seoul,0,0,0,0,19,0,0,11,0,0,completed
48906,U8910,2025-11-02 12:59:00,2025-11-02 13:01:00,M,30~39,office,seoul,1,0,0,0,15,0,0,19,0,0,completed
48907,U8911,2025-11-24 21:48:00,2025-11-24 21:54:00,M,20~29,office,seoul,0,0,0,0,18,0,0,40,0,0,completed
48908,U8912,2025-07-01 12:31:00,2025-07-01 12:37:00,F,30~39,office,seoul,0,0,0,0,22,0,0,31,0,0,completed
48909,U8913,2025-10-28 13:02:00,2025-10-28 13:09:00,M,20~29,office,seoul,0,0,0,0,1,0,0,52,0,0,completed
48910,U8914,2025-10-03 11:38:00,2025-10-03 11:44:00,F,20~29,office,seoul,0,0,0,0,8,0,0,25,0,0,timeout
48911,U8915,2025-10-07 15:51:00,2025-10-07 15:53:00,F,20~29,office,seoul,0,0,0,0,6,0,0,63,0,0,completed
48912,U8916,2025-06-21 14:36:00,2025-06-21 14:39:00,F,20~29,office,seoul,1,0,0,0,16,0,0,76,0,0,abandoned
48913,U8917,2025-06-18 15:41:00,2025-06-18 15:46:00,F,20~29,office,seoul,0,0,0,0,8,0,0,17,0,0,completed
48914,U8918,2025-01-17 07:31:00,2025-01-17 07:36:00,F,30~39,office,seoul,0,0,0,0,22,0,0,69,0,0,completed
48915,U8919,2025-11-25 20:32:00,2025-11-25 20:36:00,F,30~39,office,seoul,0,0,0,0,16,0,0,53,0,0,completed
48916,U8920,2025-11-01 16:38:00,2025-11-01 16:41:00,M,50+,office,seoul,1,0,0,0,0,0,0,79,0,0,completed
48917,U8921,2025-03-07 08:06:00,2025-03-07 08:13:00,M,30~39,office,seoul,0,0,0,0,27,0,0,71,1,0,timeout
48918,U8922,2025-02-13 08:28:00,2025-02-13 08:35:00,M,40~49,office,seoul,0,0,0,0,2,0,0,58,0,0,completed
48919,U8923,2025-11-07 08:01:00,2025-11-07 08:04:00,F,20~29,office,seoul,0,0,0,0,18,0,0,30,0,0,completed
48920,U8924,2025-08-16 17:28:00,2025-08-16 17:35:00,M,20~29,office,seoul,1,0,0,0,2,0,0,17,0,0,completed
48921,U8925,2025-02-11 14:05:00,2025-02-11 14:10:00,M,50+,office,seoul,0,0,0,0,6,0,0,38,0,0,completed
48922,U8926,2025-09-24 14:13:00,2025-09-24 14:20:00,M,20~29,office,seoul,0,0,0,0,22,0,0,31,1,0,completed
48923,U8927,2025-11-08 11:24:00,2025-11-08 11:26:00,F,40~49,office,seoul,1,0,0,0,20,0,0,58,1,0,completed
48924,U8928,2025-12-27 15:46:00,2025-12-27 15:48:00,M,20~29,office,seoul,1,0,0,0,10,0,0,36,0,0,completed
48925,U8929,2025-07-26 14:21:00,2025-07-26 14:28:00,F,30~39,office,seoul,1,0,0,0,1,0,0,52,0,0,completed
48926,U8930,2025-09-27 17:51:00,2025-09-27 17:55:00,F,20~29,office,seoul,1,0,0,0,17,0,0,60,0,0,completed
48927,U8931,2025-03-16 14:03:00,2025-03-16 14:06:00,M,30~39,office,seoul,1,0,0,0,0,0,0,18,0,0,completed
48928,U8932,2025-12-01 15:58:00,2025-12-01 16:04:00,M,30~39,office,seoul,0,0,0,0,29,0,0,13,0,0,completed
48929,U8933,2025-11-16 11:50:00,2025-11-16 11:56:00,F,20~29,office,seoul,1,0,0,0,22,0,0,49,0,0,completed
48930,U8934,2025-03-07 11:40:00,2025-03-07 11:45:00,M,40~49,office,seoul,0,0,0,0,20,0,0,55,0,0,completed
48931,U8935,2025-08-28 22:08:00,2025-08-28 22:14:00,M,20~29,office,seoul,0,0,0,0,25,0,0,31,0,0,completed
48932,U8936,2025-11-11 17:58:00,2025-11-11 18:02:00,F,40~49,office,seoul,0,0,0,0,19,0,0,36,0,0,completed
48933,U8937,2025-09-07 12:28:00,2025-09-07 12:33:00,M,40~49,office,seoul,1,0,0,0,16,0,0,47,0,0,completed
48934,U8938,2025-09-08 16:17:00,2025-09-08 16:23:00,M,40~49,office,seoul,0,0,0,0,5,0,0,37,1,0,completed
48935,U8939,2025-07-04 20:03:00,2025-07-04 20:06:00,M,30~39,office,seoul,0,0,0,0,0,0,0,29,0,0,completed
48936,U8940,2025-06-29 14:39:00,2025-06-29 14:46:00,F,40~49,office,seoul,1,0,0,0,10,0,0,17,0,0,completed
48937,U8941,2025-12-26 09:37:00,2025-12-26 09:41:00,F,20~29,office,seoul,0,0,0,0,28,0,0,44,0,0,abandoned
48938,U8942,2025-12-08 13:48:00,2025-12-08 13:53:00,F,30~39,office,seoul,0,0,0,0,15,0,0,45,0,0,completed
48939,U8943,2025-02-10 09:29:00,2025-02-10 09:33:00,F,30~39,office,seoul,0,0,0,0,29,0,0,64,0,0,completed
48940,U8944,2025-02-14 15:00:00,2025-02-14 15:04:00,M,40~49,office,seoul,0,0,0,0,19,0,0,12,0,0,completed
48941,U8945,2025-05-24 08:31:00,2025-05-24 08:33:00,M,40~49,office,seoul,1,0,0,0,23,0,0,52,0,0,completed
48942,U8946,2025-04-14 13:24:00,2025-04-14 13:30:00,M,30~39,office,seoul,0,0,0,0,9,0,0,51,0,0,abandoned
48943,U8947,2025-01-17 17:25:00,2025-01-17 17:30:00,M,30~39,office,seoul,0,0,0,0,0,0,0,56,0,0,completed
48944,U8948,2025-06-03 12:04:00,2025-06-03 12:07:00,M,50+,office,seoul,0,0,0,0,18,0,0,51,1,0,completed
48945,U8949,2025-12-02 14:55:00,2025-12-02 14:58:00,F,50+,office,seoul,0,0,0,0,20,0,0,32,1,0,completed
48946,U8950,2025-12-30 15:01:00,2025-12-30 15:05:00,M,50+,office,seoul,0,0,0,0,17,0,0,52,0,0,completed
48947,U8951,2025-09-19 12:49:00,2025-09-19 12:56:00,F,40~49,office,seoul,0,0,0,0,29,0,0,60,0,0,completed
48948,U8952,2025-01-03 12:37:00,2025-01-03 12:39:00,F,40~49,office,seoul,0,0,0,0,6,0,0,61,0,0,completed
48949,U8953,2025-05-28 09:05:00,2025-05-28 09:11:00,M,30~39,office,seoul,0,0,0,0,8,0,0,36,0,0,completed
48950,U8954,2025-11-06 08:13:00,2025-11-06 08:20:00,F,50+,office,seoul,0,0,0,0,17,0,0,70,0,0,completed
48951,U8955,2025-08-18 15:35:00,2025-08-18 15:41:00,F,20~29,office,seoul,0,0,0,0,28,0,0,76,0,0,completed
48952,U8956,2025-06-05 19:16:00,2025-06-05 19:19:00,F,30~39,office,seoul,0,0,0,0,5,0,0,54,0,0,completed
48953,U8957,2025-11-15 12:15:00,2025-11-15 12:17:00,F,30~39,office,seoul,1,0,0,0,5,0,0,54,0,0,error
48954,U8958,2025-04-16 11:21:00,2025-04-16 11:28:00,M,40~49,office,seoul,0,0,0,0,27,0,0,40,0,0,completed
48955,U8959,2025-02-06 14:51:00,2025-02-06 14:56:00,M,30~39,office,seoul,0,0,0,0,10,0,0,28,0,0,completed
48956,U8960,2025-07-25 16:33:00,2025-07-25 16:40:00,M,20~29,office,seoul,0,0,0,0,8,0,0,56,0,0,completed
48957,U8961,2025-08-03 14:53:00,2025-08-03 14:55:00,M,20~29,office,seoul,1,0,0,0,7,0,0,15,0,0,completed
48958,U8962,2025-06-28 17:00:00,2025-06-28 17:02:00,F,20~29,office,seoul,1,0,0,0,18,0,0,36,0,0,completed
48959,U8963,2025-01-07 12:34:00,2025-01-07 12:37:00,M,20~29,office,seoul,0,0,0,0,1,0,0,13,0,0,completed
48960,U8964,2025-07-16 13:50:00,2025-07-16 13:56:00,F,30~39,office,seoul,0,0,0,0,16,0,0,68,0,0,completed
48961,U8965,2025-05-15 15:59:00,2025-05-15 16:04:00,F,30~39,office,seoul,0,0,0,0,23,0,0,55,0,0,completed
48962,U8966,2025-07-16 15:16:00,2025-07-16 15:19:00,F,30~39,office,seoul,0,0,0,0,8,0,0,55,0,0,completed
48963,U8967,2025-12-28 13:31:00,2025-12-28 13:38:00,F,40~49,office,seoul,1,0,0,0,4,0,0,52,0,0,completed
48964,U8968,2025-12-10 09:20:00,2025-12-10 09:23:00,M,30~39,office,seoul,0,0,0,0,3,0,0,57,1,0,completed
48965,U8969,2025-05-30 13:45:00,2025-05-30 13:50:00,M,20~29,office,seoul,0,0,0,0,1,0,0,74,0,0,completed
48966,U8970,2025-04-18 20:25:00,2025-04-18 20:30:00,F,40~49,office,seoul,0,0,0,0,20,0,0,25,0,1,completed
48967,U8971,2025-07-25 11:43:00,2025-07-25 11:45:00,F,20~29,office,seoul,0,0,0,0,15,0,0,36,0,0,completed
48968,U8972,2025-02-12 09:37:00,2025-02-12 09:44:00,M,20~29,office,seoul,0,0,0,0,14,0,0,66,0,0,completed
48969,U8973,2025-02-08 17:11:00,2025-02-08 17:13:00,F,30~39,office,seoul,1,0,0,0,20,0,0,72,0,0,completed
48970,U8974,2025-07-22 09:14:00,2025-07-22 09:19:00,M,20~29,office,seoul,0,0,0,0,20,0,0,20,0,0,completed
48971,U8975,2025-08-19 11:54:00,2025-08-19 12:01:00,M,50+,office,seoul,0,0,0,0,2,0,0,22,0,0,completed
48972,U8976,2025-02-15 16:04:00,2025-02-15 16:10:00,M,30~39,office,seoul,1,0,0,0,19,0,0,54,0,0,completed
48973,U8977,2025-11-08 21:57:00,2025-11-08 21:59:00,M,30~39,office,seoul,1,0,0,0,0,0,0,45,0,0,abandoned
48974,U8978,2025-11-26 12:05:00,2025-11-26 12:12:00,M,40~49,office,seoul,0,0,0,0,21,0,0,23,0,0,completed
48975,U8979,2025-03-31 09:22:00,2025-03-31 09:26:00,F,40~49,office,seoul,0,0,0,0,6,0,0,40,0,0,completed
48976,U8980,2025-01-26 13:30:00,2025-01-26 13:34:00,F,30~39,office,seoul,1,0,0,0,15,0,0,67,0,0,completed
48977,U8981,2025-01-13 07:58:00,2025-01-13 08:05:00,F,20~29,office,seoul,0,0,0,0,15,0,0,23,0,0,completed
48978,U8982,2025-03-28 09:59:00,2025-03-28 10:02:00,M,50+,office,seoul,0,0,0,0,28,0,0,35,1,0,completed
48979,U8983,2025-10-19 20:07:00,2025-10-19 20:09:00,M,30~39,office,seoul,1,0,0,0,10,0,0,75,0,0,completed
48980,U8984,2025-04-18 08:59:00,2025-04-18 09:05:00,M,50+,office,seoul,0,0,0,0,16,0,0,60,0,0,completed
48981,U8985,2025-07-18 19:15:00,2025-07-18 19:18:00,M,40~49,office,seoul,0,0,0,0,20,0,0,45,1,0,completed
48982,U8986,2025-07-09 18:26:00,2025-07-09 18:28:00,M,30~39,office,seoul,0,0,0,0,28,0,0,21,0,0,completed
48983,U8987,2025-11-12 13:02:00,2025-11-12 13:04:00,M,40~49,office,seoul,0,0,0,0,26,0,0,54,0,0,completed
48984,U8988,2025-02-03 12:01:00,2025-02-03 12:07:00,F,40~49,office,seoul,0,0,0,0,15,0,0,78,0,0,completed
48985,U8989,2025-11-18 21:27:00,2025-11-18 21:29:00,M,40~49,office,seoul,0,0,0,0,28,0,0,36,0,0,completed
48986,U8990,2025-08-21 13:57:00,2025-08-21 14:03:00,F,50+,office,seoul,0,0,0,0,10,0,0,26,1,0,completed
48987,U8991,2025-09-19 08:30:00,2025-09-19 08:32:00,M,40~49,office,seoul,0,0,0,0,24,0,0,57,0,1,completed
48988,U8992,2025-08-21 13:19:00,2025-08-21 13:22:00,F,30~39,office,seoul,0,0,0,0,7,0,0,78,0,0,completed
48989,U8993,2025-12-08 15:33:00,2025-12-08 15:35:00,F,40~49,office,seoul,0,0,0,0,14,0,0,32,0,0,timeout
48990,U8994,2025-12-17 07:17:00,2025-12-17 07:20:00,F,20~29,office,seoul,0,0,0,0,5,0,0,37,0,0,completed
48991,U8995,2025-03-18 09:08:00,2025-03-18 09:11:00,F,50+,office,seoul,0,0,0,0,8,0,0,70,0,0,completed
48992,U8996,2025-11-19 11:18:00,2025-11-19 11:21:00,M,30~39,office,seoul,0,0,0,0,4,0,0,19,0,0,completed
48993,U8997,2025-02-01 07:23:00,2025-02-01 07:30:00,F,20~29,office,seoul,1,0,0,0,3,0,0,22,0,0,completed
48994,U8998,2025-09-24 14:32:00,2025-09-24 14:35:00,F,50+,office,seoul,0,0,0,0,21,0,0,29,1,0,completed
48995,U8999,2025-11-26 16:28:00,2025-11-26 16:32:00,M,30~39,office,seoul,0,0,0,0,27,0,0,74,0,0,completed
48996,U9000,2025-02-25 16:07:00,2025-02-25 16:11:00,F,20~29,office,seoul,0,0,0,0,3,0,0,37,0,0,completed
48997,U9001,2025-01-15 18:31:00,2025-01-15 18:34:00,F,30~39,office,seoul,0,0,0,0,18,0,0,20,0,0,completed
48998,U9002,2025-08-06 20:01:00,2025-08-06 20:05:00,F,50+,office,seoul,0,0,0,0,19,0,0,69,0,0,completed
48999,U9003,2025-09-10 09:27:00,2025-09-10 09:30:00,M,30~39,office,seoul,0,0,0,0,1,0,0,53,0,0,completed
49000,U9004,2025-05-30 14:23:00,2025-05-30 14:27:00,M,50+,office,seoul,0,0,0,0,11,0,0,65,0,0,completed
49001,U9005,2025-03-15 21:00:00,2025-03-15 21:05:00,M,20~29,office,seoul,1,0,0,0,28,0,0,37,0,0,completed
49002,U9006,2025-04-17 16:16:00,2025-04-17 16:22:00,M,30~39,office,seoul,0,0,0,0,13,0,0,32,0,0,abandoned
49003,U9007,2025-06-07 09:26:00,2025-06-07 09:30:00,F,20~29,office,seoul,1,0,0,0,26,0,0,79,0,0,completed
49004,U9008,2025-06-05 15:21:00,2025-06-05 15:23:00,M,50+,office,seoul,0,0,0,0,5,0,0,67,0,0,abandoned
49005,U9009,2025-11-02 07:11:00,2025-11-02 07:15:00,M,30~39,office,seoul,1,0,0,0,7,0,0,27,0,0,abandoned
49006,U9010,2025-05-20 16:14:00,2025-05-20 16:20:00,F,50+,office,seoul,0,0,0,0,4,0,0,62,0,0,completed
49007,U9011,2025-06-06 08:12:00,2025-06-06 08:15:00,F,40~49,office,seoul,0,0,0,0,13,0,0,26,0,0,completed
49008,U9012,2025-01-21 13:54:00,2025-01-21 14:01:00,M,20~29,office,seoul,0,0,0,0,19,0,0,39,0,0,completed
49009,U9013,2025-10-07 17:04:00,2025-10-07 17:09:00,F,20~29,office,seoul,0,0,0,0,13,0,0,68,0,0,completed
49010,U9014,2025-10-07 20:20:00,2025-10-07 20:23:00,M,20~29,office,seoul,0,0,0,0,1,0,0,23,0,0,abandoned
49011,U9015,2025-02-25 14:20:00,2025-02-25 14:25:00,F,40~49,office,seoul,0,0,0,0,17,0,0,36,0,0,completed
49012,U9016,2025-12-27 09:10:00,2025-12-27 09:13:00,M,30~39,office,seoul,1,0,0,0,27,0,0,49,0,0,timeout
49013,U9017,2025-02-23 13:36:00,2025-02-23 13:39:00,F,30~39,office,seoul,1,0,0,0,18,0,0,73,0,0,completed
49014,U9018,2025-11-02 09:17:00,2025-11-02 09:19:00,F,30~39,office,seoul,1,0,0,0,28,0,0,28,0,0,completed
49015,U9019,2025-08-01 16:51:00,2025-08-01 16:57:00,M,50+,office,seoul,0,0,0,0,7,0,0,44,1,0,completed
49016,U9020,2025-08-18 17:05:00,2025-08-18 17:08:00,M,50+,office,seoul,0,0,0,0,11,0,0,15,0,0,timeout
49017,U9021,2025-04-27 16:21:00,2025-04-27 16:23:00,M,50+,office,seoul,1,0,0,0,8,0,0,31,0,0,error
49018,U9022,2025-03-15 19:53:00,2025-03-15 19:56:00,F,40~49,office,seoul,1,0,0,0,14,0,0,25,0,0,completed
49019,U9023,2025-09-05 16:22:00,2025-09-05 16:26:00,M,20~29,office,seoul,0,0,0,0,2,0,0,73,0,0,completed
49020,U9024,2025-12-19 12:16:00,2025-12-19 12:22:00,M,20~29,office,seoul,0,0,0,0,19,0,0,65,0,0,completed
49021,U9025,2025-02-12 16:07:00,2025-02-12 16:11:00,M,30~39,office,seoul,0,0,0,0,15,0,0,53,0,0,completed
49022,U9026,2025-11-15 16:15:00,2025-11-15 16:20:00,F,20~29,office,seoul,1,0,0,0,17,0,0,12,0,0,completed
49023,U9027,2025-06-27 15:31:00,2025-06-27 15:36:00,F,30~39,office,seoul,0,0,0,0,0,0,0,74,0,0,completed
49024,U9028,2025-10-31 09:53:00,2025-10-31 10:00:00,M,30~39,office,seoul,0,0,0,0,15,0,0,47,0,0,completed
49025,U9029,2025-10-26 09:18:00,2025-10-26 09:25:00,F,40~49,office,seoul,1,0,0,0,2,0,0,26,0,0,completed
49026,U9030,2025-12-12 15:31:00,2025-12-12 15:38:00,F,40~49,office,seoul,0,0,0,0,4,0,0,17,0,0,completed
49027,U9031,2025-05-29 13:57:00,2025-05-29 13:59:00,F,20~29,office,seoul,0,0,0,0,19,0,0,15,0,0,completed
49028,U9032,2025-09-22 13:44:00,2025-09-22 13:47:00,M,20~29,office,seoul,0,0,0,0,6,0,0,71,0,0,abandoned
49029,U9033,2025-09-29 11:47:00,2025-09-29 11:50:00,M,40~49,office,seoul,0,0,0,0,14,0,0,52,0,0,completed
49030,U9034,2025-02-12 14:43:00,2025-02-12 14:48:00,F,20~29,office,seoul,0,0,0,0,7,0,0,12,0,0,completed
49031,U9035,2025-02-09 22:52:00,2025-02-09 22:54:00,M,30~39,office,seoul,1,0,0,0,2,0,0,70,0,0,timeout
49032,U9036,2025-06-18 18:48:00,2025-06-18 18:51:00,F,50+,office,seoul,0,0,0,0,14,0,0,38,0,0,completed
49033,U9037,2025-02-16 08:01:00,2025-02-16 08:04:00,F,50+,office,seoul,1,0,0,0,8,0,0,27,0,0,completed
49034,U9038,2025-08-31 14:57:00,2025-08-31 14:59:00,M,20~29,office,seoul,1,0,0,0,25,0,0,16,0,0,completed
49035,U9039,2025-09-14 18:33:00,2025-09-14 18:36:00,M,30~39,office,seoul,1,0,0,0,18,0,0,15,0,0,completed
49036,U9040,2025-03-02 18:54:00,2025-03-02 18:58:00,M,50+,office,seoul,1,0,0,0,12,0,0,46,0,0,timeout
49037,U9041,2025-03-11 09:38:00,2025-03-11 09:40:00,M,40~49,office,seoul,0,0,0,0,0,0,0,68,0,0,completed
49038,U9042,2025-11-03 15:20:00,2025-11-03 15:26:00,M,20~29,office,seoul,0,0,0,0,9,0,0,48,0,0,completed
49039,U9043,2025-11-02 17:40:00,2025-11-02 17:43:00,F,30~39,office,seoul,1,0,0,0,14,0,0,64,0,0,completed
49040,U9044,2025-06-09 17:24:00,2025-06-09 17:26:00,F,30~39,office,seoul,0,0,0,0,24,0,0,25,0,0,completed
49041,U9045,2025-05-11 17:07:00,2025-05-11 17:12:00,M,20~29,office,seoul,1,0,0,0,28,0,0,54,0,0,completed
49042,U9046,2025-07-28 12:09:00,2025-07-28 12:13:00,M,40~49,office,seoul,0,0,0,0,17,0,0,55,0,0,completed
49043,U9047,2025-11-07 07:24:00,2025-11-07 07:29:00,F,40~49,office,seoul,0,0,0,0,14,0,0,52,0,0,completed
49044,U9048,2025-10-04 07:11:00,2025-10-04 07:17:00,M,20~29,office,seoul,1,0,0,0,26,0,0,49,0,0,completed
49045,U9049,2025-11-15 07:38:00,2025-11-15 07:44:00,F,40~49,office,seoul,1,0,0,0,4,0,0,38,0,0,completed
49046,U9050,2025-01-26 17:58:00,2025-01-26 18:01:00,F,20~29,office,seoul,1,0,0,0,24,0,0,41,0,0,completed
49047,U9051,2025-06-20 19:23:00,2025-06-20 19:25:00,F,20~29,office,seoul,0,0,0,0,2,0,0,43,0,0,completed
49048,U9052,2025-12-27 11:49:00,2025-12-27 11:55:00,F,50+,office,seoul,1,0,0,0,29,0,0,14,0,0,completed
49049,U9053,2025-06-07 12:59:00,2025-06-07 13:05:00,M,50+,office,seoul,1,0,0,0,3,0,0,55,0,1,completed
49050,U9054,2025-12-28 11:54:00,2025-12-28 11:56:00,F,50+,office,seoul,1,0,0,0,24,0,0,41,0,0,completed
49051,U9055,2025-10-13 09:52:00,2025-10-13 09:59:00,F,30~39,office,seoul,0,0,0,0,10,0,0,33,0,0,completed
49052,U9056,2025-10-10 09:23:00,2025-10-10 09:29:00,M,40~49,office,seoul,0,0,0,0,8,0,0,58,0,0,completed
49053,U9057,2025-10-29 20:57:00,2025-10-29 21:01:00,M,30~39,office,seoul,0,0,0,0,16,0,0,39,0,0,completed
49054,U9058,2025-03-15 20:30:00,2025-03-15 20:35:00,M,20~29,office,seoul,1,0,0,0,16,0,0,30,0,0,completed
49055,U9059,2025-07-25 19:24:00,2025-07-25 19:26:00,F,30~39,office,seoul,0,0,0,0,19,0,0,45,0,0,completed
49056,U9060,2025-07-14 20:54:00,2025-07-14 20:56:00,M,40~49,office,seoul,0,0,0,0,0,0,0,11,0,0,completed
49057,U9061,2025-01-28 15:58:00,2025-01-28 16:01:00,F,20~29,office,seoul,0,0,0,0,28,0,0,66,0,0,completed
49058,U9062,2025-12-22 17:07:00,2025-12-22 17:13:00,F,20~29,office,seoul,0,0,0,0,25,0,0,12,1,0,completed
49059,U9063,2025-07-08 13:13:00,2025-07-08 13:19:00,M,30~39,office,seoul,0,0,0,0,20,0,0,12,0,0,completed
49060,U9064,2025-01-05 18:50:00,2025-01-05 18:57:00,M,50+,office,seoul,1,0,0,0,8,0,0,34,0,0,completed
49061,U9065,2025-08-14 09:36:00,2025-08-14 09:43:00,M,40~49,office,seoul,0,0,0,0,11,0,0,59,0,0,completed
49062,U9066,2025-08-01 15:46:00,2025-08-01 15:51:00,M,40~49,office,seoul,0,0,0,0,3,0,0,49,0,0,completed
49063,U9067,2025-09-16 19:26:00,2025-09-16 19:30:00,M,20~29,office,seoul,0,0,0,0,20,0,0,69,0,0,completed
49064,U9068,2025-06-01 09:13:00,2025-06-01 09:19:00,F,30~39,office,seoul,1,0,0,0,7,0,0,72,0,0,completed
49065,U9069,2025-04-05 13:19:00,2025-04-05 13:22:00,F,50+,office,seoul,1,0,0,0,12,0,0,79,0,0,completed
49066,U9070,2025-05-02 20:18:00,2025-05-02 20:20:00,F,50+,office,seoul,0,0,0,0,18,0,0,29,0,0,completed
49067,U9071,2025-08-02 17:17:00,2025-08-02 17:22:00,F,50+,office,seoul,1,0,0,0,29,0,0,14,0,0,error
49068,U9072,2025-09-21 12:25:00,2025-09-21 12:30:00,F,50+,office,seoul,1,0,0,0,8,0,0,42,1,0,completed
49069,U9073,2025-01-28 07:41:00,2025-01-28 07:48:00,F,20~29,office,seoul,0,0,0,0,26,0,0,69,0,0,completed
49070,U9074,2025-06-15 16:10:00,2025-06-15 16:17:00,M,30~39,office,seoul,1,0,0,0,13,0,0,16,0,0,completed
49071,U9075,2025-02-04 12:07:00,2025-02-04 12:10:00,F,20~29,office,seoul,0,0,0,0,25,0,0,19,0,0,completed
49072,U9076,2025-01-26 13:26:00,2025-01-26 13:32:00,F,20~29,office,seoul,1,0,0,0,5,0,0,74,0,0,timeout
49073,U9077,2025-09-29 08:51:00,2025-09-29 08:56:00,F,30~39,office,seoul,0,0,0,0,10,0,0,75,0,0,completed
49074,U9078,2025-04-19 18:15:00,2025-04-19 18:18:00,M,30~39,office,seoul,1,0,0,0,8,0,0,32,0,0,completed
49075,U9079,2025-06-02 15:52:00,2025-06-02 15:57:00,F,40~49,office,seoul,0,0,0,0,1,0,0,18,0,0,timeout
49076,U9080,2025-09-06 11:28:00,2025-09-06 11:31:00,M,20~29,office,seoul,1,0,0,0,9,0,0,21,0,0,completed
49077,U9081,2025-08-31 15:10:00,2025-08-31 15:13:00,F,20~29,office,seoul,1,0,0,0,19,0,0,65,0,0,error
49078,U9082,2025-11-06 12:54:00,2025-11-06 12:56:00,F,50+,office,seoul,0,0,0,0,16,0,0,61,1,0,completed
49079,U9083,2025-12-13 15:06:00,2025-12-13 15:10:00,F,50+,office,seoul,1,0,0,0,1,0,0,68,0,0,completed
49080,U9084,2025-09-26 11:38:00,2025-09-26 11:42:00,F,30~39,office,seoul,0,0,0,0,8,0,0,27,0,0,completed
49081,U9085,2025-04-04 18:02:00,2025-04-04 18:04:00,F,30~39,office,seoul,0,0,0,0,27,0,0,71,0,0,completed
49082,U9086,2025-01-17 18:46:00,2025-01-17 18:52:00,F,20~29,office,seoul,0,0,0,0,29,0,0,28,0,0,completed
49083,U9087,2025-03-24 07:19:00,2025-03-24 07:25:00,F,30~39,office,seoul,0,0,0,0,20,0,0,35,0,0,completed
49084,U9088,2025-05-22 20:05:00,2025-05-22 20:10:00,F,40~49,office,seoul,0,0,0,0,16,0,0,17,1,0,completed
49085,U9089,2025-12-06 14:02:00,2025-12-06 14:04:00,M,20~29,office,seoul,1,0,0,0,16,0,0,78,0,0,completed
49086,U9090,2025-08-19 13:24:00,2025-08-19 13:29:00,F,30~39,office,seoul,0,0,0,0,12,0,0,14,0,0,timeout
49087,U9091,2025-10-13 09:57:00,2025-10-13 10:03:00,F,20~29,office,seoul,0,0,0,0,3,0,0,77,0,0,abandoned
49088,U9092,2025-08-14 12:53:00,2025-08-14 12:59:00,F,20~29,office,seoul,0,0,0,0,1,0,0,51,0,0,completed
49089,U9093,2025-04-06 12:21:00,2025-04-06 12:23:00,F,20~29,office,seoul,1,0,0,0,25,0,0,29,0,0,completed
49090,U9094,2025-05-05 15:49:00,2025-05-05 15:51:00,F,30~39,office,seoul,0,0,0,0,5,0,0,65,0,0,completed
49091,U9095,2025-12-06 13:43:00,2025-12-06 13:48:00,M,30~39,office,seoul,1,0,0,0,8,0,0,22,0,0,completed
49092,U9096,2025-06-24 16:56:00,2025-06-24 16:59:00,F,30~39,office,seoul,0,0,0,0,10,0,0,52,0,0,completed
49093,U9097,2025-09-12 16:07:00,2025-09-12 16:10:00,M,30~39,office,seoul,0,0,0,0,17,0,0,10,0,0,completed
49094,U9098,2025-03-21 12:29:00,2025-03-21 12:33:00,F,40~49,office,seoul,0,0,0,0,24,0,0,33,0,0,completed
49095,U9099,2025-12-02 11:33:00,2025-12-02 11:35:00,M,50+,office,seoul,0,0,0,0,5,0,0,35,1,0,completed
49096,U9100,2025-03-03 09:47:00,2025-03-03 09:52:00,M,20~29,office,seoul,0,0,0,0,26,0,0,52,0,0,completed
49097,U9101,2025-03-28 19:48:00,2025-03-28 19:52:00,M,50+,office,seoul,0,0,0,0,8,0,0,68,0,0,completed
49098,U9102,2025-12-20 12:05:00,2025-12-20 12:09:00,F,20~29,office,seoul,1,0,0,0,3,0,0,78,0,0,completed
49099,U9103,2025-05-31 14:18:00,2025-05-31 14:23:00,M,20~29,office,seoul,1,0,0,0,4,0,0,36,0,0,abandoned
49100,U9104,2025-04-21 09:40:00,2025-04-21 09:45:00,F,50+,office,seoul,0,0,0,0,20,0,0,22,0,0,completed
49101,U9105,2025-07-24 19:01:00,2025-07-24 19:08:00,F,30~39,office,seoul,0,0,0,0,7,0,0,13,0,0,completed
49102,U9106,2025-11-28 18:28:00,2025-11-28 18:33:00,M,50+,office,seoul,0,0,0,0,9,0,0,35,0,0,completed
49103,U9107,2025-11-24 08:53:00,2025-11-24 08:59:00,F,30~39,office,seoul,0,0,0,0,11,0,0,54,0,0,completed
49104,U9108,2025-08-04 11:56:00,2025-08-04 12:01:00,F,20~29,office,seoul,0,0,0,0,8,0,0,76,0,0,completed
49105,U9109,2025-12-02 07:12:00,2025-12-02 07:15:00,F,30~39,office,seoul,0,0,0,0,18,0,0,33,0,0,timeout
49106,U9110,2025-04-09 16:00:00,2025-04-09 16:07:00,F,30~39,office,seoul,0,0,0,0,13,0,0,16,0,0,completed
49107,U9111,2025-08-15 14:20:00,2025-08-15 14:22:00,F,30~39,office,seoul,0,0,0,0,26,0,0,58,0,0,completed
49108,U9112,2025-03-09 18:43:00,2025-03-09 18:48:00,F,30~39,office,seoul,1,0,0,0,2,0,0,66,0,0,completed
49109,U9113,2025-06-09 08:00:00,2025-06-09 08:04:00,M,30~39,office,seoul,0,0,0,0,26,0,0,47,0,0,completed
49110,U9114,2025-02-18 15:02:00,2025-02-18 15:08:00,M,40~49,office,seoul,0,0,0,0,28,0,0,70,0,0,completed
49111,U9115,2025-11-09 15:58:00,2025-11-09 16:00:00,M,20~29,office,seoul,1,0,0,0,28,0,0,58,0,0,completed
49112,U9116,2025-11-22 11:56:00,2025-11-22 11:58:00,M,30~39,office,seoul,1,0,0,0,21,0,0,28,0,0,completed
49113,U9117,2025-10-09 20:35:00,2025-10-09 20:42:00,F,40~49,office,seoul,0,0,0,0,26,0,0,33,0,0,completed
49114,U9118,2025-07-16 15:14:00,2025-07-16 15:18:00,M,20~29,office,seoul,0,0,0,0,6,0,0,12,0,0,completed
49115,U9119,2025-05-11 14:51:00,2025-05-11 14:57:00,M,40~49,office,seoul,1,0,0,0,1,0,0,40,0,0,completed
49116,U9120,2025-06-08 09:36:00,2025-06-08 09:42:00,M,50+,office,seoul,1,0,0,0,9,0,0,19,0,0,abandoned
49117,U9121,2025-08-28 15:32:00,2025-08-28 15:35:00,F,20~29,office,seoul,0,0,0,0,8,0,0,55,0,0,completed
49118,U9122,2025-03-05 07:18:00,2025-03-05 07:21:00,F,40~49,office,seoul,0,0,0,0,15,0,0,15,0,0,completed
49119,U9123,2025-03-20 11:33:00,2025-03-20 11:37:00,F,20~29,office,seoul,0,0,0,0,29,0,0,77,0,0,completed
49120,U9124,2025-05-20 18:50:00,2025-05-20 18:52:00,F,40~49,office,seoul,0,0,0,0,22,0,0,66,0,0,completed
49121,U9125,2025-07-10 17:40:00,2025-07-10 17:47:00,F,20~29,office,seoul,0,0,0,0,2,0,0,18,0,0,completed
49122,U9126,2025-04-24 19:44:00,2025-04-24 19:46:00,F,40~49,office,seoul,0,0,0,0,19,0,0,16,0,0,abandoned
49123,U9127,2025-07-23 13:49:00,2025-07-23 13:56:00,M,40~49,office,seoul,0,0,0,0,28,0,0,21,0,0,completed
49124,U9128,2025-07-11 07:50:00,2025-07-11 07:52:00,M,30~39,office,seoul,0,0,0,0,8,0,0,60,0,0,completed
49125,U9129,2025-10-01 15:24:00,2025-10-01 15:26:00,F,30~39,office,seoul,0,0,0,0,5,0,0,33,0,0,completed
49126,U9130,2025-03-11 19:43:00,2025-03-11 19:47:00,M,40~49,office,seoul,0,0,0,0,10,0,0,50,0,0,completed
49127,U9131,2025-03-10 13:41:00,2025-03-10 13:48:00,F,40~49,office,seoul,0,0,0,0,10,0,0,33,0,0,completed
49128,U9132,2025-05-01 09:17:00,2025-05-01 09:22:00,M,50+,office,seoul,0,0,0,0,24,0,0,22,0,0,completed
49129,U9133,2025-12-26 18:25:00,2025-12-26 18:28:00,F,30~39,office,seoul,0,0,0,0,0,0,0,63,0,0,completed
49130,U9134,2025-07-21 15:36:00,2025-07-21 15:38:00,M,40~49,office,seoul,0,0,0,0,0,0,0,45,0,0,completed
49131,U9135,2025-09-23 09:29:00,2025-09-23 09:34:00,F,30~39,office,seoul,0,0,0,0,28,0,0,28,0,0,completed
49132,U9136,2025-10-26 16:18:00,2025-10-26 16:24:00,F,40~49,office,seoul,1,0,0,0,6,0,0,70,0,0,completed
49133,U9137,2025-12-05 17:24:00,2025-12-05 17:26:00,F,50+,office,seoul,0,0,0,0,11,0,0,60,0,0,completed
49134,U9138,2025-10-02 12:35:00,2025-10-02 12:38:00,F,30~39,office,seoul,0,0,0,0,4,0,0,78,0,0,completed
49135,U9139,2025-07-21 14:15:00,2025-07-21 14:21:00,M,30~39,office,seoul,0,0,0,0,4,0,0,16,0,0,completed
49136,U9140,2025-02-06 14:36:00,2025-02-06 14:41:00,F,40~49,office,seoul,0,0,0,0,19,0,0,52,0,0,abandoned
49137,U9141,2025-09-30 07:26:00,2025-09-30 07:32:00,M,50+,office,seoul,0,0,0,0,1,0,0,39,0,0,completed
49138,U9142,2025-09-18 09:20:00,2025-09-18 09:24:00,F,40~49,office,seoul,0,0,0,0,6,0,0,38,0,0,completed
49139,U9143,2025-06-25 11:40:00,2025-06-25 11:42:00,M,40~49,office,seoul,0,0,0,0,17,0,0,29,0,1,completed
49140,U9144,2025-03-22 07:31:00,2025-03-22 07:35:00,M,40~49,office,seoul,1,0,0,0,23,0,0,74,0,0,completed
49141,U9145,2025-07-28 09:58:00,2025-07-28 10:04:00,M,50+,office,seoul,0,0,0,0,27,0,0,75,0,0,completed
49142,U9146,2025-01-19 19:49:00,2025-01-19 19:54:00,M,20~29,office,seoul,1,0,0,0,3,0,0,42,0,0,completed
49143,U9147,2025-12-21 16:31:00,2025-12-21 16:37:00,F,20~29,office,seoul,1,0,0,0,22,0,0,29,0,0,completed
49144,U9148,2025-05-01 15:47:00,2025-05-01 15:53:00,F,50+,office,seoul,0,0,0,0,6,0,0,33,0,0,completed
49145,U9149,2025-10-30 15:59:00,2025-10-30 16:05:00,M,20~29,office,seoul,0,0,0,0,1,0,0,78,0,0,completed
49146,U9150,2025-09-26 14:47:00,2025-09-26 14:51:00,M,40~49,office,seoul,0,0,0,0,8,0,0,22,0,0,completed
49147,U9151,2025-12-30 09:57:00,2025-12-30 10:00:00,F,50+,office,seoul,0,0,0,0,2,0,0,65,0,0,abandoned
49148,U9152,2025-09-05 17:24:00,2025-09-05 17:26:00,F,40~49,office,seoul,0,0,0,0,7,0,0,41,0,0,completed
49149,U9153,2025-05-15 17:02:00,2025-05-15 17:09:00,F,40~49,office,seoul,0,0,0,0,10,0,0,37,0,0,completed
49150,U9154,2025-05-01 07:15:00,2025-05-01 07:17:00,M,20~29,office,seoul,0,0,0,0,5,0,0,78,0,0,completed
49151,U9155,2025-03-18 08:43:00,2025-03-18 08:46:00,F,30~39,office,seoul,0,0,0,0,28,0,0,31,0,0,completed
49152,U9156,2025-12-28 15:37:00,2025-12-28 15:40:00,M,20~29,office,seoul,1,0,0,0,12,0,0,77,0,0,completed
49153,U9157,2025-04-21 21:05:00,2025-04-21 21:10:00,F,30~39,office,seoul,0,0,0,0,10,0,0,29,0,0,completed
49154,U9158,2025-05-09 08:42:00,2025-05-09 08:44:00,F,30~39,office,seoul,0,0,0,0,10,0,0,22,0,0,completed
49155,U9159,2025-12-16 08:42:00,2025-12-16 08:48:00,F,30~39,office,seoul,0,0,0,0,4,0,0,39,0,0,completed
49156,U9160,2025-01-21 07:48:00,2025-01-21 07:51:00,M,50+,office,seoul,0,0,0,0,29,0,0,16,0,0,completed
49157,U9161,2025-10-02 09:01:00,2025-10-02 09:03:00,F,20~29,office,seoul,0,0,0,0,3,0,0,12,0,0,completed
49158,U9162,2025-09-11 13:04:00,2025-09-11 13:07:00,F,30~39,office,seoul,0,0,0,0,20,0,0,31,0,0,completed
49159,U9163,2025-03-14 18:02:00,2025-03-14 18:08:00,M,40~49,office,seoul,0,0,0,0,5,0,0,73,0,0,completed
49160,U9164,2025-09-07 18:08:00,2025-09-07 18:12:00,M,40~49,office,seoul,1,0,0,0,27,0,0,22,0,0,abandoned
49161,U9165,2025-04-05 11:03:00,2025-04-05 11:06:00,M,50+,office,seoul,1,0,0,0,21,0,0,24,0,1,completed
49162,U9166,2025-08-05 13:18:00,2025-08-05 13:25:00,M,30~39,office,seoul,0,0,0,0,0,0,0,79,0,0,completed
49163,U9167,2025-08-09 19:06:00,2025-08-09 19:09:00,F,40~49,office,seoul,1,0,0,0,7,0,0,14,0,0,completed
49164,U9168,2025-02-13 17:29:00,2025-02-13 17:35:00,F,20~29,office,seoul,0,0,0,0,27,0,0,18,0,0,completed
49165,U9169,2025-03-09 09:33:00,2025-03-09 09:38:00,M,50+,office,seoul,1,0,0,0,18,0,0,42,0,0,completed
49166,U9170,2025-02-18 15:11:00,2025-02-18 15:18:00,F,20~29,office,seoul,0,0,0,0,18,0,0,50,0,0,timeout
49167,U9171,2025-03-25 09:55:00,2025-03-25 09:57:00,F,40~49,office,seoul,0,0,0,0,28,0,0,30,0,0,completed
49168,U9172,2025-02-01 18:53:00,2025-02-01 19:00:00,M,50+,office,seoul,1,0,0,0,10,0,0,69,0,0,abandoned
49169,U9173,2025-04-09 18:25:00,2025-04-09 18:31:00,M,40~49,office,seoul,0,0,0,0,25,0,0,17,0,0,completed
49170,U9174,2025-12-09 13:01:00,2025-12-09 13:08:00,M,50+,office,seoul,0,0,0,0,16,0,0,28,0,0,completed
49171,U9175,2025-03-15 14:58:00,2025-03-15 15:03:00,F,50+,office,seoul,1,0,0,0,1,0,0,78,0,0,completed
49172,U9176,2025-04-08 08:32:00,2025-04-08 08:37:00,M,30~39,office,seoul,0,0,0,0,17,0,0,79,0,0,completed
49173,U9177,2025-10-16 19:54:00,2025-10-16 20:00:00,F,20~29,office,seoul,0,0,0,0,9,0,0,20,0,0,abandoned
49174,U9178,2025-01-02 08:47:00,2025-01-02 08:52:00,M,30~39,office,seoul,0,0,0,0,1,0,0,69,0,0,completed
49175,U9179,2025-05-23 15:21:00,2025-05-23 15:25:00,F,20~29,office,seoul,0,0,0,0,0,0,0,52,0,0,completed
49176,U9180,2025-09-22 14:01:00,2025-09-22 14:06:00,M,30~39,office,seoul,0,0,0,0,6,0,0,20,0,0,completed
49177,U9181,2025-06-01 19:41:00,2025-06-01 19:48:00,F,50+,office,seoul,1,0,0,0,15,0,0,12,0,0,completed
49178,U9182,2025-02-28 09:33:00,2025-02-28 09:40:00,M,30~39,office,seoul,0,0,0,0,19,0,0,15,0,0,completed
49179,U9183,2025-10-31 14:32:00,2025-10-31 14:37:00,F,30~39,office,seoul,0,0,0,0,2,0,0,30,0,0,completed
49180,U9184,2025-03-12 12:35:00,2025-03-12 12:39:00,F,20~29,office,seoul,0,0,0,0,3,0,0,38,0,0,completed
49181,U9185,2025-05-10 12:06:00,2025-05-10 12:08:00,M,40~49,office,seoul,1,0,0,0,19,0,0,58,0,0,completed
49182,U9186,2025-12-21 16:33:00,2025-12-21 16:35:00,M,30~39,office,seoul,1,0,0,0,27,0,0,26,0,0,completed
49183,U9187,2025-10-13 07:43:00,2025-10-13 07:50:00,F,20~29,office,seoul,0,0,0,0,23,0,0,12,0,0,completed
49184,U9188,2025-08-26 16:58:00,2025-08-26 17:05:00,F,30~39,office,seoul,0,0,0,0,12,0,0,51,0,0,completed
49185,U9189,2025-02-15 21:20:00,2025-02-15 21:22:00,M,30~39,office,seoul,1,0,0,0,28,0,0,37,0,0,completed
49186,U9190,2025-01-04 08:17:00,2025-01-04 08:23:00,F,20~29,office,seoul,1,0,0,0,19,0,0,57,0,0,completed
49187,U9191,2025-05-02 17:34:00,2025-05-02 17:41:00,F,30~39,office,seoul,0,0,0,0,25,0,0,16,0,0,abandoned
49188,U9192,2025-07-29 17:18:00,2025-07-29 17:22:00,M,20~29,office,seoul,0,0,0,0,17,0,0,29,0,0,completed
49189,U9193,2025-01-27 14:03:00,2025-01-27 14:06:00,F,30~39,office,seoul,0,0,0,0,20,0,0,68,0,0,completed
49190,U9194,2025-12-16 14:14:00,2025-12-16 14:21:00,M,30~39,office,seoul,0,0,0,0,28,0,0,25,0,0,completed
49191,U9195,2025-06-11 15:20:00,2025-06-11 15:26:00,M,40~49,office,seoul,0,0,0,0,3,0,0,31,0,0,completed
49192,U9196,2025-01-19 16:08:00,2025-01-19 16:11:00,M,30~39,office,seoul,1,0,0,0,2,0,0,63,0,0,completed
49193,U9197,2025-06-23 12:27:00,2025-06-23 12:33:00,F,30~39,office,seoul,0,0,0,0,24,0,0,17,0,0,completed
49194,U9198,2025-07-06 15:06:00,2025-07-06 15:11:00,F,30~39,office,seoul,1,0,0,0,10,0,0,61,0,0,completed
49195,U9199,2025-11-19 11:59:00,2025-11-19 12:06:00,M,20~29,office,seoul,0,0,0,0,7,0,0,73,0,0,completed
49196,U9200,2025-03-03 20:52:00,2025-03-03 20:54:00,F,20~29,office,seoul,0,0,0,0,24,0,0,73,0,0,completed
49197,U9201,2025-12-10 14:09:00,2025-12-10 14:15:00,F,20~29,office,seoul,0,0,0,0,9,0,0,71,0,0,completed
49198,U9202,2025-09-24 09:26:00,2025-09-24 09:29:00,F,50+,office,seoul,0,0,0,0,2,0,0,76,0,0,completed
49199,U9203,2025-08-10 17:32:00,2025-08-10 17:35:00,F,20~29,office,seoul,1,0,0,0,16,0,0,11,0,0,completed
49200,U9204,2025-10-14 19:07:00,2025-10-14 19:10:00,M,30~39,office,seoul,0,0,0,0,29,0,0,20,0,0,abandoned
49201,U9205,2025-12-11 19:36:00,2025-12-11 19:43:00,F,40~49,office,seoul,0,0,0,0,23,0,0,30,0,0,completed
49202,U9206,2025-10-23 09:58:00,2025-10-23 10:00:00,F,30~39,office,seoul,0,0,0,0,15,0,0,51,0,0,completed
49203,U9207,2025-06-28 08:28:00,2025-06-28 08:33:00,M,40~49,office,seoul,1,0,0,0,29,0,0,54,0,0,completed
49204,U9208,2025-09-20 13:46:00,2025-09-20 13:53:00,F,30~39,office,seoul,1,0,0,0,12,0,0,21,0,0,completed
49205,U9209,2025-09-24 15:27:00,2025-09-24 15:29:00,M,20~29,office,seoul,0,0,0,0,0,0,0,38,0,0,completed
49206,U9210,2025-11-20 18:54:00,2025-11-20 18:59:00,M,30~39,office,seoul,0,0,0,0,27,0,0,62,0,0,completed
49207,U9211,2025-05-16 16:59:00,2025-05-16 17:06:00,F,20~29,office,seoul,0,0,0,0,22,0,0,21,0,0,completed
49208,U9212,2025-04-08 12:25:00,2025-04-08 12:30:00,F,40~49,office,seoul,0,0,0,0,7,0,0,55,0,0,completed
49209,U9213,2025-05-31 08:02:00,2025-05-31 08:05:00,M,40~49,office,seoul,1,0,0,0,0,0,0,75,0,0,error
49210,U9214,2025-06-10 16:12:00,2025-06-10 16:18:00,F,40~49,office,seoul,0,0,0,0,22,0,0,21,0,0,completed
49211,U9215,2025-05-10 17:38:00,2025-05-10 17:45:00,M,50+,office,seoul,1,0,0,0,10,0,0,21,0,0,completed
49212,U9216,2025-08-16 12:16:00,2025-08-16 12:18:00,F,20~29,office,seoul,1,0,0,0,22,0,0,29,0,0,completed
49213,U9217,2025-08-22 11:26:00,2025-08-22 11:28:00,M,20~29,office,seoul,0,0,0,0,25,0,0,59,0,0,completed
49214,U9218,2025-06-22 21:15:00,2025-06-22 21:18:00,M,20~29,office,seoul,1,0,0,0,9,0,0,62,0,0,completed
49215,U9219,2025-04-05 07:32:00,2025-04-05 07:36:00,F,30~39,office,seoul,1,0,0,0,0,0,0,22,0,0,completed
49216,U9220,2025-07-27 15:52:00,2025-07-27 15:58:00,M,20~29,office,seoul,1,0,0,0,15,0,0,57,0,1,error
49217,U9221,2025-09-20 15:50:00,2025-09-20 15:53:00,M,40~49,office,seoul,1,0,0,0,10,0,0,15,0,0,completed
49218,U9222,2025-06-03 22:55:00,2025-06-03 23:00:00,F,20~29,office,seoul,0,0,0,0,8,0,0,19,0,0,completed
49219,U9223,2025-07-08 07:00:00,2025-07-08 07:07:00,F,50+,office,seoul,0,0,0,0,24,0,0,48,0,0,completed
49220,U9224,2025-05-04 09:25:00,2025-05-04 09:27:00,F,20~29,office,seoul,1,0,0,0,24,0,0,48,0,0,completed
49221,U9225,2025-09-08 11:20:00,2025-09-08 11:27:00,F,50+,office,seoul,0,0,0,0,14,0,0,12,1,0,completed
49222,U9226,2025-10-31 13:31:00,2025-10-31 13:37:00,F,30~39,office,seoul,0,0,0,0,1,0,0,38,0,0,completed
49223,U9227,2025-06-14 19:44:00,2025-06-14 19:50:00,F,30~39,office,seoul,1,0,0,0,5,0,0,64,0,0,completed
49224,U9228,2025-12-18 17:56:00,2025-12-18 17:59:00,F,20~29,office,seoul,0,0,0,0,19,0,0,54,0,0,completed
49225,U9229,2025-12-22 16:16:00,2025-12-22 16:22:00,M,40~49,office,seoul,0,0,0,0,12,0,0,62,0,0,abandoned
49226,U9230,2025-05-09 13:51:00,2025-05-09 13:53:00,F,20~29,office,seoul,0,0,0,0,24,0,0,60,0,0,completed
49227,U9231,2025-05-12 16:47:00,2025-05-12 16:49:00,F,20~29,office,seoul,0,0,0,0,28,0,0,21,0,0,completed
49228,U9232,2025-03-31 08:32:00,2025-03-31 08:39:00,F,40~49,office,seoul,0,0,0,0,25,0,0,55,0,0,completed
49229,U9233,2025-11-17 15:04:00,2025-11-17 15:09:00,F,30~39,office,seoul,0,0,0,0,1,0,0,40,0,0,completed
49230,U9234,2025-08-19 08:47:00,2025-08-19 08:52:00,F,20~29,office,seoul,0,0,0,0,28,0,0,50,0,0,timeout
49231,U9235,2025-11-11 07:30:00,2025-11-11 07:35:00,F,30~39,office,seoul,0,0,0,0,26,0,0,20,0,0,completed
49232,U9236,2025-02-09 19:05:00,2025-02-09 19:09:00,M,30~39,office,seoul,1,0,0,0,9,0,0,56,0,0,completed
49233,U9237,2025-08-13 15:11:00,2025-08-13 15:18:00,M,50+,office,seoul,0,0,0,0,5,0,0,27,0,0,abandoned
49234,U9238,2025-01-07 09:05:00,2025-01-07 09:10:00,F,40~49,office,seoul,0,0,0,0,8,0,0,46,0,0,completed
49235,U9239,2025-06-06 17:55:00,2025-06-06 17:58:00,F,40~49,office,seoul,0,0,0,0,16,0,0,53,0,0,completed
49236,U9240,2025-09-15 07:22:00,2025-09-15 07:25:00,M,20~29,office,seoul,0,0,0,0,9,0,0,10,0,0,completed
49237,U9241,2025-01-02 12:30:00,2025-01-02 12:32:00,F,30~39,office,seoul,0,0,0,0,29,0,0,47,0,0,completed
49238,U9242,2025-08-18 09:35:00,2025-08-18 09:38:00,M,40~49,office,seoul,0,0,0,0,24,0,0,63,0,0,completed
49239,U9243,2025-04-10 17:15:00,2025-04-10 17:19:00,F,50+,office,seoul,0,0,0,0,6,0,0,74,0,0,completed
49240,U9244,2025-03-22 09:22:00,2025-03-22 09:29:00,F,20~29,office,seoul,1,0,0,0,11,0,0,68,0,0,completed
49241,U9245,2025-12-28 17:36:00,2025-12-28 17:43:00,M,30~39,office,seoul,1,0,0,0,16,0,0,16,0,0,completed
49242,U9246,2025-02-26 19:01:00,2025-02-26 19:04:00,M,50+,office,seoul,0,0,0,0,9,0,0,27,0,1,completed
49243,U9247,2025-05-05 17:40:00,2025-05-05 17:47:00,M,20~29,office,seoul,0,0,0,0,7,0,0,21,0,0,abandoned
49244,U9248,2025-11-22 08:21:00,2025-11-22 08:25:00,M,40~49,office,seoul,1,0,0,0,17,0,0,38,0,0,completed
49245,U9249,2025-09-21 17:28:00,2025-09-21 17:34:00,F,20~29,office,seoul,1,0,0,0,27,0,0,40,0,0,completed
49246,U9250,2025-10-10 09:14:00,2025-10-10 09:18:00,F,30~39,office,seoul,0,0,0,0,7,0,0,69,0,0,completed
49247,U9251,2025-06-03 09:46:00,2025-06-03 09:53:00,M,20~29,office,seoul,0,0,0,0,6,0,0,24,0,0,completed
49248,U9252,2025-02-11 14:36:00,2025-02-11 14:43:00,F,50+,office,seoul,0,0,0,0,26,0,0,52,0,0,completed
49249,U9253,2025-08-09 09:46:00,2025-08-09 09:50:00,F,30~39,office,seoul,1,0,0,0,25,0,0,44,0,0,completed
49250,U9254,2025-06-20 17:14:00,2025-06-20 17:19:00,F,20~29,office,seoul,0,0,0,0,2,0,0,16,0,0,abandoned
49251,U9255,2025-04-24 13:58:00,2025-04-24 14:01:00,F,30~39,office,seoul,0,0,0,0,7,0,0,41,0,0,completed
49252,U9256,2025-06-25 12:02:00,2025-06-25 12:04:00,F,20~29,office,seoul,0,0,0,0,5,0,0,65,0,0,completed
49253,U9257,2025-05-18 08:38:00,2025-05-18 08:40:00,F,20~29,office,seoul,1,0,0,0,21,0,0,43,0,0,completed
49254,U9258,2025-01-10 22:44:00,2025-01-10 22:46:00,M,30~39,office,seoul,0,0,0,0,0,0,0,76,0,0,completed
49255,U9259,2025-04-21 14:36:00,2025-04-21 14:42:00,M,50+,office,seoul,0,0,0,0,18,0,0,61,0,0,completed
49256,U9260,2025-05-15 16:37:00,2025-05-15 16:41:00,M,40~49,office,seoul,0,0,0,0,28,0,0,25,0,0,completed
49257,U9261,2025-07-18 08:51:00,2025-07-18 08:53:00,F,50+,office,seoul,0,0,0,0,18,0,0,48,0,0,completed
49258,U9262,2025-07-07 13:39:00,2025-07-07 13:42:00,F,40~49,office,seoul,0,0,0,0,7,0,0,38,0,0,completed
49259,U9263,2025-01-10 13:35:00,2025-01-10 13:40:00,F,50+,office,seoul,0,0,0,0,25,0,0,26,1,0,abandoned
49260,U9264,2025-09-22 12:13:00,2025-09-22 12:20:00,F,30~39,office,seoul,0,0,0,0,29,0,0,21,0,0,completed
49261,U9265,2025-08-04 15:50:00,2025-08-04 15:52:00,F,30~39,office,seoul,0,0,0,0,28,0,0,19,0,0,completed
49262,U9266,2025-04-27 20:44:00,2025-04-27 20:46:00,F,20~29,office,seoul,1,0,0,0,28,0,0,37,0,0,timeout
49263,U9267,2025-02-22 19:46:00,2025-02-22 19:49:00,F,30~39,office,seoul,1,0,0,0,25,0,0,77,0,0,completed
49264,U9268,2025-03-18 15:08:00,2025-03-18 15:14:00,M,20~29,office,seoul,0,0,0,0,16,0,0,46,0,0,abandoned
49265,U9269,2025-12-04 07:14:00,2025-12-04 07:17:00,F,30~39,office,seoul,0,0,0,0,22,0,0,24,0,0,completed
49266,U9270,2025-06-25 09:22:00,2025-06-25 09:27:00,M,20~29,office,seoul,0,0,0,0,7,0,0,19,0,0,completed
49267,U9271,2025-05-18 14:57:00,2025-05-18 15:00:00,F,20~29,office,seoul,1,0,0,0,12,0,0,74,0,0,completed
49268,U9272,2025-11-19 08:33:00,2025-11-19 08:37:00,M,50+,office,seoul,0,0,0,0,21,0,0,12,0,0,completed
49269,U9273,2025-01-29 07:28:00,2025-01-29 07:35:00,F,20~29,office,seoul,0,0,0,0,10,0,0,59,1,0,abandoned
49270,U9274,2025-02-27 15:18:00,2025-02-27 15:23:00,F,50+,office,seoul,0,0,0,0,24,0,0,45,0,0,timeout
49271,U9275,2025-04-27 15:03:00,2025-04-27 15:07:00,M,30~39,office,seoul,1,0,0,0,22,0,0,56,0,0,completed
49272,U9276,2025-11-02 16:15:00,2025-11-02 16:21:00,M,20~29,office,seoul,1,0,0,0,22,0,0,62,0,0,completed
49273,U9277,2025-04-09 11:21:00,2025-04-09 11:23:00,F,20~29,office,seoul,0,0,0,0,12,0,0,50,0,0,completed
49274,U9278,2025-12-14 12:26:00,2025-12-14 12:28:00,M,40~49,office,seoul,1,0,0,0,25,0,0,62,0,0,completed
49275,U9279,2025-07-03 20:06:00,2025-07-03 20:13:00,M,50+,office,seoul,0,0,0,0,21,0,0,47,0,0,completed
49276,U9280,2025-11-06 19:10:00,2025-11-06 19:17:00,M,20~29,office,seoul,0,0,0,0,2,0,0,31,0,0,completed
49277,U9281,2025-10-14 17:05:00,2025-10-14 17:08:00,F,40~49,office,seoul,0,0,0,0,14,0,0,69,0,0,completed
49278,U9282,2025-12-27 11:51:00,2025-12-27 11:57:00,M,20~29,office,seoul,1,0,0,0,26,0,0,11,0,0,completed
49279,U9283,2025-02-03 14:44:00,2025-02-03 14:46:00,F,20~29,office,seoul,0,0,0,0,28,0,0,47,0,0,completed
49280,U9284,2025-06-26 14:53:00,2025-06-26 14:59:00,F,40~49,office,seoul,0,0,0,0,15,0,0,70,0,0,error
49281,U9285,2025-11-05 12:08:00,2025-11-05 12:13:00,M,20~29,office,seoul,0,0,0,0,7,0,0,35,0,0,completed
49282,U9286,2025-07-20 15:24:00,2025-07-20 15:28:00,F,50+,office,seoul,1,0,0,0,18,0,0,67,0,0,completed
49283,U9287,2025-09-21 08:29:00,2025-09-21 08:34:00,F,30~39,office,seoul,1,0,0,0,15,0,0,45,0,0,error
49284,U9288,2025-11-02 13:10:00,2025-11-02 13:14:00,F,20~29,office,seoul,1,0,0,0,11,0,0,78,0,0,completed
49285,U9289,2025-07-13 14:31:00,2025-07-13 14:34:00,M,40~49,office,seoul,1,0,0,0,7,0,0,40,0,0,completed
49286,U9290,2025-03-15 08:04:00,2025-03-15 08:07:00,F,20~29,office,seoul,1,0,0,0,24,0,0,18,0,0,completed
49287,U9291,2025-08-30 08:47:00,2025-08-30 08:54:00,M,20~29,office,seoul,1,0,0,0,0,0,0,18,0,0,completed
49288,U9292,2025-09-17 20:48:00,2025-09-17 20:54:00,F,50+,office,seoul,0,0,0,0,26,0,0,47,0,0,abandoned
49289,U9293,2025-10-01 12:21:00,2025-10-01 12:23:00,F,30~39,office,seoul,0,0,0,0,10,0,0,35,0,0,completed
49290,U9294,2025-03-15 14:37:00,2025-03-15 14:43:00,F,30~39,office,seoul,1,0,0,0,23,0,0,76,0,0,completed
49291,U9295,2025-10-07 14:26:00,2025-10-07 14:31:00,F,30~39,office,seoul,0,0,0,0,8,0,0,77,0,0,completed
49292,U9296,2025-09-29 12:36:00,2025-09-29 12:41:00,M,20~29,office,seoul,0,0,0,0,8,0,0,49,0,0,completed
49293,U9297,2025-05-16 11:00:00,2025-05-16 11:07:00,M,40~49,office,seoul,0,0,0,0,3,0,0,27,0,0,timeout
49294,U9298,2025-05-26 17:37:00,2025-05-26 17:42:00,F,20~29,office,seoul,0,0,0,0,17,0,0,16,0,0,completed
49295,U9299,2025-10-14 15:16:00,2025-10-14 15:19:00,F,30~39,office,seoul,0,0,0,0,17,0,0,74,0,0,completed
49296,U9300,2025-01-05 18:27:00,2025-01-05 18:29:00,F,30~39,office,seoul,1,0,0,0,21,0,0,69,0,0,completed
49297,U9301,2025-03-07 12:36:00,2025-03-07 12:42:00,M,50+,office,seoul,0,0,0,0,7,0,0,12,0,0,completed
49298,U9302,2025-12-08 08:56:00,2025-12-08 08:59:00,F,20~29,office,seoul,0,0,0,0,2,0,0,14,0,0,abandoned
49299,U9303,2025-11-30 13:34:00,2025-11-30 13:36:00,F,30~39,office,seoul,1,0,0,0,0,0,0,76,0,0,timeout
49300,U9304,2025-08-17 08:09:00,2025-08-17 08:12:00,M,20~29,office,seoul,1,0,0,0,29,0,0,58,0,0,completed
49301,U9305,2025-12-11 20:18:00,2025-12-11 20:23:00,F,30~39,office,seoul,0,0,0,0,9,0,0,19,0,0,error
49302,U9306,2025-11-30 17:02:00,2025-11-30 17:08:00,F,30~39,office,seoul,1,0,0,0,23,0,0,63,0,0,abandoned
49303,U9307,2025-03-16 12:18:00,2025-03-16 12:23:00,M,20~29,office,seoul,1,0,0,0,14,0,0,65,0,0,completed
49304,U9308,2025-01-18 12:38:00,2025-01-18 12:45:00,F,20~29,office,seoul,1,0,0,0,11,0,0,27,0,0,completed
49305,U9309,2025-09-07 15:57:00,2025-09-07 16:01:00,M,30~39,office,seoul,1,0,0,0,26,0,0,66,0,0,completed
49306,U9310,2025-05-27 14:48:00,2025-05-27 14:53:00,F,30~39,office,seoul,0,0,0,0,16,0,0,58,0,0,abandoned
49307,U9311,2025-02-23 18:12:00,2025-02-23 18:18:00,M,50+,office,seoul,1,0,0,0,9,0,0,52,0,0,completed
49308,U9312,2025-02-11 08:25:00,2025-02-11 08:29:00,M,40~49,office,seoul,0,0,0,0,18,0,0,64,1,1,completed
49309,U9313,2025-09-02 09:35:00,2025-09-02 09:41:00,M,20~29,office,seoul,0,0,0,0,11,0,0,24,0,0,completed
49310,U9314,2025-04-24 16:53:00,2025-04-24 17:00:00,F,50+,office,seoul,0,0,0,0,27,0,0,66,0,0,completed
49311,U9315,2025-09-11 13:03:00,2025-09-11 13:06:00,F,20~29,office,seoul,0,0,0,0,4,0,0,49,0,0,completed
49312,U9316,2025-09-16 22:45:00,2025-09-16 22:52:00,M,30~39,office,seoul,0,0,0,0,19,0,0,53,0,0,completed
49313,U9317,2025-06-03 21:48:00,2025-06-03 21:54:00,M,30~39,office,seoul,0,0,0,0,23,0,0,53,0,0,completed
49314,U9318,2025-01-05 09:50:00,2025-01-05 09:52:00,M,20~29,office,seoul,1,0,0,0,15,0,0,53,0,0,completed
49315,U9319,2025-05-16 14:12:00,2025-05-16 14:16:00,M,30~39,office,seoul,0,0,0,0,8,0,0,72,0,0,error
49316,U9320,2025-03-03 11:23:00,2025-03-03 11:29:00,F,20~29,office,seoul,0,0,0,0,18,0,0,56,0,0,completed
49317,U9321,2025-08-09 14:10:00,2025-08-09 14:15:00,M,20~29,office,seoul,1,0,0,0,24,0,0,12,0,0,completed
49318,U9322,2025-07-07 09:51:00,2025-07-07 09:57:00,F,30~39,office,seoul,0,0,0,0,15,0,0,53,0,0,completed
49319,U9323,2025-04-23 15:51:00,2025-04-23 15:54:00,F,20~29,office,seoul,0,0,0,0,25,0,0,74,0,0,completed
49320,U9324,2025-08-12 12:18:00,2025-08-12 12:23:00,M,20~29,office,seoul,0,0,0,0,0,0,0,55,0,0,completed
49321,U9325,2025-12-19 19:35:00,2025-12-19 19:41:00,M,20~29,office,seoul,0,0,0,0,25,0,0,59,0,0,completed
49322,U9326,2025-09-24 17:09:00,2025-09-24 17:13:00,M,20~29,office,seoul,0,0,0,0,25,0,0,41,1,0,timeout
49323,U9327,2025-05-21 08:07:00,2025-05-21 08:14:00,M,20~29,office,seoul,0,0,0,0,26,0,0,74,0,0,completed
49324,U9328,2025-07-30 09:15:00,2025-07-30 09:18:00,F,30~39,office,seoul,0,0,0,0,15,0,0,23,0,0,abandoned
49325,U9329,2025-11-20 15:40:00,2025-11-20 15:47:00,F,30~39,office,seoul,0,0,0,0,4,0,0,78,0,0,completed
49326,U9330,2025-07-22 08:07:00,2025-07-22 08:11:00,M,20~29,office,seoul,0,0,0,0,8,0,0,21,0,1,timeout
49327,U9331,2025-01-16 13:32:00,2025-01-16 13:37:00,M,30~39,office,seoul,0,0,0,0,23,0,0,77,1,0,completed
49328,U9332,2025-10-27 17:59:00,2025-10-27 18:01:00,F,40~49,office,seoul,0,0,0,0,3,0,0,44,0,0,completed
49329,U9333,2025-05-14 12:32:00,2025-05-14 12:34:00,F,30~39,office,seoul,0,0,0,0,27,0,0,38,0,0,completed
49330,U9334,2025-10-04 15:55:00,2025-10-04 15:57:00,M,50+,office,seoul,1,0,0,0,20,0,0,45,0,0,error
49331,U9335,2025-07-03 08:11:00,2025-07-03 08:13:00,F,20~29,office,seoul,0,0,0,0,15,0,0,47,1,0,completed
49332,U9336,2025-02-09 13:26:00,2025-02-09 13:29:00,F,30~39,office,seoul,1,0,0,0,11,0,0,68,0,0,completed
49333,U9337,2025-03-28 13:20:00,2025-03-28 13:26:00,M,30~39,office,seoul,0,0,0,0,1,0,0,77,0,0,completed
49334,U9338,2025-07-10 19:58:00,2025-07-10 20:01:00,F,50+,office,seoul,0,0,0,0,9,0,0,49,0,0,completed
49335,U9339,2025-10-06 18:18:00,2025-10-06 18:24:00,F,30~39,office,seoul,0,0,0,0,15,0,0,25,0,0,completed
49336,U9340,2025-03-16 16:32:00,2025-03-16 16:39:00,F,50+,office,seoul,1,0,0,0,8,0,0,24,1,1,abandoned
49337,U9341,2025-08-23 18:46:00,2025-08-23 18:51:00,M,30~39,office,seoul,1,0,0,0,14,0,0,66,0,0,completed
49338,U9342,2025-07-18 07:17:00,2025-07-18 07:23:00,F,40~49,office,seoul,0,0,0,0,28,0,0,30,0,0,completed
49339,U9343,2025-02-22 19:50:00,2025-02-22 19:56:00,F,20~29,office,seoul,1,0,0,0,20,0,0,44,0,0,completed
49340,U9344,2025-07-01 15:54:00,2025-07-01 16:00:00,F,40~49,office,seoul,0,0,0,0,16,0,0,13,0,0,completed
49341,U9345,2025-11-21 08:22:00,2025-11-21 08:29:00,F,30~39,office,seoul,0,0,0,0,3,0,0,54,0,0,completed
49342,U9346,2025-10-29 14:23:00,2025-10-29 14:26:00,M,20~29,office,seoul,0,0,0,0,27,0,0,18,0,0,completed
49343,U9347,2025-05-20 09:15:00,2025-05-20 09:19:00,F,20~29,office,seoul,0,0,0,0,6,0,0,47,0,0,completed
49344,U9348,2025-10-13 14:35:00,2025-10-13 14:37:00,F,30~39,office,seoul,0,0,0,0,12,0,0,25,0,0,completed
49345,U9349,2025-02-02 09:57:00,2025-02-02 09:59:00,F,40~49,office,seoul,1,0,0,0,11,0,0,75,0,0,completed
49346,U9350,2025-12-29 16:07:00,2025-12-29 16:13:00,F,20~29,office,seoul,0,0,0,0,29,0,0,71,0,0,completed
49347,U9351,2025-01-17 16:37:00,2025-01-17 16:43:00,F,30~39,office,seoul,0,0,0,0,28,0,0,60,0,1,completed
49348,U9352,2025-08-11 09:25:00,2025-08-11 09:27:00,M,40~49,office,seoul,0,0,0,0,28,0,0,16,0,0,completed
49349,U9353,2025-02-16 11:57:00,2025-02-16 12:01:00,F,20~29,office,seoul,1,0,0,0,24,0,0,74,0,0,completed
49350,U9354,2025-01-26 20:22:00,2025-01-26 20:26:00,M,40~49,office,seoul,1,0,0,0,1,0,0,54,0,1,completed
49351,U9355,2025-03-25 15:03:00,2025-03-25 15:07:00,M,30~39,office,seoul,0,0,0,0,25,0,0,25,0,0,completed
49352,U9356,2025-05-02 16:27:00,2025-05-02 16:34:00,F,20~29,office,seoul,0,0,0,0,27,0,0,20,0,0,completed
49353,U9357,2025-05-03 11:09:00,2025-05-03 11:13:00,M,20~29,office,seoul,1,0,0,0,11,0,0,50,0,0,completed
49354,U9358,2025-09-16 09:48:00,2025-09-16 09:54:00,M,40~49,office,seoul,0,0,0,0,28,0,0,79,0,0,completed
49355,U9359,2025-05-08 15:59:00,2025-05-08 16:01:00,M,50+,office,seoul,0,0,0,0,17,0,0,45,0,0,completed
49356,U9360,2025-08-09 12:03:00,2025-08-09 12:08:00,M,30~39,office,seoul,1,0,0,0,22,0,0,29,0,0,completed
49357,U9361,2025-09-09 08:51:00,2025-09-09 08:58:00,M,20~29,office,seoul,0,0,0,0,17,0,0,61,0,0,completed
49358,U9362,2025-04-28 17:40:00,2025-04-28 17:43:00,F,30~39,office,seoul,0,0,0,0,22,0,0,33,0,0,completed
49359,U9363,2025-05-03 19:32:00,2025-05-03 19:34:00,F,40~49,office,seoul,1,0,0,0,19,0,0,34,0,0,completed
49360,U9364,2025-09-22 08:27:00,2025-09-22 08:29:00,M,20~29,office,seoul,0,0,0,0,8,0,0,31,0,0,completed
49361,U9365,2025-04-11 15:12:00,2025-04-11 15:19:00,M,40~49,office,seoul,0,0,0,0,3,0,0,79,0,0,completed
49362,U9366,2025-08-07 17:03:00,2025-08-07 17:07:00,M,40~49,office,seoul,0,0,0,0,2,0,0,38,0,0,completed
49363,U9367,2025-08-04 11:09:00,2025-08-04 11:11:00,M,30~39,office,seoul,0,0,0,0,16,0,0,21,0,0,completed
49364,U9368,2025-11-10 19:57:00,2025-11-10 20:01:00,F,30~39,office,seoul,0,0,0,0,20,0,0,37,0,0,completed
49365,U9369,2025-02-12 14:31:00,2025-02-12 14:36:00,F,40~49,office,seoul,0,0,0,0,23,0,0,44,0,1,completed
49366,U9370,2025-11-11 09:52:00,2025-11-11 09:56:00,F,30~39,office,seoul,0,0,0,0,24,0,0,36,0,0,completed
49367,U9371,2025-06-21 18:28:00,2025-06-21 18:34:00,M,20~29,office,seoul,1,0,0,0,20,0,0,42,0,0,completed
49368,U9372,2025-12-03 19:21:00,2025-12-03 19:27:00,M,30~39,office,seoul,0,0,0,0,9,0,0,50,0,0,completed
49369,U9373,2025-11-11 17:31:00,2025-11-11 17:35:00,M,30~39,office,seoul,0,0,0,0,20,0,0,77,0,0,completed
49370,U9374,2025-12-11 08:17:00,2025-12-11 08:20:00,F,50+,office,seoul,0,0,0,0,6,0,0,22,1,0,completed
49371,U9375,2025-01-05 19:50:00,2025-01-05 19:52:00,F,30~39,office,seoul,1,0,0,0,0,0,0,24,0,0,abandoned
49372,U9376,2025-09-23 12:52:00,2025-09-23 12:57:00,M,40~49,office,seoul,0,0,0,0,11,0,0,20,0,0,completed
49373,U9377,2025-09-19 15:08:00,2025-09-19 15:14:00,M,20~29,office,seoul,0,0,0,0,16,0,0,57,0,0,completed
49374,U9378,2025-01-07 21:03:00,2025-01-07 21:05:00,F,20~29,office,seoul,0,0,0,0,27,0,0,47,0,0,error
49375,U9379,2025-01-01 12:02:00,2025-01-01 12:05:00,M,40~49,office,seoul,0,0,0,0,1,0,0,71,0,0,completed
49376,U9380,2025-07-20 20:52:00,2025-07-20 20:56:00,F,50+,office,seoul,1,0,0,0,10,0,0,71,0,0,completed
49377,U9381,2025-05-30 18:04:00,2025-05-30 18:08:00,F,50+,office,seoul,0,0,0,0,9,0,0,60,0,0,completed
49378,U9382,2025-08-10 14:48:00,2025-08-10 14:54:00,M,40~49,office,seoul,1,0,0,0,14,0,0,31,0,0,completed
49379,U9383,2025-04-28 14:22:00,2025-04-28 14:24:00,M,20~29,office,seoul,0,0,0,0,20,0,0,54,1,0,completed
49380,U9384,2025-02-04 09:08:00,2025-02-04 09:14:00,F,20~29,office,seoul,0,0,0,0,13,0,0,63,0,0,completed
49381,U9385,2025-09-23 13:48:00,2025-09-23 13:50:00,F,50+,office,seoul,0,0,0,0,20,0,0,32,0,0,completed
49382,U9386,2025-07-11 14:21:00,2025-07-11 14:23:00,F,20~29,office,seoul,0,0,0,0,17,0,0,37,0,1,completed
49383,U9387,2025-09-21 11:25:00,2025-09-21 11:27:00,F,30~39,office,seoul,1,0,0,0,7,0,0,43,0,0,timeout
49384,U9388,2025-11-04 16:37:00,2025-11-04 16:44:00,F,30~39,office,seoul,0,0,0,0,6,0,0,12,0,0,completed
49385,U9389,2025-07-07 09:27:00,2025-07-07 09:30:00,F,50+,office,seoul,0,0,0,0,19,0,0,51,0,0,completed
49386,U9390,2025-05-08 15:13:00,2025-05-08 15:18:00,F,40~49,office,seoul,0,0,0,0,14,0,0,24,0,0,completed
49387,U9391,2025-11-29 08:52:00,2025-11-29 08:57:00,F,40~49,office,seoul,1,0,0,0,25,0,0,28,0,0,completed
49388,U9392,2025-04-08 16:50:00,2025-04-08 16:56:00,F,20~29,office,seoul,0,0,0,0,11,0,0,34,0,0,completed
49389,U9393,2025-05-08 13:52:00,2025-05-08 13:56:00,F,30~39,office,seoul,0,0,0,0,4,0,0,37,0,0,completed
49390,U9394,2025-08-24 15:14:00,2025-08-24 15:17:00,M,30~39,office,seoul,1,0,0,0,29,0,0,12,0,0,completed
49391,U9395,2025-10-01 18:05:00,2025-10-01 18:09:00,M,20~29,office,seoul,0,0,0,0,11,0,0,61,0,0,completed
49392,U9396,2025-07-24 08:50:00,2025-07-24 08:57:00,F,20~29,office,seoul,0,0,0,0,14,0,0,39,0,0,completed
49393,U9397,2025-02-11 14:44:00,2025-02-11 14:46:00,F,20~29,office,seoul,0,0,0,0,10,0,0,60,0,0,completed
49394,U9398,2025-03-08 18:29:00,2025-03-08 18:36:00,M,20~29,office,seoul,1,0,0,0,16,0,0,71,0,0,completed
49395,U9399,2025-03-16 21:57:00,2025-03-16 21:59:00,M,30~39,office,seoul,1,0,0,0,6,0,0,40,0,0,completed
49396,U9400,2025-06-08 11:16:00,2025-06-08 11:22:00,F,50+,office,seoul,1,0,0,0,23,0,0,10,0,0,abandoned
49397,U9401,2025-09-02 20:46:00,2025-09-02 20:53:00,M,50+,office,seoul,0,0,0,0,10,0,0,22,1,0,completed
49398,U9402,2025-06-09 14:36:00,2025-06-09 14:39:00,F,40~49,office,seoul,0,0,0,0,6,0,0,74,0,0,completed
49399,U9403,2025-05-30 13:01:00,2025-05-30 13:06:00,M,30~39,office,seoul,0,0,0,0,14,0,0,38,0,0,completed
49400,U9404,2025-12-14 15:37:00,2025-12-14 15:41:00,F,40~49,office,seoul,1,0,0,0,1,0,0,48,0,0,completed
49401,U9405,2025-11-17 22:46:00,2025-11-17 22:52:00,M,40~49,office,seoul,0,0,0,0,3,0,0,20,0,0,completed
49402,U9406,2025-10-13 14:39:00,2025-10-13 14:43:00,F,40~49,office,seoul,0,0,0,0,22,0,0,38,0,0,completed
49403,U9407,2025-11-25 19:35:00,2025-11-25 19:38:00,M,20~29,office,seoul,0,0,0,0,24,0,0,35,0,0,completed
49404,U9408,2025-06-13 18:00:00,2025-06-13 18:06:00,M,20~29,office,seoul,0,0,0,0,14,0,0,24,0,0,completed
49405,U9409,2025-03-22 15:04:00,2025-03-22 15:07:00,F,20~29,office,seoul,1,0,0,0,0,0,0,34,0,0,completed
49406,U9410,2025-06-26 07:27:00,2025-06-26 07:30:00,F,40~49,office,seoul,0,0,0,0,3,0,0,30,0,0,completed
49407,U9411,2025-11-10 18:53:00,2025-11-10 18:57:00,F,40~49,office,seoul,0,0,0,0,0,0,0,44,0,0,error
49408,U9412,2025-02-12 15:50:00,2025-02-12 15:54:00,F,50+,office,seoul,0,0,0,0,22,0,0,35,0,0,completed
49409,U9413,2025-03-15 16:54:00,2025-03-15 16:57:00,F,40~49,office,seoul,1,0,0,0,8,0,0,38,0,0,completed
49410,U9414,2025-07-23 14:39:00,2025-07-23 14:45:00,F,30~39,office,seoul,0,0,0,0,8,0,0,54,0,0,completed
49411,U9415,2025-10-26 16:48:00,2025-10-26 16:53:00,F,50+,office,seoul,1,0,0,0,12,0,0,73,1,0,completed
49412,U9416,2025-03-24 11:15:00,2025-03-24 11:20:00,F,20~29,office,seoul,0,0,0,0,21,0,0,76,0,0,completed
49413,U9417,2025-01-14 20:32:00,2025-01-14 20:39:00,F,20~29,office,seoul,0,0,0,0,26,0,0,12,0,0,completed
49414,U9418,2025-03-05 18:05:00,2025-03-05 18:11:00,F,20~29,office,seoul,0,0,0,0,17,0,0,66,0,0,completed
49415,U9419,2025-05-31 15:51:00,2025-05-31 15:54:00,F,20~29,office,seoul,1,0,0,0,2,0,0,71,0,0,completed
49416,U9420,2025-12-07 14:36:00,2025-12-07 14:41:00,F,50+,office,seoul,1,0,0,0,5,0,0,22,0,0,completed
49417,U9421,2025-10-29 17:01:00,2025-10-29 17:05:00,F,30~39,office,seoul,0,0,0,0,23,0,0,67,0,0,abandoned
49418,U9422,2025-09-17 12:03:00,2025-09-17 12:07:00,F,50+,office,seoul,0,0,0,0,16,0,0,11,0,0,error
49419,U9423,2025-07-19 20:55:00,2025-07-19 21:01:00,F,30~39,office,seoul,1,0,0,0,5,0,0,30,0,0,abandoned
49420,U9424,2025-12-22 11:18:00,2025-12-22 11:25:00,F,50+,office,seoul,0,0,0,0,2,0,0,32,0,0,completed
49421,U9425,2025-05-22 11:40:00,2025-05-22 11:47:00,M,20~29,office,seoul,0,0,0,0,27,0,0,19,0,0,timeout
49422,U9426,2025-08-16 12:51:00,2025-08-16 12:56:00,F,20~29,office,seoul,1,0,0,0,8,0,0,48,0,0,completed
49423,U9427,2025-03-20 12:44:00,2025-03-20 12:48:00,F,20~29,office,seoul,0,0,0,0,22,0,0,53,0,0,abandoned
49424,U9428,2025-10-03 12:31:00,2025-10-03 12:38:00,M,30~39,office,seoul,0,0,0,0,21,0,0,77,0,0,completed
49425,U9429,2025-08-25 15:53:00,2025-08-25 15:59:00,F,20~29,office,seoul,0,0,0,0,12,0,0,58,0,0,completed
49426,U9430,2025-11-25 08:23:00,2025-11-25 08:25:00,F,40~49,office,seoul,0,0,0,0,5,0,0,12,0,0,abandoned
49427,U9431,2025-10-17 07:23:00,2025-10-17 07:29:00,F,30~39,office,seoul,0,0,0,0,21,0,0,63,0,0,completed
49428,U9432,2025-04-04 22:45:00,2025-04-04 22:49:00,F,50+,office,seoul,0,0,0,0,26,0,0,61,0,0,completed
49429,U9433,2025-06-20 13:01:00,2025-06-20 13:03:00,M,50+,office,seoul,0,0,0,0,6,0,0,67,0,0,completed
49430,U9434,2025-02-14 19:42:00,2025-02-14 19:47:00,M,50+,office,seoul,0,0,0,0,24,0,0,55,0,0,completed
49431,U9435,2025-04-15 16:16:00,2025-04-15 16:23:00,F,30~39,office,seoul,0,0,0,0,19,0,0,63,0,0,completed
49432,U9436,2025-01-15 07:15:00,2025-01-15 07:21:00,M,20~29,office,seoul,0,0,0,0,25,0,0,57,0,0,completed
49433,U9437,2025-04-17 19:00:00,2025-04-17 19:06:00,F,50+,office,seoul,0,0,0,0,8,0,0,59,1,0,completed
49434,U9438,2025-09-22 08:40:00,2025-09-22 08:46:00,M,20~29,office,seoul,0,0,0,0,28,0,0,55,0,0,completed
49435,U9439,2025-06-10 09:07:00,2025-06-10 09:11:00,F,30~39,office,seoul,0,0,0,0,23,0,0,29,0,0,error
49436,U9440,2025-06-15 14:58:00,2025-06-15 15:00:00,M,20~29,office,seoul,1,0,0,0,19,0,0,28,0,0,completed
49437,U9441,2025-05-20 12:49:00,2025-05-20 12:53:00,M,20~29,office,seoul,0,0,0,0,1,0,0,21,0,0,completed
49438,U9442,2025-03-19 15:55:00,2025-03-19 16:01:00,M,20~29,office,seoul,0,0,0,0,22,0,0,16,0,0,completed
49439,U9443,2025-01-17 09:39:00,2025-01-17 09:43:00,M,50+,office,seoul,0,0,0,0,11,0,0,43,0,0,completed
49440,U9444,2025-09-29 15:19:00,2025-09-29 15:22:00,M,20~29,office,seoul,0,0,0,0,18,0,0,36,1,0,completed
49441,U9445,2025-05-19 13:21:00,2025-05-19 13:27:00,M,50+,office,seoul,0,0,0,0,8,0,0,54,0,0,completed
49442,U9446,2025-07-08 15:44:00,2025-07-08 15:46:00,M,20~29,office,seoul,0,0,0,0,21,0,0,60,1,0,completed
49443,U9447,2025-06-08 12:42:00,2025-06-08 12:49:00,M,20~29,office,seoul,1,0,0,0,18,0,0,73,0,0,completed
49444,U9448,2025-06-19 19:43:00,2025-06-19 19:50:00,F,30~39,office,seoul,0,0,0,0,11,0,0,66,0,0,completed
49445,U9449,2025-12-22 08:31:00,2025-12-22 08:34:00,M,30~39,office,seoul,0,0,0,0,1,0,0,75,0,1,completed
49446,U9450,2025-12-19 12:29:00,2025-12-19 12:34:00,M,20~29,office,seoul,0,0,0,0,8,0,0,40,0,0,abandoned
49447,U9451,2025-07-12 16:03:00,2025-07-12 16:05:00,F,50+,office,seoul,1,0,0,0,8,0,0,23,0,0,completed
49448,U9452,2025-09-15 16:28:00,2025-09-15 16:32:00,M,30~39,office,seoul,0,0,0,0,4,0,0,23,0,0,completed
49449,U9453,2025-12-27 09:51:00,2025-12-27 09:54:00,M,20~29,office,seoul,1,0,0,0,18,0,0,28,1,0,abandoned
49450,U9454,2025-10-29 12:20:00,2025-10-29 12:26:00,F,30~39,office,seoul,0,0,0,0,5,0,0,26,0,0,completed
49451,U9455,2025-07-12 16:47:00,2025-07-12 16:51:00,M,30~39,office,seoul,1,0,0,0,16,0,0,40,0,0,timeout
49452,U9456,2025-07-01 15:25:00,2025-07-01 15:28:00,F,20~29,office,seoul,0,0,0,0,28,0,0,69,0,0,completed
49453,U9457,2025-02-23 11:05:00,2025-02-23 11:07:00,F,40~49,office,seoul,1,0,0,0,17,0,0,73,0,0,completed
49454,U9458,2025-04-26 07:04:00,2025-04-26 07:08:00,F,50+,office,seoul,1,0,0,0,3,0,0,29,0,0,completed
49455,U9459,2025-09-20 14:31:00,2025-09-20 14:33:00,M,30~39,office,seoul,1,0,0,0,6,0,0,24,0,0,completed
49456,U9460,2025-12-18 15:59:00,2025-12-18 16:02:00,M,50+,office,seoul,0,0,0,0,2,0,0,76,0,0,completed
49457,U9461,2025-04-19 11:42:00,2025-04-19 11:48:00,F,30~39,office,seoul,1,0,0,0,21,0,0,67,0,0,completed
49458,U9462,2025-07-06 15:17:00,2025-07-06 15:23:00,F,50+,office,seoul,1,0,0,0,27,0,0,45,0,0,completed
49459,U9463,2025-12-25 09:37:00,2025-12-25 09:44:00,M,30~39,office,seoul,0,0,0,0,24,0,0,26,0,0,completed
49460,U9464,2025-12-18 19:44:00,2025-12-18 19:49:00,F,20~29,office,seoul,0,0,0,0,4,0,0,34,0,0,completed
49461,U9465,2025-12-27 14:22:00,2025-12-27 14:25:00,F,40~49,office,seoul,1,0,0,0,15,0,0,35,1,0,completed
49462,U9466,2025-10-31 14:01:00,2025-10-31 14:05:00,F,30~39,office,seoul,0,0,0,0,8,0,0,30,0,0,completed
49463,U9467,2025-11-17 16:46:00,2025-11-17 16:49:00,M,30~39,office,seoul,0,0,0,0,2,0,0,62,0,0,completed
49464,U9468,2025-06-20 09:21:00,2025-06-20 09:24:00,F,30~39,office,seoul,0,0,0,0,16,0,0,17,0,0,completed
49465,U9469,2025-01-01 16:16:00,2025-01-01 16:18:00,M,20~29,office,seoul,0,0,0,0,6,0,0,32,0,0,completed
49466,U9470,2025-09-25 09:34:00,2025-09-25 09:41:00,M,20~29,office,seoul,0,0,0,0,19,0,0,67,0,0,completed
49467,U9471,2025-08-12 12:01:00,2025-08-12 12:08:00,M,30~39,office,seoul,0,0,0,0,0,0,0,21,0,0,completed
49468,U9472,2025-07-15 12:29:00,2025-07-15 12:31:00,M,40~49,office,seoul,0,0,0,0,21,0,0,28,0,0,completed
49469,U9473,2025-03-14 16:36:00,2025-03-14 16:39:00,M,30~39,office,seoul,0,0,0,0,25,0,0,49,0,0,completed
49470,U9474,2025-06-12 14:24:00,2025-06-12 14:27:00,M,40~49,office,seoul,0,0,0,0,29,0,0,35,0,0,completed
49471,U9475,2025-02-15 20:39:00,2025-02-15 20:42:00,M,40~49,office,seoul,1,0,0,0,20,0,0,10,0,0,timeout
49472,U9476,2025-06-09 13:41:00,2025-06-09 13:46:00,F,20~29,office,seoul,0,0,0,0,0,0,0,73,0,0,completed
49473,U9477,2025-11-12 13:59:00,2025-11-12 14:05:00,M,30~39,office,seoul,0,0,0,0,23,0,0,37,0,0,completed
49474,U9478,2025-09-18 19:28:00,2025-09-18 19:32:00,F,30~39,office,seoul,0,0,0,0,0,0,0,11,0,0,completed
49475,U9479,2025-06-19 09:12:00,2025-06-19 09:15:00,F,30~39,office,seoul,0,0,0,0,26,0,0,10,0,0,completed
49476,U9480,2025-11-25 11:44:00,2025-11-25 11:50:00,M,20~29,office,seoul,0,0,0,0,8,0,0,75,0,0,completed
49477,U9481,2025-02-25 15:29:00,2025-02-25 15:34:00,F,40~49,office,seoul,0,0,0,0,0,0,0,47,0,0,completed
49478,U9482,2025-11-18 09:24:00,2025-11-18 09:26:00,F,20~29,office,seoul,0,0,0,0,25,0,0,73,0,0,completed
49479,U9483,2025-06-24 12:38:00,2025-06-24 12:43:00,M,20~29,office,seoul,0,0,0,0,20,0,0,48,0,0,completed
49480,U9484,2025-05-14 15:58:00,2025-05-14 16:05:00,F,20~29,office,seoul,0,0,0,0,13,0,0,43,0,0,completed
49481,U9485,2025-04-07 13:52:00,2025-04-07 13:56:00,F,20~29,office,seoul,0,0,0,0,0,0,0,20,0,0,completed
49482,U9486,2025-05-02 14:06:00,2025-05-02 14:13:00,F,30~39,office,seoul,0,0,0,0,5,0,0,44,0,0,completed
49483,U9487,2025-11-08 19:36:00,2025-11-08 19:39:00,M,40~49,office,seoul,1,0,0,0,2,0,0,75,0,0,completed
49484,U9488,2025-04-13 12:01:00,2025-04-13 12:05:00,M,30~39,office,seoul,1,0,0,0,28,0,0,28,0,0,completed
49485,U9489,2025-08-22 09:34:00,2025-08-22 09:41:00,F,20~29,office,seoul,0,0,0,0,25,0,0,74,0,0,abandoned
49486,U9490,2025-03-31 09:48:00,2025-03-31 09:51:00,F,30~39,office,seoul,0,0,0,0,1,0,0,39,0,0,completed
49487,U9491,2025-05-01 13:23:00,2025-05-01 13:29:00,F,20~29,office,seoul,0,0,0,0,12,0,0,25,0,0,completed
49488,U9492,2025-11-09 12:07:00,2025-11-09 12:13:00,M,50+,office,seoul,1,0,0,0,15,0,0,34,1,0,abandoned
49489,U9493,2025-07-17 09:31:00,2025-07-17 09:34:00,F,20~29,office,seoul,0,0,0,0,14,0,0,16,0,0,completed
49490,U9494,2025-11-02 15:32:00,2025-11-02 15:37:00,M,30~39,office,seoul,1,0,0,0,28,0,0,65,0,0,completed
49491,U9495,2025-04-16 16:14:00,2025-04-16 16:20:00,F,40~49,office,seoul,0,0,0,0,23,0,0,46,0,0,error
49492,U9496,2025-04-21 12:37:00,2025-04-21 12:42:00,F,20~29,office,seoul,0,0,0,0,21,0,0,45,0,0,completed
49493,U9497,2025-12-18 07:02:00,2025-12-18 07:06:00,M,20~29,office,seoul,0,0,0,0,29,0,0,41,0,0,completed
49494,U9498,2025-05-26 19:02:00,2025-05-26 19:04:00,M,30~39,office,seoul,0,0,0,0,13,0,0,68,0,0,completed
49495,U9499,2025-02-02 09:00:00,2025-02-02 09:07:00,M,40~49,office,seoul,1,0,0,0,22,0,0,65,0,0,completed
49496,U9500,2025-01-11 17:23:00,2025-01-11 17:28:00,F,20~29,office,seoul,1,0,0,0,2,0,0,70,0,0,completed
49497,U9501,2025-12-05 14:51:00,2025-12-05 14:55:00,F,40~49,office,seoul,0,0,0,0,24,0,0,59,0,0,completed
49498,U9502,2025-06-21 18:36:00,2025-06-21 18:43:00,M,20~29,office,seoul,1,0,0,0,5,0,0,11,0,0,completed
49499,U9503,2025-05-28 12:25:00,2025-05-28 12:32:00,F,30~39,office,seoul,0,0,0,0,19,0,0,47,0,0,completed
49500,U9504,2025-06-01 14:18:00,2025-06-01 14:23:00,F,20~29,office,seoul,1,0,0,0,8,0,0,44,0,0,completed
49501,U9505,2025-04-16 22:10:00,2025-04-16 22:12:00,M,40~49,office,seoul,0,0,0,0,24,0,0,41,0,1,completed
49502,U9506,2025-06-19 12:33:00,2025-06-19 12:36:00,F,20~29,office,seoul,0,0,0,0,11,0,0,44,0,0,completed
49503,U9507,2025-02-10 14:11:00,2025-02-10 14:16:00,M,30~39,office,seoul,0,0,0,0,8,0,0,59,0,0,completed
49504,U9508,2025-04-08 09:11:00,2025-04-08 09:17:00,F,40~49,office,seoul,0,0,0,0,24,0,0,48,0,0,completed
49505,U9509,2025-09-10 11:04:00,2025-09-10 11:10:00,F,40~49,office,seoul,0,0,0,0,13,0,0,13,0,0,completed
49506,U9510,2025-08-04 11:06:00,2025-08-04 11:12:00,M,40~49,office,seoul,0,0,0,0,26,0,0,77,0,0,completed
49507,U9511,2025-01-24 17:26:00,2025-01-24 17:33:00,F,30~39,office,seoul,0,0,0,0,8,0,0,37,0,0,completed
49508,U9512,2025-01-22 15:53:00,2025-01-22 15:59:00,F,30~39,office,seoul,0,0,0,0,27,0,0,23,0,0,completed
49509,U9513,2025-05-03 12:22:00,2025-05-03 12:24:00,F,40~49,office,seoul,1,0,0,0,27,0,0,67,0,0,completed
49510,U9514,2025-03-13 07:55:00,2025-03-13 08:02:00,F,30~39,office,seoul,0,0,0,0,24,0,0,67,0,0,completed
49511,U9515,2025-02-28 09:17:00,2025-02-28 09:19:00,M,20~29,office,seoul,0,0,0,0,12,0,0,33,0,0,completed
49512,U9516,2025-03-26 08:46:00,2025-03-26 08:48:00,F,40~49,office,seoul,0,0,0,0,1,0,0,31,0,0,completed
49513,U9517,2025-09-28 08:39:00,2025-09-28 08:46:00,F,50+,office,seoul,1,0,0,0,9,0,0,16,0,0,completed
49514,U9518,2025-07-29 20:28:00,2025-07-29 20:32:00,M,20~29,office,seoul,0,0,0,0,19,0,0,73,0,0,abandoned
49515,U9519,2025-08-14 15:33:00,2025-08-14 15:38:00,F,20~29,office,seoul,0,0,0,0,3,0,0,53,0,0,completed
49516,U9520,2025-10-25 14:49:00,2025-10-25 14:52:00,M,30~39,office,seoul,1,0,0,0,20,0,0,47,0,0,completed
49517,U9521,2025-08-15 13:42:00,2025-08-15 13:47:00,M,50+,office,seoul,0,0,0,0,26,0,0,37,0,0,timeout
49518,U9522,2025-10-22 20:57:00,2025-10-22 21:03:00,F,20~29,office,seoul,0,0,0,0,20,0,0,24,0,0,completed
49519,U9523,2025-09-05 11:33:00,2025-09-05 11:35:00,M,20~29,office,seoul,0,0,0,0,11,0,0,17,1,0,completed
49520,U9524,2025-03-15 09:52:00,2025-03-15 09:55:00,F,40~49,office,seoul,1,0,0,0,9,0,0,75,0,0,abandoned
49521,U9525,2025-04-01 19:51:00,2025-04-01 19:58:00,F,30~39,office,seoul,0,0,0,0,23,0,0,47,0,0,completed
49522,U9526,2025-09-09 15:14:00,2025-09-09 15:17:00,F,20~29,office,seoul,0,0,0,0,26,0,0,58,0,0,completed
49523,U9527,2025-05-17 15:40:00,2025-05-17 15:46:00,F,30~39,office,seoul,1,0,0,0,24,0,0,72,0,0,completed
49524,U9528,2025-04-12 11:36:00,2025-04-12 11:39:00,M,40~49,office,seoul,1,0,0,0,1,0,0,45,0,0,completed
49525,U9529,2025-10-14 12:15:00,2025-10-14 12:20:00,F,30~39,office,seoul,0,0,0,0,13,0,0,15,0,0,completed
49526,U9530,2025-01-22 08:37:00,2025-01-22 08:39:00,F,20~29,office,seoul,0,0,0,0,2,0,0,70,0,0,completed
49527,U9531,2025-01-31 09:42:00,2025-01-31 09:48:00,F,50+,office,seoul,0,0,0,0,20,0,0,54,0,0,completed
49528,U9532,2025-06-24 09:33:00,2025-06-24 09:35:00,F,50+,office,seoul,0,0,0,0,7,0,0,34,0,0,completed
49529,U9533,2025-04-17 15:26:00,2025-04-17 15:33:00,F,30~39,office,seoul,0,0,0,0,22,0,0,29,0,0,completed
49530,U9534,2025-03-03 09:48:00,2025-03-03 09:54:00,M,20~29,office,seoul,0,0,0,0,28,0,0,51,0,0,timeout
49531,U9535,2025-05-06 21:51:00,2025-05-06 21:55:00,F,20~29,office,seoul,0,0,0,0,14,0,0,22,0,0,completed
49532,U9536,2025-10-07 11:14:00,2025-10-07 11:19:00,M,40~49,office,seoul,0,0,0,0,25,0,0,12,0,0,completed
49533,U9537,2025-11-16 12:31:00,2025-11-16 12:38:00,F,30~39,office,seoul,1,0,0,0,16,0,0,45,0,0,completed
49534,U9538,2025-07-23 16:26:00,2025-07-23 16:33:00,F,20~29,office,seoul,0,0,0,0,5,0,0,60,0,0,completed
49535,U9539,2025-05-07 19:27:00,2025-05-07 19:33:00,M,40~49,office,seoul,0,0,0,0,29,0,0,37,0,0,error
49536,U9540,2025-12-28 22:57:00,2025-12-28 23:03:00,M,30~39,office,seoul,1,0,0,0,28,0,0,49,0,0,completed
49537,U9541,2025-09-01 13:04:00,2025-09-01 13:09:00,F,20~29,office,seoul,0,0,0,0,9,0,0,28,1,0,completed
49538,U9542,2025-04-26 22:11:00,2025-04-26 22:13:00,F,20~29,office,seoul,1,0,0,0,15,0,0,54,0,0,completed
49539,U9543,2025-05-24 12:56:00,2025-05-24 13:03:00,F,30~39,office,seoul,1,0,0,0,20,0,0,19,0,0,completed
49540,U9544,2025-03-16 16:26:00,2025-03-16 16:31:00,M,20~29,office,seoul,1,0,0,0,2,0,0,65,0,0,abandoned
49541,U9545,2025-02-09 17:19:00,2025-02-09 17:24:00,M,30~39,office,seoul,1,0,0,0,11,0,0,72,0,0,completed
49542,U9546,2025-11-03 13:11:00,2025-11-03 13:15:00,F,50+,office,seoul,0,0,0,0,29,0,0,59,0,0,completed
49543,U9547,2025-03-21 13:46:00,2025-03-21 13:50:00,F,30~39,office,seoul,0,0,0,0,22,0,0,66,0,0,completed
49544,U9548,2025-04-29 14:43:00,2025-04-29 14:45:00,F,20~29,office,seoul,0,0,0,0,25,0,0,43,0,0,completed
49545,U9549,2025-09-19 11:12:00,2025-09-19 11:15:00,M,40~49,office,seoul,0,0,0,0,24,0,0,50,0,0,completed
49546,U9550,2025-02-01 09:47:00,2025-02-01 09:52:00,M,20~29,office,seoul,1,0,0,0,1,0,0,13,0,0,completed
49547,U9551,2025-06-19 12:35:00,2025-06-19 12:40:00,M,30~39,office,seoul,0,0,0,0,19,0,0,29,0,0,completed
49548,U9552,2025-07-11 09:10:00,2025-07-11 09:17:00,F,30~39,office,seoul,0,0,0,0,18,0,0,58,0,0,timeout
49549,U9553,2025-11-07 18:26:00,2025-11-07 18:30:00,F,40~49,office,seoul,0,0,0,0,2,0,0,31,0,0,completed
49550,U9554,2025-10-13 08:10:00,2025-10-13 08:13:00,F,20~29,office,seoul,0,0,0,0,15,0,0,38,0,0,completed
49551,U9555,2025-12-28 13:26:00,2025-12-28 13:28:00,F,50+,office,seoul,1,0,0,0,22,0,0,19,0,0,completed
49552,U9556,2025-10-07 11:12:00,2025-10-07 11:17:00,F,30~39,office,seoul,0,0,0,0,18,0,0,45,0,0,completed
49553,U9557,2025-01-03 16:41:00,2025-01-03 16:47:00,F,30~39,office,seoul,0,0,0,0,2,0,0,78,0,0,completed
49554,U9558,2025-10-27 17:38:00,2025-10-27 17:44:00,M,50+,office,seoul,0,0,0,0,12,0,0,11,0,0,completed
49555,U9559,2025-08-07 13:06:00,2025-08-07 13:10:00,M,20~29,office,seoul,0,0,0,0,5,0,0,79,0,0,completed
49556,U9560,2025-01-15 08:08:00,2025-01-15 08:10:00,F,20~29,office,seoul,0,0,0,0,16,0,0,25,0,0,completed
49557,U9561,2025-02-15 09:09:00,2025-02-15 09:14:00,F,40~49,office,seoul,1,0,0,0,18,0,0,72,0,0,completed
49558,U9562,2025-11-01 14:35:00,2025-11-01 14:42:00,F,30~39,office,seoul,1,0,0,0,16,0,0,66,0,0,completed
49559,U9563,2025-10-07 15:31:00,2025-10-07 15:38:00,F,30~39,office,seoul,0,0,0,0,28,0,0,42,0,0,completed
49560,U9564,2025-02-05 17:57:00,2025-02-05 18:01:00,M,20~29,office,seoul,0,0,0,0,11,0,0,44,0,0,completed
49561,U9565,2025-07-14 16:18:00,2025-07-14 16:20:00,M,30~39,office,seoul,0,0,0,0,28,0,0,40,0,0,completed
49562,U9566,2025-02-02 09:01:00,2025-02-02 09:07:00,M,20~29,office,seoul,1,0,0,0,28,0,0,21,0,0,completed
49563,U9567,2025-09-20 13:42:00,2025-09-20 13:44:00,M,20~29,office,seoul,1,0,0,0,24,0,0,14,0,0,completed
49564,U9568,2025-11-15 09:49:00,2025-11-15 09:51:00,M,20~29,office,seoul,1,0,0,0,14,0,0,40,0,0,error
49565,U9569,2025-12-05 12:23:00,2025-12-05 12:26:00,F,50+,office,seoul,0,0,0,0,11,0,0,72,0,0,completed
49566,U9570,2025-08-04 14:47:00,2025-08-04 14:50:00,M,40~49,office,seoul,0,0,0,0,11,0,0,53,0,0,completed
49567,U9571,2025-04-18 08:02:00,2025-04-18 08:04:00,M,30~39,office,seoul,0,0,0,0,21,0,0,62,0,0,completed
49568,U9572,2025-02-01 12:02:00,2025-02-01 12:05:00,F,30~39,office,seoul,1,0,0,0,23,0,0,16,0,0,completed
49569,U9573,2025-04-10 15:27:00,2025-04-10 15:31:00,F,20~29,office,seoul,0,0,0,0,13,0,0,41,0,0,completed
49570,U9574,2025-02-25 09:37:00,2025-02-25 09:44:00,F,40~49,office,seoul,0,0,0,0,12,0,0,40,0,0,completed
49571,U9575,2025-09-16 11:51:00,2025-09-16 11:55:00,F,20~29,office,seoul,0,0,0,0,5,0,0,51,0,0,completed
49572,U9576,2025-11-20 12:45:00,2025-11-20 12:49:00,F,40~49,office,seoul,0,0,0,0,5,0,0,59,0,0,completed
49573,U9577,2025-09-29 08:55:00,2025-09-29 08:59:00,F,20~29,office,seoul,0,0,0,0,6,0,0,35,0,0,completed
49574,U9578,2025-01-26 11:02:00,2025-01-26 11:09:00,F,20~29,office,seoul,1,0,0,0,24,0,0,11,1,0,abandoned
49575,U9579,2025-01-16 11:42:00,2025-01-16 11:46:00,M,20~29,office,seoul,0,0,0,0,15,0,0,77,0,0,completed
49576,U9580,2025-05-17 09:58:00,2025-05-17 10:00:00,M,30~39,office,seoul,1,0,0,0,18,0,0,17,0,0,completed
49577,U9581,2025-11-27 13:22:00,2025-11-27 13:26:00,F,30~39,office,seoul,0,0,0,0,8,0,0,64,0,0,completed
49578,U9582,2025-05-12 19:52:00,2025-05-12 19:55:00,F,50+,office,seoul,0,0,0,0,15,0,0,65,0,0,error
49579,U9583,2025-12-20 11:11:00,2025-12-20 11:15:00,F,30~39,office,seoul,1,0,0,0,6,0,0,64,0,0,completed
49580,U9584,2025-05-08 12:41:00,2025-05-08 12:45:00,F,40~49,office,seoul,0,0,0,0,12,0,0,14,0,0,completed
49581,U9585,2025-06-25 18:31:00,2025-06-25 18:38:00,F,50+,office,seoul,0,0,0,0,7,0,0,43,0,0,completed
49582,U9586,2025-03-02 16:47:00,2025-03-02 16:53:00,F,50+,office,seoul,1,0,0,0,3,0,0,64,0,0,completed
49583,U9587,2025-10-05 18:02:00,2025-10-05 18:07:00,F,30~39,office,seoul,1,0,0,0,0,0,0,10,0,0,completed
49584,U9588,2025-04-15 08:23:00,2025-04-15 08:28:00,F,40~49,office,seoul,0,0,0,0,9,0,0,65,0,0,completed
49585,U9589,2025-05-01 19:01:00,2025-05-01 19:08:00,F,30~39,office,seoul,0,0,0,0,12,0,0,40,0,0,completed
49586,U9590,2025-12-23 22:19:00,2025-12-23 22:24:00,F,50+,office,seoul,0,0,0,0,26,0,0,61,0,0,abandoned
49587,U9591,2025-07-14 08:18:00,2025-07-14 08:25:00,F,20~29,office,seoul,0,0,0,0,4,0,0,61,0,0,completed
49588,U9592,2025-02-03 07:19:00,2025-02-03 07:26:00,M,40~49,office,seoul,0,0,0,0,13,0,0,17,0,0,completed
49589,U9593,2025-12-21 12:12:00,2025-12-21 12:16:00,F,30~39,office,seoul,1,0,0,0,25,0,0,28,0,0,completed
49590,U9594,2025-06-29 08:27:00,2025-06-29 08:32:00,M,50+,office,seoul,1,0,0,0,25,0,0,40,0,0,completed
49591,U9595,2025-11-10 18:28:00,2025-11-10 18:33:00,F,50+,office,seoul,0,0,0,0,16,0,0,58,0,0,completed
49592,U9596,2025-04-17 17:09:00,2025-04-17 17:15:00,F,20~29,office,seoul,0,0,0,0,5,0,0,56,0,0,completed
49593,U9597,2025-05-05 18:59:00,2025-05-05 19:03:00,M,40~49,office,seoul,0,0,0,0,19,0,0,19,0,0,completed
49594,U9598,2025-05-23 18:55:00,2025-05-23 19:02:00,F,30~39,office,seoul,0,0,0,0,8,0,0,32,0,0,timeout
49595,U9599,2025-11-27 09:23:00,2025-11-27 09:25:00,F,20~29,office,seoul,0,0,0,0,3,0,0,49,0,0,completed
49596,U9600,2025-05-09 11:00:00,2025-05-09 11:04:00,M,20~29,office,seoul,0,0,0,0,4,0,0,20,0,0,completed
49597,U9601,2025-11-08 14:34:00,2025-11-08 14:39:00,F,30~39,office,seoul,1,0,0,0,18,0,0,33,0,0,abandoned
49598,U9602,2025-05-25 09:56:00,2025-05-25 09:59:00,F,50+,office,seoul,1,0,0,0,10,0,0,74,1,1,completed
49599,U9603,2025-11-24 08:31:00,2025-11-24 08:34:00,M,50+,office,seoul,0,0,0,0,25,0,0,31,0,0,completed
49600,U9604,2025-08-09 14:15:00,2025-08-09 14:18:00,M,40~49,office,seoul,1,0,0,0,0,0,0,74,0,0,completed
49601,U9605,2025-12-28 07:36:00,2025-12-28 07:43:00,F,20~29,office,seoul,1,0,0,0,20,0,0,30,0,0,completed
49602,U9606,2025-01-28 08:25:00,2025-01-28 08:29:00,F,20~29,office,seoul,0,0,0,0,22,0,0,16,0,0,completed
49603,U9607,2025-04-10 12:59:00,2025-04-10 13:02:00,M,20~29,office,seoul,0,0,0,0,14,0,0,63,0,0,completed
49604,U9608,2025-04-24 11:59:00,2025-04-24 12:06:00,F,50+,office,seoul,0,0,0,0,13,0,0,52,0,0,completed
49605,U9609,2025-04-03 14:50:00,2025-04-03 14:56:00,M,20~29,office,seoul,0,0,0,0,25,0,0,35,0,0,completed
49606,U9610,2025-12-29 19:51:00,2025-12-29 19:58:00,F,50+,office,seoul,0,0,0,0,10,0,0,69,0,0,abandoned
49607,U9611,2025-11-24 15:22:00,2025-11-24 15:26:00,F,20~29,office,seoul,0,0,0,0,8,0,0,57,0,0,completed
49608,U9612,2025-03-12 13:36:00,2025-03-12 13:42:00,M,40~49,office,seoul,0,0,0,0,24,0,0,16,0,0,completed
49609,U9613,2025-11-15 17:35:00,2025-11-15 17:37:00,F,20~29,office,seoul,1,0,0,0,27,0,0,25,0,0,completed
49610,U9614,2025-03-28 15:51:00,2025-03-28 15:58:00,F,20~29,office,seoul,0,0,0,0,26,0,0,74,0,0,completed
49611,U9615,2025-04-04 11:40:00,2025-04-04 11:42:00,F,40~49,office,seoul,0,0,0,0,10,0,0,48,0,0,error
49612,U9616,2025-09-11 12:56:00,2025-09-11 13:00:00,F,50+,office,seoul,0,0,0,0,15,0,0,51,0,0,error
49613,U9617,2025-12-15 20:19:00,2025-12-15 20:22:00,M,30~39,office,seoul,0,0,0,0,20,0,0,72,0,0,completed
49614,U9618,2025-09-20 15:35:00,2025-09-20 15:40:00,F,40~49,office,seoul,1,0,0,0,20,0,0,16,0,0,completed
49615,U9619,2025-02-20 14:02:00,2025-02-20 14:04:00,F,40~49,office,seoul,0,0,0,0,7,0,0,69,0,0,completed
49616,U9620,2025-08-18 15:50:00,2025-08-18 15:52:00,M,20~29,office,seoul,0,0,0,0,2,0,0,22,0,0,completed
49617,U9621,2025-10-26 17:11:00,2025-10-26 17:15:00,F,20~29,office,seoul,1,0,0,0,29,0,0,19,0,0,completed
49618,U9622,2025-02-11 09:52:00,2025-02-11 09:59:00,M,30~39,office,seoul,0,0,0,0,16,0,0,73,0,0,completed
49619,U9623,2025-05-25 12:19:00,2025-05-25 12:24:00,F,20~29,office,seoul,1,0,0,0,2,0,0,28,0,0,completed
49620,U9624,2025-02-14 13:37:00,2025-02-14 13:39:00,M,20~29,office,seoul,0,0,0,0,4,0,0,10,0,0,completed
49621,U9625,2025-02-20 12:44:00,2025-02-20 12:50:00,M,20~29,office,seoul,0,0,0,0,25,0,0,64,0,0,completed
49622,U9626,2025-11-01 12:05:00,2025-11-01 12:07:00,M,30~39,office,seoul,1,0,0,0,4,0,0,41,0,0,completed
49623,U9627,2025-01-26 07:04:00,2025-01-26 07:07:00,F,20~29,office,seoul,1,0,0,0,1,0,0,64,0,0,timeout
49624,U9628,2025-11-09 15:22:00,2025-11-09 15:29:00,F,40~49,office,seoul,1,0,0,0,24,0,0,35,0,0,completed
49625,U9629,2025-12-30 14:51:00,2025-12-30 14:57:00,F,50+,office,seoul,0,0,0,0,18,0,0,43,0,0,completed
49626,U9630,2025-02-18 12:47:00,2025-02-18 12:51:00,M,20~29,office,seoul,0,0,0,0,6,0,0,67,0,0,completed
49627,U9631,2025-03-06 08:58:00,2025-03-06 09:05:00,F,50+,office,seoul,0,0,0,0,12,0,0,35,0,0,timeout
49628,U9632,2025-02-22 17:01:00,2025-02-22 17:04:00,F,30~39,office,seoul,1,0,0,0,25,0,0,53,0,0,completed
49629,U9633,2025-11-18 07:16:00,2025-11-18 07:23:00,F,30~39,office,seoul,0,0,0,0,22,0,0,16,0,0,abandoned
49630,U9634,2025-07-27 07:05:00,2025-07-27 07:09:00,F,30~39,office,seoul,1,0,0,0,23,0,0,71,0,0,abandoned
49631,U9635,2025-01-30 08:39:00,2025-01-30 08:45:00,F,30~39,office,seoul,0,0,0,0,13,0,0,62,0,0,completed
49632,U9636,2025-12-26 13:38:00,2025-12-26 13:42:00,M,30~39,office,seoul,0,0,0,0,15,0,0,65,0,0,completed
49633,U9637,2025-06-04 16:13:00,2025-06-04 16:18:00,F,40~49,office,seoul,0,0,0,0,1,0,0,22,0,0,completed
49634,U9638,2025-09-23 13:55:00,2025-09-23 13:59:00,F,50+,office,seoul,0,0,0,0,18,0,0,37,0,0,completed
49635,U9639,2025-04-11 08:47:00,2025-04-11 08:51:00,M,20~29,office,seoul,0,0,0,0,20,0,0,22,0,0,completed
49636,U9640,2025-08-24 09:53:00,2025-08-24 09:58:00,F,50+,office,seoul,1,0,0,0,5,0,0,28,0,0,completed
49637,U9641,2025-12-31 18:31:00,2025-12-31 18:34:00,M,20~29,office,seoul,0,0,0,0,17,0,0,69,0,0,completed
49638,U9642,2025-04-03 19:31:00,2025-04-03 19:36:00,F,30~39,office,seoul,0,0,0,0,14,0,0,65,0,0,abandoned
49639,U9643,2025-05-01 14:13:00,2025-05-01 14:15:00,M,50+,office,seoul,0,0,0,0,9,0,0,76,0,0,completed
49640,U9644,2025-04-18 17:22:00,2025-04-18 17:27:00,F,50+,office,seoul,0,0,0,0,25,0,0,24,0,1,timeout
49641,U9645,2025-07-30 15:45:00,2025-07-30 15:48:00,M,50+,office,seoul,0,0,0,0,13,0,0,42,0,0,completed
49642,U9646,2025-01-08 13:28:00,2025-01-08 13:33:00,F,50+,office,seoul,0,0,0,0,2,0,0,20,0,0,completed
49643,U9647,2025-08-19 22:36:00,2025-08-19 22:38:00,F,40~49,office,seoul,0,0,0,0,1,0,0,51,0,0,completed
49644,U9648,2025-05-08 13:10:00,2025-05-08 13:13:00,F,40~49,office,seoul,0,0,0,0,24,0,0,49,0,0,completed
49645,U9649,2025-01-03 16:39:00,2025-01-03 16:42:00,M,30~39,office,seoul,0,0,0,0,15,0,0,71,0,0,completed
49646,U9650,2025-08-07 18:24:00,2025-08-07 18:27:00,M,50+,office,seoul,0,0,0,0,18,0,0,63,0,0,timeout
49647,U9651,2025-02-24 09:16:00,2025-02-24 09:20:00,F,30~39,office,seoul,0,0,0,0,20,0,0,58,0,0,completed
49648,U9652,2025-04-08 12:33:00,2025-04-08 12:40:00,M,30~39,office,seoul,0,0,0,0,17,0,0,10,0,0,completed
49649,U9653,2025-07-01 11:35:00,2025-07-01 11:37:00,F,30~39,office,seoul,0,0,0,0,7,0,0,54,0,0,completed
49650,U9654,2025-10-13 16:35:00,2025-10-13 16:38:00,F,40~49,office,seoul,0,0,0,0,19,0,0,62,0,0,completed
49651,U9655,2025-10-30 22:11:00,2025-10-30 22:14:00,F,50+,office,seoul,0,0,0,0,13,0,0,34,0,0,abandoned
49652,U9656,2025-01-09 15:28:00,2025-01-09 15:32:00,F,30~39,office,seoul,0,0,0,0,6,0,0,46,0,0,error
49653,U9657,2025-12-28 14:03:00,2025-12-28 14:07:00,M,50+,office,seoul,1,0,0,0,24,0,0,31,0,0,completed
49654,U9658,2025-11-15 11:28:00,2025-11-15 11:30:00,M,40~49,office,seoul,1,0,0,0,12,0,0,63,0,0,timeout
49655,U9659,2025-07-15 09:57:00,2025-07-15 10:04:00,F,30~39,office,seoul,0,0,0,0,5,0,0,12,0,0,completed
49656,U9660,2025-11-25 11:48:00,2025-11-25 11:51:00,F,50+,office,seoul,0,0,0,0,7,0,0,75,0,1,completed
49657,U9661,2025-10-06 09:53:00,2025-10-06 09:57:00,M,40~49,office,seoul,0,0,0,0,6,0,0,43,1,0,completed
49658,U9662,2025-08-08 16:53:00,2025-08-08 16:57:00,F,20~29,office,seoul,0,0,0,0,1,0,0,19,0,0,error
49659,U9663,2025-06-23 11:06:00,2025-06-23 11:09:00,F,30~39,office,seoul,0,0,0,0,10,0,0,72,0,0,completed
49660,U9664,2025-02-02 17:30:00,2025-02-02 17:33:00,M,30~39,office,seoul,1,0,0,0,18,0,0,30,0,0,completed
49661,U9665,2025-04-07 18:51:00,2025-04-07 18:54:00,F,20~29,office,seoul,0,0,0,0,15,0,0,49,0,0,completed
49662,U9666,2025-01-08 19:14:00,2025-01-08 19:21:00,F,20~29,office,seoul,0,0,0,0,3,0,0,73,0,0,completed
49663,U9667,2025-10-17 08:53:00,2025-10-17 08:58:00,F,30~39,office,seoul,0,0,0,0,16,0,0,56,0,0,completed
49664,U9668,2025-07-23 18:42:00,2025-07-23 18:45:00,M,30~39,office,seoul,0,0,0,0,19,0,0,73,0,0,completed
49665,U9669,2025-01-28 11:02:00,2025-01-28 11:04:00,F,30~39,office,seoul,0,0,0,0,20,0,0,44,0,0,abandoned
49666,U9670,2025-01-06 13:18:00,2025-01-06 13:25:00,F,30~39,office,seoul,0,0,0,0,19,0,0,60,0,0,completed
49667,U9671,2025-10-02 09:57:00,2025-10-02 10:00:00,F,30~39,office,seoul,0,0,0,0,22,0,0,46,0,0,completed
49668,U9672,2025-12-14 08:15:00,2025-12-14 08:18:00,F,30~39,office,seoul,1,0,0,0,24,0,0,18,0,0,completed
49669,U9673,2025-10-13 15:51:00,2025-10-13 15:57:00,F,20~29,office,seoul,0,0,0,0,20,0,0,21,0,0,completed
49670,U9674,2025-09-23 19:33:00,2025-09-23 19:40:00,F,20~29,office,seoul,0,0,0,0,27,0,0,75,0,0,completed
49671,U9675,2025-06-30 16:13:00,2025-06-30 16:19:00,F,40~49,office,seoul,0,0,0,0,9,0,0,18,0,0,abandoned
49672,U9676,2025-02-08 11:21:00,2025-02-08 11:27:00,F,30~39,office,seoul,1,0,0,0,2,0,0,47,0,0,completed
49673,U9677,2025-10-27 14:14:00,2025-10-27 14:19:00,F,40~49,office,seoul,0,0,0,0,11,0,0,28,0,0,completed
49674,U9678,2025-03-09 13:38:00,2025-03-09 13:43:00,M,30~39,office,seoul,1,0,0,0,8,0,0,66,0,0,completed
49675,U9679,2025-10-16 07:22:00,2025-10-16 07:25:00,M,30~39,office,seoul,0,0,0,0,27,0,0,60,0,0,completed
49676,U9680,2025-06-20 08:28:00,2025-06-20 08:35:00,M,20~29,office,seoul,0,0,0,0,3,0,0,60,0,0,completed
49677,U9681,2025-01-13 15:52:00,2025-01-13 15:59:00,F,20~29,office,seoul,0,0,0,0,5,0,0,79,0,0,completed
49678,U9682,2025-02-16 19:52:00,2025-02-16 19:57:00,F,30~39,office,seoul,1,0,0,0,4,0,0,67,0,0,completed
49679,U9683,2025-07-12 17:11:00,2025-07-12 17:13:00,F,50+,office,seoul,1,0,0,0,4,0,0,34,0,0,completed
49680,U9684,2025-07-29 14:31:00,2025-07-29 14:33:00,M,40~49,office,seoul,0,0,0,0,4,0,0,78,1,0,completed
49681,U9685,2025-10-15 19:33:00,2025-10-15 19:37:00,F,40~49,office,seoul,0,0,0,0,13,0,0,68,0,0,abandoned
49682,U9686,2025-12-01 15:47:00,2025-12-01 15:50:00,F,40~49,office,seoul,0,0,0,0,13,0,0,61,0,1,completed
49683,U9687,2025-02-23 12:20:00,2025-02-23 12:25:00,F,40~49,office,seoul,1,0,0,0,21,0,0,63,0,0,completed
49684,U9688,2025-09-30 08:21:00,2025-09-30 08:27:00,F,30~39,office,seoul,0,0,0,0,6,0,0,18,0,0,completed
49685,U9689,2025-04-25 19:30:00,2025-04-25 19:32:00,F,20~29,office,seoul,0,0,0,0,18,0,0,78,0,0,completed
49686,U9690,2025-10-31 17:59:00,2025-10-31 18:01:00,F,20~29,office,seoul,0,0,0,0,11,0,0,61,0,0,completed
49687,U9691,2025-06-04 08:26:00,2025-06-04 08:32:00,F,50+,office,seoul,0,0,0,0,8,0,0,73,0,0,completed
49688,U9692,2025-03-22 20:30:00,2025-03-22 20:35:00,F,30~39,office,seoul,1,0,0,0,9,0,0,34,0,0,completed
49689,U9693,2025-05-14 16:40:00,2025-05-14 16:46:00,M,30~39,office,seoul,0,0,0,0,17,0,0,54,0,0,completed
49690,U9694,2025-04-21 08:12:00,2025-04-21 08:18:00,M,50+,office,seoul,0,0,0,0,17,0,0,73,0,0,completed
49691,U9695,2025-05-28 16:53:00,2025-05-28 16:57:00,F,30~39,office,seoul,0,0,0,0,17,0,0,79,0,0,completed
49692,U9696,2025-05-11 14:40:00,2025-05-11 14:46:00,F,30~39,office,seoul,1,0,0,0,12,0,0,26,0,0,completed
49693,U9697,2025-01-11 19:55:00,2025-01-11 19:57:00,F,20~29,office,seoul,1,0,0,0,7,0,0,67,0,0,completed
49694,U9698,2025-09-01 08:01:00,2025-09-01 08:05:00,M,40~49,office,seoul,0,0,0,0,9,0,0,13,0,0,timeout
49695,U9699,2025-10-26 16:30:00,2025-10-26 16:37:00,F,20~29,office,seoul,1,0,0,0,22,0,0,74,0,0,completed
49696,U9700,2025-11-21 14:01:00,2025-11-21 14:05:00,F,40~49,office,seoul,0,0,0,0,15,0,0,56,0,0,completed
49697,U9701,2025-08-13 16:10:00,2025-08-13 16:16:00,F,50+,office,seoul,0,0,0,0,20,0,0,17,0,0,completed
49698,U9702,2025-08-31 18:46:00,2025-08-31 18:53:00,F,50+,office,seoul,1,0,0,0,12,0,0,54,0,0,abandoned
49699,U9703,2025-05-22 16:48:00,2025-05-22 16:50:00,M,30~39,office,seoul,0,0,0,0,15,0,0,50,0,0,completed
49700,U9704,2025-04-29 12:39:00,2025-04-29 12:44:00,F,20~29,office,seoul,0,0,0,0,7,0,0,20,0,0,completed
49701,U9705,2025-04-06 18:44:00,2025-04-06 18:48:00,M,20~29,office,seoul,1,0,0,0,23,0,0,19,0,0,completed
49702,U9706,2025-12-08 17:26:00,2025-12-08 17:28:00,F,40~49,office,seoul,0,0,0,0,14,0,0,72,0,0,completed
49703,U9707,2025-09-07 20:55:00,2025-09-07 21:00:00,F,30~39,office,seoul,1,0,0,0,27,0,0,17,0,0,completed
49704,U9708,2025-01-04 19:27:00,2025-01-04 19:29:00,F,20~29,office,seoul,1,0,0,0,22,0,0,37,0,0,completed
49705,U9709,2025-04-12 11:25:00,2025-04-12 11:30:00,M,20~29,office,seoul,1,0,0,0,10,0,0,34,0,0,completed
49706,U9710,2025-01-21 12:48:00,2025-01-21 12:51:00,F,20~29,office,seoul,0,0,0,0,13,0,0,27,0,0,completed
49707,U9711,2025-10-30 08:47:00,2025-10-30 08:49:00,F,20~29,office,seoul,0,0,0,0,19,0,0,21,0,0,timeout
49708,U9712,2025-05-26 15:55:00,2025-05-26 16:00:00,M,20~29,office,seoul,0,0,0,0,25,0,0,14,0,0,completed
49709,U9713,2025-01-06 08:30:00,2025-01-06 08:33:00,M,40~49,office,seoul,0,0,0,0,14,0,0,64,0,0,completed
49710,U9714,2025-04-13 09:16:00,2025-04-13 09:20:00,M,30~39,office,seoul,1,0,0,0,12,0,0,51,0,0,completed
49711,U9715,2025-09-28 08:32:00,2025-09-28 08:34:00,F,50+,office,seoul,1,0,0,0,5,0,0,54,0,0,completed
49712,U9716,2025-10-06 14:29:00,2025-10-06 14:35:00,F,30~39,office,seoul,0,0,0,0,16,0,0,37,0,0,completed
49713,U9717,2025-09-02 17:50:00,2025-09-02 17:56:00,M,20~29,office,seoul,0,0,0,0,10,0,0,29,0,0,abandoned
49714,U9718,2025-04-19 20:00:00,2025-04-19 20:06:00,F,40~49,office,seoul,1,0,0,0,11,0,0,47,0,0,completed
49715,U9719,2025-08-25 17:28:00,2025-08-25 17:30:00,F,30~39,office,seoul,0,0,0,0,19,0,0,22,0,0,completed
49716,U9720,2025-12-27 14:59:00,2025-12-27 15:01:00,M,30~39,office,seoul,1,0,0,0,21,0,0,27,0,0,completed
49717,U9721,2025-06-30 16:39:00,2025-06-30 16:42:00,M,20~29,office,seoul,0,0,0,0,3,0,0,13,0,0,completed
49718,U9722,2025-11-29 13:26:00,2025-11-29 13:32:00,F,30~39,office,seoul,1,0,0,0,20,0,0,28,0,0,completed
49719,U9723,2025-08-30 19:12:00,2025-08-30 19:17:00,M,30~39,office,seoul,1,0,0,0,11,0,0,68,0,0,timeout
49720,U9724,2025-09-15 15:05:00,2025-09-15 15:12:00,F,40~49,office,seoul,0,0,0,0,7,0,0,50,0,0,completed
49721,U9725,2025-07-13 15:11:00,2025-07-13 15:13:00,M,50+,office,seoul,1,0,0,0,4,0,0,42,0,1,completed
49722,U9726,2025-02-13 16:04:00,2025-02-13 16:08:00,M,20~29,office,seoul,0,0,0,0,24,0,0,69,0,0,completed
49723,U9727,2025-10-30 20:08:00,2025-10-30 20:10:00,F,30~39,office,seoul,0,0,0,0,12,0,0,77,0,0,error
49724,U9728,2025-12-09 09:24:00,2025-12-09 09:26:00,F,20~29,office,seoul,0,0,0,0,3,0,0,73,0,0,completed
49725,U9729,2025-08-23 12:08:00,2025-08-23 12:12:00,M,30~39,office,seoul,1,0,0,0,13,0,0,34,0,0,completed
49726,U9730,2025-07-02 12:07:00,2025-07-02 12:13:00,M,30~39,office,seoul,0,0,0,0,15,0,0,43,0,0,completed
49727,U9731,2025-09-19 15:57:00,2025-09-19 16:03:00,M,50+,office,seoul,0,0,0,0,14,0,0,42,1,0,completed
49728,U9732,2025-02-26 08:46:00,2025-02-26 08:52:00,M,20~29,office,seoul,0,0,0,0,8,0,0,44,0,0,completed
49729,U9733,2025-10-16 16:04:00,2025-10-16 16:11:00,M,40~49,office,seoul,0,0,0,0,23,0,0,44,0,0,completed
49730,U9734,2025-05-22 21:33:00,2025-05-22 21:40:00,F,20~29,office,seoul,0,0,0,0,9,0,0,50,0,0,completed
49731,U9735,2025-07-05 15:10:00,2025-07-05 15:15:00,F,30~39,office,seoul,1,0,0,0,10,0,0,12,0,0,completed
49732,U9736,2025-10-01 08:21:00,2025-10-01 08:23:00,M,20~29,office,seoul,0,0,0,0,10,0,0,17,0,0,completed
49733,U9737,2025-08-01 08:26:00,2025-08-01 08:33:00,M,20~29,office,seoul,0,0,0,0,24,0,0,57,0,0,completed
49734,U9738,2025-09-29 07:47:00,2025-09-29 07:51:00,M,30~39,office,seoul,0,0,0,0,26,0,0,13,0,0,completed
49735,U9739,2025-06-09 14:57:00,2025-06-09 15:04:00,F,20~29,office,seoul,0,0,0,0,15,0,0,36,0,0,completed
49736,U9740,2025-07-24 19:42:00,2025-07-24 19:45:00,M,20~29,office,seoul,0,0,0,0,18,0,0,46,0,0,completed
49737,U9741,2025-03-15 15:40:00,2025-03-15 15:45:00,F,50+,office,seoul,1,0,0,0,3,0,0,60,0,0,completed
49738,U9742,2025-06-22 14:24:00,2025-06-22 14:27:00,F,40~49,office,seoul,1,0,0,0,4,0,0,46,0,0,timeout
49739,U9743,2025-04-13 17:51:00,2025-04-13 17:54:00,M,40~49,office,seoul,1,0,0,0,16,0,0,66,0,0,completed
49740,U9744,2025-01-28 09:57:00,2025-01-28 10:01:00,M,30~39,office,seoul,0,0,0,0,0,0,0,10,0,0,completed
49741,U9745,2025-07-06 16:40:00,2025-07-06 16:42:00,F,30~39,office,seoul,1,0,0,0,6,0,0,23,0,0,timeout
49742,U9746,2025-08-07 07:44:00,2025-08-07 07:50:00,F,20~29,office,seoul,0,0,0,0,20,0,0,73,0,0,completed
49743,U9747,2025-08-31 17:39:00,2025-08-31 17:42:00,M,30~39,office,seoul,1,0,0,0,13,0,0,46,0,0,completed
49744,U9748,2025-06-15 15:27:00,2025-06-15 15:32:00,F,50+,office,seoul,1,0,0,0,28,0,0,66,0,1,completed
49745,U9749,2025-04-26 21:20:00,2025-04-26 21:24:00,M,50+,office,seoul,1,0,0,0,24,0,0,43,0,0,completed
49746,U9750,2025-08-26 18:48:00,2025-08-26 18:54:00,F,20~29,office,seoul,0,0,0,0,0,0,0,46,0,0,completed
49747,U9751,2025-10-14 08:31:00,2025-10-14 08:36:00,M,50+,office,seoul,0,0,0,0,28,0,0,76,0,0,completed
49748,U9752,2025-02-25 20:41:00,2025-02-25 20:47:00,M,40~49,office,seoul,0,0,0,0,19,0,0,10,0,0,abandoned
49749,U9753,2025-08-04 14:46:00,2025-08-04 14:52:00,M,20~29,office,seoul,0,0,0,0,14,0,0,40,0,0,timeout
49750,U9754,2025-01-24 12:43:00,2025-01-24 12:48:00,F,20~29,office,seoul,0,0,0,0,10,0,0,57,0,0,completed
49751,U9755,2025-12-31 14:36:00,2025-12-31 14:43:00,M,50+,office,seoul,0,0,0,0,26,0,0,53,1,0,completed
49752,U9756,2025-08-30 18:09:00,2025-08-30 18:11:00,F,40~49,office,seoul,1,0,0,0,0,0,0,74,0,0,completed
49753,U9757,2025-02-11 19:26:00,2025-02-11 19:32:00,F,20~29,office,seoul,0,0,0,0,5,0,0,21,0,0,completed
49754,U9758,2025-07-08 15:36:00,2025-07-08 15:38:00,M,30~39,office,seoul,0,0,0,0,7,0,0,67,0,0,completed
49755,U9759,2025-11-17 16:53:00,2025-11-17 16:59:00,M,40~49,office,seoul,0,0,0,0,29,0,0,74,0,0,abandoned
49756,U9760,2025-01-08 16:54:00,2025-01-08 16:57:00,M,20~29,office,seoul,0,0,0,0,21,0,0,65,0,0,completed
49757,U9761,2025-03-07 14:47:00,2025-03-07 14:49:00,M,20~29,office,seoul,0,0,0,0,17,0,0,69,0,0,completed
49758,U9762,2025-09-09 15:26:00,2025-09-09 15:33:00,M,20~29,office,seoul,0,0,0,0,24,0,0,13,0,0,completed
49759,U9763,2025-04-06 15:15:00,2025-04-06 15:19:00,F,30~39,office,seoul,1,0,0,0,13,0,0,44,0,0,completed
49760,U9764,2025-10-20 08:01:00,2025-10-20 08:06:00,F,50+,office,seoul,0,0,0,0,21,0,0,11,0,1,completed
49761,U9765,2025-04-06 20:56:00,2025-04-06 20:59:00,F,30~39,office,seoul,1,0,0,0,0,0,0,44,0,0,completed
49762,U9766,2025-04-11 08:44:00,2025-04-11 08:51:00,F,30~39,office,seoul,0,0,0,0,29,0,0,74,0,0,completed
49763,U9767,2025-12-26 21:24:00,2025-12-26 21:26:00,F,50+,office,seoul,0,0,0,0,2,0,0,57,0,0,completed
49764,U9768,2025-10-25 09:04:00,2025-10-25 09:07:00,F,20~29,office,seoul,1,0,0,0,22,0,0,20,0,0,error
49765,U9769,2025-12-18 09:38:00,2025-12-18 09:42:00,M,20~29,office,seoul,0,0,0,0,18,0,0,26,0,0,completed
49766,U9770,2025-02-02 09:28:00,2025-02-02 09:31:00,M,30~39,office,seoul,1,0,0,0,8,0,0,38,1,0,completed
49767,U9771,2025-08-05 18:36:00,2025-08-05 18:38:00,F,50+,office,seoul,0,0,0,0,28,0,0,34,0,0,completed
49768,U9772,2025-09-21 11:08:00,2025-09-21 11:11:00,F,20~29,office,seoul,1,0,0,0,13,0,0,71,0,0,completed
49769,U9773,2025-08-27 11:40:00,2025-08-27 11:42:00,F,40~49,office,seoul,0,0,0,0,10,0,0,51,0,0,completed
49770,U9774,2025-09-17 14:15:00,2025-09-17 14:18:00,F,50+,office,seoul,0,0,0,0,11,0,0,49,0,0,completed
49771,U9775,2025-11-10 09:49:00,2025-11-10 09:54:00,M,30~39,office,seoul,0,0,0,0,14,0,0,71,0,0,completed
49772,U9776,2025-08-29 12:48:00,2025-08-29 12:53:00,F,20~29,office,seoul,0,0,0,0,26,0,0,26,0,0,completed
49773,U9777,2025-06-18 08:27:00,2025-06-18 08:31:00,F,30~39,office,seoul,0,0,0,0,4,0,0,70,0,0,completed
49774,U9778,2025-12-19 15:09:00,2025-12-19 15:12:00,F,30~39,office,seoul,0,0,0,0,27,0,0,20,0,0,completed
49775,U9779,2025-07-17 09:24:00,2025-07-17 09:27:00,F,40~49,office,seoul,0,0,0,0,8,0,0,42,0,0,completed
49776,U9780,2025-04-17 13:53:00,2025-04-17 13:58:00,F,20~29,office,seoul,0,0,0,0,27,0,0,35,0,0,completed
49777,U9781,2025-02-11 18:45:00,2025-02-11 18:52:00,M,20~29,office,seoul,0,0,0,0,3,0,0,18,0,0,completed
49778,U9782,2025-01-24 19:25:00,2025-01-24 19:30:00,F,20~29,office,seoul,0,0,0,0,15,0,0,15,0,0,completed
49779,U9783,2025-02-28 15:25:00,2025-02-28 15:31:00,F,30~39,office,seoul,0,0,0,0,17,0,0,78,0,0,completed
49780,U9784,2025-04-29 22:52:00,2025-04-29 22:59:00,F,50+,office,seoul,0,0,0,0,3,0,0,52,0,0,completed
49781,U9785,2025-02-06 16:48:00,2025-02-06 16:55:00,F,50+,office,seoul,0,0,0,0,7,0,0,14,0,1,completed
49782,U9786,2025-02-16 09:14:00,2025-02-16 09:21:00,F,30~39,office,seoul,1,0,0,0,13,0,0,76,0,0,completed
49783,U9787,2025-06-30 19:13:00,2025-06-30 19:16:00,F,50+,office,seoul,0,0,0,0,13,0,0,25,0,0,completed
49784,U9788,2025-02-20 21:05:00,2025-02-20 21:11:00,M,20~29,office,seoul,0,0,0,0,17,0,0,53,0,0,completed
49785,U9789,2025-10-18 12:25:00,2025-10-18 12:30:00,F,40~49,office,seoul,1,0,0,0,19,0,0,24,0,0,completed
49786,U9790,2025-01-02 11:01:00,2025-01-02 11:05:00,M,30~39,office,seoul,0,0,0,0,21,0,0,34,0,0,completed
49787,U9791,2025-08-02 07:44:00,2025-08-02 07:51:00,M,40~49,office,seoul,1,0,0,0,23,0,0,13,0,0,completed
49788,U9792,2025-04-03 08:56:00,2025-04-03 09:00:00,F,50+,office,seoul,0,0,0,0,6,0,0,16,1,0,completed
49789,U9793,2025-09-14 21:34:00,2025-09-14 21:39:00,M,20~29,office,seoul,1,0,0,0,20,0,0,27,0,0,completed
49790,U9794,2025-11-01 15:14:00,2025-11-01 15:18:00,M,30~39,office,seoul,1,0,0,0,25,0,0,44,0,0,completed
49791,U9795,2025-05-12 14:25:00,2025-05-12 14:31:00,M,30~39,office,seoul,0,0,0,0,11,0,0,59,0,0,completed
49792,U9796,2025-10-21 15:27:00,2025-10-21 15:29:00,M,30~39,office,seoul,0,0,0,0,21,0,0,23,0,0,completed
49793,U9797,2025-10-08 18:18:00,2025-10-08 18:22:00,M,20~29,office,seoul,0,0,0,0,17,0,0,35,0,0,completed
49794,U9798,2025-04-23 21:47:00,2025-04-23 21:49:00,F,20~29,office,seoul,0,0,0,0,5,0,0,17,0,0,completed
49795,U9799,2025-08-21 13:06:00,2025-08-21 13:11:00,F,20~29,office,seoul,0,0,0,0,0,0,0,62,0,0,completed
49796,U9800,2025-02-18 21:31:00,2025-02-18 21:35:00,M,50+,office,seoul,0,0,0,0,28,0,0,72,0,0,completed
49797,U9801,2025-11-11 09:06:00,2025-11-11 09:13:00,F,20~29,office,seoul,0,0,0,0,26,0,0,17,0,0,abandoned
49798,U9802,2025-12-01 09:15:00,2025-12-01 09:22:00,F,30~39,office,seoul,0,0,0,0,20,0,0,56,0,0,completed
49799,U9803,2025-05-03 08:28:00,2025-05-03 08:30:00,M,30~39,office,seoul,1,0,0,0,26,0,0,27,0,0,completed
49800,U9804,2025-07-05 18:46:00,2025-07-05 18:51:00,M,40~49,office,seoul,1,0,0,0,29,0,0,31,0,0,completed
49801,U9805,2025-05-13 11:05:00,2025-05-13 11:08:00,F,20~29,office,seoul,0,0,0,0,24,0,0,27,0,0,completed
49802,U9806,2025-01-16 22:45:00,2025-01-16 22:52:00,F,20~29,office,seoul,0,0,0,0,16,0,0,78,0,0,completed
49803,U9807,2025-08-28 09:13:00,2025-08-28 09:15:00,F,40~49,office,seoul,0,0,0,0,0,0,0,36,0,0,completed
49804,U9808,2025-07-07 09:57:00,2025-07-07 10:01:00,F,20~29,office,seoul,0,0,0,0,9,0,0,62,0,0,completed
49805,U9809,2025-02-25 18:46:00,2025-02-25 18:49:00,F,30~39,office,seoul,0,0,0,0,17,0,0,62,0,0,completed
49806,U9810,2025-10-22 18:01:00,2025-10-22 18:03:00,F,40~49,office,seoul,0,0,0,0,4,0,0,11,0,0,completed
49807,U9811,2025-11-25 15:31:00,2025-11-25 15:37:00,M,20~29,office,seoul,0,0,0,0,28,0,0,46,0,0,abandoned
49808,U9812,2025-06-19 16:49:00,2025-06-19 16:53:00,M,30~39,office,seoul,0,0,0,0,13,0,0,79,0,0,completed
49809,U9813,2025-09-18 12:29:00,2025-09-18 12:35:00,F,30~39,office,seoul,0,0,0,0,18,0,0,66,0,0,completed
49810,U9814,2025-12-02 09:15:00,2025-12-02 09:19:00,F,30~39,office,seoul,0,0,0,0,10,0,0,47,0,0,completed
49811,U9815,2025-08-20 20:28:00,2025-08-20 20:35:00,M,40~49,office,seoul,0,0,0,0,22,0,0,32,0,0,completed
49812,U9816,2025-09-27 11:42:00,2025-09-27 11:44:00,F,30~39,office,seoul,1,0,0,0,14,0,0,18,0,0,completed
49813,U9817,2025-08-09 15:32:00,2025-08-09 15:39:00,M,50+,office,seoul,1,0,0,0,15,0,0,47,0,0,completed
49814,U9818,2025-11-12 14:15:00,2025-11-12 14:20:00,M,30~39,office,seoul,0,0,0,0,17,0,0,28,0,0,completed
49815,U9819,2025-01-07 08:09:00,2025-01-07 08:13:00,F,50+,office,seoul,0,0,0,0,4,0,0,25,0,0,completed
49816,U9820,2025-07-17 12:49:00,2025-07-17 12:54:00,M,20~29,office,seoul,0,0,0,0,5,0,0,26,0,0,completed
49817,U9821,2025-08-25 19:43:00,2025-08-25 19:46:00,M,30~39,office,seoul,0,0,0,0,26,0,0,35,0,0,completed
49818,U9822,2025-12-05 17:15:00,2025-12-05 17:22:00,F,20~29,office,seoul,0,0,0,0,11,0,0,17,1,0,completed
49819,U9823,2025-03-09 12:38:00,2025-03-09 12:42:00,M,30~39,office,seoul,1,0,0,0,19,0,0,47,0,0,completed
49820,U9824,2025-11-17 20:11:00,2025-11-17 20:18:00,M,30~39,office,seoul,0,0,0,0,14,0,0,38,0,0,completed
49821,U9825,2025-07-03 14:05:00,2025-07-03 14:07:00,M,40~49,office,seoul,0,0,0,0,21,0,0,21,0,0,completed
49822,U9826,2025-05-27 15:30:00,2025-05-27 15:32:00,F,40~49,office,seoul,0,0,0,0,10,0,0,43,0,0,completed
49823,U9827,2025-07-26 11:22:00,2025-07-26 11:26:00,M,20~29,office,seoul,1,0,0,0,28,0,0,16,0,0,completed
49824,U9828,2025-01-06 12:23:00,2025-01-06 12:25:00,M,20~29,office,seoul,0,0,0,0,24,0,0,33,0,0,abandoned
49825,U9829,2025-02-20 18:51:00,2025-02-20 18:57:00,F,30~39,office,seoul,0,0,0,0,1,0,0,26,0,0,completed
49826,U9830,2025-06-01 08:23:00,2025-06-01 08:28:00,F,20~29,office,seoul,1,0,0,0,24,0,0,17,1,0,timeout
49827,U9831,2025-01-22 13:36:00,2025-01-22 13:39:00,F,30~39,office,seoul,0,0,0,0,14,0,0,23,0,0,completed
49828,U9832,2025-03-02 08:19:00,2025-03-02 08:22:00,M,20~29,office,seoul,1,0,0,0,16,0,0,17,0,0,completed
49829,U9833,2025-08-24 16:41:00,2025-08-24 16:45:00,M,50+,office,seoul,1,0,0,0,27,0,0,13,0,0,completed
49830,U9834,2025-09-01 13:01:00,2025-09-01 13:08:00,M,20~29,office,seoul,0,0,0,0,17,0,0,32,0,0,completed
49831,U9835,2025-06-14 20:52:00,2025-06-14 20:57:00,F,30~39,office,seoul,1,0,0,0,20,0,0,77,0,0,completed
49832,U9836,2025-11-15 07:40:00,2025-11-15 07:46:00,F,30~39,office,seoul,1,0,0,0,12,0,0,66,0,0,completed
49833,U9837,2025-06-15 12:07:00,2025-06-15 12:09:00,F,20~29,office,seoul,1,0,0,0,1,0,0,10,0,0,completed
49834,U9838,2025-05-12 15:34:00,2025-05-12 15:38:00,F,30~39,office,seoul,0,0,0,0,26,0,0,49,0,0,completed
49835,U9839,2025-03-15 12:53:00,2025-03-15 12:56:00,F,30~39,office,seoul,1,0,0,0,19,0,0,20,0,0,completed
49836,U9840,2025-11-25 15:03:00,2025-11-25 15:06:00,F,50+,office,seoul,0,0,0,0,20,0,0,18,0,0,abandoned
49837,U9841,2025-02-15 09:06:00,2025-02-15 09:11:00,F,40~49,office,seoul,1,0,0,0,28,0,0,47,0,0,completed
49838,U9842,2025-09-21 15:38:00,2025-09-21 15:40:00,F,20~29,office,seoul,1,0,0,0,9,0,0,42,0,0,abandoned
49839,U9843,2025-06-22 12:47:00,2025-06-22 12:50:00,F,50+,office,seoul,1,0,0,0,2,0,0,60,0,0,completed
49840,U9844,2025-11-03 12:53:00,2025-11-03 12:59:00,F,20~29,office,seoul,0,0,0,0,14,0,0,40,0,0,completed
49841,U9845,2025-04-28 16:21:00,2025-04-28 16:26:00,M,30~39,office,seoul,0,0,0,0,0,0,0,15,0,0,completed
49842,U9846,2025-05-21 16:24:00,2025-05-21 16:30:00,F,20~29,office,seoul,0,0,0,0,9,0,0,29,0,0,timeout
49843,U9847,2025-09-05 07:20:00,2025-09-05 07:23:00,F,30~39,office,seoul,0,0,0,0,25,0,0,23,0,0,completed
49844,U9848,2025-12-24 18:33:00,2025-12-24 18:38:00,M,20~29,office,seoul,0,0,0,0,10,0,0,36,0,0,completed
49845,U9849,2025-04-08 09:12:00,2025-04-08 09:17:00,F,20~29,office,seoul,0,0,0,0,20,0,0,16,0,0,completed
49846,U9850,2025-05-05 08:38:00,2025-05-05 08:40:00,M,40~49,office,seoul,0,0,0,0,17,0,0,22,0,0,completed
49847,U9851,2025-10-16 15:27:00,2025-10-16 15:34:00,F,20~29,office,seoul,0,0,0,0,25,0,0,42,0,0,completed
49848,U9852,2025-03-08 11:06:00,2025-03-08 11:09:00,M,20~29,office,seoul,1,0,0,0,17,0,0,33,0,0,completed
49849,U9853,2025-07-13 09:22:00,2025-07-13 09:25:00,F,20~29,office,seoul,1,0,0,0,14,0,0,18,0,0,completed
49850,U9854,2025-06-03 08:07:00,2025-06-03 08:11:00,F,20~29,office,seoul,0,0,0,0,17,0,0,79,0,0,completed
49851,U9855,2025-02-23 13:04:00,2025-02-23 13:10:00,M,50+,office,seoul,1,0,0,0,12,0,0,23,0,0,completed
49852,U9856,2025-03-29 13:27:00,2025-03-29 13:30:00,F,20~29,office,seoul,1,0,0,0,6,0,0,65,0,0,completed
49853,U9857,2025-12-31 16:50:00,2025-12-31 16:54:00,F,40~49,office,seoul,0,0,0,0,2,0,0,76,0,0,abandoned
49854,U9858,2025-08-30 13:25:00,2025-08-30 13:28:00,F,20~29,office,seoul,1,0,0,0,5,0,0,43,0,0,completed
49855,U9859,2025-09-04 08:50:00,2025-09-04 08:53:00,M,40~49,office,seoul,0,0,0,0,24,0,0,79,0,0,completed
49856,U9860,2025-07-11 20:12:00,2025-07-11 20:16:00,F,30~39,office,seoul,0,0,0,0,28,0,0,63,0,0,completed
49857,U9861,2025-07-08 16:48:00,2025-07-08 16:51:00,F,20~29,office,seoul,0,0,0,0,0,0,0,20,0,0,completed
49858,U9862,2025-02-12 16:09:00,2025-02-12 16:16:00,M,20~29,office,seoul,0,0,0,0,4,0,0,52,0,0,completed
49859,U9863,2025-08-11 22:26:00,2025-08-11 22:28:00,M,30~39,office,seoul,0,0,0,0,16,0,0,30,0,0,completed
49860,U9864,2025-10-15 08:48:00,2025-10-15 08:50:00,M,50+,office,seoul,0,0,0,0,9,0,0,38,0,0,completed
49861,U9865,2025-11-12 13:23:00,2025-11-12 13:27:00,F,30~39,office,seoul,0,0,0,0,2,0,0,75,0,0,completed
49862,U9866,2025-08-20 12:41:00,2025-08-20 12:48:00,M,20~29,office,seoul,0,0,0,0,19,0,0,23,0,0,completed
49863,U9867,2025-01-02 11:56:00,2025-01-02 11:59:00,M,40~49,office,seoul,0,0,0,0,18,0,0,31,0,0,completed
49864,U9868,2025-01-14 15:25:00,2025-01-14 15:31:00,M,20~29,office,seoul,0,0,0,0,26,0,0,74,0,0,completed
49865,U9869,2025-08-30 17:06:00,2025-08-30 17:13:00,M,50+,office,seoul,1,0,0,0,21,0,0,33,1,0,completed
49866,U9870,2025-05-22 16:04:00,2025-05-22 16:10:00,M,20~29,office,seoul,0,0,0,0,28,0,0,14,0,0,completed
49867,U9871,2025-01-07 14:38:00,2025-01-07 14:41:00,F,30~39,office,seoul,0,0,0,0,15,0,0,45,0,0,completed
49868,U9872,2025-02-21 13:02:00,2025-02-21 13:08:00,F,30~39,office,seoul,0,0,0,0,11,0,0,16,0,0,completed
49869,U9873,2025-02-13 11:21:00,2025-02-13 11:26:00,M,20~29,office,seoul,0,0,0,0,1,0,0,31,0,0,completed
49870,U9874,2025-11-20 13:20:00,2025-11-20 13:25:00,F,30~39,office,seoul,0,0,0,0,1,0,0,66,0,0,abandoned
49871,U9875,2025-04-18 11:49:00,2025-04-18 11:54:00,M,20~29,office,seoul,0,0,0,0,23,0,0,36,0,0,completed
49872,U9876,2025-06-14 12:50:00,2025-06-14 12:57:00,M,50+,office,seoul,1,0,0,0,13,0,0,45,0,0,completed
49873,U9877,2025-08-04 09:32:00,2025-08-04 09:37:00,M,20~29,office,seoul,0,0,0,0,11,0,0,12,0,0,completed
49874,U9878,2025-07-04 19:07:00,2025-07-04 19:09:00,F,20~29,office,seoul,0,0,0,0,17,0,0,19,0,0,timeout
49875,U9879,2025-03-22 12:20:00,2025-03-22 12:26:00,F,30~39,office,seoul,1,0,0,0,18,0,0,50,0,0,completed
49876,U9880,2025-06-24 15:37:00,2025-06-24 15:39:00,F,40~49,office,seoul,0,0,0,0,17,0,0,59,0,0,completed
49877,U9881,2025-04-19 13:37:00,2025-04-19 13:40:00,F,50+,office,seoul,1,0,0,0,1,0,0,68,0,0,completed
49878,U9882,2025-05-18 18:13:00,2025-05-18 18:19:00,F,40~49,office,seoul,1,0,0,0,15,0,0,65,0,0,completed
49879,U9883,2025-05-28 12:58:00,2025-05-28 13:00:00,F,20~29,office,seoul,0,0,0,0,2,0,0,57,0,0,completed
49880,U9884,2025-02-07 17:12:00,2025-02-07 17:17:00,M,20~29,office,seoul,0,0,0,0,8,0,0,35,0,0,completed
49881,U9885,2025-01-20 18:15:00,2025-01-20 18:22:00,M,20~29,office,seoul,0,0,0,0,1,0,0,66,0,0,completed
49882,U9886,2025-08-14 09:43:00,2025-08-14 09:45:00,M,30~39,office,seoul,0,0,0,0,7,0,0,62,0,0,timeout
49883,U9887,2025-11-07 15:38:00,2025-11-07 15:42:00,M,30~39,office,seoul,0,0,0,0,18,0,0,68,0,0,completed
49884,U9888,2025-03-02 13:06:00,2025-03-02 13:11:00,F,20~29,office,seoul,1,0,0,0,19,0,0,53,0,0,completed
49885,U9889,2025-06-09 18:25:00,2025-06-09 18:31:00,F,30~39,office,seoul,0,0,0,0,23,0,0,61,0,0,completed
49886,U9890,2025-06-17 13:19:00,2025-06-17 13:24:00,F,50+,office,seoul,0,0,0,0,10,0,0,64,0,0,abandoned
49887,U9891,2025-04-09 09:18:00,2025-04-09 09:21:00,F,50+,office,seoul,0,0,0,0,18,0,0,64,0,0,completed
49888,U9892,2025-04-19 17:48:00,2025-04-19 17:51:00,F,30~39,office,seoul,1,0,0,0,26,0,0,14,0,0,completed
49889,U9893,2025-03-20 22:37:00,2025-03-20 22:39:00,F,30~39,office,seoul,0,0,0,0,24,0,0,74,0,0,completed
49890,U9894,2025-10-19 16:17:00,2025-10-19 16:20:00,F,20~29,office,seoul,1,0,0,0,4,0,0,76,0,0,completed
49891,U9895,2025-11-30 16:01:00,2025-11-30 16:06:00,F,30~39,office,seoul,1,0,0,0,15,0,0,59,0,0,completed
49892,U9896,2025-06-01 08:41:00,2025-06-01 08:48:00,M,40~49,office,seoul,1,0,0,0,17,0,0,14,0,0,completed
49893,U9897,2025-07-04 13:20:00,2025-07-04 13:24:00,F,40~49,office,seoul,0,0,0,0,23,0,0,21,0,0,completed
49894,U9898,2025-10-14 17:04:00,2025-10-14 17:11:00,F,40~49,office,seoul,0,0,0,0,20,0,0,78,0,0,completed
49895,U9899,2025-08-03 16:19:00,2025-08-03 16:21:00,F,20~29,office,seoul,1,0,0,0,8,0,0,43,0,0,completed
49896,U9900,2025-06-11 12:11:00,2025-06-11 12:13:00,F,30~39,office,seoul,0,0,0,0,5,0,0,74,0,0,completed
49897,U9901,2025-07-16 09:48:00,2025-07-16 09:52:00,M,20~29,office,seoul,0,0,0,0,27,0,0,24,0,0,completed
49898,U9902,2025-08-23 11:25:00,2025-08-23 11:29:00,F,30~39,office,seoul,1,0,0,0,12,0,0,72,0,0,completed
49899,U9903,2025-10-08 09:53:00,2025-10-08 09:57:00,F,40~49,office,seoul,0,0,0,0,21,0,0,22,0,0,completed
49900,U9904,2025-07-25 15:45:00,2025-07-25 15:48:00,F,30~39,office,seoul,0,0,0,0,29,0,0,16,0,0,completed
49901,U9905,2025-06-19 14:12:00,2025-06-19 14:15:00,M,30~39,office,seoul,0,0,0,0,14,0,0,39,0,0,completed
49902,U9906,2025-05-05 16:39:00,2025-05-05 16:42:00,M,20~29,office,seoul,0,0,0,0,6,0,0,16,0,0,completed
49903,U9907,2025-03-20 13:18:00,2025-03-20 13:23:00,M,50+,office,seoul,0,0,0,0,19,0,0,15,0,0,completed
49904,U9908,2025-12-04 19:03:00,2025-12-04 19:08:00,M,30~39,office,seoul,0,0,0,0,19,0,0,43,0,0,completed
49905,U9909,2025-10-08 07:14:00,2025-10-08 07:18:00,F,20~29,office,seoul,0,0,0,0,19,0,0,18,0,0,completed
49906,U9910,2025-05-04 16:08:00,2025-05-04 16:15:00,M,40~49,office,seoul,1,0,0,0,4,0,0,31,0,0,completed
49907,U9911,2025-01-12 13:45:00,2025-01-12 13:49:00,F,20~29,office,seoul,1,0,0,0,15,0,0,72,0,0,completed
49908,U9912,2025-11-09 16:12:00,2025-11-09 16:19:00,F,30~39,office,seoul,1,0,0,0,3,0,0,60,0,0,completed
49909,U9913,2025-01-17 16:55:00,2025-01-17 16:57:00,M,40~49,office,seoul,0,0,0,0,6,0,0,21,0,0,completed
49910,U9914,2025-01-09 19:02:00,2025-01-09 19:07:00,F,20~29,office,seoul,0,0,0,0,14,0,0,46,0,0,completed
49911,U9915,2025-04-20 11:34:00,2025-04-20 11:39:00,F,50+,office,seoul,1,0,0,0,11,0,0,65,0,0,completed
49912,U9916,2025-09-15 11:41:00,2025-09-15 11:46:00,M,30~39,office,seoul,0,0,0,0,25,0,0,76,0,0,completed
49913,U9917,2025-05-05 11:05:00,2025-05-05 11:12:00,F,30~39,office,seoul,0,0,0,0,18,0,0,44,0,0,completed
49914,U9918,2025-08-21 13:26:00,2025-08-21 13:29:00,M,20~29,office,seoul,0,0,0,0,10,0,0,77,0,0,completed
49915,U9919,2025-03-19 09:55:00,2025-03-19 10:01:00,M,30~39,office,seoul,0,0,0,0,9,0,0,58,0,0,completed
49916,U9920,2025-08-25 20:38:00,2025-08-25 20:44:00,M,20~29,office,seoul,0,0,0,0,20,0,0,63,0,0,completed
49917,U9921,2025-12-22 08:02:00,2025-12-22 08:04:00,F,40~49,office,seoul,0,0,0,0,13,0,0,38,0,0,completed
49918,U9922,2025-01-31 08:19:00,2025-01-31 08:24:00,F,30~39,office,seoul,0,0,0,0,26,0,0,40,0,0,abandoned
49919,U9923,2025-04-06 08:54:00,2025-04-06 08:56:00,F,20~29,office,seoul,1,0,0,0,13,0,0,64,0,0,completed
49920,U9924,2025-06-12 14:24:00,2025-06-12 14:26:00,F,20~29,office,seoul,0,0,0,0,13,0,0,53,0,0,timeout
49921,U9925,2025-08-05 16:09:00,2025-08-05 16:11:00,M,40~49,office,seoul,0,0,0,0,22,0,0,70,0,0,completed
49922,U9926,2025-12-04 08:30:00,2025-12-04 08:32:00,F,30~39,office,seoul,0,0,0,0,11,0,0,23,0,0,abandoned
49923,U9927,2025-08-11 13:25:00,2025-08-11 13:32:00,F,30~39,office,seoul,0,0,0,0,28,0,0,11,0,0,completed
49924,U9928,2025-09-23 13:28:00,2025-09-23 13:35:00,F,20~29,office,seoul,0,0,0,0,9,0,0,27,0,0,timeout
49925,U9929,2025-06-02 12:26:00,2025-06-02 12:33:00,F,40~49,office,seoul,0,0,0,0,5,0,0,58,0,0,completed
49926,U9930,2025-11-18 07:57:00,2025-11-18 08:02:00,F,30~39,office,seoul,0,0,0,0,19,0,0,62,0,0,completed
49927,U9931,2025-11-30 15:22:00,2025-11-30 15:24:00,F,30~39,office,seoul,1,0,0,0,0,0,0,58,0,0,completed
49928,U9932,2025-12-22 13:39:00,2025-12-22 13:46:00,F,20~29,office,seoul,0,0,0,0,4,0,0,51,0,0,completed
49929,U9933,2025-09-30 09:46:00,2025-09-30 09:50:00,M,30~39,office,seoul,0,0,0,0,19,0,0,30,0,0,completed
49930,U9934,2025-03-08 09:57:00,2025-03-08 10:00:00,M,30~39,office,seoul,1,0,0,0,28,0,0,35,0,0,completed
49931,U9935,2025-05-17 17:48:00,2025-05-17 17:50:00,M,40~49,office,seoul,1,0,0,0,5,0,0,75,0,0,completed
49932,U9936,2025-06-29 07:41:00,2025-06-29 07:45:00,F,30~39,office,seoul,1,0,0,0,0,0,0,39,0,0,abandoned
49933,U9937,2025-10-21 07:07:00,2025-10-21 07:12:00,F,20~29,office,seoul,0,0,0,0,4,0,0,37,0,0,completed
49934,U9938,2025-05-17 16:03:00,2025-05-17 16:05:00,M,30~39,office,seoul,1,0,0,0,20,0,0,20,0,0,completed
49935,U9939,2025-01-21 12:46:00,2025-01-21 12:50:00,M,30~39,office,seoul,0,0,0,0,16,0,0,12,0,0,completed
49936,U9940,2025-01-26 15:40:00,2025-01-26 15:46:00,F,40~49,office,seoul,1,0,0,0,20,0,0,70,0,0,completed
49937,U9941,2025-08-10 14:16:00,2025-08-10 14:19:00,F,30~39,office,seoul,1,0,0,0,14,0,0,33,0,0,completed
49938,U9942,2025-06-06 11:56:00,2025-06-06 12:00:00,F,30~39,office,seoul,0,0,0,0,11,0,0,38,0,0,completed
49939,U9943,2025-09-07 22:36:00,2025-09-07 22:40:00,F,20~29,office,seoul,1,0,0,0,2,0,0,13,0,0,completed
49940,U9944,2025-07-24 08:39:00,2025-07-24 08:42:00,M,20~29,office,seoul,0,0,0,0,2,0,0,51,0,0,completed
49941,U9945,2025-07-15 16:40:00,2025-07-15 16:43:00,F,30~39,office,seoul,0,0,0,0,15,0,0,60,0,0,completed
49942,U9946,2025-11-01 16:14:00,2025-11-01 16:19:00,M,30~39,office,seoul,1,0,0,0,11,0,0,15,0,0,completed
49943,U9947,2025-03-22 12:15:00,2025-03-22 12:20:00,F,20~29,office,seoul,1,0,0,0,4,0,0,76,0,0,completed
49944,U9948,2025-12-19 07:53:00,2025-12-19 07:55:00,F,20~29,office,seoul,0,0,0,0,5,0,0,11,0,0,completed
49945,U9949,2025-05-23 13:18:00,2025-05-23 13:22:00,F,40~49,office,seoul,0,0,0,0,9,0,0,69,0,0,completed
49946,U9950,2025-02-05 13:06:00,2025-02-05 13:11:00,M,40~49,office,seoul,0,0,0,0,26,0,0,12,0,0,completed
49947,U9951,2025-03-02 15:24:00,2025-03-02 15:31:00,M,20~29,office,seoul,1,0,0,0,21,0,0,30,0,0,completed
49948,U9952,2025-11-15 19:14:00,2025-11-15 19:19:00,F,20~29,office,seoul,1,0,0,0,22,0,0,68,0,0,completed
49949,U9953,2025-07-03 15:10:00,2025-07-03 15:12:00,M,30~39,office,seoul,0,0,0,0,26,0,0,66,0,0,completed
49950,U9954,2025-06-06 09:10:00,2025-06-06 09:13:00,M,30~39,office,seoul,0,0,0,0,5,0,0,42,0,0,completed
49951,U9955,2025-10-05 13:58:00,2025-10-05 14:03:00,M,20~29,office,seoul,1,0,0,0,9,0,0,53,0,0,completed
49952,U9956,2025-07-30 14:21:00,2025-07-30 14:23:00,M,20~29,office,seoul,0,0,0,0,13,0,0,37,0,0,completed
49953,U9957,2025-12-11 19:12:00,2025-12-11 19:19:00,M,50+,office,seoul,0,0,0,0,16,0,0,61,0,1,completed
49954,U9958,2025-12-19 13:21:00,2025-12-19 13:23:00,F,50+,office,seoul,0,0,0,0,22,0,0,67,0,0,completed
49955,U9959,2025-08-10 16:34:00,2025-08-10 16:36:00,M,40~49,office,seoul,1,0,0,0,6,0,0,19,0,0,completed
49956,U9960,2025-04-01 14:09:00,2025-04-01 14:13:00,F,30~39,office,seoul,0,0,0,0,26,0,0,37,0,0,completed
49957,U9961,2025-04-27 15:42:00,2025-04-27 15:44:00,M,30~39,office,seoul,1,0,0,0,15,0,0,57,0,0,error
49958,U9962,2025-06-28 11:16:00,2025-06-28 11:23:00,F,50+,office,seoul,1,0,0,0,16,0,0,74,0,0,completed
49959,U9963,2025-02-23 17:48:00,2025-02-23 17:50:00,M,20~29,office,seoul,1,0,0,0,5,0,0,24,0,0,completed
49960,U9964,2025-12-04 22:12:00,2025-12-04 22:15:00,M,40~49,office,seoul,0,0,0,0,17,0,0,18,0,0,completed
49961,U9965,2025-08-23 15:10:00,2025-08-23 15:13:00,M,50+,office,seoul,1,0,0,0,5,0,0,72,0,0,completed
49962,U9966,2025-03-05 16:21:00,2025-03-05 16:28:00,F,30~39,office,seoul,0,0,0,0,20,0,0,62,0,0,completed
49963,U9967,2025-07-19 15:11:00,2025-07-19 15:13:00,F,20~29,office,seoul,1,0,0,0,29,0,0,26,0,0,abandoned
49964,U9968,2025-07-16 15:28:00,2025-07-16 15:30:00,M,30~39,office,seoul,0,0,0,0,13,0,0,52,0,0,completed
49965,U9969,2025-04-03 11:45:00,2025-04-03 11:48:00,F,20~29,office,seoul,0,0,0,0,0,0,0,37,0,0,completed
49966,U9970,2025-07-15 08:55:00,2025-07-15 09:00:00,F,20~29,office,seoul,0,0,0,0,28,0,0,31,0,0,completed
49967,U9971,2025-12-23 18:28:00,2025-12-23 18:35:00,F,20~29,office,seoul,0,0,0,0,20,0,0,19,0,0,completed
49968,U9972,2025-10-03 21:01:00,2025-10-03 21:06:00,M,20~29,office,seoul,0,0,0,0,25,0,0,10,0,0,completed
49969,U9973,2025-02-16 12:55:00,2025-02-16 13:00:00,M,50+,office,seoul,1,0,0,0,16,0,0,10,0,0,completed
49970,U9974,2025-01-16 07:58:00,2025-01-16 08:00:00,M,50+,office,seoul,0,0,0,0,4,0,0,69,0,0,completed
49971,U9975,2025-03-03 12:09:00,2025-03-03 12:16:00,F,20~29,office,seoul,0,0,0,0,15,0,0,28,0,0,completed
49972,U9976,2025-06-30 14:18:00,2025-06-30 14:21:00,F,30~39,office,seoul,0,0,0,0,22,0,0,35,0,0,completed
49973,U9977,2025-03-24 12:22:00,2025-03-24 12:29:00,F,50+,office,seoul,0,0,0,0,1,0,0,62,0,0,timeout
49974,U9978,2025-02-22 13:17:00,2025-02-22 13:21:00,M,20~29,office,seoul,1,0,0,0,22,0,0,65,0,0,completed
49975,U9979,2025-01-05 14:43:00,2025-01-05 14:49:00,M,20~29,office,seoul,1,0,0,0,5,0,0,79,0,0,timeout
49976,U9980,2025-02-19 15:11:00,2025-02-19 15:17:00,F,20~29,office,seoul,0,0,0,0,25,0,0,71,0,0,completed
49977,U9981,2025-02-23 19:45:00,2025-02-23 19:47:00,F,40~49,office,seoul,1,0,0,0,3,0,0,56,0,1,completed
49978,U9982,2025-11-08 13:23:00,2025-11-08 13:26:00,M,20~29,office,seoul,1,0,0,0,19,0,0,25,0,0,completed
49979,U9983,2025-02-01 19:06:00,2025-02-01 19:09:00,M,50+,office,seoul,1,0,0,0,15,0,0,18,0,0,completed
49980,U9984,2025-05-27 08:24:00,2025-05-27 08:30:00,M,30~39,office,seoul,0,0,0,0,29,0,0,45,0,0,completed
49981,U9985,2025-12-27 14:27:00,2025-12-27 14:34:00,F,30~39,office,seoul,1,0,0,0,7,0,0,70,0,0,abandoned
49982,U9986,2025-10-11 12:32:00,2025-10-11 12:37:00,F,50+,office,seoul,1,0,0,0,14,0,0,36,0,0,completed
49983,U9987,2025-11-01 14:38:00,2025-11-01 14:43:00,M,30~39,office,seoul,1,0,0,0,21,0,0,71,0,0,completed
49984,U9988,2025-01-18 11:07:00,2025-01-18 11:12:00,F,20~29,office,seoul,1,0,0,0,14,0,0,59,0,0,completed
49985,U9989,2025-11-24 15:04:00,2025-11-24 15:09:00,F,50+,office,seoul,0,0,0,0,24,0,0,37,0,0,completed
49986,U9990,2025-04-13 14:58:00,2025-04-13 15:01:00,M,20~29,office,seoul,1,0,0,0,24,0,0,15,0,0,completed
49987,U9991,2025-02-13 08:50:00,2025-02-13 08:52:00,F,30~39,office,seoul,0,0,0,0,16,0,0,62,0,0,completed
49988,U9992,2025-11-18 14:19:00,2025-11-18 14:26:00,M,40~49,office,seoul,0,0,0,0,26,0,0,24,0,0,completed
49989,U9993,2025-01-15 13:16:00,2025-01-15 13:23:00,M,30~39,office,seoul,0,0,0,0,25,0,0,12,0,0,completed
49990,U9994,2025-05-20 12:06:00,2025-05-20 12:13:00,F,20~29,office,seoul,0,0,0,0,28,0,0,30,0,0,completed
49991,U9995,2025-02-06 09:06:00,2025-02-06 09:11:00,F,40~49,office,seoul,0,0,0,0,4,0,0,42,0,0,completed
49992,U9996,2025-08-07 15:54:00,2025-08-07 15:58:00,F,30~39,office,seoul,0,0,0,0,21,0,0,68,0,0,completed
49993,U9997,2025-08-31 16:23:00,2025-08-31 16:25:00,M,30~39,office,seoul,1,0,0,0,25,0,0,55,0,0,completed
49994,U9998,2025-12-29 07:12:00,2025-12-29 07:19:00,F,20~29,office,seoul,0,0,0,0,14,0,0,63,0,0,completed
49995,U0000,2025-02-19 08:29:00,2025-02-19 08:31:00,F,40~49,office,seoul,0,0,0,0,23,0,0,64,0,0,completed
49996,U0001,2025-07-07 16:14:00,2025-07-07 16:16:00,F,20~29,office,seoul,0,0,0,0,14,0,0,43,0,0,completed
49997,U0002,2025-02-24 08:49:00,2025-02-24 08:52:00,F,40~49,office,seoul,0,0,0,0,18,0,0,43,0,0,completed
49998,U0003,2025-02-23 08:27:00,2025-02-23 08:34:00,M,20~29,office,seoul,1,0,0,0,12,0,0,31,0,0,completed
49999,U0004,2025-06-24 19:53:00,2025-06-24 19:56:00,F,50+,office,seoul,0,0,0,0,2,0,0,75,1,1,completed
50000,U0005,2025-08-16 14:52:00,2025-08-16 14:56:00,M,30~39,office,seoul,1,0,0,0,3,0,0,78,0,0,completed
